1 0 0 0 0 1 0 0 0 0 1 0
0.99994576 -0.0022917255 0.010159552 0.0091555236 0.0022808905 0.99999682 0.0010779554 -0.0053485413 -0.010161991 -0.0010547241 0.99994781 0.29559055
0.99985813 -0.0038780134 0.016391477 0.017350196 0.0038567004 0.99999168 0.0013316726 -0.010638497 -0.016396506 -0.0012682666 0.99986476 0.58847864
0.99979713 -0.0066393605 0.019016119 0.028042052 0.0066483143 0.99997782 -0.00040764933 -0.014627975 -0.019012993 0.0005339918 0.99981909 0.89156932
0.99982036 -0.008196212 0.017090119 0.020221279 0.0082214398 0.99996521 -0.0014063965 -0.021337268 -0.017077999 0.0015466492 0.99985296 1.2023863
0.99989016 -0.010714358 0.010240239 0.030429366 0.010748223 0.99993693 -0.0032576584 -0.018833925 -0.01020469 0.0033673651 0.99994226 1.5163319
0.99993043 -0.011665758 -0.0017476226 0.022090316 0.011657829 0.99992201 -0.0044808607 -0.031216681 0.001799759 0.0044601756 0.99998843 1.8365675
0.99978471 -0.01112854 -0.017512514 -0.013446464 0.011044096 0.99992695 -0.0049112718 -0.038654354 0.017565891 0.0047168047 0.99983458 2.1593895
0.99930387 -0.0077857965 -0.036484985 -0.040718084 0.0075948267 0.99995674 -0.0053698918 -0.044396762 0.036525219 0.0050890566 0.99931977 2.5005918
0.99843531 -0.0033833359 -0.05581654 -0.081301267 0.0030451718 0.9999765 -0.0061424349 -0.050219423 0.055836015 0.0059628531 0.99842215 2.853006
0.99724183 -0.0030251976 -0.074159108 -0.14479731 0.0025408392 0.99997483 -0.0066248165 -0.05654116 0.074177289 0.0064181179 0.99722442 3.2363825
0.99524171 -0.0041204048 -0.097349683 -0.19018342 0.0035494328 0.99997547 -0.00603762 -0.060151919 0.097372182 0.0056633552 0.99523193 3.5912594
0.99324389 -0.0054133651 -0.11591924 -0.25766529 0.0048329965 0.99997434 -0.0052871488 -0.069243197 0.11594489 0.004691191 0.99324457 3.9984698
0.99099241 -0.0045602146 -0.13384037 -0.32489312 0.0039640817 0.999981 -0.0047201999 -0.077922878 0.13385936 0.0041471281 0.99099166 4.3742942
0.98875593 -0.0034603141 -0.14949831 -0.40174179 0.0028667951 0.99998713 -0.004185393 -0.08545558 0.14951088 0.003709751 0.98875312 4.8136207
0.98656203 -0.0025210821 -0.16336766 -0.47938485 0.0018848876 0.99999003 -0.0040491401 -0.089743098 0.16337625 0.0036867982 0.98655695 5.1957537
0.98443952 -0.0040425717 -0.17567722 -0.57255071 0.0032001168 0.99998198 -0.0050785053 -0.099019959 0.1756946 0.0044372936 0.98443472 5.6478451
0.98275656 -0.0068177564 -0.18477841 -0.65707764 0.0056379984 0.99996024 -0.0069093881 -0.11111296 0.18481818 0.005748466 0.98275592 6.0854601
0.98119419 -0.0063765525 -0.19291787 -0.75968977 0.0047647317 0.99994977 -0.0088177701 -0.11862353 0.19296443 0.0077327429 0.98117528 6.5457244
0.97958188 -0.0060230487 -0.20095536 -0.86305356 0.0040036244 0.99993734 -0.010454031 -0.12369214 0.20100575 0.0094360296 0.97954462 7.0126199
0.97781832 -0.006613157 -0.20935043 -0.97463532 0.0039636182 0.99990669 -0.013073017 -0.13274679 0.20941736 0.01195325 0.97775329 7.4604383
0.9760421 -0.010695774 -0.21731867 -1.0937726 0.0076139471 0.9998583 -0.015013556 -0.14728466 0.21744848 0.01299921 0.97598524 7.9805491
0.97432411 -0.016305054 -0.22455885 -1.1997401 0.01304619 0.99978706 -0.015988524 -0.16220943 0.22477175 0.012648367 0.97432935 8.5110753
0.97247097 -0.017070453 -0.23239794 -1.3359836 0.013125042 0.99974247 -0.018512792 -0.18609783 0.23265413 0.01495292 0.97244458 9.0163386
0.97029931 -0.01321991 -0.241546 -1.4995119 0.0080108672 0.99971396 -0.022534798 -0.18992491 0.24177484 0.019930507 0.97012768 9.5543619
0.96846657 -0.010387588 -0.24892688 -1.6495596 0.0040760559 0.99965734 -0.02585701 -0.20758193 0.24911019 0.02402701 0.96817706 10.109362
0.96593368 -0.013075949 -0.25845916 -1.814466 0.0060946016 0.99959509 -0.027794232 -0.22991774 0.25871797 0.025272179 0.96562225 10.664113
0.96344924 -0.01478059 -0.26748288 -1.9709964 0.0071848628 0.99954327 -0.029353613 -0.25889611 0.2677946 0.026358888 0.9631154 11.198297
0.96146069 -0.014752657 -0.27454633 -2.1478044 0.0061440555 0.9994629 -0.032189341 -0.28317354 0.27487377 0.029261958 0.96103494 11.785444
0.95895549 -0.014119236 -0.28320489 -2.3335619 0.004184078 0.99935538 -0.035655423 -0.30579062 0.28352578 0.033007013 0.95839641 12.377759
0.95679103 -0.015474168 -0.29036437 -2.5286605 0.0037217063 0.99915289 -0.040983557 -0.3357105 0.29075261 0.038132049 0.95603811 12.961541
0.95502774 -0.016309547 -0.29606758 -2.7172334 0.0021957211 0.99884776 -0.047941013 -0.37633891 0.29650836 0.045134916 0.95396312 13.578878
0.95369802 -0.016524841 -0.30031152 -2.9348538 -0.00038875878 0.99842095 -0.056173353 -0.41126382 0.3007656 0.053689165 0.95218566 14.209332
0.95234831 -0.016699343 -0.3045551 -3.1317497 -0.0031730628 0.99790366 -0.064639193 -0.45342768 0.30499611 0.0625254 0.95029888 14.808419
0.95095997 -0.016186873 -0.30889014 -3.3678092 -0.0069586421 0.99725746 -0.073682733 -0.50239184 0.30923571 0.072218787 0.94823928 15.449866
0.94970735 -0.014877628 -0.31278521 -3.5903893 -0.011005059 0.99666787 -0.080821076 -0.56192864 0.31294542 0.080198591 0.94637908 16.09868
0.94801287 -0.013831831 -0.31793123 -3.8149274 -0.014669665 0.99609348 -0.087078035 -0.62506028 0.3178937 0.087215044 0.94410653 16.75475
0.94644754 -0.012366111 -0.32262071 -4.07525 -0.018631254 0.99550903 -0.092815115 -0.69166363 0.32231962 0.093855468 0.94196668 17.430184
0.9450703 -0.01090614 -0.32668512 -4.3248662 -0.022486134 0.99490625 -0.098264537 -0.76811912 0.32609278 0.10021278 0.94001112 18.109246
0.94316337 -0.0077713177 -0.33223855 -4.5871421 -0.027589935 0.99444436 -0.1015835 -0.84399353 0.33118222 0.10497628 0.93770909 18.807635
0.94137891 -0.0072602097 -0.33727292 -4.8500339 -0.029215685 0.9942576 -0.10294792 -0.92169423 0.33608362 0.10676666 0.93576102 19.474587
0.93911186 -0.0061559159 -0.34355642 -5.1395853 -0.030861403 0.99428755 -0.10217552 -1.0113393 0.34222289 0.10655688 0.93355725 20.204194
0.93690303 -0.0069544833 -0.34952014 -5.4204367 -0.030151433 0.99446903 -0.10060932 -1.0952029 0.34828667 0.10479972 0.93151137 20.933118
0.93429035 -0.0063842861 -0.35645585 -5.6862747 -0.030878613 0.99463319 -0.098748864 -1.1799143 0.35517329 0.10326697 0.92907905 21.637304
0.93152041 -0.0060405672 -0.36363886 -5.9837662 -0.030814184 0.99495591 -0.09546322 -1.263982 0.36238132 0.10013117 0.9266356 22.350381
0.92776341 -0.0026686368 -0.37315938 -6.3132795 -0.033430888 0.9953592 -0.090235449 -1.3480244 0.37166846 0.096192199 0.92336863 23.188911
0.92454721 -0.0014515355 -0.38106474 -6.6335248 -0.033346386 0.99584843 -0.084699035 -1.4276783 0.37960569 0.09101539 0.92066049 23.886164
0.92078986 0.0013812511 -0.39005654 -6.9680827 -0.035641388 0.99610831 -0.080609723 -1.5008869 0.38842725 0.088126774 0.91725566 24.63781
0.91761346 0.0022272337 -0.39746769 -7.3005297 -0.036552176 0.99621981 -0.078803768 -1.5786904 0.3957897 0.086839709 0.91422612 25.386172
0.91332756 0.0037897371 -0.40720804 -7.6543259 -0.03888699 0.9961987 -0.077948426 -1.6545095 0.40536475 0.087027542 0.9100031 26.146541
0.91000745 0.0047722452 -0.41456441 -8.0184906 -0.04033131 0.99621015 -0.077063129 -1.7268919 0.41262554 0.086847948 0.90675113 26.888533
0.90577064 0.0046904692 -0.4237423 -8.4035839 -0.040407036 0.99633862 -0.075343452 -1.7988178 0.42183746 0.085366058 0.90264379 27.687477
0.90176003 0.005374179 -0.4322036 -8.7797429 -0.040887427 0.99649949 -0.072917666 -1.8759929 0.43029883 0.083425931 0.89882315 28.45555
0.89789908 0.0059130978 -0.44016163 -9.1822147 -0.040249727 0.99682403 -0.068715377 -1.9458273 0.43835741 0.07941586 0.89528539 29.225914
0.894502 0.0056461139 -0.44702827 -9.5918884 -0.037899008 0.99727849 -0.063239822 -2.0048975 0.44545466 0.073510076 0.89228159 30.038223
0.8902983 0.0049645235 -0.4553507 -10.008187 -0.03576011 0.99761483 -0.059041262 -2.073505 0.45397154 0.068847728 0.88835232 30.82104
0.88741823 0.0054407607 -0.46093303 -10.458026 -0.035732553 0.99773352 -0.057017583 -2.1432652 0.45957815 0.067068758 0.88560133 31.651593
0.88346029 0.0053961784 -0.46847495 -10.911393 -0.035784767 0.99778981 -0.055990542 -2.20073 0.46713744 0.066229688 0.88170078 32.465315
0.88135822 0.0060440152 -0.47240992 -11.325232 -0.035778949 0.99790057 -0.053984348 -2.2572924 0.47109189 0.06448188 0.87972412 33.278502
0.87767174 0.0037406274 -0.47924764 -11.818158 -0.032951932 0.99807414 -0.052556448 -2.3189888 0.47812812 0.061919446 0.87610473 34.13521
0.8755977 0.0040467413 -0.48302408 -12.28847 -0.033556721 0.99805864 -0.052467986 -2.3849122 0.48187408 0.062149553 0.87403365 34.991785
0.87455451 0.001993523 -0.48492311 -12.803238 -0.031667337 0.99809181 -0.053008591 -2.4413074 0.48389215 0.061715127 0.87294882 35.830702
0.87265431 0.0017793356 -0.48833521 -13.275198 -0.031961014 0.99805743 -0.053477682 -2.5017084 0.48729147 0.062275218 0.87101598 36.685253
0.87213778 0.003080067 -0.48925064 -13.757696 -0.032991158 0.99807441 -0.052526649 -2.5639046 0.4881468 0.061951421 0.87056002 37.54698
0.87224327 0.003182234 -0.48906189 -14.296799 -0.032259834 0.99817542 -0.05104056 -2.6267653 0.48800718 0.060296841 0.87075445 38.465234
0.8719316 0.0014988914 -0.48962539 -14.803874 -0.030003855 0.99827957 -0.050375236 -2.6863908 0.48870756 0.05861441 0.87047647 39.347696
0.87153399 0.0002793837 -0.490335 -15.325757 -0.029000864 0.99827861 -0.050978073 -2.7525204 0.48947674 0.058649263 0.87004184 40.243419
0.86967291 -0.0029990994 -0.49361931 -15.846213 -0.025941735 0.99832202 -0.05177044 -2.8161139 0.49294633 0.057828691 0.86813581 41.173963
0.86873647 -0.0029317675 -0.49526592 -16.360147 -0.024985234 0.99844981 -0.049736523 -2.8761066 0.49464402 0.055582267 0.86731651 42.071588
0.86655538 -0.0020172843 -0.49907683 -16.893934 -0.024223448 0.99864327 -0.04609612 -2.9440219 0.49849275 0.052034203 0.86533083 43.012441
0.86442064 -0.0025764603 -0.50276266 -17.441317 -0.021316166 0.99889989 -0.041768731 -3.007749 0.50231722 0.046822726 0.86341477 43.946574
0.86006956 -0.0053028114 -0.51014921 -17.97322 -0.017296698 0.99906804 -0.039545747 -3.0663369 0.50988352 0.042835991 0.85917629 44.817304
0.85562087 -0.0066959904 -0.51755972 -18.544013 -0.017480018 0.99897216 -0.041821986 -3.1318269 0.51730783 0.044830718 0.85462438 45.769958
0.8497719 -0.0091526565 -0.52707107 -19.117712 -0.017263436 0.99882978 -0.045177831 -3.1918347 0.52686783 0.04748991 0.84861948 46.611791
0.84370892 -0.0092421602 -0.53672136 -19.68564 -0.017707519 0.99882845 -0.045035142 -3.251701 0.53650884 0.047500555 0.84255682 47.543905
0.83803891 -0.0061667298 -0.5455756 -20.284158 -0.018578613 0.99903373 -0.039830173 -3.310421 0.5452941 0.043515273 0.83711457 48.434463
0.83281347 -0.0038232442 -0.55354049 -20.871857 -0.018302585 0.99923922 -0.034438264 -3.3697097 0.55325109 0.038811872 0.83210991 49.286893
0.8295154 -0.0027610838 -0.55847699 -21.494109 -0.021031124 0.99912406 -0.036177507 -3.4248426 0.55808773 0.041755198 0.82873072 50.200222
0.82626031 -0.0044781282 -0.56327064 -22.106082 -0.02227506 0.99892647 -0.040616918 -3.4792536 0.56284788 0.046107036 0.82527355 51.059582
0.82257189 -0.0069487929 -0.56861865 -22.70311 -0.02438863 0.99857422 -0.047483995 -3.5441524 0.56813792 0.05292683 0.82122961 51.907009
0.81968455 -0.0059870285 -0.57278387 -23.339983 -0.027143608 0.9984161 -0.049279914 -3.6105569 0.57217173 0.055941406 0.81822375 52.788319
0.81640552 -0.0059026516 -0.57744884 -23.963654 -0.02493739 0.99865462 -0.045465034 -3.6710585 0.57694037 0.051517972 0.81515995 53.630137
0.81308535 -0.0040281 -0.58213053 -24.596029 -0.023381664 0.99894318 -0.039570386 -3.7331984 0.58167477 0.045785282 0.81213188 54.497269
0.8107429 -0.0018596745 -0.58539941 -25.250787 -0.02420296 0.99903344 -0.03669333 -3.7993016 0.58490187 0.043917256 0.80991426 55.404687
0.80874418 -0.0015298561 -0.58815855 -25.866968 -0.025164544 0.99899091 -0.037200834 -3.8489615 0.58762201 0.0448867 0.80788959 56.249929
0.80548784 -0.0014614536 -0.59261048 -26.535257 -0.026816582 0.9988827 -0.038912997 -3.9090965 0.59200528 0.047235734 0.80454867 57.141673
0.80103519 -0.0041086226 -0.59860314 -27.173146 -0.02590523 0.99880174 -0.041521163 -3.9678947 0.5980565 0.048766865 0.7999689 57.970305
0.79845985 -0.0044500324 -0.60203158 -27.837943 -0.026266807 0.99876302 -0.042219575 -4.0300326 0.60147481 0.049524084 0.79735529 58.826146
0.79311726 -0.006772127 -0.60903129 -28.502315 -0.022892955 0.99890013 -0.040919859 -4.0840789 0.6086386 0.046396773 0.79208991 59.686782
0.78769771 -0.0060734395 -0.61603197 -29.162552 -0.023718394 0.99891107 -0.04017608 -4.1431935 0.61560521 0.046257896 0.78669591 60.502734
0.7834846 -0.0069992455 -0.62137176 -29.87399 -0.023578068 0.99888169 -0.040981054 -4.206627 0.62096376 0.04675877 0.78244339 61.33896
0.77769368 -0.009467878 -0.62857208 -30.547151 -0.02179167 0.99887963 -0.042007137 -4.2656885 0.62826562 0.046366321 0.77661606 62.18803
0.77205606 -0.0079844435 -0.63550425 -31.254241 -0.024800558 0.99878101 -0.042678126 -4.3295161 0.63507039 0.048710766 0.77091692 62.980463
0.76774674 -0.0095965746 -0.64068153 -31.955837 -0.023936335 0.99876037 -0.043643712 -4.3927335 0.64030621 0.048842886 0.76656531 63.870362
0.76233622 -0.011998966 -0.64706992 -32.657648 -0.022427524 0.99873778 -0.044942798 -4.4523679 0.64679249 0.048773699 0.76110488 64.678654
0.75558848 -0.012593378 -0.6549255 -33.386607 -0.02231819 0.99873977 -0.044953011 -4.5248269 0.65466631 0.04858273 0.75435521 65.546772
0.74951754 -0.013734123 -0.66184197 -34.136167 -0.020018661 0.99885727 -0.043398222 -4.581157 0.66168175 0.045776919 0.74838611 66.386018
0.74336785 -0.014344078 -0.66872898 -34.873119 -0.018921584 0.99891897 -0.042460052 -4.643985 0.66861518 0.044216849 0.74229283 67.135852
0.73568665 -0.016041312 -0.67713203 -35.65119 -0.017700013 0.99892278 -0.042895171 -4.7094676 0.67709076 0.043542651 0.73461022 67.982016
0.73031166 -0.016289462 -0.68291983 -36.445363 -0.019496739 0.99881135 -0.044674048 -4.7781013 0.68283585 0.045940688 0.72912598 68.77998
0.72454429 -0.017441036 -0.6890075 -37.139029 -0.018972911 0.99879622 -0.045234274 -4.8343717 0.68896708 0.045846714 0.72334119 69.540139
0.71725215 -0.016160073 -0.69662627 -37.8686 -0.019989039 0.99884245 -0.043751648 -4.9003075 0.69652698 0.045305854 0.71609887 70.391705
0.71378209 -0.015347305 -0.70019965 -38.715657 -0.021223631 0.99882674 -0.043528079 -4.9689824 0.70004623 0.045930342 0.71261892 71.188104
0.71050832 -0.016774214 -0.70348881 -39.583585 -0.020441831 0.99880193 -0.044461556 -5.0339881 0.70339185 0.045970905 0.70931419 72.00758
0.70504434 -0.018392261 -0.70892465 -40.433115 -0.021158661 0.99867302 -0.046952307 -5.1060957 0.70884753 0.048103355 0.70371961 72.788011
0.70099357 -0.020235 -0.71288044 -41.235779 -0.022030339 0.99850594 -0.050005428 -5.1718237 0.71282728 0.050758481 0.69950046 73.576816
0.6960812 -0.0196552 -0.71769394 -42.072048 -0.02411021 0.99842146 -0.050727523 -5.2445431 0.71755815 0.052614227 0.69450852 74.37636
0.68993729 -0.021184867 -0.72355904 -42.89093 -0.020650876 0.99858877 -0.048928666 -5.3110956 0.72357454 0.04869984 0.68852615 75.165838
0.68655847 -0.019792009 -0.72680513 -43.764783 -0.021995797 0.9986065 -0.047971356 -5.3912961 0.72674184 0.0489218 0.68516641 75.94151
0.67914554 -0.022154498 -0.73366918 -44.625148 -0.019284142 0.99866081 -0.048007423 -5.460582 0.7337503 0.046752208 0.67780881 76.732892
0.67731519 -0.022492068 -0.73534903 -45.518538 -0.019433846 0.99863676 -0.048445353 -5.5318286 0.73543627 0.047103433 0.67595474 77.519698
0.67334678 -0.021981237 -0.73899992 -46.409145 -0.020506124 0.9986181 -0.048387816 -5.6122552 0.73904239 0.047735805 0.67196554 78.330658
0.66877637 -0.023457235 -0.74309345 -47.271779 -0.018255067 0.99868268 -0.047954789 -5.6778635 0.74323951 0.045636251 0.66746716 79.081321
0.66511508 -0.027807034 -0.74622293 -48.158871 -0.01331686 0.99870583 -0.049084917 -5.749103 0.74662215 0.042584465 0.663884 79.870375
0.66139522 -0.030510889 -0.74941671 -49.059423 -0.012783242 0.99856858 -0.051936377 -5.833761 0.74992866 0.043930446 0.66005846 80.678831
0.65610419 -0.035896115 -0.7538161 -49.969042 -0.0075626746 0.99850524 -0.054130391 -5.9049951 0.75463245 0.041216043 0.654852 81.457358
0.65025157 -0.038089037 -0.75876351 -50.866959 -0.0044434248 0.99853466 -0.053933229 -5.9903165 0.75970599 0.038441676 0.64912949 82.218443
0.6417336 -0.044198206 -0.76565296 -51.785817 0.0041692811 0.9985243 -0.054146482 -6.0659446 0.76691632 0.031555395 0.64097087 82.995872
0.63410207 -0.044168622 -0.77198682 -52.714083 0.005012869 0.99858111 -0.053015518 -6.148593 0.77323314 0.029747381 0.63342376 83.739313
0.62442577 -0.043323208 -0.77988172 -53.682522 0.0066364527 0.99871883 -0.050166237 -6.2254532 0.78105599 0.026149443 0.62391329 84.49948
0.61632107 -0.04426262 -0.78625003 -54.622232 0.0082221319 0.99872641 -0.049779044 -6.2966542 0.78745209 0.024215222 0.61590006 85.217148
0.61028278 -0.043410458 -0.7909933 -55.569784 0.0038000627 0.99864637 -0.051874755 -6.3800922 0.79217456 0.028652446 0.60962165 85.98877
0.59642631 -0.046979444 -0.80129179 -56.588069 0.0063900185 0.99853197 -0.053787274 -6.4627898 0.80264243 0.026959876 0.59585094 86.672856
0.5881744 -0.047621683 -0.80733078 -57.581393 0.004598382 0.99844561 -0.055544779 -6.5395097 0.80872108 0.028957602 0.58747913 87.410283
0.57815142 -0.048261668 -0.81450088 -58.565724 0.007577926 0.9985237 -0.053786596 -6.6263489 0.81589433 0.024924569 0.57766362 88.114432
0.56773207 -0.04824233 -0.82179858 -59.601001 0.0092029608 0.99859096 -0.052262853 -6.708059 0.82316199 0.022108318 0.56737609 88.816536
0.55749204 -0.049788251 -0.82868794 -60.650231 0.010974374 0.99855477 -0.052611082 -6.7905339 0.83010978 0.020235927 0.55723273 89.523347
0.54944771 -0.049299076 -0.83407239 -61.683967 0.0073935679 0.99850557 -0.054147605 -6.8778863 0.83549543 0.023584507 0.5489911 90.16041
0.53860483 -0.050694003 -0.84103204 -62.750108 0.0074377028 0.99843551 -0.055418471 -6.9599571 0.84252571 0.02359331 0.53813924 90.835198
0.52734567 -0.050777809 -0.84813212 -63.799313 0.0054096992 0.99839301 -0.056410348 -7.0454084 0.84963365 0.025159613 0.52677292 91.490902
0.5188576 -0.050988856 -0.85333866 -64.854985 0.0048641425 0.99837954 -0.05669781 -7.1327425 0.85484688 0.025267329 0.51826483 92.115189
0.50996368 -0.04937352 -0.85877776 -65.973167 0.0044145518 0.99848845 -0.054784404 -7.2141242 0.86018464 0.024146937 0.50941081 92.791631
0.50226907 -0.048160788 -0.86336913 -67.052424 0.0059125158 0.99861572 -0.052265531 -7.2998903 0.86469121 0.021146676 0.50185854 93.397849
0.49586884 -0.048173176 -0.86706019 -68.173047 0.0060779143 0.99862822 -0.052007052 -7.3826711 0.8683762 0.020518758 0.49548141 93.996841
0.48695182 -0.050653223 -0.87195878 -69.265161 0.0063972529 0.99849702 -0.054431401 -7.4775541 0.87340544 0.020927329 0.48654398 94.646539
0.48052658 -0.054334751 -0.87529531 -70.363962 0.009528521 0.9983434 -0.056742029 -7.5613046 0.87692844 0.018925783 0.48024827 95.213583
0.47315431 -0.057130405 -0.87912516 -71.48078 0.010410146 0.99818801 -0.059264916 -7.6555304 0.8809181 0.018889629 0.4728917 95.819969
0.46936521 -0.061494998 -0.88086014 -72.607062 0.01354596 0.99795605 -0.062451801 -7.7465409 0.88290026 0.017380606 0.46923887 96.408035
0.46487125 -0.062059467 -0.88320059 -73.740067 0.014942886 0.99794827 -0.062257227 -7.8451186 0.88525222 0.015744029 0.46484481 96.975187
0.45998784 -0.058798736 -0.8859762 -74.848681 0.015782917 0.99818882 -0.058051549 -7.941335 0.88778497 0.012719717 0.46008274 97.584595
0.45682209 -0.058387049 -0.88763983 -75.971762 0.021534091 0.99827706 -0.054582052 -8.0370355 0.88929744 0.0058197693 0.45729232 98.172439
0.45276684 -0.056702378 -0.88982412 -77.074614 0.021274217 0.99837874 -0.052794914 -8.1292768 0.89137516 0.0049734741 0.45323908 98.745643
0.44797774 -0.056368217 -0.89226593 -78.201041 0.021699267 0.99840198 -0.052178784 -8.2187301 0.89378138 0.0040134162 0.44848502 99.293292
0.44717202 -0.056029983 -0.8926913 -79.303241 0.024567098 0.99842891 -0.050360339 -8.3041014 0.89411057 0.00058889947 0.44784597 99.822703
0.44394395 -0.055445873 -0.89433744 -80.419637 0.026606813 0.99845932 -0.048693606 -8.3894462 0.89565948 -0.0021782377 0.44473522 100.40696
0.44254802 -0.056920377 -0.89493645 -81.530994 0.029795007 0.99836578 -0.048765067 -8.4787001 0.89624973 -0.0050837553 0.44352074 100.93253
0.44176751 -0.056879528 -0.89532459 -82.585198 0.031548524 0.99835578 -0.047858501 -8.5540565 0.89657472 -0.0071038384 0.44283562 101.42365
0.43829176 -0.055941129 -0.89709022 -83.737513 0.034213822 0.99837638 -0.045541313 -8.6394932 0.89818139 -0.010732504 0.4394941 102.00297
0.43546966 -0.055904353 -0.89846581 -84.788089 0.037891242 0.99832358 -0.043752525 -8.717232 0.89940564 -0.014991089 0.43685792 102.51236
0.43452956 -0.057030873 -0.89885008 -85.899429 0.039831354 0.9982336 -0.044081026 -8.8005105 0.89977641 -0.016647908 0.43603362 103.07093
0.43341399 -0.056662017 -0.89941184 -86.920619 0.037900815 0.99828451 -0.044627021 -8.8733075 0.90039764 -0.014746468 0.43481801 103.4943
0.43216501 -0.05860364 -0.8998883 -88.000311 0.039626032 0.99815643 -0.045973057 -8.9564471 0.90092355 -0.015791056 0.43369052 104.06283
0.43312012 -0.05853781 -0.89943327 -88.974479 0.037800489 0.99819056 -0.046762488 -9.0239429 0.90054325 -0.013745244 0.43454918 104.53628
0.43637925 -0.059264789 -0.89780887 -90.03189 0.037094062 0.99816505 -0.047859811 -9.1127699 0.89899791 -0.01241835 0.43777689 105.03495
0.44050813 -0.058862442 -0.8958168 -91.046632 0.034355971 0.99822255 -0.048697159 -9.1872097 0.89709104 -0.0093251624 0.44174742 105.52186
0.44473112 -0.060381116 -0.89362648 -92.08791 0.035156094 0.99813296 -0.049946342 -9.2699008 0.89497394 -0.0092037247 0.44602356 106.05276
0.4505667 -0.059637763 -0.89074852 -93.068898 0.032969865 0.99819713 -0.050154584 -9.3444188 0.89213379 -0.0067698736 0.45172064 106.50762
0.45809718 -0.05752007 -0.88703909 -94.046668 0.030160672 0.99833538 -0.049161083 -9.4172841 0.88839033 -0.004233142 0.45906947 107.01914
0.46515105 -0.057463102 -0.88336426 -95.042026 0.031028829 0.99833608 -0.048603275 -9.4979186 0.88468739 -0.0048018952 0.4661601 107.53159
0.47537559 -0.056357773 -0.87797596 -96.018164 0.02968402 0.99840539 -0.048015947 -9.5695482 0.87928208 -0.0032362468 0.47629048 108.05102
0.48347853 -0.05573678 -0.87357991 -96.98247 0.028580118 0.99844385 -0.047885914 -9.6436707 0.87488956 -0.0018152058 0.48431913 108.59853
0.49421729 -0.057550107 -0.86743137 -97.932464 0.029259984 0.99834223 -0.049564627 -9.717285 0.86884589 -0.00088533341 0.49508191 109.10855
0.50514723 -0.057710603 -0.86110145 -98.913663 0.025412135 0.99832372 -0.051999675 -9.7914612 0.86265901 0.0043850649 0.50576701 109.67862
0.51530433 -0.057279511 -0.8550909 -99.813211 0.022042023 0.99831968 -0.053590693 -9.8635693 0.85672379 0.0087675823 0.51570101 110.19901
0.52760703 -0.055853184 -0.84765039 -100.74653 0.020004692 0.99837637 -0.053333171 -9.9435469 0.84925302 0.011181971 0.52786772 110.78268
0.54033585 -0.053358213 -0.83975592 -101.64762 0.018400466 0.99849804 -0.051605043 -10.016268 0.84124827 0.012432154 0.54050611 111.36521
0.55301819 -0.051828324 -0.83155556 -102.58082 0.019248356 0.99859169 -0.04943824 -10.091133 0.83294684 0.011334168 0.55323698 111.9264
0.56415159 -0.050788953 -0.82410764 -103.44967 0.017996084 0.99862558 -0.049224915 -10.163634 0.82547512 0.012939604 0.56429021 112.53336
0.57530339 -0.050975412 -0.81635008 -104.33844 0.018122726 0.9986055 -0.04958444 -10.238989 0.81773934 0.013731607 0.57542495 113.15251
0.58657997 -0.052353166 -0.8081974 -105.17931 0.019244494 0.99852774 -0.050714905 -10.311625 0.80966267 0.014194997 0.58672388 113.77037
0.59836414 -0.05363016 -0.79942736 -106.04648 0.020858941 0.99846184 -0.051369803 -10.383219 0.80095275 0.01406264 0.59856243 114.39922
0.60954884 -0.053171661 -0.79096329 -106.86953 0.02071783 0.99847578 -0.051155454 -10.462697 0.79247778 0.014794704 0.60972136 115.03927
0.61895741 -0.051474134 -0.78373598 -107.67104 0.020442148 0.9985679 -0.049439607 -10.529193 0.78515852 0.014579764 0.61912324 115.66111
0.62960218 -0.050056585 -0.77530341 -108.47714 0.022055925 0.99867164 -0.046567103 -10.598783 0.77660459 0.012218715 0.62986988 116.29695
0.63869798 -0.048642915 -0.76791842 -109.26854 0.021402882 0.99873674 -0.045462497 -10.667677 0.76915984 0.012601138 0.63893224 116.94036
0.64883347 -0.047892364 -0.75942175 -110.0091 0.019787913 0.99874181 -0.046078541 -10.73206 0.76067313 0.014869928 0.64896481 117.55116
0.65817654 -0.046700712 -0.75141376 -110.78829 0.01678526 0.9987364 -0.047369424 -10.802248 0.75267652 0.018564768 0.65812875 118.2278
0.66782786 -0.04614952 -0.74288365 -111.5269 0.016399208 0.99874601 -0.04730189 -10.870934 0.74413511 0.019406817 0.66774723 118.89282
0.67654705 -0.044867066 -0.73503128 -112.24448 0.01684189 0.99882384 -0.045467404 -10.936182 0.73620682 0.018381522 0.67650697 119.55295
0.68521974 -0.043223909 -0.72705265 -112.94038 0.017015096 0.99891503 -0.043350276 -10.992919 0.72813765 0.017333594 0.68521176 120.20709
0.69387545 -0.04263806 -0.71883156 -113.63725 0.01739131 0.99894655 -0.042465775 -11.059535 0.71988502 0.016964536 0.69388602 120.85281
0.70055217 -0.041904572 -0.71236972 -114.32218 0.016844731 0.99896725 -0.042198147 -11.118281 0.71340238 0.017562326 0.70053455 121.51295
0.70854159 -0.039236699 -0.70457735 -114.99003 0.013948952 0.99903667 -0.041607198 -11.17639 0.7055312 0.019652315 0.70840635 122.1688
0.71514861 -0.037287545 -0.69797712 -115.65361 0.014038976 0.99914089 -0.038992047 -11.232669 0.69883147 0.018086224 0.7150577 122.8682
0.72293624 -0.03542266 -0.69000608 -116.30443 0.013907505 0.9992286 -0.036725902 -11.290254 0.69077479 0.016954222 0.72287121 123.54568
0.73026978 -0.034508122 -0.68228675 -116.94655 0.013915096 0.99926758 -0.035646411 -11.344327 0.68301718 0.016537411 0.7302151 124.19916
0.73733774 -0.032012934 -0.67476529 -117.55292 0.011344917 0.99932243 -0.035013965 -11.397637 0.67542904 0.018161961 0.73720132 124.87103
0.74499944 -0.030027252 -0.6663889 -118.16419 0.010220565 0.99938291 -0.033605613 -11.446498 0.66698682 0.018225292 0.7448466 125.54638
0.7533733 -0.027837202 -0.6570036 -118.74159 0.0098510624 0.99946924 -0.031051429 -11.495555 0.65751933 0.016921134 0.75324767 126.19461
0.76262408 -0.023418426 -0.64641786 -119.31048 0.0068934574 0.9995819 -0.028080163 -11.532733 0.64680525 0.016958554 0.76246667 126.86665
0.77288577 -0.021139488 -0.63419293 -119.84401 0.0051390064 0.99962067 -0.027057389 -11.582179 0.63452439 0.01765315 0.77270123 127.52495
0.78265877 -0.02053775 -0.62211207 -120.38512 0.0039338885 0.99959876 -0.028050601 -11.621231 0.6224386 0.019506729 0.78242553 128.18815
0.79210757 -0.021500671 -0.61000269 -120.88886 0.004278466 0.99955044 -0.029675279 -11.667267 0.61036654 0.020896138 0.79184346 128.85663
0.80133493 -0.020777539 -0.59785499 -121.39701 0.0040702041 0.99956288 -0.029282787 -11.712968 0.59820213 0.021031928 0.80106922 129.53325
0.81138596 -0.019440559 -0.58418735 -121.89305 0.004001536 0.99960807 -0.027707122 -11.746039 0.58449709 0.020143523 0.81114575 130.20776
0.82117264 -0.017220185 -0.57041996 -122.3774 0.0034418945 0.9996759 -0.025223897 -11.783129 0.5706695 0.018749849 0.82096577 130.92528
0.83081207 -0.015889678 -0.55632616 -122.86725 0.0038029811 0.9997311 -0.022874788 -11.820684 0.55654008 0.016888952 0.8306491 131.62429
0.83950282 -0.014575356 -0.54315978 -123.3004 0.0042599669 0.99978598 -0.020244471 -11.851945 0.54333865 0.014681448 0.83938525 132.3408
0.84715527 -0.014054038 -0.5311595 -123.74506 0.0051096011 0.99981939 -0.018304999 -11.88156 0.53132087 0.012793163 0.84707408 133.02827
0.85382632 -0.014260914 -0.52036258 -124.17603 0.0064270452 0.99983728 -0.01685558 -11.915696 0.52051832 0.011047344 0.85377904 133.7424
0.86118328 -0.014170745 -0.50809697 -124.64301 0.0067212305 0.99984138 -0.016493477 -11.942082 0.50825014 0.01078887 0.86114192 134.47561
0.86792457 -0.013448331 -0.4965139 -125.06994 0.0062727327 0.99985044 -0.016116489 -11.969623 0.49665643 0.010873398 0.86787913 135.19525
0.87415403 -0.01166188 -0.48550872 -125.47779 0.0046745294 0.99986738 -0.015600286 -12.001697 0.4856263 0.011367528 0.87409261 135.94332
0.88024004 -0.010787096 -0.47440604 -125.88604 0.0042120039 0.99987982 -0.014920185 -12.020101 0.47451001 0.011135144 0.88017969 136.69062
0.8856418 -0.011064569 -0.46423717 -126.278 0.0045616705 0.99987515 -0.015128435 -12.051948 0.46434664 0.011280677 0.88558171 137.44417
0.8901345 -0.012114728 -0.45553681 -126.66131 0.0054052471 0.99985692 -0.016028557 -12.082091 0.45566585 0.011805283 0.89007263 138.21954
0.8945972 -0.012868295 -0.44668807 -127.06149 0.0061755113 0.99984585 -0.016435892 -12.108025 0.44683075 0.011944976 0.89453877 139.00012
0.89795312 -0.01207826 -0.43992533 -127.43216 0.0057569096 0.99986016 -0.015700702 -12.132507 0.44005349 0.011565884 0.89789709 139.78287
0.90112903 -0.010449043 -0.43342506 -127.83195 0.0054232038 0.99990298 -0.012830414 -12.160876 0.43351711 0.0092113055 0.90109827 140.57516
0.90385384 -0.0067348935 -0.42778833 -128.20289 0.0032477576 0.99995529 -0.0088807809 -12.183445 0.42782906 0.0066375749 0.9038353 141.38648
0.90727834 -0.0038480768 -0.42051302 -128.57187 0.0014388922 0.99998069 -0.0060462503 -12.19733 0.4205282 0.0048805588 0.90726635 142.1699
0.91040293 -0.0013103674 -0.41372065 -128.9758 -0.0002169807 0.99999333 -0.0036447265 -12.218527 0.41372271 0.0034079388 0.91039657 143.01248
0.913385 0.00040966066 -0.40709662 -129.35324 -0.0012242569 0.99999774 -0.0017405159 -12.226471 0.40709502 0.0020881516 0.91338343 143.8596
0.91645654 0.0017682536 -0.40013031 -129.74608 -0.0015284455 0.99999841 0.00091844312 -12.244036 0.40013133 -0.00023013617 0.91645779 144.72502
0.91995678 0.0019287107 -0.39201503 -130.1234 -0.00075407004 0.99999475 0.0031503605 -12.256828 0.39201908 -0.0026025891 0.91995341 145.60648
0.92317525 0.0016044881 -0.38437596 -130.48115 -6.6281915e-05 0.99999194 0.0040150411 -12.273051 0.38437933 -0.0036811097 0.92316791 146.47936
0.92649158 0.00074319851 -0.37631474 -130.86072 0.0007775157 0.99999213 0.003889176 -12.26588 0.3763147 -0.0038958798 0.92648372 147.40365
0.93053008 -0.0016408979 -0.36621178 -131.24204 0.003220537 0.99998796 0.003702579 -12.289813 0.36620133 -0.0046247601 0.93052416 148.33455
0.93409376 -0.0032515907 -0.35701297 -131.59637 0.0044070439 0.99998735 0.0024229997 -12.292415 0.35700061 -0.0038366811 0.93409628 149.24249
0.93838401 -0.0040352642 -0.34557077 -131.95071 0.0044942508 0.99998976 0.00052698275 -12.314722 0.34556514 -0.0020475942 0.93839254 150.20169
0.94286332 -0.0025928019 -0.33316966 -132.28166 0.0024966705 0.99999663 -0.00071667484 -12.321497 0.33317043 -0.00015608871 0.94286661 151.15843
0.94848111 0.0010080531 -0.31683208 -132.61724 -0.00084635514 0.99999943 0.00064797948 -12.33395 0.31683258 -0.0003464441 0.94848142 152.13945
0.95463004 0.0044375641 -0.29776129 -132.92659 -0.0036346882 0.99998811 0.0032500161 -12.340134 0.29777219 -0.0020202939 0.95463482 153.14543
0.96062738 0.0076723583 -0.27773398 -133.24042 -0.006492153 0.99996557 0.0051688112 -12.348992 0.27776409 -0.0031622104 0.96064411 154.17449
0.96642991 0.009464422 -0.25675601 -133.52344 -0.0081681389 0.99994794 0.0061147391 -12.366259 0.25680053 -0.0038122483 0.96645691 155.21853
0.97187977 0.010656034 -0.2352364 -133.79835 -0.0092607811 0.99993237 0.0070352565 -12.365858 0.23529548 -0.0046589509 0.97191272 156.26619
0.97698397 0.011306019 -0.21301287 -134.04347 -0.0094396587 0.99990765 0.0097767825 -12.382934 0.21310375 -0.0075409913 0.97700047 157.32762
0.98156424 0.013480671 -0.19065652 -134.25924 -0.011149478 0.99984946 0.013294656 -12.373039 0.19080706 -0.010923839 0.98156678 158.42812
0.98558811 0.015211342 -0.16847759 -134.45707 -0.012449355 0.99977044 0.017438015 -12.38321 0.16870418 -0.015089263 0.98555122 159.53238
0.98920679 0.016962851 -0.14554103 -134.62684 -0.014110017 0.99968799 0.020611604 -12.373171 0.14584526 -0.018335552 0.98913749 160.66084
0.99218437 0.018488532 -0.12340317 -134.78664 -0.016038717 0.99965466 0.020816191 -12.363822 0.12374542 -0.018674272 0.99213827 161.77173
0.99467973 0.01825525 -0.10138529 -134.9254 -0.016452609 0.99969185 0.018587991 -12.360957 0.10169339 -0.016821046 0.99467357 162.94564
0.9966084 0.018374132 -0.080212722 -135.02794 -0.017013986 0.99970021 0.017607471 -12.353406 0.080512204 -0.016183015 0.99662224 164.09983
0.99808082 0.01704402 -0.059533057 -135.09515 -0.015925787 0.99968867 0.019207691 -12.353864 0.059841904 -0.018222718 0.99804152 165.26887
0.99905229 0.017342635 -0.039921802 -135.1498 -0.016508484 0.99964042 0.021130332 -12.342332 0.040273907 -0.020451259 0.99897936 166.44349
0.99966799 0.017760639 -0.018667446 -135.1906 -0.017349666 0.99960848 0.021951634 -12.341213 0.019050014 -0.021620472 0.99958474 167.67758
0.99981974 0.018925767 0.0015176045 -135.19547 -0.01895503 0.99956939 0.022399779 -12.324418 -0.0010930181 -0.022424508 0.99974794 168.88495
0.99955715 0.019224248 0.022714273 -135.19871 -0.019744947 0.99954215 0.022926367 -12.31822 -0.022263133 -0.023364706 0.99947909 170.12835
0.99883371 0.021549366 0.043206946 -135.1271 -0.022530125 0.99949649 0.022342023 -12.30363 -0.042703738 -0.023289424 0.9988163 171.34019
0.99773252 0.022696044 0.063361643 -135.07452 -0.024091586 0.99948178 0.021348486 -12.292059 -0.062844288 -0.022826561 0.99776227 172.59539
0.9962774 0.022763691 0.083145374 -134.98892 -0.024436075 0.99951793 0.019151891 -12.288125 -0.082669331 -0.021112343 0.99635338 173.86207
0.9944595 0.024599059 0.10220173 -134.88762 -0.02643087 0.99951267 0.016607912 -12.280832 -0.10174339 -0.019217177 0.99462505 175.12265
0.99229368 0.024761904 0.12140883 -134.72698 -0.026731517 0.99953572 0.014620899 -12.267067 -0.12099044 -0.017753668 0.9924949 176.40984
0.98977001 0.024723871 0.14051358 -134.57359 -0.026655447 0.99957408 0.011880843 -12.276167 -0.14016 -0.015504754 0.99000746 177.68987
0.98693575 0.026264556 0.15895909 -134.35508 -0.02759882 0.9995999 0.0061916155 -12.281473 -0.15873288 -0.01049781 0.98726575 178.99152
0.98395829 0.027805253 0.17621844 -134.15859 -0.028238941 0.9996012 -4.6678366e-05 -12.306357 -0.17614948 -0.0049302927 0.98435108 180.28263
0.98058124 0.030567808 0.1937164 -133.90051 -0.030104282 0.99953252 -0.0053367976 -12.314215 -0.19378899 -0.00059852928 0.98104305 181.58029
0.97694044 0.032704497 0.21099237 -133.65839 -0.031444939 0.999462 -0.0093229498 -12.35473 -0.21118378 0.0024733245 0.97744324 182.9193
0.97262486 0.034640245 0.22978452 -133.33432 -0.032617511 0.99938853 -0.012596423 -12.375818 -0.23008038 0.004756595 0.97316001 184.25677
0.96857306 0.034494559 0.2463257 -133.0149 -0.03244398 0.99939689 -0.012379513 -12.419387 -0.24660418 0.0039986776 0.96910804 185.55709
0.96394262 0.033184678 0.26403293 -132.68412 -0.030911752 0.99944067 -0.012759634 -12.447969 -0.2643087 0.0041378351 0.96442926 186.92017
0.95928357 0.032928409 0.28051872 -132.31231 -0.029204733 0.99942121 -0.017445295 -12.504206 -0.28093083 0.0085425113 0.95969 188.24592
0.95443355 0.03431418 0.29644414 -131.9009 -0.029005657 0.99933073 -0.022288327 -12.550049 -0.29701057 0.01267417 0.95479008 189.5603
0.94895485 0.036640328 0.31327652 -131.48995 -0.031136928 0.99926063 -0.022554195 -12.590986 -0.31387131 0.011648444 0.94939408 190.9228
0.94304276 0.038196671 0.33047141 -131.03664 -0.032422858 0.9992103 -0.022968303 -12.641117 -0.33108777 0.010945265 0.94353648 192.23165
0.93652599 0.042314439 0.34803527 -130.55277 -0.035399368 0.99902957 -0.026206969 -12.689688 -0.34880649 0.012223279 0.93711506 193.58896
0.92941672 0.043429636 0.36646748 -130.0389 -0.034944279 0.99894606 -0.029759992 -12.752739 -0.36737375 0.014853493 0.92995479 194.92109
0.92304667 0.044206857 0.38213947 -129.53214 -0.034293838 0.99887614 -0.032716755 -12.80913 -0.38315634 0.017094063 0.92352532 196.25486
0.91574398 0.044342654 0.39930775 -128.97475 -0.032011724 0.99878375 -0.037500351 -12.886192 -0.40048499 0.021558192 0.91604969 197.60031
0.9072087 0.047931712 0.41794127 -128.4027 -0.032892362 0.99852837 -0.043118353 -12.978371 -0.41939299 0.02537027 0.90745021 198.89036
0.89710661 0.051459862 0.43880701 -127.76569 -0.034204229 0.99830226 -0.04714523 -13.061247 -0.44048816 0.027285243 0.8973437 200.23983
0.88516695 0.054188499 0.46210719 -127.12287 -0.035619066 0.99817222 -0.048821218 -13.138767 -0.46390814 0.026755104 0.8854792 201.55253
0.87182993 0.058628662 0.48628719 -126.40667 -0.038547168 0.99794384 -0.051207476 -13.23879 -0.48828957 0.025899218 0.87229728 202.85928
0.85746403 0.06286822 0.51068875 -125.71906 -0.040788366 0.99768933 -0.054335242 -13.331306 -0.51292472 0.025760357 0.858047 204.15027
0.84208362 0.066484834 0.53523352 -124.9438 -0.042147865 0.99745031 -0.057588495 -13.438588 -0.53769765 0.025935379 0.84273876 205.41988
0.82716986 0.067997073 0.5578229 -124.13886 -0.041638696 0.99733982 -0.059828873 -13.546768 -0.56040723 0.026261623 0.82780075 206.66383
0.81048105 0.069314749 0.5816493 -123.27416 -0.040570052 0.99723204 -0.06230839 -13.65931 -0.58435825 0.026902228 0.81104977 207.91129
0.79474376 0.071545704 0.60271349 -122.38005 -0.038824385 0.99698696 -0.067154126 -13.78243 -0.60570212 0.029970343 0.79512687 209.10657
0.778198 0.074170355 0.62362376 -121.48808 -0.037120716 0.9966977 -0.072220078 -13.912394 -0.62692102 0.033052161 0.77838142 210.26925
0.76153796 0.075748361 0.64367856 -120.51253 -0.035142551 0.99651173 -0.075692663 -14.043272 -0.64716688 0.035022331 0.7615435 211.45303
0.74467458 0.077517124 0.66291087 -119.54208 -0.033315536 0.99631153 -0.079078462 -14.184927 -0.66659574 0.036802492 0.7445104 212.62853
0.72906663 0.07823444 0.67995675 -118.52873 -0.031842946 0.99624719 -0.080483371 -14.329638 -0.68370163 0.037025916 0.72882179 213.73158
0.71257127 0.078349557 0.69721123 -117.49035 -0.029312413 0.99620195 -0.081990644 -14.46529 -0.70098717 0.037987235 0.7121615 214.8277
0.69773062 0.079200034 0.7119686 -116.41671 -0.026596024 0.99604832 -0.084737166 -14.625362 -0.71586638 0.040188183 0.69707982 215.93939
0.68218546 0.080693665 0.72671279 -115.34889 -0.023854786 0.99581871 -0.088181842 -14.776417 -0.73078998 0.042820794 0.68125798 216.98239
0.66852686 0.082841577 0.73905958 -114.21107 -0.021645457 0.99552289 -0.092008977 -14.94179 -0.74337296 0.045513192 0.66732694 218.00666
0.65307934 0.085379348 0.7524611 -113.07157 -0.020567768 0.99525738 -0.095077396 -15.101812 -0.75701017 0.046616638 0.65173809 219.03494
0.63672018 0.085901661 0.76629516 -111.89624 -0.018949267 0.9952184 -0.095818865 -15.279145 -0.77086211 0.046489075 0.63530341 220.04322
0.62010975 0.087163024 0.77965791 -110.7258 -0.019389618 0.99520798 -0.095839014 -15.445883 -0.78427546 0.044313439 0.61882823 220.99243
0.60350813 0.088091293 0.79247574 -109.55609 -0.02138167 0.99530898 -0.094354992 -15.616988 -0.79707014 0.039999552 0.6025606 221.93828
0.58457271 0.089145824 0.80642899 -108.30633 -0.023523838 0.99538985 -0.092982091 -15.786161 -0.81100027 0.03538449 0.58397479 222.83623
0.56735353 0.090489332 0.81848738 -107.09545 -0.025553176 0.99540002 -0.092335446 -15.955274 -0.8230778 0.031471891 0.56705601 223.70336
0.54735034 0.093612078 0.83165156 -105.86843 -0.027136445 0.99518716 -0.094160101 -16.133611 -0.83646355 0.028970499 0.54725633 224.5505
0.53052457 0.097337125 0.84206241 -104.66494 -0.029793043 0.99491265 -0.096235141 -16.301434 -0.84714587 0.025967506 0.53072557 225.34924
0.51079622 0.097267008 0.85418165 -103.429 -0.029778196 0.99498457 -0.095493249 -16.472433 -0.85918598 0.023341604 0.5111308 226.12451
0.48881343 0.096399681 0.86704583 -102.14897 -0.029838668 0.99514198 -0.093819523 -16.652935 -0.87187794 0.019988752 0.4893152 226.86986
0.46744654 0.094269664 0.8789806 -100.89024 -0.029731013 0.99541195 -0.090945681 -16.809797 -0.88352129 0.016379262 0.46810461 227.57965
0.44623909 0.092819388 0.89008717 -99.621682 -0.02973561 0.99559533 -0.088914165 -16.976768 -0.89441966 0.013209692 0.4470336 228.2518
0.42452224 0.091791344 0.90075254 -98.372364 -0.028430223 0.9957086 -0.088068769 -17.131057 -0.90497108 0.011778557 0.4253101 228.88429
