1.000000000000000000e+00 4.398956837314658088e-19 2.733407509747682871e-20 -8.673617379884035472e-19 -5.583667658079949532e-19 1.000000000000000000e+00 -6.100159232558060012e-19 0.000000000000000000e+00 4.145284534913582806e-20 -2.210423569125054137e-19 1.000000000000000222e+00 0.000000000000000000e+00
9.999413901356710710e-01 -1.098388045856502028e-03 1.077078698997080593e-02 7.377164943265063224e-02 1.094058739972310606e-03 9.999993183523675500e-01 4.078335105729418049e-04 -5.156284871595639974e-03 -1.077122779356303774e-02 -3.960257267600211860e-04 9.999419102139903703e-01 2.940915197660871616e-01
9.998543252591639563e-01 -2.583896841754158586e-03 1.687162591894869959e-02 9.649658126241586475e-02 2.570208134672641569e-03 9.999963500789580406e-01 8.329790066942946089e-04 -9.816336734486744153e-03 -1.687371696183482400e-02 -7.894940623262783211e-04 9.998573169989818377e-01 5.438599961630798951e-01
9.997860498399183671e-01 -6.279047131927163912e-03 1.970858048858599096e-02 8.220193865288877300e-02 6.302182546573475638e-03 9.999795227801726583e-01 -1.111982176816025871e-03 -1.240543273004404701e-02 -1.970119506474428059e-02 1.235951374038910628e-03 9.998051486745208605e-01 9.265043951957454560e-01
9.998247276885758872e-01 -6.867953471879832510e-03 1.741680651334805846e-02 8.748898333082034962e-02 6.899385522683070503e-03 9.999746759673787677e-01 -1.745248202269252587e-03 -1.795769009287606632e-02 -1.740437946846126391e-02 1.865107609373029430e-03 9.998467927284813150e-01 1.185235206953663800e+00
9.998883691159662357e-01 -1.064929933545400234e-02 1.048054206122704841e-02 8.585033406542498524e-02 1.068594628819174476e-02 9.999369627500117597e-01 -3.446891342471525635e-03 -1.541930381874695444e-02 -1.044317460194952273e-02 3.558501122325971339e-03 9.999391367281590393e-01 1.538486087078630993e+00
9.999365282095744600e-01 -1.118202876526997597e-02 -1.379058583844835822e-03 6.591252102449872419e-02 1.117516734953307930e-02 9.999256151506300538e-01 -4.886694323644948101e-03 -2.769106698670920075e-02 1.433599180801005922e-03 4.870972997234009234e-03 9.999871091252519051e-01 1.853101579557329348e+00
9.997928329611752707e-01 -1.101188261221913364e-02 -1.711810711039370506e-02 2.954155062384041658e-02 1.092639863841558118e-02 9.999274045478795392e-01 -5.079313776667395558e-03 -3.832429994695754627e-02 1.717279751473092461e-02 4.891222284855847001e-03 9.998405727906483076e-01 2.171542440843546640e+00
9.993319363022233892e-01 -6.540120522623122691e-03 -3.595702780888173494e-02 1.282362048601791427e-02 6.349174467682008535e-03 9.999651442175440108e-01 -5.422022036712703490e-03 -4.109208823383631026e-02 3.599123579519480226e-02 5.190102356781994830e-03 9.993386282212899374e-01 2.519502818256341037e+00
9.984291562744065374e-01 -3.696059689869703700e-03 -5.590669832958303914e-02 -4.482540867859535760e-02 3.349881432844596836e-03 9.999746412348169411e-01 -6.284518796800487792e-03 -5.190164152614154536e-02 5.592850952445135859e-02 6.087365996133601784e-03 9.984162187828334867e-01 2.871070636018899780e+00
9.971432589714711581e-01 -3.047927565173746099e-03 -7.547205460634277829e-02 -9.725633446153919559e-02 2.569481180310328496e-03 9.999759896407945936e-01 -6.435674372337290075e-03 -5.710601097588800801e-02 7.548985926612285235e-02 6.223365283152326906e-03 9.971271489008273203e-01 3.222335059400609936e+00
9.953178935746308520e-01 -3.410085403636532817e-03 -9.659535059848467498e-02 -1.384531084408321122e-01 2.827898108624467624e-03 9.999770078848753130e-01 -6.163334296843928257e-03 -6.377522773959322377e-02 9.661414883111724139e-02 5.861315067836366487e-03 9.953046526194955224e-01 3.604960059048448962e+00
9.932388883459237761e-01 -4.356927166779935370e-03 -1.160065837611916756e-01 -1.997198384058106457e-01 3.755528940829544644e-03 9.999783556605279511e-01 -5.402240909733826459e-03 -7.566910435007226376e-02 1.160276120503308250e-01 4.930049614845533577e-03 9.932337530741505160e-01 3.995812014461102013e+00
9.910887342778861298e-01 -4.321935061174947759e-03 -1.331331708487746568e-01 -2.906296267691902413e-01 3.716693298430362533e-03 9.999816001818436773e-01 -4.794317750441792238e-03 -8.167516771098796979e-02 1.331514442545770616e-01 4.256779067015723297e-03 9.910865619184953124e-01 4.387525613034368277e+00
9.887830174974394648e-01 -3.475259690628718350e-03 -1.493186736195542541e-01 -3.729313824371469077e-01 2.866815762564838953e-03 9.999866891857642770e-01 -4.289850132060096799e-03 -8.670796531718366618e-02 1.493315969921048814e-01 3.813661731514851605e-03 9.887798191284776772e-01 4.813191238218688994e+00
9.866725939473089957e-01 -2.729058684882310071e-03 -1.626952485878550014e-01 -4.546062830264477883e-01 2.051610527598497595e-03 9.999885132348097505e-01 -4.331776730442890057e-03 -9.062524153164325247e-02 1.627052042324365622e-01 3.940257987224389004e-03 9.866668594640393142e-01 5.224110059978623433e+00
9.845388754994395253e-01 -3.419106430288742886e-03 -1.751328397940143944e-01 -5.319273150076877510e-01 2.553609823275356829e-03 9.999833901545082115e-01 -5.167057975114886480e-03 -9.644014310340134899e-02 1.751476006143888042e-01 4.639948393001896293e-03 9.845312537695203314e-01 5.663654478042058571e+00
9.827907842661289806e-01 -6.576419786418049619e-03 -1.846050493103044698e-01 -6.317065217122534992e-01 5.371389307807392273e-03 9.999608842966162259e-01 -7.026951323312424606e-03 -1.141780084460712608e-01 1.846440437278593638e-01 5.914437303948482522e-03 9.827876664821528774e-01 6.108111471574249940e+00
9.812263230789521895e-01 -5.907404952652847013e-03 -1.927693040005169500e-01 -7.336466906750442885e-01 4.322433610939021252e-03 9.999533181899886713e-01 -8.641643463097715624e-03 -1.208146340796323048e-01 1.928113581997622783e-01 7.646175419883557457e-03 9.812060522929012540e-01 6.546910578731634622e+00
9.796316236964268676e-01 -5.799791721726172203e-03 -2.007193147312129056e-01 -8.339041753050344674e-01 3.727085740836318713e-03 9.999357779440950500e-01 -1.070274794515537961e-02 -1.201225642835483248e-01 2.007685013007364239e-01 9.736652161622451687e-03 9.795903263403020755e-01 7.033766493315706470e+00
9.780557239974572159e-01 -6.424027292604148065e-03 -2.082444035340952626e-01 -9.458476736991101586e-01 3.759488442784749470e-03 9.999059602610099740e-01 -1.318851301024656295e-02 -1.382683136675704749e-01 2.083095472482665023e-01 1.211620813776334571e-02 9.779878992386367154e-01 7.507857117956815429e+00
9.762820469663910927e-01 -9.903424494898407926e-03 -2.162759484191658366e-01 -1.063383920167991104e+00 6.826620354635626678e-03 9.998646579525436451e-01 -1.496873477188294735e-02 -1.434219947330781508e-01 2.163949226594655828e-01 1.313727316186068077e-02 9.762175221753386367e-01 8.013631439138697132e+00
9.744335696231934962e-01 -1.555166442257634174e-02 -2.241369290720970908e-01 -1.173528766997189665e+00 1.226360862871436752e-02 9.997959067502183439e-01 -1.605455474859219037e-02 -1.606932867907594487e-01 2.243408631595462943e-01 1.289536943953783349e-02 9.744254141471275776e-01 8.529882862822201872e+00
9.724610746623280066e-01 -1.649713328494877701e-02 -2.324807554042545021e-01 -1.310949351420549913e+00 1.252872960411578578e-02 9.997496893844108889e-01 -1.853616704698213616e-02 -1.808457887445912571e-01 2.327283606386031101e-01 1.511301234203733107e-02 9.724243457773675825e-01 9.029951307098952995e+00
9.703210351838822412e-01 -1.264727259324150734e-02 -2.414894073403326680e-01 -1.446574228048227440e+00 7.514126047579316667e-03 9.997260803826985009e-01 -2.216533552326287876e-02 -1.856101297860403010e-01 2.417035938623015301e-01 1.969290943357114923e-02 9.701502787525567717e-01 9.569085432788538625e+00
9.682958839435478193e-01 -9.465405825680990246e-03 -2.496266929394493905e-01 -1.599552462246276008e+00 3.257218585933609016e-03 9.996753242384265326e-01 -2.527126093553523634e-02 -2.005770915928052900e-01 2.497848522465496990e-01 2.365696923844672755e-02 9.680123329812908572e-01 1.010718227656474433e+01
9.659274298104063572e-01 -1.246280276247799940e-02 -2.585128186371187797e-01 -1.764557344817110796e+00 5.532981112410268777e-03 9.996060294723586592e-01 -2.751675764230130522e-02 -2.243200140746917093e-01 2.587539125861130218e-01 2.514884444736333047e-02 9.656158396811692635e-01 1.066964828418481481e+01
9.635746368955551144e-01 -1.409703261488020297e-02 -2.670677652383641187e-01 -1.927172437147237183e+00 6.589525281066595935e-03 9.995580889378592460e-01 -2.898628954756864856e-02 -2.579212792609539284e-01 2.673583703132327294e-01 2.617060364182797333e-02 9.632417157265585894e-01 1.121858728226118629e+01
9.614419623300010098e-01 -1.386254389953258705e-02 -2.746582991517905747e-01 -2.101169702064387579e+00 5.299125391872390456e-03 9.994771463230112118e-01 -3.189597522633837168e-02 -2.802257256062601343e-01 2.749568571410402895e-01 2.921068027276384205e-02 9.610127286026404203e-01 1.178400638388972332e+01
9.591412282564362179e-01 -1.362286625006228769e-02 -2.825995754283415207e-01 -2.283526022303636882e+00 3.777429285526942918e-03 9.993676955718145960e-01 -3.535449143126783572e-02 -2.963838652844373311e-01 2.829025208415548720e-01 3.284245047741760071e-02 9.585862188143702278e-01 1.239548667263371762e+01
9.568354007338495393e-01 -1.510539824246607404e-02 -2.902375596332130159e-01 -2.478295255777661854e+00 3.435287861616499478e-03 9.991664695895011716e-01 -4.067634241489662822e-02 -3.367241708374917875e-01 2.906100751488512324e-01 3.792351492415177439e-02 9.560897411202936569e-01 1.298242521227286872e+01
9.550490697838709409e-01 -1.611626218605687749e-02 -2.960093554422290052e-01 -2.682389678821624379e+00 2.082890591793595033e-03 9.988613090830853469e-01 -4.766284474087546102e-02 -3.692870060220336814e-01 2.964404442710150689e-01 4.490380058595018486e-02 9.539951329000295743e-01 1.360135824370370905e+01
9.537251983837922165e-01 -1.623336468805397156e-02 -3.002411062816350840e-01 -2.891251321254579398e+00 -5.501658848073481866e-04 9.984456494965006090e-01 -5.573134040407618645e-02 -4.011354865771350475e-01 3.006791386960448453e-01 5.331756632505334215e-02 9.522338445084981284e-01 1.421586018645343152e+01
9.524034320196058667e-01 -1.651851144928721121e-02 -3.043925745993029119e-01 -3.098373818678500591e+00 -3.267631731069245080e-03 9.979202192542294680e-01 -6.437824607974382274e-02 -4.472043448438562385e-01 3.048229427970087224e-01 6.230870565644375941e-02 9.503686657017532680e-01 1.484119563940712005e+01
9.511323003239288143e-01 -1.525740125647449298e-02 -3.084064800754907076e-01 -3.326523063803569435e+00 -7.703899386371256333e-03 9.972950880502369220e-01 -7.309690326434863106e-02 -4.964717087572652066e-01 3.086875417615330131e-01 7.190075863204631323e-02 9.484420301328342351e-01 1.548152083344215946e+01
9.497402949649407233e-01 -1.420207316316530154e-02 -3.127165987756863608e-01 -3.553480872436969307e+00 -1.152113960788136993e-02 9.967076934846614833e-01 -8.025607186925065584e-02 -5.512033454228522089e-01 3.128268478237475891e-01 7.982527742149939098e-02 9.464498351586945191e-01 1.613272514733875340e+01
9.481719920617482922e-01 -1.295423475681833220e-02 -3.174934001265170003e-01 -3.790963845323745307e+00 -1.538664878663879333e-02 9.961248019277991750e-01 -8.659463034628252232e-02 -6.147532133126292209e-01 3.173848228952594885e-01 8.699176311751807833e-02 9.442983159530070614e-01 1.678852730303916729e+01
9.465452396093335663e-01 -1.196435243806947928e-02 -3.223491297257981003e-01 -4.044405610763259773e+00 -1.894156605523816470e-02 9.955259937774264545e-01 -9.257004250700286152e-02 -6.845095903498297218e-01 3.220144838111313468e-01 9.372753097649515197e-02 9.420837671781968625e-01 1.746739378154682143e+01
9.448878833448801640e-01 -1.030159280799204831e-02 -3.272319709652360409e-01 -4.296045234147628733e+00 -2.312201680480310481e-02 9.949093003090105913e-01 -9.808596474380268382e-02 -7.601301150345670665e-01 3.265765784966468410e-01 1.002465033765443658e-01 9.398395497252964859e-01 1.814624093816624395e+01
9.429953903741729038e-01 -6.849842984296380596e-03 -3.327352867335234277e-01 -4.539484786125975724e+00 -2.841197974631881965e-02 9.944812152818047757e-01 -1.009944149385643142e-01 -8.358062345792728332e-01 3.315907938403356292e-01 1.046909366343417164e-01 9.375965846691256544e-01 1.884141964843664141e+01
9.414164503505226822e-01 -6.446740888413442921e-03 -3.371846736395590072e-01 -4.808581233461849180e+00 -2.995077855315309012e-02 9.942683834650122288e-01 -1.026320247159965143e-01 -9.144202450545054761e-01 3.359137081694803517e-01 1.067184205728118063e-01 9.358275277992328389e-01 1.952793118955866447e+01
9.392161540293448851e-01 -6.201155567830547201e-03 -3.432703878823811783e-01 -5.092633376669907896e+00 -3.063503439258943514e-02 9.943348541708046939e-01 -1.017825743599769239e-01 -1.004078007246652859e+00 3.419568864695657351e-01 1.061119388459057095e-01 9.337053853967950401e-01 2.023632435673221508e+01
9.369652893881140754e-01 -5.837291028080155049e-03 -3.493736823968390248e-01 -5.363213645985231537e+00 -3.122999441497919040e-02 9.944600052884094987e-01 -1.003692449350331167e-01 -1.092350816187279916e+00 3.480240444587865412e-01 1.049534374295208738e-01 9.315922085418270049e-01 2.096257145182739379e+01
9.344562468180871440e-01 -6.003447093892511251e-03 -3.560273567485046087e-01 -5.643288772493750827e+00 -3.113218081786499683e-02 9.946515415178978081e-01 -9.848400009415229917e-02 -1.173860267166842553e+00 3.547144087361317477e-01 1.031128977765966570e-01 9.292714464560161147e-01 2.168504639284572733e+01
9.314945297130198254e-01 -5.294634637639798053e-03 -3.637167925748062691e-01 -5.940631300003587967e+00 -3.149964678888760722e-02 9.949639033321899806e-01 -9.515567941598536417e-02 -1.259923143350829111e+00 3.623889003792938879e-01 1.000939459399569631e-01 9.266366545841766555e-01 2.239087551391562414e+01
9.279309267618185419e-01 -2.480481805545224367e-03 -3.727439328568104004e-01 -6.265348427089670658e+00 -3.336662204352838779e-02 9.954107482663601125e-01 -8.968896692889485878e-02 -1.335152159371300051e+00 3.712557953005610756e-01 9.566237267429658631e-02 9.235896533514825757e-01 2.317824565056807984e+01
9.244563559135550168e-01 -3.814211125007406088e-04 -3.812876834063078091e-01 -6.587767902103958129e+00 -3.436647255796099198e-02 9.958459216629631516e-01 -8.431990216126707127e-02 -1.419923308930787220e+00 3.797359523759059607e-01 9.105358268515127695e-02 9.206029842096210558e-01 2.391849113367403490e+01
9.209472483956380184e-01 3.910281019610065134e-03 -3.896676433004447881e-01 -6.903769308878008992e+00 -3.820820746519732608e-02 9.960376263286291332e-01 -8.030678591549943179e-02 -1.495534780172609990e+00 3.878096190155426171e-01 8.884681613734905781e-02 9.174475166224240752e-01 2.465487402804782846e+01
9.171379376864130517e-01 4.536161646159396314e-03 -3.985441295801441242e-01 -7.249459390649279023e+00 -3.893096275856621630e-02 9.961733014677891518e-01 -7.825045450308575068e-02 -1.567850972340470106e+00 3.966640714149575753e-01 8.728216757297405093e-02 9.138049249674833341e-01 2.539319845286927801e+01
9.130993265159401684e-01 5.097911716499735520e-03 -4.077053198119309219e-01 -7.607572441244315087e+00 -4.021323120977458171e-02 9.961727989066985200e-01 -7.760573952117022500e-02 -1.648796520960252865e+00 4.057493292956690922e-01 8.725689721365156859e-02 9.098097158315666677e-01 2.616593814929428063e+01
9.092224582197654392e-01 4.366006835779057474e-03 -4.162877080984749290e-01 -7.966653595620361017e+00 -3.983657885204170551e-02 9.962689183602951859e-01 -7.655905790544995093e-02 -1.714647128969846168e+00 4.144002543929020677e-01 8.619269335176993341e-02 9.060040023412173626e-01 2.692952887706604415e+01
9.053882291775541269e-01 4.834690902826128955e-03 -4.245571534693092230e-01 -8.352404169773844700e+00 -4.048240100137541486e-02 9.963626387695986297e-01 -7.498444725079511652e-02 -1.787801001071984031e+00 4.226503663472166994e-01 8.507712924437424440e-02 9.022907256081507121e-01 2.772223533956860209e+01
9.015159535252218470e-01 5.774624696512081420e-03 -4.327073323274906458e-01 -8.736952307162450637e+00 -4.119938015500712591e-02 9.965144043308711286e-01 -7.253725316513949528e-02 -1.862333918296412261e+00 4.307802214859337564e-01 8.322076520622220808e-02 8.986115449699947355e-01 2.849806175922992324e+01
8.976112773834459269e-01 6.638939717428278195e-03 -4.407379212908083543e-01 -9.123841543354663131e+00 -4.086756130719408631e-02 9.968332127058714409e-01 -6.821574996804574686e-02 -1.932840784870094142e+00 4.388893253097131963e-01 7.924311081351853581e-02 8.950400512731909730e-01 2.927600809556892258e+01
8.937797216486462748e-01 7.963313998466734281e-03 -4.484354922863714177e-01 -9.538393134551593988e+00 -4.034262937185402464e-02 9.972168064856326009e-01 -6.269858998580507548e-02 -1.991726490037063479e+00 4.466881286333221346e-01 7.412979544130340881e-02 8.916134213634041572e-01 3.008444461306466522e+01
8.900443830923514543e-01 7.774258113082677807e-03 -4.558075831498806241e-01 -9.961821784492169485e+00 -3.855390744910673628e-02 9.975561767531394564e-01 -5.826894978880690912e-02 -2.064105962630424340e+00 4.542406799219675384e-01 6.943511506750874029e-02 8.881690005915406916e-01 3.088466559707343606e+01
8.863955714889336646e-01 6.500199335162566878e-03 -4.628829592423512884e-01 -1.040589309673661589e+01 -3.671825528280107942e-02 9.977383498190228739e-01 -5.630235424682931283e-02 -2.127842418543130165e+00 4.614701113114768050e-01 6.690241232755890499e-02 8.846295313989043230e-01 3.169286990215524114e+01
8.832801036054619415e-01 6.387214216731724147e-03 -4.688021519492475697e-01 -1.085893308091096365e+01 -3.662702470546880251e-02 9.977913634645223517e-01 -5.541530584254718977e-02 -2.192051186325048917e+00 4.674127969862172938e-01 6.611806527030510139e-02 8.815632041950668407e-01 3.251084840749555127e+01
8.801675786454097317e-01 6.865184158156843394e-03 -4.746134197956517475e-01 -1.129825337318734668e+01 -3.663256685546521785e-02 9.978956611702455293e-01 -5.350050961818347828e-02 -2.243732931605642023e+00 4.732473896257724522e-01 6.447572200054473013e-02 8.785668978037480814e-01 3.333436249815709118e+01
8.772386737753783414e-01 5.363862028042812487e-03 -4.800245135693125831e-01 -1.177340975591018868e+01 -3.460012934327506839e-02 9.980433894520954752e-01 -5.207901576037221592e-02 -2.305193865617305438e+00 4.788059561158458100e-01 6.229463711322612285e-02 8.757078503143950199e-01 3.417717246661478470e+01
8.745638267282176415e-01 4.568156689311180484e-03 -4.848888947473576905e-01 -1.225280555772610214e+01 -3.387978605093554946e-02 9.980876082851711795e-01 -5.170383298536036093e-02 -2.370877328956977337e+00 4.837254143459105427e-01 6.164623417367019742e-02 8.730460869513576583e-01 3.501216691196577813e+01
8.726766873559542725e-01 4.207092995851992832e-03 -4.882803446595934682e-01 -1.272899640205631400e+01 -3.400510530354487054e-02 9.980587725239342678e-01 -5.217604298851386685e-02 -2.430708383124270622e+00 4.871129803456695773e-01 6.213684102314776664e-02 8.711256867059241626e-01 3.584136258163099598e+01
8.710193132275221295e-01 4.256814723109105837e-03 -4.912303235015431646e-01 -1.322678522378620336e+01 -3.459769508192446497e-02 9.980109759666543345e-01 -5.269811578061854573e-02 -2.481572255205235056e+00 4.900289368889159669e-01 6.289651369833133832e-02 8.694341115346402304e-01 3.670845030811528176e+01
8.703772053741379855e-01 4.313104051702858037e-03 -4.923666445775197742e-01 -1.372649864500142414e+01 -3.423937920067228469e-02 9.980712151782625829e-01 -5.178334100866827799e-02 -2.546785434454415853e+00 4.911936367718116592e-01 6.192936800678633391e-02 8.688461137150236269e-01 3.759477384815055245e+01
8.703105201745129360e-01 3.667015671167622379e-03 -4.924897426976825310e-01 -1.424582140158506682e+01 -3.273162553842458994e-02 9.981921140036033036e-01 -5.040976382947666423e-02 -2.607063123611200073e+00 4.914145324433761286e-01 5.999213772753139023e-02 8.688571260355938408e-01 3.848377588437940489e+01
8.701255099899686263e-01 2.644053539643957500e-03 -4.928230930404929322e-01 -1.475464438426578084e+01 -3.126288463003427942e-02 9.982677161858772852e-01 -4.984173874534669063e-02 -2.667521525475484712e+00 4.918376078048952715e-01 5.877563994222343574e-02 8.687008670734712723e-01 3.936857854017456049e+01
8.695171863538300183e-01 1.729874488148533482e-03 -4.938996510832149300e-01 -1.526827640990331325e+01 -3.052540422823400365e-02 9.982703756514483828e-01 -5.024397323942850907e-02 -2.732230133268378491e+00 4.929584829304012317e-01 5.876448483635351994e-02 8.680660540562928906e-01 4.026503643260203802e+01
8.682413032633362615e-01 -1.324431001127897680e-04 -4.961421337676248378e-01 -1.580394979444493764e+01 -2.881969669008766638e-02 9.982979923535564293e-01 -5.070052854373758439e-02 -2.791187617767781681e+00 4.953044195155282825e-01 5.831895888096290392e-02 8.667597336409200715e-01 4.118787479783979677e+01
8.668158506643226513e-01 -1.189444835072052094e-03 -4.986269761534122824e-01 -1.633466885871996510e+01 -2.685937306005594868e-02 9.984339229814114258e-01 -4.907418429564632673e-02 -2.856578493551104714e+00 4.979044675058768576e-01 5.593108884439771528e-02 8.654264032273524254e-01 4.208824003146701642e+01
8.649683069663123280e-01 -8.419876145343228304e-04 -5.018257805573467234e-01 -1.687988374779256517e+01 -2.546042750776380051e-02 9.986370868640103149e-01 -4.556023941252217158e-02 -2.921962529878562087e+00 5.011802053924339084e-01 5.218486208772416673e-02 8.637679936278839232e-01 4.303590041502803842e+01
8.618505148102474367e-01 -8.170686881316308915e-04 -5.071617271185270281e-01 -1.743066874041370795e+01 -2.315529395638156115e-02 9.988925050202952516e-01 -4.095846454339389237e-02 -2.982491722533120893e+00 5.066335226564059324e-01 4.704355260612018419e-02 8.608771009287564668e-01 4.393557354350276256e+01
8.580237367137580895e-01 -2.264799750547523069e-03 -5.136050357373891373e-01 -1.797517844741931370e+01 -2.071905400642982259e-02 9.990236674192471966e-01 -3.901836457889420323e-02 -3.045079373771727216e+00 5.131919640319764220e-01 4.412009339704984351e-02 8.571390963884144565e-01 4.482998559088511570e+01
8.528493727878693198e-01 -4.784604888463901869e-03 -5.221350874557509902e-01 -1.853316583049060640e+01 -1.935239013698475050e-02 9.989813648272979352e-01 -4.076417246795049909e-02 -3.110506821211410422e+00 5.217982717402954718e-01 4.487026078659947514e-02 8.518880376032618162e-01 4.574016649671048640e+01
8.470296811480660937e-01 -7.932386386804764905e-03 -5.314863977452120025e-01 -1.910047923090176170e+01 -1.820221736343962879e-02 9.988693533488945953e-01 -4.391690167098440817e-02 -3.173806717462923643e+00 5.312338494146684464e-01 4.687315011779719098e-02 8.459276035910984204e-01 4.662733227716904594e+01
8.407677094983859734e-01 -8.275122144565303511e-03 -5.413327768725821887e-01 -1.969622897499700898e+01 -1.831080612184911305e-02 9.988765002475608057e-01 -4.370871379570376997e-02 -3.228990602851410596e+00 5.410862939002127892e-01 4.666111465862784330e-02 8.396715837781902891e-01 4.753073346528495335e+01
8.351498490287568854e-01 -4.934286789852114670e-03 -5.500003423682318093e-01 -2.029509939337203761e+01 -1.969052782712810493e-02 9.990505612234779065e-01 -3.886205434429660516e-02 -3.276935071831536650e+00 5.496699167122048868e-01 4.328543577497084849e-02 8.342597674300259447e-01 4.839881842537525358e+01
8.297899134415025468e-01 -1.034769043768353144e-03 -5.580749257601829161e-01 -2.087572050311288407e+01 -2.150942920621223831e-02 9.991959587799370546e-01 -3.383460438972437506e-02 -3.343520090660057953e+00 5.576612311332437288e-01 4.007948642629143021e-02 8.291004716312446732e-01 4.927608023325691988e+01
8.259496083999433580e-01 -8.614408013384538100e-04 -5.637432892268174900e-01 -2.151680686626251671e+01 -2.290651030655353748e-02 9.991216960793950497e-01 -3.508743725057265894e-02 -3.393196288731223031e+00 5.632783867471575778e-01 4.189384640456480374e-02 8.252044418013035898e-01 5.018269601600718488e+01
8.221922164457471371e-01 -2.519117646558882793e-03 -5.692043631233588696e-01 -2.212988426591400071e+01 -2.417414174960454132e-02 9.989334380777823430e-01 -3.933951201509944262e-02 -3.443727243026871943e+00 5.686963820836840044e-01 4.610466745424569857e-02 8.212544008178533916e-01 5.104777778370375785e+01
8.193918507550241870e-01 -4.754873550879530099e-03 -5.732140784658111832e-01 -2.273861414547233295e+01 -2.645639691970232132e-02 9.985863337589975242e-01 -4.610198627208428324e-02 -3.517371246012416020e+00 5.726229640516332653e-01 5.294077101389844942e-02 8.181077081296187492e-01 5.189656246349571944e+01
8.161903321381007714e-01 -5.868709372587704344e-03 -5.777533154734514342e-01 -2.336727875463624926e+01 -2.664730842206122774e-02 9.985020319338212547e-01 -4.778716588934145415e-02 -3.574417236218350169e+00 5.771683183846023635e-01 5.439899357784593742e-02 8.148113205761158273e-01 5.277098808111166051e+01
8.131180704565255102e-01 -4.440872761755742040e-03 -5.820818461529866372e-01 -2.399042112871706678e+01 -2.619548498687867405e-02 9.986786730324302974e-01 -4.421204183730637061e-02 -3.635576444137455177e+00 5.815090757824853407e-01 5.119752636700465598e-02 8.119273456134263878e-01 5.361791455609008494e+01
8.097988138920972911e-01 -2.218982008701659171e-03 -5.867034604580556589e-01 -2.463120484461412119e+01 -2.532840336079074731e-02 9.989283589386542817e-01 -3.873765273064561088e-02 -3.695669470769453735e+00 5.861606931966973910e-01 4.622996703799790025e-02 8.088747977749172202e-01 5.449849631429469810e+01
8.067143155222391560e-01 -1.069986932671559109e-03 -5.909406582262669572e-01 -2.529067814909053169e+01 -2.479398078523832941e-02 9.990565056198699168e-01 -3.565609545814450027e-02 -3.752559498894088019e+00 5.904212707722109599e-01 4.341605384080750307e-02 8.059266566848939384e-01 5.535928881316842620e+01
8.037628004491897959e-01 -5.740359892456440346e-04 -5.949495981149449664e-01 -2.592201730741090770e+01 -2.593753055236130631e-02 9.990149612119981759e-01 -3.600488624917327907e-02 -3.806397474238012890e+00 5.943842280317530591e-01 4.437091145859727720e-02 8.029561746650148990e-01 5.619666011063876709e+01
8.001454436760484512e-01 -1.497023884736262437e-03 -5.998041521886079419e-01 -2.657920614757075128e+01 -2.623897821670498690e-02 9.989522217575602658e-01 -3.749632939656843966e-02 -3.855510545682067747e+00 5.992318336788651223e-01 4.574076509282669345e-02 7.992677891454169625e-01 5.706073945245796608e+01
7.962694439484641062e-01 -3.684449869387790722e-03 -6.049308972563227638e-01 -2.723371169899153088e+01 -2.577110852892705584e-02 9.988670328551023658e-01 -4.000625811809471050e-02 -3.920688309895248302e+00 6.043929418949963717e-01 4.744550061270780272e-02 7.952723453124521669e-01 5.791617125343670835e+01
7.919849265927867421e-01 -4.628702697486464582e-03 -6.105230905004550568e-01 -2.788604308292578082e+01 -2.530893088307782299e-02 9.988628305393626450e-01 -4.040425511448775958e-02 -3.973398009479473636e+00 6.100158520866523215e-01 4.745124761770862926e-02 7.909671588520850172e-01 5.875405546326202710e+01
7.874651260615198600e-01 -4.834564975337751931e-03 -6.163402428574383807e-01 -2.857441036876970131e+01 -2.478624652022629743e-02 9.989119650394348016e-01 -3.950352048409709604e-02 -4.033205695636461918e+00 6.158606360795036982e-01 4.638440581991773448e-02 7.864885066109909006e-01 5.961957236333907417e+01
7.827504024367697433e-01 -4.914065470585978618e-03 -6.223163601112934318e-01 -2.925356787593727148e+01 -2.464813587152149890e-02 9.989394369836411824e-01 -3.889049604959106399e-02 -4.093603603258569201e+00 6.218474755606708815e-01 4.578048950457305061e-02 7.817991246201811961e-01 6.044214334459748272e+01
7.771933661659062853e-01 -5.633729637043392510e-03 -6.292366209485789064e-01 -2.995493380670858485e+01 -2.471168515904146809e-02 9.989153002395342318e-01 -3.946587905965871085e-02 -4.152480730644987794e+00 6.287764390702226258e-01 4.622211653292793154e-02 7.762111266290223632e-01 6.128988713740862693e+01
7.718002322632890877e-01 -7.151759573627996386e-03 -6.358248549192553334e-01 -3.065163043372129792e+01 -2.401836418609697502e-02 9.988952555697536706e-01 -4.039042740553638877e-02 -4.212504462170356234e+00 6.354113045339235821e-01 4.644481404480783199e-02 7.707758175728801620e-01 6.212295948682295688e+01
7.665830775206543546e-01 -8.329970179597141755e-03 -6.420911064919621047e-01 -3.135016345167189655e+01 -2.356846544940483998e-02 9.988771653879198187e-01 -4.109666586849374664e-02 -4.274513619321902880e+00 6.417124894394724555e-01 4.663711052132727547e-02 7.655260077859938894e-01 6.292997185069144450e+01
7.607919264113628399e-01 -9.172467644338868839e-03 -6.489310460833016547e-01 -3.206210460213203106e+01 -2.383878014316323513e-02 9.988303879258449980e-01 -4.206624252124442631e-02 -4.328808907226717295e+00 6.485579109274662857e-01 4.747338208812491855e-02 7.596834354503751996e-01 6.378234652016756456e+01
7.545632806371652679e-01 -1.120977544061634891e-02 -6.561315327830691269e-01 -3.277898798625072629e+01 -2.260468119111399415e-02 9.988167225200310639e-01 -4.306022807531812574e-02 -4.395761304255591639e+00 6.558378539123816964e-01 4.732331094131528998e-02 7.534170304116014627e-01 6.459322121117445192e+01
7.485519799616605630e-01 -1.204392732541772516e-02 -6.629667177292132285e-01 -3.353357363991101892e+01 -2.214023068445873654e-02 9.988235214147636043e-01 -4.314375148334088916e-02 -4.455748157501761675e+00 6.627063832185976500e-01 4.697357651594197964e-02 7.474046701793025660e-01 6.542828108085343786e+01
7.422495044362018568e-01 -1.271051435208860568e-02 -6.700030653156509031e-01 -3.429531252861069390e+01 -2.056045834074557085e-02 9.989174437736518808e-01 -4.172778586199071132e-02 -4.516030583452127267e+00 6.698081425000566025e-01 4.474799831745379652e-02 7.411846445444899567e-01 6.623925530101695358e+01
7.360432350287010594e-01 -1.310151936053445196e-02 -6.768077258295246423e-01 -3.502200486521758904e+01 -1.977428818513651473e-02 9.989698891451503915e-01 -4.084284689166887278e-02 -4.583222295067975516e+00 6.766456538668597087e-01 4.344549198061346124e-02 7.350259566246147847e-01 6.703816139086239900e+01
7.292549070321637794e-01 -1.474344148909989723e-02 -6.840832571516106686e-01 -3.581112577068152802e+01 -1.864832423990112412e-02 9.989682104048777100e-01 -4.140959592710946602e-02 -4.638186745419119461e+00 6.839879589200872356e-01 4.295515721529032799e-02 7.282275298813051245e-01 6.786000248126968870e+01
7.229580930793816362e-01 -1.653114287578829125e-02 -6.906940770140505004e-01 -3.658769348334479332e+01 -1.815501111072827245e-02 9.989139231437919042e-01 -4.291118444502412671e-02 -4.710830586826519450e+00 6.906533129989389508e-01 4.356254652256574822e-02 7.218727829047066891e-01 6.865036965224855692e+01
7.170813678712034678e-01 -1.531166891482803154e-02 -6.968212507910865883e-01 -3.737707403694524544e+01 -2.042827429287086619e-02 9.988674507481567488e-01 -4.297093761762110081e-02 -4.769796496091763593e+00 6.966900351931025748e-01 4.504851417975582611e-02 7.159564479012243687e-01 6.944478418345606485e+01
7.116837931188013666e-01 -1.565315301002989656e-02 -7.023255286450182933e-01 -3.819123244866062805e+01 -1.969861007366766753e-02 9.989139390384705885e-01 -4.222448565742760451e-02 -4.832382627344732562e+00 7.022237187563427074e-01 4.388531864366887469e-02 7.106025167537129983e-01 7.026304300517674051e+01
7.069836982402005754e-01 -1.540093132497637532e-02 -7.070621276765711727e-01 -3.900059321627423259e+01 -2.035644712901196404e-02 9.989055012347458629e-01 -4.211193058974750658e-02 -4.888144299090583900e+00 7.069368241986259127e-01 4.416572104082230887e-02 7.058963981949242239e-01 7.104995441793123234e+01
7.021838553371233527e-01 -1.562800561225009474e-02 -7.118241280577629615e-01 -3.982491445470862601e+01 -2.102155810684244036e-02 9.988681751401043973e-01 -4.266688203959482367e-02 -4.959503667355460443e+00 7.116852783639283642e-01 4.492364779230557936e-02 7.010605821556594730e-01 7.184728430248011932e+01
6.966345461210793344e-01 -1.793526533546813129e-02 -7.172019421458508681e-01 -4.065067886344231596e+01 -2.068194048865056034e-02 9.987699291815269609e-01 -4.506535181451232913e-02 -5.030421624489442856e+00 7.171280043792934711e-01 4.622720859875397575e-02 6.954067012019433669e-01 7.263973543858536175e+01
6.916026566216247895e-01 -2.005444034565210740e-02 -7.219997057260416629e-01 -4.148504459494127161e+01 -2.058304909093272919e-02 9.986612589352319436e-01 -4.745553733910994054e-02 -5.092449963236365562e+00 7.219848417677556807e-01 4.768133089848090866e-02 6.902639992184556039e-01 7.342293002326863416e+01
6.866192310596310744e-01 -2.035524706514820967e-02 -7.267321966377737752e-01 -4.234050271759873141e+01 -2.173621246723133477e-02 9.985863465655090421e-01 -4.850613934937322153e-02 -5.153734916684359568e+00 7.266922161565765315e-01 4.910165336081584453e-02 6.852061444606719620e-01 7.419740203532016665e+01
6.818626508326821600e-01 -2.006242550727770080e-02 -7.312050427502474470e-01 -4.319723538046767430e+01 -2.111583960235251592e-02 9.986673519536282129e-01 -4.709184104886001559e-02 -5.234857193229148109e+00 7.311753929446577205e-01 4.755017577738170770e-02 6.805303339609575231e-01 7.498900072828676855e+01
6.769936848436612919e-01 -2.043994156593732445e-02 -7.357049336645080650e-01 -4.406167123119204376e+01 -2.025748211238570864e-02 9.987180693850334912e-01 -4.638806241223009108e-02 -5.298015794255261923e+00 7.357099929644010938e-01 4.630795463215012925e-02 6.757117651856666685e-01 7.576586729478468385e+01
6.718806424051140258e-01 -2.124892019293427720e-02 -7.403545607221547753e-01 -4.492944180915225871e+01 -1.949099411562342857e-02 9.987349497404406362e-01 -4.635300794679649700e-02 -5.373597076030767639e+00 7.404029391344177924e-01 4.557393492646515110e-02 6.706165180756390454e-01 7.652983133520497461e+01
6.669938959052419403e-01 -2.185694001985163254e-02 -7.447425103461282614e-01 -4.580155686950180183e+01 -1.917235503896496177e-02 9.987351212956151469e-01 -4.648202149729350335e-02 -5.436789346597510786e+00 7.448164690120406828e-01 4.528169220642014325e-02 6.657311815524642462e-01 7.731329941130883299e+01
6.623766048176962240e-01 -2.254011505961238740e-02 -7.488318677896697029e-01 -4.670787239292260296e+01 -1.847571123004929095e-02 9.987518134316477614e-01 -4.640542306264457129e-02 -5.511785181220569818e+00 7.489431824093905066e-01 4.457306769056106760e-02 6.611333916215236250e-01 7.810993892280714590e+01
6.584957069780249528e-01 -2.326944027708771623e-02 -7.522246516619044421e-01 -4.758623105037183620e+01 -1.734452108073690144e-02 9.987871651852159305e-01 -4.607999864965745679e-02 -5.576615235054569020e+00 7.523845961770340152e-01 4.339045737147650961e-02 6.572934642088358315e-01 7.886859145740292831e+01
6.544686681279723306e-01 -2.602031288015235061e-02 -7.556412476811348311e-01 -4.850800007625478116e+01 -1.452383359901097265e-02 9.987905974325784753e-01 -4.697234033950337118e-02 -5.647735071024800213e+00 7.559496212567407003e-01 4.171673250131331667e-02 6.532992383980025242e-01 7.964939145874916449e+01
6.504360495286511945e-01 -3.032409357743046097e-02 -7.589554559917212062e-01 -4.940725128128307375e+01 -1.159421424319841479e-02 9.986899606738867119e-01 -4.983910769915837063e-02 -5.732039758881694702e+00 7.594725333732884609e-01 4.121664421586426763e-02 6.492323697435576912e-01 8.042244210434283502e+01
6.456952978070036320e-01 -3.463757123676944327e-02 -7.628091571998761866e-01 -5.031872486846597781e+01 -7.597862969549361301e-03 9.986297655977681709e-01 -5.177705806383339077e-02 -5.800739330985480890e+00 7.635573745704881121e-01 3.922792209005590558e-02 6.445473734388919018e-01 8.118394917393170829e+01
6.389978352226419744e-01 -3.845563378449095432e-02 -7.682466530545778438e-01 -5.124651304238204830e+01 -2.206101942354272549e-03 9.986538006704939185e-01 -5.182392797811696816e-02 -5.880277816040992533e+00 7.692053752065609595e-01 3.481020789743703020e-02 6.380527807873241919e-01 8.195402528378478735e+01
6.306864552865604212e-01 -4.197214658932352238e-02 -7.749018795777594670e-01 -5.216801479677992859e+01 2.440176716625779615e-03 9.986386468190640020e-01 -5.210468883256427070e-02 -5.965003781712390207e+00 7.760339234847839496e-01 3.097082361429663588e-02 6.299302888095801300e-01 8.272112330164452487e+01
6.217827492387885124e-01 -4.302175628324103607e-02 -7.820072442063703555e-01 -5.310738925932642474e+01 4.974576807328546547e-03 9.986869304647159051e-01 -5.098694423109967344e-02 -6.044870052106349867e+00 7.831739757409246216e-01 2.781264686002913461e-02 6.211803213749104158e-01 8.345507431870012738e+01
6.129831455346936853e-01 -4.217953645842365679e-02 -7.889692887329172732e-01 -5.406711134621130554e+01 6.642667406679706940e-03 9.988138207482641917e-01 -4.823718926681491020e-02 -6.111699782784012491e+00 7.900680656735321605e-01 2.432772299223407222e-02 6.125362233789385380e-01 8.420466639008881771e+01
6.041931068554006190e-01 -4.194132329120856678e-02 -7.957333745770447386e-01 -5.506604320123903307e+01 6.180356082799878630e-03 9.988304520756549065e-01 -4.795342722317143952e-02 -6.196036768473097922e+00 7.968139702294075866e-01 2.405521413133835176e-02 6.037456874845226196e-01 8.493966595569402500e+01
5.946990983211901671e-01 -4.265425917047779153e-02 -8.028160342353543033e-01 -5.604967059962271492e+01 4.096579957431660361e-03 9.987393532818781283e-01 -5.002921365098764866e-02 -6.260897245961534630e+00 8.039379397773613878e-01 2.646352774451349310e-02 5.941241305579665344e-01 8.564905106804948787e+01
5.846262286633326921e-01 -4.504640897018776652e-02 -8.100512217110450441e-01 -5.704436424386775428e+01 5.460214092528094254e-03 9.986532300497609205e-01 -5.159372199576682527e-02 -6.351175874436980173e+00 8.112843949925022669e-01 2.573998957781940822e-02 5.840848357938023261e-01 8.636124325224852782e+01
5.747001292501180414e-01 -4.631113905517893897e-02 -8.170526468011536370e-01 -5.804083720277397163e+01 5.227535526433002393e-03 9.985848833275472458e-01 -5.292356410504566594e-02 -6.416644957630512458e+00 8.183473866605306402e-01 2.614400695372015929e-02 5.741289557802068400e-01 8.705798787113236870e+01
5.645684030296910239e-01 -4.760760780859039226e-02 -8.240121489348729567e-01 -5.907264500856500433e+01 8.451814198520531812e-03 9.986162770205162520e-01 -5.190470187689649045e-02 -6.497896817847653494e+00 8.253430173500906353e-01 2.233935658906237645e-02 5.641895685628397494e-01 8.775300686245351756e+01
5.543912293025018423e-01 -4.732401836333201967e-02 -8.309096157700907037e-01 -6.010293757655290392e+01 9.501945966369048507e-03 9.986768697150311125e-01 -5.053932022379951233e-02 -6.584706312590943078e+00 8.322019522034203032e-01 2.012329708996770869e-02 5.541073689030034943e-01 8.845521082003784841e+01
5.439816811813515951e-01 -4.801033806779702456e-02 -8.377224631151303225e-01 -6.115357114310872788e+01 1.029467964971852827e-02 9.986685067719874853e-01 -5.054931375362527873e-02 -6.666596427541571224e+00 8.390339454822028920e-01 1.887381576384958640e-02 5.437516254770025093e-01 8.912672071680556485e+01
5.334954169643414401e-01 -4.883519126776804387e-02 -8.443919417035815611e-01 -6.220328495868166385e+01 9.004668377462388129e-03 9.986031150928444955e-01 -5.206471399774176972e-02 -6.743229476706415149e+00 8.457550282371157913e-01 2.017281637384808410e-02 5.331899311499934679e-01 8.977665046711091179e+01
5.233052582499516658e-01 -4.940596727012890738e-02 -8.507118454265639729e-01 -6.327940184162355308e+01 8.202849414465343894e-03 9.985636470533698628e-01 -5.294672808679005277e-02 -6.822361157526617426e+00 8.521058220111465964e-01 2.072903953865674886e-02 5.229588780978456919e-01 9.041842996458018433e+01
5.135869769175389621e-01 -4.969524757226146533e-02 -8.565972135168745671e-01 -6.433645260499183394e+01 6.034346263146558691e-03 9.985058864804035039e-01 -5.431004789307494751e-02 -6.911209155540481319e+00 8.580163261507767203e-01 2.272392862018707271e-02 5.131194991991261389e-01 9.106304130923356865e+01
