1 0 0 0 0 1 0 0 0 0 1 0
0.99986842 0.0007229487 0.016205806 -0.019321771 -0.00071382432 0.99999958 -0.00056881165 -0.0036645504 -0.016206212 0.00055716873 0.99986852 0.11035749
0.99936257 0.0028874296 0.035582392 0.012037613 -0.0028615231 0.9999956 -0.00077898104 0.0045285307 -0.035584487 0.00067666471 0.99936644 0.2744699
0.99800545 0.0050695869 0.062924005 0.049243096 -0.005108224 0.99998685 0.0004531613 0.0018931131 -0.062920886 -0.00077368732 0.99801822 0.40715203
0.99522936 0.00453174 0.097457626 0.054349484 -0.0049066005 0.99998146 0.0036070705 -0.0043459111 -0.097439481 -0.0040680481 0.99523314 0.57971216
0.9908922 0.0014011081 0.13465026 0.15667353 -0.002132478 0.99998375 0.0052875529 -0.00012307283 -0.13464067 -0.0055265336 0.99087908 0.76746056
0.98473618 -0.0017948453 0.17404433 0.22712661 0.00075583474 0.9999815 0.0060359007 -0.0056123522 -0.17405195 -0.005812221 0.98471932 0.96555937
0.97601892 -0.0020792525 0.21767576 0.30225751 0.00060691224 0.99997649 0.0068305528 -0.0077928419 -0.21768487 -0.0065346387 0.97599723 1.1874191
0.96441625 -0.0022484815 0.26437897 0.41825162 -0.00044587262 0.99994858 0.010130808 0.0048248645 -0.26438818 -0.0098881953 0.96436566 1.3875244
0.94991809 -0.0060853669 0.31243974 0.54298138 0.00082411801 0.99985568 0.016968533 0.0093429995 -0.31249794 -0.015861229 0.94978601 1.6154828
0.93295257 -0.015711509 0.35965628 0.6905429 0.0072540835 0.9996648 0.024852971 0.0013651441 -0.35992623 -0.020577666 0.93275381 1.8315209
0.9117998 -0.021187143 0.41008805 0.83288728 0.0096669319 0.99949878 0.030145275 -0.010488261 -0.41052124 -0.023522163 0.9115476 2.0420325
0.88685095 -0.023234472 0.46147105 1.0301676 0.0087188946 0.99939859 0.033562537 0.005925304 -0.46197337 -0.02574145 0.88652017 2.3082693
0.85888889 -0.025091843 0.51154692 1.2127748 0.0063094521 0.99924175 0.038420131 0.0179278 -0.51212312 -0.029771043 0.85839596 2.5165616
0.82627979 -0.030396537 0.56243909 1.4312883 0.0074018654 0.99904255 0.043118308 0.016168376 -0.56321128 -0.031464688 0.82571366 2.7489545
0.79016713 -0.036010995 0.61183257 1.6535045 0.0096258179 0.99887841 0.04636007 0.025104817 -0.61281587 -0.030742814 0.78962752 2.9338728
0.75253991 -0.04078186 0.65728266 1.9271851 0.010812506 0.9987113 0.049586676 0.036541908 -0.65845791 -0.03020908 0.75201106 3.151012
0.71283979 -0.044175508 0.69993422 2.2101343 0.012430928 0.99865333 0.050368673 0.047633685 -0.70121676 -0.027203962 0.71242897 3.3917244
0.67163941 -0.045841713 0.73945858 2.4888253 0.011385502 0.99860469 0.051565833 0.063940386 -0.74079074 -0.026214538 0.67122419 3.5766656
0.62925606 -0.046152486 0.77582646 2.8610297 0.006918276 0.99852834 0.053789345 0.083516527 -0.77716729 -0.02847989 0.62864931 3.7957233
0.58692383 -0.047186813 0.8082659 3.2101674 0.0040595039 0.99845917 0.055342538 0.10158159 -0.80963201 -0.029200696 0.58621104 4.0169521
0.54711408 -0.04809883 0.83567495 3.5703584 0.0021446279 0.99842498 0.056062128 0.12795435 -0.83705534 -0.028880168 0.54635552 4.2113274
0.50896058 -0.051001927 0.85927753 3.9853145 0.0015008654 0.99829423 0.058364203 0.14131979 -0.86078856 -0.028415418 0.50816896 4.4336912
0.47138626 -0.050564912 0.88047608 4.4190009 -0.0018663276 0.99829559 0.058330363 0.15516221 -0.88192493 -0.029139388 0.47048845 4.6164082
0.43502403 -0.04999614 0.89902971 4.8650199 -0.0030659301 0.99836924 0.057004079 0.18269795 -0.90041366 -0.027554506 0.43416132 4.8066529
0.40045433 -0.048876307 0.91501222 5.3695835 -0.0014751095 0.99854073 0.053983647 0.20282906 -0.91631557 -0.022967728 0.39979786 4.9884361
0.37034878 -0.046983529 0.92770375 5.8608869 4.0914264e-05 0.99872083 0.050563852 0.22390258 -0.92889281 -0.018688304 0.36987696 5.1597203
0.34603633 -0.045128465 0.93713511 6.4124145 0.00078068052 0.99885603 0.047812417 0.24648218 -0.93822083 -0.01581323 0.3456757 5.3434353
0.32536576 -0.044590565 0.94453625 7.0064316 0.0025721307 0.99892556 0.046272201 0.27082366 -0.94558478 -0.012625919 0.32513087 5.509959
0.31029811 -0.045178762 0.94956511 7.5711473 0.0034118011 0.99891656 0.046411918 0.30071022 -0.95063322 -0.011161802 0.31011606 5.7077955
0.29883142 -0.04674565 0.9531603 8.1791048 0.0048897541 0.99886146 0.047453945 0.31481358 -0.95429343 -0.0095200094 0.29871976 5.8786678
0.28862216 -0.048720645 0.95620263 8.8037805 0.0033145852 0.99874932 0.049888011 0.34569639 -0.95743738 -0.01122937 0.28842267 6.0961618
0.27761948 -0.050201454 0.95937853 9.4891235 0.0014294081 0.99865422 0.051843002 0.37537274 -0.96069009 -0.013021283 0.27731763 6.2791091
0.26681592 -0.052127383 0.9623367 10.171582 0.00081063684 0.99854795 0.053864099 0.40569954 -0.96374721 -0.013591693 0.26647075 6.4575828
0.25702891 -0.054107428 0.96488779 10.888879 0.00029203697 0.99843572 0.055910881 0.43525752 -0.96640371 -0.01408893 0.25664265 6.6705932
0.24740184 -0.05526351 0.96733562 11.615667 4.0033518e-05 0.99837267 0.057026406 0.46874652 -0.968913 -0.014069711 0.24700144 6.8672223
0.23588628 -0.056658093 0.97012754 12.388005 -0.0011525869 0.9982819 0.058582635 0.49713986 -0.97178002 -0.014936996 0.2354157 7.0250026
0.22534183 -0.059724343 0.97244742 13.127579 -0.0022121426 0.99808539 0.061811549 0.53321888 -0.97427729 -0.016079919 0.22477827 7.1874101
0.21492308 -0.063491933 0.97456491 13.900678 -0.0034590356 0.99782879 0.06577038 0.57404605 -0.9766249 -0.017506627 0.21423681 7.3887354
0.20222343 -0.066568641 0.97707432 14.73034 -0.0041026002 0.99762082 0.068817594 0.61227638 -0.97933086 -0.017925074 0.20146919 7.5768758
0.18830371 -0.06944998 0.97965215 15.465172 -0.0048313959 0.99741898 0.07163818 0.65227302 -0.982099 -0.018222822 0.18748215 7.7055845
0.17488571 -0.070081551 0.98209138 16.27793 -0.0057822319 0.99737329 0.072201729 0.68017219 -0.9845718 -0.01830573 0.1740211 7.8662685
0.15943618 -0.069332737 0.98477053 17.062884 -0.0067914474 0.99743011 0.071323581 0.72865087 -0.98718492 -0.018059576 0.15855558 7.959333
0.14367518 -0.068264327 0.98726761 17.845977 -0.0079297075 0.9975066 0.070126294 0.76547869 -0.98959317 -0.017904151 0.14277562 8.0864082
0.12361976 -0.066876444 0.99007354 18.701794 -0.011685745 0.99755919 0.068841148 0.80238856 -0.99226089 -0.020079872 0.12253652 8.2102253
0.097856704 -0.065359946 0.99305189 19.525325 -0.015330976 0.99762365 0.067171581 0.84734468 -0.99508246 -0.021797644 0.096622128 8.2784271
0.067676421 -0.064686602 0.99560809 20.350984 -0.019602773 0.99761714 0.066149631 0.88389312 -0.99751477 -0.02399345 0.066247119 8.3220932
0.034152325 -0.064698614 0.99732022 21.188192 -0.022029903 0.9976112 0.065471884 0.92235511 -0.99917385 -0.024206884 0.032645436 8.3224455
-0.00016040166 -0.064094738 0.99794376 22.040254 -0.023902457 0.99765895 0.064072603 0.95544231 -0.99971432 -0.02384303 -0.0016920494 8.3278518
-0.033981165 -0.063030656 0.99743287 22.885774 -0.025063137 0.99774917 0.062196777 0.98994235 -0.9991082 -0.022885277 -0.035484427 8.3058658
-0.066566895 -0.06105439 0.99591221 23.692334 -0.027313072 0.9978636 0.059348411 1.0205993 -0.99740811 -0.023250782 -0.068092266 8.2342706
-0.09868214 -0.057621937 0.99344928 24.556077 -0.029147668 0.99806115 0.054994114 1.0565417 -0.99469208 -0.023529792 -0.10017036 8.1713449
-0.13173617 -0.053393572 0.98984576 25.38456 -0.026959521 0.99837196 0.05026551 1.0774965 -0.99091819 -0.020063981 -0.13296116 8.0153804
-0.16223264 -0.047956296 0.98558647 26.240337 -0.02211076 0.9987442 0.044956975 1.1006015 -0.98650482 -0.014498576 -0.16308927 7.8928756
-0.19368727 -0.041718885 0.98017585 27.080524 -0.016262244 0.9990947 0.039310627 1.1140794 -0.98092857 -0.0083258906 -0.19419037 7.6832394
-0.22246299 -0.036016175 0.97427561 27.88369 -0.010142475 0.99934883 0.03462716 1.1316404 -0.97488842 -0.0021783036 -0.22268342 7.4892587
-0.24964255 -0.029157604 0.96789894 28.697278 -0.0016273976 0.99955778 0.029691574 1.1447098 -0.96833673 0.0058371249 -0.24957961 7.264506
-0.27697883 -0.019260844 0.96068292 29.483261 0.0051899845 0.9997545 0.021540544 1.1423445 -0.96086205 0.010952205 -0.27681087 7.0274648
-0.3025251 -0.0041752259 0.95313223 30.276376 0.0092847919 0.99993005 0.0073272279 1.1335698 -0.95309624 0.011066306 -0.30246517 6.7157812
-0.32780834 0.013111441 0.94465322 31.079528 0.0091350304 0.99990094 -0.01070827 1.1078207 -0.94470012 0.0051191765 -0.32789564 6.4482406
-0.35350255 0.027691743 0.93502355 31.831259 0.0077813105 0.9996142 -0.026662799 1.0870245 -0.93540123 -0.002149658 -0.35358165 6.1595789
-0.37735897 0.038824429 0.92525283 32.609016 0.012304942 0.99924281 -0.036910614 1.051278 -0.92598535 -0.0025433679 -0.37755097 5.8533931
-0.40182261 0.043316632 0.9146924 33.386266 0.016745851 0.99906112 -0.039955618 0.99924405 -0.91556444 -0.00073776796 -0.40217072 5.5416135
-0.42392129 0.042700604 0.90469184 34.107579 0.018162828 0.99908791 -0.038645255 0.95238711 -0.90551694 4.9217188e-05 -0.4243102 5.1575975
-0.44389897 0.038956432 0.8952296 34.846294 0.023031818 0.9992205 -0.032061344 0.90826672 -0.89578084 0.0063867688 -0.44445019 4.7931976
-0.46257761 0.037821029 0.88577167 35.5618 0.030108077 0.99918353 -0.026940155 0.87832936 -0.88606745 0.01420697 -0.46333865 4.3988528
-0.47595674 0.038662582 0.87861841 36.259963 0.033919527 0.99909691 -0.025589537 0.83223308 -0.87881438 0.01762281 -0.47683833 3.9971978
-0.48743134 0.041883073 0.8721562 36.962715 0.036691077 0.99894914 -0.027466042 0.78420526 -0.87239012 0.018612542 -0.48845585 3.5984893
-0.49699057 0.044749132 0.86660131 37.677835 0.038291698 0.9988276 -0.029616913 0.74256389 -0.86691071 0.01846431 -0.49812142 3.1898063
-0.50786782 0.04392336 0.86031445 38.349807 0.031744119 0.99897517 -0.032263237 0.68615036 -0.86084996 0.010924465 -0.50874165 2.8004344
-0.51834918 0.042427373 0.85411591 39.048938 0.029857707 0.99905747 -0.031507042 0.65416479 -0.85464771 0.0091702941 -0.5191274 2.374796
-0.52738688 0.043961712 0.84848712 39.694834 0.032707238 0.9989707 -0.03142899 0.62362889 -0.84899551 0.011176435 -0.5282819 1.9762162
-0.53410797 0.047219279 0.84409653 40.387672 0.0361199 0.99880185 -0.03301847 0.57628877 -0.84464436 0.012853255 -0.53517358 1.4944283
-0.53765493 0.050525573 0.84164974 41.08911 0.036741597 0.99865873 -0.036480143 0.5342874 -0.84236411 0.011309828 -0.53879018 1.0681245
-0.53852119 0.051749142 0.84102134 41.778467 0.036017176 0.99861377 -0.03838356 0.49367617 -0.84184188 0.0096208541 -0.53963854 0.62622636
-0.53468541 0.053221444 0.84337354 42.511135 0.038907403 0.99850684 -0.038344521 0.44888478 -0.84415507 0.01231122 -0.53595775 0.15667258
-0.52882095 0.051861329 0.84714741 43.262123 0.037046546 0.99859053 -0.038006658 0.4029484 -0.84792453 0.01128517 -0.52999688 -0.30582253
-0.52117051 0.05026945 0.85197079 44.01013 0.034768001 0.99868568 -0.037657773 0.3629963 -0.85274413 0.0099952009 -0.52223329 -0.76736029
-0.51488164 0.049287027 0.85584322 44.796663 0.03265855 0.99874889 -0.037869173 0.31538882 -0.856639 0.0084524574 -0.51584711 -1.2145841
-0.50797309 0.048276473 0.86001899 45.619902 0.029762087 0.99881572 -0.038488639 0.25817217 -0.86085866 0.0060447682 -0.50880831 -1.7010139
-0.50398556 0.045915958 0.86249071 46.423145 0.025682814 0.99894106 -0.038172663 0.21346617 -0.86333019 0.0029127184 -0.50463112 -2.1299664
-0.5022493 0.043311572 0.86363747 47.274051 0.020983604 0.9990612 -0.037900057 0.16967064 -0.86446827 -0.00091305003 -0.50268662 -2.6156927
-0.50336041 0.040881673 0.86310887 48.080417 0.018554407 0.99916121 -0.036505043 0.12720746 -0.86387736 -0.0023607197 -0.50369673 -3.0772738
-0.50404712 0.039767811 0.86276008 48.94494 0.016644493 0.99920113 -0.036332733 0.065957618 -0.86351579 -0.0039532047 -0.50430637 -3.568459
-0.50432446 0.038928193 0.86263629 49.813248 0.016789581 0.99923654 -0.035276831 0.022656221 -0.86335104 -0.0033076659 -0.50459302 -4.0797834
-0.50431176 0.038210882 0.86267579 50.695979 0.016530706 0.99926461 -0.034597183 -0.02657734 -0.86336345 -0.0031871264 -0.50457255 -4.5720132
-0.50437994 0.037786054 0.86265464 51.56542 0.016771756 0.9992823 -0.033964458 -0.076451059 -0.86331897 -0.0026627575 -0.50465169 -5.0829178
-0.50489889 0.03694058 0.86238764 52.44936 0.016402215 0.99931403 -0.03320291 -0.12945226 -0.86302268 -0.0026190443 -0.50515846 -5.6141839
-0.50515696 0.035837281 0.86228306 53.346914 0.014945829 0.9993509 -0.032778132 -0.17909718 -0.8628981 -0.0036705653 -0.50536468 -6.1213178
-0.50476812 0.035219571 0.86253618 54.260358 0.014474953 0.99937223 -0.032335995 -0.23738059 -0.86313364 -0.0038370074 -0.50496104 -6.6372616
-0.50394387 0.033994533 0.86306714 55.168762 0.013013575 0.9994106 -0.031766224 -0.28734549 -0.8636384 -0.0047768039 -0.50408924 -7.1572517
-0.50313129 0.033055143 0.86357756 56.054324 0.012773815 0.99944352 -0.030813493 -0.34833888 -0.86411562 -0.0044720521 -0.50327355 -7.660428
-0.50086378 0.030817269 0.86497729 56.939869 0.013329237 0.99952205 -0.027892532 -0.39588549 -0.86542352 -0.0024408713 -0.50103517 -8.1758832
-0.49817187 0.02980676 0.86656579 57.830735 0.014298001 0.99955547 -0.026161484 -0.43862364 -0.86696045 -0.00064275656 -0.4983766 -8.6923484
-0.49625158 0.02912179 0.86769017 58.708519 0.013765786 0.99957555 -0.025675218 -0.4975764 -0.86806966 -0.00079692934 -0.49644183 -9.1755202
-0.49400681 0.029369733 0.86896181 59.617708 0.014413029 0.99956861 -0.025590224 -0.5441947 -0.8693386 -0.000117372 -0.494217 -9.6826737
-0.49267586 0.030035801 0.86969436 60.498495 0.014171205 0.99954856 -0.02649256 -0.59994831 -0.87009754 -0.00072762727 -0.49287909 -10.169796
-0.49383319 0.031385252 0.86899004 61.38261 0.013974258 0.99950581 -0.028157732 -0.6430961 -0.8694444 -0.0017617306 -0.49402772 -10.676292
-0.49617851 0.033232591 0.86758424 62.26465 0.012470841 0.99943689 -0.031150996 -0.69819395 -0.868131 -0.0046369493 -0.49631355 -11.167409
-0.50083341 0.033872374 0.86488063 63.140702 0.011500043 0.99940617 -0.032481538 -0.74819704 -0.86546734 -0.006321674 -0.50092553 -11.657786
-0.50607397 0.032086491 0.86189299 64.005023 0.010589102 0.99946359 -0.030990401 -0.80494276 -0.86242511 -0.0065567618 -0.50614227 -12.190289
-0.51204638 0.029985583 0.85843422 64.860028 0.014002 0.99954908 -0.026562766 -0.86278677 -0.8588437 -0.0015815718 -0.51223535 -12.698824
-0.51731925 0.028044824 0.85533281 65.717062 0.011356147 0.99959986 -0.025906697 -0.90638411 -0.85571718 -0.0036887476 -0.51743074 -13.1838
-0.52205578 0.030444912 0.85236776 66.5757 0.012781052 0.99952976 -0.027873146 -0.95469784 -0.85281561 -0.0036571797 -0.52219941 -13.710769
-0.52772942 0.032958298 0.84877285 67.404092 0.013366959 0.99944544 -0.030498009 -1.0062526 -0.84930739 -0.0047491839 -0.52787732 -14.200328
-0.53200111 0.032821433 0.84610727 68.236231 0.011499939 0.99943638 -0.031538498 -1.0578607 -0.8466656 -0.0070483329 -0.53207871 -14.738205
-0.5354341 0.033190482 0.84392456 69.064297 0.010530603 0.9994122 -0.032624394 -1.110394 -0.84451139 -0.008581178 -0.53546889 -15.26671
-0.53912504 0.032417101 0.8416016 69.895427 0.010133234 0.99943633 -0.032005341 -1.178698 -0.84216481 -0.0087267344 -0.53914965 -15.784058
-0.54203436 0.025872177 0.83995793 70.719302 0.012413166 0.99966341 -0.022781028 -1.2184804 -0.84026467 -0.0019215616 -0.54217308 -16.293414
-0.54325321 0.018188551 0.83937183 71.540192 0.013175843 0.99982688 -0.013137898 -1.2526964 -0.83946555 0.0039222273 -0.54339881 -16.849058
-0.54511022 0.01581333 0.8382152 72.347992 0.013895445 0.99985517 -0.0098262239 -1.2821656 -0.83824926 0.0062909989 -0.54525101 -17.361311
-0.54626127 0.020314028 0.83736844 73.153821 0.01340616 0.99978986 -0.015508695 -1.3247958 -0.83750758 0.0027540961 -0.54641881 -17.884401
-0.54736417 0.025433741 0.83650794 73.95653 0.013562818 0.99967642 -0.021520069 -1.372586 -0.83678466 -0.00043390896 -0.54753201 -18.412476
-0.5478072 0.030748374 0.83603932 74.751383 0.020138885 0.99951944 -0.023565125 -1.4006945 -0.83636221 0.0039277552 -0.54816319 -18.925752
-0.54789757 0.031533834 0.83595084 75.55472 0.023193707 0.99947775 -0.022500831 -1.4446166 -0.83622387 0.007060649 -0.54834282 -19.467935
-0.54723082 0.029155048 0.83647376 76.351618 0.023260403 0.99953687 -0.019621339 -1.4917328 -0.83665849 0.0087193163 -0.54765555 -19.983799
-0.54756321 0.024101967 0.8364171 77.143057 0.021585305 0.9996593 -0.014675018 -1.5104081 -0.8364859 0.010018819 -0.54789691 -20.485075
-0.54638855 0.018408459 0.83732946 77.942095 0.020055242 0.99975933 -0.0088926448 -1.5488017 -0.83729171 0.011934006 -0.54662623 -21.009859
-0.54561978 0.011479581 0.83795418 78.760899 0.010695016 0.99992013 -0.0067345579 -1.5848924 -0.83796463 0.0052874264 -0.54569898 -21.521435
-0.54475482 0.0061888906 0.83857249 79.547412 0.0023836298 0.99998015 -0.0058316637 -1.6049105 -0.83859201 -0.0011779798 -0.54475877 -22.00473
-0.54310992 0.0067330508 0.83963458 80.341836 0.005248096 0.99997554 -0.0046241451 -1.6273546 -0.83964524 0.0018950646 -0.54313197 -22.516475
-0.54020518 0.010093044 0.84147278 81.146629 0.010730432 0.9999294 -0.0051049725 -1.6595 -0.84146496 0.0062716347 -0.54027534 -23.026559
-0.53410021 0.012636545 0.84532669 81.904751 0.010959937 0.99990775 -0.0080225472 -1.6869744 -0.84535016 0.0049798842 -0.53418944 -23.508989
-0.52566353 0.014838013 0.85056312 82.714206 0.016308536 0.99983989 -0.0073631613 -1.7102453 -0.85053627 0.010000895 -0.52582136 -24.011685
-0.51834255 0.01841191 0.85497482 83.509635 0.024997749 0.9996672 -0.0063725679 -1.7445144 -0.85480768 0.018069274 -0.5186303 -24.494334
-0.50811766 0.017956156 0.86110043 84.310009 0.023504455 0.99969939 -0.0069768043 -1.7620298 -0.86096692 0.01669466 -0.50838697 -24.972016
-0.49789136 0.014890702 0.86711152 85.115216 0.018719655 0.99980416 -0.0064206622 -1.7921711 -0.86703739 0.013035237 -0.4980726 -25.414819
-0.48587298 0.012164673 0.87394474 85.943988 0.020532475 0.99978606 -0.0025011816 -1.8158721 -0.87378826 0.016728993 -0.48601881 -25.867258
-0.47465428 0.010699667 0.88010725 86.763243 0.019971493 0.99979959 -0.0013838849 -1.8377608 -0.87994575 0.01692019 -0.47477284 -26.303076
-0.46387299 0.0095128451 0.8858506 87.573149 0.019341552 0.99981275 -0.00060849941 -1.8612292 -0.88569059 0.01685146 -0.46397012 -26.720408
-0.45140547 0.011183025 0.89224883 88.401504 0.022312738 0.99975027 -0.0012419634 -1.8808708 -0.89203997 0.019347886 -0.45154226 -27.123975
-0.4394605 0.014124632 0.89815082 89.234524 0.022075049 0.9997442 -0.0049211184 -1.9096445 -0.89799066 0.017664088 -0.43965989 -27.522182
-0.42779598 0.02396636 0.90355749 90.065396 0.024326563 0.99959159 -0.014996019 -1.9380318 -0.90354795 0.015565213 -0.42820428 -27.915642
-0.4136757 0.029605873 0.90994277 90.906937 0.025468229 0.9994563 -0.020939985 -1.9631648 -0.91006805 0.014512269 -0.41420479 -28.287334
-0.40271914 0.02514863 0.91497802 91.74776 0.021410961 0.99960779 -0.018050885 -1.9956438 -0.91507319 0.012321123 -0.40309965 -28.65074
-0.3910538 0.0224398 0.92009418 92.578918 0.024233464 0.99960718 -0.014079424 -2.0343812 -0.92004877 0.016791258 -0.39144398 -28.996522
-0.38188515 0.02238647 0.92393858 93.410885 0.019960964 0.99967319 -0.015971145 -2.0705519 -0.92399425 0.012343563 -0.3822072 -29.321413
-0.37426617 0.025927458 0.92695875 94.28521 0.013702684 0.99965455 -0.022428236 -2.1117409 -0.92722011 0.0043076935 -0.37449216 -29.657924
-0.36900129 0.031603521 0.92889138 95.122405 0.0077365984 0.99949154 -0.03093218 -2.1435537 -0.92939672 -0.004227554 -0.36905817 -29.976116
-0.36538779 0.034188029 0.93022732 95.973212 0.006443369 0.99939427 -0.034199157 -2.184567 -0.93083313 -0.0065021558 -0.36538675 -30.301312
-0.36208899 0.03383286 0.93152929 96.826381 0.0048563452 0.999396 -0.034410076 -2.2354063 -0.93213092 -0.0079356815 -0.3620346 -30.626431
-0.35666167 0.033569984 0.93363024 97.673701 0.0035100093 0.99939529 -0.034593777 -2.2882762 -0.93422706 -0.0090612228 -0.35656383 -30.953473
-0.35142683 0.028931724 0.93576817 98.498134 0.0004122442 0.99952708 -0.030748178 -2.3360986 -0.9362153 -0.010419969 -0.35127256 -31.245696
-0.34598251 0.02540647 0.93789687 99.364848 0.0014070663 0.99964623 -0.026560127 -2.3836643 -0.93823995 -0.0078696556 -0.34589586 -31.559803
-0.34029622 0.022937381 0.94003845 100.21267 0.00045912543 0.99970638 -0.024227101 -2.4184696 -0.94031822 -0.0078127945 -0.34020683 -31.860891
-0.3345149 0.021405312 0.94214729 101.06528 -0.0044999739 0.99969433 -0.024310504 -2.4624113 -0.94237976 -0.012371864 -0.33431633 -32.140977
-0.32823296 0.020479262 0.94437474 101.932 -0.017848277 0.999452 -0.027877101 -2.5020636 -0.94442821 -0.026005646 -0.32768757 -32.426807
-0.32136843 0.024653581 0.94663322 102.77011 -0.012937062 0.99945344 -0.030421147 -2.5457093 -0.9468659 -0.022023049 -0.32087385 -32.699077
-0.31457869 0.028188171 0.94881273 103.63005 -0.012057229 0.99935968 -0.033687435 -2.5937072 -0.94915486 -0.022037401 -0.31403739 -32.977358
-0.30770646 0.026052753 0.95112455 104.46984 -0.015846735 0.99934609 -0.032500326 -2.6397073 -0.95134941 -0.025072779 -0.3070924 -33.233158
-0.30103331 0.021346679 0.95337463 105.31858 -0.015124296 0.9995168 -0.027155411 -2.6729436 -0.95349372 -0.022593803 -0.300565 -33.496561
-0.29440062 0.019078684 0.9554916 106.18071 -0.013490058 0.99961814 -0.024116254 -2.7160594 -0.95558692 -0.019989477 -0.29403083 -33.749931
-0.28730939 0.02129805 0.95760098 107.03594 -0.018578759 0.99944076 -0.027802801 -2.7674039 -0.95765767 -0.025779043 -0.28675303 -33.99844
-0.28103844 0.024701321 0.95937853 107.89598 -0.017446542 0.999372 -0.030841795 -2.8058865 -0.95953796 -0.025405567 -0.28043099 -34.240666
-0.27418258 0.025397177 0.9613422 108.74837 -0.01896519 0.99931401 -0.031809358 -2.8483661 -0.96149067 -0.026953609 -0.27351283 -34.478877
-0.26724034 0.024468212 0.96331917 109.62646 -0.019055519 0.99934792 -0.030669646 -2.8920581 -0.96344152 -0.026552713 -0.26659982 -34.705885
-0.25956473 0.024096952 0.96542499 110.47413 -0.016467829 0.99943285 -0.029373334 -2.9380019 -0.96558533 -0.023522734 -0.2590207 -34.926643
-0.25157989 0.025562721 0.96749885 111.35125 -0.011976056 0.99949238 -0.029522183 -2.9863899 -0.96776248 -0.019014007 -0.25114604 -35.149352
-0.24494822 0.026402933 0.96917655 112.22511 -0.0098405002 0.99950993 -0.029716366 -3.0278859 -0.96948626 -0.016816152 -0.24456836 -35.37793
-0.23849272 0.025045124 0.97082124 113.07746 -0.016829964 0.99941069 -0.029917131 -3.0715821 -0.97099848 -0.023473904 -0.23793067 -35.565589
-0.23256526 0.022877824 0.97231164 113.96026 -0.022329749 0.99933417 -0.028854651 -3.1178538 -0.97232446 -0.028422064 -0.23189955 -35.765069
-0.22774399 0.023473023 0.97343804 114.84547 -0.018850436 0.99941576 -0.028509653 -3.1508857 -0.97353861 -0.024842633 -0.22716845 -35.968434
-0.223348 0.0232304 0.97446187 115.69754 -0.017098117 0.99946878 -0.027745455 -3.2023018 -0.97458884 -0.022858355 -0.22283216 -36.150477
-0.21843153 0.024956364 0.97553307 116.58177 -0.016609976 0.99943303 -0.029286917 -3.2442254 -0.97571095 -0.022600767 -0.21789316 -36.347942
-0.21298389 0.023948375 0.97676213 117.44057 -0.010894367 0.99957921 -0.026883332 -3.2813379 -0.97699501 -0.016366921 -0.21263337 -36.535922
-0.20726642 0.022889362 0.97801668 118.31119 -0.0023695095 0.99971156 -0.023899263 -3.3186214 -0.97828171 -0.0072709336 -0.2071524 -36.721582
-0.20244048 0.022111206 0.97904487 119.19575 0.00097366395 0.99974912 -0.022377471 -3.3619464 -0.97929413 -0.0035768444 -0.20241122 -36.908824
-0.19823002 0.023458571 0.97987472 120.05449 -0.0011056322 0.99970756 -0.024157046 -3.3989295 -0.98015495 -0.005872032 -0.19814612 -37.075952
-0.19496139 0.025661023 0.98047513 120.92598 -0.0036425872 0.99963185 -0.026886698 -3.4386002 -0.98080419 -0.0088133335 -0.19479615 -37.232559
-0.19265012 0.024737314 0.98095561 121.81097 -0.0062471354 0.99963101 -0.026435137 -3.4803483 -0.98124767 -0.011220894 -0.1924245 -37.401836
-0.19205428 0.023535796 0.981102 122.65933 -0.007592121 0.99964684 -0.025466854 -3.5204993 -0.98135498 -0.012339663 -0.19180777 -37.558277
-0.1909626 0.019097138 0.98141148 123.53963 -0.0076173787 0.99975179 -0.020936204 -3.5571189 -0.9815678 -0.011473814 -0.19076974 -37.724538
-0.19016688 0.014105368 0.9816504 124.40079 -0.0054815729 0.99986594 -0.015429006 -3.5954574 -0.98173652 -0.0083150734 -0.19006407 -37.880492
-0.18957281 0.011580794 0.98179833 125.26619 -0.0045951986 0.99990903 -0.012681692 -3.6266323 -0.98185595 -0.0069156616 -0.18950235 -38.040807
-0.18824072 0.015977682 0.9819929 126.12785 -0.0072304084 0.99981802 -0.017653723 -3.6618144 -0.98209635 -0.010423359 -0.18809094 -38.203567
-0.1879021 0.020358221 0.98197671 126.9726 -0.0067571591 0.99973471 -0.022019365 -3.7005977 -0.98216456 -0.010772857 -0.18771469 -38.356343
-0.18818988 0.019319739 0.98194258 127.8356 -0.0092522345 0.99972726 -0.021442848 -3.7243263 -0.98208912 -0.013120489 -0.1879598 -38.510721
-0.18763749 0.018569449 0.98206276 128.69515 -0.010478955 0.99972654 -0.020905603 -3.7683891 -0.98218249 -0.014213666 -0.18739159 -38.67131
-0.18692735 0.018620791 0.98219721 129.52908 -0.0061244838 0.99977882 -0.020119692 -3.8088767 -0.98235469 -0.0097763709 -0.18677197 -38.830124
-0.18617643 0.021542039 0.9822801 130.38288 -0.0071534013 0.99970339 -0.023279962 -3.8448571 -0.98249033 -0.011360823 -0.18596711 -38.987277
-0.18629909 0.022689341 0.98223101 131.19939 -0.01859287 0.99947286 -0.02661412 -3.874667 -0.98231718 -0.023220679 -0.18577903 -39.118973
-0.18568783 0.024457523 0.98230432 132.036 -0.020633715 0.9993727 -0.028782943 -3.910554 -0.98239216 -0.02561323 -0.1850667 -39.26688
-0.18640579 0.027377523 0.98209127 132.88571 -0.02250367 0.99923044 -0.032126613 -3.9657981 -0.98221512 -0.028089244 -0.18564625 -39.417766
-0.18485521 0.028373597 0.98235605 133.71218 -0.018302672 0.99931038 -0.032307402 -4.0093791 -0.98259536 -0.023951932 -0.18420842 -39.571467
-0.18342161 0.030062565 0.98257451 134.53448 -0.016754494 0.99929149 -0.033701668 -4.0495875 -0.98289159 -0.022644153 -0.18278798 -39.712428
-0.18161295 0.028313739 0.98296235 135.36704 -0.016141883 0.9993649 -0.031768592 -4.092173 -0.98323764 -0.021636451 -0.18104057 -39.866075
-0.17814696 0.025837428 0.98366458 136.17814 -0.0051519176 0.99961702 -0.027189482 -4.1415972 -0.98399045 -0.0099114818 -0.17794563 -40.023068
-0.17570942 0.021231136 0.98421307 136.99619 0.00090912864 0.99977049 -0.021404429 -4.1708852 -0.9844417 -0.0028661827 -0.17568839 -40.177971
-0.1721019 0.021376007 0.98484715 137.82847 0.0058166189 0.99976915 -0.020683433 -4.2009402 -0.98506202 0.0021688232 -0.17218651 -40.31595
-0.16725687 0.025408833 0.98558584 138.62112 -6.5605381e-05 0.99966756 -0.025782998 -4.2533653 -0.98591339 -0.0043770426 -0.16719961 -40.443872
-0.16086944 0.02887756 0.9865531 139.40689 0.0034442827 0.99958221 -0.028697304 -4.2864783 -0.98696973 -0.0012185505 -0.16090169 -40.569541
-0.15346879 0.028771289 0.98773451 140.20543 -0.0032804261 0.99955569 -0.029625316 -4.330161 -0.98814809 -0.0077867509 -0.15330622 -40.680406
-0.14315293 0.025806701 0.98936402 141.0142 0.0067308282 0.99966225 -0.025101424 -4.3538271 -0.98967773 0.0030658978 -0.14327828 -40.798702
-0.1311433 0.024441816 0.99106203 141.81013 0.017048186 0.9996038 -0.022396555 -4.3960073 -0.99121687 0.013958653 -0.13150803 -40.902275
-0.11787247 0.026491447 0.99267527 142.58205 0.016460904 0.99955887 -0.024720543 -4.4330689 -0.99289234 0.013426462 -0.11825655 -40.994054
-0.103367 0.027749335 0.99425608 143.38881 0.015521068 0.99953404 -0.026283005 -4.4654702 -0.99452222 0.012715122 -0.10374953 -41.070243
-0.089353609 0.027637653 0.9956164 144.16347 0.015575942 0.99953147 -0.026348437 -4.5082372 -0.99587821 0.013153336 -0.089742227 -41.135493
-0.075612787 0.029161161 0.99671071 144.96363 0.021275943 0.9993919 -0.027625562 -4.5406772 -0.99691029 0.019117116 -0.07618724 -41.193925
-0.061603394 0.035144507 0.99748173 145.78148 0.018003196 0.99925643 -0.034095176 -4.5917243 -0.99793837 0.015857481 -0.062190302 -41.229649
-0.049026354 0.044300077 0.99781453 146.52346 0.010230871 0.99898577 -0.043849394 -4.6403136 -0.99874513 0.0080587372 -0.04942986 -41.249523
-0.035317148 0.052719979 0.99798458 147.26998 0.0020101497 0.99860932 -0.052681845 -4.681431 -0.99937418 0.00014552675 -0.03537401 -41.25332
-0.021870652 0.054198122 0.99829062 148.05566 0.0035002372 0.99852753 -0.054134299 -4.7270335 -0.99975472 0.0023103024 -0.022028156 -41.258575
-0.010064142 0.049843847 0.99870627 148.79863 0.0021460442 0.99875567 -0.049824685 -4.7792436 -0.99994709 0.001641826 -0.010158588 -41.257844
0.0011509097 0.04702058 0.99889322 149.59161 0.00047168492 0.99889378 -0.047021148 -4.8424025 -0.99999927 0.00052528082 0.0011274561 -41.243901
0.0099022983 0.053195291 0.99853499 150.34369 -0.0032495603 0.99858043 -0.053165484 -4.9004418 -0.99994573 -0.0027183384 0.010061101 -41.219775
0.016716393 0.0619707 0.99793793 151.10984 -0.010197053 0.99803609 -0.061805984 -4.9512898 -0.99980832 -0.0091428522 0.017315481 -41.201711
0.020034299 0.065239576 0.99766845 151.85287 -0.016028766 0.99776149 -0.064923782 -5.0046191 -0.99967084 -0.014690691 0.02103516 -41.172103
0.019677932 0.060782139 0.99795703 152.60832 -0.018117964 0.99800811 -0.060427995 -5.0605086 -0.99964224 -0.016891851 0.020739983 -41.147365
0.018323206 0.055389062 0.99829666 153.35971 -0.012258506 0.99840173 -0.055169891 -5.1311828 -0.99975701 -0.011226735 0.018972907 -41.130396
0.015451499 0.052755803 0.99848785 154.11876 -0.013950803 0.99852128 -0.052541681 -5.1811328 -0.99978333 -0.013117859 0.016164635 -41.111377
0.012287676 0.052892488 0.99852457 154.84163 -0.012378186 0.99853153 -0.052740531 -5.2317328 -0.99984793 -0.011711864 0.012924344 -41.101884
0.0088095587 0.053251994 0.9985422 155.59111 -0.011873953 0.99851616 -0.053145847 -5.2831233 -0.99989074 -0.011388452 0.009428797 -41.095733
0.0041897759 0.051215551 0.99867879 156.35292 -0.010916675 0.99863043 -0.05116727 -5.3400128 -0.99993168 -0.010687871 0.0047431396 -41.080399
-0.0008009351 0.05202815 0.99864526 157.07584 -0.01250474 0.99856702 -0.052034101 -5.3866882 -0.99992153 -0.012529475 -0.0001491904 -41.086556
-0.0073951618 0.049897133 0.99872694 157.81949 -0.011803644 0.99868036 -0.049982205 -5.4373981 -0.99990303 -0.012158243 -0.0067964364 -41.07831
-0.012786455 0.04717643 0.99880469 158.57967 -0.00921244 0.99883844 -0.047295958 -5.4919446 -0.99987585 -0.0098061753 -0.012336995 -41.092958
-0.018102941 0.047055038 0.9987282 159.31008 -0.010727057 0.9988253 -0.047254049 -5.5400374 -0.99977862 -0.011568851 -0.017576915 -41.103204
-0.023239284 0.048542681 0.99855068 160.02626 -0.012976215 0.99872168 -0.048852988 -5.5899333 -0.99964576 -0.014092716 -0.022579678 -41.108682
-0.02821673 0.050779659 0.99831115 160.73563 -0.014041216 0.99859018 -0.051190717 -5.6428084 -0.99950325 -0.015461936 -0.027463943 -41.124661
-0.030503073 0.05251606 0.99815407 161.45987 -0.013165037 0.99851106 -0.052937158 -5.6917119 -0.99944801 -0.014755481 -0.029766281 -41.141794
-0.031824732 0.054472637 0.99800793 162.17774 -0.012896947 0.99840825 -0.054905746 -5.7497772 -0.9994103 -0.014618616 -0.031071546 -41.166908
-0.030855289 0.052486884 0.99814478 162.89073 -0.0064380388 0.99858915 -0.052709266 -5.7966707 -0.99950317 -0.0080524538 -0.030473846 -41.189655
-0.027075502 0.048825719 0.99844022 163.5958 -0.0020052001 0.99880178 -0.048897775 -5.8397447 -0.99963142 -0.0033260034 -0.026945156 -41.208401
-0.019593901 0.048367108 0.99863738 164.30968 -0.0016316331 0.9988263 -0.04840827 -5.8980764 -0.99980673 -0.0025779159 -0.019491987 -41.221179
-0.009678374 0.04971226 0.99871664 165.01124 -0.0016529563 0.99876131 -0.0497305 -5.9501508 -0.99995184 -0.0021321445 -0.0095842148 -41.221761
0.0046895855 0.049837663 0.99874628 165.69261 0.0025077136 0.99875358 -0.0498498 -6.0001765 -0.9999859 0.0027383454 0.0045587601 -41.208208
0.020178791 0.047776304 0.99865417 166.38339 -0.00085637696 0.99885805 -0.047768752 -6.0450721 -0.99979606 0.00010869206 0.02019666 -41.181337
0.035885473 0.042317188 0.99845952 167.07573 -0.0016546768 0.99910422 -0.04228504 -6.0831725 -0.99935458 -0.0001347083 0.035923348 -41.140066
0.052432834 0.036504421 0.99795698 167.75095 -0.0071810062 0.9993196 -0.036176971 -6.1280648 -0.99859868 -0.0052694734 0.052659295 -41.088966
0.06986593 0.029007226 0.99713452 168.4324 -0.0053120969 0.99957378 -0.028705983 -6.1679208 -0.99754229 -0.0032913042 0.06999024 -41.034104
0.087990995 0.021121714 0.99589727 169.12678 -0.0047260667 0.99977277 -0.020786343 -6.1973219 -0.9961101 -0.0028776652 0.088070822 -40.953996
0.10495078 0.015022926 0.9943639 169.77851 -0.0073717929 0.99987017 -0.014328053 -6.2313872 -0.99445014 -0.0058265037 0.1050479 -40.872501
0.12321751 0.012285258 0.9923036 170.43857 -0.0075977677 0.99990574 -0.011435937 -6.2577123 -0.99235065 -0.0061301839 0.12329923 -40.779412
0.14060877 0.011577489 0.9899975 171.07597 -0.0077900789 0.99991361 -0.010587031 -6.2785487 -0.99003463 -0.0062235285 0.14068681 -40.677277
0.15858202 0.010673193 0.98728807 171.71621 -0.007513099 0.99992566 -0.009603029 -6.2929566 -0.98731726 -0.0058947245 0.15865042 -40.56346
0.17440714 0.010595549 0.98461658 172.36338 -0.01369442 0.9998715 -0.0083339875 -6.3110041 -0.98457844 -0.012030245 0.17452982 -40.422833
0.18847465 0.0068593014 0.98205406 172.97508 -0.015921347 0.99986553 -0.0039281017 -6.329056 -0.98194903 -0.014895275 0.18855851 -40.284486
0.20110172 0.0026734357 0.97956667 173.61351 -0.012132588 0.99992637 -0.00023822165 -6.350141 -0.97949527 -0.011836772 0.20111935 -40.153131
0.21219663 0.00097649872 0.97722646 174.24118 -0.0088648027 0.99996028 0.00092570326 -6.3669946 -0.97718682 -0.0088593502 0.21219685 -40.010034
0.221802 0.0045942739 0.97508086 174.83447 -0.012655696 0.99991823 -0.0018325034 -6.3834584 -0.97500963 -0.011933874 0.22184201 -39.862278
0.23073215 0.011731077 0.97294654 175.44391 -0.016506852 0.99983061 -0.0081406616 -6.4072135 -0.97287732 -0.014181971 0.23088671 -39.703759
0.24007106 0.021599727 0.97051494 176.01596 -0.016238141 0.9997019 -0.018232569 -6.4206436 -0.97061954 -0.011382246 0.24035023 -39.546768
0.24808641 0.028501017 0.96831851 176.61363 -0.012619008 0.99957738 -0.026188043 -6.4375964 -0.96865575 -0.0057223204 0.24834122 -39.39146
0.25469701 0.027126549 0.96664032 177.21103 -0.012147686 0.99961735 -0.024851217 -6.4537056 -0.96694464 -0.0054129116 0.25492907 -39.23068
0.26076349 0.019501123 0.96520569 177.81779 -0.014556462 0.99976172 -0.016266669 -6.4743217 -0.96529301 -0.0098082258 0.26098523 -39.050996
0.26482204 0.0089935655 0.96425532 178.42746 -0.019496572 0.99980204 -0.0039705905 -6.4995349 -0.96410023 -0.017748172 0.26494496 -38.872132
0.2671402 -0.00026840304 0.9636576 179.0385 -0.019094008 0.99980217 0.005571613 -6.5238975 -0.96346853 -0.019888487 0.26708223 -38.694706
0.2680844 -0.0011767054 0.96339467 179.64054 -0.014989781 0.99987311 0.0053924759 -6.5424937 -0.96327885 -0.015886713 0.26803274 -38.530065
0.26894355 0.0022124405 0.96315336 180.24859 -0.014064657 0.99989976 0.0016304573 -6.5426713 -0.96305329 -0.013984922 0.26894771 -38.365765
0.27076181 0.001549771 0.96264509 180.84608 -0.0091997466 0.9999572 0.00097775983 -6.555933 -0.96260245 -0.0091208302 0.27076448 -38.189621
0.27253324 -0.0003325645 0.96214627 181.45558 -0.011603438 0.99992608 0.003632361 -6.5507381 -0.96207644 -0.012154143 0.27250923 -38.007601
0.27494034 -0.0042636214 0.9614518 182.06018 -0.011634654 0.99990219 0.0077612215 -6.5680322 -0.96139093 -0.013320032 0.27486384 -37.830452
0.27850169 -0.010251106 0.96038099 182.67041 -0.00980638 0.99986056 0.013516271 -6.5781086 -0.96038572 -0.013182165 0.27836233 -37.643171
0.28224894 -0.012947605 0.95925378 183.30866 -0.0092693177 0.99982544 0.01622261 -6.5833202 -0.95929646 -0.013470442 0.28207965 -37.465398
0.28870144 -0.014006282 0.95731668 183.91008 -0.0079518802 0.99982342 0.017026266 -6.576295 -0.95738619 -0.012527975 0.28853908 -37.274423
0.29640857 -0.017390918 0.95490284 184.54711 -0.0068683582 0.99976953 0.020340027 -6.5819625 -0.95503658 -0.012587572 0.2962208 -37.077192
0.30593067 -0.019958014 0.95184454 185.14031 -0.0035213424 0.99974969 0.022094265 -6.5866803 -0.95204732 -0.010111083 0.30578381 -36.869272
0.31688931 -0.018451825 0.94828298 185.76334 -0.0042856821 0.99977268 0.020885872 -6.5884038 -0.94845288 -0.010682548 0.3167382 -36.65128
0.32901557 -0.013971944 0.94422109 186.37826 -0.0055830878 0.99984428 0.016740456 -6.5859953 -0.94430803 -0.010779539 0.32888633 -36.41652
0.34001053 -0.010842389 0.94035908 186.99355 -0.0065945349 0.99988146 0.013913106 -6.5844542 -0.94039855 -0.010931833 0.33989873 -36.18713
0.3516502 -0.010064795 0.93607733 187.63733 -0.0060307074 0.9998971 0.013016509 -6.583571 -0.93611209 -0.010222466 0.35155331 -35.946027
0.36316043 -0.01345959 0.93162936 188.25102 -0.0053094685 0.99984952 0.016514887 -6.5891673 -0.93171153 -0.01094401 0.36303432 -35.687319
0.37445925 -0.015122383 0.92712001 188.85512 -0.0054977695 0.99981322 0.018528614 -6.5851454 -0.92722711 -0.012035303 0.37430617 -35.423455
0.38528041 -0.014394459 0.92268723 189.48937 -0.0096887008 0.99976012 0.019642487 -6.5949756 -0.92274872 -0.016507506 0.38504853 -35.150995
0.39484963 -0.016576303 0.91859617 190.10669 -0.011427089 0.99967128 0.022951147 -6.5820136 -0.91867473 -0.019559132 0.39453041 -34.865357
0.40194118 -0.014812668 0.91554563 190.74251 -0.016413679 0.99959194 0.023378361 -6.5862292 -0.9155184 -0.024424197 0.40153404 -34.572472
0.40678985 -0.017037945 0.91336283 191.37414 -0.0164897 0.99952621 0.025989359 -6.5760163 -0.91337297 -0.025633286 0.40631616 -34.280775
0.40866677 -0.022770712 0.91239953 192.02545 -0.010335849 0.99950915 0.029574163 -6.5660992 -0.91262518 -0.021516401 0.40823082 -33.986251
0.40924382 -0.020497195 0.91219476 192.68337 -0.0094131728 0.99959959 0.026684291 -6.5699139 -0.91237654 -0.019507028 0.40888701 -33.698705
0.4082358 -0.020535566 0.91264547 193.33961 -0.0067501149 0.99965171 0.025512702 -6.5610826 -0.9128516 -0.016575659 0.40795499 -33.392702
0.40664942 -0.01972092 0.91337137 194.00605 -0.0025621599 0.99973844 0.022726421 -6.5527067 -0.91358073 -0.011581889 0.40649253 -33.111181
0.40684923 -0.020606404 0.91326284 194.67842 -0.00088555508 0.99973617 0.02295205 -6.547764 -0.91349493 -0.010146768 0.40672365 -32.809217
0.40586576 -0.027406408 0.91352165 195.36964 0.0039150449 0.99959324 0.028249224 -6.5350705 -0.91392436 -0.0078889139 0.40580797 -32.501956
0.40528594 -0.030469662 0.91368202 196.04689 0.0035939171 0.99948979 0.031737028 -6.5325349 -0.91418295 -0.0095788734 0.40518866 -32.196355
0.40403535 -0.032312039 0.91417247 196.72508 0.0042979748 0.99943195 0.033426024 -6.5202046 -0.91473331 -0.0095762045 0.40394471 -31.885417
0.40148288 -0.032624648 0.91528523 197.427 0.0036397548 0.99941429 0.034026813 -6.5135387 -0.91585934 -0.010329769 0.40136647 -31.586849
0.40047426 -0.033074404 0.91571086 198.10544 0.0028730102 0.99938876 0.034840278 -6.4968183 -0.91630354 -0.011321788 0.4003245 -31.281937
0.39807911 -0.032047998 0.91679107 198.79788 0.0011899959 0.99940677 0.034419263 -6.4894144 -0.91735036 -0.012610612 0.3978811 -30.988168
0.39786032 -0.028858168 0.91699199 199.4729 0.0024968416 0.99953553 0.030372533 -6.4863178 -0.91744264 -0.0097944414 0.39774758 -30.674382
0.39666266 -0.023059908 0.91767473 200.1698 0.0022842969 0.99970613 0.024133863 -6.4853893 -0.91796165 -0.0074767599 0.39659876 -30.393266
0.39501557 -0.019894279 0.91845895 200.84416 9.4806416e-05 0.99976637 0.021614664 -6.4711002 -0.91867446 -0.0084510525 0.39492517 -30.083434
0.39427713 -0.022289729 0.9187212 201.5419 -0.0011576169 0.99969298 0.024751043 -6.4656492 -0.9189909 -0.010822297 0.39413027 -29.787829
0.39289097 -0.025756973 0.91922424 202.23785 -0.0021060172 0.99957984 0.028908709 -6.4599267 -0.91958269 -0.013293872 0.39267164 -29.486262
0.38999869 -0.025002245 0.92047587 202.89855 -0.0062436358 0.99953653 0.029795096 -6.4594942 -0.92079428 -0.017367164 0.38966183 -29.19134
0.38556968 -0.025324595 0.92233108 203.60624 -0.0081672712 0.99949043 0.030857404 -6.4520088 -0.92264261 -0.019430607 0.38516637 -28.889478
0.37872229 -0.026142837 0.92514102 204.28729 -0.0088606931 0.99945274 0.03187003 -6.4434902 -0.92546798 -0.020267281 0.37828338 -28.609481
0.37032682 -0.026507447 0.9285232 204.97728 -0.0090841308 0.99944161 0.032155085 -6.4383297 -0.92885714 -0.020342716 0.36987924 -28.328179
