1.000000000000000000e+00 -3.306050084167601550e-19 -2.270457535318767223e-19 -8.673617379884035472e-19 7.546676715296109287e-19 1.000000000000000000e+00 6.237773588823049983e-19 1.387778780781445676e-17 -3.447385680526250622e-20 4.770700176052009879e-20 1.000000000000000222e+00 5.551115123125782702e-17
9.999329925305385780e-01 -2.955432582903081730e-03 1.118786371220227213e-02 1.219128510434258801e-02 2.938596878098658372e-03 9.999945036436177492e-01 1.520805312714800092e-03 -7.122285840869310714e-03 -1.119229868146835033e-02 -1.487807319225746593e-03 9.999362476078874629e-01 3.013030990845011470e-01
9.998229855269423760e-01 -4.467763985915866772e-03 1.827537437306524237e-02 2.588155750254052603e-02 4.431353794165152765e-03 9.999880996624310736e-01 2.031893325589730851e-03 -9.594948737273387152e-03 -1.828423305483136557e-02 -1.950561784828264839e-03 9.998308697094612230e-01 5.822163455791824482e-01
9.997864795962287943e-01 -7.200381245797886007e-03 1.936266467650779935e-02 3.656383425063930437e-02 7.175288972288116490e-03 9.999733288679798493e-01 1.364831818653457034e-03 -1.550656239137016001e-02 -1.937197497434793581e-02 -1.225569476853343191e-03 9.998115149305673022e-01 8.830285650997750091e-01
9.997992445511011406e-01 -8.529559902314977002e-03 1.813473401317966180e-02 4.216737069254135328e-02 8.538043831588853702e-03 9.999634777962778109e-01 -3.905450543392496887e-04 -2.109056592371694183e-02 -1.813074242645594525e-02 5.452648435913863643e-04 9.998355423468353598e-01 1.194803988748370571e+00
9.998767410098684527e-01 -1.097155758531493698e-02 1.123050820982784449e-02 4.227074468387588546e-02 1.099144415745434422e-02 9.999381865516251411e-01 -1.709869670723238380e-03 -2.216613086818133849e-02 -1.121105616893612079e-02 1.833070635231773228e-03 9.999354481861874033e-01 1.516506106648475960e+00
9.999264243944618880e-01 -1.213074358404551967e-02 -4.156629491555383917e-05 3.593501363660388942e-02 1.213050549640923639e-02 9.999195347860090344e-01 -3.715664278786724208e-03 -3.150930220285302896e-02 8.664218356884815272e-05 3.714886920058772368e-03 9.999931082786357450e-01 1.840760688605396433e+00
9.998034580503666335e-01 -1.147247579690703623e-02 -1.616411436297561510e-02 1.335957059622567937e-02 1.141341601352818293e-02 9.999278367696659009e-01 -3.741000524319746008e-03 -3.693222082077765589e-02 1.620587474038128264e-02 3.555730159000055745e-03 9.998623207118890743e-01 2.168969886762175836e+00
9.993495401203078554e-01 -7.618069981443222581e-03 -3.525367763561992190e-02 -2.098550580452916356e-02 7.482653956960062976e-03 9.999640797161979400e-01 -3.971934202657250237e-03 -4.137035952227709201e-02 3.528268246640223205e-02 3.705548060572581154e-03 9.993706672347224540e-01 2.515636944086264037e+00
9.984613558256175692e-01 -3.423520862782906526e-03 -5.534623039463327371e-02 -6.311335816901816886e-02 3.157121303982072733e-03 9.999829836455073062e-01 -4.900236690669169080e-03 -4.773149200141878212e-02 5.536207030584720107e-02 4.717981460946024837e-03 9.984551461169491882e-01 2.868065216800271600e+00
9.971404765012955584e-01 -2.308987486395435839e-03 -7.553515851977533890e-02 -1.086690163707982049e-01 1.869650643518505238e-03 9.999809012771714301e-01 -5.886602270798513281e-03 -5.108595970917187423e-02 7.554731730954901414e-02 5.728530231720418801e-03 9.971257607217468566e-01 3.230257193678695238e+00
9.952013403993534846e-01 -3.687995124477420460e-03 -9.778593519554708291e-02 -1.668993274034892837e-01 3.226282737481908029e-03 9.999828799289298686e-01 -4.880918425452194023e-03 -5.952900000172457740e-02 9.780226867538639735e-02 4.541998802577528957e-03 9.951961860514164648e-01 3.611203576540163773e+00
9.931458384545790441e-01 -5.058849520255473929e-03 -1.167716086735119535e-01 -2.207118817225968976e-01 4.588128633706382853e-03 9.999802308221374947e-01 -4.298812864139239277e-03 -6.316660781235851341e-02 1.167910598304960634e-01 3.733531347408434922e-03 9.931494248219471244e-01 3.996922031976742229e+00
9.910902168182208483e-01 -4.444250507071752926e-03 -1.331145237571654261e-01 -2.955207098587344650e-01 4.006588130197600260e-03 9.999856668017913508e-01 -3.555799387268293067e-03 -7.091857570093755558e-02 1.331284268589303099e-01 2.990882602794843817e-03 9.910938041279433453e-01 4.392449717213256832e+00
9.887422484227443853e-01 -3.587364257357607885e-03 -1.495853353175440603e-01 -3.780828706375174431e-01 3.231130091585216867e-03 9.999913633980131999e-01 -2.625012049333354160e-03 -7.737026315292135081e-02 1.495934596137706296e-01 2.112105903897321547e-03 9.887453095926643787e-01 4.813499227592470397e+00
9.866782759997344554e-01 -3.368287409549290071e-03 -1.626621385002471887e-01 -4.617376166939561322e-01 2.934646490230822906e-03 9.999914522479417256e-01 -2.906918045785534307e-03 -8.213312094724345425e-02 1.626705558978203126e-01 2.390807288862271344e-03 9.866797833757066094e-01 5.234843550843236493e+00
9.846783753532110106e-01 -4.834507799476003669e-03 -1.742906630081776376e-01 -5.570332513272834296e-01 4.243059490154959569e-03 9.999839116944002626e-01 -3.764642891092419806e-03 -8.747605892997936672e-02 1.743060801688052219e-01 2.967364583190539810e-03 9.846830441444055504e-01 5.675488500596281405e+00
9.828136886115103055e-01 -7.266433031267312617e-03 -1.844216211280274298e-01 -6.458774831806454175e-01 6.455284355765671632e-03 9.999666960646690361e-01 -4.998663734314705807e-03 -9.944512906463262580e-02 1.844518072960734389e-01 3.722002619966828605e-03 9.828278544977101516e-01 6.132757636986448269e+00
9.815247226667227487e-01 -6.917226906333441734e-03 -1.912127653541904337e-01 -7.425463715309371660e-01 5.613744248966399952e-03 9.999571801259323767e-01 -7.356266930378255534e-03 -1.105154910856959993e-01 1.912554861951189789e-01 6.147068805994566551e-03 9.815215537999051332e-01 6.591284618730955280e+00
9.799691754186363735e-01 -6.669544634638170481e-03 -1.990604282130084002e-01 -8.529366914370627439e-01 4.937823712161793985e-03 9.999454949066830522e-01 -9.196219045300591671e-03 -1.082558211210493532e-01 1.991109475633917048e-01 8.029041558214549887e-03 9.799487539758281462e-01 7.070500654688519404e+00
9.784437026433764339e-01 -7.417805226620959383e-03 -2.063628791516365912e-01 -9.702753550768551394e-01 5.035507040473064834e-03 9.999144920892357735e-01 -1.206761427906965535e-02 -1.177824475746506311e-01 2.064347810345046053e-01 1.076803019219503728e-02 9.783974433899467193e-01 7.553725332224080269e+00
9.765090657135973018e-01 -1.083716007890845115e-02 -2.151623233585704675e-01 -1.082405360948106576e+00 8.194244024000641585e-03 9.998796681182721136e-01 -1.316736028529368920e-02 -1.306894073901541109e-01 2.152791410056786037e-01 1.109476374786336900e-02 9.764805026373997165e-01 8.060447554877297804e+00
9.747101367777948333e-01 -1.720655367013742415e-02 -2.228340328343619003e-01 -1.198086806039002417e+00 1.416493945631844623e-02 9.997834010056551035e-01 -1.524193196400132518e-02 -1.476182286765547191e-01 2.230481725226170775e-01 1.169932099176084796e-02 9.747429147960486873e-01 8.578444733621463314e+00
9.728238973934409950e-01 -1.749596010816716410e-02 -2.308846925558657726e-01 -1.329645749716722447e+00 1.380501831348112003e-02 9.997499775300497937e-01 -1.759552292502879547e-02 -1.731336500570339609e-01 2.311347818201593407e-01 1.393040719937641697e-02 9.728220715791950912e-01 9.104595493191297351e+00
9.707828144925776392e-01 -1.380611888151747450e-02 -2.395685759272766224e-01 -1.480679839822024224e+00 8.869843147188442509e-03 9.997257121232590027e-01 -2.166949025329316034e-02 -1.706756515208269209e-01 2.398021612595450380e-01 1.891101842232865982e-02 9.706390988304831602e-01 9.635772921854208306e+00
9.688038432203671668e-01 -1.117838625619640459e-02 -2.476175064525969471e-01 -1.632353214509491002e+00 5.244118914909779751e-03 9.996831975270770165e-01 -2.461958958482367635e-02 -1.863170878384990403e-01 2.478142752575848429e-01 2.255356230031304796e-02 9.685556128131944664e-01 1.017493994553168157e+01
9.665128034707076710e-01 -1.358521586605431451e-02 -2.563104733506200716e-01 -1.789240530524097483e+00 7.053667040320853003e-03 9.996268489044400907e-01 -2.638591422726414490e-02 -2.100768951045043909e-01 2.565733931416521729e-01 2.369496460951087125e-02 9.662480572424670955e-01 1.073734834921458514e+01
9.640495075080450782e-01 -1.527526381653664111e-02 -2.652679382598128743e-01 -1.951221842912143067e+00 8.063535201307231448e-03 9.995682311169140633e-01 -2.825364944030786876e-02 -2.388823980452944029e-01 2.655850116660536386e-01 2.509904336719667034e-02 9.637566243205976102e-01 1.130638798577121662e+01
9.620861267146934015e-01 -1.589703448020091808e-02 -2.722727971672286862e-01 -2.130133082365314845e+00 7.709242885430155241e-03 9.994860699931683579e-01 -3.111128863639420900e-02 -2.594513527045594348e-01 2.726275630336091327e-01 2.783264887645061150e-02 9.617141816757749373e-01 1.189290079152180013e+01
9.600918083684756299e-01 -1.489290988952773030e-02 -2.791941109024586032e-01 -2.309261733191172894e+00 5.553793550223695176e-03 9.993995407453890589e-01 -3.420641101601280820e-02 -2.795063723553633528e-01 2.795358356198263117e-01 3.129048498936880945e-02 9.595979682079130990e-01 1.248115370493059828e+01
9.577989040761969441e-01 -1.647383171212613365e-02 -2.869480965634029768e-01 -2.500806713897568478e+00 5.308202607525818427e-03 9.991996797894063809e-01 -3.964962873926913822e-02 -3.112993148418814471e-01 2.873718289049354002e-01 3.645185547389948738e-02 9.571200041051306506e-01 1.307920995125428654e+01
9.558550409098365286e-01 -1.696588583928100927e-02 -2.934259540866369642e-01 -2.703138497567056930e+00 3.317071382894312172e-03 9.988910846967519186e-01 -4.696341035341843745e-02 -3.487321959481184952e-01 2.938975999756015534e-01 4.391630983827723295e-02 9.548514500579323716e-01 1.369050729627993768e+01
9.544224015995264043e-01 -1.725152671596110951e-02 -2.979703346626921823e-01 -2.909445165249719523e+00 7.903970887363807396e-04 9.984706073992671849e-01 -5.528979187146201846e-02 -3.827979548161577483e-01 2.984682975722182108e-01 5.253513638136719788e-02 9.529764153443158747e-01 1.431826261434716052e+01
9.538214304961030177e-01 -1.754016644895593779e-02 -2.997551892836681220e-01 -3.118226164875011364e+00 -1.617841736509826288e-03 9.979790947069701046e-01 -6.350336933658748406e-02 -4.278444789201361620e-01 3.002631500413212584e-01 6.105629701144933696e-02 9.518657326552036890e-01 1.495459811784034088e+01
9.520578431687231058e-01 -1.711994304284505941e-02 -3.054209444545563645e-01 -3.344245191301516762e+00 -5.215361489159458554e-03 9.973794105805247057e-01 -7.217902063139863822e-02 -4.709049625146528029e-01 3.058561397821159544e-01 7.031169893212622923e-02 9.494738051534930001e-01 1.559825259798870078e+01
9.510667911212825620e-01 -1.611885579339980903e-02 -3.086060029337659438e-01 -3.561007147210713875e+00 -8.905084804707650084e-03 9.967936164412921629e-01 -7.952634419655409126e-02 -5.308848750523433857e-01 3.088983755394202335e-01 7.838321296857320153e-02 9.478737833782823197e-01 1.625491527782996926e+01
9.497120442224067371e-01 -1.584376359145606150e-02 -3.126726956967116888e-01 -3.799117679533620784e+00 -1.159601966889476504e-02 9.962542983169780930e-01 -8.568474643190014672e-02 -5.882865686699376706e-01 3.128593123361116946e-01 8.500087019615032435e-02 9.459710921339249401e-01 1.692233623709651624e+01
9.479854438386889903e-01 -1.384607996592799109e-02 -3.180064004721541715e-01 -4.042883976152840120e+00 -1.623432988214002989e-02 9.956503030426020473e-01 -9.174482083012359956e-02 -6.571573901815591645e-01 3.178931808902674128e-01 9.213666935651551593e-02 9.436372071058307665e-01 1.759823910712451323e+01
9.466633732215120611e-01 -1.228625646594062523e-02 -3.220124795063225576e-01 -4.290693965187554859e+00 -1.986732909628740468e-02 9.951459580419732553e-01 -9.637528162262454234e-02 -7.303483657776748128e-01 3.216338727705935763e-01 9.763133684370461918e-02 9.418242823229406868e-01 1.828721173860315474e+01
9.449109783726242773e-01 -9.964013962216867679e-03 -3.271614635541947314e-01 -4.556347546297629059e+00 -2.429599523822030538e-02 9.946444281761797068e-01 -1.004622375525444644e-01 -8.066344691627391761e-01 3.264101946020303568e-01 1.028770923268141624e-01 9.396083951212709229e-01 1.899417160829188589e+01
9.431019453546892750e-01 -9.005154703597912161e-03 -3.324096791078439694e-01 -4.822156330310284567e+00 -2.623826659015668708e-02 9.945003673907297781e-01 -1.013798664026800411e-01 -8.836793873517598819e-01 3.314940805687733860e-01 1.043342240474327831e-01 9.376791403872107855e-01 1.970472289502904317e+01
9.405613712097066204e-01 -8.502035300945868720e-03 -3.395817659991169912e-01 -5.093883012339831318e+00 -2.714036823614987548e-02 9.946078714560488976e-01 -1.000955013825487599e-01 -9.708724660821987928e-01 3.386019332116331770e-01 1.033610471439276590e-01 9.352589618706828034e-01 2.042792296910503325e+01
9.385191297333087546e-01 -7.568820587587429642e-03 -3.451479658966237207e-01 -5.373427609305264419e+00 -2.836263159127148242e-02 9.946895371245983997e-01 -9.894800093858538426e-02 -1.053418726379830694e+00 3.440648527673581536e-01 1.026511302322462155e-01 9.333203806312595496e-01 2.115289714635310503e+01
9.364623123360079626e-01 -8.588313908060335455e-03 -3.506223703370305311e-01 -5.659617091306111902e+00 -2.721843880734658994e-02 9.949067573894012639e-01 -9.705942666981619282e-02 -1.140727053487669895e+00 3.496697002883506489e-01 1.004382161212185182e-01 9.314589465557189252e-01 2.188982798084951042e+01
9.337809230153994999e-01 -7.182932880632201221e-03 -3.577929079550050129e-01 -5.951754133874533004e+00 -2.821537588386088466e-02 9.952078637195354016e-01 -9.361518639698278299e-02 -1.221336665876689764e+00 3.567506362400749698e-01 9.751127454919548965e-02 9.291036405187882430e-01 2.262120707341210490e+01
9.293995187616574949e-01 -4.519153835052109637e-03 -3.689968295852017466e-01 -6.274599541019301618e+00 -2.991707408424123041e-02 9.957120307608686716e-01 -8.754121458949698509e-02 -1.296644415534450534e+00 3.678098698024784285e-01 9.240263237769409665e-02 9.252791827658347623e-01 2.338574256589534528e+01
9.262997551279964492e-01 -3.313635950454507303e-03 -3.767349427863566635e-01 -6.593151458241756302e+00 -3.020491550091326111e-02 9.960900728042115793e-01 -8.301661870652676800e-02 -1.383619364601789803e+00 3.755367508282022038e-01 8.827893938473495294e-02 9.225779545651980884e-01 2.413379721587454796e+01
9.228064429545524971e-01 4.295279157481144599e-04 -3.852641334080862956e-01 -6.927791025817461090e+00 -3.335481960811480934e-02 9.963336369634366863e-01 -7.876919947145555323e-02 -1.454672634406643628e+00 3.838175497802950864e-01 8.553927046023067360e-02 9.194373694037578648e-01 2.489457913739322592e+01
9.194083877816567885e-01 1.399424675463446918e-03 -3.933674217189534472e-01 -7.267268947406064328e+00 -3.421692844252691851e-02 9.964867186655723685e-01 -7.645896243975322526e-02 -1.527813241270583600e+00 3.918786343216902335e-01 8.375615386386679739e-02 9.162260869617371295e-01 2.565819602338078909e+01
9.153121126758032577e-01 3.142881437541413404e-03 -4.026993978488099812e-01 -7.617910603274747672e+00 -3.648272519281135773e-02 9.965053297694480561e-01 -7.513549600964435082e-02 -1.606660275397905790e+00 4.010555704756090800e-01 8.346637276480017853e-02 9.122282156663213959e-01 2.643332929896372008e+01
9.120923056164264020e-01 1.801879508004927992e-03 -4.099450628451165590e-01 -7.979212298853356700e+00 -3.553086134977059135e-02 9.965753463555815372e-01 -7.467112218000651613e-02 -1.673962572034005669e+00 4.084060026736406335e-01 8.267710143001434642e-02 9.090329128892901123e-01 2.720813075481457588e+01
9.083489689297198355e-01 3.587705795418357543e-03 -4.181936889336911878e-01 -8.357652766814094747e+00 -3.719734137899163851e-02 9.966933083408509031e-01 -7.224523732709559054e-02 -1.746161137715567691e+00 4.165524466067956344e-01 8.117527468105126265e-02 9.054783120810836472e-01 2.799258408861628666e+01
9.040910913246034131e-01 2.884930504712056396e-03 -4.272559394271317479e-01 -8.744140517993825412e+00 -3.644758413011965625e-02 9.968541107678033919e-01 -7.040107229243870723e-02 -1.818793688949355447e+00 4.257084454297293541e-01 7.922642485638142773e-02 9.013519728381659268e-01 2.878778932131107737e+01
9.010540248031346788e-01 2.836429242205097678e-03 -4.337526789812469197e-01 -9.135543110375216713e+00 -3.482971674570314868e-02 9.972222788758978718e-01 -6.584209807266112879e-02 -1.888081524397015709e+00 4.323615384914214488e-01 7.443086268438531272e-02 8.986495986876058550e-01 2.957519733410358853e+01
8.969962361767076509e-01 4.859020708016179024e-03 -4.419957556252357977e-01 -9.545548682225316384e+00 -3.521173212926972246e-02 9.975474954198092492e-01 -6.050034316650236554e-02 -1.947528149209653447e+00 4.406179496904255588e-01 6.983297133047075556e-02 8.949672337507734721e-01 3.039272483219383147e+01
8.940996013852096080e-01 3.514214510999195962e-03 -4.478481364286566180e-01 -9.958263627099867676e+00 -3.194266331900375011e-02 9.979230829048802986e-01 -5.595374008330988858e-02 -2.020685749374368623e+00 4.467211286382820057e-01 6.433745545137845023e-02 8.923548906305646122e-01 3.120165093465875827e+01
8.898489048772040277e-01 3.959414804767294981e-03 -4.561818496350417695e-01 -1.039346645930455360e+01 -3.220287189285073182e-02 9.980135290192269082e-01 -5.416424300524898261e-02 -2.080871422364505285e+00 4.550613966607414129e-01 6.289036103649735254e-02 8.882087569376145852e-01 3.203520316892102215e+01
8.867954866220786325e-01 4.707168055701230376e-03 -4.622129258398247065e-01 -1.083369097779196011e+01 -3.228440216871213825e-02 9.981363572199611900e-01 -5.177824043799503229e-02 -2.137937483089260571e+00 4.611080285978111371e-01 6.083473171321726602e-02 8.852948135485551040e-01 3.285947565087655420e+01
8.839585747311294872e-01 3.620757665728798098e-03 -4.675574230494056183e-01 -1.128917373742115871e+01 -3.088867118893716748e-02 9.982376904829307618e-01 -5.067504195933145161e-02 -2.189753396249272122e+00 4.665498649537950793e-01 5.923907913327737529e-02 8.825126710003869945e-01 3.369396332416896200e+01
8.805536643300159172e-01 2.312302055334377725e-03 -4.739123113407197607e-01 -1.175436673319851799e+01 -2.918403463139015649e-02 9.983549983213780843e-01 -4.935372908501853978e-02 -2.248330637281050315e+00 4.730185467618681638e-01 5.729043216226740315e-02 8.791726542965433433e-01 3.453990100696819354e+01
8.783278114994884644e-01 3.236039389726352335e-03 -4.780793242864863068e-01 -1.223060854049349189e+01 -3.001490519379985955e-02 9.983774893427886932e-01 -4.839605847955128631e-02 -2.304176277704236941e+00 4.771471949111552036e-01 5.685728206636068982e-02 8.769999026908956719e-01 3.539120789752542606e+01
8.770796509380510697e-01 1.999574914001682122e-03 -4.802327833185596750e-01 -1.271659264200693329e+01 -2.874764301850020118e-02 9.984172818594080345e-01 -4.833815464692717279e-02 -2.358000342592842635e+00 4.793757400156635762e-01 5.620738360588508481e-02 8.757491619062155452e-01 3.625683206341244613e+01
8.745213135572293961e-01 1.735686354514892225e-03 -4.849181721075128682e-01 -1.321437007867074520e+01 -2.925203352616154856e-02 9.983617997165019631e-01 -4.916411822560243228e-02 -2.413682505743519613e+00 4.840384636894043968e-01 5.718020605923722355e-02 8.731392899664728313e-01 3.712967103762025545e+01
8.744659333525790501e-01 2.171380335198214336e-03 -4.851581565742746904e-01 -1.371615158294328118e+01 -2.884509500059666623e-02 9.984531906217156694e-01 -4.752878494549137717e-02 -2.472604703074389842e+00 4.843045031563044112e-01 5.555620248778155024e-02 8.731761161418247763e-01 3.801755030958557313e+01
8.749018605049853070e-01 2.520248567322902304e-03 -4.843459958892407657e-01 -1.422648907398848905e+01 -2.825108047880314777e-02 9.985491311021852390e-01 -4.584386280115730627e-02 -2.528208095768238017e+00 4.835276472035644479e-01 5.379331698693352176e-02 8.737037806744765156e-01 3.891583733549715163e+01
8.740632227693644341e-01 1.438785224716941386e-03 -4.858524326706689100e-01 -1.474101636435623952e+01 -2.703532304396124783e-02 9.985899886910740708e-01 -4.569223842794958163e-02 -2.582429771238094141e+00 4.851018105532861613e-01 5.307209171673175213e-02 8.728697644611925766e-01 3.982682520694704209e+01
8.748209401684913233e-01 -7.603453416119000620e-04 -4.844551006232191703e-01 -1.525897925203476113e+01 -2.477369345510761767e-02 9.986201137601770084e-01 -4.630469764058236376e-02 -2.641818625464867232e+00 4.838220171581306683e-01 5.250794878384307252e-02 8.735949262959412653e-01 4.074879008615550191e+01
8.726262825287189884e-01 -2.286975104970204956e-03 -4.883533903124654962e-01 -1.579089652414116429e+01 -2.335999287067868149e-02 9.986489588331376455e-01 -4.642114006266941789e-02 -2.702777047330611637e+00 4.877995510468609019e-01 5.191980548598214978e-02 8.713941025865079570e-01 4.166952301560312577e+01
8.714690868207297658e-01 -3.103569013836186569e-03 -4.905007206602984282e-01 -1.631971581941938254e+01 -2.182275823655053029e-02 9.987441153610583378e-01 -4.510368897160572238e-02 -2.759541369438387015e+00 4.900247378535458331e-01 5.001018995655762134e-02 8.703069770899101165e-01 4.259897422260059585e+01
8.689977932192497478e-01 -1.983103056026345838e-03 -4.948211140422891230e-01 -1.685967447559317023e+01 -2.103002067760970789e-02 9.989403629126611950e-01 -4.094163611319352747e-02 -2.821261004113748250e+00 4.943777966668474466e-01 4.598640608714483352e-02 8.680353212316759270e-01 4.352978012390535412e+01
8.671425698982947461e-01 -1.610514237646289105e-03 -4.979820530404849288e-01 -1.740415834322618593e+01 -1.913560734607819974e-02 9.991487452535013913e-01 -3.654715928034088512e-02 -2.878983930907947908e+00 4.976170028524035671e-01 4.122161375430395680e-02 8.663733295663742506e-01 4.446575128041426694e+01
8.637461273313640220e-01 -2.953446512392667121e-03 -5.040725893416256875e-01 -1.794353644544688109e+01 -1.654655923990778349e-02 9.992773851374896488e-01 -3.421874156865015865e-02 -2.926372649673245618e+00 5.038097510800217949e-01 3.789179021456378499e-02 8.630729984182926584e-01 4.538746134605170113e+01
8.575599578543509072e-01 -6.200878571563117093e-03 -5.144823650462124753e-01 -1.850558850962481117e+01 -1.482491894954830053e-02 9.992139610752882595e-01 -3.674961684206858731e-02 -2.986556200159001584e+00 5.143061619601650980e-01 3.913662861681885957e-02 8.567940532535888165e-01 4.630390465903060715e+01
8.532182519328688208e-01 -8.614423240739493837e-03 -5.216063980978326020e-01 -1.906683856894562368e+01 -1.404856860789456367e-02 9.991211423626878974e-01 -3.948311625463289676e-02 -3.047757601854184539e+00 5.214881643714596171e-01 4.101408106556826694e-02 8.523474262114929534e-01 4.721634495001571707e+01
8.459943447017636009e-01 -8.349372447327139610e-03 -5.332571074739514971e-01 -1.965606524662419119e+01 -1.445868843407423394e-02 9.991504654763422311e-01 -3.858387163899030387e-02 -3.097502084021436453e+00 5.331263829155874490e-01 4.034971011855659900e-02 8.451548795916391521e-01 4.812527833350750939e+01
8.400006093070888635e-01 -5.306725746089248526e-03 -5.424716071450526034e-01 -2.025137879176151046e+01 -1.499360523358812293e-02 9.993432254534304615e-01 -3.299307125874284541e-02 -3.151174705636077267e+00 5.422903965736447507e-01 3.584867037116947625e-02 8.393694869252718016e-01 4.902640470112423543e+01
8.365402395159969862e-01 -2.552403370764241754e-03 -5.477618723046272509e-01 -2.085259741210078843e+01 -1.620360131935209835e-02 9.994365194398203700e-01 -2.939398184102587699e-02 -3.207380132886131108e+00 5.475281481910541093e-01 3.346829419604875622e-02 8.360274639140558017e-01 4.992259903160960022e+01
8.314638765201578519e-01 -1.816979020067861468e-03 -5.555578882032612409e-01 -2.146459506647356719e+01 -1.842795110960246396e-02 9.993542672781073888e-01 -3.085108475516682575e-02 -3.254063483704098925e+00 5.552553389285521668e-01 3.588741918053065666e-02 8.308934298025042464e-01 5.081226570335306292e+01
8.278883991659469199e-01 -3.830382626281133955e-03 -5.608931825684010386e-01 -2.207561325919823858e+01 -1.895273992068367483e-02 9.992145516669076466e-01 -3.479761379653041609e-02 -3.305304340802472485e+00 5.605861077417305660e-01 3.943630586592365012e-02 8.271654331469430188e-01 5.169366063335888128e+01
8.264143494344967644e-01 -5.609894259876237535e-03 -5.631485647011713613e-01 -2.268257153184865871e+01 -2.176233239983309600e-02 9.988848729997397147e-01 -4.189969200976501051e-02 -3.364339937822178772e+00 5.627555359836721172e-01 4.688181185040007914e-02 8.253708887451155496e-01 5.257251612218066583e+01
8.220662390003490305e-01 -4.518202806704125184e-03 -5.692886481656523889e-01 -2.331211272410038760e+01 -2.346045502743446948e-02 9.988505690571448659e-01 -4.180159824066995156e-02 -3.420173061132315340e+00 5.688231882090544200e-01 4.772076918389441674e-02 8.210153814070754175e-01 5.345196841092972306e+01
8.200415389963157109e-01 -4.110257808364419646e-03 -5.723865621146394522e-01 -2.393266934091758102e+01 -2.193294572383060886e-02 9.990138824880460122e-01 -3.859890034604601672e-02 -3.484309747221019382e+00 5.719809149190353548e-01 4.420390018865921755e-02 8.191427157989636942e-01 5.431746594998215016e+01
8.162463965809479971e-01 -2.635228273197815375e-03 -5.776309737027641722e-01 -2.457224484920351060e+01 -2.020068256029315321e-02 9.992479834100608249e-01 -3.309317793929768964e-02 -3.535211383249025729e+00 5.772839327577160562e-01 3.867837582801830071e-02 8.155791544976693785e-01 5.520379310698360342e+01
8.126857668151397096e-01 -1.208222217583371141e-03 -5.827572044805976459e-01 -2.521148008225524606e+01 -2.020394979574140562e-02 9.993381733738645467e-01 -3.024775438298417732e-02 -3.583019811403189703e+00 5.824078290070949793e-01 3.635872286701654493e-02 8.121235345767735536e-01 5.607552426407916357e+01
8.111727286303324069e-01 5.414870555426481730e-04 -5.848458819205540893e-01 -2.585462122815151176e+01 -2.265713131349774215e-02 9.992780561978670262e-01 -3.050376707198335091e-02 -3.640163704725818405e+00 5.844072873551353631e-01 3.799270703226910462e-02 8.105991557578908768e-01 5.695055420869856988e+01
8.068023696312595083e-01 -1.082774583298970212e-03 -5.908998238126675906e-01 -2.650826921862832108e+01 -2.200024272050991533e-02 9.992497928980897948e-01 -3.187408497104408239e-02 -3.684743058555758122e+00 5.904910484473351318e-01 3.871573048504519526e-02 8.061733103977444248e-01 5.781999615908332402e+01
8.026862442686365506e-01 -2.931873342492100423e-03 -5.964883311088889917e-01 -2.716331905189944962e+01 -2.133915916148787506e-02 9.992064872377147688e-01 -3.362944957508973848e-02 -3.740031372848201752e+00 5.961136878087385238e-01 3.971968760594308395e-02 8.019867798500026623e-01 5.868507038034330492e+01
7.997656906895661555e-01 -4.373571733180849942e-03 -6.002907637072379954e-01 -2.782551378031834588e+01 -2.057324850630183263e-02 9.991864002854452531e-01 -3.469288952303930390e-02 -3.790866977620950262e+00 5.999541173513046610e-01 4.009814697265359773e-02 7.990250108278147412e-01 5.954953556218838884e+01
7.941825846053903737e-01 -4.572852387359062874e-03 -6.077773728840873968e-01 -2.850239619878894359e+01 -1.948915150571915375e-02 9.992656865212790063e-01 -3.299309880242261989e-02 -3.838241052551643051e+00 6.074820455424063681e-01 3.804525234318261590e-02 7.935102564383333945e-01 6.041615244871463375e+01
7.901007368589333391e-01 -4.153751602136901769e-03 -6.129397286702626957e-01 -2.917347235801105398e+01 -1.937143558594329323e-02 9.993084221242093390e-01 -3.173966295946703542e-02 -3.891839047344780589e+00 6.126478790262426255e-01 3.694750543446873731e-02 7.894736544705318604e-01 6.127157271906790470e+01
7.848468827818113613e-01 -5.337963139326279069e-03 -6.195423712970304919e-01 -2.986507361637433888e+01 -1.920700685502278390e-02 9.992728761433378182e-01 -3.294058821985287183e-02 -3.948321401472609349e+00 6.192676892898753005e-01 3.775647357823318229e-02 7.841736933377294605e-01 6.213008558311057072e+01
7.788842806462056290e-01 -6.779684319803917086e-03 -6.271382195719306107e-01 -3.056173917603405599e+01 -1.894633028934027824e-02 9.992307502466427627e-01 -3.432626930830078027e-02 -3.999668825800866578e+00 6.268886126844274154e-01 3.861624407380950114e-02 7.781567009606370489e-01 6.298350948631583179e+01
7.748091306699176339e-01 -8.428844400277886798e-03 -6.321866970126510665e-01 -3.126803340010189913e+01 -1.779566914970935609e-02 9.992239830511097098e-01 -3.513609146927803434e-02 -4.049342360730735280e+00 6.319924178515545776e-01 3.847209368384049005e-02 7.740577614277461826e-01 6.383015402493344936e+01
7.683810222544867896e-01 -9.362155057142057188e-03 -6.399409100686369589e-01 -3.198621678398271229e+01 -1.740932129464892522e-02 9.992171777026027657e-01 -3.553102225541117376e-02 -4.103917619184205279e+00 6.397727055081633418e-01 3.843985855176645233e-02 7.676165818040799893e-01 6.467574000196944439e+01
7.625259927330546583e-01 -1.089664717709970705e-02 -6.468891148363177246e-01 -3.270967361542420804e+01 -1.669820366757494498e-02 9.991934635868280346e-01 -3.650223017513749141e-02 -4.159618901880387298e+00 6.467651616317481311e-01 3.863434934444971713e-02 7.617290109347562010e-01 6.552175162247837648e+01
7.566071348451701706e-01 -1.214558765467421177e-02 -6.536134237312871686e-01 -3.344926060614917418e+01 -1.582654279542713982e-02 9.991943787244913500e-01 -3.687994296484696510e-02 -4.214007401593556246e+00 6.535346599698853565e-01 3.825147547693386746e-02 7.558054181167401797e-01 6.636695240671062379e+01
7.507959969720362503e-01 -1.236261092070024652e-02 -6.603517570616709298e-01 -3.419402110210604917e+01 -1.451465917313876641e-02 9.992746629156228355e-01 -3.521109254755137169e-02 -4.268835327917603450e+00 6.603080942864413272e-01 3.602155610825738541e-02 7.500719740272887570e-01 6.720473973341972851e+01
7.450858085075073856e-01 -1.340296981503129141e-02 -6.667828014742186449e-01 -3.494654445772419393e+01 -1.306753432876281082e-02 9.993127391188668662e-01 -3.468059299534725221e-02 -4.325620690239995625e+00 6.667896074216004276e-01 3.455104891615661672e-02 7.443986401788016405e-01 6.803159017508444606e+01
7.371839734928711252e-01 -1.458519425528810934e-02 -6.754812883828359427e-01 -3.571983762583024458e+01 -1.249214811157592711e-02 9.993019452406388670e-01 -3.521555474300482741e-02 -4.378835574079880999e+00 6.755233782344447491e-01 3.439840428489097240e-02 7.364870703488265447e-01 6.885949790774540702e+01
7.318445485692622876e-01 -1.565989902277448512e-02 -6.814192233091294071e-01 -3.649821969525210363e+01 -1.228330161619122993e-02 9.992703201620355413e-01 -3.617139127503939816e-02 -4.438726517207202349e+00 6.814885482587772492e-01 3.483929546267790917e-02 7.311181978275402837e-01 6.968652263146722703e+01
7.271841684674594797e-01 -1.511921904017039971e-02 -6.862543939411702709e-01 -3.728414084443755883e+01 -1.371650627257407599e-02 9.992376796153097374e-01 -3.655463881456282732e-02 -4.496138898146399221e+00 6.862839565489933236e-01 3.599659024634196958e-02 7.264223544356941398e-01 7.050869200479910148e+01
7.206673365071715187e-01 -1.496032237364085075e-02 -6.931248366422160245e-01 -3.809049809908113815e+01 -1.312674234153262016e-02 9.992933823821980033e-01 -3.522307480351686421e-02 -4.547627415303781895e+00 6.931620744951254576e-01 3.448350384284918496e-02 7.199616734789474615e-01 7.132251536747887144e+01
7.170153627844404465e-01 -1.458531834970446146e-02 -6.968569545453525693e-01 -3.889179275745733833e+01 -1.388520065787575593e-02 9.992837604025651688e-01 -3.520370742585349905e-02 -4.604494673810295424e+00 6.968712051048370215e-01 3.492024014842377844e-02 7.162992888498903588e-01 7.213957402780425809e+01
7.109295849785889354e-01 -1.482412524568290681e-02 -7.030998146102269697e-01 -3.971827882366419971e+01 -1.463232636196827065e-02 9.992495373505220213e-01 -3.585774226348548838e-02 -4.662122219644488474e+00 7.031039842268455020e-01 3.577643525136880998e-02 7.101791778799347865e-01 7.295531777806395723e+01
7.053195453628877676e-01 -1.701684505532496255e-02 -7.086201270459813184e-01 -4.054893832092975003e+01 -1.455006847778227315e-02 9.991537100969023477e-01 -3.848153497666335909e-02 -4.721090368308164642e+00 7.086749989165114227e-01 3.745771424569496050e-02 7.044750468091920403e-01 7.376880401546314658e+01
7.024882853458174203e-01 -1.840080707731750476e-02 -7.115599363394327082e-01 -4.137367096223849217e+01 -1.502315330605356707e-02 9.990595694242260238e-01 -4.066220065969560621e-02 -4.782369303272766992e+00 7.116391900000638149e-01 3.925161635025291307e-02 7.015512052885505279e-01 7.457930166843338782e+01
6.966180318051314879e-01 -1.997234978314438997e-02 -7.171777402662294909e-01 -4.222226669524756915e+01 -1.504921896678411593e-02 9.989857736803683386e-01 -4.244232936764873870e-02 -4.843416460931663892e+00 7.172978340680844500e-01 4.036171463710520185e-02 6.956108632652632240e-01 7.538382960641641262e+01
6.903324242905091168e-01 -1.970480792890924593e-02 -7.232769900255281437e-01 -4.307771948901680759e+01 -1.413729192607450849e-02 9.990707474834605861e-01 -4.071165257705783302e-02 -4.902248078572540635e+00 7.234074026366955623e-01 3.832490124713655577e-02 6.894124791659718143e-01 7.618876902070589097e+01
6.866758858379329311e-01 -2.013706128280451368e-02 -7.265948088402037763e-01 -4.394286781002291065e+01 -1.267712514621572098e-02 9.991326019171961059e-01 -3.966572399587807440e-02 -4.960391470907430822e+00 7.267628548380907771e-01 3.645491291142746726e-02 6.858249823033124581e-01 7.697942873563113153e+01
6.808633908834047510e-01 -1.992067998553779390e-02 -7.321076116517545307e-01 -4.482013402767933030e+01 -1.311310459916198955e-02 9.991383184523704442e-01 -3.938440581967316001e-02 -5.027735248408694346e+00 7.322608468219579114e-01 3.642273870519503742e-02 6.800152922931008703e-01 7.776794735405846382e+01
6.781210237399377672e-01 -2.144854306720810067e-02 -7.346362568242597035e-01 -4.569256152601023047e+01 -1.176302242464077538e-02 9.991292769526175510e-01 -4.002258846496079686e-02 -5.086933704201012318e+00 7.348550284063727345e-01 3.578097834229365670e-02 6.772783052454026675e-01 7.856799399666324746e+01
6.722330256315621755e-01 -2.116332926774621911e-02 -7.400308382564311227e-01 -4.658413648139997321e+01 -1.157422706609296040e-02 9.991687469021239831e-01 -3.908711013367396209e-02 -5.148539839748788260e+00 7.402428754917056430e-01 3.484065899465650651e-02 6.714294814717460813e-01 7.935229097098886086e+01
6.680664371531679357e-01 -2.273952508183761656e-02 -7.437350342687321092e-01 -4.747788781096982547e+01 -1.001886710154974679e-02 9.991674289481936588e-01 -3.955032696252384905e-02 -5.200486736876194449e+00 7.440150853356207739e-01 3.387534047294558925e-02 6.672824207486142134e-01 8.014184630144465871e+01
6.650451113797981595e-01 -2.518131348833249628e-02 -7.463167764095806067e-01 -4.838280813700175287e+01 -7.958971205436158117e-03 9.991356142811596008e-01 -4.079449643747701248e-02 -5.268848446047704748e+00 7.466990209576425119e-01 3.306903757052422760e-02 6.642698349088057563e-01 8.093336998432648954e+01
6.605640980555681496e-01 -2.957758036270946925e-02 -7.501517806286637224e-01 -4.929445516902306679e+01 -3.913630098386784370e-03 9.990744910541536905e-01 -4.284157185419362052e-02 -5.329117344923853139e+00 7.507244652780105110e-01 3.123963828297473752e-02 6.598370020729872332e-01 8.172390507100925561e+01
6.564501690538976364e-01 -3.350908223367842637e-02 -7.537075039928142761e-01 -5.020663028865756417e+01 -5.213564564171892539e-04 9.989924726946760591e-01 -4.487988163683099413e-02 -5.394173612496617309e+00 7.544522343732984471e-01 2.985366698270817271e-02 6.557714476450422492e-01 8.251920047750130038e+01
6.504510804984396932e-01 -3.760323256894554378e-02 -7.585963950030399916e-01 -5.113713411259890762e+01 4.600176961956062641e-03 9.989505828309379609e-01 -4.557635206072382233e-02 -5.466006421536721227e+00 7.595136906692419032e-01 2.616069533304494002e-02 6.499412669875475057e-01 8.330340938553672459e+01
6.406655467476272126e-01 -4.155137862879702826e-02 -7.666526921518541648e-01 -5.206798812390668019e+01 1.071641558691814426e-02 9.989212382574175209e-01 -4.518828628432721567e-02 -5.540503493754538766e+00 7.677030777515401194e-01 2.073575842884265927e-02 6.404198025002961758e-01 8.408234863514866220e+01
6.337443145708513415e-01 -4.315632833945769187e-02 -7.723798420196007486e-01 -5.300372452988256100e+01 1.370652468725308375e-02 9.989125215852118211e-01 -4.456722867439063401e-02 -5.614012410502673411e+00 7.734630349010092054e-01 1.766170750776604667e-02 6.336462858875465676e-01 8.485894364320081706e+01
6.233116050689352372e-01 -4.113005296960601381e-02 -7.809030052391702226e-01 -5.398250487328462555e+01 1.461543091563945185e-02 9.990545398990143822e-01 -4.095579813034578437e-02 -5.673424636449812652e+00 7.818483696916578296e-01 1.412759219214750235e-02 6.233228298893810360e-01 8.562506042420554309e+01
6.135086050049779471e-01 -4.163233893052168538e-02 -7.884945039566809699e-01 -5.496074292444676246e+01 1.511086799000041850e-02 9.990456094335415926e-01 -4.097762443027964246e-02 -5.747022149949186698e+00 7.894479241023916183e-01 1.322521667964724444e-02 6.135519524010804027e-01 8.637511008809161694e+01
6.051344164896402811e-01 -4.222220084411529295e-02 -7.950588785952980020e-01 -5.593757626415209216e+01 1.336938709513349824e-02 9.989911139522825723e-01 -4.287420850052501425e-02 -5.811718275474695439e+00 7.960667124636732206e-01 1.532060148722724433e-02 6.050879648125940813e-01 8.712148070074029249e+01
5.952329807099467907e-01 -4.532680469508146293e-02 -8.022043730228682890e-01 -5.693800684063436535e+01 1.514682336596122683e-02 9.988631425232052941e-01 -4.519643659950887959e-02 -5.883186252105892855e+00 8.033412414327723017e-01 1.474676684777410929e-02 5.952430376860375905e-01 8.784709121506911345e+01
5.857488341307964808e-01 -4.625693344389689154e-02 -8.092980777975992135e-01 -5.795387474303090869e+01 1.479151945460018512e-02 9.988138844779540504e-01 -4.638585206113778753e-02 -5.952464585712740508e+00 8.104842771059159734e-01 1.519915590661901489e-02 5.857381823273761778e-01 8.857580249320496080e+01
5.760967035087909416e-01 -4.718685003826091073e-02 -8.161545258195771479e-01 -5.896895403190836049e+01 1.823467757963060515e-02 9.988259397217372770e-01 -4.488162996880695754e-02 -6.026717409335124565e+00 8.173140492926206369e-01 1.097858924588651641e-02 5.762806314963397902e-01 8.929023196326456002e+01
5.640946584557133825e-01 -4.794998071455558453e-02 -8.243713803785408523e-01 -6.001447969084943423e+01 2.050113770927479775e-02 9.988179375459158571e-01 -4.407418264062432089e-02 -6.098828300394050217e+00 8.255105655225757344e-01 7.958920057997816155e-03 5.644110910749395860e-01 8.999390021368719772e+01
5.526408046372156546e-01 -4.871527228928892311e-02 -8.319290678951262175e-01 -6.106683906040529308e+01 2.097483092936472740e-02 9.987872973436565660e-01 -4.455275087391747518e-02 -6.170646749515551477e+00 8.330898900620549163e-01 7.178762692866361497e-03 5.529919638989498898e-01 9.068786191381485651e+01
5.452792994509668700e-01 -4.870890217494155267e-02 -8.367385579537901519e-01 -6.212060267546153369e+01 1.968105969755195792e-02 9.987793374246840550e-01 -4.530122345877399259e-02 -6.240375616336707232e+00 8.379236682460463603e-01 8.233642095940183966e-03 5.455719073099876137e-01 9.136913003840901126e+01
5.326878020941924197e-01 -4.932174442611639287e-02 -8.448446143135563968e-01 -6.319286026686067004e+01 1.881973457413611481e-02 9.987434445490399604e-01 -4.644499041597958261e-02 -6.312906189629424958e+00 8.460742077279140849e-01 8.831545263552068731e-03 5.329473129461538283e-01 9.203003760584084603e+01
5.241870974500949520e-01 -4.991379029048376159e-02 -8.500426810700125735e-01 -6.427710451630014177e+01 1.788308877572109337e-02 9.987066171824852123e-01 -4.759578104802175691e-02 -6.391406893008898749e+00 8.513184326611120678e-01 9.754923453272879713e-03 5.244007232527045925e-01 9.268737147747316385e+01
