1.0 0.0 0.0 0.0 0.0 1.0 0.0 0.0 0.0 0.0 1.0 0.0
0.99993604 0.01119882 0.0015729173 0.30151367 -0.011194247 0.9999331 -0.0028861116 -0.009277344 -0.001605153 0.0028683168 0.9999946 0.0056152344
0.99983037 0.018296339 0.002090671 0.58251953 -0.018287107 0.9998233 -0.0043541663 -0.021240234 -0.0021699537 0.0043151877 0.9999883 0.0063476562
0.99981064 0.019407645 0.0013695605 0.8833008 -0.019397486 0.9997867 -0.007078506 -0.032348633 -0.0015066828 0.0070505925 0.999974 0.010009766
0.99983454 0.01818955 -0.0004138248 1.1949463 -0.018192388 0.9997992 -0.008412144 -0.0390625 0.00026076473 0.00841828 0.99996454 0.012939453
0.9999346 0.011296489 -0.0017625245 1.5164795 -0.0113150375 0.9998766 -0.0108956145 -0.042236328 0.0016392537 0.010914852 0.99993914 0.011474609
0.999993 2.191238e-05 -0.0037378378 1.8405762 -6.723344e-05 0.9999265 -0.012123779 -0.040405273 0.0037372971 0.012123945 0.99991953 0.018066406
0.99986345 -0.01610239 -0.003706397 2.1688232 0.016058533 0.999804 -0.011571364 -0.023803711 0.003892045 0.011510258 0.99992615 0.021484375
0.99937236 -0.035202466 -0.00399944 2.515625 0.0351703 0.9993507 -0.007844433 0.0037841797 0.0042729946 0.0076988637 0.9999612 0.023803711
0.99845636 -0.055300735 -0.005159889 2.8682861 0.055281572 0.99846363 -0.0037856274 0.03881836 0.005361291 0.003494549 0.9999795 0.027832031
0.9971269 -0.07548519 -0.006322325 3.230835 0.07546868 0.9971442 -0.0028107043 0.07702637 0.0065164515 0.0023254969 0.99997604 0.028808594
0.99519855 -0.0977398 -0.005305008 3.6125488 0.09771728 0.9952054 -0.00435172 0.12695312 0.005704921 0.0038125934 0.99997646 0.03552246
0.99315333 -0.116725355 -0.0046387003 3.9990234 0.11669759 0.9931501 -0.0058636162 0.17358398 0.0052914023 0.005282049 0.99997205 0.037231445
0.9910978 -0.1330717 -0.0040131537 4.3953857 0.13304949 0.99109435 -0.0053729336 0.2421875 0.0046923147 0.0047911955 0.9999775 0.04321289
0.9887491 -0.14954808 -0.0032501698 4.817383 0.14953235 0.98874587 -0.004643413 0.31848145 0.0039080437 0.0041052434 0.99998397 0.047851562
0.98668367 -0.16262427 -0.0036203777 5.239502 0.1626075 0.98668265 -0.0045251935 0.39697266 0.0043080808 0.003876388 0.9999832 0.05041504
0.9846888 -0.17424615 -0.004280378 5.680908 0.17421888 0.98468417 -0.0060816957 0.48742676 0.0052746423 0.005242577 0.99997234 0.053344727
0.9828368 -0.18437101 -0.005109193 6.138916 0.18432346 0.9828214 -0.008592662 0.57177734 0.006606069 0.007503383 0.99995005 0.06262207
0.9815301 -0.19116032 -0.007579946 6.5979004 0.19109753 0.9815365 -0.008293249 0.6652832 0.009025136 0.006691307 0.9999369 0.07067871
0.97995704 -0.19900467 -0.009514561 7.0776367 0.19893155 0.9799845 -0.008105345 0.7722168 0.010937091 0.0060504936 0.99992186 0.06555176
0.9784066 -0.20630547 -0.012303963 7.5614014 0.20620564 0.9784644 -0.0089078145 0.8861084 0.013877178 0.006178326 0.9998846 0.071899414
0.97649467 -0.21512635 -0.012695921 8.06897 0.21497342 0.9765321 -0.012398756 0.99401855 0.015065594 0.009377034 0.99984246 0.08203125
0.9747665 -0.22285153 -0.013363957 8.587769 0.22258645 0.9747367 -0.01883021 1.1055908 0.017223202 0.015380491 0.99973327 0.095825195
0.97284645 -0.23092213 -0.015648408 9.114746 0.23061585 0.97285587 -0.019182514 1.2332764 0.01965308 0.015053749 0.99969363 0.11816406
0.9706577 -0.23958088 -0.02067801 9.646484 0.23929067 0.9708249 -0.0155559955 1.3807373 0.023801886 0.010151088 0.999665 0.11206055
0.9685699 -0.24758673 -0.024366992 10.186401 0.24733263 0.968854 -0.012989289 1.5288086 0.026823353 0.0065563316 0.99961877 0.12438965
0.96626633 -0.25632453 -0.025568694 10.749878 0.2559952 0.96656805 -0.015468207 1.6813965 0.028677413 0.008401409 0.9995533 0.1451416
0.9637779 -0.2653179 -0.027032623 11.320068 0.26492614 0.9641105 -0.017232958 1.8389893 0.030634746 0.0094469 0.99948597 0.17089844
0.96173626 -0.27234033 -0.029811313 11.907471 0.27190366 0.96215516 -0.017910115 2.0142822 0.0335607 0.009117876 0.99939495 0.18811035
0.9596178 -0.2792343 -0.03330973 12.496582 0.2788064 0.9601702 -0.016959757 2.1899414 0.036720667 0.006986195 0.9993013 0.20471191
0.9571416 -0.2870297 -0.038522214 13.095581 0.28650618 0.9578923 -0.018598031 2.3774414 0.04224035 0.0067645665 0.9990847 0.2322998
0.954872 -0.29350752 -0.04602726 13.707642 0.29292223 0.9559686 -0.01913121 2.5761719 0.049615033 0.0047891736 0.99875695 0.26489258
0.95299506 -0.2980243 -0.054673813 14.3359375 0.29739836 0.95455873 -0.019438274 2.779541 0.05798246 0.002268726 0.99831563 0.29370117
0.95188236 -0.29976523 -0.06320576 14.972656 0.29911616 0.9539795 -0.019723374 2.986206 0.066209674 -0.00014381204 0.9978044 0.3334961
0.94948685 -0.30530575 -0.07249364 15.617065 0.30471572 0.9522414 -0.019331893 3.2088623 0.07493564 -0.0037303204 0.9971828 0.37121582
0.9478824 -0.30830577 -0.0805811 16.274414 0.30784917 0.9512718 -0.018339613 3.4229736 0.082308166 -0.007417027 0.99658 0.42614746
0.945977 -0.31222978 -0.08722119 16.942749 0.3118689 0.94993633 -0.018085033 3.658081 0.08850298 -0.0101001095 0.99602413 0.4790039
0.9436367 -0.31723505 -0.09438255 17.619751 0.31716767 0.9482305 -0.016117644 3.8984375 0.094608545 -0.014725881 0.99540573 0.54333496
0.9418187 -0.32095408 -0.09989592 18.309814 0.32114732 0.9469247 -0.014580118 4.1431885 0.09927296 -0.018349659 0.9948902 0.61242676
0.93959606 -0.32571593 -0.10516471 19.018066 0.32627907 0.94518864 -0.012291562 4.4053955 0.10340429 -0.022764865 0.9943791 0.68481445
0.9376637 -0.3308003 -0.10664945 19.730103 0.331526 0.9433873 -0.011377407 4.6676025 0.10437218 -0.02468922 0.99423045 0.7590332
0.9352417 -0.3379218 -0.10571626 20.4552 0.33871096 0.94085 -0.010943904 4.9349365 0.10316035 -0.025564156 0.9943365 0.8441162
0.93330055 -0.34339836 -0.10503557 21.181885 0.34429187 0.93881005 -0.010065211 5.2106934 0.102068596 -0.026765957 0.99441844 0.92456055
0.93144107 -0.34901375 -0.10285624 21.920654 0.34977406 0.9367526 -0.0111425705 5.49292 0.100239694 -0.02560025 0.99463433 1.0100098
0.9290827 -0.35612506 -0.09996662 22.654053 0.3569803 0.93406796 -0.009813199 5.7807617 0.09686876 -0.026568936 0.9949418 1.0893555
0.92525244 -0.3672371 -0.09491426 23.421265 0.3682485 0.92967886 -0.007271033 6.0980225 0.09091027 -0.028227076 0.99545944 1.1643066
0.9225488 -0.3749995 -0.09083073 24.17163 0.3760295 0.9265719 -0.0061514345 6.4119873 0.08646763 -0.028484501 0.9958471 1.2504883
0.919399 -0.38332316 -0.08812905 24.934692 0.38461587 0.9230736 -0.0024989308 6.7420654 0.082305364 -0.031602975 0.99610484 1.3206787
0.91618454 -0.39140427 -0.08638732 25.700562 0.39274308 0.9196748 -0.0016135145 7.0769043 0.080080725 -0.03243715 0.99626184 1.392334
0.9121804 -0.40059814 -0.08614225 26.47815 0.40209615 0.9155827 3.5727397e-05 7.4224854 0.0788544 -0.034674108 0.9962825 1.4693604
0.90898716 -0.40794855 -0.08539348 27.255127 0.40933624 0.91236645 -0.0013801167 7.779297 0.07847123 -0.033700205 0.99634695 1.534668
0.9054269 -0.416118 -0.08393023 28.041992 0.417615 0.9086222 0.00031827157 8.153076 0.07613268 -0.035340484 0.99647146 1.6055908
0.90130126 -0.42528477 -0.08202866 28.839844 0.42668656 0.9043644 -0.00048241625 8.534424 0.07439068 -0.034563545 0.9966315 1.6767578
0.8986003 -0.43196636 -0.07726695 29.629639 0.43321848 0.9013152 -0.00060943374 8.921631 0.06990706 -0.032921623 0.9970104 1.7456055
0.89491326 -0.4402627 -0.072705954 30.44983 0.44151628 0.8972445 0.0013157129 9.327026 0.064657256 -0.033275623 0.9973532 1.8048096
0.89230675 -0.44638923 -0.06724277 31.26123 0.44739544 0.89433306 -0.00010361802 9.735596 0.060183257 -0.029985039 0.99773777 1.8775635
0.88815856 -0.4547428 -0.0658346 32.097412 0.45574558 0.89008117 0.0002498882 10.166016 0.058487933 -0.03022284 0.99783146 1.9364014
0.8852426 -0.46080658 -0.063806646 32.92395 0.46179995 0.8870226 0.00092908356 10.602295 0.056170154 -0.030286377 0.99796146 1.9924316
0.8824636 -0.46625215 -0.062238142 33.76062 0.4671457 0.8841836 -0.00021855594 11.053955 0.05513123 -0.028877007 0.9980618 2.0428467
0.87912756 -0.4727254 -0.060321607 34.60901 0.47350207 0.8807759 -0.0016001402 11.514893 0.05388661 -0.027156377 0.9981778 2.1000977
0.8769516 -0.4768629 -0.059905794 35.46228 0.47768235 0.8785494 -0.0007223727 11.987793 0.05297528 -0.027976826 0.99820423 2.154541
0.8757046 -0.4790884 -0.059267752 36.32959 0.47982806 0.8773012 -0.0019843138 12.470947 0.052945346 -0.02670538 0.9982403 2.206665
0.8730939 -0.48374635 -0.06026204 37.204468 0.48450482 0.8747492 -0.0022968678 12.965088 0.05382462 -0.027201183 0.9981793 2.260376
0.8731306 -0.48402297 -0.05863905 38.09375 0.48476058 0.8746871 -0.0018669915 13.464722 0.052192405 -0.026790727 0.99827754 2.3181152
0.8736587 -0.48325664 -0.056872092 38.993286 0.48396412 0.87511545 -0.0015134602 13.973267 0.05049932 -0.026195949 0.9983806 2.3725586
0.8728283 -0.48482868 -0.056159865 39.905884 0.4854646 0.8742759 -0.0026130618 14.485107 0.05036768 -0.024976794 0.99841875 2.4250488
0.87356085 -0.48353872 -0.055593956 40.82898 0.48404822 0.8750333 -0.0047982167 15.001221 0.0509684 -0.022718731 0.9984418 2.4824219
0.87136453 -0.4875117 -0.0550262 41.75183 0.48793533 0.87283987 -0.0063690282 15.529541 0.051133197 -0.021297356 0.99846494 2.541626
0.87028116 -0.48974234 -0.053128365 42.683105 0.49008763 0.8716771 -0.007213166 16.05542 0.04984353 -0.019753383 0.9985619 2.597046
0.8680087 -0.4941229 -0.049121648 43.616333 0.494448 0.86919063 -0.006149809 16.591797 0.045733936 -0.018946324 0.9987742 2.6584473
0.86634904 -0.49738842 -0.044370204 44.554565 0.49764603 0.86731744 -0.0058233067 17.133057 0.041380703 -0.017039534 0.99899817 2.7159424
0.86305517 -0.5035912 -0.041070536 45.47888 0.50374585 0.8639114 -0.0072402777 17.668213 0.039128326 -0.0144344885 0.99912995 2.7624512
0.85678464 -0.514066 -0.04236556 46.39868 0.5141135 0.8577381 -0.010601925 18.224365 0.041786194 -0.012698688 0.99904525 2.8203125
0.8523436 -0.5212275 -0.044277035 47.313843 0.52119946 0.85340995 -0.01309216 18.780884 0.044606462 -0.011914942 0.99893326 2.8791504
0.8451499 -0.5328735 -0.04365911 48.226562 0.5328581 0.84618765 -0.012962265 19.364136 0.043847125 -0.012306351 0.99896216 2.9279785
0.8393578 -0.5420774 -0.0391876 49.131348 0.5421361 0.840174 -0.0100378 19.954468 0.03836866 -0.012821501 0.9991815 2.9824219
0.83600813 -0.5473423 -0.03682211 50.030273 0.5474725 0.83670133 -0.0073510264 20.552002 0.0348325 -0.01401961 0.99929476 3.0388184
0.8308682 -0.5550642 -0.03926934 50.92285 0.555261 0.83163714 -0.0067018196 21.159424 0.036381014 -0.016236698 0.99920624 3.0841064
0.8271429 -0.56036943 -0.042841554 51.80664 0.56055135 0.8280823 -0.008770645 21.76648 0.04039253 -0.016761735 0.99904317 3.1331787
0.8253463 -0.56249654 -0.050298214 52.68701 0.56273854 0.82664514 -0.010559842 22.370483 0.047516726 -0.019579336 0.9986787 3.1889648
0.820985 -0.56856835 -0.051156014 53.569336 0.568886 0.82230204 -0.009541157 22.995972 0.047493022 -0.021272654 0.9986451 3.2441406
0.8191144 -0.5717447 -0.047650672 54.437256 0.5720117 0.820262 -0.009177556 23.613403 0.044331416 -0.019736486 0.99882174 3.3087158
0.81555104 -0.57708126 -0.042140596 55.32666 0.577309 0.8164414 -0.007779461 24.249268 0.038896013 -0.017992307 0.9990811 3.3608398
0.8120922 -0.58222395 -0.039836626 56.20117 0.5824667 0.81286955 -0.006419535 24.884888 0.03611503 -0.01798659 0.99918574 3.4090576
0.8105591 -0.58422613 -0.041473985 57.078125 0.58456457 0.8113621 -0.0046920935 25.52539 0.036392935 -0.020438958 0.99912876 3.4655762
0.80613756 -0.5902996 -0.042220477 57.95044 0.5905965 0.80699986 -0.0063890773 26.174927 0.037841562 -0.019780062 0.99908805 3.5092773
0.801956 -0.59590966 -0.04324625 58.81836 0.5961585 0.80289364 -0.008305167 26.825928 0.03966982 -0.019118488 0.9990299 3.5635986
0.7989987 -0.59974194 -0.04363922 59.685303 0.59994274 0.7999788 -0.009794048 27.484741 0.040784225 -0.018352952 0.9989996 3.6137695
0.7934864 -0.60727936 -0.041611083 60.55542 0.6074409 0.794389 -0.01009129 28.157104 0.039183017 -0.017262558 0.9990831 3.661499
0.789449 -0.6124533 -0.04052774 61.41382 0.61261547 0.7903031 -0.009740949 28.824463 0.037997875 -0.017142285 0.9991307 3.715332
0.78415173 -0.61906534 -0.04135807 62.275635 0.6192002 0.78505784 -0.011008354 29.511719 0.03928627 -0.016979113 0.9990839 3.7713623
0.77813834 -0.62667745 -0.042243134 63.13257 0.62677497 0.7791052 -0.012545242 30.203735 0.040772177 -0.016719187 0.9990282 3.8222656
0.77404565 -0.63177484 -0.042116605 63.982178 0.6318058 0.7750344 -0.014260028 30.90625 0.041651156 -0.01556965 0.9990108 3.8718262
0.76760745 -0.6395528 -0.042107046 64.83154 0.63955003 0.7686112 -0.015295278 31.619751 0.042150863 -0.015185259 0.99899614 3.9265137
0.76172507 -0.6465389 -0.042322673 65.68115 0.64647985 0.76276326 -0.016921265 32.338745 0.043217197 -0.014477497 0.99896014 3.9821777
0.75580657 -0.65330577 -0.041958228 66.53003 0.65319234 0.7568479 -0.01826207 33.073975 0.04368896 -0.013610279 0.99895245 4.036865
0.75007695 -0.6600887 -0.039745603 67.37158 0.65994185 0.7510284 -0.01857438 33.814453 0.042114504 -0.012298898 0.99903727 4.0927734
0.74440986 -0.6665727 -0.038292214 68.20215 0.6663697 0.74531543 -0.019705387 34.562744 0.041675415 -0.010855068 0.9990719 4.1503906
0.736503 -0.6753039 -0.038160887 69.034424 0.6750553 0.73741907 -0.021007705 35.331055 0.042332582 -0.01028754 0.9990509 4.2042236
0.73113763 -0.68126404 -0.03861721 69.86499 0.68097806 0.732087 -0.022162706 36.105347 0.0433711 -0.010084463 0.9990084 4.2646484
0.72643703 -0.68605936 -0.03978189 70.69043 0.68581325 0.72743404 -0.02168847 36.887695 0.043820888 -0.01152451 0.99897313 4.322876
0.7199778 -0.6929459 -0.038281687 71.5083 0.6926946 0.7209116 -0.021629876 37.68982 0.042588018 -0.010940662 0.999033 4.3759766
0.71631265 -0.6966564 -0.038723923 72.32837 0.69642895 0.7172629 -0.021307584 38.487915 0.042621005 -0.011704352 0.99902284 4.43396
0.7101915 -0.70288706 -0.039591305 73.14795 0.70266443 0.71118546 -0.021633929 39.310303 0.043363336 -0.012460949 0.99898136 4.492676
0.7044936 -0.7084438 -0.041285142 73.96509 0.708149 0.7055929 -0.023903467 40.136963 0.046067838 -0.012391671 0.99886185 4.552124
0.7015723 -0.71139646 -0.04308712 74.77832 0.7110622 0.7027768 -0.025325017 40.95862 0.048289474 -0.0128714815 0.99875 4.6140137
0.69563645 -0.7170462 -0.04420767 75.58667 0.716655 0.69691986 -0.026977405 41.803223 0.05015264 -0.012910709 0.99865836 4.6760254
0.6894403 -0.7231664 -0.042178866 76.39575 0.7227691 0.6906252 -0.026804537 42.654663 0.04851355 -0.01200734 0.99875015 4.7370605
0.68585825 -0.7265276 -0.04031307 77.1897 0.726092 0.6869607 -0.027291719 43.516724 0.04752068 -0.0105534755 0.9988145 4.7973633
0.6800472 -0.73202866 -0.040287085 77.98218 0.73160785 0.6811503 -0.027157977 44.390137 0.04732066 -0.011000131 0.9988195 4.866699
0.6773185 -0.73461926 -0.039651375 78.78516 0.73412114 0.6784097 -0.028725315 45.259644 0.047999237 -0.009656379 0.9988004 4.92749
0.67147 -0.74001354 -0.03871577 79.57349 0.7395244 0.67251825 -0.028524574 46.14746 0.047145754 -0.009478684 0.998843 4.991455
0.66733223 -0.7437835 -0.037756894 80.366455 0.7432142 0.66835225 -0.030159995 47.037964 0.047668397 -0.007933229 0.9988318 5.045288
0.66433287 -0.74646056 -0.036957424 81.16113 0.74576974 0.6653344 -0.032643896 47.93982 0.048956245 -0.005882232 0.9987833 5.1153564
0.659925 -0.7504746 -0.035140283 81.95532 0.74955916 0.6608569 -0.037103675 48.8479 0.051069587 -0.0018500527 0.9986937 5.177124
0.65588146 -0.7541916 -0.033765826 82.75415 0.75307244 0.65674794 -0.041092955 49.75659 0.05316823 0.0015302729 0.9985847 5.2436523
0.65007967 -0.75924987 -0.030083744 83.542725 0.7579282 0.65074134 -0.045273356 50.683105 0.05395067 0.006635405 0.9985219 5.317627
0.640591 -0.7674438 -0.024670642 84.32739 0.76596045 0.6409393 -0.04936213 51.608887 0.053699948 0.012726882 0.99847627 5.3946533
0.63383365 -0.7732094 -0.021602161 85.10864 0.7716812 0.63400745 -0.05106549 52.540527 0.053174235 0.015699795 0.998462 5.470825
0.6235104 -0.7816176 -0.018064044 85.880615 0.7802453 0.62355155 -0.049186405 53.51465 0.049701177 0.016584402 0.998627 5.5343018
0.6137459 -0.78922135 -0.017160568 86.63623 0.7878324 0.61374927 -0.049818367 54.48828 0.04984825 0.017050236 0.998611 5.61084
0.6052809 -0.7958345 -0.019255849 87.38745 0.7943771 0.6053945 -0.050513715 55.460938 0.051848873 0.015281326 0.99853814 5.6778564
0.5954549 -0.8031023 -0.018683426 88.11865 0.80148274 0.59550464 -0.053744078 56.456787 0.054294553 0.017023107 0.99837965 5.751831
0.5859551 -0.8102441 -0.019133808 88.85278 0.80856 0.58603156 -0.054795165 57.46826 0.05560159 0.016636057 0.99831426 5.8240967
0.5765156 -0.817086 -0.0149086695 89.573 0.8154212 0.5763598 -0.05585517 58.479004 0.05422023 0.020048369 0.99832785 5.9023438
0.56466097 -0.8252925 -0.011879619 90.2832 0.82363826 0.56434643 -0.0567737 59.519775 0.05355992 0.022272853 0.9983163 5.9785156
0.55325043 -0.8328753 -0.011088156 90.9834 0.83118606 0.5528957 -0.057681296 60.567627 0.054173924 0.022702884 0.9982739 6.054077
0.54582864 -0.837709 -0.012133923 91.66943 0.83598906 0.5455451 -0.05776328 61.61792 0.055006746 0.021379942 0.9982568 6.1275635
0.533208 -0.8458605 -0.01271705 92.336914 0.8440809 0.5329664 -0.0585285 62.685547 0.056295678 0.020468373 0.9982042 6.2039795
0.52466315 -0.8511034 -0.013628626 92.99951 0.8492653 0.5244786 -0.059220545 63.766113 0.057541657 0.019495565 0.9981527 6.286499
0.5146698 -0.85743356 -0.013257254 93.65015 0.85557693 0.5144771 -0.05960875 64.85205 0.057928074 0.01933455 0.9981334 6.366333
0.5053508 -0.8628697 -0.012696605 94.292725 0.8611483 0.5051876 -0.057393707 65.948975 0.055932328 0.018066304 0.99827087 6.448242
0.4989347 -0.8666586 -0.01015722 94.93091 0.8650683 0.4986737 -0.055829436 67.059814 0.053447656 0.019065171 0.99838835 6.5219727
0.49141175 -0.8709564 -0.0087255845 95.555664 0.8693609 0.49107632 -0.05641756 68.177246 0.053414848 0.02014676 0.99836946 6.6033936
0.48350853 -0.8753313 -0.007953947 96.1709 0.87359095 0.48308578 -0.059297696 69.30029 0.055742353 0.0217275 0.9982089 6.6851807
0.47582543 -0.87947625 -0.0059391716 96.77832 0.8775518 0.47521082 -0.06326455 70.41943 0.05846082 0.024902701 0.9979797 6.765869
0.47008535 -0.88254625 -0.0051387562 97.388916 0.88047594 0.46936634 -0.06597081 71.558105 0.060641464 0.026491951 0.9978083 6.843872
0.46400765 -0.8857166 -0.0050419704 97.986084 0.8834237 0.46320036 -0.06950285 72.687256 0.063915506 0.027815446 0.997569 6.938965
0.4595451 -0.88823354 -0.0028027487 98.57715 0.8860152 0.45861608 -0.06925345 73.83423 0.06279431 0.029338174 0.99759483 7.0303955
0.45541558 -0.89025116 0.0010264388 99.16284 0.8882876 0.45433387 -0.066907264 74.971436 0.0591057 0.031380307 0.9977582 7.1188965
0.45354468 -0.89131236 0.007027124 99.747314 0.8895936 0.45214856 -0.06613979 76.10986 0.055765923 0.036248457 0.9977856 7.210449
0.4485395 -0.8937333 0.009598315 100.3208 0.89213336 0.44703287 -0.06555559 77.248535 0.054299466 0.037958294 0.9978023 7.2940674
0.44603354 -0.89506006 0.0105100125 100.88281 0.89356774 0.44453695 -0.06411289 78.38672 0.052715864 0.037976105 0.9978864 7.378174
0.4450613 -0.8954311 0.013522049 101.44214 0.8940452 0.44340155 -0.06431447 79.5105 0.0515922 0.04070471 0.9978378 7.4576416
0.44104615 -0.8973485 0.016129775 101.99902 0.8961309 0.4393159 -0.06298171 80.62866 0.049430598 0.042226076 0.99788415 7.531006
0.44107035 -0.8973504 0.01824258 102.54248 0.89617485 0.4391899 -0.06400485 81.754395 0.049429566 0.044594165 0.99778247 7.619385
0.43647766 -0.89943093 0.020890353 103.08374 0.89839923 0.43450776 -0.06329707 82.86206 0.04785064 0.046386708 0.99777645 7.685547
0.436037 -0.8996815 0.02486637 103.62378 0.8988618 0.4339021 -0.062835634 83.968506 0.045749344 0.049744863 0.9977132 7.7629395
0.43398395 -0.90063643 0.028054414 104.15405 0.89995044 0.43167907 -0.06336166 85.06909 0.04496044 0.052727208 0.99759525 7.836426
0.43246296 -0.90124935 0.029738095 104.673096 0.9006517 0.43008617 -0.063315846 86.14258 0.044283815 0.05415222 0.9975493 7.904419
0.43038288 -0.9022069 0.030755058 105.18359 0.9016507 0.4279515 -0.063530535 87.226074 0.04415123 0.055071957 0.9975059 7.973755
0.43141383 -0.9016511 0.030343976 105.6936 0.9009802 0.42888463 -0.06560164 88.29443 0.046150487 0.055629503 0.99738336 8.044434
0.43140426 -0.9018671 0.029520366 106.18262 0.9011262 0.4288846 -0.06610984 89.33496 0.046974093 0.055097908 0.99737376 8.11499
0.43396538 -0.90044624 0.026705395 106.67529 0.8996412 0.43166637 -0.06442542 90.387695 0.046504546 0.051979195 0.997564 8.187988
0.43651155 -0.8993091 0.024435584 107.166016 0.8983851 0.43430775 -0.064624585 91.416504 0.047508385 0.050152298 0.9976103 8.257446
0.4436716 -0.8961214 0.022315307 107.66016 0.8950691 0.44151902 -0.06547717 92.441895 0.04881872 0.049023654 0.9976039 8.325073
0.44949377 -0.8931644 0.019991372 108.16455 0.8920307 0.4474667 -0.06511006 93.46216 0.049201727 0.047076058 0.9976774 8.394165
0.45558268 -0.8901113 0.018777657 108.67236 0.8890252 0.45369205 -0.06328519 94.46362 0.047793105 0.0455257 0.9978195 8.463257
0.46366468 -0.8857935 0.018135235 109.18359 0.88473046 0.4618276 -0.06253127 95.46167 0.047026694 0.045037378 0.9978776 8.522827
0.4721643 -0.8813162 0.017342623 109.70654 0.8802826 0.4704007 -0.061500587 96.453125 0.04605155 0.044293806 0.99795574 8.589722
0.48158526 -0.8761187 0.016229734 110.231445 0.8750819 0.4798865 -0.06093738 97.43286 0.045606304 0.043558355 0.99800974 8.659302
0.49187928 -0.8703477 0.014432652 110.771484 0.869188 0.4901905 -0.062325217 98.40796 0.047185913 0.043206614 0.99795127 8.715454
0.50106406 -0.86538935 0.010555293 111.30762 0.86407393 0.49954003 -0.06253567 99.35913 0.04884323 0.040447757 0.9979866 8.7803955
0.5128138 -0.8585101 0.0070893914 111.85864 0.8570771 0.51144123 -0.062557 100.3064 0.050085336 0.038150977 0.99801564 8.848389
0.5254211 -0.8508301 0.00450804 112.43213 0.84944105 0.5242447 -0.060139842 101.24634 0.048806038 0.035427533 0.99817973 8.908081
0.53695446 -0.8436023 0.003310428 113.00928 0.8423114 0.5359068 -0.057551827 102.176025 0.046773862 0.033697903 0.9983374 8.975342
0.55205184 -0.8338469 0.003581793 113.60327 0.832639 0.5510103 -0.05634194 103.0957 0.045005422 0.03408229 0.998405 9.036133
0.56098807 -0.8279243 0.0029601892 114.19531 0.8267767 0.56001395 -0.054766126 103.985596 0.04368574 0.033178665 0.9984946 9.099243
0.5734236 -0.81934965 0.002469547 114.80713 0.8182066 0.5724593 -0.05461533 104.86914 0.043328937 0.03333488 0.99850434 9.158447
0.58454853 -0.81144166 0.0010367654 115.42822 0.8102347 0.58360875 -0.055271663 105.73926 0.04424422 0.033145465 0.9984705 9.2146
0.59510756 -0.80354774 0.0012574663 116.04834 0.80227274 0.5940736 -0.05726231 106.592285 0.04526978 0.035089362 0.99835855 9.276611
0.6057849 -0.7955918 0.001128152 116.68945 0.79438573 0.6047871 -0.055923235 107.43286 0.043809354 0.03478118 0.9984348 9.341553
0.6169583 -0.78697294 0.001298822 117.33032 0.7858366 0.6159773 -0.054764427 108.26074 0.042292476 0.03481 0.9984989 9.394653
0.6265478 -0.7794589 0.003027237 117.96655 0.7785181 0.62559074 -0.05169493 109.07153 0.03839907 0.03474367 0.9986581 9.452026
0.63679683 -0.77106875 0.0026972482 118.62134 0.770189 0.6358947 -0.050106797 109.86743 0.036924277 0.033986688 0.99873996 9.5078125
0.6460193 -0.7633369 -0.00078317255 119.25781 0.7623875 0.6452664 -0.049205195 110.643555 0.03806198 0.03118797 0.99878854 9.557617
0.654945 -0.75557333 -0.0032477742 119.908936 0.7546107 0.65431625 -0.04783936 111.40747 0.038266882 0.028886171 0.99885035 9.608765
0.66557276 -0.74629456 -0.0040669325 120.57593 0.7453253 0.6649676 -0.047616735 112.163574 0.038243674 0.028664319 0.9988573 9.656738
0.67431617 -0.73858064 -0.0033077854 121.22974 0.7377135 0.67372864 -0.04562639 112.893555 0.03592946 0.028325023 0.99895257 9.706787
0.68198586 -0.7314048 -0.0015782914 121.898926 0.73063827 0.6813668 -0.04434942 113.61255 0.033512443 0.029093798 0.99901474 9.752808
0.6912548 -0.72262734 -0.0011777286 122.57739 0.72188324 0.6906148 -0.044280928 114.329834 0.032811977 0.029764077 0.99901843 9.802124
0.69771594 -0.71629435 -0.002743504 123.23364 0.7155841 0.6971853 -0.0419999 115.024414 0.032005552 0.02733328 0.99911326 9.842651
0.7060073 -0.7081774 -0.0024610334 123.92236 0.7075118 0.7054864 -0.04103233 115.711426 0.03079388 0.02722834 0.99915475 9.888916
0.7140305 -0.7001929 -0.0010563515 124.57886 0.69964916 0.7135339 -0.038363747 116.3689 0.027606765 0.026654277 0.9992635 9.92749
0.7191931 -0.694876 -0.00069690216 125.25293 0.6944307 0.7187673 -0.035093017 117.03711 0.02488211 0.024757734 0.99938387 9.964722
0.72700477 -0.6865591 -0.0005942695 125.930176 0.68615973 0.7266109 -0.033485394 117.683105 0.02342154 0.02393981 0.9994391 9.999634
0.7343442 -0.67865443 -0.0007822884 126.58862 0.6782801 0.73397654 -0.03237492 118.299805 0.022550527 0.023244588 0.9994756 10.042236
0.7421091 -0.6703552 -0.001642806 127.25098 0.6700414 0.7418324 -0.028868664 118.91846 0.02057176 0.020321645 0.9995818 10.064209
0.7516777 -0.65941894 -0.00039188378 127.9314 0.6591896 0.75143176 -0.025926495 119.51758 0.017392684 0.019229356 0.9996639 10.097412
0.75987124 -0.65006703 0.0003953206 128.59473 0.6499056 0.75966877 -0.022737496 120.08887 0.014484057 0.017532371 0.99974126 10.125366
0.7709002 -0.6370103 -0.00029294816 129.27466 0.63688195 0.7707539 -0.019723162 120.66162 0.01278761 0.015018324 0.9998055 10.154175
0.7795576 -0.6261647 -0.001663355 129.93213 0.62601507 0.7794241 -0.019951724 121.20581 0.013793008 0.014514934 0.99979967 10.176636
0.7899479 -0.613162 -0.0036301739 130.60718 0.61299944 0.7898516 -0.01909673 121.73413 0.014575465 0.012862776 0.99981123 10.201538
0.7997905 -0.6002699 -0.0035902725 131.30225 0.600125 0.79970497 -0.017988786 122.25781 0.0136681385 0.012233109 0.9998318 10.220459
0.80926037 -0.58753526 -0.002850215 131.98047 0.5874189 0.80918026 -0.016553657 122.76196 0.012032356 0.011723488 0.999859 10.244507
0.818946 -0.5738384 -0.000892848 132.68652 0.57376736 0.8188673 -0.0145315565 123.25903 0.009070463 0.011388363 0.9998941 10.262573
0.8282272 -0.56042784 0.0007343314 133.37988 0.56038845 0.82815194 -0.013006067 123.74292 0.0066812327 0.011182912 0.99991506 10.276978
0.8364282 -0.547938 0.0031167488 134.09595 0.5479349 0.8363592 -0.011331819 124.20654 0.0036049453 0.011186329 0.99993086 10.298828
0.84551007 -0.5339412 0.0048845275 134.82056 0.53396183 0.84544843 -0.010288028 124.66748 0.0013638195 0.011307594 0.9999351 10.310059
0.8516814 -0.52405876 0.0067954855 135.53394 0.52410275 0.8516179 -0.010397477 125.11206 -0.00033882353 0.012416742 0.9999228 10.321533
0.8586401 -0.5124447 0.0066397754 136.2583 0.5124872 0.85858494 -0.0097492 125.55054 -0.0007034349 0.011774287 0.9999304 10.334595
0.8656896 -0.5006322 0.0059335055 137.00879 0.5006666 0.8656476 -0.008554272 125.98804 -0.000854759 0.010376012 0.99994576 10.340332
0.8716889 -0.49013156 0.0061748954 137.73657 0.4901656 0.8716671 -0.0065321154 126.41528 -0.0021809223 0.008720397 0.9999595 10.342529
0.8784542 -0.47777623 0.0067071435 138.49731 0.47781223 0.87844276 -0.005523183 126.83057 -0.0032524662 0.008056359 0.9999622 10.343018
0.8833939 -0.46855596 0.0073663993 139.24927 0.46859735 0.88338554 -0.0054909745 127.235596 -0.0039338865 0.008302737 0.99995774 10.351685
0.88881195 -0.45818567 0.007125232 140.02222 0.45822734 0.8887978 -0.0061127124 127.640625 -0.003531457 0.008698326 0.9999559 10.358398
0.89342594 -0.44911164 0.0068470216 140.80371 0.44915316 0.8934061 -0.0067160507 128.03003 -0.003101398 0.009075777 0.99995404 10.360107
0.8969448 -0.4420292 0.006929466 141.56323 0.44206887 0.8969324 -0.0059270873 128.43042 -0.0035951503 0.008379983 0.99995846 10.359863
0.89928794 -0.43723682 0.010072783 142.37451 0.43729067 0.8993099 -0.0038611586 128.82129 -0.0073709544 0.007876676 0.9999418 10.36377
0.902832 -0.42988923 0.012737937 143.18799 0.42992106 0.9029067 0.0002660188 129.21045 -0.011615084 0.0052356394 0.9999188 10.3654785
0.905412 -0.42429683 0.014974935 144.00513 0.42430693 0.90552723 0.002651574 129.60986 -0.014684973 0.0039543416 0.99988437 10.359253
0.9088561 -0.4168493 0.015924476 144.84497 0.41681552 0.9089944 0.0055418266 129.9895 -0.016784552 0.0016024094 0.9998577 10.352417
0.9117627 -0.4103431 0.017606955 145.68872 0.41026992 0.9119328 0.007749486 130.38599 -0.019237023 0.00015873741 0.999815 10.339233
0.9145615 -0.40390542 0.019747412 146.55396 0.40380806 0.9147745 0.008868879 130.77734 -0.021647394 -0.00013826601 0.9997658 10.323608
0.9188733 -0.39387894 0.022617003 147.45532 0.39377114 0.9191515 0.009222822 131.1499 -0.024421535 0.00043104123 0.99970174 10.309204
0.92151946 -0.38763383 0.023893615 148.3274 0.38752377 0.92182887 0.009264995 131.54175 -0.025616745 0.0007193671 0.99967176 10.296509
0.9250078 -0.3792904 0.023961985 149.24072 0.37921026 0.9253165 0.007977037 131.91357 -0.025197754 0.0017056853 0.99968106 10.266846
0.9288164 -0.3697274 0.024821348 150.1814 0.36970896 0.9291392 0.005498247 132.27759 -0.025094556 0.004071584 0.9996767 10.257568
0.9328812 -0.35950387 0.023678154 151.10547 0.35950845 0.9331702 0.004207789 132.64868 -0.023608163 0.0045838347 0.9997109 10.237915
0.9367368 -0.34930214 0.022511225 152.07056 0.34931388 0.93699616 0.0035366137 133.0044 -0.022328673 0.00455009 0.99974036 10.221802
0.9419936 -0.33501738 0.02032345 153.04224 0.33497873 0.9422111 0.0053793713 133.3623 -0.020951118 0.0017402689 0.99977905 10.199219
0.94743544 -0.31920058 0.020857245 154.02588 0.319072 0.9476624 0.009316681 133.71582 -0.022740293 -0.0021719534 0.99973917 10.183594
0.95376533 -0.29967108 0.02277683 155.04004 0.29943767 0.9540203 0.01312471 134.03735 -0.025662752 -0.005697145 0.9996545 10.157837
0.9594259 -0.28096005 0.023755133 156.06934 0.28062755 0.95967746 0.016398486 134.35693 -0.027404256 -0.009065609 0.9995833 10.137451
0.9652824 -0.26006675 0.024019178 157.09131 0.2596891 0.9655198 0.01774631 134.64844 -0.027807059 -0.01089272 0.99955416 10.124023
0.97111106 -0.23720191 0.026010623 158.16162 0.2367267 0.9713676 0.020083675 134.9209 -0.03003 -0.013347088 0.9994601 10.087769
0.9763987 -0.21406825 0.029005144 159.27417 0.21352209 0.9767276 0.020805582 135.1753 -0.03278326 -0.014122111 0.99936265 10.072266
0.9805935 -0.19337586 0.032091923 160.34863 0.19271591 0.9809894 0.022542473 135.39941 -0.03584309 -0.01591946 0.9992306 10.034546
0.9848216 -0.16967091 0.036516715 161.49756 0.16883199 0.9853262 0.02496976 135.61328 -0.040217932 -0.01842554 0.9990213 10.008057
0.9880581 -0.14874244 0.04032252 162.61206 0.14776683 0.98867935 0.026198922 135.79492 -0.043763004 -0.019930508 0.99884367 9.962524
0.99111384 -0.12663448 0.04079254 163.74951 0.12552217 0.9916771 0.028775755 135.95728 -0.04409589 -0.023400947 0.9987534 9.924316
0.9937507 -0.10452462 0.039145682 164.90356 0.103485316 0.994244 0.027699031 136.09326 -0.041816495 -0.023475021 0.9988496 9.882324
0.99591416 -0.0819896 0.037793163 166.08276 0.08093185 0.9963043 0.02871317 136.19702 -0.040008124 -0.025535427 0.99887264 9.835449
0.9972229 -0.06231322 0.040789675 167.27515 0.061187208 0.99772525 0.02829961 136.28369 -0.042460132 -0.02572532 0.99876714 9.800659
0.99819726 -0.0415333 0.043318667 168.48438 0.04038692 0.99881893 0.027008174 136.35278 -0.04438931 -0.025209576 0.9986959 9.751221
0.99877363 -0.019869031 0.045351047 169.69775 0.018577576 0.99941474 0.028723339 136.39062 -0.045895312 -0.027845535 0.99855816 9.712158
0.9989839 -0.0021015194 0.045023374 170.91016 0.0007951955 0.99957865 0.029013576 136.41357 -0.045065388 -0.028948285 0.99856466 9.661255
0.99870664 0.019800823 0.04682427 172.16553 -0.02121363 0.99932885 0.029869625 136.40186 -0.046201482 -0.030824404 0.99845636 9.613892
0.9981998 0.03843422 0.04603711 173.41504 -0.03993417 0.99868655 0.032112032 136.3623 -0.044742733 -0.0338927 0.9984231 9.561035
0.9971353 0.059665028 0.04649027 174.68018 -0.061238483 0.9975716 0.033192102 136.302 -0.044397436 -0.035944086 0.9983672 9.513184
0.9959081 0.07824894 0.04519143 175.94727 -0.07980485 0.9962393 0.033715736 136.21924 -0.042382885 -0.037184767 0.9984093 9.466431
0.994329 0.09739579 0.04270169 177.22388 -0.09893824 0.9944551 0.03563612 136.11255 -0.0389943 -0.039658587 0.9984524 9.417847
0.9923466 0.11621677 0.041784137 178.52466 -0.117765345 0.99236465 0.036718033 135.97583 -0.037198156 -0.041357663 0.9984514 9.373535
0.9900588 0.13495485 0.039444428 179.83887 -0.13642241 0.9899436 0.037222516 135.81274 -0.03402178 -0.04223602 0.998528 9.338989
0.9873011 0.1549841 0.03473682 181.17993 -0.15627356 0.9869732 0.038126633 135.62378 -0.028375924 -0.043071885 0.99866945 9.297485
0.9844056 0.1734399 0.029628113 182.50415 -0.17455773 0.9838171 0.04057331 135.41016 -0.022111572 -0.04511122 0.9987368 9.270752
0.9815618 0.18938933 0.02548854 183.81519 -0.19036253 0.98073494 0.04361748 135.17334 -0.016734349 -0.04766695 0.998723 9.241943
0.97762334 0.20909028 0.023244847 185.16089 -0.20996422 0.9766552 0.045460895 134.906 -0.013198548 -0.049324736 0.9986958 9.22998
0.9736988 0.22683614 0.021219593 186.50293 -0.22761586 0.9725743 0.047797635 134.61963 -0.009795378 -0.051371194 0.9986317 9.221191
0.9696144 0.2437243 0.021406902 187.84326 -0.24448554 0.9685255 0.04687211 134.2976 -0.009311077 -0.050681613 0.9986716 9.221069
0.96503454 0.26122558 0.020946221 189.19727 -0.26193735 0.9639673 0.046099395 133.93799 -0.008146522 -0.04997617 0.9987171 9.215088
0.95984054 0.2800113 0.017638613 190.54663 -0.28054222 0.9586824 0.04727722 133.56763 -0.003672232 -0.050325897 0.998726 9.223022
0.9552137 0.29550698 0.014944921 191.89575 -0.29588452 0.95397806 0.04856845 133.17358 9.766547e-05 -0.05081513 0.99870795 9.22644
0.9498794 0.3122876 0.015432716 193.27051 -0.31266698 0.9485442 0.05035558 132.73389 0.0010850457 -0.052656364 0.99861205 9.232666
0.9443257 0.3286715 0.016083855 194.61694 -0.32905802 0.9428579 0.052666925 132.29712 0.0021452042 -0.055026367 0.99848217 9.249878
0.9381931 0.3458244 0.014943838 195.95215 -0.34609747 0.9364522 0.05742199 131.81934 0.005864111 -0.05904401 0.9982377 9.251831
0.9315991 0.3632045 0.0118115805 197.29175 -0.36324626 0.92978764 0.058998317 131.32202 0.0104525 -0.059254665 0.9981881 9.290161
0.9241375 0.3819301 0.010685784 198.70508 -0.38186625 0.92232525 0.0592255 130.77197 0.012767043 -0.058812067 0.9981868 9.306274
0.9162701 0.40052015 0.0059909094 200.0664 -0.40013945 0.9145052 0.059768718 130.17163 0.018457728 -0.057162162 0.99819463 9.342041
0.9084167 0.41804287 0.0027945405 201.3894 -0.41737014 0.90653336 0.06315979 129.60693 0.023866534 -0.058541115 0.99800014 9.388428
0.8989032 0.43821734 0.0010545915 202.74097 -0.43732056 0.8969046 0.06613708 128.98926 0.028035883 -0.059910264 0.9978094 9.43396
0.8858253 0.4640313 0.0019019172 204.08423 -0.46305355 0.8836776 0.06864873 128.29932 0.030164417 -0.061692532 0.9976404 9.477295
0.8715758 0.49008352 0.0029611047 205.4336 -0.4889662 0.8691487 0.07301217 127.583496 0.033210736 -0.065086074 0.99732816 9.536133
0.85863674 0.51239246 0.0038860885 206.74219 -0.51111615 0.85591054 0.077433854 126.85254 0.0363657 -0.068477765 0.9969897 9.594482
0.8427526 0.5381836 0.0043164697 208.01636 -0.53672373 0.8398179 0.08077768 126.089355 0.039861362 -0.070396036 0.99672216 9.664185
0.8287434 0.5596138 0.003941809 209.31836 -0.5579971 0.82577026 0.08209534 125.27612 0.04269393 -0.070235625 0.9966157 9.738525
0.81085825 0.5851024 0.0038641547 210.57935 -0.58335495 0.8078883 0.08286073 124.37842 0.04536887 -0.06945068 0.9965542 9.816528
0.7932706 0.6089149 0.0011044308 211.83911 -0.606793 0.7903513 0.08488914 123.46753 0.05080549 -0.06801554 0.99639094 9.904907
0.7786449 0.6275246 -0.0014434527 212.99805 -0.6250343 0.7757569 0.08724756 122.600586 0.055855043 -0.06702819 0.99618655 9.992554
0.76185626 0.6477589 -0.0034605984 214.1687 -0.64495456 0.75903374 0.089065544 121.63086 0.06030742 -0.06562648 0.99602115 10.088013
0.74415064 0.66804564 -0.004293596 215.38892 -0.6650489 0.7413894 0.09008733 120.601074 0.06336191 -0.06419307 0.9959251 10.199463
0.72780186 0.6856524 -0.005019859 216.5437 -0.68250513 0.725127 0.090649314 119.55835 0.06580585 -0.06253802 0.9958696 10.307983
0.7135629 0.70057064 -0.0053605707 217.62524 -0.69732994 0.71095985 0.09092683 118.54614 0.0675056 -0.061134066 0.99584335 10.417236
0.69891334 0.7151794 -0.0068437173 218.71313 -0.7117549 0.6964421 0.09154842 117.46704 0.07024243 -0.05911637 0.995777 10.53125
0.6836479 0.7296657 -0.009378176 219.79443 -0.72593355 0.681348 0.093052536 116.36548 0.0743005 -0.056800243 0.9956162 10.65625
0.6685907 0.7435204 -0.011885539 220.83667 -0.73943764 0.6664414 0.0951946 115.25171 0.07871486 -0.054851748 0.99538594 10.786133
0.65366924 0.75667834 -0.012445405 221.86401 -0.75236946 0.65154433 0.097124346 114.09863 0.08159056 -0.05412727 0.99519557 10.912109
0.63686985 0.77094537 -0.011498992 222.87451 -0.7665999 0.6347365 0.09760816 112.937744 0.08253586 -0.053346246 0.99515903 11.052612
0.62144685 0.7833813 -0.008761959 223.86426 -0.77904916 0.6191152 0.09868117 111.74927 0.08272989 -0.05449083 0.99508023 11.194824
0.6021255 0.7984044 -0.003789221 224.82129 -0.794223 0.59944284 0.09948729 110.541504 0.081701696 -0.056904033 0.9950321 11.338257
0.5854243 0.8107615 0.0013427697 225.7456 -0.80678064 0.58238405 0.099951126 109.30859 0.08025503 -0.059595574 0.99499094 11.476074
0.5689684 0.8223695 0.005044998 226.64746 -0.8184613 0.5656455 0.10103773 108.09326 0.08022824 -0.06161121 0.99487007 11.6188965
0.5488876 0.8357946 0.0075476645 227.50684 -0.83169174 0.54525036 0.10432022 106.85693 0.08306942 -0.06355473 0.9945171 11.765137
0.5299988 0.8477586 0.010449955 228.30591 -0.843412 0.5259467 0.10836055 105.620605 0.08637905 -0.06625046 0.9940576 11.911865
0.51177984 0.858948 0.013402754 229.1001 -0.8547164 0.5075678 0.10829616 104.350586 0.08622105 -0.066896826 0.9940294 12.06311
0.48913956 0.8718775 0.017810132 229.86157 -0.8680164 0.48480606 0.10609245 103.095215 0.08388984 -0.0673587 0.9941959 12.207886
0.47018138 0.88228065 0.020966465 230.56226 -0.87869215 0.4657938 0.10424158 101.829346 0.08219603 -0.06742837 0.99433184 12.351685
0.44964984 0.89294547 0.025026308 231.2417 -0.8896692 0.4451264 0.10253179 100.55371 0.08040586 -0.06836035 0.9944147 12.49292
0.42578208 0.90430725 0.026417535 231.89209 -0.9011473 0.4213504 0.10078714 99.24951 0.08002673 -0.06672538 0.99455714 12.630615
0.40595594 0.91352755 0.028123297 232.47412 -0.9104069 0.40147305 0.100488104 97.99243 0.080530904 -0.06639456 0.994538 12.765259
0.38463166 0.92268103 0.028394226 233.04834 -0.9195894 0.3802936 0.09909541 96.697754 0.080626965 -0.06422239 0.994673 12.898071
0.3602144 0.9323683 0.0277838 233.5896 -0.92910504 0.35599455 0.099335946 95.40039 0.082736716 -0.06158823 0.9946656 13.038818
0.34150577 0.9394716 0.027438417 234.0647 -0.93610144 0.33737442 0.09940379 94.13599 0.08414708 -0.059665382 0.99466836 13.169434
0.31802484 0.9475734 0.027163459 234.52881 -0.944327 0.3141706 0.09653423 92.84277 0.08292664 -0.05634719 0.99496067 13.307129
0.29873428 0.9538694 0.026731823 234.95117 -0.95054686 0.29499778 0.096239544 91.56348 0.083912864 -0.054161217 0.995 13.440308
0.27797794 0.9600414 0.02902922 235.35034 -0.95636773 0.2738658 0.10078647 90.29712 0.088815406 -0.05581414 0.9944859 13.575317
0.25744504 0.9659367 0.030689277 235.71973 -0.9614876 0.25279626 0.1090203 89.03467 0.097530134 -0.057550736 0.99356544 13.715698
0.24017426 0.9700553 0.032862507 236.06201 -0.96481204 0.23490775 0.11719649 87.78369 0.10595046 -0.05987887 0.9925686 13.863281
0.22057138 0.9746846 0.03763573 236.3794 -0.9692318 0.21467423 0.120733015 86.53735 0.10961721 -0.06308738 0.9919682 14.0177
0.19896078 0.9791072 0.041505188 236.6648 -0.9736867 0.19270957 0.12148371 85.28076 0.110945255 -0.06459324 0.9917261 14.173096
0.18138038 0.982313 0.046643365 236.92773 -0.9771601 0.17468165 0.12108129 84.0437 0.11076636 -0.067542516 0.9915486 14.331299
0.16240752 0.9854102 0.05121634 237.16626 -0.98043156 0.1552907 0.121139824 82.80762 0.11140831 -0.069902405 0.9913146 14.48877
0.14260077 0.98841554 0.052817434 237.3584 -0.9836468 0.13555166 0.11896393 81.5708 0.11045873 -0.06892285 0.99148935 14.647461
