1.000000000000000000e+00 4.398956837314658088e-19 2.733407509747682871e-20 -8.673617379884035472e-19 -5.583667658079949532e-19 1.000000000000000000e+00 -6.100159232558060012e-19 0.000000000000000000e+00 4.145284534913582806e-20 -2.210423569125054137e-19 1.000000000000000222e+00 0.000000000000000000e+00
9.999422823331483023e-01 -7.336287177996493125e-04 1.071885281622909046e-02 7.668453984937841084e-02 7.303794793763761272e-04 9.999996861338696919e-01 3.070448926424153031e-04 -2.151765591509466335e-03 -1.071907489414113991e-02 -2.991983328992016715e-04 9.999425042975057520e-01 2.928838701373426834e-01
9.998557186083707471e-01 -2.347018302583659712e-03 1.682359932515372497e-02 1.045832416854971803e-01 2.335176374983989611e-03 9.999970117436923767e-01 7.234988264416639548e-04 -8.546347847017118915e-03 -1.682524740736175695e-02 -6.841083563954119921e-04 9.998582114614263938e-01 5.411572429828997999e-01
9.997873470219238445e-01 -5.857216548179245211e-03 1.977255119462349719e-02 9.238924279545768226e-02 5.879672946117095109e-03 9.999821337419774192e-01 -1.077790562566252174e-03 -2.578655975973120906e-03 -1.976588542312243679e-02 1.193817534919672588e-03 9.998039230528915633e-01 9.303633280647330972e-01
9.998294012921288276e-01 -6.690802984936001715e-03 1.721631488792184361e-02 8.988335198247944524e-02 6.723066050109092855e-03 9.999757495398701179e-01 -1.816783785261347033e-03 -1.483816929855841238e-02 -1.720374194093778411e-02 1.932220304813259820e-03 9.998501376549296937e-01 1.177416906292744203e+00
9.998935864069206092e-01 -1.032087449895896687e-02 1.030996812664385087e-02 8.578553952231741941e-02 1.035808185493667342e-02 9.999400093108380405e-01 -3.562008143468611311e-03 -1.080801977667994462e-02 -1.027258676567803855e-02 3.668420641627795960e-03 9.999405065492454892e-01 1.522343047473624367e+00
9.999403792945846803e-01 -1.081429164249494111e-02 -1.512934025602896389e-03 6.882965628995414697e-02 1.080689333454902187e-02 9.999300077325160574e-01 -4.815669650774286742e-03 -2.184784416247352590e-02 1.564906211803184823e-03 4.799032470761647497e-03 9.999872600975079351e-01 1.836920725013925004e+00
9.997924096999983856e-01 -1.073348004205624748e-02 -1.731848439765261427e-02 3.089997379089245641e-02 1.064733948927958952e-02 9.999305205604392954e-01 -5.058477587399896544e-03 -2.784367480206960399e-02 1.737157648472047525e-02 4.873031749958559554e-03 9.998372277129171648e-01 2.152997735536080981e+00
9.993302314249523643e-01 -6.176942232935799491e-03 -3.606846105291547366e-02 1.014859731756875480e-02 5.980891887588946250e-03 9.999667632501185732e-01 -5.540876949631895823e-03 -3.507752429219841706e-02 3.610148855213692054e-02 5.321444298172848218e-03 9.993339606092237482e-01 2.517444630802141425e+00
9.984281027250523355e-01 -3.586186011300102668e-03 -5.593266337867607713e-02 -4.311121241266247656e-02 3.237435521657600675e-03 9.999747592196801538e-01 -6.324549771701773286e-03 -4.961601392188459692e-02 5.595393357001962609e-02 6.133529845190480514e-03 9.984145117438765205e-01 2.867598194513693244e+00
9.971320813623608670e-01 -2.832094315563121918e-03 -7.562798000697910916e-02 -9.184697148254369892e-02 2.350160363783606546e-03 9.999763679901640945e-01 -6.460665918862308274e-03 -5.276062437797852944e-02 7.564449128525232990e-02 6.264399363531532490e-03 9.971151731078898850e-01 3.220789953146296014e+00
9.953122826979743376e-01 -3.137405406213102880e-03 -9.666238310019892310e-02 -1.276433327806214546e-01 2.553006012119113464e-03 9.999777133774087057e-01 -6.168865782803087047e-03 -5.836438646221960014e-02 9.667958472380974722e-02 5.893168206144871850e-03 9.952981104981191152e-01 3.597890038488730458e+00
9.932407818547784872e-01 -4.073528080659979435e-03 -1.160006691443942750e-01 -2.064299949441411042e-01 3.464570548176569825e-03 9.999791428292961193e-01 -5.450747823622269922e-03 -7.029174180418161499e-02 1.160204554775628727e-01 5.012012470428896943e-03 9.932341788494687407e-01 3.974515420999283677e+00
9.910737834563421167e-01 -3.929367500736022541e-03 -1.332565770632693769e-01 -2.839732983974641578e-01 3.312558261408533010e-03 9.999827515054700022e-01 -4.850117942417519167e-03 -7.434999945237769081e-02 1.332733387876692543e-01 4.365404484671875363e-03 9.910697053705594950e-01 4.380192284757215226e+00
9.887680178947070297e-01 -3.359496468270361733e-03 -1.494206143206034398e-01 -3.739120884566452530e-01 2.746929811026727498e-03 9.999869571136141833e-01 -4.305807121241902839e-03 -8.107740092975947166e-02 1.494331333724726318e-01 3.846996333483367753e-03 9.887643500157675680e-01 4.810276823490654330e+00
9.866336378096492998e-01 -2.430525936831465922e-03 -1.629360506611226556e-01 -4.561981051685641830e-01 1.759031339599823182e-03 9.999893562064078312e-01 -4.265358147955202253e-03 -8.403603670479285748e-02 1.629446862849641686e-01 3.921736095008159645e-03 9.866274118841065199e-01 5.202404761728040228e+00
9.844925827007392494e-01 -3.172345565256967995e-03 -1.753975201114665039e-01 -5.409240517734392739e-01 2.290587950473712501e-03 9.999837030594007636e-01 -5.229418618330249416e-03 -9.241058837878336762e-02 1.754112542245362671e-01 4.746560280658625175e-03 9.844838052653946958e-01 5.658734933766818465e+00
9.827680226055093282e-01 -6.172896076213746017e-03 -1.847401100542813146e-01 -6.320304926332684925e-01 4.946548688323566811e-03 9.999625716351865368e-01 -7.098378465922172177e-03 -1.076739469819523176e-01 1.847770162809311001e-01 6.062233310487975813e-03 9.827617739944916053e-01 6.098505633627570255e+00
9.811817479454075785e-01 -5.691229861619264557e-03 -1.930025556835558154e-01 -7.347675246365987789e-01 4.113814791933717747e-03 9.999547907748028708e-01 -8.572801641356686195e-03 -1.172185341320479829e-01 1.930426233081374843e-01 7.617499628177266946e-03 9.811608024137511430e-01 6.546287101858858648e+00
9.796037685861801458e-01 -5.644489165503288088e-03 -2.008596409154236873e-01 -8.310854386913094638e-01 3.582083810178834406e-03 9.999370853188535024e-01 -1.062986708446781066e-02 -1.127397401436060209e-01 2.009070075348154405e-01 9.693561696984666007e-03 9.795623564406468198e-01 7.016486713363830674e+00
9.780309044325129486e-01 -6.106410866462592263e-03 -2.083704890183915581e-01 -9.410312645984705293e-01 3.421809411982770430e-03 9.999064683417159261e-01 -1.324181949808676990e-02 -1.306150875454903937e-01 2.084318633694579315e-01 1.223790452576634449e-02 9.779603228443199958e-01 7.499256121475109005e+00
9.762346416029015206e-01 -9.710818330672077794e-03 -2.164985529969134237e-01 -1.060651075227831086e+00 6.623384622883117870e-03 9.998658292199390507e-01 -1.498179974211055407e-02 -1.383638652232618005e-01 2.166149944918520087e-01 1.319179864514334610e-02 9.761679782254668591e-01 8.011178195643850586e+00
9.744191470276892808e-01 -1.520992466812531516e-02 -2.242230651492055638e-01 -1.162339480018318438e+00 1.191767020922413975e-02 9.998004993208948754e-01 -1.602905718753594444e-02 -1.525093992929177633e-01 2.244221371228760920e-01 1.294680361328557662e-02 9.744060169241919311e-01 8.526178619167986028e+00
9.724429139713112180e-01 -1.622971163392314051e-02 -2.325755238612706444e-01 -1.309152525522286892e+00 1.225793742573917829e-02 9.997534838009246583e-01 -1.851255187569294733e-02 -1.784604494640020245e-01 2.328186476241576874e-01 1.515150361090827555e-02 9.724021341532206320e-01 9.031062656497692132e+00
9.703235455617413852e-01 -1.244017959529953796e-02 -2.414900775223595419e-01 -1.450368781059474088e+00 7.294914371827165844e-03 9.997271849791611320e-01 -2.218873193318088299e-02 -1.850278205194925696e-01 2.417002313794415491e-01 1.976859957365624879e-02 9.701495771032119242e-01 9.560171850107634484e+00
9.682369289946269886e-01 -9.227911224027614268e-03 -2.498641502499077960e-01 -1.608957887589128610e+00 3.039423088335328066e-03 9.996792709014195033e-01 -2.514194167364192448e-02 -1.896108210438834374e-01 2.500160234593007402e-01 2.358391352307876929e-02 9.679544351094721000e-01 1.009390964455934991e+01
9.659038817400786847e-01 -1.247422829848856933e-02 -2.586002385526185998e-01 -1.786244625773331540e+00 5.552517143435775279e-03 9.996069543295083015e-01 -2.747919937082410335e-02 -2.237161872722989997e-01 2.588413831138314247e-01 2.510638308512230452e-02 9.655935011255151190e-01 1.067284653628719049e+01
9.635361855126388653e-01 -1.351724048465480742e-02 -2.672364156344461672e-01 -1.913625404829072840e+00 6.029331722553087428e-03 9.995664175362860560e-01 -2.882054961275828942e-02 -2.543127779886645845e-01 2.675101255190867611e-01 2.615838544627046083e-02 9.631999134159882070e-01 1.121151187367782143e+01
9.614402111425862651e-01 -1.382393459490656451e-02 -2.746663750362500767e-01 -2.100360239141082275e+00 5.262189076629064655e-03 9.994777268320360619e-01 -3.188389750966771907e-02 -2.728496841937736450e-01 2.749636898064299895e-01 2.920911478311061585e-02 9.610108212548191808e-01 1.179155005544640211e+01
9.590566274136276270e-01 -1.352957305464133099e-02 -2.828910290589172760e-01 -2.289129322227689833e+00 3.634639789652538075e-03 9.993640068408271571e-01 -3.547352835207921024e-02 -2.934735964247430773e-01 2.831910588658805294e-01 3.299291552846324305e-02 9.584958494741635526e-01 1.239079942174984517e+01
9.568266709611946697e-01 -1.499540711164029649e-02 -2.902720408129860763e-01 -2.478757729367553786e+00 3.339333656088961256e-03 9.991695155461171041e-01 -4.060945753366224792e-02 -3.378438355862280473e-01 2.906399347411733336e-01 3.788689696052537081e-02 9.560821163531819655e-01 1.298340332263731334e+01
9.550045818522574503e-01 -1.582036883128309229e-02 -2.961688077434688759e-01 -2.673384885988907556e+00 1.767973857978018433e-03 9.988622868714970293e-01 -4.765507444191134645e-02 -3.688528594229256163e-01 2.965857785501749277e-01 4.498719588578380113e-02 9.539460310066742998e-01 1.359635482730739042e+01
9.537521530057412322e-01 -1.634511143095151997e-02 -3.001494061846012307e-01 -2.892783065404905596e+00 -3.876982644890841854e-04 9.984528101924924348e-01 -5.560427584983288624e-02 -3.992568119996648401e-01 3.005938813219257155e-01 5.314906543866224770e-02 9.522701808347552310e-01 1.420606039498211715e+01
9.524326181527158486e-01 -1.685554829451276979e-02 -3.042827572943375136e-01 -3.107273267764669722e+00 -2.950999355553868622e-03 9.979123347099532193e-01 -6.451560910054461584e-02 -4.506074458712226449e-01 3.047349679255524912e-01 6.234470901590648262e-02 9.503945173368076871e-01 1.483854505027621151e+01
9.511580119286872081e-01 -1.492026052352342889e-02 -3.083436721179420581e-01 -3.335607030363767933e+00 -7.999602871278672228e-03 9.973046406673545805e-01 -7.293462853665000356e-02 -4.898098133905847140e-01 3.086007840567916993e-01 7.183898359483015250e-02 9.484749435634437509e-01 1.547226841132538766e+01
9.497737288250139853e-01 -1.391691818466700946e-02 -3.126278639769278223e-01 -3.565012284745137983e+00 -1.180575944700532585e-02 9.967060132205441958e-01 -8.023557338104364556e-02 -5.446008497438630247e-01 3.127147091734925333e-01 7.989644953309704700e-02 9.464808873526924238e-01 1.612707097161139558e+01
9.480493942271446262e-01 -1.276546367444007270e-02 -3.178669326782218030e-01 -3.780076909643715233e+00 -1.557510310968388163e-02 9.961337584771883247e-01 -8.645780107791102564e-02 -6.112710134321507338e-01 3.177416616803025451e-01 8.691707670902068528e-02 9.441851833085839196e-01 1.677139799255787977e+01
9.466172499830453058e-01 -1.223280680383959443e-02 -3.221275186423932513e-01 -4.051564116385643288e+00 -1.857262539338108698e-02 9.955501946363415344e-01 -9.238434675787171590e-02 -6.800801185410606520e-01 3.218242392285816655e-01 9.343537057724134176e-02 9.421777925610593796e-01 1.746143762258943966e+01
9.448594343185808819e-01 -1.020920495383194175e-02 -3.273170011476964625e-01 -4.294385761904853993e+00 -2.321421444375252469e-02 9.949113033802569062e-01 -9.804386077899010510e-02 -7.603000929669900820e-01 3.266523396567589388e-01 1.002360745217519972e-01 9.398143330742537715e-01 1.813828208156482091e+01
9.429169546572746530e-01 -6.912110199166427230e-03 -3.329562088371799677e-01 -4.531263792996122142e+00 -2.833955053339646396e-02 9.944926816983745699e-01 -1.009018132353261404e-01 -8.373507695327884193e-01 3.318199631088981638e-01 1.045778604259816197e-01 9.375281252048471847e-01 1.884199981797542023e+01
9.413986538415994865e-01 -6.656000364513249036e-03 -3.372302919374099983e-01 -4.806233106382400422e+00 -2.970747209562281041e-02 9.942836692534918752e-01 -1.025546251926308244e-01 -9.105302949943986368e-01 3.359851813855338487e-01 1.065630462684526436e-01 9.358195752775201326e-01 1.952626361773152652e+01
9.392770299604477069e-01 -5.581839112736665387e-03 -3.431144147056914839e-01 -5.096080629226249492e+00 -3.126272458236805524e-02 9.943178786409447856e-01 -1.017575464656681750e-01 -9.973602959249616706e-01 3.417327970257272862e-01 1.063052181386483636e-01 9.337654408465672073e-01 2.023424507878467793e+01
9.369260401300044672e-01 -5.842276486602064611e-03 -3.494788413718420417e-01 -5.361288959101406348e+00 -3.116314499860818946e-02 9.944821036213902232e-01 -1.001708738552914008e-01 -1.091833172256136963e+00 3.481356852035923377e-01 1.047435606364992555e-01 9.315741160851397362e-01 2.095586601197447862e+01
9.343168694685616282e-01 -5.234327270143557254e-03 -3.564050877665581596e-01 -5.628122205273596634e+00 -3.191993386304613212e-02 9.946461567596083242e-01 -9.828601461419131380e-02 -1.163851662681649968e+00 3.550114180076596182e-01 1.032067089474760502e-01 9.291476045106117354e-01 2.167748176905267243e+01
9.314560414339857486e-01 -5.639154138972512706e-03 -3.638101703610202020e-01 -5.944529455046391853e+00 -3.108044445859580937e-02 9.949922211183592768e-01 -9.499729413187422977e-02 -1.259596578204235540e+00 3.625240000354256753e-01 9.979318592529864973e-02 9.266162486130046227e-01 2.237944029068243523e+01
9.278155460976102997e-01 -2.438652158874417449e-03 -3.730313157145737635e-01 -6.261523713659948420e+00 -3.336529575331533687e-02 9.954282733923125459e-01 -8.949474616045603736e-02 -1.333901409051853504e+00 3.715441714173191023e-01 9.548091749884939083e-02 9.234924612313086811e-01 2.317123219465958073e+01
9.243938154970090526e-01 3.087595418875267966e-04 -3.814393471097583532e-01 -6.583599331767728380e+00 -3.507692029961837626e-02 9.958312465282079806e-01 -8.420058272741205718e-02 -1.412555862769576676e+00 3.798232292596891990e-01 9.121421600677379060e-02 9.205510764192573747e-01 2.390958331186000763e+01
9.209129230927088905e-01 4.262702685822329640e-03 -3.897450632213397270e-01 -6.903116083553425320e+00 -3.857786873523692123e-02 9.960271172252045391e-01 -8.026038774548581445e-02 -1.487116338964019180e+00 3.878545322295546827e-01 8.894836264032959794e-02 9.174186905163240757e-01 2.465506065186685447e+01
9.171105899733659195e-01 4.367682732531331935e-03 -3.986089384779724631e-01 -7.254004076201618467e+00 -3.869832789974268078e-02 9.961925527496225952e-01 -7.812065867611626968e-02 -1.563598174525486106e+00 3.967500565019616565e-01 8.707078321130938547e-02 9.137877623389035753e-01 2.539460771859046773e+01
9.131226634748831339e-01 4.499253085871879852e-03 -4.076600970938604185e-01 -7.613753978770635200e+00 -3.946356376717438663e-02 9.962187958608808014e-01 -7.739985761710785339e-02 -1.644767253328236700e+00 4.057704164382964773e-01 8.676328480481865224e-02 9.098475173951626749e-01 2.614872930473479684e+01
9.092189425111728562e-01 4.460644744689217997e-03 -4.162943834449726599e-01 -7.975532306701436092e+00 -3.990172128599747681e-02 9.962729023972258791e-01 -7.647324133634737786e-02 -1.715111065096980081e+00 4.144017007734852043e-01 8.614178249403396659e-02 9.060081827396621046e-01 2.692583734897690562e+01
9.054006519078374726e-01 4.885167837791383298e-03 -4.245300825521743926e-01 -8.368050868301125433e+00 -4.053440265302736545e-02 9.963606430721442253e-01 -7.498287267652213595e-02 -1.781306601098356035e+00 4.226187693696024095e-01 8.509761550529083840e-02 9.023035937109761262e-01 2.771006248571954345e+01
9.014748063895360319e-01 5.495042393983103415e-03 -4.327966891670101401e-01 -8.747462069380901539e+00 -4.080188938095846707e-02 9.965455494135957437e-01 -7.233376685125178507e-02 -1.861859781431534744e+00 4.309041446530339492e-01 8.286599147285433897e-02 8.985849149179933049e-01 2.849440714591223767e+01
8.976515523265528040e-01 6.400909906776669142e-03 -4.406594093288166980e-01 -9.134026306082718705e+00 -4.052250518101902649e-02 9.968574781186475553e-01 -6.806684182805174121e-02 -1.931881152255298773e+00 4.388389452899387755e-01 7.895692975236298650e-02 8.950900441884648284e-01 2.926710741663708149e+01
8.938114933113804339e-01 7.636734329970702728e-03 -4.483778436286087743e-01 -9.541866537306688656e+00 -3.992207401117293247e-02 9.972401073926688841e-01 -6.259709483159459076e-02 -1.983035223220351861e+00 4.466623392095022127e-01 7.385017653790897085e-02 8.916495444658607550e-01 3.007209221536422561e+01
8.900477972720125530e-01 7.705030842005851192e-03 -4.558020918025261214e-01 -9.957425722886309671e+00 -3.848175136228514093e-02 9.975582872931976208e-01 -5.828051417056694800e-02 -2.057178595880927219e+00 4.542401086795505583e-01 6.941250625231844273e-02 8.881710599624005331e-01 3.088203114846921338e+01
8.864342138046881203e-01 6.455627398596560512e-03 -4.628095776625810731e-01 -1.040263607519458589e+01 -3.666796919282834522e-02 9.977395359612362125e-01 -5.631410550945822879e-02 -2.115454372059578869e+00 4.613998782951364008e-01 6.688903737448699538e-02 8.846671765241925778e-01 3.169279515191088592e+01
8.831729890757685775e-01 6.782356323146357564e-03 -4.689983652515680723e-01 -1.085130074337643613e+01 -3.689635817553402197e-02 9.978016547322221541e-01 -5.505012836284316896e-02 -2.186256205701293975e+00 4.675939833588148020e-01 6.592311826400122643e-02 8.814817148076744546e-01 3.249733923807865921e+01
8.800140093735306923e-01 7.324701436944681260e-03 -4.748912376026682147e-01 -1.129039582603642700e+01 -3.703782670851865633e-02 9.978944866444460216e-01 -5.324277401451672775e-02 -2.234188588822650257e+00 4.735013684701309677e-01 6.444332655601145432e-02 8.784324197997614991e-01 3.332787512336024349e+01
8.771810500390301302e-01 5.811347484221298168e-03 -4.801245974753512447e-01 -1.178109725973709487e+01 -3.501201497890073927e-02 9.980390589382072131e-01 -5.188637301045703060e-02 -2.295663602282109306e+00 4.788815799235049964e-01 6.232387289709310357e-02 8.756644173458937308e-01 3.417868482895699600e+01
8.744672780463057515e-01 4.844902842396840541e-03 -4.850603074522030211e-01 -1.225442743305846882e+01 -3.414563089465434687e-02 9.980845082003482194e-01 -5.158866583523911281e-02 -2.359429906757957607e+00 4.838812446538455769e-01 6.167529053979172587e-02 8.729576760787430834e-01 3.500805861976984090e+01
8.725880525698157530e-01 4.513682206601639206e-03 -4.884359860299370415e-01 -1.273346202682115091e+01 -3.422027977280104466e-02 9.980652325536377711e-01 -5.191111712599585232e-02 -2.420454258098065026e+00 4.872566740735919666e-01 6.201143682204110497e-02 8.710542577526272368e-01 3.583912149254129531e+01
8.708294693679010656e-01 4.245505799183882378e-03 -4.915668888048733698e-01 -1.322503028328247865e+01 -3.443080276351041802e-02 9.980337156151770639e-01 -5.237578045206555538e-02 -2.471009494193086464e+00 4.903779752559435101e-01 6.253541582391261566e-02 8.692633478306210915e-01 3.669585106675337727e+01
8.702476663709175497e-01 4.807306131238632714e-03 -4.925909907549294031e-01 -1.372320659771769158e+01 -3.467481037433565311e-02 9.980698781386685425e-01 -5.151869505830793117e-02 -2.537480349741252361e+00 4.913925724227741765e-01 6.191452347011808244e-02 8.687346754327601728e-01 3.759266484999950109e+01
8.700843132285331905e-01 4.337306316550329326e-03 -4.928838309705860232e-01 -1.423481769044427381e+01 -3.348754117795822716e-02 9.981709868638876104e-01 -5.033155699606593064e-02 -2.587680907063885538e+00 4.917640450436048805e-01 6.029816589799106424e-02 8.686381639937171828e-01 3.846836367479163243e+01
8.700233948031137476e-01 3.386640364905657563e-03 -4.929988015669293233e-01 -1.475511952115935976e+01 -3.198170469030830326e-02 9.982578578859280238e-01 -4.958245447268225248e-02 -2.653294088212168944e+00 4.919720181104223489e-01 5.890483754483311768e-02 8.686160016190213051e-01 3.936494273373644859e+01
8.694732253872559102e-01 2.012995081029967520e-03 -4.939759643487026675e-01 -1.526733657109434006e+01 -3.072725510187847633e-02 9.982756006838205964e-01 -5.001660651590100759e-02 -2.718743201986336455e+00 4.930234778288198894e-01 5.866662575635976651e-02 8.680357608469185804e-01 4.026313819672282079e+01
8.681760464664186605e-01 5.223747751927860844e-04 -4.962560574910691025e-01 -1.579995715855266170e+01 -2.945426550733530255e-02 9.982907489165190329e-01 -5.047798452644124828e-02 -2.773209540786817584e+00 4.953814713805844150e-01 5.844063480896854318e-02 8.667075024684817164e-01 4.118188753413708980e+01
8.667324546799941576e-01 -5.166132118088443033e-04 -4.987730748560549321e-01 -1.634066303995029301e+01 -2.756459815385924744e-02 9.984215857835511132e-01 -4.893393523254088023e-02 -2.836363669377725660e+00 4.980110928285523819e-01 5.616110924937080945e-02 8.653501523049160760e-01 4.208309722673342890e+01
8.648365439939693644e-01 -5.652665208245185278e-04 -5.020532119935916526e-01 -1.688065882095033032e+01 -2.561338291740598155e-02 9.986474631439931082e-01 -4.524598343031150521e-02 -2.909233617594084720e+00 5.013997511903920401e-01 5.198966113169393999e-02 8.636523430002880364e-01 4.302552549713575303e+01
8.617440020853389671e-01 -2.445644516271199909e-04 -5.073432861364868263e-01 -1.742781352164121245e+01 -2.373097827510496291e-02 9.988859047998404073e-01 -4.078958084354268598e-02 -2.963121615267538367e+00 5.067880418261935249e-01 4.718992912033657949e-02 8.607781341779728868e-01 4.392588574311461969e+01
8.578135049967798853e-01 -1.943758629801085490e-03 -5.139573982904394045e-01 -1.796778945638128278e+01 -2.110991070261775820e-02 9.990157557445558112e-01 -3.901142758573353936e-02 -3.026413313799944049e+00 5.135273763204971642e-01 4.431412416356596273e-02 8.569281751238193579e-01 4.482874485989785285e+01
8.527391971448700092e-01 -4.035900200030713598e-03 -5.223213262147797797e-01 -1.854828317649647218e+01 -2.015829269089566833e-02 9.989709249861933316e-01 -4.062922966414931475e-02 -3.093666423391194797e+00 5.219478028978105089e-01 4.517524280754374455e-02 8.517803084104933475e-01 4.573986880576580916e+01
8.470483313006416104e-01 -7.373063479153602225e-03 -5.314647277695512262e-01 -1.911210832642385071e+01 -1.878802180975893202e-02 9.988635658974506226e-01 -4.380167792938000071e-02 -3.150378422371919118e+00 5.311837148315612378e-01 4.708730905726307009e-02 8.459471921495648195e-01 4.661391681781422136e+01
8.406585652388498531e-01 -7.752700133680859307e-03 -5.415099875582264355e-01 -1.969484022064645146e+01 -1.871616409380785426e-02 9.988843391041780650e-01 -4.335645654848083175e-02 -3.215523181757706794e+00 5.412419849726172183e-01 4.658296629102127995e-02 8.395755752937904548e-01 4.751720604078543886e+01
8.349648379654487362e-01 -3.968861569883075369e-03 -5.502889800970180989e-01 -2.029516571092867494e+01 -2.065803421036555010e-02 9.990431028503146127e-01 -3.855028283943946060e-02 -3.260478916374463410e+00 5.499154203551748221e-01 4.355601915263825757e-02 8.340838743776909370e-01 4.839454554783281282e+01
8.297099016433474583e-01 -7.131554449270945551e-05 -5.581948297716410323e-01 -2.087769119295834841e+01 -2.275285139213807997e-02 9.991645762112688622e-01 -3.394786358502713264e-02 -3.315037521715063384e+00 5.577309311588470875e-01 4.086740244330860222e-02 8.290151203974545080e-01 4.926147014163457527e+01
8.257878002959956332e-01 -1.277364434267552599e-04 -5.639809273410147927e-01 -2.150876968416746138e+01 -2.369784283697564525e-02 9.991089326876866350e-01 -3.492496119132523086e-02 -3.375437050019231222e+00 5.634828532768157983e-01 4.220573814173604610e-02 8.250489414856131409e-01 5.016648155640795181e+01
8.223310733922165605e-01 -1.741862671108668041e-03 -5.690066479289571655e-01 -2.213581880154203319e+01 -2.502873440700237317e-02 9.989167152276937633e-01 -3.922956206145221392e-02 -3.424430582489088604e+00 5.684585939981698921e-01 4.650120406685468583e-02 8.213966588340946284e-01 5.102875557319367061e+01
8.194916739443505183e-01 -4.123009831777500571e-03 -5.730762521562291489e-01 -2.274792651593065784e+01 -2.703975532322409892e-02 9.985822718092690620e-01 -4.585082451012664762e-02 -3.500361557418369962e+00 5.724528390574883385e-01 5.307021054935805865e-02 8.182183731130049376e-01 5.188907118341171554e+01
8.163019669800616329e-01 -5.440479827835843947e-03 -5.775997692626763103e-01 -2.337548533468411804e+01 -2.694679679162574615e-02 9.985082649820098410e-01 -4.748805062355138801e-02 -3.559090928356352990e+00 5.769965111785485545e-01 5.432905272986414402e-02 8.149376580462764919e-01 5.275159771884824522e+01
8.131540354609060328e-01 -3.822127644799179144e-03 -5.820359949597126992e-01 -2.400098385776965060e+01 -2.677137396571799624e-02 9.986745268152855681e-01 -4.396001677296687560e-02 -3.615042080152066184e+00 5.814325526675462319e-01 5.132816827654979736e-02 8.119738987902362926e-01 5.361900415142471132e+01
8.096967997644611836e-01 -1.627065381789973356e-03 -5.868461795746133802e-01 -2.464201465739084540e+01 -2.588133409162182361e-02 9.989241767128763660e-01 -3.847916024683598057e-02 -3.679590481390668799e+00 5.862774550033239551e-01 4.634481484809420404e-02 8.087835992838098287e-01 5.448731540590108580e+01
8.066651594589538954e-01 -3.826884276491232593e-04 -5.910086017544190495e-01 -2.531084189809966745e+01 -2.558741524386017041e-02 9.990395310291783071e-01 -3.557105103714371108e-02 -3.733351056458023454e+00 5.904545791404222088e-01 4.381630993976860788e-02 8.058805914169505646e-01 5.535238631165324819e+01
8.037327335405806128e-01 1.426539599831004904e-04 -5.949904754563488662e-01 -2.592299874532172765e+01 -2.685217246254497855e-02 9.989897714322043543e-01 -3.603328267547875607e-02 -3.786954632460558301e+00 5.943842690367523440e-01 4.493791552732287475e-02 8.029246111676172637e-01 5.618669340551923597e+01
8.000341371658092893e-01 -1.005833689565589339e-03 -5.999536321774039394e-01 -2.657969179842261553e+01 -2.667107778229101112e-02 9.989503499408636245e-01 -3.724046206098222817e-02 -3.834160974965902913e+00 5.993613588553691196e-01 4.579505081025014857e-02 7.991675554512095436e-01 5.704173837482328224e+01
7.961876143070493184e-01 -3.545065296133855740e-03 -6.050394270836946253e-01 -2.722676871802593723e+01 -2.571094910393908334e-02 9.988813425747923302e-01 -3.968640321758629824e-02 -3.911276548753659377e+00 6.045032965467174169e-01 4.715396051185194448e-02 7.952058069671865681e-01 5.790664153191099217e+01
7.920895112921741976e-01 -4.017518902226820468e-03 -6.103917254664629199e-01 -2.789280653701772295e+01 -2.582145145633817085e-02 9.988626877536999071e-01 -4.008221184514803442e-02 -3.960308467245972519e+00 6.098585610380481414e-01 4.750989979748422576e-02 7.910849208690853285e-01 5.874127007977568127e+01
7.874186159005032160e-01 -4.393209567667272913e-03 -6.164029654278615489e-01 -2.857641658275794683e+01 -2.523834867327570675e-02 9.989063145291535717e-01 -3.935988563609710972e-02 -4.016441199123713446e+00 6.159017413044221012e-01 4.654969951769599018e-02 7.864465511021745403e-01 5.960656360121267738e+01
7.827181450758888825e-01 -4.571034628536935901e-03 -6.223595453004249212e-01 -2.926587455726360432e+01 -2.507195926051544732e-02 9.989297307218746313e-01 -3.886888197347336538e-02 -4.068058045880520446e+00 6.218711347263662370e-01 4.602715223831883862e-02 7.817658219624976645e-01 6.042373168388106563e+01
7.770923371190125994e-01 -5.192443883181853750e-03 -6.293651806215060374e-01 -2.995297617953794855e+01 -2.514506425504649256e-02 9.989114764314892536e-01 -3.928852305886799262e-02 -4.128995118656762386e+00 6.288841160832872035e-01 4.635623798365430537e-02 7.761158903345301008e-01 6.127678046833118941e+01
7.716345689068627722e-01 -6.307265931670654087e-03 -6.360348282747091408e-01 -3.065191018961504454e+01 -2.492504302331848692e-02 9.988829602802093977e-01 -4.014441353764650056e-02 -4.191849810729577186e+00 6.355775645585115541e-01 4.683001256400423640e-02 7.706154144532310069e-01 6.211506900958574562e+01
7.666610006070055938e-01 -7.744134215066667340e-03 -6.420053977304868154e-01 -3.134964507932860656e+01 -2.423266703807248901e-02 9.988657967718109765e-01 -4.098655793999994579e-02 -4.252846405246051731e+00 6.415946496039618419e-01 4.698029842970136843e-02 7.656037910912781852e-01 6.292125665995154549e+01
7.606403398396628379e-01 -8.994153908089863245e-03 -6.491112159144534210e-01 -3.205828033124970489e+01 -2.394312694467102057e-02 9.988350073035582311e-01 -4.189695573673188345e-02 -4.306742050975121749e+00 6.487318449424878120e-01 4.741026676068108014e-02 7.595388521322287145e-01 6.376263843378416141e+01
7.545009150307936396e-01 -1.140535498221761056e-02 -6.561998772917256861e-01 -3.278951142812839947e+01 -2.209255329361260387e-02 9.988409565299324333e-01 -4.276286573238214511e-02 -4.375297906574949991e+00 6.559270500835644446e-01 4.676175194147193237e-02 7.533744431711758560e-01 6.456674936555108957e+01
7.483038192557533996e-01 -1.237461734220337076e-02 -6.632407214831325115e-01 -3.353666045423123876e+01 -2.134665093679617362e-02 9.988589692380178686e-01 -4.272095625324302121e-02 -4.439587720159344109e+00 6.630126103377446123e-01 4.612622274078691242e-02 7.471858258636694394e-01 6.540961717179902735e+01
7.422328275222045413e-01 -1.229243099682435572e-02 -6.700293407238073762e-01 -3.429396664642753478e+01 -2.100270823456353367e-02 9.989138986982176727e-01 -4.159217800040579394e-02 -4.496573830998057630e+00 6.698129015159035582e-01 4.494351046094432339e-02 7.411685140719477261e-01 6.622269471325202517e+01
7.361200598528122585e-01 -1.300509544563932529e-02 -6.767260275474676900e-01 -3.503420576437090972e+01 -1.979248553230618726e-02 9.989742355495743187e-01 -4.072756141503960231e-02 -4.563990683209849131e+00 6.765615435408811607e-01 4.337446486562322040e-02 7.351075718420730931e-01 6.702456306534648434e+01
7.292544948188102172e-01 -1.413738833642679167e-02 -6.840964897214873996e-01 -3.579885870179855090e+01 -1.939600225658266383e-02 9.989576585339940973e-01 -4.132059517688845690e-02 -4.616005263436601780e+00 6.839676046837244172e-01 4.340196662416782869e-02 7.282201547551809817e-01 6.783357161522457091e+01
7.229666427602877699e-01 -1.581446619713768389e-02 -6.907019090533883521e-01 -3.658601989263888044e+01 -1.899345910784116728e-02 9.989051642996101821e-01 -4.275185701294512142e-02 -4.683549352861198223e+00 6.906218136571808941e-01 4.402698480763268113e-02 7.218747426133360623e-01 6.864126446945297744e+01
7.172429951732024467e-01 -1.467369120545875850e-02 -6.966686153197331199e-01 -3.737736868386168254e+01 -2.106765167080291642e-02 9.988645669689195650e-01 -4.272857291184220530e-02 -4.743912533273385357e+00 6.965045926617153826e-01 4.532394114448278638e-02 7.161194745390772054e-01 6.941807515359691649e+01
7.116857252523505206e-01 -1.497505339492508601e-02 -7.023383565066970702e-01 -3.818426981298371459e+01 -2.038117422671545040e-02 9.989117714663616754e-01 -4.195093083553677604e-02 -4.809640169964637835e+00 7.022022814109070143e-01 4.417035884387065375e-02 7.106060403439835582e-01 7.024932961752990934e+01
7.071279388162895474e-01 -1.429685800302969885e-02 -7.069410644857081483e-01 -3.900016813868251830e+01 -2.180783190263969884e-02 9.988789728283155034e-01 -4.201447544862398076e-02 -4.862677442682605822e+00 7.067492515256793562e-01 4.512646112549579397e-02 7.060234466904022899e-01 7.104499491656427779e+01
7.021024421564147078e-01 -1.542429121672378618e-02 -7.119088723262975149e-01 -3.983676914471615760e+01 -2.111076682154998732e-02 9.988750370629541075e-01 -4.246169912924872836e-02 -4.940430941366448891e+00 7.117629551229223139e-01 4.484140465437711637e-02 7.009869853061557743e-01 7.183182892514599871e+01
6.968166374028860188e-01 -1.756238193361864264e-02 -7.170342578935426925e-01 -4.066188731150145230e+01 -2.080675186667856752e-02 9.987844978979226740e-01 -4.468339590800955025e-02 -5.007097826880652747e+00 7.169474604790690986e-01 4.605528737242527149e-02 6.956042401895976557e-01 7.262194929735991877e+01
6.914977350720313831e-01 -1.997491427087145707e-02 -7.221023995803156348e-01 -4.149783640465646783e+01 -2.061004322733457281e-02 9.986651534606966196e-01 -4.736177164904876308e-02 -5.064760579410616081e+00 7.220845634752726117e-01 4.763311931039579394e-02 6.901630088708848865e-01 7.340002545085175711e+01
6.867115180521861095e-01 -2.006716147612784898e-02 -7.266530053474427042e-01 -4.234074612777976654e+01 -2.191643972801442242e-02 9.985929411305090042e-01 -4.828879402688565636e-02 -5.125751456764287006e+00 7.265995933507500837e-01 4.908611767190213665e-02 6.853054747950760861e-01 7.419580333216087809e+01
6.818506045015604311e-01 -1.961081258690355530e-02 -7.312285273638987615e-01 -4.320439896450231032e+01 -2.152403824870410473e-02 9.986698294500707673e-01 -4.685389587068996414e-02 -5.204256337959100698e+00 7.311747242953245962e-01 4.768634782321264781e-02 6.805215240446662595e-01 7.498534195483676967e+01
6.769014567698373730e-01 -2.013747824311598600e-02 -7.357981311052588236e-01 -4.407535053461027985e+01 -2.036620376391340068e-02 9.987306052461178973e-01 -4.606946843053504742e-02 -5.275142713928874905e+00 7.357918484303282991e-01 4.616990475212444378e-02 6.756320786500943365e-01 7.576509726849275239e+01
6.718011977218497632e-01 -2.041199686642543309e-02 -7.404501947805081086e-01 -4.494416955054044394e+01 -2.050841842902736967e-02 9.987244909107894086e-01 -4.613887798054310679e-02 -5.347805206760331664e+00 7.404475432347187303e-01 4.618161569750086487e-02 6.705256924453978362e-01 7.653251725595916355e+01
6.669529633395321344e-01 -2.144810897086867410e-02 -7.447910532700929842e-01 -4.581933080437153194e+01 -1.969747620635439386e-02 9.987287273929246201e-01 -4.639976877111044035e-02 -5.412198478030952664e+00 7.448394209545599054e-01 4.561696711085516664e-02 6.656826117271630316e-01 7.730929292540817244e+01
6.625481472199079569e-01 -2.258849002444171181e-02 -7.486786375688466721e-01 -4.672481380826008746e+01 -1.818936837354238195e-02 9.987651727407881319e-01 -4.623068922041331796e-02 -5.485249491636596808e+00 7.487984431627281445e-01 4.424804878504572797e-02 6.613191453830521427e-01 7.809688667806035767e+01
6.586603353516686798e-01 -2.317863834445811275e-02 -7.520833084769795729e-01 -4.760746697384281134e+01 -1.740903263256455419e-02 9.987884218260713043e-01 -4.602840465353660176e-02 -5.548088196144597362e+00 7.522389894826014833e-01 4.341012705964206186e-02 6.574588002408512377e-01 7.885675454989106470e+01
6.543803222219424232e-01 -2.597723716470822994e-02 -7.557192378632623386e-01 -4.851894020623771553e+01 -1.431813283334148167e-02 9.988048770854809355e-01 -4.673123795967531330e-02 -5.620119001658436808e+00 7.560300219865994098e-01 4.140049072191329116e-02 6.532263128238735561e-01 7.962725282043560071e+01
6.503690033417582894e-01 -2.984801241393159749e-02 -7.590317812860309932e-01 -4.941614013011981399e+01 -1.205232858845442512e-02 9.986964679446195259e-01 -4.959945869304879795e-02 -5.702895380562152283e+00 7.595228173975109298e-01 4.140605068917445342e-02 6.491614895014241604e-01 8.041112678595739283e+01
6.454169626616159672e-01 -3.406385368778950401e-02 -7.630704996477702950e-01 -5.032149166460227008e+01 -8.097607695239761316e-03 9.986438212086037325e-01 -5.142904932110141381e-02 -5.775230483385798586e+00 7.637875244180090117e-01 3.937222607173591210e-02 6.442658272040192591e-01 8.117064167636047500e+01
6.389095353423457357e-01 -3.794799639046345097e-02 -7.683453288296215877e-01 -5.125480994804384949e+01 -2.583137588655221896e-03 9.986711182095129313e-01 -5.147159455312232124e-02 -5.849335688670067590e+00 7.692775458844204328e-01 3.487043393254937729e-02 6.379624762697222451e-01 8.193371463592526993e+01
6.306888986911284301e-01 -4.175067881255255936e-02 -7.749118548780230542e-01 -5.217534110646325018e+01 2.444547872053204861e-03 9.986536644316758027e-01 -5.181585360150786634e-02 -5.936464034462300532e+00 7.760319239547728287e-01 3.078537414983980799e-02 6.299418424076198564e-01 8.270304686664670157e+01
6.215931950154671704e-01 -4.275619780373995232e-02 -7.821724849489457565e-01 -5.312205361245602830e+01 4.864552988758787805e-03 9.987007350630208169e-01 -5.072650083208960631e-02 -6.015215944840128337e+00 7.833251215056931116e-01 2.772632782461461817e-02 6.209935716528869332e-01 8.344372524914069800e+01
6.127532831835192928e-01 -4.201278596823709161e-02 -7.891567197503229769e-01 -5.408408161687847837e+01 6.596560130341441210e-03 9.988230091531240529e-01 -4.805290581576313752e-02 -6.083918476139227316e+00 7.902467396226240393e-01 2.423885561279388867e-02 6.123092191480679070e-01 8.419656908189560340e+01
6.041819203367678748e-01 -4.175835975737618444e-02 -7.957514906770623009e-01 -5.507887403229349843e+01 6.209340401002112417e-03 9.988423409722024804e-01 -4.770138310875710053e-02 -6.168807730239351805e+00 7.968222270719337308e-01 2.387922092225821386e-02 6.037417766632675598e-01 8.492149633778944917e+01
5.941540069741059193e-01 -4.274826461354524348e-02 -8.032145355091135919e-01 -5.605564902445021858e+01 4.443631205424687647e-03 9.987459473975568436e-01 -4.986769172448633769e-02 -6.231469345251302805e+00 8.043390334150689602e-01 2.605989924996151078e-02 5.935988652387717002e-01 8.562766722986124535e+01
5.845093700187701247e-01 -4.416455910359775444e-02 -8.101841001114151730e-01 -5.705930370230763771e+01 4.292121115934858372e-03 9.986718654700220688e-01 -5.134279689910301037e-02 -6.322703724926415525e+00 8.113756126450004658e-01 2.653293715440274009e-02 5.839226237084353954e-01 8.634652857367069601e+01
5.748418314732999246e-01 -4.572844308314538697e-02 -8.169857808363538698e-01 -5.805409684986716456e+01 4.648209983997056947e-03 9.986036088480437778e-01 -5.262344075084058465e-02 -6.383597275981294672e+00 8.182513512794841182e-01 2.645263315917063471e-02 5.742516839716036436e-01 8.705485063365388498e+01
5.644814423429173056e-01 -4.705613778797484992e-02 -8.241033968849527103e-01 -5.907212140841372872e+01 8.053861778185702341e-03 9.986402324251918428e-01 -5.150554789263048910e-02 -6.463339233391102390e+00 8.254064742377158481e-01 2.243671063492295309e-02 5.640928635610156228e-01 8.774399489546564723e+01
5.543671870536627244e-01 -4.697543103055573654e-02 -8.309454363659700693e-01 -6.010500533384061583e+01 9.267868215031359325e-03 9.986923850487159360e-01 -5.027550730431964987e-02 -6.548919919834649050e+00 8.322206077075132713e-01 2.016999825900853832e-02 5.540776514958793975e-01 8.842294475651972618e+01
5.438292602874476023e-01 -4.739656633442614064e-02 -8.378563650059668300e-01 -6.115807732790698026e+01 9.700218324874854484e-03 9.986921419433960612e-01 -5.019871865401490107e-02 -6.635986186664005082e+00 8.391398292200427100e-01 1.917214184851268391e-02 5.435777670194549271e-01 8.911582979466251686e+01
5.332625955321006472e-01 -4.816828609858882226e-02 -8.445772951349285185e-01 -6.221334239925921850e+01 8.514367110379169462e-03 9.986326471240039027e-01 -5.157849960439584575e-02 -6.711332523348497503e+00 8.459069224955858557e-01 2.031384291567405950e-02 5.329435610387629474e-01 8.976457323976394775e+01
5.232727621896742232e-01 -4.900104413726504016e-02 -8.507552532224477160e-01 -6.329003262725039747e+01 7.741344687784149775e-03 9.985775463969653876e-01 -5.275372390037980780e-02 -6.784408207606867691e+00 8.521300956361169687e-01 2.101859665021155871e-02 5.229077661243682895e-01 9.041227856426728238e+01
5.136091913107464491e-01 -4.913935612073301595e-02 -8.566159635309298359e-01 -6.434509168893025333e+01 5.735170915783697511e-03 9.985330152188505171e-01 -5.384166886737251634e-02 -6.876828181544842877e+00 8.580050807252627143e-01 2.274073654647235446e-02 5.131375582455364182e-01 9.104532037305550318e+01
