1.000000000000000000e+00 -3.306050084167601550e-19 -2.270457535318767223e-19 -8.673617379884035472e-19 7.546676715296109287e-19 1.000000000000000000e+00 6.237773588823049983e-19 1.387778780781445676e-17 -3.447385680526250622e-20 4.770700176052009879e-20 1.000000000000000222e+00 5.551115123125782702e-17
9.999342011197130953e-01 -2.414735383973609737e-03 1.121554673541747676e-02 1.229080289009778365e-02 2.400261246681076495e-03 9.999962521931189396e-01 1.304095854856063014e-03 -1.919095841566881289e-03 -1.121865262799847870e-02 -1.277095874944851389e-03 9.999362707014505247e-01 2.968360411677891109e-01
9.997996629451142425e-01 -4.592476149917760347e-03 1.947799894284130140e-02 2.846406571134795990e-02 4.561886867749448057e-03 9.999883020045886584e-01 1.614795305244700642e-03 -1.096245451347722943e-02 -1.948518801435689465e-02 -1.525573876433629784e-03 9.998089288376815764e-01 5.807656819594070319e-01
9.997784268743639124e-01 -7.076437354836267665e-03 1.983128978978496854e-02 3.649592043395691321e-02 7.058737349373541206e-03 9.999746354365891543e-01 9.627302722943463249e-04 -1.417854938890467098e-02 -1.983759945766033067e-02 -8.225795935000917774e-04 9.998030022947601569e-01 8.836724762774341713e-01
9.997797806706173462e-01 -8.405401056643503968e-03 1.922576577904738446e-02 4.155950099516888402e-02 8.417677875753513256e-03 9.999644171359718392e-01 -5.572679237037795512e-04 -2.151141553719559951e-02 -1.922039828993404170e-02 7.190081474138348668e-04 9.998149066360075832e-01 1.195777029982434403e+00
9.998672999155904240e-01 -1.089830627384625640e-02 1.210775832921991840e-02 4.399921154938744861e-02 1.092345252448121383e-02 9.999383266735478726e-01 -2.012572519502036240e-03 -2.631535954136624000e-02 -1.208508516287416096e-02 2.144536531502157228e-03 9.999246623932531719e-01 1.517718327893510688e+00
9.999311383081080917e-01 -1.173243045947676422e-02 -1.471415166625069325e-04 3.602404341348938721e-02 1.173185024719698537e-02 9.999251485768481107e-01 -3.466590538253117720e-03 -3.520070025753094245e-02 1.878060054670640004e-04 3.464625467282234864e-03 9.999939862473683494e-01 1.838887727516731241e+00
9.998190341189847619e-01 -1.101029486521504924e-02 -1.551172331345984125e-02 1.330986623611051488e-02 1.095960250457952111e-02 9.999343494472660021e-01 -3.349438372844874053e-03 -4.364544337768357096e-02 1.554757040792050654e-02 3.178835230396098548e-03 9.998740277992586023e-01 2.170240887670404462e+00
9.994143446832083333e-01 -7.099373458699085628e-03 -3.348006952300153216e-02 -1.956574976272855426e-02 6.986241759548244418e-03 9.999694784741697262e-01 -3.495817528198454181e-03 -4.927878109572469967e-02 3.350386669743049550e-02 3.259873472855029809e-03 9.994334418763441974e-01 2.515932107510900462e+00
9.984961581015007193e-01 -2.566597025973492343e-03 -5.476272210922088907e-02 -6.410099866757636156e-02 2.320135473859548901e-03 9.999869169089711241e-01 -4.564921172784587415e-03 -5.090356842469744014e-02 5.477372279928445498e-02 4.431032502471900572e-03 9.984890090349385350e-01 2.867174569916881133e+00
9.972339660267866002e-01 -2.530905084307403033e-03 -7.428202147311691039e-02 -1.147795260199751255e-01 2.138976614786152874e-03 9.999833536087511243e-01 -5.355559029556790362e-03 -5.634631961079600293e-02 7.429435005792657531e-02 5.181854965872554307e-03 9.972227590998140601e-01 3.229951983608812860e+00
9.954650363756202269e-01 -3.426141622816101812e-03 -9.505701103549450692e-02 -1.684276797400668935e-01 3.058302579965226607e-03 9.999872674058617461e-01 -4.014285597579663953e-03 -6.094746184126945132e-02 9.506956718387322980e-02 3.705324759586628696e-03 9.954628754711428718e-01 3.614010229804621499e+00
9.932267508211194418e-01 -4.635939053857189053e-03 -1.160989649944681457e-01 -2.219800969220763753e-01 4.226460573006894129e-03 9.999839419560221376e-01 -3.771833569486853551e-03 -6.947575217524810942e-02 1.161146031019071878e-01 3.255568984056701927e-03 9.932303830247078968e-01 4.000894320848845886e+00
9.912481628077083329e-01 -3.805777680269636400e-03 -1.319745301676259752e-01 -2.996226966769005018e-01 3.512722814383340084e-03 9.999908237158346980e-01 -2.453271721374352971e-03 -7.175083167030640863e-02 1.319826795042681467e-01 1.968250606749155206e-03 9.912523874922654077e-01 4.394603298338952690e+00
9.888688585222167315e-01 -1.520412188071868908e-03 -1.487500874486326341e-01 -3.764762671294731300e-01 1.303184726594786924e-03 9.999979300843809815e-01 -1.558288796323726265e-03 -8.288528404674697092e-02 1.487521635143392862e-01 1.347011569803108514e-03 9.888687904072270829e-01 4.812467906727729172e+00
9.866447205302790735e-01 -1.678353144923508573e-03 -1.628351392356826022e-01 -4.592620977621913458e-01 1.332446970037625029e-03 9.999966323684180702e-01 -2.232826641481053861e-03 -8.584254314246335393e-02 1.628383569061657155e-01 1.985879051571031589e-03 9.866436664990387850e-01 5.235025746682215875e+00
9.847949941747958791e-01 -2.996333493795960614e-03 -1.736716014374161121e-01 -5.540393356595770813e-01 2.605296436173037359e-03 9.999935265662971418e-01 -2.479978182304859013e-03 -9.217630825769466962e-02 1.736779238864908648e-01 1.989868157364011684e-03 9.847964807275657595e-01 5.671394974015202983e+00
9.829458718331106626e-01 -6.243243051977048416e-03 -1.837925106430797484e-01 -6.364720018103819932e-01 5.478793056427752259e-03 9.999741321862037902e-01 -4.668061149386167757e-03 -1.059422835330543072e-01 1.838168906098087696e-01 3.581606328166375783e-03 9.829546083120761502e-01 6.123239073539674671e+00
9.818038268639713850e-01 -5.484291040165858132e-03 -1.898177796654093308e-01 -7.366112797544750457e-01 4.305632036711342508e-03 9.999688121144958419e-01 -6.622829200894739428e-03 -1.126019942350749148e-01 1.898482012601596103e-01 5.684732723467200710e-03 9.817968233208798079e-01 6.585715425615758178e+00
9.801617648206855105e-01 -5.321600937745179366e-03 -1.981332819192488104e-01 -8.458538654140378421e-01 3.814793904926964876e-03 9.999608026529948068e-01 -7.986951488053518552e-03 -1.141014703274818576e-01 1.981680348800519131e-01 7.072442145154224542e-03 9.801436650168595666e-01 7.065213828694005826e+00
9.784677682753695205e-01 -5.889314366092602941e-03 -2.063147018669565236e-01 -9.611707907774815762e-01 3.670261397340628465e-03 9.999312413801065835e-01 -1.113800498466261356e-02 -1.253407181590389663e-01 2.063661060243597301e-01 1.014103193075955797e-02 9.784220743670460907e-01 7.550356959257020328e+00
9.768118353227307482e-01 -9.631315490788249986e-03 -2.138707885756972460e-01 -1.073328769159661134e+00 7.097351108799427807e-03 9.998952373293413798e-01 -1.261067393803825230e-02 -1.312510091992560857e-01 2.139698817328740954e-01 1.080051427669392362e-02 9.767778797977266780e-01 8.051618763538556323e+00
9.748298276520699357e-01 -1.576807712123330651e-02 -2.223943054490164772e-01 -1.186241362804307364e+00 1.307968986185334415e-02 9.998225246971494951e-01 -1.355564500669967538e-02 -1.496555015506805530e-01 2.225686402223658600e-01 1.030537275432159144e-02 9.748631691771174612e-01 8.569351611246792899e+00
9.733949743654592979e-01 -1.626407996719263574e-02 -2.285681706794861490e-01 -1.314595741559220654e+00 1.298923577808508249e-02 9.997903849010683075e-01 -1.582319170477650486e-02 -1.719814536243912673e-01 2.287776543705067889e-01 1.243363397524048855e-02 9.734022628991526593e-01 9.094688167025617886e+00
9.713707700366568387e-01 -1.256369889497116824e-02 -2.372360475746496111e-01 -1.466286514057671297e+00 8.030714344213804590e-03 9.997664375720273222e-01 -2.006675809876642610e-02 -1.754533253462979836e-01 2.374327561439937562e-01 1.758707271773925912e-02 9.712447704262893167e-01 9.628777183704986697e+00
9.693118717170435827e-01 -1.049978693544102726e-02 -2.455971358536158666e-01 -1.622125708223609575e+00 4.862558679682675924e-03 9.997108441390619715e-01 -2.354738458922399011e-02 -1.897853935768213651e-01 2.457734038674494192e-01 2.163042014424162648e-02 9.690826885208785324e-01 1.016978219281566709e+01
9.667138852404617566e-01 -1.260347690487299659e-02 -2.555122625504845368e-01 -1.778513526207273321e+00 6.297307198962331237e-03 9.996554470525894631e-01 -2.548338222547598050e-02 -2.091075644612581108e-01 2.557453630209290396e-01 2.302652868640189809e-02 9.664602861609286055e-01 1.073421596163447411e+01
9.644177703092972065e-01 -1.459481997177114292e-02 -2.639605019141455511e-01 -1.939968164974003706e+00 7.703135885657285201e-03 9.996023426720779259e-01 -2.712506041179119781e-02 -2.364923484043974233e-01 2.642514375634446022e-01 2.412592437138196336e-02 9.641468129257600994e-01 1.130281137567820693e+01
9.624100003301619966e-01 -1.421904636700758312e-02 -2.712321157781580339e-01 -2.115389949933944358e+00 6.368598426353047973e-03 9.995354864763912328e-01 -2.979791656263381869e-02 -2.613038893727883671e-01 2.715299225229187985e-01 2.695030596777111750e-02 9.620536439193076994e-01 1.188929366519671404e+01
9.601750461522797764e-01 -1.370369207754744238e-02 -2.791233021708515727e-01 -2.304536460431129807e+00 4.587160891891423412e-03 9.994350183787578112e-01 -3.328941932208926563e-02 -2.812233485552545487e-01 2.794219715271281657e-01 3.068274922773433708e-02 9.596956176512748682e-01 1.248589750414356381e+01
9.580723862606703722e-01 -1.437401214849787570e-02 -2.861350714309359167e-01 -2.493289230139326129e+00 3.499522261760344439e-03 9.992534232626644197e-01 -3.847899079897088015e-02 -3.093903341151651443e-01 2.864742639825296200e-01 3.586603971744882491e-02 9.574073619396781254e-01 1.308038035014293143e+01
9.563733294841056942e-01 -1.595039928249786937e-02 -2.916593586554525053e-01 -2.697249303096483253e+00 2.660001255349704000e-03 9.989424397847531667e-01 -4.589973223175385086e-02 -3.491048442071004176e-01 2.920830731265857128e-01 4.312094479295183747e-02 9.554044598800063293e-01 1.370234895608847303e+01
9.551983722905503793e-01 -1.671322179936914065e-02 -2.954846200270109802e-01 -2.900199171402433773e+00 6.371004053529992495e-04 9.985180378398806900e-01 -5.441380322181618018e-02 -3.865413696203391924e-01 2.959562318347153664e-01 5.178767178116058800e-02 9.537936320601211326e-01 1.432846807004161604e+01
9.542751227437943351e-01 -1.656384651189726082e-02 -2.984729007913711207e-01 -3.109079444271006576e+00 -2.302173365325653649e-03 9.980267779139313511e-01 -6.275165221529346860e-02 -4.285704249525480458e-01 2.989232311651643381e-01 6.056997053378800067e-02 9.523542115363359262e-01 1.496290779706109930e+01
9.525919963326191509e-01 -1.627635670507206894e-02 -3.038016800700421016e-01 -3.330627783896406680e+00 -5.827013465306852755e-03 9.974087945066739680e-01 -7.169289745884750709e-02 -4.738666834931987704e-01 3.041818489049675778e-01 7.006290166797057850e-02 9.500291664551713255e-01 1.561208793759974078e+01
9.514555587886536214e-01 -1.472590218598785784e-02 -3.074387869970721665e-01 -3.558348839909139194e+00 -1.007013596115797528e-02 9.968306400532834788e-01 -7.893080942555275037e-02 -5.317700592352410105e-01 3.076264202253952140e-01 7.819643927546451878e-02 9.482916958457157097e-01 1.626846012277403020e+01
9.498747658850297260e-01 -1.388686601018045835e-02 -3.123432572957716702e-01 -3.791588725035617724e+00 -1.327956049852188104e-02 9.963191019367394485e-01 -8.469367849957276650e-02 -5.906816493229917198e-01 3.123699398745903300e-01 8.459546621208617612e-02 9.461939395474633363e-01 1.693787772916165579e+01
9.483018602428593402e-01 -1.240877098926403826e-02 -3.170936798300212911e-01 -4.035824306852182630e+00 -1.738637658842881462e-02 9.957036024794915230e-01 -9.097032123136727932e-02 -6.619294910869171211e-01 3.168594174198309799e-01 9.178334406532082101e-02 9.440117744640812436e-01 1.761259564570865521e+01
9.468983854542526446e-01 -1.072526286204775713e-02 -3.212524300043153591e-01 -4.288885281652438763e+00 -2.137801801839554414e-02 9.951319420027937568e-01 -9.620540502821779694e-02 -7.304010828375713249e-01 3.207199278212822802e-01 9.796661796213722295e-02 9.420595000804906638e-01 1.830110680640157383e+01
9.451844998383157614e-01 -7.918943247704215982e-03 -3.264332155346408304e-01 -4.546455749490295517e+00 -2.600198752019866263e-02 9.947059976480382426e-01 -9.942036690929421938e-02 -8.066876707191587004e-01 3.254922112255221878e-01 1.024593676117732388e-01 9.399748508527270285e-01 1.900611511838746637e+01
9.437818736152832066e-01 -6.575425059703436832e-03 -3.305252671572976864e-01 -4.815264225801229259e+00 -2.844632072554946836e-02 9.944780452886221589e-01 -1.010260784802074208e-01 -8.860725482739499892e-01 3.293650671085431303e-01 1.047469943544814402e-01 9.383832023386181609e-01 1.970631605410873988e+01
9.413812481172872948e-01 -6.002806513379378359e-03 -3.373690102298247950e-01 -5.086589220578907167e+00 -2.924721305846428310e-02 9.946245044250243694e-01 -9.934830182720738589e-02 -9.672911961953384319e-01 3.361518843916611599e-01 1.033914117190271875e-01 9.361455030652936493e-01 2.043227147151060663e+01
9.390618469706475402e-01 -5.864313311176136412e-03 -3.437484712921687335e-01 -5.359264242309609294e+00 -2.967415828154539373e-02 9.947390973446909035e-01 -9.803445668670697499e-02 -1.049362818848647017e+00 3.425154593727289254e-01 1.022578485093205425e-01 9.339474353919982041e-01 2.115983386673156019e+01
9.369224991846114570e-01 -5.984213494467983431e-03 -3.495062264728336920e-01 -5.642586319867116451e+00 -2.933330453793222062e-02 9.949803088776516535e-01 -9.568137301352751256e-02 -1.139267427999643312e+00 3.483241659620929243e-01 9.989921414219411766e-02 9.320439277966543479e-01 2.190295422040698980e+01
9.343940609078665860e-01 -5.852394297680255791e-03 -3.561958175476332422e-01 -5.935764536703482364e+00 -2.906361333995384141e-02 9.952797310911503104e-01 -9.260112817354938797e-02 -1.220850937324088781e+00 3.550571381532952042e-01 9.687579360725624700e-02 9.298131455238713983e-01 2.263631170587939678e+01
9.295703092830864822e-01 -3.359903530893183603e-03 -3.686821062284927342e-01 -6.255724151168043257e+00 -3.101020675423737591e-02 9.957015839304595994e-01 -8.726723882484939410e-02 -1.292883947660844690e+00 3.673908604910720022e-01 9.255168578716013728e-02 9.254704468743448764e-01 2.339832536620428272e+01
9.269192261089643781e-01 -1.639280306762690132e-04 -3.752584535507490493e-01 -6.572023843045147196e+00 -3.286068214378890656e-02 9.961230881567700868e-01 -8.162730727898942495e-02 -1.376869658325274637e+00 3.738168100713389896e-01 8.799573413810417299e-02 9.233202169194157927e-01 2.415435896168152041e+01
9.233052716501983781e-01 2.565354098811865966e-03 -3.840490554961222269e-01 -6.905620208549812844e+00 -3.504770465991381007e-02 9.963684012119271571e-01 -7.760882903443092062e-02 -1.449481121300184361e+00 3.824557500170121527e-01 8.511507693233394400e-02 9.200416887330284954e-01 2.491690988034372722e+01
9.202645919813325914e-01 3.055601062709273341e-03 -3.912903933720224825e-01 -7.242646988454802148e+00 -3.549350006712542749e-02 9.964992338323647170e-01 -7.568254353544900948e-02 -1.522768882069377439e+00 3.896895077205178026e-01 8.353364052816153462e-02 9.171511693797842479e-01 2.568089284267558625e+01
9.160953851800027747e-01 4.391907851397676768e-03 -4.009808289305999973e-01 -7.595601119853008676e+00 -3.735494219633459650e-02 9.965258963915840651e-01 -7.443147601239999411e-02 -1.598295674442929082e+00 3.992608280614737826e-01 8.316405249095008834e-02 9.130767961070938021e-01 2.645161960987407568e+01
9.125082862634972258e-01 4.698549278881031764e-03 -4.090174948288262669e-01 -7.955348531134422529e+00 -3.784563732814324316e-02 9.966149181530439272e-01 -7.299133367698881769e-02 -1.666511181526070029e+00 4.072894171430251897e-01 8.208918406644419297e-02 9.095973151261530498e-01 2.722618152809162240e+01
9.084318005783413863e-01 4.700906937931972028e-03 -4.180138104695353962e-01 -8.325964210932427889e+00 -3.830547749448271616e-02 9.966660199323846836e-01 -7.204245719091874334e-02 -1.735609301271296978e+00 4.162813502741412042e-01 8.145887905121138028e-02 9.055831053353741167e-01 2.801107617297432384e+01
9.048081524706170775e-01 5.052656488328100166e-03 -4.257502843388106251e-01 -8.709959012238645215e+00 -3.790480829017633946e-02 9.969158496892095433e-01 -6.872345103559462931e-02 -1.804973228075018143e+00 4.240899073112411877e-01 7.832126487456429753e-02 9.022089030373173779e-01 2.880963446744538103e+01
9.016697222915669441e-01 5.075971858701188583e-03 -4.324986368903833700e-01 -9.104992286421275338e+00 -3.667200326300511931e-02 9.972265262698480903e-01 -6.476905255452861110e-02 -1.872582469167216157e+00 4.309705778263226428e-01 7.425813339058316698e-02 8.993550226864491792e-01 2.961170110935335487e+01
8.977408404783348006e-01 6.648380744865391330e-03 -4.404462340089591588e-01 -9.519847130940030766e+00 -3.667275575323872966e-02 9.975434742239678299e-01 -5.967688531110810352e-02 -1.937644132528881791e+00 4.389677519779258685e-01 6.972409603875970308e-02 8.957788748042283533e-01 3.042263058757608363e+01
8.944326194695765286e-01 7.075632227285202913e-03 -4.471814508855749271e-01 -9.933417723817733247e+00 -3.535794513114569326e-02 9.978637618507431029e-01 -5.494324072769614375e-02 -2.005137374683280349e+00 4.458379531169462395e-01 6.495068848441526432e-02 8.927717730147025632e-01 3.123237112364778412e+01
8.906208128897772358e-01 6.126932614526020213e-03 -4.547030624555989942e-01 -1.036306760803954141e+01 -3.380388951934246849e-02 9.980348183544081042e-01 -5.276956058140684636e-02 -2.066490131893688798e+00 4.534862487071524284e-01 6.236815347098192269e-02 8.890775159001325090e-01 3.205427015130881330e+01
8.875827430459954925e-01 6.399519498524192627e-03 -4.605803780697518279e-01 -1.080121593667270119e+01 -3.361728387813948948e-02 9.981372203539814469e-01 -5.091936633994847972e-02 -2.123568870449606294e+00 4.593966039561807602e-01 6.067917067711256496e-02 8.861443316058216224e-01 3.288796699094211107e+01
8.852092610077140211e-01 6.407138064164476406e-03 -4.651291207818011864e-01 -1.125463735119140551e+01 -3.317645337775381592e-02 9.982285063696679783e-01 -4.937527227869636937e-02 -2.174411639648342387e+00 4.639887240311321714e-01 5.913791126419656874e-02 8.838536592812487047e-01 3.372409218679977982e+01
8.822168430731353039e-01 2.923450229946634397e-03 -4.708304753296961298e-01 -1.171894423940284469e+01 -2.920581316727218629e-02 9.983949916126947377e-01 -4.853463164118905493e-02 -2.235734468829958299e+00 4.699331272012538530e-01 5.656847986876323287e-02 8.808859608959878074e-01 3.457460755396915175e+01
8.798976587471879496e-01 3.136907233507308084e-03 -4.752137535663987777e-01 -1.219176602693057099e+01 -2.926946636218411002e-02 9.984369512908283228e-01 -4.760078777907057052e-02 -2.289933435777704140e+00 4.743216737424457152e-01 5.579082553278103679e-02 8.786141590545437641e-01 3.543063545538763037e+01
8.782153498274472003e-01 3.145267474347145965e-03 -4.782141994972309851e-01 -1.267357858933213244e+01 -2.949933692206701402e-02 9.984304861530368669e-01 -4.760839474549604516e-02 -2.347842350174672355e+00 4.773136994621531293e-01 5.592099680926965188e-02 8.769298466595920605e-01 3.629444851938762895e+01
8.766383269655100285e-01 3.212644500026924990e-03 -4.810145548969125828e-01 -1.317359884939519787e+01 -3.009509111893183750e-02 9.983858215304358685e-01 -4.817430992123104133e-02 -2.400705363782931645e+00 4.800832852241677107e-01 5.671092299128365627e-02 8.753198299090531043e-01 3.716407116280857537e+01
8.763562819309312912e-01 2.038999773353213172e-03 -4.816183815596002948e-01 -1.366900734471507306e+01 -2.854908879883557779e-02 9.984527514561116757e-01 -4.771776737557012482e-02 -2.457976621989730326e+00 4.807756561974689258e-01 5.556997039994143045e-02 8.750585846969111126e-01 3.804898412453413670e+01
8.759346721999359264e-01 3.103607711879710542e-03 -4.822635270042385791e-01 -1.417637348344405979e+01 -2.848531260942689658e-02 9.985673939171875180e-01 -4.530114693294652606e-02 -2.511969174808228455e+00 4.814319709591647345e-01 5.342201265236490304e-02 8.747680750076023415e-01 3.895773411571683198e+01
8.757178659761563067e-01 1.408819859642166218e-03 -4.828726687167462783e-01 -1.469116490484911708e+01 -2.643177109666821831e-02 9.986360068416029190e-01 -4.502787403901241381e-02 -2.569104587615419710e+00 4.821507985828837883e-01 5.219340979086206644e-02 8.745606669962364688e-01 3.987424101030749313e+01
8.756722118951754119e-01 -3.145797475138569096e-04 -4.829075385396880415e-01 -1.520405491652235419e+01 -2.488807540527512852e-02 9.986412666176097686e-01 -4.577822734758228013e-02 -2.626002702973134539e+00 4.822654505813439019e-01 5.210916987376194853e-02 8.744748782682211230e-01 4.079246353042342577e+01
8.740424662225991792e-01 -2.676349607037377572e-03 -4.859592599709557925e-01 -1.573537610432488698e+01 -2.280078942749318854e-02 9.986570082996614195e-01 -4.652182905598922780e-02 -2.683829450135622352e+00 4.854313316490336816e-01 5.174063916285279174e-02 8.728076465638602288e-01 4.172512825796866309e+01
8.735696399944430368e-01 -3.022053899106856480e-03 -4.867223160821153582e-01 -1.626310166676414681e+01 -2.114891860391948306e-02 9.988003649627378300e-01 -4.415249725043805806e-02 -2.741725448655179864e+00 4.862719055547828906e-01 4.886339427877127439e-02 8.724579212017243846e-01 4.265742520312895891e+01
8.707462309133994216e-01 -1.900089478535722321e-03 -4.916345799667220517e-01 -1.680186810039304746e+01 -2.053080306986742112e-02 9.989800826063380823e-01 -4.022978146060935539e-02 -2.795774852424611545e+00 4.912095394200719500e-01 4.512753753312987587e-02 8.698192106005935287e-01 4.359575379604950029e+01
8.676488352680046257e-01 -9.041630747551723584e-04 -4.970647317496536544e-01 -1.734032924315204482e+01 -1.910798609954817914e-02 9.991988402899405486e-01 -3.517736482564331330e-02 -2.852170922479552395e+00 4.966983206875906776e-01 4.002330422083927308e-02 8.669365828076861513e-01 4.452143490784443713e+01
8.642554058667688555e-01 -3.112609911717550970e-03 -5.029321229130950810e-01 -1.788116797983289175e+01 -1.641049167630401553e-02 9.992741265045330668e-01 -3.437009812643838230e-02 -2.916289231344233457e+00 5.026739557476256337e-01 3.795934227421416535e-02 8.635771580354977273e-01 4.544225471406275574e+01
8.591255978416434402e-01 -6.270297539541993745e-03 -5.117836283194654445e-01 -1.844080661607532790e+01 -1.393925102582501373e-02 9.992672208809890710e-01 -3.564606302602725540e-02 -2.968292088882378721e+00 5.116323696171604096e-01 3.775398920433504363e-02 8.584087054396604133e-01 4.636572293587390448e+01
8.540146670832802211e-01 -8.615647722759722446e-03 -5.202065917930014383e-01 -1.899950485730209238e+01 -1.349741471181011877e-02 9.991594744062218814e-01 -3.870213165624154100e-02 -3.023860448983651583e+00 5.201028921083444834e-01 4.007089031397360890e-02 8.531804169783629987e-01 4.727334455670611391e+01
8.472130844499106139e-01 -8.503484737061431376e-03 -5.311835030017501014e-01 -1.957885503253630688e+01 -1.376827307134965463e-02 9.991847251411322128e-01 -3.795111084409709401e-02 -3.086554938282598304e+00 5.310729542121178648e-01 3.946661310916586840e-02 8.464052156546238992e-01 4.818320738563652839e+01
8.420658846259893027e-01 -5.345448407114926880e-03 -5.393104731536058072e-01 -2.017592926051923641e+01 -1.461686493266849823e-02 9.993576391359483280e-01 -3.271805951827075343e-02 -3.131459631987123959e+00 5.391387271254345359e-01 3.543504308130377561e-02 8.414467450597789000e-01 4.909055229893372285e+01
8.382190294176747880e-01 -2.529533061881972245e-03 -5.453485774894097915e-01 -2.077660762866710087e+01 -1.532737408188775824e-02 9.994851049202841953e-01 -2.819412850172924381e-02 -3.180521593046436113e+00 5.451391215224408171e-01 3.198973714716068367e-02 8.377485152553945102e-01 4.998659889757360020e+01
8.333105921356842583e-01 -2.390902578201700365e-03 -5.528170022586664789e-01 -2.138224554999884930e+01 -1.695530402748095244e-02 9.994098042296594153e-01 -2.988388261590782177e-02 -3.233569890757248544e+00 5.525621467070259696e-01 3.427556470883997425e-02 8.327781583412300348e-01 5.087847723520719967e+01
8.297520931726175553e-01 -3.994740065117879067e-03 -5.581964289357220776e-01 -2.199347851901593387e+01 -1.788687884909183692e-02 9.992704994583015976e-01 -3.374760682413468355e-02 -3.282717451271589759e+00 5.579239335109734688e-01 3.798671650693922347e-02 8.290752705664078404e-01 5.176137045657885949e+01
8.275752497185177026e-01 -5.243799469012540987e-03 -5.614741937131088045e-01 -2.260324357917771465e+01 -2.074695314909597368e-02 9.989876100471812848e-01 -3.991079156255512156e-02 -3.334079141682656733e+00 5.611152071049232415e-01 4.467295220449248039e-02 8.266286470969415046e-01 5.263804720119350833e+01
8.242562769070801432e-01 -6.467283425783594032e-03 -5.660547342259169001e-01 -2.322439927000808524e+01 -2.098437019758349689e-02 9.988990782438602611e-01 -4.196941360810801935e-02 -3.394465781533269055e+00 5.657026757178632570e-01 4.647665378857856328e-02 8.232130888149719050e-01 5.351591401912251911e+01
8.212204103361433472e-01 -4.479519790313270071e-03 -5.706404051080444795e-01 -2.384557501182570149e+01 -2.085787054576923247e-02 9.990652166907287857e-01 -3.786677655020578848e-02 -3.453285760900846046e+00 5.702767994585197231e-01 4.299894271627412168e-02 8.203592213198384053e-01 5.439748340479915356e+01
8.178783752690687026e-01 -2.526150287471106825e-03 -5.753627849250070314e-01 -2.448235376044281253e+01 -1.926344672311649381e-02 9.993095175688019305e-01 -3.176207173858434929e-02 -3.501796500675176116e+00 5.750459674910182173e-01 3.705933627015773474e-02 8.172651058002826652e-01 5.528175610480459312e+01
8.144802700571771581e-01 -6.120320088797387252e-04 -5.801054215822217808e-01 -2.511938072607001970e+01 -1.990360260585499058e-02 9.993813089061993615e-01 -2.900034796499986745e-02 -3.552255307385030481e+00 5.797644642289371264e-01 3.516821013855208483e-02 8.139642176407804186e-01 5.615941478123362174e+01
8.119362275509048876e-01 2.125117300461665845e-04 -5.836640699973214552e-01 -2.575979224165790527e+01 -2.114763428064167852e-02 9.993542079833815928e-01 -2.905998008353188194e-02 -3.597425321169481993e+00 5.832809041208479872e-01 3.594181392347822745e-02 8.114164545719148025e-01 5.702094640246741619e+01
8.084754197276173837e-01 -8.695176016175348594e-04 -5.884220994530108273e-01 -2.640470995673142340e+01 -2.118248491335138900e-02 9.993079017312932466e-01 -3.057453645885149784e-02 -3.647390469572436622e+00 5.880413182041226428e-01 3.718747966510692338e-02 8.078975519351021539e-01 5.789338966091624883e+01
8.036129351468801474e-01 -3.643407133234252606e-03 -5.950130277148762969e-01 -2.705786234177787719e+01 -2.025223245899031299e-02 9.992346160912679576e-01 -3.346294336730822050e-02 -3.702656590944870985e+00 5.946794818521740078e-01 3.894563763585544985e-02 8.029241691712455387e-01 5.876876644157704277e+01
8.013187155236842774e-01 -4.373558110741633358e-03 -5.981720215561294740e-01 -2.773086734915852603e+01 -1.944033138435761685e-02 9.992547364110829777e-01 -3.334711241490552480e-02 -3.749350125240649589e+00 5.978723500141336356e-01 3.834830330742998450e-02 8.006365461960314178e-01 5.963436236353999220e+01
7.960606599437931585e-01 -4.007362095475514203e-03 -6.052244237097809121e-01 -2.839855409628085425e+01 -1.950201121523700842e-02 9.992889190370209951e-01 -3.227550733305076941e-02 -3.799832498751251286e+00 6.049235686050340455e-01 3.749597909056798933e-02 7.954164336877955765e-01 6.050262635129445954e+01
7.918400344701084226e-01 -5.252534683841359950e-03 -6.108385984556963244e-01 -2.906913759465930269e+01 -1.801064608973396847e-02 9.993272716327431526e-01 -3.194205056288685479e-02 -3.847212426412578434e+00 6.105956954603818376e-01 3.629004290537975186e-02 7.912125118597953533e-01 6.136828303880943736e+01
7.861360926117533232e-01 -5.579611338146403185e-03 -6.181057357874691904e-01 -2.975917865864186140e+01 -1.796356526640415993e-02 9.993305504653279270e-01 -3.187692532349301749e-02 -3.902883975316150611e+00 6.178700383029070986e-01 3.616050255528011070e-02 7.855093162239138449e-01 6.222147412052785143e+01
7.809972630520668480e-01 -6.322694832130000553e-03 -6.246361955231020113e-01 -3.045639935088215111e+01 -1.807531257076260001e-02 9.993011167838393716e-01 -3.271330255828708289e-02 -3.954123425238383671e+00 6.244065998556374009e-01 3.683440156281147376e-02 7.803371272708750084e-01 6.306905542622983063e+01
7.759604172483539619e-01 -8.344546730753485062e-03 -6.307160354066234653e-01 -3.115732452719735335e+01 -1.673908330070704095e-02 9.992879625606929661e-01 -3.380687855542670317e-02 -4.000705082999753692e+00 6.305489705513751542e-01 3.679147999366803173e-02 7.752681659635057843e-01 6.392518554990555657e+01
7.695470799167312137e-01 -9.503487777451203808e-03 -6.383723769430466044e-01 -3.187601689482524492e+01 -1.624577346817457357e-02 9.992742486096874988e-01 -3.445194929177133186e-02 -4.059403880154285105e+00 6.382362348405041796e-01 3.688895739835307969e-02 7.688341442290136385e-01 6.477319729065264653e+01
7.652145350857554318e-01 -1.155985764672192231e-02 -6.437897911950589691e-01 -3.259508008962271930e+01 -1.514599859729166831e-02 9.992387801947089088e-01 -3.596259469428569194e-02 -4.114578659004286543e+00 6.437154890652148076e-01 3.726885018794089122e-02 7.644569639935226979e-01 6.561899914689915647e+01
7.577962015019411579e-01 -1.298713421878866861e-02 -6.522709254488227026e-01 -3.333012233007892178e+01 -1.422394410141357077e-02 9.992354714077837929e-01 -3.642475704747549087e-02 -4.167407161113975356e+00 6.522450434134624553e-01 3.688602196544141232e-02 7.570320430250286892e-01 6.645713483430461110e+01
7.520019039772490865e-01 -1.271747370642457332e-02 -6.590376173337638699e-01 -3.407337260473985197e+01 -1.312529839503896560e-02 9.993267205815141718e-01 -3.425462030120399876e-02 -4.220470686928808668e+00 6.590294200396544788e-01 3.441312242727538606e-02 7.513286101099688752e-01 6.729150947103825331e+01
7.463040435833554476e-01 -1.382687066134970222e-02 -6.653778938604321125e-01 -3.483026361992073561e+01 -1.149132976040397568e-02 9.993676547173468983e-01 -3.364635115588576753e-02 -4.274934505421910558e+00 6.654223546577606729e-01 3.275601291888519812e-02 7.456732900453978408e-01 6.812763607934550691e+01
7.384179291935478728e-01 -1.522170532976360215e-02 -6.743083259039147626e-01 -3.559706335466940175e+01 -1.076292038332876330e-02 9.993518894638588890e-01 -3.433755580065849661e-02 -4.327797675423425972e+00 6.743942749028232209e-01 3.260730984891456463e-02 7.377755280795015302e-01 6.896044762767270697e+01
7.334363308980278440e-01 -1.726658316573433452e-02 -6.795143052212865298e-01 -3.637503935097604568e+01 -1.007987966876314027e-02 9.992912618347377096e-01 -3.626281268260317381e-02 -4.390076652521415213e+00 6.796588413942139528e-01 3.344665810677170670e-02 7.327423636652448113e-01 6.978564424085772089e+01
7.291548597645880481e-01 -1.652655667801495101e-02 -6.842945083865784595e-01 -3.716183723261174521e+01 -1.115122635511711473e-02 9.992887374367674935e-01 -3.601529754210804762e-02 -4.438853649188318151e+00 6.844035118354822034e-01 3.388502193030244747e-02 7.284519926271360024e-01 7.060941381073638468e+01
7.222922698035393330e-01 -1.671006573190661829e-02 -6.914273205995619120e-01 -3.796614765405961123e+01 -1.074793787122750761e-02 9.993161711197393604e-01 -3.538747440897091479e-02 -4.493807925573432449e+00 6.915456543120953592e-01 3.299492251701687667e-02 7.216187905792545987e-01 7.142875818325042303e+01
7.193863269492920542e-01 -1.621722071704306475e-02 -6.944461886194567279e-01 -3.876963478801224738e+01 -1.133859431242853488e-02 9.993200887802429211e-01 -3.508172267702339142e-02 -4.550207711034138569e+00 6.945432422901958169e-01 3.310850286334626746e-02 7.187132372093081312e-01 7.224848182922367812e+01
7.133251065698658078e-01 -1.652102209941451114e-02 -7.006762171030995745e-01 -3.959280648146935278e+01 -1.220565641235521123e-02 9.992777286655628588e-01 -3.599531779290147948e-02 -4.605866661656528471e+00 7.007648632131352473e-01 3.422799804687170350e-02 7.126082367326501688e-01 7.306304864871945881e+01
7.071843329342522022e-01 -1.817334963322763883e-02 -7.068238070904945269e-01 -4.041472045305378913e+01 -1.279280002984823500e-02 9.991769848378675434e-01 -3.849364665264202318e-02 -4.663657076561157133e+00 7.069419147029232242e-01 3.625958717197783066e-02 7.063698528821772404e-01 7.387787388020704782e+01
7.039843650999888514e-01 -1.979054370715451275e-02 -7.099027213632131961e-01 -4.124247067488328611e+01 -1.277229198785801052e-02 9.990971089206335254e-01 -4.052030025774011612e-02 -4.727072129109467724e+00 7.100639581898069430e-01 3.758948402742919026e-02 7.030959275220414195e-01 7.469088723782574846e+01
6.988858820690799778e-01 -2.046351445343125644e-02 -7.149400849035507655e-01 -4.209370910021934264e+01 -1.323618854105110959e-02 9.990493038894182609e-01 -4.153108534971842319e-02 -4.785147193524118769e+00 7.151099852942466306e-01 3.849434709504797464e-02 6.979505199893779599e-01 7.549469830750555843e+01
6.933832439480979160e-01 -2.050096106747910721e-02 -7.201374553669370737e-01 -4.295196804241459176e+01 -1.264735522098893276e-02 9.990949191382765271e-01 -4.060549972762240306e-02 -4.847085674048644321e+00 7.203179363025351556e-01 3.726809955290896759e-02 6.924963165889186367e-01 7.630773001094821950e+01
6.891774763421201211e-01 -2.052042079403403746e-02 -7.241714742841891539e-01 -4.380507251068917896e+01 -1.094273027722189248e-02 9.991900253705651158e-01 -3.872524482849994815e-02 -4.909335486207419663e+00 7.243795733341681364e-01 3.461429230945576446e-02 6.883948288193888487e-01 7.711964310708118830e+01
6.833803511064311387e-01 -2.087046442176964528e-02 -7.297716566197602894e-01 -4.468400655829761803e+01 -1.156558973232692418e-02 9.991563380589499888e-01 -3.938938174015170490e-02 -4.975361023841545105e+00 7.299781690482189944e-01 3.535883669873763485e-02 6.825624428956238443e-01 7.792115901383439791e+01
6.794822154405262271e-01 -2.187892499297545978e-02 -7.333354720657577763e-01 -4.555899284495259138e+01 -1.028258951257155634e-02 9.991731192121856564e-01 -3.933125874521135185e-02 -5.027287317520854337e+00 7.335894478150701836e-01 3.426735973169464655e-02 6.786954320060711865e-01 7.871131984494599010e+01
6.749789687161159568e-01 -2.250022206789563037e-02 -7.375350987632737221e-01 -4.644733560966144381e+01 -9.922264659699701200e-03 9.991678844584850339e-01 -3.955774491604108212e-02 -5.093587739278045312e+00 7.378115613975513298e-01 3.401731569300125296e-02 6.741939561706447037e-01 7.949731011102609557e+01
6.706323276026510127e-01 -2.349173260606560523e-02 -7.414131570420365858e-01 -4.733567570441017835e+01 -7.610442359926533271e-03 9.992280195837542900e-01 -3.854447422084484459e-02 -5.150289724861803364e+00 7.417464324229685602e-01 3.148821789587176456e-02 6.699357787024193822e-01 8.029987427276446965e+01
6.684094206704532803e-01 -2.617261175890608568e-02 -7.434102522422335602e-01 -4.823186655169629944e+01 -4.898661802214069813e-03 9.992041125236998944e-01 -3.959141135453438792e-02 -5.216266352835804199e+00 7.438549973198598231e-01 3.010122226689854880e-02 6.677491992162780665e-01 8.110044862966827850e+01
6.635426162383160076e-01 -3.062664142331931322e-02 -7.476644928488056507e-01 -4.913492423826694022e+01 -1.924976862121920845e-03 9.990884860615540930e-01 -4.263629741908359777e-02 -5.282591829126824123e+00 7.482893853012076990e-01 2.972281980638017893e-02 6.628789823291889594e-01 8.189531987647799838e+01
6.571984557684047434e-01 -3.537820241105500002e-02 -7.528960538568343352e-01 -5.004821985321292033e+01 3.001641226466000671e-03 9.990125408527038564e-01 -4.432951840783554143e-02 -5.347289652132567461e+00 7.537211481011142356e-01 2.686954313241690651e-02 6.566559891767737023e-01 8.269174897985040218e+01
6.529975444736629830e-01 -3.986788329702700001e-02 -7.564286311354537773e-01 -5.096899739453677114e+01 9.107328422963642880e-03 9.989546245342694197e-01 -4.479338351019151315e-02 -5.415617231385107644e+00 7.574240585667425529e-01 2.235852058133791162e-02 6.526781105330834443e-01 8.348289728715604952e+01
6.426385231010470767e-01 -4.314065343619293003e-02 -7.649763311037147684e-01 -5.190165204801914456e+01 1.385011375446866706e-02 9.989044799686737086e-01 -4.468669302234185708e-02 -5.487621872399592426e+00 7.660668348515131676e-01 1.811587235154396222e-02 6.425320186740539619e-01 8.425904491315141343e+01
6.355331602898048882e-01 -4.458687307392080607e-02 -7.706528809013535319e-01 -5.284100980580258522e+01 1.678855356088246667e-02 9.988931586471037072e-01 -4.394054013015109145e-02 -5.557692809425503810e+00 7.717590540002553512e-01 1.498642491103222528e-02 6.355782515472530037e-01 8.504340324387676731e+01
6.251086565723481536e-01 -4.300493831587277882e-02 -7.793110323063646705e-01 -5.380987731871908153e+01 1.808991288559181135e-02 9.990108782927209496e-01 -4.063277988164054610e-02 -5.620081771075628119e+00 7.802874695097615776e-01 1.130263467835091948e-02 6.252685638516669586e-01 8.580756107904394980e+01
6.164163070100200370e-01 -4.284732021341403768e-02 -7.862267036084298333e-01 -5.478611824246212336e+01 1.821008746566537412e-02 9.990273471463846366e-01 -4.016059432373895316e-02 -5.691124679745096948e+00 7.871827746811826954e-01 1.044363010386086844e-02 6.165965723030986112e-01 8.656385576802910009e+01
6.089463394944515384e-01 -4.331445691428704309e-02 -7.921252428668558165e-01 -5.576906407060678816e+01 1.617956783197211854e-02 9.989784294107555418e-01 -4.220047789420176831e-02 -5.754872084946094368e+00 7.931440040365308475e-01 1.288641789510509839e-02 6.090251708225761229e-01 8.731518029595078190e+01
5.975897413485654619e-01 -4.569928714012514576e-02 -8.004457242203096845e-01 -5.676131729881875998e+01 1.764282785978686999e-02 9.988818093596970593e-01 -4.386276653484109250e-02 -5.828158076064338111e+00 8.015555815667027018e-01 1.208389851334577651e-02 5.977284285970050348e-01 8.804298279490851087e+01
5.883218672979116937e-01 -4.725942915761190133e-02 -8.073168230917187049e-01 -5.777077259505774265e+01 1.754960205408554255e-02 9.988014916265660625e-01 -4.568858191640870481e-02 -5.892948524788502951e+00 8.085091002236528546e-01 1.270697466903439668e-02 5.884465926097934840e-01 8.877304324124482093e+01
5.791685169905091968e-01 -4.771329910771018173e-02 -8.138769665946760101e-01 -5.879109258158386098e+01 2.039662566653130393e-02 9.988211933902086948e-01 -4.403919295697478198e-02 -5.965234840670939676e+00 8.150196408170451434e-01 8.901609225897024608e-03 5.794592370489393129e-01 8.949938016723963585e+01
5.674156726149580665e-01 -4.851570933067261143e-02 -8.220244927560462767e-01 -5.981924828746168998e+01 2.311834473018587605e-02 9.988075637544236995e-01 -4.299476673656484060e-02 -6.034978935285638890e+00 8.231306911890872158e-01 5.386633746324759851e-03 5.678612267501254030e-01 9.020559086396610837e+01
5.573815987263472937e-01 -4.929414750518153199e-02 -8.287616447966913436e-01 -6.086764041215166543e+01 2.363053628465324948e-02 9.987731709147509296e-01 -4.351194884149746367e-02 -6.104615810355459082e+00 8.298902334003074310e-01 4.663314626403122949e-03 5.578630745590362761e-01 9.089589800327998148e+01
5.477397230655557392e-01 -4.977595399542246446e-02 -8.351915972484361683e-01 -6.192007744870112163e+01 2.253684246917381576e-02 9.987446529164706321e-01 -4.474129542756915406e-02 -6.177503315024463149e+00 8.363698438340144703e-01 5.692449170085604922e-03 5.481732835486132771e-01 9.158445498092068249e+01
5.366023910285986354e-01 -4.976763391549784282e-02 -8.424032590250321029e-01 -6.298662269209084741e+01 2.136101982707803298e-02 9.987406790852348948e-01 -4.538634173121777748e-02 -6.250418553273743072e+00 8.436017300810575437e-01 6.356908643922484434e-03 5.369896101115390064e-01 9.224902458179745679e+01
5.276725968028180835e-01 -5.075365956366054143e-02 -8.479550399583830611e-01 -6.406385445505414111e+01 2.013439426967471302e-02 9.986794981972366703e-01 -4.725124265960643777e-02 -6.317899246446543771e+00 8.492346930770879876e-01 7.843390555084261972e-03 5.279989963848330525e-01 9.291146669637521427e+01
