1.0 0.0 0.0 0.0 0.0 1.0 0.0 0.0 0.0 0.0 1.0 0.0
0.9999361 0.011223371 0.0013634126 0.29699707 -0.011220156 0.9999343 -0.00234486 -0.009277344 -0.0013896347 0.0023294159 0.9999963 0.00036621094
0.9998084 0.01950149 0.0016752866 0.5810547 -0.019493835 0.9997999 -0.0044704815 -0.0234375 -0.0017621734 0.004436969 0.9999886 0.0075683594
0.9998021 0.019875728 0.00097062136 0.88391113 -0.019868514 0.99977857 -0.006950855 -0.032104492 -0.0011085146 0.0069302027 0.9999754 0.008544922
0.99981385 0.019279763 -0.0005784239 1.1959229 -0.019283894 0.9997797 -0.008280759 -0.038085938 0.00041862013 0.008290379 0.99996555 0.013305664
0.99992377 0.012172536 -0.0020667384 1.5177002 -0.012194197 0.99986714 -0.010816178 -0.043701172 0.0019348315 0.010840557 0.9999394 0.01550293
0.9999939 -8.384102e-05 -0.0034876496 1.8387451 4.293307e-05 0.9999312 -0.011726632 -0.040527344 0.0034883928 0.01172641 0.99992514 0.021850586
0.99987507 -0.015450092 -0.0033234125 2.170166 0.015412334 0.9998195 -0.011105593 -0.02355957 0.0034943912 0.011052987 0.9999328 0.028320312
0.99943495 -0.033430547 -0.0035388907 2.5159912 0.033403993 0.99941534 -0.0073146056 0.0029296875 0.0037813475 0.007192293 0.999967 0.03186035
0.9984899 -0.05472016 -0.004866856 2.8674316 0.05470636 0.99849826 -0.0029252295 0.040039062 0.0050195865 0.0026546365 0.9999839 0.03112793
0.997224 -0.07423494 -0.0057665915 3.2305908 0.07421844 0.9972373 -0.0030247795 0.083496094 0.0059752115 0.002588413 0.9999788 0.034301758
0.99546504 -0.09501506 -0.0044475803 3.6153564 0.094997175 0.9954683 -0.0040716594 0.12939453 0.0048143477 0.0036305953 0.9999818 0.037231445
0.993234 -0.11605512 -0.0041550393 4.0030518 0.11603197 0.9932305 -0.0054366286 0.17504883 0.0047578765 0.004917599 0.9999766 0.043701172
0.9912559 -0.13193744 -0.002981162 4.397583 0.13192257 0.9912511 -0.0047277696 0.2467041 0.0035787702 0.00429318 0.9999844 0.044433594
0.9888706 -0.1487255 -0.0024753334 4.8164062 0.14871916 0.98887134 -0.0025715737 0.31726074 0.0028304127 0.0021748124 0.9999936 0.053710938
0.9866458 -0.16280572 -0.0032134796 5.239746 0.1627969 0.9866484 -0.0028375029 0.39453125 0.003632796 0.0022762332 0.9999908 0.05432129
0.9848003 -0.17363651 -0.0032951878 5.67688 0.17362213 0.98479915 -0.0042405343 0.4847412 0.00398143 0.0036039986 0.9999856 0.05847168
0.9829623 -0.18374358 -0.0049626045 6.1293945 0.1837037 0.9829532 -0.0075646876 0.5626221 0.006267886 0.006524404 0.9999591 0.06921387
0.9818036 -0.1897653 -0.007105398 6.592285 0.18971784 0.98181456 -0.0068500317 0.6599121 0.008276438 0.0053775967 0.9999513 0.07299805
0.98015034 -0.19807678 -0.00854911 7.0723877 0.19802293 0.98017526 -0.0067518004 0.7655029 0.00971723 0.0049250238 0.99994063 0.071777344
0.9784293 -0.20625071 -0.011673704 7.5581055 0.20617487 0.97848713 -0.0073801787 0.8770752 0.012944717 0.0048144255 0.99990463 0.079711914
0.97679037 -0.21382663 -0.012390772 8.060059 0.21369429 0.97683394 -0.011182823 0.98547363 0.014494737 0.008275006 0.99986064 0.08276367
0.9748849 -0.22239028 -0.011964094 8.578735 0.22216965 0.97485346 -0.017390896 1.0939941 0.0155309765 0.0142959 0.99977714 0.09838867
0.9734249 -0.22858246 -0.014133948 9.104736 0.22832172 0.9734235 -0.017934198 1.2191162 0.017857218 0.014230231 0.9997392 0.11755371
0.9712616 -0.23722771 -0.019336417 9.639404 0.23697922 0.9714095 -0.01429658 1.3671875 0.022175282 0.009303964 0.99971086 0.11730957
0.969096 -0.24555588 -0.023429438 10.181152 0.24532539 0.9693596 -0.012295485 1.5192871 0.025731012 0.006167385 0.9996498 0.12817383
0.9664771 -0.25550684 -0.02489301 10.746704 0.25521067 0.96676725 -0.014481197 1.6710205 0.02776595 0.0076427376 0.9995853 0.14440918
0.9641671 -0.26399457 -0.026049856 11.316406 0.26363224 0.9644761 -0.016543202 1.8282471 0.029492732 0.009082624 0.9995237 0.16882324
0.962073 -0.27125856 -0.028918978 11.903809 0.27088448 0.9624762 -0.016224895 2.0 0.03223473 0.0077747526 0.9994499 0.19030762
0.9597135 -0.27913162 -0.03269933 12.501343 0.27875066 0.96025157 -0.015770882 2.1853027 0.035801012 0.0060209036 0.9993406 0.20666504
0.9574253 -0.28614867 -0.037926875 13.09668 0.28571624 0.95816326 -0.01649236 2.3703613 0.041058466 0.0049540033 0.9991446 0.23071289
0.95542336 -0.2917038 -0.045218702 13.71936 0.29117084 0.9564839 -0.018102052 2.5709229 0.048532758 0.0041260556 0.998813 0.26550293
0.95381147 -0.2955194 -0.05391014 14.345947 0.29492328 0.9553315 -0.018879425 2.7711182 0.057081245 0.0021066125 0.9983671 0.29760742
0.9523692 -0.29843378 -0.062709734 14.980835 0.2978463 0.9544307 -0.018736433 2.977539 0.06544359 -0.0008321805 0.9978562 0.3343506
0.95004076 -0.30363753 -0.07223324 15.630737 0.30310592 0.9527736 -0.018474257 3.1958008 0.074432 -0.004347871 0.9972156 0.3741455
0.94829786 -0.307043 -0.080384016 16.287842 0.30669582 0.9516585 -0.016936678 3.4207764 0.08169871 -0.008586395 0.99662155 0.42712402
0.9461963 -0.31175473 -0.086809315 16.958252 0.31156006 0.95009655 -0.016126059 3.6507568 0.087505266 -0.011784204 0.99609494 0.48156738
0.94400877 -0.31621176 -0.09402037 17.634033 0.31627047 0.9485444 -0.014673031 3.8917236 0.09382259 -0.015881086 0.9954641 0.5482178
0.94205093 -0.3200473 -0.1002226 18.323608 0.32039884 0.947159 -0.013011637 4.1417236 0.09909265 -0.019863948 0.9948799 0.61242676
0.9399588 -0.3248126 -0.10473785 19.029907 0.32557237 0.94545907 -0.010240943 4.395874 0.102351576 -0.024473183 0.99444747 0.6850586
0.9383632 -0.32868242 -0.107045345 19.731445 0.32966033 0.944065 -0.008929156 4.661499 0.10399458 -0.02690477 0.99421495 0.7614746
0.9361236 -0.3354854 -0.10572797 20.459229 0.3365205 0.94166625 -0.008423935 4.928589 0.10238597 -0.027679047 0.9943614 0.84069824
0.9339245 -0.34186086 -0.104630455 21.188599 0.34291074 0.9393493 -0.008348485 5.1971436 0.10113774 -0.028081883 0.9944746 0.9206543
0.932021 -0.34768656 -0.10230498 21.933594 0.34868577 0.9372084 -0.008529261 5.4764404 0.09884562 -0.027718194 0.9947173 1.0087891
0.9297899 -0.35444242 -0.09931922 22.668945 0.35539994 0.934677 -0.008469213 5.765381 0.09583625 -0.02742194 0.99502003 1.0889893
0.92544115 -0.36682403 -0.09505913 23.433716 0.3679435 0.9298489 -0.0061080605 6.0793457 0.09063051 -0.029320959 0.9954523 1.1604004
0.9232843 -0.37329936 -0.09053253 24.191895 0.37458453 0.9271869 -0.0029881245 6.3916016 0.085057154 -0.031144144 0.99589133 1.2438965
0.9199988 -0.381976 -0.08769369 24.956787 0.3834239 0.92356855 -0.00035239733 6.720459 0.08112855 -0.033298824 0.996148 1.3155518
0.9171062 -0.38922542 -0.08615007 25.7229 0.39068308 0.9205277 6.241165e-05 7.0531006 0.07927943 -0.0337197 0.9962811 1.387207
0.9130265 -0.39881167 -0.085828565 26.496094 0.40039137 0.91636276 0.0013013978 7.400879 0.07812966 -0.035550535 0.9963088 1.4609375
0.9095448 -0.40685204 -0.08479469 27.27295 0.4084408 0.91277736 0.001524342 7.7559814 0.07677652 -0.03601611 0.9963983 1.5274658
0.9055287 -0.41585186 -0.08421047 28.060303 0.41744396 0.9087048 0.001434 8.121582 0.07592562 -0.036449116 0.9964474 1.5947266
0.9021534 -0.4236833 -0.08111167 28.861328 0.42520833 0.9050755 0.0016985277 8.500977 0.07269327 -0.03602292 0.99670404 1.6630859
0.8993001 -0.43058896 -0.07708347 29.665771 0.43198755 0.9019274 0.0016427145 8.891724 0.06881614 -0.03476604 0.99702376 1.7299805
0.8957204 -0.43862304 -0.072585806 30.47937 0.439985 0.89798623 0.0031208415 9.302002 0.06381347 -0.03473981 0.99735653 1.7947998
0.8927135 -0.44552347 -0.06784546 31.291626 0.44675994 0.89466447 0.0034662415 9.711304 0.059158243 -0.033401027 0.9976902 1.8619385
0.8890218 -0.45318246 -0.06530124 32.11609 0.45429203 0.8908483 0.0024319324 10.136353 0.05707307 -0.03182548 0.99786305 1.9221191
0.88608766 -0.45910522 -0.06363971 32.952026 0.46018532 0.8878068 0.00263796 10.570557 0.055290304 -0.031622455 0.99796987 1.9779053
0.883797 -0.4637069 -0.06212 33.79016 0.464746 0.8854299 0.0025933601 11.020508 0.053799145 -0.031168874 0.9980645 2.0274658
0.8808402 -0.4696461 -0.059584543 34.643066 0.47043094 0.88243425 -0.00095734606 11.480591 0.053031877 -0.027183605 0.99822336 2.0872803
0.87856746 -0.47404128 -0.058826856 35.5011 0.47482267 0.880114 -0.00079277647 11.949951 0.052148253 -0.027236106 0.9982673 2.1400146
0.87688243 -0.47703367 -0.05897023 36.3667 0.47782287 0.8784336 -0.00081710704 12.428711 0.05219047 -0.027460078 0.99825966 2.196167
0.8752711 -0.47980064 -0.059772182 37.238037 0.48061895 0.87686086 -0.0007787305 12.925781 0.052787967 -0.028051235 0.99821204 2.2471924
0.8750141 -0.48049217 -0.058636844 38.12439 0.48121873 0.876576 -0.0019611784 13.418823 0.05234121 -0.026502728 0.9982775 2.3028564
0.8747219 -0.4811656 -0.056489628 39.034668 0.4818899 0.87614536 -0.00090916944 13.92395 0.049932677 -0.026434613 0.9984029 2.355835
0.8745205 -0.48188096 -0.055268146 39.952637 0.48249015 0.8759259 -0.002612419 14.436279 0.049669795 -0.024378221 0.99846816 2.411255
0.87443995 -0.4819862 -0.055187397 40.872192 0.48250785 0.87588185 -0.004336516 14.946899 0.050423738 -0.022835566 0.99846655 2.4660645
0.8727798 -0.48514134 -0.054837786 41.806763 0.48553807 0.87425464 -0.006731868 15.4748535 0.051206503 -0.02074236 0.9984727 2.5218506
0.87243325 -0.48599455 -0.05196479 42.740723 0.4863176 0.8737715 -0.0070928717 16.000122 0.04884962 -0.019085694 0.9986232 2.5787354
0.8697934 -0.49095845 -0.04824843 43.68152 0.49126792 0.8709343 -0.006034011 16.535156 0.04498607 -0.018452602 0.9988178 2.6323242
0.8669112 -0.49647933 -0.043166544 44.609863 0.49674428 0.86781776 -0.005109635 17.069702 0.040000338 -0.017011706 0.9990553 2.6887207
0.86355984 -0.502454 -0.04113252 45.533325 0.50260323 0.86442083 -0.0073877876 17.606201 0.039267447 -0.014301934 0.999126 2.7514648
0.858401 -0.5113977 -0.04097165 46.45984 0.5114233 0.8592971 -0.010644279 18.160522 0.040652458 -0.01181618 0.9991034 2.8015137
0.8531776 -0.5198463 -0.043327853 47.37036 0.51980597 0.8542019 -0.013079987 18.714111 0.0438101 -0.011365252 0.99897504 2.8546143
0.84640175 -0.5308228 -0.04276765 48.283936 0.53078866 0.84740204 -0.0130950585 19.287598 0.04319107 -0.0116185695 0.99899924 2.9162598
0.84143585 -0.5389267 -0.038762037 49.19458 0.53897715 0.84223646 -0.010040304 19.880127 0.038055528 -0.012448188 0.99919796 2.961792
0.8377309 -0.5449596 -0.03533513 50.093506 0.5450691 0.8383728 -0.007302179 20.476929 0.033604033 -0.013143576 0.99934894 3.0113525
0.83275694 -0.55237454 -0.037648726 50.98828 0.5525243 0.8334766 -0.0072465613 21.078003 0.0353826 -0.0147653455 0.999265 3.0628662
0.8290552 -0.55771214 -0.04138286 51.873535 0.5578621 0.8299387 -0.008905694 21.685303 0.039310783 -0.015696684 0.99910396 3.1098633
0.8266054 -0.5608676 -0.048082985 52.751953 0.5610825 0.8277949 -0.010178563 22.29187 0.04550882 -0.018562473 0.9987912 3.1583252
0.8231916 -0.56544185 -0.049904294 53.632324 0.5656383 0.8244879 -0.01145426 22.909302 0.047625303 -0.018799879 0.99868894 3.2172852
0.82033384 -0.5700434 -0.046440236 54.5166 0.5702691 0.8214352 -0.009528672 23.526978 0.043579664 -0.018662062 0.9988758 3.2767334
0.81723875 -0.5748504 -0.04051388 55.40381 0.5750523 0.8180649 -0.007646099 24.160278 0.037537895 -0.017054532 0.9991493 3.3266602
0.8139324 -0.57958835 -0.038635395 56.28418 0.579829 0.81465673 -0.0057943417 24.793823 0.034835257 -0.017687025 0.99923664 3.3774414
0.8113802 -0.5831066 -0.039419454 57.14795 0.5833922 0.81211615 -0.0050117206 25.431152 0.03493764 -0.018928623 0.99921054 3.4221191
0.8078632 -0.587857 -0.040682923 58.02295 0.5881307 0.80866456 -0.006149656 26.072388 0.03651283 -0.018962838 0.99915314 3.4710693
0.8028972 -0.5944747 -0.042467862 58.901367 0.59468 0.80381733 -0.009001317 26.72107 0.039487503 -0.01803333 0.9990572 3.5249023
0.80061275 -0.59766704 -0.041882634 59.769287 0.5978349 0.8015227 -0.00977165 27.390991 0.03941352 -0.01721915 0.9990746 3.5714111
0.79539144 -0.6047255 -0.041052375 60.64087 0.60489756 0.7962625 -0.009495396 28.054321 0.038432702 -0.017275777 0.99911207 3.6219482
0.79119325 -0.6103976 -0.039866928 61.50952 0.61050576 0.7920403 -0.010813429 28.720947 0.038174625 -0.015781322 0.9991463 3.6691895
0.7854907 -0.61767256 -0.039759587 62.36621 0.6177706 0.786339 -0.01123377 29.406494 0.03820507 -0.015732903 0.9991463 3.7248535
0.78031975 -0.6242043 -0.040454157 63.21704 0.624289 0.7812074 -0.012058986 30.099487 0.039127078 -0.01584491 0.9991084 3.775879
0.77525824 -0.6303382 -0.04043166 64.076416 0.63034636 0.7761765 -0.014160622 30.796265 0.04030467 -0.014511274 0.9990818 3.8221436
0.768828 -0.63802135 -0.04055157 64.92822 0.6379893 0.769769 -0.015420434 31.510254 0.04105381 -0.014020803 0.9990585 3.8808594
0.7644582 -0.64349025 -0.040951237 65.7771 0.64338076 0.7654446 -0.01754564 32.22534 0.042638052 -0.0129228225 0.9990075 3.935791
0.75703895 -0.6520168 -0.04059164 66.619385 0.6518481 0.7580309 -0.01908819 32.955444 0.04321819 -0.012005988 0.9989939 3.9888916
0.7513377 -0.6588141 -0.03813535 67.45752 0.6586331 0.752226 -0.018914446 33.694458 0.04114221 -0.010906821 0.99909353 4.043213
0.74568933 -0.6652098 -0.036494873 68.29736 0.66497034 0.7465244 -0.020114174 34.447144 0.040624864 -0.009276507 0.99913126 4.0985107
0.73779726 -0.67417806 -0.03636992 69.13452 0.6738853 0.73864424 -0.021630416 35.208862 0.041440282 -0.008554528 0.99910384 4.1518555
0.7327712 -0.6794313 -0.03722321 69.963135 0.67906207 0.73367405 -0.023746906 35.98291 0.043440737 -0.0078804325 0.9990247 4.2143555
0.72847664 -0.68417937 -0.037670624 70.79004 0.6838486 0.72939545 -0.023071531 36.766235 0.043257587 -0.008955009 0.9990235 4.26416
0.7216454 -0.6913261 -0.03679393 71.613525 0.6909845 0.72253156 -0.023358395 37.566162 0.04273241 -0.008559747 0.99905026 4.3204346
0.7187373 -0.6943266 -0.036911882 72.436035 0.6940087 0.71962655 -0.022908362 38.3667 0.04246878 -0.009153837 0.9990558 4.3780518
0.7126312 -0.7005447 -0.038042743 73.254395 0.70022887 0.7135751 -0.023298852 39.18579 0.04347018 -0.010030648 0.9990047 4.4346924
0.70639604 -0.706709 -0.04008734 74.073 0.7063452 0.70745283 -0.025035676 40.00354 0.04605651 -0.010630845 0.9988823 4.49292
0.70312667 -0.7098201 -0.04142466 74.888916 0.70939714 0.704266 -0.0266953 40.828125 0.04812851 -0.010618849 0.9987847 4.557007
0.69798213 -0.71486175 -0.04233836 75.69629 0.7144216 0.699177 -0.02743981 41.67566 0.04921196 -0.011092493 0.99872655 4.616333
0.6925301 -0.72007585 -0.041118495 76.51318 0.7196255 0.69367033 -0.027557911 42.53015 0.04836498 -0.010512889 0.99877405 4.680176
0.68843377 -0.724148 -0.038470265 77.32861 0.7236738 0.68945134 -0.027643142 43.379883 0.0465476 -0.00881318 0.9988772 4.744629
0.6826011 -0.72974455 -0.03922296 78.13403 0.72926587 0.6836624 -0.028074438 44.254883 0.047293216 -0.009447318 0.9988356 4.812256
0.67874086 -0.73335636 -0.038137276 78.92749 0.73282313 0.6797624 -0.029139485 45.12671 0.04729125 -0.008172316 0.9988475 4.866089
0.6742426 -0.73757815 -0.03789325 79.71704 0.73701644 0.6752616 -0.029824626 46.011597 0.0475813 -0.007821227 0.9988366 4.934326
0.66999435 -0.74151856 -0.03536972 80.52319 0.74089557 0.67090476 -0.030881433 46.896606 0.046631455 -0.005517557 0.998897 4.993286
0.66782343 -0.74362075 -0.033990674 81.32666 0.7428665 0.668682 -0.03359535 47.789917 0.04771325 -0.002811694 0.9988573 5.060913
0.66297525 -0.7480389 -0.033625435 82.125244 0.74706686 0.6638278 -0.03811553 48.68921 0.050828252 0.00014703162 0.99870706 5.128296
0.6567816 -0.7534619 -0.030784912 82.926025 0.75225306 0.65748304 -0.04295643 49.59839 0.052612092 0.0050553605 0.99860233 5.19458
0.65283585 -0.7571619 -0.026286686 83.72095 0.75575185 0.65326977 -0.047510482 50.515625 0.05314069 0.011150851 0.99852467 5.2650146
0.6427168 -0.7658085 -0.022054348 84.50293 0.7642777 0.6428998 -0.050929338 51.443115 0.053176723 0.015866868 0.9984584 5.3394775
0.6357788 -0.7715072 -0.018928481 85.29199 0.76994985 0.63578296 -0.052475218 52.378418 0.05252658 0.018786434 0.9984428 5.4122314
0.62547225 -0.78005713 -0.015242917 86.06201 0.7786436 0.6253357 -0.051041327 53.34253 0.049358707 0.020064138 0.99858016 5.4785156
0.61680317 -0.7869587 -0.014382869 86.82349 0.78556323 0.61664164 -0.05100025 54.314453 0.048998747 0.020159762 0.9985954 5.5526123
0.6092293 -0.7929133 -0.016825773 87.579346 0.79144186 0.6091924 -0.051560678 55.293457 0.051131032 0.018104527 0.99852824 5.6186523
0.59794885 -0.8013221 -0.016022878 88.31323 0.7997323 0.5978441 -0.05409134 56.28076 0.05293534 0.019528717 0.998407 5.69458
0.588675 -0.8082713 -0.016645238 89.048584 0.8065778 0.5885903 -0.055768628 57.28589 0.05487575 0.019403368 0.9983046 5.762085
0.57970214 -0.8147944 -0.012834837 89.78052 0.81314707 0.57941824 -0.056345973 58.302002 0.053342786 0.022221692 0.99832857 5.838379
0.5681207 -0.82291657 -0.009311666 90.493164 0.8212964 0.5676507 -0.057302214 59.32544 0.052443985 0.02490335 0.99831307 5.9121094
0.558131 -0.82967883 -0.008579694 91.18921 0.8280234 0.55761945 -0.058206074 60.36963 0.05308083 0.025377952 0.9982674 5.9854736
0.5484428 -0.8361573 -0.009599309 91.8833 0.8344396 0.547991 -0.05880492 61.41797 0.05442246 0.024246708 0.9982239 6.0618896
0.5372594 -0.8433916 -0.0102495635 92.553955 0.84164524 0.5368638 -0.058931675 62.480225 0.055195827 0.023027021 0.9982095 6.138794
0.52827144 -0.8490206 -0.011725388 93.22168 0.847175 0.52795255 -0.06002214 63.55371 0.057160895 0.021762228 0.9981271 6.209961
0.51734835 -0.8557851 -0.012127487 93.87378 0.85396457 0.51709014 -0.059388984 64.64404 0.057081 0.02036122 0.9981613 6.2943115
0.5097463 -0.8603751 -0.011221721 94.524414 0.8586851 0.50949305 -0.05734627 65.73657 0.05505158 0.01959421 0.9982911 6.377075
0.50141174 -0.865354 -0.008220151 95.163574 0.8637885 0.50103766 -0.05611722 66.8396 0.052668948 0.021039052 0.9983904 6.444214
0.4921878 -0.87050897 -0.00720861 95.79077 0.8689517 0.4917736 -0.056291603 67.96045 0.05254138 0.021443233 0.9983886 6.524048
0.484547 -0.87472165 -0.0067217704 96.41406 0.8730288 0.48406255 -0.05893078 69.08276 0.05480371 0.02267962 0.9982393 6.605957
0.481077 -0.87673086 -0.0053933463 97.03247 0.8749043 0.4804554 -0.06186792 70.19458 0.05681647 0.025046552 0.9980705 6.6799316
0.4725972 -0.8811106 -0.0049234414 97.64844 0.879094 0.47187948 -0.06520096 71.32886 0.05979536 0.026486894 0.9978595 6.76001
0.4680499 -0.8838583 -0.0043436964 98.24658 0.8816682 0.4672259 -0.06823068 72.45288 0.06232267 0.028096478 0.9976598 6.850708
0.46384823 -0.88602734 -0.0023212088 98.83789 0.88386387 0.4628955 -0.06866584 73.59009 0.061918426 0.029791001 0.9976361 6.9381104
0.45872444 -0.88859934 0.0018911267 99.4292 0.8866999 0.45760313 -0.06636061 74.725586 0.05809335 0.03211315 0.9977942 7.031494
0.45637253 -0.88979703 0.0076440712 100.02197 0.8881691 0.45497942 -0.06499516 75.86621 0.054337617 0.036458764 0.9978573 7.1228027
0.45136756 -0.89220315 0.009565073 100.595215 0.8906853 0.44991273 -0.064097 76.99829 0.05289309 0.037447598 0.99789745 7.201538
0.4496287 -0.8930904 0.011271352 101.15967 0.89166325 0.44810784 -0.06356399 78.125 0.051720012 0.0386377 0.99791425 7.2856445
0.44941875 -0.89319766 0.014223499 101.72534 0.8919031 0.44776046 -0.06327009 79.261475 0.050126523 0.0411271 0.99789625 7.3623047
0.44513986 -0.89542425 0.017057339 102.281006 0.8942655 0.4433684 -0.0627518 80.372314 0.04861936 0.043179065 0.99788326 7.437622
0.444676 -0.89549303 0.018708186 102.839355 0.8944041 0.44282272 -0.06279641 81.494385 0.047960088 0.044659898 0.9978504 7.5168457
0.44112536 -0.8970628 0.021466963 103.384766 0.8960863 0.43913898 -0.06293169 82.59839 0.047041737 0.047000676 0.99778646 7.586548
0.44012806 -0.89777344 0.023758598 103.92798 0.8969725 0.4381097 -0.061415154 83.7041 0.044731785 0.048319202 0.9978284 7.659546
0.438095 -0.89847064 0.028254809 104.46582 0.8978822 0.43587154 -0.061623197 84.80347 0.043042477 0.052347444 0.9976998 7.728882
0.43553385 -0.8995605 0.029779635 104.98901 0.8990088 0.43319848 -0.06251813 85.87744 0.043331154 0.05399832 0.99760026 7.8010254
0.4340029 -0.9002661 0.030492056 105.506836 0.8997161 0.43159467 -0.063291624 86.95117 0.043819916 0.05491043 0.9975296 7.8674316
0.4350352 -0.89986897 0.030108217 106.02246 0.89924747 0.43257678 -0.06450637 88.01904 0.045010798 0.055157103 0.997464 7.939331
0.43502992 -0.90010315 0.029154668 106.51221 0.8994487 0.43263888 -0.06405177 89.06006 0.04502403 0.05408274 0.9975209 8.008301
0.43757668 -0.8989523 0.026438858 107.012695 0.8981726 0.43532044 -0.063793175 90.10547 0.04582775 0.051661316 0.997613 8.078491
0.44267365 -0.896488 0.023919616 107.50391 0.8956052 0.44054228 -0.06351254 91.129395 0.046411004 0.049525376 0.99769306 8.149292
0.4477424 -0.8940012 0.021592733 108.00903 0.89300346 0.44570324 -0.06379307 92.14966 0.04739127 0.047824025 0.99772984 8.217041
0.45484048 -0.8905038 0.02022959 108.513916 0.8894281 0.45282724 -0.0644268 93.163086 0.048200786 0.0472915 0.99771744 8.284912
0.459882 -0.88782763 0.019213544 109.02222 0.88678056 0.45797575 -0.06304538 94.1626 0.047174618 0.04601292 0.99782515 8.351074
0.46645093 -0.88430476 0.018626746 109.53784 0.8833212 0.4646368 -0.06144886 95.158936 0.045692146 0.04513736 0.9979365 8.413696
0.47839946 -0.8779747 0.017822236 110.06421 0.8769872 0.4766174 -0.06126237 96.14819 0.045292202 0.044946652 0.9979627 8.476929
0.48432222 -0.8747447 0.016834859 110.593506 0.8737659 0.48261845 -0.060348064 97.12573 0.0446687 0.04393916 0.9980352 8.536255
0.4960499 -0.86808246 0.015059229 111.137695 0.8670255 0.49439064 -0.0608503 98.10278 0.045390297 0.043232277 0.9980327 8.598633
0.5054568 -0.8627194 0.011437961 111.684814 0.8615001 0.5039275 -0.06145123 99.0542 0.04726189 0.040914666 0.99804413 8.661987
0.51522154 -0.85692525 0.007543352 112.239746 0.85555077 0.51385117 -0.061818466 99.994385 0.04910148 0.038305137 0.99805903 8.72522
0.5287396 -0.8487073 0.004931478 112.81445 0.8473418 0.5275392 -0.060066868 100.93945 0.048389826 0.035943516 0.9981818 8.788574
0.54071456 -0.84120077 0.004308344 113.39136 0.8399574 0.5396214 -0.057345305 101.85889 0.04592467 0.034624275 0.9983444 8.855103
0.55367446 -0.8326281 0.0040710308 113.99609 0.8314544 0.5526201 -0.056016166 102.77637 0.044386182 0.034408674 0.99842227 8.915161
0.56419563 -0.82571405 0.0038997335 114.59546 0.82462883 0.56319875 -0.054122917 103.670654 0.042491306 0.033744957 0.9985264 8.977539
0.5765662 -0.81715053 0.002905026 115.21362 0.81601095 0.57556707 -0.0549692 104.5542 0.043230478 0.03406162 0.99848425 9.034912
0.5889825 -0.8081263 0.0013032547 115.84204 0.8069379 0.58802724 -0.055188008 105.42554 0.043833226 0.033559293 0.99847513 9.093018
0.59840786 -0.80112004 0.001856203 116.46924 0.79988307 0.59735143 -0.056991223 106.27026 0.044550862 0.035597943 0.99837327 9.151245
0.60924774 -0.7930986 0.0020474498 117.10303 0.7919063 0.608186 -0.05644722 107.10986 0.043515645 0.0360106 0.9984035 9.213867
0.62037724 -0.7843599 0.0023190444 117.75073 0.78325707 0.6193428 -0.05490995 107.93579 0.04163694 0.035874337 0.998488 9.269043
0.6290681 -0.7772963 0.0038133368 118.38989 0.7763435 0.6280376 -0.052827723 108.7395 0.03866912 0.036196142 0.99859643 9.325195
0.6405419 -0.76789594 0.0048592356 119.05542 0.76701957 0.63948 -0.052226745 109.533936 0.037002463 0.037184767 0.9986232 9.385376
0.65036607 -0.75959593 0.0022221927 119.697266 0.7587242 0.6494737 -0.04986891 110.30444 0.036449302 0.034115903 0.99875253 9.418823
0.65820557 -0.7529174 -0.0006231741 120.35205 0.7519576 0.65740836 -0.04993825 111.07593 0.037999313 0.03239722 0.9987523 9.48645
0.6691845 -0.74316525 -0.0017424389 121.0249 0.7422248 0.66845214 -0.048777666 111.82739 0.037410595 0.031346817 0.9988081 9.531738
0.6769054 -0.73601115 -0.0008713458 121.68506 0.73517966 0.67619556 -0.04673716 112.55127 0.034995418 0.030998936 0.9989066 9.573486
0.68588436 -0.7276415 0.00039764564 122.35083 0.7268998 0.6851603 -0.04552101 113.26758 0.03285239 0.031512566 0.99896336 9.621216
0.69452006 -0.71945477 0.0009081644 123.03613 0.71874195 0.693775 -0.045400165 113.97925 0.032025915 0.032181203 0.9989688 9.673218
0.70152116 -0.7125955 -0.0003648859 123.69824 0.7119062 0.70086473 -0.043616842 114.66455 0.031340882 0.03033817 0.9990481 9.713135
0.7093901 -0.7048511 -0.00089155766 124.386475 0.70421344 0.70880085 -0.04165285 115.34741 0.029992046 0.028921982 0.9991316 9.752075
0.71606696 -0.69792795 -9.1072405e-05 125.05127 0.6974082 0.7155391 -0.038490944 116.00952 0.026926579 0.027498107 0.9992592 9.7890625
0.7239401 -0.68992907 0.001009601 125.72363 0.6895118 0.7234496 -0.035871454 116.673096 0.02401375 0.026666159 0.99935603 9.830322
0.731329 -0.68216026 0.001510801 126.40747 0.68179023 0.7308554 -0.03462391 117.31348 0.02251667 0.026350133 0.9993989 9.865112
0.73807967 -0.6747463 0.00058325136 127.07178 0.67440194 0.7376747 -0.032598995 117.92334 0.021562168 0.02445732 0.9994685 9.90625
0.7464779 -0.6655104 -0.0005723124 127.73926 0.6651952 0.7461504 -0.030135127 118.534424 0.020480992 0.022114087 0.9995456 9.931519
0.7551074 -0.65547734 0.00088007125 128.42358 0.6552538 0.7548137 -0.027152691 119.132324 0.017134821 0.021078264 0.9996309 9.963013
0.76408684 -0.64509183 0.0017145812 129.0874 0.6449453 0.7638509 -0.02350351 119.70386 0.013851276 0.019065864 0.99972224 9.989624
0.7743622 -0.6326461 0.0011189932 129.76953 0.6325329 0.77418786 -0.020356108 120.26904 0.012013815 0.016469542 0.99979216 10.0164795
0.78359854 -0.6212571 -0.00044925103 130.43091 0.621129 0.7834511 -0.019756386 120.809326 0.012628101 0.015202505 0.9998047 10.037231
0.7931052 -0.6090571 -0.0022139861 131.10303 0.6089012 0.792975 -0.020029 121.34155 0.013955233 0.01453621 0.9997969 10.059814
0.8034902 -0.5953735 -0.002190453 131.802 0.59523314 0.8033709 -0.01906416 121.86157 0.013107466 0.0140144965 0.9998159 10.078857
0.81256616 -0.582893 -0.0014912392 132.48438 0.5827831 0.81245786 -0.017506957 122.36182 0.0114156 0.013355061 0.99984556 10.095215
0.82260484 -0.5686703 0.0006764872 133.19727 0.5686157 0.8225081 -0.014884975 122.852295 0.007906691 0.01262956 0.999889 10.115723
0.8317875 -0.5550109 0.0021392864 133.88916 0.55498683 0.8317002 -0.0132785225 123.335205 0.0055907327 0.012232625 0.9999096 10.135742
0.8398983 -0.5426409 0.0046723294 134.60352 0.54265535 0.8398187 -0.011818357 123.79834 0.002489219 0.012462366 0.9999193 10.143311
0.8484742 -0.52932745 0.0064815786 135.34131 0.5293671 0.84840614 -0.010737801 124.256836 0.00018310826 0.012540469 0.9999213 10.153442
0.85471624 -0.5190436 0.00845908 136.04907 0.5191108 0.8546424 -0.0113026155 124.69116 -0.0013636993 0.014052566 0.99990034 10.166992
0.8612145 -0.5082732 0.009112757 136.77466 0.50834984 0.86114645 -0.011046055 125.12451 -0.0022342228 0.014144721 0.9998975 10.177856
0.86869293 -0.4953166 0.0089049805 137.5376 0.49538583 0.8686523 -0.009000752 125.55957 -0.003277684 0.012228784 0.99991983 10.180298
0.8745067 -0.4849541 0.008225807 138.2688 0.4850094 0.8744856 -0.0071140635 125.980225 -0.00374485 0.010210601 0.9999409 10.184814
0.8806593 -0.4736579 0.008680681 139.03345 0.4737131 0.88065165 -0.006013434 126.3916 -0.004795515 0.009407595 0.9999442 10.186401
0.88654196 -0.46256408 0.009409403 139.79272 0.46262786 0.8865363 -0.006274793 126.7959 -0.005439605 0.0099166455 0.99993604 10.192749
0.8913232 -0.45329523 0.008516922 140.5481 0.45335668 0.8912992 -0.0077049956 127.184814 -0.0040980685 0.010728845 0.999934 10.199219
0.89593744 -0.44409114 0.008597835 141.34497 0.44415325 0.8959157 -0.007602556 127.57007 -0.0043277824 0.010630234 0.9999341 10.198608
0.89919215 -0.43743357 0.009044396 142.11621 0.43749732 0.89917994 -0.0069323187 127.96753 -0.005100325 0.010191354 0.99993503 10.2022705
0.90220827 -0.43107843 0.011998692 142.91626 0.43116218 0.90223145 -0.005461077 128.35425 -0.008472195 0.010100662 0.9999131 10.212891
0.90510964 -0.4248563 0.014801395 143.75513 0.42492464 0.9051971 -0.0016673012 128.73291 -0.012689559 0.0077993595 0.999889 10.20459
0.90786874 -0.41891882 0.01659885 144.56104 0.41895726 0.90800184 0.0012576487 129.1289 -0.015598705 0.005814143 0.9998613 10.200073
0.911366 -0.41121843 0.017696738 145.39893 0.41121796 0.91152996 0.0038398742 129.51562 -0.017709851 0.0037786579 0.9998359 10.191895
0.91382545 -0.4056807 0.01926865 146.24121 0.40564072 0.91402584 0.0061174426 129.90332 -0.020093936 0.0022247992 0.9997956 10.175415
0.91727453 -0.39762336 0.021678787 147.12207 0.39755324 0.91752917 0.0076394365 130.27783 -0.022929357 0.001612287 0.99973565 10.1571045
0.9206867 -0.38954848 0.024660988 147.99927 0.3894861 0.921013 0.007480643 130.65723 -0.025627136 0.0027168011 0.9996678 10.147461
0.9235851 -0.3825537 0.025993291 148.89404 0.3824971 0.92394537 0.007311212 131.04248 -0.02681303 0.0031891442 0.99963534 10.13147
0.9268367 -0.37456098 0.025996849 149.81372 0.37451264 0.92719525 0.006888421 131.4082 -0.02668426 0.003353174 0.9996382 10.099731
0.93144935 -0.36284426 0.026999177 150.75488 0.36285564 0.93182456 0.0046499483 131.7622 -0.026845338 0.0054664677 0.9996246 10.0876465
0.9346414 -0.35458606 0.026189355 151.67822 0.35463235 0.9349858 0.003009772 132.13452 -0.02555421 0.0064730817 0.9996526 10.062378
0.9396141 -0.3413709 0.024288964 152.6482 0.34142917 0.93990517 0.0018352657 132.48315 -0.023455495 0.006570198 0.99970317 10.043823
0.9435135 -0.3305834 0.022700775 153.62598 0.33058053 0.94377905 0.0039873626 132.83423 -0.022742352 0.0037412108 0.99973446 10.023926
0.9494614 -0.3130664 0.0232278 154.59961 0.31298456 0.94974536 0.0071702767 133.17505 -0.024304984 0.00046041468 0.9997046 10.005127
0.95517653 -0.29491094 0.025298195 155.61328 0.29470843 0.95550495 0.011476601 133.49902 -0.02755803 -0.0035066104 0.9996142 9.981079
0.96107924 -0.27501142 0.026312007 156.64575 0.2747127 0.96141624 0.014437046 133.80981 -0.029267404 -0.0066477675 0.9995495 9.957031
0.96690845 -0.25365448 0.027115827 157.68628 0.2532671 0.9672419 0.016932707 134.1018 -0.03052278 -0.009504497 0.9994889 9.937378
0.9722569 -0.23212664 0.02849917 158.75244 0.23167679 0.9726106 0.018229613 134.36035 -0.03195194 -0.011120914 0.9994275 9.9053955
0.9771063 -0.21036477 0.031865887 159.8352 0.20983045 0.97754997 0.01931851 134.6128 -0.035212632 -0.012189746 0.99930537 9.883423
0.9816423 -0.18741064 0.035503983 160.93164 0.18672645 0.9821743 0.021728294 134.8147 -0.038942162 -0.014699968 0.9991332 9.838745
0.9853315 -0.16585964 0.040122036 162.07593 0.16504097 0.9860184 0.022944216 135.0232 -0.04336699 -0.015985515 0.99893117 9.812378
0.9888964 -0.14208567 0.043602336 163.17358 0.14108372 0.9896779 0.025270514 135.20532 -0.046742328 -0.018838909 0.99872917 9.764282
0.99162 -0.12151833 0.043783635 164.3164 0.12040287 0.9923475 0.027284265 135.36865 -0.046764106 -0.021782156 0.99866813 9.721558
0.99406874 -0.09995779 0.042880263 165.47437 0.098861724 0.99473745 0.026962763 135.50195 -0.045349374 -0.02256378 0.99871606 9.677246
0.9961268 -0.07767176 0.041231193 166.64551 0.07659024 0.99669176 0.02719693 135.59741 -0.043207496 -0.023934707 0.99877983 9.627319
0.9973393 -0.05771173 0.04456159 167.84058 0.056572158 0.9980491 0.026434317 135.67017 -0.045999765 -0.023844114 0.99865746 9.584839
0.9981533 -0.03907145 0.046515603 169.03882 0.037913278 0.99895495 0.025526779 135.73413 -0.047464382 -0.023716187 0.9985914 9.536987
0.9987301 -0.015489799 0.047933433 170.26147 0.014207175 0.99953496 0.026982138 135.76538 -0.04832907 -0.0262668 0.99848574 9.489014
0.9987888 0.0044475845 0.049011596 171.48438 -0.0058376035 0.99958366 0.028258337 135.77759 -0.048865527 -0.028510142 0.9983987 9.437134
0.9984502 0.024371866 0.050025716 172.7251 -0.025852814 0.99924016 0.029169414 135.76318 -0.049276832 -0.030417623 0.99832153 9.385254
0.9977832 0.043482594 0.0503689 173.97144 -0.04507584 0.99850434 0.030930664 135.72461 -0.04894833 -0.033132855 0.99825114 9.331665
0.9966785 0.064426474 0.04978607 175.24121 -0.06608506 0.997286 0.032419298 135.646 -0.047561806 -0.035602655 0.9982336 9.275635
0.9951527 0.08566115 0.04832145 176.49756 -0.087271705 0.9956623 0.03226465 135.54956 -0.04534769 -0.036324333 0.9983108 9.223755
0.9936724 0.10217797 0.046699233 177.77515 -0.103817835 0.99401283 0.034150325 135.44507 -0.042931233 -0.03878084 0.9983251 9.171875
0.99126375 0.12352171 0.04626297 179.10132 -0.12522757 0.991476 0.03597778 135.2976 -0.04142371 -0.04145618 0.998281 9.120239
0.9889484 0.14160064 0.04395888 180.38916 -0.14321604 0.9890356 0.03605306 135.13232 -0.038371176 -0.041950226 0.99838215 9.0772705
0.9860048 0.16201735 0.039148536 181.73291 -0.16347714 0.985828 0.03750296 134.927 -0.032516755 -0.04337931 0.9985295 9.034424
0.9827575 0.18166138 0.034322724 183.0752 -0.18295848 0.9823254 0.039428264 134.70386 -0.026552925 -0.045029227 0.9986327 9.004761
0.97979504 0.19779675 0.029376453 184.38403 -0.19892827 0.9790825 0.04254543 134.46509 -0.020346237 -0.04753077 0.9986627 8.9748535
0.9764396 0.2141715 0.026503507 185.71118 -0.21519057 0.9755512 0.044715803 134.19092 -0.016279519 -0.04936637 0.998648 8.957153
0.97190773 0.2340264 0.024775848 187.06445 -0.23497248 0.97085494 0.04705479 133.88477 -0.013037553 -0.051554 0.99858445 8.941528
0.967705 0.25076485 0.025293637 188.41577 -0.25170836 0.96668667 0.04619749 133.5603 -0.0128618125 -0.051071618 0.9986116 8.937256
0.963144 0.2678095 0.024806956 189.74902 -0.26870033 0.9621472 0.045344513 133.20337 -0.011721348 -0.05033945 0.998663 8.925049
0.95797706 0.2860365 0.021215055 191.0935 -0.28672954 0.9569226 0.045519914 132.82056 -0.0072802478 -0.04968953 0.9987383 8.925415
0.9531565 0.30201054 0.017894272 192.45483 -0.30252802 0.95197904 0.047444787 132.41235 -0.0027101978 -0.050634 0.99871373 8.921997
0.9478624 0.3180875 0.018355101 193.7893 -0.31860948 0.9466491 0.047980748 131.98242 -0.0021084086 -0.0513271 0.9986792 8.924683
0.94261545 0.3333729 0.01936863 195.13159 -0.33393383 0.94119334 0.051772967 131.5354 -0.00097465795 -0.055269625 0.99847126 8.934082
0.9353936 0.35317937 0.018289728 196.51758 -0.35364527 0.93379235 0.054744113 131.02832 0.0022567953 -0.057672277 0.9983323 8.937622
0.92825246 0.37159613 0.015660813 197.86108 -0.37187344 0.9265919 0.055852577 130.5122 0.006243735 -0.057668805 0.9983163 8.955811
0.92149734 0.38813946 0.01404487 199.22046 -0.38828492 0.9197821 0.0569459 129.97339 0.009183359 -0.057929102 0.99827874 8.968506
0.9141254 0.4052693 0.009518178 200.55371 -0.40510955 0.91240275 0.058014125 129.3916 0.014832963 -0.056887385 0.99827 8.999512
0.90475297 0.42585775 0.0057273787 201.88501 -0.4253825 0.90291977 0.061237417 128.79834 0.020913323 -0.05783991 0.9981063 9.040649
0.894619 0.44686294 0.004252904 203.25122 -0.44618925 0.89265895 0.06419543 128.16211 0.024893446 -0.05932661 0.99792737 9.081909
0.8822804 0.47066513 0.0049288515 204.57642 -0.469896 0.8801345 0.06729397 127.48218 0.027341252 -0.06168556 0.9977204 9.127441
0.86876035 0.49529278 0.0059953807 205.90405 -0.49440417 0.8663353 0.07156648 126.76709 0.030248817 -0.06513504 0.9974174 9.180176
0.8543573 0.51983035 0.006131121 207.22217 -0.5187212 0.8516322 0.07639614 126.0105 0.034483492 -0.06844651 0.9970578 9.237061
0.83879954 0.5442559 0.0065390244 208.50488 -0.54298395 0.83588594 0.07940062 125.23071 0.037763327 -0.07015219 0.99682087 9.311157
0.82215285 0.5693983 0.0063196095 209.80225 -0.56793445 0.81913257 0.08159404 124.38013 0.041283302 -0.070666425 0.9966436 9.378906
0.8059161 0.59194624 0.006227997 211.04565 -0.59034485 0.8028665 0.08267884 123.513916 0.043953564 -0.0703045 0.9965555 9.445679
0.7885933 0.61490834 0.0033496877 212.2727 -0.6129437 0.7856142 0.08433262 122.60327 0.049229976 -0.06855565 0.9964313 9.538818
0.77314097 0.63430595 0.00026544277 213.48096 -0.63193345 0.770213 0.08675285 121.65869 0.05480406 -0.06724141 0.9962315 9.62793
0.7554983 0.65514404 -0.0007490972 214.64111 -0.6525098 0.75256145 0.08871952 120.69458 0.05870061 -0.066537306 0.9960548 9.720337
0.73947334 0.6731347 -0.0023962297 215.79395 -0.6702342 0.7366081 0.09019212 119.69458 0.062470935 -0.065093 0.99592286 9.825684
0.7222721 0.6916478 -0.0028697853 216.9646 -0.6886204 0.71948534 0.09058272 118.62158 0.06471003 -0.06345528 0.9958853 9.935181
0.7060144 0.7082761 -0.0033673618 218.05518 -0.7051349 0.70331556 0.090869784 117.56006 0.06670695 -0.061781947 0.9958587 10.045044
0.69233334 0.7216283 -0.0046388847 219.13257 -0.7182992 0.6897299 0.091731444 116.4812 0.069379136 -0.06017382 0.99577403 10.1604
0.6755382 0.7373908 -0.007437964 220.19507 -0.7337716 0.673157 0.09269609 115.374756 0.07334258 -0.057167426 0.9956679 10.279785
0.66148674 0.7499208 -0.009862015 221.24536 -0.7459186 0.65921164 0.0953172 114.24609 0.0779878 -0.055679243 0.9953964 10.408447
0.647242 0.7622257 -0.010417079 222.24951 -0.75798684 0.64497304 0.09738904 113.0896 0.0809503 -0.055140972 0.99519205 10.532837
0.6309018 0.7758244 -0.009857241 223.25537 -0.77155805 0.6286709 0.097491495 111.92798 0.081848584 -0.053896267 0.9951855 10.674683
0.6153189 0.78827107 -0.0075529013 224.22656 -0.7839504 0.61289626 0.09913518 110.72046 0.08276185 -0.05508089 0.9950465 10.814331
0.59560657 0.8032487 -0.002773732 225.19922 -0.7990818 0.59286094 0.09974934 109.49756 0.0817625 -0.057201535 0.9950099 10.9609375
0.5789911 0.815451 0.0021928605 226.10083 -0.811468 0.5758944 0.10029225 108.28027 0.080510736 -0.059834056 0.9949548 11.098022
0.5626427 0.82668567 0.0057134256 226.99731 -0.8227778 0.5592826 0.10124168 107.04175 0.08049569 -0.061669808 0.99484605 11.242676
0.54288536 0.83980465 0.008314618 227.84912 -0.835696 0.5391916 0.10465592 105.78711 0.0833976 -0.06378032 0.994475 11.390747
0.52531725 0.85076827 0.011270704 228.65723 -0.8464661 0.5212246 0.108220145 104.55347 0.08621841 -0.06640491 0.99406207 11.532227
0.50505847 0.8628626 0.014310194 229.43042 -0.8586473 0.50079316 0.10840288 103.28418 0.08639022 -0.06703801 0.9940032 11.687866
0.48396072 0.8749005 0.017810399 230.18164 -0.8709918 0.47963533 0.10634153 102.007324 0.084491424 -0.0669648 0.9941701 11.834351
0.4644617 0.8852707 0.021607522 230.87305 -0.8817355 0.4600727 0.103780895 100.74072 0.08195301 -0.06725935 0.9943642 11.977417
0.44020852 0.8976674 0.025003899 231.55298 -0.8943795 0.4357503 0.10207605 99.44971 0.08074359 -0.06729978 0.99446046 12.120605
0.4195317 0.9072429 0.026611917 232.18433 -0.90407014 0.41511118 0.10074756 98.156006 0.08034076 -0.06633811 0.9945587 12.26062
0.40010566 0.9160529 0.028308619 232.7727 -0.91291827 0.39563075 0.10048019 96.882324 0.08084394 -0.06605375 0.9945364 12.394043
0.3776471 0.9254823 0.028787117 233.32422 -0.9223463 0.37327096 0.09955968 95.5896 0.08138812 -0.064159535 0.99461615 12.531494
0.35422963 0.934879 0.028209882 233.85132 -0.9316597 0.35002854 0.098786935 94.29883 0.08247616 -0.061253875 0.9947072 12.668213
0.3337019 0.9421664 0.027305717 234.32397 -0.9388512 0.32968125 0.09823691 93.03052 0.08356167 -0.058423277 0.9947887 12.801514
0.31185436 0.9497305 0.027501952 234.77734 -0.9465373 0.30802983 0.095839955 91.72876 0.08254623 -0.055937216 0.9950176 12.937988
0.29249197 0.95585734 0.027130365 235.1875 -0.9526297 0.28880423 0.09506977 90.45361 0.08306243 -0.053657178 0.9950992 13.064209
0.2727869 0.9617036 0.028342206 235.5752 -0.9580292 0.2687917 0.1001096 89.17871 0.08867059 -0.05448227 0.9945718 13.203003
0.25156516 0.9672222 0.031140517 235.94409 -0.96279126 0.24690975 0.108840965 87.90869 0.09758129 -0.057374682 0.99357295 13.345581
0.23246583 0.9719997 0.033639487 236.27515 -0.96679544 0.2271803 0.11685303 86.666016 0.105907604 -0.059681576 0.99258214 13.493164
0.21452816 0.97595745 0.03776982 236.57275 -0.9704629 0.20864424 0.120886415 85.41333 0.11008154 -0.06258457 0.9919493 13.646362
0.1940948 0.98020464 0.04174296 236.8606 -0.97478384 0.18785289 0.12132195 84.15796 0.11108632 -0.06422305 0.9917326 13.807373
0.17462249 0.9835176 0.046929773 237.1023 -0.9783434 0.16792774 0.12104276 82.9187 0.11115796 -0.06707205 0.9915389 13.958252
0.1537552 0.9866371 0.052616194 237.3357 -0.98173696 0.14655225 0.1207764 81.67407 0.111430414 -0.0702662 0.9912883 14.120361
0.1362892 0.98918426 0.05336992 237.52661 -0.98442286 0.12922253 0.11887575 80.43994 0.11065385 -0.068774834 0.99147904 14.272461
0.11937757 0.9913465 0.05574306 237.698 -0.98670644 0.1121787 0.118070036 79.21753 0.11081631 -0.069042414 0.9914352 14.419067
