1 0 0 0 0 1 0 0 0 0 1 0
0.99991731 -0.0024980379 0.012614645 0.0027729201 0.0024841853 0.99999629 0.001113701 -0.008316406 -0.012617381 -0.0010822718 0.99991981 0.35030437
0.99982368 -0.0038916431 0.018369965 0.0013209893 0.0038654938 0.99999146 0.0014587857 -0.011811875 -0.018375487 -0.0013875195 0.99983019 0.63324337
0.99976251 -0.0071864899 0.020573871 0.015717594 0.0071900535 0.99997415 -9.9222041e-05 -0.012785341 -0.020572628 0.00024712574 0.99978833 0.84434827
0.99982536 -0.0083274214 0.016730478 0.036935673 0.0083449396 0.9999647 -0.00097751259 -0.020249476 -0.016721748 0.0011169567 0.99985956 1.175535
0.99987247 -0.011471721 0.01111027 0.020992919 0.011507574 0.99992877 -0.0031684317 -0.020105877 -0.011073132 0.00329588 0.99993326 1.5208243
0.99992097 -0.012563299 -0.00047658899 0.015397383 0.012561144 0.99991192 -0.0042854153 -0.034131984 0.00053038601 0.0042790902 0.9999907 1.8272547
0.99982596 -0.011474421 -0.014710149 -0.0011999302 0.011405299 0.99992356 -0.0047743115 -0.038648154 0.014763808 0.004605707 0.9998804 2.1721286
0.99930797 -0.0079638877 -0.03633386 -0.053091275 0.0077746269 0.99995548 -0.0053472697 -0.044076284 0.036374831 0.0050610871 0.9993254 2.5131067
0.99844782 -0.0043192554 -0.055527352 -0.086678809 0.0039844358 0.99997322 -0.0061391136 -0.049737767 0.055552386 0.0059083395 0.99843829 2.8534179
0.99717286 -0.0031749134 -0.075074622 -0.15490732 0.002709011 0.99997644 -0.0063068782 -0.053935487 0.075092884 0.0060856699 0.99715797 3.2324455
0.99517972 -0.004472305 -0.097965941 -0.17549721 0.0039265905 0.99997569 -0.0057625474 -0.059495909 0.097989339 0.0053500982 0.99517308 3.597082
0.99315352 -0.0056887943 -0.11667785 -0.25167237 0.0051449135 0.99997445 -0.0049620419 -0.069745588 0.11670311 0.0043277719 0.99315742 3.9916817
0.99094088 -0.0047757399 -0.13421385 -0.30919675 0.0042232595 0.9999814 -0.0044008192 -0.073082334 0.13423238 0.0037941317 0.99094262 4.3614079
0.98880614 -0.003484746 -0.14916527 -0.40873915 0.0029471102 0.99998834 -0.0038251862 -0.08082747 0.14917687 0.003342761 0.98880488 4.807151
0.98656108 -0.0031283395 -0.16336295 -0.49609544 0.0025507376 0.99998973 -0.0037453358 -0.089343172 0.163373 0.0032783064 0.98655893 5.1895495
0.98438316 -0.0046485513 -0.17597779 -0.60517052 0.0038576332 0.99998086 -0.0048362549 -0.09909932 0.17599692 0.00408187 0.98438226 5.6342116
0.98282136 -0.0071170595 -0.18442214 -0.64973108 0.0059512804 0.99995866 -0.0068740132 -0.10780587 0.18446345 0.0056583791 0.98282309 6.0935767
0.98123745 -0.0069674772 -0.19267726 -0.822443 0.0054087758 0.99994827 -0.0086145286 -0.12258439 0.19272733 0.0074107499 0.98122437 6.5966484
0.97951548 -0.0069441819 -0.20124909 -0.88174749 0.0049196811 0.99993216 -0.010558097 -0.12104764 0.20130877 0.0093517377 0.97948319 7.0219602
0.97831658 -0.0071186412 -0.20699274 -0.98969299 0.0045105345 0.99990442 -0.013069204 -0.13149758 0.20706601 0.011852171 0.97825518 7.5169572
0.97648118 -0.010971775 -0.21532328 -1.0916511 0.0079466584 0.99985726 -0.014909894 -0.14438139 0.21545616 0.01284813 0.97642899 8.0248973
0.97483165 -0.016859192 -0.22230386 -1.2448517 0.013597422 0.99977639 -0.016195064 -0.16216093 0.22252721 0.012764702 0.97484291 8.5681503
0.97283394 -0.017801842 -0.23081859 -1.384406 0.013858396 0.99972919 -0.018694785 -0.18625241 0.23108891 0.014988146 0.97281719 9.0914573
0.97073986 -0.013636819 -0.23974603 -1.5082815 0.0085082739 0.99971258 -0.022413633 -0.18651098 0.2399828 0.019717982 0.97057687 9.6091805
0.96903363 -0.01103654 -0.246682 -1.6255961 0.0048106466 0.99965485 -0.025826985 -0.20969545 0.24688192 0.023840518 0.96875227 10.16155
0.96646678 -0.013605624 -0.25643099 -1.8110329 0.0067519395 0.99959655 -0.027588749 -0.23364029 0.25670291 0.024932203 0.96616872 10.719236
0.96421351 -0.01557101 -0.26466932 -1.9817834 0.0080367894 0.99953171 -0.029525666 -0.25999032 0.26500515 0.026341954 0.96388712 11.276362
0.96184442 -0.01514044 -0.27317773 -2.1547684 0.0065852897 0.99945953 -0.032206995 -0.28306659 0.27351773 0.029179164 0.96142427 11.824413
0.95927671 -0.014682888 -0.28208615 -2.3313638 0.004781353 0.99934906 -0.03575748 -0.30523726 0.28242758 0.032952565 0.95872248 12.396537
0.95759214 -0.0157772 -0.28769493 -2.5210915 0.0041306566 0.99914878 -0.041044469 -0.34007132 0.28809763 0.038115493 0.95684219 13.037248
0.95547153 -0.016359231 -0.29462947 -2.6946348 0.0023124757 0.99884651 -0.047961448 -0.37604848 0.29507425 0.045144475 0.95440724 13.582406
0.95465192 -0.016701203 -0.29725539 -2.8947843 -6.4706793e-05 0.9984137 -0.056303377 -0.41396937 0.29772421 0.053769362 0.95313648 14.257808
0.95343432 -0.017099518 -0.30111557 -3.1031633 -0.0025817423 0.99789219 -0.0648422 -0.4594259 0.30158968 0.062600183 0.95138052 14.901835
0.95240466 -0.016574673 -0.30438566 -3.3471174 -0.0062411917 0.9972512 -0.073831507 -0.50676605 0.30477272 0.072217202 0.94968325 15.553026
0.95050845 -0.015336104 -0.31031997 -3.5749918 -0.010348928 0.9966641 -0.080954142 -0.56381253 0.31052632 0.080159077 0.94717894 16.15421
0.94908744 -0.013877597 -0.3147069 -3.7858384 -0.014442915 0.99606158 -0.087479903 -0.63335036 0.31468149 0.087571364 0.9451491 16.835136
0.94720827 -0.013211423 -0.3203466 -4.0481627 -0.01749927 0.99553108 -0.092798968 -0.69506637 0.32014103 0.093505783 0.94274408 17.49122
0.94562553 -0.011265191 -0.32506222 -4.277026 -0.02201432 0.9948916 -0.09851943 -0.77504438 0.32451154 0.10031851 0.9405469 18.172313
0.94420422 -0.0085723125 -0.32924899 -4.5446339 -0.026446258 0.99446015 -0.101733 -0.84928719 0.32829712 0.10476414 0.93874676 18.900833
0.94223323 -0.0088059446 -0.33484173 -4.8239554 -0.027471977 0.99425489 -0.10345294 -0.92725606 0.33382906 0.10667556 0.93657808 19.536659
0.93969883 -0.0073775265 -0.3419235 -5.0912077 -0.029421554 0.99431713 -0.10231236 -1.0127161 0.34073523 0.10620272 0.93414158 20.268174
0.93763795 -0.0072063222 -0.34753869 -5.4003409 -0.029681237 0.99447411 -0.10069887 -1.1010378 0.34634393 0.10473446 0.93224277 21.007413
0.93545696 -0.0071670822 -0.35336793 -5.6477135 -0.029793293 0.99463694 -0.099044036 -1.1824548 0.35218268 0.10317943 0.93022652 21.741117
0.9325517 -0.007370514 -0.3609612 -5.9494124 -0.029168793 0.99498517 -0.095674985 -1.2625233 0.35985624 0.099750674 0.92766012 22.388413
0.92859972 -0.0032570217 -0.37106865 -6.3022943 -0.032598297 0.99537968 -0.090314124 -1.3517858 0.36964838 0.095961878 0.92420312 23.230232
0.92563186 -0.0021442385 -0.37841915 -6.5736054 -0.032347389 0.99587566 -0.084766232 -1.4315297 0.37704022 0.090703198 0.92174488 23.919269
0.92228058 2.0587208e-05 -0.38652105 -6.9230069 -0.033908351 0.99614886 -0.080855889 -1.5006306 0.38503087 0.087678109 0.91872944 24.682609
0.91838084 0.00020789327 -0.39569758 -7.2305569 -0.034308306 0.99627587 -0.079103262 -1.5795374 0.39420754 0.086222635 0.91496781 25.440973
0.91390054 0.0037483605 -0.40592086 -7.5933052 -0.038901614 0.99616385 -0.078385283 -1.6632195 0.40406991 0.08742733 0.91054049 26.216968
0.9108401 0.0029127171 -0.41274909 -8.0144456 -0.038144698 0.99628988 -0.077145674 -1.7242783 0.41099307 0.086011564 0.90757188 26.887943
0.90676939 0.003525831 -0.42161218 -8.3779057 -0.038917792 0.99639599 -0.075368637 -1.7979053 0.41982699 0.08475019 0.9036386 27.6937
0.90329549 0.0044077737 -0.42899628 -8.7710974 -0.039554206 0.99654388 -0.073046305 -1.874552 0.42719168 0.082951007 0.90034794 28.501994
0.89899092 0.0051113555 -0.43793743 -9.1514812 -0.039193528 0.99685883 -0.068821071 -1.9419176 0.43621006 0.079033832 0.89636737 29.217965
0.89573242 0.0061731925 -0.44455067 -9.5917157 -0.03844225 0.99723416 -0.063609956 -2.0134738 0.44292848 0.074067029 0.89349228 30.090114
0.89177213 0.0048364547 -0.45245891 -9.9968538 -0.035404288 0.99762309 -0.059116079 -2.0725694 0.45109758 0.068737058 0.8898237 30.851096
0.88846122 0.0041269765 -0.45893312 -10.417432 -0.034213701 0.99777272 -0.057262722 -2.1386373 0.45767466 0.06657751 0.88662357 31.673331
0.88556329 0.0049090587 -0.46449279 -10.866976 -0.034954941 0.99781327 -0.056096644 -2.2066399 0.46320172 0.065913447 0.88379839 32.50963
0.88193794 0.004685266 -0.47134224 -11.308793 -0.03425493 0.99794371 -0.054175261 -2.2560858 0.47011923 0.063925014 0.88028491 33.330066
0.87845612 0.0037964483 -0.47780792 -11.789763 -0.032978009 0.99806569 -0.052700312 -2.3188922 0.47668366 0.062052066 0.87688212 34.119559
0.87541714 0.002289891 -0.48336278 -12.226077 -0.031699841 0.99810802 -0.052683045 -2.3808644 0.48232767 0.061442165 0.87383345 34.953737
0.87289684 0.0028867996 -0.48789625 -12.699074 -0.033021014 0.99803921 -0.053172774 -2.4445007 0.48678613 0.062525176 0.8712806 35.793012
0.87251441 0.0015406822 -0.48858594 -13.199323 -0.03171165 0.99806508 -0.05348326 -2.5011036 0.4875582 0.062158782 0.87087502 36.710553
0.87164602 0.0013070492 -0.49013416 -13.691252 -0.031038143 0.99813657 -0.052535937 -2.5593426 0.4891522 0.061005595 0.87006233 37.538527
0.87189797 0.0021233552 -0.48968297 -14.234178 -0.031015645 0.99822223 -0.050895982 -2.6202385 0.4887044 0.059563938 0.87041379 38.421473
0.87139834 -0.00022018564 -0.49057605 -14.726243 -0.028181488 0.99832606 -0.050506169 -2.6839652 0.48976602 0.057836155 0.86993347 39.305797
0.87124615 -0.0014348956 -0.49084423 -15.266566 -0.027062352 0.99833427 -0.050953992 -2.7504475 0.49009978 0.057676869 0.86975606 40.209683
0.87003803 -0.0028449855 -0.49297638 -15.773628 -0.026127257 0.99831188 -0.051872441 -2.8170005 0.4922918 0.058011118 0.86849497 41.155432
0.86832505 -0.002943554 -0.49598682 -16.29327 -0.02509571 0.99844085 -0.049860593 -2.8776959 0.49536031 0.055742344 0.86689733 42.044207
0.86602152 -0.0024361061 -0.50000077 -16.837524 -0.023840341 0.99864962 -0.046158055 -2.9401883 0.49943807 0.051894058 0.86479399 42.91934
0.86382526 -0.0041758814 -0.50377421 -17.373703 -0.019573765 0.99893242 -0.041843615 -3.0061837 0.50341117 0.04600633 0.86282132 43.904624
0.86197682 -0.0045328438 -0.5069274 -17.965115 -0.018057086 0.99905096 -0.039637491 -3.0683307 0.50662601 0.04332023 0.86107692 44.828314
0.85606689 -0.007110888 -0.51681611 -18.454683 -0.017014384 0.99897575 -0.041927978 -3.1363077 0.51658495 0.044686462 0.85506908 45.757569
0.85039319 -0.010601103 -0.52604089 -19.03182 -0.015653158 0.99884469 -0.045434098 -3.1916189 0.52591485 0.046871049 0.84924478 46.606663
0.84473222 -0.0085018649 -0.53512164 -19.603872 -0.018555413 0.99880743 -0.045159975 -3.260301 0.53486745 0.04807749 0.84356706 47.546902
0.83893169 -0.0076460735 -0.54418299 -20.200627 -0.016921653 0.9990514 -0.040124242 -3.3161989 0.54397362 0.042869974 0.8380065 48.45702
0.83326559 -0.0062016428 -0.55283811 -20.793273 -0.015580251 0.99927656 -0.034693055 -3.3694095 0.55265336 0.037521886 0.83256615 49.300946
0.82849555 -0.0027983798 -0.55998862 -21.401933 -0.021072973 0.99912345 -0.036170002 -3.4303958 0.55959903 0.041767311 0.82771036 50.184494
0.82575665 -0.0044576097 -0.56400891 -22.026782 -0.02248601 0.99891362 -0.040816267 -3.4826144 0.56357817 0.046386615 0.82475933 51.053293
0.82319232 -0.0057181796 -0.56773381 -22.615861 -0.026009142 0.99851971 -0.047769287 -3.5572217 0.56716661 0.05408958 0.82182503 51.945834
0.81939879 -0.0079125395 -0.57316925 -23.226394 -0.024962406 0.99846363 -0.049469762 -3.6115495 0.57268013 0.054843148 0.81794237 52.780392
0.816801 -0.0061517448 -0.57688669 -23.880847 -0.02490294 0.99863519 -0.045908658 -3.679954 0.57638182 0.051864413 0.81553302 53.687328
0.81505121 -0.0053923849 -0.5793638 -24.498416 -0.021827355 0.99896106 -0.040004559 -3.7377489 0.57897765 0.045251744 0.81408672 54.530439
0.80977591 -0.0032897825 -0.58673002 -25.116147 -0.02240937 0.99908126 -0.036530135 -3.8001693 0.5863112 0.042729474 0.80895822 55.36859
0.80795959 -0.0034561436 -0.58922774 -25.793426 -0.023020367 0.99903422 -0.037425818 -3.8452262 0.58878807 0.043802788 0.80709972 56.227253
0.80483559 -0.0042717482 -0.59348243 -26.413076 -0.023539372 0.99895751 -0.039112561 -3.9064373 0.59303086 0.045449385 0.803896 57.099856
0.80034462 -0.0050476049 -0.59951896 -27.069118 -0.024873269 0.99882407 -0.041614788 -3.9763187 0.59902408 0.048218169 0.79927792 57.990588
0.79671437 -0.0045873158 -0.60433859 -27.727785 -0.026231914 0.9987663 -0.042163446 -4.0322922 0.60378649 0.049445182 0.79561114 58.784523
0.79106219 -0.0083262822 -0.61167905 -28.369433 -0.02123911 0.9989307 -0.041065382 -4.0810078 0.61136695 0.04547679 0.79003946 59.598054
0.78700823 -0.0075727913 -0.61689599 -29.027155 -0.022056309 0.99894007 -0.040401073 -4.1374347 0.61654813 0.045402426 0.78600703 60.443091
0.78112136 -0.0095628716 -0.62430596 -29.719716 -0.020556462 0.99894678 -0.041021377 -4.2035584 0.62404077 0.044876196 0.7801021 61.254905
0.77551462 -0.010572783 -0.63124105 -30.416041 -0.020697022 0.99889655 -0.042158157 -4.2621122 0.63099029 0.045759077 0.77444006 62.125233
0.76933773 -0.01029015 -0.63875938 -31.058638 -0.022085551 0.99884417 -0.042691355 -4.3239646 0.63846043 0.046951423 0.76822124 62.916002
0.76535333 -0.010984207 -0.64351659 -31.804912 -0.022515318 0.99878541 -0.043826435 -4.3892779 0.64321643 0.048031689 0.76417643 63.79543
0.76006335 -0.014607395 -0.64968477 -32.498118 -0.019341661 0.99879592 -0.045084469 -4.4478513 0.64956112 0.046833035 0.75886564 64.573101
0.75354297 -0.015212283 -0.6572226 -33.290274 -0.019120788 0.9988021 -0.045041657 -4.5154666 0.65712055 0.046507438 0.75234943 65.451801
0.74817125 -0.01404076 -0.66335707 -33.965714 -0.019897813 0.99885161 -0.043583777 -4.5790125 0.66320728 0.045807484 0.74703268 66.217659
0.74332527 -0.015153913 -0.66875845 -34.730202 -0.017698075 0.99894788 -0.042307345 -4.646141 0.66869601 0.043283856 0.74227501 67.030352
0.73304886 -0.018079851 -0.67993562 -35.448001 -0.015563983 0.99893905 -0.043342085 -4.7060549 0.67999792 0.042354373 0.73198973 67.868228
0.72853804 -0.019148667 -0.68473762 -36.214598 -0.015940893 0.99886457 -0.044893797 -4.7742861 0.68481986 0.043622169 0.72740559 68.685528
0.72648579 -0.018522173 -0.68693179 -36.954605 -0.01721864 0.99883217 -0.045142237 -4.8312727 0.68696576 0.044623225 0.72531845 69.415329
0.7200136 -0.018017048 -0.693726 -37.747566 -0.017484346 0.99887459 -0.044089074 -4.8964783 0.69373969 0.043874078 0.71888827 70.24963
0.7162378 -0.018127542 -0.69762079 -38.586402 -0.017541704 0.99887903 -0.043965506 -4.9661088 0.69763582 0.043727215 0.71511693 71.076556
0.71062622 -0.017745516 -0.70334588 -39.401658 -0.019626251 0.99879287 -0.045029086 -5.0299776 0.70329597 0.045802892 0.70942013 71.874329
0.70631222 -0.021208374 -0.70758265 -40.267914 -0.017839856 0.99870038 -0.047741868 -5.099924 0.70767565 0.046343838 0.70501593 72.666959
0.70128278 -0.02356255 -0.71249366 -41.079644 -0.017504133 0.99858315 -0.050252393 -5.1673457 0.7126683 0.047712722 0.69987673 73.485816
0.69700864 -0.021627194 -0.71673648 -41.90993 -0.021797829 0.99844407 -0.051325443 -5.245317 0.71673137 0.051397577 0.69545271 74.271091
0.69251452 -0.021739721 -0.72107626 -42.81829 -0.020344484 0.99855974 -0.049644207 -5.3239834 0.72111704 0.049049259 0.69107484 75.11807
0.68672543 -0.02100888 -0.72661322 -43.628074 -0.020760326 0.99860771 -0.04849385 -5.3941065 0.72662042 0.048386688 0.68533316 75.866445
0.68068864 -0.024156483 -0.73217442 -44.469535 -0.016801729 0.99867848 -0.048569444 -5.4632491 0.73238017 0.045362466 0.67938323 76.629089
0.67775646 -0.020882919 -0.73498982 -45.322252 -0.022157085 0.99856261 -0.048803408 -5.5395722 0.73495257 0.049362058 0.67631956 77.386415
0.6724705 -0.025478425 -0.73968523 -46.182902 -0.015887743 0.99868007 -0.048843524 -5.606536 0.73995342 0.044597758 0.67117809 78.19563
0.66966627 -0.024834752 -0.74224678 -47.082747 -0.01675279 0.99868125 -0.048529383 -5.6840469 0.74247322 0.044933195 0.66836709 78.964201
0.66572802 -0.027466098 -0.74568879 -47.930151 -0.014030751 0.99868492 -0.049310975 -5.7565462 0.74606259 0.043290272 0.66446716 79.75937
0.66135049 -0.033157081 -0.74934378 -48.878656 -0.0094466503 0.99857506 -0.052522462 -5.8355362 0.75001756 0.041814544 0.66009488 80.537816
0.65483027 -0.038365016 -0.75480156 -49.716024 -0.0041838224 0.99851144 -0.054381975 -5.9010065 0.75576443 0.038768919 0.653695 81.277112
0.64992476 -0.038919503 -0.75900134 -50.627038 -0.0035490702 0.99852159 -0.054240475 -5.9896451 0.7599903 0.037945977 0.64882578 82.06836
0.64214097 -0.045151103 -0.76525571 -51.587322 0.005114988 0.99849409 -0.05462039 -6.0684234 0.76656954 0.031159716 0.64140491 82.877113
0.63392544 -0.04419924 -0.77213011 -52.471436 0.0044697044 0.99855832 -0.053491062 -6.1592279 0.77338128 0.030458152 0.63320909 83.607787
0.62208396 -0.045860029 -0.78160626 -53.466505 0.0098614413 0.99866286 -0.05074686 -6.2288693 0.78288846 0.023861043 0.6217044 84.357483
0.61146488 -0.04670542 -0.78989192 -54.434901 0.01132552 0.99867079 -0.050283057 -6.2998004 0.79119055 0.021800387 0.61118108 85.05655
0.60673753 -0.0454207 -0.79360347 -55.358047 0.0058637532 0.99859476 -0.052670023 -6.3819467 0.79488064 0.027303385 0.60615125 85.790275
0.5961132 -0.050993539 -0.80127939 -56.408916 0.012048304 0.99843686 -0.054577313 -6.4627332 0.80281003 0.022880198 0.59579577 86.530806
0.58551864 -0.048697275 -0.80919493 -57.421051 0.0057436974 0.99841825 -0.055928681 -6.5548373 0.81063863 0.028099514 0.5848722 87.290145
0.57612692 -0.051911642 -0.81571006 -58.394366 0.01244348 0.99842251 -0.054750739 -6.6278103 0.81726555 0.021393103 0.57586405 87.923947
0.56337998 -0.051088015 -0.82461685 -59.413007 0.012807392 0.99850648 -0.053111073 -6.7153146 0.82609868 0.019360524 0.56319287 88.672958
0.55461211 -0.051952781 -0.83048555 -60.485721 0.013605383 0.99848178 -0.053376239 -6.8016661 0.83199781 0.018304034 0.55447693 89.374285
0.54505099 -0.052381533 -0.83676492 -61.47254 0.011424174 0.99841772 -0.055059542 -6.8828576 0.83832509 0.02045091 0.54478698 90.046788
0.53344417 -0.053260928 -0.8441567 -62.525985 0.010902002 0.99836556 -0.056101274 -6.9667365 0.84576505 0.020723899 0.53315294 90.711145
0.52516831 -0.054430975 -0.84925582 -63.596821 0.010207757 0.9982835 -0.0576702 -7.053432 0.85093719 0.021617565 0.52482248 91.335473
0.51601556 -0.053089619 -0.85493238 -64.624465 0.0072254188 0.99831174 -0.057632116 -7.1432333 0.85654877 0.023561824 0.51552799 91.943671
0.50781817 -0.050760563 -0.85996745 -65.722499 0.0060005218 0.9984467 -0.0553911 -7.2306909 0.86144342 0.022968353 0.50733397 92.640872
0.4978211 -0.049550586 -0.86586305 -66.82436 0.0072458729 0.99856934 -0.052978987 -7.322673 0.86724951 0.020100124 0.49746793 93.2264
0.49139488 -0.049372921 -0.86953627 -67.985983 0.0065438817 0.99857298 -0.053001625 -7.4121901 0.87091234 0.020354584 0.49101675 93.847516
0.48425429 -0.052476862 -0.8733521 -69.111234 0.0084491109 0.99843361 -0.055307755 -7.5014943 0.87488654 0.019403969 0.48393914 94.49497
0.47818845 -0.056965914 -0.87640779 -70.205112 0.012677425 0.99823796 -0.057967694 -7.5775569 0.87816579 0.016608888 0.47806805 95.076055
0.47207229 -0.059492602 -0.87955006 -71.374776 0.013517386 0.99809145 -0.060255665 -7.6757741 0.88145624 0.016555812 0.4719755 95.668806
0.46891311 -0.062638017 -0.88102038 -72.475246 0.01426527 0.99788913 -0.063354521 -7.773848 0.88312913 0.017139772 0.46881685 96.274307
0.46200178 -0.063661337 -0.88459116 -73.62024 0.017146577 0.99787513 -0.062858774 -7.8681239 0.88671326 0.013873154 0.46211166 96.825496
0.45619653 -0.061038414 -0.88778318 -74.710914 0.018206998 0.9980762 -0.059265619 -7.9697428 0.88969281 0.010872903 0.45643023 97.438042
0.45037469 -0.058395251 -0.89092792 -75.805872 0.01929085 0.99826237 -0.055678658 -8.0668198 0.89263126 0.0078895011 0.4507186 98.043645
0.4495375 -0.057806114 -0.89138904 -76.937593 0.021518804 0.99831509 -0.053888038 -8.164596 0.89300227 0.0050430676 0.45002399 98.600768
0.44716782 -0.059427186 -0.89247369 -78.073909 0.025585241 0.99823197 -0.053650009 -8.2508792 0.89408411 0.0011564028 0.44789768 99.076092
0.44477508 -0.058301996 -0.89374266 -79.105467 0.02740454 0.99829772 -0.0514845 -8.3328732 0.89522298 -0.001593584 0.44561569 99.608936
0.43607136 -0.054848381 -0.89823903 -80.313108 0.024150989 0.99849467 -0.049245536 -8.4302169 0.899588 -0.00021879383 0.43673957 100.32013
0.43883323 -0.057901801 -0.89670101 -81.384633 0.030501409 0.99830651 -0.049535701 -8.5083335 0.89805074 -0.0056127338 0.43985616 100.71484
0.43630767 -0.058698342 -0.89788087 -82.498335 0.033483701 0.99823794 -0.048988366 -8.5910977 0.89917436 -0.0086903751 0.43750431 101.24428
0.43313398 -0.057881072 -0.8994691 -83.601582 0.036991968 0.99823667 -0.046423531 -8.6718918 0.90057016 -0.013165524 0.43451136 101.81034
0.43083818 -0.056825274 -0.90063826 -84.672319 0.037932064 0.99827378 -0.044839978 -8.7585892 0.90163168 -0.014844294 0.43224996 102.36353
0.42933954 -0.057854099 -0.90128819 -85.732577 0.039615606 0.99819201 -0.045203026 -8.8416641 0.90227392 -0.016297633 0.43085522 102.83824
0.43201039 -0.059297493 -0.89991708 -86.832952 0.041371059 0.99808872 -0.04590582 -8.9135875 0.90091927 -0.017398732 0.4336379 103.29662
0.43014601 -0.061162002 -0.90068505 -87.913993 0.043220655 0.99795347 -0.047125952 -8.9984677 0.90172416 -0.018657158 0.43190916 103.80712
0.43031949 -0.06059219 -0.90064069 -88.900723 0.040032725 0.99804392 -0.048017824 -9.0776014 0.90178855 -0.015392097 0.43190342 104.28935
0.4361902 -0.060924364 -0.89778965 -89.954002 0.03892311 0.99804903 -0.048817252 -9.1528079 0.89901233 -0.013651159 0.43771058 104.70603
0.43656123 -0.061283826 -0.89758482 -90.979198 0.037446598 0.99805046 -0.049930232 -9.2393969 0.89889494 -0.011813895 0.43800501 105.24663
0.44291085 -0.061888308 -0.89442705 -91.973987 0.036258855 0.998035 -0.051102275 -9.3189771 0.8958322 -0.0097971491 0.44428453 105.74674
0.44883813 -0.060749794 -0.8915457 -92.981141 0.033688793 0.99812762 -0.051052047 -9.3957158 0.89297787 -0.0071209945 0.45004432 106.24321
0.45538971 -0.060152226 -0.88825776 -93.963679 0.033346316 0.99816724 -0.050499319 -9.4726391 0.88966752 -0.0066232547 0.45656095 106.71352
0.46332352 -0.059906449 -0.88416201 -95.014676 0.03415123 0.99817838 -0.049735517 -9.5520934 0.88553095 -0.0071515863 0.4645254 107.29055
0.47132836 -0.058741251 -0.87999942 -95.951072 0.032521862 0.99825852 -0.049216486 -9.6227349 0.88135802 -0.0054220949 0.47241793 107.72857
0.48082 -0.059234392 -0.87481618 -96.829744 0.03380392 0.99822603 -0.04901111 -9.6926942 0.8761675 -0.0060066952 0.4819694 108.27137
0.4909571 -0.059867013 -0.86912427 -97.84397 0.032424428 0.99820052 -0.050441901 -9.7761071 0.87058018 -0.0034160482 0.49201479 108.79261
0.50068315 -0.058898408 -0.86362451 -98.70413 0.026532754 0.99825795 -0.05269802 -9.8370147 0.86522394 0.0034706726 0.50137367 109.30939
0.51172115 -0.060600241 -0.85701167 -99.631674 0.026454881 0.99814771 -0.054783932 -9.9177329 0.85874424 0.0053619543 0.51237647 109.83065
0.52509961 -0.057746401 -0.84907932 -100.59921 0.022185395 0.99828503 -0.054173768 -9.993623 0.85075159 0.0096094637 0.52548021 110.44786
0.53779626 -0.056206137 -0.84119914 -101.53026 0.022983413 0.9983818 -0.052014784 -10.073573 0.84276153 0.0086397289 0.53821781 111.00927
0.54912223 -0.052251724 -0.83410699 -102.44265 0.018809859 0.99856351 -0.050170726 -10.142349 0.83553038 0.011860426 0.54931628 111.56439
0.56248715 -0.052851331 -0.82511507 -103.30212 0.020896156 0.99854483 -0.04971501 -10.219223 0.82654196 0.010722321 0.56277302 112.19354
0.57403096 -0.05360256 -0.81707721 -104.188 0.021325531 0.99849524 -0.050522015 -10.295611 0.81855588 0.011576595 0.57431029 112.77842
0.58480736 -0.054064322 -0.80936848 -105.03811 0.021174189 0.99845388 -0.051395516 -10.368449 0.81089583 0.012918754 0.58504795 113.45902
0.59552941 -0.055443187 -0.80141795 -105.90321 0.022562043 0.99837634 -0.052303303 -10.433567 0.80301665 0.013066528 0.59581338 114.06513
0.60518898 -0.055115487 -0.7941716 -106.68698 0.022839798 0.99839193 -0.051883578 -10.51864 0.79575417 0.01326065 0.60547462 114.69535
0.61728698 -0.054599521 -0.78484115 -107.60183 0.024410215 0.99843782 -0.050260004 -10.600713 0.78635932 0.011866704 0.61765545 115.34815
0.62636998 -0.052126939 -0.77778106 -108.3833 0.024364656 0.99858337 -0.04730355 -10.659177 0.77914508 0.010679156 0.6267527 115.98129
0.63516609 -0.050583094 -0.77071741 -109.12409 0.023358007 0.99865478 -0.046293018 -10.726284 0.77202234 0.011401332 0.63549317 116.59227
0.64556489 -0.048914313 -0.76213733 -109.92055 0.020039202 0.99868811 -0.047122134 -10.799079 0.7634425 0.015147771 0.64569818 117.25698
0.65489547 -0.04835579 -0.7541708 -110.63953 0.018792663 0.99868421 -0.047714568 -10.861815 0.75548581 0.017075177 0.6549425 117.88937
0.66501899 -0.048201275 -0.7452693 -111.40861 0.018825258 0.99867986 -0.047792776 -10.936144 0.74658917 0.017753217 0.66504848 118.55333
0.67375854 -0.04698899 -0.73745604 -112.12833 0.019375516 0.99875644 -0.045936484 -10.996936 0.73869755 0.016661507 0.67383112 119.17687
0.68184273 -0.045460864 -0.73008476 -112.80497 0.019472756 0.99884131 -0.044009729 -11.054555 0.73123959 0.015790951 0.68193793 119.82437
0.69034718 -0.044086539 -0.72213372 -113.52896 0.018845114 0.99889872 -0.042967549 -11.118396 0.7232328 0.016053834 0.69041773 120.49894
0.69657665 -0.044285076 -0.71611434 -114.1689 0.019548978 0.99889424 -0.042756784 -11.178038 0.71721604 0.015784074 0.69667213 121.16781
0.70532982 -0.041449094 -0.70766643 -114.86987 0.016280912 0.99897296 -0.042284204 -11.240011 0.70869233 0.018302854 0.70528024 121.82709
0.71215619 -0.039562371 -0.70090536 -115.56017 0.016434525 0.99907671 -0.039694225 -11.304971 0.70182868 0.016749442 0.71214886 122.51389
0.71965081 -0.036984062 -0.69335045 -116.20233 0.015427678 0.99918559 -0.037284754 -11.351733 0.69416477 0.016135216 0.7196353 123.17231
0.72661715 -0.036040285 -0.68609663 -116.79129 0.015502089 0.99922898 -0.036071324 -11.410388 0.68686771 0.015574111 0.72661561 123.81731
0.73370158 -0.034495802 -0.67859561 -117.41729 0.014068897 0.9992676 -0.035585504 -11.465914 0.67932621 0.016562049 0.73364953 124.49804
0.74225506 -0.032284315 -0.66933931 -118.04196 0.012618086 0.99933506 -0.034208375 -11.512998 0.66999869 0.016945558 0.74216887 125.12841
0.75106939 -0.029508956 -0.65956346 -118.64376 0.011588028 0.99943597 -0.031519181 -11.559905 0.6601216 0.016030052 0.75098771 125.79363
0.75986727 -0.025564073 -0.64957539 -119.19367 0.0092938922 0.99955157 -0.028465495 -11.600802 0.65001184 0.015592914 0.75976411 126.43683
0.76994971 -0.023323871 -0.63767813 -119.75704 0.0077012029 0.99959863 -0.027262925 -11.648415 0.63805812 0.016080192 0.7698203 127.10843
0.77991468 -0.022487444 -0.62548171 -120.29641 0.0058617743 0.99957295 -0.028627787 -11.685684 0.62585842 0.018660799 0.77971344 127.80025
0.78940988 -0.023424945 -0.61341934 -120.82879 0.0064492507 0.99953298 -0.029870111 -11.739875 0.61383262 0.019623665 0.78919229 128.47353
0.79900152 -0.022593997 -0.60090436 -121.31586 0.0061038552 0.99954712 -0.029466877 -11.781207 0.60129805 0.019876246 0.79877758 129.13566
0.80819584 -0.02143151 -0.5885237 -121.82862 0.0060301477 0.99958637 -0.028119691 -11.818852 0.58888297 0.019177333 0.80799078 129.82751
0.81871629 -0.01925564 -0.57387528 -122.32706 0.0056879878 0.99966049 -0.025427571 -11.852753 0.57417011 0.017553771 0.81854785 130.51751
0.8282465 -0.018018994 -0.56007412 -122.79565 0.0061112639 0.99971388 -0.023125877 -11.891939 0.56033063 0.015731166 0.82811964 131.21107
0.83697323 -0.016796508 -0.54698599 -123.23797 0.006717198 0.99976889 -0.020421933 -11.920966 0.54720263 0.013418398 0.83689262 131.90939
0.8448492 -0.016409 -0.53475279 -123.70528 0.0074339075 0.9997931 -0.018934121 -11.951523 0.53495288 0.012021174 0.84479638 132.62729
0.85158278 -0.016490319 -0.52396069 -124.12499 0.0088470152 0.99981485 -0.017087734 -11.985706 0.52414551 0.0099161316 0.85157101 133.33613
0.85826444 -0.016167996 -0.51295294 -124.56045 0.0087452136 0.99981925 -0.016881409 -12.014791 0.51313321 0.010002829 0.85825071 134.03598
0.86495522 -0.015511647 -0.50160925 -124.95599 0.0083999853 0.99982967 -0.016433896 -12.040787 0.50177877 0.010001074 0.86493819 134.77622
0.87167396 -0.013557222 -0.48989866 -125.3817 0.0067599432 0.99985481 -0.015641577 -12.07245 0.49003963 0.010322668 0.87163905 135.50867
0.87748048 -0.012725599 -0.47944348 -125.79774 0.0061978441 0.99986533 -0.015195532 -12.096113 0.47957233 0.010362266 0.87744118 136.26177
0.88281316 -0.013228734 -0.46953797 -126.18444 0.0068773434 0.99986022 -0.015239399 -12.120627 0.46967398 0.010224368 0.88278074 137.03843
0.88821524 -0.014343939 -0.45920357 -126.60341 0.0077655841 0.99983844 -0.016210918 -12.153958 0.45936195 0.010832801 0.88818313 137.77076
0.89206776 -0.014672554 -0.45166338 -126.97576 0.0081358693 0.99983223 -0.016411218 -12.182265 0.45182843 0.010965244 0.89203747 138.53713
0.89555002 -0.01426238 -0.44473219 -127.36711 0.0079812855 0.99984025 -0.015992684 -12.204644 0.44488928 0.010772714 0.89552079 139.3256
0.89861898 -0.012508152 -0.43855155 -127.74893 0.0077340445 0.99988981 -0.012670836 -12.229592 0.43866175 0.007994476 0.8986167 140.11644
0.90166287 -0.0088399703 -0.43234929 -128.1568 0.0055513242 0.99994527 -0.0088679779 -12.252498 0.43240406 0.0055958151 0.9016626 140.94001
0.90462768 -0.0060722064 -0.42615944 -128.57391 0.0037568662 0.99997326 -0.0062734246 -12.274656 0.42618618 0.0040740893 0.90462631 141.74661
0.90806205 -0.0034041105 -0.4188218 -128.93034 0.0018973521 0.99999014 -0.004014031 -12.289983 0.41883137 0.0028503365 0.90805956 142.58258
0.91099969 -0.0014444411 -0.4124045 -129.34296 0.00082662772 0.99999825 -0.0016764636 -12.300123 0.41240623 0.0011863525 0.91099929 143.44347
0.91400356 -0.00035427243 -0.40570598 -129.76324 0.00088256982 0.99999899 0.0011150926 -12.315167 0.40570521 -0.0013772628 0.91400295 144.2796
0.91772206 1.2193659e-05 -0.39722312 -130.13101 0.0014997036 0.99999277 0.0034955277 -12.330774 0.39722033 -0.0038036402 0.9177154 145.15868
0.9208367 -0.00035125073 -0.38994824 -130.50061 0.0021704776 0.99998872 0.0042246849 -12.341018 0.38994239 -0.0047366193 0.92082708 146.06046
0.92432508 -0.0013171009 -0.38160373 -130.84519 0.0030197978 0.99998798 0.0038631421 -12.334265 0.38159409 -0.0047231656 0.92431794 146.91647
0.92836354 -0.0037909833 -0.37165409 -131.25359 0.0055723006 0.99997756 0.0037191088 -12.36365 0.37163168 -0.0055236537 0.92836383 147.84995
0.93213861 -0.0053944016 -0.36206145 -131.59413 0.0067707808 0.99997387 0.0025328438 -12.366093 0.36203836 -0.0048124006 0.93215078 148.76942
0.93633121 -0.0065169491 -0.35105752 -131.9782 0.0071608069 0.99997422 0.00053582491 -12.384509 0.35104501 -0.0030155651 0.93635374 149.68808
0.94105635 -0.004824044 -0.33821542 -132.29574 0.0050481686 0.99998723 -0.00021693764 -12.389084 0.33821218 -0.0015032182 0.94106869 150.69154
0.9468932 -0.0013100836 -0.32154556 -132.63509 0.0016184102 0.99999845 0.00069159675 -12.407758 0.32154418 -0.0011752611 0.94689385 151.67143
0.95310774 0.0025952504 -0.30262004 -132.96263 -0.0014847445 0.99999129 0.0038996304 -12.408127 0.30262755 -0.0032674548 0.9531033 152.6595
0.95925691 0.0054249717 -0.28248317 -133.29055 -0.0040412005 0.99997681 0.0054810224 -12.421013 0.28250638 -0.0041161378 0.95925659 153.69286
0.96534085 0.0072839142 -0.26089075 -133.56058 -0.005819745 0.99996268 0.0063843012 -12.437369 0.26092754 -0.0046447094 0.96534722 154.76133
0.97054942 0.0084567233 -0.24075363 -133.85576 -0.0068651835 0.99994869 0.0074486517 -12.433269 0.24080429 -0.005576467 0.97055768 155.80924
0.97591821 0.0094149769 -0.21793347 -134.09939 -0.0073354761 0.99991954 0.010349007 -12.451049 0.21801339 -0.0085011391 0.97590875 156.87566
0.98054375 0.011310384 -0.19597454 -134.29916 -0.0087939609 0.9998674 0.01370597 -12.441077 0.19610359 -0.011715911 0.98051319 157.9413
0.98467607 0.013117072 -0.1738993 -134.51658 -0.010183862 0.99979061 0.017748895 -12.456041 0.17409572 -0.015705947 0.98460348 159.0502
0.98851481 0.015024429 -0.15037533 -134.74295 -0.011932643 0.99969889 0.021441763 -12.441116 0.15065221 -0.019401125 0.98839643 160.20255
0.99161368 0.016102128 -0.12823035 -134.84458 -0.013454869 0.99967865 0.021484162 -12.430429 0.1285351 -0.019578667 0.99151168 161.32187
0.99427667 0.016436703 -0.10556395 -135.00266 -0.014440282 0.99970266 0.019648576 -12.426734 0.10585552 -0.018011748 0.99421838 162.49248
0.99628368 0.016303753 -0.084575513 -135.11041 -0.014816636 0.99972492 0.018181343 -12.41518 0.084848679 -0.016860651 0.99625118 163.66313
0.99775251 0.014874417 -0.06533508 -135.18667 -0.013606489 0.99971119 0.019808861 -12.414041 0.065610862 -0.018875361 0.99766675 164.82756
0.99888919 0.015201142 -0.044601742 -135.24733 -0.014239226 0.99966082 0.021805832 -12.407544 0.044918091 -0.021146516 0.99876683 166.00768
0.99960509 0.015877881 -0.02318534 -135.29475 -0.015345527 0.99961858 0.022961049 -12.400122 0.023541071 -0.022596191 0.99946747 167.23383
0.9998469 0.017173605 -0.0033528953 -135.29302 -0.017090716 0.9995811 0.023356601 -12.391228 0.0037526081 -0.023295722 0.99972157 168.41676
0.99969285 0.017433744 0.017614731 -135.32136 -0.017854704 0.99955177 0.024030379 -12.377018 -0.017187897 -0.024337504 0.99955603 169.65582
0.99910436 0.019529118 0.037537747 -135.27442 -0.020427681 0.99951027 0.023704912 -12.364899 -0.037056431 -0.024450491 0.99901401 170.8812
0.99808305 0.020698677 0.058324823 -135.23471 -0.022033707 0.9995076 0.022340114 -12.354264 -0.057833698 -0.023582402 0.99804766 172.13936
0.99688482 0.02129675 0.075941436 -135.12402 -0.022899588 0.99953169 0.020298195 -12.345322 -0.075473593 -0.021973991 0.99690565 173.51049
0.99527502 0.022774578 0.094387257 -135.0308 -0.024544022 0.99954332 0.017628155 -12.338764 -0.093942686 -0.019861506 0.99537947 174.72824
0.99319337 0.023300094 0.11412293 -134.88904 -0.025259723 0.99955676 0.015755122 -12.332289 -0.11370526 -0.018530596 0.9933417 176.03195
0.99098833 0.023520169 0.1318671 -134.68565 -0.025454048 0.99959148 0.012998711 -12.340134 -0.1315075 -0.016238123 0.99118217 177.35076
0.98814413 0.024438931 0.15157151 -134.49323 -0.025891551 0.99963574 0.0076172215 -12.333739 -0.15133015 -0.011451334 0.98841694 178.61585
0.98531848 0.025814573 0.16876345 -134.34054 -0.026385132 0.9996512 0.0011387993 -12.354878 -0.1686752 -0.0055749259 0.98565592 179.91806
0.98187482 0.028809793 0.18732816 -134.05882 -0.028485223 0.99958442 -0.0044248496 -12.363146 -0.1873778 -0.00099143579 0.98228742 181.2348
0.97834358 0.030493725 0.20472903 -133.84506 -0.029469592 0.99953326 -0.0080501922 -12.399538 -0.20487897 0.0018425732 0.97878558 182.52215
0.9745925 0.032804918 0.22157006 -133.56481 -0.031075806 0.99945331 -0.011286444 -12.4236 -0.2218192 0.004114216 0.97507914 183.87167
0.97060153 0.03234698 0.23850856 -133.23618 -0.030590343 0.99947077 -0.011063874 -12.458755 -0.23874024 0.0034425543 0.97107737 185.19542
0.9664586 0.031420482 0.25489316 -132.85374 -0.02932788 0.99949773 -0.012007069 -12.488404 -0.25514243 0.0041288596 0.96689467 186.61316
0.96187593 0.03096248 0.27172785 -132.51135 -0.027588519 0.99948761 -0.016229051 -12.542808 -0.27209113 0.0081137648 0.96223728 187.88939
0.95717663 0.032179321 0.28771058 -132.12725 -0.027486421 0.99941528 -0.020336918 -12.583672 -0.2881968 0.011557889 0.95750145 189.24646
0.95169453 0.034612396 0.30508934 -131.73 -0.029563176 0.99933901 -0.021155792 -12.626018 -0.30561996 0.011114442 0.95208871 190.61906
0.94597632 0.036316653 0.32219542 -131.2857 -0.031054869 0.99928733 -0.021457793 -12.68074 -0.3227451 0.010292828 0.94642996 191.89986
0.93960826 0.040251029 0.33987669 -130.81998 -0.033898229 0.99912222 -0.024610818 -12.717881 -0.34056899 0.01160331 0.94014793 193.25903
0.93288364 0.041426862 0.35778754 -130.33656 -0.033585042 0.99904057 -0.028106575 -12.786517 -0.35860866 0.014203855 0.93337993 194.59306
0.92673585 0.042138958 0.37334295 -129.83471 -0.032884733 0.99897439 -0.031124948 -12.834535 -0.37427165 0.016567322 0.92717111 195.91265
0.91897547 0.042502025 0.39201741 -129.28721 -0.030944195 0.99888131 -0.0357574 -12.913657 -0.39309866 0.020729511 0.91926261 197.27823
0.911071 0.045686698 0.40971007 -128.69516 -0.03134093 0.99863994 -0.041665441 -12.997201 -0.41105643 0.025119481 0.91126376 198.60807
0.90124349 0.04910599 0.4305215 -128.13414 -0.032863569 0.99844231 -0.045088159 -13.072287 -0.43206501 0.026486938 0.90145343 199.8696
0.88950825 0.051956444 0.45395549 -127.45864 -0.034401209 0.99830932 -0.046851388 -13.150088 -0.45562226 0.02605808 0.88979174 201.23075
0.87671194 0.056409128 0.47769673 -126.77283 -0.037373775 0.9980861 -0.049267939 -13.243775 -0.47956167 0.025340461 0.87714223 202.50676
0.86239694 0.060650665 0.5025863 -126.06608 -0.039563737 0.99783543 -0.05252777 -13.339533 -0.50468431 0.025415597 0.86292979 203.79244
0.84711984 0.06404317 0.5275286 -125.33477 -0.040914618 0.99762492 -0.055412121 -13.444757 -0.52982449 0.025357077 0.84772817 205.06935
0.83263112 0.065897119 0.54989358 -124.50728 -0.040679553 0.99749093 -0.057939788 -13.551047 -0.55233198 0.025873047 0.83322266 206.36883
0.815944 0.067130139 0.57422026 -123.69441 -0.039656608 0.99739515 -0.060251627 -13.658631 -0.57676925 0.026390327 0.81648075 207.61943
0.80119428 0.068974612 0.59441585 -122.80341 -0.037758208 0.99718253 -0.064817617 -13.773804 -0.59721192 0.029487428 0.80154129 208.82773
0.78483479 0.07179658 0.61553194 -121.92283 -0.036446807 0.99689443 -0.069807733 -13.905607 -0.61863237 0.032353365 0.78501419 210.00654
0.76799408 0.073426575 0.63623392 -120.98745 -0.034379896 0.99670042 -0.073527583 -14.033401 -0.63953354 0.034595094 0.76798442 211.15063
0.75217091 0.075098764 0.65467477 -120.02213 -0.032725779 0.99651604 -0.076712508 -14.169282 -0.65815498 0.036276177 0.75200804 212.31729
0.73683719 0.075808331 0.67180653 -119.02587 -0.03112952 0.99644384 -0.07829837 -14.306622 -0.6753532 0.036780138 0.73657675 213.4279
0.72050351 0.076112567 0.68926158 -117.97552 -0.028905071 0.99639072 -0.079812442 -14.452256 -0.69284863 0.037581991 0.72010305 214.61205
0.7057303 0.076770429 0.70430888 -116.96889 -0.026279506 0.99626425 -0.082261337 -14.594597 -0.70799306 0.03954543 0.70511136 215.67686
0.69119864 0.078105251 0.7184316 -115.86849 -0.023417936 0.99604095 -0.085755668 -14.741411 -0.72228532 0.042450017 0.69029121 216.75233
0.67589527 0.080281998 0.732612 -114.78213 -0.021123501 0.99575115 -0.089629459 -14.904708 -0.73669494 0.045104798 0.67471933 217.76026
0.66145717 0.082945546 0.74538205 -113.63085 -0.020385386 0.99548661 -0.092686858 -15.062869 -0.74970587 0.046113488 0.66016263 218.76949
0.64554938 0.083288669 0.75916332 -112.4927 -0.018697069 0.99546114 -0.093314243 -15.232988 -0.76348966 0.046044825 0.64417658 219.81597
0.62913822 0.084692845 0.77266563 -111.30887 -0.019269129 0.99544015 -0.093421668 -15.399923 -0.7770546 0.04388655 0.6279014 220.82303
0.61175003 0.085690856 0.78639616 -110.10574 -0.021347064 0.99554175 -0.091874503 -15.563457 -0.79076309 0.039416981 0.61085194 221.732
0.59367474 0.086581112 0.80003372 -108.9241 -0.023678669 0.99564401 -0.09017937 -15.716242 -0.80435668 0.034593482 0.59313883 222.65687
0.5749498 0.087645994 0.8134807 -107.78245 -0.024911818 0.99566018 -0.089667254 -15.889178 -0.81780938 0.031288888 0.57463804 223.53679
0.55702134 0.091251755 0.82546973 -106.55896 -0.027342691 0.99542149 -0.091588451 -16.058096 -0.83004799 0.028446159 0.55696608 224.40763
0.53885345 0.094914238 0.83703535 -105.31412 -0.029660298 0.9951539 -0.093749587 -16.230839 -0.84187724 0.025690572 0.5390573 225.21893
0.52028637 0.094827428 0.84871066 -104.06543 -0.02961882 0.99522173 -0.093040008 -16.4042 -0.85347811 0.02326964 0.52060897 226.02737
0.49897055 0.093990594 0.86150688 -102.8442 -0.029993172 0.99537857 -0.091224476 -16.571853 -0.8660998 0.019679004 0.49948367 226.80063
0.47687635 0.091916793 0.87415112 -101.59521 -0.029575863 0.99563202 -0.088555937 -16.73075 -0.8784727 0.016376459 0.47751188 227.48597
0.45598868 0.090434841 0.8853789 -100.36955 -0.029636113 0.99581513 -0.086451857 -16.885378 -0.88949204 0.01318188 0.45676056 228.15976
0.4332829 0.08957693 0.89679532 -99.058971 -0.028767019 0.99591601 -0.085578993 -17.049322 -0.90079879 0.011281787 0.43409023 228.80555
