1 0 0 0 0 1 0 0 0 0 1 0
0.99992718 -0.0028476948 0.011727341 0.0025735989 0.0028335462 0.99999524 0.0012229159 -0.011532911 -0.011730769 -0.0011895969 0.99993048 0.31263934
0.99981938 -0.0045000038 0.018465231 0.016011898 0.0044744034 0.99998897 0.0014275089 -0.015619054 -0.018471453 -0.0013446302 0.99982848 0.60060967
0.99976893 -0.0076128709 0.020102866 0.032122297 0.0076164876 0.99997099 -0.00010332178 -0.015839288 -0.020101498 0.00025641117 0.99979791 0.8911656
0.99979652 -0.0089101419 0.018097636 0.03070616 0.0089365018 0.99995912 -0.0013761573 -0.021674384 -0.018084636 0.0015376069 0.99983528 1.197173
0.99986222 -0.011478856 0.011991053 0.033462929 0.011517671 0.99992864 -0.003172844 -0.023960143 -0.011953778 0.0033105159 0.99992307 1.5198466
0.99991662 -0.012909135 0.000340525 0.02085624 0.012910608 0.99990539 -0.0047469337 -0.033556584 -0.000279214 0.0047509344 0.99998868 1.8534314
0.9998 -0.012087746 -0.01593278 -0.0051514386 0.012008958 0.99991523 -0.0050314751 -0.041309833 0.01599225 0.0048391328 0.99986041 2.1735465
0.99937054 -0.0081912688 -0.034517172 -0.044627222 0.0080120449 0.99995371 -0.0053274533 -0.046077924 0.034559216 0.0050475468 0.99938991 2.5258604
0.99849727 -0.0043608308 -0.054627754 -0.080650472 0.0040112975 0.99997079 -0.0065064737 -0.052051333 0.054654537 0.0062775681 0.99848559 2.8699116
0.99727767 -0.0035970118 -0.073649923 -0.12743313 0.0030988373 0.99997155 -0.0068772426 -0.055067385 0.073672572 0.0066302915 0.99726044 3.236045
0.9954222 -0.0045972723 -0.095464735 -0.1792743 0.0040459405 0.99997401 -0.0059680057 -0.062412976 0.095489699 0.0055544408 0.99541492 3.6057659
0.99332438 -0.00614252 -0.11519091 -0.2320971 0.0055639919 0.99997025 -0.0053432061 -0.07133226 0.11522031 0.0046666156 0.993329 3.995473
0.99121624 -0.0053597925 -0.1321425 -0.31118718 0.0047712105 0.99997724 -0.0047703763 -0.077807778 0.13216507 0.0040979948 0.99121925 4.3931071
0.9889481 -0.0040223024 -0.14820752 -0.39434164 0.0034615821 0.99998584 -0.004041095 -0.085985518 0.14822169 0.0034834007 0.98894803 4.8122778
0.98680628 -0.0031121082 -0.1618755 -0.47276964 0.0024815219 0.99998853 -0.0040975399 -0.091979 0.16188641 0.0036417804 0.98680268 5.2206102
0.98469751 -0.0049404124 -0.17420219 -0.56695355 0.0041137039 0.9999785 -0.0051064369 -0.10237564 0.17422369 0.0043116794 0.98469666 5.6655419
0.98295184 -0.0077038098 -0.18370174 -0.65039644 0.0065221228 0.99995398 -0.0070359867 -0.1156289 0.18374751 0.0057179107 0.98295685 6.1054976
0.98152847 -0.007056059 -0.19118594 -0.74802196 0.0054496542 0.99994531 -0.0089268208 -0.12337407 0.19123849 0.0077200316 0.98151324 6.5588626
0.97994642 -0.0070465207 -0.19913652 -0.85810846 0.0049639447 0.99992767 -0.010955356 -0.12689197 0.19919933 0.0097471597 0.97991052 7.0382456
0.97828171 -0.0075608586 -0.20714181 -0.96523203 0.0048933207 0.99989841 -0.01338718 -0.13762003 0.207222 0.012082822 0.97821933 7.4978196
0.97670314 -0.01135236 -0.2142944 -1.0806761 0.0082480614 0.99984778 -0.01537476 -0.14935383 0.21443633 0.013249063 0.97664811 8.0284938
0.97476096 -0.017039337 -0.22259991 -1.1951146 0.013704578 0.99976966 -0.016517191 -0.16663933 0.2228301 0.013049675 0.97476995 8.5269879
0.97295557 -0.017839594 -0.2303024 -1.3273501 0.013947859 0.99973128 -0.018515456 -0.18853843 0.23057084 0.014802491 0.97294295 9.056964
0.97056654 -0.014114566 -0.24041914 -1.4861018 0.0088580294 0.99969781 -0.022930764 -0.19414031 0.24067017 0.020126192 0.97039828 9.5668737
0.96872496 -0.011402174 -0.24787485 -1.6378379 0.0050373544 0.99964149 -0.026296638 -0.21363001 0.24808585 0.024225576 0.9684351 10.121725
0.96618431 -0.013743987 -0.25748587 -1.7925772 0.0067496544 0.99958434 -0.028028194 -0.23430467 0.25776409 0.025342461 0.96587548 10.669913
0.96382994 -0.015812679 -0.2660485 -1.9610084 0.0081354436 0.99951877 -0.029933964 -0.26574378 0.26639383 0.026686829 0.96349476 11.228249
0.9618111 -0.015672925 -0.273265 -2.1277927 0.0070773128 0.99944951 -0.032412711 -0.28842513 0.2736226 0.029240924 0.96139256 11.805729
0.95943842 -0.015042786 -0.28151664 -2.3206884 0.0050095808 0.99932745 -0.036325684 -0.31176139 0.28187377 0.033441977 0.95886851 12.407722
0.95701919 -0.016106126 -0.28957704 -2.5075625 0.00437735 0.99914523 -0.041105298 -0.34188853 0.28999159 0.03807098 0.95627166 12.95529
0.95537248 -0.016885176 -0.29492084 -2.7033082 0.0027581537 0.99883141 -0.048251526 -0.38087563 0.29539096 0.045284743 0.95430262 13.584464
0.95415602 -0.017025674 -0.29882503 -2.9127549 0.00010720239 0.99840022 -0.056541944 -0.42097597 0.29930967 0.053917803 0.95263141 14.214775
0.95279489 -0.01723381 -0.30312521 -3.1127736 -0.0026652915 0.9978745 -0.065110571 -0.46323757 0.30360304 0.062844937 0.95072378 14.821571
0.95146986 -0.016480777 -0.30730031 -3.3433208 -0.0066702977 0.99722592 -0.074134793 -0.50992249 0.30766966 0.072586807 0.94872048 15.482086
0.95011862 -0.015653592 -0.3114957 -3.5662792 -0.010224084 0.99663973 -0.081269447 -0.56979588 0.31172117 0.080400374 0.94676592 16.111578
0.94850793 -0.014911451 -0.3164022 -3.8107847 -0.013562733 0.99606332 -0.087600872 -0.63195282 0.31646291 0.087381402 0.94457172 16.777978
0.94714476 -0.012961397 -0.32054454 -4.047782 -0.018139152 0.99542128 -0.093847959 -0.70596173 0.32029329 0.09470201 0.94257294 17.464469
0.94537491 -0.011400157 -0.32578569 -4.2931946 -0.022103526 0.99484657 -0.098953161 -0.77976467 0.32523489 0.10074885 0.940251 18.119239
0.94366262 -0.0087722067 -0.33079284 -4.5645207 -0.026666707 0.99438141 -0.10244264 -0.857059 0.32983293 0.10549244 0.93812664 18.830478
0.94203157 -0.0081423102 -0.33542542 -4.8112954 -0.028339998 0.99420209 -0.10372581 -0.93553749 0.33432525 0.10721894 0.93633901 19.496475
0.9397176 -0.0068310281 -0.34188326 -5.1042752 -0.030196832 0.99423676 -0.10286596 -1.0227119 0.34061562 0.10698875 0.93409551 20.221916
0.93757663 -0.007290016 -0.34770233 -5.3795204 -0.029780108 0.99442525 -0.1011512 -1.1057585 0.3465014 0.10519161 0.93213278 20.963112
0.93497838 -0.0069538484 -0.35463653 -5.6555342 -0.030312967 0.99458367 -0.099420527 -1.1916911 0.35340709 0.10370613 0.92970344 21.675839
0.93210951 -0.0071776191 -0.3621054 -5.9398907 -0.02963409 0.99493974 -0.09600385 -1.2746526 0.36096217 0.10021677 0.92718009 22.37434
0.92812587 -0.0037209831 -0.37224792 -6.2812131 -0.032487149 0.99532546 -0.090949467 -1.361029 0.37084629 0.096505828 0.92366643 23.197717
0.92491646 -0.001319978 -0.38016811 -6.6017976 -0.033704571 0.99577155 -0.085457737 -1.4440723 0.37867342 0.091854671 0.92096101 23.927623
0.92193329 0.0010830665 -0.38734715 -6.9344261 -0.035494196 0.9960251 -0.081695494 -1.5181338 0.38571904 0.089066373 0.91830715 24.668197
0.91836113 0.0018492363 -0.39573906 -7.2702089 -0.036259212 0.99617608 -0.079488951 -1.5930023 0.39407883 0.08734875 0.91491644 25.416162
0.91409093 0.0027102663 -0.4055002 -7.6360001 -0.037955702 0.99615948 -0.078902803 -1.6763654 0.40372906 0.087515383 0.91068322 26.205674
0.91073774 0.0031245853 -0.41297335 -7.9856811 -0.038677054 0.99622177 -0.07775773 -1.7409696 0.41117011 0.086789493 0.90741762 26.914112
0.90630775 0.0041043388 -0.42259839 -8.3769066 -0.040015154 0.99629383 -0.076140645 -1.8146746 0.4207197 0.085917198 0.90311305 27.701672
0.90266618 0.004531263 -0.43031758 -8.7709101 -0.040161344 0.99646757 -0.073752569 -1.8934326 0.42846336 0.083856083 0.89965956 28.483534
0.89924003 0.0044296512 -0.43743312 -9.1615016 -0.038799988 0.99681542 -0.06966769 -1.9657492 0.43573151 0.079620377 0.89654819 29.266422
0.89478807 0.0059335608 -0.44645165 -9.5503902 -0.038675003 0.99718347 -0.064260218 -2.0272179 0.44481295 0.074765797 0.89249736 30.061435
0.89118406 0.0044678253 -0.45361988 -9.9772278 -0.03550093 0.99757169 -0.059919958 -2.0920599 0.45225068 0.06950364 0.8891786 30.848972
0.88821785 0.0049150496 -0.45939622 -10.413806 -0.035401549 0.99770189 -0.057772637 -2.1620038 0.45805655 0.067578025 0.88635062 31.695459
0.8850518 0.0058561972 -0.46545569 -10.880397 -0.036403308 0.99772926 -0.056666857 -2.2268322 0.46406695 0.067097232 0.88325526 32.518807
0.8814178 0.0056604701 -0.47230351 -11.300675 -0.035730272 0.99786219 -0.054721012 -2.2810114 0.47098411 0.065107608 0.87973575 33.312727
0.87821416 0.0038991139 -0.47825168 -11.791373 -0.033576077 0.99800217 -0.053519226 -2.3454269 0.47708758 0.063059158 0.87659056 34.173051
0.87629098 0.0031489822 -0.48177191 -12.266363 -0.03292922 0.99803165 -0.053371299 -2.4087373 0.48065559 0.062633163 0.87466983 35.014792
0.87404893 0.0023683354 -0.48583211 -12.737793 -0.032638258 0.9980153 -0.053853577 -2.469632 0.48474038 0.062927376 0.8723915 35.847209
0.87319002 0.0023092048 -0.48737442 -13.233864 -0.033054785 0.99796687 -0.05449321 -2.5308278 0.48625773 0.063692985 0.87149105 36.739315
0.87279303 0.0030326981 -0.48808105 -13.739641 -0.033472672 0.99799835 -0.053655196 -2.5905444 0.4869414 0.063167259 0.87114751 37.584687
0.87250542 0.0028985348 -0.48859582 -14.243221 -0.032448207 0.9981186 -0.052022862 -2.6560529 0.48752582 0.061244288 0.87095794 38.492302
0.87205392 0.00092220196 -0.48940892 -14.75242 -0.029893271 0.99823146 -0.051384373 -2.716677 0.48849603 0.059439978 0.87053922 39.37929
0.87181324 -0.00037660132 -0.48983826 -15.251656 -0.028959113 0.99821098 -0.052308824 -2.7818753 0.48898167 0.059788807 0.87024264 40.286172
0.87055642 -0.001914208 -0.49206486 -15.803307 -0.027666827 0.99822013 -0.05283111 -2.8485744 0.49129022 0.059606336 0.86895398 41.191198
0.86892736 -0.0035328965 -0.494927 -16.301815 -0.024942726 0.99839132 -0.050917869 -2.9109991 0.49431075 0.056588759 0.86744142 42.097383
0.86725919 -0.0025539525 -0.49785034 -16.881591 -0.024175236 0.99859116 -0.047236181 -2.9806344 0.49726962 0.053001662 0.86597562 43.050384
0.86364546 -0.0037521396 -0.50408573 -17.399498 -0.020779977 0.99885735 -0.043037091 -3.0411495 0.50367126 0.047643679 0.86258064 43.948587
0.86077933 -0.0049739881 -0.50895401 -17.948467 -0.018507715 0.99898507 -0.041064608 -3.102881 0.50864175 0.044767142 0.85981364 44.862693
0.85481434 -0.00816084 -0.51886975 -18.518321 -0.016620677 0.9989328 -0.043093133 -3.162543 0.51866773 0.045460595 0.85376644 45.755497
0.85050399 -0.01019793 -0.52586969 -19.090685 -0.016815063 0.99877376 -0.0465642 -3.2314106 0.52569975 0.048445571 0.8492896 46.650377
0.84383309 -0.0097051495 -0.53651794 -19.669399 -0.017882914 0.99877245 -0.046193105 -3.2981544 0.53630769 0.048573775 0.84262369 47.562534
0.83887092 -0.005898542 -0.54429841 -20.274457 -0.01979533 0.99894927 -0.041334072 -3.3541206 0.54397035 0.045448518 0.83787273 48.471611
0.83372254 -0.0058487386 -0.5521526 -20.838336 -0.017279298 0.99917786 -0.036674769 -3.4091005 0.5519132 0.040117391 0.83293604 49.32634
0.82970636 -0.0037156726 -0.55818771 -21.470871 -0.021033575 0.99905957 -0.037915325 -3.4707527 0.5578037 0.04319927 0.82884793 50.225979
0.82651065 -0.0067709951 -0.56288034 -22.067994 -0.020569846 0.99889657 -0.042219841 -3.5252331 0.56254516 0.046473511 0.82545937 51.069453
0.82341597 -0.0072497955 -0.56739188 -22.667236 -0.025180982 0.99846648 -0.049301197 -3.5953132 0.56687925 0.054882878 0.82197069 51.933387
0.8214004 -0.0087494568 -0.57028484 -23.335271 -0.024642113 0.99840425 -0.050810634 -3.6617128 0.56981943 0.055788899 0.81987404 52.838034
0.81817901 -0.0064404331 -0.57492747 -23.927417 -0.025344161 0.99856136 -0.04725331 -3.7266533 0.57440474 0.053232722 0.81683872 53.666547
0.81552827 -0.004367351 -0.57870073 -24.582427 -0.024269853 0.99883369 -0.041740066 -3.7904934 0.57820813 0.048085186 0.81447112 54.555402
0.81187581 -0.0032838032 -0.58382092 -25.22475 -0.023743657 0.99897117 -0.038637403 -3.8490026 0.58334719 0.045230816 0.81096255 55.417494
0.80875693 -0.0022541346 -0.58813869 -25.830877 -0.025636938 0.99890707 -0.039082144 -3.9064792 0.58758404 0.046686031 0.80781523 56.272166
0.80517779 -0.0029312859 -0.59302623 -26.496872 -0.026510341 0.99881021 -0.0409313 -3.9651906 0.59244068 0.048678302 0.80414208 57.13011
0.80127149 -0.0053868464 -0.59827665 -27.14448 -0.025710231 0.99872576 -0.043426157 -4.0287732 0.59774829 0.050177973 0.80011198 58.006514
0.7974796 -0.0049410791 -0.60332566 -27.790241 -0.026975703 0.9986745 -0.043835531 -4.0896249 0.60274259 0.051233076 0.79628925 58.811101
0.79342287 -0.0073830768 -0.608626 -28.467346 -0.023747748 0.99878959 -0.043074311 -4.1523015 0.60820739 0.048629641 0.79228717 59.698505
0.78894127 -0.0062362343 -0.61443693 -29.140617 -0.025192161 0.99877949 -0.04248403 -4.2158552 0.61395199 0.048996399 0.78782126 60.53723
0.78269081 -0.0097604568 -0.62233415 -29.811773 -0.021607951 0.9988482 -0.042841226 -4.2726997 0.62203555 0.0469788 0.7815784 61.361981
0.77719731 -0.010749302 -0.62916513 -30.49028 -0.021762732 0.99879677 -0.04394761 -4.3339519 0.62888056 0.047848317 0.77602823 62.186899
0.77226593 -0.0086146094 -0.63524097 -31.201766 -0.025699201 0.998666 -0.044785734 -4.4022938 0.63477942 0.050911682 0.77101434 63.030615
0.7675601 -0.012320999 -0.64085853 -31.919485 -0.022223042 0.99870261 -0.045817496 -4.4628623 0.64059166 0.049409508 0.76629046 63.879195
0.76209503 -0.014194783 -0.64730953 -32.594053 -0.021452939 0.99865711 -0.047156571 -4.5306303 0.6471097 0.049824481 0.76076711 64.689593
0.75624519 -0.014138454 -0.65413552 -33.389122 -0.022096689 0.9986443 -0.0471306 -4.6014549 0.65391512 0.050096519 0.75490754 65.531159
0.75053957 -0.013585171 -0.66068582 -34.119758 -0.022045478 0.99871743 -0.045579531 -4.6665317 0.66045771 0.048774377 0.74927746 66.362978
0.74458381 -0.017065521 -0.66731078 -34.876131 -0.017294315 0.99884443 -0.044840975 -4.7285921 0.66730495 0.044928547 0.74342826 67.154085
0.73752172 -0.016327052 -0.67512599 -35.631619 -0.019623735 0.99876741 -0.045591277 -4.7989468 0.67503827 0.046873051 0.73629226 68.001381
0.73073942 -0.020747228 -0.68234113 -36.373908 -0.015511547 0.99877536 -0.046980486 -4.864483 0.68248028 0.04491466 0.72952271 68.790354
0.72473622 -0.018210026 -0.68878572 -37.162297 -0.019214624 0.9987278 -0.046621745 -4.9340258 0.68875849 0.047023226 0.72346431 69.590302
0.72038521 -0.017361464 -0.69335682 -37.917721 -0.02047494 0.99871861 -0.046280729 -5.0001868 0.69327193 0.047536393 0.71910665 70.45864
0.71516092 -0.017899378 -0.69873059 -38.748165 -0.019899795 0.99874539 -0.045952584 -5.0656175 0.69867654 0.046768087 0.71390748 71.215549
0.71139481 -0.018704814 -0.7025436 -39.560542 -0.019938233 0.99870624 -0.046779401 -5.1356623 0.70250974 0.047286101 0.71010149 72.008913
0.70636468 -0.020160223 -0.70756092 -40.383471 -0.021112642 0.99854956 -0.049528179 -5.2098898 0.70753321 0.049923437 0.7049145 72.797
0.7019622 -0.023396081 -0.71182979 -41.204904 -0.019726823 0.99843815 -0.052269549 -5.2780311 0.71194098 0.050733389 0.70040431 73.585062
0.69783183 -0.022138412 -0.71591939 -42.034339 -0.0227341 0.99833404 -0.05303126 -5.3520205 0.71590079 0.053282686 0.69616598 74.389414
0.6907189 -0.022088845 -0.72278589 -42.872949 -0.022127888 0.99841963 -0.05165857 -5.4317445 0.72278475 0.051675276 0.68913853 75.194174
0.6877828 -0.023652554 -0.72553107 -43.734981 -0.019074646 0.99853506 -0.050634796 -5.4989783 0.72566591 0.048664991 0.68632408 75.954772
0.68218979 -0.024249014 -0.7307729 -44.603066 -0.018949205 0.99852788 -0.050823272 -5.580237 0.73092959 0.048518683 0.68072603 76.778918
0.68005226 -0.024532729 -0.73275304 -45.454823 -0.01946761 0.99848339 -0.051496905 -5.6543523 0.73290516 0.049285538 0.6785433 77.538027
0.67541363 -0.024309091 -0.73703829 -46.352341 -0.020002149 0.99848492 -0.0512619 -5.7367144 0.73716781 0.049365337 0.67390409 78.349332
0.67101826 -0.025387537 -0.74100602 -47.210869 -0.018544127 0.99852632 -0.051003054 -5.804455 0.74120892 0.04796529 0.6695586 79.136875
0.66772923 -0.028996651 -0.74383925 -48.091878 -0.014526611 0.9985432 -0.051965866 -5.8836153 0.74426252 0.045504591 0.66633526 79.908367
0.66344253 -0.032108809 -0.74753795 -48.999274 -0.013438486 0.99840631 -0.054810995 -5.9715292 0.74810659 0.046409723 0.66195371 80.711155
0.65774985 -0.037842241 -0.75228522 -49.87309 -0.0072192839 0.99837461 -0.056533365 -6.0426692 0.75320187 0.042615773 0.65640756 81.476018
0.65164341 -0.041959795 -0.75736397 -50.800309 -0.0016448239 0.9983883 -0.056728347 -6.1250579 0.7585237 0.038212385 0.65052414 82.253822
0.64251488 -0.045918155 -0.76489614 -51.742397 0.0034181653 0.99836476 -0.057062448 -6.2154669 0.76626562 0.03404893 0.64162117 83.049881
0.63509001 -0.046612513 -0.77103041 -52.631192 0.0055080949 0.9984255 -0.055822682 -6.2988036 0.77241853 0.031205519 0.63434681 83.79298
0.62469879 -0.046000957 -0.77950965 -53.612195 0.0071994024 0.99856016 -0.053158117 -6.3763545 0.78083266 0.027595807 0.6241305 84.556958
0.61632615 -0.044686533 -0.78622207 -54.574902 0.0053484148 0.99860318 -0.052564978 -6.4594872 0.78747287 0.028192129 0.61570426 85.274684
0.60862731 -0.044806405 -0.79219008 -55.505375 0.0017511165 0.99847772 -0.055128713 -6.539291 0.79345433 0.032165624 0.60777928 86.0042
0.59593488 -0.049139481 -0.80152784 -56.548757 0.0059037091 0.99836711 -0.056817758 -6.6219195 0.8030111 0.029127696 0.59525189 86.699366
0.5889109 -0.049546376 -0.80667779 -57.570473 0.0042315086 0.99829444 -0.058226333 -6.7135468 0.80818692 0.030876658 0.58811613 87.466939
0.5788178 -0.051351488 -0.81383839 -58.532214 0.0083366873 0.99833573 -0.057063667 -6.7953581 0.81541432 0.02624475 0.5782826 88.136649
0.56937738 -0.051325378 -0.82047246 -59.564863 0.0096902272 0.99839879 -0.055731059 -6.8802841 0.8220192 0.023781439 0.56896304 88.85783
0.55789785 -0.051944376 -0.82828238 -60.571235 0.010344062 0.99839701 -0.055645491 -6.9644851 0.82984519 0.022476695 0.55754086 89.531952
0.54732591 -0.052397079 -0.8352777 -61.615594 0.0081718146 0.99832526 -0.057270392 -7.0563264 0.8368797 0.024519835 0.54683746 90.221239
0.53860418 -0.053794081 -0.84083986 -62.705194 0.0081628874 0.99824608 -0.058635618 -7.1414038 0.84251941 0.024717708 0.53809863 90.866184
0.52916733 -0.053919794 -0.84680253 -63.729119 0.0060501383 0.99819331 -0.059778803 -7.2300988 0.84849596 0.026509717 0.52853751 91.539132
0.51930523 -0.054499236 -0.85284925 -64.839681 0.0060289913 0.99817327 -0.06011472 -7.3218937 0.8545676 0.026076068 0.51868518 92.165306
0.51080818 -0.052313147 -0.85810156 -65.91451 0.0047752877 0.99830413 -0.058017811 -7.4128845 0.85968149 0.02553829 0.51019172 92.811533
0.50421014 -0.050135862 -0.86212439 -67.011299 0.0044475292 0.99845086 -0.055462652 -7.5059659 0.86356958 0.024130508 0.50365203 93.41133
0.495709 -0.050994552 -0.86699024 -68.126009 0.0053913166 0.99843615 -0.055643394 -7.5951211 0.86847198 0.022908712 0.49520872 94.060604
0.48925935 -0.053840306 -0.87047484 -69.237093 0.0064926062 0.99828985 -0.058096639 -7.6871901 0.87211421 0.022772673 0.48877221 94.657846
0.4826688 -0.057826446 -0.87389179 -70.32317 0.0097826666 0.99811158 -0.060643043 -7.77642 0.87574836 0.020721513 0.48232302 95.273326
0.4770622 -0.060202726 -0.87680512 -71.476063 0.010712276 0.99797531 -0.06269399 -7.8719152 0.87880428 0.020516354 0.47674121 95.878813
0.47098151 -0.063611911 -0.8798465 -72.557688 0.012227213 0.99777157 -0.065592538 -7.9724321 0.88205837 0.020134802 0.47070976 96.442676
0.46649291 -0.065074359 -0.8821279 -73.716504 0.015004356 0.99772875 -0.065667499 -8.0748448 0.88439771 0.017397661 0.46640978 97.038069
0.46030523 -0.062742508 -0.88554074 -74.802864 0.016600474 0.99793331 -0.062076821 -8.1735961 0.88760554 0.013873889 0.46039548 97.664808
0.45587276 -0.060287512 -0.88800078 -75.928316 0.019351575 0.99813885 -0.057830414 -8.2781358 0.8898346 0.0091790958 0.45619097 98.240553
0.45245092 -0.061490844 -0.88966678 -77.060662 0.022923097 0.99809225 -0.057327036 -8.368502 0.89149468 0.0055437522 0.45299732 98.788244
0.44961318 -0.060360494 -0.89118154 -78.199438 0.022348286 0.99816198 -0.056331358 -8.4666807 0.89294379 0.0054109408 0.45013573 99.369005
0.44839853 -0.05971301 -0.89183689 -79.317139 0.024985574 0.99821347 -0.054273194 -8.5583014 0.8934845 0.0020529631 0.44908942 99.910864
0.44451408 -0.059064875 -0.89382241 -80.398429 0.026964998 0.99825387 -0.052555651 -8.644099 0.89536595 -0.00074019387 0.44533058 100.47443
0.44221645 -0.059540559 -0.89492986 -81.518133 0.028523277 0.99822303 -0.052318395 -8.7370142 0.89645474 -0.0023902778 0.44312894 101.01714
0.43890993 -0.059581015 -0.89655346 -82.623316 0.030525839 0.99821188 -0.05139279 -8.8226545 0.89801243 -0.0048112417 0.43994386 101.54702
0.43817614 -0.059418165 -0.89692312 -83.659865 0.034069666 0.99819372 -0.049482864 -8.9081009 0.89824328 -0.0088756611 0.43940903 102.10819
0.43729426 -0.05928884 -0.89736197 -84.768473 0.036944814 0.99816648 -0.0479454 -8.9907685 0.89855934 -0.012186624 0.43868289 102.6251
0.43383644 -0.060798208 -0.89893796 -85.883092 0.039749472 0.99804079 -0.048317375 -9.0816063 0.90011443 -0.014770472 0.43540316 103.13337
0.43629759 -0.060644006 -0.89775645 -86.832721 0.038666697 0.99806821 -0.048628632 -9.1519212 0.89897128 -0.013496723 0.43779966 103.59649
0.43524329 -0.061684735 -0.8981972 -87.911881 0.0386434 0.99801065 -0.049813941 -9.2389617 0.89948321 -0.013028211 0.43676115 104.10482
0.43627591 -0.06383772 -0.89754555 -88.963923 0.040250939 0.99786626 -0.051407969 -9.3283456 0.89891227 -0.013698994 0.43791454 104.62375
0.43889553 -0.062784648 -0.89634186 -89.94568 0.037116003 0.99797118 -0.051729395 -9.4069632 0.89777123 -0.010564828 0.4403354 105.08902
0.44291117 -0.062854264 -0.89435953 -90.985906 0.03560002 0.99798581 -0.052506868 -9.4933583 0.89585847 -0.0085833395 0.44425667 105.61424
0.44796388 -0.06380388 -0.89177203 -91.972292 0.035134905 0.99793609 -0.053750314 -9.5727866 0.89336105 -0.0072541271 0.44928107 106.09868
0.45436026 -0.063018603 -0.88858615 -92.97207 0.032347961 0.99800393 -0.054238057 -9.6541169 0.89023055 -0.0041003329 0.45549185 106.59527
0.46018335 -0.061704442 -0.88567702 -93.967925 0.030910641 0.99809063 -0.053475547 -9.7384361 0.88728568 -0.0027682891 0.46121201 107.11005
0.4691448 -0.060810679 -0.88102506 -94.903931 0.030666534 0.99814653 -0.05256482 -9.8134243 0.88258869 -0.0023574733 0.47014011 107.63887
0.47785126 -0.060073255 -0.87638423 -95.93822 0.029584285 0.99819353 -0.052291958 -9.8929729 0.87794249 -0.00093942305 0.47876526 108.13039
0.48601767 -0.059796011 -0.87190091 -96.884933 0.029164748 0.99821062 -0.05220138 -9.9711003 0.87346225 -5.7978009e-05 0.48689193 108.67392
0.49767474 -0.061253942 -0.8651981 -97.846256 0.03001493 0.99812203 -0.053399605 -10.048619 0.86684429 0.00060677363 0.49857865 109.20226
0.50717242 -0.062915604 -0.85954505 -98.789671 0.028419833 0.99801036 -0.056281715 -10.130439 0.86137594 0.0041164065 0.50795139 109.75838
0.51753676 -0.061473473 -0.85344985 -99.702214 0.023377379 0.99805945 -0.057713441 -10.208179 0.8553416 0.0099174068 0.51796954 110.32113
0.53043977 -0.060854287 -0.84553554 -100.63155 0.022980678 0.99808577 -0.057416786 -10.293097 0.84741111 0.011025166 0.53082286 110.88432
0.54313696 -0.058059578 -0.83763433 -101.54243 0.021046598 0.99823437 -0.055544383 -10.369794 0.83938033 0.012538854 0.54339995 111.4408
0.55389275 -0.056151378 -0.83069235 -102.46555 0.021037432 0.99834853 -0.053456813 -10.446742 0.83232223 0.012133707 0.5541593 112.06665
0.56645481 -0.054876147 -0.82226364 -103.3341 0.019952255 0.9984012 -0.052886153 -10.526867 0.82385127 0.013551601 0.56664407 112.64222
0.57693478 -0.055534072 -0.8149001 -104.21406 0.020663095 0.998359 -0.053407385 -10.603518 0.81652884 0.01397422 0.57713554 113.26373
0.5893633 -0.05594521 -0.80592865 -105.04709 0.019639481 0.99829667 -0.054936785 -10.677557 0.8076294 0.016549704 0.58945815 113.86422
0.59882532 -0.058128451 -0.79876734 -105.85983 0.02250153 0.99818995 -0.055771873 -10.751873 0.80056353 0.015424123 0.5990494 114.48289
0.6103643 -0.058452684 -0.78996117 -106.71919 0.024089689 0.99818208 -0.055246937 -10.841286 0.79175448 0.014690839 0.61066281 115.13293
0.62213145 -0.056256691 -0.78088897 -107.53147 0.02268219 0.9982915 -0.053847953 -10.910179 0.7825842 0.015788232 0.62234457 115.77142
0.63016704 -0.05420476 -0.77456523 -108.29934 0.023810785 0.99844019 -0.050499865 -10.983161 0.77609445 0.013380344 0.63047476 116.40088
0.64141656 -0.053287654 -0.76533991 -109.07347 0.023784996 0.99848656 -0.049587008 -11.058007 0.76682405 0.013602321 0.64171326 117.04346
0.65063573 -0.05170484 -0.75762768 -109.83907 0.020354052 0.99850831 -0.050664251 -11.1284 0.75911719 0.017543178 0.65071759 117.69945
0.65925477 -0.05143374 -0.75015843 -110.60585 0.01908608 0.99848096 -0.051686444 -11.197458 0.7516774 0.019756951 0.65923501 118.34396
0.66986178 -0.050001154 -0.74080026 -111.33316 0.017783743 0.99852413 -0.051315733 -11.268914 0.74227284 0.021200247 0.66976236 119.03527
0.67790115 -0.048494746 -0.7335518 -112.04574 0.017755982 0.99861088 -0.04960874 -11.334874 0.73493864 0.020604888 0.67782054 119.66838
0.68574337 -0.047824366 -0.72627048 -112.74977 0.019342808 0.99868398 -0.047499144 -11.398679 0.72758637 0.018524112 0.68576597 120.32163
0.69543566 -0.046678152 -0.71707067 -113.43645 0.01875229 0.99872702 -0.046826237 -11.470431 0.71834367 0.019117918 0.69542571 121.00292
0.70274179 -0.045505902 -0.70998814 -114.10367 0.017451187 0.99875459 -0.046740994 -11.530583 0.71123096 0.020456714 0.70266072 121.66305
0.71029442 -0.044039979 -0.70252564 -114.78173 0.016297833 0.99880226 -0.046134931 -11.596828 0.70371604 0.021319738 0.71016142 122.34204
0.71715613 -0.041307933 -0.69568721 -115.44377 0.015422091 0.99893804 -0.043416091 -11.656004 0.69674191 0.020407164 0.71703159 123.00293
0.72460216 -0.040439923 -0.68797985 -116.08212 0.016795562 0.99901661 -0.041033259 -11.718789 0.68896274 0.01817778 0.72456881 123.67135
0.73131182 -0.038369882 -0.68096309 -116.71317 0.015398014 0.99909066 -0.039758751 -11.775801 0.68186946 0.018590565 0.73123763 124.33937
0.73872293 -0.037048002 -0.67299022 -117.32351 0.014064227 0.99911808 -0.039563371 -11.835031 0.6738625 0.019761282 0.73859249 125.03394
0.7464484 -0.034513516 -0.66454764 -117.92466 0.012104091 0.99919307 -0.038297611 -11.885094 0.66533324 0.020543445 0.74626382 125.68106
0.75595972 -0.031642238 -0.65385291 -118.52216 0.011178517 0.99930943 -0.035435917 -11.934424 0.65452271 0.01947902 0.75579139 126.36496
0.76420162 -0.027738506 -0.64438065 -119.07911 0.008843907 0.9994315 -0.03253389 -11.980055 0.64491681 0.019163609 0.7640125 127.00166
0.77471121 -0.025557778 -0.63179847 -119.6205 0.0072421361 0.99947591 -0.031550914 -12.027248 0.63227377 0.019867276 0.77449029 127.66794
0.78342635 -0.025225589 -0.62097246 -120.15182 0.0064634591 0.99945259 -0.032446102 -12.074511 0.62145105 0.021405501 0.78316054 128.33505
0.79303779 -0.02614652 -0.60861104 -120.66541 0.0069706029 0.99940253 -0.033852405 -12.123393 0.60913259 0.02260385 0.79274623 129.01177
0.80259355 -0.024811358 -0.59601004 -121.17179 0.0060837657 0.99942313 -0.033412616 -12.17017 0.59649528 0.023190764 0.8022815 129.6921
0.81290764 -0.023607994 -0.58191391 -121.67258 0.0060737382 0.99946739 -0.032063218 -12.2063 0.58236098 0.022530042 0.81261806 130.38053
0.82233067 -0.021542235 -0.56860195 -122.15533 0.0059825745 0.99955518 -0.029217273 -12.250387 0.56897848 0.020624556 0.82209376 131.08848
0.8316392 -0.020511477 -0.55493737 -122.62177 0.0064469391 0.99960688 -0.027285757 -12.288777 0.55527894 0.019114258 0.83144451 131.77495
0.84059447 -0.019163381 -0.54132586 -123.08081 0.0069802043 0.99967423 -0.024550126 -12.326801 0.54162002 0.016858135 0.84045439 132.4841
0.84874619 -0.018580892 -0.52847387 -123.53034 0.0078094653 0.99971392 -0.022607216 -12.357924 0.52874279 0.01506069 0.84864849 133.2039
0.85484621 -0.018822725 -0.5185399 -123.95791 0.0092690553 0.99973631 -0.021009271 -12.396087 0.51879867 0.01315332 0.85479527 133.91366
0.86071769 -0.018752356 -0.50873705 -124.39214 0.0095748814 0.99974088 -0.020651588 -12.431136 0.50899254 0.01290409 0.86067421 134.6396
0.86715675 -0.017951839 -0.49771165 -124.80219 0.0089548666 0.99975061 -0.020457808 -12.456029 0.49795482 0.013283185 0.86710125 135.37469
0.87369955 -0.016020885 -0.48620202 -125.21034 0.0073501805 0.99977822 -0.019735589 -12.493617 0.48641041 0.013669302 0.87362353 136.13121
0.88014024 -0.015089557 -0.47447385 -125.61965 0.0067407257 0.99979117 -0.019292152 -12.515711 0.47466592 0.013781502 0.88005816 136.87346
0.8854964 -0.015619781 -0.4643836 -126.02057 0.0074962503 0.99978497 -0.019334274 -12.552824 0.46458578 0.013639295 0.88542308 137.62498
0.89008713 -0.016795559 -0.45548083 -126.4111 0.0084905292 0.99975842 -0.020273501 -12.583591 0.45571134 0.014177909 0.89001471 138.3831
0.89461592 -0.017489945 -0.44649349 -126.79919 0.0092529958 0.99974452 -0.020622025 -12.616041 0.44674014 0.01431739 0.8945492 139.16034
0.89794137 -0.016785638 -0.43979487 -127.16573 0.0087704579 0.99975646 -0.020250791 -12.643337 0.44002772 0.01432682 0.8978699 139.93488
0.90092384 -0.015043588 -0.43371639 -127.57728 0.008554722 0.99982043 -0.016909054 -12.67074 0.43389292 0.011523447 0.90089076 140.74545
0.90431434 -0.011377187 -0.4267155 -127.95418 0.0063979001 0.99989371 -0.013100684 -12.698264 0.42681923 0.0091170533 0.90429102 141.53952
0.90719875 -0.0087946019 -0.42061035 -128.33709 0.0048596187 0.99993384 -0.01042623 -12.719005 0.42067425 0.0074146567 0.90718147 142.36274
0.91045816 -0.0061705962 -0.41355513 -128.74047 0.0031452351 0.99996309 -0.0079959439 -12.743129 0.41358924 0.0059792441 0.91044396 143.19597
0.91348248 -0.0041703079 -0.40685668 -129.10589 0.001961537 0.99998099 -0.0058457909 -12.756324 0.40687336 0.0045419629 0.91347329 144.0476
0.91640277 -0.0028624339 -0.40024712 -129.49502 0.0018221864 0.9999939 -0.0029795591 -12.77692 0.40025324 0.0020011511 0.9164024 144.8819
0.91976156 -0.0029149558 -0.39246677 -129.89578 0.0026421809 0.99999575 -0.0012351804 -12.795003 0.39246873 9.9102995e-05 0.91976535 145.76597
0.92312726 -0.002961804 -0.38448313 -130.25882 0.0032681593 0.99999465 0.00014340937 -12.808875 0.38448068 -0.0013889376 0.923132 146.67672
0.92685654 -0.0038049302 -0.37539641 -130.60563 0.004114787 0.99999153 2.3758567e-05 -12.807531 0.37539318 -0.0015666974 0.92686435 147.59117
0.93050647 -0.0064300202 -0.36621899 -130.95106 0.0067894408 0.9999769 -0.00030652025 -12.842324 0.36621253 -0.0022012034 0.93052864 148.48951
0.9342928 -0.0082041416 -0.35641219 -131.34733 0.0080982275 0.99996561 -0.0017893452 -12.845422 0.35641465 -0.001214535 0.9343271 149.43258
0.93848591 -0.0089005205 -0.34520278 -131.68323 0.0082017269 0.99996029 -0.0034847994 -12.869781 0.34522012 0.00043917594 0.93852165 150.36612
0.94333942 -0.007401512 -0.3317468 -132.04075 0.0061316145 0.99996932 -0.0048744753 -12.887871 0.33177273 0.002564141 0.94335587 151.34615
0.94886085 -0.003685474 -0.31567309 -132.37866 0.0027836082 0.99999065 -0.0033077984 -12.903747 0.31568236 0.0022599299 0.94886224 152.32502
0.95495685 -0.00018214027 -0.29674462 -132.6959 2.3514988e-05 0.99999985 -0.00053812097 -12.908598 0.2967447 0.00050690413 0.95495672 153.31566
0.9609006 0.0029570955 -0.27687776 -133.0034 -0.0026773429 0.99999545 0.0013884168 -12.927261 0.27688063 -0.00059283408 0.96090414 154.34544
0.96699815 0.0045705859 -0.25474237 -133.28573 -0.0041454808 0.99998898 0.0022056142 -12.944912 0.25474966 -0.0010767955 0.96700644 155.38351
0.97213731 0.0059695868 -0.23433609 -133.54078 -0.0053058978 0.99997993 0.0034625737 -12.95006 0.23435207 -0.002122734 0.97214948 156.43124
0.97713524 0.0065874597 -0.21251666 -133.77904 -0.0053915631 0.99996621 0.0062063422 -12.971223 0.21255038 -0.0049186389 0.97713773 157.48819
0.9817946 0.0084602942 -0.18975717 -133.99761 -0.0067903229 0.9999323 0.0094490209 -12.9683 0.18982428 -0.0079884856 0.98178558 158.5912
0.98586672 0.010294105 -0.16721492 -134.21191 -0.0080753934 0.99987018 0.013943175 -12.980683 0.16733676 -0.012395787 0.98582187 159.68958
0.98952772 0.012253952 -0.14382189 -134.38809 -0.0098646073 0.99980143 0.017314588 -12.976722 0.14400552 -0.015714519 0.9894521 160.84126
0.99250906 0.013656732 -0.12140533 -134.54776 -0.011612964 0.99977897 0.017525936 -12.969725 0.12161785 -0.015984775 0.99244828 161.95768
0.99494733 0.013527774 -0.09948273 -134.66174 -0.012043933 0.99980731 0.015501076 -12.968552 0.099673265 -0.014224591 0.99491854 163.11491
0.99685157 0.013806914 -0.078078895 -134.77376 -0.012713242 0.99981423 0.014487062 -12.966739 0.078264419 -0.013448815 0.99684192 164.28976
0.99819406 0.012298502 -0.058799278 -134.83341 -0.01135432 0.99980161 0.016364956 -12.967683 0.058988882 -0.015667776 0.99813568 165.43463
0.99916318 0.012763291 -0.038859278 -134.89201 -0.012054408 0.99975763 0.018422311 -12.964888 0.039084993 -0.01793847 0.99907486 166.62762
0.99976804 0.013021223 -0.017155867 -134.92012 -0.012690958 0.99973471 0.019221116 -12.960637 0.017401599 -0.018998934 0.99966806 167.87057
0.99989744 0.014142502 0.0022584386 -134.93107 -0.014184314 0.99970499 0.019716295 -12.953492 -0.0019789348 -0.019746307 0.99980306 169.06586
0.99960482 0.014494913 0.024085363 -134.92915 -0.014983092 0.99968341 0.020213365 -12.946992 -0.023784749 -0.020566251 0.99950554 170.31238
0.99890969 0.016621939 0.043624976 -134.87639 -0.017501509 0.99964961 0.01985815 -12.935904 -0.043279613 -0.020600001 0.9988506 171.52773
0.99774778 0.017874039 0.064652041 -134.81847 -0.019120228 0.99964215 0.018708168 -12.927375 -0.06429452 -0.019902195 0.99773249 172.78693
0.99621802 0.017709789 0.085064767 -134.73063 -0.019180255 0.99967988 0.016500302 -12.926534 -0.084745326 -0.018069463 0.99623879 174.06768
0.99447806 0.019677291 0.1030834 -134.60901 -0.021250249 0.99967358 0.014183053 -12.921359 -0.10277068 -0.016295283 0.99457159 175.31878
0.99238548 0.020322822 0.12148267 -134.46093 -0.021977586 0.99968284 0.012296888 -12.917216 -0.12119425 -0.014873149 0.99251738 176.59796
0.98976381 0.020042107 0.1413008 -134.30466 -0.021623272 0.99971949 0.0096634023 -12.930188 -0.1410675 -0.012619872 0.98991954 177.89109
0.98724848 0.02123173 0.15776453 -134.11096 -0.022193989 0.99974426 0.0043398849 -12.932646 -0.15763206 -0.0077859691 0.98746722 179.19295
0.98376311 0.023264106 0.17795764 -133.87535 -0.023279506 0.99972699 -0.0020018104 -12.95984 -0.17795564 -0.0021734585 0.98403611 180.47964
0.98083146 0.025548401 0.19317587 -133.64616 -0.024586943 0.9996705 -0.0073732642 -12.969702 -0.19330061 0.0024823255 0.98113644 181.76912
0.97711298 0.027916613 0.21088121 -133.36247 -0.026136402 0.99959536 -0.011224809 -13.013481 -0.21110926 0.0054562307 0.97744724 183.10729
0.97289533 0.030130728 0.22927455 -133.07904 -0.027656569 0.99951947 -0.013997647 -13.040668 -0.22958616 0.0072772979 0.97326114 184.43009
0.96884926 0.02931385 0.24591017 -132.76501 -0.026679517 0.99954547 -0.014038043 -13.076743 -0.24620992 0.0070399834 0.96919096 185.74413
0.96457129 0.028149409 0.2623163 -132.43865 -0.025245804 0.99957707 -0.014433444 -13.113273 -0.26261167 0.0072996999 0.964874 187.08001
0.95966848 0.027948095 0.27974149 -132.04001 -0.023537561 0.99954021 -0.019114041 -13.168005 -0.28014709 0.011758711 0.95988507 188.42436
0.95460343 0.029382274 0.29642699 -131.643 -0.023497576 0.99945009 -0.023396153 -13.217025 -0.29695144 0.015368733 0.9547689 189.74699
0.94925041 0.031702401 0.3129195 -131.22283 -0.02552725 0.99939048 -0.023812281 -13.261324 -0.3134837 0.014615844 0.9494811 191.07246
0.9435241 0.03317127 0.3296391 -130.77893 -0.026813322 0.9993567 -0.023816703 -13.313974 -0.3302171 0.013632914 0.94380656 192.40273
0.9370737 0.03732311 0.34713089 -130.31652 -0.029652521 0.99918507 -0.027384766 -13.359756 -0.34787012 0.015368238 0.93741677 193.75254
0.93038501 0.038578182 0.36454829 -129.80519 -0.02943975 0.99909824 -0.030594284 -13.43043 -0.36539985 0.017732253 0.93068175 195.08506
0.92370867 0.039162012 0.38108872 -129.27098 -0.028578315 0.99903359 -0.033394138 -13.484931 -0.38202825 0.019955582 0.92393517 196.44192
0.91631231 0.039420172 0.39851949 -128.7092 -0.026437044 0.99892706 -0.038023959 -13.567961 -0.39959084 0.024306145 0.91637131 197.7554
0.90790612 0.042727208 0.41699022 -128.13059 -0.026822081 0.99867446 -0.043930627 -13.651045 -0.41831455 0.028700341 0.90784869 199.06272
0.89797382 0.046462496 0.43758912 -127.51193 -0.028367402 0.99845395 -0.047801645 -13.736743 -0.43913361 0.03051136 0.89790353 200.41251
0.88589043 0.049193754 0.46127877 -126.86542 -0.030055359 0.99835872 -0.048749825 -13.822606 -0.46291991 0.029323105 0.88591497 201.738
0.87234133 0.053782314 0.48593008 -126.17106 -0.032971033 0.99813972 -0.051283655 -13.919222 -0.48778431 0.028715236 0.87249179 203.04119
0.85813915 0.058160306 0.51011229 -125.4521 -0.03521228 0.99789062 -0.054538165 -14.020112 -0.51220827 0.028839119 0.85837697 204.34032
0.8429183 0.061853872 0.53447433 -124.6926 -0.036719848 0.99766724 -0.057547667 -14.125954 -0.53678712 0.028882166 0.84322324 205.60315
0.82789124 0.063288128 0.55730663 -123.87553 -0.036116348 0.99756681 -0.059632754 -14.234123 -0.55972469 0.029241556 0.82816256 206.85402
0.81154856 0.064219906 0.58074497 -123.03097 -0.034689226 0.99748381 -0.061828046 -14.341158 -0.58325434 0.030030869 0.81173428 208.07084
0.79613085 0.066474619 0.60146219 -122.15688 -0.033174023 0.99724768 -0.066306408 -14.462192 -0.60421452 0.032835657 0.79614488 209.27375
0.7794577 0.069007896 0.62264241 -121.25186 -0.031300266 0.99696293 -0.071310723 -14.587188 -0.62567245 0.03609482 0.77925039 210.47335
0.76233879 0.070862578 0.64328689 -120.3055 -0.029463451 0.99675692 -0.074883593 -14.72059 -0.64650716 0.038133217 0.76195432 211.64019
0.74724963 0.072131716 0.66061712 -119.32515 -0.027701593 0.99660869 -0.077483749 -14.852651 -0.66396585 0.039599558 0.74671364 212.77148
0.73098046 0.072972289 0.67848549 -118.29355 -0.025939591 0.99651875 -0.079230758 -14.995566 -0.68190523 0.040316502 0.73032861 213.9181
0.71468773 0.073600549 0.69556047 -117.25516 -0.023985949 0.99644228 -0.080792738 -15.143042 -0.69903231 0.041057902 0.71391044 215.02342
0.70011823 0.074286067 0.7101521 -116.19121 -0.021371297 0.99630783 -0.083150293 -15.29177 -0.71370707 0.043038166 0.69912086 216.09941
0.68501567 0.075346778 0.72462152 -115.1025 -0.018226013 0.99609853 -0.086345366 -15.436759 -0.72830034 0.045940969 0.68371638 217.16346
0.67082165 0.077815338 0.73752494 -113.97668 -0.016088244 0.9957729 -0.090429566 -15.602728 -0.74144422 0.048796631 0.66923793 218.19833
0.65494012 0.080135362 0.7514198 -112.85619 -0.014728024 0.99552618 -0.093331153 -15.759136 -0.75553727 0.050059389 0.65319027 219.22611
0.63906987 0.081011546 0.76487043 -111.67077 -0.013821319 0.9954867 -0.093889271 -15.935007 -0.76902453 0.049430288 0.63730524 220.22091
0.62297476 0.082098856 0.7779217 -110.5196 -0.014091975 0.99549364 -0.093775431 -16.097927 -0.78211503 0.047457275 0.62132434 221.18548
0.60595246 0.08354214 0.79110194 -109.32055 -0.016471388 0.99557472 -0.092518499 -16.26892 -0.79533035 0.043031265 0.604647 222.13327
0.5863858 0.083445639 0.80572233 -108.11875 -0.017838693 0.99576884 -0.090145461 -16.420336 -0.8098355 0.038486986 0.58539326 223.03508
0.5687127 0.085390401 0.81809186 -106.91279 -0.020400244 0.99575512 -0.089752819 -16.590784 -0.82228325 0.034354295 0.56804057 223.93227
0.55012155 0.088597197 0.83037146 -105.69341 -0.022014506 0.99554917 -0.091636351 -16.76836 -0.8347944 0.032130916 0.54962348 224.79609
0.53192679 0.092483972 0.84172474 -104.44125 -0.0242877 0.99527527 -0.094006659 -16.943471 -0.846442 0.029561104 0.5316598 225.61932
0.51235923 0.092891306 0.85373249 -103.20171 -0.024880588 0.99532101 -0.093365157 -17.112941 -0.85841077 0.026595134 0.51227309 226.37443
0.49049141 0.091262044 0.86665411 -101.94586 -0.024340727 0.99554797 -0.091059192 -17.275579 -0.87110606 0.023568762 0.49052911 227.12168
0.46936659 0.089517018 0.87845412 -100.69343 -0.024976942 0.99579587 -0.088129057 -17.437533 -0.88265012 0.019423738 0.46962917 227.82938
0.44805146 0.08777835 0.88968803 -99.434339 -0.024510372 0.99600018 -0.085923762 -17.592456 -0.89367175 0.016691684 0.44841081 228.47697
0.42516641 0.08648757 0.90097356 -98.15736 -0.022988218 0.99613495 -0.084774377 -17.752336 -0.90482326 0.015331442 0.42551131 229.12327
