1.000000000000000000e+00 4.398956837314658088e-19 2.733407509747682871e-20 -8.673617379884035472e-19 -5.583667658079949532e-19 1.000000000000000000e+00 -6.100159232558060012e-19 0.000000000000000000e+00 4.145284534913582806e-20 -2.210423569125054137e-19 1.000000000000000222e+00 0.000000000000000000e+00
9.999173344385703377e-01 7.808101462770367616e-04 1.283412009049287282e-02 -2.377161210361658158e-02 -7.754235452747227459e-04 9.999996091829557177e-01 -4.246808086390795045e-04 -9.458568167310513197e-03 -1.283444689247675158e-02 4.146938384071837888e-04 9.999175490942936451e-01 2.055294759540582383e-03
9.993490437514487290e-01 3.207338148687364620e-03 3.593329593979713993e-02 -4.879478255271234993e-02 -3.180032296820875341e-03 9.999946099151323375e-01 -8.170320738388813864e-04 -7.178187686384215893e-03 -3.593572337762638430e-02 7.022312176038359843e-04 9.993538565635675663e-01 1.771567921113145205e-01
9.980454763537613960e-01 4.728130367596635950e-03 6.231269472705563278e-02 2.332263079884180218e-03 -4.809169958720362938e-03 9.999877739181518566e-01 1.150611729607267783e-03 -4.700709389548224371e-03 -6.230649372267992037e-02 -1.448035130079214838e-03 9.980560124633767183e-01 3.712293853394634247e-01
9.954582865679688641e-01 4.876858119199444126e-03 9.507373940878598162e-02 5.013909064037763708e-02 -5.151329958763388624e-03 9.999832424369149431e-01 2.641714238731818903e-03 9.100013355614888777e-04 -9.505926458265893941e-02 -3.119472475465298947e-03 9.954667272853721105e-01 5.401824185150130297e-01
9.910952214399835203e-01 1.017069304212601076e-03 1.331511452646814142e-01 1.571147901857143925e-01 -1.783610685511454819e-03 9.999825169490778043e-01 5.637777127883261338e-03 5.318784881970517464e-04 -1.331430856665374307e-01 -5.825063706596062159e-03 9.910797079416659994e-01 7.196413999057534872e-01
9.848223688397839126e-01 -1.572504627448686066e-03 1.735581423712425908e-01 2.362132742069609770e-01 5.846511110085253395e-04 9.999833393656647473e-01 5.742749479671399072e-03 -1.071897016618940379e-02 -1.735642842826884691e-01 -5.554117073218948174e-03 9.848068801984468656e-01 9.183977480285794304e-01
9.764154120393163661e-01 -2.219395312868831845e-03 2.158888994589936439e-01 3.153893237245142256e-01 8.877689591716378826e-04 9.999799813257375103e-01 6.264887129497418231e-03 -3.897253514476936576e-03 -2.158984856432690780e-01 -5.925472735021334800e-03 9.763978355056095459e-01 1.110805206323896677e+00
9.649651316851218796e-01 -1.672328076182912461e-03 2.623728208434830678e-01 4.167472747721838178e-01 -7.387493714776564944e-04 9.999584067714392122e-01 9.090598175076115145e-03 1.054898251996866376e-03 -2.623771149081828291e-01 -8.965937856382050555e-03 9.649237598719800912e-01 1.343467403279529515e+00
9.503184482896820384e-01 -6.707951266574505717e-03 3.112070837566733861e-01 5.008016850185835755e-01 1.546987679324841707e-03 9.998572094698856549e-01 1.682758126601013177e-02 1.607208336272145099e-02 -3.112755303025582232e-01 -1.551012723750364725e-02 9.501931284989647564e-01 1.568736201923078166e+00
9.327028032763778898e-01 -1.586482640573393804e-02 3.602968030585894099e-01 6.258118772091163518e-01 7.668667319207088384e-03 9.996785324694944519e-01 2.416657272527687056e-02 2.502807594783648670e-03 -3.605643840403293110e-01 -1.977723363757291977e-02 9.325246311837690483e-01 1.803443607762372780e+00
9.120733567851252444e-01 -2.142580488551222573e-02 4.094668782494867432e-01 8.196835683001919559e-01 1.006738401875879180e-02 9.995029323732719240e-01 2.987533973679273522e-02 -3.554616000597810022e-04 -4.099034557953329938e-01 -2.312624090155419518e-02 9.118356958822181335e-01 2.005678241675931339e+00
8.872268857379915774e-01 -2.331994609173885027e-02 4.607435623776368061e-01 9.816597072243554711e-01 8.874406119540472621e-03 9.993995046054617859e-01 3.349440367693663767e-02 8.915603989940734664e-04 -4.612479836405380396e-01 -2.562830975500565017e-02 8.869010601103470837e-01 2.259343695714330913e+00
8.593322975999556634e-01 -2.552861854504225037e-02 5.107800779922772039e-01 1.151821236969878148e+00 7.144970482488078624e-03 9.992551658298377548e-01 3.792180013634437880e-02 1.861197132568197243e-02 -5.113677315340549034e-01 -2.893791882012308747e-02 8.588746380564793448e-01 2.486656858571588025e+00
8.274166004651850592e-01 -3.051729541456777231e-02 5.607588244556295232e-01 1.426785237198186618e+00 8.093225683675299431e-03 9.990667112191180532e-01 4.242883680276283986e-02 2.521239655862235474e-02 -5.615302975768732274e-01 -3.056797591045320658e-02 8.268913644135702512e-01 2.669584312459555075e+00
7.916151633030865664e-01 -3.640378452308634660e-02 6.099345800860932476e-01 1.660737769927974838e+00 1.042661908643843956e-02 9.988830737311301666e-01 4.608568737639222312e-02 2.512741146885207055e-02 -6.109310321137553235e-01 -3.012257306836476495e-02 7.911105550776765805e-01 2.905026161194295575e+00
7.534359867937716615e-01 -4.043616929795112308e-02 6.562767124484399917e-01 1.919909391105055096e+00 1.126082670196863061e-02 9.987543640882767804e-01 4.860981326506371575e-02 3.313874347265030607e-02 -6.574248366014735501e-01 -2.923416390396083725e-02 7.529528236521721984e-01 3.112314332644763759e+00
7.135355638640837883e-01 -4.382262863208857134e-02 6.992471441516470154e-01 2.216602679564531719e+00 1.233378714943865646e-02 9.986729495414582436e-01 5.000217489808472804e-02 4.643263921766865865e-02 -7.005104467529551515e-01 -2.705396415921113712e-02 7.131291641660221226e-01 3.338561088685372269e+00
6.722977053454246565e-01 -4.569433575972810246e-02 7.388692809683037321e-01 2.511002723738104070e+00 1.172655665866471214e-02 9.986252775283833705e-01 5.108857891794831713e-02 5.871232176293676719e-02 -7.401880122343004187e-01 -2.568234137400522352e-02 6.719093187690994284e-01 3.545970245658079278e+00
6.293345646107824098e-01 -4.589930082710179382e-02 7.757778356453112201e-01 2.858232135443877109e+00 7.322557055971451803e-03 9.985602207942232411e-01 5.314005603954894547e-02 8.287568014022568541e-02 -7.770999916967360477e-01 -2.776219603178948364e-02 6.287645609584795459e-01 3.744082446284684007e+00
5.876684879276384832e-01 -4.681601793137292467e-02 8.077462461518284398e-01 3.182533083959325548e+00 4.249698211528007454e-03 9.984894356845049890e-01 5.477943815960928386e-02 9.883102151734096674e-02 -8.090906626383278510e-01 -2.875947125469571763e-02 5.869797297016414728e-01 3.985549251195606324e+00
5.478377115581470891e-01 -4.830751365588514812e-02 8.351887298822378014e-01 3.547459147687353820e+00 2.818541496681705241e-03 9.984323518893053473e-01 5.590075562311912910e-02 1.163542108897122479e-01 -8.365798888227637953e-01 -2.827052734659598471e-02 5.471150503715261904e-01 4.159593873304546996e+00
5.097584521947593483e-01 -5.084361924462222487e-02 8.588138533339061409e-01 3.963892657292774402e+00 1.651104561636451999e-03 9.983081252969518982e-01 5.812194743520981977e-02 1.299310822326236181e-01 -8.603159929365423730e-01 -2.821016186837441500e-02 5.089799516984936378e-01 4.367121732088087960e+00
4.713347026663650685e-01 -5.057659530577705148e-02 8.805030342146371591e-01 4.385298892273701732e+00 -1.424079589964008172e-03 9.983094165149052346e-01 5.810577298586862283e-02 1.544508746319415704e-01 -8.819532777368571663e-01 -2.864117298958991642e-02 4.704658456766052654e-01 4.583815664694983916e+00
4.365053803589850623e-01 -4.950874962526253392e-02 8.983384235548207419e-01 4.844463964302049952e+00 -2.753471654738416652e-03 9.984066261651538543e-01 5.636157545043983530e-02 1.857720635620503380e-01 -8.996974412973570701e-01 -2.707567963768963554e-02 4.356735419146915422e-01 4.765338037123192372e+00
4.029119566689273180e-01 -4.878494605907517795e-02 9.139376183809958532e-01 5.341854604520063887e+00 -1.337290686648283248e-03 9.985459400416456521e-01 5.389078997690396888e-02 1.971059956456979179e-01 -9.152377733944172533e-01 -2.293544316825802884e-02 4.022608575957138943e-01 4.911194170718596652e+00
3.725309926168768326e-01 -4.675842671247633364e-02 9.268410298997424857e-01 5.880518317776799009e+00 -1.218216628006144395e-04 9.987273884347668274e-01 5.043400356894998937e-02 2.190917151703836718e-01 -9.280197519970969644e-01 -1.890113794291010604e-02 3.720512078828842051e-01 5.118202447755653139e+00
3.473997336245935874e-01 -4.512551809079948933e-02 9.366307159083125944e-01 6.373066130077559954e+00 1.018738846833426234e-03 9.988590026005499389e-01 4.774573344502380107e-02 2.452468534087014207e-01 -9.377165898777031217e-01 -1.563267216088148198e-02 3.470493212408232719e-01 5.299552486940515728e+00
3.264237767661916645e-01 -4.437055112261837492e-02 9.441815276583863659e-01 6.985500531111011213e+00 2.897681297305616365e-03 9.989399034738810634e-01 4.594205760015068751e-02 2.718770125557766204e-01 -9.452190948712049234e-01 -1.226064193649215560e-02 3.262063064500266840e-01 5.496349585258784032e+00
3.125885547005074483e-01 -4.469316170952473272e-02 9.488366042755997931e-01 7.581327877435853679e+00 3.403404828651229730e-03 9.989387756325442957e-01 4.593189891897699051e-02 2.850791037856615917e-01 -9.498825339730239126e-01 -1.112850993694045054e-02 3.124089357044663728e-01 5.645199843888876856e+00
2.996702126580802483e-01 -4.628576812380531813e-02 9.529193963868645145e-01 8.181251342101864665e+00 5.347567725616368325e-03 9.988882355303752014e-01 4.683691278390085533e-02 3.077056436522212501e-01 -9.540278734544305195e-01 -8.939825698354303407e-03 2.995845649097289565e-01 5.882906389307403394e+00
2.881269851166878837e-01 -4.823109468871516342e-02 9.563768015374404241e-01 8.807590505262037794e+00 2.934493965080755586e-03 9.987705567769190607e-01 4.948498380959869686e-02 3.386276061322579523e-01 -9.575877220696612513e-01 -1.145147635174876243e-02 2.879142818662710490e-01 6.030182221308015400e+00
2.780008172472849814e-01 -5.007266859647974133e-02 9.592748604681226032e-01 9.486792487646876992e+00 1.998117761516186256e-03 9.986684215524019859e-01 5.154989118003338450e-02 3.732915657827285960e-01 -9.605787679766732978e-01 -1.241416685450304376e-02 2.777306870978248909e-01 6.253595888785252299e+00
2.675564841443630049e-01 -5.153871568567040123e-02 9.621628099881308627e-01 1.017908744945211552e+01 6.907764416052790792e-04 9.985784527037633307e-01 5.329724744429396172e-02 3.965367081639319391e-01 -9.635419384011476573e-01 -1.359538385894934129e-02 2.672117403332749386e-01 6.416696121142238418e+00
2.592254439756045969e-01 -5.344451530378293430e-02 9.643369936085551819e-01 1.088865860836944499e+01 -7.417300981466993163e-06 9.984676751912501258e-01 5.533806559146803999e-02 4.250754948007946510e-01 -9.658168489126730538e-01 -1.435218652238118807e-02 2.588278286347677759e-01 6.618940229159655075e+00
2.485997749833102899e-01 -5.492186113827063343e-02 9.670479435913739152e-01 1.160140159815412808e+01 -6.194713674197421110e-04 9.983819311181182377e-01 5.686067034004888693e-02 4.605202572028330166e-01 -9.686061040052741378e-01 -1.473460748564963188e-02 2.481634995513671005e-01 6.804407162815889976e+00
2.375659687435794365e-01 -5.660072696233610368e-02 9.697209661825125782e-01 1.237212124027113624e+01 -3.121572063394940748e-04 9.982964251477557394e-01 5.834509449901338629e-02 4.820495909198089235e-01 -9.713713655005948855e-01 -1.416351339542591854e-02 2.371435876533717901e-01 6.968544998971618831e+00
2.272313177277945628e-01 -5.941433017131522720e-02 9.720266712250562602e-01 1.315694479325341248e+01 -1.968731301984555024e-03 9.981070696022549260e-01 6.146870474413438507e-02 5.251312076527245853e-01 -9.738388311583774382e-01 -1.588127323408316041e-02 2.266842124494093391e-01 7.150896229358427725e+00
2.160760104679336213e-01 -6.272430539923193327e-02 9.743596887575449728e-01 1.393340925422847043e+01 -3.897864280517986460e-03 9.978709860487606775e-01 6.510224120924154589e-02 5.632411402964673242e-01 -9.763687731365527922e-01 -1.786495351464798334e-02 2.153714894366158816e-01 7.328732724212710714e+00
2.037878221366286324e-01 -6.574567076665491228e-02 9.768050031024581026e-01 1.473677300808628488e+01 -4.525364621976266100e-03 9.976686431026320356e-01 6.809404963701670699e-02 5.959182050617496396e-01 -9.790046279251635175e-01 -1.829713601218281235e-02 2.030151954951804616e-01 7.498464268215755624e+00
1.917129269022423699e-01 -6.925877022378307268e-02 9.790042696912180098e-01 1.552817752943545671e+01 -4.499158459003868397e-03 9.974344906683728640e-01 7.144364453466478526e-02 6.330206052951817819e-01 -9.814407410402475884e-01 -1.810136466849953871e-02 1.909094780502707533e-01 7.669788577383359396e+00
1.768337713324132365e-01 -6.960223855926538084e-02 9.817766188170827801e-01 1.632693839441848382e+01 -5.507931585862225685e-03 9.974108422187832890e-01 7.170268099324789146e-02 6.752611523106317737e-01 -9.842253283790973750e-01 -1.808701306402159259e-02 1.759925550582049081e-01 7.820592694668605738e+00
1.608209018182959749e-01 -6.881840899120318655e-02 9.845814580601252031e-01 1.712037525717410347e+01 -7.813472643082451999e-03 9.974461504629279496e-01 7.099384850011594694e-02 7.141141755119880807e-01 -9.869526859339945446e-01 -1.911029415280799532e-02 1.598724773018175005e-01 7.922363085985068665e+00
1.452532098551854167e-01 -6.759995638896347525e-02 9.870824353866984868e-01 1.792876740915427902e+01 -8.367113389395473139e-03 9.975435417458642373e-01 6.954763612654155103e-02 7.588221512205699515e-01 -9.893591428750962979e-01 -1.836104716290802921e-02 1.443307835301704811e-01 8.069438229300029519e+00
1.245238972044610815e-01 -6.651321409941084173e-02 9.899847345144844324e-01 1.873988896879219013e+01 -1.070283057308909526e-02 9.976025357879027000e-01 6.837126567217562123e-02 7.840430564995749529e-01 -9.921588913381629293e-01 -1.910949446073522892e-02 1.235134745734342704e-01 8.153201067195702478e+00
1.006503268000593088e-01 -6.543537028673580835e-02 9.927677004700069530e-01 1.952752985056919144e+01 -1.393015413357700030e-02 9.976443575642152117e-01 6.716908959120945766e-02 8.294534075101376303e-01 -9.948243462036446827e-01 -2.058999703294971118e-02 9.950170443884473470e-02 8.210809827386629678e+00
6.948533362160523585e-02 -6.445382688350320688e-02 9.954986064969464366e-01 2.040013486516166807e+01 -1.921124292207344181e-02 9.976390738980788209e-01 6.593334786026765204e-02 8.609713411677215600e-01 -9.973979816922073915e-01 -2.370616538284924316e-02 6.808304436836745688e-02 8.285501312353003911e+00
3.571827151526317523e-02 -6.387443472859588578e-02 9.973185270917168666e-01 2.124084165059885976e+01 -2.188271328546951763e-02 9.976660722231324163e-01 6.468040804143643241e-02 9.123740296097568869e-01 -9.991222994613412345e-01 -2.413430690995010605e-02 3.423716031534586313e-02 8.311481563850163568e+00
1.748868916765719756e-03 -6.355951947695905047e-02 9.979765085810606839e-01 2.206027930996181752e+01 -2.329942562410559914e-02 9.977045330538198975e-01 6.358302827238387911e-02 9.467692173736041994e-01 -9.997270105084938852e-01 -2.336347695824035620e-02 2.639527556846621675e-04 8.318748246736047847e+00
-3.211715347975378776e-02 -6.233767954541703793e-02 9.975382122326462708e-01 2.294412813267291540e+01 -2.493082610423210527e-02 9.977925344982528921e-01 6.155088959956210581e-02 9.750520889217885179e-01 -9.991731379571394678e-01 -2.289261146705666439e-02 -3.360038721301979864e-02 8.275842636915136552e+00
-6.376842731289199262e-02 -6.009840521224373011e-02 9.961534781719025844e-01 2.377045613352014541e+01 -2.706526364510672411e-02 9.979220583872442374e-01 5.847253114063688528e-02 1.006787324252687466e+00 -9.975976525329098843e-01 -2.323245430232111913e-02 -6.526250081722664853e-02 8.261406916217282514e+00
-9.467587197186320969e-02 -5.773524321467375653e-02 9.938325330245852962e-01 2.459058389366969521e+01 -2.939585389202060625e-02 9.980436378214941895e-01 5.517953241426674926e-02 1.043368428034447737e+00 -9.950740575811944932e-01 -2.399038473175171479e-02 -9.618782983885276749e-02 8.166246984188935798e+00
-1.267360846597437862e-01 -5.321625002363151308e-02 9.905079395896309036e-01 2.542358280424438277e+01 -2.732087119996021163e-02 9.983683017765975221e-01 5.014283623370363596e-02 1.062669743292373514e+00 -9.915601604076115239e-01 -2.070663221908126267e-02 -1.279832053124512481e-01 7.955335470694837596e+00
-1.614241974659553214e-01 -4.761561803157735029e-02 9.857357477139893076e-01 2.624278691227312166e+01 -2.301968088811697302e-02 9.987452768065908648e-01 4.447433379176236878e-02 1.080914157745780813e+00 -9.866166121706742009e-01 -1.551208778633914737e-02 -1.623177524923632986e-01 7.851942240962753061e+00
-1.919592400330140947e-01 -4.197405692822864243e-02 9.805048759591552532e-01 2.708220040374016335e+01 -1.525415227043016089e-02 9.990918857720886281e-01 3.978334612890629257e-02 1.096292383216481703e+00 -9.812843509519818541e-01 -7.319988795426272954e-03 -1.924251991442589294e-01 7.681227392948238197e+00
-2.210648609002401066e-01 -3.567336425999925037e-02 9.746064444639461755e-01 2.790209397790311741e+01 -1.024097574619416313e-02 9.993606018443710326e-01 3.425653073986476005e-02 1.111056642548327256e+00 -9.752053454848602643e-01 -2.408004723266814109e-03 -2.212888438592732765e-01 7.477654697976694465e+00
-2.490752273349751689e-01 -2.941009784859698745e-02 9.680374789715713302e-01 2.870042059001859514e+01 -2.093278069924324209e-03 9.995528253012498920e-01 2.982897263700361526e-02 1.128522029849615027e+00 -9.684818868818743098e-01 5.403287612885806016e-03 -2.490254120652362346e-01 7.221000085544689640e+00
-2.770222145184284557e-01 -1.931824557928413580e-02 9.606692884071051930e-01 2.948919857340271022e+01 3.479009365312745686e-03 9.997711530321684581e-01 2.110777211820700008e-02 1.122606002138214265e+00 -9.608572239239784318e-01 9.189500348436416624e-03 -2.768916118152607297e-01 6.993719882978185254e+00
-2.996105506201475754e-01 -4.543943438265092560e-03 9.540507608988545440e-01 3.030398502357691370e+01 8.619141957176593496e-03 9.999349582937097081e-01 7.469240707073818153e-03 1.119634841352482590e+00 -9.540226641443272371e-01 1.046096338225384684e-02 -2.995518998852339521e-01 6.694988357087613196e+00
-3.243359750026597044e-01 1.219772844518556693e-02 9.458632960538306822e-01 3.102969102681869984e+01 9.124966997499926388e-03 9.999106783676804389e-01 -9.765769218312332287e-03 1.091315044960834868e+00 -9.458979465835519740e-01 5.463582135730621868e-03 -3.244183099833544692e-01 6.499785729573869020e+00
-3.501311764096828316e-01 2.721162350391810245e-02 9.363053301240542581e-01 3.181459336524799397e+01 7.478821543503748163e-03 9.996272956051704961e-01 -2.625522985892883229e-02 1.068455056996614916e+00 -9.366708286581556520e-01 -2.190313073759917600e-03 -3.502041931751980752e-01 6.149691845431243920e+00
-3.748578036691245785e-01 3.762089825413227756e-02 9.263186707096059402e-01 3.260343102488628375e+01 1.280510339703939439e-02 9.992910896232416462e-01 -3.540264819935731722e-02 1.034859115373329974e+00 -9.269938892659078666e-01 -1.409351628116353511e-03 -3.750738038792011952e-01 5.819389304875874913e+00
-3.998319178045807720e-01 4.252745197876760946e-02 9.156013533803084581e-01 3.331313679200170697e+01 1.647128420372896696e-02 9.990951201182298735e-01 -3.921272392447101851e-02 9.832789149268517104e-01 -9.164404772356059548e-01 -5.973675404229593280e-04 -4.001706009844964718e-01 5.448763954139758781e+00
-4.221310688800244404e-01 4.138182126878737349e-02 9.055898027410353990e-01 3.408561763230603958e+01 1.850833914458001675e-02 9.991427669015324753e-01 -3.702934907938657677e-02 9.342340654928565913e-01 -9.063458587864741123e-01 1.129725457681068869e-03 -4.225351142146107075e-01 5.100048230718505771e+00
-4.423243447131263162e-01 3.859771467812047469e-02 8.960242050580631279e-01 3.483236457467046421e+01 2.336187964136862347e-02 9.992303484632593102e-01 -3.151084332921637310e-02 8.948396630687285302e-01 -8.965508407198786722e-01 6.994797525802304988e-03 -4.428856255289230770e-01 4.759587712263335213e+00
-4.600403699595101981e-01 3.731048815602534124e-02 8.871137307556066220e-01 3.560361048709743415e+01 2.961558466219618713e-02 9.992055839556445163e-01 -2.666679746996775818e-02 8.510195550810202292e-01 -8.874039599815710666e-01 1.400458950165251425e-02 -4.607798796795857244e-01 4.346856585771113224e+00
-4.736348142239156789e-01 3.859987617031942347e-02 8.798750470033845916e-01 3.629965749761322513e+01 3.430035397100932026e-02 9.990896119770106276e-01 -2.536597921293916660e-02 8.158581798885093939e-01 -8.800531582072926851e-01 1.816581581950120483e-02 -4.745276134179615690e-01 4.001832628782152845e+00
-4.858053259730915618e-01 4.180180077192104104e-02 8.730668822777951643e-01 3.700841544003965566e+01 3.545748797692604287e-02 9.989760417626094569e-01 -2.810043545203317825e-02 7.592224096707397285e-01 -8.733475621911728215e-01 1.730541837072927663e-02 -4.867900696870929300e-01 3.569895128487433400e+00
-4.954919898403704615e-01 4.461989495974485326e-02 8.674656992419889079e-01 3.768740696841191351e+01 3.768668225734652516e-02 9.988436428304415804e-01 -2.985114899016144685e-02 7.184327831846767376e-01 -8.677945692328555838e-01 1.790090005777076124e-02 -4.966006011525945230e-01 3.193820028939735600e+00
-5.058065888066342053e-01 4.372935664116738008e-02 8.615378254267852531e-01 3.839098889564190387e+01 3.158667939359419835e-02 9.989834504491643674e-01 -3.216127110533729266e-02 6.631962749887831965e-01 -8.620684361655701622e-01 1.094573727366040909e-02 -5.066736777290449245e-01 2.816108716608780593e+00
-5.160722474710575103e-01 4.211701999411710667e-02 8.555089588908496578e-01 3.910028936260330568e+01 2.986344442357794990e-02 9.990678738658479441e-01 -3.116982586871071617e-02 6.387949808278104991e-01 -8.560243116397360241e-01 9.462563167276958134e-03 -5.168489635339816868e-01 2.357756483239080048e+00
-5.265906052755842115e-01 4.421236125164040159e-02 8.489685438577035947e-01 3.976311435303254882e+01 3.273838922129128359e-02 9.989605768694289623e-01 -3.171693043227064718e-02 6.054903916284506415e-01 -8.494884014184225229e-01 1.109202604911329638e-02 -5.274906975082368499e-01 1.929614926224941795e+00
-5.328969670149240612e-01 4.653039498998611662e-02 8.448998354336262340e-01 4.044304313709391607e+01 3.595901885498141437e-02 9.988302561610452601e-01 -3.232751583166778436e-02 5.570780059609373724e-01 -8.454157457847106816e-01 1.315453500681139712e-02 -5.339468026133692424e-01 1.527947354997771567e+00
-5.375931735671354295e-01 5.044427909762527751e-02 8.416940902482050735e-01 4.114528066620609792e+01 3.695501860954664153e-02 9.986592991528588925e-01 -3.624818273446592243e-02 5.086800142556341386e-01 -8.423941583086594909e-01 1.161804618893120741e-02 -5.387365924042268883e-01 1.095658011267986565e+00
-5.379008445634618774e-01 5.176458454692536848e-02 8.414173140189965538e-01 4.186346134887092063e+01 3.681236306293796112e-02 9.986031921219608032e-01 -3.790137920101729896e-02 4.811525540816022906e-01 -8.422039794235732790e-01 1.058737677074047916e-02 -5.390550782935651375e-01 6.649618737337753549e-01
-5.338814423222680849e-01 5.327089455319901357e-02 8.438796148706967371e-01 4.256409567223983004e+01 3.885519420095006476e-02 9.985048176433285461e-01 -3.845000597574974033e-02 4.324029745860433205e-01 -8.446661418067609173e-01 1.226136268855380386e-02 -5.351530443532178660e-01 1.754874249431583599e-01
-5.274372970591760801e-01 5.118423675265448142e-02 8.480507405324596570e-01 4.327255565412313842e+01 3.645358391416830129e-02 9.986277328105397366e-01 -3.760036459808345499e-02 3.903217313811481737e-01 -8.488115489941218117e-01 1.108265517337169055e-02 -5.285793622280372528e-01 -2.964870357038602022e-01
-5.208264361902072981e-01 4.998513456510134817e-02 8.521979209718436588e-01 4.407954260403875679e+01 3.453760425676878631e-02 9.987007220692897258e-01 -3.747027581294620074e-02 3.466574731912400176e-01 -8.529636505744991881e-01 9.917365333473692271e-03 -5.218761058945241560e-01 -7.610235258136007763e-01
-5.128809704878911635e-01 4.937157325826788123e-02 8.570388232444380305e-01 4.485324971423144547e+01 3.268669453232905808e-02 9.987439895317250516e-01 -3.797398209377351314e-02 2.899500069266039981e-01 -8.578372236080931135e-01 8.537634424840723907e-03 -5.138505813626401686e-01 -1.195565513695802773e+00
-5.069649504770434856e-01 4.765102849292692649e-02 8.606485374709305081e-01 4.564404425076759964e+01 2.965854024852570756e-02 9.988438852500550746e-01 -3.783204771685472895e-02 2.486010756095505536e-01 -8.614562799053150366e-01 6.346058071630824443e-03 -5.077921019803505187e-01 -1.643223488160640233e+00
-5.030661379593616145e-01 4.594551739760122794e-02 8.630257567308927680e-01 4.646846940401905357e+01 2.559526443007565863e-02 9.989399063975971105e-01 -3.826154461513545796e-02 1.890922182095224890e-01 -8.638688300694473687e-01 2.841285922830964240e-03 -5.037088296489504735e-01 -2.133005294089766579e+00
-5.010671417316372445e-01 4.254386905553979303e-02 8.643620336150389383e-01 4.728739372541816977e+01 2.049251181574317932e-02 9.990941241871452716e-01 -3.729595063423727513e-02 1.481933218583732503e-01 -8.651657579728264658e-01 -9.748252759940741847e-04 -5.014850690848372539e-01 -2.602966221181415296e+00
-5.026505395495219908e-01 4.026867482340983073e-02 8.635513044480104261e-01 4.814322750886529434e+01 1.845933002820198190e-02 9.991867253855615250e-01 -3.584886206872599929e-02 1.073750859275605096e-01 -8.642926012247921230e-01 -2.078870425649698237e-03 -5.029850806008883124e-01 -3.073030853413896146e+00
-5.024393142181695637e-01 3.979030464708413484e-02 8.636963897546050539e-01 4.901994562453309356e+01 1.682988199961106893e-02 9.992012986603182600e-01 -3.624251361711903346e-02 5.321065265556686880e-02 -8.644486699119022788e-01 -3.673754468131700066e-03 -5.027076826135710164e-01 -3.563219924174072517e+00
-5.027936072941502355e-01 3.888692735648999199e-02 8.635313438668741348e-01 4.989080719208084957e+01 1.727079835497855043e-02 9.992400905890010954e-01 -3.494225020849719282e-02 8.256996967900276374e-03 -8.642339499775718581e-01 -2.654863410196895042e-03 -5.030831391977366174e-01 -4.067910767638348801e+00
-5.032873904012765687e-01 3.818199047410148622e-02 8.632751153423368073e-01 5.074861961053977666e+01 1.657499292589790368e-02 9.992660813450686685e-01 -3.453358148030631625e-02 -4.465493747880675685e-02 -8.639601174649593762e-01 -3.071536272086520560e-03 -5.035508858347561567e-01 -4.519751630168525658e+00
-5.026326439693346027e-01 3.797374410642997966e-02 8.636656798012264380e-01 5.161179181008000683e+01 1.733906860413090070e-02 9.992766618617909824e-01 -3.384537966166032558e-02 -8.442240567266667828e-02 -8.643262082250513512e-01 -2.036633280003706786e-03 -5.029275011793095107e-01 -5.043191305848059969e+00
-5.033627711009555084e-01 3.668995558950376157e-02 8.632958672032955416e-01 5.250364826749762415e+01 1.653197768578749949e-02 9.993241542279913681e-01 -3.283182081746897907e-02 -1.463704064637935398e-01 -8.639170253441783576e-01 -2.254327383157167432e-03 -5.036291342433916185e-01 -5.584268875256224618e+00
-5.040199465917162280e-01 3.552097911884134762e-02 8.629612621614614065e-01 5.341066316190018881e+01 1.533008488063883519e-02 9.993644549008192657e-01 -3.218190094534802842e-02 -1.930359629322306869e-01 -8.635559589401687886e-01 -2.991049693294525486e-03 -5.042441600250445743e-01 -6.079489936503773784e+00
-5.030839851450490396e-01 3.562804942964518246e-02 8.635028271407743095e-01 5.435151769731546523e+01 1.518525222292216141e-02 9.993600582193975512e-01 -3.238644964981352709e-02 -2.461926083515188768e-01 -8.641041165904931320e-01 -3.180595025836928120e-03 -5.033030628167082243e-01 -6.635153241068435293e+00
-5.017520421716590295e-01 3.492200529320010211e-02 8.643062699039986141e-01 5.523318559187276122e+01 1.382463986003140514e-02 9.993808544928293180e-01 -3.235408750782866466e-02 -3.065086218912722593e-01 -8.649010231457597841e-01 -4.285005675172132329e-03 -5.019241700125129935e-01 -7.141678247161506121e+00
-5.016387369626053028e-01 3.197526939274882712e-02 8.644860589924732164e-01 5.609384365422499030e+01 1.244551306764071427e-02 9.994799903810051012e-01 -2.974656296638531969e-02 -3.590541958529592792e-01 -8.649876872627891844e-01 -4.163054833895655886e-03 -5.017758298442283049e-01 -7.657245297572735865e+00
-4.999522321899379507e-01 3.094116615808568602e-02 8.655000844611192568e-01 5.697635560332913940e+01 1.292627730271015719e-02 9.995168729040871947e-01 -2.826538714870837840e-02 -4.076376093708540815e-01 -8.659565169490807124e-01 -2.943648391231206817e-03 -5.001106470321334818e-01 -8.207553555373529264e+00
-4.973897701744700028e-01 2.917706915779953031e-02 8.670363899823554377e-01 5.788820840527292688e+01 1.400096057868239346e-02 9.995740807558336494e-01 -2.560527599062494344e-02 -4.633706529908675487e-01 -8.674142044241661686e-01 -5.964590896897336431e-04 -4.975864305150500821e-01 -8.718017689929515868e+00
-4.948035219192453704e-01 2.874513946797994934e-02 8.685293190231104798e-01 5.878103459626444760e+01 1.365053392660001488e-02 9.995865515458328687e-01 -2.530590578195904619e-02 -5.104359481688370836e-01 -8.688976637527939806e-01 -6.655614358141255169e-04 -4.949913338920441386e-01 -9.171698971048634519e+00
-4.933089122773622326e-01 2.982021943623014079e-02 8.693428885698318842e-01 5.967992190082793513e+01 1.487458882932525539e-02 9.995552620092837959e-01 -2.584617514743632258e-02 -5.634762800401517113e-01 -8.697270124328160268e-01 1.809704131822041054e-04 -4.935330837896475531e-01 -9.656983316515113103e+00
-4.901313766391061644e-01 3.055355960318851399e-02 8.711129088155974420e-01 6.060005431966983735e+01 1.478184775368491556e-02 9.995331046134144914e-01 -2.674078779294879193e-02 -6.188873084969088723e-01 -8.715232315596811441e-01 -2.298397994358161495e-04 -4.903541758532949379e-01 -1.016183860275734929e+01
-4.934601449220765157e-01 3.103933218694499355e-02 8.692143760669052144e-01 6.142676685189648822e+01 1.350256817538030528e-02 9.995159714433911047e-01 -2.802683458570888464e-02 -6.612406443554859070e-01 -8.696636007708460347e-01 -2.093498563798428577e-03 -4.936404080430334407e-01 -1.064635015352305913e+01
-4.964019002843040873e-01 3.272844578019689504e-02 8.674756415092630402e-01 6.230257237867186859e+01 1.218347462131715367e-02 9.994532840041442379e-01 -3.073590759050265700e-02 -7.133904598377389661e-01 -8.680073322090554599e-01 -4.688494577511860897e-03 -4.965292568349070623e-01 -1.112279544799645770e+01
-4.991224713640409760e-01 3.336996248752596705e-02 8.658886710251667562e-01 6.317115494485241101e+01 1.076598419803853450e-02 9.994199031779635867e-01 -3.231022583858408903e-02 -7.654073819544631174e-01 -8.664645777784431013e-01 -6.804615147979239942e-03 -4.991921937124744191e-01 -1.164223901528099070e+01
-5.046790892025658781e-01 3.286266605003815983e-02 8.626813134757348456e-01 6.409408730545737853e+01 1.220122079572461514e-02 9.994469342956333602e-01 -3.093470080635046110e-02 -8.050680508805877489e-01 -8.632208057100985155e-01 -5.086330558511873053e-03 -5.048009343655848191e-01 -1.214498576486184511e+01
-5.110797439918518537e-01 2.998073958894929142e-02 8.590102660372509469e-01 6.498027119577936617e+01 1.325524202701175956e-02 9.995475654347067973e-01 -2.699931420874153790e-02 -8.993398521023856507e-01 -8.594310943867904395e-01 -2.412412702838789402e-03 -5.112459170186330892e-01 -1.263146889592766087e+01
-5.158616180230545245e-01 2.841170349086170541e-02 8.562006498814229705e-01 6.581148957557313395e+01 1.185918782219844494e-02 9.995909531877470444e-01 -2.602471800868635596e-02 -9.215803327320983840e-01 -8.565898451340278053e-01 -3.271307918131181099e-03 -5.159875474057088462e-01 -1.316518744337575875e+01
-5.207907914219236378e-01 3.003976115724850404e-02 8.531556429567441757e-01 6.661724358161464465e+01 1.252750148775289181e-02 9.995420100769230043e-01 -2.754690135564360348e-02 -9.742157716185776417e-01 -8.535924233820711970e-01 -3.658263076768726498e-03 -5.209285988409103618e-01 -1.369402973282362446e+01
-5.258176749581188192e-01 3.285465847585583576e-02 8.499625468212472779e-01 6.749189616564123639e+01 1.377507931385336948e-02 9.994516286348329448e-01 -3.011127998872229969e-02 -1.025331543818824187e+00 -8.504857622403421136e-01 -4.124740850998194659e-03 -5.259819083249048788e-01 -1.422752773750799449e+01
-5.302804983684323847e-01 3.273827857653952705e-02 8.471899345042007701e-01 6.834699077428606984e+01 1.111250816465649341e-02 9.994367306375631088e-01 -3.166596899181828989e-02 -1.078530174970442346e+00 -8.477494423549373215e-01 -7.377439899577970667e-03 -5.303456131908329541e-01 -1.476343848506423129e+01
-5.350244803661213799e-01 3.391171336298662992e-02 8.441556658289576243e-01 6.912997567995645909e+01 1.085965714522642810e-02 9.993875693144589345e-01 -3.326490829115293785e-02 -1.131203819547814460e+00 -8.447667636488092047e-01 -8.630298324874849034e-03 -5.350650857256211701e-01 -1.523146521199161363e+01
-5.374745725073500902e-01 3.210046378391127886e-02 8.426687553360349137e-01 6.997419340815154953e+01 9.862084444188604429e-03 9.994461547140452984e-01 -3.178243378401541391e-02 -1.194933020570408289e+00 -8.432222926740984281e-01 -8.771778748976334986e-03 -5.374934734197440722e-01 -1.577224664174726776e+01
-5.405564599435452866e-01 2.561811362924524757e-02 8.409176017902663114e-01 7.081367940350702384e+01 1.204044951869082981e-02 9.996694827592120802e-01 -2.271459429252689968e-02 -1.251324922354652980e+00 -8.412215836449301598e-01 -2.153493843473997058e-03 -5.406862515011027215e-01 -1.629996798760903687e+01
-5.426117932649255904e-01 1.864377284740578039e-02 8.397766600148126592e-01 7.162983222613536327e+01 1.330886965848855977e-02 9.998189748589551007e-01 -1.359748058003738304e-02 -1.276773229661995135e+00 -8.398781622103541622e-01 3.798325750162539257e-03 -5.427616956124791114e-01 -1.681415814401541553e+01
-5.453333249772877034e-01 1.585170993234788148e-02 8.380693737212275840e-01 7.245285989876505539e+01 1.366242513794479509e-02 9.998564417892282785e-01 -1.002167297235973670e-02 -1.315525015485550675e+00 -8.381079371503907804e-01 5.984908816930132637e-03 -5.454716118797445779e-01 -1.731405642419789714e+01
-5.452993629494820027e-01 1.985795120816363432e-02 8.380061179686307815e-01 7.323941357564027044e+01 1.293888019394125351e-02 9.997996487154534595e-01 -1.527245186591492943e-02 -1.351004864171974518e+00 -8.381415164838359466e-01 2.514803436254156848e-03 -5.454470523520045244e-01 -1.783098706096394537e+01
-5.481909039117845994e-01 2.602602871104717219e-02 8.359481837834685791e-01 7.402793933774189838e+01 1.396630736169113783e-02 9.996611987430753521e-01 -2.196428832767520142e-02 -1.394812720195597766e+00 -8.362366211643932346e-01 -3.655128840044178100e-04 -5.483686648372779748e-01 -1.832839756036156942e+01
-5.462722065651020031e-01 2.995384555512185798e-02 8.370719387926902622e-01 7.480305562478244497e+01 1.935225425106539346e-02 9.995449457698127871e-01 -2.313853080879655147e-02 -1.425611371507796932e+00 -8.373841281449126983e-01 3.559293653485709821e-03 -5.466032987001726573e-01 -1.888881992112560582e+01
-5.472777035280071978e-01 3.091026471707089551e-02 8.363800918357713332e-01 7.556933225150675071e+01 2.256158684695420968e-02 9.994994806316043201e-01 -2.217572947952377305e-02 -1.470970636970214018e+00 -8.366469395595953484e-01 6.733780752470345556e-03 -5.477011662371281675e-01 -1.940946127265428700e+01
-5.483632303463144009e-01 2.955846770308457813e-02 8.357176867053808245e-01 7.642582835880349990e+01 2.299717903064796634e-02 9.995301690221415347e-01 -2.026255000725085340e-02 -1.518152380113800159e+00 -8.359239850567226071e-01 8.107912873305780227e-03 -5.487853548639404222e-01 -1.992457058177703644e+01
-5.480393666500547045e-01 2.481376802799193163e-02 8.360843957320540643e-01 7.724317126028273606e+01 2.171229421637356841e-02 9.996450906604866793e-01 -1.543596328388777833e-02 -1.539354334941081648e+00 -8.361707004687509714e-01 9.693795856315889567e-03 -5.483836273692618279e-01 -2.043671728267186793e+01
-5.448325956995326846e-01 1.711994674258371027e-02 8.383700479425685304e-01 7.803832663444684670e+01 1.885491529079287923e-02 9.997889070461993821e-01 -8.162933641600927590e-03 -1.576816192458456722e+00 -8.383328374463098198e-01 1.135996494239596179e-02 -5.450403817025383235e-01 -2.096696005070376145e+01
-5.444461319739581917e-01 1.216958823859206305e-02 8.387075161750554564e-01 7.882295281172602586e+01 1.032917651264293746e-02 9.999162029253937378e-01 -7.803539104593661818e-03 -1.614793462978787453e+00 -8.387322153220848620e-01 4.414552266397562402e-03 -5.445262119849141325e-01 -2.148659887390417822e+01
-5.431847433682150950e-01 6.182317697521648621e-03 8.395904362716281044e-01 7.963531106610587074e+01 2.898063876532999163e-03 9.999807391251146482e-01 -5.488405972415427714e-03 -1.621266831645892914e+00 -8.396082106315901905e-01 -5.480307453659207005e-04 -5.431921990859888139e-01 -2.196195001414783476e+01
-5.413355928058568578e-01 5.731344081212762405e-03 8.407870805272553705e-01 8.047151967875011280e+01 4.524272424374508814e-03 9.999821462965279295e-01 -3.903593174315525896e-03 -1.663016490099608058e+00 -8.407944567590535101e-01 1.690796829725750398e-03 -5.413518593039898796e-01 -2.250384708282550861e+01
-5.385815196269394534e-01 1.054790760686762086e-02 8.425073741170067132e-01 8.123077685924853597e+01 1.029273821343106368e-02 9.999293911852727978e-01 -5.939037512487890108e-03 -1.691223283816348788e+00 -8.425105446809033616e-01 5.473052980369324735e-03 -5.386520590602311698e-01 -2.298806777140435642e+01
-5.342313926329438356e-01 1.498096861629413627e-02 8.452055233561376335e-01 8.202468900473931512e+01 1.309546627503185671e-02 9.998696414255233700e-01 -9.445046150864220766e-03 -1.713377781668937727e+00 -8.452368541484238662e-01 6.022521256218963878e-03 -5.343579349480065410e-01 -2.349642541367628112e+01
-5.261888465876733978e-01 1.710861938544029279e-02 8.501956126308027883e-01 8.279828873724564176e+01 1.826756155859770789e-02 9.997942910135164674e-01 -8.813161822604257192e-03 -1.738503019415077011e+00 -8.501715155131664980e-01 1.089361427164763953e-02 -5.263931387671288986e-01 -2.398688898423112903e+01
-5.174396868812668471e-01 1.736387291830246080e-02 8.555434840340638836e-01 8.357343809855993300e+01 2.263928078148869788e-02 9.997219282757151548e-01 -6.597655147336587388e-03 -1.786057696678539974e+00 -8.554201572518748131e-01 1.595500162779469808e-02 -5.176889083334931252e-01 -2.447828951110577833e+01
-5.083581621685148155e-01 1.771959386775950190e-02 8.609634031195957382e-01 8.437030932626936419e+01 2.203813055524056833e-02 9.997285235886288479e-01 -7.563060818050324451e-03 -1.815002647322187190e+00 -8.608637011483240009e-01 1.512928126520732622e-02 -5.086106628533635376e-01 -2.490721797746094168e+01
-4.953915682550668609e-01 1.627101840034319083e-02 8.685173771471479398e-01 8.523828504523932281e+01 1.961851038843607370e-02 9.997791071827072384e-01 -7.539950846970094878e-03 -1.839897831497769198e+00 -8.684482256233079234e-01 1.330379018315174661e-02 -4.956013541812062662e-01 -2.539231395395644597e+01
-4.847301509885922344e-01 1.527824917031861927e-02 8.745302979291609269e-01 8.599461750082433298e+01 2.475074975769970403e-02 9.996866346657963254e-01 -3.746040139393043943e-03 -1.837635249214314870e+00 -8.743134985392937431e-01 1.982946309386353356e-02 -4.849564027152040713e-01 -2.583801186521176163e+01
-4.729564516042034095e-01 9.598664335237412290e-03 8.810335104350323077e-01 8.680587602094028910e+01 1.716432773991705824e-02 9.998512723302604988e-01 -1.679000809776434212e-03 -1.888690260906926932e+00 -8.809186078038000467e-01 1.432825475269749148e-02 -4.730508657526155680e-01 -2.626547571694916172e+01
-4.631948109597568974e-01 1.013490231593026578e-02 8.861985311916837915e-01 8.767325325460765839e+01 1.879128927310046854e-02 9.998221276730021589e-01 -1.612585272330857664e-03 -1.903816153584938942e+00 -8.860572597457888611e-01 1.590587293546804476e-02 -4.633028705482772347e-01 -2.669916947374496274e+01
-4.494354511198090374e-01 1.498208503957122566e-02 8.931871573389025265e-01 8.852972707396040164e+01 2.564501770444549758e-02 9.996636447437327044e-01 -3.863987972917441640e-03 -1.913004804362286260e+00 -8.929446352184130520e-01 2.116918844832352958e-02 -4.496684982363210459e-01 -2.710401896370838060e+01
