1 0 0 0 0 1 0 0 0 0 1 0
0.99993679 -0.0021843499 0.011029165 0.016647415 0.0021736948 0.99999716 0.0009779947 -0.0080806921 -0.011031271 -0.00095395885 0.9999387 0.29034627
0.99984143 -0.0035977198 0.017440364 0.027174254 0.0035785895 0.99999296 0.0011279955 -0.0117922 -0.017444301 -0.0010654047 0.99984727 0.58123636
0.99977794 -0.0066388139 0.01999973 0.029569628 0.0066485213 0.99997781 -0.00041890499 -0.017976664 -0.019996507 0.00055178063 0.9997999 0.88265
0.99978662 -0.0081398089 0.018985543 0.015376167 0.00816995 0.99996548 -0.0015105272 -0.02560985 -0.018972594 0.0016653159 0.99981862 1.2176902
0.99987423 -0.011126079 0.011302233 0.029612546 0.011166401 0.99993149 -0.0035107437 -0.02274184 -0.011262399 0.0036365075 0.99992996 1.5152405
0.9999274 -0.012033208 -0.00063508288 0.020648844 0.012030206 0.99991734 -0.0045368603 -0.034099587 0.00068962342 0.0045288909 0.99998951 1.8326333
0.99980563 -0.011350809 -0.016120265 -0.0017399121 0.011269914 0.99992349 -0.0051002759 -0.039980861 0.016176925 0.0049176107 0.99985705 2.1696678
0.99937368 -0.0075265124 -0.03457755 -0.042629925 0.0073411399 0.99995801 -0.0054849124 -0.044010827 0.034617383 0.0052276385 0.99938697 2.5196243
0.9984818 -0.0035625862 -0.054967346 -0.087145064 0.0032117641 0.99997392 -0.0064693938 -0.052379402 0.054988964 0.0062830299 0.99846719 2.8604383
0.99721025 -0.0032884743 -0.074571415 -0.12729561 0.0028039437 0.99997428 -0.0066013029 -0.058328813 0.074591212 0.0063737929 0.99719383 3.2199893
0.99540988 -0.0042168894 -0.095610624 -0.18140779 0.0036374044 0.99997395 -0.0062343648 -0.062765466 0.095634431 0.0058579738 0.99539929 3.6049896
0.99329445 -0.0052095597 -0.11549455 -0.2375101 0.0046178551 0.99997481 -0.0053902013 -0.071827643 0.11551973 0.0048207199 0.99329349 3.9833837
0.99120545 -0.0044008207 -0.13225876 -0.30787393 0.0038067142 0.9999815 -0.0047445153 -0.077443836 0.1322772 0.0041993181 0.99120387 4.3870193
0.9889043 -0.0033270578 -0.14851671 -0.38872754 0.0027295077 0.99998734 -0.004227093 -0.084343036 0.14852891 0.0037748128 0.98890086 4.8013489
0.98681092 -0.0025105087 -0.16185763 -0.46702817 0.0018864272 0.99999018 -0.004009309 -0.093211838 0.16186612 0.0036510972 0.98680597 5.2028302
0.98463857 -0.0041940182 -0.17455458 -0.56569311 0.0033522701 0.99998129 -0.0051168267 -0.10150928 0.17457279 0.0044530708 0.9846342 5.6530023
0.9828498 -0.0067168407 -0.1842855 -0.64729838 0.0055414469 0.99996089 -0.0068923946 -0.11281371 0.18432461 0.0057529803 0.98284859 6.0908108
0.98138311 -0.0058854228 -0.19197018 -0.75194226 0.0043020768 0.99995322 -0.0086636485 -0.12099592 0.19201221 0.0076764878 0.98136252 6.5471816
0.97988391 -0.0064584355 -0.19946382 -0.86661008 0.0043782618 0.99993135 -0.010868157 -0.12732799 0.19952034 0.0097762272 0.97984492 7.0269647
0.97834297 -0.0068467777 -0.20687713 -0.96383307 0.0041868917 0.99990289 -0.013292416 -0.13898125 0.20694807 0.01213837 0.97827663 7.5019996
0.97648875 -0.010389596 -0.21531782 -1.0820463 0.0073181386 0.99985985 -0.015057094 -0.14776173 0.2154441 0.013127358 0.97642794 7.9963247
0.9748275 -0.01587154 -0.22239478 -1.2005154 0.012632836 0.99979254 -0.015977945 -0.1617943 0.22260225 0.012766264 0.97482576 8.5166771
0.97284307 -0.017258861 -0.23082132 -1.331016 0.013338523 0.99973925 -0.018534125 -0.19172405 0.23108103 0.014951979 0.97281961 9.0384235
0.97081123 -0.013610032 -0.23945838 -1.4796612 0.0083970157 0.99970531 -0.022776836 -0.19440653 0.23969783 0.020101273 0.97063943 9.5776155
0.96859692 -0.010527458 -0.24841331 -1.6371861 0.0042321543 0.99965655 -0.025862508 -0.21009443 0.24860028 0.023999022 0.96830881 10.105069
0.96647918 -0.013276911 -0.25640147 -1.7923027 0.0063101264 0.9995887 -0.027975051 -0.23557607 0.25666746 0.025419379 0.96616545 10.669608
0.96396467 -0.015173349 -0.2655972 -1.9629863 0.0075611042 0.99953145 -0.029659962 -0.26597461 0.26592282 0.026582948 0.96362773 11.235392
0.9618579 -0.014860388 -0.27314563 -2.1302059 0.0061935965 0.99945044 -0.032564539 -0.28588064 0.27347946 0.029630706 0.96142135 11.795836
0.95960663 -0.014564831 -0.28096791 -2.3198885 0.0046021935 0.99933811 -0.036085598 -0.30966163 0.28130754 0.033334911 0.95903851 12.410265
0.95707125 -0.015298317 -0.28944875 -2.5049424 0.0035393659 0.99914855 -0.041105258 -0.34031489 0.28983116 0.038316196 0.9563105 12.962201
0.95541411 -0.016253539 -0.29482148 -2.7120983 0.002124357 0.99883633 -0.048181648 -0.381328 0.29526155 0.045407121 0.95433685 13.593736
0.95412438 -0.016776149 -0.29894015 -2.9127897 -8.2177624e-05 0.99841434 -0.056292053 -0.41715374 0.29941052 0.053734187 0.95261009 14.213932
0.95302708 -0.017034912 -0.30240566 -3.1154312 -0.002758351 0.99788762 -0.064905233 -0.46432109 0.30287255 0.062690587 0.95096694 14.842462
0.95161912 -0.015678882 -0.30687979 -3.3497373 -0.007390265 0.99724071 -0.07386715 -0.51267457 0.3071912 0.072561317 0.94887746 15.488964
0.9503452 -0.015117855 -0.31083025 -3.5675066 -0.01066972 0.99664918 -0.081096077 -0.56974562 0.31101474 0.08038574 0.94699946 16.117617
0.94861623 -0.014169147 -0.3161115 -3.8057325 -0.014179836 0.99608989 -0.087200134 -0.63005971 0.31611104 0.087201873 0.94470612 16.793949
0.94694565 -0.012697813 -0.3211428 -4.0514719 -0.01832304 0.99546111 -0.093388674 -0.70012959 0.32087103 0.094318312 0.9424149 17.456648
0.94542633 -0.010508725 -0.3256664 -4.3007262 -0.022920094 0.99485913 -0.098640695 -0.77557399 0.32502881 0.10072182 0.94032516 18.120087
0.94368273 -0.008022155 -0.33075452 -4.5595273 -0.027298974 0.99440916 -0.10200578 -0.85441735 0.32972366 0.10529035 0.93818775 18.846087
0.94182977 -0.0075874029 -0.33600464 -4.8228208 -0.028789575 0.99424915 -0.10314931 -0.93231144 0.33485499 0.10682252 0.93619501 19.508427
0.93983461 -0.0063771411 -0.34157024 -5.1059509 -0.030503471 0.99426585 -0.10249367 -1.0212108 0.34026527 0.10674618 0.93425093 20.24733
0.93748036 -0.0071375718 -0.34796498 -5.3868681 -0.029882057 0.9944471 -0.10090606 -1.1029755 0.34675302 0.10499536 0.93206133 20.954805
0.93495813 -0.0065672503 -0.35469728 -5.6607417 -0.030612185 0.99460581 -0.099106862 -1.1887396 0.35343486 0.10351883 0.92971375 21.678482
0.9323167 -0.0062897697 -0.36158816 -5.9409444 -0.030380881 0.99495217 -0.095640907 -1.27042 0.36036452 0.10015298 0.92741943 22.382168
0.92850333 -0.0033729767 -0.37130874 -6.2918619 -0.032626252 0.99535026 -0.090627746 -1.3599703 0.36988797 0.096262578 0.92407598 23.199691
0.92503182 -0.0014200521 -0.37988696 -6.6091199 -0.033379946 0.99582138 -0.085003255 -1.436118 0.3784203 0.091311324 0.92111907 23.89184
0.92166242 0.00063307421 -0.38799224 -6.9331367 -0.034875779 0.99608576 -0.081220944 -1.5107352 0.38642216 0.088389824 0.91807689 24.678187
0.91763979 0.0018351325 -0.39740891 -7.271855 -0.036320493 0.99619162 -0.079265922 -1.5878327 0.39574999 0.087171653 0.91421172 25.412684
0.91392193 0.0038861128 -0.4058714 -7.627808 -0.03911181 0.99614404 -0.07853229 -1.6648043 0.40400122 0.087646748 0.91054988 26.193642
0.91071367 0.0036376771 -0.41302223 -7.986859 -0.039094538 0.99623107 -0.07742915 -1.7346085 0.41118395 0.0866627 0.90742347 26.930406
0.90655268 0.0046140434 -0.42206746 -8.3636636 -0.040351894 0.99630777 -0.075779609 -1.8115585 0.42015947 0.08572943 0.90339166 27.724292
0.90273146 0.0040657039 -0.43018526 -8.7519971 -0.039339869 0.99654584 -0.073135175 -1.8833096 0.42840202 0.082944856 0.89977324 28.492107
0.89913805 0.005181024 -0.43763444 -9.1563072 -0.039366204 0.99683424 -0.069078264 -1.9579903 0.43589113 0.079338904 0.89649555 29.28548
0.8952625 0.0055010071 -0.44550508 -9.5751165 -0.037841697 0.99724942 -0.063730751 -2.0178244 0.44392914 0.073914421 0.89300817 30.090274
0.89182519 0.0054501845 -0.45234734 -9.9824617 -0.036183919 0.99758308 -0.059318834 -2.083709 0.45093079 0.069269731 0.88986693 30.881182
0.88873987 0.0050315629 -0.45838424 -10.409692 -0.035217826 0.9977339 -0.057330336 -2.1562375 0.45705708 0.067095052 0.8869031 31.737999
0.8846108 0.0057484645 -0.46629462 -10.851492 -0.036145162 0.99776105 -0.056270872 -2.2164381 0.46492718 0.066632116 0.88283798 32.528324
0.88153818 0.0035199984 -0.47209959 -11.302298 -0.033037445 0.99798075 -0.054248885 -2.2640469 0.47095539 0.063419428 0.87987443 33.325051
0.87884134 0.002560484 -0.47710725 -11.759277 -0.031658305 0.99809474 -0.052958782 -2.330706 0.47606268 0.061646775 0.87724798 34.196623
0.87551971 0.0014552762 -0.48318019 -12.24254 -0.030861676 0.99812202 -0.052914959 -2.3917884 0.48219583 0.061239841 0.87392041 35.032776
0.87405351 0.0013960414 -0.48582764 -12.724855 -0.031173356 0.99809633 -0.053215983 -2.4551176 0.48482853 0.061658495 0.87243312 35.868273
0.87249338 0.0018299169 -0.48862248 -13.211658 -0.032171702 0.99803826 -0.053708679 -2.5152163 0.48756569 0.062580285 0.87084064 36.747606
0.87251316 0.0020347644 -0.48858636 -13.707312 -0.031877922 0.99809772 -0.052770631 -2.5767921 0.4875496 0.061618189 0.87091826 37.594364
0.87179459 0.0022352419 -0.48986648 -14.229508 -0.031331079 0.99819664 -0.051203854 -2.638831 0.48886867 0.059987289 0.87029246 38.511906
0.87149921 0.00047013939 -0.49039665 -14.727496 -0.029071069 0.99829042 -0.050706047 -2.7009408 0.48953449 0.058446636 0.87002299 39.396874
0.87115101 -0.0016131208 -0.49101253 -15.252323 -0.027092806 0.99831328 -0.051347617 -2.7640647 0.4902672 0.058034436 0.86963791 40.285022
0.86998973 -0.0021206914 -0.49306527 -15.792091 -0.02711659 0.99827159 -0.052139504 -2.8344402 0.49232366 0.058731082 0.86842852 41.230985
0.86893689 -0.0044185094 -0.49490316 -16.313649 -0.02347238 0.99846702 -0.050126475 -2.8902783 0.49436601 0.055173299 0.86750111 42.115379
0.86627014 -0.0028055196 -0.49956796 -16.83947 -0.023479595 0.99865054 -0.046322835 -2.9554108 0.49902381 0.051857743 0.86503528 43.048712
0.86253636 -0.0027885949 -0.50598738 -17.411372 -0.021458872 0.99888356 -0.042085116 -3.0217325 0.50553987 0.047157862 0.86151355 43.953466
0.86022968 -0.0056238312 -0.50987571 -17.92486 -0.017203984 0.99904977 -0.040044786 -3.0830757 0.50961646 0.043219608 0.85931551 44.863661
0.85428528 -0.0085069736 -0.51973481 -18.50541 -0.015636478 0.99899301 -0.042053022 -3.1450968 0.51956923 0.0440521 0.85329201 45.772653
0.84984501 -0.010748245 -0.52692305 -19.080438 -0.015617276 0.9988394 -0.045562694 -3.2071605 0.52680127 0.046950331 0.84869082 46.646724
0.84386266 -0.011667844 -0.53643233 -19.655335 -0.015068066 0.9988539 -0.045429492 -3.2664056 0.53634764 0.04641925 0.8427197 47.576144
0.83769322 -0.0063014923 -0.54610469 -20.260605 -0.01865171 0.99902003 -0.040138324 -3.3267484 0.5458225 0.043809389 0.83675478 48.457931
0.83353054 -0.004648026 -0.55245381 -20.858871 -0.017616936 0.99923248 -0.034987019 -3.3902491 0.55219246 0.038895293 0.83280891 49.325818
0.828466 -0.0034799854 -0.56002853 -21.459438 -0.020479853 0.9991236 -0.036504919 -3.4478304 0.5596648 0.041712386 0.82766866 50.211707
0.82528992 -0.0054115654 -0.56468331 -22.091514 -0.02160028 0.9989198 -0.04114202 -3.4971845 0.56429603 0.046151412 0.82428155 51.088431
0.82330523 -0.0088692381 -0.56752957 -22.698835 -0.02239562 0.99859168 -0.048094721 -3.5648655 0.56715692 0.052306812 0.82194711 51.946676
0.8191633 -0.0069369168 -0.57351838 -23.326372 -0.026306063 0.99842021 -0.049649529 -3.629425 0.57295681 0.055758083 0.81768671 52.79946
0.81679751 -0.006276581 -0.57689028 -23.930927 -0.024863225 0.99862884 -0.046068021 -3.6917316 0.57638847 0.051971598 0.8155215 53.653714
0.81307597 -0.0060562491 -0.58212606 -24.581709 -0.021247005 0.99897097 -0.040069405 -3.7515851 0.58176976 0.044947906 0.81211062 54.548417
0.81070063 -0.0032231962 -0.58545202 -25.207758 -0.022781408 0.99905383 -0.037046668 -3.8180157 0.58501754 0.043371179 0.80986014 55.429699
0.80688732 -0.0015546481 -0.59070331 -25.855581 -0.025580717 0.99896646 -0.037571816 -3.8715252 0.59015125 0.045426836 0.80601361 56.258372
0.8035551 -0.0032015001 -0.59522174 -26.500977 -0.025172987 0.99890809 -0.039356569 -3.9298058 0.59469786 0.046608681 0.80259711 57.134156
0.79983903 -0.0058833569 -0.6001857 -27.146261 -0.024149351 0.99882682 -0.041973754 -3.9882408 0.59972857 0.048066343 0.7987586 57.976525
0.79571458 -0.0074659011 -0.60562574 -27.795494 -0.023094808 0.99882283 -0.042656684 -4.0414843 0.60523134 0.047929356 0.79460546 58.800348
0.79096713 -0.0081394359 -0.61180448 -28.481356 -0.021746274 0.99890581 -0.04140394 -4.1040374 0.6114721 0.046053623 0.78992466 59.652284
0.78766365 -0.0067642774 -0.61606834 -29.143566 -0.023273083 0.99889939 -0.040723067 -4.1674883 0.6156658 0.046413889 0.78663931 60.517919
0.78135792 -0.010961737 -0.62398686 -29.84091 -0.01903385 0.99896203 -0.041383256 -4.2221542 0.62379287 0.044212007 0.78033825 61.355085
0.77675267 -0.009721915 -0.62973068 -30.532254 -0.022005902 0.99885136 -0.042564052 -4.2906985 0.62942121 0.046919533 0.77564653 62.183119
0.7712369 -0.011041873 -0.63645243 -31.232852 -0.021375193 0.99883642 -0.043230822 -4.3513971 0.63618927 0.046945499 0.77010348 63.008186
0.76530517 -0.011924887 -0.64355712 -31.95148 -0.021650676 0.99878569 -0.044253693 -4.4128301 0.64330341 0.047801027 0.76411767 63.826697
0.75952755 -0.012715979 -0.65035081 -32.626448 -0.022195352 0.99872007 -0.045448829 -4.4819478 0.65009638 0.048954403 0.75827317 64.662339
0.75312142 -0.015847144 -0.65769062 -33.401459 -0.018828842 0.9987811 -0.045626668 -4.5393171 0.65761207 0.046745974 0.75190506 65.495612
0.74750118 -0.014295019 -0.66410662 -34.147618 -0.019922149 0.99883622 -0.043923987 -4.604053 0.66396169 0.046063663 0.74634647 66.311274
0.74154023 -0.015131987 -0.6707377 -34.896509 -0.018586795 0.99889854 -0.043084166 -4.6760143 0.67065092 0.044415507 0.7404422 67.119495
0.73336102 -0.017475921 -0.67961472 -35.647696 -0.016807038 0.99889796 -0.043822311 -4.7352175 0.67963164 0.043559886 0.73225911 67.913538
0.72782247 -0.019678918 -0.68548315 -36.449156 -0.015647534 0.99885136 -0.045289136 -4.8052678 0.68558708 0.043688572 0.72667854 68.741309
0.72345373 -0.01804132 -0.69013706 -37.230832 -0.018472257 0.99879471 -0.045474151 -4.8647266 0.69012572 0.045646834 0.7222485 69.504996
0.71763527 -0.018855529 -0.69616381 -38.01328 -0.017061645 0.99885735 -0.044641822 -4.931148 0.69621014 0.043914246 0.71649356 70.339479
0.71257264 -0.017403204 -0.70138243 -38.827858 -0.019272564 0.99882953 -0.044363721 -4.9968106 0.70133361 0.045129812 0.71140319 71.114019
0.70718346 -0.018196322 -0.70679587 -39.626623 -0.019434792 0.99879074 -0.04515912 -5.0614797 0.70676296 0.045672214 0.70597465 71.933671
0.70144011 -0.020603105 -0.71243052 -40.461564 -0.019108119 0.99867918 -0.047694604 -5.135538 0.71247225 0.047068115 0.70011994 72.728389
0.69701936 -0.021243114 -0.71673754 -41.278613 -0.021660978 0.9984811 -0.050658666 -5.2076695 0.71672509 0.050835307 0.69550051 73.51818
0.69176526 -0.021804641 -0.72179314 -42.121145 -0.022000403 0.99844365 -0.051247118 -5.2779662 0.72178726 0.051330716 0.69020892 74.306508
0.68788758 -0.021781548 -0.72549032 -43.017394 -0.021156191 0.99852319 -0.050038518 -5.3518136 0.72550888 0.049769487 0.68641089 75.106906
0.68268475 -0.021226856 -0.73040462 -43.804594 -0.021061993 0.99859103 -0.048706768 -5.4241708 0.73040945 0.048635146 0.68127579 75.871453
0.67690951 -0.022216906 -0.73573085 -44.680488 -0.020217746 0.99860606 -0.048756308 -5.5034969 0.73578856 0.047878428 0.67551676 76.678978
0.6737782 -0.023296005 -0.7385663 -45.544686 -0.019530576 0.9985923 -0.04931512 -5.5692848 0.73867553 0.047652079 0.67237474 77.435245
0.66910397 -0.025379149 -0.7427353 -46.456881 -0.01683903 0.9986424 -0.04929314 -5.6437816 0.74297804 0.045489178 0.66776824 78.240246
0.66672015 -0.025103193 -0.74488524 -47.338991 -0.017010328 0.99865975 -0.04888092 -5.7186031 0.74511404 0.045260636 0.66539957 79.032689
0.66227639 -0.026568423 -0.74878839 -48.205043 -0.016234225 0.99862767 -0.049791778 -5.7946548 0.74908376 0.045131919 0.66093622 79.786425
0.657922 -0.032241996 -0.75239554 -49.10951 -0.011584514 0.99853159 -0.052919449 -5.8722164 0.752997 0.043533006 0.6565824 80.559495
0.65333925 -0.03639726 -0.7561898 -50.00439 -0.0077243353 0.99847117 -0.054732589 -5.9479808 0.7570259 0.041600012 0.65205926 81.354752
0.64771446 -0.039191926 -0.76087444 -50.933485 -0.0039874665 0.99848798 -0.05482561 -6.0359421 0.76187278 0.038545302 0.64657883 82.124679
0.63793921 -0.044634258 -0.7687921 -51.858203 0.0035697648 0.99847958 -0.055007201 -6.1110711 0.77007848 0.032346844 0.63712861 82.871731
0.63060038 -0.044152066 -0.77485076 -52.79347 0.0039438138 0.99854991 -0.05368914 -6.1990678 0.77609771 0.030800525 0.62986008 83.642604
0.62147605 -0.044625964 -0.7821611 -53.761761 0.007448143 0.99866778 -0.05106067 -6.2695517 0.78339779 0.025907336 0.62098049 84.376078
0.61216875 -0.043193911 -0.78954649 -54.740798 0.0056878058 0.99872162 -0.05022731 -6.3627032 0.79070672 0.026256802 0.61163184 85.163179
0.60324292 -0.043222668 -0.79638541 -55.689122 0.0017477706 0.99859968 -0.05287366 -6.4370838 0.79755562 0.030503762 0.60247374 85.875799
0.59255321 -0.046064293 -0.80421311 -56.69012 0.0037684287 0.9985112 -0.054416816 -6.5202325 0.80552253 0.029214239 0.59184461 86.555886
0.58324637 -0.046566626 -0.81095941 -57.703374 0.0018251033 0.99842805 -0.056018759 -6.602039 0.81229329 0.031192654 0.58241453 87.305423
0.57413676 -0.049295041 -0.81727408 -58.71696 0.0078272992 0.99847076 -0.05472548 -6.6803888 0.81872203 0.025022861 0.57364461 87.98362
0.56303379 -0.048862659 -0.82498808 -59.741885 0.0086088063 0.99854321 -0.053266742 -6.7678513 0.82638907 0.022888813 0.56263422 88.72443
0.55342956 -0.04946169 -0.831426 -60.772137 0.0092325822 0.99853812 -0.053257655 -6.8497944 0.83284484 0.021798152 0.55307718 89.3614
0.54309249 -0.051534875 -0.83808988 -61.805119 0.0095493972 0.99842931 -0.055206159 -6.9254521 0.83961862 0.021978797 0.54273158 90.018128
0.53253104 -0.051416668 -0.8448473 -62.852985 0.0077096681 0.99840646 -0.055902524 -7.0146031 0.8463754 0.023256337 0.53207884 90.682643
0.52413898 -0.051234556 -0.85009016 -63.930351 0.0044929394 0.99834119 -0.057399374 -7.104144 0.85162092 0.026265846 0.52349973 91.338802
0.51564623 -0.052227809 -0.85520825 -65.035087 0.0055258291 0.99832237 -0.05763604 -7.1897416 0.85678381 0.024994072 0.51506977 91.968998
0.50606997 -0.048930029 -0.86110335 -66.102351 0.0023289312 0.99846339 -0.055366456 -7.2809197 0.86248932 0.02601385 0.50540629 92.612495
0.49759224 -0.047559608 -0.86610622 -67.171172 0.0034827917 0.99859723 -0.05283403 -7.3636015 0.86740412 0.023273336 0.49705987 93.188995
0.48995326 -0.048925292 -0.87037466 -68.312926 0.0060288284 0.99859014 -0.052738748 -7.4476058 0.8717279 0.020592182 0.48955746 93.820846
0.48285528 -0.051170203 -0.87420382 -69.42727 0.005886234 0.99845841 -0.055192071 -7.5420497 0.87568042 0.021504014 0.48241211 94.43339
0.47589795 -0.054444724 -0.87781368 -70.541367 0.0084255325 0.99831852 -0.057350989 -7.6298764 0.87946019 0.01989717 0.47555646 95.032393
0.47037274 -0.05862336 -0.88051844 -71.665207 0.011190259 0.99810702 -0.060474366 -7.7206462 0.88239692 0.018592264 0.47013834 95.609225
0.46494786 -0.061075402 -0.88322886 -72.799069 0.011222306 0.99794409 -0.063100349 -7.8214286 0.88526697 0.019426508 0.46467738 96.198928
0.46066205 -0.062287659 -0.88538729 -73.929735 0.014102839 0.99792227 -0.06286695 -7.916095 0.88746361 0.016473943 0.46058335 96.788174
0.45533354 -0.059857304 -0.88830648 -75.05716 0.015700373 0.99812212 -0.059209287 -8.0153761 0.89018253 0.013013231 0.45541826 97.377864
0.44891534 -0.057370761 -0.89173065 -76.169286 0.018574283 0.99832031 -0.054877687 -8.1115054 0.89338126 0.0080721774 0.44922692 97.944632
0.44443803 -0.057128596 -0.89398607 -77.230473 0.020131849 0.99834934 -0.053789359 -8.1917951 0.89558339 0.0059084439 0.44485452 98.454103
0.44180911 -0.058698552 -0.89518664 -78.365696 0.023750819 0.99827267 -0.053736093 -8.2910107 0.89679467 0.0024796792 0.4424401 99.020101
0.4397957 -0.056953202 -0.89629013 -79.472641 0.024793152 0.99837679 -0.051274506 -8.3780988 0.89775559 0.00032844923 0.44049388 99.559975
0.43675128 -0.055651763 -0.89785919 -80.571582 0.026071402 0.9984484 -0.049204482 -8.4551556 0.89920446 -0.001918328 0.43752454 100.1103
0.43618812 -0.056924019 -0.89805318 -81.713434 0.02874982 0.99836922 -0.049318749 -8.5482264 0.89939615 -0.0043066156 0.43711336 100.655
0.43121485 -0.056775302 -0.90046113 -82.802024 0.029684838 0.99837062 -0.048733087 -8.6341022 0.90176085 -0.0057156132 0.4321976 101.22285
0.4310651 -0.055767786 -0.90059578 -83.879402 0.032795211 0.99839712 -0.046126716 -8.7115619 0.90172469 -0.0096516118 0.43220307 101.72849
0.42942694 -0.055592847 -0.90138886 -84.994798 0.035882674 0.99836568 -0.044479144 -8.7956579 0.9023885 -0.013243701 0.43071994 102.22318
0.42741907 -0.056946135 -0.90225828 -86.081653 0.038433962 0.99825646 -0.044798081 -8.877637 0.90323631 -0.015529807 0.42886252 102.75397
0.42843709 -0.059037682 -0.9016408 -87.143898 0.04075371 0.99811028 -0.045989175 -8.955489 0.90265213 -0.01704174 0.43003347 103.20958
0.42532379 -0.059439958 -0.9030872 -88.126363 0.039972152 0.998101 -0.046868094 -9.0277078 0.90415815 -0.016164225 0.42689205 103.664
0.4263452 -0.060123506 -0.90256017 -89.199778 0.039338973 0.99807699 -0.047903627 -9.1122699 0.90370476 -0.01508231 0.42789053 104.15839
0.42969826 -0.058716064 -0.90106146 -90.220051 0.034108726 0.99822689 -0.048781905 -9.185371 0.90232814 -0.0097725593 0.43093909 104.68757
0.43203591 -0.059852586 -0.89986809 -91.270216 0.03484915 0.99815808 -0.049658677 -9.2727987 0.90118288 -0.0099053072 0.43332594 105.14304
0.4380654 -0.061637517 -0.89682744 -92.298849 0.036321123 0.99804548 -0.050852613 -9.3542914 0.89820908 -0.01029701 0.43944794 105.64147
0.44457155 -0.059775793 -0.89374657 -93.226389 0.031945081 0.99819419 -0.050871217 -9.4278558 0.89517357 -0.0059349112 0.44567828 106.10785
0.45100939 -0.058340064 -0.89061041 -94.270149 0.029833283 0.99828919 -0.050285921 -9.5052 0.8920205 -0.0038904107 0.45197827 106.60207
0.46013442 -0.057645361 -0.88597588 -95.277658 0.029884448 0.99833015 -0.049435025 -9.5809122 0.88734622 -0.0037301447 0.46108876 107.12975
0.46763158 -0.057610979 -0.882044 -96.24596 0.030253258 0.99833228 -0.049167073 -9.6607744 0.88340563 -0.0036926288 0.46859462 107.6419
0.47681519 -0.057286663 -0.87713479 -97.212706 0.029441747 0.99835497 -0.049198998 -9.7348458 0.8785104 -0.0023655523 0.47771743 108.2017
0.48634514 -0.058192008 -0.87182684 -98.205504 0.028955215 0.99830517 -0.050481532 -9.8099863 0.87328693 -0.00069248662 0.48720583 108.70176
0.497383 -0.059058683 -0.86551843 -99.13802 0.026327726 0.99824814 -0.052985882 -9.8871027 0.86713152 0.0035671442 0.49806654 109.23469
0.50769462 -0.059271137 -0.85949581 -100.09383 0.023941579 0.99821602 -0.054695308 -9.9659194 0.86120441 0.0071908262 0.50820795 109.78491
0.52070703 -0.058299314 -0.85174252 -101.01241 0.023094442 0.99826248 -0.054209551 -10.040434 0.85342305 0.0085567757 0.52114868 110.36113
0.53362122 -0.05577029 -0.84388269 -101.95091 0.021556752 0.99839608 -0.052350521 -10.117401 0.84544885 0.009743979 0.53396757 110.921
0.54603739 -0.054268522 -0.83600122 -102.84198 0.022085378 0.99848535 -0.050390934 -10.192157 0.83746968 0.0090519312 0.54640888 111.51094
0.55733736 -0.05155361 -0.82868404 -103.74499 0.018249602 0.99858998 -0.0498498 -10.267434 0.83008559 0.012660001 0.55749233 112.1002
0.56839388 -0.052276887 -0.82109407 -104.60591 0.019137905 0.99854942 -0.050326983 -10.337692 0.82253401 0.012891528 0.56856984 112.70237
0.57926727 -0.053300791 -0.81339314 -105.47181 0.019392461 0.99847856 -0.051618679 -10.414658 0.814907 0.014127317 0.57941959 113.32859
0.59030376 -0.054810533 -0.80531809 -106.32978 0.021181903 0.99840017 -0.052425358 -10.484775 0.80690325 0.013888716 0.59052037 113.92128
0.60075906 -0.053477488 -0.79763943 -107.15779 0.019198891 0.99843741 -0.052479875 -10.560898 0.79919961 0.016213968 0.60084703 114.55075
0.61112954 -0.052329294 -0.78979889 -107.96705 0.020084812 0.99851616 -0.050616967 -10.633664 0.79127577 0.015070561 0.61127374 115.17968
0.62140066 -0.050847128 -0.78184125 -108.7729 0.021582828 0.99862412 -0.04779178 -10.702948 0.78319566 0.012823498 0.62164311 115.7964
0.63177842 -0.049025699 -0.77359709 -109.55259 0.020423229 0.99870425 -0.046612403 -10.768536 0.77487998 0.013649359 0.63196105 116.43618
0.64141612 -0.048147968 -0.7656808 -110.32913 0.018470548 0.99870859 -0.047328446 -10.845935 0.76697083 0.016214684 0.64147711 117.07819
0.65048982 -0.047570236 -0.75802376 -111.0806 0.016660058 0.99869021 -0.048376757 -10.909176 0.75933226 0.018839868 0.65043034 117.70332
0.65987891 -0.047268451 -0.74988363 -111.83738 0.017010462 0.99870326 -0.047983859 -10.98032 0.75117941 0.018907669 0.65982728 118.37321
0.66857536 -0.046510229 -0.74218848 -112.55948 0.018228793 0.99876734 -0.046168294 -11.046136 0.74342097 0.017337784 0.66859906 119.03124
0.67696932 -0.044985446 -0.73463515 -113.26805 0.018193387 0.99884819 -0.044399273 -11.107198 0.73578637 0.016691444 0.67700802 119.66939
0.68590404 -0.044263717 -0.72634449 -113.9748 0.018436738 0.99888494 -0.043462198 -11.171357 0.72745844 0.016419474 0.6859553 120.31466
0.69276243 -0.042630525 -0.71990473 -114.64288 0.016399162 0.99892438 -0.043372333 -11.231237 0.72097943 0.018240888 0.69271638 120.9674
0.70048113 -0.04162025 -0.71245624 -115.33798 0.015912738 0.9989607 -0.042711988 -11.292434 0.71349353 0.018581812 0.70041541 121.64191
0.70790803 -0.039145845 -0.70521896 -115.99788 0.015184552 0.99907566 -0.04021502 -11.348876 0.70614141 0.017760101 0.7078481 122.29606
0.71500188 -0.036551051 -0.69816638 -116.66189 0.014197061 0.99918557 -0.03777088 -11.407154 0.6989784 0.01709434 0.71493848 122.97976
0.72200773 -0.035469709 -0.69097517 -117.27678 0.01405117 0.9992308 -0.036611117 -11.459788 0.69174232 0.0167245 0.72195076 123.62086
0.72984106 -0.033806912 -0.6827804 -117.92614 0.012649924 0.99927332 -0.035955794 -11.516925 0.68349985 0.017604894 0.72973836 124.27895
0.73784169 -0.031031838 -0.67426006 -118.53533 0.010104166 0.99933847 -0.034936126 -11.560891 0.67489821 0.018964494 0.73766713 124.93856
0.74576413 -0.028445939 -0.66560247 -119.11429 0.0093046301 0.9994353 -0.032287766 -11.611172 0.66614512 0.017885873 0.74560768 125.59769
0.75523403 -0.024865969 -0.65498336 -119.69117 0.0073670321 0.99953904 -0.029452159 -11.652685 0.65541385 0.017417989 0.75506909 126.25798
0.76489667 -0.022511699 -0.64375948 -120.2537 0.0057780051 0.99958871 -0.028089471 -11.700099 0.64412711 0.017765897 0.76471215 126.89827
0.77498678 -0.022023077 -0.63159357 -120.79489 0.0045273194 0.99956045 -0.029298564 -11.743028 0.63196125 0.019846574 0.77474585 127.58586
0.78519917 -0.022730004 -0.61882597 -121.31845 0.0047983248 0.99951943 -0.03062483 -11.792815 0.61922473 0.021077263 0.7849309 128.23164
0.79456493 -0.021816671 -0.60678709 -121.82901 0.0043197196 0.99953209 -0.030281074 -11.832994 0.60716385 0.02143913 0.79428739 128.89482
0.80486697 -0.020764481 -0.59309186 -122.34789 0.0044483367 0.99957071 -0.028958832 -11.869475 0.59343862 0.020669735 0.80461382 129.59227
0.81463054 -0.018531906 -0.57968407 -122.83168 0.0040622563 0.99964718 -0.026249004 -11.907542 0.57996604 0.019028415 0.81441841 130.28951
0.82440084 -0.017236993 -0.56574386 -123.31572 0.0045485188 0.99970566 -0.023830779 -11.948851 0.56598816 0.017072817 0.82423659 130.97963
0.83295825 -0.015915993 -0.55310687 -123.7855 0.0049180124 0.9997597 -0.021362363 -11.979977 0.55331401 0.01507377 0.83283637 131.69239
0.8411628 -0.015318033 -0.54056496 -124.22203 0.0057799643 0.99979631 -0.019337218 -12.012839 0.5407511 0.013141302 0.84108001 132.39384
0.84820264 -0.015507985 -0.52944477 -124.67865 0.0069699793 0.99981154 -0.018119185 -12.042387 0.52962603 0.011678521 0.84815088 133.10036
0.85477896 -0.015420834 -0.51876306 -125.10442 0.0073302779 0.99981749 -0.017642452 -12.074018 0.51894048 0.011277719 0.85473599 133.79604
0.86163186 -0.014583465 -0.5073242 -125.55268 0.0069232173 0.99983181 -0.016982726 -12.101068 0.50748658 0.011120542 0.86158791 134.52953
0.86819144 -0.012804839 -0.49606414 -125.96274 0.0052328271 0.99984767 -0.016650655 -12.131536 0.49620183 0.011860138 0.8681262 135.27699
0.87439824 -0.011819088 -0.48506494 -126.39023 0.0046352172 0.99986114 -0.016006973 -12.149758 0.48518682 0.011748087 0.87433161 136.02998
0.87958304 -0.012406004 -0.47558358 -126.78385 0.0052938034 0.99985327 -0.016291236 -12.183442 0.47571595 0.011811849 0.87951966 136.77006
0.88470239 -0.013263577 -0.46596754 -127.18838 0.0060101281 0.99983659 -0.017048903 -12.216439 0.46611756 0.01228268 0.88463754 137.54177
0.8891242 -0.014010496 -0.45745146 -127.57881 0.0066764546 0.99982202 -0.017645162 -12.242863 0.4576173 0.012634586 0.8890595 138.30146
0.89279838 -0.013359452 -0.45025832 -128.00173 0.0065233745 0.99983875 -0.016730928 -12.271839 0.45040927 0.012000142 0.89274156 139.08387
0.89594622 -0.0117904 -0.44400601 -128.38363 0.0062274645 0.99988281 -0.013985273 -12.295964 0.4441189 0.0097650203 0.89591465 139.87192
0.8991067 -0.0080294253 -0.43765586 -128.76965 0.0040857044 0.99994213 -0.00995183 -12.319623 0.43771048 0.0071596244 0.89908748 140.65026
0.90178771 -0.0054436392 -0.43214498 -129.1895 0.002519378 0.9999699 -0.0073390448 -12.33711 0.43217196 0.0055295236 0.90177427 141.48997
0.90559853 -0.0025279306 -0.42412839 -129.56787 0.00052377514 0.99998814 -0.0048418611 -12.358358 0.42413563 0.0041626341 0.90558912 142.30241
0.90859547 -0.0006973583 -0.41767664 -129.968 -0.0004189802 0.99999658 -0.0025810385 -12.366226 0.41767704 0.0025201178 0.90859207 143.15508
0.9116427 0.00068734106 -0.41098309 -130.36655 -0.00061910441 0.99999976 0.00029913351 -12.384689 0.41098324 -1.826176e-05 0.91164291 143.98915
0.91502654 0.00072459196 -0.40339298 -130.75685 7.621006e-05 0.99999806 0.0019691088 -12.402558 0.40339366 -0.0018325297 0.9150247 144.86015
0.91820665 0.00048452539 -0.39610137 -131.12653 0.00085288844 0.99999452 0.0032003182 -12.414207 0.39610078 -0.0032763841 0.9182012 145.75675
0.92192738 -0.00012566298 -0.38736273 -131.49936 0.0014675373 0.9999939 0.0031683492 -12.412134 0.38736 -0.0034894575 0.92192194 146.66068
0.92593651 -0.0030802323 -0.37766662 -131.89228 0.0043816524 0.99998705 0.0025867766 -12.436271 0.37765379 -0.0040499951 0.92593802 147.55381
0.92970491 -0.0044572804 -0.36827829 -132.26153 0.0053968833 0.99998428 0.0015213988 -12.442562 0.36826575 -0.0034020073 0.92971435 148.4785
0.93417765 -0.0051204563 -0.35677149 -132.62541 0.0053459906 0.99998565 -0.00035394747 -12.461932 0.35676821 -0.0015766475 0.93419161 149.4105
0.93895708 -0.0038478535 -0.34401278 -132.98545 0.0035853112 0.99999259 -0.0013992853 -12.472732 0.34401564 8.0475667e-05 0.93896392 150.37115
0.94480771 -0.00048890474 -0.32762501 -133.33863 0.00041579893 0.99999987 -0.00029318499 -12.484804 0.32762514 0.00014077705 0.94480779 151.35712
0.95090748 0.0036093904 -0.30945425 -133.6633 -0.0029533004 0.99999229 0.0025885807 -12.492578 0.30946124 -0.0015475896 0.9509108 152.37878
0.95720374 0.0062525652 -0.28934738 -133.97782 -0.0052540703 0.99997726 0.0042274708 -12.504266 0.28936726 -0.0025262997 0.95721482 153.36975
0.96338767 0.0081884682 -0.26798722 -134.27441 -0.0070565166 0.99996165 0.0051867903 -12.52091 0.26801943 -0.0031058339 0.9634085 154.41028
0.96908006 0.0095881139 -0.24656013 -134.55846 -0.0082669594 0.99994539 0.0063929446 -12.516807 0.24660798 -0.0041569729 0.96910641 155.4716
0.97425402 0.010404542 -0.2252129 -134.79978 -0.0086398169 0.99992378 0.0088199776 -12.541225 0.22528753 -0.0066471007 0.97426965 156.5446
0.97924444 0.012235887 -0.20231315 -135.04482 -0.0099621804 0.9998753 0.012253045 -12.531413 0.20243786 -0.0099832461 0.97924422 157.63874
0.98357216 0.014112182 -0.17996293 -135.25335 -0.011335848 0.99980049 0.016446398 -12.54116 0.18015914 -0.014136187 0.98353589 158.73578
0.98741699 0.016051137 -0.15732148 -135.44481 -0.013089835 0.99971745 0.01984139 -12.531165 0.15759552 -0.017532414 0.9873481 159.86248
0.99064349 0.017416359 -0.13535928 -135.60883 -0.014882384 0.99969497 0.019709845 -12.529789 0.13566128 -0.017510961 0.99060052 160.96366
0.99331816 0.017495726 -0.11407424 -135.73942 -0.015534747 0.99971627 0.018056804 -12.522636 0.1143578 -0.016164037 0.99330812 162.11938
0.99564641 0.017470317 -0.091558837 -135.86987 -0.016006906 0.99973252 0.016693387 -12.516173 0.091825993 -0.015155137 0.99565974 163.29972
0.99729487 0.016085312 -0.071723099 -135.96844 -0.014789696 0.99971838 0.018558803 -12.509903 0.072001431 -0.017447837 0.99725191 164.47899
0.99850393 0.016563835 -0.052110849 -136.02067 -0.015514461 0.99966993 0.020477848 -12.509442 0.052432845 -0.01963874 0.99843133 165.66909
0.999389 0.016777983 -0.030661614 -136.08835 -0.016129196 0.99964332 0.021285851 -12.504828 0.031007814 -0.020778298 0.99930315 166.89062
0.99978146 0.017909849 -0.01078263 -136.1131 -0.017670503 0.99960404 0.021897952 -12.488898 0.01117055 -0.021702633 0.99970206 168.08561
0.99978241 0.018550048 0.0095410361 -136.11382 -0.018757412 0.99957925 0.022124081 -12.485873 -0.0091266198 -0.022298233 0.9997097 169.33163
0.99934064 0.020270771 0.030122665 -136.10821 -0.020933932 0.99954173 0.02186547 -12.468255 -0.029665633 -0.022481639 0.99930702 170.54413
0.998489 0.021781213 0.050450918 -136.03913 -0.022856292 0.99952171 0.020831334 -12.459603 -0.04997306 -0.02195298 0.99850927 171.80169
0.99722733 0.021723862 0.071173923 -135.94366 -0.023109188 0.99955807 0.018698583 -12.455025 -0.070736269 -0.02029151 0.99728864 173.07798
0.99575598 0.023774002 0.088909078 -135.85695 -0.025290991 0.99955249 0.015974644 -12.449808 -0.088489516 -0.018155446 0.99591164 174.34583
0.99377965 0.024198396 0.10870349 -135.74359 -0.025876783 0.99956632 0.014055825 -12.446662 -0.10831623 -0.016781289 0.99397484 175.61987
0.99126013 0.02396402 0.12972698 -135.57638 -0.02564294 0.99960745 0.011286849 -12.449267 -0.12940558 -0.014514785 0.99148551 176.93749
0.9888424 0.025304469 0.14680052 -135.40403 -0.026466059 0.99963192 0.0059645867 -12.452222 -0.14659557 -0.0097832676 0.98914813 178.21377
0.98621104 0.026899978 0.16329165 -135.21351 -0.027204757 0.99962981 -0.00036982667 -12.481636 -0.16324117 -0.0040775826 0.98657777 179.5262
0.98287132 0.029193411 0.18196621 -134.97023 -0.028640766 0.99957372 -0.0056646838 -12.484288 -0.18205403 0.00035600368 0.98328846 180.81629
0.97942654 0.031368175 0.19934817 -134.7078 -0.030036488 0.99950172 -0.0097016878 -12.51928 -0.19955318 0.0035143718 0.9798807 182.13747
0.97558309 0.033684605 0.21703223 -134.4408 -0.031629157 0.99941593 -0.012938454 -12.552584 -0.21734131 0.0057579904 0.97607869 183.47919
0.97167689 0.033177147 0.23397285 -134.14169 -0.031037974 0.99943599 -0.012820099 -12.587108 -0.23426624 0.0051949512 0.9721586 184.80127
0.96735961 0.032093308 0.25136706 -133.80218 -0.029736485 0.99947101 -0.013169819 -12.624738 -0.25165677 0.005265178 0.96780223 186.1515
0.9630099 0.031598146 0.26760695 -133.45436 -0.027844264 0.99945357 -0.017811868 -12.678362 -0.26802356 0.009701687 0.96336351 187.47862
0.95849178 0.032848822 0.28322156 -133.0835 -0.027728785 0.99937184 -0.022068859 -12.726456 -0.28376861 0.013299431 0.95880056 188.81597
0.95295311 0.035173948 0.30107002 -132.66667 -0.029740126 0.99930182 -0.022614165 -12.759263 -0.30165527 0.012596379 0.95333385 190.16731
0.94767963 0.036923257 0.31708042 -132.23405 -0.03129139 0.99924937 -0.022837521 -12.819826 -0.31768567 0.011720766 0.94812365 191.5167
0.9410889 0.041199922 0.33564005 -131.77218 -0.034319909 0.99906197 -0.026406838 -12.862842 -0.3364132 0.013332047 0.94162011 192.89979
0.93424172 0.041986227 0.35416035 -131.29781 -0.033620262 0.99899195 -0.029744869 -12.924002 -0.35505225 0.015881935 0.93471155 194.17583
0.92798538 0.042632905 0.37016964 -130.78263 -0.032812189 0.99892352 -0.032789782 -12.97931 -0.37116912 0.018282362 0.92838529 195.55596
0.92091873 0.042931655 0.38738295 -130.24547 -0.030941785 0.99883101 -0.037137929 -13.057343 -0.38852452 0.022214695 0.92117057 196.88502
0.91245347 0.046226155 0.40656093 -129.6741 -0.031277826 0.99857063 -0.043340419 -13.148277 -0.4079833 0.026829775 0.91259509 198.21646
0.90214932 0.050087814 0.42850648 -129.05131 -0.032935215 0.998335 -0.047355032 -13.234813 -0.43016496 0.028608358 0.90229689 199.5556
0.89050579 0.052991274 0.45187536 -128.41583 -0.034451659 0.99819633 -0.049164654 -13.319928 -0.45366566 0.028213555 0.89072525 200.90591
0.87740361 0.057212366 0.47632933 -127.73386 -0.037258913 0.99799118 -0.05123836 -13.41319 -0.47830399 0.027209209 0.87777274 202.21525
0.86306902 0.061639434 0.50131071 -127.0191 -0.039670047 0.99773194 -0.054380735 -13.511778 -0.50352575 0.027047309 0.86355676 203.52348
0.84907835 0.065081009 0.52424269 -126.28572 -0.040973623 0.997506 -0.057471248 -13.617181 -0.52667556 0.02731747 0.84962735 204.77009
0.83401946 0.066831358 0.54767242 -125.48553 -0.040540392 0.99737653 -0.059971165 -13.724136 -0.55024362 0.027814265 0.8345408 206.05098
0.81821047 0.067838949 0.57090233 -124.64757 -0.039361253 0.99729386 -0.062093948 -13.837613 -0.57356982 0.028334489 0.8186665 207.28208
0.80278551 0.070031555 0.59214102 -123.80525 -0.037748214 0.99705584 -0.06674365 -13.960927 -0.59507187 0.03122857 0.80306555 208.51661
0.78619463 0.072674972 0.61369074 -122.89668 -0.03612952 0.99676773 -0.071754764 -14.092236 -0.61692195 0.03424086 0.78627915 209.691
0.76945798 0.074238925 0.63436816 -121.95124 -0.033887726 0.99656811 -0.075522336 -14.217321 -0.63779783 0.036613971 0.76933307 210.89085
0.75393852 0.076086871 0.65252392 -120.98722 -0.032294605 0.99636199 -0.078865951 -14.36687 -0.65615075 0.038387077 0.75365288 212.08892
0.73757272 0.076731098 0.67089402 -119.97972 -0.030374486 0.99628737 -0.080553457 -14.507104 -0.67458425 0.039035973 0.73716506 213.22366
0.72081776 0.077233265 0.6888082 -118.95514 -0.028490752 0.99623415 -0.081888945 -14.656448 -0.69253886 0.039402344 0.7203037 214.33213
0.70707111 0.077780014 0.70285182 -117.89121 -0.025607027 0.99609687 -0.084470777 -14.797254 -0.70667869 0.041728902 0.70630303 215.41767
0.69152453 0.079047562 0.7180148 -116.82585 -0.022659314 0.99587907 -0.08781482 -14.953996 -0.72199752 0.044456381 0.69046597 216.49141
0.67725383 0.081487559 0.73122294 -115.73511 -0.020563225 0.99555596 -0.091899334 -15.12386 -0.73546207 0.047202875 0.67591973 217.54417
0.66183599 0.083908099 0.74493792 -114.59844 -0.019373167 0.99529865 -0.094896173 -15.273972 -0.74939832 0.048373897 0.66035003 218.56924
0.64621864 0.083976558 0.75851787 -113.43073 -0.017473744 0.99529487 -0.095303723 -15.44389 -0.76295228 0.048332897 0.64464548 219.57617
0.62949307 0.085749632 0.77225995 -112.28679 -0.018335657 0.99525437 -0.095564358 -15.621102 -0.77678976 0.045997208 0.628078 220.56413
0.6124982 0.086609083 0.7857129 -111.10254 -0.0202062 0.99537015 -0.093967955 -15.79407 -0.79021371 0.041678933 0.61141247 221.53363
0.59277849 0.087417111 0.80060718 -109.92514 -0.022314987 0.99549283 -0.09217412 -15.94948 -0.80505637 0.036773298 0.59205744 222.45642
0.57595956 0.088728124 0.81264866 -108.71622 -0.024090716 0.99550271 -0.091618694 -16.122506 -0.81712317 0.033191377 0.57550683 223.35
0.55737054 0.09192 0.82515983 -107.49132 -0.025600111 0.99528268 -0.093579004 -16.298487 -0.82986913 0.031033998 0.5570944 224.21916
0.53947845 0.09578045 0.83653395 -106.27529 -0.028135396 0.99500478 -0.095780411 -16.472796 -0.84152924 0.028135255 0.53947846 225.01569
0.51996545 0.095969586 0.84877895 -105.06068 -0.028358521 0.9950602 -0.095136741 -16.645551 -0.85371646 0.025397703 0.52011848 225.82453
0.49970552 0.094616919 0.86101218 -103.80317 -0.028317687 0.99526934 -0.09293575 -16.812243 -0.86573239 0.022058635 0.50002091 226.57195
0.47786348 0.09263572 0.87353595 -102.54867 -0.027788694 0.99552048 -0.090370125 -16.972681 -0.8779945 0.018910161 0.47829711 227.28185
0.45608347 0.091539879 0.8852165 -101.29913 -0.028227731 0.99568326 -0.088419639 -17.141569 -0.88948925 0.015339084 0.45669864 227.96316
0.43402662 0.090380719 0.89635492 -100.03722 -0.026818975 0.99581022 -0.08742284 -17.296588 -0.90050081 0.013904521 0.43463206 228.62165
