1.000000000000000000e+00 4.398956837314658088e-19 2.733407509747682871e-20 -8.673617379884035472e-19 -5.583667658079949532e-19 1.000000000000000000e+00 -6.100159232558060012e-19 0.000000000000000000e+00 4.145284534913582806e-20 -2.210423569125054137e-19 1.000000000000000222e+00 0.000000000000000000e+00
9.999360456072604597e-01 -1.379084151301040095e-03 1.122509858926802086e-02 4.594261870284017946e-02 1.372155882793653836e-03 9.999988633475551669e-01 6.248913291516715535e-04 -9.467467890872341418e-03 -1.122594780162810418e-02 -6.094487737817559647e-04 9.999368013303066016e-01 2.967972591380816372e-01
9.998412590699476965e-01 -3.130978676847880667e-03 1.754005869351665456e-02 6.203569171318840808e-02 3.122620331117038298e-03 9.999949976492766845e-01 5.038976937519430493e-04 -1.083553368295449293e-02 -1.754154894790881797e-02 -4.490467463609292063e-04 9.998460343464428135e-01 5.762870947251879095e-01
9.998000856035564876e-01 -5.120709193321398151e-03 1.932788644493566368e-02 6.762316980422508617e-02 5.127362735122788923e-03 9.999868115589357620e-01 -2.947038525050439347e-04 -1.471296508990979635e-02 -1.932612278196334590e-02 3.937460467824987673e-04 9.998131555053337838e-01 8.851331011075165289e-01
9.998163675308008314e-01 -6.566361328692718602e-03 1.800317049588534210e-02 5.418310449630647785e-02 6.596250762949849682e-03 9.999769623064095336e-01 -1.601349669460235903e-03 -2.100523151738577232e-02 -1.799224101623359690e-02 1.719809073864070987e-03 9.998366474079797284e-01 1.187961257045302421e+00
9.998981059422524797e-01 -8.818894447732060493e-03 1.122518877802128855e-02 6.299061645758502470e-02 8.858935561078766854e-03 9.999545550834713081e-01 -3.522359063184228329e-03 -1.876598167595781852e-02 -1.119361553368116227e-02 3.621443429606972190e-03 9.999307916574305954e-01 1.525279596562881368e+00
9.999511348493099749e-01 -9.872361971869018926e-03 -5.141978428842696337e-04 3.580418013689616596e-02 9.869948934807247151e-03 9.999411598100443888e-01 -4.501223055386942805e-03 -2.817001622415961359e-02 5.586052972823712416e-04 4.495928043723136820e-03 9.999897372429243925e-01 1.841323586839620496e+00
9.998080152918021879e-01 -9.497781336727980847e-03 -1.713839827998956192e-02 1.179532839858564615e-02 9.417112553557472482e-03 9.999442261114380726e-01 -4.781489472839986661e-03 -3.671329152221947112e-02 1.718285624061091643e-02 4.619177307623449635e-03 9.998416938099403684e-01 2.157141640035737051e+00
9.993347694099633527e-01 -6.360352343374475227e-03 -3.591050688955172571e-02 -5.175250287305669002e-03 6.181088053898903083e-03 9.999678875270707756e-01 -5.100789623225176865e-03 -4.463177900631086492e-02 3.594179715207802134e-02 4.875430432875844586e-03 9.993419922465227589e-01 2.514585052303535129e+00
9.984524762774857898e-01 -2.732889526553563837e-03 -5.554443089859871507e-02 -5.997891504575476873e-02 2.407395303440546669e-03 9.999795424706502400e-01 -5.926135717203994888e-03 -5.084191984576355572e-02 5.555949102790826155e-02 5.783247483348806332e-03 9.984386296288384477e-01 2.862252586379793406e+00
9.971472282229749684e-01 -2.374662276557666565e-03 -7.544379382304081116e-02 -1.130788355155120106e-01 1.910836112983296722e-03 9.999788326729146526e-01 -6.219558577157045277e-03 -5.404217125159892221e-02 7.545696753182581928e-02 6.057654858070772412e-03 9.971306589765397410e-01 3.219396071166730433e+00
9.953283269855068838e-01 -2.820060103775332613e-03 -9.650683120982035679e-02 -1.605157136350015834e-01 2.279371186851278895e-03 9.999810863874183386e-01 -5.712384015392898799e-03 -6.285696977394443496e-02 9.652111684969129357e-02 5.465722698145799967e-03 9.953159298292422186e-01 3.594938750540531025e+00
9.932132509626335759e-01 -4.215140081498366248e-03 -1.162311073585559074e-01 -2.127026368349430041e-01 3.661083271284712014e-03 9.999808981804135799e-01 -4.979933503837860077e-03 -7.415037723167015871e-02 1.162498802592845520e-01 4.520604119832273560e-03 9.932097109233775090e-01 3.982523694718225649e+00
9.910129279634715127e-01 -3.675477822775409346e-03 -1.337156198164294041e-01 -2.901855566812971965e-01 3.103750028327375340e-03 9.999851305974570836e-01 -4.483895050351568295e-03 -7.955450036225847343e-02 1.337301143139912607e-01 4.028578020555380855e-03 9.910096001446074832e-01 4.372204903673640786e+00
9.887498776279414203e-01 -2.742159975526158207e-03 -1.495531994286559141e-01 -3.737975944638835535e-01 2.174081356701293086e-03 9.999897884508942569e-01 -3.961863309470355955e-03 -8.600159797602079104e-02 1.495625389083762302e-01 3.592150937446712388e-03 9.887457428481208899e-01 4.792323046030974254e+00
9.866280282172198435e-01 -1.958499122185888841e-03 -1.629763710945670019e-01 -4.596365729826595858e-01 1.356673582286272231e-03 9.999918447356554996e-01 -3.803931799642304608e-03 -9.096495376140215083e-02 1.629824947951679093e-01 3.531959878198636087e-03 9.866226392769590348e-01 5.209347222383695630e+00
9.844986690511813299e-01 -2.691546451036502374e-03 -1.753713928892690344e-01 -5.529102432062379391e-01 1.910438574063221201e-03 9.999874903748247057e-01 -4.622695704131938969e-03 -9.684828941385031920e-02 1.753816442921070917e-01 4.216001374382462134e-03 9.844914956213596247e-01 5.658011469887242129e+00
9.828196584547074233e-01 -5.443144477860564941e-03 -1.844881847128972130e-01 -6.458899607385991670e-01 4.356247458917046449e-03 9.999706898884369588e-01 -6.296226261470331750e-03 -1.118246125395840757e-01 1.845170518031971629e-01 5.384378642387380696e-03 9.828145638430385578e-01 6.094441618059119214e+00
9.811014341850534670e-01 -5.288685646112029765e-03 -1.934218310818451025e-01 -7.376510479072496684e-01 3.797206038462683144e-03 9.999601390042722748e-01 -8.080941962785165300e-03 -1.209496041449548837e-01 1.934568620002471151e-01 7.193761097122327447e-03 9.810824090040861645e-01 6.530354164574031728e+00
9.796379963602038776e-01 -5.229819530432782901e-03 -2.007038716878516704e-01 -8.458617651751668687e-01 3.219758846523002819e-03 9.999413551622614582e-01 -1.034018300142854931e-02 -1.220080581654730406e-01 2.007461822003104857e-01 9.483417998353244754e-03 9.795973846863548218e-01 7.027381248318458340e+00
9.779282951789383116e-01 -5.556945486272992125e-03 -2.088668686331873470e-01 -9.653879278046421097e-01 3.015085816692587937e-03 9.999174988769576888e-01 -1.248618007253749634e-02 -1.337375320119419397e-01 2.089190255109255046e-01 1.158083717779973508e-02 9.778643699546655244e-01 7.487922490995464031e+00
9.762961926957187675e-01 -9.357099852477474694e-03 -2.162364162667495815e-01 -1.073679133579407363e+00 6.362796993924359906e-03 9.998740524499837301e-01 -1.453939617740697410e-02 -1.449801632407279328e-01 2.163452321364862929e-01 1.281888863939984954e-02 9.762327682098289605e-01 7.991430344545337405e+00
9.745035537596676845e-01 -1.473780215861507543e-02 -2.238875158357905848e-01 -1.180083115540658811e+00 1.147354515432234996e-02 9.998081703665349096e-01 -1.587388454423905790e-02 -1.629784939113216313e-01 2.240785176147506441e-01 1.290037330215110765e-02 9.744857102501922608e-01 8.525881911874289898e+00
9.724875422742913500e-01 -1.551928523800332090e-02 -2.324373693692931286e-01 -1.336698299811529544e+00 1.178229804459387901e-02 9.997781872568620720e-01 -1.745719674185975887e-02 -1.887202040357917610e-01 2.326567390309522143e-01 1.423825992124860308e-02 9.724546853122145729e-01 9.035317986881263863e+00
9.704045260246024762e-01 -1.249349052121257950e-02 -2.411617035319655045e-01 -1.469147454989233381e+00 7.421171464566209131e-03 9.997319713308691069e-01 -2.192969903284529287e-02 -1.848829513278530401e-01 2.413710479304703727e-01 1.949097681091922080e-02 9.702371464607728591e-01 9.559949030284528249e+00
9.683567260363962204e-01 -9.447978971199271284e-03 -2.493912296635279746e-01 -1.621125619841830234e+00 3.351943487096106528e-03 9.996853963464016335e-01 -2.485704728886627829e-02 -2.014826719881580575e-01 2.495476234311304053e-01 2.323454361617938516e-02 9.680837469092454795e-01 1.009782182951489204e+01
9.660150942197263113e-01 -1.164966544800836480e-02 -2.582230073964204009e-01 -1.783751737846612562e+00 4.857730193929984258e-03 9.996256523762910851e-01 -2.692503590824647450e-02 -2.259613648847163536e-01 2.584400143399794847e-01 2.475561340012928657e-02 9.657100600536696611e-01 1.066357181927128117e+01
9.636484453693099361e-01 -1.381727138528383858e-02 -2.668159575013474560e-01 -1.950330748903848832e+00 6.394590158911756493e-03 9.995685244271214076e-01 -2.866834801675415337e-02 -2.540739329573489247e-01 2.670969558791678189e-01 2.592003030618422743e-02 9.633210107610558071e-01 1.121732070056193464e+01
9.615078072238004703e-01 -1.390923138300812975e-02 -2.744253419017146922e-01 -2.119108544666218563e+00 5.511275075143534131e-03 9.994932944231924576e-01 -3.134932594955062990e-02 -2.790538628541953114e-01 2.747223388094844343e-01 2.863018812764109647e-02 9.610972638352430764e-01 1.178997573544269883e+01
9.590975658265304959e-01 -1.294753536704006287e-02 -2.827794525932780800e-01 -2.304199135034093349e+00 3.304949253499330202e-03 9.993975137537765008e-01 -3.454977284025299855e-02 -2.930810717145034827e-01 2.830564211394229757e-01 3.220203133764646536e-02 9.585625140719561399e-01 1.237683506000476541e+01
9.567110158870600900e-01 -1.430798267340425631e-02 -2.906876534724536221e-01 -2.478036103760709707e+00 2.852054652945263096e-03 9.992037835161220460e-01 -3.979528589881995565e-02 -3.305812902444751900e-01 2.910255984366399984e-01 3.724353141275673490e-02 9.559900743548036539e-01 1.296331942346135691e+01
9.550370931921510209e-01 -1.510997497221771430e-02 -2.961010594241718641e-01 -2.699403137633792138e+00 1.446374526825014223e-03 9.989260745212018566e-01 -4.630988695369304270e-02 -3.626266280683257404e-01 2.964828152774900416e-01 4.379938693615928469e-02 9.540333096140752867e-01 1.358249800858412293e+01
9.534702884697318082e-01 -1.590936364235881820e-02 -3.010669347610054336e-01 -2.911891114768462963e+00 -6.563598939226247472e-04 9.984948067736606481e-01 -5.484241080465586393e-02 -3.991830750285726426e-01 3.014862838772036646e-01 5.248821773117284123e-02 9.520246895935664533e-01 1.419829310992958860e+01
9.522134445130577829e-01 -1.601103255908412071e-02 -3.050134438534640724e-01 -3.102748492606805186e+00 -3.549399984692789070e-03 9.979775946082120042e-01 -6.346749091492595585e-02 -4.457108155210652845e-01 3.054127683130409832e-01 6.151721315072199159e-02 9.502308537654797771e-01 1.480478064574617569e+01
9.509869968581201594e-01 -1.493416366791120928e-02 -3.088700382385328180e-01 -3.330105909493742189e+00 -7.760108194919393930e-03 9.973660352609354796e-01 -7.211638102136740114e-02 -4.877766805432134922e-01 3.091334885704600799e-01 7.097860590865084918e-02 9.483662403340968883e-01 1.545385948471102111e+01
9.496628552143047131e-01 -1.388439324504483000e-02 -3.129659453663002910e-01 -3.568422773851410046e+00 -1.152535490589579048e-02 9.967925853246076828e-01 -7.919411606153170524e-02 -5.447571478499725339e-01 3.130617013945762306e-01 7.881475441872670684e-02 9.464568704989516634e-01 1.611190751423313827e+01
9.482848955514042721e-01 -1.285589215575414987e-02 -3.171600239031283630e-01 -3.820368122949508560e+00 -1.524187199786032447e-02 9.961827064819195332e-01 -8.595173428326949305e-02 -6.101637413022923395e-01 3.170543226318335295e-01 8.634084436909468530e-02 9.444690663308497047e-01 1.677662595147499047e+01
9.462463753550708345e-01 -1.155951249298798299e-02 -3.232401159788587663e-01 -4.043410502789944516e+00 -1.914382413636686944e-02 9.956076587248896548e-01 -9.164553381642764895e-02 -6.771681502668650543e-01 3.228797182683357248e-01 9.290730669430949384e-02 9.418688455041605012e-01 1.743430785901305313e+01
9.447351669225848569e-01 -9.382059900132555183e-03 -3.277002274223606015e-01 -4.304613260298332023e+00 -2.378991870108813217e-02 9.949930754989936288e-01 -9.707120820621298329e-02 -7.521458613327339782e-01 3.269701905780787454e-01 9.950254648115228195e-02 9.397817512650773475e-01 1.811895673833537401e+01
9.426629884877518739e-01 -7.384248347578849757e-03 -3.336644431973562752e-01 -4.537157721309950986e+00 -2.762684438953281682e-02 9.945975755563052356e-01 -1.000620815116591567e-01 -8.270536465284200611e-01 3.326007351700178694e-01 1.035429170977258395e-01 9.373663198829409460e-01 1.880895070958325377e+01
9.410924706718435395e-01 -5.934435282084867674e-03 -3.380972370579096720e-01 -4.804512545044032024e+00 -3.021989650376565029e-02 9.943692336117224695e-01 -1.015705916863200581e-01 -9.049862156583748929e-01 3.367962603291171919e-01 1.058045832609326858e-01 9.356140612517460653e-01 1.949936050267968568e+01
9.388402071174896113e-01 -5.666821170587505764e-03 -3.443064770520842255e-01 -5.099638847486309245e+00 -3.091174673503066170e-02 9.944409663661312182e-01 -1.006559900033083682e-01 -9.946938329458155925e-01 3.429628710949399473e-01 1.051430057796020612e-01 9.334459919493881541e-01 2.020937495770615300e+01
9.366938361161103455e-01 -5.004511013151037233e-03 -3.501137096383332703e-01 -5.375542761814632975e+00 -3.182428392937199091e-02 9.945426499655284358e-01 -9.935860482729055865e-02 -1.079553433912303184e+00 3.487002637393244453e-01 1.042107114552124902e-01 9.314227054671341266e-01 2.094163470051806897e+01
9.341393092137324494e-01 -5.199845386469636489e-03 -3.568707187830225114e-01 -5.654589771645723850e+00 -3.173674789831591736e-02 9.947227661405938504e-01 -9.756739905483477471e-02 -1.162363287621776431e+00 3.554947699859129506e-01 1.024674594125665195e-01 9.290446119187453222e-01 2.165990418671900386e+01
9.312975134126810772e-01 -5.399555714135850608e-03 -3.642194167597976318e-01 -5.946453548170623549e+00 -3.121585940793220396e-02 9.950287548601280951e-01 -9.456927159532912963e-02 -1.253895344435961290e+00 3.629194309904654747e-01 9.944155017834678534e-02 9.264992538934613275e-01 2.237547606920693610e+01
9.277513229717595511e-01 -1.988658995656775695e-03 -3.731936830454884446e-01 -6.285310737988199392e+00 -3.356936709765732940e-02 9.954874271576070743e-01 -8.875742214123785723e-02 -1.328021098110502507e+00 3.716861339538118925e-01 9.487269209679918824e-02 9.234980200270602735e-01 2.317265825431161019e+01
9.241519831987173861e-01 6.612497814033980797e-04 -3.820244385831291778e-01 -6.598931945039169022e+00 -3.518351921002681876e-02 9.958958305184082427e-01 -8.338833710195620030e-02 -1.401432239602167451e+00 3.804014115179241706e-01 9.050446176932651354e-02 9.203823724443460641e-01 2.390267247471768997e+01
9.206132273572144031e-01 4.132274047181147894e-03 -3.904538471763085994e-01 -6.923261409412924117e+00 -3.822845724368743869e-02 9.960941222251586957e-01 -7.959324575821377645e-02 -1.477752930757592287e+00 3.885998877092738391e-01 8.820104351220463268e-02 9.171753956043423583e-01 2.462777112425123960e+01
9.169429531732457006e-01 4.360855935586861742e-03 -3.989944865333427404e-01 -7.275933588980981526e+00 -3.854298012577726112e-02 9.962323694488215420e-01 -7.768851133567883371e-02 -1.556821945170277388e+00 3.971524411005006860e-01 8.661437001073507558e-02 9.136563318145637380e-01 2.537618872943570025e+01
9.127071197635864275e-01 5.567736379899840965e-03 -4.085764437913058100e-01 -7.618063919275904539e+00 -4.038050093013649533e-02 9.962416516269330113e-01 -7.662888986800409086e-02 -1.629686624149703000e+00 4.066142286746543544e-01 8.643825525408667387e-02 9.095016769842300119e-01 2.612901253711144633e+01
9.088122719506614988e-01 5.132287771681092424e-03 -4.171737173167982538e-01 -7.976989682407558568e+00 -4.026326641357587388e-02 9.963359166423185753e-01 -7.545601792687742226e-02 -1.696269460495590131e+00 4.152579031485452155e-01 8.537213201189718104e-02 9.056889512671805198e-01 2.689004672908913918e+01
9.051157864457123337e-01 5.209429963966914767e-03 -4.251332394531138759e-01 -8.375563122823422191e+00 -4.054442398243952167e-02 9.964255466968885422e-01 -7.410991587589682572e-02 -1.767600461920910471e+00 4.232275573684448622e-01 8.431483749044940690e-02 9.020917062493242211e-01 2.769337525877727302e+01
9.011513001444054760e-01 6.340413852917805432e-03 -4.334583366231814505e-01 -8.762398445597092689e+00 -4.142187625512885191e-02 9.965774273717481480e-01 -7.153781855122347266e-02 -1.841696434823692385e+00 4.315212219981713337e-01 8.242105614242431488e-02 8.983296767997834831e-01 2.848156973414716830e+01
8.973765698491221743e-01 6.500230073511584911e-03 -4.412176729886524429e-01 -9.145851534960568685e+00 -4.026327132744059178e-02 9.969266033933927851e-01 -6.720280122408314738e-02 -1.910769188697077681e+00 4.394248099505517202e-01 7.807108644585483703e-02 8.948802968746947251e-01 2.924525612688606913e+01
8.935134238640741744e-01 7.792874017876811124e-03 -4.489688501700691003e-01 -9.563468747481282506e+00 -3.992972698770082957e-02 9.972673824493289985e-01 -6.215613302814874952e-02 -1.975165895977088137e+00 4.472576227668204063e-01 7.346454311644702584e-02 8.913829613472595836e-01 3.005537227280679247e+01
8.897906140429354682e-01 7.896714004145793941e-03 -4.563006693847591611e-01 -9.978089286481591103e+00 -3.844873816730895455e-02 9.975926630661409167e-01 -5.771111849162229024e-02 -2.042548444142234576e+00 4.547464795376319202e-01 6.889499674094561044e-02 8.879522075498441636e-01 3.084682766626325900e+01
8.861282414450564193e-01 6.914393932329773729e-03 -4.633885265782297092e-01 -1.041766503526214294e+01 -3.686445778591881939e-02 9.977719542738697767e-01 -5.560700569076693078e-02 -2.111586649883003819e+00 4.619715949418213286e-01 6.635750513081986601e-02 8.844088032240411401e-01 3.165704740964047303e+01
8.829027089483320045e-01 7.047029091120194516e-03 -4.695030793323611840e-01 -1.085781662449924845e+01 -3.678531678366724761e-02 9.978524219510538362e-01 -5.419764332184293792e-02 -2.166310390198097569e+00 4.681128604961752315e-01 6.512206578434114046e-02 8.812658343145296502e-01 3.247607829447072447e+01
8.795451597298996615e-01 7.059711167224500504e-03 -4.757630376099856728e-01 -1.131290513882834325e+01 -3.640000464869655450e-02 9.979581275932285500e-01 -5.248442910581769399e-02 -2.220959593302820778e+00 4.744210734319790346e-01 6.348020251403149739e-02 8.780062149120104742e-01 3.328630464239111575e+01
8.766533066772806970e-01 5.894247621933981773e-03 -4.810865131427219943e-01 -1.177883947818839516e+01 -3.482301098435820058e-02 9.980797154790701509e-01 -5.122733175282385282e-02 -2.288687687087442413e+00 4.798607518269373262e-01 6.166149083648440193e-02 8.751751390147776144e-01 3.413545661135943021e+01
8.741080468572955953e-01 5.016320976239000556e-03 -4.857056251006531822e-01 -1.227777630690284560e+01 -3.414162412113059403e-02 9.981079822860020601e-01 -5.113516657863978465e-02 -2.344264921801048729e+00 4.845301593737074142e-01 6.128043959406949404e-02 8.726254849633550137e-01 3.498509156181435031e+01
8.719896989156554756e-01 4.828977593551374639e-03 -4.895003995960138798e-01 -1.273850874653522780e+01 -3.426586586238601628e-02 9.981006886156080782e-01 -5.119439308854447507e-02 -2.403166478985616639e+00 4.883234777310602737e-01 6.141413857025147804e-02 8.704989887266330051e-01 3.582451550481356861e+01
8.707689844776544952e-01 4.826116095311492292e-03 -4.916686683945087344e-01 -1.324004341491108683e+01 -3.466107432614056599e-02 9.980666914270527323e-01 -5.158962544033988268e-02 -2.458978842497562489e+00 4.904691520515505054e-01 6.196441013918615320e-02 8.692527983812504688e-01 3.667756955151823206e+01
8.704024719808783894e-01 4.679028060612707568e-03 -4.923186352965389090e-01 -1.375606721644296293e+01 -3.415085600102838598e-02 9.981201281365984501e-01 -5.089134410540757658e-02 -2.518614080612811001e+00 4.911550257622409599e-01 6.110905464992071046e-02 8.689260203562476637e-01 3.755042847431159458e+01
8.699336655157837717e-01 4.376125522583608138e-03 -4.931493306368401885e-01 -1.425649168209578654e+01 -3.311959864159215450e-02 9.982215633945293876e-01 -4.956614389104276736e-02 -2.570724853868975313e+00 4.920553966083542341e-01 5.945216524339291125e-02 8.685314798419002669e-01 3.843107490110517688e+01
8.696905346943464288e-01 3.493799322111189407e-03 -4.935850103100972719e-01 -1.477633661480256322e+01 -3.172496576382895922e-02 9.983030127615556415e-01 -4.883258456999559766e-02 -2.632982628905192968e+00 4.925768000664912383e-01 5.812820422852586766e-02 8.683255223006302037e-01 3.933572668575219922e+01
8.689722919685000102e-01 1.894968063583886983e-03 -4.948571107301215632e-01 -1.528342067147759842e+01 -3.019366037743419218e-02 9.983325929969013579e-01 -4.919732397658845013e-02 -2.702199815620653034e+00 4.939387636553805860e-01 5.769265899705003364e-02 8.675805781885440604e-01 4.021690461541609807e+01
8.680315590232284828e-01 2.089225714813106548e-04 -4.965089767738611326e-01 -1.581837512416077551e+01 -2.866657020987494614e-02 9.983528712599363253e-01 -4.969680320524389600e-02 -2.762861478007573091e+00 4.956807883101683188e-01 5.737160308961879174e-02 8.666077890740402356e-01 4.115583421487813354e+01
8.666720056414597417e-01 -9.073290704122819210e-04 -4.988775465745495241e-01 -1.634562594172362182e+01 -2.668919333864259655e-02 9.984819570416759715e-01 -4.818161959554543433e-02 -2.826631418630030534e+00 4.981639541829859241e-01 5.507230024264213319e-02 8.653321451143425325e-01 4.204461016602147083e+01
8.644477943468542591e-01 -4.510239084947270877e-04 -5.027223910277888175e-01 -1.690518858088761789e+01 -2.528673811479251188e-02 9.986947629396961679e-01 -4.437737483297288232e-02 -2.890785158387726650e+00 5.020862430318834280e-01 5.107413325904994195e-02 8.633080808209969703e-01 4.299013163101180623e+01
8.616860257128807765e-01 -3.768976395419152553e-04 -5.074416675513514496e-01 -1.745642470276422031e+01 -2.336116504090125778e-02 9.989099895051355427e-01 -4.041149436989954075e-02 -2.944847358528126069e+00 5.069037905357116625e-01 4.667644849580109001e-02 8.607379748366709160e-01 4.391209554840119722e+01
8.575694845942324340e-01 -1.452385945148064244e-03 -5.143660802089213835e-01 -1.798720832578333173e+01 -2.146779471489975583e-02 9.990236176853208860e-01 -3.861275872068815895e-02 -3.002192365976360744e+00 5.139199517477599510e-01 4.415542895941163698e-02 8.567009901058477706e-01 4.479651629553002579e+01
8.522545854345632277e-01 -4.146671799257180616e-03 -5.231108117411539249e-01 -1.854576075612635222e+01 -1.975889428535890571e-02 9.989998747713952909e-01 -4.011030214064063154e-02 -3.066473123271038492e+00 5.227539686872343383e-01 4.452028009520045404e-02 8.513202911982042931e-01 4.570108092394087151e+01
8.464017392300413611e-01 -6.668062184700376295e-03 -5.325031711094840858e-01 -1.911919030435485567e+01 -1.897166771192404858e-02 9.989093566166105109e-01 -4.266348695764964755e-02 -3.129656638876368913e+00 5.322068920029537908e-01 4.621292273355897401e-02 8.453521132516413905e-01 4.657383065762216034e+01
8.402057889880671926e-01 -7.465939182621617910e-03 -5.422162725177549492e-01 -1.970539659909359642e+01 -1.843958292898263338e-02 9.989335853753087413e-01 -4.232816817452166730e-02 -3.190933509062814810e+00 5.419540740233642628e-01 4.556261379939744588e-02 8.391721131942382339e-01 4.748272898436922418e+01
8.344101535247927526e-01 -4.723849086792194542e-03 -5.511237384164587860e-01 -2.031078088804497028e+01 -1.943715624750332743e-02 9.990890003950724241e-01 -3.799166068163215698e-02 -3.242493948446506735e+00 5.508011412752998881e-01 4.241290553824817594e-02 8.335581887770473486e-01 4.837218323769213413e+01
8.294199812374102310e-01 -1.456596183896839377e-04 -5.586255162930028328e-01 -2.089419895376238401e+01 -2.237016221155360349e-02 9.991891826979202307e-01 -3.347466303504168655e-02 -3.292250628682219737e+00 5.581774585903668262e-01 4.026109767305800086e-02 8.287442155130422261e-01 4.922307290129316470e+01
8.254892230053320068e-01 -4.763095486306140932e-04 -5.644176730593066793e-01 -2.152588230193974184e+01 -2.316106773983245964e-02 9.991287545111310342e-01 -3.471738605824700730e-02 -3.350183932146107324e+00 5.639424726533524002e-01 4.173134388172515530e-02 8.247589881901881137e-01 5.012716349090910484e+01
8.218384013783506248e-01 -2.130576208723816787e-03 -5.697166808074948241e-01 -2.214699051865193269e+01 -2.434060079957541325e-02 9.989486297983010132e-01 -3.884804013387967159e-02 -3.401264395700891452e+00 5.692004761860296469e-01 4.579405741116615580e-02 8.209224862583409665e-01 5.098812166698449033e+01
8.190099540300186387e-01 -4.353505811728260698e-03 -5.737627870756146775e-01 -2.275268752892983670e+01 -2.624688051446056811e-02 9.986401866638848768e-01 -4.504307815590807840e-02 -3.480384486798167476e+00 5.731786819613609030e-01 5.195021265507803604e-02 8.177819882203740676e-01 5.184987675397530893e+01
8.155753251122276337e-01 -5.516584494513841926e-03 -5.786246191713236842e-01 -2.338637580380122571e+01 -2.631038627132546714e-02 9.985668434701843177e-01 -4.660496477886319489e-02 -3.538624410240515772e+00 5.780524697020956726e-01 5.323369651554716447e-02 8.142613353421895850e-01 5.271584913499962965e+01
8.126234793819953062e-01 -4.048972598610066538e-03 -5.827749823369293702e-01 -2.399527316935001764e+01 -2.592887165602033098e-02 9.987344883236534132e-01 -4.309426289513963726e-02 -3.596786532039783157e+00 5.822119713127618112e-01 5.013010752119628072e-02 8.114901103976989161e-01 5.355607424249696891e+01
8.092423634352227113e-01 -2.229373285432278279e-03 -5.874706975468547698e-01 -2.464616963041143549e+01 -2.504136229950253839e-02 9.989530298321794843e-01 -3.828543339967208775e-02 -3.648374930706648644e+00 5.869409958917826131e-01 4.569326108562000999e-02 8.083392850938014851e-01 5.441294616892248115e+01
8.065118027584938787e-01 -5.371496378533522796e-04 -5.912177405663802121e-01 -2.530925593761274683e+01 -2.514632478727011483e-02 9.990634802622313515e-01 -3.521114603202329246e-02 -3.705688604984739509e+00 5.906829773217682211e-01 4.326515805959151723e-02 8.057429820188248826e-01 5.529355462764831231e+01
8.035215759520458745e-01 -1.283841272425046418e-04 -5.952756115363222467e-01 -2.593140420478327002e+01 -2.614676933326371203e-02 9.990272489846796500e-01 -3.550918600315913082e-02 -3.757955149910511494e+00 5.947011256497545251e-01 4.409693107837642928e-02 8.027365935202077640e-01 5.614303836624383592e+01
7.993222689687684568e-01 -1.210197816027906584e-03 -6.009013553212200209e-01 -2.659247578081581409e+01 -2.624025035215428112e-02 9.989737719762104007e-01 -3.691682835475761093e-02 -3.814200292262860170e+00 6.003293805253060444e-01 4.527624488685314669e-02 7.984702269974373046e-01 5.699006928698063490e+01
7.953623674928660403e-01 -3.012481359079020003e-03 -6.061267378179790999e-01 -2.724471495469146731e+01 -2.599058937735951660e-02 9.988984230167216039e-01 -3.906955090173510475e-02 -3.875608961273855790e+00 6.055767492872248248e-01 4.682804154906473892e-02 7.944079192912146814e-01 5.784876790485406417e+01
7.915432482422209981e-01 -3.987971247937185416e-03 -6.111001350902043328e-01 -2.790324590196378907e+01 -2.532325793998210089e-02 9.989057619378404196e-01 -3.931935175152615619e-02 -3.930585101686594030e+00 6.105882610326950344e-01 4.659801364027864323e-02 7.905761239163443532e-01 5.868661791885386947e+01
7.870700540443202886e-01 -4.580695177147865033e-03 -6.168466097776381662e-01 -2.858578664087757915e+01 -2.483270223868250942e-02 9.989265509272762245e-01 -3.910348831630430094e-02 -3.984866982603787910e+00 6.163635881430461483e-01 4.609515272895688132e-02 7.861114242421874954e-01 5.955906888523956866e+01
7.825018392109803766e-01 -4.404085720507463012e-03 -6.226326912950822523e-01 -2.925805301955670501e+01 -2.500934954572857707e-02 9.989457124928076137e-01 -3.849670082840740692e-02 -4.039952538427630024e+00 6.221458109243184209e-01 4.569537768728506449e-02 7.815667148434902733e-01 6.036364442494159022e+01
7.765743478971438574e-01 -5.376565354411881603e-03 -6.300026723598129985e-01 -2.995875152391120011e+01 -2.465625661734260204e-02 9.989381760144211420e-01 -3.891772805194520374e-02 -4.101052258221918656e+00 6.295429749745188319e-01 4.575601670821902861e-02 7.756171975283396858e-01 6.121080812137241622e+01
7.714676570933637345e-01 -6.266891464437491198e-03 -6.362376697742055942e-01 -3.066010133217515232e+01 -2.460161994363890131e-02 9.989099399730883011e-01 -3.966978906860590959e-02 -4.156876827252534490e+00 6.357927497478895740e-01 4.625643644106305213e-02 7.704725362403858080e-01 6.206564955160388308e+01
7.663997386909022769e-01 -7.848282215515679783e-03 -6.423159947996384123e-01 -3.135056429307811854e+01 -2.391735834741386124e-02 9.988833672040970946e-01 -4.074283662459449173e-02 -4.217585064553807328e+00 6.419185360430117449e-01 4.658780102684373370e-02 7.653562423222806110e-01 6.286119993963308161e+01
7.600282605297866700e-01 -9.428410605425494376e-03 -6.498216218899459662e-01 -3.207715028023143589e+01 -2.344177951536488558e-02 9.988463568997130171e-01 -4.190988335896739247e-02 -4.277129344423884483e+00 6.494671144468323609e-01 4.708567079668622007e-02 7.589304413513379144e-01 6.370501088877480811e+01
7.544764346278149958e-01 -1.123327286820244644e-02 -6.562309921310610639e-01 -3.280938400444552627e+01 -2.252121382115880241e-02 9.988216075598534971e-01 -4.299059477056865752e-02 -4.337927105947487760e+00 6.559406308834666577e-01 4.721450901563374603e-02 7.533343792726504562e-01 6.452298005682760618e+01
7.481520341019728404e-01 -1.198362034942902950e-02 -6.634191121820529613e-01 -3.354395595137485486e+01 -2.191896398840581170e-02 9.988448588380547388e-01 -4.276104568853335286e-02 -4.404527373407970181e+00 6.631652130317220450e-01 4.653322279034044495e-02 7.470251452711601514e-01 6.533616164159839457e+01
7.419856165995416530e-01 -1.234797735865954781e-02 -6.703020690333697518e-01 -3.429468326013508772e+01 -2.094218524750165317e-02 9.989155381046002091e-01 -4.158332173602356796e-02 -4.461992712655102444e+00 6.700886334544300382e-01 4.489181654845311037e-02 7.409223687741797182e-01 6.616432606061107435e+01
7.358190524246192021e-01 -1.305993471609957074e-02 -6.770522517294584874e-01 -3.504206363259675783e+01 -2.001328707109328517e-02 9.989578831476534360e-01 -4.101970346467111866e-02 -4.525695925156260735e+00 6.768824104942029463e-01 4.373312022273135452e-02 7.347908717089499664e-01 6.697723057647766609e+01
7.291961926273755612e-01 -1.372963071238011458e-02 -6.841669395022159650e-01 -3.580719339391264811e+01 -1.963463006712816081e-02 9.989672794769386410e-01 -4.097384373367847499e-02 -4.585249510512059423e+00 6.840229538068622883e-01 4.331133541250330871e-02 7.281735614857166583e-01 6.779153180385024768e+01
7.224281822782548934e-01 -1.571128820740810492e-02 -6.912674358846071510e-01 -3.659201745360976332e+01 -1.884507790338619398e-02 9.989230425293194049e-01 -4.239832749078426000e-02 -4.655731960485585574e+00 6.911891145227616606e-01 4.365673514408387190e-02 7.213540783617213847e-01 6.857775114905521718e+01
7.166338230949497179e-01 -1.512441386168615273e-02 -6.972855990175603758e-01 -3.735983919446273660e+01 -2.026689686597405587e-02 9.988910726302674403e-01 -4.249562266070370381e-02 -4.711753861083371575e+00 6.971550933437413722e-01 4.458561565873150195e-02 7.155326042684898580e-01 6.935862942494071604e+01
7.114888478225790402e-01 -1.479823558607839575e-02 -7.025415449745231466e-01 -3.818680456257964551e+01 -2.046832155530989295e-02 9.989175692883838220e-01 -4.177005643854712208e-02 -4.773050145195127492e+00 7.023992276839498006e-01 4.409877537360756827e-02 7.104158163757356981e-01 7.017729645658361903e+01
7.064404277677778232e-01 -1.515952902000919020e-02 -7.076101337170728200e-01 -3.900573034125820726e+01 -2.059327046469478992e-02 9.989070667698585204e-01 -4.195937564083088850e-02 -4.835335921608473697e+00 7.074728596666313152e-01 4.421380593707861795e-02 7.053561522524570693e-01 7.097789710552807207e+01
7.013815710294890593e-01 -1.472831246542615456e-02 -7.126338184173138801e-01 -3.981845538103058146e+01 -2.215578524072525299e-02 9.988529150600975459e-01 -4.244967956220353084e-02 -4.898058428285686716e+00 7.124415913317739824e-01 4.556238457850118884e-02 7.002507104556449091e-01 7.177046687132491343e+01
6.963074523550324413e-01 -1.731762629938300019e-02 -7.175346834928300055e-01 -4.065702273110543530e+01 -2.135755489593275241e-02 9.987662641013397291e-01 -4.483084404061041944e-02 -4.968237717098290318e+00 7.174258113750456856e-01 4.654083700134380858e-02 6.950785316981397122e-01 7.256084684358772563e+01
6.915742960014469309e-01 -1.940979938958958470e-02 -7.220444883026666538e-01 -4.147063798892880016e+01 -2.109576414306336967e-02 9.986696783303269376e-01 -4.705148618648673231e-02 -5.032435204985716837e+00 7.219972092352364701e-01 4.777167847839015186e-02 6.902448161832521745e-01 7.332696441427592049e+01
6.866007221697688623e-01 -1.985510572682157304e-02 -7.267635194926193032e-01 -4.233989342198521655e+01 -2.172492097949198231e-02 9.986203289305458641e-01 -4.780655278895041410e-02 -5.103001314779569419e+00 7.267100415851884820e-01 4.861289352241885547e-02 6.852220894245767413e-01 7.412922406768565509e+01
6.814082054148531409e-01 -1.974423810659711037e-02 -7.316372138600770736e-01 -4.319602724067232202e+01 -2.162062525843429922e-02 9.986568059670822839e-01 -4.708643640964486204e-02 -5.174766739947235017e+00 7.315841815519992242e-01 4.790353797003329972e-02 6.800660602236440200e-01 7.491201373451016821e+01
6.767887537494270411e-01 -1.959162080645098988e-02 -7.359165313635400718e-01 -4.404319540564933533e+01 -2.140669317327845156e-02 9.986993801666600445e-01 -4.627419990484492318e-02 -5.238168452777775208e+00 7.358659829995611856e-01 4.707139727192663492e-02 6.754891180815336682e-01 7.568616662443430698e+01
6.711736450442090662e-01 -2.040120091429921401e-02 -7.410193782971434828e-01 -4.492760941632589322e+01 -2.061499837335940138e-02 9.987209528568408157e-01 -4.616795641774542464e-02 -5.311727857920641505e+00 7.410134741176997997e-01 4.626282865986126175e-02 6.698946126181677396e-01 7.644572467876679411e+01
6.669444649800728708e-01 -2.162086673103047821e-02 -7.447936683882936393e-01 -4.580781151016542196e+01 -1.944121051695395230e-02 9.987336588239229540e-01 -4.640170358990893668e-02 -5.379757212709115777e+00 7.448537633998552066e-01 4.542704965233103354e-02 6.656795509565237579e-01 7.723416511393392625e+01
6.620223800805982162e-01 -2.201359590749863565e-02 -7.491607033693609141e-01 -4.670687100166347250e+01 -1.865473268496623330e-02 9.987749061765986980e-01 -4.583326051254101724e-02 -5.446144549746381180e+00 7.492518790243796190e-01 4.431803663589876235e-02 6.608006838473384770e-01 7.802240917524274266e+01
6.582739810623637888e-01 -2.277958495265167832e-02 -7.524336820525192593e-01 -4.760196782314540798e+01 -1.783983717955742176e-02 9.987892439971747249e-01 -4.584524306821354672e-02 -5.517618115273635659e+00 7.525670170519611624e-01 4.360202479989588875e-02 6.570705888490353530e-01 7.877833144623167527e+01
6.544052128422770398e-01 -2.581688994643273338e-02 -7.557031791896150485e-01 -4.851142268596193929e+01 -1.482765993335147768e-02 9.987866486210026373e-01 -4.696137835601262717e-02 -5.589612283371658386e+00 7.559986554806444881e-01 4.193708029044819485e-02 6.532283863622717623e-01 7.957299636876931004e+01
6.499762799389430246e-01 -3.041357496928846077e-02 -7.593456652418246744e-01 -4.942499760890211746e+01 -1.132953079392587208e-02 9.987000300711106338e-01 -4.969800477350661688e-02 -5.674953021418558841e+00 7.598700458225892129e-01 4.090555409172523527e-02 6.487867598435419492e-01 8.034728007516106629e+01
6.449706634443902464e-01 -3.395005716766047454e-02 -7.634528316513490287e-01 -5.031003315578227131e+01 -8.007970224457294436e-03 9.986576156540817317e-01 -5.117459439574054136e-02 -5.741650442161901680e+00 7.641653781201804829e-01 3.911981935623560364e-02 6.438329949384000717e-01 8.109586904859129675e+01
6.388655650862204993e-01 -3.794100623110759074e-02 -7.683822348987404682e-01 -5.124009429576244656e+01 -2.888393572040934536e-03 9.986578088578160761e-01 -5.171303493107980154e-02 -5.815640976182686828e+00 7.693129769367798021e-01 3.525706726855775547e-02 6.378984978957372709e-01 8.187936573954145558e+01
6.304551698957929773e-01 -4.149544683155249880e-02 -7.751157304444615814e-01 -5.218237360783659540e+01 1.627413952241407767e-03 9.986385663005550306e-01 -5.213794591147022373e-02 -5.892491722435428514e+00 7.762239625411599953e-01 3.160920303358375621e-02 6.296643783310919007e-01 8.263769911505734456e+01
6.219019845852783446e-01 -4.234620543812375043e-02 -7.819493009211454515e-01 -5.310686017400752945e+01 4.411342456562101014e-03 9.987104527686984090e-01 -5.057639337758131071e-02 -5.984422477286959641e+00 7.830826722425400233e-01 2.800411286693528859e-02 6.212868173074524991e-01 8.338088028138471941e+01
6.125322436158270323e-01 -4.192777154784963628e-02 -7.893328202116739467e-01 -5.405863300585149034e+01 6.238254254621134441e-03 9.988175377406707245e-01 -4.821421432161887566e-02 -6.043349551115892559e+00 7.904209921687922469e-01 2.460870161357347000e-02 6.120695045559303438e-01 8.410278258247120675e+01
6.035053795625789919e-01 -4.116742469983280389e-02 -7.962954780443678438e-01 -5.505697982091518128e+01 4.974122446145287472e-03 9.988412404811108924e-01 -4.786892937721039243e-02 -6.127421235797106291e+00 7.973434174079762071e-01 2.492828474387267373e-02 6.030108348818676856e-01 8.485089306128080011e+01
5.948108129247908771e-01 -4.225523621004607239e-02 -8.027543709235941405e-01 -5.603998399667583641e+01 3.714571795002536737e-03 9.987513186491449035e-01 -4.981972936116714490e-02 -6.197115631830196314e+00 8.038571448374175477e-01 2.665142454987952728e-02 5.942250449840523752e-01 8.554836736547154885e+01
5.846658052174319442e-01 -4.450333802185783838e-02 -8.100526755168196980e-01 -5.703777956889092593e+01 4.187851668113269817e-03 9.986465274986773277e-01 -5.184182666082814972e-02 -6.279677938528291037e+00 8.112634398535077951e-01 2.691776245182344804e-02 5.840608506360922547e-01 8.627601821758248946e+01
5.745200468428613982e-01 -4.582352775157037122e-02 -8.172067718033015904e-01 -5.805065576466833477e+01 4.694029011915838712e-03 9.985996317478987860e-01 -5.269479615015602858e-02 -6.353304985532724380e+00 8.184770569858926814e-01 2.643822401954068479e-02 5.739306053179243916e-01 8.696724124653707122e+01
5.642859465130033447e-01 -4.710208229600921365e-02 -8.242346462131069362e-01 -5.905640232749703955e+01 7.946444790179200274e-03 9.986347621330798896e-01 -5.162814974611554947e-02 -6.437009587828693924e+00 8.255411774948372416e-01 2.258330375846566429e-02 5.638898572180967017e-01 8.766930048486231897e+01
5.544033118749366329e-01 -4.684026736969294780e-02 -8.309289648068618472e-01 -6.009492639913612066e+01 8.518513361480616400e-03 9.986820090223722524e-01 -5.061303939186748840e-02 -6.514645234428760645e+00 8.322045506165035578e-01 2.098175667627812102e-02 5.540716239155927259e-01 8.835411223182467211e+01
5.434709275556965924e-01 -4.743553806713314558e-02 -8.380866350501375850e-01 -6.114264809913915144e+01 9.060305097986083925e-03 9.986753907979998290e-01 -5.064952770104332730e-02 -6.600134252914374500e+00 8.393790998967040062e-01 1.993322467565206493e-02 5.431808225818123281e-01 8.902945436997363515e+01
5.337680042889867416e-01 -4.848418249790623774e-02 -8.442398881189984161e-01 -6.219521380520255605e+01 8.542809076337915322e-03 9.986132208695627233e-01 -5.194858504232885421e-02 -6.675338857298996231e+00 8.455878131617384774e-01 2.051631187402683590e-02 5.334419782533273979e-01 8.969282902064142604e+01
5.236265512698073943e-01 -4.893327177618726764e-02 -8.505414490701660446e-01 -6.327092232137625416e+01 7.082810227761458279e-03 9.985646724499483984e-01 -5.308887554138187748e-02 -6.758292309365539374e+00 8.519184706022210340e-01 2.177452063218437289e-02 5.232215619201449064e-01 9.033188747750776315e+01
5.141655962035744931e-01 -4.967064028576387985e-02 -8.562514548189272823e-01 -6.431352036560576835e+01 5.530639336161164397e-03 9.984929400194960669e-01 -5.460092245955387724e-02 -6.843549141472929698e+00 8.576731101260522960e-01 2.333829737884612204e-02 5.136654294024264322e-01 9.095026947932385042e+01
