7.776225086088006666e-01 -6.283705457709533038e-01 2.130003080916742161e-02 -6.595797141017227716e+01 6.274028373993350005e-01 7.777350785910264186e-01 3.865006018461569076e-02 2.571162971583953905e+01 -4.085234054764625561e-02 -1.669145699227712540e-02 9.990257662018804385e-01 -8.851592584818392950e-01 -4.809208017785018303e-24 -1.416202385148814181e-23 -3.430527606006730092e-24 9.999999999999997780e-01
7.495250080870962117e-01 -6.613948392015089883e-01 2.773317381133012099e-02 -6.555813146006020986e+01 6.606406229999250979e-01 7.500160000484322742e-01 3.209309760088829150e-02 2.609098771501577829e+01 -4.202653321783969553e-02 -5.732918014363411544e-03 9.991000471207729383e-01 -8.929579330013591720e-01 -4.809208017785018303e-24 -1.416202385148814181e-23 -3.430527606006730092e-24 9.999999999999997780e-01
7.211221693132300326e-01 -6.927127003791395676e-01 1.148615072257478872e-02 -6.520573623086967530e+01 6.923599394791081219e-01 7.211529446996889359e-01 2.400301138296569853e-02 2.648758856704515452e+01 -2.491046224917486951e-02 -9.356553019404490260e-03 9.996458991993758536e-01 -9.019459305081738432e-01 6.009803614033410296e-19 -4.561294105992778329e-18 3.031529454674965382e-20 9.999999999999994449e-01
6.910138356419281980e-01 -7.227029150023450699e-01 -1.415540880875685789e-02 -6.487046713563712785e+01 7.228376409485346432e-01 6.909418516549977740e-01 1.025194905940568328e-02 2.690133976761876156e+01 2.371450903567670545e-03 -1.731630095232929503e-02 9.998472493045836851e-01 -9.076726014847164015e-01 -1.136097367563811341e-19 -9.585794500543800044e-18 1.497877110884707540e-20 9.999999999999988898e-01
6.563178959062875295e-01 -7.539465709144086425e-01 -2.848486825575724871e-02 -6.453122266381461714e+01 7.539969936065924472e-01 6.567831734332953975e-01 -1.115332807305267383e-02 2.732388037195254071e+01 2.711739562280683288e-02 -1.415737621486212218e-02 9.995319982638621870e-01 -9.273154967827980100e-01 1.728347960023566561e-19 -1.578604028694173046e-17 -7.341215545621328109e-20 9.999999999999984457e-01
6.189138087906722596e-01 -7.849642199421188460e-01 -2.787240030718519945e-02 -6.419341920408147928e+01 7.842547461495098515e-01 6.195399468108268026e-01 -3.338783382610839567e-02 2.776769169129462611e+01 4.347632033867152024e-02 -1.194870826901989810e-03 9.990537432258176365e-01 -9.386491752759893448e-01 7.991296085935747371e-19 -2.458797456489983298e-17 -1.531435504639217506e-19 9.999999999999981126e-01
5.861376758756466909e-01 -8.099062255775514307e-01 -2.223804599824024883e-02 -6.386859335606301613e+01 8.089496942134745128e-01 5.865355929326845352e-01 -3.970378388797496383e-02 2.825846259779807923e+01 4.519974724509832897e-02 5.282423101385345064e-03 9.989640027824616686e-01 -9.599518048149339178e-01 4.901249859453433847e-19 -3.359762942115860732e-17 -8.740907479708123794e-20 9.999999999999977796e-01
5.573386347418661790e-01 -8.301322916653884887e-01 -1.593814789876780644e-02 -6.356568143283389105e+01 8.297876171733075124e-01 5.575664687728512092e-01 -2.391951684311907286e-02 2.876350991399075596e+01 2.874294017520222927e-02 1.059930939552740348e-04 9.995868307233491956e-01 -9.315281986314893903e-01 1.476200759946967202e-18 -4.316094457033694632e-17 -4.684968215226317802e-20 9.999999999999975575e-01
5.286336606499061341e-01 -8.488134398007685100e-01 -7.886522774143416015e-03 -6.328476765033630613e+01 8.487737231098412272e-01 5.286879079738027176e-01 -8.500759997291398862e-03 2.927572624169430426e+01 1.138506856087084275e-02 -2.200085421725104986e-03 9.999327676589072622e-01 -8.754995486156474938e-01 2.225945465735197158e-18 -5.014835967585833432e-17 -1.060001563841851004e-19 9.999999999999975575e-01
4.987597861437784719e-01 -8.667175242435137816e-01 -6.277650436801022506e-03 -6.301024401437629763e+01 8.667029839181425999e-01 4.987924258058383797e-01 -5.661592188017140065e-03 2.979509812894867338e+01 8.038245654207212126e-03 -2.617083856640892853e-03 9.999642681010612044e-01 -8.681872112405194519e-01 1.614762433415751060e-18 -6.004767365204779151e-17 -1.774009026877409993e-19 9.999999999999975575e-01
4.712430074202195174e-01 -8.819929613523597167e-01 -4.294657430128886837e-03 -6.274878349031148872e+01 8.818731874477340194e-01 4.712515131796646273e-01 -1.488934473497610135e-02 3.031718383567325503e+01 1.515616106793368952e-02 3.229156354523674693e-03 9.998799244563928434e-01 -8.632233005710181484e-01 -1.167623955429300003e-18 -6.952068670882970998e-17 -2.495465850222388405e-19 9.999999999999975575e-01
4.457970242102979874e-01 -8.951177664035830928e-01 -5.403468691899462016e-03 -6.250047873317905101e+01 8.948665278272519563e-01 4.458032381954621370e-01 -2.175707215650496407e-02 3.085376156105306933e+01 2.188402567254821643e-02 4.863854756356381960e-03 9.997486845889189677e-01 -8.587362722290643458e-01 -4.291159802416101606e-18 -7.953296927094827571e-17 -2.429773041620250567e-19 9.999999999999975575e-01
4.226834337109723339e-01 -9.062591423206342034e-01 -5.751680325979847616e-03 -6.226145681284726408e+01 9.060170742138781153e-01 4.227056156865652281e-01 -2.128435340688082655e-02 3.140964525587878597e+01 2.172040743679396271e-02 3.785423001581759029e-03 9.997569176922364020e-01 -8.542419550967899067e-01 -7.993265587016814731e-18 -9.055892188125719112e-17 -1.935576093023706683e-19 9.999999999999974465e-01
4.030729177706244837e-01 -9.151540399830522254e-01 -5.030513152301297787e-03 -6.202867813396137819e+01 9.150461510491394446e-01 4.031028680198227021e-01 -1.409323399114806655e-02 3.198802953731955157e+01 1.492529430272897251e-02 1.077449247822581972e-03 9.998880310780293712e-01 -8.475344428123516849e-01 -1.193524023189089235e-17 -1.023653054760532073e-16 -1.654084293839466857e-19 9.999999999999973355e-01
3.858828699252908612e-01 -9.225450659368356066e-01 -2.238752738231435287e-03 -6.180183486775752044e+01 9.225303672615967621e-01 3.858893600759568110e-01 -5.207999647581163655e-03 3.257176861314333394e+01 5.668525239800370312e-03 -5.563953522789027463e-05 9.999839322338386349e-01 -8.429117626375298711e-01 -1.648884924910202888e-17 -1.149679741809180478e-16 -2.095014282199723032e-19 9.999999999999971134e-01
3.696010406943567306e-01 -9.291894535640873309e-01 1.424816803613960289e-03 -6.157709168526052679e+01 9.291888340847063166e-01 3.696028686732811264e-01 1.352804775092436617e-03 3.316110929693135745e+01 -1.783628307697664216e-03 8.239258118064166688e-04 9.999980699062964717e-01 -8.398560218559498747e-01 -2.011906763775313687e-17 -1.285731907566584733e-16 -3.123870587068040612e-19 9.999999999999965583e-01
3.555011651412885998e-01 -9.346740316797675918e-01 1.837413039451349719e-03 -6.136143911673830331e+01 9.346687547611119973e-01 3.555054373359828324e-01 3.194197525944694228e-03 3.375822037303181133e+01 -3.638743805714470675e-03 5.818316154038272832e-04 9.999932104846951386e-01 -8.409026208993699569e-01 -2.284848202517950266e-17 -1.419627575492437692e-16 -4.283926639987016450e-19 9.999999999999960032e-01
3.425299671502427534e-01 -9.395068277214778663e-01 3.771853408957925391e-04 -6.115752851875454610e+01 9.395043387413849478e-01 3.425299425717230339e-01 2.199074326465703076e-03 3.435805654764518380e+01 -2.195242617538863388e-03 -3.988815925211292935e-04 9.999975108985647010e-01 -8.460785034881440625e-01 -2.535553577401488529e-17 -1.569131308797013182e-16 -5.530012540182889618e-19 9.999999999999955591e-01
3.303354235472848455e-01 -9.438536046839933746e-01 -4.345212868291917739e-03 -6.096078541294793496e+01 9.438635109140957047e-01 3.303298161053516702e-01 1.971130814333889140e-03 3.497106603687659288e+01 -4.251055566928056803e-04 -4.752422205952297821e-03 9.999886168194326297e-01 -8.506362848506447971e-01 -2.863168568532953157e-17 -1.704203377602011397e-16 -6.880863558076800943e-19 9.999999999999950040e-01
3.198932398748013939e-01 -9.474250369399446203e-01 -7.356253241336834295e-03 -6.076498836774442935e+01 9.474535808666947334e-01 3.198849439284614515e-01 2.309707930979289139e-03 3.559891261928886763e+01 1.648795337983091213e-04 -7.708568428469307621e-03 9.999702749519722156e-01 -8.572372186635706104e-01 -3.271618656299802486e-17 -1.834657932909432708e-16 -8.747996853012859764e-19 9.999999999999944489e-01
3.118106970593931271e-01 -9.500977703920036044e-01 -9.397653722256113160e-03 -6.057014911204187513e+01 9.501441463532099840e-01 3.117999537089497508e-01 2.624884338128382569e-03 3.622757374719153489e+01 4.362912383776565363e-04 -9.747592688825131718e-03 9.999523959102890602e-01 -8.600740839814260408e-01 -3.704588425360800154e-17 -1.953821023763340947e-16 -1.112038597425858318e-18 9.999999999999937828e-01
3.058193634876562039e-01 -9.520252991358372219e-01 -1.106104521873815111e-02 -6.037319495749616038e+01 9.520877842536525915e-01 3.058205502090096672e-01 1.625467559895339524e-03 3.686869123003216941e+01 1.835208694734346505e-03 -1.102818548837187183e-02 9.999375036140406570e-01 -8.579007685409691941e-01 -4.137041426681434004e-17 -2.083838560269585196e-16 -1.391079702094476075e-18 9.999999999999930056e-01
3.011996123803352132e-01 -9.534759400063781420e-01 -1.274461968433840756e-02 -6.017349309718995443e+01 9.535584973981886536e-01 3.012031795276991497e-01 1.684245252634111994e-03 3.752039946262553372e+01 2.232832645335446672e-03 -1.266003441335291496e-02 9.999173655792907844e-01 -8.587869860996024673e-01 -4.677551132871729273e-17 -2.197390799068872123e-16 -1.655698886466083194e-18 9.999999999999923395e-01
2.978724326641647435e-01 -9.545199488848259417e-01 -1.279378910463568365e-02 -5.997367274232385626e+01 9.546021236367082663e-01 2.978811775251907767e-01 1.260803096501994123e-03 3.817432752198587309e+01 2.607567256268877517e-03 -1.258853673410794197e-02 9.999173612533666100e-01 -8.648827380628930639e-01 -5.147838889565771267e-17 -2.338307022769876090e-16 -1.962063577464985572e-18 9.999999999999915623e-01
2.956529935355898253e-01 -9.552219645719669527e-01 -1.184507546329806316e-02 -5.977091254469678461e+01 9.552860894885061294e-01 2.956821357391372085e-01 -7.495561718228892136e-04 3.883306455385324796e+01 4.218369729982841126e-03 -1.109382729300477030e-02 9.999295636957691302e-01 -8.671629985427752318e-01 -5.637650475851047722e-17 -2.487861006789310257e-16 -2.276567180207239409e-18 9.999999999999908962e-01
2.947576756793290342e-01 -9.555081442742091591e-01 -1.104983501209652261e-02 -5.956629302916454805e+01 9.555584880067647946e-01 2.947953618551730215e-01 -1.915888007423581420e-03 3.950219669184838267e+01 5.088086705439320151e-03 -9.994040940950072241e-03 9.999371132823032804e-01 -8.646598069607960291e-01 -6.166658408471093142e-17 -2.615004521040290762e-16 -2.541442113856246803e-18 9.999999999999905631e-01
2.944784774194037502e-01 -9.555978063580302662e-01 -1.073586608017016927e-02 -5.936027441020024753e+01 9.556468722353690382e-01 2.945109156592363164e-01 -1.541474705773372613e-03 4.018052626714590758e+01 4.634859597057095458e-03 -9.805765715912672167e-03 9.999411807877689462e-01 -8.636445534111960587e-01 -6.682609860923195547e-17 -2.721629002770416779e-16 -2.815152762781750897e-18 9.999999999999903411e-01
2.934168990378636654e-01 -9.559068982472652687e-01 -1.218709326791344964e-02 -5.915264222358874946e+01 9.559796456641515006e-01 2.934325128034345753e-01 5.267880603385241469e-04 4.087121750992409375e+01 3.072529060579646393e-03 -1.180518162304747785e-02 9.999255958580198778e-01 -8.643275273973969330e-01 -7.161952378697064935e-17 -2.807457978965659915e-16 -3.057212389875067568e-18 9.999999999999903411e-01
2.928925579488166342e-01 -9.560864739945770241e-01 -1.061149107541527366e-02 -5.894466126193505318e+01 9.561450859505818967e-01 2.928660325412765220e-01 4.007692109193625694e-03 4.156623923303480694e+01 -7.239549269329592770e-04 -1.131994823969651072e-02 9.999356652610763563e-01 -8.659055878783717963e-01 -7.760591500404976662e-17 -2.863462246594159089e-16 -3.332046076359073940e-18 9.999999999999902300e-01
2.923655847751088777e-01 -9.562845427011346100e-01 -6.499094553896606064e-03 -5.872722604264151869e+01 9.563026023442039447e-01 2.923378859043666012e-01 4.888068598638515248e-03 4.226855824394449002e+01 -2.774452882364568298e-03 -7.644204069030677805e-03 9.999669337309857742e-01 -8.722230675439649472e-01 -8.261668099354152228e-17 -2.926457728593245689e-16 -3.633516604252823121e-18 9.999999999999901190e-01
2.918067034499102208e-01 -9.564752687275662746e-01 -1.976900163965761726e-03 -5.850653764257982203e+01 9.564764985396476682e-01 2.918031369529587304e-01 1.907093522702500319e-03 4.296837237960883726e+01 -1.247222120330307438e-03 -2.447361220819298071e-03 9.999962274228989534e-01 -8.773338575928560923e-01 -8.796313962321856495e-17 -2.981006672475238154e-16 -3.933728060019178809e-18 9.999999999999901190e-01
2.914855817021404505e-01 -9.565752023606066690e-01 1.946498492116290220e-04 -5.828327203206492868e+01 9.565711853372789175e-01 2.914837544070393305e-01 -2.964506563735593361e-03 4.368208595708158271e+01 2.779036197258553595e-03 1.050307357179981879e-03 9.999955868963927852e-01 -8.777893928348653452e-01 -9.393590696412530919e-17 -3.040600657974829998e-16 -4.213561387528456863e-18 9.999999999999897859e-01
2.912556790440926080e-01 -9.566389332502530651e-01 -3.475746598721247103e-03 -5.806742797299890668e+01 9.566248322676127458e-01 2.912712773764215557e-01 -5.474784418227057921e-03 4.440646715222580099e+01 6.249777077270972370e-03 -1.730423453652339032e-03 9.999789727394993166e-01 -8.777577371718729982e-01 -1.010769219351531040e-16 -3.104814050178137235e-16 -4.442354161082278832e-18 9.999999999999893419e-01
2.909105769662502783e-01 -9.567016551174617467e-01 -9.642577700543797717e-03 -5.784930104179977661e+01 9.567019755087078359e-01 2.909823651074879280e-01 -7.112893514260533803e-03 4.514557155072260741e+01 9.610737062801381556e-03 -7.155857178970397373e-03 9.999282111437453047e-01 -8.789618648063541873e-01 -1.096695324327421635e-16 -3.158529008714941495e-16 -4.653385756393205192e-18 9.999999999999892308e-01
2.902657430190680454e-01 -9.569082838633775623e-01 -8.504981086069859572e-03 -5.762433733850661355e+01 9.568946521047780873e-01 2.903308200337987866e-01 -7.787150424524613875e-03 4.587964617794446553e+01 9.920846882005318265e-03 -5.878027913533604744e-03 9.999335105820664760e-01 -8.794617418438993584e-01 -1.187854910912028192e-16 -3.189127240763783726e-16 -4.851798690626074372e-18 9.999999999999892308e-01
2.897703953520835429e-01 -9.570887450874966396e-01 -3.775182694990632509e-03 -5.738978685676674019e+01 9.570596764868705142e-01 2.897915407197865778e-01 -7.592006984634178980e-03 4.662231330257166917e+01 8.360240447295502406e-03 -1.413136263290052470e-03 9.999640540667182886e-01 -8.813391814550851633e-01 -1.283415830298370385e-16 -3.202169220012212620e-16 -5.050101131015974431e-18 9.999999999999893419e-01
2.900713351069793000e-01 -9.569972347091264542e-01 -3.861775289161071840e-03 -5.716022526987837438e+01 9.569930771710185580e-01 2.900855166464644808e-01 -3.826653714900613706e-03 4.738692809336860989e+01 4.782342103274571377e-03 -2.585689665240449055e-03 9.999852215972704350e-01 -8.775442547238662128e-01 -1.384655868005791487e-16 -3.211568914807155792e-16 -5.265952472993830340e-18 9.999999999999894529e-01
2.912738395731077068e-01 -9.566235985767604921e-01 -5.553469765361193806e-03 -5.692932657909887695e+01 9.566396703188649875e-01 2.912670808470204653e-01 2.007183853852730331e-03 4.815880352555641508e+01 -3.025765141523308836e-04 -5.897309633298019813e-03 9.999825649412690254e-01 -8.754414742852199005e-01 -1.498676801707835111e-16 -3.202026576328642148e-16 -5.498197756677235794e-18 9.999999999999898970e-01
2.910538438440758435e-01 -9.566756986219842052e-01 -7.698548549838639399e-03 -5.669456564415398958e+01 9.566943492672749239e-01 2.909998257241198649e-01 7.417783264020945573e-03 4.894449708770540042e+01 -4.856136700005383999e-03 -9.524132226981984681e-03 9.999428527879224982e-01 -8.818160387041621417e-01 -1.602665677296814041e-16 -3.183421849960699570e-16 -5.786988875103256753e-18 9.999999999999903411e-01
2.908107386101578262e-01 -9.567745377652755456e-01 -3.405612001829398747e-03 -5.644930354617125801e+01 9.567492646371000831e-01 2.907705655288065349e-01 9.128134441423029627e-03 4.973035604933990328e+01 -7.743314883111932813e-03 -5.912876297428225347e-03 9.999525383579390692e-01 -8.980981556017362255e-01 -1.702306084351950185e-16 -3.167856749432826818e-16 -6.123459905257840029e-18 9.999999999999907851e-01
2.901824572687081161e-01 -9.569678077797231230e-01 2.599301216714706986e-03 -5.620457099124636358e+01 9.569366220949704349e-01 2.901939957170837636e-01 7.729562935599133475e-03 5.051286918885367783e+01 -8.151244503730684099e-03 2.443829598697654505e-04 9.999667481921490353e-01 -9.086864557532917663e-01 -1.802863554943329390e-16 -3.143967849296668163e-16 -6.490718433705774928e-18 9.999999999999913403e-01
2.893700420524761285e-01 -9.572160790007325781e-01 1.535208474919578635e-03 -5.596708925397589240e+01 9.571975510668268017e-01 2.893740016502626133e-01 5.961157650826401366e-03 5.130211452508377334e+01 -6.150365372588416368e-03 -2.554826475263637098e-04 9.999810536877038469e-01 -9.110632047653994814e-01 -1.899835256340158804e-16 -3.125114703035178378e-16 -6.860320852817173588e-18 9.999999999999917843e-01
2.900007781683525132e-01 -9.570047798315520771e-01 -6.434286391124236296e-03 -5.573914339097755288e+01 9.570210987870111374e-01 2.899702166013948812e-01 5.281094640049148296e-03 5.211061996979603350e+01 -3.188281394763877678e-03 -7.689269387134807163e-03 9.999653543988458182e-01 -9.201892647793038504e-01 -2.002742808882156848e-16 -3.110121555020423762e-16 -7.215861648833727339e-18 9.999999999999922284e-01
2.892728033540747368e-01 -9.572075883682169550e-01 -8.653208077205766860e-03 -5.549458556602372283e+01 9.572456176687403895e-01 2.892742524245286440e-01 1.111007730626836386e-03 5.290913549674564820e+01 1.439685267112253116e-03 -8.604629831463643519e-03 9.999619431017181537e-01 -9.305739039902027887e-01 -2.094766480182598630e-16 -3.085790091023511407e-16 -7.523542764705125699e-18 9.999999999999925615e-01
2.884495380979009149e-01 -9.574632840648072962e-01 -7.805359632451950615e-03 -5.524686389270751619e+01 9.574781262656898440e-01 2.884833779571553958e-01 -3.602549809365781890e-03 5.371033223760370134e+01 5.701025684418935778e-03 -6.434307287220171478e-03 9.999630483152098792e-01 -9.317580387835174838e-01 -2.184774103772710518e-16 -3.057026307135506101e-16 -7.776341616230126119e-18 9.999999999999928946e-01
2.885736014190103949e-01 -9.574077193177484846e-01 -9.784454757400530903e-03 -5.500327974716351065e+01 9.574312044979825798e-01 2.886265897615772902e-01 -4.492252898050491140e-03 5.452377837045220588e+01 7.124971411022513676e-03 -8.071596706455252263e-03 9.999420403748242592e-01 -9.280918451300282923e-01 -2.281455919643793452e-16 -3.026462018515665819e-16 -7.976270212245134756e-18 9.999999999999932276e-01
2.889133070646014434e-01 -9.572325795181100272e-01 -1.532611203634489175e-02 -5.476787600119270394e+01 9.573400192720560309e-01 2.889620255596120346e-01 -1.017489371301224035e-03 5.535141607068652547e+01 5.402638353495555282e-03 -1.437833417307111603e-02 9.998820305442003287e-01 -9.264935511785542532e-01 -2.382401430729755362e-16 -2.978696282682208177e-16 -8.136823485186419977e-18 9.999999999999934497e-01
2.889992594126680192e-01 -9.572496365474815194e-01 -1.235157434071789892e-02 -5.451974132326518685e+01 9.573293176247662517e-01 2.889741881673132951e-01 3.807386123876634054e-03 5.617990737471860996e+01 -7.533281558310242672e-05 -1.292485600528566619e-02 9.999164677222650566e-01 -9.276779822854398505e-01 -2.477055078319509987e-16 -2.954116850972495342e-16 -8.324755565339029913e-18 9.999999999999934497e-01
2.880447720374717524e-01 -9.575983127062382971e-01 -5.973341116679061445e-03 -5.426310248340047337e+01 9.576015975790298507e-01 2.879992398521462604e-01 7.457758284501162308e-03 5.700772489459315295e+01 -5.421219048832128136e-03 -7.868249281181644711e-03 9.999543494766315321e-01 -9.350830085910950551e-01 -2.561651564632622484e-16 -2.951868402716750157e-16 -8.585483026726077547e-18 9.999999999999931166e-01
2.876090772631899051e-01 -9.577050577603977155e-01 -9.057649585791057237e-03 -5.401616461623728327e+01 9.577169507375281610e-01 2.875109102966177943e-01 1.075726407477593273e-02 5.784659296522639949e+01 -7.698113134522384902e-03 -1.176855133657113590e-02 9.999011152376841016e-01 -9.445663920948632608e-01 -2.646778098980063922e-16 -2.912742263057669204e-16 -8.911108883493016333e-18 9.999999999999927836e-01
2.881398888361345612e-01 -9.575352093632030215e-01 -1.008599481040476677e-02 -5.376694705317944312e+01 9.575609102326460009e-01 2.880359536392689268e-01 1.060153788351982790e-02 5.867592007799219544e+01 -7.246216663256276058e-03 -1.271268031849794727e-02 9.998929343200428921e-01 -9.610311333215721952e-01 -2.738638891648759690e-16 -2.882302874316921390e-16 -9.227726183930895172e-18 9.999999999999925615e-01
2.863074238691340478e-01 -9.581195544939813402e-01 -5.914248364964366442e-03 -5.351331171131816689e+01 9.581344711772842304e-01 2.862846818064466170e-01 4.406370928384369112e-03 5.950640194523360549e+01 -2.528671439555053510e-03 -6.928221938689469069e-03 9.999728024108832658e-01 -9.573637693357898160e-01 -2.838712294345974468e-16 -2.829729629008352144e-16 -9.522672528464013264e-18 9.999999999999925615e-01
2.858798327014941965e-01 -9.582518510512423315e-01 -5.109913059996523156e-03 -5.326292056518968820e+01 9.582628729144264668e-01 2.858874194511309974e-01 -8.060975819581304254e-04 6.034476302907070533e+01 2.233304358376823635e-03 -4.666192927339816478e-03 9.999866194080616610e-01 -9.607336093096575658e-01 -2.943996419275632583e-16 -2.752678506937152345e-16 -9.797747955451722305e-18 9.999999999999924505e-01
2.858462002749867503e-01 -9.582446454431542415e-01 -7.690856124139581682e-03 -5.301551783224383740e+01 9.582679307488076725e-01 2.858666505330414997e-01 -1.682560954130523766e-03 6.119400168041905630e+01 3.810864304862053749e-03 -6.888947128292738711e-03 9.999690093801254509e-01 -9.676487753975647754e-01 -3.042862210864982239e-16 -2.690546853899842829e-16 -1.003874257757645395e-17 9.999999999999923395e-01
2.850929990446685602e-01 -9.584793812731996487e-01 -6.265586158200241174e-03 -5.276024594093946263e+01 9.584995999304686265e-01 2.850916472242441824e-01 1.126772400776067775e-03 6.203804828123843151e+01 7.062781651302717234e-04 -6.326796748938375708e-03 9.999797362016923374e-01 -9.701600076912493265e-01 -3.156932082063060421e-16 -2.616189204822403806e-16 -1.022589215534773231e-17 9.999999999999922284e-01
2.843288466757199484e-01 -9.587243858150722442e-01 -2.158469738054678237e-03 -5.250230047783269782e+01 9.587209011064866671e-01 2.843184638417863841e-01 4.152697936913504577e-03 6.289039011526007528e+01 -3.367599978875732841e-03 -3.250101867269083837e-03 9.999890479941209165e-01 -9.692600859225671828e-01 -3.279439240840698174e-16 -2.531732301053184432e-16 -1.046494790469784667e-17 9.999999999999920064e-01
2.836599989351789031e-01 -9.589249180720780252e-01 -8.065105370371264404e-05 -5.225463503884532912e+01 9.589050027545414912e-01 2.836535636734657806e-01 6.469274116566545163e-03 6.374432814700242744e+01 -6.180671193423238792e-03 -1.912410987885076715e-03 9.999790707748653640e-01 -9.656190844375325266e-01 -3.408256998620704747e-16 -2.457439905337379114e-16 -1.080696506831170101e-17 9.999999999999917843e-01
2.834662831854380394e-01 -9.589660552859146092e-01 -5.565169039780079423e-03 -5.201344349503658293e+01 9.589762004289114072e-01 2.834392023698850127e-01 5.183200824643970084e-03 6.459629017835599996e+01 -3.393126574880275543e-03 -6.806127333273202795e-03 9.999710812432114349e-01 -9.646176341654462139e-01 -3.526249158870204960e-16 -2.379103715342602455e-16 -1.118219600633541678e-17 9.999999999999915623e-01
2.835179745597011247e-01 -9.589580923767523357e-01 -4.115235927349272967e-03 -5.176117826665534949e+01 9.589664804838918810e-01 2.835193527684058967e-01 2.567373263370494973e-04 6.544492190904867357e+01 9.205486898995095734e-04 -4.019162960362804640e-03 9.999914994234456733e-01 -9.740893388186919744e-01 -3.652313674432842742e-16 -2.333774777446275105e-16 -1.150832793527972746e-17 9.999999999999911182e-01
2.830119508569288733e-01 -9.591123088810215025e-01 -2.795465095729867625e-03 -5.150847658779228766e+01 9.591068134189402183e-01 2.830209448175265430e-01 -3.642148801138212627e-03 6.629784306046563813e+01 4.284404918539866901e-03 -1.650377982462858861e-03 9.999894600079285434e-01 -9.866240097534352271e-01 -3.786750657916198705e-16 -2.271452444957705828e-16 -1.179371973459095948e-17 9.999999999999906741e-01
2.835416127268889364e-01 -9.589469870830131804e-01 -4.982952606050963448e-03 -5.125855916657155120e+01 9.589580166554849683e-01 2.835476072857038843e-01 -5.260177336483360267e-04 6.715515751412414147e+01 1.917327409492065177e-03 -4.629294431659868383e-03 9.999874466655094274e-01 -9.915915746317173207e-01 -3.912521439956905869e-16 -2.214122335073206980e-16 -1.206309765138185365e-17 9.999999999999901190e-01
2.839248329512470970e-01 -9.588347733407951434e-01 -4.750438520459058719e-03 -5.101135557854655644e+01 9.588377229650546507e-01 2.838974896900939848e-01 5.695293387943053259e-03 6.801777272530752327e+01 -4.112207773858721563e-03 -6.171934877816352173e-03 9.999724981053323969e-01 -9.832151156140829240e-01 -4.034913499086177399e-16 -2.160533043404342617e-16 -1.234275382275571006e-17 9.999999999999895639e-01
2.832165259347166897e-01 -9.590496489588375972e-01 -3.488591323236153209e-03 -5.075743286843393776e+01 9.590221767046853696e-01 2.831741191285591652e-01 9.427769847311235837e-03 6.887542850891070145e+01 -8.053820587578496004e-03 -6.015736667903849241e-03 9.999494721665745933e-01 -9.791709670392453324e-01 -4.168134510511956946e-16 -2.068276317869815702e-16 -1.268520991309704644e-17 9.999999999999891198e-01
2.832355696035311343e-01 -9.590429408527189059e-01 -3.774879063985572131e-03 -5.050919341013057107e+01 9.590090349546734894e-01 2.831846247290484286e-01 1.039899958147804011e-02 6.972360620393659758e+01 -8.904099429421642731e-03 -6.565509697983194434e-03 9.999388036753439346e-01 -9.858989772228495818e-01 -4.306629078708205359e-16 -1.963366338556614260e-16 -1.308685342565226443e-17 9.999999999999887867e-01
2.835850435342620601e-01 -9.589362931702677395e-01 -4.550683964946103735e-03 -5.025505352519670055e+01 9.588923494816110615e-01 2.835149570708350719e-01 1.203042903141633702e-02 7.058805957489769867e+01 -1.024622805167699040e-02 -7.775265779498164755e-03 9.999172766047641492e-01 -1.004189705677435818e+00 -4.430336291684744006e-16 -1.877455317223707579e-16 -1.348299662242768341e-17 9.999999999999883427e-01
2.836489338083713618e-01 -9.589019108480310027e-01 -7.099839531692826201e-03 -5.001115158074372147e+01 9.588791789224214712e-01 2.835518014263187503e-01 1.221049290053048686e-02 7.144596406661678145e+01 -9.695492685672943770e-03 -1.027138159313329899e-02 9.999002430951118292e-01 -1.017692460938012466e+00 -4.562404934236634332e-16 -1.790845602912938760e-16 -1.387993735192478281e-17 9.999999999999880096e-01
2.838219737622881267e-01 -9.588285918214171089e-01 -9.634247009458821176e-03 -4.976540714773377516e+01 9.588598108262537112e-01 2.837424137337760666e-01 8.837750318607255282e-03 7.229264490113476427e+01 -5.740243191895214037e-03 -1.174624000398123702e-02 9.999145340746765642e-01 -1.028610918606258640e+00 -4.690539056726439311e-16 -1.695516582388343407e-16 -1.425883548082066244e-17 9.999999999999878986e-01
2.837843375322256501e-01 -9.588408821290134165e-01 -9.519061374294143091e-03 -4.951437313047188837e+01 9.588858874715382452e-01 2.837911690721059976e-01 6.535782515395629783e-04 7.312999239487159286e+01 2.074748008626860468e-03 -9.313168884917864820e-03 9.999544791168896163e-01 -1.021686907634725916e+00 -4.813969790651875450e-16 -1.616950177659573341e-16 -1.459288535447741338e-17 9.999999999999880096e-01
2.834785277850080942e-01 -9.589357062550938338e-01 -9.068382098249982634e-03 -4.926172661551694887e+01 9.589393164969135519e-01 2.835398200691946480e-01 -6.368493658954079047e-03 7.397348677740913558e+01 8.678223393080303216e-03 -6.890696924373717301e-03 9.999386014823817836e-01 -1.019751852517095436e+00 -4.940417316642567173e-16 -1.527319736091072566e-16 -1.484329412026421318e-17 9.999999999999881206e-01
2.835724076887761180e-01 -9.589043729214936640e-01 -9.438918879492675870e-03 -4.900826321929793750e+01 9.589160166832382259e-01 2.836322450458425570e-01 -5.729094040999232335e-03 7.483038919284817325e+01 8.170835081382077716e-03 -7.426517502630955621e-03 9.999390402878359785e-01 -1.018187275500530342e+00 -5.079471761208369601e-16 -1.431341067573366833e-16 -1.502798704085795884e-17 9.999999999999884537e-01
2.838244814616867617e-01 -9.588424041417485943e-01 -8.056534159153395935e-03 -4.875780032150146326e+01 9.588740230428245415e-01 2.838319138783182982e-01 2.293420258870147005e-04 7.568678304028870230e+01 2.066798650138693648e-03 -7.790294202536469925e-03 9.999675193022409259e-01 -1.011572256761957833e+00 -5.210307780005548906e-16 -1.332413107836693450e-16 -1.521078251440245778e-17 9.999999999999890088e-01
2.835368445789130942e-01 -9.589342010223094181e-01 -7.214975808342161644e-03 -4.850689306581745797e+01 9.589477391275997853e-01 2.834847214985568020e-01 7.459644688362660793e-03 7.654518255736574872e+01 -5.107973011507397493e-03 -9.033868855879565590e-03 9.999461474625046531e-01 -1.008652159283811800e+00 -5.338395728487228569e-16 -1.225614787080790378e-16 -1.547486892253991317e-17 9.999999999999898970e-01
2.833810278519769965e-01 -9.589811068370895919e-01 -7.101393035168722216e-03 -4.825605135439337090e+01 9.589632198181703426e-01 2.832891260363337160e-01 1.169675619413152595e-02 7.739991442494846297e+01 -9.205220774887921259e-03 -1.012461352301730066e-02 9.999063736727493712e-01 -1.014368685846271712e+00 -5.475265669732621626e-16 -1.101943292592320060e-16 -1.581432663934448973e-17 9.999999999999907851e-01
2.832745164524190229e-01 -9.590131881327961239e-01 -7.018070674066667451e-03 -4.800518202967366221e+01 9.589950680262723237e-01 2.831840582126866623e-01 1.162964640074511460e-02 7.825171473815653655e+01 -9.165578537339933579e-03 -1.002467762416363144e-02 9.999077447487325632e-01 -1.024163987104482532e+00 -5.602513282254455997e-16 -9.608429466316114250e-17 -1.622305118730258701e-17 9.999999999999914513e-01
2.839255431452470946e-01 -9.587917157036961457e-01 -1.023385790411860188e-02 -4.775930927614624721e+01 9.588273047868984822e-01 2.838365015344221365e-01 9.329522587951191021e-03 7.910058996594766256e+01 -6.040326544102411939e-03 -1.246139215983818951e-02 9.999041094827864073e-01 -1.033990466590858359e+00 -5.732207564508775485e-16 -8.012569108223886198e-17 -1.665247845618090475e-17 9.999999999999920064e-01
2.841851646123497166e-01 -9.586858739911851002e-01 -1.265650915404348785e-02 -4.751054996791975071e+01 9.587624606290567897e-01 2.841080601394344041e-01 7.560043138141884014e-03 7.995008959814695970e+01 -3.651890299417984848e-03 -1.428303796318423913e-02 9.998913233565249747e-01 -1.041204239576166257e+00 -5.868899270218240446e-16 -6.566667623517054604e-17 -1.699046456145346498e-17 9.999999999999923395e-01
2.834598218828927596e-01 -9.589016436447986846e-01 -1.257645392680778809e-02 -4.725776270095083476e+01 9.589795318712998062e-01 2.833935542077331005e-01 6.808148451490234933e-03 8.080637170185114826e+01 -2.964258762673916640e-03 -1.399039844673250627e-02 9.998977357315915748e-01 -1.044772382313864156e+00 -6.005976764943963674e-16 -4.973090805791020826e-17 -1.723032365061101883e-17 9.999999999999924505e-01
2.825471349239708219e-01 -9.591742282827704358e-01 -1.232543485448288345e-02 -4.700529977275559901e+01 9.592437221990354201e-01 2.824631895954757832e-01 8.125758131731046496e-03 8.166194147436127082e+01 -4.312536143077688212e-03 -1.411900568673075083e-02 9.998910219170396019e-01 -1.048800249099215431e+00 -6.150806040061929501e-16 -3.571290813230896785e-17 -1.743031957011486101e-17 9.999999999999924505e-01
2.824100395651494844e-01 -9.591978444921515079e-01 -1.356704368536667052e-02 -4.675759028923762628e+01 9.592614018235645634e-01 2.822560522729472554e-01 1.220999290354748447e-02 8.251836386461353356e+01 -7.882418682712435606e-03 -1.646256592319569889e-02 9.998334118235889800e-01 -1.050155840569992005e+00 -6.303936107075507585e-16 -2.329847634327686184e-17 -1.766412216553752124e-17 9.999999999999925615e-01
2.821373498280280723e-01 -9.592835000813296764e-01 -1.317885820793821168e-02 -4.650775130726465534e+01 9.593276973917681527e-01 2.819621116932383709e-01 1.370170012884307578e-02 8.337273479654076880e+01 -9.427876166657434345e-03 -1.650860506135178388e-02 9.998192742239832009e-01 -1.056268075902962567e+00 -6.459667691689617714e-16 -1.088478748701930149e-17 -1.794091724521850553e-17 9.999999999999925615e-01
2.812039353333390390e-01 -9.595731867587828923e-01 -1.198524119764813461e-02 -4.625407743834602314e+01 9.596076974482498079e-01 2.810556779319540732e-01 1.267962539670261339e-02 8.422405684216880672e+01 -8.798508458851038785e-03 -1.506669026912961853e-02 9.998477789609205857e-01 -1.062225845732765350e+00 -6.603778832268388671e-16 3.598717172432786706e-18 -1.820548173636067042e-17 9.999999999999925615e-01
2.806037035404274627e-01 -9.597264445892145224e-01 -1.366430076747875665e-02 -4.601242624659131053e+01 9.597955299117423289e-01 2.804579313653683958e-01 1.165716499060597683e-02 8.507685727342467885e+01 -7.355427983635366186e-03 -1.638597846512851106e-02 9.998386856832277569e-01 -1.077746648891604986e+00 -6.747949930097776490e-16 1.837767043518762272e-17 -1.845733505330067306e-17 9.999999999999925615e-01
2.798405586600891115e-01 -9.599539874037431586e-01 -1.332680743393174598e-02 -4.576649230252416345e+01 9.600223893387573870e-01 2.797082136648699757e-01 1.096937448679518971e-02 8.593462570370625997e+01 -6.802477276735990376e-03 -1.586370939950367334e-02 9.998510234164029731e-01 -1.091104141715796949e+00 -6.879755592670806726e-16 3.120809510298355143e-17 -1.869035356701225547e-17 9.999999999999924505e-01
2.783983421094757271e-01 -9.604223721814488801e-01 -9.123054530491371550e-03 -4.551299456280807476e+01 9.604501871260585633e-01 2.783272987225607342e-01 8.327834967211043132e-03 8.677742466378454367e+01 -5.459043890787334749e-03 -1.108069487919066329e-02 9.999237056098974064e-01 -1.093139259004461961e+00 -7.021636707143125485e-16 4.436847141596810520e-17 -1.891953672082253912e-17 9.999999999999925615e-01
2.770968555652627563e-01 -9.607396818340635525e-01 -1.402128329125203535e-02 -4.527306533216416540e+01 9.608414578611323975e-01 2.770518168708335782e-01 5.097413440324668511e-03 8.762484233253090338e+01 -1.012665356144474855e-03 -1.488470751446675788e-02 9.998887038020360940e-01 -1.094121701913229883e+00 -7.189475602046984821e-16 5.750853758511172036e-17 -1.921828447820775244e-17 9.999999999999926725e-01
2.763866661896571264e-01 -9.608055610350790809e-01 -2.151940139816056752e-02 -4.504153909464046279e+01 9.610376410556705773e-01 2.764110606006469073e-01 1.891573866684487758e-03 8.847776056051873184e+01 4.130765873726383562e-03 -2.120376055146901487e-02 9.997666414276866753e-01 -1.104128020641259589e+00 -7.354596527853856052e-16 6.963553759097322524e-17 -1.941948300803575433e-17 9.999999999999927836e-01
2.750562327706022603e-01 -9.611547671087502520e-01 -2.292558566456047789e-02 -4.480590836068039096e+01 9.614137717181334697e-01 2.751042795722635770e-01 1.093120145233750966e-03 8.932640179252067014e+01 5.256269089395936012e-03 -2.234164329171181920e-02 9.997365766091107497e-01 -1.106576179859548814e+00 -7.506507940172005350e-16 8.070357883141887037e-17 -1.950187507598653451e-17 9.999999999999928946e-01
2.737734209258670393e-01 -9.615571581445654381e-01 -2.135288306957524099e-02 -4.456530335308952573e+01 9.617914885122766933e-01 2.737580392873616431e-01 3.697100321738847842e-03 9.018134851315758738e+01 2.290550123500438746e-03 -2.154918899408897817e-02 9.997651653431631757e-01 -1.094595943259087045e+00 -7.646328329921730256e-16 9.310389498778288702e-17 -1.954361270764608351e-17 9.999999999999933387e-01
2.732950592468016415e-01 -9.617520975733410138e-01 -1.851252020786051805e-02 -4.432696084133301895e+01 9.619283415007846560e-01 2.732055396124973279e-01 7.252512840551849499e-03 9.103513121218011861e+01 -1.917396364116155444e-03 -1.978979378697789254e-02 9.998023242885869522e-01 -1.085261844726123082e+00 -7.768269406388722194e-16 1.054219113392691726e-16 -1.970444616137059816e-17 9.999999999999938938e-01
2.722223738105786772e-01 -9.620383525507318900e-01 -1.942131350555928795e-02 -4.409534890819434594e+01 9.622252396900625726e-01 2.720764214645388646e-01 9.849314004483689100e-03 9.189167565476152788e+01 -4.191336339909216592e-03 -2.136888168167230123e-02 9.997628736831375429e-01 -1.089249162992548481e+00 -7.887368619544542148e-16 1.200463824678479117e-16 -1.988022995300407143e-17 9.999999999999944489e-01
2.713263194425283853e-01 -9.623275129613064749e-01 -1.754383582187563073e-02 -4.386431573566523667e+01 9.624734487221473511e-01 2.711791030359233523e-01 1.033221086854525968e-02 9.274184886071380163e+01 -5.185449126548250139e-03 -1.968887691394506645e-02 9.997927081365537427e-01 -1.098010965573531728e+00 -8.011183066374580057e-16 1.334774249515985978e-16 -2.007048865602211917e-17 9.999999999999948930e-01
2.698679151756621097e-01 -9.627932766547206977e-01 -1.415679296549774736e-02 -4.362782990551935569e+01 9.628754723250944059e-01 2.697335056158655653e-01 1.070797566321349953e-02 9.359634273041989161e+01 -6.491005580278529433e-03 -1.652096778122757667e-02 9.998424498239337765e-01 -1.110766366514180037e+00 -8.113186952624955132e-16 1.423330568622316495e-16 -2.036032566681073367e-17 9.999999999999951150e-01
2.689792462774593940e-01 -9.630411952589873481e-01 -1.420638257982820112e-02 -4.340170513925806262e+01 9.631091417079558070e-01 2.688107077469137907e-01 1.271159152379188265e-02 9.444826013859587022e+01 -8.422958538926281560e-03 -1.710145124027119545e-02 9.998182805563823328e-01 -1.115656184514477678e+00 -8.208229248738481843e-16 1.499762755264781050e-16 -2.070724229678232675e-17 9.999999999999955591e-01
2.685836118657252136e-01 -9.630694328987959851e-01 -1.897658696920882446e-02 -4.318297518842485516e+01 9.632195054782958232e-01 2.683488442405263519e-01 1.403859183889673984e-02 9.529805002386244439e+01 -8.427793500183794820e-03 -2.204915441772782939e-02 9.997213647241762757e-01 -1.114061603167951109e+00 -8.310860027483762000e-16 1.580316124916694136e-16 -2.111601576454826254e-17 9.999999999999960032e-01
2.683322328411416047e-01 -9.630366953651956496e-01 -2.362490631540585181e-02 -4.296500135780194540e+01 9.632981207382934619e-01 2.680556285004436212e-01 1.424466957151024685e-02 9.615071311608920723e+01 -7.385350400092890837e-03 -2.658013184843706009e-02 9.996194041684918208e-01 -1.118569346338673887e+00 -8.420364732606461273e-16 1.631813423324225993e-16 -2.159471600248927779e-17 9.999999999999961142e-01
2.687374363846763980e-01 -9.628569228604604291e-01 -2.620565559021092658e-02 -4.273863117693697689e+01 9.631997466336812419e-01 2.684888979029401157e-01 1.264752100506350702e-02 9.699887802046885099e+01 -5.141825568525101170e-03 -2.864014319636341149e-02 9.995765622638881354e-01 -1.127739701151056373e+00 -8.532121285006364582e-16 1.722323709286324957e-16 -2.197441337910147136e-17 9.999999999999962252e-01
2.702743999275770692e-01 -9.623836916037169509e-01 -2.773767976632814797e-02 -4.250512339919966820e+01 9.627710597321434971e-01 2.700132904674071854e-01 1.283392041056137002e-02 9.784434476801787639e+01 -4.861613518843482806e-03 -3.017371548080161753e-02 9.995328466878160567e-01 -1.141603693641183082e+00 -8.654114820392071407e-16 1.794912809274955426e-16 -2.238121946479574290e-17 9.999999999999961142e-01
