1.000000000000000000e+00 4.398956837314658088e-19 2.733407509747682871e-20 -8.673617379884035472e-19 -5.583667658079949532e-19 1.000000000000000000e+00 -6.100159232558060012e-19 0.000000000000000000e+00 4.145284534913582806e-20 -2.210423569125054137e-19 1.000000000000000222e+00 0.000000000000000000e+00
9.999451549908329184e-01 -1.067187544202823687e-03 1.041864366523847195e-02 5.698158310498960266e-02 1.062332140538845785e-03 9.999993245423119959e-01 4.715541175895028103e-04 -3.772428175879832812e-03 -1.041914004443458310e-02 -4.604601890100176991e-04 9.999456132632853489e-01 2.858186561550400406e-01
9.998570587138712051e-01 -2.128302179316177243e-03 1.677296910114871309e-02 8.737220561408561015e-02 2.117066289443914496e-03 9.999975226068121836e-01 6.876092904252563767e-04 -7.439788274318556716e-03 -1.677439127788033987e-02 -6.520015041741446336e-04 9.998590874081884072e-01 5.534613943224298005e-01
9.997902005259943214e-01 -5.634831448741784050e-03 1.969273058415942773e-02 7.727261169393981333e-02 5.658590555397903683e-03 9.999833276608200983e-01 -1.150974947401451915e-03 -8.240625843471030554e-03 -1.968591705186710505e-02 1.262166606545972415e-03 9.998054168607760639e-01 9.190117888700355397e-01
9.998337674141939413e-01 -6.379738989309974469e-03 1.708029564129229932e-02 6.983378822551777887e-02 6.412174260379341004e-03 9.999777399416798218e-01 -1.844893274380069240e-03 -9.067102866394560756e-03 -1.706814579201523102e-02 1.954108463315747286e-03 9.998524190299791226e-01 1.183865125781474514e+00
9.998981150248610339e-01 -1.003813219470088385e-02 1.014866996283027289e-02 7.810794119973560323e-02 1.007138794475793443e-02 9.999440620935854396e-01 -3.231069694795292088e-03 -7.121597725944631141e-03 -1.011566853989734512e-02 3.332951736698703139e-03 9.999432807263333167e-01 1.535802455242908593e+00
9.999378905617403168e-01 -1.101627180790057912e-02 -1.690204532854687729e-03 5.172695438255021927e-02 1.100831827806863540e-02 9.999286179693419596e-01 -4.644983954040719787e-03 -2.978314475036052122e-02 1.741254315466636343e-03 4.626089195878777503e-03 9.999877835923131064e-01 1.837351900307572894e+00
9.998001966734703094e-01 -1.017443823765198235e-02 -1.720603170114093014e-02 2.195273007245897301e-02 1.008928960181169031e-02 9.999364588962741385e-01 -5.028358402430907308e-03 -2.914195987234516338e-02 1.725609942828416551e-02 4.853757118762106262e-03 9.998393211425417038e-01 2.151806051643941231e+00
9.993240574081971861e-01 -6.243727959200447500e-03 -3.622767014323063223e-02 6.805493901594137154e-03 6.064250784418429713e-03 9.999688004309393863e-01 -5.061918311822339103e-03 -3.251656486473485097e-02 3.625814572039710165e-02 4.838803083931312449e-03 9.993307425102825325e-01 2.504105322775183495e+00
9.984071234033655706e-01 -3.803863705263212623e-03 -5.629161954858912659e-02 -8.148145807890204428e-02 3.474840066976911303e-03 9.999763104939535241e-01 -5.941711199153976858e-03 -4.522477498279429964e-02 5.631288845760831080e-02 5.736642414856661307e-03 9.983966895276273901e-01 2.859470568926782530e+00
9.971290681234636910e-01 -3.164190903197958149e-03 -7.565453852762549225e-02 -1.128779340262611591e-01 2.719498776090744935e-03 9.999784203668166116e-01 -5.980227673584705660e-03 -4.921481123893058085e-02 7.567182981764045135e-02 5.757316407818525647e-03 9.971161555622438666e-01 3.212133368840477843e+00
9.953152924246031485e-01 -3.582354500624724668e-03 -9.661591541619667101e-02 -1.574427349992706948e-01 3.044995251585891002e-03 9.999790692748197207e-01 -5.708678612536263915e-03 -5.778507134371128895e-02 9.663434535408696457e-02 5.387740082039345173e-03 9.953053681407161291e-01 3.575340618062741616e+00
9.932065550718166547e-01 -4.493647290547446264e-03 -1.162778814224843804e-01 -2.207751808193547660e-01 3.945208008349081370e-03 9.999799842812570061e-01 -4.946348576743760973e-03 -7.054314235036147906e-02 1.162977831929722233e-01 4.454005338310848550e-03 9.932044038643472739e-01 3.984330919288209039e+00
9.910413930335659760e-01 -4.180387346515869636e-03 -1.334896294429177566e-01 -2.997710697619667131e-01 3.633772446911673424e-03 9.999839878310216035e-01 -4.338176284143869903e-03 -6.985086878819911360e-02 1.335056295501504120e-01 3.814241245852524869e-03 9.910407150742852611e-01 4.366126039579210527e+00
9.887271071325773875e-01 -4.097366193495284754e-03 -1.496727050034519224e-01 -3.773074473017715702e-01 3.535091017525832536e-03 9.999856609726903711e-01 -4.022558234165079551e-03 -8.565096678519656948e-02 1.496870433255672594e-01 3.448105628367977363e-03 9.887274145194206998e-01 4.805211260863459621e+00
9.866750799208222622e-01 -3.357198871953446986e-03 -1.626684210328971925e-01 -4.615725799935379015e-01 2.724433952029382475e-03 9.999878309832297418e-01 -4.112826377297089386e-03 -8.891410111620086376e-02 1.626802519079623421e-01 3.614843811798550220e-03 9.866722197494477431e-01 5.220976754737858272e+00
9.845167229798209574e-01 -3.328910482650180268e-03 -1.752590647007461200e-01 -5.535549464059967839e-01 2.479028785004954577e-03 9.999840847876577676e-01 -5.067996048624180162e-03 -9.209045419628932028e-02 1.752731493515690686e-01 4.555054479300594227e-03 9.845093068971417782e-01 5.660317415405534014e+00
9.827570394645085416e-01 -6.324175689027481360e-03 -1.847934126245565911e-01 -6.496552979429203178e-01 5.171929806834750509e-03 9.999640680310780683e-01 -6.716679269383557700e-03 -1.030801921139664068e-01 1.848292532887650941e-01 5.645125162075524845e-03 9.827544355200868997e-01 6.101652488671590824e+00
9.811639470995872081e-01 -6.168048481267143085e-03 -1.930783861259770251e-01 -7.501874929975008710e-01 4.714532298142652504e-03 9.999569921825141039e-01 -7.986674089205624688e-03 -1.143192238257735444e-01 1.931193477768955724e-01 6.925962277381845708e-03 9.811508291130065507e-01 6.531792911789332301e+00
9.796371716699021626e-01 -5.991387614029809565e-03 -2.006866069121845952e-01 -8.534379588650996551e-01 4.046157688753827288e-03 9.999407908525455024e-01 -1.010165288059492773e-02 -1.060799640542384459e-01 2.007352508149442272e-01 9.083944903656500369e-03 9.796034105670519132e-01 7.011783679437477268e+00
9.780110651695131940e-01 -6.634512728146392535e-03 -2.084474481004491286e-01 -9.558992338509754161e-01 4.103034924965292055e-03 9.999125199153876542e-01 -1.257448267440859808e-02 -1.228181224235642272e-01 2.085126422655868561e-01 1.144271595399009092e-02 9.779527306064541570e-01 7.494795182972946002e+00
9.762317964910063317e-01 -9.903507461941621001e-03 -2.165026534897916410e-01 -1.069910461975735139e+00 6.966037571701226734e-03 9.998731009544911119e-01 -1.432676853630297613e-02 -1.289777741495882479e-01 2.166170685086731551e-01 1.247808129123041156e-02 9.761769021142010505e-01 7.994687523436556198e+00
9.744716998454160395e-01 -1.500293605910661514e-02 -2.240085198359826335e-01 -1.178417060916705505e+00 1.181843425694455336e-02 9.998092420170154870e-01 -1.555005366985932370e-02 -1.481548740046999546e-01 2.241990887551461586e-01 1.250565718837809426e-02 9.744631231147091732e-01 8.526892622052267612e+00
9.725125125674799476e-01 -1.673048901638976224e-02 -2.322487942118072191e-01 -1.320571792157867685e+00 1.295765671291439040e-02 9.997582944611668188e-01 -1.776096186908543081e-02 -1.681076202434925726e-01 2.324898119830243470e-01 1.426335743613288062e-02 9.724942391628662586e-01 9.026866047440860186e+00
9.702888906640004807e-01 -1.298727270921773078e-02 -2.416004927209480790e-01 -1.442789859847546152e+00 8.013005870828900437e-03 9.997354440930307229e-01 -2.155999876491582895e-02 -1.702499030895184007e-01 2.418165856372470057e-01 1.898348108072689736e-02 9.701362624341375307e-01 9.553234714591187782e+00
9.682099983568688284e-01 -9.330944616474535352e-03 -2.499646597984116481e-01 -1.620998210532065276e+00 3.296149634153047736e-03 9.996931611108345050e-01 -2.455033644002727403e-02 -1.819853759786054792e-01 2.501170430591900806e-01 2.294596027167840682e-02 9.679436704123111079e-01 1.008828800050351049e+01
9.658381110723424090e-01 -1.227614374879743009e-02 -2.588552452696721295e-01 -1.790655716850218626e+00 5.521876232888666032e-03 9.996254621227406156e-01 -2.680381218458441697e-02 -2.098812187058796686e-01 2.590873460908041381e-01 2.445877670056595746e-02 9.655441558211214081e-01 1.066332770978402955e+01
9.635646338463944582e-01 -1.481500644814138373e-02 -2.670649928610433488e-01 -1.941895955587631173e+00 7.703551017716725978e-03 9.995878071269810317e-01 -2.765630361259577286e-02 -2.316331166277150466e-01 2.673646434979597419e-01 2.459128725932279574e-02 9.632815878993814529e-01 1.119381128571933282e+01
9.613574435181353461e-01 -1.443348156130884984e-02 -2.749246055659002597e-01 -2.104947789506721012e+00 6.317493474347756800e-03 9.995183513643410844e-01 -3.038345846652785315e-02 -2.548577731731542784e-01 2.752307323328466171e-01 2.747252956704798049e-02 9.609855908228622789e-01 1.177087859246372759e+01
9.588079886466261970e-01 -1.453029115274979272e-02 -2.836831151024398756e-01 -2.285594050351251738e+00 5.073802488752373295e-03 9.994075551052755690e-01 -3.404108273678441848e-02 -2.777713916954873130e-01 2.840096802214207017e-01 3.119951001328189616e-02 9.583136719678838622e-01 1.237398156334926291e+01
9.567206187076513491e-01 -1.513209190779898558e-02 -2.906143074684076066e-01 -2.483825921410022897e+00 3.863802430546145125e-03 9.992196395740386983e-01 -3.930881462386777436e-02 -3.139381328578255692e-01 2.909823531638163208e-01 3.648467726132519767e-02 9.560324996119946572e-01 1.297130482707822985e+01
9.550710690978209128e-01 -1.561510150681795495e-02 -2.959652339182180514e-01 -2.692099667434299626e+00 2.161614586168594202e-03 9.989515371891211082e-01 -4.572913465362318797e-02 -3.455993379200067994e-01 2.963689955479108518e-01 4.303481089291014139e-02 9.541034668378735040e-01 1.358606713391093557e+01
9.534881513142337006e-01 -1.623872147795707779e-02 -3.009927694844379276e-01 -2.887988990585572679e+00 1.026970515045103424e-04 9.985652816527507136e-01 -5.354780775885462085e-02 -3.786705933545519431e-01 3.014304827427027877e-01 5.102628936333266502e-02 9.521218324504611141e-01 1.418040672087782283e+01
9.520907271363564517e-01 -1.651419625473735109e-02 -3.053694919698666244e-01 -3.092114891314783343e+00 -2.708261194323098846e-03 9.980464431538115244e-01 -6.241764663882833769e-02 -4.222331184016540062e-01 3.058037178121569277e-01 6.025428320700521728e-02 9.501860394375208907e-01 1.481192322327943600e+01
9.512177037628559706e-01 -1.660788435624100529e-02 -3.080731344930662252e-01 -3.335639868859056278e+00 -5.484738004997369125e-03 9.974819757127338926e-01 -7.070803177179778298e-02 -4.856527992972645147e-01 3.084717149479261344e-01 6.894843241370066100e-02 9.487314250060033816e-01 1.544206681379134416e+01
9.497731638353948957e-01 -1.428678759397328246e-02 -3.126128962019621982e-01 -3.575349166978728732e+00 -1.072106202530663521e-02 9.968854253305281521e-01 -7.813134822075885888e-02 -5.354398695667065278e-01 3.127554913108231416e-01 7.755860048320982469e-02 9.466618552843510948e-01 1.609431101536405251e+01
9.478663313178072869e-01 -1.395508656574388252e-02 -3.183624842161998370e-01 -3.787488058340385599e+00 -1.349494291582224031e-02 9.963866431776784438e-01 -8.385430098523873055e-02 -6.003047699765633460e-01 3.183823264223346050e-01 8.377895268182863897e-02 9.442530293757520621e-01 1.677118344165151598e+01
9.465060534533703551e-01 -1.250281350968297789e-02 -3.224437442739958581e-01 -4.054627908132021119e+00 -1.754968888424662810e-02 9.957756445991047256e-01 -9.012698832533448667e-02 -6.649599723248799110e-01 3.222084737186478032e-01 9.096452797644809241e-02 9.422882554407989719e-01 1.743472161109490415e+01
9.446875733760402571e-01 -1.190346426029134652e-02 -3.277555399554542004e-01 -4.288240709361053504e+00 -2.052028861295964596e-02 9.952379657097726318e-01 -9.529065717883337949e-02 -7.416061056684305486e-01 3.273290513401141966e-01 9.674553857054325745e-02 9.399446766757170169e-01 1.811232908931447838e+01
9.429365816574829529e-01 -9.388367985445490727e-03 -3.328399903478506117e-01 -4.558548988012585568e+00 -2.470353647009958589e-02 9.948750814139000198e-01 -9.804747652829805260e-02 -8.188441057758886199e-01 3.320547239350066793e-01 1.006748778286370993e-01 9.378721829996550241e-01 1.880951640631479904e+01
9.412399033838789730e-01 -6.423455330691866909e-03 -3.376776289439817891e-01 -4.820861632776098027e+00 -2.900980270489641327e-02 9.945864225110033763e-01 -9.978115802824326364e-02 -8.862887537427045492e-01 3.364905304684151499e-01 1.037139695881095919e-01 9.359580855113021070e-01 1.946824879585312473e+01
9.391172167651266056e-01 -6.365001030040904999e-03 -3.435379709012502114e-01 -5.110725049411077414e+00 -2.944725733755550537e-02 9.946588179173667665e-01 -9.892772599538228462e-02 -9.834961711837303389e-01 3.423327529496194011e-01 1.030209823729966445e-01 9.339137893504969590e-01 2.019616611381906424e+01
9.365171549868455125e-01 -7.498323431805745121e-03 -3.505415681262108452e-01 -5.350578848697155721e+00 -2.869973222589931178e-02 9.947770292916099377e-01 -9.795400634844292354e-02 -1.071319677140282201e+00 3.494451965546784833e-01 1.017960571084685489e-01 9.314105539142853996e-01 2.094379875855304718e+01
9.342856549764162466e-01 -5.513037196957392382e-03 -3.564827045831793217e-01 -5.639280405450958433e+00 -3.078514231888246355e-02 9.948984736297781240e-01 -9.606925723331648237e-02 -1.146056121996572585e+00 3.551937381040756181e-01 1.007305003200561488e-01 9.293496529145116591e-01 2.165214770633653529e+01
9.315405267433107817e-01 -6.321287465842539109e-03 -3.635825705464126312e-01 -5.966636605902049695e+00 -2.952489651091310535e-02 9.952329801883303961e-01 -9.294942515608199674e-02 -1.222581150718148546e+00 3.624369314447997703e-01 9.732089480967572037e-02 9.269132197284607466e-01 2.233980902154204884e+01
9.275450455986848919e-01 -2.752760389968572554e-03 -3.737012279819007521e-01 -6.268203329879893815e+00 -3.233151825600324991e-02 9.956324541995941191e-01 -8.758247023029687439e-02 -1.304499818898751107e+00 3.723101706617944484e-01 9.331901494092063876e-02 9.234049497120664363e-01 2.316155722240793224e+01
9.243057840267032699e-01 -2.721948727739372312e-04 -3.816526437845332298e-01 -6.592612819622511111e+00 -3.370883430717228763e-02 9.960333821748863503e-01 -8.234813970638753255e-02 -1.386739058948944781e+00 3.801611948401092400e-01 8.897992804085586016e-02 9.206302413729406942e-01 2.389729453662261704e+01
9.208366949995127060e-01 3.864879270908648263e-03 -3.899292765455497634e-01 -6.919756917436040489e+00 -3.734677318386131484e-02 9.962283416707108374e-01 -7.832183494470902618e-02 -1.459403399393053524e+00 3.881558987399109650e-01 8.668422032880070127e-02 9.175079549073853480e-01 2.462759748381528624e+01
9.171543463588944789e-01 4.978221371521718459e-03 -3.985010903320339581e-01 -7.263420655444461360e+00 -3.863413134281133005e-02 9.963230798417662681e-01 -7.647041597764880905e-02 -1.527685375755382990e+00 3.966551537634200320e-01 8.553091827017481052e-02 9.139743728541479539e-01 2.536819456158382025e+01
9.128403308957342421e-01 5.382155595649890101e-03 -4.082812257167704462e-01 -7.614338255372136821e+00 -3.991876401131411872e-02 9.962994861878052832e-01 -7.611718698980271536e-02 -1.601004270869727630e+00 4.063607078081747370e-01 8.578092047600584247e-02 9.096772021969851130e-01 2.615086979871935924e+01
9.090222116303777744e-01 3.854292834528772523e-03 -4.167298401172563338e-01 -7.963090089118994186e+00 -3.848748688535424262e-02 9.964602477037034500e-01 -7.473746149622595425e-02 -1.670423862121246161e+00 4.149666667476584192e-01 8.397689719187091673e-02 9.059528407815697904e-01 2.689740331535356077e+01
9.052528678957850738e-01 4.060466066221060308e-03 -4.248538032191340186e-01 -8.370667589712468271e+00 -3.892060312402784161e-02 9.965424401373683683e-01 -7.340539293187342551e-02 -1.734805118827921433e+00 4.230867928973068848e-01 8.298600910973409628e-02 9.022809382814025447e-01 2.769561662362881904e+01
9.015366708350027736e-01 5.332945280281244788e-03 -4.326698360604300242e-01 -8.771639631651263258e+00 -3.998438917278297755e-02 9.966725145808539299e-01 -7.102920076141627792e-02 -1.814507894424115975e+00 4.308513460274068785e-01 8.133546865033362827e-02 8.987500558577853349e-01 2.847496656073118970e+01
8.975362001946542989e-01 6.800391117817676870e-03 -4.408883306329772211e-01 -9.139968686552634836e+00 -4.046657506288513229e-02 9.969318434419248698e-01 -6.700265590798974713e-02 -1.880849273390482246e+00 4.390799794683446500e-01 7.797855022888688925e-02 8.950576077561560595e-01 2.924776827046250105e+01
8.937360078451740408e-01 6.502867542215214416e-03 -4.485461592050579149e-01 -9.558959855665579042e+00 -3.822088319662669126e-02 9.973628851429298114e-01 -6.169634908748739682e-02 -1.941674199897083675e+00 4.469620959453100562e-01 7.228407934870161033e-02 8.916276692960422023e-01 3.005483509866080993e+01
8.894785896084244081e-01 7.026936426500066286e-03 -4.569228125139486729e-01 -9.950580672449772734e+00 -3.704735736300365789e-02 9.976993666065948618e-01 -5.677558674300510477e-02 -2.016833086779051598e+00 4.554726500135798384e-01 6.742845174780864870e-02 8.876925555149793867e-01 3.087110441377075531e+01
8.863691624916307799e-01 6.894704327693569959e-03 -4.629278200089684270e-01 -1.042417894497644859e+01 -3.659598872218867288e-02 9.978039134902143559e-01 -5.520945478742768364e-02 -2.079933210764175922e+00 4.615305455269586021e-01 6.587725966728393001e-02 8.846749382893772662e-01 3.167677212588869295e+01
8.832700527166846838e-01 5.987696685730112267e-03 -4.688263613167180099e-01 -1.087062022493017643e+01 -3.539825975250041057e-02 9.979162602125327686e-01 -5.394535079816972084e-02 -2.143655143808170571e+00 4.675264488069146851e-01 6.424395032593362143e-02 8.816415024523829302e-01 3.248793646394150869e+01
8.802471316365160225e-01 6.202882082266495539e-03 -4.744749803785304199e-01 -1.131387852084400514e+01 -3.521682165026805700e-02 9.980109346447536556e-01 -5.228718644096255752e-02 -2.192023273170474074e+00 4.732068955119311804e-01 6.273514679445561792e-02 8.787147090082410017e-01 3.331405026959809135e+01
8.773801814833055435e-01 3.863776294310072596e-03 -4.797802453105221021e-01 -1.178111479770681669e+01 -3.245856728019328591e-02 9.981546967330348075e-01 -5.131903016743023099e-02 -2.254058578407620139e+00 4.786966282322747679e-01 6.059927949816143466e-02 8.758865622720641841e-01 3.414316749027832998e+01
8.745109913958482029e-01 4.211917992596802413e-03 -4.849874029290424660e-01 -1.225408533984379389e+01 -3.302799910943339523e-02 9.981581745676473272e-01 -5.088624448440094705e-02 -2.316186851959261439e+00 4.838798204250716606e-01 6.051874374320646149e-02 8.730394067032971606e-01 3.498041043096810654e+01
8.726650601094706472e-01 3.569395858171999988e-03 -4.883062026483116491e-01 -1.273894261543098416e+01 -3.262393942036537903e-02 9.981653107259835789e-01 -5.100677502098665411e-02 -2.371850875177804241e+00 4.872282575002946370e-01 6.044230247902825093e-02 8.711804393113653511e-01 3.581854514669166889e+01
8.709351991732161569e-01 3.246977928554958901e-03 -4.913871500035255635e-01 -1.321871268959741741e+01 -3.276604522340493403e-02 9.981364071103703273e-01 -5.147911362179336675e-02 -2.434503623666600003e+00 4.903042612876947759e-01 6.093578577233246807e-02 8.694185218318184472e-01 3.668628267038884161e+01
8.703378406004251833e-01 3.012500988334587768e-03 -4.924458988065408271e-01 -1.374744663962898272e+01 -3.238462672811535242e-02 9.981668170855357847e-01 -5.112965165524180344e-02 -2.491616846383732486e+00 4.913891357203782340e-01 6.044774734131535404e-02 8.688399115403067086e-01 3.756014119497947945e+01
8.699502542183183973e-01 1.558964627934179619e-03 -4.931370194978721422e-01 -1.424223818528113306e+01 -2.972898915572756359e-02 9.983420033004684058e-01 -4.928926558564169363e-02 -2.549724530991390292e+00 4.922425681913337736e-01 5.753967431735455829e-02 8.685542266912265053e-01 3.845423355891576733e+01
8.702417677578615507e-01 1.661609711667935176e-03 -4.926220659860552908e-01 -1.477136206957722742e+01 -2.951214418760369010e-02 9.983740756415471207e-01 -4.876718655349457365e-02 -2.617393335821024181e+00 4.917400761963235389e-01 5.697757615741382009e-02 8.688758588153558948e-01 3.932318805939240747e+01
8.693626952986647227e-01 -7.560056594049131015e-05 -4.941745576979384991e-01 -1.527449365576731921e+01 -2.800298148088080016e-02 9.983856333441248898e-01 -4.941619378523048195e-02 -2.679184441312763454e+00 4.933805231483804343e-01 5.679895648737273706e-02 8.679571087924975448e-01 4.023901487251928444e+01
8.682335524981086294e-01 -6.661694763496848332e-04 -4.961552677019444579e-01 -1.581567114144337616e+01 -2.768030045793857391e-02 9.983766143866463771e-01 -4.977887965189263519e-02 -2.730554656173724837e+00 4.953829860694610177e-01 5.695342048272487856e-02 8.668056355536664093e-01 4.116746289407534221e+01
8.666104670421113099e-01 -2.784041650206213209e-03 -4.989774970987856939e-01 -1.634921170510722277e+01 -2.433677394447502501e-02 9.985585419682082575e-01 -4.783889355677316269e-02 -2.800127642793706073e+00 4.983914360265960797e-01 5.360118848576599787e-02 8.652935305212917649e-01 4.205912357359530063e+01
8.652144906019539894e-01 -2.195990519996205044e-03 -5.013971060139109648e-01 -1.690686061489402903e+01 -2.350265182450986604e-02 9.987136123884068351e-01 -4.493045545739739882e-02 -2.861931272214187416e+00 5.008507904645155273e-01 5.065864275744219603e-02 8.640498784929386833e-01 4.301450512617798694e+01
8.621130246755910331e-01 -1.058778857793788494e-03 -5.067149165106209496e-01 -1.744014564402162293e+01 -2.251976443291491339e-02 9.989297020047246400e-01 -4.040186509499029549e-02 -2.913769844902143191e+00 5.062153659111370274e-01 4.624207464590773115e-02 8.611664640852247921e-01 4.391069632048323967e+01
8.577559826032735701e-01 -3.806824851024250521e-03 -5.140429721374258909e-01 -1.798882497282738413e+01 -1.863397162289725725e-02 9.990851370312064939e-01 -3.849239012643106833e-02 -2.978092117353697166e+00 5.137192358981883533e-01 4.259574000521052645e-02 8.569003178653893382e-01 4.478681897916851540e+01
8.529123090533152762e-01 -5.210627942189044459e-03 -5.220281956804837531e-01 -1.856250948687528890e+01 -1.852508060152222372e-02 9.990183488491675146e-01 -4.023878829002362073e-02 -3.039316533827215672e+00 5.217254244463741530e-01 4.399077217591651490e-02 8.519785201249658879e-01 4.574137539515922413e+01
8.472797682722126300e-01 -7.993349622831909598e-03 -5.310867115018849116e-01 -1.911804833334512566e+01 -1.797201253067359783e-02 9.988827666566423291e-01 -4.370612394786170529e-02 -3.103708003481838507e+00 5.308427311946998239e-01 4.657601156319700342e-02 8.461895032204939104e-01 4.660593153062263383e+01
8.410093277015557867e-01 -8.552733206210963099e-03 -5.409530069975393429e-01 -1.971959753147609717e+01 -1.765286542130026920e-02 9.989088386189290958e-01 -4.323781330664232952e-02 -3.156641657307321047e+00 5.407325507666097542e-01 4.591277487647683897e-02 8.399406713038956029e-01 4.750401318919080040e+01
8.352180433312303975e-01 -5.378811323068794642e-03 -5.498926100698916519e-01 -2.031128981809385792e+01 -1.900681284956494063e-02 9.990723589815337924e-01 -3.864146241902068069e-02 -3.200438664539408062e+00 5.495903617386004303e-01 4.272575246531706145e-02 8.343410275181394331e-01 4.836685031551893132e+01
8.299687402217511556e-01 -1.713728899184514039e-03 -5.578072672104003038e-01 -2.090056300559446356e+01 -2.115837431704145968e-02 9.991789194014707443e-01 -3.455155944449261191e-02 -3.262027456376506596e+00 5.574084841028030812e-01 4.047900909662470459e-02 8.292510100493928338e-01 4.924815235825560222e+01
8.260039848789121342e-01 -2.909127393036193936e-03 -5.636567641668862594e-01 -2.153792749354260039e+01 -2.034470652071748362e-02 9.991812312424074305e-01 -3.497084625204115171e-02 -3.317631222181548711e+00 5.632970039786147076e-01 4.035348967420165911e-02 8.252684940627649235e-01 5.013080696415633497e+01
8.217583088627313792e-01 -4.329267244722450128e-03 -5.698197372735316346e-01 -2.214390662035835433e+01 -2.178037510743858346e-02 9.990017971200992886e-01 -3.900031603104304329e-02 -3.363050627975311624e+00 5.694197941768718296e-01 4.445972127177497818e-02 8.208437350788435616e-01 5.099926201374000811e+01
8.194363029033913115e-01 -6.838106559447049496e-03 -5.731294613303303809e-01 -2.276180018327627508e+01 -2.350257646679791354e-02 9.986869856384780197e-01 -4.551849795082736627e-02 -3.452301325833192713e+00 5.726882043217369489e-01 5.076952862536001504e-02 8.181996589414257670e-01 5.186872307345209521e+01
8.161451525985601307e-01 -6.388134318460992125e-03 -5.778116260471424237e-01 -2.337090440018012671e+01 -2.556724318588117842e-02 9.985604217835158947e-01 -4.715294441624012095e-02 -3.499870685178737340e+00 5.772810503021614803e-01 5.325669735400525434e-02 8.148069216322456620e-01 5.272435460721523981e+01
8.129792101626831524e-01 -4.796293459594411224e-03 -5.822729539344184690e-01 -2.399974995857536442e+01 -2.548232894344482427e-02 9.987150408081921782e-01 -4.380545879928075120e-02 -3.551304583579654395e+00 5.817348708081618858e-01 5.045059819094886711e-02 8.118123451335761409e-01 5.358080926201107985e+01
8.098410802099009764e-01 -3.878169843494949556e-03 -5.866364956106864259e-01 -2.465852307704814805e+01 -2.316889041285421363e-02 9.989865557740733593e-01 -3.858839129276939173e-02 -3.617153172487987067e+00 5.861916346822023671e-01 4.484218105956913614e-02 8.089304993658567033e-01 5.446897505498861136e+01
8.067724853468004609e-01 -2.164288669189756448e-03 -5.908582452928520246e-01 -2.529934921744460752e+01 -2.306285317950435357e-02 9.991158894526734890e-01 -3.515030996374414463e-02 -3.667936992966525978e+00 5.904119468849092778e-01 4.198517975268934582e-02 8.060092954327058301e-01 5.530347628038745711e+01
8.037082541996957152e-01 -1.545019413387938153e-03 -5.950215527579253427e-01 -2.592316376644841469e+01 -2.468580072763651781e-02 9.990490928296128503e-01 -3.593774347787626056e-02 -3.727983630975019391e+00 5.945112772586551575e-01 4.357204442262814503e-02 8.029058630433791865e-01 5.616385907637315711e+01
8.004157065840946661e-01 -2.992466105962407301e-03 -5.994378490791175684e-01 -2.659290858826817683e+01 -2.443521070443969642e-02 9.989935142956390957e-01 -3.761487630306030450e-02 -3.787608197376110208e+00 5.989470950219026868e-01 4.475492782090070842e-02 7.995369789108217606e-01 5.701571501883446302e+01
7.957434712027151580e-01 -4.314201277229031545e-03 -6.056184514063602808e-01 -2.723858688385735149e+01 -2.451462266624750835e-02 9.989256486478491626e-01 -3.932660415810827065e-02 -3.843870909009809544e+00 6.051374777220500656e-01 4.614039620800830521e-02 7.947828029531812666e-01 5.791479240794983241e+01
7.922112400448637626e-01 -6.060303004630307813e-03 -6.102168604320554746e-01 -2.791244941823468295e+01 -2.330594914038162935e-02 9.989207176140159072e-01 -4.017751483831506765e-02 -3.891288924826305617e+00 6.098017625497580418e-01 4.605076185095284547e-02 7.912149801414626316e-01 5.872827099738803014e+01
7.876893796068867859e-01 -5.269344046301086687e-03 -6.160500531790047418e-01 -2.858343909745468281e+01 -2.383352289946917210e-02 9.989542196259122431e-01 -3.901833315215913478e-02 -3.960124132785998619e+00 6.156114117594881918e-01 4.541696955743625141e-02 7.867400433367467416e-01 5.958439532772795388e+01
7.829414367092030202e-01 -5.621325863993329938e-03 -6.220700121385760450e-01 -2.927204385639291218e+01 -2.329363439065160885e-02 9.989930303759717578e-01 -3.834490709830946920e-02 -4.015121582990538229e+00 6.216591664700511499e-01 4.451208794286720671e-02 7.820220982201393500e-01 6.040568258811383373e+01
7.775217992536711531e-01 -8.752161001198282414e-03 -6.287950730097743302e-01 -2.997874631679189861e+01 -2.027526628610566706e-02 9.990344105511744788e-01 -3.897640501455529316e-02 -4.071206314440502183e+00 6.285290537340432193e-01 4.305399194372951793e-02 7.765935808873964952e-01 6.125447789619293815e+01
7.721012714788113573e-01 -8.738515272195695321e-03 -6.354394206074140961e-01 -3.065636715529696943e+01 -2.179679610905832163e-02 9.989529935929599702e-01 -4.022208734032847732e-02 -4.134723440390427385e+00 6.351256037398560483e-01 4.490606812282377236e-02 7.711024057481711269e-01 6.207421400202021999e+01
7.665930988459161988e-01 -9.915348014247475639e-03 -6.420566165522083590e-01 -3.134226919243470988e+01 -2.108189045418483454e-02 9.989531311414974191e-01 -4.059797673093051840e-02 -4.186598177250740349e+00 6.417870216111440929e-01 4.465789589272593785e-02 7.655815430154158108e-01 6.289150664960308035e+01
7.606375199002556320e-01 -9.573136026261020587e-03 -6.491062396936572165e-01 -3.207224668400846923e+01 -2.278598612258394412e-02 9.988814344477439100e-01 -4.143282264861752884e-02 -4.237176066169501709e+00 6.487768250488704647e-01 4.630588508886701593e-02 7.595685645301701872e-01 6.374370416287082719e+01
7.547049112531852844e-01 -1.192230242113889553e-02 -6.559560560767155879e-01 -3.278275743777383866e+01 -2.139839111377574501e-02 9.988555747967665654e-01 -4.277440346626423806e-02 -4.305442598745266913e+00 6.557153441156973184e-01 4.631845646647930748e-02 7.535860907531702901e-01 6.456902826643447213e+01
7.483558614375457330e-01 -1.312630767331741770e-02 -6.631675477599945356e-01 -3.354424194002780268e+01 -2.025199917400450494e-02 9.988858707639591827e-01 -4.262480207370162449e-02 -4.373462518136427946e+00 6.629882111079149487e-01 4.532898894280841529e-02 7.472562632430994611e-01 6.538566491641617517e+01
7.421412512358681601e-01 -1.258129668588940132e-02 -6.701254104479339446e-01 -3.428397732819147592e+01 -2.031524028951508035e-02 9.989421759691577973e-01 -4.125312251329502772e-02 -4.423492389011505210e+00 6.699355650147279517e-01 4.422940251937652195e-02 7.411006052526289967e-01 6.621413109205300884e+01
7.363414063559762246e-01 -1.300890013080470940e-02 -6.764851019750675043e-01 -3.503141919833675644e+01 -1.952919992349741798e-02 9.989899703785329876e-01 -4.046788192148966651e-02 -4.495636211892876766e+00 6.763282862860291456e-01 4.300938969445281673e-02 7.353436272536946205e-01 6.700615755826927966e+01
7.296840175950597418e-01 -1.496416874601591389e-02 -6.836207277020668327e-01 -3.582243079479525250e+01 -1.817093050376461863e-02 9.989830892930892103e-01 -4.126262984123311300e-02 -4.550456480202354825e+00 6.835430192139616556e-01 4.253070605049243114e-02 7.286700821857082788e-01 6.782734839923440973e+01
7.239401228668909116e-01 -1.598114428472093701e-02 -6.896776729826510355e-01 -3.658223592912739974e+01 -1.802823324090491175e-02 9.989519377326789851e-01 -4.207147413562914440e-02 -4.626722568886751041e+00 6.896272100339347899e-01 4.289089790091044768e-02 7.228932777032274215e-01 6.861512769025421221e+01
7.179494046733647661e-01 -1.520471431908988064e-02 -6.959292061123556472e-01 -3.738096011893044590e+01 -2.001070432132109889e-02 9.988974185261728644e-01 -4.246785852969736652e-02 -4.676986996152712628e+00 6.958076111231661365e-01 4.441580712601231329e-02 7.168535508861588745e-01 6.940776990620845766e+01
7.122800695870042942e-01 -1.580575623477419034e-02 -7.017173728272427802e-01 -3.818639674489504898e+01 -1.895820504073742613e-02 9.989484478665137113e-01 -4.174428102808443869e-02 -4.731565449887315644e+00 7.016392924631400518e-01 4.303692101797749331e-02 7.112314221691090621e-01 7.018955400883754692e+01
7.075164078961281300e-01 -1.407669919302124463e-02 -7.065566996117988996e-01 -3.898900480716552863e+01 -2.193010253601606827e-02 9.988827567606843871e-01 -4.186058871254777491e-02 -4.795339238272301685e+00 7.063565750169974455e-01 4.511191403003408928e-02 7.064172374989508008e-01 7.102726560017151769e+01
7.022883848000111007e-01 -1.499193235040625037e-02 -7.117346816628569162e-01 -3.982619335692747597e+01 -2.164798921456782127e-02 9.988661288329221399e-01 -4.240072252682206694e-02 -4.860095353691773923e+00 7.115633472682257876e-01 4.518515944875483442e-02 7.011675360498337284e-01 7.180701650080658283e+01
6.969790802070028324e-01 -1.746702594018390356e-02 -7.168786893024312601e-01 -4.066562319859622221e+01 -2.074713842489866664e-02 9.987936042754325117e-01 -4.450721671770064419e-02 -4.936880567545236076e+00 7.167912709912441782e-01 4.589378017403551724e-02 6.957758578166104435e-01 7.262718230065344471e+01
6.919881415729340901e-01 -1.853435277044446911e-02 -7.216708945141817599e-01 -4.149094696738211496e+01 -2.178509294469557767e-02 9.986789541608334098e-01 -4.653768663168418585e-02 -5.006526227533077744e+00 7.215800925294244550e-01 4.792519461609100889e-02 6.906702219234170936e-01 7.336561668225628807e+01
6.871229637250252376e-01 -1.939278516410954112e-02 -7.262822748696108333e-01 -4.234872777723956716e+01 -2.224776753269098323e-02 9.986133089397927209e-01 -4.771264071350850289e-02 -5.064019353711473492e+00 7.262004392483321080e-01 4.894261013307214803e-02 6.857386912875079732e-01 7.420748917064136663e+01
6.824116763662918528e-01 -1.916490186436158732e-02 -7.307167717852464106e-01 -4.322695650736778106e+01 -2.202643866062430067e-02 9.986631435580526350e-01 -4.676282427847868600e-02 -5.135632331598757538e+00 7.306361259030720312e-01 4.800658527159078898e-02 6.810772564014416774e-01 7.495884863036737045e+01
6.772133685184280605e-01 -2.054591729128101701e-02 -7.354997680051191811e-01 -4.406295416584234204e+01 -1.944212490459616346e-02 9.987613496692370196e-01 -4.580142155739259230e-02 -5.198790533866725738e+00 7.355297858841343128e-01 4.531701311701599733e-02 6.759750826885501107e-01 7.572322652455480352e+01
6.722093755838445261e-01 -2.005757677316159782e-02 -7.400893451652715838e-01 -4.490577453259638219e+01 -2.026201903113953456e-02 9.987601246690149814e-01 -4.547157341181125995e-02 -5.277788010069428992e+00 7.400837889875077069e-01 4.556212214901832896e-02 6.709695137892248695e-01 7.649652337524389623e+01
6.669141211533934355e-01 -2.159369924852130862e-02 -7.448216275560699540e-01 -4.581713616750381846e+01 -1.862826575837753240e-02 9.987844190798090827e-01 -4.563630076086501453e-02 -5.338437905422573238e+00 7.449017060042106841e-01 4.431022840356530629e-02 6.657011809405454228e-01 7.729032811731123331e+01
6.625208529096705545e-01 -2.199008944687345229e-02 -7.487206054614100603e-01 -4.671613769766098301e+01 -1.818968331663428986e-02 9.988018826476899870e-01 -4.543054774397523032e-02 -5.405191434726739352e+00 7.488225850430811903e-01 4.371767570537965497e-02 6.613270834585038838e-01 7.805587222768669164e+01
6.584442926021513154e-01 -2.330080146109576866e-02 -7.522686858543164989e-01 -4.757134174040255203e+01 -1.639193854153080457e-02 9.988395859763748996e-01 -4.528560324858008079e-02 -5.467422160430992939e+00 7.524509465591530111e-01 4.214918880479658070e-02 6.572982803530549312e-01 7.884531890931975795e+01
6.545285382406679231e-01 -2.551648272072033069e-02 -7.556065716888270556e-01 -4.853198524482594678e+01 -1.409166098823272720e-02 9.988449351173152024e-01 -4.593713856900846076e-02 -5.536427107895881328e+00 7.559059643237873161e-01 4.071491953631971306e-02 6.534129467395044522e-01 7.961765497130200231e+01
6.502516085286768055e-01 -2.990159287176342995e-02 -7.591302455456039322e-01 -4.940456742824809311e+01 -1.131199528825922208e-02 9.987332981035684787e-01 -4.902895096473446068e-02 -5.612552761193867035e+00 7.596347106681690109e-01 4.046843171695373859e-02 6.490896879622979343e-01 8.038200283518854405e+01
6.459493551705165482e-01 -3.424591446227552571e-02 -7.626117211016578690e-01 -5.030331163718599186e+01 -7.304548839780960166e-03 9.986702286728250666e-01 -5.103349811700703953e-02 -5.695505471995844893e+00 7.633453238924502449e-01 3.853558947252092026e-02 6.448402403464721377e-01 8.115170998058681562e+01
6.392880286653547239e-01 -3.681079701353471428e-02 -7.680857834580733234e-01 -5.122271945498474111e+01 -3.797802696404555412e-03 9.986902286207945956e-01 -5.102356265714406980e-02 -5.774844093938511058e+00 7.689579979704801449e-01 3.553579072495050700e-02 6.383109084283077328e-01 8.193525819990613002e+01
6.311345049004303265e-01 -4.092748195932417038e-02 -7.745929039803496341e-01 -5.216000579743097632e+01 1.985207022763971381e-03 9.986889780901543334e-01 -5.115060094704189375e-02 -5.849936838899608915e+00 7.756708744114005905e-01 3.074518156368416869e-02 6.303883243409512671e-01 8.268093610959125783e+01
6.217670662291455708e-01 -4.178814561560800084e-02 -7.820866032557538539e-01 -5.311874528439602727e+01 4.374368714892588710e-03 9.987452939454677381e-01 -4.988689907684531327e-02 -5.934322315700283568e+00 7.831900089977879009e-01 2.759689531072746088e-02 6.211697291743742966e-01 8.342481331460503213e+01
6.128098336133581681e-01 -4.220956172593443717e-02 -7.891023059726095523e-01 -5.403019920650268659e+01 7.117927537528662661e-03 9.988267680055386011e-01 -4.790013151273474212e-02 -5.984082108897606389e+00 7.901983631188141954e-01 2.373689814610108195e-02 6.123913112131613712e-01 8.416397888275943728e+01
6.047441136767188752e-01 -4.141069245130390986e-02 -7.953425047872262343e-01 -5.504034289081545239e+01 5.935575592076643148e-03 9.988539037613138882e-01 -4.749366127542917204e-02 -6.084664426711933416e+00 7.963977249021459981e-01 2.400069608883169392e-02 6.042968161281435657e-01 8.490397632490414992e+01
5.945927785803346577e-01 -4.256160418710887988e-02 -8.028996984067374720e-01 -5.605126103919394609e+01 4.345490400113158347e-03 9.987534586241522128e-01 -4.972570340397605010e-02 -6.139044513728434183e+00 8.040152703156158154e-01 2.607755079038446763e-02 5.940365462427761312e-01 8.564652925937852501e+01
5.848073062802724431e-01 -4.375751418635897422e-02 -8.099911619718564992e-01 -5.703554227147766653e+01 4.299099601236229008e-03 9.986971550283774146e-01 -5.084791303155868081e-02 -6.232075919815644127e+00 8.111608613561849257e-01 2.625399793362977532e-02 5.842335120638804113e-01 8.633922389472576242e+01
5.757799544617904219e-01 -4.479366644286666282e-02 -8.163767263404412278e-01 -5.803213769015378887e+01 4.112355062388409373e-03 9.986441272121485691e-01 -5.189408154037812582e-02 -6.281814003309622585e+00 8.175943636634883660e-01 2.652234050606950416e-02 5.751834786897409568e-01 8.701597193045398626e+01
5.652854150050087290e-01 -4.569277091671208879e-02 -8.236288957363279151e-01 -5.907882473916386346e+01 6.359119603574710060e-03 9.986763915753826826e-01 -5.103946005538219366e-02 -6.381779146160552862e+00 8.248708822082617687e-01 2.361430723365195300e-02 5.648277654123062819e-01 8.775538738188859611e+01
5.552042562879486720e-01 -4.569229974076755019e-02 -8.304579670141353231e-01 -6.010871200471637366e+01 7.638396144466013359e-03 9.987278088223469075e-01 -4.984394409271870191e-02 -6.465446420116007786e+00 8.316789645301002620e-01 2.133020248239876626e-02 5.548469473770500926e-01 8.844391540452123479e+01
5.442463605831110440e-01 -4.585853603428049347e-02 -8.376711054440639792e-01 -6.114543138747809792e+01 7.558463469185001254e-03 9.987323516511612542e-01 -4.976504163557098764e-02 -6.555751251996987605e+00 8.388913995121536349e-01 2.075293583935029426e-02 5.439030688218944309e-01 8.912854169106444147e+01
5.336903709098493875e-01 -4.670280380668272863e-02 -8.443893788747901530e-01 -6.220579701937932526e+01 6.855113514999343002e-03 9.986800328084379785e-01 -5.090382561791709226e-02 -6.621445790969397116e+00 8.456521786016794051e-01 2.137849602752081579e-02 5.333060713304105249e-01 8.977998517963615654e+01
5.235493372718443839e-01 -4.646526861881931925e-02 -8.507273694413737264e-01 -6.328670939313207811e+01 4.374458006735868279e-03 9.986451897728357840e-01 -5.185218451196520889e-02 -6.704324920209883132e+00 8.519841357130079063e-01 2.342570519421156156e-02 5.230432888292601001e-01 9.043347672827299277e+01
5.142888019995750515e-01 -4.823952566175711276e-02 -8.562592849170946874e-01 -6.434023828598971306e+01 5.157324850331263325e-03 9.985727159247026474e-01 -5.315950513925306320e-02 -6.784724162555327176e+00 8.576015638160264798e-01 2.292333042659948708e-02 5.138035538822168791e-01 9.104882623043614842e+01
