1 0 0 0 0 1 0 0 0 0 1 0
0.99995476 -0.0019676513 0.0093063734 0.022200792 0.0019588424 0.99999762 0.00095556924 -0.0036830261 -0.0093082323 -0.0009372963 0.99995624 0.27372959
0.99985909 -0.0037965147 0.016352246 0.035672066 0.0037754822 0.99999201 0.0013169097 -0.0097354015 -0.016357117 -0.0012549865 0.99986543 0.56128769
0.9997958 -0.0068560313 0.019009424 0.026361879 0.0068626974 0.99997641 -0.00028543326 -0.015803842 -0.019007021 0.00041583093 0.99981926 0.87862679
0.99982809 -0.0082501441 0.016604862 0.033778212 0.0082726388 0.99996495 -0.0012864427 -0.021469291 -0.016593668 0.0014235877 0.9998613 1.1787148
0.99988109 -0.011519803 0.010252249 0.038093751 0.011553712 0.99992796 -0.0032543097 -0.02289673 -0.010214022 0.0033723743 0.99994215 1.4998677
0.99992891 -0.011889037 -0.0009054023 0.021043617 0.011884823 0.99991913 -0.0045265864 -0.033092419 0.00095914591 0.0045155042 0.99998935 1.8327714
0.99978041 -0.011760406 -0.017344286 0.0038293667 0.011677836 0.99992003 -0.0048543005 -0.038323618 0.017399989 0.0046506909 0.99983779 2.1511411
0.99932642 -0.0073697788 -0.035949852 -0.041716623 0.0071782734 0.99995937 -0.0054531945 -0.041258147 0.035988583 0.0051914636 0.99933872 2.503167
0.99843102 -0.0037588061 -0.055869304 -0.080392136 0.003411966 0.99997432 -0.0063021577 -0.049140657 0.055891562 0.0061016456 0.9984182 2.8413614
0.99707868 -0.0029787093 -0.076323198 -0.11931986 0.0024895176 0.99997575 -0.0065038195 -0.054038894 0.076340727 0.0062948118 0.99706192 3.1774967
0.99536138 -0.0043324329 -0.096109051 -0.18163365 0.0037624004 0.99997425 -0.0061115317 -0.060919468 0.096133062 0.005721582 0.99535205 3.5890216
0.99324879 -0.0053103628 -0.11588203 -0.23679765 0.0047261191 0.9999747 -0.005315895 -0.069234891 0.11590734 0.004732334 0.99324876 3.9798197
0.99108363 -0.0045183509 -0.13316462 -0.30866028 0.003945327 0.99998179 -0.0045666774 -0.077216673 0.13318284 0.0040005813 0.99108341 4.3771732
0.98874303 -0.0035670251 -0.14958106 -0.38531621 0.0030105995 0.99998768 -0.003946169 -0.082442809 0.1495933 0.0034514184 0.98874159 4.7764038
0.98665261 -0.0026957309 -0.16281695 -0.47069803 0.0020646275 0.99998969 -0.0040452366 -0.090978478 0.16282618 0.0036550868 0.986648 5.1945197
0.98450464 -0.0040808981 -0.17531102 -0.5646448 0.0032696484 0.99998257 -0.0049160806 -0.098267219 0.17532804 0.0042666988 0.98450083 5.6337648
0.98277236 -0.0070483737 -0.18468572 -0.65454793 0.0058570315 0.99995838 -0.0069954087 -0.11123879 0.18472735 0.0057931842 0.98277273 6.0893009
0.98123646 -0.0066201323 -0.19269455 -0.74644439 0.0050465117 0.9999498 -0.0086560776 -0.12040773 0.1927422 0.0075212236 0.98122061 6.5277329
0.97960056 -0.0065138524 -0.20084896 -0.86080911 0.0044767588 0.99993385 -0.010594959 -0.12356023 0.2009047 0.0094796751 0.97956492 7.0020826
0.97830292 -0.0070534791 -0.20705952 -0.96753571 0.0043967551 0.99990204 -0.013288112 -0.1345134 0.20713299 0.012089408 0.9782381 7.4965323
0.97628445 -0.010952063 -0.21621453 -1.0899998 0.0078842182 0.99985571 -0.01504637 -0.14706297 0.21634814 0.012984855 0.97622993 7.9903846
0.97438733 -0.016334845 -0.22428217 -1.1985065 0.013065933 0.99978579 -0.016051506 -0.15928148 0.22449634 0.012709928 0.97439204 8.5029466
0.97247861 -0.01706715 -0.23236624 -1.3390606 0.013113699 0.99974197 -0.018548116 -0.18625605 0.23262286 0.014990466 0.97245149 9.0203151
0.97038831 -0.013697061 -0.24116159 -1.4850118 0.0085111751 0.99970988 -0.022532372 -0.18969993 0.24140027 0.019812582 0.97022336 9.5368674
0.96843061 -0.010710458 -0.24905307 -1.6346447 0.0044189778 0.99965718 -0.025807 -0.20786049 0.24924412 0.023891729 0.96814594 10.083407
0.96591303 -0.013330653 -0.2585233 -1.8013507 0.0063409461 0.99959194 -0.027852077 -0.23083158 0.25878912 0.025263403 0.96560342 10.642448
0.9637662 -0.015136193 -0.26631861 -1.9656877 0.0075357445 0.99953526 -0.029537791 -0.25893513 0.26664195 0.026460616 0.96343236 11.228494
0.96149519 -0.014988307 -0.27441272 -2.1429734 0.0063394904 0.99945561 -0.032377356 -0.28059317 0.27474864 0.029391035 0.96106678 11.784477
0.9589254 -0.014408715 -0.28329219 -2.3341282 0.0044617361 0.99935166 -0.035726015 -0.30481764 0.28362331 0.032994609 0.95836798 12.386375
0.95679371 -0.015513496 -0.29035345 -2.512333 0.0037643929 0.99915289 -0.040979733 -0.33752386 0.29074325 0.038116147 0.95604159 12.947296
0.95509626 -0.01614262 -0.2958556 -2.7179222 0.0020329322 0.9988483 -0.04793684 -0.3762536 0.29628872 0.045182843 0.9540291 13.577973
0.95392909 -0.017076142 -0.2995458 -2.9277077 0.00017412841 0.9984104 -0.056361636 -0.41471541 0.30003211 0.053712845 0.9524157 14.216619
0.95231961 -0.016930592 -0.30463209 -3.1281061 -0.0029677623 0.99789788 -0.06473796 -0.45859961 0.30508779 0.062555305 0.95026748 14.786268
0.95103138 -0.016582987 -0.30864917 -3.3596178 -0.0065681696 0.99725009 -0.073818181 -0.50358455 0.30902456 0.072230668 0.94830721 15.445992
0.94963805 -0.015574625 -0.31296166 -3.5787 -0.010318802 0.99666796 -0.080910409 -0.56466106 0.31317903 0.080064993 0.94631311 16.071497
0.9481448 -0.014495143 -0.31750799 -3.8155301 -0.014034429 0.99607589 -0.087383412 -0.62760594 0.31752872 0.087308172 0.94422074 16.762166
0.94620123 -0.013020491 -0.32331669 -4.0636734 -0.018172428 0.99547482 -0.093271841 -0.69486591 0.3230681 0.094129381 0.94168289 17.417644
0.94506614 -0.010594177 -0.32670743 -4.3081572 -0.022945723 0.99485906 -0.098635458 -0.77347993 0.32607283 0.10071357 0.93996452 18.079323
0.94320135 -0.0081326876 -0.33212206 -4.58393 -0.027306611 0.99441989 -0.10189909 -0.84863969 0.33109753 0.10518049 0.93771611 18.790508
0.94151219 -0.0077605146 -0.33688954 -4.8361654 -0.028687045 0.99425974 -0.10307583 -0.92698237 0.33575566 0.10671151 0.93588504 19.477263
0.93921276 -0.0068680793 -0.34326698 -5.1216074 -0.030123496 0.99429587 -0.10231474 -1.0131053 0.34201167 0.10643571 0.93364847 20.202183
0.93687313 -0.0069740953 -0.34959991 -5.4104329 -0.030251845 0.99443572 -0.100908 -1.1006802 0.34835841 0.10511404 0.93144912 20.912695
0.93456688 -0.0066077688 -0.35572612 -5.6836336 -0.030673863 0.99460839 -0.09906193 -1.1833206 0.35446279 0.1034915 0.92932537 21.642064
0.9317187 -0.0064464288 -0.36312353 -5.9626601 -0.030445295 0.99493675 -0.095780732 -1.2690629 0.36190241 0.1002961 0.92680491 22.338958
0.92790276 -0.0039169863 -0.3728017 -6.3132243 -0.032142193 0.99538125 -0.090460216 -1.352904 0.37143418 0.09592095 0.92349111 23.16123
0.92501439 -0.0020959999 -0.37992627 -6.6251244 -0.032637938 0.99584982 -0.084958224 -1.4334497 0.37852761 0.090987592 0.92110701 23.875131
0.92099168 0.00076892257 -0.38958146 -6.9477433 -0.035055887 0.99610491 -0.080907985 -1.5025047 0.38800182 0.088172706 0.91743129 24.616572
0.9174256 0.0015617769 -0.39790429 -7.2943136 -0.035962685 0.99622517 -0.079006949 -1.5798478 0.39627891 0.086792705 0.91401864 25.351673
0.91329047 0.0037287122 -0.40729179 -7.6629008 -0.039025632 0.99615868 -0.078389369 -1.6586256 0.40543499 0.087487084 0.90992774 26.151086
0.91001626 0.0038137343 -0.414555 -7.9984387 -0.039359585 0.99623564 -0.077235786 -1.7307154 0.41269994 0.086602536 0.90674074 26.879972
0.90590338 0.0037919515 -0.42346744 -8.3881419 -0.03945973 0.99636532 -0.075492298 -1.8009311 0.42164205 0.08509864 0.90276033 27.685528
0.90169603 0.0040448293 -0.43235159 -8.7837249 -0.039581379 0.99652958 -0.073226462 -1.8757995 0.43055499 0.083141083 0.89872686 28.454571
0.89846582 0.0056032935 -0.43900769 -9.1812543 -0.039938915 0.99681581 -0.069015411 -1.9514213 0.43722313 0.07954148 0.89582873 29.235977
0.89448419 0.0061330102 -0.4470575 -9.5925019 -0.038541474 0.99724154 -0.063433996 -2.0140405 0.44543531 0.073970962 0.89225316 30.038917
0.89137138 0.004830195 -0.45324795 -10.009041 -0.035494766 0.99761646 -0.059173646 -2.078896 0.45188184 0.068833625 0.88941821 30.835857
0.88763851 0.0041808624 -0.46052186 -10.442197 -0.034392639 0.99776832 -0.057232237 -2.1443628 0.45925488 0.0666401 0.88580137 31.65182
0.88382312 0.0050686363 -0.46779375 -10.897595 -0.035407006 0.997798 -0.056084658 -2.2086872 0.46647943 0.066132094 0.88205641 32.477603
0.88107805 0.0039292507 -0.47295455 -11.334618 -0.033641177 0.99795345 -0.054380048 -2.2602298 0.47177299 0.063823816 0.87940706 33.273222
0.87846493 0.003067863 -0.47779696 -11.800803 -0.032263181 0.99807798 -0.052909723 -2.3244743 0.47671634 0.061894587 0.87687548 34.121569
0.87603021 0.0031330385 -0.48224602 -12.284427 -0.032602162 0.99807597 -0.052739608 -2.3900876 0.48115297 0.061923753 0.87444685 34.976083
0.87346923 0.0018930297 -0.48687566 -12.748965 -0.031740758 0.99808658 -0.053063169 -2.4463196 0.48584365 0.061802849 0.871858 35.793384
0.87229985 0.0012724951 -0.48896965 -13.272185 -0.031489863 0.99806696 -0.053579123 -2.501387 0.48795632 0.062134649 0.87065374 36.664443
0.87193336 0.0032073664 -0.48961404 -13.749143 -0.033298181 0.99805184 -0.052761303 -2.572656 0.48849101 0.062307598 0.8703415 37.50656
0.87211933 0.0019470285 -0.48928935 -14.290605 -0.030949462 0.99820911 -0.051192777 -2.6291814 0.48831346 0.059789453 0.87061772 38.423623
0.87113184 0.0025291345 -0.49104267 -14.762874 -0.031332129 0.99823534 -0.050443155 -2.695747 0.49004861 0.059328051 0.86967383 39.297197
0.87108404 -0.0014116926 -0.49113195 -15.287893 -0.027213643 0.99832084 -0.05113634 -2.753557 0.49037948 0.05790954 0.86958293 40.219212
0.86949998 -0.00076242629 -0.49393237 -15.810385 -0.028585605 0.99824506 -0.051861896 -2.8288023 0.49310513 0.059213273 0.86795227 41.123588
0.86891494 -0.0023932401 -0.49495563 -16.331171 -0.025786851 0.99841138 -0.050097453 -2.8862975 0.49428928 0.056293773 0.86747285 42.040709
0.86760313 -0.0035353782 -0.49724469 -16.884133 -0.022602338 0.9986608 -0.046537453 -2.9484555 0.49674335 0.051614933 0.86636134 42.986669
0.8643571 -0.0031172289 -0.50286883 -17.440294 -0.020902834 0.99889384 -0.042120909 -3.0150097 0.50244392 0.046918891 0.86333583 43.920809
0.86143012 -0.0043500766 -0.50785746 -17.987538 -0.018394168 0.99904003 -0.039757592 -3.0774749 0.50754292 0.043590003 0.86052316 44.819618
0.85571932 -0.0091381374 -0.51735956 -18.551365 -0.014817612 0.99900124 -0.042153906 -3.1382589 0.51722809 0.043737946 0.85472926 45.749094
0.84981038 -0.010495884 -0.526984 -19.106311 -0.015861315 0.9988397 -0.045471617 -3.1992942 0.52684985 0.047000912 0.84865787 46.627054
0.84466298 -0.0084391296 -0.53523193 -19.716266 -0.018703171 0.99879995 -0.045264259 -3.2659979 0.53497166 0.048243579 0.8434915 47.524155
0.83967297 -0.0071244657 -0.54304559 -20.321164 -0.017591497 0.99903246 -0.040307253 -3.3234744 0.54280739 0.043397897 0.83873523 48.439292
0.83393996 -0.0034137162 -0.5518446 -20.889242 -0.018883489 0.99921874 -0.034717644 -3.3848196 0.55153203 0.039373182 0.83322398 49.280729
0.83047986 -0.0041767064 -0.55703297 -21.514597 -0.01941879 0.99914704 -0.036443187 -3.4355213 0.55671011 0.04108224 0.82969039 50.194355
0.82632888 -0.0053932595 -0.56316203 -22.116148 -0.021325559 0.99893737 -0.040857606 -3.4867638 0.562784 0.045771565 0.82533579 51.066476
0.82348096 -0.0081116684 -0.56728589 -22.730086 -0.023184408 0.99858142 -0.047933642 -3.5542607 0.56687002 0.05262463 0.82212472 51.907183
0.82057666 -0.0061760096 -0.57150308 -23.381303 -0.027033847 0.99840298 -0.049605137 -3.6232107 0.57089679 0.056154746 0.81909922 52.77073
0.81830489 -0.0061777097 -0.57475117 -23.960635 -0.024783881 0.99863303 -0.046019974 -3.6854154 0.57424985 0.051902935 0.81703318 53.617424
0.81557833 -0.0068296375 -0.57860635 -24.592797 -0.020087478 0.99899349 -0.040106151 -3.739523 0.57829794 0.044332451 0.81462025 54.521614
0.81171771 -0.0064654524 -0.58401415 -25.234174 -0.018659571 0.99914119 -0.036996026 -3.7985618 0.58375183 0.040927784 0.81089996 55.376633
0.80908517 -0.004228834 -0.58767617 -25.86048 -0.022091474 0.99904852 -0.03760352 -3.8517289 0.58727608 0.043407084 0.80822192 56.222552
0.8055885 -0.0045313714 -0.5924581 -26.530902 -0.023161952 0.99896546 -0.039134724 -3.9133492 0.59202257 0.04524897 0.80465013 57.094677
0.80164082 -0.0056219614 -0.59777953 -27.16608 -0.024169304 0.99883339 -0.04180555 -3.9847663 0.59731723 0.04796095 0.80056974 57.974146
0.79786323 -0.0055517514 -0.60281292 -27.82494 -0.02508151 0.99878603 -0.042395616 -4.0385845 0.60231654 0.048945362 0.7967554 58.799115
0.79299945 -0.0077011099 -0.60917365 -28.484383 -0.022088882 0.99889918 -0.041382457 -4.0922009 0.6088218 0.046272231 0.79195639 59.633442
0.7892853 -0.0064566671 -0.61399267 -29.15969 -0.023357888 0.99890523 -0.040530834 -4.1545679 0.61358223 0.046331964 0.7882704 60.478269
0.78326362 -0.007875106 -0.62163981 -29.844638 -0.022729037 0.99888853 -0.041292689 -4.2241633 0.62127412 0.046472336 0.78221406 61.348194
0.77775034 -0.0091200839 -0.62850711 -30.532076 -0.022519607 0.99884854 -0.042361037 -4.2835097 0.6281698 0.047100045 0.77664942 62.194116
0.7716321 -0.0084061085 -0.63601353 -31.226965 -0.024513234 0.99877684 -0.042940947 -4.3441256 0.6355966 0.048725362 0.77048221 62.960841
0.76644939 -0.009867277 -0.64222888 -31.983295 -0.024215656 0.99872722 -0.044244026 -4.4121989 0.64184809 0.049462801 0.76523493 63.821043
0.76074244 -0.01241699 -0.64893507 -32.666767 -0.022272342 0.99872875 -0.045219809 -4.4711967 0.64867166 0.048853932 0.75949879 64.646805
0.75573733 -0.015352307 -0.65469486 -33.393702 -0.019036573 0.99878768 -0.045395718 -4.5270572 0.65459814 0.046770386 0.75452888 65.444535
0.74869464 -0.013079595 -0.66278595 -34.126766 -0.021244451 0.9988184 -0.043709052 -4.5988191 0.66257455 0.046805258 0.74753212 66.290443
0.74301335 -0.017128837 -0.66905734 -34.854393 -0.015409495 0.99896961 -0.042687892 -4.6487722 0.6690992 0.04202751 0.74198382 67.095864
0.73597898 -0.01688399 -0.67679378 -35.646634 -0.016867193 0.99892135 -0.043262331 -4.7244112 0.67679426 0.043255779 0.73490034 67.9398
0.73007405 -0.019466272 -0.6830907 -36.410308 -0.015603574 0.99885873 -0.045141618 -4.7866489 0.6831899 0.04361538 0.7289371 68.742672
0.72232204 -0.016346406 -0.69136359 -37.161357 -0.020414684 0.99878091 -0.044943722 -4.85605 0.69125549 0.046577811 0.72110776 69.507041
0.71845867 -0.019667179 -0.69529152 -37.939839 -0.015348685 0.99890853 -0.044115463 -4.9071654 0.69540031 0.042366948 0.71737263 70.341091
0.71152913 -0.017825425 -0.70243043 -38.755522 -0.01825351 0.99887188 -0.043838104 -4.9772898 0.70241949 0.044013909 0.71040107 71.125297
0.70790194 -0.01709337 -0.70610383 -39.642045 -0.02058559 0.99878311 -0.044816563 -5.0599698 0.70601071 0.046261296 0.70668863 71.961137
0.70073743 -0.018084624 -0.71318999 -40.477793 -0.022497306 0.99862133 -0.047426905 -5.1312566 0.71306449 0.049278662 0.69936449 72.76176
0.69813348 -0.01864113 -0.71572488 -41.293827 -0.024595454 0.99844655 -0.049995578 -5.2014635 0.71554507 0.052507166 0.69659048 73.523307
0.69262143 -0.019060072 -0.72104939 -42.124964 -0.025546565 0.99837542 -0.05093022 -5.272539 0.72084878 0.053695697 0.6910093 74.341808
0.68596039 -0.021079675 -0.72733345 -42.965574 -0.021515974 0.99855558 -0.049232346 -5.3376144 0.72732074 0.049420727 0.68451602 75.117693
0.68335017 -0.020159456 -0.72981237 -43.805637 -0.022077915 0.99859096 -0.048256232 -5.4113902 0.72975692 0.04908864 0.68194222 75.908123
0.67762302 -0.02408974 -0.73501475 -44.699691 -0.017178938 0.99867211 -0.048568541 -5.4791093 0.73520879 0.045537935 0.67630938 76.688395
0.67454105 -0.02149984 -0.73792417 -45.526756 -0.021541379 0.99857697 -0.048785213 -5.5574748 0.73792302 0.048803533 0.67311803 77.469284
0.67045143 -0.0234036 -0.74158419 -46.48072 -0.018816722 0.99864456 -0.048527969 -5.6324098 0.74171481 0.04648983 0.6691023 78.253518
0.66367913 -0.025181235 -0.74759338 -47.30413 -0.016462299 0.99869944 -0.048253729 -5.6950706 0.74783624 0.044332099 0.66240144 79.017727
0.66037823 -0.027340121 -0.75043525 -48.188411 -0.014435579 0.99869014 -0.049087847 -5.7754403 0.75079442 0.043249513 0.65911856 79.78842
0.65678853 -0.031709836 -0.75340777 -49.105483 -0.011653525 0.99856931 -0.05218737 -5.8575485 0.75398479 0.043055923 0.65547934 80.594506
0.65201842 -0.03571201 -0.75736159 -50.02501 -0.0083472265 0.9984915 -0.054268243 -5.9267187 0.75815721 0.041705763 0.65073676 81.370155
0.64518075 -0.038246852 -0.76307203 -50.907213 -0.0048998449 0.99851858 -0.054190792 -6.0113213 0.76401429 0.038701791 0.64403757 82.108583
0.63867632 -0.044965205 -0.76816056 -51.860095 0.0047370155 0.99850199 -0.054509993 -6.0912481 0.76946096 0.031175453 0.63793257 82.899583
0.6285714 -0.042426974 -0.77659378 -52.781171 0.0017712763 0.9985865 -0.053121246 -6.1820048 0.7777499 0.032014934 0.62775806 83.62448
0.62029346 -0.042107353 -0.78323875 -53.745701 0.0041364323 0.99871975 -0.050415844 -6.2563517 0.78435895 0.028032804 0.6196735 84.42216
0.61089321 -0.043630291 -0.79050986 -54.729755 0.0067311743 0.9987305 -0.049920786 -6.3285069 0.79168443 0.025175209 0.61041136 85.122324
0.60321212 -0.043314851 -0.79640373 -55.715575 0.0027054624 0.99862962 -0.052264352 -6.4102915 0.79757625 0.029371851 0.60250268 85.834755
0.59552914 -0.04544892 -0.802047 -56.658519 0.003677228 0.99854209 -0.053853158 -6.4927347 0.80332532 0.029121815 0.59482804 86.542889
0.58494027 -0.047507721 -0.80968379 -57.659065 0.0042394589 0.99844854 -0.055520666 -6.5636799 0.81106533 0.029043652 0.58423416 87.285205
0.57436646 -0.049637808 -0.81709191 -58.717943 0.0091139044 0.99848575 -0.05425084 -6.6490038 0.81854759 0.023712965 0.57394912 87.992178
0.56238834 -0.050304528 -0.82534159 -59.724567 0.011766452 0.99853351 -0.052842899 -6.7303951 0.82678955 0.020006888 0.56215552 88.685685
0.55353486 -0.049460963 -0.83135595 -60.747916 0.0099062713 0.99855531 -0.052812565 -6.8190229 0.83276713 0.020997958 0.55322514 89.364321
0.54352921 -0.0490476 -0.837956 -61.829187 0.0063481608 0.99850301 -0.054327154 -6.9102581 0.83936628 0.024208916 0.54302692 90.043578
0.53418945 -0.051527247 -0.84379294 -62.90244 0.0085466264 0.99841883 -0.055558957 -6.9844886 0.84532163 0.022467425 0.53378519 90.672014
0.52607658 -0.049993778 -0.84896643 -63.923888 0.0030721994 0.99837582 -0.056888429 -7.0793561 0.85043169 0.027319475 0.52537572 91.306437
0.51833239 -0.050644546 -0.85367828 -65.054794 0.0035491362 0.9983637 -0.057073074 -7.1677454 0.85517191 0.026553003 0.51766399 91.976566
0.50886051 -0.048008028 -0.85950925 -66.151416 0.0013375261 0.99848663 -0.054978767 -7.2564895 0.86084799 0.026826907 0.50815462 92.621127
0.50173131 -0.047580418 -0.86371392 -67.240309 0.0043520375 0.9986123 -0.052483624 -7.3395658 0.86501261 0.022573762 0.50124213 93.213858
0.49439576 -0.04896787 -0.86785651 -68.348475 0.0063621917 0.99858907 -0.052719935 -7.4160848 0.86921368 0.020543042 0.49400974 93.821628
0.48604127 -0.051054534 -0.87244326 -69.469713 0.0064529217 0.99847459 -0.054834819 -7.510511 0.87391207 0.021022177 0.48562931 94.420513
0.4767326 -0.054623806 -0.87734953 -70.583301 0.0092666417 0.99832429 -0.057120406 -7.5921434 0.87899956 0.019101075 0.47643991 95.015778
0.47000586 -0.05704677 -0.88081785 -71.723802 0.0095621351 0.9981798 -0.059545425 -7.6909312 0.88261153 0.0195642 0.46969585 95.653062
0.46598357 -0.06102132 -0.8826866 -72.854373 0.011965538 0.99796234 -0.0626737 -7.779774 0.8847125 0.018643094 0.46576421 96.172414
0.46066928 -0.060733298 -0.88549151 -73.945105 0.01254534 0.99800205 -0.061923465 -7.8773161 0.88748324 0.017417445 0.4605108 96.794263
0.45554264 -0.059284631 -0.88823767 -75.058107 0.015305127 0.99815413 -0.058771501 -7.9842722 0.89008242 0.013178334 0.45560913 97.372665
0.45111811 -0.056929632 -0.89064662 -76.203757 0.018991434 0.99834977 -0.054194677 -8.0766721 0.89226221 0.0075335425 0.45145483 98.104743
0.44898372 -0.056663763 -0.89174143 -77.294135 0.021172936 0.9983817 -0.052779605 -8.1574544 0.89328909 0.0048163981 0.44945687 98.493981
0.44531019 -0.057234867 -0.89354515 -78.405034 0.02293864 0.99835656 -0.052516646 -8.2517926 0.89508252 0.002889487 0.44589124 99.107899
0.44690835 -0.055862231 -0.89283384 -79.594061 0.023658172 0.99843735 -0.050627453 -8.344341 0.8942669 0.0015030142 0.44753159 99.66293
0.43918103 -0.053976739 -0.8967756 -80.647234 0.023631913 0.99854219 -0.048528711 -8.4269248 0.89808776 0.0001203656 0.43981636 100.18944
0.44023136 -0.057372597 -0.89604948 -81.738801 0.030829955 0.99833388 -0.048774868 -8.5087528 0.89735497 -0.0061529395 0.44126667 100.70966
0.43802181 -0.056040419 -0.89721586 -82.864112 0.030001339 0.99841037 -0.047714375 -8.5929291 0.89846362 -0.0060177409 0.43900681 101.24666
0.43567751 -0.054939305 -0.89842457 -83.949769 0.032048531 0.99844946 -0.045514445 -8.6792652 0.89953214 -0.0089635685 0.4367627 101.82159
0.4321065 -0.055244374 -0.90012886 -85.040177 0.036035878 0.99838247 -0.043975569 -8.7542562 0.90110236 -0.013434806 0.43339833 102.34371
0.43059538 -0.055372242 -0.90084486 -86.108796 0.036481365 0.99836835 -0.04392897 -8.8353666 0.90180752 -0.01394844 0.43191285 102.8191
0.42923165 -0.05716314 -0.90138366 -87.145275 0.038593675 0.99824447 -0.044927775 -8.9110412 0.90236954 -0.015503286 0.43068425 103.32696
0.43020024 -0.058219825 -0.90085411 -88.240107 0.038805237 0.9981884 -0.045978957 -8.9889683 0.90189909 -0.0151777 0.43168013 103.83141
0.43096198 -0.059477914 -0.90040773 -89.27173 0.039083957 0.99811932 -0.047225668 -9.071155 0.90152331 -0.01483903 0.43247611 104.27524
0.43432544 -0.05980876 -0.89876819 -90.330404 0.037782443 0.99812468 -0.048162279 -9.1542635 0.89996332 -0.013039556 0.43577066 104.79863
0.43610679 -0.058022721 -0.89802236 -91.330266 0.03260782 0.99828273 -0.048665369 -9.2325161 0.89930399 -0.008059254 0.43724987 105.29086
0.44282013 -0.058646264 -0.89469038 -92.329327 0.031466698 0.99826035 -0.049860996 -9.3107673 0.89605817 -0.0060735 0.44389518 105.77889
0.44879183 -0.058464512 -0.89172177 -93.325469 0.030086105 0.99828044 -0.050308944 -9.3855217 0.89312977 -0.0042501922 0.44977908 106.19318
0.4549907 -0.057803697 -0.8886181 -94.378275 0.030006997 0.99831951 -0.049575464 -9.4633832 0.88999051 -0.0041083868 0.45596061 106.77884
0.46289472 -0.05614522 -0.88463333 -95.370964 0.027982772 0.99842019 -0.048724644 -9.5402536 0.8859715 -0.002200113 0.46373454 107.24066
0.47103737 -0.057254829 -0.88025315 -96.312851 0.030667358 0.99835102 -0.048525752 -9.6156779 0.88158004 -0.0041375965 0.4720165 107.78697
0.48049348 -0.055726835 -0.87522595 -97.267647 0.027893535 0.9984453 -0.048259007 -9.68046 0.87655464 -0.0012250082 0.48130088 108.24195
0.49123554 -0.056629833 -0.8691839 -98.231763 0.027433794 0.99839512 -0.049543595 -9.755435 0.87059468 0.00049256196 0.49200074 108.79829
0.50302861 -0.059027398 -0.86225166 -99.176006 0.027146136 0.99825185 -0.052500829 -9.8355719 0.86384337 0.0030026178 0.5037516 109.36282
0.51415162 -0.058575416 -0.85569678 -100.10647 0.023487044 0.99825267 -0.054221501 -9.9170315 0.85737771 0.0077802839 0.51462899 109.89834
0.52450271 -0.054350302 -0.84967223 -101.06252 0.016532675 0.99842241 -0.053659665 -9.9791321 0.85124829 0.014097284 0.52457381 110.45691
0.53901781 -0.054329131 -0.84054035 -101.95501 0.019751346 0.99845849 -0.05187027 -10.063351 0.84206279 0.011357196 0.53925998 111.04834
0.55237664 -0.050416661 -0.83206859 -102.86756 0.015617432 0.99862006 -0.050140559 -10.12717 0.83344838 0.014701698 0.55240178 111.65276
0.56296496 -0.05048561 -0.82493733 -103.77394 0.017446965 0.99863609 -0.049209462 -10.207761 0.82629663 0.013310549 0.56307795 112.20791
0.57362557 -0.051494391 -0.81749739 -104.62228 0.019056931 0.99859084 -0.049529558 -10.278541 0.81889596 0.01283243 0.57379856 112.8288
0.58542207 -0.052294228 -0.80904033 -105.48704 0.018586471 0.99852095 -0.051092574 -10.358816 0.81051564 0.014873515 0.58552817 113.44117
0.59619292 -0.053598334 -0.80105004 -106.3107 0.01984175 0.99844793 -0.052038741 -10.425439 0.80259602 0.015130893 0.59633107 114.08905
0.60602735 -0.052442622 -0.79371315 -107.13725 0.018855118 0.99849105 -0.051576279 -10.501322 0.79522034 0.01629108 0.6061017 114.69871
0.61656095 -0.051149666 -0.78564385 -107.95026 0.019178908 0.99856702 -0.049960811 -10.577973 0.78707358 0.015736094 0.61665842 115.34039
0.62561396 -0.049985597 -0.77852974 -108.71317 0.021480545 0.99867056 -0.046858346 -10.642 0.77983704 0.012591992 0.62585597 115.96524
0.63633669 -0.048447661 -0.76988856 -109.53373 0.020276852 0.99873153 -0.046088881 -10.707159 0.77114494 0.01371713 0.63651188 116.60658
0.64660664 -0.047025099 -0.76137274 -110.31499 0.017462532 0.99874901 -0.046856001 -10.78133 0.76262374 0.017001906 0.64661892 117.2437
0.65468248 -0.045852434 -0.754512 -111.00009 0.014706431 0.99874224 -0.047933924 -10.83958 0.75576095 0.020285322 0.65453337 117.85462
0.66522733 -0.045580012 -0.74524829 -111.77339 0.014667426 0.99874006 -0.047991269 -10.917247 0.74649683 0.02099423 0.66505772 118.53703
0.67253883 -0.044269784 -0.73873653 -112.51374 0.015198663 0.99882493 -0.046019212 -10.979433 0.73990578 0.0197219 0.67242139 119.18603
0.68115032 -0.042772638 -0.73089308 -113.24976 0.015427145 0.99890888 -0.044079994 -11.040233 0.73198107 0.018749508 0.68106696 119.85734
0.69069094 -0.04187915 -0.72193637 -113.9169 0.015546169 0.99895087 -0.043075286 -11.102565 0.72298298 0.018528364 0.69061738 120.49568
0.69840636 -0.039957184 -0.71458515 -114.58882 0.01289634 0.99898081 -0.043255272 -11.160832 0.71558528 0.020994224 0.69820985 121.16077
0.70561529 -0.039477835 -0.70749454 -115.29161 0.01335929 0.99901053 -0.042420475 -11.23197 0.70846922 0.020480911 0.7054445 121.82179
0.71234769 -0.036156102 -0.70089476 -115.94216 0.011340516 0.99913471 -0.040015175 -11.279321 0.70173514 0.02055621 0.71214134 122.48362
0.72000451 -0.033960859 -0.69313789 -116.63335 0.010839561 0.99923037 -0.0376984 -11.334938 0.69388476 0.019629707 0.71981849 123.15084
0.72715217 -0.032929979 -0.685686 -117.25126 0.010939069 0.99927781 -0.036389587 -11.390875 0.68638917 0.01896 0.72698725 123.79255
0.73462747 -0.031411315 -0.67774315 -117.87652 0.009756962 0.99931352 -0.035739232 -11.451202 0.67840056 0.019642307 0.73442964 124.46985
0.74278096 -0.028583968 -0.66892403 -118.47479 0.007148648 0.9993699 -0.034766396 -11.497852 0.66949636 0.021041914 0.74251727 125.15264
0.75137389 -0.026159363 -0.65935797 -119.07077 0.0067681925 0.99946687 -0.031940121 -11.549145 0.65984203 0.019536311 0.75115036 125.79105
0.76058594 -0.022218335 -0.64885695 -119.62893 0.004417294 0.99956821 -0.029049561 -11.585258 0.64922227 0.019228495 0.76035567 126.47597
0.77042288 -0.019847565 -0.63722416 -120.18851 0.0027311555 0.99960886 -0.027832681 -11.635165 0.63752739 0.019702576 0.77017574 127.14368
0.78070082 -0.019356903 -0.62460508 -120.7101 0.0015030988 0.99957541 -0.029098729 -11.673128 0.62490319 0.021778558 0.78039844 127.82215
0.78962943 -0.020116284 -0.61325416 -121.24043 0.0018583792 0.99953625 -0.030394451 -11.728064 0.61358124 0.022860694 0.78930063 128.47928
0.80009513 -0.019025007 -0.59957134 -121.75502 0.0012713849 0.99954849 -0.030020094 -11.767804 0.59987181 0.023256645 0.79975807 129.15422
0.80984763 -0.017943522 -0.58636577 -122.25856 0.0013432304 0.99958621 -0.028733404 -11.805193 0.58663876 0.022482055 0.80953663 129.82798
0.81932542 -0.016011075 -0.57310511 -122.73787 0.0011029789 0.99965215 -0.026350849 -11.840527 0.57332771 0.020957798 0.81905808 130.52533
0.82899313 -0.015022152 -0.55905698 -123.19639 0.0016828885 0.99970166 -0.024367047 -11.876683 0.55925628 0.019259284 0.82877109 131.22351
0.83750769 -0.013477333 -0.54625928 -123.67797 0.002072426 0.99976694 -0.021488916 -11.912683 0.54642162 0.01686505 0.83734044 131.94017
0.84560607 -0.012886438 -0.53365185 -124.12688 0.0028534676 0.99980341 -0.019621397 -11.946393 0.53379984 0.015069214 0.8454766 132.65709
0.85310869 -0.013089181 -0.52156899 -124.58061 0.0043250457 0.99982832 -0.018017175 -11.978982 0.52171532 0.013114799 0.85301884 133.36731
0.85964002 -0.012740869 -0.5107413 -124.99166 0.0042770964 0.99983344 -0.017742805 -12.009587 0.51088233 0.013067936 0.85955133 134.09389
0.86560905 -0.012225761 -0.50057116 -125.42416 0.0039404299 0.99983724 -0.017605688 -12.033945 0.50070497 0.013267178 0.86551634 134.82966
0.87223255 -0.010718681 -0.48897389 -125.8331 0.0027932371 0.99985269 -0.016934953 -12.067071 0.48908342 0.013405397 0.872134 135.53454
0.87830459 -0.0093625897 -0.47800979 -126.2401 0.001632255 0.99986113 -0.016584749 -12.087617 0.47809873 0.013786227 0.87819791 136.30519
0.88351011 -0.0098693053 -0.46830808 -126.64765 0.0023383231 0.99985848 -0.016659923 -12.119522 0.46840626 0.013624155 0.88340816 137.04452
0.88866164 -0.011006673 -0.45843138 -127.02921 0.0033622513 0.99984142 -0.017487948 -12.149195 0.4585512 0.013999507 0.88855772 137.80372
0.89344292 -0.011566957 -0.44902778 -127.43863 0.003953173 0.99983215 -0.017889944 -12.186276 0.44915938 0.014208559 0.89333868 138.60031
0.89588763 -0.010784724 -0.44414978 -127.79667 0.0035438225 0.99984699 -0.017129823 -12.211701 0.4442666 0.013772409 0.89578877 139.38052
0.89909373 -0.0094783014 -0.43765353 -128.18918 0.0034387126 0.99988764 -0.014590335 -12.234109 0.43774268 0.011613114 0.8990253 140.13647
0.90191105 -0.0053493992 -0.43188868 -128.59362 0.00092156062 0.99994486 -0.010460887 -12.259529 0.43192086 0.0090367776 0.90186624 140.98824
0.90570829 -0.0028537625 -0.42389188 -128.9671 -0.00049619298 0.99996952 -0.007792274 -12.273024 0.42390123 0.0072678591 0.90567927 141.77751
0.90868271 -0.00011931907 -0.41748737 -129.35834 -0.0023085839 0.99998323 -0.0053105493 -12.297237 0.41748104 0.0057894087 0.9086672 142.60322
0.91157474 0.0018202429 -0.41113035 -129.7335 -0.0034935196 0.99998839 -0.0033186124 -12.30947 0.41111957 0.004461455 0.91157052 143.44579
0.91463168 0.0030605272 -0.40427652 -130.13754 -0.0035795188 0.99999345 -0.00052794052 -12.326991 0.40427229 0.0019299862 0.91463665 144.30126
0.9183235 0.0032908614 -0.39581702 -130.51126 -0.0029069052 0.99999454 0.0015698267 -12.340035 0.39582006 -0.00029100654 0.91832805 145.17825
0.92140199 0.0027253267 -0.38860124 -130.8992 -0.0019861371 0.99999537 0.0023038613 -12.356522 0.38860576 -0.0013509674 0.92140314 146.07241
0.92543067 0.0019791362 -0.3789118 -131.27075 -0.0011738888 0.99999654 0.0023561595 -12.349767 0.37891518 -0.0017356623 0.92542979 146.95731
0.92919385 -0.00054225664 -0.36959231 -131.63247 0.0013249266 0.99999739 0.0018638327 -12.380533 0.36959037 -0.0022215449 0.92919214 147.89887
0.93294075 -0.0019662374 -0.36002455 -132.00075 0.0024579003 0.99999657 0.00090783945 -12.384536 0.36002156 -0.0017318652 0.93294238 148.80879
0.9369208 -0.0026595907 -0.34953158 -132.3485 0.0024747549 0.99999646 -0.00097539736 -12.410947 0.34953297 4.8864791e-05 0.93692407 149.76125
0.94226408 -0.0012817658 -0.33486826 -132.71101 0.00057226348 0.99999738 -0.0022174069 -12.418856 0.33487025 0.0018977498 0.94226234 150.73308
0.94775395 0.0019769389 -0.31899614 -133.04336 -0.0024964822 0.99999614 -0.0012198254 -12.429755 0.31899252 0.0019524623 0.94775522 151.70829
0.95366163 0.0056846393 -0.30082747 -133.37163 -0.0055226181 0.99998379 0.0013889636 -12.441714 0.30083051 0.00033675365 0.95367756 152.73298
0.95962259 0.008548517 -0.28116082 -133.70062 -0.008004961 0.99996321 0.0030817295 -12.452863 0.28117684 -0.00070661605 0.95965571 153.71767
0.96572 0.01058937 -0.2593699 -133.96405 -0.0098514724 0.99994288 0.0041446677 -12.466027 0.259399 -0.0014474133 0.96576916 154.7655
0.97094289 0.011859878 -0.23901726 -134.23704 -0.010941103 0.99992678 0.0051704392 -12.471312 0.2390611 -0.002405089 0.97100155 155.82236
0.97630658 0.012562164 -0.21602695 -134.48657 -0.011132375 0.99990734 0.0078341625 -12.489077 0.21610536 -0.0052436518 0.97635597 156.905
0.98102768 0.014458199 -0.19332784 -134.70601 -0.01250864 0.9998579 0.011301132 -12.48471 0.19346378 -0.0086684553 0.98106913 157.96706
0.98496196 0.01642945 -0.17198841 -134.90322 -0.014028702 0.99978659 0.015165015 -12.499909 0.17220087 -0.012524189 0.98498224 159.08118
0.98867718 0.01832988 -0.14893439 -135.09377 -0.015719135 0.99970179 0.018687863 -12.490008 0.14923254 -0.016135144 0.98867048 160.2317
0.99167779 0.019833904 -0.12720763 -135.23878 -0.017626495 0.9996743 0.018455198 -12.48606 0.12753225 -0.016059386 0.9917044 161.37544
0.99422892 0.019598602 -0.10547389 -135.36932 -0.017945309 0.99970114 0.016601267 -12.483502 0.10576774 -0.014612698 0.99428349 162.50284
0.99620691 0.019524449 -0.084797315 -135.47342 -0.018299291 0.99971699 0.015201475 -12.477359 0.085070124 -0.013592084 0.99628225 163.66055
0.99781268 0.018332599 -0.063511973 -135.54958 -0.017282227 0.9997053 0.017048307 -12.476884 0.063805801 -0.015913389 0.99783545 164.83814
0.99886127 0.01880638 -0.043846242 -135.61827 -0.017997017 0.99966163 0.018781414 -12.47903 0.04418462 -0.017970926 0.99886173 166.0126
0.99956713 0.018962797 -0.022493512 -135.63587 -0.018521778 0.99963524 0.019655485 -12.469963 0.022858032 -0.019230357 0.99955375 167.24087
0.99979061 0.020366916 -0.001979997 -135.68775 -0.020323043 0.99959131 0.020104171 -12.465144 0.002388648 -0.020059723 0.99979593 168.43635
0.99961332 0.020733025 0.018529825 -135.65721 -0.021111812 0.99956722 0.02048565 -12.456685 -0.018097078 -0.020868928 0.99961842 169.68419
0.99897139 0.02281444 0.039187515 -135.60333 -0.023610194 0.99952187 0.019964897 -12.443133 -0.038713293 -0.020869586 0.9990324 170.91302
0.9979147 0.024044666 0.059900803 -135.54514 -0.025215968 0.99950381 0.018875355 -12.434263 -0.059417234 -0.020346451 0.99802586 172.1851
0.99651496 0.023947762 0.079902694 -135.49776 -0.025354587 0.99954004 0.016638696 -12.429394 -0.079467489 -0.01860661 0.99666379 173.44737
0.99493748 0.026033646 0.097065218 -135.37375 -0.027519441 0.99952323 0.013999745 -12.427532 -0.096654484 -0.016600051 0.99517956 174.66318
0.99288215 0.026312681 0.116158 -135.24102 -0.027900522 0.9995379 0.012064661 -12.427065 -0.11578688 -0.015219656 0.99315747 175.97145
0.99042505 0.026239164 0.13553498 -135.09483 -0.027764851 0.99957049 0.009378454 -12.434829 -0.13523069 -0.013051764 0.99072817 177.30155
0.98773032 0.027484643 0.15373164 -134.88791 -0.028404505 0.99958933 0.003789939 -12.437282 -0.15356435 -0.0081101087 0.98810537 178.55348
0.98463332 0.029185676 0.17217844 -134.70863 -0.02917021 0.99957102 -0.0026205187 -12.46828 -0.17218108 -0.0024422313 0.98506229 179.87606
0.98161402 0.031766201 0.18821481 -134.45517 -0.030831403 0.99949343 -0.0078929685 -12.477815 -0.18837021 0.001944922 0.98209617 181.15942
0.97815478 0.03378428 0.20511422 -134.17134 -0.032037773 0.99941664 -0.011830838 -12.519546 -0.20539427 0.0050009888 0.97866653 182.49742
0.9736882 0.036074835 0.22501087 -133.89387 -0.033589658 0.99932517 -0.014864343 -12.54944 -0.22539528 0.0069151978 0.97424286 183.81673
0.96970976 0.035542541 0.24166031 -133.56321 -0.032908918 0.99934688 -0.014926861 -12.591566 -0.24203304 0.0065219437 0.97024609 185.16716
0.96593432 0.034105936 0.25653007 -133.24723 -0.031190098 0.9993944 -0.015427811 -12.616042 -0.25690092 0.0069010545 0.96641311 186.49586
0.96064536 0.034078264 0.27567944 -132.85387 -0.029668276 0.99935663 -0.020152567 -12.686772 -0.27618887 0.011180536 0.96103835 187.83409
0.95621202 0.035418806 0.29052378 -132.50273 -0.029627433 0.99926535 -0.024310158 -12.739435 -0.29117141 0.014638192 0.95655891 189.16629
0.95054534 0.037461052 0.30831836 -132.07661 -0.031179591 0.99919414 -0.025276633 -12.775014 -0.30901681 0.014413346 0.95094736 190.54199
0.94453007 0.039421928 0.32605037 -131.614 -0.032910225 0.99913383 -0.025465657 -12.834851 -0.32677189 0.013322689 0.94500934 191.82167
0.93859538 0.043411046 0.34227792 -131.15713 -0.035697257 0.99894737 -0.028807208 -12.882817 -0.34316821 0.01481993 0.93915705 193.17387
0.93137265 0.044659206 0.36131776 -130.63998 -0.035265994 0.99884764 -0.03255296 -12.959293 -0.36235521 0.017576707 0.93187433 194.53007
0.92519764 0.045231457 0.37678034 -130.14655 -0.034458846 0.99878299 -0.035286257 -13.009424 -0.37791787 0.019663347 0.9256303 195.83915
0.91752844 0.045505993 0.39505791 -129.61077 -0.032355933 0.99868011 -0.039888945 -13.093808 -0.3963517 0.023816775 0.91778979 197.15586
0.90905943 0.049027031 0.41377202 -129.00722 -0.032952774 0.99840232 -0.045901299 -13.191787 -0.41536138 0.028092075 0.90922262 198.54879
0.90006312 0.05212298 0.43263098 -128.40985 -0.033941088 0.99818987 -0.049648572 -13.270873 -0.43443573 0.030002883 0.900203 199.81608
0.88804446 0.055231873 0.45642793 -127.77422 -0.035746092 0.99804727 -0.051223645 -13.356688 -0.45836587 0.02917336 0.88828467 201.16013
0.87459375 0.059656063 0.48117243 -127.07419 -0.038475272 0.99781153 -0.053775476 -13.456973 -0.48332748 0.028518456 0.87497501 202.46899
0.86019562 0.063908794 0.50594381 -126.36487 -0.040541427 0.99754622 -0.057078313 -13.553523 -0.50835019 0.028586832 0.86067584 203.71754
0.84540004 0.067460614 0.52985641 -125.61706 -0.041821849 0.99730693 -0.06024792 -13.671194 -0.53249388 0.028774021 0.84594465 205.03807
0.83006647 0.069290589 0.55334298 -124.804 -0.041506156 0.99717494 -0.062604883 -13.784972 -0.55611773 0.028999075 0.83059747 206.27888
0.81429909 0.070388082 0.57616186 -123.96964 -0.040314363 0.99708141 -0.064833692 -13.896053 -0.57904385 0.029566419 0.81476013 207.53279
0.79814712 0.072581013 0.59807452 -123.09597 -0.038360989 0.99682465 -0.069778647 -14.024496 -0.60124008 0.032750897 0.798397 208.72515
0.78143636 0.075005368 0.61946056 -122.19688 -0.036647035 0.99655228 -0.074434839 -14.161239 -0.62290789 0.035464698 0.78149091 209.9442
0.76503145 0.076635841 0.63941676 -121.21451 -0.034383684 0.99633865 -0.078275476 -14.28837 -0.64307439 0.037897699 0.76486543 211.08052
0.7487083 0.078614856 0.65822151 -120.26364 -0.032935168 0.9961282 -0.081510011 -14.436107 -0.66208096 0.039348586 0.74839864 212.27777
0.73203981 0.079022836 0.67666319 -119.23376 -0.030578174 0.99606008 -0.083242376 -14.58541 -0.6805753 0.040245609 0.731572 213.41685
0.71716292 0.079403461 0.69236724 -118.23587 -0.028718972 0.9960113 -0.084479101 -14.727277 -0.69631359 0.040701205 0.71658275 214.49847
0.70300613 0.079946476 0.70667595 -117.1676 -0.02578055 0.99587321 -0.087016784 -14.878179 -0.71071639 0.042954839 0.70216603 215.56242
0.68758042 0.081368597 0.72153466 -116.08978 -0.02284791 0.99563375 -0.090506456 -15.038882 -0.7257487 0.04574491 0.68643737 216.64711
0.6721831 0.083633028 0.73564621 -114.96556 -0.02049631 0.99532083 -0.094426398 -15.207697 -0.74010123 0.048393798 0.67075201 217.70439
0.65772867 0.086304362 0.7482944 -113.84698 -0.019671948 0.99504382 -0.097472087 -15.37159 -0.75299805 0.049389779 0.65616662 218.72638
0.64174467 0.086595326 0.76201377 -112.69828 -0.018019733 0.9950331 -0.097899999 -15.549903 -0.76670667 0.049095519 0.64011761 219.71961
0.62489317 0.088102082 0.77572321 -111.52196 -0.018539164 0.99500657 -0.09807255 -15.721819 -0.78049015 0.046903609 0.62340615 220.68597
0.60750945 0.088848443 0.78932767 -110.34622 -0.0202091 0.99513166 -0.096460166 -15.893717 -0.79405536 0.042648861 0.60634743 221.61514
0.59161804 0.089589765 0.80122513 -109.09021 -0.022738615 0.99526547 -0.094496567 -16.053737 -0.8058977 0.037687125 0.59085415 222.53511
0.57146022 0.091123556 0.81555481 -107.85217 -0.024014385 0.99524713 -0.094374026 -16.244135 -0.82027835 0.034345956 0.57093242 223.45793
0.55347944 0.094263873 0.82751119 -106.72714 -0.025874151 0.99504096 -0.096041726 -16.412198 -0.83246087 0.031745972 0.55317371 224.29838
0.53577221 0.098105273 0.8386438 -105.46803 -0.028021305 0.99474596 -0.09846467 -16.593777 -0.84389751 0.029254742 0.53570628 225.08911
0.51691453 0.09833539 0.85037019 -104.21982 -0.028578459 0.99480883 -0.097666045 -16.773038 -0.85555987 0.02618273 0.51704142 225.89055
0.4953806 0.097216188 0.86321898 -102.989 -0.028485875 0.99500156 -0.095710254 -16.94713 -0.86820889 0.022823456 0.49567376 226.65218
0.4728674 0.095295612 0.87596524 -101.73386 -0.028257592 0.99526319 -0.093019809 -17.11367 -0.88068042 0.019233368 0.47332034 227.36043
0.45263008 0.093981864 0.88673184 -100.48072 -0.028223363 0.99544199 -0.091097157 -17.282681 -0.89125166 0.016206759 0.45321946 228.03639
0.43074065 0.092492622 0.89772353 -99.210694 -0.026546219 0.99560238 -0.089839839 -17.437061 -0.90208529 0.014866505 0.43130174 228.6717
