1.000000000000000000e+00 4.398956837314658088e-19 2.733407509747682871e-20 -8.673617379884035472e-19 -5.583667658079949532e-19 1.000000000000000000e+00 -6.100159232558060012e-19 0.000000000000000000e+00 4.145284534913582806e-20 -2.210423569125054137e-19 1.000000000000000222e+00 0.000000000000000000e+00
9.998970470125851939e-01 2.872724903991177273e-04 1.434617949406968504e-02 -8.530653062479363891e-02 -2.828264282294427564e-04 9.999999113513711180e-01 -3.119407799907765282e-04 -8.250347629726109688e-03 -1.434626808302423562e-02 3.078512019627196506e-04 9.998970396011237494e-01 1.620723724647971098e-02
9.995391954747626651e-01 1.594556353613329168e-03 3.031260667375337836e-02 -1.029792777262751591e-01 -1.580721908714206089e-03 9.999986352912130227e-01 -4.803509177477249771e-04 -1.123565999097519974e-02 -3.031333177791862080e-02 4.322137993396606820e-04 9.995403519023382533e-01 4.560368800355063534e-02
9.979588858433678933e-01 5.012438708459005139e-03 6.366268635529308273e-02 -1.707849645985672071e-02 -5.090719492397955369e-03 9.999864724580361797e-01 1.067466800876772440e-03 9.623538729255268209e-03 -6.365647564516711820e-02 -1.389376814824553859e-03 9.979709027429608525e-01 4.237060223717873386e-01
9.954088054260744611e-01 4.129789367327730762e-03 9.562559744925114291e-02 2.163558945410531259e-02 -4.409969612629254312e-03 9.999865800121141568e-01 2.718818006579788813e-03 1.418541462939685444e-02 -9.561308766229509315e-02 -3.128041305744029728e-03 9.954136591639182186e-01 5.623343720790063838e-01
9.908978674904377337e-01 1.628536127350626445e-03 1.346059580535416966e-01 1.455757559247178312e-01 -2.300211045299215690e-03 9.999856678985700187e-01 4.834566128372037169e-03 1.367990954150938993e-02 -1.345961579277487885e-01 -5.100183300850506286e-03 9.908874116305079749e-01 8.187315657992602080e-01
9.850482461845149196e-01 -2.501225357483258423e-03 1.722605476875403996e-01 1.496284516062548198e-01 1.508396552543838764e-03 9.999814914828923929e-01 5.894185878530298558e-03 -1.267092433592491296e-02 -1.722721050650238284e-01 -5.546220134313017448e-03 9.850337870011964814e-01 9.126166789679801550e-01
9.763129944363490020e-01 -2.632171446041189650e-03 2.163469622139474746e-01 2.603689359372073908e-01 1.231673382974935154e-03 9.999774086293754527e-01 6.607965459175088076e-03 -1.210907789239323851e-03 -2.163594716779449478e-01 -6.184973602053531021e-03 9.762941798606785682e-01 1.178551356579030873e+00
9.647294855166087535e-01 -2.619016511833253350e-03 2.632302408329946219e-01 3.450558428112649456e-01 -3.572727481754787418e-05 9.999491952615289225e-01 1.007996113054661011e-02 6.780469412174611188e-03 -2.632432716231572489e-01 -9.733840055003257705e-03 9.646803787495024096e-01 1.346479579637012591e+00
9.503479485069552535e-01 -6.216259428314365766e-03 3.111271984856038841e-01 5.104283811978609364e-01 1.072061102386951152e-03 9.998599311588790561e-01 1.670235731647142646e-02 2.459929790906982550e-02 -3.111874508193960276e-01 -1.553950348885770917e-02 9.502214981475182176e-01 1.618909382308059808e+00
9.334394452331047365e-01 -1.579498636741107076e-02 3.583871074143787916e-01 6.277018466168367006e-01 7.379812917108890050e-03 9.996642873711489852e-01 2.483648308831146526e-02 3.169637303795658223e-04 -3.586590904387060297e-01 -2.053852302971357138e-02 9.332426413687948674e-01 1.810123330461524294e+00
9.123232517073561754e-01 -2.157871352066038917e-02 4.089017500332084998e-01 7.959738773271689549e-01 1.024965304686636589e-02 9.995010162237215612e-01 2.987746890225528515e-02 -4.402725016778838429e-03 -4.093424391014862662e-01 -2.306680832250797633e-02 9.120891909638605410e-01 2.055591097116355570e+00
8.876631419429794612e-01 -2.361904015414002800e-02 4.598872517540499305e-01 9.918085388524614521e-01 9.057285745138751037e-03 9.993860643082802531e-01 3.384464519002847865e-02 -4.843034183616368171e-03 -4.604042965369737339e-01 -2.587731362111794428e-02 8.873320976137226701e-01 2.275582454984693914e+00
8.590940677199117026e-01 -2.549552341717252132e-02 5.111823130980950314e-01 1.150929569679147502e+00 6.952313672059303069e-03 9.992476857044271243e-01 3.815400261387728864e-02 3.136626404556677045e-02 -5.117705084372282665e-01 -2.922397728346913873e-02 8.586250111363804560e-01 2.516618117398794929e+00
8.269831432411193228e-01 -3.080791717992952330e-02 5.613819985289023595e-01 1.399594259130171325e+00 8.127955383075034443e-03 9.990483245008008328e-01 4.285302338863152677e-02 2.791901587942444141e-02 -5.621679671355205299e-01 -3.087583986625277305e-02 8.264465282405908386e-01 2.763873827272495642e+00
7.913693209240491022e-01 -3.661579306145879009e-02 6.102408343238936439e-01 1.590948673611012110e+00 1.030415514624706715e-02 9.988618201964308829e-01 4.657132694441123294e-02 2.600161475451184812e-02 -6.112515271557151797e-01 -3.056710281286800085e-02 7.908458943087670612e-01 2.945604675119097404e+00
7.538045544125138164e-01 -4.104928644351146794e-02 6.558152507572937440e-01 1.867224207198246777e+00 1.136566851531907105e-02 9.987120161139877439e-01 4.944825979448978781e-02 3.513998750633691437e-02 -6.570003984100257766e-01 -2.982054430500998693e-02 7.533002179622867445e-01 3.147701866330714360e+00
7.137612021115217198e-01 -4.426148530901839739e-02 6.989891698505822371e-01 2.192509382316686128e+00 1.236028667224464694e-02 9.986417690888139687e-01 5.061462525437569748e-02 4.468444709523994307e-02 -7.002800717444768175e-01 -2.748704878944556798e-02 7.133388332562929923e-01 3.398805282647514137e+00
6.718566097272383741e-01 -4.625783857098277746e-02 7.392353479232978142e-01 2.464708231617352308e+00 1.155812559106311234e-02 9.985811432155670131e-01 5.198182463060328773e-02 5.766402684115801147e-02 -7.405910584849307865e-01 -2.638015696143375388e-02 6.714379942953251357e-01 3.583250632746928233e+00
6.293296360653228838e-01 -4.657842313375465393e-02 7.757413550780815070e-01 2.822822574460419176e+00 7.200640055522618960e-03 9.985088761313604122e-01 5.411261423236005119e-02 8.676129490515824272e-02 -7.771051222990544849e-01 -2.846883701832630606e-02 6.287266210014469392e-01 3.817614965423951734e+00
5.878913229083316816e-01 -4.741403061236923455e-02 8.075491883263657966e-01 3.147455347650630841e+00 4.434023005862264277e-03 9.984546829777614096e-01 5.539481412761407264e-02 1.040169669030247546e-01 -8.089277742118818892e-01 -2.898543832172583573e-02 5.871930782162256834e-01 4.024395858603178944e+00
5.474026017097234353e-01 -4.836446938811268803e-02 8.354706807165387383e-01 3.538397100569662168e+00 2.189633188829868699e-03 9.984079936918123233e-01 5.636207584819957761e-02 1.246278110555745500e-01 -8.368665424782669726e-01 -2.902337203722939532e-02 5.466370325967739863e-01 4.235815326486950916e+00
5.092522008230200292e-01 -5.112384826604529642e-02 8.590975124901100157e-01 3.968643982465927866e+00 1.389928272888045838e-03 9.982815965940329272e-01 5.858260795474417443e-02 1.341715007246622737e-01 -8.606162196341110571e-01 -2.863923748863653543e-02 5.084481573904396923e-01 4.434684700713076744e+00
4.717595616356677346e-01 -5.103001970926147185e-02 8.802493057614574345e-01 4.352843247607010468e+00 -1.649466562782461732e-03 9.982710102925252960e-01 5.875601440245003387e-02 1.619219898808894331e-01 -8.817256995855973223e-01 -2.917065275569855412e-02 4.708597206700753102e-01 4.625909872759846664e+00
4.358895780892649285e-01 -5.033835957672775502e-02 8.985912930062565085e-01 4.812557547118593071e+00 -2.855696721335114919e-03 9.983522247325371524e-01 5.731213074657882933e-02 1.860921050886383821e-01 -8.999956307024756796e-01 -2.754786402564352032e-02 4.350275776808011918e-01 4.811228049197152856e+00
4.024627244824051098e-01 -4.902126597728103524e-02 9.141228894183432985e-01 5.337724327065591190e+00 -1.550276864544684061e-03 9.985272605621319242e-01 5.423012557859333005e-02 2.033810568190744239e-01 -9.154350698278138632e-01 -2.324274692561936750e-02 4.017940039448066880e-01 4.995392243360051943e+00
3.724418425562696644e-01 -4.736842591149148518e-02 9.268458835071292645e-01 5.841609235935548483e+00 3.914807833334570586e-04 9.987045137376612258e-01 5.088360195224275739e-02 2.258655834673281015e-01 -9.280554595792098738e-01 -1.858833932745866668e-02 3.719778917990964606e-01 5.177739086056869056e+00
3.466095587185197835e-01 -4.546703249293380933e-02 9.369069046813917057e-01 6.374687282654954323e+00 1.212820069366431957e-03 9.988454382447702340e-01 4.802415570995226257e-02 2.508276652834753873e-01 -9.380087198764494039e-01 -1.550933109540820164e-02 3.462645185977478723e-01 5.359085225446797551e+00
3.255952579398977975e-01 -4.484146279233573729e-02 9.444453166957921253e-01 6.957930511011594099e+00 2.312320759940390217e-03 9.989095437228043828e-01 4.663021121909045191e-02 2.747326101968305956e-01 -9.455064236123796872e-01 -1.299871427954510383e-02 3.253438970716241996e-01 5.555657355902816619e+00
3.109710049257317088e-01 -4.537574352004668243e-02 9.493355891483493680e-01 7.546722077446504251e+00 3.316069767622950061e-03 9.989053802518362835e-01 4.665881427545602589e-02 3.048466410150881822e-01 -9.504136224999460980e-01 -1.136147443818121688e-02 3.107810777261066915e-01 5.718036612366741878e+00
2.990369926116615007e-01 -4.701883812918430244e-02 9.530824154291150929e-01 8.164582773218665324e+00 4.324399331608204042e-03 9.988418401213732256e-01 4.791949451573524615e-02 3.227613319308518802e-01 -9.542317290830472087e-01 -1.020819167148037838e-02 2.988939868636746877e-01 5.917392001534242496e+00
2.885024742318688107e-01 -4.880904222516713881e-02 9.562342727232735484e-01 8.799320626851743654e+00 3.276644289900541504e-03 9.987443285831540951e-01 4.999029591800707717e-02 3.545123405511758086e-01 -9.574735517114396632e-01 -1.128908359924892316e-02 2.883001384535338607e-01 6.098115710442593596e+00
2.781861042219113678e-01 -5.051622257881482891e-02 9.591978873692428298e-01 9.462636879157360070e+00 1.652935365933144371e-03 9.986397717341652935e-01 5.211404874491073341e-02 3.845032810219751185e-01 -9.605257807957015004e-01 -1.291191120327112724e-02 2.778912063295550516e-01 6.283691174782945588e+00
2.676932610970635396e-01 -5.221236301416227327e-02 9.620884426396169031e-01 1.015014433857658638e+01 8.945215860343172206e-04 9.985436757826650078e-01 5.394188860172449695e-02 4.116206394525132595e-01 -9.635037800812912279e-01 -1.357927030965775175e-02 2.673501166589413169e-01 6.483596782670981717e+00
2.577015309781500729e-01 -5.429505874611170735e-02 9.646978551729896711e-01 1.086052565759409383e+01 1.327379024023220158e-04 9.984219048709370714e-01 5.615765498595110677e-02 4.428257731281768916e-01 -9.662245700803184789e-01 -1.434386081802059565e-02 2.573020591111980782e-01 6.676375997098006998e+00
2.470551842690542066e-01 -5.589452881717187072e-02 9.673879892355932153e-01 1.158640891822287422e+01 -3.215505605811084795e-04 9.983301882343802447e-01 5.776445120410199363e-02 4.721764506564177788e-01 -9.690013669367020244e-01 -1.458207040579759597e-02 2.466246743465131397e-01 6.865552671355916736e+00
2.365063707641380242e-01 -5.710386132156322625e-02 9.699504470087664254e-01 1.236290912809337073e+01 -1.158734391314297394e-03 9.982541925522894211e-01 5.905272511906391186e-02 5.010005645711876898e-01 -9.716292557304989641e-01 -1.509025976187411584e-02 2.360273066171648393e-01 7.037497116279639364e+00
2.267030049978033257e-01 -6.001595664733334889e-02 9.721130677177856061e-01 1.311606793760322098e+01 -2.246414086118434395e-03 9.980647881593845971e-01 6.214203259926420059e-02 5.343399339759553612e-01 -9.739613533828150871e-01 -1.627155314059108154e-02 2.261294646096454197e-01 7.211537769872427006e+00
2.152071564225842559e-01 -6.355574140332795330e-02 9.744980920536301383e-01 1.388626718111156322e+01 -4.196727620622849042e-03 9.978106016301414583e-01 6.600295982287338048e-02 5.822172047985116894e-01 -9.765594114588880270e-01 -1.829401149566431753e-02 2.144692547286757012e-01 7.375900914861440505e+00
2.022965267056497096e-01 -6.751725799265220762e-02 9.769941242956711180e-01 1.467865241353313799e+01 -4.075053166598004845e-03 9.975539507050764643e-01 6.978186958113773153e-02 6.255210233859566094e-01 -9.793158459395048254e-01 -1.809793197232467329e-02 2.015265616487832978e-01 7.566042385875474174e+00
1.897933897393759561e-01 -6.985505113485707129e-02 9.793358589859643137e-01 1.546283699244789922e+01 -5.159304149818644443e-03 9.973810229886516110e-01 7.214205783759256030e-02 6.600012703272739589e-01 -9.818105050078739238e-01 -1.874477639086731193e-02 1.889359203920877028e-01 7.691760898222414156e+00
1.761906388401630330e-01 -7.055748588956255174e-02 9.818240593501970093e-01 1.627961603593015383e+01 -5.804304293997993199e-03 9.973359563419894602e-01 7.271382389622202402e-02 6.993091317732944567e-01 -9.843389588229805032e-01 -1.851029981177104364e-02 1.753117207969016322e-01 7.834350274969686723e+00
1.622332414734418415e-01 -6.986666570230823381e-02 9.842758799391666535e-01 1.707276499671750969e+01 -7.214844441969086100e-03 9.973795484099275965e-01 7.198598741117984146e-02 7.396623181406013492e-01 -9.867260706313282226e-01 -1.877991656274910492e-02 1.613040386187571396e-01 7.983695519825098508e+00
1.445237638455278695e-01 -6.850844339713881015e-02 9.871268703616563611e-01 1.787634800729942341e+01 -8.732995880932348243e-03 9.974731916789068009e-01 7.050508222977511230e-02 7.727466170022502245e-01 -9.894628005234539225e-01 -1.881023386635870265e-02 1.435602946639931154e-01 8.089218888853885403e+00
1.242230875226675302e-01 -6.729803221769189991e-02 9.899694856822875977e-01 1.868882082439224135e+01 -1.110160592744378547e-02 9.975406338213019808e-01 6.920576697860253423e-02 8.156075409210596927e-01 -9.921922173105388598e-01 -1.958720428145550516e-02 1.231704598468024298e-01 8.192737740000314517e+00
9.958636793411423938e-02 -6.595349698438252029e-02 9.928407095898057477e-01 1.951661086061698214e+01 -1.544213704139218990e-02 9.975782566507038762e-01 6.781712345569207434e-02 8.563691126612995586e-01 -9.949090978606091040e-01 -2.208524244798217712e-02 9.832673098486530150e-02 8.268248262727825093e+00
6.934952559856435994e-02 -6.547310625663081696e-02 9.954415596021604085e-01 2.034079744217596897e+01 -1.954245470693132675e-02 9.975633106997230382e-01 6.697412628687741953e-02 8.970255316059062567e-01 -9.974009991423400390e-01 -2.409799463215790000e-02 6.790103574833177003e-02 8.334206810323133041e+00
3.631280061232728534e-02 -6.528427159390677581e-02 9.972057597157022446e-01 2.119570676297581713e+01 -2.246861778227286430e-02 9.975583063703911124e-01 6.612553663913961488e-02 9.386989760106239089e-01 -9.990878635376598815e-01 -2.480703764915753382e-02 3.475728714063852642e-02 8.348307357323148992e+00
1.618971019360165029e-03 -6.444810437250197976e-02 9.979197380124981143e-01 2.203630915694839132e+01 -2.435940800289214739e-02 9.976223944749720296e-01 6.446842079363349076e-02 9.743447447728198485e-01 -9.997019633327351995e-01 -2.441310570651817474e-02 4.520268222591183633e-05 8.350876663574526404e+00
-3.263247962857027118e-02 -6.350401200317448702e-02 9.974479156513224032e-01 2.288114706194715353e+01 -2.560784460718177127e-02 9.977049319329950317e-01 6.268259002492206078e-02 1.002037365844301808e+00 -9.991393180229956039e-01 -2.349700202405961141e-02 -3.418378813076642514e-02 8.289806910571970278e+00
-6.516106371002182429e-02 -6.174104728424435057e-02 9.959628816198038415e-01 2.370416680566052392e+01 -2.743571970301082741e-02 9.978175951495169560e-01 6.006103648046012822e-02 1.036150405949762821e+00 -9.974975359432336486e-01 -2.341131656702323191e-02 -6.671276734689754462e-02 8.249672859682776860e+00
-9.752427782859260375e-02 -5.843326070215792978e-02 9.935162565476635121e-01 2.454173500256452911e+01 -2.980773887020136612e-02 9.979985478073020166e-01 5.577093595767716044e-02 1.075194578331857942e+00 -9.947866761044311668e-01 -2.417545203069833629e-02 -9.907085241290361499e-02 8.173126840726864017e+00
-1.292558112171789675e-01 -5.416928243190223535e-02 9.901306009448188616e-01 2.538565934774139521e+01 -2.709188611906302238e-02 9.983269804816635729e-01 5.108101181684184672e-02 1.103520233181601640e+00 -9.912411320280216653e-01 -2.022198697553614574e-02 -1.305071131366613291e-01 8.037826219851904597e+00
-1.609989436889656400e-01 -4.866289712153058777e-02 9.857541506395857134e-01 2.622115972006626805e+01 -2.262517007375572722e-02 9.987032166095242136e-01 4.560687260430380807e-02 1.114204878673295429e+00 -9.866952206532279002e-01 -1.496019606317205118e-02 -1.618911706351373880e-01 7.893224481781770940e+00
-1.920690682844912456e-01 -4.253135606469594238e-02 9.804593514416100053e-01 2.706015731244895051e+01 -1.640822093507107379e-02 9.990599791742011959e-01 4.012391190495071674e-02 1.139404811228894809e+00 -9.812442406008364815e-01 -8.381030294702765046e-03 -1.925863846195892681e-01 7.693191541141805700e+00
-2.209987081147956056e-01 -3.695234948650077261e-02 9.745737930563980189e-01 2.786357732564793821e+01 -1.070750420442722825e-02 9.993136512269543692e-01 3.546231558074742357e-02 1.147851824436842083e+00 -9.752153282928933686e-01 -2.598126023781491614e-03 -2.212426947251591725e-01 7.521340230731990317e+00
-2.481182867863602481e-01 -3.021943089214103664e-02 9.682582740018812473e-01 2.869636154527269412e+01 -1.725408406039144037e-03 9.995255209256170836e-01 3.075314572831421012e-02 1.172411892203141903e+00 -9.687282150534151093e-01 5.959777969777715900e-03 -2.480527020688345352e-01 7.288800346495333926e+00
-2.754612724321734429e-01 -2.001263237725959404e-02 9.611038266285547582e-01 2.951015667447315849e+01 3.993961834886539108e-03 9.997508268477561799e-01 2.196206888934285756e-02 1.169897549177316920e+00 -9.613038808228830945e-01 9.888312572938167191e-03 -2.753127065372109050e-01 7.049096437995268083e+00
-3.005005843986804925e-01 -4.953318316915930088e-03 9.537687598460760086e-01 3.030239875215921685e+01 8.552289477161764339e-03 9.999323197101008809e-01 7.887605879375638937e-03 1.161052186780406448e+00 -9.537432948453693493e-01 1.052713782421962722e-02 -3.004378855595248310e-01 6.794852043150013010e+00
-3.245043353769447858e-01 1.168742427347014071e-02 9.458119921626936266e-01 3.105159409144170013e+01 8.687055006040271532e-03 9.999183139854823654e-01 -9.375522243691198146e-03 1.130253634886421166e+00 -9.458443246379554248e-01 5.173924240618557081e-03 -3.245793585383869861e-01 6.482265236189878266e+00
-3.501070718212193067e-01 2.633968098065572402e-02 9.363392781636199480e-01 3.184992945847086077e+01 7.610122055416736718e-03 9.996515649319840380e-01 -2.527518065030060629e-02 1.098941387749844179e+00 -9.366787811347749848e-01 -1.723362320787044264e-03 -3.501855317446102567e-01 6.198660550116144918e+00
-3.749003246148021051e-01 3.711723402102029556e-02 9.263217811346903252e-01 3.260739732682353775e+01 1.195061312370824559e-02 9.993086516816007681e-01 -3.520513449414951201e-02 1.066587474845331007e+00 -9.269881033923873526e-01 -2.128302158894959141e-03 -3.750847129145943870e-01 5.893556010220755148e+00
-3.980542035681772783e-01 4.199239350600331849e-02 9.164002809169768948e-01 3.339524489485939540e+01 1.536862058083652074e-02 9.991168299278768705e-01 -3.910710450977954167e-02 1.012377987181464878e+00 -9.172331604152694773e-01 -1.482938169338249420e-03 -3.983480204630153731e-01 5.527924718714304575e+00
-4.206588614830970574e-01 4.126205710136728044e-02 9.062800616548235544e-01 3.410763309635516549e+01 1.777794896580384143e-02 9.991482586632425278e-01 -3.723844390723640707e-02 9.685998413000093121e-01 -9.070446959667052278e-01 4.471202311941581799e-04 -4.210341249646548101e-01 5.176025425520488277e+00
-4.410147713555922500e-01 3.798491208083534104e-02 8.966956582000819020e-01 3.487261309827011502e+01 2.211787543399301031e-02 9.992605248320339806e-01 -3.145159866072869820e-02 9.393828999158924109e-01 -8.972272757765111795e-01 5.962384288007049893e-03 -4.415287987007761594e-01 4.810539020213393968e+00
-4.597631383201756794e-01 3.672107881975411603e-02 8.872820322881330712e-01 3.558765193959560946e+01 2.938171572460619024e-02 9.992266884262630544e-01 -2.612929139086498861e-02 9.067195985753511156e-01 -8.875553979704301488e-01 1.405658450647996431e-02 -4.604865277135413715e-01 4.422384082143426376e+00
-4.737282256154270454e-01 3.742780656876040779e-02 8.798753966187486952e-01 3.630288862874229494e+01 3.296846304784550874e-02 9.991498700422486445e-01 -2.475111280574801564e-02 8.584184489228718906e-01 -8.800537832986092823e-01 1.728283985053218064e-02 -4.745594335569731648e-01 4.039186824330576187e+00
-4.844644648157906963e-01 4.067211296550501953e-02 8.738649482364766463e-01 3.699871988533211464e+01 3.567140033175224267e-02 9.990062874134745252e-01 -2.672056976991672370e-02 8.040194371731052003e-01 -8.740833748191438879e-01 1.822682097514930974e-02 -4.854338788353540490e-01 3.635291526351353664e+00
-4.943728621520040445e-01 4.334846362847687151e-02 8.681683996966852446e-01 3.769629334822114686e+01 3.707433153115394231e-02 9.988984506713513012e-01 -2.876419871078544216e-02 7.636345705382836524e-01 -8.684589682512213749e-01 1.796652492650753150e-02 -4.954354025938096373e-01 3.241646358897261493e+00
-5.046695214201516455e-01 4.264187097567036927e-02 8.622588541279274654e-01 3.838491717620162547e+01 3.086639222435055147e-02 9.990320639114644852e-01 -3.134008702497382420e-02 7.047539770358859368e-01 -8.627606575585924364e-01 1.079843429613002587e-02 -5.054972355079498936e-01 2.834512151055845308e+00
-5.163272091440871403e-01 4.157319738972706930e-02 8.553817095807673132e-01 3.909611356868303034e+01 2.954700269908136154e-02 9.990911373523257977e-01 -3.072252991718210299e-02 6.957902779938662796e-01 -8.558815337216298946e-01 9.411088560461557118e-03 -5.170863032109814794e-01 2.435103287737591771e+00
-5.246680267720582602e-01 4.264157398587017228e-02 8.502382870270173143e-01 3.976633520627984808e+01 3.157072118765377050e-02 9.990323171941731806e-01 -3.062219312079124400e-02 6.438520109625608390e-01 -8.507213193067777457e-01 1.077615127929908330e-02 -5.255065409857724301e-01 1.997389387022441953e+00
-5.316337291173817148e-01 4.561251108723880787e-02 8.457452712846877940e-01 4.043930116995074542e+01 3.530081224079266444e-02 9.988744495337852358e-01 -3.168101425863813908e-02 5.990533729034067667e-01 -8.462384075760009949e-01 1.301280030429464996e-02 -5.326455084081620495e-01 1.536787543095856190e+00
-5.361533039899047948e-01 4.905847113401605453e-02 8.426938282204022856e-01 4.112769619709488467e+01 3.611537159864534191e-02 9.987287683170436026e-01 -3.516428882127298206e-02 5.669273706884609965e-01 -8.433476899851949371e-01 1.158075212997311705e-02 -5.372434950267831466e-01 1.109356826269526142e+00
-5.352452740182171986e-01 5.041513714843987720e-02 8.431908429671383098e-01 4.184464043395164623e+01 3.531005907331521976e-02 9.986801707549377571e-01 -3.729767026512056938e-02 5.143854304224253493e-01 -8.439583568143349535e-01 9.809717731074574926e-03 -5.363190043127690210e-01 6.725675362077970787e-01
-5.323803516490135390e-01 5.117431097673416640e-02 8.449570036992667399e-01 4.257389208800368863e+01 3.770808637122324142e-02 9.986138446082001296e-01 -3.672178528201996972e-02 4.752806728857414953e-01 -8.456649887032684498e-01 1.231175573470816818e-02 -5.335720762846084542e-01 2.076420309807891773e-01
-5.266277627197231137e-01 5.013451528687193348e-02 8.486163543276429300e-01 4.332582953997683006e+01 3.608727662110609163e-02 9.986780142049738185e-01 -3.660508635551035228e-02 4.290245178724025887e-01 -8.493296885368145643e-01 1.134699940776635711e-02 -5.277407876168151990e-01 -2.286112666031464014e-01
-5.194550128263955013e-01 4.883326014599569109e-02 8.531012771928407901e-01 4.406565366771020820e+01 3.406320280590236643e-02 9.987555148355652390e-01 -3.642965468320223665e-02 3.909742489785623665e-01 -8.538185989040896207e-01 1.013579608696340770e-02 -5.204719772167747394e-01 -6.909871259576767510e-01
-5.117794299656577284e-01 4.804468170361218815e-02 8.577724117070772980e-01 4.484552485957564016e+01 3.199873404110020053e-02 9.988082738855392773e-01 -3.685258444587287407e-02 3.436070605059853289e-01 -8.585207674838808423e-01 8.587237608091607619e-03 -5.127068992559166150e-01 -1.177956411214976962e+00
-5.058470436940165627e-01 4.666922914043641207e-02 8.613598191211855326e-01 4.565993866662461897e+01 2.924449208928909388e-02 9.988892444642319957e-01 -3.694640608652405983e-02 2.973859724368169699e-01 -8.621273341565366399e-01 6.500801105386087506e-03 -5.066499904071033455e-01 -1.617596096989891041e+00
-5.015569797341509206e-01 4.445288642689455144e-02 8.639817842130109726e-01 4.646657694043164355e+01 2.516630129837274174e-02 9.990060622724293848e-01 -3.679055278886525504e-02 2.481719011850371248e-01 -8.647585013605039173e-01 3.290668315357994558e-03 -5.021771792809137658e-01 -2.072378367631424911e+00
-4.999702342261083676e-01 4.157984182994969857e-02 8.650438532779864964e-01 4.731420463191185632e+01 2.032728794422492685e-02 9.991350312987550275e-01 -3.627658413824556144e-02 2.110704091842372232e-01 -8.658040070392554188e-01 -5.532158539961376086e-04 -5.003829822585682541e-01 -2.545941037073741420e+00
-5.005112575610536352e-01 3.915357162783519862e-02 8.648441855857446070e-01 4.815883279011013229e+01 1.764721800119744763e-02 9.992306308225568090e-01 -3.502459261568930532e-02 1.610924090491830940e-01 -8.655501540049621578e-01 -2.268108105217069882e-03 -5.008171324590008355e-01 -3.020945043251717088e+00
-5.014381407673723645e-01 3.791281000797874084e-02 8.643624218420494776e-01 4.900837436979673356e+01 1.621279616060726167e-02 9.992757716229190290e-01 -3.442495396937431118e-02 1.183639025092931008e-01 -8.650415877610275750e-01 -3.248252258377012577e-03 -5.016896589145877217e-01 -3.514565027832257549e+00
-5.021806843169046575e-01 3.746570159114928633e-02 8.639507323838467867e-01 4.988562884330922742e+01 1.638874439288154697e-02 9.992939378282208462e-01 -3.380879833260939243e-02 7.004755009572005697e-02 -8.646074147693655343e-01 -2.819056855768183652e-03 -5.024401305561485565e-01 -4.011004121644540454e+00
-5.021276925947878444e-01 3.669330385498657809e-02 8.640146805829906906e-01 5.075119543129569877e+01 1.596841286053249723e-02 9.993225004794165089e-01 -3.315946011243592340e-02 2.260413412954156986e-02 -8.646460561638144027e-01 -2.853339150824894550e-03 -5.023734363659179136e-01 -4.509711457489840036e+00
-5.021721798746557885e-01 3.604143404881608725e-02 8.640162633149486293e-01 5.164588770744231283e+01 1.631438993440419150e-02 9.993481394483165747e-01 -3.220460884332070062e-02 -2.725066838122888746e-02 -8.646137604498316254e-01 -2.076359481885132335e-03 -5.024328288662308628e-01 -5.020201075458492035e+00
-5.025801383145527268e-01 3.536048173579484782e-02 8.638071702585276013e-01 5.252594309255556482e+01 1.568497683645326754e-02 9.993716798952156921e-01 -3.178406668042933064e-02 -8.712222737315972187e-02 -8.643883377192213002e-01 -2.425244261086812337e-03 -5.028189866628711702e-01 -5.532593822642109416e+00
-5.027178963858870420e-01 3.390666441650690144e-02 8.637852981202240876e-01 5.341966863295955648e+01 1.411751426362400919e-02 9.994192305365943163e-01 -3.101447077148956899e-02 -1.294039729122748450e-01 -8.643352502100329904e-01 -3.397027334094460376e-03 -5.029046122177897038e-01 -6.039063655643190920e+00
-5.029220557377231948e-01 3.322863082152046482e-02 8.636927986476901076e-01 5.431725397605595873e+01 1.371390633228778376e-02 9.994417274421915076e-01 -3.046575444547881470e-02 -1.864253767586779298e-01 -8.642229729264037097e-01 -3.477296812388509708e-03 -5.030969837020136115e-01 -6.532546248693792634e+00
-5.022909316225429022e-01 3.234158312715047778e-02 8.640936456706854729e-01 5.520464816426974153e+01 1.232958044530074043e-02 9.994665810864268307e-01 -3.024127499485735476e-02 -2.333695321976313464e-01 -8.646107874513608849e-01 -4.536005180461122679e-03 -5.024217595069014886e-01 -7.056055262996545174e+00
-5.009853942623382350e-01 3.089458787445706345e-02 8.649041251087182802e-01 5.611414972226924647e+01 1.178428892009956291e-02 9.995135075778749378e-01 -2.887695761822585763e-02 -2.912603623644054451e-01 -8.653755124894618733e-01 -4.274653001415215821e-03 -5.011057406315121421e-01 -7.577486629311295907e+00
-4.989060596625731758e-01 2.871702242206096434e-02 8.661801560137898370e-01 5.700426930930056102e+01 1.234793307427156997e-02 9.995849585617875288e-01 -2.602766111310627142e-02 -3.421375757603150602e-01 -8.665681072851016964e-01 -2.289822333204790967e-03 -4.990535900641379641e-01 -8.087426368231520613e+00
-4.964654761997238097e-01 2.753563677545925806e-02 8.676196205851575138e-01 5.787756117538143741e+01 1.331767117242166863e-02 9.996207374537789958e-01 -2.410437435387865340e-02 -3.816248549425770853e-01 -8.679543092825063866e-01 -4.123159450349721104e-04 -4.966438972163277343e-01 -8.585883248367661480e+00
-4.938931906276598505e-01 2.684664823100707878e-02 8.691080255426113510e-01 5.879784387918960675e+01 1.267422150837184056e-02 9.996393336830561305e-01 -2.367628856301824333e-02 -4.429275473620433168e-01 -8.694302115947402099e-01 -6.782891336796268269e-04 -4.940553215791974040e-01 -9.091627903707713898e+00
-4.919166161395004955e-01 2.744158040117186323e-02 8.702097383571809619e-01 5.970011058661294356e+01 1.363788893173362160e-02 9.996233971310800603e-01 -2.381327086374141269e-02 -4.849541090403298726e-01 -8.705355037322615175e-01 1.536810810675753359e-04 -4.921056053809947373e-01 -9.598444245052538903e+00
-4.905584283849738769e-01 2.778449493894248265e-02 8.709652326359300645e-01 6.057103720180037953e+01 1.324776111048836698e-02 9.996138376048065988e-01 -2.442688008467922348e-02 -5.397368353713257738e-01 -8.713076022265868747e-01 -4.444716278111822665e-04 -4.907370767446667115e-01 -1.010993562428343751e+01
-4.910784685241234016e-01 2.898612537237594405e-02 8.706329471005359588e-01 6.147111841054699966e+01 1.258494454857058201e-02 9.995780085134637893e-01 -2.618060434214796589e-02 -5.802378570761066445e-01 -8.710244367674878641e-01 -1.899862799016762034e-03 -4.912360275971269785e-01 -1.060463473964139069e+01
-4.940401867063652364e-01 3.076482344632285038e-02 8.688945884841694500e-01 6.234082230085176235e+01 1.149327733426490014e-02 9.995175342051763057e-01 -2.885486735870375699e-02 -6.306961627614373622e-01 -8.693631065136435687e-01 -4.269016676907912144e-03 -4.941554190861172091e-01 -1.107480575561266534e+01
-4.988549884443852500e-01 3.146200858349567503e-02 8.661142124106484541e-01 6.321695128804873320e+01 1.032840867036665701e-02 9.994857272839601237e-01 -3.035794639348047066e-02 -6.865122254819108205e-01 -8.666239304709835167e-01 -6.198630575902235734e-03 -4.989233946359862282e-01 -1.155810124463915578e+01
-5.037893847894222565e-01 3.031913297820413439e-02 8.632942675872903315e-01 6.411567975580410916e+01 1.062295382151092621e-02 9.995257311826316604e-01 -2.890442068559737412e-02 -7.206206147798552841e-01 -8.637612059602872705e-01 -5.391004289412706929e-03 -5.038725331583503442e-01 -1.207687193476310838e+01
-5.092344225647450484e-01 2.780138280797782649e-02 8.601786864236085073e-01 6.496017695744860987e+01 1.309036343737111571e-02 9.996126904501765331e-01 -2.455832755678897736e-02 -7.877172564561811807e-01 -8.605283013668907355e-01 -1.245893202183577259e-03 -5.094011226254455682e-01 -1.259508385448129353e+01
-5.148772669690668824e-01 2.574591635570210729e-02 8.568771991546635380e-01 6.580656406785864476e+01 1.050103731531568975e-02 9.996633394264505812e-01 -2.372627242103034911e-02 -8.311328559757377166e-01 -8.571995918488407584e-01 -3.218017951719298955e-03 -5.149742881271198724e-01 -1.309916632433117023e+01
-5.199326450408056077e-01 2.775272337442285728e-02 8.537562987981037743e-01 6.665027115973744287e+01 1.146346025621544640e-02 9.996087688096573221e-01 -2.551271009970814199e-02 -8.835832095533855401e-01 -8.541303446758398144e-01 -3.477888545826080240e-03 -5.200473746160972910e-01 -1.360513988970821586e+01
-5.246962195109052818e-01 2.996063428004985124e-02 8.507621433054030069e-01 6.748920447890017726e+01 1.180211177431323560e-02 9.995404514241614802e-01 -2.792124821703595092e-02 -9.274519401226437587e-01 -8.512077298137021852e-01 -4.609382590310787640e-03 -5.248086960625680808e-01 -1.413685903418626744e+01
-5.295617300990255183e-01 3.067944026025372709e-02 8.477164224571095419e-01 6.834192992816743129e+01 1.076216425343001076e-02 9.995083201070044110e-01 -2.944985290743855344e-02 -9.762676390748334931e-01 -8.482031370196632114e-01 -6.472250813364330453e-03 -5.296315336127210838e-01 -1.465564152412296473e+01
-5.336955885933376553e-01 3.101870534733276036e-02 8.451075941275641989e-01 6.915979014948594283e+01 9.934774461772696852e-03 9.994881005708210475e-01 -3.041113371160669016e-02 -1.018867584389972381e+00 -8.456183126619516432e-01 -7.834333712489947865e-03 -5.337305551574156315e-01 -1.515750535777961261e+01
-5.367373511057370594e-01 2.969265039990166832e-02 8.432267485737572343e-01 6.996820694587994183e+01 9.171721021063627272e-03 9.995268697641463973e-01 -2.935840824352562231e-02 -1.089588140242240044e+00 -8.436995360558060542e-01 -8.023912930229975746e-03 -5.367557383287744344e-01 -1.566130824011463574e+01
-5.393438795802915076e-01 2.358822232711508746e-02 8.417551677510014541e-01 7.080023807167184202e+01 1.126749859981555739e-02 9.997202599876200413e-01 -2.079531740192266595e-02 -1.124530753377763759e+00 -8.420102342968197595e-01 -1.731351082109681364e-03 -5.394587849630391174e-01 -1.620271041685259306e+01
-5.410464814934574651e-01 1.591890698443794785e-02 8.408420067969158973e-01 7.163641676066740160e+01 1.254183197573125082e-02 9.998623789635807668e-01 -1.085935371298498917e-02 -1.151739269940207144e+00 -8.408991728533287136e-01 4.670285021592925079e-03 -5.411716755550215474e-01 -1.672751790844701603e+01
-5.434118794817994758e-01 1.332173003551668893e-02 8.393604993786581980e-01 7.243603479071042273e+01 1.314793150516345432e-02 9.998864941484758573e-01 -7.357356495187081236e-03 -1.177859686257660909e+00 -8.393632543061533280e-01 7.037780427227614821e-03 -5.435253534279519405e-01 -1.724706996420001204e+01
-5.442497500105283326e-01 1.781113304055440688e-02 8.387341416348008671e-01 7.325282004925901447e+01 1.232045937928024325e-02 9.998364729689064312e-01 -1.323758214949064850e-02 -1.227593197081017218e+00 -8.388327767935485069e-01 3.129040101264862414e-03 -5.443801929854803490e-01 -1.775107933898351575e+01
-5.457673333012810213e-01 2.225020853301560783e-02 8.376412915712220242e-01 7.404123642765799218e+01 1.189764369038188128e-02 9.997523894056128402e-01 -1.880441256502277808e-02 -1.285382581921083123e+00 -8.378522993199486457e-01 -2.968755529619612060e-04 -5.458969217590363687e-01 -1.826760291267746084e+01
-5.461900391214363770e-01 2.813064544308322215e-02 8.371888049840547907e-01 7.486290569705950304e+01 1.914449330761062995e-02 9.995941069329647988e-01 -2.109762375786686239e-02 -1.301428279025143242e+00 -8.374425001285553671e-01 4.504244487692303338e-03 -5.465068925032268154e-01 -1.880990898370169617e+01
-5.460660071835660156e-01 2.934375559356163302e-02 8.372280734930180879e-01 7.565138501666916682e+01 2.279227919223874091e-02 9.995368021174327877e-01 -2.016663541597315742e-02 -1.340401965596052403e+00 -8.374320505483641153e-01 8.070022909755060828e-03 -5.464818828141612128e-01 -1.933824753735204993e+01
-5.453490327080995348e-01 2.593897695818404500e-02 8.378076087142630746e-01 7.643804884075410655e+01 2.205159953584395066e-02 9.996190966859213045e-01 -1.659483239864980447e-02 -1.381123846963846713e+00 -8.379189525099062230e-01 9.425023085164831171e-03 -5.457133045658053572e-01 -1.985111004624143050e+01
-5.450002408924133901e-01 2.120476535329047715e-02 8.381676935803913375e-01 7.724236167571754663e+01 2.013251744920053349e-02 9.997228676819683857e-01 -1.220121066949622288e-02 -1.407511899161516311e+00 -8.381941485546364756e-01 1.022476397947427382e-02 -5.452761102002188220e-01 -2.036437032914350809e+01
-5.439323525077376376e-01 1.573619846798844646e-02 8.389814986849137846e-01 7.802118034984547990e+01 1.885222460586035917e-02 9.998009551308925102e-01 -6.530215584743675160e-03 -1.438517018778455947e+00 -8.389172790260800427e-01 1.226467316828612833e-02 -5.441207490918980039e-01 -2.086216099267882740e+01
-5.437085080382121349e-01 8.885839692733410108e-03 8.392270773222502145e-01 7.885415172014312191e+01 1.000629589236446716e-02 9.999415108498240778e-01 -4.104741750071127897e-03 -1.462749522165759819e+00 -8.392144802564811545e-01 6.165772433075468635e-03 -5.437656225104431362e-01 -2.140287812097130526e+01
-5.419352975074378520e-01 3.690648213842426771e-03 8.404121010345151355e-01 7.965486440949962343e+01 1.251760966693736760e-03 9.999927930975626156e-01 -3.584249676552644492e-03 -1.491849293994265579e+00 -8.404192870219934219e-01 -8.904354217495678544e-04 -5.419360128224701700e-01 -2.186753173521370286e+01
-5.405196018261370083e-01 4.293962643932887173e-03 8.413204556145457147e-01 8.044904250518736433e+01 5.013587302266117422e-03 9.999856595765197476e-01 -1.882704159583093286e-03 -1.506550570333070382e+00 -8.413164895540249377e-01 3.200396017609324472e-03 -5.405333798847272719e-01 -2.237290730678058637e+01
-5.368453136334898623e-01 7.345707908431268508e-03 8.436487046459871797e-01 8.124335352440702707e+01 9.940575909748811112e-03 9.999477563982585027e-01 -2.381051762628851477e-03 -1.530011717102036206e+00 -8.436221345226202484e-01 7.108098511824234231e-03 -5.368902886535114050e-01 -2.289946381382388907e+01
-5.320868690580868865e-01 9.976952192415119297e-03 8.466309769695948839e-01 8.203171462508670686e+01 1.017915304064173285e-02 9.999336848184485760e-01 -5.386166686174799663e-03 -1.569194858920324620e+00 -8.466285846737754417e-01 5.752078705636881270e-03 -5.321531417340975567e-01 -2.337377774528674479e+01
-5.242812964319136793e-01 1.221552256697600210e-02 8.514575092444096605e-01 8.281744719303026159e+01 1.568883194328116529e-02 9.998659497237535332e-01 -4.684347224989683298e-03 -1.581236621252940733e+00 -8.514006076297705450e-01 1.090245917306917854e-02 -5.244026648572441829e-01 -2.384194271322367342e+01
-5.155179345102340882e-01 1.479056657751479792e-02 8.567511219826414726e-01 8.363209492872672968e+01 2.316240378903669864e-02 9.997261971347990439e-01 -3.321712676451258825e-03 -1.615508095123222354e+00 -8.565656859290113889e-01 1.813201408430269862e-02 -5.157193705032959707e-01 -2.435584999410896501e+01
-5.059036522758089127e-01 1.507031500799349555e-02 8.624583275364307022e-01 8.439069518057435459e+01 2.273576538683782025e-02 9.997329676830785106e-01 -4.132585459335499575e-03 -1.633090753906666359e+00 -8.622903176000930037e-01 1.751796122025065655e-02 -5.061111960110337149e-01 -2.478584904469846961e+01
-4.947998862438005019e-01 1.200602335222079875e-02 8.689239980038468980e-01 8.524215486274654552e+01 1.839089282523567737e-02 9.998252871215846938e-01 -3.342194274347928210e-03 -1.661046945629444771e+00 -8.688123273083607767e-01 1.432657185817812900e-02 -4.949342410421672667e-01 -2.526943895469044676e+01
-4.835132437324137777e-01 9.212035110519961600e-03 8.752885625269803960e-01 8.604925194249095455e+01 2.013995912022563395e-02 9.997969886127365813e-01 6.029705304465793293e-04 -1.681797513463871407e+00 -8.751053295628431483e-01 1.791982122872531197e-02 -4.836006162794377894e-01 -2.571805286268529045e+01
-4.723229680466622393e-01 7.989116031416280267e-03 8.813893429409974667e-01 8.687939200083901881e+01 1.987053086384933664e-02 9.998013037315598428e-01 1.585883348343575076e-03 -1.694117462677845021e+00 -8.812015596342097634e-01 1.826272440449336690e-02 -4.723878684514410398e-01 -2.615751526196458343e+01
-4.601699174205301501e-01 6.931647627463498676e-03 8.878037987896435501e-01 8.771254436181430947e+01 1.906208841378438656e-02 9.998161504517609766e-01 2.074137987470372601e-03 -1.717816331881754532e+00 -8.876262146523899998e-01 1.787785154735646587e-02 -4.602174483173014363e-01 -2.657166740005300909e+01
-4.480738540110448254e-01 8.455508803955451291e-03 8.939565489035453671e-01 8.853836317381930598e+01 2.259558331539220782e-02 9.997429394333134933e-01 1.869392910888028518e-03 -1.741678532076655683e+00 -8.937109567499420537e-01 2.103709693397294231e-02 -4.481497303030899659e-01 -2.696351163454919941e+01
