7.776060364972133820e-01 -6.283912010910398527e-01 2.129202654647260537e-02 -6.595864498362088568e+01 6.274246404300745095e-01 7.777187181132639848e-01 3.862532948021041301e-02 2.571243834057406730e+01 -4.083102477636280092e-02 -1.667614726555720003e-02 9.990268932957159231e-01 -8.853241280423723714e-01 -4.809208017785018303e-24 -1.416202385148814181e-23 -3.430527606006730092e-24 9.999999999999997780e-01
7.495299939331094841e-01 -6.613919462343227362e-01 2.766733906629242554e-02 -6.555923399275938834e+01 6.606376547416962230e-01 7.500181533401936163e-01 3.210387511746864292e-02 2.609144464087786730e+01 -4.198425099994380211e-02 -5.784731328326732543e-03 9.991015261480853393e-01 -8.931556048184798868e-01 -4.809208017785018303e-24 -1.416202385148814181e-23 -3.430527606006730092e-24 9.999999999999997780e-01
7.211438068046180927e-01 -6.926901002700061039e-01 1.149064381467252392e-02 -6.520708683031460851e+01 6.923364120952819611e-01 7.211743507839287748e-01 2.403847454415632481e-02 2.648783712400003054e+01 -2.493797093546533394e-02 -9.379805931233322833e-03 9.996449954090278478e-01 -9.017430512638283657e-01 1.215207377245640627e-18 -1.469372106006807633e-18 5.266535230110333106e-20 9.999999999999998890e-01
6.909704541722928584e-01 -7.227439503826539324e-01 -1.417792813554530525e-02 -6.487062389085656378e+01 7.228791052252974136e-01 6.908982022250487187e-01 1.027002389806428058e-02 2.690124264120423092e+01 2.372907417513140868e-03 -1.734521108177698723e-02 9.998467447378717177e-01 -9.077770533627393945e-01 1.242155596014514675e-18 -1.936382359332703087e-18 1.131533573372118496e-19 1.000000000000000000e+00
6.563295562687216922e-01 -7.539369187911513226e-01 -2.847167104009323130e-02 -6.453098852804632202e+01 7.539860668953000111e-01 6.567950397330931667e-01 -1.119315459366039198e-02 2.732458441047444353e+01 2.713898479794310883e-02 -1.412084507775197492e-02 9.995319290740197760e-01 -9.269978725000531661e-01 1.990738283400851763e-18 -2.162824882485517067e-18 1.727201913508155478e-19 1.000000000000000222e+00
6.189375134644986565e-01 -7.849441397575327439e-01 -2.791150097540270533e-02 -6.419430716852180296e+01 7.842348471110198727e-01 6.195653262197448052e-01 -3.338429455554670772e-02 2.776747283154243462e+01 4.349780457842391396e-02 -1.226379439107096051e-03 9.990527698727108552e-01 -9.387126939565931805e-01 2.625864682465456797e-18 -1.031980769306642785e-18 3.122145136932122713e-19 1.000000000000000666e+00
5.861039700933421415e-01 -8.099283429385467636e-01 -2.232074249783244646e-02 -6.386862633081707941e+01 8.089673121412870316e-01 5.865051942115905304e-01 -3.979378154585305749e-02 2.825784301744524640e+01 4.532134296032951787e-02 5.266542285582947840e-03 9.989585774218253666e-01 -9.610363916668610562e-01 5.454274759100496554e-18 1.374067817004461144e-18 3.338300114514966329e-19 1.000000000000001332e+00
5.572977415153724801e-01 -8.301588669185977487e-01 -1.598383490619737293e-02 -6.356555084452427451e+01 8.298138762877916852e-01 5.575269054998174267e-01 -2.393074098348557319e-02 2.876336804663240798e+01 2.877773483264538940e-02 7.293990143119242727e-05 9.995858325615099016e-01 -9.314057592164888266e-01 7.253959739611693426e-18 2.261065232032729020e-18 4.049001507879576466e-19 1.000000000000001776e+00
5.286242612592328971e-01 -8.488190694902901789e-01 -7.910605399268846524e-03 -6.328468229588535365e+01 8.487797116884806536e-01 5.286787236772576559e-01 -8.473969376560686745e-03 2.927680770996071047e+01 1.137503556710196990e-02 -2.234815568453473334e-03 9.999328048250241130e-01 -8.754240234739065762e-01 7.852910333362688985e-18 2.123576667377717279e-18 4.758862476977090409e-19 1.000000000000002442e+00
4.987756237770260559e-01 -8.667083572482932041e-01 -6.284950422981502340e-03 -6.301091810313097596e+01 8.666938163530879535e-01 4.988083280949251463e-01 -5.663966671263162556e-03 2.979461326869295945e+01 8.043992861807248637e-03 -2.622079158170508191e-03 9.999642087993694251e-01 -8.681647156147678235e-01 9.366733763582236999e-18 2.841943713603498281e-18 5.749600421769786037e-19 1.000000000000003109e+00
4.711901627309965646e-01 -8.820211588008411985e-01 -4.301856944917985606e-03 -6.274841130199250472e+01 8.819016122855076745e-01 4.711988379110197966e-01 -1.487284100341729025e-02 3.031789336204158403e+01 1.514519044980030052e-02 3.214121797129224512e-03 9.998801391303547836e-01 -8.632695215025031343e-01 1.137462120617197313e-17 6.290665279774587651e-18 6.895910627785488892e-19 1.000000000000003553e+00
4.458282539074009398e-01 -8.951018960617206366e-01 -5.455610378954270367e-03 -6.250064141018479091e+01 8.948521988762957458e-01 4.458359944965286648e-01 -2.167505888192861746e-02 3.085424242783233240e+01 2.183369378135107189e-02 4.781388710852255662e-03 9.997501828646429001e-01 -8.585524678481090133e-01 1.200838720286760899e-17 9.448759721980435011e-18 7.770529255180712987e-19 1.000000000000003775e+00
4.226987360283568362e-01 -9.062520050550331163e-01 -5.751686168252578314e-03 -6.226129526933259939e+01 9.060100316723755931e-01 4.227209306201530348e-01 -2.127997473300286685e-02 3.141108702740203285e+01 2.171637789898392748e-02 3.783933054889119466e-03 9.997570108689500801e-01 -8.546985363974201055e-01 1.174121712327397146e-17 1.136436430203884309e-17 8.688127710479794231e-19 1.000000000000003997e+00
4.030477116796423731e-01 -9.151650632047060308e-01 -5.044719947329196451e-03 -6.202916639830860390e+01 9.150577350367637974e-01 4.030779177173706707e-01 -1.405467174998748826e-02 3.198777352434825261e+01 1.489575977223659732e-02 1.048493278344870541e-03 9.998885022854747673e-01 -8.482309481564322962e-01 1.023447080380551890e-17 1.391905207620142785e-17 9.677377336313285427e-19 1.000000000000004219e+00
3.858793168421603692e-01 -9.225465262448150350e-01 -2.249388154652282902e-03 -6.180218537339769114e+01 9.225320283251911002e-01 3.858858648009115266e-01 -5.172626126387042805e-03 3.257202435289461562e+01 5.639995357793927376e-03 -7.912318086990498516e-05 9.999840919694302777e-01 -8.434046803224132249e-01 8.505516738448345215e-18 1.480581543987655585e-17 1.060394059634546604e-18 1.000000000000004441e+00
3.696463478946736547e-01 -9.291714343647533569e-01 1.422339163341480427e-03 -6.157729252236237016e+01 9.291707790247917265e-01 3.696481868288494232e-01 1.371634275525846327e-03 3.316205592834091931e+01 -1.800248479997412429e-03 8.145763878463248417e-04 9.999980477834751191e-01 -8.398413398025540433e-01 8.014029963465208976e-18 1.474441167077571459e-17 1.145664595495561498e-18 1.000000000000004441e+00
3.555530448563175017e-01 -9.346542788344058827e-01 1.846984016563412616e-03 -6.136237179957463894e+01 9.346490531014503000e-01 3.555573441322312789e-01 3.181598682142564114e-03 3.375851977450992081e+01 -3.630403553380710108e-03 5.950547632300974207e-04 9.999932330170610006e-01 -8.412522022320473303e-01 7.189066665218695114e-18 1.522995612045328836e-17 1.224016061465125574e-18 1.000000000000004219e+00
3.425395343872018050e-01 -9.395033412655915406e-01 3.730048365638832927e-04 -6.115762354736664008e+01 9.395007840278509770e-01 3.425394876825066937e-01 2.230737374463471513e-03 3.435854113861289960e+01 -2.223554102412430514e-03 -4.136774051886677643e-04 9.999974423358322095e-01 -8.461123784273726356e-01 6.483637914438631527e-18 1.501910423801687960e-17 1.301379295432277920e-18 1.000000000000003997e+00
3.303457257139486569e-01 -9.438499075729123167e-01 -4.365028882969201190e-03 -6.096096213211102111e+01 9.438599081589598150e-01 3.303401092723923238e-01 1.971287912735852129e-03 3.497264188597367962e+01 -4.186557960563581297e-04 -4.771182296712085137e-03 9.999885302076551019e-01 -8.508048286727717402e-01 7.248901870340763749e-18 1.248300755109187301e-17 1.376817219883286787e-18 1.000000000000003553e+00
3.199366635481090682e-01 -9.474102868144205214e-01 -7.367479619359984869e-03 -6.076604884974745602e+01 9.474389171546535593e-01 3.199283965240325434e-01 2.306373418697096542e-03 3.559875906740137452e+01 1.719840389382214880e-04 -7.718130329197072509e-03 9.999701999988620527e-01 -8.573753569235602612e-01 8.476431197594639995e-18 9.109946318781012388e-18 1.436627350010514750e-18 1.000000000000002665e+00
3.117942864214456322e-01 -9.501031122906732351e-01 -9.402072672487561331e-03 -6.057080974281061714e+01 9.501495405259974270e-01 3.117833300748379943e-01 2.646833135039374993e-03 3.622865396633515900e+01 4.166451281207368858e-04 -9.758642478369980444e-03 9.999522965141242059e-01 -8.601866533313455854e-01 1.086199674805569910e-17 5.446806397546638396e-18 1.477494944314567710e-18 1.000000000000001554e+00
3.058198686455776971e-01 -9.520248984837541562e-01 -1.108154360279871645e-02 -6.037344154280128805e+01 9.520876014924427588e-01 3.058211433160050174e-01 1.620921102041290992e-03 3.686919048662018383e+01 1.845813086694925078e-03 -1.104631014813133201e-02 9.999372840364625370e-01 -8.579902485722235017e-01 1.297102875658188329e-17 2.332820772395550693e-18 1.495189976723041418e-18 1.000000000000000000e+00
3.012307943615893935e-01 -9.534658617464084607e-01 -1.276162264318082135e-02 -6.017382405754506891e+01 9.535486870862704967e-01 3.012341024597791073e-01 1.707885024440893885e-03 3.752116606632126405e+01 2.215825876258545584e-03 -1.268329607908370155e-02 9.999171086226676941e-01 -8.590177860349152983e-01 1.524474303525198062e-17 -7.089912989040854769e-19 1.502453310369625723e-18 9.999999999999983347e-01
2.978635836585905583e-01 -9.545225696864919618e-01 -1.280427620687022566e-02 -5.997410217425512258e+01 9.546048819184507206e-01 2.978723294471052330e-01 1.262840911267819333e-03 3.817502400091905912e+01 2.608629428897837714e-03 -1.259917889592908347e-02 9.999172244459606507e-01 -8.649992151596206380e-01 1.767487213223091068e-17 -4.781640518372426722e-18 1.500130529405011678e-18 9.999999999999964473e-01
2.956926560727584086e-01 -9.552098899906448226e-01 -1.182874501893057748e-02 -5.977101309908105975e+01 9.552740214267906316e-01 2.957212329573919440e-01 -7.045318969321214507e-04 3.883389634142231728e+01 4.170986897101922053e-03 -1.109136791477181166e-02 9.999297897483346853e-01 -8.674693325009683598e-01 1.977915487896647559e-17 -6.385450053500803303e-18 1.549947035575075069e-18 9.999999999999945599e-01
2.948279588928047201e-01 -9.554865117034209154e-01 -1.104538853805634227e-02 -5.956698699268083175e+01 9.555367524480253838e-01 2.948657355525760027e-01 -1.926841472578379308e-03 3.950270297835427158e+01 5.097977652979055439e-03 -9.986187954708423964e-03 9.999371413614212001e-01 -8.649783298448701085e-01 2.203627503156599358e-17 -8.758990200393098180e-18 1.580128707314199852e-18 9.999999999999926725e-01
2.945298334665326645e-01 -9.555818609904376260e-01 -1.074635492871946728e-02 -5.936046990086119024e+01 9.556310425792401420e-01 2.945622921852897313e-01 -1.538337218387739397e-03 4.018118717545605278e+01 4.635478082419900933e-03 -9.816464159709280962e-03 9.999410729510105345e-01 -8.637022807751317810e-01 2.419341558673167622e-17 -9.223578029245601280e-18 1.608997174658032208e-18 9.999999999999908962e-01
2.934301938895454986e-01 -9.559027121807235350e-01 -1.219533351352529785e-02 -5.915279240367056701e+01 9.559757024980686246e-01 2.934452693821118507e-01 5.745524463807153608e-04 4.087237127306384110e+01 3.029446686297879946e-03 -1.182703355852928948e-02 9.999254690875970519e-01 -8.644911470654677021e-01 2.785547462480441610e-17 -1.123147472301233224e-17 1.587044727216170588e-18 9.999999999999891198e-01
2.928761623903273215e-01 -9.560911444746290622e-01 -1.064316497732641781e-02 -5.894456046877797917e+01 9.561501103288106984e-01 2.928495389499325419e-01 4.014231550225215266e-03 4.156676577762894453e+01 -7.211252804604139852e-04 -1.135213609869176188e-02 9.999353023993093892e-01 -8.663014829972340847e-01 3.184833197947060679e-17 -1.306228050289120420e-17 1.598168401826260602e-18 9.999999999999873435e-01
2.923955887028559242e-01 -9.562754548647517394e-01 -6.486457457538894952e-03 -5.872699550358693443e+01 9.562934618018751332e-01 2.923680437729653803e-01 4.872565574017969151e-03 4.226892010168548097e+01 -2.763081982772618191e-03 -7.627673536405896876e-03 9.999670914457391424e-01 -8.722748912503202057e-01 3.505252368798019866e-17 -1.418051745720696686e-17 1.626988950968843923e-18 9.999999999999857891e-01
2.918465392268615455e-01 -9.564631257725049185e-01 -1.971440797735029594e-03 -5.850669982757663945e+01 9.564643292211948422e-01 2.918429539337396017e-01 1.917593958980030790e-03 4.296937143936159487e+01 -1.258756806049716320e-03 -2.445255960772916865e-03 9.999962181201802469e-01 -8.775806289107268565e-01 3.810415258247216928e-17 -1.323779187459794179e-17 1.689688259574305340e-18 9.999999999999843459e-01
2.914989833869562341e-01 -9.565711208679821276e-01 1.827724495102495703e-04 -5.828311848025117570e+01 9.565671597627883882e-01 2.914972145871725373e-01 -2.939855639015716109e-03 4.368269646074489287e+01 2.758903343869877501e-03 1.031799052990729553e-03 9.999956619121539436e-01 -8.780624219475920977e-01 4.019725570755722709e-17 -1.235636966701140340e-17 1.754899844017609726e-18 9.999999999999830136e-01
2.913089068934937576e-01 -9.566228469511069976e-01 -3.442303836292591891e-03 -5.806763403329104989e+01 9.566084427600429763e-01 2.913243618424802284e-01 -5.513931190847662887e-03 4.440593714072299747e+01 6.277579522059286571e-03 -1.686679644448956829e-03 9.999788733304293409e-01 -8.781913298759091990e-01 4.128414040554768702e-17 -1.095093060122957780e-17 1.818277402653375218e-18 9.999999999999817923e-01
2.909448347046970085e-01 -9.566913432845568499e-01 -9.632073664138528571e-03 -5.784969284634365039e+01 9.566918904484549291e-01 2.910162949861488380e-01 -7.081158280306663888e-03 4.514566577137416203e+01 9.577573217970907632e-03 -7.154700337300053288e-03 9.999285376237702083e-01 -8.790671213944142304e-01 4.235965785313458837e-17 -1.177827467100493068e-17 1.877252808117526036e-18 9.999999999999804601e-01
2.903053648072370097e-01 -9.568963870972552188e-01 -8.491143879439680409e-03 -5.762445096868475503e+01 9.568829399845336647e-01 2.903701448637087679e-01 -7.760034682477494512e-03 4.587995050781887585e+01 9.891123829746112026e-03 -5.872251019774795723e-03 9.999338389800696003e-01 -8.794411094230606407e-01 4.397635742096239696e-17 -1.370881356203117687e-17 1.915908499163286708e-18 9.999999999999790168e-01
2.897319127607383416e-01 -9.571004899964712376e-01 -3.751103376575707238e-03 -5.738941485612550508e+01 9.570714079514293093e-01 2.897528548321333108e-01 -7.589677093340615154e-03 4.662374397205154253e+01 8.350976577086931599e-03 -1.391102128499048605e-03 9.999641623704080828e-01 -8.810677804523782131e-01 4.514172716655830873e-17 -1.822283958228435519e-17 1.972945418888647888e-18 9.999999999999775735e-01
2.900735543976262210e-01 -9.569965526067032435e-01 -3.864108957375147688e-03 -5.716009460747734749e+01 9.569923540162507125e-01 2.900877725100156068e-01 -3.836482046187330002e-03 4.738753894722803039e+01 4.792430852522575405e-03 -2.585060743771653777e-03 9.999851749238836129e-01 -8.772983724757049684e-01 4.573575261947687812e-17 -1.896326918725318839e-17 2.038432056154645274e-18 9.999999999999764633e-01
2.912883064725287907e-01 -9.566191764310358892e-01 -5.556419421942135686e-03 -5.692932603747618003e+01 9.566352608145028968e-01 2.912814543024543346e-01 2.022905259237964617e-03 4.815920761464464306e+01 -3.166680331489625088e-04 -5.904715390020139933e-03 9.999825168759678418e-01 -8.755774012076604773e-01 4.549374825999971177e-17 -1.999295949761859415e-17 2.098253530453851034e-18 9.999999999999752420e-01
2.910631280887657768e-01 -9.566730508911789332e-01 -7.676533447132788401e-03 -5.669445650280646021e+01 9.566915072956002630e-01 2.910092458418339079e-01 7.414762498376209314e-03 4.894506780677215119e+01 -4.859561251821182051e-03 -9.502238321152942438e-03 9.999430444437343857e-01 -8.813448114099631248e-01 4.580274125396169568e-17 -1.867622380724292854e-17 2.160125173390616908e-18 9.999999999999740208e-01
2.908091833216758793e-01 -9.567748878941517710e-01 -3.439882400696252663e-03 -5.644914633393891279e+01 9.567497696860410850e-01 2.907687080221215137e-01 9.134365917580600236e-03 4.973118328919710507e+01 -7.739321765374770033e-03 -5.947464187263882748e-03 9.999523641496278481e-01 -8.978883492507406805e-01 4.664674980613823090e-17 -1.528939220897515999e-17 2.241378713348297301e-18 9.999999999999727995e-01
2.901908039840629394e-01 -9.569651466523354522e-01 2.646767041917530601e-03 -5.620458269326096712e+01 9.569338722303222244e-01 2.902027329632091979e-01 7.741960915959924215e-03 5.051226539836824259e+01 -8.176885792396101915e-03 2.861351717002737064e-04 9.999665277725446888e-01 -9.085366555740914674e-01 4.690618219977399563e-17 -1.219331321980499737e-17 2.330755839745981908e-18 9.999999999999719114e-01
2.893722013742999200e-01 -9.572154003351858176e-01 1.551268177039470068e-03 -5.596688865515400124e+01 9.571967864226608169e-01 2.893762565196513759e-01 5.974464382486367742e-03 5.130280255313132898e+01 -6.167749493596386134e-03 -2.439749964487167170e-04 9.999809494897713424e-01 -9.108774713602272310e-01 4.779773109251987935e-17 -7.711580178658756082e-18 2.385079071420190709e-18 9.999999999999710232e-01
2.900321800304602737e-01 -9.569952640101551111e-01 -6.434221703241105490e-03 -5.573930001848066240e+01 9.570114255086561439e-01 2.900012406542470944e-01 5.330278110466783216e-03 5.210993271433122942e+01 -3.235118630985532855e-03 -7.703575864803448303e-03 9.999650938539899059e-01 -9.202005157528414525e-01 4.852907394569164336e-17 -2.684028860539339989e-18 2.432505526580076142e-18 9.999999999999700240e-01
2.892659045438660259e-01 -9.572096885088491325e-01 -8.651513926736400725e-03 -5.549493749842617518e+01 9.572477162745890444e-01 2.892672727520535503e-01 1.120089958252513257e-03 5.290981920282808204e+01 1.430438878726087576e-03 -8.605645783629822798e-03 9.999619476286795150e-01 -9.303198645607276829e-01 4.980299398001452844e-17 -1.376706495615825078e-18 2.488901539984022364e-18 9.999999999999689138e-01
2.884788755391706205e-01 -9.574544849312883743e-01 -7.800490537761437145e-03 -5.524724345497656941e+01 9.574692166938801874e-01 2.885127760471767888e-01 -3.616232984040434247e-03 5.371019274847898117e+01 5.712919668708072753e-03 -6.425522740094536354e-03 9.999630369200944724e-01 -9.315251592391330382e-01 5.201969132314514207e-17 -5.462834154162338991e-19 2.532711222294632150e-18 9.999999999999679146e-01
2.886222584898103793e-01 -9.573927863850719699e-01 -9.810427211936346981e-03 -5.500384030167803928e+01 9.574166517949797006e-01 2.886752364708751739e-01 -4.467965309237969390e-03 5.452335095724117764e+01 7.109625152171975167e-03 -8.103112135524023416e-03 9.999418947138873914e-01 -9.275041886393795565e-01 5.502536786661217840e-17 -1.752030561088507711e-18 2.529533350611217244e-18 9.999999999999668043e-01
2.889289937107655248e-01 -9.572274146529204941e-01 -1.535295509602509212e-02 -5.476841788339114458e+01 9.573352670531622977e-01 2.889777869391071952e-01 -1.012478073492319251e-03 5.535159004831486129e+01 5.405834755310116521e-03 -1.440539109598000696e-02 9.998816238225679554e-01 -9.262627540592259789e-01 5.868847564795232857e-17 -5.779958988758011078e-18 2.477301830437287478e-18 9.999999999999655831e-01
2.889835914588744226e-01 -9.572547495631645864e-01 -1.232186293957083720e-02 -5.452010684206604196e+01 9.573340439754650655e-01 2.889581718979838398e-01 3.834467208686213966e-03 5.617949411172340746e+01 -1.100589581594162792e-04 -1.290423698254777873e-02 9.999167308106260421e-01 -9.277934933250497895e-01 6.275277315403192056e-17 -9.045313467502743552e-18 2.390157775699703182e-18 9.999999999999641398e-01
2.880657885133496299e-01 -9.575920877030806855e-01 -5.957772792234915758e-03 -5.426369891278634583e+01 9.575952552349068503e-01 2.880203466877883089e-01 7.457013158818496731e-03 5.700701303432651912e+01 -5.424817013672121775e-03 -7.853245333160452368e-03 9.999544479116000417e-01 -9.350400880154472461e-01 6.754235345678590307e-17 -1.204863995137196804e-17 2.326574260299081268e-18 9.999999999999626965e-01
2.876075658303459681e-01 -9.577057012636017719e-01 -9.037579562020668297e-03 -5.401642532163875643e+01 9.577169485301620933e-01 2.875089304647005517e-01 1.081024518335367730e-02 5.784735783787895969e+01 -7.754648610284793457e-03 -1.176455142344976466e-02 9.999007254496945496e-01 -9.441945491756698061e-01 7.266947889799068860e-17 -1.484137677923844270e-17 2.324285761072280694e-18 9.999999999999613642e-01
2.881351372723226500e-01 -9.575364268745265584e-01 -1.010613068516249581e-02 -5.376725226818464165e+01 9.575620863401116400e-01 2.880305348592069881e-01 1.064245237204651529e-02 5.867599435649878359e+01 -7.279661590903229763e-03 -1.274371205884324183e-02 9.998922963650510587e-01 -9.610835953122988107e-01 7.850836691825412196e-17 -1.709495741534140005e-17 2.331882600288505068e-18 9.999999999999599209e-01
2.863167814121783117e-01 -9.581169820575941021e-01 -5.877871606066554372e-03 -5.351371434625329471e+01 9.581315737780035091e-01 2.862939323072328790e-01 4.435273784246193153e-03 5.950661013812266020e+01 -2.566712157060397313e-03 -6.901667686972830403e-03 9.999728891184678226e-01 -9.573662357091757835e-01 8.287132546655438966e-17 -1.880633466596514321e-17 2.362006153430169275e-18 9.999999999999582556e-01
2.859183340525093819e-01 -9.582403598114628274e-01 -5.110683029820949942e-03 -5.326269232009583021e+01 9.582514249754499058e-01 2.859258389975027903e-01 -7.881153985647603366e-04 6.034521631530312646e+01 2.216480316247617776e-03 -4.671982654125701392e-03 9.999866298072108695e-01 -9.606362188361110555e-01 8.696976264937262878e-17 -1.895861084656129635e-17 2.412585101629317287e-18 9.999999999999567013e-01
2.858213872862955252e-01 -9.582518942571697229e-01 -7.709845801026815083e-03 -5.301572972068727552e+01 9.582754130394909309e-01 2.858417241011732002e-01 -1.655755611090171378e-03 6.119419003248820843e+01 3.790426567075923063e-03 -6.914905303681883296e-03 9.999689078922300300e-01 -9.676502052357608408e-01 9.182472652583785518e-17 -2.027001483885141839e-17 2.434576090604086459e-18 9.999999999999551470e-01
2.850990840134793314e-01 -9.584781832261232148e-01 -6.171270064918794700e-03 -5.275953283539300998e+01 9.584978206459860983e-01 2.850975627034003090e-01 1.143484696718865060e-03 6.203789628646963195e+01 6.634089196371658866e-04 -6.241155347461219485e-03 9.999803037403461881e-01 -9.705819997813704969e-01 9.799895912607712791e-17 -2.317436990257447462e-17 2.426180395053019847e-18 9.999999999999535927e-01
2.843398613286473586e-01 -9.587211766744979657e-01 -2.132757711843305971e-03 -5.250243591903046791e+01 9.587175774566966124e-01 2.843295351746120136e-01 4.161983027473413477e-03 6.288995602779234417e+01 -3.383775256547805459e-03 -3.228129983684884571e-03 9.999890645611703155e-01 -9.695470316169527702e-01 1.045664877682897401e-16 -2.919167946224024376e-17 2.444790069933112966e-18 9.999999999999521494e-01
2.836578710137255821e-01 -9.589255487766318309e-01 -6.415121330584851894e-05 -5.225470333859399119e+01 9.589056113684866212e-01 2.836515406811538353e-01 6.467762750671988276e-03 6.374342984087917330e+01 -6.183906354552177846e-03 -1.896146770492757516e-03 9.999790817460771919e-01 -9.658672444616409614e-01 1.105529339219754058e-16 -3.119236353457758138e-17 2.512921338020221540e-18 9.999999999999507061e-01
2.834309103168285993e-01 -9.589766244171260556e-01 -5.545529594763978082e-03 -5.201385230066442489e+01 9.589868759417800037e-01 2.834043809769624112e-01 5.111615619886461515e-03 6.459619397077428005e+01 -3.330292510480821998e-03 -6.766879969860138330e-03 9.999715588392378285e-01 -9.651767026777929859e-01 1.167555805512407954e-16 -3.073050724408941483e-17 2.596905297242135322e-18 9.999999999999494849e-01
2.834835067152796650e-01 -9.589684728621215015e-01 -4.070562230447713654e-03 -5.176137979784513732e+01 9.589766967620704241e-01 2.834847804004473892e-01 2.726689709149656663e-04 6.544510685204893718e+01 8.924614933707487614e-04 -3.980871477767738108e-03 9.999916780528074201e-01 -9.743190916439232740e-01 1.230449598087659594e-16 -2.894927442716691146e-17 2.680195146003118142e-18 9.999999999999483746e-01
2.830191599237667499e-01 -9.591101320058311730e-01 -2.812436625282548584e-03 -5.150826434214079086e+01 9.591047346850712918e-01 2.830281992860081419e-01 -3.625784514053557485e-03 6.629818808584229828e+01 4.273525537558541323e-03 -1.671254796079710021e-03 9.999894718880786293e-01 -9.870844729266732287e-01 1.292772582027435271e-16 -2.869124430583636284e-17 2.745426850662589344e-18 9.999999999999474865e-01
2.835418965017678650e-01 -9.589468607061885086e-01 -4.991119102083900819e-03 -5.125844176404721253e+01 9.589579818015775414e-01 2.835477760123313873e-01 -4.978526322964802733e-04 6.715487511828135325e+01 1.892634940044202662e-03 -4.645111421527273535e-03 9.999874203573666520e-01 -9.916946678351901134e-01 1.358889202044093148e-16 -3.011315198835025590e-17 2.775809135535023098e-18 9.999999999999463762e-01
2.838697144778314918e-01 -9.588513448192361732e-01 -4.699334056664378374e-03 -5.101098748637013358e+01 9.588538312242993467e-01 2.838423634994006739e-01 5.730883813933127478e-03 6.801844639800469849e+01 -4.161195566474482251e-03 -6.132798816402975674e-03 9.999725362379976445e-01 -9.836690086965775848e-01 1.423339330757562891e-16 -3.238306082071611869e-17 2.817762793366888540e-18 9.999999999999452660e-01
2.831819444709448019e-01 -9.590598342062222059e-01 -3.495817206524446438e-03 -5.075774253573643335e+01 9.590323082334700766e-01 2.831394089312990747e-01 9.439643750832326166e-03 6.887573372736095223e+01 -8.063379553050507159e-03 -6.025738317209409882e-03 9.999493349105429418e-01 -9.796428306500383210e-01 1.478345700816972641e-16 -3.191596943867228050e-17 2.900029030758549967e-18 9.999999999999440448e-01
2.832177913165264682e-01 -9.590480508444998442e-01 -3.810361282219382802e-03 -5.050929850133651655e+01 9.590143964987993819e-01 2.831665453552865697e-01 1.039686968831864816e-02 6.972360751965376835e+01 -8.892130768623555254e-03 -6.598769795241680655e-03 9.999386912444715447e-01 -9.861067573147865861e-01 1.534056855337231970e-16 -3.058608083706575910e-17 3.009703589105661140e-18 9.999999999999428235e-01
2.835543928724407747e-01 -9.589455443903251997e-01 -4.511006165546957783e-03 -5.025542124447217418e+01 9.589011958739298569e-01 2.834846430843966925e-01 1.203967136486283444e-02 7.058829595123475542e+01 -1.026658823846640992e-02 -7.739510910985339040e-03 9.999173451525513734e-01 -1.004237968337751807e+00 1.586385322592108515e-16 -3.173068350277279809e-17 3.115932664555651475e-18 9.999999999999411582e-01
2.836791629423663919e-01 -9.588930393288799259e-01 -7.090249563732573500e-03 -5.001135477095449744e+01 9.588704365462326074e-01 2.835823606517041684e-01 1.218731490336223688e-02 7.144569914543457401e+01 -9.675661720049355541e-03 -1.025591798469932710e-02 9.999005939175653612e-01 -1.017855195712140448e+00 1.638116767094108357e-16 -3.241519222460527576e-17 3.222701219109221114e-18 9.999999999999393818e-01
2.837834247161850620e-01 -9.588406082966156596e-01 -9.573700311642809740e-03 -4.976560822660233896e+01 9.588707924113800685e-01 2.837035600493092447e-01 8.893451266227127283e-03 7.229292809361271566e+01 -5.811309360707196496e-03 -1.170375566201153211e-02 9.999146217488026345e-01 -1.028138224490834585e+00 1.687035436713948553e-16 -3.252226452324088177e-17 3.314776930471610126e-18 9.999999999999374944e-01
2.837943482208672430e-01 -9.588373566889782929e-01 -9.575559279100745100e-03 -4.951428863993937313e+01 9.588826651023882874e-01 2.838022788852516132e-01 5.486942490434279854e-04 7.312979849035582447e+01 2.191457001624701629e-03 -9.337554128172031662e-03 9.999540027417509469e-01 -1.022310389174117873e+00 1.750879371107639527e-16 -3.296415147443649437e-17 3.408384397585666674e-18 9.999999999999352740e-01
2.834527687740178714e-01 -9.589433860476470617e-01 -9.061469512785687991e-03 -4.926181644479446220e+01 9.589468278223559627e-01 2.835140980763372620e-01 -6.382601436512149243e-03 7.397406304374513297e+01 8.689607789482018188e-03 -6.880301395537504784e-03 9.999385741980906239e-01 -1.019990794864908068e+00 1.806726315367574765e-16 -3.367649968948557631e-17 3.420279520866705425e-18 9.999999999999329425e-01
2.835555220860868642e-01 -9.589090549765235671e-01 -9.470489872481668847e-03 -4.900800900906383362e+01 9.589212084380072110e-01 2.836153671853341995e-01 -5.695568787325641126e-03 7.483118007796481663e+01 8.147508946013818851e-03 -7.466443611955698480e-03 9.999389332943815489e-01 -1.018321085762342371e+00 1.854847818273892471e-16 -3.370664282243925664e-17 3.399450872473366150e-18 9.999999999999303890e-01
2.838211824607241307e-01 -9.588432055201782100e-01 -8.077351935313196660e-03 -4.875761098329794407e+01 9.588749720101931162e-01 2.838287136264756594e-01 2.222009876723066862e-04 7.568715417533923073e+01 2.079528502016098155e-03 -7.808235957957307405e-03 9.999673529733751343e-01 -1.011737276354848003e+00 1.914929413145094895e-16 -3.589247982546107308e-17 3.364395953320824957e-18 9.999999999999277245e-01
2.835420633288075476e-01 -9.589325175621042918e-01 -7.233608030717787567e-03 -4.850642456341962827e+01 9.589461873274019998e-01 2.834897793897778184e-01 7.466913114441444538e-03 7.654597885293706838e+01 -5.109611846430402345e-03 -9.053824792844857722e-03 9.999459586015373436e-01 -1.009087941487044393e+00 1.990310772770021665e-16 -4.100027814807932125e-17 3.348092248591674756e-18 9.999999999999249489e-01
2.833956953550179625e-01 -9.589768690064145451e-01 -7.088340058734125468e-03 -4.825603076613641207e+01 9.589586432608975253e-01 2.833036851813733326e-01 1.171932069506300030e-02 7.740002934719301209e+01 -9.230404606577018861e-03 -1.011863000316246160e-02 9.999062020798802353e-01 -1.014441373899450660e+00 2.056897359074542048e-16 -4.657652098310560304e-17 3.347148988036298876e-18 9.999999999999220623e-01
2.832878522892313122e-01 -9.590090416447769606e-01 -7.046331584732734750e-03 -4.800513859253601368e+01 9.589907650925674210e-01 2.831966512444408779e-01 1.167772198613836743e-02 7.825188090144021658e+01 -9.203543462168409239e-03 -1.006552369862374029e-02 9.999069856844529092e-01 -1.024148847225026415e+00 2.124210014792804752e-16 -5.248694099985501673e-17 3.393094804959431530e-18 9.999999999999191758e-01
2.839307928428612682e-01 -9.587901686018142078e-01 -1.023315532966692469e-02 -4.775964603608206005e+01 9.588257256811605345e-01 2.838417067197637200e-01 9.333450491841062749e-03 7.910043110134475342e+01 -6.044224296810335809e-03 -1.246186658308532161e-02 9.999040800167163789e-01 -1.034043009577894523e+00 2.194046491815984000e-16 -5.684734425011551558e-17 3.450551246167251376e-18 9.999999999999159561e-01
2.842086227205803395e-01 -9.586786119741415035e-01 -1.267981523793709764e-02 -4.751055097613191691e+01 9.587555448999279806e-01 2.841314791627198022e-01 7.556961831397896769e-03 7.995027105310177262e+01 -3.641963020203955927e-03 -1.430459688173390566e-02 9.998910513718861637e-01 -1.041217118994997248e+00 2.269584532808276157e-16 -6.012341180206495856e-17 3.451814721192156097e-18 9.999999999999125144e-01
2.834586789474707325e-01 -9.589017397193804193e-01 -1.259487563877867596e-02 -4.725780714291429518e+01 9.589799239797001107e-01 2.833925378066531331e-01 6.795212952177666701e-03 8.080711618845076316e+01 -2.946647750977603175e-03 -1.400439496920239009e-02 9.998975918506595173e-01 -1.044745585686892797e+00 2.341066965836188665e-16 -6.437486015982825961e-17 3.384113273137153655e-18 9.999999999999090727e-01
2.825638454906913011e-01 -9.591692628657509934e-01 -1.232876291170240286e-02 -4.700532185486855496e+01 9.592388431215370659e-01 2.824800112070333102e-01 8.116964642022184498e-03 8.166261297932146590e+01 -4.302913906932833744e-03 -1.411978901550437621e-02 9.998910523103209380e-01 -1.048796299038079471e+00 2.407312251897908572e-16 -6.633501251121611787e-17 3.306716250148761581e-18 9.999999999999054090e-01
2.824245486133369898e-01 -9.591930737607923252e-01 -1.360226413937555903e-02 -4.675784984192102200e+01 9.592574210212579944e-01 2.822707194248716966e-01 1.218364357152809836e-02 8.251786085567906071e+01 -7.846945642554425601e-03 -1.648903285454303771e-02 9.998332547178968577e-01 -1.050018322133629667e+00 2.470076409600553330e-16 -6.806070959098122739e-17 3.239667977718129547e-18 9.999999999999019673e-01
2.821707269532213180e-01 -9.592736591747004216e-01 -1.318057905042755579e-02 -4.650752737950275417e+01 9.593179666137353623e-01 2.819956066173344156e-01 1.369367665289600820e-02 8.337281817546957541e+01 -9.419117925488945317e-03 -1.650832098925879635e-02 9.998193614627614023e-01 -1.056303052982228374e+00 2.538266604992588105e-16 -7.000924953984015509e-17 3.158852138243605139e-18 9.999999999998981925e-01
2.811994286816201227e-01 -9.595749128492239155e-01 -1.195273773493641528e-02 -4.625382504646202619e+01 9.596087855944200884e-01 2.810512048376131999e-01 1.269641165799281247e-02 8.422436801771775094e+01 -8.823826768708319113e-03 -1.504017584688643709e-02 9.998479550370836799e-01 -1.062217981713333037e+00 2.618589254385587651e-16 -7.442781055677481809e-17 3.073188954321229150e-18 9.999999999998939737e-01
2.805840712382928204e-01 -9.597324030508791459e-01 -1.364893773692975147e-02 -4.601265136927016641e+01 9.598013891519756591e-01 2.804387568035648926e-01 1.163602440979805142e-02 8.507693594819895111e+01 -7.339778538144541009e-03 -1.636515250228465918e-02 9.998391417797062308e-01 -1.077415978179849354e+00 2.696360716308811223e-16 -7.911412659556209898e-17 2.913990595963408092e-18 9.999999999998895328e-01
2.798401550588314746e-01 -9.599537019408341809e-01 -1.335581321170068066e-02 -4.576633070491791955e+01 9.600226933964836062e-01 2.797079148558653250e-01 1.095036667868841060e-02 8.593441058367048413e+01 -6.776118366171896001e-03 -1.588623608131395012e-02 9.998508447379800268e-01 -1.091196620746545332e+00 2.775102098039496340e-16 -8.424408846032039525e-17 2.760606909166603963e-18 9.999999999998850919e-01
2.784235131304200195e-01 -9.604157821501028147e-01 -9.048355260578342871e-03 -4.551275016692633812e+01 9.604428907961943818e-01 2.783531143470257541e-01 8.306458451624807934e-03 8.677769723887837472e+01 -5.459015924219945588e-03 -1.100314182719605398e-02 9.999245621622007141e-01 -1.092594058861703354e+00 2.873651604542128043e-16 -8.903139401152219072e-17 2.584041965646956267e-18 9.999999999998807620e-01
2.770790564104685938e-01 -9.607446213819380576e-01 -1.403456391034471964e-02 -4.527301893401336486e+01 9.608466229204362108e-01 2.770344297187418703e-01 5.068724933028709127e-03 8.762473355439392719e+01 -9.816928074243929086e-04 -1.488950085906572129e-02 9.998886633238726063e-01 -1.094012297620278407e+00 2.968819602722766197e-16 -9.077727925062136326e-17 2.420186922292417043e-18 9.999999999998764322e-01
2.763713129210400021e-01 -9.608085005214407337e-01 -2.158524310323930301e-02 -4.504139242986013869e+01 9.610419392060584043e-01 2.763961822691949899e-01 1.881890992894374569e-03 8.847819968429648441e+01 4.157941924053787548e-03 -2.126442457465401586e-02 9.997652403272816457e-01 -1.104065680834578345e+00 3.066609570065097321e-16 -9.505754469982078340e-17 2.206956878550485698e-18 9.999999999998717692e-01
2.750370085567816480e-01 -9.611595519176869828e-01 -2.295560239470602684e-02 -4.480570266234381904e+01 9.614193449937450398e-01 2.750847129407049674e-01 1.115247846553407219e-03 8.932654983217335598e+01 5.242804174651630178e-03 -2.237669464977285957e-02 9.997358633864951161e-01 -1.106333743516813239e+00 3.159550473437415591e-16 -1.041464316146024783e-16 1.819027965115346567e-18 9.999999999998667732e-01
2.737467201919536741e-01 -9.615648411376243043e-01 -2.134922649394797520e-02 -4.456548148261924780e+01 9.617990604545042510e-01 2.737316222462903847e-01 3.683244612035805297e-03 9.018129718590917321e+01 2.302279881642215788e-03 -2.154194211552123636e-02 9.997652945754037512e-01 -1.094567852564209298e+00 3.232569760185703508e-16 -1.099404441477001077e-16 1.506248464822137237e-18 9.999999999998618883e-01
2.732738287415044653e-01 -9.617582010519675206e-01 -1.850884204910484970e-02 -4.432708639403372786e+01 9.619343099637737149e-01 2.731836957637716057e-01 7.283658626342521397e-03 9.103529685899982837e+01 -1.948804542271617311e-03 -1.979472348480276755e-02 9.998021659724608545e-01 -1.085090275376899616e+00 3.314918597779992068e-16 -1.170273415277363898e-16 1.234352552821143061e-18 9.999999999998570033e-01
2.721949880023634694e-01 -9.620456444249720906e-01 -1.944393347756859236e-02 -4.409546588331338057e+01 9.622330710818760569e-01 2.720492424596953063e-01 9.834967872921230106e-03 9.189189065084566721e+01 -4.171980632200008969e-03 -2.138662478620744281e-02 9.997625752437769853e-01 -1.089179982267133084e+00 3.386029590088058171e-16 -1.214186150191449015e-16 1.045760075590437017e-18 9.999999999998522293e-01
2.713067654280458263e-01 -9.623326679785053628e-01 -1.756346133538814330e-02 -4.386450139357027922e+01 9.624789445923386255e-01 2.711592815638900755e-01 1.034046603309772897e-02 9.274182441713540470e+01 -5.188472708299174917e-03 -1.970990012193244226e-02 9.997922782200064917e-01 -1.098070515085928456e+00 3.469823219293845105e-16 -1.276850290170098358e-16 8.465825573815897678e-19 9.999999999998475664e-01
2.698904492072522476e-01 -9.627867418624517226e-01 -1.417163082776380124e-02 -4.362798066629181903e+01 9.628692292210979664e-01 2.697560556296680900e-01 1.070130225228365164e-02 9.359608154765042798e+01 -6.480188695230737136e-03 -1.653360652390767002e-02 9.998423110721011975e-01 -1.110520048330717380e+00 3.547737496099929957e-16 -1.315317983370924144e-16 7.065238825297311241e-19 9.999999999998431255e-01
2.689665678673446303e-01 -9.630449858759115855e-01 -1.418945202051928763e-02 -4.340156225779747956e+01 9.631127008324721350e-01 2.687982931100696971e-01 1.270445260099849032e-02 9.444851924020355227e+01 -8.420858892413464122e-03 -1.708311447153999102e-02 9.998186117169861609e-01 -1.115477875884799630e+00 3.615248988654853524e-16 -1.325752452213702901e-16 5.759345986419094038e-19 9.999999999998387956e-01
2.685923003023026334e-01 -9.630663212580575783e-01 -1.901149853368020587e-02 -4.318324883974292305e+01 9.632171193530751907e-01 2.683571163127342341e-01 1.404418417239214865e-02 9.529843952386958961e+01 -8.423609862700333351e-03 -2.208436058492899146e-02 9.997206228815390672e-01 -1.114014176114539012e+00 3.686521527520986874e-16 -1.353530566124276598e-16 4.056310891078929402e-19 9.999999999998345768e-01
2.683439168258832108e-01 -9.630331098769508991e-01 -2.363834983600821005e-02 -4.296511963464666906e+01 9.632949626578432012e-01 2.680674561387937915e-01 1.423565512664691328e-02 9.615065925805699010e+01 -7.372734919899087171e-03 -2.659075477783736860e-02 9.996192147714871856e-01 -1.118365973588361095e+00 3.771109568631507704e-16 -1.357368143146715610e-16 3.296379578694293740e-19 9.999999999998306910e-01
2.687279492422202098e-01 -9.628584962916657553e-01 -2.624510268051784972e-02 -4.273887494480248961e+01 9.632023909104060477e-01 2.684788827278991596e-01 1.265873900647739893e-02 9.699900112160170806e+01 -5.142318559987652492e-03 -2.868110262476690486e-02 9.995753853073197082e-01 -1.127782170771715720e+00 3.845990132908584569e-16 -1.361973086544975808e-16 2.112152441882420587e-19 9.999999999998265832e-01
2.702670123634052790e-01 -9.623868684761104353e-01 -2.769941177325263224e-02 -4.250540735294585915e+01 9.627731503329661766e-01 2.700065211690038658e-01 1.281949779512882130e-02 9.784464262060488693e+01 -4.858294527173533106e-03 -3.013293730439279075e-02 9.995340929972932331e-01 -1.141574459814832077e+00 3.904980209106845434e-16 -1.378302098405600683e-16 1.309461588923414703e-19 9.999999999998223643e-01
2.714234211214040515e-01 -9.620803292152999564e-01 -2.703269508214330152e-02 -4.226625205830207221e+01 9.624284282761764731e-01 2.710797909899634317e-01 1.572473727131123294e-02 9.869611778254049739e+01 -7.800443078051045448e-03 -3.028509622639002918e-02 9.995108633899746353e-01 -1.153237522207850807e+00 3.954809306413076276e-16 -1.392640810489213014e-16 5.552801229819595378e-20 9.999999999998177014e-01
