1.000000000000000000e+00 -3.306050084167601550e-19 -2.270457535318767223e-19 -8.673617379884035472e-19 7.546676715296109287e-19 1.000000000000000000e+00 6.237773588823049983e-19 1.387778780781445676e-17 -3.447385680526250622e-20 4.770700176052009879e-20 1.000000000000000222e+00 5.551115123125782702e-17
9.999111028242372301e-01 2.458200747049246477e-03 1.310220606035132108e-02 5.920755833338444546e-02 -2.453554216345863685e-03 9.999969024862529476e-01 -3.706582358225717576e-04 1.973412527498804442e-02 -1.310307843075415174e-02 3.384823705884064545e-04 9.999140748248555033e-01 -2.571572441201996906e-02
9.993297779231704592e-01 3.641064395014796760e-03 3.641653291233342554e-02 4.341217623862423519e-02 -3.631699341973632089e-03 9.999933459633405519e-01 -3.232223529069534057e-04 9.427737445229400493e-03 -3.641747311544424326e-02 1.907116625493158232e-04 9.993363676524907868e-01 2.570676845622659745e-01
9.980268595011462240e-01 6.396169800866586749e-03 6.245944800137935571e-02 6.047339941861076817e-02 -6.443802580806375427e-03 9.999790577734902763e-01 5.610968726345134461e-04 -6.151578041450223022e-03 -6.245455735909272860e-02 -9.624671496052378651e-04 9.980471823576270163e-01 3.951374038595257820e-01
9.951581167703276165e-01 5.174707546009226292e-03 9.815964413143074552e-02 1.213055063146176726e-01 -5.401060626291956726e-03 9.999833614225016598e-01 2.040762054237050833e-03 -2.123513069407320653e-03 -9.814745147046659290e-02 -2.560934587734599224e-03 9.951694887757076557e-01 5.793090988433269306e-01
9.910870931680467733e-01 1.904160655006520604e-03 1.332301062010698978e-01 1.922307215503397948e-01 -2.708087001538517658e-03 9.999791978321329600e-01 5.853703994122411158e-03 2.193487268706550974e-04 -1.332162042066346586e-01 -6.162240639758075761e-03 9.910716274721107499e-01 7.734309870634661355e-01
9.848072123098270403e-01 -1.242437372554629606e-03 1.736674486000207851e-01 2.759503327328632905e-01 9.244095949422941928e-05 9.999780419951069810e-01 6.629529869350122596e-03 -8.159968709932310937e-03 -1.736718880528858588e-01 -6.512813469800099106e-03 9.847856804675578779e-01 9.821293889919258113e-01
9.758851373689085840e-01 -2.047417084921995378e-03 2.183184498101318483e-01 3.694573773682978679e-01 3.416931717635841056e-04 9.999690957996846263e-01 7.853752456877360899e-03 2.418987553114565481e-04 -2.183278114069712450e-01 -7.589891085099489607e-03 9.758556929597944629e-01 1.173270429263129744e+00
9.645014995191792950e-01 -2.002092643936111051e-03 2.640923219641084230e-01 4.869468905990608776e-01 -8.235414578598287266e-04 9.999435814782831056e-01 1.058812429547708114e-02 -1.567559028732734561e-03 -2.640986509920675296e-01 -1.042987805238556644e-02 9.644454452972461844e-01 1.385273828109260696e+00
9.497813428818111525e-01 -5.023906481680717739e-03 3.129678576568474258e-01 6.085435855650428438e-01 -4.334884119456434439e-04 9.998490046007674215e-01 1.737382425128942975e-02 6.907352445057052259e-03 -3.130078974569348027e-01 -1.663730938603525181e-02 9.496357762890891285e-01 1.626706179115154915e+00
9.328830041603846102e-01 -1.483717386575093659e-02 3.598835402677169615e-01 7.513690093697341643e-01 6.136245576348563734e-03 9.996608417575491012e-01 2.531257793704099965e-02 2.202558609866706041e-03 -3.601370345711168430e-01 -2.140548744128811451e-02 9.326576869227952704e-01 1.845508778826499441e+00
9.118540829952881399e-01 -2.151202267942902910e-02 4.099382300717887562e-01 9.014417641085966659e-01 9.332040959627821430e-03 9.994542749878959631e-01 3.170053101929583977e-02 -3.321847795969279371e-04 -4.103961449173280096e-01 -2.508265123208055711e-02 9.115570685571909859e-01 2.071329176961910878e+00
8.871887843899837200e-01 -2.174331379902010031e-02 4.608786845157218370e-01 1.094053721076505781e+00 6.738862750736640365e-03 9.993930971157134469e-01 3.417655994383796830e-02 3.685049671617743328e-03 -4.613421567013820668e-01 -2.721424568155515755e-02 8.867969079191992954e-01 2.309838284209725146e+00
8.585379334408902441e-01 -2.488014688115041881e-02 5.121880160586954611e-01 1.284744873760284234e+00 5.424427109695381145e-03 9.992068577419773723e-01 3.944785424338069502e-02 2.076826098531397990e-02 -5.127633466062897494e-01 -3.108897716011345055e-02 8.579920152098022834e-01 2.522649035097769499e+00
8.269141481698867313e-01 -2.999987992133848827e-02 5.613434842868325614e-01 1.502572146406435660e+00 6.618903535021905885e-03 9.990260249686393479e-01 4.363660891367211053e-02 2.584385471844645454e-02 -5.621052648391910989e-01 -3.237008692641923924e-02 8.263072557555171116e-01 2.784602547433424391e+00
7.908422153678021926e-01 -3.573589835249408458e-02 6.110254334144206156e-01 1.750153943861233907e+00 8.354862946105131097e-03 9.988312001408090612e-01 4.760701792667998422e-02 2.872300551159934212e-02 -6.120126648412874681e-01 -3.254472797647855326e-02 7.902164780231882846e-01 2.978552336769930697e+00
7.529283124476171540e-01 -4.048194038677153245e-02 6.569241141159318786e-01 2.010148896986985179e+00 1.006488627666382758e-02 9.986978385381846124e-01 5.001936462059600880e-02 4.436789540229581219e-02 -6.580935834471868251e-01 -3.105018208933268270e-02 7.523553796805498850e-01 3.196577621481361042e+00
7.128280076169443147e-01 -4.363362981676388586e-02 6.999768173951756989e-01 2.301004220025851588e+00 1.094473664075635080e-02 9.986333680567927029e-01 5.109863987865549684e-02 5.931725055951917597e-02 -7.012499966711924770e-01 -2.876317931277801859e-02 7.123313441672667334e-01 3.432198790203170979e+00
6.717435077349382944e-01 -4.629972446676644537e-02 7.394670339401078207e-01 2.600614059598293615e+00 9.680188436643803740e-03 9.985084327858392284e-01 5.373611587053619271e-02 8.221037224708090119e-02 -7.408519378969268265e-01 -2.894342670053337563e-02 6.711895715870718204e-01 3.618764147015079757e+00
6.294680144584444692e-01 -4.669017729130195415e-02 7.756872946329810281e-01 2.940458139672598836e+00 5.605505876763623718e-03 9.984403053253942950e-01 5.554512239634842863e-02 1.004821558466482967e-01 -7.770705807380319241e-01 -3.062373742438536176e-02 6.287473732703605656e-01 3.838663907710394341e+00
5.881931755902615189e-01 -4.744215256450957929e-02 8.074516340725632624e-01 3.288701569046525996e+00 2.068553708910200826e-03 9.983628284160170896e-01 5.716321472026169442e-02 1.190450986093544578e-01 -8.088417684101542049e-01 -3.195465258225019256e-02 5.873282685690999205e-01 4.048718849727679370e+00
5.479869731731082938e-01 -4.867988165843607773e-02 8.351067956729957276e-01 3.671360424552439827e+00 4.664125150117479622e-04 9.983227760713244692e-01 5.788225127213014742e-02 1.411318780738278489e-01 -8.365244698436105075e-01 -3.132432884516471450e-02 5.470906099093152397e-01 4.248314454935844253e+00
5.080834600290612402e-01 -5.121056911114604815e-02 8.597475655826264385e-01 4.092269125475505476e+00 -3.222203655815379848e-04 9.982196990281776428e-01 5.963955817144322297e-02 1.604860911738274498e-01 -8.612710470882973812e-01 -3.058111499360398333e-02 5.071621262439698352e-01 4.478607075819566852e+00
4.716082527947585423e-01 -5.113989968625751864e-02 8.801927669882732008e-01 4.518664990372229795e+00 -3.400385476321754301e-03 9.982042662240111497e-01 5.981584528795908656e-02 1.821774119891644284e-01 -8.816698860885522349e-01 -3.121657152050406198e-02 4.705870681356189023e-01 4.673348455598522300e+00
4.348657461890512721e-01 -5.134608196474600011e-02 8.989072776178075319e-01 4.985163494820474384e+00 -4.714832347913128392e-03 9.982293879596629838e-01 5.930474188969575566e-02 2.061225920170583481e-01 -9.003602968193389344e-01 -3.003095484673700549e-02 4.338538876675395728e-01 4.850691929538138325e+00
4.025745960782823873e-01 -4.942341467028210644e-02 9.141139565341247497e-01 5.484923663239681169e+00 -3.895123044144610611e-03 9.984395027972119419e-01 5.570489299522596999e-02 2.280341623444073762e-01 -9.154415598405848398e-01 -2.597253424425754326e-02 4.017543401789949731e-01 5.051352933680696822e+00
3.721003308439018720e-01 -4.786156649536241897e-02 9.270214579541057320e-01 5.997666688769394128e+00 -2.239495664124352935e-03 9.986202485388361305e-01 5.246988569285739035e-02 2.562302716867788654e-01 -9.282539518951770097e-01 -2.159663484361555238e-02 3.714801230460800241e-01 5.226843757050154693e+00
3.464015802875085592e-01 -4.679870432861196056e-02 9.369418370719324596e-01 6.546253542078949827e+00 -3.398088109938721384e-04 9.987483917916665233e-01 5.000749729114833259e-02 2.845918489258347783e-01 -9.381101369703696014e-01 -1.763273239462957373e-02 3.459522048255034843e-01 5.409709063425500730e+00
3.252975987148993275e-01 -4.529593833827286892e-02 9.445294866587091720e-01 7.140009237683591969e+00 1.119330198138540627e-04 9.988540047814344902e-01 4.786186663403396019e-02 3.119581858509020700e-01 -9.456149378697285002e-01 -1.546535713130676309e-02 3.249297756788525060e-01 5.592571921408675095e+00
3.111894558430056690e-01 -4.587763245370207049e-02 9.491966022672561065e-01 7.725245176282362181e+00 7.525463146743599074e-04 9.988456997901867807e-01 4.803101828516603139e-02 3.436646858953917305e-01 -9.503044321536319172e-01 -1.423381705368082471e-02 3.108647302596757589e-01 5.781619039294729312e+00
2.980609362933596129e-01 -4.773600533788552314e-02 9.534370696243317234e-01 8.347003896289466596e+00 2.669429632719539161e-03 9.987865277343608295e-01 4.916931161135764533e-02 3.631536854146516502e-01 -9.546278006812296546e-01 -1.210290429159208668e-02 2.978267357918445990e-01 5.977289637865792038e+00
2.877231491028939270e-01 -4.939558604003418257e-02 9.562919652918562274e-01 8.998839506265825960e+00 5.445476283142489798e-04 9.986775432888179704e-01 5.142222220117789733e-02 3.962066887083944833e-01 -9.575662694694997423e-01 -1.428789938802613180e-02 2.873692644354519654e-01 6.168649411625922063e+00
2.773044942889702491e-01 -5.115014200214652862e-02 9.593094204985318507e-01 9.681748000587202085e+00 -8.037133333206685458e-04 9.985694946793562954e-01 5.347262952837941730e-02 4.312741010041429846e-01 -9.606712079930052051e-01 -1.561447631481792039e-02 2.768661974845391671e-01 6.358784451909936131e+00
2.668027597138739049e-01 -5.308219460444083687e-02 9.622298683245518180e-01 1.038396602713869576e+01 -1.425074262279413164e-03 9.984597720747763194e-01 5.545677465368152592e-02 4.611167429362167391e-01 -9.636909536829271206e-01 -1.617640264753339441e-02 2.663154129669042525e-01 6.555920448968345582e+00
2.568801944244981095e-01 -5.451645237769020547e-02 9.648530446717943354e-01 1.111237456100209187e+01 -2.313896384032583260e-03 9.983701423476848413e-01 5.703350808799423355e-02 4.905154378406947902e-01 -9.663890762425199066e-01 -1.689236308645319581e-02 2.563353160560336574e-01 6.749377722325927920e+00
2.474450486928737591e-01 -5.611251217673361019e-02 9.674259201787247520e-01 1.185976450926736803e+01 -3.012397623759650693e-03 9.982718125720450031e-01 5.867311670126627854e-02 5.305286264946601493e-01 -9.690480665583747211e-01 -1.741214719574574535e-02 2.468488153050200085e-01 6.942508044680900881e+00
2.361831388817609567e-01 -5.766349249492117024e-02 9.699785780598982887e-01 1.262726100633157778e+01 -3.497056029159607577e-03 9.981803451798291205e-01 6.018697998601670734e-02 5.663466643265111511e-01 -9.716852477722982551e-01 -1.759313995485561541e-02 2.355520698658316592e-01 7.129575872030789796e+00
2.253754179727994189e-01 -6.053775790175175420e-02 9.723372424507347178e-01 1.341038752801476086e+01 -4.615725652731404727e-03 9.979900008956640312e-01 6.320307403807864932e-02 6.057647329226204524e-01 -9.742088526426179174e-01 -1.873492181212403629e-02 2.246429992147275789e-01 7.307231008940917150e+00
2.144727208962377563e-01 -6.427114292480450020e-02 9.745978155109495944e-01 1.420286362738209540e+01 -6.029170566538702598e-03 9.977271645160810110e-01 6.711168324059953172e-02 6.506630537647705159e-01 -9.766951021153927881e-01 -2.028310837825400212e-02 2.135970108069349116e-01 7.482420493589764021e+00
2.017852617925487424e-01 -6.772691224236356000e-02 9.771295867418328118e-01 1.500515551419104554e+01 -6.966314369580099523e-03 9.974809091754558432e-01 7.058552735323088412e-02 6.864992051650242733e-01 -9.794506262002279362e-01 -2.102650614432714782e-02 2.008062397347008810e-01 7.646424856361324629e+00
1.883840808722333504e-01 -6.970633041961259158e-02 9.796795476943807035e-01 1.581754231850429981e+01 -8.975235365732759860e-03 9.973139911766001342e-01 7.268013056639277547e-02 7.325729917873469166e-01 -9.821154726846647032e-01 -2.247602781710088260e-02 1.872524073394035982e-01 7.804717578080323293e+00
1.754456296614327337e-01 -7.107416925157475363e-02 9.818969735809062183e-01 1.662728919818247419e+01 -9.016733380311304016e-03 9.972335216022836235e-01 7.377753748283506774e-02 7.720184008094499450e-01 -9.844234447021065204e-01 -2.180918081979065296e-02 1.743185419173216844e-01 7.942087951623578945e+00
1.613333033100312064e-01 -6.968821257652405010e-02 9.844453479995737277e-01 1.744729965430293817e+01 -9.897169096145647799e-03 9.973381397607208321e-01 7.223818069173562617e-02 8.181103214980988136e-01 -9.868611614712512470e-01 -2.137097664305660089e-02 1.602154926401550272e-01 8.074600943324503177e+00
1.445276075304409713e-01 -6.898753018089905098e-02 9.870966587580075613e-01 1.826479697749542908e+01 -1.079775624753326682e-02 9.973978163229055838e-01 7.127129536154028222e-02 8.582089832143781072e-01 -9.894446854486222964e-01 -2.096444343355912190e-02 1.434059296918424598e-01 8.202378002195690243e+00
1.239642429546435748e-01 -6.656225152515521382e-02 9.900978616482295491e-01 1.910531431485265230e+01 -1.362483707059961718e-02 9.975387838022266029e-01 6.876407198233477902e-02 9.026676776617887921e-01 -9.922401881747305863e-01 -2.198852732839232105e-02 1.227528065709000832e-01 8.301372856914312592e+00
9.991262703283068647e-02 -6.584394567849467805e-02 9.928274110652479667e-01 1.993594047599075836e+01 -1.867621920487016335e-02 9.975075360948619796e-01 6.806841302529934024e-02 9.418004983451460088e-01 -9.948342996057387699e-01 -2.535015827269110691e-02 9.843450817176498113e-02 8.380727877134269477e+00
6.838135011651715056e-02 -6.491233761325786167e-02 9.955275358991295676e-01 2.078845858504408284e+01 -2.276939016695489829e-02 9.975192906665029113e-01 6.661511774824499521e-02 9.853904484197015812e-01 -9.973822823680509320e-01 -2.722075754183471766e-02 6.673399150638963107e-02 8.439609198853034400e+00
3.382719986816511148e-02 -6.582399179672593359e-02 9.972620898968621583e-01 2.164043791001785877e+01 -2.592517247543563164e-02 9.974343347122007764e-01 6.673152734850339163e-02 1.029222084026655049e+00 -9.990976331869071414e-01 -2.809125826571845508e-02 3.203467544041469633e-02 8.465581207445969980e+00
1.355051246116307367e-03 -6.458626642931765416e-02 9.979111529178296136e-01 2.249420406108310999e+01 -2.717755430543159628e-02 9.975406317985053839e-01 6.459487079711623281e-02 1.065290188829483897e+00 -9.996309949803237060e-01 -2.717609195002587338e-02 -4.030135558524694929e-04 8.445283144311451551e+00
-3.429234123740029089e-02 -6.336024950163485214e-02 9.974071257895006370e-01 2.336494986865226053e+01 -2.806037556935751104e-02 9.976569900145286773e-01 6.238588841646391242e-02 1.104328577959339253e+00 -9.990211330115030819e-01 -2.587996897778833960e-02 -3.599088560330968023e-02 8.411688651772426084e+00
-6.684363060662440459e-02 -6.179547092662026481e-02 9.958302649949599683e-01 2.421579365094488523e+01 -2.997744973460632692e-02 9.977538913226640105e-01 5.990526917298471393e-02 1.131023082166372262e+00 -9.972956315244777548e-01 -2.584764983483154796e-02 -6.854587171371633036e-02 8.352902410821547718e+00
-9.772686888947706985e-02 -5.854202103283191738e-02 9.934572261483471944e-01 2.507436146302536528e+01 -3.333794461791927954e-02 9.979000859845496008e-01 5.552808264423782225e-02 1.171129625869560265e+00 -9.946240647848797467e-01 -2.765413418570802917e-02 -9.947277609222669736e-02 8.264483152577787095e+00
-1.326050286902101805e-01 -5.455494526513878645e-02 9.896964156240559696e-01 2.593995866946838547e+01 -2.994007061407872108e-02 9.982496534698629409e-01 5.099072051325364424e-02 1.189549013764398699e+00 -9.907445531218010970e-01 -2.289711799335789055e-02 -1.340068935851564391e-01 8.139818599392661724e+00
-1.619521685242083786e-01 -4.917261361336545955e-02 9.854848032024090543e-01 2.677782875068372093e+01 -2.543699148086562417e-02 9.986334959371614417e-01 4.564438976586473323e-02 1.217503876793204487e+00 -9.863836331405100299e-01 -1.765415754200071186e-02 -1.629813822015424851e-01 7.990082785426439571e+00
-1.937792307934059766e-01 -4.224791672858230207e-02 9.801464792193556042e-01 2.763660601742582656e+01 -1.828979563355829369e-02 9.990542860213934562e-01 3.945934202418489162e-02 1.231891266125565210e+00 -9.808864433344232081e-01 -1.028878936907056708e-02 -1.943684840781613743e-01 7.812921454151470435e+00
-2.216003182485585254e-01 -3.727917086652467876e-02 9.744608091527480198e-01 2.847204686319289735e+01 -1.265543632911213939e-02 9.992950711176455947e-01 3.534501877121037916e-02 1.249134254459416837e+00 -9.750913510526647565e-01 -4.503107805243126635e-03 -2.219160110325391899e-01 7.592342617971407748e+00
-2.487833115280682073e-01 -3.065583929369432997e-02 9.680853813302718880e-01 2.930257008812307973e+01 -4.580947266079628960e-03 9.995250419899613936e-01 3.047386197527943499e-02 1.260775177017477544e+00 -9.685599917209133380e-01 3.148894183839089957e-03 -2.488056225879765049e-01 7.376352862321866155e+00
-2.777350488095116643e-01 -2.042375814621778113e-02 9.605322959109042769e-01 3.012257646106687048e+01 1.542620818540656668e-03 9.997636309657910170e-01 2.169604869521547796e-02 1.262985266406796425e+00 -9.607482315175506216e-01 7.495574974370470232e-03 -2.776380468016650949e-01 7.125225450675451988e+00
-2.985413028764026810e-01 -4.900183592568869637e-03 9.542464525086089555e-01 3.092480953036580615e+01 5.071765641727308226e-03 9.999645429553744025e-01 6.721845586834535556e-03 1.251983235363834934e+00 -9.542456471556689523e-01 6.851767456734752376e-03 -2.985058847799758053e-01 6.864682082719864908e+00
-3.248725931114197496e-01 1.270614285812369029e-02 9.457355958554537478e-01 3.172140281588302457e+01 7.188456800517425971e-03 9.999140914052634388e-01 -1.096380269093746689e-02 1.234688013474388946e+00 -9.457936934521411487e-01 3.234915861712282358e-03 -3.249360338353780020e-01 6.588111680417688021e+00
-3.500232808446420152e-01 2.774602670864787304e-02 9.364142823134544713e-01 3.251912875013717041e+01 6.758420630323697977e-03 9.996100281281818933e-01 -2.709030188037693521e-02 1.213240031689609477e+00 -9.368010001588734648e-01 -3.160034778053184314e-03 -3.500743907638407815e-01 6.291602272339357427e+00
-3.719950561243008935e-01 3.780104405543228269e-02 9.273135277355327721e-01 3.330365100431315284e+01 9.835880348568571546e-03 9.992748002298393883e-01 -3.678091278399754638e-02 1.173270050950452337e+00 -9.280317940040588853e-01 -4.572347645577091828e-03 -3.720968818237392894e-01 5.964600983720281135e+00
-3.969771552070414100e-01 4.268494327884599787e-02 9.166440285064713089e-01 3.406963879429218878e+01 1.413043742810073805e-02 9.990832479089069018e-01 -4.041305798588398085e-02 1.127870580110428955e+00 -9.175292464646318535e-01 -3.102072999243002133e-03 -3.972160501584542924e-01 5.624496764288368311e+00
-4.199768581764590780e-01 4.168057057293574758e-02 9.064609948037033460e-01 3.485171458638077269e+01 1.641480923265276406e-02 9.991301279148331327e-01 -3.833038763012400207e-02 1.077818847772348265e+00 -9.072705380823266053e-01 -1.228712663703776910e-03 -4.202956261340955457e-01 5.261285713097251460e+00
-4.403111184869783479e-01 3.785751785171699579e-02 8.967388494751927785e-01 3.561259421047667217e+01 2.092392557741825157e-02 9.992717707345366573e-01 -3.191117202354842169e-02 1.034796868086790722e+00 -8.972940752359661598e-01 4.708923974105645380e-03 -4.407825528537137050e-01 4.877016917715061517e+00
-4.593591100700418206e-01 3.624176654630803518e-02 8.873237610804443065e-01 3.637965336816984774e+01 2.761189756205909354e-02 9.992669751569648318e-01 -2.651334829451081065e-02 9.963051935514998236e-01 -8.876342813370875495e-01 1.232573819149355640e-02 -4.600230677522520462e-01 4.487713305466199287e+00
-4.720331524816543944e-01 3.621716173123239874e-02 8.811949745455854854e-01 3.710681284282004100e+01 3.116571744105781083e-02 9.992167840721798422e-01 -2.437742824403572525e-02 9.503643773962539010e-01 -8.813877023772135333e-01 1.596721476883867369e-02 -4.727922474657695329e-01 4.074998485260523218e+00
-4.823883506251994691e-01 3.953323196453235183e-02 8.750361652622982156e-01 3.783586494119296617e+01 3.384701303579007448e-02 9.990764339574049746e-01 -2.644530337881382392e-02 9.092544236403058422e-01 -8.752734683916461034e-01 1.686238791822304919e-02 -4.832809316331393434e-01 3.657759673163766934e+00
-4.917740404698918155e-01 4.181879036589769560e-02 8.692582470810017448e-01 3.853141648497788907e+01 3.518200088788241836e-02 9.989845270560842039e-01 -2.813782156165737028e-02 8.612690511059709619e-01 -8.695526102908754940e-01 1.673226011948063946e-02 -4.927459294153245795e-01 3.269609280391279515e+00
-5.009967972195262798e-01 4.219153324592606752e-02 8.641580757116683609e-01 3.924104318419004045e+01 2.891418058120827014e-02 9.990695424781819156e-01 -3.198661740656792707e-02 8.174276969896689948e-01 -8.647038859360054452e-01 8.951314789963195698e-03 -5.017505306552313415e-01 2.863037962128333280e+00
-5.128596603066180037e-01 4.059490464320728020e-02 8.581159263988893393e-01 3.994116528423699464e+01 2.798818044624595824e-02 9.991410942181849775e-01 -3.057507850044813638e-02 7.872570036462136489e-01 -8.586199924758560753e-01 8.348446825180790704e-03 -5.135551484539557787e-01 2.441109332250385844e+00
-5.208681136532067324e-01 4.216273806815960812e-02 8.526058643261373859e-01 4.066091218685958353e+01 2.984440796470212709e-02 9.990684017376177950e-01 -3.116849237746936035e-02 7.455098187426945078e-01 -8.531256333152772431e-01 9.217408065807473905e-03 -5.216414048942559223e-01 2.022445917946459559e+00
-5.274314967934202736e-01 4.408841105359196516e-02 8.486458581772255982e-01 4.136266512222722724e+01 3.350110887884558131e-02 9.989551600422449384e-01 -3.109698544556958877e-02 6.985958063730745016e-01 -8.491299646477815655e-01 1.204143283586944259e-02 -5.283574669025418169e-01 1.574521173696403986e+00
-5.326929005400058426e-01 4.821820958439571037e-02 8.455312235286617240e-01 4.207302420505923379e+01 3.528032376827254513e-02 9.987731424760241117e-01 -3.475264159150349280e-02 6.654164076709668807e-01 -8.461694319535987274e-01 1.132995651082536331e-02 -5.337408120806715894e-01 1.138852682477274003e+00
-5.303075675901763875e-01 4.957021112598773011e-02 8.460574664563611513e-01 4.281557036119482973e+01 3.431349173686022019e-02 9.987258179944562553e-01 -3.700226535189962002e-02 6.267977934375242866e-01 -8.468142763816448593e-01 9.393107306675972309e-03 -5.313327411040479342e-01 6.742040529273956029e-01
-5.260276167824625704e-01 5.037938807122790963e-02 8.489907352042048716e-01 4.355321642267771409e+01 3.669398878127932279e-02 9.986588822192286052e-01 -3.651976690930376634e-02 5.836095622985678633e-01 -8.496918300892722931e-01 1.194790620630575839e-02 -5.271708863130785128e-01 2.179824362038634278e-01
-5.208169110985345629e-01 4.819431267607253433e-02 8.519135948777917244e-01 4.431445721372863744e+01 3.449431300453206090e-02 9.987779336292259558e-01 -3.536376029943821830e-02 5.432118855525727152e-01 -8.525773593976675446e-01 1.095547446493684920e-02 -5.218430945025849255e-01 -2.315792780828217212e-01
-5.128304138111680066e-01 4.743758252969275391e-02 8.572463056810947224e-01 4.508763709700075850e+01 3.243065024770014348e-02 9.988299794322066383e-01 -3.586680347466828650e-02 5.012048766098000652e-01 -8.579448501344998368e-01 9.402957122810086735e-03 -5.137689523893798071e-01 -7.012596079597148702e-01
-5.062319477467840390e-01 4.705986641285854477e-02 8.610977657881616620e-01 4.590394165230796375e+01 3.121976028654821836e-02 9.988555723149603605e-01 -3.621485556606705847e-02 4.607524080715142967e-01 -8.618172773868205683e-01 8.531526325088382642e-03 -5.071219775726319989e-01 -1.174442658373816784e+00
-4.986701514962396109e-01 4.590627368413389281e-02 8.649958132404574895e-01 4.670178582422105507e+01 2.817798601945271236e-02 9.989268849430313901e-01 -3.674418182917906645e-02 4.136968380985586724e-01 -8.657553774347191977e-01 6.023331944508964787e-03 -4.994284076983481757e-01 -1.614269277196797248e+00
-4.945625294941101147e-01 4.410944267379435929e-02 8.682178078856521708e-01 4.756319371182156885e+01 2.473365542676958864e-02 9.990215457196174320e-01 -3.665303029654952416e-02 3.740422085460142765e-01 -8.689848912104846113e-01 3.349160560183490204e-03 -4.951699601628089531e-01 -2.095370871387638445e+00
-4.936676297917686473e-01 4.037276051356226969e-02 8.688106118643686981e-01 4.838914669807158475e+01 1.935510750576126607e-02 9.991842125159753341e-01 -3.546035402115778334e-02 3.286821189549039013e-01 -8.695329860610570005e-01 -6.709141728072005092e-04 -4.940462648836305148e-01 -2.540354303960184801e+00
-4.947594956743102124e-01 3.880639749169795955e-02 8.684422546656452857e-01 4.926569048654971539e+01 1.662584767720522855e-02 9.992426277684480773e-01 -3.517400051267190880e-02 2.728261827223086855e-01 -8.691495483652272869e-01 -2.963778036981056484e-03 -4.950302824675967828e-01 -3.019818631885152538e+00
-4.937721179864714705e-01 3.728535649302324589e-02 8.686779720303835495e-01 5.013825755501961368e+01 1.492355228055890562e-02 9.992962125724552669e-01 -3.442109675125806789e-02 2.262254452752434641e-01 -8.693499775598948487e-01 -4.028521923547741940e-03 -4.939808504625247676e-01 -3.502737871459884467e+00
-4.937535247031795693e-01 3.656167711156354388e-02 8.687486907461520191e-01 5.102900212377516453e+01 1.493716033561644577e-02 9.993246125721915174e-01 -3.357788660331987446e-02 1.768728920311438135e-01 -8.693897689857685851e-01 -3.602761452120926966e-03 -4.939659741242762303e-01 -3.992590837014310168e+00
-4.923406781041131941e-01 3.574280016878111921e-02 8.691872598748404677e-01 5.193051891711569823e+01 1.481439490995655438e-02 9.993553015992969746e-01 -3.270198898490470768e-02 1.286174153888540450e-01 -8.697961743271039881e-01 -3.234170827490625687e-03 -4.925525697193964270e-01 -4.493308616953296308e+00
-4.923146583425626610e-01 3.493029468376142310e-02 8.691878428289929737e-01 5.284485795538977726e+01 1.498086602519821571e-02 9.993862842268237401e-01 -3.165251532587808753e-02 7.984843603306676640e-02 -8.697602926955723124e-01 -2.574019162213034978e-03 -4.925356623489522967e-01 -5.016300006001145562e+00
-4.937234276713085013e-01 3.440946727476569544e-02 8.690063850811955426e-01 5.376041645509100420e+01 1.440370792223513545e-02 9.994033361333051202e-01 -3.139909433831152008e-02 2.815673797991957023e-02 -8.695683734900551132e-01 -2.987590217745927663e-03 -4.939243227915255385e-01 -5.508969234520660230e+00
-4.923562955095643900e-01 3.292433990325244891e-02 8.696750623503833877e-01 5.469449436885069815e+01 1.272983026001649545e-02 9.994498901926816004e-01 -3.063178477716016132e-02 -1.757014709213312875e-02 -8.702049571319038224e-01 -4.006222616398777761e-03 -4.925044638046686685e-01 -6.032416236640294471e+00
-4.947922437162164955e-01 3.247686177889469450e-02 8.687932568779774822e-01 5.559370417667908271e+01 1.201545192951991928e-02 9.994618947778964868e-01 -3.052789492303245936e-02 -6.741224685072069733e-02 -8.693171123366792985e-01 -4.663646244746830032e-03 -4.949161556068918388e-01 -6.516181782389784516e+00
-4.909978398079262729e-01 3.061934708683010375e-02 8.707386238731529282e-01 5.652997329317918229e+01 1.035125454334011146e-02 9.995167274889358300e-01 -2.931480981356401547e-02 -1.210106991676289240e-01 -8.712153171521365147e-01 -5.378517324871360042e-03 -4.910774361314795278e-01 -7.046543926937757440e+00
-4.895940604146749031e-01 2.995033894914171310e-02 8.714122845907060766e-01 5.744087281833787273e+01 1.010557930298642410e-02 9.995377618055063529e-01 -2.867004320400000708e-02 -1.673458669900585449e-01 -8.718683257013355448e-01 -5.243550597020790911e-03 -4.896702245517658980e-01 -7.547007730520031821e+00
-4.895255789739639263e-01 2.728456586718301657e-02 8.721310284709670180e-01 5.836846967076187553e+01 1.042077176801572622e-02 9.996224011429889478e-01 -2.543689225158600811e-02 -2.236094318880837428e-01 -8.724951962487740298e-01 -3.347415894769664030e-03 -4.896252790953708467e-01 -8.022200554814938656e+00
-4.842672729835076906e-01 2.619250094747574420e-02 8.741466276291913751e-01 5.929755778621553475e+01 1.130964040995707104e-02 9.996556296608579695e-01 -2.367880472543780479e-02 -2.650143521229835208e-01 -8.744659850318646788e-01 -1.595385479111665001e-03 -4.843965639985173266e-01 -8.529880345385022267e+00
-4.828599283439412582e-01 2.522586471971866376e-02 8.751413974088111392e-01 6.021278862295598344e+01 1.111984967682369714e-02 9.996810305016797793e-01 -2.266878879637731006e-02 -3.137263530889686791e-01 -8.754343249736762367e-01 -1.226072130206882528e-03 -4.829864659463431464e-01 -9.026673617971727737e+00
-4.804321226907171671e-01 2.558016024502219460e-02 8.760866938765630163e-01 6.113515584485702448e+01 1.188324021997856812e-02 9.996724010221602619e-01 -2.265856676819567178e-02 -3.532467194309949488e-01 -8.763798677775187507e-01 -4.960749397131872501e-04 -4.805786493698800399e-01 -9.532065663550250534e+00
-4.790516818676958111e-01 2.601112195926967574e-02 8.770731299180756224e-01 6.203506379766881196e+01 1.161691332922679988e-02 9.996611023117740746e-01 -2.328838796717621132e-02 -4.021768915194590677e-01 -8.773818899070442434e-01 -9.777276803742921286e-04 -4.791914342895219336e-01 -1.000466312975273731e+01
-4.818860433742220284e-01 2.704625040649785706e-02 8.759479035857767881e-01 6.294731519335169878e+01 1.089903703320965409e-02 9.996311576835783530e-01 -2.489081536411540466e-02 -4.585491014853375069e-01 -8.762977592124109316e-01 -2.424940034009781965e-03 -4.820030400581813423e-01 -1.048973234526535769e+01
-4.843626001434399586e-01 2.819711272284895071e-02 8.749528137672966110e-01 6.383640818677776707e+01 9.669587146412972345e-03 9.995923668360611192e-01 -2.687172077945349999e-02 -5.060818331378262869e-01 -8.753534527005142341e-01 -4.529215134477532038e-03 -4.844381562132663022e-01 -1.099241028271053366e+01
-4.872350985805780632e-01 3.014236923908952467e-02 8.725830312875483274e-01 6.473987850722403437e+01 8.808424230161107649e-03 9.995225498771418415e-01 -2.960907794249127700e-02 -5.556124796452861503e-01 -8.730593267343335073e-01 -6.754401672350225996e-03 -4.872678056056457541e-01 -1.150802393253152012e+01
-4.924559312787276100e-01 2.743098552877414054e-02 8.695402818276843915e-01 6.563768942013734886e+01 6.952858236610288782e-03 9.995950809307364571e-01 -2.759355369726404147e-02 -6.050834234489664842e-01 -8.699453149579022826e-01 -7.544746264443569217e-03 -4.924471113543555933e-01 -1.198868719411721884e+01
-4.960799396789080662e-01 2.496501085235662901e-02 8.675899324206147734e-01 6.653653690960135236e+01 1.089989244311583873e-02 9.996866980047340867e-01 -2.253188182668095646e-02 -6.593200008860881089e-01 -8.678808327810736412e-01 -1.725737427284458874e-03 -4.961964704687704675e-01 -1.251408473107235331e+01
-5.027619228130084661e-01 2.266777847737534018e-02 8.637524931321514110e-01 6.740452054797005133e+01 7.863354205997426932e-03 9.997345014046480349e-01 -2.165498743709415655e-02 -6.968078573803377918e-01 -8.640142954557874511e-01 -4.103753392382016550e-03 -5.028066216176101388e-01 -1.298383869379182975e+01
-5.079824721714155666e-01 2.482780943568739865e-02 8.613855508058538835e-01 6.827840466205532266e+01 9.199744263395962310e-03 9.996840385992696865e-01 -2.339706990621066504e-02 -7.491398369952750880e-01 -8.616941242931510647e-01 -3.945882664685567386e-03 -5.080504052340064636e-01 -1.348660892772339182e+01
-5.118616252661623012e-01 2.740246153867167272e-02 8.587330080910392516e-01 6.915795342930039169e+01 9.352838894259637298e-03 9.996097207983578592e-01 -2.632006603734794031e-02 -7.932367288486376067e-01 -8.591193692921132996e-01 -5.447414842734145737e-03 -5.119181366164852198e-01 -1.401021420859672872e+01
-5.161234943461484592e-01 2.692676788357989751e-02 8.557734840816120236e-01 7.003248499626465673e+01 7.643410753914160922e-03 9.996105186153046995e-01 -2.684533437237313774e-02 -8.354886559502598953e-01 -8.561630319708440906e-01 -7.308279217572524224e-03 -5.161280774689243067e-01 -1.450148880554519693e+01
-5.200209400562888495e-01 2.813078332720640035e-02 8.534895701002656043e-01 7.090356655275286357e+01 6.930842416193641609e-03 9.995633469415368122e-01 -2.871783848628148977e-02 -8.880638498709926276e-01 -8.539250877537367668e-01 -9.032335400518721330e-03 -5.199887479229983178e-01 -1.502762411403189446e+01
-5.228078160829265908e-01 2.755609451409972085e-02 8.514749814111324255e-01 7.173957302984017304e+01 7.063790956212104635e-03 9.995824632170853263e-01 -2.800518049733978151e-02 -9.352374743504282550e-01 -8.518918870452062420e-01 -8.654139318040033474e-03 -5.227838896687959647e-01 -1.553058041205679807e+01
-5.264265825586345038e-01 2.025053574811470913e-02 8.498628157352638990e-01 7.257333834117058302e+01 9.173007450470834628e-03 9.997934131687125081e-01 -1.813257338873034558e-02 -9.764395320027726699e-01 -8.500546322911249897e-01 -1.758211616802785905e-03 -5.265035369623121131e-01 -1.606228428361803395e+01
-5.277404396713829549e-01 1.073772689262179371e-02 8.490154141652569431e-01 7.341565610492536109e+01 8.772315164158977358e-03 9.999356479253633800e-01 -7.193292577725193641e-03 -1.016213861717832678e+00 -8.490382360180088739e-01 3.647274120565699180e-03 -5.278005601788765544e-01 -1.660218087958893918e+01
-5.315792887856068960e-01 7.632079963978790835e-03 8.472484155965755992e-01 7.425219011791693902e+01 8.499995293565503277e-03 9.999571346524068760e-01 -3.680607750648311541e-03 -1.046520855364368119e+00 -8.472401748411800826e-01 5.245657091193141504e-03 -5.316212946010833162e-01 -1.711590722229674455e+01
-5.315882397302623685e-01 1.344978811031094686e-02 8.475081651367143420e-01 7.508132681713395584e+01 9.522726522224753479e-03 9.999057130833601814e-01 -9.901519368879282273e-03 -1.075591565997477517e+00 -8.475613878700845039e-01 2.814412620132817570e-03 -5.316662434946993754e-01 -1.763196141922577098e+01
-5.316356476468168113e-01 1.903617183592849413e-02 8.472835400662609429e-01 7.589218428550726969e+01 9.967906593010202043e-03 9.998189760227701450e-01 -1.621336490163334532e-02 -1.108706659363160485e+00 -8.474386473302658596e-01 -1.624750544063910190e-04 -5.317292110778271130e-01 -1.814750879012006379e+01
-5.315274621746283179e-01 2.382355798084137902e-02 8.466655025572948912e-01 7.672251745642685705e+01 1.584334575169117978e-02 9.997092484155447600e-01 -1.817037494912213461e-02 -1.141407299808711251e+00 -8.468523994280016121e-01 3.743823053627381905e-03 -5.317503783124496453e-01 -1.867336980411369041e+01
-5.290080504320170407e-01 2.366112287096074074e-02 8.475970941153753158e-01 7.754669709301109037e+01 1.861531385226636998e-02 9.996942666295784985e-01 -1.627187814216714268e-02 -1.183546495490458428e+00 -8.477231069812315445e-01 7.156449717580540618e-03 -5.292866419177764126e-01 -1.919437478860119128e+01
-5.289983368802784192e-01 2.085105630980456717e-02 8.484050763425686759e-01 7.837544567348396640e+01 1.810078097510271766e-02 9.997478794515743949e-01 -1.329411519554868359e-02 -1.216637076606465584e+00 -8.484684309458786489e-01 8.325699650067637514e-03 -5.292423819076912395e-01 -1.970835179534994097e+01
-5.300602759679944320e-01 1.473647686079812037e-02 8.477366629362098616e-01 7.920282272331382956e+01 1.564056365081589739e-02 9.998487974779884935e-01 -7.598300986626557035e-03 -1.247943149002288754e+00 -8.477204374041373836e-01 9.230986223795544648e-03 -5.302107631977688307e-01 -2.020741556032937325e+01
-5.276418171914134536e-01 8.619600298420716789e-03 8.492058659022745370e-01 8.002095616468663763e+01 1.406699821307258978e-02 9.999000456805144932e-01 -1.405311764908230955e-03 -1.262791251261548675e+00 -8.491332622503534600e-01 1.120576712799621795e-02 -5.277102772676348641e-01 -2.072018052468039429e+01
-5.291939344850014049e-01 2.622321703614591878e-03 8.485442998347099142e-01 8.083709706657107574e+01 4.719106171973594908e-03 9.999889293217344433e-01 -1.477044269353227008e-04 -1.293557178605227787e+00 -8.485351812693990858e-01 3.933499898075759615e-03 -5.292003941592429150e-01 -2.120318076226153536e+01
-5.265091116037866614e-01 -1.947230717981078118e-03 8.497900869252247302e-01 8.166186905973152932e+01 -2.372232224230030970e-03 9.999968728690289410e-01 8.122385010787574371e-04 -1.301907282948230327e+00 -8.497891365896979021e-01 -1.598094493305813940e-03 -5.265120532574297796e-01 -2.168304114822025142e+01
-5.250715758283985846e-01 -1.915210310149649325e-03 8.513808986584209260e-01 8.248970977481677380e+01 -5.726368149055585709e-04 9.999980395360896779e-01 1.895687724240092877e-03 -1.325484993609328477e+00 -8.513828972807040429e-01 5.006388299309774302e-04 -5.250715533340032382e-01 -2.219569209514794750e+01
-5.225562001868687689e-01 7.424112467357991138e-04 8.525207516177217837e-01 8.330158928306225619e+01 4.044802864422453008e-03 9.999904802150195726e-01 1.613042373864525137e-03 -1.345524124877914396e+00 -8.525115443932957948e-01 4.297814371055379626e-03 -5.225542212627393157e-01 -2.268088231332322380e+01
-5.158764246849585344e-01 4.827628461984708776e-03 8.564317125770055661e-01 8.412704990714600228e+01 6.603699326107046949e-03 9.999768134289916954e-01 -1.656486975843486295e-03 -1.361883457241624074e+00 -8.564198600760565272e-01 4.806712507630869942e-03 -5.158963672901757391e-01 -2.318796233432586007e+01
-5.077853191830727919e-01 6.363713038620390748e-03 8.614461264753727754e-01 8.494480458483420193e+01 1.018504596042954166e-02 9.999471516669671267e-01 -1.382705014832774464e-03 -1.381431095654295449e+00 -8.614094522465496340e-01 8.073237328125192416e-03 -5.078233105264967628e-01 -2.366878019256234467e+01
-5.010526964041800424e-01 8.785699589260976064e-03 8.655803342589707405e-01 8.575606124108666961e+01 1.811360372773304292e-02 9.998359143390967985e-01 3.326695925458703442e-04 -1.403053404438338481e+00 -8.654354397105468166e-01 1.584401989217267340e-02 -5.011296143811446724e-01 -2.414084060891364558e+01
-4.906429277589128279e-01 7.974641579766740887e-03 8.716309779058596385e-01 8.658284425487320846e+01 1.661339431695635707e-02 9.998620744422206386e-01 1.985159294589200864e-04 -1.426861099040304337e+00 -8.715091462794990473e-01 1.457658662999039914e-02 -4.907077321554145777e-01 -2.460181237655849529e+01
-4.803032057764146101e-01 4.761093707083007692e-03 8.771625036569145051e-01 8.742469904005163528e+01 1.201770752293033345e-02 9.999271170710642975e-01 1.152771972031491673e-03 -1.437008864406289277e+00 -8.770930998577349813e-01 1.109607823314430301e-02 -4.803254961106287468e-01 -2.502597644197412663e+01
-4.671372556934909048e-01 1.616949297631928555e-03 8.843607736740094483e-01 8.826905914679537091e+01 1.351314686886414922e-02 9.998946484345775376e-01 5.305990603162596270e-03 -1.455060275698850658e+00 -8.842590986449545554e-01 1.442471962063058936e-02 -4.671099396713998542e-01 -2.547597914953470166e+01
-4.554225060019516658e-01 -1.563935978754137058e-04 8.901749613588625376e-01 8.910685883408521590e+01 1.101885822015580794e-02 9.999224355523184116e-01 5.811815272566592250e-03 -1.478993761187668232e+00 -8.901068513797503190e-01 1.245541310221291720e-02 -4.553854423791934836e-01 -2.589882711876428445e+01
-4.454797840230015904e-01 -9.271579290954661033e-04 8.953646246989159785e-01 8.995056658213050582e+01 1.288962673529219297e-02 9.998892408344648430e-01 7.449792609260584911e-03 -1.473909703157078255e+00 -8.952722975302407349e-01 1.486051744753986645e-02 -4.454183405261392670e-01 -2.630062240832596032e+01
-4.323672469638535909e-01 5.358264789740440097e-04 9.019182479761603810e-01 9.081095488719027742e+01 1.603497205141436038e-02 9.998463717979699794e-01 7.088826085420712499e-03 -1.495547795012645897e+00 -9.017759819122681542e-01 1.752482607289217523e-02 -4.323094101448616278e-01 -2.671235932597761931e+01
