1.0 0.0 0.0 0.0 0.0 1.0 0.0 0.0 0.0 0.0 1.0 0.0
0.9999143 0.01308915 -0.00022799268 -0.025878906 -0.013088528 0.99991107 0.0025430059 -0.05444336 0.00026125417 -0.0025398035 0.9999967 -0.020141602
0.99933726 0.03639342 0.00011335004 0.25732422 -0.036393583 0.99932975 0.0038720323 -0.03137207 2.7686132e-05 -0.003873592 0.9999925 -0.011474609
0.99804986 0.062401477 0.0014893593 0.39611816 -0.062410194 0.9980274 0.006783372 -0.039916992 -0.0010631259 -0.006863104 0.99997586 0.0034179688
0.99517304 0.09808625 0.0033916256 0.5814209 -0.098104656 0.9951603 0.005767243 -0.0892334 -0.0028096465 -0.0060720937 0.99997765 -0.0017089844
0.99107397 0.13314152 0.0072957836 0.7772217 -0.13316399 0.9910942 0.00268467 -0.14904785 -0.006873468 -0.0036321129 0.9999698 -0.0045166016
0.98478556 0.1736101 0.008007139 0.9881592 -0.17361368 0.98481745 -0.00025096748 -0.2199707 -0.007929075 -0.0011429724 0.99996793 0.0021972656
0.975855 0.21825616 0.009500085 1.182373 -0.21825813 0.9759004 -0.00084026123 -0.2989502 -0.009454533 -0.0012526227 0.9999545 -0.0076904297
0.9644459 0.26399362 0.012782321 1.3984375 -0.2640078 0.96452653 -0.00059490337 -0.40161133 -0.0124857575 -0.0028007845 0.9999181 -0.0072021484
0.9496331 0.31285232 0.019473154 1.6452637 -0.31284636 0.94982845 -0.0034290135 -0.50756836 -0.019568803 -0.0028327561 0.99980456 -0.01586914
0.93263555 0.35998264 0.02471171 1.8701172 -0.3597601 0.9329569 -0.0130813345 -0.6359863 -0.027764402 0.0033116098 0.9996091 -0.010986328
0.9115186 0.41022938 0.028916724 2.1032715 -0.409805 0.9119569 -0.019606005 -0.77038574 -0.034414053 0.006025877 0.99938995 -0.008911133
0.8867572 0.46113762 0.031617984 2.3500977 -0.4607254 0.8873159 -0.019709017 -0.9465332 -0.0371449 0.002909218 0.99930567 -0.015136719
0.8579446 0.51251525 0.036086265 2.5726318 -0.5120111 0.85870254 -0.022749387 -1.1207275 -0.042646214 0.0010423511 0.99908966 -0.033325195
0.8262426 0.56185055 0.03795948 2.8450928 -0.561165 0.827112 -0.027805846 -1.3231201 -0.047024366 0.0016717119 0.9988928 -0.040405273
0.7901291 0.6117634 0.0387582 3.0509033 -0.61085135 0.79107416 -0.033508852 -1.5550537 -0.051158942 0.0028027296 0.9986866 -0.045166016
0.7522446 0.657863 0.037870694 3.281128 -0.656761 0.75318676 -0.038258716 -1.8005371 -0.053693168 0.0039143264 0.9985502 -0.06347656
0.7122006 0.7010391 0.03618457 3.529541 -0.69982535 0.7131071 -0.041449416 -2.0777588 -0.05485847 0.0041940697 0.998485 -0.08190918
0.67104477 0.7406273 0.0369446 3.72937 -0.7393115 0.6720567 -0.04418949 -2.364746 -0.057550374 0.002348112 0.9983401 -0.107543945
0.62860346 0.7768022 0.039190184 3.9630127 -0.77551967 0.62981987 -0.044687845 -2.6929932 -0.05938391 -0.0022974163 0.99823236 -0.12939453
0.5871842 0.8085362 0.041043244 4.1864014 -0.807276 0.5885822 -0.045567833 -3.031128 -0.060996365 -0.0063686427 0.99811786 -0.15161133
0.5469395 0.8362101 0.04089404 4.3986816 -0.83493394 0.5484014 -0.0469484 -3.4050293 -0.06168051 -0.0084721185 0.99805945 -0.17785645
0.50699663 0.8609542 0.04060358 4.6414795 -0.85957766 0.508527 -0.04963831 -3.8183594 -0.06337954 -0.009738231 0.9979417 -0.20153809
0.47042596 0.8813252 0.041640166 4.8476562 -0.8800216 0.47207844 -0.04972964 -4.2382812 -0.06348923 -0.013241548 0.9978952 -0.22790527
0.4336899 0.9000137 0.040842894 5.036255 -0.89874244 0.4353506 -0.050108287 -4.6988525 -0.06289302 -0.014974024 0.99790853 -0.256958
0.40158853 0.91513 0.03711908 5.246338 -0.91396683 0.4030397 -0.048341442 -5.1937256 -0.05920469 -0.014520649 0.9981402 -0.2854004
0.37130806 0.92798567 0.03304691 5.430542 -0.9268915 0.37254167 -0.04693492 -5.7022705 -0.055873137 -0.013201193 0.998351 -0.3199463
0.3457714 0.93788385 0.029330917 5.6204834 -0.93682593 0.34682083 -0.04600863 -6.2476807 -0.053320784 -0.011578217 0.99850994 -0.35473633
0.3247496 0.94540733 0.027363792 5.80896 -0.94442195 0.32570264 -0.044623587 -6.8389893 -0.05109847 -0.011350007 0.99862915 -0.38879395
0.3106761 0.95010984 0.026260167 6.001343 -0.94909203 0.31159487 -0.04528633 -7.4228516 -0.051212873 -0.010853089 0.9986289 -0.4263916
0.2976176 0.95446175 0.024245039 6.199951 -0.953336 0.29846653 -0.04721862 -8.043579 -0.052297555 -0.009067559 0.99859005 -0.45178223
0.28716025 0.95736843 0.0265175 6.3935547 -0.9561837 0.28815973 -0.048945837 -8.694702 -0.054510336 -0.01128937 0.99845 -0.4906006
0.27665305 0.96045345 0.027933104 6.5858154 -0.9591962 0.27776656 -0.050766114 -9.376831 -0.056520164 -0.01273677 0.9983206 -0.5317383
0.26609364 0.9634641 0.028583433 6.785034 -0.9621135 0.26728585 -0.05276382 -10.078369 -0.058461282 -0.013457585 0.99819845 -0.5678711
0.2561085 0.96615016 0.029382521 6.9803467 -0.96473354 0.25738248 -0.05426144 -10.806152 -0.059996672 -0.014440011 0.9980947 -0.60388184
0.24661526 0.96879995 0.029981589 7.175049 -0.9673038 0.24796624 -0.05591684 -11.552856 -0.06159743 -0.015227771 0.9979842 -0.65063477
0.23531048 0.9714319 0.030253582 7.364258 -0.9698547 0.23672128 -0.057541452 -12.319702 -0.0630601 -0.015816577 0.9978838 -0.6933594
0.22438997 0.97393864 0.031479795 7.5439453 -0.97220796 0.22594607 -0.060487814 -13.102295 -0.06602776 -0.017031303 0.9976724 -0.7392578
0.2133295 0.97640294 0.033110924 7.7211914 -0.97446144 0.21508506 -0.0642948 -13.894287 -0.06988727 -0.01853903 0.99738234 -0.7904053
0.20052192 0.9791459 0.03395143 7.8878174 -0.97698796 0.20243333 -0.067835495 -14.696045 -0.07330189 -0.019587591 0.99711716 -0.8326416
0.18696463 0.98178554 0.03550537 8.04895 -0.97953415 0.1890649 -0.06990737 -15.50769 -0.075334 -0.021716181 0.99692094 -0.8856201
0.17402002 0.98409784 0.034937963 8.188843 -0.98175216 0.17613845 -0.07136309 -16.316772 -0.07636599 -0.021874126 0.9968392 -0.9321289
0.1599245 0.98653245 0.034613967 8.324219 -0.98430455 0.16202319 -0.070074275 -17.135742 -0.074756734 -0.022887642 0.99693924 -0.98620605
0.14311916 0.9891124 0.034338813 8.455811 -0.9869598 0.14522032 -0.069491416 -17.95227 -0.07370356 -0.023942497 0.9969919 -1.0340576
0.12248941 0.9918802 0.035524353 8.559937 -0.9899662 0.12466196 -0.06721513 -18.791504 -0.071091086 -0.026958777 0.99710447 -1.086792
0.09819812 0.99441355 0.03906507 8.645874 -0.9926973 0.10064709 -0.0666783 -19.621094 -0.07026953 -0.032221057 0.99700946 -1.1334229
0.06652016 0.99691844 0.041163035 8.713623 -0.99540424 0.06914364 -0.065986276 -20.472534 -0.06864019 -0.036586937 0.99697083 -1.1848145
0.031827103 0.9986047 0.04226977 8.74939 -0.9971452 0.034624517 -0.06716551 -21.323853 -0.06855216 -0.040030774 0.9968446 -1.2357178
-0.00060151686 0.9991355 0.041572034 8.738037 -0.9978051 0.0021548253 -0.06618414 -22.177124 -0.06621219 -0.04155279 0.99693936 -1.2792969
-0.036182165 0.99852836 0.04050464 8.714355 -0.9973129 -0.033492807 -0.06524693 -23.04773 -0.06376944 -0.042723663 0.99704874 -1.3259277
-0.06872019 0.99678904 0.040672757 8.664673 -0.9957476 -0.06603884 -0.06395506 -23.898804 -0.061068166 -0.04489683 0.9971234 -1.3599854
-0.09960627 0.99407965 0.04266467 8.584839 -0.9933904 -0.096918575 -0.06096992 -24.757568 -0.05647696 -0.04849756 0.9972253 -1.407959
-0.13414048 0.9902581 0.038110252 8.4696045 -0.9896429 -0.1318537 -0.05728259 -25.623901 -0.051676862 -0.045367166 0.9976319 -1.434082
-0.16311322 0.98596644 0.033032857 8.327393 -0.9854419 -0.16127823 -0.052157942 -26.462402 -0.04609789 -0.04108586 0.9980914 -1.4696045
-0.19450676 0.9805725 0.025842909 8.158447 -0.9801113 -0.19321623 -0.045514926 -27.322144 -0.039650235 -0.034175295 0.99862957 -1.4918213
-0.22206403 0.97485876 0.020200454 7.9449463 -0.97442883 -0.2211207 -0.040799104 -28.158691 -0.03529938 -0.028737854 0.9989635 -1.5157471
-0.24897064 0.9684396 0.012684727 7.735718 -0.968052 -0.24842001 -0.034424834 -28.990479 -0.03018583 -0.02085207 0.99932677 -1.5343018
-0.2777734 0.9607009 0.008482849 7.4923096 -0.9605055 -0.27750102 -0.02446971 -29.81189 -0.021147363 -0.014930163 0.99966496 -1.5444336
-0.2985393 0.954215 0.009239193 7.2373047 -0.954241 -0.2984587 -0.009157978 -30.614746 -0.005979797 -0.011556322 0.99991536 -1.5432129
-0.32482994 0.9457464 0.012990758 6.968384 -0.94576013 -0.32494688 0.008174304 -31.412598 0.011948701 -0.009629516 0.9998823 -1.536499
-0.3498205 0.9366982 0.019501 6.6793213 -0.9364731 -0.35021386 0.022941727 -32.212036 0.028309692 -0.010231039 0.9995467 -1.5250244
-0.37176934 0.92793673 0.021001583 6.3585205 -0.92738676 -0.3722904 0.032760426 -32.998657 0.03821958 -0.007289294 0.9992426 -1.4925537
-0.39687303 0.91747326 0.019617558 6.0255127 -0.9167165 -0.39734507 0.037377708 -33.7677 0.04210721 -0.003133595 0.99910814 -1.4523926
-0.4199774 0.90724397 0.017809967 5.668701 -0.90652484 -0.4203535 0.03612499 -34.5531 0.040260848 -0.00096476224 0.99918854 -1.4056396
-0.440544 0.8973444 0.011919558 5.289673 -0.8967771 -0.44069168 0.03208449 -35.31726 0.03406253 0.0034552896 0.9994138 -1.3641357
-0.45986846 0.88778925 0.0043477938 4.9050293 -0.8873302 -0.45977902 0.03026757 -36.08728 0.028878262 0.010061414 0.9995323 -1.3275146
-0.47267473 0.8815949 0.0007389635 4.4952393 -0.8811852 -0.47248054 0.030107837 -36.816162 0.026881043 0.013557438 0.99954665 -1.2840576
-0.48315522 0.8755052 -0.00013208948 4.0803223 -0.8750222 -0.48288342 0.033303004 -37.54663 0.029070612 0.016191887 0.9994458 -1.2468262
-0.49260786 0.86979187 1.6957521e-05 3.694336 -0.86924374 -0.49229774 0.03547585 -38.243652 0.030872867 0.01748581 0.99937016 -1.2025146
-0.5015363 0.8648392 0.007817377 3.2902832 -0.8641733 -0.5014727 0.03572712 -38.95459 0.03480939 0.011168458 0.99933124 -1.1630859
-0.5133458 0.8587441 0.008445228 2.8712158 -0.8581312 -0.5133144 0.03399428 -39.656372 0.03352175 0.0101885665 0.9993865 -1.135376
-0.5214334 0.85326874 0.0075870156 2.4541016 -0.8526163 -0.52134997 0.035463847 -40.37744 0.03421499 0.012015129 0.99934226 -1.0969238
-0.52816796 0.84931964 0.0047776005 2.0072021 -0.84864354 -0.52795786 0.03731661 -41.079956 0.03422518 0.01564533 0.999292 -1.0527344
-0.5335224 0.8463649 0.0055065057 1.5722656 -0.8455318 -0.5332667 0.04138375 -41.790527 0.037942838 0.017395848 0.9991286 -1.0236816
-0.5310871 0.8469879 0.0074348506 1.105835 -0.8460673 -0.5308848 0.042755313 -42.532227 0.04017033 0.016440459 0.9990574 -0.98876953
-0.5269452 0.84990174 0.0048776586 0.64697266 -0.84899086 -0.52663076 0.043622863 -43.26831 0.039641418 0.01883778 0.9990363 -0.94836426
-0.5216188 0.85276496 0.005855364 0.19458008 -0.85191834 -0.521385 0.04149621 -44.0282 0.038423963 0.016662871 0.9991217 -0.9107666
-0.5135316 0.85810655 0.007397453 -0.2788086 -0.85725945 -0.51337636 0.04083535 -44.799072 0.038828097 0.014627706 0.9991386 -0.8720703
-0.506877 0.86196417 0.008256303 -0.7553711 -0.8611157 -0.50676554 0.040534075 -45.613525 0.03909989 0.013444186 0.9991442 -0.8352051
-0.49916404 0.8658623 0.010744289 -1.1987305 -0.8650251 -0.49917048 0.039461855 -46.409668 0.03954257 0.010436714 0.99916285 -0.7918701
-0.49488908 0.86904776 0.013413758 -1.682373 -0.8682579 -0.4950209 0.037713766 -47.26953 0.03939189 0.007004485 0.99919903 -0.75598145
-0.4937473 0.8695283 0.017424537 -2.128662 -0.8688656 -0.49405253 0.03398018 -48.095093 0.038177945 0.0016313596 0.99927014 -0.71398926
-0.49471834 0.8691085 0.019717854 -2.6088867 -0.86850536 -0.49510968 0.03239833 -48.971436 0.037896086 -0.0011036978 0.99928087 -0.6619873
-0.49366704 0.8692893 0.020774793 -3.0933838 -0.8687449 -0.49409634 0.030884616 -49.843506 0.0371316 -0.0027981102 0.9993066 -0.61901855
-0.49366045 0.8693326 0.020348165 -3.5845947 -0.8688135 -0.494072 0.030162103 -50.733765 0.03628798 -0.002783293 0.99933755 -0.57336426
-0.49225524 0.86974126 0.019972423 -4.087158 -0.86925024 -0.4926516 0.029357897 -51.634644 0.0353994 -0.0028959378 0.9993689 -0.5288086
-0.4922495 0.8697118 0.019310668 -4.6115723 -0.8692476 -0.49262035 0.028546553 -52.548462 0.034350388 -0.0027273754 0.9994058 -0.48364258
-0.49363708 0.86951274 0.019730786 -5.1051025 -0.8690676 -0.49402016 0.028012393 -53.463623 0.03410644 -0.0033142057 0.99941283 -0.43603516
-0.49221575 0.87013024 0.020742752 -5.630371 -0.8697397 -0.49262762 0.026540592 -54.396973 0.033321675 -0.0049798945 0.9994325 -0.39416504
-0.49462378 0.86923236 0.02140782 -6.114624 -0.8688602 -0.49505404 0.026066583 -55.29602 0.033239223 -0.005707914 0.9994313 -0.34838867
-0.49078858 0.8711141 0.02210991 -6.647583 -0.8708076 -0.49123144 0.024250703 -56.2312 0.031982824 -0.007351811 0.9994615 -0.2984619
-0.48938653 0.8717666 0.02197 -7.1499023 -0.8714803 -0.48982036 0.023597479 -57.141357 0.031323213 -0.0075893635 0.99948037 -0.25598145
-0.48937503 0.8724109 0.020074517 -7.626587 -0.8721902 -0.48973286 0.020939702 -58.06848 0.028085306 -0.00727248 0.9995794 -0.20300293
-0.48416936 0.8744018 0.018302908 -8.137573 -0.87419826 -0.48447323 0.01990588 -58.996338 0.02627912 -0.00635124 0.9996344 -0.16516113
-0.48276833 0.87537193 0.017930683 -8.63623 -0.87519103 -0.48305663 0.01895753 -59.910767 0.02525181 -0.0065342966 0.9996596 -0.12023926
-0.4803654 0.8763284 0.017193392 -9.143921 -0.87613374 -0.480638 0.019338805 -60.832153 0.025219783 -0.0057575274 0.999665 -0.08483887
-0.478971 0.8773248 0.017674772 -9.618286 -0.87712234 -0.47925898 0.019786509 -61.7312 0.025832057 -0.00602026 0.999648 -0.040283203
-0.48176265 0.8762242 0.01913299 -10.103638 -0.87600356 -0.48209575 0.020789191 -62.64331 0.02746011 -0.006756511 0.99960047 0.011352539
-0.4841711 0.8752548 0.021247022 -10.606689 -0.8750172 -0.48457155 0.02191026 -63.532104 0.029462093 -0.008002901 0.99953425 0.05432129
-0.4869683 0.872937 0.023474906 -11.122559 -0.87265724 -0.48745266 0.023813602 -64.43567 0.032234617 -0.008876638 0.9994406 0.09899902
-0.49215552 0.8698045 0.024269106 -11.602783 -0.8696163 -0.49263626 0.021038704 -65.33423 0.030274162 -0.01075062 0.9994838 0.14501953
-0.49597543 0.8678127 0.018454652 -12.128662 -0.86764127 -0.4962719 0.018540373 -66.2334 0.025260925 -0.006811472 0.99965763 0.19714355
-0.5025757 0.8639071 0.020840116 -12.597412 -0.8638123 -0.50291044 0.016160144 -67.102295 0.024452286 -0.009875011 0.9996521 0.23095703
-0.50780886 0.8615967 0.020701243 -13.099731 -0.8614458 -0.50815886 0.018263306 -67.97632 0.026249554 -0.00856862 0.9996189 0.27893066
-0.5116476 0.8590107 0.022211181 -13.623291 -0.8588005 -0.5120598 0.020787338 -68.85596 0.029218625 -0.008434852 0.99953735 0.31835938
-0.5158419 0.85602814 0.024074394 -14.11438 -0.8558487 -0.5163038 0.020254962 -69.73096 0.029791694 -0.010160109 0.9995046 0.35656738
-0.519679 0.8537715 0.025807135 -14.640381 -0.8535725 -0.52020496 0.0214101 -70.60217 0.031705827 -0.010892479 0.99943763 0.40490723
-0.52248114 0.8517422 0.025429806 -15.143677 -0.8515561 -0.5229881 0.020800449 -71.438354 0.031027917 -0.010767652 0.99946 0.44885254
-0.5263098 0.84997445 0.018532043 -15.675903 -0.84991187 -0.5265646 0.013466044 -72.27258 0.02119835 -0.008659608 0.9997377 0.4901123
-0.5277131 0.8489992 0.0131108835 -16.217041 -0.8490381 -0.5277985 0.003946067 -73.115234 0.010275042 -0.009045315 0.99990624 0.53027344
-0.5315669 0.8472122 0.011517411 -16.730957 -0.8472633 -0.5316099 0.0008008778 -73.951904 0.0068011535 -0.009330578 0.99993336 0.5583496
-0.5315556 0.84752035 0.013961613 -17.248169 -0.8475354 -0.5316739 0.006615971 -74.779785 0.0130215585 -0.008321159 0.99988073 0.58203125
-0.5315581 0.8473764 0.016947266 -17.76477 -0.8473254 -0.53176993 0.012195652 -75.5896 0.01933557 -0.0078865085 0.99978215 0.6098633
-0.5315917 0.8468599 0.013045089 -18.292236 -0.8466919 -0.5317477 0.016987141 -76.41907 0.021308163 -0.0020100786 0.9997708 0.6386719
-0.5291626 0.84777623 0.009623593 -18.815552 -0.847609 -0.5292494 0.016857047 -77.24231 0.019391531 0.0007796688 0.9998116 0.67822266
-0.52914536 0.8485276 0.008455372 -19.330933 -0.8484112 -0.5292129 0.014054099 -78.07031 0.016406497 0.00026549492 0.9998654 0.7089844
-0.53015673 0.8477709 0.007539815 -19.831055 -0.8477368 -0.53020567 0.007927857 -78.897705 0.010718578 -0.0021883876 0.99994016 0.73876953
-0.5277095 0.8491895 0.0055495016 -20.346191 -0.84919566 -0.52772546 0.0018434427 -79.714966 0.004495197 -0.0037404376 0.9999829 0.7524414
-0.5291606 0.84847224 0.012815056 -20.829468 -0.848563 -0.52915394 -0.0041834023 -80.53113 0.0032352605 -0.013093809 0.99990916 0.78015137
-0.5264429 0.84963584 0.018330136 -21.31128 -0.84983045 -0.52637535 -0.008732506 -81.35498 0.0022343434 -0.020168783 0.99979395 0.7852783
-0.52502304 0.85125816 0.016235266 -21.825928 -0.8514122 -0.5249527 -0.008674997 -82.18152 0.0011322722 -0.018366266 0.99983066 0.8059082
-0.5225285 0.85244733 0.012436269 -22.313599 -0.8525369 -0.5224961 -0.005983335 -82.992065 0.00139823 -0.013737113 0.9999047 0.82250977
-0.515853 0.8563764 0.011923225 -22.82434 -0.85644716 -0.5158702 -0.0018183105 -83.81506 0.004597769 -0.011156075 0.9999272 0.83447266
-0.5078032 0.8614157 0.008647662 -23.309448 -0.8614487 -0.50782084 -0.00017882418 -84.63025 0.004237989 -0.0075417734 0.99996257 0.850708
-0.50117135 0.8655558 0.0008707705 -23.785645 -0.8655528 -0.50117195 0.002338277 -85.43921 0.002460537 0.00041763406 0.9999969 0.86950684
-0.4907408 0.8716098 0.002118045 -24.251343 -0.8716089 -0.49074426 0.0016479255 -86.263306 0.0024757027 -0.0010383313 0.9999965 0.88964844
-0.48034263 0.8771362 0.0055702124 -24.680176 -0.8771528 -0.4803424 -0.0014527997 -87.10278 0.0014012608 -0.0055849697 0.99998343 0.89611816
-0.4671762 0.884339 0.0022080739 -25.13623 -0.884337 -0.46716407 -0.004438051 -87.944214 -0.002892709 -0.0040223124 0.9999877 0.91174316
-0.4554427 0.890155 0.0041451044 -25.564209 -0.8901577 -0.45541576 -0.0060828784 -88.77954 -0.0035259274 -0.0064590573 0.99997294 0.93188477
-0.44550225 0.8953522 0.0017156962 -25.97107 -0.8953384 -0.44548255 -0.0067354823 -89.62073 -0.0052668434 -0.00453873 0.9999759 0.9232178
-0.43240884 0.901898 -0.0009784141 -26.388794 -0.90188444 -0.43240792 -0.0051196027 -90.47815 -0.0050378796 -0.0013307784 0.99998647 0.94055176
-0.41976014 0.9076431 0.001160766 -26.779053 -0.90764374 -0.41976005 -0.00034864503 -91.31616 0.00017112051 -0.0011996628 0.9999993 0.9494629
-0.40953234 0.9124606 0.0017914114 -27.159302 -0.91242003 -0.40953135 0.008842227 -92.15613 0.008797089 0.0019828212 0.99995935 0.9581299
-0.3953129 0.9184485 0.005317352 -27.521973 -0.91836447 -0.39534867 0.012434307 -93.00586 0.013525073 3.413693e-05 0.9999085 0.9802246
-0.38580438 0.9226118 0.004687338 -27.863403 -0.9225514 -0.3858327 0.010569514 -93.86401 0.011560647 -0.00025081518 0.99993324 0.9921875
-0.37260774 0.92815334 0.004091777 -28.213623 -0.9281362 -0.37262666 0.005893046 -94.73328 0.0069901277 -0.0016057878 0.99997437 1.0214844
-0.3628962 0.9318752 0.0057579055 -28.531128 -0.9318513 -0.3629316 0.0072278096 -95.59241 0.008827964 -0.0027428824 0.9999573 1.045044
-0.356206 0.93414986 0.013605433 -28.848267 -0.9341456 -0.35634527 0.009680703 -96.45886 0.013899451 -0.009262672 0.9998605 1.0679932
-0.3497914 0.9366568 0.022073423 -29.158081 -0.9366194 -0.35017684 0.016956693 -97.33362 0.02359521 -0.01473964 0.99961287 1.0826416
-0.34517673 0.9379722 0.026030187 -29.472778 -0.93797094 -0.34568158 0.018202372 -98.21741 0.026091572 -0.018133296 0.99949515 1.1164551
-0.34312928 0.93884903 0.02865689 -29.76184 -0.93889946 -0.3437036 0.01821241 -99.098755 0.026948214 -0.020652756 0.9994235 1.1550293
-0.33785385 0.9406718 0.03106587 -30.07788 -0.9408347 -0.3384447 0.016110087 -99.980835 0.025684187 -0.02379818 0.9993872 1.1960449
-0.3328458 0.9424093 0.03159493 -30.374023 -0.94265485 -0.33338043 0.013364549 -100.85498 0.0231217 -0.025334094 0.9994116 1.2124023
-0.32621953 0.9449243 0.028904269 -30.689087 -0.9451536 -0.3266419 0.01122586 -101.74573 0.020038733 -0.023655316 0.99951935 1.2347412
-0.32126173 0.94657403 0.029600099 -30.977417 -0.9469206 -0.32155415 0.005589314 -102.634155 0.014797597 -0.026225537 0.9995464 1.2838135
-0.313068 0.94891685 0.033859152 -31.26062 -0.949355 -0.31348094 0.0075144647 -103.50708 0.017767165 -0.029801592 0.999398 1.2988281
-0.30663916 0.9507222 0.04534796 -31.526978 -0.9516174 -0.30717298 0.0051430743 -104.38672 0.018822264 -0.041592605 0.99895775 1.3339844
-0.30156407 0.95269835 0.043214582 -31.789917 -0.9534238 -0.30221957 0.009396585 -105.24121 0.02198479 -0.0383579 0.99902225 1.3642578
-0.2933422 0.95500606 0.04144545 -32.061035 -0.9555742 -0.2941059 0.013562633 -106.10254 0.02516514 -0.03562562 0.9990482 1.3985596
-0.2877395 0.9568117 0.04195978 -32.309814 -0.9574624 -0.2884202 0.0110583445 -106.98987 0.022675056 -0.036982253 0.9990583 1.4306641
-0.27902544 0.9592518 0.042781472 -32.566406 -0.9600309 -0.27954563 0.00657737 -107.81506 0.018265488 -0.03922474 0.9990631 1.463623
-0.2725524 0.96115184 0.04195448 -32.819336 -0.9619542 -0.2729285 0.0033986066 -108.740845 0.014721022 -0.039423298 0.99911386 1.4971924
-0.26604605 0.9628799 0.04525497 -33.039185 -0.96377647 -0.26657876 0.006060175 -109.58472 0.017905632 -0.04199975 0.99895704 1.5224609
-0.25950396 0.9647052 0.04503115 -33.27527 -0.9655413 -0.2601457 0.0089268945 -110.46973 0.020323096 -0.04114964 0.99894595 1.545166
-0.25146434 0.96664834 0.046384998 -33.499634 -0.96752197 -0.25217688 0.010111636 -111.33496 0.021470867 -0.042332362 0.9988726 1.5667725
-0.24502373 0.96841246 0.047049496 -33.705322 -0.9693322 -0.24571837 0.009517365 -112.21179 0.020762853 -0.043281056 0.9988474 1.5970459
-0.23850071 0.9702478 0.04172031 -33.92444 -0.9709379 -0.23911582 0.010362451 -113.08118 0.02003062 -0.038038787 0.9990755 1.6118164
-0.22914219 0.9727086 0.037770633 -34.140137 -0.97325087 -0.22969258 0.010893975 -113.97339 0.019258419 -0.034267053 0.99922734 1.6486816
-0.22184278 0.97424775 0.037259795 -34.344727 -0.9747696 -0.22239338 0.011285668 -114.87097 0.019303346 -0.0338249 0.99924135 1.6779785
-0.21334638 0.9758609 0.043883342 -34.54138 -0.97667354 -0.21393989 0.009232081 -115.76001 0.018421687 -0.040878616 0.99899364 1.706665
-0.20704745 0.9771083 0.047949746 -34.715088 -0.97812337 -0.20765361 0.00795416 -116.66333 0.017748917 -0.045241214 0.99881774 1.7418213
-0.20417845 0.97797024 0.04537648 -34.898926 -0.9788936 -0.20468436 0.0067563294 -117.55554 0.01588365 -0.043042094 0.9989472 1.7746582
-0.1991123 0.97895396 0.04350895 -35.07141 -0.9797989 -0.19959007 0.006887027 -118.44385 0.015426359 -0.041261863 0.9990292 1.7982178
-0.19339444 0.98022956 0.0428189 -35.276 -0.9810291 -0.1939082 0.008155312 -119.345215 0.016288763 -0.04043081 0.9990497 1.8311768
-0.18766664 0.9815275 0.036718167 -35.45752 -0.9821237 -0.18802501 0.0065344553 -120.22485 0.013315356 -0.03483307 0.9993044 1.8453369
-0.18192506 0.98283803 0.028155785 -35.64441 -0.98318374 -0.18214992 0.0056074453 -121.109375 0.010648777 -0.026660353 0.9995877 1.8643799
-0.17776945 0.98377204 0.024872169 -35.798096 -0.98405045 -0.17792225 0.0040546916 -122.004395 0.008412238 -0.023750512 0.9996825 1.887085
-0.17559196 0.984247 0.02592105 -35.956787 -0.98453325 -0.17579964 0.0059539694 -122.89368 0.010408641 -0.024478432 0.9996463 1.8974609
-0.16910422 0.9851584 0.028929362 -36.102173 -0.9855002 -0.16939819 0.008007899 -123.7854 0.012798311 -0.02715947 0.9995492 1.9125977
-0.16998638 0.985048 0.030473175 -36.25183 -0.985454 -0.17024945 0.0062466273 -124.67676 0.011326993 -0.028963983 0.99951637 1.9368896
-0.16631557 0.98550946 0.030684117 -36.397705 -0.9859149 -0.16659985 0.0069265696 -125.56604 0.011954873 -0.0291004 0.99950486 1.9553223
-0.16786446 0.9854963 0.028782314 -36.538086 -0.98589545 -0.16798009 0.0016336818 -126.44885 0.0064366753 -0.028099308 0.9995845 1.9716797
-0.165136 0.98584217 0.027830759 -36.686768 -0.98623514 -0.16506301 -0.0049220705 -127.32715 -0.00025112415 -0.028257675 0.99960047 1.9936523
-0.16364828 0.98604536 0.026960947 -36.831177 -0.98641205 -0.16353105 -0.006508321 -128.20251 -0.0020023757 -0.02766762 0.9996152 2.0029297
-0.16358091 0.98609245 0.028095448 -36.971558 -0.98648727 -0.16360937 -0.0013022327 -129.07886 0.0033225599 -0.027932543 0.9996043 2.015625
-0.16289331 0.9861873 0.028989011 -37.109375 -0.9865918 -0.16301383 0.0018264335 -129.94165 0.006527311 -0.028302446 0.99957806 2.0332031
-0.16224815 0.9863571 0.030082913 -37.25659 -0.9867915 -0.16238213 0.0020518834 -130.80115 0.006900532 -0.029346207 0.99954545 2.0405273
-0.16293181 0.9862068 0.030848963 -37.381714 -0.9866729 -0.1630293 0.0006608367 -131.66833 0.0056714346 -0.03032716 0.999524 2.0593262
-0.16073155 0.98650444 0.027498208 -37.5282 -0.9868724 -0.1608218 0.0010791146 -132.51147 0.005495646 -0.026960187 0.9996213 2.085205
-0.16070284 0.9865668 0.026877262 -37.65735 -0.9869068 -0.1608373 0.0028985664 -133.37866 0.007190056 -0.026065307 0.9996344 2.0968018
-0.16011012 0.98642504 0.036336455 -37.782593 -0.98702174 -0.16043569 0.0062133875 -134.23352 0.011956034 -0.03487763 0.9993203 2.1082764
-0.16147362 0.98589116 0.042398635 -37.906982 -0.986696 -0.1619389 0.0077503384 -135.1377 0.014519681 -0.040592365 0.99907035 2.133789
-0.16078986 0.9860423 0.04314345 -38.035156 -0.9868381 -0.16136847 0.010255476 -135.96326 0.017080214 -0.040920876 0.9990162 2.1536865
-0.1601131 0.98633194 0.041185092 -38.178467 -0.9870516 -0.16065216 0.010118311 -136.8158 0.01657963 -0.0390241 0.99910086 2.1866455
-0.15941694 0.9864406 0.039801855 -38.296875 -0.98707414 -0.16000558 0.012051582 -137.62952 0.01824812 -0.037354592 0.99913526 2.2016602
-0.15655388 0.98714674 0.032731622 -38.44287 -0.9875567 -0.15698957 0.011177342 -138.49231 0.016171522 -0.030570187 0.99940175 2.2348633
-0.15437618 0.98774034 0.025333265 -38.57495 -0.98799396 -0.15462206 0.008046923 -139.33911 0.011853656 -0.023782939 0.99964696 2.2561035
-0.15222824 0.9881087 0.02039868 -38.704956 -0.9882952 -0.15233612 0.0038326797 -140.17188 0.006898692 -0.019577399 0.9997846 2.2734375
-0.14875545 0.98880976 0.015735343 -38.83264 -0.98892057 -0.14882004 0.0030184817 -140.9989 0.0053225793 -0.015112925 0.99987173 2.2877197
-0.14380862 0.98944545 0.018247554 -38.949707 -0.98956615 -0.14395796 0.007150238 -141.83008 0.00969902 -0.017030325 0.9998081 2.3162842
-0.13737892 0.990343 0.01661499 -39.059204 -0.9903925 -0.13757324 0.011168862 -142.66077 0.013358138 -0.014926736 0.99979955 2.322754
-0.12755775 0.99171185 0.01370043 -39.173584 -0.99170643 -0.12772894 0.012434262 -143.50623 0.014088956 -0.011998811 0.9998289 2.3355713
-0.11860691 0.9929171 0.013120887 -39.275757 -0.9929609 -0.11871446 0.007747364 -144.35168 0.009244765 -0.012111157 0.99988395 2.3605957
-0.10674786 0.99429953 0.00668866 -39.368042 -0.9943061 -0.10678173 0.004928677 -145.14099 0.005615151 -0.006127106 0.99996555 2.3807373
-0.09221432 0.9957147 0.0024958616 -39.454834 -0.9957037 -0.09222605 0.005086269 -145.99475 0.0052951337 -0.0020152545 0.999984 2.4083252
-0.07841287 0.9969387 0.00016201101 -39.51001 -0.99691564 -0.07841218 0.0067938175 -146.69214 0.0067885825 0.00037099048 0.9999769 2.421997
-0.06612491 0.997828 -0.0029741824 -39.558228 -0.9978164 -0.06610656 0.0058900006 -147.5138 0.005679654 0.0033575334 0.9999783 2.4422607
-0.052551854 0.9985746 -0.012134684 -39.606567 -0.9986157 -0.0524484 0.008702971 -148.26782 0.008060696 0.012570361 0.99988854 2.4440918
-0.03749655 0.99929136 -0.0013135262 -39.635986 -0.99921626 -0.037477493 0.012376737 -149.15454 0.012318918 0.0017741136 0.99992263 2.477295
-0.026079893 0.9996634 0.004441628 -39.63098 -0.9994085 -0.026175024 0.022905793 -149.86511 0.023014097 -0.0038492798 0.9997277 2.4892578
-0.01125908 0.99986714 0.011886369 -39.62683 -0.9994721 -0.011615753 0.03037393 -150.70178 0.030511055 -0.011532128 0.9994677 2.5223389
