1.000000000000000000e+00 4.398956837314658088e-19 2.733407509747682871e-20 -8.673617379884035472e-19 -5.583667658079949532e-19 1.000000000000000000e+00 -6.100159232558060012e-19 0.000000000000000000e+00 4.145284534913582806e-20 -2.210423569125054137e-19 1.000000000000000222e+00 0.000000000000000000e+00
9.999380089986604769e-01 -1.299980164475299542e-03 1.105840075111005037e-02 5.079882468743265878e-02 1.293644987205266579e-03 9.999989950289451812e-01 5.800183122332528860e-04 -8.215650391894854798e-03 -1.105914384086645330e-02 -5.656767056666367607e-04 9.999386857873190371e-01 2.935605743699674641e-01
9.998396329290418771e-01 -3.272062965990920561e-03 1.760687517982786193e-02 5.554538707480669024e-02 3.262845424806709669e-03 9.999945244273029665e-01 5.522219464527141448e-04 -1.197561986460138339e-02 -1.760858598116931545e-02 -4.946848620521869131e-04 9.998448344455084236e-01 5.677157895057749482e-01
9.997945401960307565e-01 -5.234076456192793443e-03 1.958269307819746410e-02 7.554642050034213185e-02 5.241766202882755868e-03 9.999862035768996016e-01 -3.413700711219158851e-04 -1.552244533456591247e-02 -1.958063648891288783e-02 4.439478579234879853e-04 9.998081823850313299e-01 8.936792231450697566e-01
9.998155994937366620e-01 -6.896491181245572623e-03 1.792220551069709580e-02 5.616268315682124146e-02 6.925222267123784872e-03 9.999748321707260246e-01 -1.541528313614005550e-03 -1.740307277120985152e-02 -1.791112362219400914e-02 1.665359348425819817e-03 9.998381960142190827e-01 1.181731586321232541e+00
9.998910592340658487e-01 -9.551051112157035033e-03 1.125376012687170392e-02 5.805926762333984276e-02 9.588941971796612063e-03 9.999485208309948359e-01 -3.317810019125539724e-03 -1.888009900619240511e-02 -1.122149241601047738e-02 3.425360275754077248e-03 9.999311701316346834e-01 1.515575165398052260e+00
9.999480431900226174e-01 -1.017703360913656783e-02 -5.821722497601508704e-04 4.121126362695545081e-02 1.017436068819422071e-02 9.999384552623368227e-01 -4.423579417260163453e-03 -2.553337926024751292e-02 6.271553443958423650e-04 4.417426398892679643e-03 9.999900464606220618e-01 1.837037319127125201e+00
9.998060951874413460e-01 -9.878897643497449102e-03 -1.703465279651058054e-02 1.757167525619082737e-02 9.799230458622118500e-03 9.999406858834005707e-01 -4.753922678018434635e-03 -3.358470027529242286e-02 1.708060620923294165e-02 4.586074414289423827e-03 9.998435981897916269e-01 2.144889716608345154e+00
9.993425990499624767e-01 -6.425496038554668297e-03 -3.568028396898297733e-02 5.622715102572587928e-04 6.251928505670949904e-03 9.999680860082648115e-01 -4.973966671781970134e-03 -4.305499497809811560e-02 3.571110608644630091e-02 4.747626212099859827e-03 9.993508778294666328e-01 2.497706838224099890e+00
9.984614638834805600e-01 -2.909490651797145156e-03 -5.537363883965395334e-02 -6.289015286741708732e-02 2.584270232348407931e-03 9.999789955830024057e-01 -5.943899086682839610e-03 -4.792679876335320666e-02 5.538977042145380725e-02 5.791653740939740024e-03 9.984480107691570128e-01 2.859482541687865531e+00
9.971406788997889681e-01 -2.569733116784660761e-03 -7.552392174077791898e-02 -1.035192240203942071e-01 2.106962286628027720e-03 9.999785197267277992e-01 -6.206512074905174044e-03 -5.302516115377080286e-02 7.553824984848869772e-02 6.029639596755222326e-03 9.971246744810595697e-01 3.204784494915197346e+00
9.953489280674128192e-01 -2.849145927468566333e-03 -9.629326805397496469e-02 -1.517549453172042095e-01 2.305034962863113969e-03 9.999807467748152989e-01 -5.761327118740462022e-03 -5.864180732248601424e-02 9.630783062239338388e-02 5.512571386377442158e-03 9.953363319053886160e-01 3.591008179363356589e+00
9.931994533875677655e-01 -4.402121251155302444e-03 -1.163420247817592013e-01 -2.076055333199926245e-01 3.846903304530866277e-03 9.999801184508703145e-01 -4.996401879925668928e-03 -7.176801511778614640e-02 1.163617084999907791e-01 4.514867034095457025e-03 9.931966417410191816e-01 3.979490353338639430e+00
9.910537974105748660e-01 -3.418648652496644215e-03 -1.334192002361271057e-01 -2.892954285283411142e-01 2.853484776156358250e-03 9.999861296307289704e-01 -4.426981624850441326e-03 -7.657965061916860439e-02 1.334324862642804754e-01 4.006667210362277291e-03 9.910498063768040655e-01 4.381657287704453729e+00
9.887051044769402663e-01 -2.927101088367745074e-03 -1.498454132391825178e-01 -3.691755423543280346e-01 2.374826992910055411e-03 9.999897131253908666e-01 -3.864432230790277624e-03 -8.579972027157403702e-02 1.498551859737654868e-01 3.464926836799933716e-03 9.887018853598436019e-01 4.783592444858302706e+00
9.865965863576208195e-01 -2.117755814282691433e-03 -1.631646107908480969e-01 -4.605524776715816948e-01 1.518506077623376889e-03 9.999916372841900492e-01 -3.797301521410128937e-03 -8.964682477372738767e-02 1.631712908711690779e-01 3.498638149334664955e-03 9.865915517841926663e-01 5.208102564685026081e+00
9.845572502632577994e-01 -3.071882263201218804e-03 -1.750359498112538104e-01 -5.479840186820615910e-01 2.277724015014611584e-03 9.999861823840453523e-01 -4.737827655907587802e-03 -9.567484186072398866e-02 1.750480883076935557e-01 4.265978863773058419e-03 9.845506431741534170e-01 5.654544992883386634e+00
9.827993389693543413e-01 -5.729492634408034010e-03 -1.845877336140248348e-01 -6.452314044403715254e-01 4.640718657101185370e-03 9.999691976013899142e-01 -6.329895045586555677e-03 -1.125600622322111971e-01 1.846183181482880520e-01 5.364396811610104218e-03 9.827956556137320554e-01 6.090444901030195091e+00
9.811475489314956944e-01 -4.764211910630846737e-03 -1.932014197834845959e-01 -7.262814152107369692e-01 3.286535127957098627e-03 9.999628528943198535e-01 -7.968156208826761983e-03 -1.163332389483890117e-01 1.932322082341261238e-01 7.182973573462236513e-03 9.811267601593478549e-01 6.531293446936014213e+00
9.796422617549302991e-01 -5.317594641764669325e-03 -2.006807444841165466e-01 -8.499778324218532077e-01 3.324805884862705799e-03 9.999417769752267926e-01 -1.026588138130660188e-02 -1.233436313339900114e-01 2.007236535071321160e-01 9.389666641506215841e-03 9.796029042689902155e-01 7.019159397858768301e+00
9.780483256794892943e-01 -5.873071600134642176e-03 -2.082954119472889276e-01 -9.565351080180936050e-01 3.353039943555206556e-03 9.999168815952161893e-01 -1.244937825993675147e-02 -1.347188126804632069e-01 2.083512184520948662e-01 1.147767064570826175e-02 9.779867247965533528e-01 7.496389737551448107e+00
9.763176334353473873e-01 -9.442085541994374095e-03 -2.161358937671712388e-01 -1.071267069017246110e+00 6.445860501161325418e-03 9.998731705901297007e-01 -1.456343386138914640e-02 -1.442966988826065444e-01 2.162459943006652119e-01 1.282535538863695430e-02 9.762546703130102754e-01 7.985982333309948444e+00
9.745353767779956211e-01 -1.480228848131768908e-02 -2.237446994122705701e-01 -1.190980500003342435e+00 1.157974865347379152e-02 9.998095650060730977e-01 -1.570805920336468264e-02 -1.622715749177388589e-01 2.239346096824567367e-01 1.271715193520231088e-02 9.745211982308925602e-01 8.511512807573190287e+00
9.725850345959008436e-01 -1.595595967434881857e-02 -2.319994754477111287e-01 -1.332442698595603492e+00 1.216423241287161935e-02 9.997681881779735269e-01 -1.776517200504443977e-02 -1.891942969842605460e-01 2.322291596036288319e-01 1.445604482217937269e-02 9.725536702113710685e-01 9.034882664684735332e+00
9.704108503677043585e-01 -1.269553423143355599e-02 -2.411257007967895494e-01 -1.469993921687928307e+00 7.629688713536886616e-03 9.997303685751204316e-01 -2.193121029730969035e-02 -1.856429362977787823e-01 2.413391183230385595e-01 1.944257036370412167e-02 9.702460604160466628e-01 9.553092580077644058e+00
9.683642582340399318e-01 -9.718446921987238668e-03 -2.493515866497328926e-01 -1.612607028087748473e+00 3.583269405006511005e-03 9.996798611282706748e-01 -2.504666500325533618e-02 -1.984273343026367598e-01 2.495151784974287412e-01 2.336080125957171877e-02 9.680890713516900892e-01 1.009249187745162857e+01
9.659513451002574858e-01 -1.220424853276304289e-02 -2.584357826031178362e-01 -1.779763635017205470e+00 5.431951015125824171e-03 9.996232951935484223e-01 -2.690281776235983746e-02 -2.253166784069505768e-01 2.586667617322652712e-01 2.458300249163365009e-02 9.656537598236306641e-01 1.065672223674396157e+01
9.637373889396215754e-01 -1.350196772581621456e-02 -2.665106760688633059e-01 -1.939822913342311050e+00 6.110804748996638211e-03 9.995738879776229213e-01 -2.854295930504360465e-02 -2.523582756469421318e-01 2.667825033768180809e-01 2.587932237257087667e-02 9.634092371090037243e-01 1.122529973730279451e+01
9.615527781196867574e-01 -1.396000877984913957e-02 -2.742651479769845357e-01 -2.110158943334768722e+00 5.558114635197208483e-03 9.994918373329628736e-01 -3.138748880928774604e-02 -2.806022365426456000e-01 2.745639510151012819e-01 2.865632995304858918e-02 9.611417446036084611e-01 1.178168563578353556e+01
9.591875777288225713e-01 -1.278954817666216534e-02 -2.824811789245648685e-01 -2.300634995259482896e+00 3.190615344604989453e-03 9.994025453099903977e-01 -3.441471185431167062e-02 -2.916762316947989486e-01 2.827525627007129727e-01 3.210887536449194557e-02 9.586553135304501927e-01 1.237168008004483433e+01
9.569159679763755699e-01 -1.443602157934812877e-02 -2.900059131980495808e-01 -2.484577820191248954e+00 2.946555636984430054e-03 9.991947064518873489e-01 -4.001570187511972743e-02 -3.283856628457380022e-01 2.903500458355646741e-01 3.743714562588491140e-02 9.561879066613844236e-01 1.297441804936831744e+01
9.551406763187866300e-01 -1.508476728873962142e-02 -2.957680448419178210e-01 -2.707978042539158636e+00 1.368508370465194596e-03 9.989160797539659020e-01 -4.652733369846754480e-02 -3.606462617319407538e-01 2.961493149578783846e-01 4.403538807699512725e-02 9.541260240382990476e-01 1.358850869593424626e+01
9.536116002217189802e-01 -1.548743518669924192e-02 -3.006410705986442555e-01 -2.900199283488833490e+00 -1.053837157906523971e-03 9.984978914762486779e-01 -5.478001579679470101e-02 -3.978786998809747955e-01 3.010378821907774283e-01 5.255568547578529093e-02 9.521628512851709747e-01 1.420202733548006080e+01
9.522321001280676933e-01 -1.597318735462974204e-02 -3.049571818770823173e-01 -3.098151979738231088e+00 -3.587272609446091540e-03 9.979770580817513004e-01 -6.347379775204979591e-02 -4.416160098935861256e-01 3.053541553026705158e-01 6.153575258141083526e-02 9.502484901347089119e-01 1.481130179810785030e+01
9.512423736479732606e-01 -1.537199988140911834e-02 -3.080611078432803907e-01 -3.348150701506697580e+00 -7.254616420502605148e-03 9.973660465477226511e-01 -7.216882787039631542e-02 -4.888887842544982210e-01 3.083590737092535283e-01 7.088491268040630899e-02 9.486253279689613738e-01 1.548442427571638369e+01
9.498193716722693747e-01 -1.380842748680572926e-02 -3.124939782469315364e-01 -3.578888551242024540e+00 -1.146166602161522233e-02 9.968178527447879578e-01 -7.888471743064355557e-02 -5.419406557886465858e-01 3.125888556286117725e-01 7.850793480425208304e-02 9.466386394039577601e-01 1.611597951366330861e+01
9.482766793686996376e-01 -1.282171164557068324e-02 -3.171859721549398770e-01 -3.810650721172345712e+00 -1.534063893297814112e-02 9.961656595637359279e-01 -8.613154755949099795e-02 -6.091040874509234815e-01 3.170741324282184692e-01 8.654237389849932238e-02 9.444439709305484376e-01 1.678257205855677725e+01
9.464350434202232210e-01 -1.176579527835439412e-02 -3.226798296060320870e-01 -4.044780451734186322e+00 -1.883448239564436411e-02 9.956227557636879721e-01 -9.154556494209191431e-02 -6.807539537183427969e-01 3.223444930479978932e-01 9.271943886885188058e-02 9.420706638508419273e-01 1.743283470705199534e+01
9.448214435209478790e-01 -9.682080560946904405e-03 -3.274426589550721856e-01 -4.300445326281572278e+00 -2.343094324386628055e-02 9.950056069585283547e-01 -9.703006237437110382e-02 -7.494915174848858497e-01 3.267467400581808290e-01 9.934837457844235276e-02 9.398757740365626390e-01 1.811184803294927192e+01
9.425816337839635350e-01 -7.046468446230692330e-03 -3.339014953164586852e-01 -4.536304337021427990e+00 -2.801431622679820960e-02 9.945857675849536506e-01 -1.000717192545906020e-01 -8.275569594979437227e-01 3.327988328889562863e-01 1.036797873649101392e-01 9.372808761998521199e-01 1.880829975903592910e+01
9.412407127140379748e-01 -6.218547450188091283e-03 -3.376792086974649831e-01 -4.808789731283219737e+00 -2.986682985300359583e-02 9.943807470986121277e-01 -1.015623073145316829e-01 -9.056653956882816381e-01 3.364132795716402446e-01 1.056799866632235491e-01 9.357659152610945386e-01 1.950023479930552384e+01
9.390590044932958236e-01 -5.612855891837300118e-03 -3.437101677854582094e-01 -5.091091266146960059e+00 -3.088490921343161472e-02 9.944453503091793545e-01 -1.006209104922175385e-01 -9.962643376285621466e-01 3.423657547022878611e-01 1.051044300253704267e-01 9.336695085997580579e-01 2.021657304013206513e+01
9.367593941139255032e-01 -5.264401118366834713e-03 -3.499344525022844987e-01 -5.368922509756334449e+00 -3.153590136097374208e-02 9.945494776839239881e-01 -9.938220849089376974e-02 -1.081366981478836697e+00 3.485503207010333115e-01 1.041327164334471395e-01 9.314875489661463837e-01 2.095068454516031409e+01
9.342787924794232479e-01 -5.516227402194547047e-03 -3.565006402504568572e-01 -5.660212421506690461e+00 -3.138139807776518103e-02 9.947276335083733434e-01 -9.763269428020560081e-02 -1.163424341420709718e+00 3.551596084120234864e-01 1.024036448486280032e-01 9.291798258307649716e-01 2.167488669464179551e+01
9.315428325404578880e-01 -6.094053168109654119e-03 -3.635805425263132218e-01 -5.953798999094901845e+00 -3.048584967863413042e-02 9.950306886420710040e-01 -9.478682205280962447e-02 -1.253818754447441730e+00 3.623514397155842559e-01 9.938204705771383485e-02 9.267279242627821656e-01 2.238320149129875958e+01
9.277763235625566818e-01 -2.408561466894957193e-03 -3.731290519049583199e-01 -6.281825242878874782e+00 -3.314277373782105462e-02 9.954948320094524350e-01 -8.883465546523569567e-02 -1.324305872983194021e+00 3.716620129131694705e-01 9.478522233131056463e-02 9.235167094631568929e-01 2.317392135692774247e+01
9.241872075858221791e-01 5.572585477142944204e-04 -3.819393823307163927e-01 -6.599739851037323746e+00 -3.504808565332932085e-02 9.959035153318925859e-01 -8.335358344966199706e-02 -1.405082704202750277e+00 3.803283305053513641e-01 9.042056020360911273e-02 9.204208202217373236e-01 2.391042829105436596e+01
9.207199015351890115e-01 3.815830379958959351e-03 -3.902054576865158775e-01 -6.927940781639245316e+00 -3.792310878387684936e-02 9.960939232061434279e-01 -7.974167051212784074e-02 -1.479709945564206874e+00 3.883770111511996581e-01 8.821754749914306748e-02 9.172682075737678131e-01 2.464485370436418776e+01
9.169536327134826248e-01 4.298266962034333512e-03 -3.989706218228351031e-01 -7.271975289694282196e+00 -3.855251796920473872e-02 9.962176311564522324e-01 -7.787255472381088284e-02 -1.556372420702433867e+00 3.971268575336860951e-01 8.678684444555453958e-02 9.136510854180723840e-01 2.537599163374628475e+01
9.128216301825576862e-01 5.628687532564208285e-03 -4.083197104328868954e-01 -7.620065423036575858e+00 -4.044863755956291246e-02 9.962340226119131836e-01 -7.669211148675524059e-02 -1.631713982328026447e+00 4.063503186538718892e-01 8.652219462960129837e-02 9.096116378607196351e-01 2.614184551028636960e+01
9.090267242217860977e-01 5.257111604413115119e-03 -4.167046602583558412e-01 -7.982643790261118255e+00 -4.046668561446559176e-02 9.963086114621286793e-01 -7.570731891430070026e-02 -1.697470026531078036e+00 4.147684467229352245e-01 8.568263300258781301e-02 9.058838918407464691e-01 2.689606579094018812e+01
9.050810678362470885e-01 5.492518707470793807e-03 -4.252035855948980703e-01 -8.359890524743297746e+00 -4.084501928076752358e-02 9.964161700728083604e-01 -7.407091518004689512e-02 -1.762056775940148201e+00 4.232728996168065305e-01 8.440763204885078086e-02 9.020617538303882244e-01 2.768853802031102873e+01
9.011614095356946796e-01 7.139948067013045414e-03 -4.334248854096227066e-01 -8.749006714243829919e+00 -4.227967833331736092e-02 9.965448368574283400e-01 -7.148997830176127832e-02 -1.838522121495077766e+00 4.314169043750561428e-01 8.274907471754482102e-02 8.983496251465664661e-01 2.847376867305944970e+01
8.976098099177076683e-01 6.512050272274436634e-03 -4.407428030168356603e-01 -9.139990234638757371e+00 -4.019443559803216603e-02 9.969343213283520244e-01 -6.712947466102082983e-02 -1.908615078291926670e+00 4.389544842145394754e-01 7.797148351812856204e-02 8.951197754556707853e-01 2.924368204309117658e+01
8.935698665895136505e-01 7.657173725758794833e-03 -4.488588387784803735e-01 -9.553941288123713349e+00 -3.969925490805639723e-02 9.972851356094657449e-01 -6.201876747681684537e-02 -1.972712878001013692e+00 4.471653670930768598e-01 7.323746350383716908e-02 8.914479302847787556e-01 3.005177329851693102e+01
8.897139175247595899e-01 8.188545666561289002e-03 -4.564450552822936213e-01 -9.958157973293705112e+00 -3.880108392808104961e-02 9.975776010382781944e-01 -5.773565502535173144e-02 -2.041273532663132606e+00 4.548666000132192688e-01 6.907877893184705131e-02 8.878764005289071504e-01 3.085620512875609478e+01
8.862878756851666484e-01 6.674607916529300307e-03 -4.630866514189824756e-01 -1.042055393558725918e+01 -3.653817921632954852e-02 9.977872461999452991e-01 -5.554793285756849663e-02 -2.108495859199019051e+00 4.616912019267889744e-01 6.615180266130822606e-02 8.845706174770795460e-01 3.166260873770888651e+01
8.828495495895136713e-01 6.829914204804689130e-03 -4.696062400032820494e-01 -1.085335086445878616e+01 -3.653573508179695090e-02 9.978628994983816947e-01 -5.417355380816082228e-02 -2.164437861539597385e+00 4.682326515898163066e-01 6.498450692822314856e-02 8.812123479562136152e-01 3.247502994637454776e+01
8.796091438592779088e-01 6.654505743681480776e-03 -4.756505724552504422e-01 -1.130259142006348405e+01 -3.592947253463155827e-02 9.979753325180990009e-01 -5.248150868608385949e-02 -2.220316808116845397e+00 4.743383078572032674e-01 6.325308925333231191e-02 8.780673213651268849e-01 3.329106816062451912e+01
8.768680348504479527e-01 5.995736999276314247e-03 -4.806937652946232653e-01 -1.177857381917099566e+01 -3.490388947744196141e-02 9.980771853117453851e-01 -5.122158454253032678e-02 -2.285300178977751617e+00 4.794623773526183186e-01 6.169265236815605485e-02 8.753912553172250588e-01 3.414439398240813262e+01
8.742838284461228460e-01 5.201532341063418857e-03 -4.853871925539973153e-01 -1.226876366617207381e+01 -3.417443670068417982e-02 9.981209600609854959e-01 -5.085918820710075283e-02 -2.345431924972479099e+00 4.842105932439536575e-01 6.105319978727043184e-02 8.728187743211993643e-01 3.499005576741311074e+01
8.720376577203816648e-01 4.709448773595115677e-03 -4.894161213688807965e-01 -1.272765057997969507e+01 -3.410589527655652486e-02 9.981076631989503900e-01 -5.116522874466982590e-02 -2.404549927197835668e+00 4.882490296002536256e-01 6.130998133514655585e-02 8.705480894100888767e-01 3.581401980707990163e+01
8.709030904142752716e-01 4.562506954751010049e-03 -4.914336026844374206e-01 -1.323499427383541516e+01 -3.442023089675651237e-02 9.980676410231688056e-01 -5.173230817802042941e-02 -2.457883949842863736e+00 4.902479559614974503e-01 6.196908526760685348e-02 8.693772362297350620e-01 3.668885217489989259e+01
8.705356426942157944e-01 4.514944343655821583e-03 -4.920846525499906754e-01 -1.375319813224819221e+01 -3.403472371430731752e-02 9.981158805118023336e-01 -5.105219596962647793e-02 -2.519455215119791536e+00 4.909270168819714897e-01 6.119072154153259308e-02 8.690491150863751679e-01 3.756052871917490421e+01
8.702235237221220832e-01 4.115698062781667985e-03 -4.926399039658827528e-01 -1.425517799263452190e+01 -3.285418706331951627e-02 9.982238913220758958e-01 -4.969572663430335546e-02 -2.577410090779984841e+00 4.915603978034095434e-01 5.943167400752212559e-02 8.688131307635273970e-01 3.844659816606520764e+01
8.697725084823313413e-01 3.100486442265925659e-03 -4.934431736773622346e-01 -1.476825204044387618e+01 -3.125973665389016054e-02 9.983179382592508588e-01 -4.882748273568559422e-02 -2.632573018270067067e+00 4.924617913145727943e-01 5.789370589264205419e-02 8.684064184933629749e-01 3.933289861478935023e+01
8.690818820258253696e-01 1.558202721661176198e-03 -4.946657957609280620e-01 -1.527848277477170669e+01 -2.990448798721459522e-02 9.983315530809193650e-01 -4.939465329162037038e-02 -2.701481428573211385e+00 4.937635137467562552e-01 5.772072567801282694e-02 8.676784629746543409e-01 4.022299724461731785e+01
8.679661335735523453e-01 -1.962776826105480741e-04 -4.966233457752077807e-01 -1.580451869943090593e+01 -2.829868251662383608e-02 9.983555704913985585e-01 -4.985317928693564632e-02 -2.759897520627835554e+00 4.958164772852522995e-01 5.732465774658168645e-02 8.665332707367736642e-01 4.115702776133707630e+01
8.665973849964930809e-01 -6.925990109582392130e-04 -4.990075026550740978e-01 -1.633025738578201569e+01 -2.693710134358472466e-02 9.984760562737734491e-01 -4.816593885167298056e-02 -2.825758667642551458e+00 4.982804115565238057e-01 5.518229238563029243e-02 8.652580834280828581e-01 4.204864715965088351e+01
8.645188834995847227e-01 -6.802426136810392097e-04 -5.025998730198744102e-01 -1.688979320441593046e+01 -2.504750307650541533e-02 9.986981965677197426e-01 -4.443573793869868421e-02 -2.886687807406199013e+00 5.019758225036684562e-01 5.100440643499683929e-02 8.633764121661325897e-01 4.299580890632926611e+01
8.618284531055765418e-01 -1.158963704224390224e-03 -5.071985500318251239e-01 -1.744922950441808140e+01 -2.250418154660699041e-02 9.989252060921284260e-01 -4.052153115488215523e-02 -2.943892949086532429e+00 5.067003878315814447e-01 4.633669673516199045e-02 8.608760843077092328e-01 4.390641626510143425e+01
8.579849008357322004e-01 -2.160547638833294499e-03 -5.136703580968943195e-01 -1.798106124516172954e+01 -2.058046229208824324e-02 9.990436465691392431e-01 -3.857767305989147355e-02 -3.008825634219313372e+00 5.132624654319540847e-01 4.367063437306571011e-02 8.571198996753833788e-01 4.479101303340664231e+01
8.525224769671935210e-01 -4.815186183586069903e-03 -5.226683794709188202e-01 -1.853810604781952875e+01 -1.906534456683323456e-02 9.990056786549227352e-01 -4.030095141044117563e-02 -3.070151324142580407e+00 5.223427447298754078e-01 4.432231961232063061e-02 8.515829932122906953e-01 4.570593087328013837e+01
8.465121319210495709e-01 -7.271479865045756344e-03 -5.323197634523574306e-01 -1.910444099301513532e+01 -1.851940594753625699e-02 9.988993158795226313e-01 -4.309510841035679718e-02 -3.130071525415961453e+00 5.320472219215766074e-01 4.633877784395895594e-02 8.454457267101243012e-01 4.658691340863123997e+01
8.402916472257978553e-01 -7.648381594325396292e-03 -5.420806620277213161e-01 -1.969019961914644767e+01 -1.832157779634141156e-02 9.989286783426004623e-01 -4.249488677219312449e-02 -3.188978154347718696e+00 5.418249457210401188e-01 4.563987136603075978e-02 8.392512949189838700e-01 4.749286834204614394e+01
8.346218006264715106e-01 -4.959529347931019780e-03 -5.508010957650321116e-01 -2.030113816744803756e+01 -1.919608988103184422e-02 9.990901606546753744e-01 -3.808360605931176285e-02 -3.244425937476477007e+00 5.504888415084376874e-01 4.235863510529894876e-02 8.337672260674685587e-01 4.836499750447638490e+01
8.298402859909450591e-01 -8.133987883476069287e-04 -5.580003871759575684e-01 -2.089340957375067376e+01 -2.181518003566408972e-02 9.991871355013400846e-01 -3.389935413019549981e-02 -3.292250551796771063e+00 5.575743917788386073e-01 4.030392850551907380e-02 8.291479946173861970e-01 4.923708288520010257e+01
8.257497425106999911e-01 -3.932332741965443700e-04 -5.640365253678938373e-01 -2.151451953185822319e+01 -2.321542118899235646e-02 9.991286540744073186e-01 -3.468395697074434098e-02 -3.354042394089757906e+00 5.635587030419911825e-01 4.173461392097646550e-02 8.250211005446146384e-01 5.012977866802486915e+01
8.223095328010003868e-01 -2.273795523137495892e-03 -5.690359003243667946e-01 -2.213477406521237612e+01 -2.415942003567897803e-02 9.989508394188515439e-01 -3.890427859375134023e-02 -3.401179617351565376e+00 5.685273604614811127e-01 4.573893640033446784e-02 8.213918652623944938e-01 5.100014269205455264e+01
8.195100394703829227e-01 -4.659539554797097020e-03 -5.730458773600410893e-01 -2.274370799311583369e+01 -2.599367629004200111e-02 9.986354823749454823e-01 -4.529351146167871767e-02 -3.478932536603122738e+00 5.724750029292736686e-01 5.201405637177306668e-02 8.182706858088535373e-01 5.186130818059843506e+01
8.157978762928298488e-01 -5.656242208579289818e-03 -5.783094548028970827e-01 -2.337416061439476067e+01 -2.620992932109326642e-02 9.985631789902933431e-01 -4.673988890934453744e-02 -3.541029084329778698e+00 5.777429097111766998e-01 5.328775202505391800e-02 8.144774718571821115e-01 5.273313260635984534e+01
8.129205421897216510e-01 -4.035581902894875075e-03 -5.823606267881276111e-01 -2.397650229795459964e+01 -2.587645643030473883e-02 9.987380995163079866e-01 -4.304204484001698111e-02 -3.599209348669886843e+00 5.817994553526941726e-01 5.005919175838988849e-02 8.117902916126631396e-01 5.356464020341502419e+01
8.095202966599204242e-01 -2.146981240891077548e-03 -5.870879603046935680e-01 -2.463614263739835764e+01 -2.520779848704252785e-02 9.989440036384824584e-01 -3.841151569242233499e-02 -3.648940293748396790e+00 5.865504764686634287e-01 4.589409647665146363e-02 8.086113263167929999e-01 5.444731391101852580e+01
8.064293936998850887e-01 -9.194665966114182231e-04 -5.913296718710187028e-01 -2.530160684582945052e+01 -2.497256734460515104e-02 9.990537041386386985e-01 -3.560993085361286586e-02 -3.708723845557772680e+00 5.908028513780415603e-01 4.348391487564728930e-02 8.056433122823498660e-01 5.531488337179756343e+01
8.034666150261673412e-01 -4.562912711828565515e-04 -5.953496313330813861e-01 -2.593010889316370893e+01 -2.584201207598375155e-02 9.990304736340253067e-01 -3.564131328598733189e-02 -3.761128898616207916e+00 5.947886972433857888e-01 4.402163757857128351e-02 8.026758423014485055e-01 5.615628529884596531e+01
7.996682100005459981e-01 -1.263126923520907800e-03 -6.004407976726664486e-01 -2.658177160709049147e+01 -2.625160491052052833e-02 9.989680451510991599e-01 -3.706343288569037553e-02 -3.812688711156612786e+00 5.998679960412763856e-01 4.540098350903028906e-02 7.988098302388918492e-01 5.699157436339881144e+01
7.957213588177689534e-01 -3.758966899922079434e-03 -6.056512051221216719e-01 -2.722816441429792178e+01 -2.504922531270389538e-02 9.989208837245177053e-01 -3.911015746837313845e-02 -3.883133964829188489e+00 6.051446612686743887e-01 4.629188103199822352e-02 7.947685245810708343e-01 5.784753100095067424e+01
7.919403105027351675e-01 -4.541672288438484972e-03 -6.105816167273233619e-01 -2.788971166053196882e+01 -2.487375193306574916e-02 9.989023178414869752e-01 -3.969201332675474647e-02 -3.928750516798340531e+00 6.100916708145653899e-01 4.662116091690498426e-02 7.909580441714352261e-01 5.869047084358466293e+01
7.872472870941111811e-01 -5.077546713813741244e-03 -6.166165098533846756e-01 -2.857701152489517327e+01 -2.415678743880771140e-02 9.989445401960921345e-01 -3.906731726084381601e-02 -3.986208416691079393e+00 6.161640726645611910e-01 4.565111336284000121e-02 7.862937228668505085e-01 5.955954179733086562e+01
7.824503132257308868e-01 -4.531817165714767913e-03 -6.226965252623841707e-01 -2.925901377576794715e+01 -2.463000943304034102e-02 9.989657974840044918e-01 -3.821908082182073202e-02 -4.049123834628046481e+00 6.222257435644692469e-01 4.524155291752286062e-02 7.815294833089472260e-01 6.038519259623698332e+01
7.768733276215313843e-01 -5.870885920100878466e-03 -6.296295402735136992e-01 -2.995221828843482825e+01 -2.419557132188406012e-02 9.989396449167460279e-01 -3.916835696016689183e-02 -4.102121593848113257e+00 6.291918731942376386e-01 4.566309812227939413e-02 7.759075174754923587e-01 6.122998779584504803e+01
7.714412174211947582e-01 -6.865702017341828063e-03 -6.362635479965135232e-01 -3.065321466923622395e+01 -2.404790275814583031e-02 9.989128186918000418e-01 -3.993593707893369066e-02 -4.160655842280199579e+00 6.358460133675309933e-01 4.610903171412854273e-02 7.704374160989141407e-01 6.207145344969542577e+01
7.665092898180857484e-01 -8.285869415112128225e-03 -6.421797607904348171e-01 -3.133772340280701840e+01 -2.341567733558338679e-02 9.988913877262834973e-01 -4.083750266006633961e-02 -4.221464369159398267e+00 6.418062177067176410e-01 4.633939909446994909e-02 7.654655098591803819e-01 6.286450727449334153e+01
7.603117681591360366e-01 -9.886753293406096155e-03 -6.494830708513009698e-01 -3.206410965130378088e+01 -2.273912480311945580e-02 9.988661748964339226e-01 -4.182459672531493172e-02 -4.277528493510727614e+00 6.491601913045571548e-01 4.656840955389397047e-02 7.592248923753615042e-01 6.370359072622292729e+01
7.547333315903569373e-01 -1.147975180789889520e-02 -6.559312504778678221e-01 -3.279583666414387011e+01 -2.220776743778590800e-02 9.988267645984543197e-01 -4.303381723287920402e-02 -4.336505421340710598e+00 6.556557175609623034e-01 4.704582477662080237e-02 7.535929129800635895e-01 6.451298492463082823e+01
7.480961168019630847e-01 -1.269619446426795140e-02 -6.634689128870846497e-01 -3.355177470968911990e+01 -2.111420859550077953e-02 9.988553099397844415e-01 -4.292155678087106879e-02 -4.406505895050746524e+00 6.632543984873502385e-01 4.611807082379987960e-02 7.469717094368721888e-01 6.535307612321679471e+01
7.419478510129192683e-01 -1.254065377872104654e-02 -6.703402941158224104e-01 -3.428340363754450948e+01 -2.071634074061817071e-02 9.989188455974803427e-01 -4.161698177831418821e-02 -4.468560104343342054e+00 6.701374684744780819e-01 4.476462796847101994e-02 7.408858953026894456e-01 6.618067380336438532e+01
7.358697214185954127e-01 -1.331399645310018046e-02 -6.769922318440787512e-01 -3.503384302466807299e+01 -1.979655130055390372e-02 9.989562616217139146e-01 -4.116411006419187779e-02 -4.528684031800275456e+00 6.768336995613731810e-01 4.369353346563997070e-02 7.348380956767883720e-01 6.698066277914209365e+01
7.291070517643578608e-01 -1.426199000419534936e-02 -6.842510459741502071e-01 -3.579785294563187392e+01 -1.930124564292625203e-02 9.989567033193783585e-01 -4.138800360847198767e-02 -4.586547827052339876e+00 6.841274562256399738e-01 4.338318261341966159e-02 7.280711035768894224e-01 6.780492322349682865e+01
7.227222092534835163e-01 -1.662557398932977201e-02 -6.909386293959438596e-01 -3.659672686584734436e+01 -1.791954088194077158e-02 9.989237907730795785e-01 -4.278025608972592375e-02 -4.657969042098321744e+00 6.909062931009328778e-01 4.329954400951834675e-02 7.216464872517975859e-01 6.858630048955016889e+01
7.168864707247417645e-01 -1.607750161117842483e-02 -6.970045142874616850e-01 -3.736129660055159718e+01 -1.926832953451914840e-02 9.988953068498058752e-01 -4.285904177999803194e-02 -4.713799619975021393e+00 6.969236165116616810e-01 4.415517967071976718e-02 7.157847455215158305e-01 6.937580110195617067e+01
7.115564862891370357e-01 -1.548209832303779759e-02 -7.024582992759073052e-01 -3.817761597605164070e+01 -1.974520192990950052e-02 9.989217656205898743e-01 -4.201705848375920926e-02 -4.772687862403564907e+00 7.023514089360429757e-01 4.376769125908610419e-02 7.104835654423969915e-01 7.018362365070764497e+01
7.067922351444310136e-01 -1.494594933868556921e-02 -7.072632788362023248e-01 -3.899801043977067394e+01 -2.100755943827608066e-02 9.988924281515708659e-01 -4.210225010759302555e-02 -4.833501595126158179e+00 7.071092042355618945e-01 4.461541862396409264e-02 7.056954350269754039e-01 7.098587677163011733e+01
7.016488577798724036e-01 -1.556553309195249542e-02 -7.123528515303235720e-01 -3.980802472338241671e+01 -2.089914724371269572e-02 9.988816177216511827e-01 -4.241154864030194371e-02 -4.908371561876014866e+00 7.122163393767595441e-01 4.464558158742956695e-02 7.005388407547886720e-01 7.177633964357139007e+01
6.965842732178821883e-01 -1.790944968133079129e-02 -7.172514150046220838e-01 -4.064986410039687570e+01 -2.059768176405893728e-02 9.987771747018507895e-01 -4.494319563885296881e-02 -4.972788589632760825e+00 7.171792621022694547e-01 4.608043946571582783e-02 6.953635801987965159e-01 7.256792252970907953e+01
6.919175196987148446e-01 -1.956516967198093301e-02 -7.217113968676317493e-01 -4.146844676833405430e+01 -2.107079072429575081e-02 9.986596964402605359e-01 -4.727401524557114237e-02 -5.036679891241998774e+00 7.216690210908047742e-01 4.791674900047866031e-02 6.905778875918218151e-01 7.336130181973994979e+01
6.867454922955771313e-01 -2.012850252327879827e-02 -7.266192003893728879e-01 -4.233114344323836065e+01 -2.138382923568223418e-02 9.986244668251631484e-01 -4.787385652986352047e-02 -5.104383272803518778e+00 7.265833531484404695e-01 4.841505589098268891e-02 6.853704276377570181e-01 7.414568861704155722e+01
6.816574842777874954e-01 -2.024054675813159385e-02 -7.313914030474046868e-01 -4.318955574690239274e+01 -2.122038758398716446e-02 9.986498883629458811e-01 -4.741408711605781673e-02 -5.174416803039336266e+00 7.313636426662284418e-01 4.784057620183257420e-02 6.803076593457056953e-01 7.493520270232667713e+01
6.771588527164448257e-01 -2.003964356710154562e-02 -7.355639270820867326e-01 -4.403690255503652651e+01 -2.072024376179827307e-02 9.987134090416864840e-01 -4.628388630993120895e-02 -5.247051488216445847e+00 7.355450824585078040e-01 4.658260702003026027e-02 6.758724009827508095e-01 7.569538831436032922e+01
6.711548341635198422e-01 -2.079043073673031428e-02 -7.410255976559956270e-01 -4.491314845705753100e+01 -2.012675485737688494e-02 9.987271341295064220e-01 -4.624959809802856037e-02 -5.318096694674645519e+00 7.410439333150157237e-01 4.595508167459136373e-02 6.698821012094074989e-01 7.647137228679753207e+01
6.667311491615003360e-01 -2.218588348514786285e-02 -7.449680201356145837e-01 -4.580145366199381129e+01 -1.888370214972882877e-02 9.987330790302341166e-01 -4.664378493163687939e-02 -5.381149713814549429e+00 7.450590509628671754e-01 4.516661830842582520e-02 6.654675029083269022e-01 7.724498887697312455e+01
6.628849632402750158e-01 -2.288223572450832910e-02 -7.483715109652178121e-01 -4.669872605562638768e+01 -1.785433352739359061e-02 9.987655433856711396e-01 -4.635312445307567669e-02 -5.454125601290052749e+00 7.485083548406584741e-01 4.408846352251370726e-02 6.616581144858991737e-01 7.804318387400188328e+01
6.582450017257869268e-01 -2.380136958552753548e-02 -7.524274064859592936e-01 -4.759306966580599152e+01 -1.665207088368742677e-02 9.987951460892310340e-01 -4.616237329365174141e-02 -5.524372389610695322e+00 7.526195820796397484e-01 4.291562574672138503e-02 6.570555716151373904e-01 7.879245526396229593e+01
6.544645857404632894e-01 -2.621368143359931874e-02 -7.556381001234370176e-01 -4.849144260380014515e+01 -1.422727957870762588e-02 9.987949122516676104e-01 -4.697135078370372890e-02 -5.598190776067111685e+00 7.559587949814127184e-01 4.149175987976081587e-02 6.533029501639818770e-01 7.957132006673919022e+01
6.498099856454592205e-01 -3.033653984865337244e-02 -7.594910573857051039e-01 -4.940049253740171054e+01 -1.159819078057123219e-02 9.986911562239315643e-01 -4.981421947320298360e-02 -5.676889937986620005e+00 7.600082064156554740e-01 4.117849915392570587e-02 6.486076379706701145e-01 8.035599582552873699e+01
6.451953068530804636e-01 -3.431262185400524994e-02 -7.632467813518066801e-01 -5.030616522897642540e+01 -7.872373651644701958e-03 9.986394006540983970e-01 -5.154971577363647722e-02 -5.747800118047774909e+00 7.639771273745903368e-01 3.926819825342071218e-02 6.440473338231743616e-01 8.112942190101649942e+01
6.389140822724366231e-01 -3.830256016737110247e-02 -7.683239541202935285e-01 -5.122101553996745338e+01 -2.407325178420720128e-03 9.986552559578346644e-01 -5.178691460380788897e-02 -5.822683988135286981e+00 7.692743397597033850e-01 3.493699429192940326e-02 6.379627007198506172e-01 8.187609646464218827e+01
6.306152403114343441e-01 -4.189743603500955399e-02 -7.749638781797250076e-01 -5.216766343839375253e+01 2.475873622744340433e-03 9.986452764603511723e-01 -5.197578123145846218e-02 -5.907019598895375978e+00 7.760916817502335752e-01 3.085800678084334864e-02 6.298646648380155089e-01 8.265083083568694633e+01
6.222123295382760988e-01 -4.313505781324345617e-02 -7.816592432276397995e-01 -5.309920621637773763e+01 5.342473692936327602e-03 9.986915502819271317e-01 -5.085907340104910829e-02 -5.987917568731075946e+00 7.828303040120665468e-01 2.746914819335772792e-02 6.216286449929800950e-01 8.338818946260431630e+01
6.127670917467924472e-01 -4.250111671334021179e-02 -7.891198482585169982e-01 -5.405148239122233633e+01 6.912636641124084158e-03 9.988028228168318590e-01 -4.842661007712932564e-02 -6.052351944444810172e+00 7.902333306491469145e-01 2.421933380475280173e-02 6.123272968439317232e-01 8.412587837034034521e+01
6.038458143932263766e-01 -4.174096727960318470e-02 -7.960074826718854801e-01 -5.504084175177472105e+01 5.621987994057881313e-03 9.988261469127367453e-01 -4.811155238375067894e-02 -6.136357111139971288e+00 7.970813233435996015e-01 2.457681457943163700e-02 6.033716564476099276e-01 8.485676362533415329e+01
5.948831136192098690e-01 -4.264810469195755988e-02 -8.026800162551700479e-01 -5.601564321112388001e+01 4.024623334879941228e-03 9.987369853436431910e-01 -5.008229720756805087e-02 -6.206985202932603585e+00 8.038021485780000308e-01 2.656262774909765381e-02 5.943034112051425177e-01 8.556303573503187465e+01
5.842681792264371454e-01 -4.482281425192299190e-02 -8.103219101420477966e-01 -5.703145446755495840e+01 4.825688283695398623e-03 9.986478646979906060e-01 -5.176055490339154241e-02 -6.288225504354580941e+00 8.115463130469589004e-01 2.633168378762578560e-02 5.836944716556143886e-01 8.629474691754025173e+01
5.744207486040595612e-01 -4.642202493921086109e-02 -8.172427956084606926e-01 -5.803978716496868628e+01 5.448746977278372781e-03 9.985853165492012407e-01 -5.289306858066297745e-02 -6.362922181297654411e+00 8.185420732481646366e-01 2.592992639604722177e-02 5.738610680855475987e-01 8.697809835557811198e+01
5.643105153633312110e-01 -4.787772762184290543e-02 -8.241731329379387017e-01 -5.905622687330403409e+01 8.984544118185550446e-03 9.986139689940981556e-01 -5.185960727214824345e-02 -6.442372190420185163e+00 8.255137378471774090e-01 2.186010134884476888e-02 5.639585241987432607e-01 8.767594392791660596e+01
5.542489197555495739e-01 -4.743005442570230601e-02 -8.309985031907745068e-01 -6.007624927466071796e+01 9.659529195005348706e-03 9.986744260709565779e-01 -5.055773112917460316e-02 -6.525478878104724600e+00 8.322949235724033112e-01 1.999451305484486324e-02 5.539723749932192742e-01 8.836813015172131713e+01
5.436520152328395694e-01 -4.817965865872288894e-02 -8.379267235558476301e-01 -6.111924607013182253e+01 1.020803369863919861e-02 9.986567579320850818e-01 -5.079838435222772813e-02 -6.606663551384968081e+00 8.392486484642277533e-01 1.906305927303866832e-02 5.434135797251213873e-01 8.903558536346392316e+01
5.337141149977765453e-01 -4.855759330120082429e-02 -8.442697380757038239e-01 -6.216892142713749081e+01 8.665220174272186479e-03 9.986117462582086990e-01 -5.195665659504022926e-02 -6.687475328416588205e+00 8.456205822766160729e-01 2.041421731422774985e-02 5.333939477966074261e-01 8.969113712418028683e+01
5.236726293738384053e-01 -4.951970693269331508e-02 -8.504791371571841507e-01 -6.325478961726336280e+01 7.975297686934010657e-03 9.985504005288247109e-01 -5.323055702183868837e-02 -6.767560144263367938e+00 8.518822593646350194e-01 2.109256095373967035e-02 5.233084493988741093e-01 9.033973498790641088e+01
5.137331885777293161e-01 -5.025923110440060071e-02 -8.564766239317167518e-01 -6.430863622056959628e+01 6.660608349543015345e-03 9.984862357392669807e-01 -5.459737454549513230e-02 -6.853097342523089885e+00 8.579241571278292122e-01 2.234382745859286173e-02 5.132902758873084670e-01 9.096020161883200217e+01
