1.000000000000000000e+00 -3.306050084167601550e-19 -2.270457535318767223e-19 -8.673617379884035472e-19 7.546676715296109287e-19 1.000000000000000000e+00 6.237773588823049983e-19 1.387778780781445676e-17 -3.447385680526250622e-20 4.770700176052009879e-20 1.000000000000000222e+00 5.551115123125782702e-17
9.999318729879498324e-01 -2.050688585019117948e-03 1.149698199565598981e-02 1.051677892162696665e-02 2.035912560984000537e-03 9.999971123089693714e-01 1.296905387625420149e-03 -8.655964070871893790e-03 -1.149960883959563925e-02 -1.273426432380346833e-03 9.999330895550706533e-01 3.020358874817770656e-01
9.998283354828755298e-01 -4.390446460758302277e-03 1.800035012144780497e-02 2.808935025307872368e-02 4.367769291256249665e-03 9.999896141316427789e-01 1.299016677199754666e-03 -1.160783928471903481e-02 -1.800586630564832841e-02 -1.220174906563767283e-03 9.998371183061667278e-01 5.884918863223288499e-01
9.997556603753706694e-01 -7.840140588510638442e-03 2.067426478673074081e-02 4.024696549578089116e-02 7.847062162559663781e-03 9.999691698262811457e-01 -2.538858973744890883e-04 -1.537168583797431098e-02 -2.067163924206921397e-02 4.160180094361155584e-04 9.997863521065454284e-01 8.882719390823878847e-01
9.997904447472002465e-01 -9.037447555797537002e-03 1.837413719985991553e-02 4.317853289112798254e-02 9.065658530939444196e-03 9.999578801952800911e-01 -1.453556453122936036e-03 -2.088613719153967208e-02 -1.836023749330666782e-02 1.619708888107505591e-03 9.998302106143132084e-01 1.201843524743044345e+00
9.998552028453433493e-01 -1.179714221627879527e-02 1.225828804432836129e-02 4.349936284087851934e-02 1.183258617875242689e-02 9.999260009804283866e-01 -2.821226797562774967e-03 -2.573311875209753630e-02 -1.222408951169679826e-02 2.965903727663227619e-03 9.999208325549964194e-01 1.519246130839321696e+00
9.999250755401052349e-01 -1.221345328902625864e-02 -8.472085293771947599e-04 3.795381898068131421e-02 1.220982790800620443e-02 9.999168243280135426e-01 -4.160692562412521625e-03 -3.449339621254633725e-02 8.979482880427326532e-04 4.150041851182927240e-03 9.999909687079312492e-01 1.842246543781469015e+00
9.998069062740086999e-01 -1.134509900757005134e-02 -1.604374979941491919e-02 1.714668224762531598e-02 1.127221973397829827e-02 9.999257785346911120e-01 -4.625944884484956519e-03 -4.323467319564736067e-02 1.609504289357113066e-02 4.444169585375939112e-03 9.998605730953532555e-01 2.168147464416864789e+00
9.993226726392991921e-01 -8.238444533198026679e-03 -3.587258483641758700e-02 -2.227917884507659221e-02 8.062999456286967792e-03 9.999547982670637936e-01 -5.033334313303534577e-03 -4.905930400969762961e-02 3.591244234061509444e-02 4.740686699972960702e-03 9.993439332646272266e-01 2.518831393666133955e+00
9.985052429486407366e-01 -4.619184763040624746e-03 -5.446204787819101251e-02 -6.305639791637936142e-02 4.283269667579526520e-03 9.999711136242322995e-01 -6.282848250896588826e-03 -5.149141479021744627e-02 5.448950699149113230e-02 6.040162373117854283e-03 9.984962043096956563e-01 2.869370814026992011e+00
9.972089770665590880e-01 -3.719658514481046126e-03 -7.455896099167604041e-02 -1.053168353977055327e-01 3.246951088597713891e-03 9.999738370534841936e-01 -6.460478940057427268e-03 -5.536715573506974242e-02 7.458104645620174111e-02 6.200320761589298187e-03 9.971949777615184418e-01 3.236759447989935534e+00
9.953780481293205140e-01 -4.995193610673383591e-03 -9.589990910375156830e-02 -1.661509224259656303e-01 4.450614995014211955e-03 9.999727689338568926e-01 -5.890881660589437040e-03 -6.281723303819890247e-02 9.592672689282759346e-02 5.436963612648729877e-03 9.953731504890079851e-01 3.615084879641542237e+00
9.933324516962493966e-01 -6.364422953547205393e-03 -1.151358704736408500e-01 -2.188620443701174423e-01 5.863280522823905057e-03 9.999718321084817285e-01 -4.691857350922370821e-03 -6.923050771264700753e-02 1.151624977360997393e-01 3.985731172597816417e-03 9.933417723705010305e-01 4.007337311592988449e+00
9.909450565455858451e-01 -5.439008058354623601e-03 -1.341580794387731979e-01 -2.895089350150410468e-01 4.883072175081876534e-03 9.999780634588680828e-01 -4.472877057229070544e-03 -7.376999432962016989e-02 1.341794735005552575e-01 3.777250187372200446e-03 9.909499154264544973e-01 4.401004935645602245e+00
9.888764900631685784e-01 -4.097776893060739965e-03 -1.487060410163601465e-01 -3.753104877012937712e-01 3.683441092066678472e-03 9.999885086970641268e-01 -3.061658718568669498e-03 -8.209149942856469595e-02 1.487168960889939384e-01 2.479770109332069070e-03 9.888802362060458151e-01 4.819767808591360669e+00
9.868848844264374032e-01 -3.710466804864434587e-03 -1.613877388767837318e-01 -4.624972191099022689e-01 3.233555960755577895e-03 9.999895843828049413e-01 -3.217526447497124926e-03 -8.778368171691494637e-02 1.613980010818908961e-01 2.653686934412011894e-03 9.868866128863146292e-01 5.244775634541911202e+00
9.848038431392066583e-01 -5.182807754050858424e-03 -1.736291949031640025e-01 -5.492079756810595015e-01 4.517107789707690106e-03 9.999808357754403909e-01 -4.229192079360328746e-03 -9.383638564204190013e-02 1.736478134341458979e-01 3.380413209303719836e-03 9.848084287857014063e-01 5.681879284481762049e+00
9.828741066562814988e-01 -8.055197459850673217e-03 -1.840706451645013897e-01 -6.378088771241045007e-01 7.065774736288081212e-03 9.999568491375483426e-01 -6.031146224468083260e-03 -1.068991177050894054e-01 1.841112940451472557e-01 4.627074335698962669e-03 9.828886248564998596e-01 6.127684430138611305e+00
9.817049071503093360e-01 -7.708571374563903331e-03 -1.902631519240242375e-01 -7.392506857051766023e-01 6.250697316036597437e-03 9.999463175539405890e-01 -8.262228802174909764e-03 -1.124383076739754878e-01 1.903166429589682462e-01 6.921974982158226285e-03 9.817004422230880545e-01 6.593100880350319493e+00
9.800985224815216279e-01 -7.250453508884162693e-03 -1.984025293471586571e-01 -8.451397686569164236e-01 5.423955422185489095e-03 9.999377908399625925e-01 -9.748359758295552929e-03 -1.163409621126402504e-01 1.984608937954447094e-01 8.478273802181189242e-03 9.800768544412722383e-01 7.074930857295508524e+00
9.785180137403712841e-01 -7.583234912756487908e-03 -2.060704317311421729e-01 -9.562421610666280714e-01 5.110479984350597797e-03 9.999084427230476857e-01 -1.253287405679427355e-02 -1.278572064670599473e-01 2.061466143652411209e-01 1.121079027488702286e-02 9.784671068071503219e-01 7.560089127092767036e+00
9.768131539730818824e-01 -1.182966316948629373e-02 -2.137223660768488853e-01 -1.068390143895326050e+00 8.906848335042771500e-03 9.998534228216525710e-01 -1.463158693808546025e-02 -1.387535176015803895e-01 2.138640868181147237e-01 1.238895207968409261e-02 9.767751622876024165e-01 8.063784229216752308e+00
9.749208617645256369e-01 -1.767000537144990460e-02 -2.218221050521958226e-01 -1.184298020479536806e+00 1.444135382683455794e-02 9.997650465632441641e-01 -1.616497160011230033e-02 -1.551454119693066458e-01 2.220556927124912594e-01 1.255575757318422477e-02 9.749467959301958420e-01 8.583187959200731854e+00
9.732077211402898609e-01 -1.816983690489672176e-02 -2.291886227752801264e-01 -1.317613877146711410e+00 1.457004740485270435e-02 9.997426084882031772e-01 -1.738462672897384334e-02 -1.822233739905154137e-01 2.294456270892553940e-01 1.357837497840255064e-02 9.732219077677473074e-01 9.110394557237114554e+00
9.710097174897522887e-01 -1.441583770085111231e-02 -2.385793820650467245e-01 -1.469049209507301557e+00 9.237067009160444819e-03 9.996972125649126184e-01 -2.281156098663253418e-02 -1.856039900286801103e-01 2.388359175511395593e-01 1.994651733400494217e-02 9.708487487897875523e-01 9.643653767959136758e+00
9.693100539867576249e-01 -1.204838624885239129e-02 -2.455435550100867059e-01 -1.622104948606938768e+00 5.959176360647252570e-03 9.996564094958085844e-01 -2.552607003847299355e-02 -2.020444049117980645e-01 2.457667023100371106e-01 2.327981317122288993e-02 9.690487590668724893e-01 1.018886028754254625e+01
9.668243897728734382e-01 -1.379088105185409183e-02 -2.550867947317948525e-01 -1.779121302544084404e+00 6.857277811256870872e-03 9.995829996825075225e-01 -2.805031922091852023e-02 -2.296752290841632127e-01 2.553672246687776481e-01 2.537107927385258421e-02 9.665156294769621237e-01 1.074343117897385724e+01
9.646589284762100425e-01 -1.590552253043807027e-02 -2.629906736015302227e-01 -1.938705199094896692e+00 8.475668323343218957e-03 9.995330393965117244e-01 -2.936179828723531685e-02 -2.559348738369083831e-01 2.633349012942742262e-01 2.609411890946276499e-02 9.643432551344808257e-01 1.132303983043173190e+01
9.626013924803445976e-01 -1.725315264068548460e-02 -2.703078676651322065e-01 -2.115425759631356151e+00 8.819210492034228535e-03 9.994368750695413750e-01 -3.238610519196315901e-02 -2.736257568242518867e-01 2.707141986995226790e-01 2.879099945872462540e-02 9.622113218933210366e-01 1.190637112630739658e+01
9.598676916669385273e-01 -1.619552554873349842e-02 -2.799094167555132295e-01 -2.306096533577313146e+00 6.462385612679691881e-03 9.993434931044770098e-01 -3.564897340086071315e-02 -2.961217252562701741e-01 2.803029188941696948e-01 3.240958370853120468e-02 9.593420483752520544e-01 1.249863446738375927e+01
9.581751947235027655e-01 -1.738167660057962291e-02 -2.857005267966553075e-01 -2.492692945053516240e+00 6.119145369897010904e-03 9.991701045078147381e-01 -4.028029965236280124e-02 -3.285459038697013945e-01 2.861634019964722775e-01 3.684860379629518318e-02 9.574861006862851465e-01 1.309915745875959558e+01
9.562714170461096286e-01 -1.825825414406049771e-02 -2.919515782716577967e-01 -2.692561278548170289e+00 4.285303006826941645e-03 9.988172240097548116e-01 -4.842383391452444868e-02 -3.685029146265422773e-01 2.924905655034634178e-01 4.505552427656019793e-02 9.552184086954174091e-01 1.371477111763114820e+01
9.552459581992984727e-01 -1.879947527200621915e-02 -2.952450181045624955e-01 -2.899436142932590332e+00 2.293129411940252830e-03 9.984192752797412806e-01 -5.616344560961547550e-02 -4.018604979197627491e-01 2.958338334982203444e-01 5.297455466781172267e-02 9.537788263697459801e-01 1.434078505191879671e+01
9.542561354604548463e-01 -1.828537460035289594e-02 -2.985321518839839094e-01 -3.104397324241243261e+00 -1.227363362468266751e-03 9.978802488138938109e-01 -6.507843360134640820e-02 -4.476862049904914431e-01 2.990892521289781891e-01 6.246866827913302722e-02 9.522107374411972192e-01 1.497912585062157653e+01
9.527985870563659976e-01 -1.819791403787165279e-02 -3.030014106377439398e-01 -3.328363603021510464e+00 -4.596414300132054681e-03 9.972229705832361679e-01 -7.431713992358011944e-02 -4.939136106499260048e-01 3.035124300639002182e-01 7.220179441563764899e-02 9.500688983693091894e-01 1.562788213879447063e+01
9.515903816216338962e-01 -1.731298839976575313e-02 -3.068242146791860248e-01 -3.556098862614752054e+00 -7.920961776910836680e-03 9.966996770601664890e-01 -8.080224411771597115e-02 -5.540183785891378276e-01 3.072101603456733887e-01 7.932179915996075137e-02 9.483125719334343229e-01 1.628708885159844399e+01
9.497879023729690617e-01 -1.552727700506482261e-02 -3.125100710535864690e-01 -3.789284986421514567e+00 -1.238626940830716075e-02 9.961194187389532662e-01 -8.713590991539137132e-02 -6.146682397179127344e-01 3.126502872658086241e-01 8.663156431891265441e-02 9.459096525742961559e-01 1.694840836593056821e+01
9.481381450020923696e-01 -1.411749595251225731e-02 -3.175730700511292803e-01 -4.032640989332630710e+00 -1.649982160707035711e-02 9.954804904955145695e-01 -9.352250716997963231e-02 -6.839007861758507056e-01 3.174576172619713588e-01 9.391384742956754295e-02 9.436201054234136798e-01 1.762518925707335171e+01
9.470537566706426214e-01 -1.245519738288495236e-02 -3.207492429816404811e-01 -4.287110453279716182e+00 -2.047725574267962242e-02 9.948700318020430311e-01 -9.906437349804286807e-02 -7.555265322300965813e-01 3.203375192402946880e-01 1.003879406825733261e-01 9.419403162750868974e-01 1.831549410950765022e+01
9.450675733902875741e-01 -1.006181168733500178e-02 -3.267217719038482127e-01 -4.546553840489059972e+00 -2.471680959476215550e-02 9.944649571605949090e-01 -1.021357273626935791e-01 -8.320701008212899596e-01 3.259409026711767021e-01 1.046012695147727212e-01 9.395877597285063887e-01 1.901343332087284566e+01
9.436318953672522269e-01 -9.346247832938591599e-03 -3.309035862880836398e-01 -4.815459844190657535e+00 -2.636200747099758449e-02 9.943038900329348451e-01 -1.032769147263242204e-01 -9.117213761745306400e-01 3.299850243449681253e-01 1.061751311760336380e-01 9.380103787309778118e-01 1.972347256120855263e+01
9.414728901587166021e-01 -8.184470528054465718e-03 -3.369911904710334860e-01 -5.087360496062780513e+00 -2.796175650944968116e-02 9.943637566641593262e-01 -1.022714251685249431e-01 -9.946547799923471933e-01 3.359289295226669525e-01 1.057084530937220518e-01 9.359376094065250395e-01 2.045295108737706968e+01
9.388119144969685470e-01 -7.837844046937459189e-03 -3.442710491718140031e-01 -5.369004850440414423e+00 -2.872504639708806790e-02 9.944765779970301534e-01 -1.009664328768530572e-01 -1.079444253384061803e+00 3.431600291563989269e-01 1.046814754019418647e-01 9.334013087221270100e-01 2.117659450357440321e+01
9.367176319308776478e-01 -8.640730685603548872e-03 -3.499081029288935718e-01 -5.657291523995793270e+00 -2.761664818170692787e-02 9.947562674045760112e-01 -9.846018298685196846e-02 -1.165399682468052367e+00 3.489237020334303163e-01 1.018939227232738137e-01 9.315670247368121881e-01 2.190934609590578575e+01
9.344940476509913108e-01 -8.342419065732629632e-03 -3.559232603053618105e-01 -5.950767103373356903e+00 -2.733624010950096508e-02 9.950917381778975335e-01 -9.510689479100847832e-02 -1.251323971817045466e+00 3.549699844993622899e-01 9.860484813294576045e-02 9.296791243922113424e-01 2.264960167854036399e+01
9.298530219087688398e-01 -5.405249509204498003e-03 -3.678463324120641031e-01 -6.270906789710759099e+00 -2.998714702440700985e-02 9.954522404917117706e-01 -9.040533575484654971e-02 -1.327493383728085785e+00 3.666615693063769443e-01 9.509642800127010576e-02 9.254623500567950023e-01 2.341388535445701535e+01
9.266103945864339053e-01 -2.621753195528771230e-03 -3.760610257973981962e-01 -6.589699892265984182e+00 -3.149194694001138106e-02 9.959216247661257793e-01 -8.455075361848837789e-02 -1.407213394934632378e+00 3.747492671105845385e-01 9.018656013760789625e-02 9.227485683206280154e-01 2.416619618356014954e+01
9.233005617265449549e-01 1.952320149349732244e-03 -3.841081366055619783e-01 -6.926328104827600640e+00 -3.533146910103020233e-02 9.961787650667269789e-01 -7.986734763635248979e-02 -1.482901177892552047e+00 3.824842605830385822e-01 8.731268285441586008e-02 9.198413924488241245e-01 2.491358048777562573e+01
9.198776561633601467e-01 1.803525489557053800e-03 -3.921698794298377755e-01 -7.269774736956694738e+00 -3.536851709192635057e-02 9.962964318279859954e-01 -7.837068804061647631e-02 -1.555074319426484442e+00 3.905757295936834184e-01 8.596452530020338989e-02 9.165348072151056069e-01 2.567939569596665805e+01
9.155874828393508746e-01 3.753455599519507982e-03 -4.020934268273350654e-01 -7.616447247697751166e+00 -3.788942672458352895e-02 9.963129462788854473e-01 -7.696517849338968542e-02 -1.632853114575353093e+00 4.003217796886798796e-01 8.570365916604943957e-02 9.123537260407605931e-01 2.645802721363816445e+01
9.125198356540558109e-01 2.916508750966078332e-03 -4.089952350166305983e-01 -7.976784583544092477e+00 -3.734019515208000795e-02 9.963932249583971057e-01 -7.619767573188103438e-02 -1.704600734459321254e+00 4.072980195279565230e-01 8.480306946282159530e-02 9.093372378876083406e-01 2.723626852819096200e+01
9.086901594912040192e-01 4.107199105937645554e-03 -4.175081597965714653e-01 -8.349132040680661504e+00 -3.844850437922973235e-02 9.965251855451429108e-01 -7.389525983809770715e-02 -1.776175156771885089e+00 4.157542716438586416e-01 8.319781706222642570e-02 9.056904095298460300e-01 2.802387470617848919e+01
9.047024627211563974e-01 3.934990202324311140e-03 -4.261089377981209791e-01 -8.735094709936301882e+00 -3.797716107819074094e-02 9.967216822635831530e-01 -7.144044919006066474e-02 -1.854305228115421755e+00 4.244314136047854236e-01 8.080988164775351756e-02 9.018857128605672902e-01 2.881337907400303067e+01
9.011191257580088987e-01 4.567592209197021344e-03 -4.335866066500468907e-01 -9.129235225875365956e+00 -3.726420802260653475e-02 9.970603490195586449e-01 -6.695336725220320251e-02 -1.922949065569041771e+00 4.320060291012558507e-01 7.649099756726168708e-02 8.986403313213705557e-01 2.961260807768901060e+01
8.972979368196765115e-01 5.701547611007199215e-03 -4.414343469678388421e-01 -9.536838536842457970e+00 -3.685200467298044985e-02 9.973937014245892740e-01 -6.203257734734547724e-02 -1.981667640218500726e+00 4.399303963320569388e-01 7.192677076521980517e-02 8.951690871585665787e-01 3.042582227809334228e+01
8.942634989260348499e-01 5.879089207170921580e-03 -4.475232178084044832e-01 -9.958069607933104805e+00 -3.548747935307957485e-02 9.976968891525505034e-01 -5.779915891300410613e-02 -2.055125130165466718e+00 4.461529858350821165e-01 6.756514020535343834e-02 8.924122992611978056e-01 3.123562136447381477e+01
8.902164944858372841e-01 5.073548149324531679e-03 -4.555455665960481126e-01 -1.038591441804926774e+01 -3.411324272162257615e-02 9.978726620811566583e-01 -5.554800084623635198e-02 -2.114416901804948346e+00 4.542944951321302716e-01 6.498994545441116877e-02 8.884959455143052187e-01 3.206112814429990010e+01
8.867145503152166208e-01 5.014521914616781699e-03 -4.622860188309479423e-01 -1.083401919906286182e+01 -3.371742306544630446e-02 9.979798654129401481e-01 -5.384919510263973946e-02 -2.173597098673024419e+00 4.610827352285872816e-01 6.333112426761489111e-02 8.850920017561269004e-01 3.288426673796094946e+01
8.842722226580940204e-01 5.314883196722832749e-03 -4.669355272358166054e-01 -1.127931568365395165e+01 -3.327942997358671051e-02 9.981100202206737437e-01 -5.166652718150004098e-02 -2.229059584020115725e+00 4.657788333820527260e-01 6.122419659769946093e-02 8.827776024734054205e-01 3.372179165167417381e+01
8.811069690549406808e-01 4.640509566184771069e-03 -4.728309965477584531e-01 -1.174566064438717206e+01 -3.197963076547034184e-02 9.982477180196674960e-01 -4.978103731478603772e-02 -2.287711422357748603e+00 4.717714603251323968e-01 5.898288242587873542e-02 8.797114178143080609e-01 3.457230953046874333e+01
8.787967080865599634e-01 3.003224400841551442e-03 -4.772702417541211939e-01 -1.222195516396183557e+01 -3.077753757426773124e-02 9.982549865131299383e-01 -5.039338701917950303e-02 -2.345085333245379822e+00 4.762862848674082050e-01 5.897012547145073780e-02 8.773555324396473676e-01 3.542883094965194601e+01
8.776669509503418620e-01 2.076976713173999366e-03 -4.793015883085275375e-01 -1.270426088618618543e+01 -2.988927371448773379e-02 9.982813245439154937e-01 -5.040931499035106872e-02 -2.404352975734533437e+00 4.783733898084808756e-01 5.856645952118762904e-02 8.762204991105402296e-01 3.629692422312158584e+01
8.756016191711265551e-01 2.125682694421927778e-03 -4.830869237134308158e-01 -1.319986631226136709e+01 -3.032247880929850314e-02 9.982599272826823134e-01 -5.057270182584246848e-02 -2.458823913672520511e+00 4.821390379016476380e-01 5.892747669082052525e-02 8.741424132019530724e-01 3.716599511835200786e+01
8.756023813480924289e-01 2.626136381716241783e-03 -4.831372616689519894e-01 -1.370401646557597708e+01 -3.030533716618946660e-02 9.983137786135795055e-01 -4.949766031277388206e-02 -2.518259081201182692e+00 4.821927056443686688e-01 5.797868328689961825e-02 8.742055188675215138e-01 3.805001874628406000e+01
8.749412703631292976e-01 3.210639051854227450e-03 -4.842420690097883340e-01 -1.420728945110515085e+01 -2.980634035749267149e-02 9.984388362477878420e-01 -4.723666612351323790e-02 -2.572534988329487682e+00 4.833342751489105305e-01 5.576379410251526558e-02 8.736711324027550685e-01 3.895185503950069261e+01
8.749609953988110034e-01 2.424126886022840571e-03 -4.842466859880585894e-01 -1.472130675128464183e+01 -2.841621231622464688e-02 9.985209109128171390e-01 -4.635861827348222025e-02 -2.628943546163181821e+00 4.834181083187132910e-01 5.432244147894801228e-02 8.737358084749018428e-01 3.986184656738440424e+01
8.744989121478317085e-01 -3.301862682807726510e-04 -4.851457695279577376e-01 -1.524106011458505350e+01 -2.611248635693161693e-02 9.985174157418171825e-01 -4.775615083646725378e-02 -2.688471698080641570e+00 4.844424501609818634e-01 5.442787342115545240e-02 8.731938299815976690e-01 4.078417981344396281e+01
8.726627269002436016e-01 -4.042532237472514466e-04 -4.883431711951792265e-01 -1.576948658226413258e+01 -2.593934198332398244e-02 9.985494384767261700e-01 -4.717809263341101594e-02 -2.750978659926559100e+00 4.876538371498497226e-01 5.383788742541992245e-02 8.713864874626912060e-01 4.171126043708147790e+01
8.719495021586153305e-01 -2.221761113003860658e-03 -4.897166414083579666e-01 -1.630057772843798958e+01 -2.334886205587928532e-02 9.986632037260164685e-01 -4.612002924995001196e-02 -2.808932985422261108e+00 4.891646999767954584e-01 5.164566732024879897e-02 8.707319248335996242e-01 4.264558105463089532e+01
8.693636361387465650e-01 -1.516068358236756205e-03 -4.941006025810476543e-01 -1.684227706244427480e+01 -2.206832036703857899e-02 9.988786177429592739e-01 -4.189687852676845375e-02 -2.868289171446973373e+00 4.936100174297129439e-01 4.732953141496214211e-02 8.683552841126792599e-01 4.357536632248692143e+01
8.668833697575029085e-01 -1.698549812313420240e-03 -4.986414578921669061e-01 -1.737656145120907425e+01 -1.978213570563596910e-02 9.990894189278904935e-01 -3.780348165971447044e-02 -2.931904825016689475e+00 4.982517367253001539e-01 4.263234181681651441e-02 8.660602256120922826e-01 4.450660333221004095e+01
8.637396556870278186e-01 -3.399579018317569912e-03 -5.038196394149258017e-01 -1.792254670998393706e+01 -1.692908645876111881e-02 9.992170825124195854e-01 -3.575259875672926607e-02 -2.985796222508761755e+00 5.035467830615395490e-01 3.941129713165842513e-02 8.630057814462438470e-01 4.542785656894121615e+01
8.582032192317132768e-01 -5.732396780358695910e-03 -5.132863080606442363e-01 -1.848283513428589231e+01 -1.587719021299372271e-02 9.991628219188311011e-01 -3.770436115671535471e-02 -3.040454997123476222e+00 5.130726146484224648e-01 4.050918375500355689e-02 8.573935470910331036e-01 4.634857268048127565e+01
8.529475512548767568e-01 -8.305611468711854989e-03 -5.217484831313999871e-01 -1.904539820007450857e+01 -1.514618794407660528e-02 9.990586997134697222e-01 -4.064826043465636501e-02 -3.103603442185875139e+00 5.215946933676658404e-01 4.257795506407185959e-02 8.520188983770516922e-01 4.724984522203475734e+01
8.461240064618757994e-01 -8.190456439183705500e-03 -5.329429672917107563e-01 -1.963159292233999409e+01 -1.555747338140885810e-02 9.990763272260588801e-01 -4.005759560548262377e-02 -3.157770619648403443e+00 5.327788860321790443e-01 4.218419991093207838e-02 8.452151679066089995e-01 4.816244364664564159e+01
8.415028308820118319e-01 -5.655564260335132869e-03 -5.402529537770183188e-01 -2.023017887475908339e+01 -1.593597308451173006e-02 9.992502303448153045e-01 -3.528838355105574920e-02 -3.206961156423790094e+00 5.400474216925023052e-01 3.830532899527770707e-02 8.407819443426310935e-01 4.906945306338336366e+01
8.368094831841257353e-01 -2.450748019571574385e-03 -5.474520906397475351e-01 -2.083310181479933831e+01 -1.722500790272364982e-02 9.993771924278849195e-01 -3.078915970124582874e-02 -3.261889569725469507e+00 5.471866181998531475e-01 3.519264303399909088e-02 8.362462238630872235e-01 4.996691737251498466e+01
8.317351203324536701e-01 -1.022755695002844313e-03 -5.552038002830852470e-01 -2.144165374075274855e+01 -1.989890713893754243e-02 9.993008147456162726e-01 -3.164284626544294765e-02 -3.313040628635091078e+00 5.548481151752494567e-01 3.736323475471289152e-02 8.311334617992190976e-01 5.085679277138979870e+01
8.285866584844645555e-01 -3.145306303843123027e-03 -5.597692659946238436e-01 -2.205388889630263805e+01 -2.070547208808851819e-02 9.991279518415632221e-01 -3.625462571614849333e-02 -3.364744537470555130e+00 5.593951033153535812e-01 4.163296331595929545e-02 8.277990934970620440e-01 5.173909648809440398e+01
8.262604893866030142e-01 -5.240739131927014786e-03 -5.632919751804373876e-01 -2.265643681086190853e+01 -2.308707786381958629e-02 9.988014491118887284e-01 -4.316341374823726151e-02 -3.425964001188178898e+00 5.628432565678873623e-01 4.866611991505784274e-02 8.251493361253795511e-01 5.261983395807033048e+01
8.230689109499801370e-01 -5.051975243416663777e-03 -5.678320521992668013e-01 -2.328073632430550077e+01 -2.433497239913639046e-02 9.987283736198553363e-01 -4.414761324935446291e-02 -3.483358137917973885e+00 5.673326731944182688e-01 5.015990365086894082e-02 8.218995004033093910e-01 5.349041956718228619e+01
8.201752011497169814e-01 -4.010991196094077817e-03 -5.720739900485762863e-01 -2.390490409700475638e+01 -2.333212706976948297e-02 9.989090470324134552e-01 -4.044745760051631639e-02 -3.542235241833522341e+00 5.716123091090488106e-01 4.651919529494008554e-02 8.191867259771106191e-01 5.436469314624580562e+01
8.166706152396192575e-01 -1.814604886911464453e-03 -5.770128915205422482e-01 -2.454132881393231003e+01 -2.207062224272322154e-02 9.991652511456688979e-01 -3.438174591298197996e-02 -3.600530342046607934e+00 5.765935143183628098e-01 4.081793756662525224e-02 8.159489303294946705e-01 5.524911793781204494e+01
8.132681209208881823e-01 -9.246271969063116995e-04 -5.819416418023537485e-01 -2.518093171682397724e+01 -2.160624945433427258e-02 9.992611311310664046e-01 -3.177867056560527287e-02 -3.650294121331038255e+00 5.815410946301325934e-01 3.841587970806913804e-02 8.126472373012255668e-01 5.612844924763558652e+01
8.108541288045036932e-01 1.451069810448992348e-03 -5.852571523799181552e-01 -2.581986165793282950e+01 -2.435263443353982010e-02 9.992144470600387018e-01 -3.126533848098242419e-02 -3.699998669867883283e+00 5.847520407306134871e-01 3.960510751425843495e-02 8.102524595205895519e-01 5.700053109942685836e+01
8.070860610903947130e-01 -7.794329075552799383e-05 -5.903345709858410784e-01 -2.647363307304618374e+01 -2.394827842733895581e-02 9.991728037569540533e-01 -3.286464504107686202e-02 -3.754826183469154088e+00 5.898486786697049178e-01 4.066363536833316611e-02 8.064165039385096101e-01 5.787647099863370670e+01
8.029709328829733872e-01 -2.603864223161566054e-03 -5.958455467289408558e-01 -2.712931435892300769e+01 -2.340510763667240715e-02 9.990813776298360649e-01 -3.590643729997519684e-02 -3.809940933898983140e+00 5.953914871610345161e-01 4.278406349982383228e-02 8.021723713414388168e-01 5.874283105774060232e+01
7.994415661455254174e-01 -3.919325834489949777e-03 -6.005994626062239883e-01 -2.778619802174040743e+01 -2.222454064517582692e-02 9.991012139848215456e-01 -3.609059173553884337e-02 -3.858717521429513742e+00 6.002008508125391550e-01 4.220400576143357868e-02 7.986359174557128293e-01 5.961096679630654194e+01
7.944788050666825585e-01 -3.396289035207872026e-03 -6.072315084479479319e-01 -2.845946960055910679e+01 -2.172790630831513206e-02 9.991851638026026938e-01 -3.402308069122745443e-02 -3.910479333163871196e+00 6.068521546857307269e-01 4.022816922089144515e-02 7.937576271809775319e-01 6.047240335829759061e+01
7.910312434963615580e-01 -3.907488591968318742e-03 -6.117484243043209702e-01 -2.913819293044580760e+01 -2.117127669452149863e-02 9.992058278155027118e-01 -3.375693619318693300e-02 -3.961800926031700865e+00 6.113946133413283857e-01 3.965348886352155350e-02 7.903201558228405421e-01 6.133123543704007119e+01
7.848289712685181385e-01 -4.529645823095587893e-03 -6.196940607811488588e-01 -2.983070004598092950e+01 -2.146851442193086629e-02 9.991743324942438109e-01 -3.450274162626545960e-02 -4.018623836166348440e+00 6.193386809790826231e-01 4.038552824231885635e-02 7.840835588013252977e-01 6.219040864514139599e+01
7.799999183501790112e-01 -5.498934615960413344e-03 -6.256528634129270294e-01 -3.052456781180256939e+01 -2.142755749510011007e-02 9.991402649465553898e-01 -3.549929732977110536e-02 -4.068862364385795516e+00 6.253100314792773284e-01 4.110119092799129764e-02 7.792115122408328487e-01 6.304103304624268844e+01
7.747953687723372340e-01 -6.584578936107267876e-03 -6.320069831797094917e-01 -3.122593361907206955e+01 -2.074866282140148260e-02 9.991422784026936510e-01 -3.583478363231963615e-02 -4.123197062125048440e+00 6.317007693190411777e-01 4.088055546104405608e-02 7.739940835721922374e-01 6.388948054442852253e+01
7.686996633183205141e-01 -8.517812282917624697e-03 -6.395983797464888099e-01 -3.194716219558757686e+01 -1.979569296827041539e-02 9.991154285430069448e-01 -3.709644624916461075e-02 -4.175342678495919557e+00 6.393487943993624301e-01 4.117460687985322748e-02 7.678509566654366791e-01 6.473398063881349174e+01
7.633596470881168772e-01 -1.017599487367456049e-02 -6.459700555559114710e-01 -3.266628660783371174e+01 -1.879545670722859718e-02 9.991026567995082708e-01 -3.794687169175445934e-02 -4.231285309700709263e+00 6.457769353806943613e-01 4.110321444880254277e-02 7.624833128344820077e-01 6.558112615260192513e+01
7.571079040299069085e-01 -1.103985590877538080e-02 -6.531816236921610397e-01 -3.340294697642374189e+01 -1.810051031468431007e-02 9.991187211755208075e-01 -3.786977012994115210e-02 -4.286694057092739207e+00 6.530241331838311236e-01 4.049818560834430453e-02 7.562408187375961877e-01 6.641497377586088646e+01
7.514769507978455998e-01 -1.157965474502644677e-02 -6.595475958281086237e-01 -3.415214397335234509e+01 -1.682787789327264485e-02 9.991842561947551493e-01 -3.671078694882823346e-02 -4.343630772167866638e+00 6.594347850271807809e-01 3.868578768416570252e-02 7.506690494694967519e-01 6.725599691458268126e+01
7.449064427047040748e-01 -1.158027150411804727e-02 -6.670140402082028741e-01 -3.490429003307251321e+01 -1.617618846010022982e-02 9.992419088828893292e-01 -3.541115097142685797e-02 -4.394567418145631343e+00 6.669183248311638668e-01 3.717288229312221831e-02 7.441544752938153984e-01 6.808504699801882509e+01
7.391190539461515163e-01 -1.395728513210319627e-02 -6.734186646708623103e-01 -3.567092717507808430e+01 -1.452527398495737261e-02 9.992225598323243307e-01 -3.666083809844609964e-02 -4.450604265968455486e+00 6.734067549214992621e-01 3.687960540776200058e-02 7.383417048364840918e-01 6.890996678292245292e+01
7.321986998022499415e-01 -1.502020612803274882e-02 -6.810094572338594165e-01 -3.645392947010699913e+01 -1.439431385608499168e-02 9.991922837053588413e-01 -3.752636481062104207e-02 -4.514464154076244462e+00 6.810232010317585072e-01 3.727719018433182929e-02 7.313911014342553418e-01 6.973692276389320455e+01
7.273557247033132223e-01 -1.465218722386220709e-02 -6.861495041785743432e-01 -3.724581527616233956e+01 -1.546183326766104385e-02 9.991683727614794064e-01 -3.772635020969074271e-02 -4.570426220234026893e+00 6.861317945597231738e-01 3.804782981087318633e-02 7.265241913573818877e-01 7.055949454306772850e+01
7.210252072706980764e-01 -1.452229162811399799e-02 -6.927997745816668607e-01 -3.804899482785114628e+01 -1.532911418306242071e-02 9.992013691391878893e-01 -3.689296937465498527e-02 -4.615040930506878247e+00 6.927824117948812033e-01 3.721787906106112376e-02 7.202267145294454220e-01 7.137518190089436132e+01
7.181145276897552554e-01 -1.313432058611171266e-02 -6.958954139235228320e-01 -3.885573537574169478e+01 -1.672451598660872410e-02 9.992074671666226759e-01 -3.612999742494050343e-02 -4.672561970164561984e+00 6.958185709177550082e-01 3.758323618226253743e-02 7.173256844725406367e-01 7.218783112486312348e+01
7.122219543365618799e-01 -1.372273265005106990e-02 -7.018604138396290493e-01 -3.967769082997920549e+01 -1.672214006084754914e-02 9.991934598077198970e-01 -3.650092287033761956e-02 -4.736009054453742095e+00 7.017955966355295949e-01 3.773015531267986250e-02 7.114180285437068374e-01 7.300722468571390777e+01
7.062522292139099545e-01 -1.571881717261210815e-02 -7.077938108661337990e-01 -4.050601953670003752e+01 -1.707147869158513395e-02 9.990846562148828491e-01 -3.921952386190824535e-02 -4.793912398328610713e+00 7.077623034658041545e-01 3.978195071158899254e-02 7.053373885389504494e-01 7.381745203857531124e+01
7.028557931040695372e-01 -1.846133440289743008e-02 -7.111889107818019085e-01 -4.133542826195741782e+01 -1.685142814877611459e-02 9.989504545077155795e-01 -4.259251685815323984e-02 -4.859326707046336402e+00 7.112286337690746363e-01 4.192212358383085730e-02 7.018070217172862613e-01 7.462603346080298650e+01
6.971869938233037356e-01 -1.862943353109223002e-02 -7.166091735137191110e-01 -4.218937053369207746e+01 -1.772070694666503035e-02 9.989090030118868979e-01 -4.320343565486698539e-02 -4.922751414922293733e+00 7.166320425042423947e-01 4.282203468623700660e-02 6.960961880898888232e-01 7.543108152372062136e+01
6.916750213115242518e-01 -1.828980075808539496e-02 -7.219129061752405097e-01 -4.304162531669029335e+01 -1.706254999749822268e-02 9.989864283301873593e-01 -4.165855416719361354e-02 -4.982285511085521534e+00 7.219430113267671922e-01 4.113395058251204800e-02 6.906617687039308118e-01 7.623703159694792930e+01
6.868848678374059880e-01 -1.833065619657370249e-02 -7.265439107014614040e-01 -4.390140235658130052e+01 -1.583073163000115954e-02 9.990673048360899644e-01 -4.018027946771986214e-02 -5.045686140013623699e+00 7.266030528252425125e-01 3.909711339212482845e-02 6.859539290301479575e-01 7.704364465099608594e+01
6.816472655465419805e-01 -1.882571956299863500e-02 -7.314033531909950314e-01 -4.477546644219132332e+01 -1.562531758821645092e-02 9.990664016883521459e-01 -4.026200689483101086e-02 -5.113474256781232796e+00 7.314785847834296417e-01 3.887230491173540581e-02 6.807167393355405549e-01 7.784113015755285403e+01
6.781322908528009119e-01 -1.985227062984942781e-02 -7.346987473820882908e-01 -4.565045960041216944e+01 -1.497840345413179418e-02 9.990541444390804715e-01 -4.082426201798260851e-02 -5.176035822741567038e+00 7.348141406326860192e-01 3.869221707084369993e-02 6.771935166620067781e-01 7.863872801440490434e+01
6.724412919920363940e-01 -2.037209908421949364e-02 -7.399034663828142344e-01 -4.654304975850994452e+01 -1.369235327614905240e-02 9.991076681062367459e-01 -3.995082294931173728e-02 -5.224917885618238778e+00 7.400574021063037744e-01 3.699198312022783375e-02 6.715623761329587715e-01 7.943654995475112912e+01
6.690612481524168542e-01 -2.200175271579855180e-02 -7.428244771675085456e-01 -4.743924465066506713e+01 -1.217022204008721097e-02 9.991033717724683294e-01 -4.056360067474370362e-02 -5.297794501739661932e+00 7.430504818135766909e-01 3.618768052091067555e-02 6.681935696579397455e-01 8.021158417823515663e+01
6.662471160767213796e-01 -2.491938737836561432e-02 -7.452406995694785818e-01 -4.832800538216501707e+01 -8.521078527489888213e-03 9.991218464462121585e-01 -4.103037856863574889e-02 -5.361417731449346746e+00 7.456088880010965925e-01 3.368409450797389681e-02 6.654498097930456879e-01 8.100947924961430147e+01
6.595717905023332772e-01 -2.938033671539808100e-02 -7.510355606107909088e-01 -4.923509281238446533e+01 -5.991715158247304905e-03 9.989983503786199481e-01 -4.434838535875221255e-02 -5.423537977931480292e+00 7.515864944802665981e-01 3.374530535389146796e-02 6.587353047901285397e-01 8.180403964742205858e+01
6.560815640472813515e-01 -3.226777457164551471e-02 -7.540377704417500215e-01 -5.015190558790915532e+01 -3.021525958002510819e-03 9.989653755580264471e-01 -4.537842857937965380e-02 -5.491131882275138487e+00 7.547218537174265052e-01 3.205107322327845759e-02 6.553052070202112223e-01 8.259729677820840266e+01
6.512475192191289342e-01 -3.833225068802689067e-02 -7.577974172739448955e-01 -5.107194414300946050e+01 4.865088917887402421e-03 9.989139781343191471e-01 -4.635286128912590592e-02 -5.563457138830922410e+00 7.587505197768914522e-01 2.650784533486089112e-02 6.507265045653449764e-01 8.339498319616727429e+01
6.425610562276253823e-01 -4.061818158498606973e-02 -7.653032432371634775e-01 -5.200757497692128339e+01 9.059319250123215247e-03 9.989265708966749147e-01 -4.542028069065131429e-02 -5.632737312724642287e+00 7.663276230359881147e-01 2.224191906366575211e-02 6.422397803311440390e-01 8.417510581925587587e+01
6.331730644517694628e-01 -4.217051418368984034e-02 -7.728958073484167857e-01 -5.294863108178206090e+01 1.195484540604974284e-02 9.989286598510342952e-01 -4.470579753413312513e-02 -5.712640386909283663e+00 7.739528127018561188e-01 1.907273693650254551e-02 6.329983375906593768e-01 8.494985154674851913e+01
6.230857037631694073e-01 -4.163254635154027550e-02 -7.809856449899619246e-01 -5.389930468939542152e+01 1.397321395794293153e-02 9.990154935355064492e-01 -4.210535015149390048e-02 -5.773702582276364126e+00 7.819697592383936247e-01 1.532137683686176158e-02 6.230539583600462894e-01 8.571441184541167502e+01
6.154477240198533705e-01 -4.157198447140658670e-02 -7.871400627955641438e-01 -5.489116830235960975e+01 1.388350124179547895e-02 9.990249087137947903e-01 -4.192061865876413329e-02 -5.845330311392165079e+00 7.881148051373846330e-01 1.487680048377209435e-02 6.154246875368903913e-01 8.647178140700540894e+01
6.062608362681821683e-01 -4.118231971787573997e-02 -7.940801491699217562e-01 -5.587535312770931029e+01 1.165462540613954566e-02 9.990113550539965193e-01 -4.290750877293925819e-02 -5.907304184259175805e+00 7.950615018422059199e-01 1.676267700297806584e-02 6.061410133477740381e-01 8.721176290880411841e+01
5.948318787625213044e-01 -4.471185118091464822e-02 -8.026148287099980072e-01 -5.686851313839304822e+01 1.372145810107942843e-02 9.988712870944359556e-01 -4.547121183048389442e-02 -5.982255250364855392e+00 8.037420167078426214e-01 1.603506667855569140e-02 5.947738734802012761e-01 8.794368892929138326e+01
5.853279899231704775e-01 -4.603934457127779184e-02 -8.094379227291358392e-01 -5.787988649217463433e+01 1.357410107304920545e-02 9.988027809428281500e-01 -4.699221205633954956e-02 -6.047154279119608233e+00 8.106328377500606752e-01 1.651129313363032536e-02 5.852525761684560512e-01 8.867096772301981389e+01
5.776681444971850654e-01 -4.730825096338354269e-02 -8.148393479426482289e-01 -5.890280275679452160e+01 1.749988035986502904e-02 9.988071379079913603e-01 -4.557823768227284300e-02 -6.121156184636140196e+00 8.160240768968705094e-01 1.206137144054996065e-02 5.778072874800777026e-01 8.939091487185733342e+01
5.655085844490637115e-01 -4.669520076053199770e-02 -8.233920166551926823e-01 -5.994151279801019427e+01 1.911867472105172050e-02 9.988698494376764270e-01 -4.350371752247145923e-02 -6.194348935738954509e+00 8.244933417145253740e-01 8.855859778378010264e-03 5.657621687019136481e-01 9.009256189432089457e+01
5.543280448052839704e-01 -4.720010907844836984e-02 -8.309032369842340726e-01 -6.099406555604434033e+01 1.920553624467375223e-02 9.988501793435999865e-01 -4.392849280626458242e-02 -6.265622265572742933e+00 8.320210871983930723e-01 8.394037617271428442e-03 5.545972256039239934e-01 9.078077509110589460e+01
5.457917518158837966e-01 -4.788784090498714868e-02 -8.366068817343418340e-01 -6.204794914787512283e+01 1.856450566254802537e-02 9.988117527654188921e-01 -4.504719699918807718e-02 -6.335981528553810804e+00 8.377704409484721948e-01 9.055135809486209580e-03 5.460319739152490470e-01 9.146431896568412867e+01
5.341109689002435656e-01 -4.896774349160236406e-02 -8.439770339966737867e-01 -6.311827175816122093e+01 1.796982177715941362e-02 9.987532450062480693e-01 -4.656858024540459079e-02 -6.406125423971710475e+00 8.452052079998315648e-01 9.707228554001901683e-03 5.343247642886990167e-01 9.213116833398397887e+01
5.261109473863206931e-01 -4.987145483974605997e-02 -8.488563938575885981e-01 -6.419656343750720850e+01 1.683545474613526091e-02 9.986944004823735677e-01 -4.824092745464230586e-02 -6.486010573011031788e+00 8.501530990420476108e-01 1.109846461810939239e-02 5.262632561237678974e-01 9.277942264845690090e+01
