1.0 0.0 0.0 0.0 0.0 1.0 0.0 0.0 0.0 0.0 1.0 0.0
0.99993294 0.011501976 0.0013626888 0.3022461 -0.011499268 0.999932 -0.001979016 -0.007446289 -0.0013853423 0.0019632156 0.99999714 0.007080078
0.9998366 0.018023444 0.0013581773 0.5887451 -0.01801749 0.9998285 -0.004277246 -0.02355957 -0.0014350323 0.0042520775 0.9999899 0.008056641
0.9997853 0.02072479 -0.00026252266 0.88842773 -0.020726198 0.9997556 -0.007706918 -0.03564453 0.00010277069 0.007710702 0.99997026 0.009277344
0.9998291 0.018431092 -0.0014873015 1.2019043 -0.018443631 0.99979025 -0.0089165 -0.040039062 0.0013227648 0.008942393 0.9999592 0.012329102
0.99991983 0.012324028 -0.0028886353 1.519165 -0.012357074 0.999855 -0.0117124915 -0.04321289 0.0027438337 0.011747267 0.9999272 0.0146484375
0.99999094 -0.00078533497 -0.004179664 1.842041 0.0007342519 0.9999252 -0.012210889 -0.04272461 0.004188936 0.012207709 0.99991673 0.020874023
0.99986166 -0.015985329 -0.004593686 2.1679688 0.015931897 0.9998076 -0.011441514 -0.02758789 0.0047757328 0.011366747 0.999924 0.02746582
0.9993458 -0.0358201 -0.005040624 2.5187988 0.03577661 0.9993242 -0.00846702 0.004760742 0.0053405 0.0082811685 0.9999514 0.03112793
0.9984978 -0.054410264 -0.006477507 2.8695068 0.05437856 0.9985081 -0.0049726204 0.03894043 0.0067384206 0.0046129045 0.9999667 0.03112793
0.99719673 -0.07450623 -0.0067893667 3.2373047 0.07447876 0.997213 -0.0042135236 0.07385254 0.007084435 0.003696053 0.99996805 0.032836914
0.9953762 -0.0958492 -0.0061884224 3.616333 0.09581475 0.9953828 -0.0056434865 0.12670898 0.006700653 0.005024381 0.99996495 0.03845215
0.9933466 -0.11508657 -0.0048814444 4.0093994 0.11505029 0.993337 -0.00715651 0.17211914 0.0056722565 0.006547466 0.9999625 0.04309082
0.99095476 -0.13411069 -0.004808882 4.4039307 0.13407914 0.99095017 -0.0063740644 0.23571777 0.005620218 0.0056716753 0.9999681 0.045654297
0.98888445 -0.14866567 -0.003612584 4.8236084 0.14864628 0.9888806 -0.0051463204 0.31591797 0.0043375134 0.0045521627 0.9999802 0.052368164
0.9868908 -0.16134772 -0.0038749767 5.2493896 0.16132846 0.9868896 -0.004856933 0.3980713 0.0046076 0.0041681495 0.9999807 0.055908203
0.9848145 -0.1735828 -0.00468958 5.687256 0.17355146 0.98481023 -0.0064238906 0.47973633 0.005733506 0.005512532 0.99996835 0.059448242
0.98289835 -0.18401927 -0.0060133883 6.133789 0.18395908 0.9828833 -0.009376869 0.5637207 0.0076363203 0.008110318 0.99993795 0.06970215
0.9817098 -0.19021115 -0.008349938 6.5996094 0.19013555 0.98171794 -0.009075426 0.66223145 0.009923328 0.0073220325 0.99992394 0.072265625
0.9800858 -0.19834787 -0.009960482 7.0820312 0.19826548 0.98011464 -0.008680027 0.76452637 0.011483904 0.0065324903 0.99991274 0.07336426
0.9784764 -0.20601326 -0.012745183 7.567749 0.2059084 0.97853947 -0.009069868 0.8720703 0.014339706 0.006251219 0.9998777 0.08166504
0.97679037 -0.2136963 -0.013982564 8.072144 0.21351536 0.97683847 -0.013376812 0.9803467 0.016517362 0.010080418 0.9998129 0.08947754
0.97497076 -0.2218504 -0.014214663 8.592407 0.22156417 0.97494894 -0.019283641 1.092041 0.018137109 0.015650611 0.999713 0.10290527
0.9732472 -0.22923094 -0.015286644 9.120483 0.22891718 0.97323895 -0.019842885 1.2216797 0.019427275 0.015811356 0.9996861 0.12719727
0.970868 -0.23860393 -0.021708354 9.654297 0.23828843 0.9710538 -0.016155288 1.3692627 0.024935056 0.010511997 0.9996339 0.12646484
0.9690641 -0.24552873 -0.025081687 10.200195 0.2452459 0.9693615 -0.013840167 1.519043 0.02771101 0.0072607286 0.9995896 0.13964844
0.9665338 -0.25510612 -0.027237449 10.755859 0.254757 0.9668829 -0.015659936 1.6715088 0.030329516 0.008197001 0.99950635 0.1640625
0.9643652 -0.26305714 -0.02801473 11.336548 0.26263607 0.9647217 -0.017841384 1.8270264 0.03172122 0.009847592 0.99944836 0.18737793
0.96223533 -0.2704121 -0.03076024 11.920776 0.26991984 0.9626725 -0.01924711 2.0 0.03481809 0.010217627 0.9993418 0.20166016
0.9593639 -0.27998638 -0.03443606 12.51416 0.27950165 0.9599494 -0.01826621 2.1862793 0.038171843 0.007895748 0.99924 0.22070312
0.9575091 -0.28581285 -0.038913436 13.1154785 0.28524774 0.9582694 -0.019493746 2.3695068 0.04285984 0.0075697736 0.9990529 0.24914551
0.9552409 -0.292085 -0.047160327 13.731812 0.2914279 0.9563877 -0.02040789 2.565796 0.051062398 0.0057495357 0.99867845 0.28393555
0.9538001 -0.2953766 -0.05510035 14.358276 0.2946562 0.95538276 -0.020960636 2.7701416 0.0588313 0.0037597967 0.9982612 0.31225586
0.9522283 -0.2985773 -0.06461288 14.99707 0.29787588 0.9544171 -0.020453688 2.9725342 0.06777264 0.0002404498 0.9977017 0.35253906
0.9500834 -0.30294263 -0.07437165 15.646484 0.30227244 0.95298594 -0.02038338 3.1934814 0.07705042 -0.0031232843 0.99702114 0.39318848
0.9483232 -0.30660352 -0.08151169 16.306519 0.30604964 0.9517972 -0.019515423 3.418335 0.08356798 -0.006441235 0.99648225 0.4486084
0.94591445 -0.31201252 -0.088850066 16.968872 0.31169695 0.9500159 -0.017762754 3.6480713 0.08995087 -0.010892676 0.9958866 0.5046387
0.9436196 -0.31678662 -0.09615766 17.646729 0.31671864 0.9483875 -0.016380314 3.8880615 0.09638119 -0.0149948625 0.9952316 0.56921387
0.94193435 -0.31963906 -0.10264487 18.338013 0.31986198 0.94732124 -0.014730338 4.1397705 0.10194811 -0.018967561 0.9946085 0.6364746
0.93957514 -0.3252352 -0.106886275 19.037354 0.32582566 0.94534934 -0.01238057 4.395508 0.10507237 -0.023189086 0.9941958 0.70947266
0.93799525 -0.32927692 -0.108482204 19.74878 0.33000293 0.94392097 -0.011699432 4.661133 0.10625337 -0.024820384 0.99402994 0.7862549
0.93591934 -0.3352349 -0.108047485 20.47998 0.33610559 0.94176537 -0.01059587 4.929077 0.10530786 -0.02639757 0.99408954 0.86694336
0.93338144 -0.3424792 -0.107060984 21.205566 0.34339744 0.93910784 -0.010320663 5.206299 0.10407731 -0.027133869 0.9942005 0.94970703
0.93154883 -0.34825838 -0.10430768 21.940186 0.34904853 0.9370115 -0.011184361 5.4906006 0.10163224 -0.026002597 0.9944806 1.0340576
0.92966056 -0.3543297 -0.101052426 22.682373 0.3550915 0.93478346 -0.010951794 5.7800293 0.09834244 -0.025697418 0.9948209 1.1186523
0.9254367 -0.3660671 -0.09760324 23.44934 0.3670698 0.93014 -0.008138836 6.0943604 0.09376198 -0.0283041 0.9951909 1.1939697
0.92271715 -0.37420478 -0.09273291 24.20398 0.37534806 0.9268871 -0.0054477826 6.4085693 0.08799175 -0.029775584 0.99567634 1.2733154
0.919799 -0.38198832 -0.08989254 24.953613 0.3834612 0.923571 -0.0009601703 6.7408447 0.08338698 -0.033585045 0.99595076 1.3483887
0.9164915 -0.39009082 -0.08858766 25.72168 0.3915332 0.92014986 -0.0011922186 7.07959 0.081977405 -0.03359537 0.9960675 1.4188232
0.9123035 -0.39985523 -0.08837453 26.502808 0.40147978 0.9158642 0.00065816427 7.4210205 0.080674514 -0.03608514 0.9960864 1.494751
0.90928787 -0.40683502 -0.08751161 27.283203 0.4083817 0.91279924 -0.00025048852 7.7769775 0.07998365 -0.035514597 0.9961632 1.5645752
0.9056368 -0.41531146 -0.08594783 28.073242 0.4169199 0.90896904 0.0008500791 8.144531 0.07777238 -0.036595732 0.9962999 1.6347656
0.9018317 -0.42400482 -0.0836042 28.865356 0.42553827 0.90497935 0.00058398396 8.525513 0.075413704 -0.036097307 0.9964988 1.7116699
0.8985852 -0.43160996 -0.07932201 29.667114 0.4330549 0.9013856 0.0011284137 8.915161 0.07101157 -0.035358608 0.996849 1.7797852
0.8951117 -0.4395688 -0.07479495 30.48291 0.44094828 0.8975524 0.0021694358 9.318237 0.06617963 -0.034919474 0.9971967 1.8381348
0.8923556 -0.44581795 -0.070463344 31.295166 0.4470713 0.894506 0.0022724452 9.735352 0.062017754 -0.033533745 0.9975111 1.9111328
0.8884413 -0.45397127 -0.06792871 32.12329 0.45510563 0.8904549 0.0013761258 10.158447 0.059860285 -0.032136604 0.9976889 1.9692383
0.8850372 -0.46077028 -0.066301934 32.948853 0.46185863 0.88695055 0.0012412504 10.602295 0.0582393 -0.03172272 0.9977987 2.0272217
0.8827223 -0.4654806 -0.064216465 33.788452 0.46652701 0.88450253 0.0014867934 11.044067 0.056110818 -0.031271007 0.997935 2.081543
0.8796584 -0.47148284 -0.062003914 34.641357 0.47243258 0.88133264 0.0007434472 11.506348 0.05429599 -0.029955506 0.99807507 2.139038
0.8773065 -0.47598976 -0.0620152 35.499878 0.476856 0.8790262 -0.0009411953 11.979004 0.054961503 -0.028743913 0.99807453 2.194458
0.87617415 -0.47807428 -0.061622515 36.36963 0.47888103 0.8778969 -0.001890621 12.458496 0.055002898 -0.027851455 0.9980977 2.2519531
0.8740949 -0.48183972 -0.062000435 37.2406 0.4826651 0.87583476 -0.0018822225 12.950806 0.055209294 -0.02827699 0.9980743 2.3046875
0.8741572 -0.48190102 -0.06105123 38.125977 0.4827272 0.87583137 -0.0013843358 13.452881 0.054134697 -0.02825797 0.9981331 2.362793
0.8736225 -0.48305738 -0.058840223 39.02942 0.48385364 0.87516165 -0.0008175222 13.953735 0.051887907 -0.027753785 0.9982671 2.4160156
0.87369066 -0.48314387 -0.057400893 39.940796 0.4838601 0.87517667 -0.001607234 14.465576 0.051012557 -0.026362024 0.9983504 2.4709473
0.87315685 -0.48415223 -0.057516128 40.864624 0.48473012 0.8747185 -0.004370711 14.982666 0.052424856 -0.024057902 0.9983348 2.5281982
0.87134963 -0.4873672 -0.056940228 41.7937 0.48793137 0.87288165 -0.004481643 15.5078125 0.0518848 -0.02387792 0.99836737 2.5891113
0.8707022 -0.48887897 -0.054758556 42.729736 0.4893013 0.8721625 -0.006318731 16.036133 0.050847482 -0.021282388 0.9984799 2.64563
0.8683262 -0.49335098 -0.05046019 43.661987 0.493723 0.86956096 -0.0056721615 16.574219 0.046678983 -0.019987892 0.9987104 2.704712
0.866035 -0.49801588 -0.04578454 44.595703 0.49829483 0.8670641 -0.0059145642 17.104736 0.04264274 -0.017685838 0.9989339 2.7679443
0.86298805 -0.50331837 -0.042588677 45.51953 0.5034778 0.86391157 -0.007681451 17.646729 0.040659405 -0.014821074 0.9990629 2.8209229
0.85738146 -0.5128282 -0.043731518 46.44336 0.512913 0.8583859 -0.010117546 18.201538 0.042725146 -0.013755098 0.9989922 2.873413
0.8520126 -0.52132845 -0.045839455 47.347656 0.5213343 0.85314554 -0.012783019 18.758911 0.04577243 -0.013015659 0.99886703 2.934204
0.84520787 -0.53251827 -0.045491356 48.263916 0.5325333 0.8463248 -0.012796227 19.339233 0.04531538 -0.01340842 0.99888283 2.9873047
0.8407692 -0.5398207 -0.04163656 49.174072 0.5398971 0.8416865 -0.010354769 19.933472 0.040634513 -0.013769732 0.99907935 3.0369873
0.8362248 -0.54699343 -0.038545303 50.074707 0.5471523 0.8369779 -0.0072414754 20.532104 0.036221456 -0.015043112 0.9992302 3.0924072
0.83110386 -0.5546546 -0.0407423 50.96753 0.55490583 0.8319137 -0.0058999564 21.136108 0.037165333 -0.01770911 0.9991518 3.142334
0.82777184 -0.55917203 -0.045032002 51.85205 0.5594204 0.828789 -0.0080678705 21.744629 0.041832585 -0.018518506 0.99895287 3.1916504
0.82512146 -0.5625784 -0.052081633 52.73462 0.5628743 0.82649887 -0.010188844 22.34375 0.048780035 -0.020906365 0.99859095 3.2496338
0.82186854 -0.5670637 -0.053590618 53.607666 0.5674074 0.8233159 -0.010051804 22.964478 0.04981906 -0.022152029 0.9985123 3.3060303
0.81915545 -0.57136637 -0.049963754 54.48462 0.57168514 0.820406 -0.009069987 23.585205 0.046173856 -0.02113948 0.9987095 3.3654785
0.8159154 -0.5763857 -0.044275995 55.37207 0.5766861 0.8168739 -0.006946772 24.218018 0.040173233 -0.019864969 0.9989955 3.425171
0.81261253 -0.5813497 -0.04189015 56.25415 0.5816409 0.81346077 -0.006121486 24.854004 0.037632868 -0.019391967 0.9991032 3.4752197
0.810207 -0.58456886 -0.043085635 57.128418 0.58497566 0.8110497 -0.0037842495 25.48999 0.03715656 -0.02213565 0.9990643 3.5245361
0.80637467 -0.58965415 -0.044163413 58.00708 0.59002995 0.807291 -0.005374073 26.139893 0.038821936 -0.021731144 0.9990097 3.5783691
0.8021366 -0.59517604 -0.046306185 58.87622 0.5954998 0.80319214 -0.007963938 26.791504 0.041935753 -0.021189932 0.99889594 3.63208
0.79860514 -0.5999823 -0.045744237 59.74707 0.6002433 0.7996642 -0.009339786 27.444702 0.04218332 -0.020007089 0.99890935 3.68042
0.79372644 -0.60664636 -0.04378886 60.611816 0.60689455 0.7946936 -0.00890412 28.11377 0.040202394 -0.019504217 0.99900156 3.732666
0.7902911 -0.6111898 -0.043229297 61.47339 0.61140984 0.79124594 -0.009473562 28.78894 0.039996035 -0.018945575 0.9990202 3.7839355
0.7840548 -0.6191297 -0.04398623 62.33618 0.6193448 0.78505147 -0.010195469 29.476685 0.040845424 -0.019242326 0.9989806 3.840454
0.77918476 -0.6250949 -0.044720404 63.18994 0.6252888 0.7802302 -0.01124056 30.166504 0.041921295 -0.01920305 0.9989367 3.8903809
0.7739711 -0.6314829 -0.04451941 64.04175 0.63163257 0.77502936 -0.012409638 30.863647 0.042342942 -0.018525237 0.9989313 3.9447021
0.76783437 -0.6391222 -0.044838972 64.88989 0.6392006 0.76894206 -0.014440233 31.5802 0.043706957 -0.017573811 0.9988896 3.996704
0.7624728 -0.6455443 -0.0447877 65.74048 0.6455541 0.7636078 -0.016182609 32.295044 0.044645097 -0.016576314 0.998865 4.0526123
0.75623393 -0.6527918 -0.044202074 66.578125 0.65275997 0.7573579 -0.017144741 33.02722 0.04466785 -0.015884694 0.9988756 4.1085205
0.75066656 -0.65920883 -0.042405784 67.42285 0.659131 0.7517215 -0.017775033 33.772217 0.04359901 -0.014614264 0.9989422 4.166382
0.7441536 -0.66670036 -0.040910568 68.25586 0.666607 0.7451462 -0.01788025 34.519897 0.042403333 -0.0139650665 0.999003 4.218384
0.7383509 -0.67318034 -0.04063639 69.08447 0.67298555 0.7393652 -0.020345578 35.282227 0.043744974 -0.012320769 0.9989672 4.2747803
0.7314036 -0.6807926 -0.041052423 69.91553 0.6805618 0.73245287 -0.021512326 36.060547 0.04471661 -0.012197444 0.9989256 4.3392334
0.72653323 -0.6859019 -0.04183213 70.741455 0.68570215 0.7276158 -0.021214984 36.848755 0.044987425 -0.013270985 0.9988993 4.396118
0.720236 -0.69255835 -0.04101448 71.561035 0.6923592 0.72128356 -0.02118099 37.647827 0.0442489 -0.0131448675 0.99893373 4.4421387
0.7173279 -0.6956006 -0.04138288 72.376465 0.6954697 0.718373 -0.019835979 38.45166 0.04352725 -0.014542685 0.9989468 4.5010986
0.7114219 -0.7015764 -0.041540824 73.19971 0.7014273 0.71248555 -0.020510048 39.26953 0.043984354 -0.014549539 0.998926 4.565674
0.70534575 -0.70752865 -0.04360564 74.01367 0.70732546 0.70653516 -0.022587735 40.09375 0.046788562 -0.01491225 0.99879336 4.6240234
0.70182335 -0.71097606 -0.045756772 74.825195 0.71067554 0.7031594 -0.025374258 40.9198 0.050211005 -0.014702043 0.9986305 4.6896973
0.6961109 -0.7163778 -0.04666376 75.63403 0.7160893 0.6974993 -0.02562107 41.769897 0.05090068 -0.015582671 0.998582 4.7545166
0.69067764 -0.7216982 -0.044982117 76.44385 0.72140694 0.69197965 -0.025364015 42.61841 0.04943551 -0.014932295 0.9986659 4.816162
0.6859736 -0.7263668 -0.04295187 77.25415 0.7260489 0.6871803 -0.025477935 43.47461 0.048027873 -0.01370682 0.99875224 4.881714
0.68073857 -0.73124284 -0.04273331 78.05542 0.7309039 0.6819454 -0.026047029 44.34497 0.048183005 -0.01351209 0.99874645 4.951294
0.6772202 -0.7345756 -0.042559236 78.8562 0.7341878 0.6784338 -0.027123388 45.216797 0.048795648 -0.012872754 0.99872595 5.015503
0.6715946 -0.73982435 -0.04086537 79.65796 0.73939544 0.67273706 -0.027726354 46.105713 0.048003316 -0.011597383 0.99877965 5.0666504
0.668235 -0.74281406 -0.040066395 80.43628 0.74230057 0.66935825 -0.029403495 46.99878 0.04866408 -0.010084122 0.99876493 5.1414795
0.66551036 -0.7453691 -0.037570946 81.237305 0.74469364 0.6665387 -0.03236407 47.88452 0.049174704 -0.0064420425 0.9987697 5.206909
0.6588169 -0.7513297 -0.037645858 82.03613 0.75043225 0.65987974 -0.036914818 48.787354 0.052586306 -0.003932611 0.9986088 5.2700195
0.6554043 -0.75445956 -0.035960235 82.83276 0.75340694 0.65638936 -0.039852493 49.700928 0.053667758 -0.00097177736 0.99855846 5.3394775
0.6508676 -0.75848216 -0.030431421 83.63452 0.75711834 0.65154153 -0.045989774 50.617188 0.05471583 0.006900682 0.9984789 5.4136963
0.6424027 -0.7660668 -0.026175736 84.41992 0.76461554 0.64284045 -0.048402213 51.548096 0.053906333 0.011075675 0.99848425 5.485718
0.6331775 -0.77369905 -0.023010988 85.200195 0.77220255 0.63344234 -0.05008517 52.484375 0.05331811 0.013946325 0.9984802 5.5683594
0.6232412 -0.78173345 -0.01925824 85.97046 0.7803155 0.62333494 -0.049688637 53.43042 0.05085163 0.015939418 0.998579 5.6329346
0.61561394 -0.78788275 -0.018813554 86.732666 0.78647107 0.6156977 -0.04973035 54.418213 0.05076579 0.015828323 0.9985857 5.7076416
0.6063248 -0.79482865 -0.020694572 87.47778 0.7934051 0.6065262 -0.04945596 55.398193 0.051864527 0.013568901 0.9985622 5.772339
0.59497917 -0.80350184 -0.019970704 88.21582 0.8018951 0.59511006 -0.0531327 56.38623 0.054573145 0.015596565 0.9983878 5.8496094
0.5854649 -0.8103899 -0.02044365 88.94849 0.8086965 0.5856188 -0.05457932 57.39331 0.05620991 0.015415231 0.99829966 5.9173584
0.57803965 -0.81579196 -0.015991291 89.673584 0.8140999 0.5779381 -0.055953193 58.412354 0.054894853 0.019316772 0.99830484 5.9953613
0.56600255 -0.8242769 -0.012774437 90.381836 0.8226719 0.5657612 -0.055500038 59.44629 0.05297073 0.020895785 0.99837685 6.072998
0.5548438 -0.83180803 -0.01230198 91.07617 0.8301754 0.5545848 -0.056144264 60.494385 0.0535283 0.020940859 0.99834687 6.1480713
0.54628175 -0.8375563 -0.012955414 91.76489 0.8358649 0.54605985 -0.05693603 61.544434 0.05474691 0.02026672 0.9982939 6.222046
0.5345805 -0.84498984 -0.013593924 92.43799 0.84321487 0.5343934 -0.058155887 62.61035 0.056401886 0.01962399 0.998215 6.2958984
0.526521 -0.8499339 -0.014974834 93.09131 0.8480744 0.52641046 -0.05915241 63.68506 0.058163166 0.01845482 0.9981371 6.3796387
0.51533115 -0.8568642 -0.015330005 93.744385 0.85504097 0.51527977 -0.058403153 64.77637 0.057928775 0.016989287 0.9981759 6.464966
0.5070051 -0.8619341 -0.014318454 94.390625 0.8602446 0.5069475 -0.056337383 65.874756 0.055801507 0.016245797 0.99830943 6.541382
0.4998976 -0.86595964 -0.010572693 95.03467 0.8643545 0.49965376 -0.055972457 66.987305 0.053759765 0.018848617 0.99837637 6.6158447
0.49013993 -0.8716401 -0.010198306 95.65918 0.87007385 0.48990712 -0.055314068 68.09741 0.053203948 0.018229567 0.99841666 6.703247
0.48346326 -0.8753101 -0.009432302 96.27734 0.8735457 0.4831255 -0.0591728 69.21753 0.056353312 0.020379085 0.99820346 6.78125
0.4782545 -0.8782244 -0.008168458 96.89404 0.8763255 0.47779623 -0.061935022 70.34375 0.058295146 0.022465441 0.9980467 6.8568115
0.470486 -0.882459 -0.008033835 97.50049 0.8803765 0.4699673 -0.064999476 71.47363 0.061113305 0.023517318 0.99785393 6.942627
0.46620056 -0.8846647 -0.007179799 98.101074 0.8824057 0.4655628 -0.06810322 72.605225 0.063585535 0.025417006 0.99765265 7.034668
0.46224433 -0.8867156 -0.005197076 98.69409 0.8844277 0.4614568 -0.06932232 73.74292 0.063882306 0.027456423 0.99758035 7.124878
0.45607963 -0.889848 -0.0018925687 99.28076 0.88779485 0.4551689 -0.06695587 74.883545 0.060459152 0.02886486 0.9977538 7.213623
0.45350245 -0.8913556 0.0045883125 99.86792 0.88962036 0.45228598 -0.06490668 76.02075 0.055767525 0.03351015 0.9978809 7.305908
0.44950315 -0.89321727 0.00647915 100.443115 0.89154065 0.44818842 -0.06492682 77.15552 0.05509002 0.034965523 0.9978692 7.390503
0.44674686 -0.89455366 0.007878844 101.00488 0.8930132 0.4454211 -0.06324033 78.29443 0.053060982 0.035286315 0.9979675 7.473877
0.4452783 -0.895246 0.009756563 101.5686 0.8938033 0.44387773 -0.06262992 79.42212 0.051747806 0.03661921 0.9979892 7.550171
0.44355425 -0.896106 0.0127440365 102.12378 0.89480776 0.44203117 -0.06192961 80.532715 0.049870618 0.038866863 0.99799865 7.6329346
0.44151783 -0.89704096 0.014747204 102.67334 0.8957907 0.43987477 -0.062517636 81.65796 0.049594726 0.040821053 0.9979353 7.7125244
0.4374784 -0.899017 0.017794842 103.21387 0.89788646 0.4356906 -0.06251778 82.75806 0.048460636 0.043327868 0.9978848 7.7854004
0.435449 -0.899885 0.020822123 103.75879 0.8989132 0.4335473 -0.061918307 83.869385 0.04668684 0.04566823 0.9978644 7.8588867
0.4350032 -0.9000988 0.024444168 104.29028 0.8993264 0.43296513 -0.06129101 84.96753 0.044585034 0.048653647 0.9978206 7.93042
0.4334807 -0.9008156 0.025904331 104.80884 0.9000867 0.43135077 -0.06186226 86.04761 0.044546925 0.050144643 0.99774885 8.003784
0.4324413 -0.90130293 0.026776519 105.31958 0.9005724 0.43022382 -0.06280904 87.121826 0.04510346 0.051275577 0.9976653 8.075317
0.43188515 -0.9015485 0.026815226 105.829346 0.9007621 0.4296045 -0.06402181 88.194824 0.046203557 0.051788438 0.9975876 8.146606
0.43137088 -0.90166795 0.025325546 106.323975 0.9007674 0.42911938 -0.0648102 89.241455 0.047594596 0.05076806 0.99757516 8.21814
0.4339164 -0.90064645 0.02227822 106.816895 0.8996302 0.4318372 -0.06424519 90.28418 0.048241686 0.047932863 0.99768573 8.288574
0.43750998 -0.8990776 0.020576945 107.303955 0.8980244 0.43554324 -0.063517086 91.31348 0.048134834 0.04627858 0.997769 8.355957
0.4446516 -0.8955896 0.017996892 107.79932 0.8943974 0.4427664 -0.06427369 92.33716 0.04960354 0.04469234 0.9977695 8.424561
0.4504765 -0.8926267 0.016175823 108.30664 0.89140606 0.44871035 -0.063460164 93.35669 0.049392127 0.043006852 0.99785304 8.4938965
0.45581186 -0.8899716 0.015686592 108.80469 0.8887943 0.45410982 -0.062351935 94.35986 0.048371386 0.042355426 0.9979304 8.562622
0.46511522 -0.8852252 0.014549252 109.31763 0.8840736 0.4635045 -0.06118882 95.36011 0.047418177 0.04131585 0.99802 8.625977
0.47386414 -0.88032424 0.013737199 109.843506 0.879192 0.47231197 -0.060425553 96.35181 0.04670813 0.040722508 0.99807876 8.689819
0.4840091 -0.87507224 0.012953658 110.36792 0.8739615 0.48251194 -0.059630547 97.33447 0.045933656 0.040171623 0.9981357 8.75293
0.49257156 -0.8703776 0.011313792 110.908936 0.8691754 0.49110478 -0.060498383 98.30493 0.047098476 0.039620426 0.9981033 8.818359
0.5019813 -0.8647727 0.0068228915 111.45068 0.8633824 0.50069076 -0.061179794 99.25195 0.049506973 0.036611762 0.9981029 8.880737
0.5137115 -0.8578285 0.003639264 112.0105 0.85631377 0.51254284 -0.061719175 100.201904 0.051089406 0.034820262 0.99808663 8.946167
0.5277108 -0.8492873 0.0013824934 112.58179 0.8478107 0.52669626 -0.05983059 101.15381 0.050081663 0.032750852 0.99820834 9.00769
0.5394739 -0.8418761 0.00089118164 113.15454 0.84050775 0.53853565 -0.057560872 102.07617 0.04800129 0.031805504 0.9983408 9.075195
0.5519962 -0.8338605 0.00049326755 113.751465 0.8325962 0.55112666 -0.055378262 102.99707 0.045901038 0.030976573 0.99846536 9.135986
0.5629833 -0.8265251 0.0004069619 114.35986 0.8252974 0.56212 -0.05475004 103.89429 0.045032743 0.031153906 0.9984991 9.199829
0.5744857 -0.81860536 -0.0004038699 114.97095 0.8173889 0.57365876 -0.054218043 104.778076 0.044610053 0.030814305 0.9985289 9.256592
0.58556867 -0.8107102 -0.0030482768 115.59033 0.80941266 0.584836 -0.054479796 105.656006 0.045952145 0.029434182 0.9985098 9.325928
0.59681207 -0.8023763 -0.001370298 116.217285 0.80104285 0.5959167 -0.056643087 106.50098 0.046263475 0.032711226 0.99839383 9.377441
0.6057039 -0.79561824 -0.0023516517 116.85693 0.7942893 0.6048579 -0.05606304 107.34009 0.046030216 0.032091886 0.9984246 9.442871
0.61817944 -0.7860261 -0.0022856889 117.50049 0.7848398 0.61740106 -0.053202264 108.166504 0.043233242 0.031096837 0.998581 9.503784
0.6269132 -0.7791094 -0.0001959484 118.13013 0.77807957 0.62609744 -0.051242255 108.97583 0.040044915 0.0319697 0.9986862 9.558472
0.6382024 -0.7697545 7.547694e-05 118.793945 0.7688058 0.63741124 -0.049702358 109.77124 0.03820885 0.03177929 0.9987645 9.6085205
0.6472105 -0.76223856 -0.0031586448 119.42676 0.76124746 0.6465698 -0.048460387 110.55054 0.0389897 0.028956959 0.99881977 9.669434
0.65670073 -0.75420463 -0.0062231664 120.08496 0.7531727 0.6561945 -0.047523417 111.31616 0.039924614 0.026516808 0.9988505 9.715942
0.6669136 -0.7450531 -0.0065751215 120.75537 0.74403584 0.6664186 -0.047103174 112.06616 0.03947379 0.026522916 0.9988688 9.7647705
0.6744676 -0.73830354 -0.0056780656 121.41162 0.7374072 0.673993 -0.04466687 112.796875 0.036801446 0.025931139 0.9989857 9.816528
0.6832999 -0.73014516 -0.0044192886 122.07886 0.72934246 0.6828097 -0.043148644 113.517334 0.03451352 0.026263185 0.9990594 9.863159
0.6923559 -0.7214933 -0.0038867486 122.76123 0.7207144 0.6918405 -0.043031752 114.231445 0.033740222 0.026986688 0.999066 9.916382
0.69805324 -0.7159372 -0.0051836083 123.41626 0.71517277 0.69761 -0.041713737 114.91235 0.033479292 0.025409399 0.9991165 9.958984
0.7070884 -0.70716375 -0.0050145313 124.09766 0.7064471 0.70665944 -0.040560573 115.59595 0.03221937 0.025137465 0.9991648 10.0078125
0.71287096 -0.70121217 -0.0046647163 124.76294 0.70060694 0.71250415 -0.037328027 116.26465 0.029498268 0.02333952 0.9992924 10.0448
0.7204258 -0.69345164 -0.0035795807 125.43628 0.6929292 0.7200661 -0.035435885 116.923096 0.027150963 0.02304571 0.9993656 10.086792
0.72857934 -0.6850334 -0.0038056606 126.110596 0.6845619 0.7282635 -0.03346935 117.569336 0.025700027 0.021780532 0.9994325 10.12439
0.73571885 -0.67728907 -0.004314987 126.77222 0.6768324 0.7354301 -0.032582846 118.193115 0.025243403 0.021054273 0.9994597 10.166382
0.7418799 -0.6705462 -0.0056980997 127.43579 0.67013216 0.7416756 -0.029834831 118.80591 0.024233297 0.018312547 0.9995384 10.195557
0.7523259 -0.6587292 -0.0036609105 128.12012 0.6584135 0.75211704 -0.02726129 119.39575 0.020713318 0.018099038 0.9996216 10.234009
0.7615314 -0.6480355 -0.0026210765 128.77734 0.6478062 0.76135844 -0.023826204 119.96484 0.017437479 0.01644693 0.99971277 10.26355
0.77285916 -0.6345009 -0.0024043727 129.46484 0.6343207 0.77271986 -0.021207608 120.54297 0.0153178675 0.014866521 0.99977213 10.290649
0.7801801 -0.6254527 -0.004262503 130.13062 0.62525636 0.7800759 -0.020643277 121.08057 0.016237628 0.0134394765 0.9997779 10.313232
0.7910232 -0.61169374 -0.005753121 130.80273 0.6114742 0.7909362 -0.020954125 121.610596 0.017369825 0.013060134 0.99976397 10.339478
0.80145997 -0.5980956 -0.005783835 131.50146 0.59788966 0.8013798 -0.020209968 122.12793 0.016722318 0.012738951 0.99977905 10.361938
0.8104418 -0.58577937 -0.0049232244 132.17432 0.5856137 0.81036747 -0.018404527 122.63281 0.014771331 0.012031616 0.99981856 10.385376
0.8211257 -0.57075274 -0.002788609 132.88672 0.5706388 0.82104266 -0.016554289 123.13159 0.011737714 0.012002154 0.9998591 10.407593
0.8299313 -0.557905 -0.0009945788 133.57568 0.5578328 0.8298501 -0.014711317 123.61011 0.009031521 0.011654915 0.9998912 10.427368
0.8382338 -0.5452655 0.0011771151 134.29639 0.54523593 0.8381612 -0.012466762 124.07666 0.005811055 0.011091796 0.99992156 10.442505
0.8467288 -0.53196 0.0031449199 135.02393 0.53195626 0.84665173 -0.012019543 124.52905 0.003733444 0.011850066 0.99992275 10.45874
0.85340905 -0.5212463 0.0047609834 135.73389 0.52126426 0.8533323 -0.011625922 124.973145 0.001996805 0.012403007 0.999921 10.467285
0.8599401 -0.51045966 0.005450008 136.46338 0.5104874 0.8598633 -0.011556957 125.41333 0.0012120791 0.012719791 0.99991834 10.480347
0.8665764 -0.4989745 0.00459944 137.22217 0.49899536 0.86652803 -0.009173181 125.83838 0.00059065735 0.010244597 0.9999473 10.490845
0.8732955 -0.48728013 0.0049860957 137.95361 0.48730546 0.8732608 -0.007803764 126.26367 -0.0005524345 0.009243891 0.99995714 10.4904785
0.8795414 -0.4757697 0.0054872446 138.70874 0.47579837 0.87951845 -0.00658743 126.6853 -0.0016922429 0.008404428 0.9999632 10.5008545
0.8846381 -0.46619904 0.005517509 139.46484 0.4662288 0.88461244 -0.0069301724 127.086914 -0.001649742 0.008703741 0.9999607 10.51416
0.8896843 -0.4565863 0.004749146 140.23901 0.45661056 0.8896491 -0.007943145 127.479004 -0.00059955614 0.009235415 0.99995714 10.52002
0.8944458 -0.4472002 0.005319989 141.0332 0.44723094 0.89440584 -0.008510301 127.87402 -0.00095248705 0.009991256 0.99994963 10.524292
0.8973402 -0.4412382 0.0054103346 141.79395 0.44126898 0.8973085 -0.007685244 128.27246 -0.0014626593 0.00928402 0.9999559 10.526978
0.90023184 -0.4353713 0.008308526 142.58887 0.43541694 0.9002357 -0.004746058 128.66113 -0.005413035 0.007890299 0.9999543 10.533447
0.90371364 -0.42799312 0.011211325 143.40625 0.42803976 0.90375894 -0.0020299833 129.04663 -0.009264241 0.0066337 0.99993515 10.529541
0.90664816 -0.4216671 0.013812462 144.2229 0.42168805 0.9067424 0.0015047351 129.44556 -0.013158649 0.0044605187 0.9999035 10.528931
0.90945464 -0.4155518 0.014463589 145.07104 0.4155344 0.9095673 0.004331479 129.82495 -0.014955545 0.002070005 0.9998861 10.52063
0.91245246 -0.40885234 0.016406804 145.9126 0.408798 0.9125998 0.006696497 130.21484 -0.017710157 0.00059813354 0.99984294 10.505615
0.9156895 -0.40144247 0.018888807 146.7854 0.40137225 0.915884 0.007541784 130.60034 -0.020328188 0.000675207 0.9997932 10.496826
0.9190548 -0.39351586 0.021459829 147.67334 0.39344522 0.9193042 0.007598049 130.97705 -0.022718713 0.0014616093 0.99974084 10.485107
0.922325 -0.38566932 0.022802165 148.56934 0.38560304 0.9226047 0.0074125365 131.35474 -0.023896597 0.0019582307 0.9997124 10.470215
0.92560625 -0.37781224 0.022827486 149.46606 0.3777617 0.92588437 0.006652182 131.729 -0.023648454 0.0024651058 0.9997173 10.442871
0.93012476 -0.3665028 0.02389012 150.41162 0.36650312 0.93042034 0.0045215613 132.0874 -0.023884844 0.00454871 0.99970436 10.433472
0.93356997 -0.3576391 0.022890681 151.33374 0.35765728 0.93383735 0.0034366786 132.4602 -0.022604743 0.004980677 0.9997319 10.410889
0.9380025 -0.34583378 0.021958293 152.31494 0.34586018 0.9382457 0.0027014078 132.81494 -0.02153718 0.005060681 0.9997554 10.39856
0.9422899 -0.3341821 0.020117017 153.27368 0.33415312 0.9425021 0.0048863 133.17334 -0.020593699 0.0021171183 0.9997857 10.378296
0.9479953 -0.31766406 0.020623816 154.25244 0.31755745 0.9482186 0.008337979 133.51758 -0.022204168 -0.0013561902 0.9997525 10.3585205
0.9542639 -0.29810753 0.02219374 155.2688 0.297909 0.95451045 0.011846481 133.83911 -0.024716048 -0.004692453 0.9996835 10.333618
0.96012014 -0.27850547 0.023771547 156.28784 0.27820504 0.9603812 0.015193167 134.15698 -0.027063118 -0.007972746 0.99960196 10.312622
0.9659442 -0.257608 0.02440641 157.3352 0.25724527 0.9661986 0.017043592 134.43726 -0.02797204 -0.010185704 0.9995569 10.295654
0.97136205 -0.23617837 0.026005078 158.39233 0.23573507 0.97163194 0.019012911 134.7168 -0.029756742 -0.012338255 0.9994811 10.265503
0.97641885 -0.21390644 0.029286228 159.47266 0.21337906 0.97676593 0.02012565 134.97192 -0.032909717 -0.013403345 0.99936855 10.243774
0.9808025 -0.19231264 0.032309197 160.58423 0.19168857 0.98122257 0.021441268 135.19019 -0.035825692 -0.014835155 0.9992476 10.209351
0.98497385 -0.16878556 0.036707092 161.70996 0.16799097 0.9855064 0.023774946 135.39551 -0.04018722 -0.017253093 0.9990434 10.175781
0.98827875 -0.14727227 0.040290266 162.83472 0.1463277 0.98891157 0.025485773 135.5813 -0.043595757 -0.019292593 0.99886304 10.13208
0.99136156 -0.124736615 0.040564194 164.00879 0.12368496 0.99194175 0.027490601 135.74341 -0.043665968 -0.022236777 0.99879885 10.092163
0.99380094 -0.103990585 0.039303917 165.14136 0.10294077 0.99429715 0.027861083 135.87598 -0.041976463 -0.023641951 0.99883884 10.047241
0.99596584 -0.08069902 0.039252434 166.3147 0.07960107 0.99641204 0.028768783 135.97461 -0.04143339 -0.025528267 0.9988149 10.008789
0.99722165 -0.062051587 0.041210674 167.5188 0.06098172 0.9977805 0.026736299 136.06274 -0.042778187 -0.024148991 0.99879307 9.963623
0.9982067 -0.041398466 0.043238234 168.69824 0.040216953 0.9988027 0.027846577 136.12329 -0.044339485 -0.026057791 0.9986767 9.922852
0.99880916 -0.018792924 0.04502438 169.92432 0.017573925 0.9994723 0.027316155 136.1665 -0.045513958 -0.026492435 0.9986122 9.8741455
0.9989362 -0.0005940994 0.046111822 171.15308 -0.0007741801 0.9995601 0.02965073 136.18481 -0.04610916 -0.029654875 0.9984962 9.828491
0.9987087 0.020623626 0.04642184 172.40356 -0.022004586 0.9993245 0.029432397 136.17627 -0.04578345 -0.030416023 0.99848807 9.778076
0.9981397 0.03903515 0.046836287 173.64941 -0.04055727 0.99866426 0.031998277 136.14282 -0.04552429 -0.033838354 0.99838996 9.725708
0.9971177 0.059593026 0.04694201 174.9021 -0.061234493 0.99753255 0.03432997 136.07861 -0.0447801 -0.037106406 0.99830693 9.67041
0.9956463 0.08160936 0.045052618 176.17969 -0.083171666 0.99595654 0.033962913 135.99707 -0.042098485 -0.03756149 0.9984072 9.624634
0.9941456 0.09919699 0.042794377 177.4541 -0.100752406 0.9942629 0.03586197 135.88354 -0.038990445 -0.039963935 0.99844015 9.578735
0.9921001 0.11827466 0.0418319 178.76196 -0.11980627 0.992137 0.036216054 135.74072 -0.037219334 -0.040941477 0.998468 9.530762
0.9894798 0.13900886 0.040116075 180.06812 -0.14049725 0.98939085 0.037018783 135.57056 -0.034545764 -0.042266212 0.998509 9.495728
0.9868623 0.15784095 0.034649547 181.42017 -0.15910964 0.98655176 0.03756659 135.37476 -0.028256802 -0.042583752 0.9986938 9.46106
0.9838315 0.17668496 0.029441636 182.74512 -0.17779566 0.9832282 0.040742546 135.15381 -0.021750689 -0.04531719 0.99873596 9.434937
0.9808257 0.19330774 0.024713954 184.06323 -0.19423473 0.9800005 0.043225013 134.91382 -0.015860837 -0.04719688 0.9987589 9.405884
0.9769177 0.2122528 0.023648197 185.396 -0.21314469 0.9759464 0.045574863 134.63867 -0.013405596 -0.04956445 0.9986815 9.394897
0.97288436 0.23037605 0.021146853 186.7522 -0.23114528 0.97177094 0.047511775 134.33984 -0.009606161 -0.051110484 0.9986467 9.383911
0.9686363 0.24755839 0.021100204 188.104 -0.24829888 0.96754694 0.04677991 134.021 -0.008836052 -0.050553568 0.9986828 9.385498
0.9642602 0.264126 0.020716734 189.45312 -0.26481956 0.96321076 0.045673035 133.6521 -0.007893157 -0.04952765 0.99874216 9.374756
0.9593505 0.2816336 0.01796979 190.78687 -0.28217578 0.95823663 0.046402037 133.27515 -0.0041495254 -0.049586482 0.9987612 9.380371
0.95491916 0.29644227 0.01511145 192.13892 -0.296827 0.95372134 0.047814712 132.88135 -0.00023501716 -0.050144877 0.99874175 9.38147
0.94906026 0.31472674 0.015927784 193.49292 -0.3151294 0.94778264 0.049228616 132.44897 0.00039748522 -0.051739734 0.9986603 9.38916
0.9425575 0.33366352 0.016482472 194.85571 -0.33406654 0.94115996 0.051340096 131.97974 0.0016145185 -0.05389694 0.99854547 9.397217
0.93693906 0.3491745 0.015224655 196.19263 -0.3494711 0.935341 0.054922365 131.51929 0.0049367556 -0.056777444 0.99837464 9.405518
0.9290912 0.36962202 0.013097035 197.56079 -0.36975443 0.9274368 0.056080326 130.9917 0.008582793 -0.05694619 0.9983402 9.428589
0.92289644 0.3848305 0.010995957 198.93066 -0.3848055 0.9212067 0.057062943 130.43384 0.011833037 -0.05689386 0.9983101 9.446045
0.91492265 0.40349385 0.0066953474 200.2688 -0.4031899 0.91328114 0.057368923 129.86597 0.017037608 -0.055189785 0.99833065 9.478149
0.9063308 0.42251095 0.003778054 201.58936 -0.42195284 0.90459406 0.060260486 129.2854 0.022044908 -0.05621307 0.9981757 9.517822
0.8966079 0.4427973 0.0023532333 202.93188 -0.44203034 0.8947143 0.06384958 128.66235 0.02616734 -0.058292173 0.99795705 9.5633545
0.8846215 0.46629965 0.0032305894 204.29492 -0.4654599 0.8825677 0.06649205 127.965576 0.028157767 -0.060322814 0.99778116 9.608765
0.87023395 0.49250603 0.003929489 205.6123 -0.49151525 0.8679172 0.07083587 127.248535 0.03148606 -0.06358071 0.9974802 9.662842
0.8563161 0.5164584 0.004910697 206.91357 -0.5153347 0.85374266 0.074730605 126.531494 0.034398347 -0.06652213 0.9971919 9.717651
0.8411299 0.54070115 0.0049703433 208.19116 -0.5393921 0.8383772 0.07786882 125.75073 0.037942618 -0.06818505 0.9969518 9.790405
0.8254723 0.5643449 0.0047404855 209.46948 -0.5628885 0.8226779 0.079172984 124.92578 0.040792767 -0.06801938 0.9968488 9.856934
0.80937546 0.5873135 0.004415638 210.72534 -0.5856798 0.8065152 0.080991276 124.06152 0.04399587 -0.06813994 0.996706 9.927734
0.79329705 0.6087733 0.0016417175 211.94287 -0.60677046 0.79046375 0.08321184 123.16821 0.04936615 -0.067004785 0.9965302 10.010986
0.7777161 0.62859654 -0.000572999 213.15283 -0.62629086 0.7749424 0.084865406 122.257324 0.053783298 -0.06563806 0.9963931 10.101196
0.75955063 0.6504262 -0.0023658448 214.32324 -0.6478248 0.75682807 0.08664638 121.28345 0.058162954 -0.06427472 0.9962344 10.191772
0.7440146 0.66815364 -0.0037536651 215.4873 -0.66531295 0.7413457 0.08811654 120.278564 0.061665595 -0.063063525 0.9961022 10.293945
0.72641695 0.6871923 -0.004124493 216.64258 -0.68422884 0.7238176 0.088609286 119.23462 0.0638769 -0.06153902 0.99605805 10.401489
0.7112288 0.7028658 -0.004152335 217.77612 -0.69981617 0.7086693 0.08905521 118.170654 0.06553834 -0.060434557 0.99601865 10.51001
0.6972755 0.7168085 -0.005952727 218.85327 -0.71357393 0.6948726 0.089476176 117.10425 0.06827408 -0.0581379 0.99597067 10.622437
0.681023 0.7321837 -0.008310665 219.90674 -0.7286995 0.67880785 0.09040864 116.01001 0.07183205 -0.0555216 0.9958712 10.737793
0.66670805 0.7451903 -0.010641389 220.95557 -0.7413842 0.66462207 0.09246154 114.87329 0.0759809 -0.053762782 0.99565965 10.866455
0.6519432 0.75812805 -0.011070981 221.98853 -0.75403 0.6498105 0.095371835 113.737305 0.079509296 -0.05383635 0.9953802 10.987427
0.6350832 0.77242756 -0.010629109 222.98438 -0.7682847 0.632992 0.095643446 112.56885 0.080600716 -0.0525813 0.9953592 11.126465
0.619416 0.7849974 -0.00790016 223.96143 -0.7808773 0.61713624 0.09661656 111.37109 0.08071909 -0.053684995 0.9952912 11.262817
0.60150135 0.7987896 -0.0039378037 224.94409 -0.79477096 0.598956 0.097352184 110.16089 0.080120325 -0.055427197 0.99524313 11.405884
0.5834701 0.8121798 0.0015284615 225.85352 -0.8083487 0.5805313 0.098120205 108.9353 0.07882011 -0.058488335 0.9951716 11.538208
0.56541723 0.8248127 0.005985385 226.75317 -0.82110375 0.5621582 0.0990658 107.70996 0.07833697 -0.060908772 0.99506265 11.675171
0.54688436 0.8371034 0.00878121 227.60962 -0.83321524 0.54326653 0.10254837 106.475586 0.08108751 -0.06341426 0.99468917 11.827515
0.5300968 0.8477664 0.011758963 228.41235 -0.84371173 0.526092 0.10598042 105.23755 0.0836525 -0.06611502 0.9943011 11.964844
0.5116076 0.85916144 0.014414782 229.20825 -0.8551853 0.5074622 0.10606979 103.974365 0.083789505 -0.066586375 0.9942561 12.109009
0.49089253 0.8711044 0.018022828 229.95825 -0.86738664 0.48663408 0.10463885 102.71216 0.08236762 -0.066984005 0.99434704 12.255737
0.47048974 0.8821956 0.021312006 230.66577 -0.8787815 0.46619427 0.102433175 101.44263 0.080415234 -0.066931024 0.9945129 12.396973
0.44689214 0.8942685 0.025393909 231.34912 -0.8912293 0.44254348 0.09967106 100.16235 0.07790285 -0.0671507 0.9946945 12.537476
0.42530966 0.90469867 0.02652005 231.9895 -0.9016419 0.4209513 0.09955553 98.871826 0.07892567 -0.06626333 0.9946764 12.673584
0.40496024 0.914012 0.029293805 232.58667 -0.91116977 0.40056053 0.09792232 97.59888 0.077763595 -0.066348486 0.9947621 12.804565
0.3825744 0.9234787 0.029128717 233.14746 -0.9205879 0.37831423 0.09704318 96.3208 0.078620926 -0.063938245 0.9948515 12.935181
0.35974243 0.93275493 0.028103154 233.6875 -0.92968285 0.3556259 0.09724951 95.02026 0.08070477 -0.061123934 0.99486345 13.069214
0.34044147 0.9398379 0.027532808 234.16284 -0.9367169 0.33648565 0.09640314 93.745605 0.081348255 -0.05862298 0.9949612 13.200928
0.31809002 0.9476547 0.027641365 234.6228 -0.9446523 0.3143439 0.093890145 92.45215 0.08028261 -0.055978682 0.99519914 13.332397
0.29762602 0.9542288 0.027151823 235.04688 -0.9510896 0.29396576 0.094272986 91.16943 0.081961006 -0.053891964 0.9951779 13.46106
0.27748406 0.96027815 0.02891798 235.44531 -0.9568216 0.27352634 0.09819877 89.8999 0.08640844 -0.05492937 0.9947455 13.596436
0.2575063 0.9658871 0.03132915 235.81519 -0.9616282 0.25288576 0.10744655 88.63452 0.09585223 -0.057774935 0.993716 13.733765
0.23971325 0.9702794 0.033480402 236.15381 -0.96535337 0.23454365 0.11448828 87.38306 0.10324806 -0.059775405 0.9928592 13.877808
0.21886003 0.97499627 0.038302984 236.46631 -0.9697909 0.2130236 0.118783325 86.13745 0.10767186 -0.06314503 0.99217963 14.033447
0.19777444 0.9794359 0.04150785 236.7561 -0.97422975 0.19165923 0.11948081 84.87451 0.10905772 -0.06406943 0.991969 14.188721
0.17961007 0.98253244 0.046730746 237.01733 -0.97762436 0.17306088 0.118849196 83.63452 0.10867239 -0.06708029 0.9918158 14.338989
0.1587785 0.9859373 0.05192086 237.25171 -0.9812419 0.15176179 0.11881762 82.390625 0.1092861 -0.069854364 0.99155724 14.496216
0.14009063 0.9887125 0.053331733 237.44556 -0.98418415 0.13314241 0.11695732 81.157715 0.108509324 -0.06887537 0.9917065 14.647583
0.12262619 0.99090904 0.055358432 237.62207 -0.98654246 0.1156218 0.115648605 79.93579 0.10821299 -0.06883857 0.991746 14.796997
