1.000000000000000000e+00 4.398956837314658088e-19 2.733407509747682871e-20 -8.673617379884035472e-19 -5.583667658079949532e-19 1.000000000000000000e+00 -6.100159232558060012e-19 0.000000000000000000e+00 4.145284534913582806e-20 -2.210423569125054137e-19 1.000000000000000222e+00 0.000000000000000000e+00
9.999412685966568848e-01 -1.304930069654464207e-03 1.075902088152519594e-02 5.164609387663984807e-02 1.299132601222551930e-03 9.999990071660755930e-01 5.458194213293581344e-04 -9.355192703770873197e-03 -1.075972264145419119e-02 -5.318099638145281369e-04 9.999419710832430086e-01 2.885256760265331177e-01
9.998499061800621979e-01 -2.703286989219942996e-03 1.711307614323508142e-02 6.062618544267905918e-02 2.694389899174959042e-03 9.999962227319489916e-01 5.429363349606211369e-04 -1.197705126791984154e-02 -1.711447951087973970e-02 -4.967455308853585029e-04 9.998534131641906297e-01 5.659961589987290154e-01
9.997996109043700841e-01 -4.971920475840772499e-03 1.939118541980140373e-02 6.452382663534647622e-02 4.979967187131941093e-03 9.999875326471406867e-01 -3.666990025629099609e-04 -1.650650178864690454e-02 -1.938912080038800168e-02 4.631930128977196576e-04 9.998119060233423561e-01 8.944226721766133092e-01
9.998211590378387470e-01 -6.577630388633157882e-03 1.773089817232483337e-02 6.214112024498760767e-02 6.604619056384147292e-03 9.999771175948062307e-01 -1.463995324703283845e-03 -1.911196876245124798e-02 -1.772086313418032993e-02 1.580839365884319919e-03 9.998417234427543487e-01 1.183550539924743905e+00
9.998938286389106311e-01 -9.873552832054915268e-03 1.071654957771431098e-02 6.900018044483138824e-02 9.913498247418640885e-03 9.999440857647069469e-01 -3.680744454086866749e-03 -2.076064542620895126e-02 -1.067960853255845756e-02 3.786592211511655495e-03 9.999358017729956805e-01 1.517769924289533057e+00
9.999481341592980632e-01 -1.011373263842627220e-02 -1.200591365436718631e-03 4.643559665339584003e-02 1.010828724973218164e-02 9.999389714710450461e-01 -4.458233408401020281e-03 -2.828567236081175329e-02 1.245607494390635339e-03 4.445866302790154635e-03 9.999893413110960694e-01 1.837780279849172249e+00
9.997996001597230231e-01 -9.955288165218624877e-03 -1.736812442303204557e-02 1.628828584960639869e-02 9.872209846212122789e-03 9.999394455371350965e-01 -4.862583151194292512e-03 -3.519836065104052503e-02 1.741548142035732188e-02 4.690146955361401172e-03 9.998373385492275167e-01 2.143512032398510847e+00
9.993237487368588079e-01 -6.168595432493723801e-03 -3.624904934382348204e-02 -5.884327082161935202e-03 5.986006852947608689e-03 9.999688559194913617e-01 -5.143433000491833343e-03 -4.412182003908510231e-02 3.627964878208442268e-02 4.922967705720320171e-03 9.993295510219726285e-01 2.499631046435633053e+00
9.984285587085812708e-01 -2.861042099730925613e-03 -5.596630652178621879e-02 -5.936892742406971180e-02 2.523294856720916576e-03 9.999781833840030165e-01 -6.104566765798431251e-03 -5.095416842469167873e-02 5.598255191296522271e-02 5.953754309216009039e-03 9.984139957062667659e-01 2.853335418847397165e+00
9.971155886637070864e-01 -2.254796354064433472e-03 -7.586447479176686159e-02 -1.044822554540906917e-01 1.777484289001463351e-03 9.999782042998360820e-01 -6.358574727457400391e-03 -5.385993433292692034e-02 7.587715987177320875e-02 6.205386059109067702e-03 9.970978638016250173e-01 3.221927412654967071e+00
9.953222753815106350e-01 -2.864763428597004880e-03 -9.656790858550777512e-02 -1.564154850380202466e-01 2.309100385778006456e-03 9.999801324869899144e-01 -5.865380071216286240e-03 -6.217112373582893425e-02 9.658279461501155516e-02 5.614958408238330048e-03 9.953091159640057306e-01 3.591551372427631783e+00
9.932202030760134415e-01 -4.102268879688548628e-03 -1.161757255335632427e-01 -2.232935333995817451e-01 3.543603504734402481e-03 9.999811465014945000e-01 -5.014928723504820385e-03 -7.640249064248455513e-02 1.161941098087648505e-01 4.569247755085218549e-03 9.932160143769276361e-01 3.972475171248723846e+00
9.910311073405779769e-01 -3.549767929648895738e-03 -1.335842166663864794e-01 -2.946622543877702727e-01 2.989012831141890647e-03 9.999858612775618383e-01 -4.398072593635967038e-03 -7.944159695150206091e-02 1.335979424031554508e-01 3.959341731195906676e-03 9.910277059154346535e-01 4.373177938057843939e+00
9.887009052790592945e-01 -2.756411714657044758e-03 -1.498763540478841305e-01 -3.751925584747865527e-01 2.177509157556145429e-03 9.999895228070351250e-01 -4.026503038861060924e-03 -8.697687222151664899e-02 1.498858850566528456e-01 3.654649964222953483e-03 9.886965487903096594e-01 4.790199895097964955e+00
9.865877658392956384e-01 -1.884008103576182303e-03 -1.632208017552184975e-01 -4.564985011279297789e-01 1.265466450282636728e-03 9.999916196275624447e-01 -3.893490420186481414e-03 -9.167290587478796327e-02 1.632267720946362910e-01 3.634719451475049851e-03 9.865818822438444657e-01 5.215400904241802138e+00
9.845200929456174865e-01 -2.923165675937167921e-03 -1.752473706503860085e-01 -5.462034973211730149e-01 2.115884827080534870e-03 9.999862740705395270e-01 -4.793192967411774759e-03 -9.855003952516079579e-02 1.752589795452869637e-01 4.348191414725106202e-03 9.845127648193147119e-01 5.651723423230829546e+00
9.827692861648922307e-01 -5.320791859873472834e-03 -1.847598942089966056e-01 -6.440286674493055363e-01 4.192345473679725751e-03 9.999701012617528972e-01 -6.497754636424916790e-03 -1.117536927545696029e-01 1.847889465161068334e-01 5.611216265653400787e-03 9.827622094591214053e-01 6.087703849929250843e+00
9.810662675723854642e-01 -4.917235674099128782e-03 -1.936099132732131967e-01 -7.343618907082780645e-01 3.399219659647389428e-03 9.999608309578160714e-01 -8.172016319745397522e-03 -1.203915394061667032e-01 1.936425168349663328e-01 7.359166819766086061e-03 9.810445551808139042e-01 6.539381985364761007e+00
9.796223588882621014e-01 -4.978682389292949338e-03 -2.007865675841009057e-01 -8.466543636963578257e-01 2.998498753695682736e-03 9.999438387572424647e-01 -1.016505446738845755e-02 -1.226731682654124272e-01 2.008259032075131179e-01 9.355856268724673658e-03 9.795822709320300969e-01 7.022242575919420027e+00
9.780213592709554593e-01 -5.685659848215941954e-03 -2.084271888531071537e-01 -9.697153288093003365e-01 3.097983995170139337e-03 9.999140489904626561e-01 -1.273958877450632327e-02 -1.359194914933386233e-01 2.084817108933793572e-01 1.181388575655627042e-02 9.779549117211364662e-01 7.488528474151348924e+00
9.762845419640282518e-01 -9.470508641295801930e-03 -2.162840759224278486e-01 -1.077568781315908941e+00 6.465878972553535525e-03 9.998725744458842879e-01 -1.459545372466113100e-02 -1.454435164966746963e-01 2.163947459104318960e-01 1.285084912276334389e-02 9.762213738288929576e-01 7.995562286592061696e+00
9.744250483658718487e-01 -1.475459253938324680e-02 -2.242278438618082459e-01 -1.187966168675893996e+00 1.151418839694676698e-02 9.998096285182860310e-01 -1.575214805160607759e-02 -1.629235412531412353e-01 2.244175776762104002e-01 1.276748591172201241e-02 9.744094330958277261e-01 8.517448271168529317e+00
9.724537609381467274e-01 -1.553328620377305083e-02 -2.325777259927991891e-01 -1.327869125528047256e+00 1.172469283665781951e-02 9.997737245573591336e-01 -1.774911948699436220e-02 -1.858409036263974357e-01 2.328008055364439166e-01 1.453329553251502329e-02 9.724158418657932179e-01 9.034149697759863429e+00
9.702553393106251312e-01 -1.271775451875996853e-02 -2.417495272772537118e-01 -1.472257240823451108e+00 7.606148885976145822e-03 9.997275875780122778e-01 -2.206574541914312071e-02 -1.868378501008137738e-01 2.419643026086935877e-01 1.957062437924968201e-02 9.700877631733191286e-01 9.555718274757902364e+00
9.683306243193080531e-01 -9.721282087841376027e-03 -2.494820580305039392e-01 -1.619565999242106757e+00 3.570315113366578398e-03 9.996786791169313124e-01 -2.509564428108434705e-02 -2.007340639832234097e-01 2.496458603736580739e-01 2.341015132642545321e-02 9.680541878537162193e-01 1.009659699380683229e+01
9.660251847046787965e-01 -1.162426584100788307e-02 -2.581864006382451615e-01 -1.785177713740592642e+00 4.806642958213115484e-03 9.996233000654221046e-01 -2.702136450800999082e-02 -2.253712629608918272e-01 2.584032498139592349e-01 2.486230879643642686e-02 9.657171571336117255e-01 1.065695947291648515e+01
9.636174359898718178e-01 -1.343255964397137812e-02 -2.669475638104544801e-01 -1.941771846929250200e+00 5.976991217360960902e-03 9.995695709777868698e-01 -2.872191391122487850e-02 -2.527137244303335195e-01 2.672184752564097932e-01 2.608139380118145237e-02 9.632829537394265174e-01 1.122504449490755007e+01
9.613886933796815804e-01 -1.372602165693023561e-02 -2.748515506854210533e-01 -2.107128820181396023e+00 5.336441820995335011e-03 9.994973971631212484e-01 -3.124860701794104564e-02 -2.805636887386979139e-01 2.751423333109030978e-01 2.857532818301700833e-02 9.609787451909338474e-01 1.178892268680131039e+01
9.590367777986785747e-01 -1.286969964091477965e-02 -2.829890950437142227e-01 -2.319541436438796289e+00 3.217363223558202326e-03 9.993979006825479683e-01 -3.454684754761087884e-02 -2.952545916891541888e-01 2.832633199290496284e-01 3.222121869549141038e-02 9.585007492982448030e-01 1.236939803350509770e+01
9.568634611041021421e-01 -1.424769545436305185e-02 -2.901884183643768655e-01 -2.490899904732393200e+00 2.742108815268934005e-03 9.991952453015059410e-01 -4.001677891387315361e-02 -3.322765527693060106e-01 2.905250397457782019e-01 3.749486544401582633e-02 9.561324898688547957e-01 1.296835972487451549e+01
9.550192824495814525e-01 -1.493672093885776639e-02 -2.961672882422334840e-01 -2.689486665554987610e+00 1.102330582357408063e-03 9.989025713000501128e-01 -4.682347600325317133e-02 -3.649004062781529001e-01 2.965416600474903852e-01 4.439084834392515583e-02 9.539876824908781749e-01 1.358449825410460754e+01
9.534714847809614424e-01 -1.574771001140459759e-02 -3.010716449470823286e-01 -2.906329908767175230e+00 -8.979080500680591782e-04 9.984821069129022897e-01 -5.506973689185483412e-02 -3.995489825802900907e-01 3.014818777956530527e-01 5.277775867648952512e-02 9.520100774216121442e-01 1.419147267040484728e+01
9.523980795302243729e-01 -1.612964644587883481e-02 -3.044301736459207319e-01 -3.121910425218532570e+00 -3.495975435770873937e-03 9.979558273773571075e-01 -6.381179156058509883e-02 -4.457127690121073793e-01 3.048371326756362798e-01 6.183850844528167301e-02 9.503948250170034528e-01 1.483072658040654268e+01
9.512000096424395590e-01 -1.469123010894500189e-02 -3.082250920684146966e-01 -3.353897346764284748e+00 -8.036969896654576687e-03 9.973476421086762134e-01 -7.234008486588822118e-02 -4.909647948483070179e-01 3.084703389185078359e-01 7.128708559353595653e-02 9.485590142344059172e-01 1.546712303702529212e+01
9.498620564992144022e-01 -1.415828833925252342e-02 -3.123485463561582187e-01 -3.583863055191403024e+00 -1.125597597666669510e-02 9.967783096137141641e-01 -7.941224383042229384e-02 -5.469622239312347256e-01 3.124666028268530682e-01 7.894646542179972748e-02 9.466425301121264013e-01 1.613205780566348935e+01
9.480093056159242249e-01 -1.283746507476503894e-02 -3.179835747366389076e-01 -3.802525637664267766e+00 -1.536494108042326008e-02 9.961745120077203364e-01 -8.602476500341099674e-02 -6.101984183964991315e-01 3.178714777256773094e-01 8.643807714183379676e-02 9.441854609345434746e-01 1.677687459498682188e+01
9.462955933264447506e-01 -1.157116255585715486e-02 -3.230955834262904114e-01 -4.053230429976469651e+00 -1.912547777480109318e-02 9.956056172066942711e-01 -9.167153903476163435e-02 -6.814851098951446584e-01 3.227365295308927684e-01 9.292773139124338444e-02 9.419159046755058995e-01 1.744768168868388969e+01
9.446392530813526589e-01 -9.554677412989676447e-03 -3.279716258995321043e-01 -4.295428622030621923e+00 -2.358504840108819126e-02 9.950128773112029146e-01 -9.691810698686291470e-02 -7.523006008922639154e-01 3.272620179791647654e-01 9.928787548741406510e-02 9.397028741397668306e-01 1.812029227398841513e+01
9.426466618629038008e-01 -7.112104011422267814e-03 -3.337164762139989693e-01 -4.541970768007351111e+00 -2.796603977239623534e-02 9.945750487823855623e-01 -1.001916810390512391e-01 -8.327190322282898016e-01 3.326186599232237029e-01 1.037780825814605262e-01 9.373339527696060713e-01 1.881479521246748021e+01
9.412209126030623985e-01 -6.340997187256444852e-03 -3.377321172500604152e-01 -4.819199805773330070e+00 -2.982179835569843951e-02 9.943599135266285582e-01 -1.017792842704142858e-01 -9.101861461187430447e-01 3.364726667802582782e-01 1.058685705962743306e-01 9.357232457774865564e-01 1.950820843463365506e+01
9.389212620670627230e-01 -5.536179705629436405e-03 -3.440875061055310158e-01 -5.092530932334865312e+00 -3.105335348821522401e-02 9.944284559518140609e-01 -1.007359678943512554e-01 -9.984740741853395107e-01 3.427281056597651920e-01 1.052682137295675724e-01 9.335181044128753047e-01 2.021613665830826534e+01
9.365586570512797193e-01 -5.228480782732668371e-03 -3.504718851944051417e-01 -5.370618738302852968e+00 -3.166641512658219249e-02 9.945377132491188821e-01 -9.945840878976178190e-02 -1.082703666290347755e+00 3.490775295791436195e-01 1.042468226208102394e-01 9.312773383342517475e-01 2.095519295835457996e+01
9.341869373775628649e-01 -4.801813558882435384e-03 -3.567516025972661264e-01 -5.658684641462872200e+00 -3.214510420352979098e-02 9.947100324210218503e-01 -9.756353663956533750e-02 -1.161688009993422810e+00 3.553328861495248514e-01 1.026103995578774158e-01 9.290907644478411109e-01 2.166468322357790655e+01
9.314086863622385026e-01 -5.367142210038891754e-03 -3.639355025175636804e-01 -5.954437172840483683e+00 -3.124715357117367753e-02 9.950206738548867946e-01 -9.464393272775832588e-02 -1.259061083627340150e+00 3.626313225811946261e-01 9.952413018143239920e-02 9.266031913113011997e-01 2.239097893637581294e+01
9.274839093264322099e-01 -2.033214192944933236e-03 -3.738575411528702319e-01 -6.272661564683633451e+00 -3.360232083295550815e-02 9.954846426088009848e-01 -8.877618141197050894e-02 -1.326765056584736424e+00 3.723499480860891775e-01 9.490096137141269816e-02 9.232276677902251372e-01 2.317424296334982614e+01
9.241561072416165645e-01 6.181954042933589764e-04 -3.820145340937003975e-01 -6.598127929723872853e+00 -3.522823944323560247e-02 9.958755521067040872e-01 -8.361133831189698773e-02 -1.407429695122387248e+00 3.803872534043177822e-01 9.072762890284875870e-02 9.203662519847273238e-01 2.391185306573837366e+01
9.208106212309161709e-01 4.293553961478607968e-03 -3.899863613998576506e-01 -6.934586271545093439e+00 -3.839882696119801403e-02 9.960791531785752051e-01 -7.969849895974759346e-02 -1.480951080301605494e+00 3.881151014403950716e-01 8.836224360519913390e-02 9.173651317978031017e-01 2.463545812427480897e+01
9.168342748296399725e-01 4.538788200910928716e-03 -3.992421678854388145e-01 -7.263731100623053827e+00 -3.884649069904550639e-02 9.962053848311721582e-01 -7.788312681475074994e-02 -1.557884836475863066e+00 3.973737092757758660e-01 8.691507769275494399e-02 9.135315581187036793e-01 2.537448167349068484e+01
9.126899481565760031e-01 6.015301632655632551e-03 -4.086084571514144725e-01 -7.623190987218036341e+00 -4.092537146952918148e-02 9.962102882313762509e-01 -7.674747974660083016e-02 -1.632705857036925057e+00 4.065982965857367071e-01 8.676910663175924077e-02 9.094772953279504080e-01 2.614089544257494069e+01
9.088626175502922955e-01 5.370080749230262199e-03 -4.170610280277102233e-01 -7.978591320439853973e+00 -4.064969727525998000e-02 9.962974761164286042e-01 -7.575580011650803747e-02 -1.701235539214077663e+00 4.151100419484001214e-01 8.580501973343672428e-02 9.057158247260346240e-01 2.690651420226673096e+01
9.050280410712552293e-01 5.530623006509047777e-03 -4.253159453890346664e-01 -8.371261666850365657e+00 -4.089479800157089229e-02 9.964147220145884720e-01 -7.406292802313071966e-02 -1.770251597928033105e+00 4.233814626058127195e-01 8.442223672853021998e-02 9.020094382493314411e-01 2.770229156365905965e+01
9.011032286756744947e-01 6.624912275489659025e-03 -4.335540081622187847e-01 -8.761112452184965704e+00 -4.184682030632277255e-02 9.965446220769118568e-01 -7.174719439240520580e-02 -1.843925508225911392e+00 4.315806037348678958e-01 8.279448555538378163e-02 8.982668085776140954e-01 2.847637202219164010e+01
8.973992361109257576e-01 6.811788341727667909e-03 -4.411668693704507982e-01 -9.145240581807774660e+00 -4.067766795040797523e-02 9.968997169311824003e-01 -6.735192482335888853e-02 -1.916069338009332323e+00 4.393403476670876828e-01 7.838720562994608287e-02 8.948941327204658069e-01 2.925631850940632717e+01
8.933164682284019387e-01 8.305776681272025730e-03 -4.493514188163638678e-01 -9.551657265724829315e+00 -4.056510734866886764e-02 9.972383130667399342e-01 -6.221108491939456031e-02 -1.975570173637657634e+00 4.475937471721348482e-01 7.380217547590493810e-02 8.911863331489957574e-01 3.005811273950698848e+01
8.898933236957494719e-01 8.146645489561609235e-03 -4.560959333560745121e-01 -9.983602366561369124e+00 -3.878700608836020691e-02 9.975709785494984994e-01 -5.785940703851661510e-02 -2.046214819413335828e+00 4.545167142736200039e-01 6.917929600160485637e-02 8.880477383380549483e-01 3.086006166210899693e+01
8.862376090611771007e-01 6.776995088999625445e-03 -4.631813557572568296e-01 -1.043151525621606801e+01 -3.688552062472216786e-02 9.977504768160281312e-01 -5.597717790886350825e-02 -2.110100716404428312e+00 4.617600694278353179e-01 6.669376595559889376e-02 8.844939706417527248e-01 3.167071289659772759e+01
8.828724885616550111e-01 7.034077213970371494e-03 -4.695600986962435441e-01 -1.086493212115234286e+01 -3.688285036459980348e-02 9.978378199413808769e-01 -5.439982086194078414e-02 -2.175140290528692955e+00 4.681621807148371728e-01 6.534682025384461190e-02 8.812229967357388949e-01 3.249027056411086534e+01
8.798158538074544177e-01 6.753429133905040731e-03 -4.752667146719162794e-01 -1.132281644753640215e+01 -3.610162199786838555e-02 9.979602079653580038e-01 -5.265070058762676836e-02 -2.226896291043932496e+00 4.739417047803659022e-01 6.348082052509604334e-02 8.782650228369525136e-01 3.330304959322920411e+01
8.769767787812027260e-01 6.142598880889137657e-03 -4.804934894028993209e-01 -1.179878701644530281e+01 -3.516276851038474538e-02 9.980579723463065545e-01 -5.141851427928720991e-02 -2.292157350389884662e+00 4.792445226867694252e-01 6.198832449587167448e-02 8.754896570696081293e-01 3.415871440709386775e+01
8.740091841890659241e-01 5.291496306566523602e-03 -4.858805834026510562e-01 -1.227538724148720384e+01 -3.435457389864106370e-02 9.981112900689027567e-01 -5.092755591612581345e-02 -2.352215303884207742e+00 4.846934212765688366e-01 6.120337213096103957e-02 8.725402221336033826e-01 3.498778548780546771e+01
8.717589830553900132e-01 4.707262768565988013e-03 -4.899123517289552532e-01 -1.274117787259805468e+01 -3.421093256495454787e-02 9.980978980800750966e-01 -5.128545605654999395e-02 -2.408194268590927223e+00 4.887390827872230559e-01 6.146891556801702128e-02 8.702618491444428228e-01 3.581791424719924066e+01
8.705803405834742215e-01 4.846245014874820019e-03 -4.920024183868064727e-01 -1.324766149822005623e+01 -3.475039045222778206e-02 9.980600172434489492e-01 -5.165861405669252421e-02 -2.464693531244559921e+00 4.907976003140708254e-01 6.207025008846400738e-02 8.690598393191476534e-01 3.668897942179195582e+01
8.700026335595065774e-01 4.728817404453737605e-03 -4.930243919595042601e-01 -1.374980893906706392e+01 -3.431950853831241405e-02 9.981094252190565452e-01 -5.098771111554345481e-02 -2.524096342830346007e+00 4.918511893569492144e-01 6.127979789758593310e-02 8.685201198901474351e-01 3.757512651717863150e+01
8.700197639751158230e-01 4.254636138818129742e-03 -4.929984822966310132e-01 -1.426689821472902153e+01 -3.304266497417466392e-02 9.982175893304687797e-01 -4.969735106243813871e-02 -2.576352340661669960e+00 4.919083208536944030e-01 5.952766142745501143e-02 8.686096166616823488e-01 3.843558588281632638e+01
8.696636084782355391e-01 3.422077661819327571e-03 -4.936329533629251753e-01 -1.478082296992355538e+01 -3.174900103229243847e-02 9.982933792233713577e-01 -4.901356944230324253e-02 -2.637044068042905920e+00 4.926227893390477952e-01 5.829767090276585795e-02 8.682880707237514706e-01 3.935052186499586213e+01
8.690924570467098986e-01 1.881886461331595687e-03 -4.946460904169590056e-01 -1.529480122323014513e+01 -3.032040907943654717e-02 9.983150382985003235e-01 -4.947481332763092182e-02 -2.707470406225228832e+00 4.937195332083036958e-01 5.799605897646536307e-02 8.676851297915425532e-01 4.024002033667740363e+01
8.680356070244438227e-01 -3.207760717912297736e-05 -4.965019426298204475e-01 -1.582636558802218296e+01 -2.856493383990511489e-02 9.983404128861228521e-01 -5.000464580433666012e-02 -2.768433706998059129e+00 4.956795669585497555e-01 5.758835830195677824e-02 8.665941107072491212e-01 4.116531300704447460e+01
8.663220648465467244e-01 -3.505381297772613763e-04 -4.994856876388682476e-01 -1.634610092324157904e+01 -2.733947439199811702e-02 9.984673793183450607e-01 -4.811907755130077208e-02 -2.828808524328877638e+00 4.987370416958213926e-01 5.534229485060277592e-02 8.649847388947792259e-01 4.205727892498769904e+01
8.643428224733676890e-01 1.272406886734989866e-04 -5.029030364382686136e-01 -1.690705674423549709e+01 -2.603710248332347446e-02 9.986701381478199080e-01 -4.449746636036417541e-02 -2.892590039428017068e+00 5.022285916312990706e-01 5.155520358906237610e-02 8.631966796010491771e-01 4.301113897781455364e+01
8.618256116577072135e-01 -5.447295405397551901e-04 -5.072044097729608847e-01 -1.746072732133320926e+01 -2.331858315033824569e-02 9.988994748834427728e-01 -4.069499723097876748e-02 -2.948840561050178444e+00 5.066683950743183784e-01 4.689927906066181790e-02 8.608644493075711113e-01 4.391220541935028621e+01
8.577475645800939352e-01 -1.312246055774039886e-03 -5.140694391559916809e-01 -1.798142760306401300e+01 -2.169991295563016356e-02 9.990130015482606707e-01 -3.875740644982230559e-02 -3.008676993396727894e+00 5.136129215183891095e-01 4.439933302333556181e-02 8.568724941495177161e-01 4.479651904407311491e+01
8.523657597219314042e-01 -3.995177650843122381e-03 -5.229308222452703214e-01 -1.855082377442547070e+01 -2.002959630465637672e-02 9.989876543720674906e-01 -4.028004119960161555e-02 -3.071007625257408780e+00 5.225623704379294132e-01 4.480742113021370793e-02 8.514228499013027918e-01 4.570271277099569573e+01
8.464021581377872971e-01 -6.988446051310837244e-03 -5.324983969821903695e-01 -1.912541452089551797e+01 -1.885622311117970615e-02 9.988936151491840665e-01 -4.308118493096833174e-02 -3.137368076799842420e+00 5.322103285288150021e-01 4.650491643660326774e-02 8.453339366525375320e-01 4.658820021522509336e+01
8.401094492528162760e-01 -7.418868831252258336e-03 -5.423661751422178545e-01 -1.970565517072079942e+01 -1.860621954743058720e-02 9.989238596846405915e-01 -4.248448160859124439e-02 -3.198206785831597454e+00 5.420977091732028796e-01 4.578299851701973094e-02 8.390673372550586651e-01 4.749534487767627411e+01
8.347506894388709853e-01 -4.655856771618860704e-03 -5.506083940431083512e-01 -2.032226708537426418e+01 -1.968172693940408932e-02 9.990729565755346320e-01 -3.828651328172039126e-02 -3.248724153808730808e+00 5.502762221597884418e-01 4.279661732507209632e-02 8.338852047639619958e-01 4.837736978726788095e+01
8.297203081407259484e-01 -7.751732414506914037e-05 -5.581793602462857828e-01 -2.091071225665858435e+01 -2.258032491977954651e-02 9.991767500104825617e-01 -3.370387527590585491e-02 -3.298553510951293788e+00 5.577224613445618262e-01 4.056866097212265959e-02 8.290354913150924654e-01 4.924539549412056516e+01
8.256450092691786091e-01 -7.182815167649932674e-05 -5.641899567911965452e-01 -2.153736726990605277e+01 -2.384403237351799890e-02 9.991020943977810820e-01 -3.502095281546704214e-02 -3.357338191199010335e+00 5.636858926765300204e-01 4.236743839270796369e-02 8.249019461009294840e-01 5.013519433416075088e+01
8.221173742548457675e-01 -2.166726094752831344e-03 -5.693139046079918053e-01 -2.214949376150032379e+01 -2.430945027739976269e-02 9.989471368036255683e-01 -3.890589344021696400e-02 -3.409026188739010976e+00 5.687988031683022250e-01 4.582491892952381130e-02 8.211991259983344449e-01 5.099849438653802025e+01
8.192624319917591880e-01 -4.364457968706472214e-03 -5.734021387184238261e-01 -2.275783977463451535e+01 -2.643391745191372294e-02 9.986204938235255790e-01 -4.536912353823596700e-02 -3.487293667465621638e+00 5.728091484252876286e-01 5.232648326190405402e-02 8.180168854795352162e-01 5.186538609541747036e+01
8.158468809021465207e-01 -5.145849803038685111e-03 -5.782450870581961055e-01 -2.338032948211009554e+01 -2.694670963201307307e-02 9.985358164167612571e-01 -4.690520461548564751e-02 -3.542952998209703441e+00 5.776398071807569146e-01 5.384926732415126760e-02 8.145136683732403515e-01 5.272571550406424024e+01
8.127570956437775163e-01 -3.839293632449714260e-03 -5.825900417690526023e-01 -2.400237828199268719e+01 -2.628836277128466722e-02 9.987181052722798880e-01 -4.325584621575828681e-02 -3.605514609766621970e+00 5.820093045882022142e-01 5.047183425265428652e-02 8.116142986720169539e-01 5.357418545145931432e+01
8.095068300870938982e-01 -2.053992644433867091e-03 -5.871068612472368775e-01 -2.465698554629809180e+01 -2.533749909992773913e-02 9.989399997466509307e-01 -3.843030176106242840e-02 -3.654581134034143197e+00 5.865634734931550742e-01 4.598541122769941175e-02 8.085967104205405986e-01 5.443676605395777557e+01
8.066160689855363941e-01 -5.671289975785185657e-04 -5.910754511066703687e-01 -2.531184828748440552e+01 -2.534010325079339571e-02 9.990469696589808768e-01 -3.553915631577845430e-02 -3.712789412400247180e+00 5.905323037354480720e-01 4.364436739801611648e-02 8.058329691122145810e-01 5.531485989095722999e+01
8.033688499933773208e-01 9.838792324187031562e-05 -5.954817162334691272e-01 -2.594393534790518530e+01 -2.666741094345922297e-02 9.990026724412226500e-01 -3.581214460243465486e-02 -3.764233242912978117e+00 5.948843126802780823e-01 4.465031694172695576e-02 8.025702526779421309e-01 5.615783810964320821e+01
7.995147596057873285e-01 -4.933703028346991858e-04 -6.006462343490799327e-01 -2.659644286221578469e+01 -2.733395434569237115e-02 9.989337715888713110e-01 -3.720450204187578797e-02 -3.816678607821080593e+00 6.000241742085885566e-01 4.616358514440462024e-02 7.986488093269206168e-01 5.701156263655686018e+01
7.957271838752354443e-01 -3.255377737428585914e-03 -6.056464681099481551e-01 -2.725375162508114357e+01 -2.581454995254190907e-02 9.988945186420269406e-01 -3.928548951315796733e-02 -3.886467790502322828e+00 6.051048367684509488e-01 4.689502283696722618e-02 7.947634870372688454e-01 5.785592428862679526e+01
7.918128872595885381e-01 -4.295434316481770362e-03 -6.107486337941675503e-01 -2.790875517292976582e+01 -2.512012840369886452e-02 9.989000961179559379e-01 -3.959264036902969408e-02 -3.937948363352631986e+00 6.102469471068662221e-01 4.669204687754330285e-02 7.908340681776986347e-01 5.869575087594990492e+01
7.869923088347904327e-01 -4.884919909592414129e-03 -6.169434626660974530e-01 -2.858721603429143343e+01 -2.444936680482912711e-02 9.989362259882414996e-01 -3.909788890432011610e-02 -3.990400500686506202e+00 6.164781749283163581e-01 4.585361475281144600e-02 7.860356945276206764e-01 5.956194581589485892e+01
7.823932433308490308e-01 -4.555813346643823591e-03 -6.227680547050870041e-01 -2.926896992155109700e+01 -2.471331470603811004e-02 9.989585103680542755e-01 -3.835553005756185685e-02 -4.054372895822625722e+00 6.222941995984709873e-01 4.539977035377297521e-02 7.814658004962418136e-01 6.038490867211582724e+01
7.769253595363907472e-01 -5.745300842205508518e-03 -6.295664934580005312e-01 -2.997187570569605697e+01 -2.444367859172967908e-02 9.989291777022206720e-01 -3.928109669461260500e-02 -4.109767277842277799e+00 6.291180321841870482e-01 4.590740105798855886e-02 7.759529751253069207e-01 6.122152464322536503e+01
7.714053327298733276e-01 -6.983828371255338188e-03 -6.363057685468417324e-01 -3.068249696092274448e+01 -2.395178396445539135e-02 9.989125310115033463e-01 -4.000084345479458514e-02 -4.166030855614383910e+00 6.358931757462960022e-01 4.609752212255630727e-02 7.703991790887864122e-01 6.205388257018235265e+01
7.664718996296614462e-01 -7.961139776234844520e-03 -6.422284947807398447e-01 -3.136887836175191779e+01 -2.395433821586146969e-02 9.988731643694154227e-01 -4.097061418592334858e-02 -4.227059721850779717e+00 6.418309926827940881e-01 4.678698292623328925e-02 7.654175088408974315e-01 6.286925391996116019e+01
7.600376814838188944e-01 -9.791052097610265098e-03 -6.498052400761799019e-01 -3.209162215847101862e+01 -2.316762684543082970e-02 9.988427340171392999e-01 -4.214799886829843217e-02 -4.285271217858531934e+00 6.494659270277476359e-01 4.708851252731912490e-02 7.589312811908135448e-01 6.371705191835501125e+01
7.546540697162640310e-01 -1.126420940886703644e-02 -6.560261766981301257e-01 -3.280878038737600377e+01 -2.258075699851220391e-02 9.988144437518853280e-01 -4.312558875194931474e-02 -4.345331366932545514e+00 6.557342077349812559e-01 4.735846860352017906e-02 7.535050314048322706e-01 6.452289180399326085e+01
7.482558943551087527e-01 -1.216622857505239401e-02 -6.632986440089484459e-01 -3.356071193234213013e+01 -2.178383683904876883e-02 9.988420823420467443e-01 -4.289474364895733832e-02 -4.413577719009942335e+00 6.630524774869991367e-01 4.654543405816916751e-02 7.471244494260240732e-01 6.535804263736548592e+01
7.419673050610032794e-01 -1.228387856391674471e-02 -6.703235159855560621e-01 -3.430300273215630824e+01 -2.115416693545907334e-02 9.989053576714548299e-01 -4.172035082881235535e-02 -4.473166814202074626e+00 6.701022507723863875e-01 4.513527165916959849e-02 7.408952619567674702e-01 6.618104792144168869e+01
7.358233864762692145e-01 -1.302585494719142936e-02 -6.770481979854418020e-01 -3.505268692750702542e+01 -2.002522324597755948e-02 9.989591589909964098e-01 -4.098279073655337890e-02 -4.535251160753353439e+00 6.768773460201698011e-01 4.371413699239649897e-02 7.347966666086962473e-01 6.698808119476261425e+01
7.288734933151319595e-01 -1.414177150821675777e-02 -6.845023244980296129e-01 -3.581620079928088529e+01 -1.946655130372174428e-02 9.989543759673941148e-01 -4.136675173489273716e-02 -4.596126364011695387e+00 6.843716033750639749e-01 4.347602826629400757e-02 7.278360751054251399e-01 6.780503209900766137e+01
7.225463452235022510e-01 -1.620557828512704523e-02 -6.911325121001031802e-01 -3.661462737196109885e+01 -1.832526104792165864e-02 9.989249503449397771e-01 -4.258084564530767446e-02 -4.663748114717040316e+00 6.910795694820365265e-01 4.343181790081139526e-02 7.214726015332627584e-01 6.858968451631164953e+01
7.162105066714393731e-01 -1.524646648023049444e-02 -6.977177411235655491e-01 -3.736185321623704425e+01 -2.037037548549115035e-02 9.988786399952610529e-01 -4.273769294475328329e-02 -4.720699764061706105e+00 6.975869591912582379e-01 4.482195689458189081e-02 7.150968015777506848e-01 6.937473910443813452e+01
7.114141603799349900e-01 -1.498854187281603752e-02 -7.026131416287524356e-01 -3.818714299327319139e+01 -2.026104564175146283e-02 9.989195229602974013e-01 -4.182435549970855287e-02 -4.781483037203248188e+00 7.024808824849489985e-01 4.399011547751785489e-02 7.103418111604895557e-01 7.018483705714947973e+01
7.067559660061877302e-01 -1.489302735312834046e-02 -7.073006382735594899e-01 -3.902270358967446384e+01 -2.099633606989422668e-02 9.988964186153761471e-01 -4.201307874048407220e-02 -4.844816169737264921e+00 7.071457885866766491e-01 4.454371575018799961e-02 7.056633052552683250e-01 7.098723684449591076e+01
7.014566365812832105e-01 -1.525852982600137304e-02 -7.125487736191299382e-01 -3.982454799153616420e+01 -2.133936822037932335e-02 9.988729251667068931e-01 -4.239706086117143308e-02 -4.913723364434303242e+00 7.123926069369763692e-01 4.494504016391651785e-02 7.003404360644150950e-01 7.177567664953568283e+01
6.964982372306807168e-01 -1.713442335153509549e-02 -7.173538927727702852e-01 -4.067231532170626451e+01 -2.153457063013467995e-02 9.987654343613208141e-01 -4.476460017390820195e-02 -4.978213825851404373e+00 7.172353002891193041e-01 4.662637299106089928e-02 6.952693829874008191e-01 7.257378849801618514e+01
6.914983532096240504e-01 -1.956030417066725868e-02 -7.221131575439142525e-01 -4.148712708665050286e+01 -2.104121393144057356e-02 9.986637953786067223e-01 -4.720054183594162706e-02 -5.041370112935393166e+00 7.220715360161629182e-01 4.783323419847266417e-02 6.901627983737904648e-01 7.335624098286939443e+01
6.868732393721471707e-01 -2.026173774197322780e-02 -7.264947385893006926e-01 -4.236420355034405105e+01 -2.162471486707799248e-02 9.985989527248683162e-01 -4.829599732535063555e-02 -5.110889717823360101e+00 7.264554584772210388e-01 4.888346953030103803e-02 6.854727442003414328e-01 7.414611391445036759e+01
6.819205885454652227e-01 -1.973428908118690650e-02 -7.311599406520677968e-01 -4.321763112344791580e+01 -2.178652834634910510e-02 9.986443803387193840e-01 -4.727313016362587328e-02 -5.179933554760543402e+00 7.311016800885536959e-01 4.816595732985760187e-02 6.805662229564188870e-01 7.494205538866168581e+01
6.771472244657584794e-01 -1.964074705682468391e-02 -7.355853909665921453e-01 -4.406911528968981173e+01 -2.129901199197024170e-02 9.987017335116650241e-01 -4.627309805316755231e-02 -5.254314214566068841e+00 7.355392560077480546e-01 4.700094177663356743e-02 6.758497794326020491e-01 7.570626956035228261e+01
6.713252595816476820e-01 -2.071145837150119989e-02 -7.408734177687064104e-01 -4.494777626906068235e+01 -2.009993463454744569e-02 9.987330607772395563e-01 -4.613313310496319763e-02 -5.330311855334366911e+00 7.408902734254976252e-01 4.586184461175690091e-02 6.700584333503363244e-01 7.648771478300440663e+01
6.667865606339623552e-01 -2.176646763349012956e-02 -7.449307975633294721e-01 -4.582801586251200376e+01 -1.934439119821935657e-02 9.987310829481925722e-01 -4.649751081785036960e-02 -5.389148722115548296e+00 7.449976415907640925e-01 4.541414785837268736e-02 6.655194057688296194e-01 7.724584874559133141e+01
6.621873637640832699e-01 -2.224535617095212484e-02 -7.490080300032408989e-01 -4.672307468312246925e+01 -1.874080623736392240e-02 9.987549513511972954e-01 -4.623125957423034060e-02 -5.464258278155905479e+00 7.491039223295160587e-01 4.465077002990886640e-02 6.609460134142254306e-01 7.804433205350341041e+01
6.579019129730949711e-01 -2.303163705008968651e-02 -7.527513574312115763e-01 -4.761302237801841386e+01 -1.769066680818253204e-02 9.987838156405779433e-01 -4.602097292451549221e-02 -5.529510180780326856e+00 7.528958243421404184e-01 4.359395933386146088e-02 6.566943389871588987e-01 7.878892237602566695e+01
6.546105399232409194e-01 -2.579933846695140268e-02 -7.555259258288870017e-01 -4.853068181177308560e+01 -1.481872299705483224e-02 9.987875272464770138e-01 -4.694550974656693659e-02 -5.601249154870597380e+00 7.558210473704924937e-01 4.192695463459984728e-02 6.534345302810020684e-01 7.957995738169103106e+01
6.496531402251657372e-01 -3.000813027992646834e-02 -7.596382684225768678e-01 -4.942137713925340847e+01 -1.187355808325954790e-02 9.986982749009698512e-01 -4.960619255692120394e-02 -5.685267000201570831e+00 7.601380304327938209e-01 4.124642760529782792e-02 6.484511682065683402e-01 8.035869698318465737e+01
6.448436850956822397e-01 -3.370966535368916106e-02 -7.635707364041643963e-01 -5.033011065284830465e+01 -8.542852141589816345e-03 9.986466368846125263e-01 -5.130218630747092334e-02 -5.753767134762548530e+00 7.642667406607167591e-01 3.960496249060693752e-02 6.436830018134248599e-01 8.112992398910314762e+01
6.386983208340473173e-01 -3.796428290815066081e-02 -7.685201085841349977e-01 -5.124552486231229409e+01 -2.942183151219118515e-03 9.986542905653723601e-01 -5.177790538096171957e-02 -5.828929651341483442e+00 7.694516281608920760e-01 3.533158781540241683e-02 6.377271216750156624e-01 8.188930766547979090e+01
6.301933463607990449e-01 -4.137627887185834491e-02 -7.753349848175137282e-01 -5.219349141307137074e+01 1.740994237037907580e-03 9.986518783572377878e-01 -5.187865433368316764e-02 -5.908217970355215343e+00 7.764362980278608495e-01 3.134372867648255873e-02 6.294158060153256518e-01 8.265393203029958613e+01
6.219833831336851748e-01 -4.253712012062858816e-02 -7.818741927424617266e-01 -5.312149556369778480e+01 4.761166919235134028e-03 9.987103666875852825e-01 -5.054636226776408614e-02 -5.994335812172881361e+00 7.830159719531167850e-01 2.771636346674084816e-02 6.213837800627328711e-01 8.339411967417453297e+01
6.126039452726090850e-01 -4.224893944881918939e-02 -7.892600470778158295e-01 -5.407764853155939022e+01 6.604862850977734866e-03 9.988091236148399776e-01 -4.833953192633726192e-02 -6.055237515568600237e+00 7.903624435461995557e-01 2.440003316932790392e-02 6.121534592528595775e-01 8.413819672842979003e+01
6.039802808821106428e-01 -4.169611513624770643e-02 -7.959078104090195893e-01 -5.508580112508638393e+01 5.513689983692423094e-03 9.988252605674141638e-01 -4.814247660540003221e-02 -6.143057105203965307e+00 7.969801941439542681e-01 2.468871718067696536e-02 6.035006619928173777e-01 8.486866040856646975e+01
5.949814659700209951e-01 -4.225685297418877578e-02 -8.026278102138511006e-01 -5.604469357662796369e+01 3.534448497542700112e-03 9.987448658578458316e-01 -4.996199132631915646e-02 -6.212037794329280160e+00 8.037316550591993014e-01 2.688961175992587646e-02 5.943840402084522578e-01 8.557864548585179421e+01
5.839851039140976363e-01 -4.454279710363268779e-02 -8.105413781028246722e-01 -5.703077455791986949e+01 4.507569613252003331e-03 9.986559611195825470e-01 -5.163286854670220277e-02 -6.293798871133135187e+00 8.117518653949796770e-01 2.649925398485948949e-02 5.834009861184326073e-01 8.628841333815647374e+01
5.743191835559872116e-01 -4.603331418098506600e-02 -8.173361592286682020e-01 -5.806479072493304017e+01 4.847448220488370478e-03 9.985914558623392168e-01 -5.283565558221627045e-02 -6.365086115369542163e+00 8.186171196564351327e-01 2.638253542811255098e-02 5.737333748840967029e-01 8.698569316313323441e+01
5.642539752023817412e-01 -4.734042083688618646e-02 -8.242428790289034746e-01 -5.906319604053785355e+01 8.213207389277617232e-03 9.986271438451450599e-01 -5.173365221126353247e-02 -6.443573931061401083e+00 8.255604192607978176e-01 2.242124072855395875e-02 5.638681535044538506e-01 8.766730714622495668e+01
5.541649148122207436e-01 -4.704044256966433135e-02 -8.310766699710009364e-01 -6.010568283633659803e+01 8.808102645975156991e-03 9.986774366826919325e-01 -5.065367468856666472e-02 -6.530363107510694043e+00 8.323603041223062160e-01 2.075028020334659593e-02 5.538463348312799850e-01 8.836845328141151867e+01
5.436539988263690004e-01 -4.765282866713448084e-02 -8.379555624873360475e-01 -6.114680565262280965e+01 9.257511101146051122e-03 9.986666516126954107e-01 -5.078599624694891956e-02 -6.612403154130094052e+00 8.392583866813978499e-01 1.985262650935066403e-02 5.433702664043864594e-01 8.904784890902980976e+01
5.334800689272858332e-01 -4.849128557794084304e-02 -8.444214577576311109e-01 -6.218765927369476287e+01 8.370156747030911212e-03 9.986090078809193304e-01 -5.205756261714798022e-02 -6.688352758635087270e+00 8.457712269260103666e-01 2.070373162195936548e-02 5.331438831959809388e-01 8.969068540301205417e+01
5.236571377839923658e-01 -4.911437547500355216e-02 -8.505121792415663018e-01 -6.328078992950614179e+01 7.580431663976360326e-03 9.985659116582528139e-01 -5.299676500625015441e-02 -6.771271478970013469e+00 8.518953873875929617e-01 2.130488431295761778e-02 5.232784765421523154e-01 9.034366172985555465e+01
5.140170000007786566e-01 -4.975755901593371250e-02 -8.563356209652172035e-01 -6.433610284113026978e+01 5.993612094831578078e-03 9.985001245637855627e-01 -5.442038067797660278e-02 -6.857393613740345728e+00 8.577590643366187484e-01 2.284045678219235806e-02 5.135442672316242740e-01 9.095569311148189229e+01
