1.000000000000000000e+00 -3.306050084167601550e-19 -2.270457535318767223e-19 -8.673617379884035472e-19 7.546676715296109287e-19 1.000000000000000000e+00 6.237773588823049983e-19 1.387778780781445676e-17 -3.447385680526250622e-20 4.770700176052009879e-20 1.000000000000000222e+00 5.551115123125782702e-17
9.999197077937336253e-01 -3.064863138925509253e-03 1.229804143362488861e-02 1.271938627614046732e-02 3.049124969777152090e-03 9.999945259713028944e-01 1.298842787915463048e-03 -1.588268089497454905e-03 -1.230195541276843212e-02 -1.261253914458802675e-03 9.999235819965298644e-01 3.023234218246796945e-01
9.998071915543368382e-01 -4.945382126257834819e-03 1.900967091379162505e-02 3.121265025167165030e-02 4.916958500599107225e-03 9.999867045498349594e-01 1.541806267066862281e-03 -1.005527487468574344e-02 -1.901704589893020089e-02 -1.448076692259038685e-03 9.998181968676302933e-01 5.843282956806741257e-01
9.997601616626516918e-01 -6.949519759459271001e-03 2.076502456304720606e-02 4.081898781194341630e-02 6.944564467003273150e-03 9.999758191586101130e-01 3.107540806099592457e-04 -1.689342271938025497e-02 -2.076668290813699080e-02 -1.664509508370177169e-04 9.997842613929412980e-01 8.872412872036881115e-01
9.997934749039958380e-01 -7.927293625179888947e-03 1.870705057764486881e-02 4.423782325319172704e-02 7.945610015049581892e-03 9.999680299840919551e-01 -9.045096612532639059e-04 -2.007861397929912306e-02 -1.869928362072217215e-02 1.052987088146763780e-03 9.998244812493027878e-01 1.197897752745900490e+00
9.998800339573077345e-01 -9.954122374010998531e-03 1.187040809482124183e-02 4.001597660227702857e-02 9.984686011709667519e-03 9.999469555302155088e-01 -2.519291413387921442e-03 -1.938344515685688774e-02 -1.184470666841508021e-02 2.637481321633157287e-03 9.999264260970411877e-01 1.518893564684327568e+00
9.999253597384955006e-01 -1.220959564481495160e-02 4.432368811767624264e-04 3.505271108514412814e-02 1.221128245352957886e-02 9.999173349684659096e-01 -4.024842911426407266e-03 -3.941339680294068948e-02 -3.940450511238617485e-04 4.029953892851375480e-03 9.999917831944976632e-01 1.840240279253892108e+00
9.998183611284644501e-01 -1.060091115037692031e-02 -1.583452248206636617e-02 8.977660890476087119e-03 1.054151932130422721e-02 9.999371425492169507e-01 -3.828068762001013512e-03 -4.121885296255604902e-02 1.587410118864850464e-02 3.660403938271776687e-03 9.998671989208907096e-01 2.171749253071494579e+00
9.993813215083271473e-01 -6.300478470555970906e-03 -3.460596926667671575e-02 -2.826385149844347355e-02 6.165243998356233560e-03 9.999729270036055162e-01 -4.013647719764830597e-03 -4.402073874271957010e-02 3.463032273054418575e-02 3.797840869179921856e-03 9.993931002734680602e-01 2.516593517253912449e+00
9.984988537956994703e-01 -2.104448802575217305e-03 -5.473485416305799017e-02 -7.502968840372421788e-02 1.837070786809644240e-03 9.999861416129393055e-01 -4.935661536806892381e-03 -4.840090697569429667e-02 5.474448628216215668e-02 4.827699347050360204e-03 9.984888767761150863e-01 2.870740266498392312e+00
9.971482605783738018e-01 -1.991243594419777035e-03 -7.544500489636209173e-02 -1.168032841066431876e-01 1.563157600562832452e-03 9.999823246449585090e-01 -5.734138964474519082e-03 -5.100298442521848663e-02 7.545509591074298084e-02 5.599855805429050648e-03 9.971337790192218442e-01 3.235239991533377601e+00
9.954233938047143404e-01 -3.591910334277417620e-03 -9.550901000414441233e-02 -1.714752229618161372e-01 3.175705294701532296e-03 9.999847775250962911e-01 -4.511632762805741111e-03 -5.547388004531449146e-02 9.552377191765042130e-02 4.187681582057862367e-03 9.954196275135734906e-01 3.613942471173534621e+00
9.933233081082184501e-01 -4.442632685067055345e-03 -1.152542079297935174e-01 -2.345801156446765956e-01 4.053979670216583710e-03 9.999852716856556523e-01 -3.605907674682650235e-03 -6.406813119250892585e-02 1.152685380651752717e-01 3.114532470728472845e-03 9.933266879406538186e-01 4.000922826499789586e+00
9.912314512426894098e-01 -3.755798539892687277e-03 -1.320683193948796463e-01 -3.103702186986181388e-01 3.334928235018126078e-03 9.999886588486085470e-01 -3.407734710007653302e-03 -6.858533650006896909e-02 1.320796281756179691e-01 2.937263823192507069e-03 9.912327593239854684e-01 4.397600736578529457e+00
9.887011585127915003e-01 -2.334243571490986647e-03 -1.498592808093615891e-01 -3.895466460822645249e-01 1.974597516729959413e-03 9.999948234448534645e-01 -2.548876592151125275e-03 -7.579897243671529505e-02 1.498644670721627215e-01 2.224030456892557312e-03 9.887006254413421846e-01 4.814337083107862902e+00
9.867652856767417102e-01 -1.298360177748427661e-03 -1.621619439097631843e-01 -4.703236518870627103e-01 9.862996723527977291e-04 9.999975046294901082e-01 -2.005128875167915686e-03 -8.103825152836752199e-02 1.621641521062091862e-01 1.818623792627821565e-03 9.867641047400026455e-01 5.235060111439957531e+00
9.848067966942550822e-01 -2.464367668485800428e-03 -1.736231925970095902e-01 -5.588491365552299417e-01 1.947352890686023918e-03 9.999931456909231242e-01 -3.149217433565551245e-03 -8.992953672709119717e-02 1.736297783254685534e-01 2.763366653496508382e-03 9.848048478255457816e-01 5.672559944874467242e+00
9.826430218594197630e-01 -5.793076286223484452e-03 -1.853952640189212853e-01 -6.473383684978846198e-01 4.934938989322412012e-03 9.999748552735400198e-01 -5.089058626954884312e-03 -1.047701835186303360e-01 1.854201111288630299e-01 4.085667135001009795e-03 9.826469200777337987e-01 6.121461211828241211e+00
9.814314600373890141e-01 -5.021475304635321379e-03 -1.917404341946920276e-01 -7.463380114319341230e-01 3.680698426026994107e-03 9.999662547193425288e-01 -7.349190333757609460e-03 -1.092001854810764061e-01 1.917708821442453693e-01 6.506897556174991680e-03 9.814167951118905053e-01 6.580415583704577465e+00
9.799569020669104402e-01 -4.674550818538128309e-03 -1.991626079640022862e-01 -8.589495260948741828e-01 2.916889455180622127e-03 9.999541729495737830e-01 -9.118566995162006444e-03 -1.128925031944023327e-01 1.991961169529616882e-01 8.354809017957385078e-03 9.799256464038043068e-01 7.061564369803935648e+00
9.784825175657130281e-01 -5.389721725965031240e-03 -2.062819591718431933e-01 -9.681746471749321792e-01 3.017486346793113103e-03 9.999256680246678686e-01 -1.181673796533737331e-02 -1.225677906800029249e-01 2.063303161816582576e-01 1.094034103471080814e-02 9.784260710586367704e-01 7.547859601827058285e+00
9.764962220580447605e-01 -9.479401138685247460e-03 -2.153104913965010470e-01 -1.081007549945921520e+00 6.681777749601446742e-03 9.998835430645437450e-01 -1.371916817892914094e-02 -1.326535956480849043e-01 2.154154672676013293e-01 1.195774056876994750e-02 9.764460791652840310e-01 8.049870683348688161e+00
9.748655303896363034e-01 -1.522549192705662663e-02 -2.222734516420854789e-01 -1.197867358574121965e+00 1.225715535179980505e-02 9.998163703063179808e-01 -1.472929376881366298e-02 -1.488478744783124641e-01 2.224568934602084713e-01 1.163453699000848059e-02 9.748734367330925688e-01 8.567729065272024158e+00
9.730240931781709568e-01 -1.565474964776774475e-02 -2.301982902492040461e-01 -1.326577145718710327e+00 1.213630791783252075e-02 9.997869062941617813e-01 -1.669298194550591571e-02 -1.725595902292257899e-01 2.304105835622748955e-01 1.344924080450352749e-02 9.730070075200077939e-01 9.096080198203772227e+00
9.709318262422843571e-01 -1.119379307637681856e-02 -2.390832295803136942e-01 -1.483652972442065954e+00 6.457062997374617315e-03 9.997672475187638907e-01 -2.058042645188806752e-02 -1.759810178626868837e-01 2.392580697837292103e-01 1.843767409689883383e-02 9.707782249755244619e-01 9.628048578558216164e+00
9.690218481215564506e-01 -8.920553903700893100e-03 -2.467853403749476759e-01 -1.642215196989553316e+00 3.078867453116720249e-03 9.997060882479128496e-01 -2.404259275323195402e-02 -1.924049268453217887e-01 2.469273212626177105e-01 2.253789162062462548e-02 9.687646130499339980e-01 1.017604321639999654e+01
9.664049975547391869e-01 -1.195257778204958377e-02 -2.568330312156869022e-01 -1.795412680829789887e+00 5.428973510628440705e-03 9.996444587752583155e-01 -2.609987431366425636e-02 -2.117656954543103431e-01 2.570537938625854779e-01 2.382876507598854013e-02 9.661266567986648290e-01 1.073668666493060364e+01
9.642041090040179840e-01 -1.341772190637505364e-02 -2.648272799478982309e-01 -1.958639875261637631e+00 6.382869850859213164e-03 9.996038967522734575e-01 -2.740905478515543586e-02 -2.401282630261944440e-01 2.650901334395565079e-01 2.473718004961191971e-02 9.639080110131179602e-01 1.130601923262939223e+01
9.623833340871500441e-01 -1.359678098178872079e-02 -2.714372886989721567e-01 -2.133477603561782399e+00 5.481209727456876762e-03 9.995152915455979281e-01 -3.064335895858071382e-02 -2.614425673664605987e-01 2.717224558071663632e-01 2.800332898258208261e-02 9.619915478024635425e-01 1.188870815407070936e+01
9.598397030866369084e-01 -1.274432821651740912e-02 -2.803159439321063484e-01 -2.321089474390462648e+00 3.348489189156555502e-03 9.994169158304105904e-01 -3.396540014765355581e-02 -2.809301877324220653e-01 2.805856960126029143e-01 3.166156984845063666e-02 9.593228998779662620e-01 1.248130697167149528e+01
9.577580042876712163e-01 -1.393971675122929882e-02 -2.872980956577639300e-01 -2.512096293375522649e+00 2.831114429341286074e-03 9.992330314149541204e-01 -3.904857910472259858e-02 -3.112757207246065194e-01 2.876223605505440761e-01 3.658479818087990998e-02 9.570632388563959925e-01 1.308149914496059907e+01
9.559508371875419241e-01 -1.496441917721525600e-02 -2.931531316947638133e-01 -2.711958864763059918e+00 1.620379317126858544e-03 9.989533211149795866e-01 -4.570978630554287797e-02 -3.502329303776609559e-01 2.935305576424924734e-01 4.322002964692756022e-02 9.549748704946284805e-01 1.369595971511957977e+01
9.546227212871768453e-01 -1.574668150546594536e-02 -2.973753678903792719e-01 -2.918298499681008629e+00 -4.252414913797528898e-04 9.985281135306151024e-01 -5.423152632621874164e-02 -3.825205499170186152e-01 2.977913480994039408e-01 5.189886859119609980e-02 9.532109238911621318e-01 1.432230192101349786e+01
9.538389094697020676e-01 -1.565258569644039505e-02 -2.999035307197914779e-01 -3.129233592847755041e+00 -3.487152637448320998e-03 9.979961857338651710e-01 -6.316793340622330055e-02 -4.265426214276469841e-01 3.002913617152347947e-01 6.129808803984104076e-02 9.518731839292760011e-01 1.495314075265226172e+01
9.522176798675973108e-01 -1.588058269528910826e-02 -3.049968215085143708e-01 -3.352324581943350701e+00 -6.524763470632446473e-03 9.973616054506229123e-01 -7.230180200816985203e-02 -4.705735236801218968e-01 3.053401422735618209e-01 7.083777824684686641e-02 9.496019018346426588e-01 1.560649743106608689e+01
9.510754233461299334e-01 -1.447726568113286670e-02 -3.086114781053371225e-01 -3.580671826322032292e+00 -1.048939666158044126e-02 9.968126083435049356e-01 -7.909299828728767745e-02 -5.299053497825655379e-01 3.087726436387605022e-01 7.846159895822937824e-02 9.478919952230545620e-01 1.626270788620022500e+01
9.495641950033438805e-01 -1.359480331500678013e-02 -3.131906135800047175e-01 -3.814767067836394521e+00 -1.388605104644189021e-02 9.962565277370658556e-01 -8.532111644334310074e-02 -5.886999777989669891e-01 3.131780024433136189e-01 8.536746434024282404e-02 9.458208344762348840e-01 1.692838567551080331e+01
9.478291590703601388e-01 -1.189857753599567365e-02 -3.185910037263381955e-01 -4.059445773279667158e+00 -1.805818232251306041e-02 9.956942656256622115e-01 -9.091872070445558562e-02 -6.591122650894691848e-01 3.183013647242274313e-01 9.192744641228134395e-02 9.435331644305648968e-01 1.760412744690014364e+01
9.470559648193395130e-01 -1.043483739728490699e-02 -3.208282818147931148e-01 -4.311036001537921436e+00 -2.167132823453125565e-02 9.951147618879216949e-01 -9.631362049715673501e-02 -7.300588375568624055e-01 3.202654494508825334e-01 9.816977280498577485e-02 9.422032361719199223e-01 1.828892125116134082e+01
9.448165264275835140e-01 -7.638457014037309915e-03 -3.275029769750634756e-01 -4.570812696686344268e+00 -2.652407370084301774e-02 9.946623275041778234e-01 -9.972526813138261892e-02 -8.054341706766180442e-01 3.265163512777020105e-01 1.029101419709111676e-01 9.395707452389239211e-01 1.899536196481283312e+01
9.432064275982514623e-01 -6.352890567964096687e-03 -3.321229156921952641e-01 -4.833928022912877154e+00 -2.870878564116377887e-02 9.945179897438093386e-01 -1.005555077839550837e-01 -8.807491869381105509e-01 3.309409811991854133e-01 1.043802839215377531e-01 9.378533900843920579e-01 1.970404425530470149e+01
9.411212218530083939e-01 -5.268121658486007650e-03 -3.379398662526233443e-01 -5.107842993670918652e+00 -3.016020063385520603e-02 9.945832114328797546e-01 -9.944820646781299400e-02 -9.681052013145505786e-01 3.366325029754397291e-01 1.037878515288934433e-01 9.358645445469062629e-01 2.042703770985565015e+01
9.386302724537444186e-01 -5.818997348435750103e-03 -3.447956797670395090e-01 -5.391233155863072390e+00 -3.012948080380367655e-02 9.946525153317639090e-01 -9.878313915773694054e-02 -1.050927558178482268e+00 3.435259899854883892e-01 1.031131035434955101e-01 9.334358024740440074e-01 2.115563494931437560e+01
9.363474874879994525e-01 -5.388027273957416742e-03 -3.509676484838249455e-01 -5.676949548262348877e+00 -3.037715841408765091e-02 9.948887541041555593e-01 -9.629785998051181017e-02 -1.137842988830355173e+00 3.496924267934262143e-01 1.008314828671098978e-01 9.313979403841634586e-01 2.189873263545381832e+01
9.341154297993643496e-01 -4.662717865215108143e-03 -3.569412521486834966e-01 -5.971781070060858454e+00 -3.036622172119410323e-02 9.952524086923969504e-01 -9.247562357876693007e-02 -1.219460787368473964e+00 3.556784431706069283e-01 9.721992748952751340e-02 9.295389074188834533e-01 2.262215211266405390e+01
9.295154306231065977e-01 -2.456474636778991673e-03 -3.688157016032438951e-01 -6.291824498499944518e+00 -3.180976943903326970e-02 9.957168830045253216e-01 -8.681097923067998545e-02 -1.292646310106104535e+00 3.674499304998459226e-01 9.242095732625316140e-02 9.254557862335134333e-01 2.339189682304598250e+01
9.265963788620621422e-01 -7.274212061479241572e-04 -3.760559881104247881e-01 -6.612021820633221303e+00 -3.262578743181765439e-02 9.960721615627429193e-01 -8.230600084986633425e-02 -1.378975078437411517e+00 3.746395118786247092e-01 8.852980935990217848e-02 9.229330182604978949e-01 2.415394272234922468e+01
9.235800787439222281e-01 3.193741508329128297e-03 -3.834390315958365880e-01 -6.943448078552793667e+00 -3.566543356614650107e-02 9.963451288947392515e-01 -7.760343927078924842e-02 -1.449988252181064086e+00 3.817903642789695629e-01 8.534385250461941352e-02 9.203184299231368382e-01 2.491022788298416302e+01
9.199501480529465036e-01 4.184322024834148494e-03 -3.921108466722769137e-01 -7.287157103882520026e+00 -3.672855447920103655e-02 9.964649421289875075e-01 -7.554259553825114215e-02 -1.524416419899181196e+00 3.904091274075116025e-01 8.389140221505338169e-02 9.168517641042602806e-01 2.567572427959707682e+01
9.156687745749785279e-01 5.598738295505035177e-03 -4.019509342910796423e-01 -7.637471557469816652e+00 -3.875045681191454511e-02 9.964748579340187984e-01 -7.441239360591238305e-02 -1.599417453153382906e+00 4.001179915349789562e-01 8.370928229237370455e-02 9.126576336843928994e-01 2.644960803155514029e+01
9.127014948545425499e-01 4.818941421358777927e-03 -4.086007747616786090e-01 -7.998667234964251804e+00 -3.841364892216166116e-02 9.965141492226072817e-01 -7.404459622666445529e-02 -1.666684001477689137e+00 4.068195101401640423e-01 8.327620859134197973e-02 9.097050874673450194e-01 2.723220442643244965e+01
9.077650743855516513e-01 6.502056261272952040e-03 -4.194595765976765200e-01 -8.373588377702667174e+00 -4.026973397438094598e-02 9.966125211468761513e-01 -7.172014709473881200e-02 -1.738919362439565797e+00 4.175725207454971111e-01 8.199698522423695679e-02 9.049520334119692810e-01 2.801092324650860732e+01
9.047839690296751725e-01 6.047861830529793238e-03 -4.258959372608741578e-01 -8.757338326294398456e+00 -3.911345160678855043e-02 9.968529001104651233e-01 -6.895702887156131278e-02 -1.809453427991636998e+00 4.241385801482868145e-01 7.904970195137021871e-02 9.021734293027003915e-01 2.881151293891313969e+01
9.014295867865748102e-01 6.108877742799915730e-03 -4.329342960245672334e-01 -9.151483392256073657e+00 -3.790100485630167049e-02 9.971747645484033695e-01 -6.485299692014023787e-02 -1.877352001639542411e+00 4.313150973726713744e-01 7.486771265536318332e-02 8.991145908303967982e-01 2.960825429958894617e+01
8.970993289369856294e-01 8.202007933310323864e-03 -4.417665076018301717e-01 -9.563651284234452987e+00 -3.838044064264707622e-02 9.974949436822950766e-01 -5.940956790489506506e-02 -1.940484700594203860e+00 4.401729156555509448e-01 7.024708943195963340e-02 8.951666150035528791e-01 3.041809799683246851e+01
8.938453453712187358e-01 7.929803690884407869e-03 -4.482583399821041814e-01 -9.977785229475356843e+00 -3.674717337855033794e-02 9.977757370177425811e-01 -5.563068289273529615e-02 -2.005387494048733732e+00 4.468205104673210748e-01 6.619770645216084548e-02 8.921483463410498915e-01 3.123156681916161048e+01
8.902424431346380729e-01 7.945278792063232773e-03 -4.554267088437422006e-01 -1.040917051502749935e+01 -3.571376359772894526e-02 9.979874630029892391e-01 -5.241477525278116778e-02 -2.062600656502836305e+00 4.540939500359179037e-01 6.292641873693181898e-02 8.887342814844433336e-01 3.205487089942405277e+01
8.873364655647525412e-01 6.820925753289754610e-03 -4.611551426715959634e-01 -1.085288100719135151e+01 -3.445620187788173139e-02 9.980760438435528625e-01 -5.153753982390128080e-02 -2.123693317802456626e+00 4.599162593284242262e-01 6.161932187744095790e-02 8.858644414278766810e-01 3.288138000934110750e+01
8.845984684519124785e-01 7.608020156996463633e-03 -4.662202433563613635e-01 -1.130422194205620023e+01 -3.460286315739861257e-02 9.981815850940525259e-01 -4.935144648378401305e-02 -2.174221427766932724e+00 4.649968075544120838e-01 5.979037934002396498e-02 8.832530594568122062e-01 3.371775028015720466e+01
8.810906286421298361e-01 6.109507392005152429e-03 -4.729079026372356442e-01 -1.176855773413629969e+01 -3.294326841058691641e-02 9.982808229887244478e-01 -4.848570449717929526e-02 -2.231277448806966213e+00 4.717989412427555096e-01 5.829775145314029100e-02 8.797768480632072174e-01 3.456771862371847703e+01
8.787821549966871038e-01 5.273895256581544004e-03 -4.772571154622722300e-01 -1.223913397057384955e+01 -3.174174866576078696e-02 9.983708440209994039e-01 -4.741786336955984560e-02 -2.285825145831303473e+00 4.762298826278870689e-01 5.681274750325868844e-02 8.775174421329791086e-01 3.542650832899975200e+01
8.774303567189014608e-01 2.911488369634703758e-03 -4.797754189293466087e-01 -1.272182123405023013e+01 -2.963111217751448687e-02 9.984010748120486500e-01 -4.814896917302459445e-02 -2.345884221566777672e+00 4.788682773230157341e-01 5.646275688038187440e-02 8.761135276327159938e-01 3.628670186469034320e+01
8.763217343632692113e-01 3.860341315259432048e-03 -4.817319807849084756e-01 -1.321576546382305217e+01 -3.095610039035468289e-02 9.983524816809656866e-01 -4.831084732137157917e-02 -2.399171087240270506e+00 4.807517689121287852e-01 5.724822679003973430e-02 8.749973623630529218e-01 3.715966582985578270e+01
8.758316253046044553e-01 4.745187433919131198e-03 -4.826151625530089029e-01 -1.371341472323999078e+01 -3.125944518719048215e-02 9.984096439356341390e-01 -4.690964946429515559e-02 -2.454262238693393439e+00 4.816249258445997050e-01 5.617255021729203324e-02 8.745872014667013250e-01 3.804075832213830211e+01
8.756581801640745955e-01 5.006490934452625247e-03 -4.829733887810841453e-01 -1.422415270179049962e+01 -3.075480350266961496e-02 9.984947309427654183e-01 -4.541836805461305082e-02 -2.508508698474772647e+00 4.820192313421090557e-01 5.462199700229130456e-02 8.744938250381798506e-01 3.894533820064157936e+01
8.752121604828709822e-01 2.557652516646620553e-03 -4.837763740760160913e-01 -1.474024231977903199e+01 -2.792384860390478840e-02 9.985856573593325791e-01 -4.525145788560410581e-02 -2.576023449939032872e+00 4.829765516269172165e-01 5.311355101059662270e-02 8.740457457144678033e-01 3.985899044543810277e+01
8.750401154697228234e-01 1.560767876094121308e-03 -4.840482438043571811e-01 -1.525455481186143025e+01 -2.708082032378450812e-02 9.985865775593295579e-01 -4.573315466330437479e-02 -2.623448534209578575e+00 4.832930330615027859e-01 5.312365618626703478e-02 8.738455335906685217e-01 4.078090307853857865e+01
8.733556770492041377e-01 -1.096786408422277970e-03 -4.869863253089469213e-01 -1.577564223727024739e+01 -2.439791794816580442e-02 9.986437172389308614e-01 -4.600209049920672699e-02 -2.685589299517292083e+00 4.863761506468015083e-01 5.206157680503973456e-02 8.721443897580384297e-01 4.171373929599106134e+01
8.726290631403896825e-01 -8.805502065460648828e-04 -4.883446325777994201e-01 -1.630400457550422999e+01 -2.358040396575863604e-02 9.987560684441399994e-01 -4.392451759375562426e-02 -2.743786482680664829e+00 4.877756895766617862e-01 4.984654436181952530e-02 8.715229885708051238e-01 4.263940265087050108e+01
8.702366899360521879e-01 -2.917631659656096414e-04 -4.926777919465613609e-01 -1.684652157303246867e+01 -2.221814109372205470e-02 9.989590241551727923e-01 -3.984322996458680016e-02 -2.800121813034118556e+00 4.921764354306565892e-01 4.562086562484329172e-02 8.693244909296796719e-01 4.356768524591997505e+01
8.673961260922947725e-01 -1.370813631598662282e-03 -4.974600468078057558e-01 -1.738156291871462855e+01 -1.905121199839253723e-02 9.991716312421700108e-01 -3.596273579370635326e-02 -2.863556769743872632e+00 4.970973458052201921e-01 4.067287982085600329e-02 8.666513297894063994e-01 4.449902352329802824e+01
8.639966859209057271e-01 -1.218794636495312443e-03 -5.035912949203393829e-01 -1.792879917950240554e+01 -1.789188154261045494e-02 9.992911193597991959e-01 -3.312002534716484287e-02 -2.912566494042834186e+00 5.032747988443859732e-01 3.762494840449669836e-02 8.633625519656943359e-01 4.542353939065638713e+01
8.579512110875476827e-01 -4.836548905772571939e-03 -5.137105791469582794e-01 -1.848830400509290683e+01 -1.566817931033367625e-02 9.992441565544735171e-01 -3.557834424825571940e-02 -2.966805040024320661e+00 5.134943287327936590e-01 3.857536166651400616e-02 8.572269775194171215e-01 4.634688670825996581e+01
8.529574908816662804e-01 -6.829118631590921397e-03 -5.218547575617474843e-01 -1.904667131424233872e+01 -1.536493974685490538e-02 9.991526065990333771e-01 -3.817559305281251203e-02 -3.026844196514736129e+00 5.216732320323431704e-01 4.058207838147132041e-02 8.521295689812452556e-01 4.725205684408465601e+01
8.468098007484755607e-01 -7.253451325191450326e-03 -5.319658942396982004e-01 -1.962823856012962764e+01 -1.508761365917334410e-02 9.991770563997617316e-01 -3.763720429735976925e-02 -3.078108547026568331e+00 5.318013976672361087e-01 3.989377893063098673e-02 8.460032799519825453e-01 4.816158579017243824e+01
8.413796022483128745e-01 -4.145804595855266499e-03 -5.405059511215063450e-01 -2.022684036695791931e+01 -1.576923887272368291e-02 9.993565205493758485e-01 -3.221115792632037178e-02 -3.127590937891031153e+00 5.402918296523745445e-01 3.562226929763907118e-02 8.407725375187790062e-01 4.907123298440904335e+01
8.362652100814516043e-01 -2.136293196011073738e-03 -5.481532309269971925e-01 -2.082724739524935842e+01 -1.604842253732545812e-02 9.994685580112117051e-01 -2.836706017512421324e-02 -3.175987156449902926e+00 5.479222776405970885e-01 3.252349304785361744e-02 8.357865246662784520e-01 4.996005400359337756e+01
8.327358477979894813e-01 -8.788945400054820264e-04 -5.536284909589436198e-01 -2.143633912143290132e+01 -1.877951876506795889e-02 9.993784745031378813e-01 -2.983523880317645247e-02 -3.222659102052352953e+00 5.533106762715953586e-01 3.524329549942074175e-02 8.322016166484575983e-01 5.084488172659653316e+01
8.288856181385760857e-01 -2.133521637970129184e-03 -5.595251480948012501e-01 -2.204565969293233252e+01 -1.997649136136576964e-02 9.992420368825388755e-01 -3.340846213105694990e-02 -3.272726068485715789e+00 5.591725019347947301e-01 3.886700889599118552e-02 8.282145533643525681e-01 5.173109130479685547e+01
8.266976459045438652e-01 -3.655212459327551820e-03 -5.626210812769846248e-01 -2.265521554051941422e+01 -2.307793276915266062e-02 9.989170029327030242e-01 -4.039568477374657490e-02 -3.331632674821852103e+00 5.621593003815569256e-01 4.638084732586270076e-02 8.257179679687834950e-01 5.261728603135090054e+01
8.219225109857111189e-01 -5.039082043094678283e-03 -5.695321150225283180e-01 -2.328129496350404182e+01 -2.286741409316089477e-02 9.988626365137770469e-01 -4.183468555579264447e-02 -3.388725864890192785e+00 5.690947695031243203e-01 4.741492504372096795e-02 8.208725029712458099e-01 5.349513062866101620e+01
8.206249783386664332e-01 -3.044400514067004300e-03 -5.715926429805278097e-01 -2.390172990329758562e+01 -2.254120507496351622e-02 9.990350408744624877e-01 -3.768283195253096379e-02 -3.447133916023320754e+00 5.711560093864510579e-01 4.380435364184029345e-02 8.197647220550293712e-01 5.437311329356206357e+01
8.172745491436894660e-01 -9.499438704567039716e-04 -5.763435446824642927e-01 -2.453910143054873316e+01 -2.125004466014162804e-02 9.992686987944149335e-01 -3.177905931481326413e-02 -3.494226911957718951e+00 5.759524555605822771e-01 3.821647974676259385e-02 8.166568610668700767e-01 5.525473026922860953e+01
8.131331393595471191e-01 -3.496061295518210666e-04 -5.821646966132144607e-01 -2.517693319918310380e+01 -2.080796922628757109e-02 9.993431884179458935e-01 -2.967138350211647249e-02 -3.547312022012717669e+00 5.817927808279385049e-01 3.623869374088231621e-02 8.125918599361303674e-01 5.610941086560667657e+01
8.110159177433574618e-01 1.981217349836641821e-03 -5.850236796126575545e-01 -2.581881623465596576e+01 -2.338318082881616841e-02 9.993048843273146797e-01 -2.903437841053514018e-02 -3.600571392346876731e+00 5.845595255812529034e-01 3.722937997947786681e-02 8.104986473540718439e-01 5.699424326388207618e+01
8.072534847001345826e-01 -3.472385800251189566e-04 -5.902575568698852360e-01 -2.647296431705629871e+01 -2.236237608305609997e-02 9.992636587316937602e-01 -3.117591766679569942e-02 -3.644071601770844993e+00 5.898337643837120448e-01 3.836821738934767523e-02 8.066515133941911664e-01 5.786586562050759142e+01
8.026803965890542125e-01 -2.244885055216222936e-03 -5.964916735302708828e-01 -2.712126221227051204e+01 -2.216113252762955815e-02 9.991900926050304443e-01 -3.357831065446838237e-02 -3.697209432214755065e+00 5.960842323628491313e-01 4.016655071962350193e-02 8.019804119327772485e-01 5.873306492549762936e+01
8.000753169151858524e-01 -3.479599020060298795e-03 -5.999020077029402209e-01 -2.778231508928411486e+01 -2.095890381474225031e-02 9.992105392924116591e-01 -3.375614532710392857e-02 -3.745554901003683490e+00 5.995458972506009232e-01 3.958286432894053686e-02 7.993708577549576422e-01 5.959759137428451936e+01
7.951176106685938771e-01 -3.462536230943404590e-03 -6.065734194094051235e-01 -2.845706370250918127e+01 -2.044577679280015423e-02 9.992622430290017954e-01 -3.251539226963152257e-02 -3.796145694588854980e+00 6.062389139739159383e-01 3.825007551097864972e-02 7.944602732936765221e-01 6.044442250583676213e+01
7.905691314355578481e-01 -4.343991180129269311e-03 -6.122296065846446478e-01 -2.913291365090412910e+01 -1.952392820449445204e-02 9.992876169553783772e-01 -3.228954752267525902e-02 -3.846707712196747231e+00 6.119336426747268298e-01 3.748291431060658124e-02 7.899212076179751296e-01 6.131167840981210304e+01
7.851634199401074099e-01 -4.185910476946037503e-03 -6.192169570873643503e-01 -2.982249197058648349e+01 -2.026444220599379203e-02 9.992679004840120394e-01 -3.245352020911168589e-02 -3.903887586485832895e+00 6.188994906380519412e-01 3.803253041674808238e-02 7.845038354444111572e-01 6.217745614006194188e+01
7.798559863965436323e-01 -5.784943142484710518e-03 -6.259131020306860638e-01 -3.052541923458944595e+01 -1.976165239753474231e-02 9.992312993708198920e-01 -3.385891672916217787e-02 -3.953394196072204103e+00 6.256280625098332715e-01 3.877162953440169840e-02 7.791421606437693992e-01 6.301814583473723985e+01
7.754665558877243958e-01 -6.724168407334365875e-03 -6.313776224880351950e-01 -3.122547772721411619e+01 -1.890640723275749044e-02 9.992475420702462419e-01 -3.385993297976256505e-02 -4.004709450112778235e+00 6.311303979535934916e-01 3.819165165034871939e-02 7.747559094616157660e-01 6.386930247282116824e+01
7.698706790802440914e-01 -7.304012716439022175e-03 -6.381845261431756677e-01 -3.194123817700937806e+01 -1.920880874422643478e-02 9.992162557933326195e-01 -3.460087055504626474e-02 -4.057755905556565068e+00 6.379372097226511107e-01 3.889490474720067731e-02 7.691269737987561639e-01 6.472181554157940298e+01
7.642051166604034718e-01 -9.995470015493227584e-03 -6.450080617653213277e-01 -3.266435091740046914e+01 -1.770486155076647292e-02 9.991779319439133555e-01 -3.646486228002127766e-02 -4.111786758320184809e+00 6.448424352696286999e-01 3.928342021086990432e-02 7.633999408976364087e-01 6.556546659861452042e+01
7.574598407725720017e-01 -1.056181934081045458e-02 -6.528315422478743191e-01 -3.340278532190236405e+01 -1.706177652585596019e-02 9.992073464895133705e-01 -3.596604606422055400e-02 -4.167049057247087518e+00 6.526939126297163218e-01 3.838323014146295675e-02 7.566793059820859924e-01 6.640035356821969970e+01
7.511447394000954070e-01 -1.107304521044627336e-02 -6.600316497651095293e-01 -3.414464877147754152e+01 -1.574675627005320960e-02 9.992741318489396507e-01 -3.468965751715597651e-02 -4.218273370564587843e+00 6.599367323968035048e-01 3.645049542599268499e-02 7.504251901256294710e-01 6.724168316260833933e+01
7.454432266687026631e-01 -1.174277163013054751e-02 -6.664889491130990828e-01 -3.489810770516228189e+01 -1.440913110249056328e-02 9.993274174937756271e-01 -3.372514745874296421e-02 -4.270793127797672284e+00 6.664365975019517219e-01 3.474432256733717833e-02 7.447726149813512775e-01 6.807440777422877431e+01
7.391361793096739019e-01 -1.285053402963044940e-02 -6.733594741790862592e-01 -3.567201709858062486e+01 -1.352682088277187833e-02 9.993332261686216356e-01 -3.392278115490621193e-02 -4.324898899768093052e+00 6.733463756098310160e-01 3.418251690422167977e-02 7.384695574581058297e-01 6.890890882609780022e+01
7.318536692522418230e-01 -1.451839078280796336e-02 -6.812658971340281866e-01 -3.645048545797336459e+01 -1.307960283093161785e-02 9.992897105550599957e-01 -3.533895764457162941e-02 -4.383358247407058705e+00 6.812951453472327890e-01 3.476994947283510579e-02 7.311438077689924597e-01 6.973482334181935016e+01
7.268338756141931034e-01 -1.389215565683579907e-02 -6.865855117285307729e-01 -3.724019027403405602e+01 -1.421642561165477325e-02 9.992770140515546684e-01 -3.527287820354932379e-02 -4.436549004540381702e+00 6.865789265835021693e-01 3.540028159595653284e-02 7.261109211519709561e-01 7.055515442581506136e+01
7.210384513119368899e-01 -1.410981007158710471e-02 -6.928308976730226387e-01 -3.804393415224874531e+01 -1.371181379000273662e-02 9.993063314177489387e-01 -3.461869234350890140e-02 -4.489515897363183683e+00 6.928388856060072598e-01 3.446016337312051564e-02 7.203448406261798720e-01 7.137071015527131124e+01
7.181202689076058299e-01 -1.377438727004796047e-02 -6.958346059434316055e-01 -3.884827231719249596e+01 -1.471934124903546796e-02 9.992798608986640518e-01 -3.496908252321682953e-02 -4.546097363349372422e+00 6.958153425447254348e-01 3.535175770877769380e-02 7.174004950411424497e-01 7.218510531521567941e+01
7.118583947625359842e-01 -1.412277326229605286e-02 -7.021110438271611631e-01 -3.967669727836794635e+01 -1.486603676181322276e-02 9.992708729545255464e-01 -3.516535777450367078e-02 -4.597974611341525630e+00 7.020956968236494733e-01 3.547261953003225110e-02 7.111294669860027673e-01 7.300663712602305111e+01
7.073848499705234216e-01 -1.558249347627854720e-02 -7.066074678515106289e-01 -4.049977489662190067e+01 -1.533199657521778711e-02 9.991833973194110818e-01 -3.739368708374193190e-02 -4.658961585484107104e+00 7.066130531836066764e-01 3.729025315308277799e-02 7.065682945534800252e-01 7.382295094579734496e+01
7.028763948883068879e-01 -1.687363845910504201e-02 -7.111626679032503340e-01 -4.132637439670159551e+01 -1.626347469461694728e-02 9.990759454304981579e-01 -3.978609198008412756e-02 -4.719059224727868873e+00 7.111770868938926959e-01 3.953117311421772834e-02 7.019523361185731058e-01 7.462926736967574470e+01
6.973991883270985737e-01 -1.743094435166842038e-02 -7.164000153543891303e-01 -4.217807056062803639e+01 -1.693847692928397361e-02 9.990240243957576594e-01 -4.080040263446053223e-02 -4.779616247950495556e+00 7.164120055433341738e-01 4.059199892481857308e-02 6.964232523879227976e-01 7.543929363119409004e+01
6.916924393626319167e-01 -1.737105542815641640e-02 -7.220875723845262550e-01 -4.303473613795774355e+01 -1.558459744598118119e-02 9.991188174551814960e-01 -3.897197047780637941e-02 -4.837791250017998479e+00 7.221287717208637602e-01 3.820615160873901128e-02 6.908121901235625417e-01 7.624440326035643523e+01
6.884324948848137282e-01 -1.774462908574048203e-02 -7.251052771512215278e-01 -4.389372941197807876e+01 -1.403206390986141971e-02 9.991876840173553598e-01 -3.777624669236597649e-02 -4.898733717386345887e+00 7.251868510728025630e-01 3.617975930478960211e-02 6.876243789553445618e-01 7.705299900580359918e+01
6.814619119508971146e-01 -1.924110221071918814e-02 -7.315165380618727786e-01 -4.476229371777795052e+01 -1.328054306421978283e-02 9.991645517883753769e-01 -3.864873853631046324e-02 -4.968744406262941560e+00 7.316491208372626343e-01 3.605204374960958164e-02 6.806369902211465428e-01 7.784332135146493670e+01
6.781405274017295870e-01 -1.994154348707327315e-02 -7.347996728960238810e-01 -4.563842182877454690e+01 -1.213288672739418553e-02 9.991917095260121062e-01 -3.831010791183241809e-02 -5.022724437221715910e+00 7.349702749413483671e-01 3.488751975520632681e-02 6.773504470169606773e-01 7.864634864872616049e+01
6.738255444062606347e-01 -2.028817038124415550e-02 -7.387255360204459942e-01 -4.652468117042899820e+01 -1.120009896019949318e-02 9.992276552220300534e-01 -3.766070558866607687e-02 -5.084764812261028943e+00 7.389193547963238684e-01 3.364736058259371054e-02 6.730778867211967276e-01 7.944018343460922438e+01
6.688746509010115027e-01 -2.189902936870036579e-02 -7.431168548337453439e-01 -4.742324010257288336e+01 -9.547855434270884067e-03 9.992304336278796661e-01 -3.804063919606343047e-02 -5.141229582708802148e+00 7.433782573024646512e-01 3.253721378886935411e-02 6.681508234834991899e-01 8.023968708317262610e+01
6.660561972541328979e-01 -2.402396703683441423e-02 -7.454907511675310516e-01 -4.831532027953886654e+01 -6.781144877912538907e-03 9.992448509796091338e-01 -3.825433453572842091e-02 -5.202044054555963193e+00 7.458470133713122063e-01 3.053502479745019357e-02 6.653903489563521845e-01 8.103518285643653485e+01
6.609764123443472306e-01 -2.900171058338934030e-02 -7.497926209301609690e-01 -4.922247034376316321e+01 -3.694337280158854677e-03 9.991149234200028539e-01 -4.191101587264776246e-02 -5.268928703636490241e+00 7.503444903786030684e-01 3.047178549874043907e-02 6.602844047637569380e-01 8.183316290165534213e+01
6.558496394536513785e-01 -3.323350417135228357e-02 -7.541849554839068492e-01 -5.014660916529195589e+01 5.075070069297627851e-04 9.990495451319063580e-01 -4.358061469112629871e-02 -5.328922763766336779e+00 7.549169988995042546e-01 2.819358324127376608e-02 6.552433921089311220e-01 8.261587409659743741e+01
6.504380043285435953e-01 -3.742950449377459299e-02 -7.585874729015188445e-01 -5.106664698426846627e+01 6.722931854646871201e-03 9.990296479489391146e-01 -4.351887356337933582e-02 -5.394218072232115802e+00 7.594807012366836529e-01 2.320260358918535548e-02 6.500585623221267761e-01 8.339830759677634830e+01
6.421389806578308157e-01 -4.023699778448348169e-02 -7.655682388676894323e-01 -5.199847265774343441e+01 1.092193382898404806e-02 9.990001079908142900e-01 -4.334782624638990056e-02 -5.462821299986759804e+00 7.665475735329180251e-01 1.946705382149663266e-02 6.419368400394045437e-01 8.418055464106816999e+01
6.337792951265830421e-01 -4.168025095906409405e-02 -7.724878461670179330e-01 -5.293829492350138111e+01 1.425210801273901068e-02 9.990068204483238956e-01 -4.220535256082429132e-02 -5.539433783620805407e+00 7.734803893866699642e-01 1.573462647467786107e-02 6.337439213513629266e-01 8.495880206934347711e+01
6.243222119889986210e-01 -4.166129919873956533e-02 -7.800133112999498852e-01 -5.391102972008556549e+01 1.665706236182991698e-02 9.990600626303458576e-01 -4.001938359906166004e-02 -5.598908872623870714e+00 7.809472414265259399e-01 1.199614320930321790e-02 6.244287448012795227e-01 8.572964440584189560e+01
6.143561789910310100e-01 -4.147206087646001377e-02 -7.880849399008471590e-01 -5.489058585272640300e+01 1.629950966905126947e-02 9.990716865774691424e-01 -3.987965878868259678e-02 -5.670501645815988923e+00 7.890073512273040324e-01 1.165988095345430429e-02 6.144616126381348131e-01 8.648114755716045465e+01
6.068558659570720826e-01 -4.149059138398691893e-02 -7.937700938791739658e-01 -5.587412303189009322e+01 1.479584005323952497e-02 9.990532530934747024e-01 -4.090908340548336797e-02 -5.730449889938396879e+00 7.947159413509294890e-01 1.308401441472900606e-02 6.068951984238186714e-01 8.722729184375504019e+01
5.961368586315715090e-01 -4.411567365886552572e-02 -8.016964712260373771e-01 -5.687600894679668073e+01 1.590585508584232630e-02 9.989418816377915178e-01 -4.315540133156502145e-02 -5.802139863148857657e+00 8.027521048308751128e-01 1.296988012430717180e-02 5.962084196503758537e-01 8.795436371178954005e+01
5.864425179257597431e-01 -4.491703240106912493e-02 -8.087552832744842046e-01 -5.788523436845808590e+01 1.518975331217915260e-02 9.988958124744414802e-01 -4.446409838563403216e-02 -5.868557755434453682e+00 8.098589636841770911e-01 1.380022605193825108e-02 5.864767073271550668e-01 8.867915155182910780e+01
5.765496108733695335e-01 -4.666837611776455952e-02 -8.157602368499110579e-01 -5.891018493281330848e+01 1.904625343304661503e-02 9.988636510814956626e-01 -4.368265900085856190e-02 -5.940702881219849907e+00 8.168721677974652984e-01 9.643556606172021609e-03 5.767836222004084634e-01 8.940082940746802365e+01
5.663940282690793637e-01 -4.648763537354072550e-02 -8.228802607565754990e-01 -5.994693191752426742e+01 2.104895630089037573e-02 9.988986498152733207e-01 -4.193388861886435809e-02 -6.008531464375431064e+00 8.239229924920737913e-01 6.440933781579941640e-03 5.667478821611613427e-01 9.010439998707614961e+01
5.549810541175386192e-01 -4.702538159184016520e-02 -8.305127446458969720e-01 -6.099413137814501340e+01 2.126225676560065947e-02 9.988768796972528063e-01 -4.234623860639596254e-02 -6.075242993826772242e+00 8.315709420073726932e-01 5.847552875232300482e-03 5.553572661325660853e-01 9.079842780532248980e+01
5.464352429921122134e-01 -4.815739530003614738e-02 -8.361053116251286887e-01 -6.204825840917173707e+01 2.066691545248863782e-02 9.988174934665876581e-01 -4.401454563903128836e-02 -6.147459256504460789e+00 8.372353227572528755e-01 6.786313504264189847e-03 5.467833319807842152e-01 9.147660623216567899e+01
5.350450337070764562e-01 -4.853832821378342016e-02 -8.433385779080988520e-01 -6.312189934570280059e+01 1.928403335820207468e-02 9.987898263474790372e-01 -4.524795662952450781e-02 -6.217121095127345676e+00 8.445137138660546716e-01 7.950474983775216581e-03 5.353332307657573397e-01 9.214455104651094075e+01
5.261230634322119348e-01 -4.876828493821325911e-02 -8.490105884606868880e-01 -6.420283495723056433e+01 1.822405778051681621e-02 9.987712760206941542e-01 -4.608055833949416258e-02 -6.291778887793090469e+00 8.502150498203911999e-01 8.766343824908470750e-03 5.263657742632195102e-01 9.280494315853538012e+01
