1.0 0.0 0.0 0.0 0.0 1.0 0.0 0.0 0.0 0.0 1.0 0.0
0.99992335 0.012310955 0.0013551913 0.30249023 -0.0123068625 0.99991983 -0.0029880307 -0.009399414 -0.001391855 0.0029711304 0.99999464 0.0
0.9998176 0.0190363 0.0015933153 0.5845947 -0.019028414 0.9998074 -0.004826198 -0.026367188 -0.001684845 0.004795004 0.99998707 0.006591797
0.99978334 0.020809295 0.0003223551 0.8874512 -0.020806616 0.9997602 -0.0068168268 -0.036132812 -0.00046415502 0.006808642 0.9999767 0.010986328
0.9998235 0.018758303 -0.00091576297 1.197998 -0.018764885 0.99979335 -0.0078053223 -0.040893555 0.00076913554 0.007821136 0.9999691 0.01171875
0.9999256 0.011930055 -0.0025598528 1.5187988 -0.01195478 0.99987984 -0.009872605 -0.03967285 0.0024417937 0.009902461 0.99994797 0.008422852
0.99999166 0.0005056324 -0.004049171 1.8400879 -0.0005550082 0.99992543 -0.012198893 -0.03942871 0.0040427023 0.012201039 0.9999174 0.025878906
0.9998682 -0.015775438 -0.0038067927 2.1716309 0.015733939 0.9998189 -0.010697444 -0.01928711 0.0039749118 0.010636113 0.99993557 0.025756836
0.9993945 -0.03455794 -0.004084184 2.5166016 0.03453087 0.9993825 -0.00652232 0.011352539 0.004307027 0.00637736 0.9999704 0.026489258
0.9984896 -0.054690868 -0.005262444 2.8709717 0.054678522 0.9985011 -0.0024621463 0.05102539 0.0053892136 0.0021707325 0.99998313 0.028564453
0.99713475 -0.075396 -0.00619238 3.2358398 0.07538182 0.9971519 -0.002492573 0.08520508 0.006362673 0.0020187455 0.9999777 0.028808594
0.9954219 -0.095464595 -0.004933616 3.6152344 0.095444076 0.9954271 -0.004239769 0.13232422 0.0053157904 0.003749704 0.99997884 0.03161621
0.9933301 -0.11521135 -0.0040074596 4.0030518 0.11518985 0.9933269 -0.0052373493 0.18798828 0.0045842296 0.0047407104 0.99997824 0.03845215
0.99123615 -0.13202775 -0.0039507253 4.4005127 0.13200901 0.99123544 -0.004676709 0.2574463 0.004533742 0.004114135 0.9999813 0.041015625
0.9887032 -0.14982633 -0.0033616903 4.8182373 0.14981504 0.9887048 -0.0033922566 0.32995605 0.0038321677 0.002850269 0.9999886 0.04638672
0.98676586 -0.16213514 -0.003040886 5.239746 0.16212805 0.98676866 -0.0024525076 0.4058838 0.00339829 0.0019271052 0.9999924 0.049682617
0.98480797 -0.17358641 -0.0040673707 5.6779785 0.17357181 0.98481196 -0.003706729 0.48962402 0.00464901 0.0029446154 0.99998486 0.056030273
0.9826541 -0.1853462 -0.0054767467 6.1276855 0.18530591 0.9826511 -0.0071264254 0.57299805 0.00670279 0.005987729 0.9999596 0.067993164
0.98142296 -0.19168533 -0.007939738 6.587036 0.19163756 0.9814435 -0.006401133 0.6690674 0.0090195695 0.0047608176 0.999948 0.06945801
0.97993135 -0.19910032 -0.009837179 7.0687256 0.19904733 0.9799724 -0.006110642 0.7783203 0.010856837 0.004030113 0.99993294 0.0703125
0.97843254 -0.20621271 -0.01247186 7.555542 0.20613994 0.9785031 -0.006878733 0.8841553 0.01362192 0.0041603395 0.9998986 0.07678223
0.97645825 -0.21526551 -0.013557261 8.05835 0.21512601 0.9765205 -0.011040526 0.9926758 0.015616098 0.00786432 0.9998471 0.083862305
0.97489417 -0.22227314 -0.013291447 8.577026 0.22204295 0.9748914 -0.016844723 1.1057129 0.016702013 0.013470827 0.99976975 0.09729004
0.9730287 -0.23021264 -0.015159035 9.106201 0.22994874 0.9730546 -0.01733651 1.2305908 0.018741097 0.01338334 0.9997347 0.11791992
0.97079295 -0.23905627 -0.02019618 9.638794 0.2388311 0.9709722 -0.012940643 1.3840332 0.022703998 0.007737679 0.99971217 0.11779785
0.96877533 -0.24671398 -0.024341282 10.1875 0.24651985 0.96907115 -0.010724609 1.5390625 0.026234588 0.0043879873 0.99964607 0.1307373
0.9661423 -0.25681436 -0.025702491 10.749268 0.25653067 0.9664601 -0.013839778 1.6875 0.028393576 0.0067793643 0.9995737 0.14697266
0.96392626 -0.26483685 -0.026664155 11.319702 0.26450437 0.96426356 -0.015372355 1.8466797 0.029782876 0.007765555 0.9995262 0.17248535
0.9620096 -0.2714483 -0.029972125 11.903198 0.27108696 0.96245164 -0.015602063 2.0180664 0.03308046 0.006887015 0.9994289 0.19030762
0.9593389 -0.2802954 -0.03368346 12.496826 0.2799441 0.95991844 -0.014820005 2.201538 0.036486633 0.004785994 0.9993222 0.20629883
0.95708025 -0.28729522 -0.038651977 13.0979 0.28687748 0.95785075 -0.016066637 2.388794 0.041638285 0.0042896336 0.9991233 0.23254395
0.954992 -0.29315716 -0.045324795 13.713135 0.29267246 0.9560618 -0.017129093 2.585205 0.048355833 0.0030926904 0.99882525 0.2668457
0.953227 -0.29736045 -0.054030515 14.339966 0.29682165 0.95475656 -0.01792968 2.7886963 0.05691613 0.0010518017 0.9983782 0.29382324
0.9518863 -0.2998036 -0.06344428 14.971191 0.29927948 0.9539966 -0.017836379 2.9973145 0.065872155 -0.0020123045 0.9978254 0.33239746
0.9496125 -0.30479398 -0.073014244 15.625244 0.30429876 0.95240164 -0.018087422 3.217163 0.0750517 -0.005041853 0.99716705 0.3708496
0.94789755 -0.30818972 -0.08065548 16.282227 0.30786878 0.9512797 -0.016698066 3.442749 0.081872046 -0.009001428 0.9966028 0.42541504
0.94582236 -0.31256038 -0.08758526 16.948853 0.31240433 0.94978845 -0.015840046 3.673706 0.08814041 -0.012388594 0.99603075 0.47961426
0.943529 -0.31765684 -0.09417211 17.625732 0.31777143 0.9480729 -0.014176018 3.914917 0.093784876 -0.016547166 0.99545467 0.5456543
0.9421941 -0.31959307 -0.100422606 18.311401 0.31997576 0.9473165 -0.01271669 4.1640625 0.099195875 -0.020158997 0.99486333 0.6123047
0.93955386 -0.3258364 -0.10519402 19.019287 0.3266415 0.945093 -0.009969164 4.419922 0.10266647 -0.02499179 0.99440277 0.68395996
0.9378328 -0.33026302 -0.10668724 19.72937 0.331263 0.94348985 -0.00872262 4.6796875 0.10354011 -0.027161097 0.9942552 0.7564697
0.9358409 -0.3359687 -0.106125385 20.454102 0.33709532 0.9414075 -0.0076939967 4.949707 0.10249037 -0.02859085 0.9943206 0.8416748
0.93341225 -0.34286729 -0.105491 21.18457 0.3439523 0.938921 -0.008311127 5.22876 0.10189675 -0.028534794 0.99438536 0.9222412
0.9313732 -0.34905392 -0.103243575 21.929565 0.35014614 0.93663687 -0.007944711 5.510376 0.099475555 -0.028758183 0.99462414 1.0074463
0.92951286 -0.3550694 -0.099664584 22.654907 0.35615405 0.93439907 -0.007285798 5.8012695 0.095716015 -0.028722301 0.9949948 1.0880127
0.9254245 -0.36688942 -0.094927035 23.427368 0.36808655 0.92979306 -0.0052063502 6.1154785 0.09017411 -0.030119862 0.9954705 1.1606445
0.922898 -0.3741161 -0.09107207 24.19165 0.375373 0.92686677 -0.0035579428 6.4312744 0.08574483 -0.030907344 0.9958368 1.2460938
0.92027414 -0.38131282 -0.0879179 24.950073 0.38281804 0.92384315 0.00028274092 6.758545 0.0811152 -0.033918455 0.99612635 1.3164062
0.9168038 -0.3899502 -0.086509846 25.717896 0.39151192 0.92021394 0.0011841778 7.097412 0.079145595 -0.034952078 0.99624914 1.3892822
0.9126039 -0.3996735 -0.0863761 26.494263 0.4013694 0.9159375 0.0024998833 7.442505 0.078118265 -0.03694347 0.99625987 1.4624023
0.9096518 -0.40637612 -0.085979044 27.27893 0.4080166 0.91297406 0.0016520247 7.7994385 0.077824 -0.036586724 0.99629486 1.5275879
0.9048924 -0.41715148 -0.084751934 28.060425 0.41890386 0.90803915 0.0032217638 8.168823 0.07561518 -0.038409334 0.9963981 1.5985107
0.90211487 -0.42373392 -0.081838846 28.863281 0.4253586 0.90505284 0.0026944182 8.54834 0.072925664 -0.037231356 0.9966426 1.6678467
0.89905643 -0.43093655 -0.0776927 29.662476 0.43242922 0.9016887 0.0026723729 8.93811 0.068902604 -0.03599447 0.9969738 1.7351074
0.8951033 -0.4398351 -0.073112 30.475098 0.44131738 0.8973458 0.0046620406 9.345459 0.06355739 -0.036443956 0.99731183 1.7980957
0.8920866 -0.44650492 -0.069095336 31.291016 0.44783685 0.89408135 0.0043117143 9.755371 0.05985529 -0.03478915 0.99760145 1.8623047
0.8886729 -0.45379812 -0.06585915 32.11682 0.45503023 0.89047045 0.004243876 10.182373 0.056722626 -0.03373342 0.99782085 1.9187012
0.8858058 -0.45962268 -0.06458184 32.945557 0.46075788 0.88756377 0.0030558966 10.62207 0.05591298 -0.032460615 0.9979074 1.9782715
0.8831922 -0.464719 -0.06277479 33.784058 0.46584502 0.8848208 0.0037837932 11.069824 0.053785134 -0.032593235 0.9980201 2.02771
0.87972 -0.47152224 -0.061316535 34.636475 0.4725293 0.88131213 0.002210178 11.529785 0.052999422 -0.030917 0.9981162 2.083252
0.8774632 -0.4759573 -0.05985354 35.497314 0.4768812 0.879001 0.0013243253 11.996826 0.051984034 -0.029704116 0.9982062 2.1363525
0.87606615 -0.47858465 -0.05951983 36.359253 0.47937816 0.8776516 -0.0010660538 12.47644 0.05274844 -0.027588839 0.99822724 2.194458
0.8749461 -0.48047036 -0.0603118 37.233765 0.48133945 0.8765459 -0.0001369887 12.967773 0.0529306 -0.028910434 0.99817955 2.2459717
0.8745339 -0.48135427 -0.059238523 38.116333 0.48223943 0.8760511 0.0007356545 13.463135 0.051539086 -0.02920997 0.99824345 2.2998047
0.87444085 -0.4817579 -0.057689533 39.02234 0.48261115 0.8758716 0.0009896231 13.97168 0.050052844 -0.02870214 0.9983343 2.3527832
0.8740012 -0.48270896 -0.05618981 39.937622 0.48339948 0.87542284 -0.001471442 14.485107 0.049900975 -0.02586901 0.9984195 2.418579
0.873804 -0.48301983 -0.056202985 40.86084 0.48366103 0.8752521 -0.002471405 14.997192 0.050387643 -0.025026202 0.9984161 2.4639893
0.87211126 -0.48609397 -0.055159222 41.795654 0.48657945 0.8735679 -0.0051638675 15.514893 0.050696414 -0.02233783 0.99846464 2.52417
0.8714907 -0.48750618 -0.05295034 42.723022 0.48795554 0.8728331 -0.0049673677 16.04065 0.048636127 -0.021514216 0.99858433 2.5812988
0.86929315 -0.49193233 -0.04874352 43.653687 0.4923246 0.8704253 -0.004435541 16.57959 0.044607986 -0.020136891 0.99880177 2.637329
0.8666268 -0.4968727 -0.043818507 44.587646 0.49713027 0.8675684 -0.005579413 17.110718 0.040790614 -0.016955588 0.9990239 2.7003174
0.8633394 -0.5030672 -0.040797997 45.51477 0.50328463 0.8641587 -0.0055012037 17.653809 0.03802161 -0.015779369 0.99915224 2.7486572
0.8572137 -0.51326424 -0.04179787 46.441406 0.51335996 0.85812503 -0.009230825 18.20752 0.040604666 -0.013542173 0.99908364 2.800537
0.8521202 -0.52142465 -0.043841638 47.349487 0.52146983 0.8531453 -0.011311738 18.760864 0.043300282 -0.013230084 0.99897414 2.8582764
0.8459951 -0.53155637 -0.04319583 48.26245 0.53158164 0.8469992 -0.011852551 19.336914 0.042883676 -0.012935796 0.9989958 2.9084473
0.84075725 -0.5400858 -0.03895198 49.175537 0.5401844 0.84154975 -0.008853644 19.930786 0.037560582 -0.0135976765 0.99920166 2.9586182
0.8357667 -0.5477431 -0.03587796 50.067627 0.5478747 0.8364217 -0.0069417306 20.526733 0.033810847 -0.013862486 0.9993319 3.0073242
0.83217394 -0.5531271 -0.03861616 50.954834 0.553346 0.8329043 -0.0057424586 21.13208 0.035340756 -0.016588986 0.9992377 3.0526123
0.82818675 -0.5589672 -0.042264383 51.843506 0.55920553 0.82907397 -0.0070582917 21.737305 0.038984008 -0.017784324 0.9990815 3.100586
0.825687 -0.561913 -0.049790904 52.731445 0.5622358 0.82692313 -0.008600788 22.343628 0.04600418 -0.020894049 0.9987225 3.15625
0.8208443 -0.56883854 -0.050852314 53.612305 0.5691258 0.8221578 -0.010065411 22.96521 0.047530133 -0.020679168 0.99865556 3.2121582
0.8197331 -0.570927 -0.047246423 54.49243 0.5712321 0.82084167 -0.008102849 23.583008 0.04340404 -0.020343905 0.99885 3.2712402
0.8166233 -0.5757604 -0.041671734 55.376953 0.5760431 0.8174643 -0.006078703 24.216919 0.037562896 -0.019039808 0.99911255 3.3197021
0.8125576 -0.58161384 -0.03971307 56.23462 0.58188444 0.8133148 -0.0055537997 24.85083 0.03552985 -0.01858999 0.9991958 3.3730469
0.8104541 -0.5843893 -0.04070842 57.121582 0.5847634 0.8111995 -0.0032565277 25.489868 0.034924608 -0.021162836 0.9991659 3.4259033
0.8066135 -0.58964753 -0.04186933 57.99585 0.5899646 0.8074479 -0.0056465627 26.140137 0.037134618 -0.020141672 0.99910724 3.4682617
0.80194646 -0.59588194 -0.043691672 58.865967 0.59616673 0.8028888 -0.0076173185 26.78418 0.039617173 -0.019940471 0.9990156 3.5201416
0.79934186 -0.59934044 -0.043121096 59.73291 0.5995673 0.80028427 -0.008896289 27.442017 0.039841644 -0.01873726 0.9990306 3.5681152
0.79443204 -0.60604084 -0.04181003 60.583008 0.6062481 0.79532266 -0.008965305 28.112549 0.038687762 -0.01821882 0.9990854 3.6190186
0.7898966 -0.6117357 -0.041060776 61.45337 0.6118998 0.7907742 -0.009921625 28.784424 0.038538694 -0.017296463 0.9991071 3.6694336
0.784477 -0.6187018 -0.041631207 62.32251 0.61888623 0.7853735 -0.009851163 29.469604 0.038792554 -0.018035464 0.99908465 3.7264404
0.7791198 -0.625421 -0.042392917 63.166504 0.62556016 0.7800753 -0.0115345195 30.168213 0.040287156 -0.017534018 0.99903435 3.7756348
0.7747374 -0.6309224 -0.041830454 64.02075 0.63101804 0.7756869 -0.012545655 30.86438 0.04036222 -0.016678566 0.99904567 3.8270264
0.76910895 -0.63772535 -0.042553306 64.87671 0.63781464 0.7700985 -0.013213042 31.575806 0.041193627 -0.016982963 0.99900645 3.880005
0.76339155 -0.6446175 -0.04296552 65.72388 0.64460516 0.76444304 -0.015993096 32.294434 0.04315196 -0.01548291 0.9989484 3.9337158
0.75667375 -0.652472 -0.042085867 66.562744 0.65242815 0.75769764 -0.016666342 33.0282 0.04276105 -0.014842553 0.9989751 3.989624
0.7504241 -0.6597219 -0.04017146 67.40796 0.65963435 0.75137657 -0.017279213 33.765625 0.041586034 -0.013529647 0.9990434 4.041748
0.7447765 -0.66622686 -0.038481906 68.244385 0.6660943 0.74567014 -0.018040285 34.514893 0.04071295 -0.01219447 0.99909663 4.095215
0.73847854 -0.6731354 -0.03793691 69.08276 0.67295533 0.7393654 -0.01924437 35.284424 0.041008335 -0.011318534 0.999095 4.1500244
0.7311584 -0.6810764 -0.038544238 69.91284 0.6808388 0.7320933 -0.021020504 36.058105 0.04253603 -0.010880599 0.99903554 4.2088623
0.72612125 -0.68636245 -0.039183423 70.73657 0.68616253 0.72707784 -0.020467909 36.844116 0.042543273 -0.012023345 0.9990227 4.2630615
0.72035724 -0.6926267 -0.03825657 71.55591 0.69241107 0.7212805 -0.020774685 37.6438 0.04197787 -0.011523856 0.99905187 4.317383
0.71740955 -0.6956025 -0.039152596 72.37305 0.6954139 0.7183679 -0.02048035 38.44519 0.042369515 -0.012535987 0.9990232 4.375
0.71113926 -0.7018828 -0.039284095 73.19849 0.70168585 0.7121104 -0.020919492 39.26953 0.04265661 -0.012692647 0.9990091 4.4281006
0.7065809 -0.70638835 -0.041111797 74.01807 0.7061546 0.7076527 -0.022440115 40.08899 0.044949107 -0.0131686255 0.998903 4.489624
0.70196605 -0.7109402 -0.04336262 74.82764 0.7106819 0.70316243 -0.023791876 40.911987 0.047405526 -0.014110229 0.9987762 4.550293
0.6964369 -0.71617085 -0.04443113 75.64136 0.71590704 0.6976955 -0.024424748 41.759888 0.04849619 -0.014796775 0.9987141 4.6120605
0.69082963 -0.7218982 -0.04205426 76.45044 0.7216089 0.6919778 -0.024452928 42.61267 0.04675309 -0.013449248 0.998816 4.6724854
0.6876473 -0.72496265 -0.0400321 77.26221 0.7246333 0.68870866 -0.02487665 43.468628 0.04560564 -0.011901541 0.9988886 4.7354736
0.68066657 -0.73142105 -0.039914068 78.056885 0.7310271 0.68174464 -0.026470717 44.332886 0.04657614 -0.011165609 0.99885225 4.807007
0.67738545 -0.7347442 -0.038756125 78.86304 0.734308 0.67841995 -0.02722153 45.205933 0.046287492 -0.010022769 0.9988773 4.862915
0.67311686 -0.7386973 -0.0375205 79.6604 0.7382363 0.6741006 -0.027630936 46.088867 0.045699336 -0.009098237 0.99891365 4.927124
0.66819954 -0.74315447 -0.036417313 80.46362 0.74261355 0.6691498 -0.029312091 46.983887 0.04614949 -0.0074576447 0.99890655 4.9854736
0.6654534 -0.7456215 -0.034420982 81.26221 0.7449715 0.6663266 -0.03147882 47.873047 0.04640521 -0.004698125 0.99891144 5.048218
0.66037136 -0.7500994 -0.034370948 82.063965 0.7492112 0.66126275 -0.036523983 48.776367 0.050133977 -0.0016285647 0.9987416 5.115967
0.6553558 -0.75466317 -0.0321052 82.850586 0.7535619 0.65613693 -0.04082892 49.696777 0.051878553 0.0025591794 0.99864984 5.1777344
0.6502029 -0.75922716 -0.027125342 83.63721 0.75793666 0.65070975 -0.04510591 50.613037 0.051896855 0.008760878 0.9986136 5.2453613
0.64210445 -0.7662972 -0.023399523 84.42456 0.7648994 0.64240026 -0.048032008 51.540283 0.05184197 0.012939424 0.9985712 5.3164062
0.63392866 -0.77323884 -0.01967252 85.20801 0.7718176 0.634026 -0.049594358 52.475586 0.050814394 0.016249234 0.9985754 5.395874
0.6246241 -0.78072053 -0.015933476 85.984375 0.7793596 0.6245499 -0.049707774 53.443848 0.04875421 0.018629944 0.998637 5.4588623
0.61465865 -0.78878576 -0.015597126 86.741455 0.7874326 0.6145859 -0.049651794 54.4187 0.048743494 0.018244587 0.99864495 5.5334473
0.60708994 -0.7944926 -0.017018352 87.49219 0.7931088 0.60709834 -0.04976469 55.398438 0.049864803 0.016715877 0.99861604 5.5960693
0.5964187 -0.80252266 -0.016905304 88.2251 0.80099905 0.59639245 -0.05252648 56.395508 0.052245233 0.017788596 0.998476 5.670288
0.58669037 -0.80962753 -0.017731616 88.95532 0.80804133 0.58671105 -0.05344959 57.40039 0.053672105 0.017038584 0.9984136 5.739624
0.5770196 -0.8166497 -0.0135721415 89.68286 0.8150399 0.5768019 -0.05533337 58.4209 0.053016637 0.020862553 0.9983754 5.8155518
0.56699383 -0.82371366 -0.010360754 90.392334 0.82217395 0.5666293 -0.055286843 59.45337 0.05139419 0.022832045 0.99841744 5.8876953
0.5556102 -0.8313652 -0.009756321 91.09253 0.8297986 0.5552197 -0.05596679 60.496094 0.05194199 0.023002503 0.9983853 5.95813
0.5470412 -0.837026 -0.010687638 91.77588 0.8353697 0.5466885 -0.05720146 61.546387 0.05370926 0.022372613 0.9983064 6.0338135
0.5355919 -0.8443041 -0.0118371155 92.44995 0.84258974 0.5353133 -0.05771847 62.615723 0.05507231 0.020943278 0.9982629 6.1073
0.52662486 -0.8500058 -0.012641346 93.11572 0.8482529 0.52640235 -0.05805527 63.69287 0.056006573 0.019847132 0.9982329 6.186035
0.51636636 -0.8564362 -0.013248789 93.76294 0.854646 0.51619196 -0.058478568 64.779785 0.056898892 0.01887294 0.9982012 6.26709
0.5070761 -0.8618117 -0.012552006 94.41333 0.8601816 0.5069301 -0.05579562 65.87964 0.054443553 0.017488148 0.9983631 6.3428955
0.49968547 -0.8661357 -0.009993605 95.0542 0.8646154 0.49943796 -0.05457792 66.98657 0.052262362 0.018632816 0.99845964 6.4213867
0.4904439 -0.8713077 -0.009162443 95.67383 0.86979717 0.49016726 -0.054645937 68.10913 0.05211167 0.018847808 0.99846435 6.4974365
0.4835381 -0.87529755 -0.008221108 96.29321 0.87366426 0.48317358 -0.05725034 69.22632 0.054073744 0.020500263 0.9983264 6.5756836
0.47785422 -0.8783207 -0.00663336 96.91431 0.87653214 0.47733858 -0.060635224 70.34009 0.056424815 0.023171294 0.99813855 6.6514893
0.47082993 -0.88208354 -0.006077356 97.50757 0.8800897 0.47020817 -0.06429751 71.473145 0.059598275 0.024924086 0.99791133 6.7336426
0.46701282 -0.88432896 -0.0060276506 98.11328 0.88218224 0.4663354 -0.06679113 72.61304 0.061859652 0.025863856 0.9977488 6.823242
0.4620633 -0.886787 -0.0036276402 98.708496 0.8846445 0.46122426 -0.06769742 73.747314 0.061710585 0.028063558 0.99769896 6.918579
0.4579345 -0.88911027 0.00041129638 99.29541 0.8871745 0.45690718 -0.06616129 74.89136 0.058630604 0.03065315 0.9978086 7.0046387
0.4538114 -0.8911914 0.0057973107 99.882324 0.88953334 0.4525491 -0.0642564 76.02832 0.054639466 0.034308556 0.99791616 7.0946045
0.450325 -0.8929662 0.008285221 100.454346 0.8914425 0.44896907 -0.063292086 77.163574 0.05279486 0.03588276 0.99796027 7.1779785
0.44706205 -0.8944179 0.00999792 101.020996 0.89294744 0.44561815 -0.063387886 78.298096 0.05224086 0.037274547 0.9979392 7.2595215
0.44508058 -0.89533305 0.01277189 101.5813 0.89406264 0.44357285 -0.06145679 79.431885 0.04935737 0.03877031 0.9980283 7.3358154
0.44257256 -0.89672667 0.015395591 102.13306 0.89555275 0.44093722 -0.061521873 80.54639 0.048370615 0.041003406 0.997987 7.4108887
0.44107985 -0.8973776 0.017405178 102.68677 0.8962797 0.43934408 -0.06164377 81.666016 0.047672305 0.04278909 0.9979461 7.4903564
0.43855613 -0.8985777 0.020249547 103.225586 0.89758694 0.43667746 -0.061906327 82.77612 0.046783295 0.04531341 0.9978762 7.562378
0.43549353 -0.8998369 0.023826335 103.76294 0.8990663 0.4335172 -0.060599808 83.88672 0.044185054 0.047810286 0.99787885 7.6343994
0.43606913 -0.89959747 0.027014451 104.29346 0.8989816 0.43394634 -0.060708378 84.98877 0.042890713 0.050772857 0.99778974 7.7042236
0.4335071 -0.9006951 0.028589584 104.80957 0.90014154 0.43130413 -0.060997818 86.06323 0.042608105 0.052191406 0.99772865 7.774048
0.43037933 -0.9019866 0.029558014 105.32422 0.90141326 0.42805937 -0.06245569 87.13843 0.04368995 0.053539608 0.9976103 7.8408203
0.4319149 -0.90142983 0.029547632 105.83203 0.90084356 0.42957732 -0.062806465 88.20654 0.043892883 0.05373997 0.9975901 7.9105225
0.43140638 -0.9018518 0.028344996 106.32422 0.90115196 0.4290627 -0.06388642 89.25 0.045453295 0.053106014 0.9975541 7.9804688
0.4350007 -0.90015304 0.025777223 106.82349 0.89933306 0.4327771 -0.06376984 90.30884 0.04626441 0.050909784 0.99763006 8.048096
0.4380356 -0.898604 0.023181034 107.308105 0.8976805 0.43595064 -0.06338087 91.32788 0.04685795 0.04856464 0.9977197 8.115112
0.44366533 -0.8961149 0.020906337 107.8042 0.8950682 0.44165358 -0.06397908 92.34863 0.048090212 0.047104 0.9977323 8.185547
0.4512798 -0.8922062 0.019160908 108.308105 0.89112574 0.44937307 -0.06333896 93.363525 0.047895048 0.045661006 0.99780846 8.254883
0.45585594 -0.8897447 0.01851415 108.809326 0.888695 0.45402268 -0.062271796 94.36133 0.047006756 0.044842172 0.99788755 8.321899
0.4646854 -0.8852434 0.017679844 109.31958 0.8842406 0.4629438 -0.060843553 95.36865 0.045686617 0.04390617 0.99799037 8.383423
0.4749167 -0.8797722 0.016573671 109.84424 0.87879217 0.47326273 -0.059716392 96.36084 0.044703986 0.042925272 0.9980775 8.446045
0.4825867 -0.875555 0.015543841 110.36377 0.8745741 0.48099715 -0.05908672 97.338135 0.04426321 0.042119488 0.99813217 8.50769
0.49360183 -0.8696145 0.013646977 110.9082 0.86853653 0.49204975 -0.05990598 98.305176 0.045383453 0.04141762 0.99811035 8.570068
0.50373286 -0.86377305 0.00968882 111.45288 0.8624851 0.5022924 -0.06137544 99.25928 0.048154987 0.03928587 0.9980676 8.63208
0.5144945 -0.8573187 0.0061561596 112.00708 0.855948 0.5132358 -0.06067715 100.21045 0.04886344 0.036500923 0.998139 8.696289
0.52751505 -0.8496052 0.0034856116 112.576904 0.84820944 0.5264045 -0.059606366 101.15552 0.048792202 0.03439346 0.99821633 8.759644
0.53997034 -0.8416883 0.0026344229 113.160645 0.84040606 0.5389698 -0.05694477 102.078125 0.046511814 0.03295619 0.99837357 8.824463
0.55206025 -0.8339028 0.00310143 113.76001 0.8327514 0.55109423 -0.054713003 103.00244 0.043913648 0.03278513 0.99849707 8.885254
0.5632595 -0.8263281 0.002532295 114.35547 0.8252132 0.5623348 -0.053737648 103.890625 0.042981613 0.032355566 0.99855167 8.949219
0.5749883 -0.8180488 0.0014132382 114.97217 0.81693804 0.5741158 -0.05312466 104.775635 0.042643398 0.03170775 0.99858755 9.004761
0.58674335 -0.8097441 0.00019449214 115.5957 0.8085321 0.58585215 -0.054836996 105.6521 0.0442876 0.032332823 0.9984955 9.062866
0.59664345 -0.80257916 0.001015832 116.21704 0.8013433 0.5956534 -0.056245618 106.49756 0.044533845 0.03437459 0.9984164 9.12146
0.6072917 -0.79450554 0.0007566712 116.852295 0.79330856 0.6063234 -0.055459976 107.33423 0.04360871 0.034283813 0.9984605 9.186768
0.6188783 -0.78547287 0.0008287262 117.49829 0.7843831 0.617963 -0.05332931 108.16333 0.041376065 0.03365779 0.9985769 9.241455
0.6284436 -0.7778065 0.0027023614 118.13623 0.7769037 0.6275386 -0.050470702 108.9729 0.037568077 0.033818338 0.9987216 9.296997
0.6386644 -0.76947856 0.0023517506 118.79956 0.76862687 0.63780725 -0.049089607 109.76782 0.0362739 0.03315995 0.99879164 9.35083
0.6474625 -0.7620159 -0.00052991975 119.43506 0.7611071 0.6467243 -0.048375007 110.54126 0.03720828 0.03091265 0.99882907 9.40271
0.6567694 -0.75397354 -0.00321195 120.09204 0.7530363 0.6561543 -0.04722306 111.30908 0.03772183 0.02859113 0.99887896 9.446411
0.66737175 -0.7447759 -0.00403899 120.75635 0.74384385 0.66678977 -0.046689127 112.06128 0.037464853 0.02815449 0.9989012 9.497437
0.67510265 -0.73776156 -0.0037769575 121.41431 0.73691314 0.6745554 -0.04477075 112.78906 0.035572585 0.027441133 0.99899036 9.547119
0.6837315 -0.72968054 -0.0021445402 122.08276 0.7289432 0.6831672 -0.043027773 113.50952 0.03286321 0.027856395 0.9990716 9.588501
0.6935563 -0.7204803 -0.001076926 122.76587 0.71979105 0.6929562 -0.04273404 114.221924 0.03153138 0.028867804 0.999086 9.642944
0.6996191 -0.7145999 -0.0026950254 123.420654 0.7139184 0.6991068 -0.041202918 114.910645 0.03132168 0.026907487 0.9991475 9.682495
0.70825213 -0.70591146 -0.0030513704 124.10571 0.70528203 0.7077909 -0.039374046 115.59033 0.029959625 0.025733422 0.9992197 9.723755
0.7143942 -0.6996217 -0.001852442 124.77173 0.6990849 0.7139452 -0.03736914 116.25635 0.027463604 0.02540493 0.9993003 9.764404
0.72120136 -0.69269145 -0.0007966589 125.444336 0.692265 0.7207969 -0.03427502 116.91821 0.024314454 0.024167519 0.9994123 9.800293
0.7289919 -0.6844607 9.458745e-05 126.12158 0.68408877 0.7285914 -0.033059765 117.56201 0.022559972 0.024163492 0.9994534 9.836426
0.7362957 -0.67674315 -0.0008242051 126.77637 0.6763759 0.7359354 -0.03206758 118.18237 0.022302067 0.023053823 0.9994855 9.873779
0.74420726 -0.6679242 -0.001962126 127.44702 0.6676114 0.7439427 -0.02856108 118.79419 0.020535618 0.01994524 0.99959016 9.899902
0.75391036 -0.657078 -4.090037e-05 128.12793 0.6568618 0.7536638 -0.025611242 119.38843 0.016858403 0.019283975 0.99967194 9.931274
0.76206255 -0.647451 0.0005796057 128.79175 0.6472852 0.76184684 -0.023326628 119.96338 0.014657975 0.01815186 0.99972785 9.956665
0.7725552 -0.63506585 0.0005554458 129.47314 0.6349494 0.772396 -0.019855255 120.526855 0.012177093 0.015693381 0.9998028 9.984863
0.78166133 -0.6236065 -0.001231758 130.13525 0.62346745 0.78152615 -0.01965133 121.073975 0.013217691 0.014590783 0.9998062 10.00708
0.7913748 -0.61138135 -0.0026493804 130.81079 0.6112283 0.7912606 -0.019369783 121.60278 0.013937045 0.013711164 0.99980897 10.030151
0.80225813 -0.59695256 -0.0031035342 131.5022 0.5968089 0.8021607 -0.018370302 122.12378 0.013459761 0.012885189 0.9998263 10.046997
0.8106173 -0.58566856 -0.0022547648 132.18384 0.58556145 0.81053215 -0.0163932 122.62378 0.011427775 0.0119686555 0.9998631 10.0720215
0.82172513 -0.56978554 -0.0009909028 132.90112 0.5697183 0.82165265 -0.014016084 123.12036 0.008802653 0.010954017 0.99990124 10.089722
0.82965606 -0.55845916 0.000797328 133.59497 0.55842334 0.8295846 -0.012613581 123.60083 0.006380286 0.010909893 0.9999201 10.108276
0.8390687 -0.54385245 0.0040187505 134.30371 0.54386145 0.83900267 -0.01081738 124.06787 0.0025121383 0.011262755 0.9999334 10.119507
0.84753495 -0.53067374 0.005755414 135.0415 0.53070486 0.84748 -0.009646975 124.5166 0.00024119066 0.011231431 0.9999369 10.130859
0.8540594 -0.5201823 0.007226981 135.75269 0.5202313 0.85400516 -0.009686777 124.961426 -0.0011334829 0.012031862 0.999927 10.142212
0.86044717 -0.50964546 0.0076709 136.47974 0.50970036 0.86039513 -0.009614723 125.397705 -0.0017022095 0.012181955 0.9999243 10.155029
0.8678235 -0.4966983 0.0075492477 137.23486 0.49674958 0.8677879 -0.008242451 125.829834 -0.0024562292 0.010904659 0.9999375 10.161499
0.8724263 -0.48868003 0.006943158 137.95874 0.48872072 0.87240714 -0.0064683883 126.25049 -0.0028952197 0.00903568 0.999955 10.168823
0.87976575 -0.47542277 0.008083116 138.71973 0.47546726 0.8797654 -0.0048739994 126.6687 -0.0047950125 0.008130303 0.9999555 10.172974
0.88444537 -0.46656382 0.008330576 139.47119 0.46661317 0.88444185 -0.0054421853 127.06348 -0.004828403 0.008699575 0.99995047 10.17749
0.89058596 -0.45477712 0.0076509994 140.24414 0.4548244 0.89057237 -0.00630199 127.460205 -0.0039486573 0.009092563 0.9999509 10.184692
0.89449394 -0.44703344 0.006912329 141.0315 0.44707748 0.89446855 -0.007336761 127.85449 -0.0029034119 0.009653096 0.9999492 10.187866
0.8969966 -0.44197056 0.0075494307 141.80396 0.44201657 0.8969846 -0.0061705215 128.25098 -0.0040446166 0.008872058 0.9999525 10.189453
0.90102607 -0.43363252 0.010831885 142.61353 0.43369514 0.90105134 -0.004195292 128.63843 -0.0079406155 0.008477883 0.9999326 10.192017
0.9038538 -0.42767996 0.012766504 143.42603 0.4277248 0.9039222 -0.00088711083 129.02368 -0.011160888 0.0062611774 0.9999182 10.188599
0.90652734 -0.42181456 0.014768699 144.23755 0.4218309 0.9066375 0.002145092 129.41992 -0.014295214 0.0042850715 0.9998887 10.183838
0.9097942 -0.4147446 0.015821561 145.08032 0.41471604 0.9099299 0.0052005136 129.81348 -0.016553555 0.0018292093 0.9998614 10.179321
0.9132538 -0.40699312 0.017198872 145.9414 0.40694055 0.91341525 0.0066094366 130.20337 -0.0184005 0.0009622518 0.9998303 10.164429
0.9158066 -0.4011069 0.020298257 146.8064 0.4010176 0.91603154 0.008473547 130.58008 -0.02199193 0.00038012676 0.99975806 10.153809
0.9197654 -0.39181185 0.022408407 147.68921 0.39173284 0.92003703 0.007997099 130.94678 -0.023750028 0.0014209459 0.99971706 10.145508
0.9224942 -0.3853574 0.02359984 148.58325 0.38527223 0.9227947 0.008237739 131.33447 -0.024952218 0.0014901249 0.99968773 10.128784
0.9260466 -0.37667122 0.023990477 149.48462 0.37661782 0.92635363 0.006878154 131.70435 -0.024814328 0.0026670087 0.99968845 10.098145
0.9301054 -0.36640316 0.024719993 150.41724 0.36641157 0.93042046 0.004351493 132.06323 -0.024594275 0.0050119134 0.99968505 10.095825
0.93371826 -0.35721788 0.024169838 151.35107 0.35724503 0.9340147 0.0033336258 132.43115 -0.023765715 0.0055214334 0.99970233 10.0703125
0.9380795 -0.34572563 0.022337003 152.32031 0.34575173 0.93833166 0.0028045028 132.78955 -0.021929244 0.005091524 0.99974656 10.055176
0.94281447 -0.33261114 0.020744368 153.28174 0.3325884 0.9430393 0.0046377084 133.14331 -0.02110552 0.002528657 0.9997741 10.036377
0.94806296 -0.31739667 0.02118985 154.27295 0.31729808 0.9482994 0.007950433 133.49048 -0.022617528 -0.0008144982 0.99974394 10.016968
0.95453465 -0.29724452 0.023197178 155.28711 0.29704654 0.9548072 0.01163188 133.81616 -0.025606994 -0.004212115 0.9996632 9.991089
0.9602752 -0.27800018 0.024380447 156.3125 0.27769 0.9605515 0.015368209 134.13159 -0.027690575 -0.007987874 0.9995846 9.972656
0.9662759 -0.2563086 0.02500363 157.3623 0.25593817 0.9665466 0.017089823 134.42334 -0.028546887 -0.01011368 0.9995412 9.953613
0.9714838 -0.235647 0.026333096 158.42139 0.23520438 0.97176534 0.018847687 134.69458 -0.030029958 -0.012116085 0.9994755 9.923096
0.976391 -0.21404803 0.029345911 159.49463 0.21352504 0.97674257 0.019959044 134.9502 -0.032935366 -0.013223081 0.9993699 9.90686
0.981007 -0.19110072 0.033127196 160.59277 0.19043636 0.9814445 0.022187896 135.16382 -0.036754534 -0.015456831 0.99920464 9.862671
0.9851671 -0.16738546 0.037797652 161.7268 0.16655764 0.98573726 0.024105329 135.37256 -0.041293632 -0.017453516 0.9989949 9.840576
0.9884178 -0.1461991 0.040790193 162.84082 0.14522271 0.989062 0.025966533 135.5503 -0.044140145 -0.019743763 0.9988303 9.797974
0.99146056 -0.12375186 0.04110258 164.00317 0.12270127 0.99207103 0.02717118 135.71338 -0.044139504 -0.021894496 0.9987849 9.753174
0.9939862 -0.10188834 0.040119257 165.14307 0.100789376 0.99449867 0.028527746 135.84766 -0.04280486 -0.024311941 0.9987875 9.71814
0.9960136 -0.080261506 0.03887901 166.31787 0.079249136 0.9964894 0.026916554 135.95752 -0.04090378 -0.023727383 0.9988814 9.667603
0.99727225 -0.06105427 0.041498937 167.50562 0.060002957 0.9978569 0.026127998 136.03418 -0.043004777 -0.023567306 0.998797 9.625488
0.9981449 -0.042114988 0.043970395 168.70679 0.040983792 0.99881345 0.026314935 136.09668 -0.045026395 -0.024464246 0.9986861 9.583984
0.99880254 -0.017944198 0.045514256 169.92236 0.016726784 0.99949574 0.026989497 136.12866 -0.04597561 -0.026195928 0.99859905 9.537231
0.9989304 -0.00016066295 0.046235587 171.15356 -0.0011470141 0.9996001 0.028252486 136.1399 -0.046221647 -0.02827529 0.99853075 9.490112
0.99860924 0.021831632 0.047992125 172.3999 -0.023230784 0.9993155 0.028791046 136.1294 -0.04733083 -0.029865706 0.9984327 9.439575
0.9980304 0.04122264 0.047278862 173.63452 -0.04270524 0.9986132 0.030781817 136.10278 -0.04594418 -0.032740586 0.99840707 9.387329
0.9970054 0.061188385 0.04726734 174.91577 -0.06273137 0.9975205 0.031879336 136.03809 -0.045199342 -0.034749944 0.99837327 9.336548
0.9957266 0.080481276 0.045289133 176.20825 -0.08198048 0.9961112 0.0322762 135.93457 -0.04251554 -0.035851482 0.99845225 9.29187
0.9941225 0.09917868 0.043399606 177.4497 -0.10069081 0.99433136 0.034157515 135.83032 -0.039766 -0.038327232 0.9984736 9.245605
0.9921736 0.11741642 0.042456124 178.74683 -0.11893211 0.9922794 0.035139535 135.69531 -0.038003113 -0.03991424 0.99848074 9.193237
0.98946947 0.13896237 0.04032604 180.07642 -0.14042541 0.9894286 0.036029104 135.51904 -0.034890447 -0.041315015 0.99853647 9.155029
0.9868184 0.1579527 0.035343725 181.39868 -0.15922548 0.98656505 0.036679365 135.33325 -0.029077174 -0.041821774 0.99870235 9.121704
0.9838321 0.1765948 0.03007494 182.72534 -0.1776903 0.9833299 0.0387775 135.1167 -0.022725787 -0.043492846 0.9987948 9.096313
0.98070925 0.19382092 0.02560094 184.05005 -0.19476238 0.9799722 0.041634176 134.86646 -0.0170176 -0.045815606 0.9988044 9.064941
0.9770813 0.21160904 0.022995587 185.37866 -0.21243864 0.9762155 0.043211527 134.59863 -0.013302323 -0.047106083 0.9988009 9.052612
0.9729383 0.23004751 0.021190567 186.72656 -0.2308078 0.97188544 0.0463258 134.30298 -0.009934737 -0.04996499 0.9987012 9.039917
0.9687449 0.24708045 0.02180555 188.08472 -0.24784441 0.96772665 0.045493927 133.9707 -0.009862318 -0.049476266 0.998727 9.040527
0.9645725 0.26292917 0.0214209 189.42236 -0.26364982 0.9635817 0.04461145 133.61768 -0.008911412 -0.048679557 0.9987748 9.030151
0.95931125 0.28177425 0.018198237 190.76343 -0.2823217 0.9582618 0.04510009 133.24658 -0.0047287135 -0.048402235 0.9988163 9.033813
0.9544378 0.29801744 0.015449824 192.11963 -0.2984163 0.95330566 0.046477813 132.84106 -0.00087695615 -0.048969932 0.9987998 9.039185
0.94906086 0.31468493 0.01570648 193.45581 -0.3150767 0.94782966 0.048329785 132.41162 0.0003218085 -0.050818376 0.9987081 9.04126
0.94341797 0.33116758 0.016908173 194.81445 -0.33159786 0.94205827 0.050645567 131.96753 0.0008415773 -0.053387053 0.998574 9.052246
0.93698376 0.34903276 0.014873565 196.16284 -0.34931415 0.93543345 0.05410452 131.4856 0.0049721585 -0.05589125 0.9984246 9.06604
0.93041724 0.3662986 0.013057488 197.51099 -0.36644167 0.92881113 0.05523838 130.9773 0.008105535 -0.05617899 0.9983877 9.081787
0.9233277 0.38382998 0.011490875 198.88501 -0.3838416 0.92166346 0.056506444 130.42285 0.011100954 -0.05658542 0.9983358 9.095947
0.91542715 0.40240282 0.0067826402 200.24023 -0.40212366 0.9138431 0.05630188 129.84155 0.016453357 -0.054269586 0.99839157 9.136475
0.9069072 0.42127234 0.00329459 201.57495 -0.4206959 0.9051983 0.059940174 129.24976 0.022270512 -0.055744037 0.9981966 9.175659
0.89754623 0.4409505 0.0019586878 202.91455 -0.4401786 0.8956932 0.063315414 128.63867 0.026155546 -0.057693604 0.99799275 9.206787
0.88525784 0.46503887 0.0025747195 204.25708 -0.464168 0.883233 0.066285595 127.961426 0.028565329 -0.05987237 0.9977959 9.262451
0.8709784 0.4913554 0.0037973528 205.60547 -0.49036482 0.8686748 0.07068137 127.2251 0.03142333 -0.06342962 0.9974925 9.320923
0.8569579 0.5154441 0.004016199 206.92578 -0.51426077 0.85440654 0.07484994 126.502686 0.035137802 -0.066211574 0.9971877 9.375488
0.84193426 0.5395451 0.0038037375 208.1814 -0.5381534 0.83921295 0.078034475 125.743164 0.038911656 -0.06774576 0.9969435 9.441162
0.82674557 0.5624904 0.0037551709 209.4646 -0.5609503 0.82395196 0.07973804 124.92407 0.041752577 -0.0680245 0.99681014 9.516724
0.8096582 0.58697194 0.0035161271 210.73877 -0.585274 0.80683064 0.08106652 124.03125 0.04474415 -0.06768915 0.9967019 9.591064
0.7942249 0.6075876 0.0009052858 211.9668 -0.60556245 0.7914545 0.08278593 123.140625 0.049575757 -0.066302784 0.99656844 9.677002
0.77719885 0.62918806 -0.001669738 213.1521 -0.6268035 0.77447903 0.084958896 122.22949 0.054755382 -0.064983144 0.9963829 9.768188
0.75883335 0.6512965 -0.0035884255 214.34863 -0.64860916 0.7561804 0.08677354 121.23779 0.059210118 -0.063523784 0.9962237 9.863892
0.7427733 0.66935587 -0.004435963 215.51807 -0.6664818 0.740166 0.08790637 120.22778 0.0621361 -0.06234559 0.99611956 9.973389
0.72619265 0.687526 -0.0054101413 216.65918 -0.6844657 0.72365874 0.08887768 119.20532 0.06502444 -0.060840677 0.996027 10.078857
0.7100406 0.7040941 -0.006073937 217.77222 -0.7009085 0.7075979 0.08931058 118.142334 0.06718438 -0.05916132 0.99598557 10.187622
0.69605845 0.7179251 -0.007656727 218.86206 -0.7145467 0.6937452 0.09007198 117.06006 0.06997613 -0.05721386 0.9959056 10.309326
0.67898566 0.7341942 -0.009999828 219.9292 -0.7305614 0.6768667 0.09105055 115.95386 0.07361807 -0.054507546 0.9957945 10.426636
0.6652169 0.7466822 -0.0125241 220.96582 -0.74271494 0.6632453 0.0931941 114.84326 0.07787464 -0.052695353 0.9955698 10.553833
0.65000916 0.75990313 -0.013139198 221.99805 -0.755667 0.6480387 0.09563903 113.68213 0.081196606 -0.052237485 0.9953279 10.6796875
0.63393366 0.7733176 -0.012688874 222.99756 -0.7690109 0.6319843 0.09627304 112.50391 0.08247231 -0.051261187 0.99527276 10.831177
0.6176067 0.786424 -0.009592631 223.97754 -0.7821197 0.61541677 0.09768186 111.31543 0.08273487 -0.0528302 0.9951706 10.965332
0.5997135 0.8002295 -0.0046677887 224.93604 -0.79607314 0.5971727 0.098468475 110.10864 0.081587754 -0.055335775 0.99512863 11.105469
0.5800886 0.8145222 0.0007737512 225.86646 -0.8106173 0.57721347 0.09836662 108.86597 0.07967332 -0.05769688 0.99515086 11.245972
0.56377345 0.82580113 0.0049837907 226.74585 -0.821951 0.5605425 0.100018114 107.65454 0.079804845 -0.060482755 0.99497384 11.390625
0.5447041 0.83859235 0.0068070265 227.6023 -0.8345018 0.5412084 0.103386685 106.40991 0.08300525 -0.061997578 0.99461913 11.536499
0.52766424 0.8492855 0.010002397 228.41064 -0.8450502 0.52377576 0.106611 105.159424 0.08532271 -0.06472187 0.99425036 11.680542
0.50842214 0.8608285 0.012580916 229.18652 -0.8567008 0.5044314 0.10625149 103.90747 0.085149124 -0.06480043 0.9942586 11.830933
0.48640686 0.8736727 0.016455749 229.94702 -0.86981964 0.48228726 0.10477398 102.63306 0.08359831 -0.065274544 0.99435925 11.976318
0.4669207 0.8839492 0.019571502 230.64575 -0.8803639 0.46274805 0.10292493 101.363525 0.08192427 -0.06530881 0.9944985 12.119629
0.44428328 0.8956429 0.023982462 231.32324 -0.8924042 0.43997636 0.10084586 100.083984 0.07977572 -0.06618805 0.9946112 12.261353
0.42058188 0.9067575 0.025385687 231.969 -0.9036408 0.41636166 0.0990966 98.79199 0.079306535 -0.064628415 0.9947537 12.400757
0.39961582 0.9162067 0.027931403 232.55127 -0.91316605 0.39527062 0.09900086 97.51318 0.079663806 -0.06509372 0.99469656 12.534424
0.3787282 0.92510384 0.027294502 233.10571 -0.92200685 0.37456995 0.097973034 96.22339 0.08040774 -0.062272325 0.9948152 12.666016
0.35473177 0.93446875 0.026653167 233.6399 -0.9312573 0.35073194 0.09760718 94.92505 0.081844136 -0.059440985 0.99487036 12.8029785
0.33534148 0.94178605 0.025730297 234.12231 -0.93849206 0.33152318 0.09696213 93.64429 0.082752645 -0.05663645 0.99495727 12.935669
0.31237155 0.949586 0.025934903 234.57715 -0.9464102 0.3087463 0.094589874 92.35034 0.08178541 -0.05407884 0.9951804 13.070923
0.2930315 0.9555994 0.026365114 234.99194 -0.95240736 0.28945518 0.094175614 91.073 0.08237498 -0.052706175 0.99520636 13.198853
0.2727972 0.9616896 0.02760566 235.38184 -0.95810246 0.26894706 0.098649725 89.798584 0.087460406 -0.05335169 0.9947378 13.33313
0.25272256 0.9671916 0.02912402 235.74805 -0.962748 0.2483129 0.10785616 88.533936 0.09707833 -0.05529771 0.9937397 13.472168
0.23247775 0.9719742 0.03228678 236.07666 -0.9669135 0.22745849 0.114747964 87.28516 0.104170285 -0.057897195 0.99287224 13.620117
0.21450672 0.9759665 0.036145054 236.38403 -0.9705137 0.20888284 0.11961649 86.03076 0.10915244 -0.06074255 0.9921667 13.772217
0.19285735 0.9804748 0.040209316 236.6665 -0.9751919 0.18693173 0.11914453 84.77222 0.109299935 -0.06217493 0.99206126 13.927368
0.17588162 0.98332196 0.045503676 236.91943 -0.97824234 0.16944943 0.11938899 83.541016 0.10968984 -0.065498784 0.9918039 14.084961
0.15314507 0.98697966 0.04982946 237.15283 -0.9821297 0.14640485 0.11855863 82.28955 0.10972228 -0.06712143 0.9916961 14.243164
0.13813841 0.9890595 0.051621288 237.33374 -0.9842833 0.13131112 0.11804282 81.05737 0.1099573 -0.067137234 0.9916679 14.393799
0.11746305 0.99165815 0.05393261 237.51562 -0.9870319 0.11056524 0.11672783 79.83447 0.10981653 -0.06690016 0.99169433 14.542725
