1.000000000000000000e+00 -3.306050084167601550e-19 -2.270457535318767223e-19 -8.673617379884035472e-19 7.546676715296109287e-19 1.000000000000000000e+00 6.237773588823049983e-19 1.387778780781445676e-17 -3.447385680526250622e-20 4.770700176052009879e-20 1.000000000000000222e+00 5.551115123125782702e-17
9.999309046340453255e-01 -2.708611740881108291e-03 1.143770371635416047e-02 1.648679184748715748e-02 2.691685345323017228e-03 9.999952336781060547e-01 1.494926786780917264e-03 -1.674186833785951123e-03 -1.144169972668940966e-02 -1.464044491309940930e-03 9.999334927494027969e-01 3.015900428555836066e-01
9.998105139199461311e-01 -5.686266691721031732e-03 1.862105328025852324e-02 3.513723857693840796e-02 5.663331629343613428e-03 9.999831246656110117e-01 1.284784890943505573e-03 -1.577350501306415409e-02 -1.862804683243440840e-02 -1.179086661798451306e-03 9.998259049668419829e-01 5.823704033584835571e-01
9.997679288281515753e-01 -7.756978479576124783e-03 2.009906467926948770e-02 4.381826567822418722e-02 7.754343638770207214e-03 9.999699417835972159e-01 2.090601346200103236e-04 -1.901923848402466144e-02 -2.010008317439508641e-02 -5.316097212983927981e-05 9.997979880193854640e-01 8.862733030645520982e-01
9.997797862999137086e-01 -8.821850950173869277e-03 1.904487583211987231e-02 4.911869501412371997e-02 8.843204057351228276e-03 9.999603679674879952e-01 -1.037278284598137793e-03 -1.171616866373843824e-02 -1.903497219039248026e-02 1.205405247637601719e-03 9.998181157101680983e-01 1.195038895496518316e+00
9.998580985857963288e-01 -1.207657630645152073e-02 1.174630985388491755e-02 5.039791251358060470e-02 1.210862664955929084e-02 9.999231848559581026e-01 -2.661383000590197400e-03 -2.534411566790627235e-02 -1.171328545569036775e-02 2.803239589206318189e-03 9.999274286592286787e-01 1.515347843150463003e+00
9.999113210058976353e-01 -1.321984351196651974e-02 -1.572775861326064723e-03 4.475222515935937256e-02 1.321260574710205263e-02 9.999024368483794278e-01 -4.530009349928147862e-03 -3.146391534576430116e-02 1.632505724473103711e-03 4.508825431436150853e-03 9.999885335390032992e-01 1.837304201945968885e+00
9.997810031361500371e-01 -1.291888992719031348e-02 -1.646473947140286373e-02 2.232314820594449509e-02 1.283719787322825691e-02 9.999047691666035353e-01 -5.059306177769499167e-03 -3.655740807134293113e-02 1.652852294442619038e-02 4.846821269143400564e-03 9.998516360491446209e-01 2.164568176560496493e+00
9.993351842363025206e-01 -8.806508935176054001e-03 -3.538481034220037486e-02 -1.758503041474569067e-02 8.638063935319618275e-03 9.999506723610531722e-01 -4.911445975539445626e-03 -4.316101121394094742e-02 3.542630859133918259e-02 4.602666549849960750e-03 9.993618928266254642e-01 2.513866388588164913e+00
9.985052760130327387e-01 -4.109065067456315126e-03 -5.449673566737489594e-02 -6.298818800833212717e-02 3.805649230542954876e-03 9.999766995209731224e-01 -5.669220832875580124e-03 -4.722542248767865047e-02 5.451877319640931197e-02 5.453276430831139818e-03 9.984976783012909918e-01 2.863983580913518345e+00
9.972213841635141351e-01 -3.462966014298699859e-03 -7.441185299572522505e-02 -1.101794435081218382e-01 3.005609316926311381e-03 9.999759126553101618e-01 -6.255991518382907589e-03 -4.752681767557204173e-02 7.443172565488810621e-02 6.015008787396075932e-03 9.972077939900443333e-01 3.230198691910115993e+00
9.952836663295920872e-01 -4.451428930516374352e-03 -9.689159682061820877e-02 -1.604067835916117846e-01 3.910735328327448815e-03 9.999757165703611062e-01 -5.769408976837282245e-03 -5.717902509168298897e-02 9.691493189206543124e-02 5.363220650568841993e-03 9.952768896258343823e-01 3.609972486167549288e+00
9.933235428174229664e-01 -6.592850979525387810e-03 -1.151684207674151944e-01 -2.188132893962944081e-01 6.037385710335206601e-03 9.999684302452386264e-01 -5.170657789347823594e-03 -6.259800523170293285e-02 1.151988888178305803e-01 4.440748524097870575e-03 9.933319697893592259e-01 3.995326526155524416e+00
9.910692779406260478e-01 -5.217748830732940254e-03 -1.332481356801925310e-01 -2.935217755009431606e-01 4.705335583137531912e-03 9.999802971404079255e-01 -4.161169697203279637e-03 -6.796166032614756047e-02 1.332672314263507740e-01 3.497088369975273701e-03 9.910742766950894067e-01 4.392627433850074148e+00
9.887693411027450585e-01 -3.610296305083218922e-03 -1.494297766905869351e-01 -3.767656744685043968e-01 3.206258917352832610e-03 9.999905466175722513e-01 -2.944623948538355879e-03 -7.210592784575185765e-02 1.494390060952001387e-01 2.432641517902340081e-03 9.887715453851516623e-01 4.811980988105233337e+00
9.867774743704911256e-01 -3.291734237973008639e-03 -1.620184618447224612e-01 -4.586816821078314454e-01 2.763354091846841748e-03 9.999900920928159742e-01 -3.485174833918485652e-03 -7.952570030765344911e-02 1.620283564277769928e-01 2.991252632706846350e-03 9.867767927438465536e-01 5.232376826303719142e+00
9.843568791582720801e-01 -4.599161653036564976e-03 -1.761063953781976110e-01 -5.522479137346351097e-01 3.864052137411515524e-03 9.999823576509856426e-01 -4.516018472972663754e-03 -8.822879787721536748e-02 1.761240687802961002e-01 3.764841665484854397e-03 9.843572978243789739e-01 5.670570737976706965e+00
9.826991524641495168e-01 -7.352235766763839421e-03 -1.850773997213749633e-01 -6.332637234236333512e-01 6.390750904314108569e-03 9.999627737771906721e-01 -5.791928060372460510e-03 -1.004465693703879281e-01 1.851131339986348545e-01 4.508647723303326263e-03 9.827096228881461171e-01 6.117416905152010642e+00
9.814193548012302148e-01 -6.838236382939387806e-03 -1.917633824264017295e-01 -7.370665119349526506e-01 5.463472359780029153e-03 9.999554393793465001e-01 -7.697025953620401963e-03 -1.070832943301261025e-01 1.918075051799239816e-01 6.506236025828763918e-03 9.814130128071858472e-01 6.583254038364932725e+00
9.797392596531950826e-01 -6.250228955504243469e-03 -2.001927505750423775e-01 -8.466860710924313249e-01 4.472583644968019558e-03 9.999464826640923620e-01 -9.328573495239649363e-03 -1.096338715426666416e-01 2.002403692448952999e-01 8.244362302073846710e-03 9.797147327078897794e-01 7.060559402316440192e+00
9.783955346678715470e-01 -7.012320690433313658e-03 -2.066218754969007254e-01 -9.604443652011173116e-01 4.502984343782471047e-03 9.999102999491182864e-01 -1.261074073360593864e-02 -1.188746567597501747e-01 2.066918010410070117e-01 1.140800793587043796e-02 9.783393560988004056e-01 7.549738191413788435e+00
9.762211482209027791e-01 -1.045864802490935157e-02 -2.165333501455505294e-01 -1.073906551831769418e+00 7.600306613653937809e-03 9.998725986234541230e-01 -1.402998782383649452e-02 -1.309845908297544159e-01 2.166525377424520782e-01 1.205076566168785182e-02 9.761762841309852279e-01 8.049940943837539109e+00
9.749284502768550409e-01 -1.641964921360257457e-02 -2.219244055387736003e-01 -1.187782362735828379e+00 1.330580457405402747e-02 9.997908831360377002e-01 -1.551884982713234648e-02 -1.464173905516399643e-01 2.221329123746204615e-01 1.217675764239917365e-02 9.749431731674604862e-01 8.554520748763946969e+00
9.728275072270212709e-01 -1.728407049175115576e-02 -2.308857554963211489e-01 -1.314092530987269525e+00 1.360370815604903735e-02 9.997538131702803366e-01 -1.752514566173941912e-02 -1.734673416438414217e-01 2.311318084420651009e-01 1.390799510335294017e-02 9.728232091742320398e-01 9.083868344190884514e+00
9.709348015497633044e-01 -1.342812411810617203e-02 -2.389430260046986609e-01 -1.472882377615615468e+00 8.458881960683195880e-03 9.997262500395971418e-01 -2.180987296281830176e-02 -1.760335766709592020e-01 2.391705790766790740e-01 1.915381741647887576e-02 9.707826897322036075e-01 9.616893978506023899e+00
9.687613043776102106e-01 -1.080573432551628667e-02 -2.477253163803761760e-01 -1.627000064584043670e+00 4.672770146204649651e-03 9.996681273923088140e-01 -2.533318913349690352e-02 -1.892436108080534640e-01 2.479168871111256112e-01 2.338374290622505236e-02 9.684903170131928807e-01 1.016813601117056542e+01
9.664510784600013338e-01 -1.344488924843071677e-02 -2.565128152743059164e-01 -1.784754918783769684e+00 6.680334061852801972e-03 9.996069102466156320e-01 -2.722475229723889806e-02 -2.088796960259664270e-01 2.567780548137708063e-01 2.459834675432615025e-02 9.661609801616387605e-01 1.072934774284099824e+01
9.641560658066125056e-01 -1.465012112771467249e-02 -2.648570712849706021e-01 -1.945670934268991736e+00 7.439092571746671288e-03 9.995744824817561769e-01 -2.819933136943372082e-02 -2.407022203322314313e-01 2.651574651133603022e-01 2.521783457054209768e-02 9.638547554950483987e-01 1.130044392526252928e+01
9.620277738005974522e-01 -1.521113604512070935e-02 -2.725617153568269946e-01 -2.123576836328718187e+00 6.738811159025670169e-03 9.994651862729657665e-01 -3.199376624623585103e-02 -2.608342975703993316e-01 2.729026431960514532e-01 2.894320514192474936e-02 9.616157368639981495e-01 1.188221353452106044e+01
9.600250648171305690e-01 -1.469995995906190830e-02 -2.794994531369420221e-01 -2.310588042113755680e+00 5.206501380119315896e-03 9.993850476471262123e-01 -3.468207202001673262e-02 -2.830411112555712427e-01 2.798373575054423634e-01 3.184031270304617939e-02 9.595112389685438448e-01 1.247577114363788375e+01
9.578489291660909899e-01 -1.528034336844321349e-02 -2.869152350924194517e-01 -2.501478280923179476e+00 4.038957244976220870e-03 9.992018033920205822e-01 -3.973583618656753580e-02 -3.177484538545645720e-01 2.872936298076710360e-01 3.690106369594098323e-02 9.571463547297917041e-01 1.307163979979153723e+01
9.560702250795986012e-01 -1.710369367554282621e-02 -2.926555530892283596e-01 -2.699389756047980260e+00 3.360097782125830070e-03 9.988701300744422529e-01 -4.739558177559913266e-02 -3.540267252446382962e-01 2.931357360169019044e-01 4.432946238825294372e-02 9.550474521198242250e-01 1.368959597590897026e+01
9.547156524288235024e-01 -1.731473811692924372e-02 -2.970499422763931974e-01 -2.906738462083950925e+00 8.815273010645088315e-04 9.984652095526503901e-01 -5.537642841279526162e-02 -3.887951960748423086e-01 2.975531883314617154e-01 5.260578865603868226e-02 9.532656545323509034e-01 1.431332080755507086e+01
9.537107182560401464e-01 -1.743072194168796343e-02 -3.002151375517033149e-01 -3.108048448010693132e+00 -2.028431653501335322e-03 9.979230423401992400e-01 -6.438954218025336185e-02 -4.350545766023610761e-01 3.007140394109540926e-01 6.201743691131324926e-02 9.516947773447399506e-01 1.495287908022648260e+01
9.522483935311529812e-01 -1.663289741895479165e-02 -3.048872168096408153e-01 -3.333725621432746866e+00 -6.122880564583224605e-03 9.972739015120128947e-01 -7.352790336379590175e-02 -4.803593976506992380e-01 3.052788173480029399e-01 7.188493404673601539e-02 9.495505904701401212e-01 1.559798556009050507e+01
9.510659815317221710e-01 -1.615548254738724890e-02 -3.086498546343420801e-01 -3.559979422736320842e+00 -9.021514803213778050e-03 9.967545876416906703e-01 -7.997078357830035567e-02 -5.370456977611324234e-01 3.089407128529378377e-01 7.884049735149954719e-02 9.478334535202216360e-01 1.625782831119988359e+01
9.493254062467815224e-01 -1.510537638009147934e-02 -3.138271596210237546e-01 -3.791235151870827824e+00 -1.274848869830647047e-02 9.961715403025876991e-01 -8.649749558896184520e-02 -5.985418116449517933e-01 3.139319457635318944e-01 8.611622103283497753e-02 9.454984367132653889e-01 1.692502364958573935e+01
9.479850858109490908e-01 -1.312580226719078404e-02 -3.180125801061566837e-01 -4.037669204846467963e+00 -1.705325918208196179e-02 9.956203159354993781e-01 -9.189757694310705938e-02 -6.677558614573451123e-01 3.178259278989609138e-01 9.254118352592730079e-02 9.436092588980830032e-01 1.759844454661218194e+01
9.463376680105382022e-01 -1.156961404699850642e-02 -3.230522451485317581e-01 -4.293115842912257563e+00 -2.118851060427896435e-02 9.949876221566952283e-01 -9.770705892344637433e-02 -7.377330519585215685e-01 3.225638222739607985e-01 9.930700802011434292e-02 9.413491058708224335e-01 1.828420186279798187e+01
9.449015521406922691e-01 -8.712941801965159300e-03 -3.271674826941475822e-01 -4.553016879216348123e+00 -2.576024591146138312e-02 9.945667104638591383e-01 -1.008642178842814874e-01 -8.160159894132930081e-01 3.262688957714153237e-01 1.037349900490490417e-01 9.395429511748982776e-01 1.898353782899571840e+01
9.429323026503906302e-01 -9.060546712882399864e-03 -3.328654426156246737e-01 -4.817503536484610827e+00 -2.668716630240367677e-02 9.943576971924720231e-01 -1.026611386655481711e-01 -8.955652137865145468e-01 3.319170514261741700e-01 1.056871026718764900e-01 9.373703132865627285e-01 1.969415750377088870e+01
9.409607206476462427e-01 -6.776844843249766638e-03 -3.384874479111453782e-01 -5.093834007208551284e+00 -2.929938996528062833e-02 9.944170751102545669e-01 -1.013681450994688288e-01 -9.836950395073432718e-01 3.372843748759540294e-01 1.053016040071735188e-01 9.355088877061498165e-01 2.041658663172345456e+01
9.387291603154235275e-01 -7.941811752385986856e-03 -3.446158123475824842e-01 -5.372284594218634801e+00 -2.850683057831992009e-02 9.945199072314271360e-01 -1.005785341813547062e-01 -1.069425690421724973e+00 3.435267346072490291e-01 1.042369150200419120e-01 9.333581812362611307e-01 2.114340355819686934e+01
9.365293248017576566e-01 -6.715959538598959347e-03 -3.506026870377591531e-01 -5.660274945083104470e+00 -2.943730738677605846e-02 9.947793349633117233e-01 -9.772124610216086082e-02 -1.151883029961053406e+00 3.494289989918015760e-01 1.018381009591762115e-01 9.314424069196536315e-01 2.187984179037030330e+01
9.338660118655035536e-01 -7.516310544170253134e-03 -3.575479556583634477e-01 -5.956458546789634489e+00 -2.841484402372967955e-02 9.950587167418821766e-01 -9.510659077452415788e-02 -1.237545282072930908e+00 3.564965533354523819e-01 9.897365549834881426e-02 9.290377605207273959e-01 2.261959360584975087e+01
9.294784518200654988e-01 -3.980369256180301026e-03 -3.688374581880625169e-01 -6.273689092100824816e+00 -3.095063188776646379e-02 9.955741111186557912e-01 -8.875671781644424441e-02 -1.316848443178317840e+00 3.675581362443891553e-01 9.391559720199575689e-02 9.252414310111689577e-01 2.338583513114756229e+01
9.262318778075073755e-01 -2.049084039264442887e-03 -3.769918484197830599e-01 -6.595444372443864722e+00 -3.190233647452066224e-02 9.959716076193853018e-01 -8.380456852987337724e-02 -1.395984171236990479e+00 3.756457310780951242e-01 8.964490932131674583e-02 9.224349814081296284e-01 2.413657529163225490e+01
9.228242151901355772e-01 1.950281735358369789e-03 -3.851876663437786563e-01 -6.926186317268297366e+00 -3.526177804521077319e-02 9.962166034149527727e-01 -7.942802102021166710e-02 -1.469576360265167470e+00 3.835752878970495883e-01 8.688196729177036226e-02 9.194016858008872140e-01 2.489542675841491004e+01
9.201544053208475793e-01 3.078355980669327929e-03 -3.915263096120383257e-01 -7.265931665219035551e+00 -3.625511275279220957e-02 9.963432290363086752e-01 -7.736376368556123484e-02 -1.544991169409952070e+00 3.898566251678660111e-01 8.538058800067822862e-02 9.169011250079259767e-01 2.565915529683812935e+01
9.155072188194151028e-01 2.666804175973284171e-03 -4.022824159910339259e-01 -7.621592107646931957e+00 -3.682202481812622136e-02 9.963361064688074364e-01 -7.719220565479828489e-02 -1.623071662909694179e+00 4.006027419610989071e-01 8.548248181424601688e-02 9.122509702134866671e-01 2.643239721458535385e+01
9.121545835470454833e-01 3.570531348717681519e-03 -4.097798620632365774e-01 -7.982941990195619120e+00 -3.780590642995252521e-02 9.964318102892847362e-01 -7.546142487785913178e-02 -1.692470079899865087e+00 4.080486779134173125e-01 8.432333047816925609e-02 9.090345392195475771e-01 2.719933573488784617e+01
9.081089356099394383e-01 4.425425165403467156e-03 -4.187026777607389394e-01 -8.359492524976465333e+00 -3.888315833337283728e-02 9.965147554528730467e-01 -7.380002135788819861e-02 -1.764391234242197903e+00 4.169163884058474379e-01 8.330204592691269061e-02 9.051161966515739454e-01 2.799299135554835871e+01
9.041727470855465132e-01 3.882520942427458970e-03 -4.270711332285738737e-01 -8.741443255289890857e+00 -3.782858318227683148e-02 9.967577929471119758e-01 -7.100960750574321356e-02 -1.834886287248393533e+00 4.254106108275594322e-01 8.036230880288268430e-02 9.013881521746781589e-01 2.878558786882335241e+01
9.014487828960903171e-01 4.501328561332714438e-03 -4.328921353864682020e-01 -9.135998500491162133e+00 -3.699763404636949998e-02 9.970885525224874035e-01 -6.668043581462172742e-02 -1.904742646676481410e+00 4.313324302236581920e-01 7.611926657073664337e-02 8.989903354417131398e-01 2.957690939575561018e+01
8.968499191112452307e-01 6.228091087486402506e-03 -4.422705847740432961e-01 -9.546286102812931773e+00 -3.713740068709074638e-02 9.974307913399210745e-01 -6.127453071944018864e-02 -1.965473518490660654e+00 4.407529570472994984e-01 7.138022916257998063e-02 8.947767827586727840e-01 3.038875314955684104e+01
8.940418412473069010e-01 6.205241246344009656e-03 -4.479397390861767358e-01 -9.964883850681447441e+00 -3.530944604278095367e-02 9.977694433693692355e-01 -5.667646233929638649e-02 -2.028985941826391581e+00 4.465890894192711125e-01 6.649009742786586574e-02 8.922667769639820445e-01 3.120623086130591517e+01
8.895752060527999383e-01 6.308475869397152380e-03 -4.567340137327243199e-01 -1.039820341234639578e+01 -3.479571000201164832e-02 9.979352029462388307e-01 -5.398430318923543025e-02 -2.092715607809498835e+00 4.554502939191014121e-01 6.391659331683868794e-02 8.879578808531036760e-01 3.202912913845602816e+01
8.871042656555522266e-01 6.277671519459706445e-03 -4.614556596255658949e-01 -1.084148919804036915e+01 -3.454115590150077381e-02 9.980065519748723135e-01 -5.281831218204331019e-02 -2.153696526205378881e+00 4.602039121041062164e-01 6.279891038014562277e-02 8.855528014110186641e-01 3.285250643874397980e+01
8.840834982614045323e-01 6.497965073716636605e-03 -4.673106171784077167e-01 -1.129290445462278925e+01 -3.399791441639731654e-02 9.981481163012865254e-01 -5.044312467660921895e-02 -2.205503367948161930e+00 4.661174741269000776e-01 6.048317907857727466e-02 8.826671624453658049e-01 3.368923336402449564e+01
8.806896567242147311e-01 4.644625067493284715e-03 -4.736529128965271118e-01 -1.175983509071748045e+01 -3.208041803080919491e-02 9.982409769851816606e-01 -4.986626996432515224e-02 -2.262156308425650852e+00 4.725882585203943220e-01 5.911288171930903501e-02 8.792893832469331761e-01 3.454094924309634251e+01
8.784909069589945663e-01 4.166098559800166315e-03 -4.777215293971784349e-01 -1.222896316684693119e+01 -3.121298173663438272e-02 9.983261540395838018e-01 -4.868609692282814538e-02 -2.319697617164171888e+00 4.767191329916409814e-01 5.768043550043854689e-02 8.771503433669612937e-01 3.539463733389384714e+01
8.770532903985664985e-01 2.912973141276841045e-03 -4.804537959809070391e-01 -1.271604344915701645e+01 -3.059273076459263080e-02 9.982904887179476772e-01 -4.979636416948327732e-02 -2.380600207304444993e+00 4.794873627674088312e-01 5.837098733986157556e-02 8.756431545916769643e-01 3.625608132952397256e+01
8.751755783628094587e-01 2.315928736782640624e-03 -4.838810951812030359e-01 -1.321206910794366252e+01 -3.037456529231738131e-02 9.982789306360672077e-01 -5.017163070141660713e-02 -2.434914542134468451e+00 4.829323833376037434e-01 5.860278136256480419e-02 8.737394831390324912e-01 3.712898426128203511e+01
8.760905292489252760e-01 2.742404274054226297e-03 -4.821851544379395227e-01 -1.371123490926674293e+01 -3.016620066146687151e-02 9.983364542046507806e-01 -4.913057826172172182e-02 -2.493181744593426341e+00 4.812484238621672072e-01 5.758646490113743938e-02 8.747157825452647195e-01 3.801441409796236570e+01
8.751174919199644631e-01 3.417760035888445583e-03 -4.839433632489990589e-01 -1.421918054641686169e+01 -3.021698087389907209e-02 9.984096140157725507e-01 -4.759407519041850693e-02 -2.557508005539382623e+00 4.830112039908563415e-01 5.627154730492439638e-02 8.738288320220268801e-01 3.890843922045642955e+01
8.747810856722367800e-01 2.094961427777749206e-03 -4.845002141528745310e-01 -1.473545966860502787e+01 -2.821904874229868784e-02 9.985136244391576987e-01 -4.663099210209057516e-02 -2.608630060154765840e+00 4.836826453213363686e-01 5.446050488939816608e-02 8.735397468092296336e-01 3.982014964364855558e+01
8.743104563310390986e-01 1.734829705733353011e-04 -4.852859269228043670e-01 -1.524934089148915639e+01 -2.664200284281320955e-02 9.985095607551652819e-01 -4.762583665521457482e-02 -2.664625578059544253e+00 4.845542785442621958e-01 5.456930092965147500e-02 8.730118897092976615e-01 4.073788111854995009e+01
8.727897931057758685e-01 -9.252611158842580577e-04 -4.881451559882359903e-01 -1.578213139002347631e+01 -2.540638563122719559e-02 9.985564328645295529e-01 -4.731906607567066408e-02 -2.726975442239172320e+00 4.874842229116705394e-01 5.370181578489256063e-02 8.715064022607433847e-01 4.167089374666775825e+01
8.723763893759479693e-01 -1.608853895616105300e-03 -4.888663766321349469e-01 -1.631074988088167999e+01 -2.387620562755397163e-02 9.986606914104952937e-01 -4.589811709169291931e-02 -2.788960042813198204e+00 4.882852819856702276e-01 5.171606746554967271e-02 8.711696715138194103e-01 4.260189138729820968e+01
8.697300907673347625e-01 -1.041266008334669870e-03 -4.934220694654244399e-01 -1.685515866116639216e+01 -2.273102270785390053e-02 9.988520778417802060e-01 -4.216615879657815286e-02 -2.843206790915413062e+00 4.928994322490709568e-01 4.789191609749973710e-02 8.687079753575599472e-01 4.353085993072397741e+01
8.673775361463240685e-01 -1.021978483407190544e-04 -4.976644469231185641e-01 -1.738946405119937566e+01 -2.116996954941501030e-02 9.990871741794596916e-01 -3.711020102577196333e-02 -2.901020461182575616e+00 4.972140193104536143e-01 4.272522671811205403e-02 8.665835498861610420e-01 4.446410624170047043e+01
8.636117662949585050e-01 -3.143393285223386544e-03 -5.041484654800667542e-01 -1.792922632275949013e+01 -1.727360444143592397e-02 9.992089540180357776e-01 -3.581537645181575441e-02 -2.965205895926876778e+00 5.038625648007218905e-01 3.963480240933454912e-02 8.628743532915897907e-01 4.538229661609346977e+01
8.582026360223987682e-01 -5.272540419836397457e-03 -5.132464790873186855e-01 -1.849267924094417026e+01 -1.628055513293923465e-02 9.991645860393396639e-01 -3.748755359998284797e-02 -3.021431047190485497e+00 5.130153043048311101e-01 4.052909308306143488e-02 8.573998763650807486e-01 4.629960707063693803e+01
8.532144405926618269e-01 -7.576327818530743073e-03 -5.214540621977918899e-01 -1.905048391545716768e+01 -1.556747672318311605e-02 9.990790327836329698e-01 -3.997088291461016463e-02 -3.080854415134164803e+00 5.212768250077823851e-01 4.222068385060952223e-02 8.523106754884515190e-01 4.720940085449230139e+01
8.468003749324451990e-01 -7.897738533764226895e-03 -5.318729038234053519e-01 -1.963361236837445745e+01 -1.560101865138060172e-02 9.990907700933046032e-01 -3.967385242012176627e-02 -3.132782916483676683e+00 5.317028926741476091e-01 4.189118558399172743e-02 8.459071247229380530e-01 4.811617285227683993e+01
8.408146563113205740e-01 -4.109003902732985547e-03 -5.413344267086136474e-01 -2.023263359945010009e+01 -1.731818207297096401e-02 9.992550987627477621e-01 -3.449146644710521931e-02 -3.187819323397213633e+00 5.410731262636326866e-01 3.837486592660378781e-02 8.401171126398602196e-01 4.902175080628551740e+01
8.365282355576254547e-01 -1.832126783718856199e-03 -5.480439239972368926e-01 -2.082993715983402083e+01 -1.780636467710411050e-02 9.993753456411039737e-01 -3.051321835392943604e-02 -3.240725924512319889e+00 5.477576517788450561e-01 3.527887930721135962e-02 8.359730877313245045e-01 4.991326580544433966e+01
8.321556992266584407e-01 -2.470508771554193856e-04 -5.545229200708510220e-01 -2.144108046854360339e+01 -2.037823257037582950e-02 9.993107416441258106e-01 -3.101664666852598992e-02 -3.288934518613075397e+00 5.541484011344095517e-01 3.711087778542135340e-02 8.315772369360702188e-01 5.080458313130225179e+01
8.287354951945121728e-01 -2.888002857777427837e-03 -5.596667469737842682e-01 -2.204941766046394136e+01 -2.048044451476863093e-02 9.991603385343360566e-01 -3.547730257187561853e-02 -3.343295427346217430e+00 5.592996770712300725e-01 4.085881594003723527e-02 8.279804451484099603e-01 5.168577731177688861e+01
8.262576744619148927e-01 -4.073293762069955283e-03 -5.633474436299479304e-01 -2.266585877261198689e+01 -2.385932916723638997e-02 9.988232875250265819e-01 -4.222578623222476152e-02 -3.402899573883734874e+00 5.628567270569692083e-01 4.832821715217647252e-02 8.251882483516512767e-01 5.256794893821671621e+01
8.226374929448529993e-01 -4.844826114786851025e-03 -5.686148505658180641e-01 -2.329477006954021689e+01 -2.425655370206017056e-02 9.987542284705683837e-01 -4.361955451555461771e-02 -3.461187418021333784e+00 5.681181026662834865e-01 4.967321022858739443e-02 8.214950960398704760e-01 5.344813218807270516e+01
8.200271414936842751e-01 -3.520171796823566221e-03 -5.723437601032111965e-01 -2.391427068668825484e+01 -2.347625743256491135e-02 9.989326591504292807e-01 -3.978113385649229700e-02 -3.524832250043393955e+00 5.718729144674434828e-01 4.605828747905998943e-02 8.190691786573391919e-01 5.432491953665648765e+01
8.159343869454477316e-01 -1.431009410449589911e-03 -5.782343685269150102e-01 -2.455460190435777079e+01 -2.214453420969688183e-02 9.991858336720833567e-01 -3.371610166730786701e-02 -3.573194985499861698e+00 5.778119595812371001e-01 4.031060472115952087e-02 8.152382965524217484e-01 5.520676368475471918e+01
8.138592940131159637e-01 1.203587547512224599e-04 -5.810905585276816554e-01 -2.519363483749821242e+01 -2.238818697822300002e-02 9.992640661418978887e-01 -3.115344319713892265e-02 -3.633608392194375369e+00 5.806593927330944149e-01 3.836169419589356699e-02 8.132628650685278515e-01 5.606964583916705180e+01
8.105618007709665118e-01 1.223206708538838398e-03 -5.856676996561568371e-01 -2.583254541023030981e+01 -2.368943386776159454e-02 9.992481258901951824e-01 -3.070605410155083023e-02 -3.674850139969395801e+00 5.851900469241791969e-01 3.875944418557373400e-02 8.099809254086931531e-01 5.695144555077931869e+01
8.064782999628259397e-01 3.306545157183258415e-04 -5.912358750763970772e-01 -2.648782867932707674e+01 -2.414315958587444008e-02 9.991843830924030945e-01 -3.237496798918706314e-02 -3.722207800493479546e+00 5.907429174009832806e-01 4.038506655684184765e-02 8.058284010435869948e-01 5.782102172538526474e+01
8.020544159965256048e-01 -1.932729563042704475e-03 -5.971326514024823950e-01 -2.714059308440336338e+01 -2.333273024634860762e-02 9.991300036864085854e-01 -3.458199645175632359e-02 -3.780231647070499967e+00 5.966798365857743924e-01 4.167611467772421030e-02 8.013116082635383108e-01 5.868624009898680072e+01
7.988203750466053021e-01 -3.306931259960520925e-03 -6.014696114325234211e-01 -2.779916826681051134e+01 -2.271786893562311241e-02 9.991057819781852256e-01 -3.565053866607632155e-02 -3.830114446984659526e+00 6.010496160835694379e-01 4.214411396194978759e-02 7.980310029712424091e-01 5.954915625877119112e+01
7.941632134252994968e-01 -3.048681555428727884e-03 -6.077094709164129194e-01 -2.847916526423465200e+01 -2.211209175404846294e-02 9.991803936431986610e-01 -3.389732187165228616e-02 -3.880512223932210070e+00 6.073146483893584469e-01 4.035504183140582041e-02 7.934448684449604272e-01 6.041851175179672140e+01
7.897663798951480851e-01 -3.154369354753897882e-03 -6.133558897371844676e-01 -2.915507439147342694e+01 -2.158487880354746993e-02 9.992245282846367038e-01 -3.294425535766357799e-02 -3.932010376126028994e+00 6.129841681862422398e-01 3.926067842895299143e-02 7.890859908718816929e-01 6.127944804663397349e+01
7.846766064670754881e-01 -4.552432648760490128e-03 -6.198472813539780413e-01 -2.984836593820980966e+01 -2.098299740868226487e-02 9.992049307568416916e-01 -3.390147430368424530e-02 -3.989830592162106448e+00 6.195090766504056656e-01 3.960558291238721468e-02 7.839571912039700052e-01 6.213357654062182434e+01
7.793571794171162415e-01 -5.246521367621793767e-03 -6.264547991876365796e-01 -3.054161128344886578e+01 -2.104533426054746442e-02 9.991814972530843608e-01 -3.454340730645625440e-02 -4.043869642673312725e+00 6.261232951302919680e-01 4.010698149299860710e-02 7.786088858336143170e-01 6.298498193418021174e+01
7.744703562893777704e-01 -6.475784327220808663e-03 -6.325537184826042214e-01 -3.123933854444736724e+01 -2.052601546330001109e-02 9.991638352511759136e-01 -3.536060707392744279e-02 -4.094402649486981183e+00 6.322537879020131424e-01 4.037180233682270691e-02 7.736899294578292174e-01 6.383896702846239890e+01
7.685353269127919162e-01 -7.899946825437376141e-03 -6.397508401924860699e-01 -3.196274722522505840e+01 -1.969606876734052853e-02 9.991577267366003046e-01 -3.599441458295442320e-02 -4.149747818935440868e+00 6.394962274187770968e-01 4.026453696621744294e-02 7.677326093449929889e-01 6.468518034920315074e+01
7.630257024335574956e-01 -1.012947016280638796e-02 -6.462633529752876971e-01 -3.267598688197161039e+01 -1.857614459725514741e-02 9.991205080260627813e-01 -3.760302836178838759e-02 -4.207321525815140184e+00 6.460759450278878990e-01 4.069755615555237238e-02 7.621664049349721193e-01 6.553010214135876765e+01
7.562640555644433160e-01 -1.092056223902149008e-02 -6.542995378539793183e-01 -3.341742430671266106e+01 -1.768796451661200711e-02 9.991539562491978943e-01 -3.712492411603700998e-02 -4.259431585588982827e+00 6.541515258555306023e-01 3.964930134819542873e-02 7.554311660237309489e-01 6.637109314658196979e+01
7.504437513648991587e-01 -1.241290385663513206e-02 -6.607631235565966099e-01 -3.416512432708286440e+01 -1.559110975152995168e-02 9.992129062616189605e-01 -3.648368350941717103e-02 -4.315198346627577841e+00 6.606956684308471495e-01 3.768563515191954844e-02 7.496596770979084834e-01 6.721058589663265082e+01
7.449080514905411787e-01 -1.268744428051306154e-02 -6.670843181598596905e-01 -3.491730855594028782e+01 -1.428253460827065384e-02 9.992866828582203098e-01 -3.494917236838995106e-02 -4.371050721544776252e+00 6.670519876527081227e-01 3.556144941685554506e-02 7.441955325465330340e-01 6.803941513117524664e+01
7.377142393486088023e-01 -1.337442336714425063e-02 -6.749502863567760080e-01 -3.568981960917118101e+01 -1.422337567018722160e-02 9.992739481386172518e-01 -3.535207349260797299e-02 -4.427040255636103261e+00 6.749329114985722633e-01 3.568176063642136686e-02 7.369884842084833965e-01 6.886828916767163378e+01
7.320166465590720595e-01 -1.548432969446065545e-02 -6.811111479082245790e-01 -3.647065281694624161e+01 -1.325619322435033637e-02 9.992287213291796144e-01 -3.696876974640180696e-02 -4.485873586047894435e+00 6.811579248305685841e-01 3.609660044093977727e-02 7.312468000614250618e-01 6.968957734044218455e+01
7.268179605109954533e-01 -1.530635966674044439e-02 -6.867593196470376249e-01 -3.725226824417526217e+01 -1.435788005382000569e-02 9.991945142792955092e-01 -3.746404193649857661e-02 -4.533315817499839362e+00 6.867798488435463700e-01 3.708549707669795553e-02 7.260129387228928532e-01 7.050650495901325598e+01
7.206621351592609193e-01 -1.505560009389140738e-02 -6.930816750337995824e-01 -3.805799554535865781e+01 -1.395552669807421584e-02 9.992465252667377396e-01 -3.621119086924790009e-02 -4.589992468341762333e+00 6.931043887435142103e-01 3.577205530986182075e-02 7.199090661860927387e-01 7.132506563751381634e+01
7.162786305507388152e-01 -1.398559933957489385e-02 -6.975614265831208138e-01 -3.886807071309730333e+01 -1.532180885309037364e-02 9.992428541659253982e-01 -3.576564165236970766e-02 -4.651276817259782703e+00 6.975332221074457273e-01 3.631246010279491621e-02 7.155220805566208098e-01 7.213989469055970005e+01
7.103666464112542434e-01 -1.404594164721342450e-02 -7.036594155735793610e-01 -3.969349581031652718e+01 -1.626037966797748077e-02 9.992064196127488085e-01 -3.635500019463566712e-02 -4.706797629525542703e+00 7.036114140469668099e-01 3.727416778901484345e-02 7.095744850357201816e-01 7.295278868586791532e+01
7.069969282853644232e-01 -1.644997866933294375e-02 -7.069839025205310046e-01 -4.052281612757467144e+01 -1.623344720755928033e-02 9.990884282608549771e-01 -3.948211090517522032e-02 -4.767007616584075791e+00 7.069889032706848653e-01 3.939248948884175455e-02 7.060855900518334671e-01 7.376214764221150233e+01
7.021052480772929094e-01 -1.852458330324452396e-02 -7.118717654846506981e-01 -4.134642888592046717e+01 -1.609616861209308900e-02 9.989931684548694069e-01 -4.186329751007455274e-02 -4.827534719683473696e+00 7.119308242265022235e-01 4.084801993770820205e-02 7.011001961578096076e-01 7.457561226026764700e+01
6.962475470218808526e-01 -1.830159142937395553e-02 -7.177075272366132408e-01 -4.219617304332240337e+01 -1.720515921338073434e-02 9.989621056022799372e-01 -4.217555788662042532e-02 -4.887800143008113274e+00 7.177345948103848183e-01 4.171218605264379042e-02 6.952101285838777622e-01 7.537403564378369936e+01
6.916801299364405686e-01 -1.825024712166512658e-02 -7.220842005386546303e-01 -4.306059939559288097e+01 -1.604687003857619212e-02 9.990453785550110766e-01 -4.061906452701234682e-02 -4.948343264469825975e+00 7.221365089149659466e-01 3.967863803702215142e-02 6.907270519333533754e-01 7.618292963338065249e+01
6.884110084822014919e-01 -1.941165187944688536e-02 -7.250430784223820257e-01 -4.391551731533782288e+01 -1.435151932685107580e-02 9.990814516224767461e-01 -4.036669958445319312e-02 -5.014034995787155502e+00 7.251609419986482230e-01 3.819315944762777248e-02 6.875001489193698356e-01 7.699226320160956050e+01
6.818426333002535200e-01 -1.972643738339035710e-02 -7.311826101220614271e-01 -4.478875357169152949e+01 -1.403225661218751065e-02 9.990994949567520989e-01 -4.004052476618865514e-02 -5.077682487256163668e+00 7.313141299767763615e-01 3.755922033203167726e-02 6.809520024497819346e-01 7.779175666911990561e+01
6.787169388504314949e-01 -2.005125418193198089e-02 -7.341112266445481982e-01 -4.566219901712618423e+01 -1.340629098529377144e-02 9.991222227557192692e-01 -3.967947039246419449e-02 -5.135334074628424617e+00 7.342626003150389824e-01 3.677313465454525726e-02 6.778525693699543053e-01 7.859387674356027276e+01
6.726257720464585699e-01 -2.128152318228683504e-02 -7.397001542598793389e-01 -4.654946859893740196e+01 -1.204409772513217840e-02 9.991392758988683065e-01 -3.969483257100484691e-02 -5.199544300478152081e+00 7.399079746721597406e-01 3.561381846858829858e-02 6.717902832848370309e-01 7.938687032947854050e+01
6.702592047677510267e-01 -2.170761030519042026e-02 -7.419381878186083190e-01 -4.744464511323364775e+01 -1.061516982483473939e-02 9.991894729104364714e-01 -3.882837067722486740e-02 -5.256914150622037596e+00 7.421802332879987585e-01 3.389242815574505102e-02 6.694855054425401519e-01 8.018108703082366162e+01
6.668303705378201274e-01 -2.547559122064149695e-02 -7.448475644590452083e-01 -4.833705766912614621e+01 -7.016875904221201929e-03 9.991566544386620841e-01 -4.045500079540818861e-02 -5.321389508308312699e+00 7.452502447213047443e-01 3.220121761734252852e-02 6.660891073210339908e-01 8.097881683490665239e+01
6.617674946314120454e-01 -2.977517651630734799e-02 -7.490858029204856550e-01 -4.925001264163177694e+01 -4.356664493688105697e-03 9.990414692591976786e-01 -4.355825157480679860e-02 -5.391067787877665829e+00 7.496649590920737571e-01 3.208686255200617760e-02 6.610033677858736523e-01 8.177261878133319328e+01
6.564465121401937830e-01 -3.363928708167346349e-02 -7.536956951960303019e-01 -5.016557501288690446e+01 -3.402975440920855523e-04 9.989918745007252410e-01 -4.487606051453057326e-02 -5.440654866761252428e+00 7.544464769762261325e-01 2.970461973939533470e-02 6.557734973808403423e-01 8.255802858289068524e+01
6.510482365483964973e-01 -3.781760530865462683e-02 -7.581015771875234677e-01 -5.108820318597408061e+01 5.068341015279953163e-03 9.989527797173153312e-01 -4.547429724104047610e-02 -5.523405188586847814e+00 7.590269027976861427e-01 2.577257221887224031e-02 6.505576103860524206e-01 8.334627251038908469e+01
6.412708165605602861e-01 -4.180436334224511136e-02 -7.661224702746318727e-01 -5.200682448740554520e+01 1.091360349690354524e-02 9.989110857323697523e-01 -4.536380403295826175e-02 -5.596137693065360352e+00 7.671842958843269056e-01 2.073456463464842109e-02 6.410283414090049980e-01 8.412453971371775197e+01
6.345966636360346191e-01 -4.252676428319109719e-02 -7.716601306888989376e-01 -5.295118563278758472e+01 1.372882025426860712e-02 9.989474823924664459e-01 -4.376421645551965833e-02 -5.664260915235195704e+00 7.727095011162342653e-01 1.717145831717324309e-02 6.345130215015588604e-01 8.490413021634836355e+01
6.245902348510345981e-01 -4.094617659068984505e-02 -7.798971782625271354e-01 -5.392651854921466281e+01 1.315654062377383943e-02 9.990348835341980038e-01 -4.191128148025168726e-02 -5.729405195955631136e+00 7.808603703644007021e-01 1.592234277494880210e-02 6.245256475106110150e-01 8.566732489562581065e+01
6.150058511116146542e-01 -4.160238672166000767e-02 -7.874709578212927275e-01 -5.489915043774105641e+01 1.485219520776062500e-02 9.990408661869600859e-01 -4.118357394268248178e-02 -5.801382944981959611e+00 7.884297695263873251e-01 1.362148952576790369e-02 6.150345557803438279e-01 8.642617376794468953e+01
6.077214978429410497e-01 -4.206438643156893559e-02 -7.931118493608643183e-01 -5.588148095661390613e+01 1.343361736358689509e-02 9.989974948514788178e-01 -4.270635346743884009e-02 -5.861497725379903656e+00 7.941135147457835108e-01 1.529381586855793444e-02 6.076779012836991400e-01 8.717094359923594027e+01
5.963419261803055704e-01 -4.488720085878039612e-02 -8.014917112510417940e-01 -5.688379954065550237e+01 1.473843808871319085e-02 9.988795868888645790e-01 -4.497866580262264991e-02 -5.935278541357921434e+00 8.026123109053671101e-01 1.501500534512534811e-02 5.963350598449536077e-01 8.789923736349989269e+01
5.862003818155554491e-01 -4.594122194783363533e-02 -8.089409396271266539e-01 -5.789049490300426015e+01 1.494668321418967695e-02 9.988341516882188742e-01 -4.590243859354749267e-02 -6.000532340327052516e+00 8.101068874186976299e-01 1.481387818801026095e-02 5.862038888900246159e-01 8.863090986012588246e+01
5.772037714066136083e-01 -4.735653946374741852e-02 -8.151411467993840976e-01 -5.890635753530752794e+01 1.834958009867915935e-02 9.988169164177848058e-01 -4.503455377479718275e-02 -6.073308602300421022e+00 8.163096059728315312e-01 1.102842647566196731e-02 5.773902833403051771e-01 8.934949883232744128e+01
5.661621799602983840e-01 -4.739431940334025428e-02 -8.229484436225865673e-01 -5.993851329300733255e+01 1.996296940038108300e-02 9.988403651616598600e-01 -4.380436282441789453e-02 -6.146361777773528878e+00 8.240710161890344443e-01 8.356495183415708211e-03 5.664531743490197613e-01 9.005351940473984484e+01
5.552065342955952998e-01 -4.788237473746358858e-02 -8.304280372083072681e-01 -6.098613150940918359e+01 2.038548670537823279e-02 9.988245366701147265e-01 -4.396816799405830339e-02 -6.211635894314005313e+00 8.315580130275647130e-01 7.474054483959208586e-03 5.555306703863714946e-01 9.074671289234261451e+01
5.459734450656955618e-01 -4.855120010162440602e-02 -8.363763627614008156e-01 -6.204747717233799165e+01 1.966998309964750058e-02 9.987872268929273156e-01 -4.513419403973434330e-02 -6.288667354505363960e+00 8.375533084085453606e-01 8.191739504050360443e-03 5.462661706355239621e-01 9.143021584526283618e+01
5.340938418589641357e-01 -4.900578255528331012e-02 -8.440913334228420384e-01 -6.311591566731018332e+01 1.884668533604238680e-02 9.987603870193541011e-01 -4.605397657417144297e-02 -6.359450777143447198e+00 8.453030317929910442e-01 8.679322665188456132e-03 5.343557897564781278e-01 9.209259033492961066e+01
5.244477101217291937e-01 -4.967661640577589188e-02 -8.499290048774373885e-01 -6.420160266936723303e+01 1.762208394058847535e-02 9.987160751678183512e-01 -4.749504272537236060e-02 -6.437912136093998150e+00 8.511970622532724073e-01 9.930380540849279361e-03 5.246497494470858669e-01 9.274858615435130105e+01
