1.0 0.0 0.0 0.0 0.0 1.0 0.0 0.0 0.0 0.0 1.0 0.0
0.9999333 0.011446795 0.0015516316 0.3017578 -0.011442677 0.99993104 -0.0026376555 -0.013427734 -0.0015817103 0.0026197238 0.9999953 0.00012207031
0.99982524 0.018654326 0.0013197921 0.5826416 -0.018646704 0.9998107 -0.00556903 -0.030517578 -0.0014234281 0.0055434587 0.9999836 0.012207031
0.999797 0.020148892 0.0002021172 0.8864746 -0.020146765 0.99976796 -0.007628264 -0.03942871 -0.00035576677 0.0076226434 0.9999709 0.013061523
0.999817 0.019101016 -0.0010670957 1.1950684 -0.019109584 0.99977964 -0.008697436 -0.045654297 0.00090079266 0.008716238 0.9999616 0.0032958984
0.99992645 0.01181373 -0.0027306555 1.5152588 -0.011845659 0.9998579 -0.011995493 -0.05029297 0.0025885548 0.012026955 0.99992436 0.014282227
0.99998856 -0.0015104747 -0.004546245 1.8370361 0.0014502531 0.9999115 -0.013221286 -0.049804688 0.004565815 0.013214545 0.99990225 0.017700195
0.9998529 -0.016405413 -0.005002736 2.1643066 0.016339125 0.9997818 -0.013017287 -0.032958984 0.0052152146 0.0129336575 0.9999027 0.020629883
0.99936384 -0.035331376 -0.0048998636 2.513794 0.035286143 0.99933666 -0.0090320315 0.00024414062 0.005215583 0.00885343 0.99994725 0.025268555
0.9984991 -0.054447353 -0.005889926 2.8641357 0.054421492 0.99850786 -0.0044638757 0.03894043 0.0061242604 0.0041365763 0.9999727 0.02709961
0.9972094 -0.074359976 -0.0066024633 3.230713 0.07433497 0.9972253 -0.0039561465 0.07885742 0.006878266 0.00345421 0.9999704 0.025146484
0.99527967 -0.096841455 -0.006121012 3.611206 0.09681089 0.9952884 -0.005107085 0.12072754 0.00658684 0.004490358 0.99996823 0.032836914
0.9933369 -0.11511817 -0.005337114 3.9973145 0.11507751 0.9933285 -0.007384338 0.17211914 0.0061516548 0.006720874 0.9999585 0.036376953
0.9910789 -0.1332019 -0.0045217727 4.395508 0.1331732 0.991074 -0.006146455 0.2401123 0.0053000855 0.005489587 0.9999709 0.040039062
0.9887753 -0.14939122 -0.00356967 4.815796 0.14937408 0.98877335 -0.004664513 0.31726074 0.0042261695 0.0040790057 0.9999828 0.04248047
0.9867805 -0.16197838 -0.004216135 5.2369385 0.16195972 0.9867826 -0.00444254 0.39416504 0.0048801843 0.0037006775 0.9999812 0.047607422
0.9843628 -0.1760601 -0.0050899456 5.6760254 0.17603 0.98436385 -0.005859211 0.48205566 0.0060420237 0.0048713963 0.9999699 0.053833008
0.9827186 -0.18502639 -0.005900558 6.123535 0.18497227 0.9827081 -0.008682133 0.55895996 0.007405203 0.007440783 0.99994487 0.06335449
0.9814214 -0.1917104 -0.007942714 6.5898438 0.19164589 0.9814317 -0.008217992 0.65966797 0.009370735 0.0065431525 0.9999347 0.06713867
0.9797225 -0.20013532 -0.009736687 7.067749 0.20006546 0.979755 -0.0076948386 0.765625 0.011079242 0.005590478 0.999923 0.06689453
0.9783479 -0.20656078 -0.01294491 7.557373 0.2064629 0.9784173 -0.00850318 0.8762207 0.014421756 0.005646121 0.99988 0.072753906
0.97618985 -0.21649583 -0.013660346 8.058472 0.21633992 0.97624594 -0.012029615 0.9851074 0.015940078 0.008788157 0.99983424 0.08203125
0.97496545 -0.22193801 -0.013833832 8.563721 0.2216798 0.97495556 -0.01803485 1.0957031 0.01748999 0.01451662 0.9997415 0.09460449
0.9728473 -0.23092064 -0.01562557 9.093994 0.23061886 0.9728594 -0.018970683 1.2177734 0.01958237 0.01485255 0.99969786 0.11853027
0.97080064 -0.23895003 -0.020915957 9.627563 0.2386665 0.9709771 -0.015172288 1.373169 0.02393556 0.009736998 0.999666 0.11743164
0.96850383 -0.24768633 -0.025196977 10.179565 0.24743716 0.96881306 -0.012616017 1.5234375 0.027537085 0.0059841205 0.99960285 0.1270752
0.96617883 -0.2565243 -0.026473014 10.741821 0.25619176 0.9665082 -0.015327842 1.6768799 0.029517604 0.0080275275 0.9995319 0.14367676
0.96387494 -0.26489344 -0.027147427 11.314087 0.2645198 0.964217 -0.016604148 1.8336182 0.030575406 0.0088206 0.99949336 0.17272949
0.96163636 -0.2726127 -0.03092231 11.8967285 0.27219 0.9620991 -0.017224338 2.0076904 0.03444422 0.008147314 0.99937326 0.18920898
0.9595306 -0.2795336 -0.033861157 12.491211 0.27910918 0.9601047 -0.016768184 2.191162 0.037198607 0.0066395667 0.99928606 0.20812988
0.95716566 -0.2869561 -0.038968768 13.088013 0.28648043 0.95794284 -0.017403152 2.3781738 0.042323854 0.0054950537 0.9990886 0.23876953
0.9550681 -0.29274204 -0.046435926 13.706665 0.29214755 0.95618457 -0.019261345 2.5726318 0.050039653 0.0048283665 0.99873513 0.27001953
0.9532844 -0.29710805 -0.054739118 14.330933 0.29647693 0.95485175 -0.019492984 2.7770996 0.05805994 0.0023561656 0.9983104 0.29968262
0.95171094 -0.30021092 -0.06416957 14.970947 0.2995698 0.9538712 -0.019615553 2.97583 0.06709951 -0.0005535418 0.9977464 0.34033203
0.94956225 -0.30472147 -0.07406249 15.616699 0.30417457 0.95243526 -0.01883608 3.1984863 0.076277345 -0.0046416693 0.9970754 0.38012695
0.947842 -0.3083451 -0.08103877 16.277344 0.30788928 0.9512722 -0.018375358 3.421875 0.082752734 -0.007533689 0.99653983 0.4321289
0.9455025 -0.31330073 -0.08834129 16.945557 0.31302172 0.9495529 -0.01735451 3.6497803 0.089325435 -0.011249548 0.99593997 0.4888916
0.9436073 -0.31716982 -0.09478521 17.619995 0.31717736 0.9482308 -0.01539644 3.8931885 0.09475986 -0.015545281 0.9953766 0.553833
0.9413415 -0.32187882 -0.10157569 18.306885 0.32218125 0.94660366 -0.013868447 4.1452637 0.100612715 -0.019668587 0.9947292 0.61938477
0.9395279 -0.32557714 -0.10601925 19.007446 0.3262901 0.94518065 -0.011038426 4.4020996 0.10380359 -0.024230208 0.99430263 0.6940918
0.93735445 -0.33121502 -0.108004734 19.719604 0.33197135 0.9432217 -0.011433429 4.6627197 0.105657324 -0.025137939 0.9940842 0.7705078
0.9354877 -0.33660242 -0.10764588 20.443726 0.337618 0.9412524 -0.009203315 4.9353027 0.10441739 -0.027729293 0.9941466 0.8565674
0.93333864 -0.34284812 -0.106619015 21.172363 0.34374455 0.9390242 -0.010428708 5.2095947 0.10369316 -0.02691358 0.9942444 0.9400635
0.93142015 -0.34877604 -0.10425147 21.910645 0.3497614 0.936822 -0.009265985 5.4936523 0.10089662 -0.027820313 0.9945089 1.0209961
0.929017 -0.35586023 -0.10142808 22.652466 0.3567215 0.9341573 -0.0101403445 5.7854004 0.098357216 -0.026770897 0.99478817 1.1051025
0.9252129 -0.3669797 -0.09642483 23.421387 0.3680831 0.9297616 -0.006726657 6.097046 0.09212192 -0.02926274 0.9953195 1.184082
0.9224023 -0.37510836 -0.092195086 24.174438 0.3762884 0.92650723 -0.0048856367 6.4141846 0.08725472 -0.030182239 0.9957289 1.2625732
0.9193592 -0.3830824 -0.089467525 24.935547 0.3845441 0.92309415 -0.0009741499 6.7404785 0.082959585 -0.033511613 0.99598914 1.3353271
0.9168552 -0.38938236 -0.08799768 25.701294 0.3909059 0.9204233 8.747354e-05 7.076172 0.0809617 -0.03448293 0.9961202 1.4091797
0.9122035 -0.400131 -0.08815679 26.477173 0.4016599 0.9157843 -0.00043090526 7.4261475 0.08090578 -0.03501717 0.9961065 1.4851074
0.9089836 -0.40759265 -0.087034516 27.246338 0.40917632 0.91243243 0.00039426563 7.783081 0.079255134 -0.03597734 0.9962049 1.5529785
0.90506136 -0.41647553 -0.08605718 28.04248 0.41811714 0.90838873 0.0011561504 8.154663 0.07768963 -0.037027266 0.9962898 1.623291
0.9013342 -0.4249867 -0.08316116 28.837646 0.42650345 0.9044489 0.00051988754 8.531738 0.074994355 -0.035946146 0.99653554 1.692627
0.8989358 -0.43093768 -0.07894707 29.631226 0.4323622 0.90171367 0.0010683821 8.922363 0.07073146 -0.03509348 0.9968782 1.7619629
0.89471805 -0.44039768 -0.074251294 30.445923 0.44179386 0.8971024 0.0026856 9.327637 0.06543063 -0.035202056 0.997237 1.8225098
0.89220977 -0.44626167 -0.06938982 31.265747 0.4474988 0.8942803 0.0025914903 9.74231 0.06090021 -0.033353206 0.997588 1.8856201
0.8879002 -0.4551403 -0.06685853 32.09143 0.45631438 0.88980913 0.0025956011 10.170654 0.058308918 -0.032814387 0.997759 1.9483643
0.8854948 -0.45990124 -0.06576315 32.91687 0.4610447 0.8873366 0.002511633 10.610352 0.057197507 -0.032547347 0.9978322 2.0079346
0.88260883 -0.46583 -0.06347506 33.75586 0.46691945 0.88431 0.0026641595 11.057861 0.054890186 -0.03198689 0.99797994 2.0587158
0.8792361 -0.47229922 -0.06213779 34.609985 0.4732538 0.8809161 0.000739175 11.520508 0.054390345 -0.030054457 0.9980678 2.1137695
0.8770987 -0.476436 -0.060725093 35.4657 0.47732833 0.8787145 0.0002132284 11.986206 0.053258963 -0.029176474 0.9981542 2.1699219
0.8755942 -0.47919443 -0.061430685 36.328857 0.48004344 0.87728214 -0.0010675199 12.470215 0.0544018 -0.028551582 0.9981106 2.2287598
0.8736915 -0.48263603 -0.06167905 37.203613 0.48346362 0.87540764 -0.0017013273 12.963013 0.05481728 -0.028326783 0.99809486 2.28125
0.8746676 -0.48095906 -0.06065436 38.090088 0.48177883 0.87631744 -0.0012588953 13.460693 0.053757064 -0.028120542 0.99815774 2.3381348
0.87377924 -0.48273286 -0.0593462 38.98584 0.48355347 0.87533945 -0.0006058677 13.965942 0.05224094 -0.028165516 0.99823725 2.401245
0.87349546 -0.48340598 -0.057540465 39.899048 0.4841093 0.87499785 -0.0019391531 14.479858 0.05128853 -0.02616503 0.99834114 2.4509277
0.8729732 -0.48426637 -0.057656404 40.818237 0.48487458 0.8745302 -0.0038691657 14.991211 0.052295856 -0.024587907 0.9983285 2.5047607
0.8714713 -0.48719522 -0.05680448 41.753174 0.48772886 0.87300867 -0.0050006276 15.520752 0.052024394 -0.023345357 0.9983727 2.5654297
0.8711381 -0.48800245 -0.054823603 42.68579 0.48845685 0.87258863 -0.0056967596 16.046875 0.050614942 -0.021811571 0.99848 2.6260986
0.868677 -0.49264017 -0.05101843 43.617188 0.49304548 0.86992884 -0.005188767 16.587646 0.04693914 -0.020652525 0.9986843 2.6799316
0.8665533 -0.4969865 -0.045869548 44.552856 0.4973338 0.86755645 -0.004307802 17.118408 0.041935746 -0.019075137 0.9989385 2.737671
0.8628556 -0.5036346 -0.042813454 45.473877 0.5038078 0.8637844 -0.007427954 17.653564 0.040725008 -0.015164621 0.9990551 2.8006592
0.8573863 -0.51277333 -0.043750152 46.394287 0.5128779 0.85838485 -0.00965744 18.21167 0.04250728 -0.0141584575 0.99899596 2.8548584
0.8523023 -0.52101624 -0.04548005 47.307007 0.52105004 0.8534099 -0.012050559 18.764404 0.045090213 -0.013435791 0.99889195 2.9119873
0.8458992 -0.53144497 -0.045193534 48.217285 0.5314683 0.8469991 -0.012491816 19.341919 0.04491858 -0.013452916 0.99889994 2.9627686
0.84009886 -0.5408548 -0.041707177 49.126465 0.5409949 0.8409969 -0.008820761 19.935913 0.03984822 -0.015149417 0.9990911 3.0184326
0.83594936 -0.54756755 -0.038633242 50.020996 0.5477503 0.8366963 -0.006628815 20.529053 0.035951015 -0.015622513 0.999231 3.0716553
0.83154523 -0.5539601 -0.0404857 50.91504 0.55423504 0.83233184 -0.0051170574 21.136108 0.036530025 -0.018188529 0.9991666 3.1187744
0.82795316 -0.55908144 -0.04425759 51.798584 0.55932575 0.82893395 -0.00781044 21.740479 0.04105393 -0.01829175 0.99898916 3.1707764
0.82515657 -0.56259966 -0.05174181 52.682617 0.5629448 0.8264928 -0.009022668 22.353516 0.047841426 -0.021677025 0.99861985 3.227295
0.8214639 -0.56785256 -0.053107087 53.56543 0.5681957 0.82288224 -0.009854339 22.978516 0.04930027 -0.022071242 0.9985407 3.2844238
0.8190366 -0.57163167 -0.049503133 54.444824 0.57196337 0.82025516 -0.008583198 23.594727 0.045510408 -0.021282095 0.9987372 3.3486328
0.8152038 -0.5776087 -0.043773036 55.329834 0.57791525 0.8161352 -0.006578166 24.231201 0.039522074 -0.019935867 0.9990195 3.3984375
0.8132245 -0.58047354 -0.041830916 56.19507 0.58080167 0.8140497 -0.005066419 24.86731 0.036995463 -0.02017375 0.999112 3.4592285
0.8099373 -0.5850094 -0.04224195 57.079346 0.58538914 0.81075394 -0.004018977 25.502808 0.036603786 -0.021471225 0.9990996 3.5
0.80578524 -0.5905519 -0.04388741 57.95166 0.59093773 0.8066815 -0.004976855 26.154175 0.038343087 -0.021924326 0.99902433 3.5463867
0.8012745 -0.5964729 -0.045201495 58.819824 0.5968017 0.8022697 -0.0073110485 26.802734 0.040627792 -0.021114575 0.99895185 3.6032715
0.79799783 -0.6008348 -0.045686103 59.685303 0.6011208 0.79904205 -0.0087382225 27.457764 0.04175337 -0.020499153 0.9989173 3.6524658
0.7934121 -0.6071103 -0.04391682 60.55786 0.60737574 0.7943783 -0.008561896 28.133667 0.0400818 -0.019887676 0.9989981 3.703247
0.7890543 -0.6127852 -0.042839784 61.421875 0.6130285 0.7899784 -0.008741987 28.805664 0.039203733 -0.019357733 0.99904424 3.7548828
0.7839296 -0.6193033 -0.04320669 62.279297 0.6195026 0.7848954 -0.01022219 29.494629 0.04024732 -0.018756092 0.9990137 3.812378
0.7785824 -0.62591374 -0.043728117 63.134033 0.6260999 0.77958244 -0.011000742 30.183594 0.04097679 -0.018819334 0.9989827 3.866211
0.77366716 -0.6320386 -0.044012804 63.99121 0.63218373 0.7747017 -0.012308144 30.877197 0.041875713 -0.01830094 0.99895525 3.916504
0.7677148 -0.6392764 -0.04392792 64.841064 0.63936585 0.76877195 -0.01382678 31.59607 0.042607456 -0.017472906 0.9989389 3.9719238
0.7621563 -0.6458452 -0.0443822 65.68945 0.6458504 0.76327175 -0.016141586 32.30493 0.044306204 -0.016357277 0.99888456 4.029175
0.755425 -0.6539234 -0.043356583 66.534424 0.6538845 0.75650984 -0.01704138 33.041626 0.043938275 -0.015470573 0.99891436 4.081909
0.74966216 -0.6604698 -0.041410606 67.377686 0.66034275 0.7506852 -0.018626533 33.785034 0.04339065 -0.013377463 0.99896896 4.1384277
0.744202 -0.6668348 -0.03930225 68.210205 0.6666737 0.7451416 -0.018991183 34.53308 0.04194537 -0.012070068 0.9990466 4.1954346
0.73699707 -0.67471427 -0.03944067 69.04321 0.6745312 0.73795336 -0.019786669 35.300903 0.042458285 -0.012018342 0.99902624 4.252075
0.7312633 -0.68092954 -0.039872617 69.868164 0.68066484 0.7322655 -0.02198106 36.077515 0.04416309 -0.01105921 0.9989634 4.3112793
0.7260265 -0.68655056 -0.040872753 70.68848 0.6863097 0.7270745 -0.021879414 36.855347 0.044735506 -0.0121669015 0.99892443 4.359497
0.71992326 -0.69288313 -0.0395699 71.51099 0.692643 0.7209138 -0.021722099 37.656982 0.04357426 -0.011771258 0.99898064 4.4177246
0.71553016 -0.69731647 -0.04011558 72.3291 0.6971328 0.7165329 -0.02071545 38.463623 0.043190762 -0.013143273 0.9989805 4.4803467
0.7095804 -0.7033929 -0.04108803 73.14575 0.70322514 0.7106293 -0.020860791 39.285034 0.04386578 -0.014090784 0.99893785 4.5369873
0.7060981 -0.70675296 -0.04321613 73.95801 0.70650876 0.707279 -0.023308361 40.111084 0.047041286 -0.014073745 0.99879384 4.597534
0.70111877 -0.7116821 -0.044683594 74.7749 0.7113637 0.70240337 -0.02545034 40.93091 0.04949355 -0.013947307 0.9986765 4.6585693
0.6952254 -0.717486 -0.04555611 75.57715 0.71719784 0.6965531 -0.025310457 41.776733 0.049888737 -0.015066121 0.99864125 4.720337
0.6907456 -0.72189695 -0.043528344 76.38965 0.7215867 0.6919763 -0.025328755 42.637695 0.048399266 -0.013913932 0.99873066 4.783081
0.6875267 -0.7249224 -0.042048242 77.20215 0.72453964 0.68870324 -0.026538651 43.489502 0.04819492 -0.012225129 0.99876267 4.850464
0.6809808 -0.7310787 -0.041421894 78.00586 0.73067904 0.6821353 -0.026947415 44.358643 0.04796131 -0.0119183995 0.99877805 4.9160156
0.6778842 -0.7340295 -0.04063993 78.811035 0.73360807 0.6790074 -0.027318012 45.229126 0.04764521 -0.011298013 0.9988001 4.975586
0.6718297 -0.7396754 -0.03948897 79.608154 0.7391882 0.6729157 -0.028635757 46.112427 0.047747392 -0.009948415 0.99880993 5.041748
0.6695305 -0.74195236 -0.037771426 80.40527 0.74143004 0.6705413 -0.029099016 47.004883 0.04691684 -0.00852266 0.9988624 5.1014404
0.66615546 -0.7450127 -0.036090143 81.2063 0.74430144 0.6671144 -0.032916065 47.894043 0.04859499 -0.0049347267 0.9988063 5.1673584
0.66109043 -0.74941105 -0.035987105 82.00391 0.74848634 0.6620654 -0.037282795 48.803223 0.05176906 -0.0022912864 0.9986565 5.238159
0.65588444 -0.75418586 -0.033616994 82.79321 0.7530598 0.6567439 -0.041223377 49.715088 0.05316462 0.0017112773 0.99858356 5.289551
0.6506978 -0.7587632 -0.02969608 83.58569 0.7574328 0.65133643 -0.04548045 50.63379 0.0538415 0.007105382 0.99852437 5.3743896
0.64120066 -0.7669237 -0.024669748 84.36963 0.76542723 0.641545 -0.049606707 51.547363 0.053867526 0.0129253445 0.9984646 5.449463
0.6346984 -0.7724597 -0.021110069 85.15381 0.7709721 0.63485444 -0.050425664 52.487793 0.05236015 0.01572522 0.99850434 5.52063
0.6247077 -0.78062445 -0.0198584 85.92261 0.7792333 0.6248404 -0.048982188 53.458496 0.05063794 0.015127857 0.9986027 5.5892334
0.6152272 -0.78820163 -0.017558219 86.68701 0.78680754 0.61524826 -0.049768947 54.426514 0.05003584 0.016796686 0.9986058 5.6643066
0.6078698 -0.79388106 -0.019229779 87.43628 0.79243267 0.6079796 -0.050322577 55.40503 0.051648736 0.015353964 0.9985475 5.7269287
0.5965437 -0.8023738 -0.018951941 88.170654 0.8007748 0.5966132 -0.053290598 56.402344 0.054063365 0.01661918 0.9983996 5.8032227
0.5864202 -0.8098688 -0.018747794 88.90796 0.8082088 0.58647925 -0.054474425 57.40454 0.05511274 0.016793106 0.998339 5.87146
0.5776259 -0.8160804 -0.014957981 89.63208 0.8144056 0.57746726 -0.0560092 58.41626 0.05435794 0.02016547 0.99831784 5.947998
0.5666987 -0.8238532 -0.012277647 90.342285 0.82222134 0.56641364 -0.05619166 59.443848 0.05326462 0.021742297 0.9983434 6.0251465
0.5557834 -0.8313448 -0.011385762 91.041504 0.8296954 0.55545926 -0.056817845 60.48706 0.05356005 0.022125006 0.9983191 6.0942383
0.5465221 -0.83733904 -0.012093191 91.73047 0.8356293 0.546238 -0.0575978 61.544434 0.05483235 0.021372285 0.99826676 6.1749268
0.5346149 -0.8450903 -0.012567043 92.39917 0.84333295 0.5343695 -0.058196798 62.6084 0.05588967 0.0205022 0.99822557 6.249634
0.5249104 -0.8509823 -0.013804214 93.06079 0.849154 0.5247394 -0.058980305 63.690186 0.057437994 0.019235976 0.99816376 6.3320312
0.513931 -0.8577345 -0.0142930895 93.710205 0.85588807 0.5138096 -0.059098374 64.778076 0.058035064 0.018133933 0.9981495 6.411255
0.5072678 -0.86170965 -0.013864886 94.35718 0.86000776 0.5071777 -0.056694005 65.86572 0.055881314 0.016839318 0.9982956 6.4890137
0.49895084 -0.8664506 -0.00927706 94.991455 0.86484236 0.498629 -0.056501273 66.97754 0.053589214 0.020179454 0.99836 6.572632
0.4896854 -0.871817 -0.009263399 95.61279 0.8702293 0.48938963 -0.05604764 68.0979 0.053396408 0.019377852 0.9983851 6.649536
0.48349717 -0.8754017 -0.009005412 96.23584 0.873706 0.48315915 -0.058082223 69.21753 0.055183135 0.020201717 0.9982711 6.7264404
0.47681376 -0.8787883 -0.0071998197 96.851074 0.87691957 0.47630593 -0.061788756 70.33447 0.057739403 0.02315124 0.9980635 6.8060303
0.46977505 -0.88275415 -0.0069753313 97.45459 0.88068473 0.46918988 -0.06517663 71.47754 0.06079713 0.0244648 0.9978496 6.888916
0.46548077 -0.88515025 -0.0066497284 98.04443 0.882927 0.46482143 -0.067735665 72.6084 0.06303173 0.02564943 0.9976812 6.97876
0.4612779 -0.8870732 -0.00471824 98.637695 0.8848962 0.46050557 -0.0677689 73.74048 0.06230437 0.027096426 0.9976902 7.0688477
0.45789537 -0.88895994 -0.0008031414 99.22827 0.8869762 0.456933 -0.06636592 74.879395 0.059369665 0.029684428 0.9977953 7.1572266
0.45455703 -0.89061606 0.006115408 99.81201 0.888912 0.45323884 -0.06532268 76.02173 0.0554098 0.03513272 0.9978457 7.2490234
0.4502922 -0.8929594 0.00751624 100.38745 0.89135 0.4489388 -0.064371474 77.154785 0.05410671 0.03567664 0.9978972 7.3309326
0.44856307 -0.89385855 0.009229479 100.95459 0.89236957 0.44716322 -0.06322716 78.28955 0.052380227 0.036589853 0.9979564 7.412842
0.446069 -0.8949001 0.011241275 101.51611 0.89351875 0.44459507 -0.062532514 79.413574 0.05095893 0.037942704 0.9979801 7.4941406
0.44204247 -0.89688015 0.0125083225 102.06445 0.89563364 0.44058073 -0.060673118 80.53516 0.048921235 0.03803751 0.9980789 7.574951
0.4415369 -0.89704245 0.015492283 102.623535 0.89585286 0.4398832 -0.061900742 81.653564 0.0487035 0.04121031 0.9979629 7.651001
0.43901747 -0.89812875 0.017976016 103.163574 0.89705044 0.43725678 -0.06168121 82.766846 0.047528487 0.04321921 0.99793535 7.7215576
0.4364981 -0.8995736 0.021171015 103.69531 0.89865255 0.43460995 -0.061231423 83.87378 0.045872882 0.04574839 0.997899 7.797119
0.43501428 -0.9002502 0.025300728 104.23877 0.8995406 0.43296123 -0.060816348 84.9707 0.04379345 0.049211614 0.99782765 7.8670654
0.43245032 -0.90115166 0.026768163 104.75659 0.9004932 0.43031538 -0.061196223 86.05054 0.043651897 0.05058379 0.9977657 7.9396973
0.4314068 -0.9015706 0.027479915 105.26367 0.90089035 0.42917734 -0.0624771 87.12378 0.044531234 0.051733144 0.99766904 8.011475
0.43140644 -0.9017068 0.027757848 105.77295 0.9010185 0.4291403 -0.06293058 88.187744 0.044836402 0.052150186 0.99763155 8.081909
0.43188176 -0.90153694 0.02622588 106.26416 0.90073794 0.42964825 -0.06367922 89.233154 0.046110578 0.05112911 0.99762774 8.150635
0.4344318 -0.9003622 0.02373028 106.757324 0.89944726 0.43231565 -0.063582726 90.28467 0.046984702 0.048950367 0.99769455 8.219116
0.4375272 -0.8987815 0.021534283 107.247314 0.89779854 0.43553925 -0.06298956 91.308105 0.04724233 0.0469144 0.99778235 8.290161
0.4446702 -0.8955483 0.01927571 107.74463 0.89440894 0.44271827 -0.0643627 92.32764 0.049111128 0.045865215 0.99774 8.356323
0.44974807 -0.8929121 0.017736781 108.2439 0.89177233 0.44791922 -0.0631684 93.34473 0.048466742 0.044227794 0.9978451 8.430786
0.45658672 -0.8895108 0.017007582 108.74414 0.88840073 0.4548286 -0.062164444 94.346436 0.04756271 0.043484416 0.9979208 8.500244
0.46587083 -0.8848017 0.015433929 109.2605 0.88366574 0.46419758 -0.061655194 95.34448 0.04738785 0.042347092 0.99797773 8.560303
0.47387692 -0.8804948 0.014603159 109.788086 0.8793924 0.47227952 -0.06054056 96.34326 0.046404704 0.041533623 0.9980592 8.622925
0.4832932 -0.87545943 0.01370081 110.309326 0.8744044 0.4817858 -0.059061497 97.319336 0.045104124 0.040526275 0.9981601 8.687622
0.4942959 -0.8691421 0.01193792 110.85449 0.86797655 0.49280423 -0.060330357 98.289795 0.046560105 0.040184677 0.9981069 8.749756
0.50344646 -0.8639251 0.007885825 111.39819 0.86258626 0.50211054 -0.06096239 99.24121 0.048711833 0.03748512 0.9981086 8.8125
0.5134791 -0.8581298 0.0041739405 111.95068 0.8566602 0.51230204 -0.06118804 100.18359 0.050373785 0.0349887 0.99811697 8.878662
0.52843755 -0.84895766 0.0020067338 112.52002 0.8475378 0.5274139 -0.059113055 101.12842 0.0491239 0.032941137 0.9982496 8.939697
0.53923905 -0.84234697 0.0010687774 113.098145 0.8410059 0.5383082 -0.057107057 102.051025 0.047514264 0.03168894 0.99836755 9.005371
0.5524747 -0.8336084 0.00075079687 113.69556 0.8323907 0.5516186 -0.05452421 102.9751 0.045043014 0.03074054 0.9985115 9.066528
0.5630054 -0.82638764 0.00064174645 114.29614 0.8252321 0.5621764 -0.05332107 103.8645 0.04370076 0.030558411 0.9985777 9.1258545
0.57404613 -0.8188435 0.00041021034 114.91138 0.8176261 0.5731653 -0.054799307 104.73779 0.044635486 0.031791203 0.9984973 9.186523
0.5876041 -0.809029 -0.0010091017 115.526855 0.80777806 0.58676416 -0.054875657 105.61133 0.044986438 0.031433564 0.99849325 9.246338
0.59659576 -0.80251324 -0.00078381883 116.15698 0.801189 0.5956672 -0.056838363 106.46045 0.046086725 0.033276502 0.99838275 9.3029785
0.6078821 -0.79397374 -0.0015068797 116.79419 0.79269886 0.6070116 -0.055532303 107.296875 0.04499899 0.032564774 0.99845636 9.369873
0.6196797 -0.78482586 -0.0013319476 117.434814 0.78364193 0.618836 -0.05388331 108.123535 0.043117706 0.032352444 0.99854636 9.425171
0.626942 -0.7790121 0.0013420369 118.07739 0.7780264 0.6260598 -0.05140737 108.93335 0.039205227 0.03328048 0.99867725 9.479004
0.63821507 -0.7697918 0.000618677 118.73389 0.76886964 0.6374105 -0.049451288 109.72705 0.037679058 0.032040402 0.9987763 9.538818
0.6474327 -0.76208997 -0.0022036228 119.371826 0.76114166 0.6467657 -0.048088185 110.4917 0.038075846 0.029460868 0.99884075 9.588623
0.65713364 -0.75389576 -0.005057717 120.024414 0.7529023 0.6565852 -0.04734921 111.25928 0.03901728 0.027308054 0.99886537 9.637451
0.66832525 -0.7437774 -0.005995343 120.69287 0.74281526 0.66783243 -0.04608917 112.009766 0.038291335 0.026346495 0.99891907 9.689941
0.67526644 -0.737513 -0.0054239957 121.35254 0.7366444 0.67479575 -0.04411573 112.73828 0.036190663 0.02579585 0.99901205 9.741211
0.6842748 -0.7290844 -0.004120921 122.01904 0.7283036 0.68378365 -0.04275461 113.46094 0.03398768 0.026258355 0.99907756 9.779663
0.69314444 -0.7208633 -0.0030310766 122.69946 0.7201374 0.69262403 -0.042141248 114.16797 0.0324771 0.027024062 0.9991069 9.831909
0.7005249 -0.7135498 -0.004587915 123.35547 0.7128134 0.70006806 -0.04137149 114.85132 0.032733075 0.025711674 0.9991334 9.880005
0.7082122 -0.7060647 -0.005170291 124.038574 0.70536965 0.70780647 -0.039779283 115.53418 0.03174081 0.024525292 0.99919516 9.920532
0.7143647 -0.699637 -0.0039407676 124.70752 0.6990612 0.7139849 -0.036932606 116.198 0.028652903 0.023631373 0.99931026 9.957397
0.72153556 -0.69225335 -0.003272368 125.38501 0.69178367 0.72120535 -0.03372789 116.86206 0.02571068 0.022073343 0.9994257 9.99939
0.7296761 -0.68373233 -0.002805028 126.05884 0.6833009 0.72935015 -0.032760527 117.50659 0.024448399 0.02198646 0.99945927 10.031372
0.73663044 -0.67627513 -0.0027695398 126.721924 0.6758843 0.73633265 -0.031217681 118.12085 0.023153754 0.021122415 0.9995087 10.076904
0.74453366 -0.6675574 -0.0038473383 127.38452 0.6672076 0.74430823 -0.02859163 118.73657 0.02195027 0.018722458 0.99958384 10.098877
0.75354576 -0.65748495 -0.0022944752 128.0647 0.6572244 0.75333697 -0.02573669 119.336914 0.018647028 0.017884333 0.99966615 10.130859
0.76204723 -0.64751583 -0.0017748044 128.7334 0.6473271 0.7618861 -0.022202956 119.90576 0.015728444 0.015767982 0.99975187 10.15979
0.7725361 -0.63490546 -0.0020521223 129.41602 0.63474596 0.77240705 -0.020156337 120.4668 0.014383439 0.014271109 0.99979484 10.190552
0.7819707 -0.6232791 -0.0029494683 130.07642 0.62311816 0.781861 -0.01951306 121.01074 0.01446833 0.013421189 0.99980533 10.212891
0.79166585 -0.6110404 -0.0052725347 130.74927 0.61085594 0.7915927 -0.019213526 121.541504 0.015911607 0.011988701 0.9998015 10.235107
0.8019302 -0.5974013 -0.0054994198 131.44531 0.5972363 0.801873 -0.017862154 122.06299 0.015078782 0.011038262 0.99982536 10.259399
0.81180024 -0.58402026 -0.0044986396 132.12793 0.58388853 0.81174296 -0.016342986 122.56006 0.013195626 0.010640889 0.9998563 10.27832
0.8211321 -0.5707601 -0.0024889489 132.84155 0.5706724 0.8210692 -0.014481027 123.05493 0.010308913 0.010470684 0.99989206 10.296387
0.8302218 -0.5573907 -0.0002947707 133.5293 0.55734223 0.83015656 -0.012744093 123.54126 0.0073492858 0.010415937 0.9999187 10.323242
0.8393451 -0.54341346 0.002011696 134.24194 0.5433998 0.8392831 -0.011093775 124.00513 0.0043427614 0.010404329 0.99993634 10.3342285
0.84834605 -0.52937835 0.004111787 134.9834 0.529392 0.8482936 -0.009562885 124.45776 0.0015748153 0.010290253 0.99994576 10.34436
0.8536702 -0.52062565 0.00596903 135.6958 0.5206597 0.8536058 -0.0105026625 124.9043 0.0003741337 0.012075036 0.999927 10.362549
0.8607124 -0.5091493 0.005841315 136.42578 0.5091828 0.8606543 -0.0100081945 125.34253 6.7519024e-05 0.011588079 0.99993277 10.368774
0.8678301 -0.4969321 0.0059134266 137.17407 0.4969659 0.867794 -0.008018766 125.76709 -0.0011479352 0.009897024 0.9999503 10.381226
0.87402606 -0.4859594 0.006280632 137.9065 0.48599443 0.8740051 -0.0064970544 126.19263 -0.0023327647 0.0087304115 0.9999591 10.385986
0.8801369 -0.47465563 0.006004711 138.66504 0.47468638 0.88012284 -0.005624822 126.60742 -0.0026150732 0.007800542 0.9999661 10.385376
0.8859766 -0.46363267 0.0065900427 139.42236 0.46366906 0.88596255 -0.0058887126 127.01465 -0.0031082523 0.008273045 0.9999609 10.394043
0.8905368 -0.45485935 0.0060345866 140.18896 0.4548933 0.8905153 -0.006627704 127.406494 -0.0023598266 0.008647125 0.99995977 10.402222
0.89505994 -0.4459274 0.0054497463 140.97754 0.44595745 0.8950335 -0.0070800562 127.79614 -0.0017206182 0.008766819 0.99996 10.409424
0.8979999 -0.44005492 0.0059689437 141.74463 0.4400885 0.89797926 -0.006562329 128.19385 -0.0024724836 0.008519448 0.9999606 10.413208
0.900552 -0.43464306 0.009248247 142.552 0.4346963 0.9005613 -0.0047504758 128.5835 -0.0062631024 0.008298627 0.9999459 10.414429
0.90386677 -0.42772025 0.011573678 143.35962 0.4277551 0.90392417 -0.0005964092 128.97656 -0.010206335 0.005488912 0.99993277 10.413086
0.9067502 -0.42136115 0.0138057135 144.18799 0.4213663 0.906849 0.0026760572 129.37085 -0.013647704 0.0033912049 0.99990106 10.409912
0.9100619 -0.41420493 0.015301995 145.0271 0.41417935 0.9101887 0.004957468 129.7522 -0.015980799 0.0018261382 0.99987054 10.40332
0.91239226 -0.4089779 0.016835837 145.86377 0.40891317 0.9125476 0.00728159 130.14331 -0.018340966 0.00024167355 0.9998317 10.388306
0.9161626 -0.40026513 0.020066105 146.74341 0.4001807 0.91638243 0.008235838 130.52075 -0.02168448 0.00048704445 0.99976456 10.375122
0.91922927 -0.39307672 0.022159927 147.61987 0.39297712 0.9194961 0.008864909 130.89136 -0.023861138 0.00056025386 0.99971503 10.362427
0.9227749 -0.38457802 0.023731908 148.52466 0.38447487 0.9230797 0.008948421 131.2688 -0.0253477 0.00086903473 0.9996784 10.343384
0.92646205 -0.37563914 0.023903979 149.41211 0.37554586 0.92676973 0.008447349 131.64575 -0.025326181 0.0011522588 0.9996787 10.315063
0.93010324 -0.3665426 0.024583079 150.35864 0.3665205 0.93042016 0.0055600214 131.99902 -0.024909837 0.0038375377 0.9996825 10.307251
0.93416524 -0.35605288 0.023829827 151.29419 0.3560574 0.9344579 0.004200035 132.36865 -0.023762798 0.004561722 0.99970734 10.280273
0.93850744 -0.34453362 0.02225596 152.2539 0.3445486 0.93876 0.0032761507 132.72095 -0.022022163 0.0045924303 0.9997471 10.267212
0.943228 -0.33156726 0.020529596 153.22827 0.33152983 0.9434496 0.0052965386 133.08301 -0.021124844 0.0018079884 0.9997754 10.2508545
0.94872314 -0.31540984 0.021193376 154.21997 0.31527942 0.9489572 0.009320344 133.43433 -0.02305115 -0.0021622104 0.9997321 10.226929
0.9545015 -0.29736808 0.022744944 155.22437 0.29711992 0.95475155 0.013681349 133.75415 -0.025784248 -0.0063021514 0.99964786 10.20166
0.9603453 -0.27775794 0.024121547 156.26147 0.27741116 0.9606021 0.016765196 134.0586 -0.027827758 -0.00940839 0.9995686 10.178955
0.96632814 -0.25597334 0.02520733 157.2937 0.255556 0.9665876 0.018640311 134.36084 -0.029138042 -0.011568382 0.9995086 10.161987
0.9715602 -0.23528361 0.02655246 158.35449 0.23480037 0.9718322 0.020094465 134.62793 -0.03053172 -0.013286555 0.9994454 10.127686
0.9765644 -0.2131527 0.029509045 159.44312 0.21257623 0.9768991 0.02149945 134.87622 -0.03341104 -0.014721619 0.9993333 10.11145
0.9808987 -0.19163093 0.03340662 160.53638 0.19091333 0.98132557 0.023523185 135.09863 -0.037289552 -0.016695794 0.99916506 10.069336
0.98498356 -0.16848758 0.0376265 161.66724 0.16760175 0.9855204 0.025592204 135.30493 -0.04139509 -0.018901933 0.9989642 10.043945
0.9884589 -0.14574008 0.041442294 162.78394 0.14471331 0.9891146 0.026808463 135.48901 -0.044896603 -0.02050427 0.99878174 9.998047
0.99145967 -0.12338945 0.042269662 163.93237 0.12224986 0.9920899 0.028573044 135.64233 -0.045460407 -0.023162495 0.99869776 9.954102
0.99407 -0.10126563 0.03959373 165.09912 0.10017018 0.99455357 0.02874522 135.77441 -0.042289358 -0.024608653 0.9988024 9.917236
0.99598527 -0.080370724 0.039454356 166.24902 0.07922459 0.9964131 0.02979841 135.88086 -0.041706998 -0.026553186 0.99877656 9.865356
0.99729574 -0.06037976 0.04188126 167.44922 0.059228778 0.99784553 0.028202413 135.95825 -0.043493856 -0.02564491 0.9987244 9.826904
0.9982731 -0.038265362 0.044585463 168.67065 0.037028503 0.99891514 0.028245928 136.01514 -0.04561778 -0.026546761 0.99860626 9.781494
0.99879026 -0.017471617 0.045964025 169.88501 0.016178181 0.9994668 0.028359415 136.0564 -0.04643502 -0.027581532 0.9985402 9.735474
0.99888575 0.0021741653 0.047144946 171.09131 -0.003588037 0.9995456 0.029928736 136.07642 -0.047058467 -0.030064536 0.9984396 9.687378
0.998625 0.022012891 0.047572665 172.36133 -0.023502879 0.9992435 0.030983353 136.06152 -0.046854623 -0.032058854 0.9983866 9.632568
0.9978778 0.043972604 0.048016146 173.60083 -0.04557876 0.998419 0.032891005 136.01636 -0.04649396 -0.03501018 0.998305 9.577881
0.9969576 0.06229363 0.046842374 174.86938 -0.06392267 0.9973711 0.03412256 135.95825 -0.044593543 -0.03701335 0.9983192 9.53418
0.9954579 0.0835991 0.045566916 176.1399 -0.085207395 0.9957641 0.03458618 135.85889 -0.04248392 -0.038311303 0.9983627 9.486328
0.9938435 0.10164373 0.04403834 177.41675 -0.1032779 0.9939775 0.03657935 135.74658 -0.040054772 -0.040902846 0.9983602 9.438477
0.9916691 0.12134971 0.04312999 178.72876 -0.122972816 0.9917091 0.037212763 135.59766 -0.038256425 -0.0422078 0.99837637 9.386353
0.98896015 0.14250249 0.04072359 180.03394 -0.1440519 0.988843 0.038036168 135.43188 -0.034850333 -0.043481924 0.998446 9.349609
0.9864737 0.15993121 0.03595825 181.36157 -0.16129787 0.98613495 0.03901078 135.23999 -0.029221356 -0.04428175 0.9985919 9.3133545
0.983484 0.17845874 0.030337324 182.69775 -0.1796339 0.98284847 0.04182872 135.01685 -0.022353236 -0.04658762 0.99866396 9.285034
0.98023736 0.19605705 0.026182232 184.02222 -0.19708106 0.9793486 0.04499478 134.7688 -0.016818749 -0.0492664 0.998644 9.258911
0.9767468 0.21314682 0.023050534 185.34009 -0.21401563 0.97573894 0.046125848 134.50024 -0.012658833 -0.049987074 0.99866956 9.250122
0.9724862 0.23198737 0.02134117 186.6914 -0.23277779 0.9713009 0.04891414 134.19946 -0.009383443 -0.05253574 0.9985754 9.24292
0.9685555 0.24789359 0.021651251 188.05273 -0.24867874 0.9673729 0.048669435 133.86963 -0.008883238 -0.05252218 0.9985805 9.240601
0.96354043 0.26672494 0.021025788 189.41333 -0.26744798 0.9623816 0.047830757 133.49829 -0.0074766083 -0.05171077 0.9986341 9.239014
0.95897186 0.28297836 0.017835464 190.7378 -0.2835193 0.9577635 0.048256755 133.12354 -0.003430321 -0.051333897 0.998676 9.243652
0.95400405 0.2994999 0.014729217 192.08667 -0.29986078 0.95270824 0.04971862 132.72852 0.00085362536 -0.051847488 0.9986549 9.24646
0.9485193 0.3163349 0.015638676 193.43848 -0.31671712 0.9470914 0.052056562 132.29224 0.0016551369 -0.054330863 0.99852186 9.254883
0.94239867 0.33413228 0.016115556 194.823 -0.33450612 0.9408137 0.054724365 131.82031 0.0031207947 -0.05696192 0.9983716 9.271851
0.9360315 0.35159847 0.014826932 196.16113 -0.3518402 0.9341675 0.059468705 131.33081 0.00705719 -0.060881488 0.9981203 9.28186
0.9290935 0.36958057 0.0121617615 197.50562 -0.36962864 0.9272664 0.059197623 130.83008 0.010604076 -0.05949687 0.99817234 9.305664
0.9221264 0.38674322 0.010508769 198.88403 -0.38664675 0.92026234 0.060168847 130.2688 0.013595964 -0.059545998 0.9981334 9.326538
0.91471267 0.40395358 0.0060068686 200.23145 -0.40354645 0.9128865 0.060845934 129.68213 0.019102573 -0.05808139 0.99812907 9.362427
0.9058848 0.42353946 0.002467461 201.56177 -0.42280683 0.9039428 0.06435084 129.0957 0.025021784 -0.05933805 0.99792457 9.405762
0.8959086 0.44421047 0.0007647807 202.90308 -0.4432473 0.89384925 0.067380786 128.4685 0.029253257 -0.06070779 0.9977266 9.45459
0.8836498 0.4680743 0.0018323287 204.23828 -0.46703833 0.88141966 0.07005606 127.7854 0.031184621 -0.06276192 0.997541 9.506226
0.868956 0.49493977 0.00272315 205.58008 -0.49376163 0.8664805 0.073952846 127.06421 0.034236085 -0.06560695 0.9972585 9.564697
0.85601676 0.5169926 0.003592206 206.8833 -0.5156452 0.8532406 0.078412145 126.33423 0.03747119 -0.06897283 0.9969142 9.62561
0.8402611 0.54225206 0.0035972148 208.14478 -0.5407135 0.8373376 0.08114532 125.55835 0.040978506 -0.07013069 0.9966964 9.694336
0.8254351 0.56463885 0.004028872 209.41846 -0.56296176 0.8223887 0.08323759 124.75415 0.04366659 -0.07097587 0.99652255 9.77478
0.80873835 0.58820057 0.0038196743 210.67944 -0.586382 0.8056928 0.08406547 123.86719 0.046365663 -0.07022259 0.99645287 9.84729
0.79122627 0.6116329 0.0014575338 211.91357 -0.60947883 0.7882353 0.085758194 122.95044 0.051298987 -0.06873737 0.9963141 9.934814
0.77554053 0.63130516 -0.0013645974 213.1145 -0.62875456 0.7725976 0.08813865 122.045166 0.056706794 -0.067492485 0.9961058 10.0303955
0.7589877 0.65113264 -0.0030603176 214.27954 -0.6482972 0.7561041 0.08979133 121.068115 0.0607778 -0.06616894 0.9959559 10.1258545
0.7430832 0.66930836 -0.0045205797 215.43628 -0.6662472 0.740296 0.09079378 120.08374 0.06410339 -0.06446424 0.99586 10.236084
0.72708625 0.6866167 -0.0047819847 216.58325 -0.68347037 0.7243866 0.090856686 119.04443 0.06582876 -0.06279821 0.995854 10.344971
0.710592 0.7036509 -0.0054013873 217.72266 -0.7003458 0.707958 0.09168381 117.976074 0.06832932 -0.06136702 0.99577373 10.458618
0.69606084 0.717946 -0.006916386 218.8042 -0.71449786 0.69360197 0.09167928 116.906006 0.07061429 -0.058868717 0.9957648 10.578735
0.68131393 0.7318907 -0.009467796 219.85498 -0.72813064 0.67902 0.093255065 115.81055 0.07470091 -0.05663878 0.99559546 10.697144
0.6688052 0.7434176 -0.011409306 220.91602 -0.7393638 0.6666214 0.09516336 114.69995 0.078342415 -0.055191558 0.9953954 10.829102
0.65122324 0.7587207 -0.012357703 221.94336 -0.7543452 0.64906204 0.09788533 113.54492 0.08230391 -0.05441959 0.9951199 10.9552
0.63581955 0.7716983 -0.011670122 222.94165 -0.7673152 0.6336883 0.09791656 112.375 0.08296439 -0.05330627 0.99512625 11.099121
0.6194831 0.78501016 -0.009886097 223.94995 -0.7806059 0.6172518 0.098730184 111.18652 0.08361506 -0.053432636 0.995063 11.241455
0.6027134 0.79791063 -0.0052849073 224.9043 -0.7936729 0.6001698 0.09916602 109.97217 0.08229248 -0.05557243 0.99505764 11.387085
0.5840628 0.81181103 0.00070034526 225.82593 -0.8077932 0.58108515 0.09988137 108.743164 0.08066837 -0.058905438 0.9949992 11.523193
0.5673622 0.823398 0.0044017998 226.72314 -0.8194467 0.56410044 0.10099805 107.53003 0.080687255 -0.060904406 0.9948764 11.666748
0.54885596 0.8360169 0.006963136 227.57593 -0.83183885 0.54523873 0.10473955 106.29639 0.083769895 -0.06327967 0.9944738 11.814941
0.5302458 0.84772617 0.010167792 228.39014 -0.8434021 0.5262454 0.10790713 105.0542 0.08613419 -0.06580813 0.99410933 11.960083
0.5108047 0.859783 0.01301549 229.18555 -0.85555154 0.5066575 0.10792305 103.786865 0.08616356 -0.06625699 0.99407524 12.116089
0.49078822 0.87111884 0.015896877 229.93115 -0.86711526 0.48659143 0.10635348 102.525635 0.084924884 -0.065978706 0.9942001 12.261719
0.47041827 0.8821532 0.019912492 230.6311 -0.8785165 0.46613067 0.10399086 101.27832 0.08247316 -0.066419244 0.994378 12.402222
0.44886586 0.8932698 0.023779811 231.31763 -0.88994414 0.44447717 0.10206849 99.99194 0.080604136 -0.06698581 0.9944936 12.54834
0.42574215 0.90455294 0.024756493 231.969 -0.9013097 0.42146787 0.100452475 98.69629 0.08041276 -0.065069266 0.99463475 12.688843
0.40643024 0.91326994 0.027369149 232.55957 -0.9100605 0.4019756 0.10100617 97.43701 0.08123903 -0.065956645 0.99450976 12.821655
0.38299188 0.9233816 0.027377697 233.12085 -0.92015654 0.37869424 0.09985642 96.13208 0.081816874 -0.0634416 0.99462694 12.955322
0.36127242 0.9321615 0.026023794 233.6543 -0.9287953 0.35719502 0.099346206 94.85425 0.08330001 -0.060048617 0.99471265 13.099976
0.34036374 0.93980813 0.02620071 234.13745 -0.93643737 0.33639547 0.09849046 93.579834 0.08376643 -0.058088463 0.99479336 13.225952
0.31685534 0.9481 0.025662303 234.59497 -0.94483864 0.31317857 0.09565376 92.28027 0.08263331 -0.054544408 0.9950851 13.365234
0.29871514 0.9541015 0.025391858 235.02124 -0.9507842 0.29513878 0.0953206 91.003174 0.08345225 -0.05261232 0.99512184 13.498535
0.2779333 0.9601379 0.027349718 235.4226 -0.95639884 0.27399057 0.100475 89.74219 0.08895676 -0.054094415 0.994566 13.633057
0.25737152 0.9658401 0.028761268 235.79419 -0.96125174 0.25289205 0.10934582 88.47363 0.09834556 -0.055800162 0.99358755 13.773315
0.23837194 0.97070456 0.031579122 236.13379 -0.96543145 0.2332823 0.11665125 87.22168 0.105856225 -0.05829134 0.9926712 13.920898
0.22113295 0.9745373 0.03766681 236.44385 -0.96907526 0.21522729 0.12086798 85.97925 0.1096444 -0.063187435 0.9919556 14.070557
0.19896019 0.9792248 0.04113064 236.74072 -0.9738274 0.19277522 0.121041186 84.72778 0.11062892 -0.06413291 0.991791 14.22937
0.18078682 0.9824711 0.046318054 236.99536 -0.97726536 0.17411065 0.12130558 83.4917 0.11110461 -0.06718482 0.9915341 14.386475
0.16056433 0.9857244 0.050848164 237.23071 -0.98080224 0.15356016 0.120281264 82.24658 0.11072978 -0.069185615 0.99143916 14.537598
0.1425979 0.9883813 0.05291061 237.42871 -0.9835952 0.13552524 0.1191735 81.01758 0.11064276 -0.06903393 0.99145997 14.694214
0.124444336 0.9907288 0.054793615 237.60889 -0.9860693 0.117328644 0.11804487 79.792725 0.11053251 -0.06873153 0.9914945 14.845703
