1 0 0 0 0 1 0 0 0 0 1 0
0.99993829 -0.0025696492 0.010807865 0.0076395434 0.0025576231 0.99999609 0.0011264042 -0.0081825737 -0.010810718 -0.0010986923 0.99994096 0.28934779
0.99984925 -0.0042796467 0.016827629 0.029126969 0.0042568645 0.99998997 0.0013894579 -0.012232734 -0.016833408 -0.0013176156 0.99985744 0.57661763
0.99977766 -0.0074212565 0.019736972 0.030603609 0.0074271149 0.99997239 -0.0002235133 -0.016897091 -0.01973477 0.00037005239 0.99980518 0.87757756
0.99980789 -0.0085889563 0.017618791 0.030795953 0.0086131014 0.99996207 -0.0012949633 -0.021390134 -0.017607002 0.001446467 0.99984394 1.188021
0.99987315 -0.011642833 0.010869004 0.025397241 0.011680072 0.99992611 -0.0033688667 -0.022196057 -0.010828979 0.0034953902 0.99993526 1.5051392
0.99992393 -0.012329986 -0.00031629272 0.013420569 0.012328464 0.99991418 -0.0044325533 -0.033058167 0.00037091892 0.0044283168 0.99999013 1.8417987
0.99978915 -0.011684462 -0.01688593 0.003517345 0.011605507 0.99992129 -0.0047662805 -0.039039355 0.016940294 0.0045693058 0.99984606 2.1455267
0.99932699 -0.0081668121 -0.035761352 -0.042904461 0.0079792336 0.99995367 -0.0053848837 -0.043391993 0.035803675 0.0050959115 0.99934585 2.4995804
0.99844649 -0.00422982 -0.055558149 -0.09313793 0.0038760855 0.99997154 -0.0064731433 -0.05273404 0.055583953 0.0062477391 0.99843447 2.8509807
0.99717257 -0.0039084755 -0.075043873 -0.12387687 0.0034197898 0.99997211 -0.0066393968 -0.055351263 0.075067736 0.0063639902 0.99715813 3.1989029
0.99533987 -0.004720435 -0.096313388 -0.17824549 0.0041617255 0.99997333 -0.0060010157 -0.059959512 0.096339155 0.0055722203 0.99533297 3.5834682
0.99329777 -0.0057219416 -0.11544178 -0.2378745 0.0051569163 0.99997322 -0.0051925329 -0.069258873 0.11546841 0.0045624077 0.99330068 3.9755759
0.99112996 -0.0051393844 -0.13279679 -0.31799671 0.0045532061 0.99997851 -0.0047173974 -0.077550535 0.13281819 0.0040709027 0.99113206 4.3756643
0.98880135 -0.0039016344 -0.14918667 -0.39271967 0.0033249169 0.99998601 -0.0041149633 -0.084192093 0.14920065 0.003572848 0.98880049 4.7804661
0.98672095 -0.0032232465 -0.16239265 -0.47342354 0.0025713264 0.99998777 -0.0042244867 -0.091166569 0.1624043 0.003750825 0.98671717 5.1980075
0.98455669 -0.0044052726 -0.17501062 -0.56575902 0.0035787425 0.99998091 -0.0050380592 -0.098402067 0.17502948 0.0043339369 0.98455365 5.6370807
0.98281505 -0.0074828615 -0.18444126 -0.65455457 0.0063000916 0.99995567 -0.0069979207 -0.11093653 0.18448547 0.0057156649 0.98281862 6.075301
0.98135168 -0.0068714572 -0.19209804 -0.75548679 0.0052880231 0.9999477 -0.00875432 -0.12126489 0.19214816 0.0075752477 0.98133669 6.5427002
0.9797273 -0.006644218 -0.20022556 -0.86130314 0.0046195538 0.99993339 -0.010577434 -0.12509352 0.20028252 0.0094380483 0.97969273 7.0067556
0.9780534 -0.0072857135 -0.20822695 -0.97179699 0.0046306859 0.99990169 -0.013235268 -0.13266534 0.20830292 0.011980565 0.97799098 7.4637509
0.97635018 -0.011036991 -0.2159132 -1.0936384 0.0079799158 0.99985527 -0.015025492 -0.14433674 0.21604781 0.012947173 0.97629694 7.9847994
0.97448445 -0.016639547 -0.2238374 -1.2076864 0.013362977 0.99978036 -0.016145112 -0.16102088 0.22405691 0.012742027 0.97449276 8.5005719
0.97262185 -0.01759202 -0.23172669 -1.3335388 0.013674378 0.99973531 -0.01850182 -0.18908407 0.23199086 0.014826557 0.97260497 9.01141
0.97045468 -0.013900892 -0.24088269 -1.487317 0.0086744515 0.99970369 -0.0227439 -0.19190164 0.24112749 0.019982399 0.97028771 9.5431844
0.96825136 -0.010842304 -0.24974335 -1.6439331 0.0045255918 0.99965551 -0.025853175 -0.20485222 0.24993765 0.023902136 0.96796687 10.069682
0.96606968 -0.01371719 -0.25791704 -1.804321 0.0066996476 0.99958357 -0.028067752 -0.23172626 0.25819466 0.025387451 0.96575929 10.637851
0.96360735 -0.01553062 -0.26687014 -1.9654993 0.0078909686 0.99952844 -0.029675486 -0.26131709 0.2672052 0.026489653 0.9632755 11.192953
0.96169614 -0.01540224 -0.27368468 -2.136807 0.0068170063 0.99945521 -0.032292494 -0.28386053 0.27403298 0.029189857 0.96127721 11.774363
0.95910581 -0.015088195 -0.28264533 -2.3294284 0.0050688543 0.99933365 -0.036146269 -0.30975053 0.2830024 0.033235409 0.9585432 12.36792
0.95712513 -0.015618057 -0.28925344 -2.5114415 0.0038960787 0.99914923 -0.041056504 -0.33929187 0.2896486 0.038169258 0.95637169 12.953517
0.95519429 -0.016876335 -0.29549796 -2.7123157 0.002775773 0.99883999 -0.0480726 -0.37758798 0.2959665 0.045098438 0.9541331 13.572885
0.95388865 -0.016950621 -0.29968168 -2.920944 8.4599938e-05 0.99841934 -0.056203398 -0.41294221 0.30016069 0.053586431 0.95238231 14.197753
0.9528048 -0.01737334 -0.30308609 -3.1303956 -0.002502248 0.99787782 -0.06506608 -0.46041411 0.30357333 0.06275367 0.9507393 14.820798
0.95107762 -0.016161526 -0.30852901 -3.3530505 -0.0070391634 0.99723808 -0.073936902 -0.50557408 0.30887184 0.072491521 0.94833706 15.442146
0.94999367 -0.015880224 -0.31186509 -3.5781224 -0.0099877621 0.9966499 -0.081173989 -0.56337064 0.3121094 0.080229612 0.94665249 16.086076
0.94832453 -0.014288616 -0.31698015 -3.8173091 -0.014198076 0.9960741 -0.087377403 -0.6252532 0.31698424 0.087362644 0.94439863 16.772789
0.94664765 -0.013110984 -0.32200359 -4.066349 -0.017935603 0.99548012 -0.093261131 -0.69687141 0.32177095 0.094060761 0.94213377 17.428439
0.94521749 -0.011379216 -0.32624286 -4.3106988 -0.022004361 0.99489825 -0.09845447 -0.77280838 0.32569881 0.10023965 0.94014483 18.100817
0.94352106 -0.0085050897 -0.33120334 -4.5701142 -0.026876418 0.99441096 -0.10210047 -0.85049451 0.33022064 0.10523551 0.9380191 18.795738
0.94132868 -0.0079124287 -0.33739844 -4.8402315 -0.028659972 0.9942397 -0.10327642 -0.92773711 0.33627212 0.10688688 0.93567957 19.46626
0.93929492 -0.0072924758 -0.34303333 -5.1219656 -0.029724025 0.99428595 -0.10252773 -1.0159721 0.34182093 0.10650011 0.93371098 20.197558
0.93722307 -0.0072422759 -0.34865521 -5.3983826 -0.029995134 0.99440507 -0.10128598 -1.1010833 0.34743808 0.10538552 0.93176214 20.929042
0.93456336 -0.0070906085 -0.35572607 -5.6838665 -0.030247406 0.9945986 -0.099291075 -1.1840086 0.35450872 0.10355359 0.92930094 21.649486
0.93202079 -0.0068350457 -0.36234033 -5.9476857 -0.029978764 0.99494133 -0.095880297 -1.2679482 0.36116274 0.10022495 0.9271011 22.325396
0.92823848 -0.0034512206 -0.37196962 -6.3005429 -0.032707165 0.99532693 -0.090854566 -1.3558411 0.37054497 0.096500778 0.92378787 23.168499
0.92472797 -0.0019079088 -0.38062386 -6.6135035 -0.032940318 0.99583456 -0.0850204 -1.4341392 0.37920063 0.091158614 0.92081323 23.8844
0.92154581 0.00015006556 -0.3882696 -6.9434438 -0.034286062 0.99612488 -0.080991894 -1.5043254 0.38675289 0.087949977 0.91797986 24.62265
0.91750293 0.0018584152 -0.39772466 -7.2866438 -0.036356976 0.99619423 -0.079216327 -1.5836497 0.39606383 0.08714128 0.91407869 25.37164
0.91304524 0.0031954717 -0.40784576 -7.6366799 -0.038554975 0.99616765 -0.078508129 -1.6636064 0.40603192 0.087405958 0.90966933 26.150853
0.91001128 0.0022582849 -0.41457731 -7.9955363 -0.037720325 0.99628861 -0.077370408 -1.7286711 0.41286396 0.086045936 0.90671906 26.896498
0.90593181 0.0033741929 -0.42341016 -8.3778324 -0.03913718 0.99635481 -0.075798182 -1.8054203 0.42161103 0.085239065 0.90276157 27.681063
0.90188564 0.0031660421 -0.43196326 -8.7773923 -0.038695907 0.99654509 -0.07348814 -1.8832122 0.43023823 0.08299311 0.89889222 28.467647
0.89797339 0.0039477164 -0.44003202 -9.1684 -0.038313814 0.99686376 -0.069243705 -1.9528316 0.43837866 0.079038311 0.89530839 29.233831
0.89452859 0.005420344 -0.44697785 -9.5861277 -0.03789029 0.99724724 -0.06373587 -2.0168265 0.445402 0.07394968 0.89227155 30.053035
0.89085089 0.0048577393 -0.45426983 -9.9879859 -0.03570213 0.99759881 -0.059346218 -2.0832604 0.4528908 0.069087032 0.88888522 30.845209
0.88712336 0.0039026736 -0.46151586 -10.4272 -0.034298799 0.99775663 -0.057491729 -2.1479702 0.46025618 0.066831696 0.88526707 31.662005
0.88384519 0.004390648 -0.46775889 -10.865874 -0.034840427 0.99779643 -0.056466203 -2.2136277 0.46648027 0.066204303 0.88205055 32.483425
0.88108106 0.0040385525 -0.47294803 -11.330589 -0.033908181 0.99792977 -0.054647996 -2.2662644 0.47174826 0.064186122 0.87939396 33.285147
0.87788299 0.0026134692 -0.47886805 -11.7991 -0.03190138 0.99808291 -0.05303594 -2.3308945 0.47781145 0.061835901 0.87628338 34.146819
0.87537555 0.00148986 -0.48344122 -12.283192 -0.030935201 0.99811847 -0.052938927 -2.3882636 0.48245278 0.061296795 0.87377459 34.970203
0.87273014 0.00075754838 -0.48820232 -12.738729 -0.030813022 0.99809052 -0.053533847 -2.4514368 0.4872296 0.061763592 0.87108702 35.804905
0.87238882 0.0012126729 -0.48881106 -13.25482 -0.031566321 0.99804938 -0.053860885 -2.5115825 0.4877923 0.062417602 0.87072541 36.688916
0.87187194 0.0023998216 -0.48972802 -13.73985 -0.03248091 0.99806955 -0.052935511 -2.5759266 0.48865563 0.0620598 0.87026679 37.551708
0.87158327 0.0017942215 -0.49024418 -14.282681 -0.031005199 0.99819315 -0.051469516 -2.6368471 0.48926608 0.060060089 0.87006408 38.449611
0.8712279 0.00086584725 -0.49087796 -14.784443 -0.029631929 0.99826758 -0.050830992 -2.7047198 0.48998358 0.05883104 0.86974423 39.365336
0.87100098 -0.0013464699 -0.4912794 -15.293888 -0.027459663 0.99829953 -0.051419969 -2.764307 0.49051328 0.058277211 0.8694829 40.236429
0.8693324 -0.0021936895 -0.49422297 -15.821681 -0.027102167 0.99827386 -0.052103391 -2.8299384 0.49348422 0.058689681 0.86777236 41.168613
0.86793299 -0.0030072349 -0.49667218 -16.350611 -0.025224094 0.99842441 -0.050124245 -2.8943007 0.49604041 0.056032592 0.86648963 42.048366
0.86552253 -0.0023336905 -0.50086453 -16.903956 -0.024281344 0.99861789 -0.046612432 -2.9575368 0.50028111 0.052505775 0.86426962 42.987476
0.86210346 -0.0033345456 -0.5067213 -17.435091 -0.020872515 0.99889601 -0.042084536 -3.0185777 0.50630226 0.046857773 0.86108211 43.879524
0.85869379 -0.0053148076 -0.51246142 -17.980156 -0.017633264 0.99904776 -0.039908018 -3.0799188 0.51218558 0.043305136 0.85778239 44.789449
0.85271309 -0.0075635688 -0.52232475 -18.543328 -0.017146625 0.99895111 -0.042457849 -3.1429277 0.52209807 0.045160471 0.851689 45.682495
0.84845911 -0.009581725 -0.52917418 -19.115428 -0.017255495 0.99880378 -0.045752127 -3.2062594 0.5289796 0.047949972 0.84727883 46.563745
0.84198606 -0.0097891768 -0.53941043 -19.682238 -0.017549131 0.9988093 -0.045519407 -3.2666482 0.5392138 0.047792892 0.84081172 47.462685
0.83638787 -0.0062651628 -0.54810222 -20.302756 -0.018819272 0.99901694 -0.040137063 -3.3266914 0.54781492 0.043885038 0.83544775 48.363522
0.83136725 -0.0048309889 -0.55570237 -20.887765 -0.017728948 0.99922265 -0.035210394 -3.3837095 0.55544055 0.039124787 0.83063534 49.230121
0.82715107 -0.0040617034 -0.56196493 -21.523266 -0.019835659 0.99913979 -0.036417388 -3.4380006 0.56162949 0.041269626 0.82635898 50.116606
0.82444273 -0.0057825733 -0.56591582 -22.134743 -0.021301186 0.99892221 -0.041239257 -3.4928584 0.5655444 0.046054084 0.82343098 50.983062
0.82124921 -0.0075040707 -0.57052029 -22.739263 -0.024176654 0.99855779 -0.047935726 -3.5647211 0.57005724 0.053160449 0.81988337 51.850501
0.81828194 -0.0073088086 -0.57477058 -23.358705 -0.02617723 0.99840794 -0.049963457 -3.6286539 0.57422073 0.055930097 0.81678786 52.706168
0.81534962 -0.0066463621 -0.57893074 -23.980594 -0.024587628 0.9986345 -0.046093248 -3.6907626 0.57844661 0.051816646 0.81407284 53.560422
0.8120047 -0.0048529255 -0.58363069 -24.637185 -0.022856646 0.99893395 -0.04010662 -3.7511731 0.58320319 0.045906605 0.81102814 54.445427
0.80959939 -0.0043628199 -0.58696658 -25.271411 -0.021539699 0.99907807 -0.037135544 -3.8121373 0.58658751 0.042707997 0.80875902 55.32273
0.80661501 -0.0021852584 -0.59107311 -25.900796 -0.024992172 0.99897278 -0.037799171 -3.8683269 0.59054859 0.04526158 0.80573183 56.162139
0.80288653 -0.0035065921 -0.59612155 -26.558234 -0.024824806 0.99891859 -0.03931128 -3.9254916 0.59561479 0.046361099 0.80193123 57.016626
0.7993496 -0.0053259965 -0.60084259 -27.228582 -0.024920406 0.99880647 -0.042007267 -3.9933021 0.60034924 0.048551734 0.79826283 57.88451
0.79547252 -0.0068726928 -0.60595066 -27.873047 -0.023815582 0.99880863 -0.042592815 -4.0419258 0.60552152 0.048312481 0.79436114 58.692251
0.79067896 -0.0073596319 -0.61218672 -28.528228 -0.022888682 0.99887336 -0.041570549 -4.1031254 0.611803 0.046881106 0.7896197 59.563528
0.7865242 -0.007405942 -0.61751503 -29.205389 -0.022576267 0.99891488 -0.04073534 -4.1622887 0.61714669 0.045980515 0.78550353 60.390852
0.78119034 -0.0086959065 -0.62423233 -29.897294 -0.022042528 0.99889532 -0.041500108 -4.2284271 0.62390369 0.046179142 0.7801357 61.253066
0.77520487 -0.0080908429 -0.63165807 -30.602233 -0.024163871 0.99880639 -0.042448812 -4.2922407 0.63124762 0.04816983 0.77408407 62.059562
0.77066818 -0.010274968 -0.63715379 -31.284527 -0.022476448 0.99880953 -0.043293499 -4.3514234 0.63684017 0.047685877 0.76951978 62.888232
0.76472411 -0.010383935 -0.64427415 -32.011048 -0.023697323 0.99874052 -0.044224605 -4.4169989 0.64392198 0.049087194 0.76351488 63.740894
0.76021996 -0.013565249 -0.6495241 -32.695568 -0.0211745 0.99873344 -0.045641638 -4.4789228 0.64932063 0.048451033 0.75896986 64.569861
0.75268666 -0.013527913 -0.65823989 -33.455074 -0.021714312 0.99873488 -0.045355607 -4.5472662 0.65802076 0.048431787 0.75144067 65.411467
0.74659989 -0.013888569 -0.66512832 -34.184843 -0.020482693 0.99882821 -0.043848185 -4.607694 0.66495797 0.04636067 0.74544055 66.195451
0.73974055 -0.016439371 -0.67269133 -34.876448 -0.01676355 0.99894101 -0.042846752 -4.6653615 0.67268339 0.042972175 0.73868159 67.025769
0.73380851 -0.014323573 -0.67920531 -35.704279 -0.020777761 0.9988368 -0.043512334 -4.7389615 0.67903858 0.046042087 0.73265734 67.812217
0.72707128 -0.019290491 -0.68629089 -36.494362 -0.016235161 0.9988426 -0.045275674 -4.8031627 0.68637002 0.044060686 0.72591659 68.625477
0.72133816 -0.019501046 -0.6923084 -37.215719 -0.016599601 0.99882956 -0.045430831 -4.8586472 0.6923841 0.044263036 0.72017017 69.407265
0.7174299 -0.017323112 -0.69641526 -38.08211 -0.019098405 0.99882591 -0.044520189 -4.930676 0.69636889 0.045240535 0.71625673 70.220295
0.71184845 -0.017376211 -0.70211809 -38.834595 -0.019238442 0.99883636 -0.044224534 -4.9927105 0.70206959 0.044988824 0.71068582 70.997446
0.70719021 -0.01635815 -0.70683405 -39.650834 -0.021950747 0.99874239 -0.045075546 -5.0601533 0.70668254 0.047392521 0.70594177 71.786496
0.70193071 -0.01860279 -0.71200223 -40.484022 -0.021685988 0.99863718 -0.047471055 -5.1335406 0.71191505 0.048761863 0.70057068 72.617627
0.6966987 -0.021150143 -0.71705198 -41.316335 -0.021744561 0.99848334 -0.050578581 -5.202127 0.71703426 0.050830013 0.69518215 73.371271
0.6915056 -0.020862513 -0.72206974 -42.160639 -0.023335602 0.99841602 -0.05119473 -5.277643 0.72199411 0.052251375 0.68992343 74.200276
0.68654148 -0.020957582 -0.7267885 -43.023956 -0.021900763 0.99853489 -0.049481599 -5.3462809 0.72676075 0.049888394 0.68507664 74.970372
0.68203996 -0.020402603 -0.73103022 -43.850562 -0.022085119 0.99858021 -0.048474834 -5.4206151 0.73098138 0.049206664 0.68062102 75.731093
0.67553523 -0.023567853 -0.73695092 -44.743161 -0.018443331 0.99863618 -0.048842913 -5.4949419 0.73709703 0.046586939 0.67417926 76.502984
0.67295482 -0.023085329 -0.73932323 -45.58621 -0.019764687 0.99859477 -0.049171496 -5.5631461 0.73941951 0.047702688 0.67155289 77.285143
0.6688479 -0.024562383 -0.74299335 -46.519594 -0.017682296 0.9986456 -0.048931638 -5.6406807 0.74318898 0.045865652 0.6675077 78.110446
0.66380804 -0.025245799 -0.74747675 -47.385086 -0.016981961 0.99866367 -0.048810647 -5.7109026 0.7477102 0.045094521 0.66249225 78.87894
0.66048235 -0.027796959 -0.75032683 -48.267715 -0.01407046 0.99868079 -0.049383251 -5.78688 0.75070976 0.04317421 0.65921992 79.641954
0.65640728 -0.032681022 -0.75369847 -49.186352 -0.010835029 0.99854979 -0.052734377 -5.8681944 0.75432892 0.042781574 0.65510126 80.42565
0.65082265 -0.036551542 -0.7583494 -50.114277 -0.0073536597 0.99849013 -0.054437019 -5.9430627 0.75919421 0.041005488 0.6495712 81.202931
0.64586399 -0.039469442 -0.76243152 -50.994229 -0.0034255647 0.99850286 -0.05459218 -6.0237392 0.76344484 0.037870882 0.64476183 81.980493
0.63782202 -0.044839723 -0.76887738 -51.941561 0.0040655586 0.99848591 -0.054857549 -6.1055558 0.77017309 0.031863437 0.6370386 82.753812
0.62893673 -0.044585737 -0.77617694 -52.841533 0.0045537808 0.99854837 -0.053669431 -6.1894073 0.77744318 0.030220137 0.62822678 83.487713
0.61932072 -0.045250818 -0.78383299 -53.824737 0.0088484569 0.99867663 -0.050662453 -6.2618581 0.78508828 0.024440594 0.61890153 84.237007
0.61052647 -0.044060987 -0.79076925 -54.775864 0.0069214871 0.99871 -0.05030342 -6.3456897 0.79196564 0.02523827 0.61004386 84.968562
0.60213526 -0.044804716 -0.79713588 -55.758458 0.0044648946 0.99859747 -0.052755629 -6.4170371 0.79838164 0.028206897 0.6014908 85.691131
0.59254948 -0.04680625 -0.80417301 -56.760839 0.0052700245 0.99851432 -0.054234549 -6.5091131 0.80551685 0.027898642 0.59191581 86.428836
0.58260461 -0.048777306 -0.81129069 -57.754746 0.0056422638 0.99841617 -0.055976042 -6.5829281 0.81273618 0.028034384 0.58195708 87.146891
0.57154624 -0.049420934 -0.81908022 -58.775843 0.0083289883 0.99848265 -0.054433671 -6.672006 0.82052762 0.02428925 0.57109064 87.821205
0.56243302 -0.048936863 -0.82539338 -59.79548 0.0090423827 0.99855136 -0.053041662 -6.7493629 0.82679344 0.022368859 0.56206076 88.488874
0.55255988 -0.05048324 -0.83194289 -60.834679 0.010744419 0.99851247 -0.053454643 -6.8319054 0.83340398 0.020598148 0.55228034 89.187196
0.54320616 -0.051409972 -0.83802388 -61.874543 0.0098428439 0.99844493 -0.054871148 -6.9169161 0.83954169 0.021557807 0.54286746 89.856622
0.53260914 -0.051699548 -0.8447808 -62.953956 0.0081510338 0.99839964 -0.055961847 -7.0039383 0.84632212 0.022919954 0.53217817 90.51678
0.52319187 -0.052478539 -0.85059756 -64.007341 0.0069067793 0.99833054 -0.057344813 -7.0883819 0.85218696 0.02412745 0.52268088 91.14197
0.51235063 -0.051825378 -0.85721112 -65.061109 0.0050008535 0.99834053 -0.057368813 -7.182145 0.85876183 0.02510616 0.51175957 91.795508
0.50464574 -0.049914375 -0.86188234 -66.173317 0.0040450643 0.99845298 -0.05545517 -7.2654107 0.86331708 0.024498846 0.50406695 92.39693
0.49643355 -0.04926108 -0.86667584 -67.27048 0.0068009215 0.99857863 -0.052862736 -7.3486406 0.86804812 0.020348641 0.49606296 93.025987
0.48920006 -0.048345173 -0.87083063 -68.363173 0.0049373906 0.99860004 -0.052664799 -7.4395759 0.87215766 0.021463992 0.4887539 93.612273
0.48073493 -0.052232861 -0.87530886 -69.49523 0.0073607109 0.99842948 -0.055537285 -7.5261917 0.87683511 0.020255817 0.4803644 94.217632
0.47600395 -0.055732473 -0.87767537 -70.578881 0.010611323 0.99828127 -0.057635948 -7.6076176 0.87937916 0.018121642 0.47577723 94.816252
0.46807826 -0.058780701 -0.88172984 -71.703739 0.011606758 0.99810813 -0.060377478 -7.7005697 0.88361082 0.01802736 0.46787497 95.38911
0.46331702 -0.062219084 -0.88400569 -72.851897 0.013388913 0.99790988 -0.063218742 -7.801206 0.8860915 0.017454444 0.46318168 95.993105
0.45757249 -0.062941964 -0.88694175 -73.965474 0.015003475 0.99789597 -0.063075568 -7.9021247 0.88904577 0.015554436 0.45755409 96.581979
0.45458641 -0.060515159 -0.8886445 -75.120642 0.016666032 0.99809258 -0.05944287 -8.0028828 0.89054675 0.012211742 0.45472787 97.176846
0.45325111 -0.059030566 -0.88942608 -76.205236 0.02148612 0.99823841 -0.055303045 -8.0930034 0.89112392 0.0059558503 0.453721 97.720962
0.44659886 -0.058086876 -0.89284674 -77.325477 0.022137695 0.99830229 -0.053874411 -8.1864741 0.89446042 0.0042946811 0.44712657 98.264243
0.44567325 -0.0589781 -0.89325073 -78.434907 0.025078202 0.9982583 -0.053398998 -8.2756525 0.8948444 0.0013973819 0.44637609 98.817757
0.4435016 -0.05817322 -0.89438366 -79.602227 0.027189087 0.99830538 -0.051450218 -8.3674035 0.89586112 -0.0014992221 0.44433171 99.361164
0.44086392 -0.05802929 -0.89569612 -80.678772 0.029790422 0.99830413 -0.050014014 -8.4460823 0.89707949 -0.0046337921 0.44184499 99.889359
0.43808379 -0.057089 -0.89711948 -81.789517 0.028362373 0.99836231 -0.049681688 -8.5398483 0.89848663 -0.0036796956 0.43898553 100.48136
0.43452764 -0.057567664 -0.89881679 -82.846911 0.03112991 0.99831888 -0.048891031 -8.61623 0.90012039 -0.006735582 0.43558923 100.96606
0.43303611 -0.057376214 -0.89954857 -83.993085 0.03538123 0.99828489 -0.046641682 -8.7052805 0.90068194 -0.011629603 0.43432345 101.51807
0.43155992 -0.056529716 -0.90031126 -85.079377 0.03746486 0.99829664 -0.044723527 -8.781372 0.90130599 -0.014429154 0.4329427 102.02321
0.42988903 -0.058305709 -0.90099711 -86.139927 0.040720969 0.99814931 -0.045163636 -8.8631662 0.90196302 -0.017274125 0.43146771 102.52885
0.42801782 -0.059675764 -0.90179791 -87.167454 0.042305777 0.99804679 -0.045965486 -8.9411169 0.90277961 -0.018477215 0.42970645 103.02693
0.42775411 -0.060321199 -0.90188009 -88.251781 0.041569807 0.99802785 -0.047035722 -9.0251371 0.90293878 -0.017371259 0.42941806 103.52168
0.42757909 -0.060699086 -0.90193773 -89.289411 0.040315944 0.9980308 -0.048053543 -9.100341 0.90307852 -0.015815783 0.42918424 104.01539
0.43008348 -0.060582498 -0.90075407 -90.335194 0.038112196 0.99807478 -0.048930601 -9.1841594 0.90198433 -0.013285474 0.4315644 104.50117
0.43253457 -0.060762043 -0.89956753 -91.376411 0.037008163 0.9980822 -0.049621848 -9.2660292 0.90085754 -0.011828178 0.43395375 105.0056
0.43860581 -0.061651559 -0.8965623 -92.358359 0.036483374 0.99804317 -0.050781857 -9.3412817 0.89793874 -0.010436401 0.43999679 105.47731
0.44480106 -0.060845723 -0.89356015 -93.366843 0.033676721 0.99812036 -0.051201829 -9.424749 0.89499607 -0.007317549 0.44601408 105.9911
0.45213718 -0.05959941 -0.88995495 -94.364134 0.032785674 0.99820132 -0.050191965 -9.4984834 0.89134569 -0.0064841206 0.45327793 106.46636
0.46004705 -0.060007666 -0.8858644 -95.350842 0.034520196 0.99816805 -0.049687991 -9.5790826 0.88722327 -0.0077214001 0.46127574 106.98219
0.46899229 -0.058552503 -0.88125919 -96.34466 0.031950475 0.99827169 -0.049323491 -9.6536059 0.88262419 -0.0050243135 0.47005251 107.4636
0.47885708 -0.057920502 -0.87598005 -97.299651 0.030916119 0.99831483 -0.049108989 -9.7249841 0.87734837 -0.0035657172 0.4798408 108.03371
0.48792832 -0.057941509 -0.87095848 -98.287973 0.028884812 0.99831977 -0.050232517 -9.7991308 0.87240569 -0.00064760463 0.48878212 108.55435
0.49941807 -0.060032649 -0.86427866 -99.22917 0.028423853 0.99819468 -0.052909887 -9.8818819 0.86589476 0.0018580234 0.50022283 109.07954
0.51078813 -0.059714941 -0.8576302 -100.18344 0.025484124 0.99819808 -0.054324523 -9.9554311 0.85932887 0.0058923664 0.51138951 109.61291
0.5220779 -0.057832327 -0.8509348 -101.07267 0.022838272 0.99828864 -0.053834911 -10.028622 0.85259201 0.0086721366 0.52250523 110.19542
0.5352116 -0.056637496 -0.84281711 -102.03994 0.023456969 0.99836142 -0.052194301 -10.11097 0.84439231 0.00816506 0.53566316 110.73154
0.54680747 -0.054574751 -0.83547779 -102.9275 0.022493255 0.99847072 -0.050500219 -10.180164 0.83695621 0.0088212822 0.54719881 111.33167
0.55882352 -0.053544318 -0.82755617 -103.81955 0.02238039 0.99852367 -0.049493415 -10.255934 0.82898459 0.0091370544 0.55919686 111.92487
0.5708084 -0.053759608 -0.81932144 -104.68414 0.022135279 0.99849913 -0.050095014 -10.323042 0.8207849 0.010458746 0.57114168 112.5213
0.580897 -0.054611409 -0.81214298 -105.53684 0.022043864 0.99843631 -0.051371249 -10.40124 0.81367856 0.011938635 0.5811925 113.1476
0.59248335 -0.056158603 -0.80362282 -106.36905 0.023761325 0.9983514 -0.052248182 -10.469834 0.80523222 0.011861035 0.59284099 113.74471
0.60329878 -0.055026398 -0.79561462 -107.17732 0.023230504 0.99840604 -0.051436654 -10.54799 0.79717688 0.012549142 0.60361544 114.371
0.61397976 -0.053628351 -0.78749781 -108.02289 0.023052473 0.99848198 -0.050023239 -10.621811 0.7889851 0.012559484 0.61428399 115.01378
0.62314827 -0.051983134 -0.78037423 -108.79035 0.024185712 0.99859231 -0.04720642 -10.690484 0.78172971 0.010542692 0.62352832 115.64941
0.6333779 -0.050569437 -0.77218852 -109.59909 0.023374765 0.99865741 -0.04622768 -10.756702 0.77348957 0.011229865 0.63370958 116.29002
0.64309642 -0.049117766 -0.76420834 -110.35739 0.020493489 0.99868734 -0.046942698 -10.8258 0.76551098 0.014527385 0.64325885 116.90706
0.65263184 -0.047973955 -0.75615483 -111.12223 0.017614622 0.9986844 -0.048158097 -10.888168 0.75747043 0.018110126 0.65261828 117.56332
0.66150324 -0.047131007 -0.7484598 -111.86543 0.017066678 0.99871084 -0.04780562 -10.959806 0.74974811 0.01884985 0.66145483 118.22681
0.67084258 -0.045929959 -0.74017607 -112.58701 0.017832277 0.99879073 -0.04581581 -11.02514 0.74138538 0.017536172 0.67085039 118.88782
0.67925764 -0.04523195 -0.73250466 -113.29857 0.019074436 0.99884983 -0.043990803 -11.086285 0.73365201 0.015908976 0.67933915 119.52574
0.68888859 -0.044227953 -0.72351666 -114.00705 0.018921891 0.99889392 -0.043045255 -11.149134 0.72462025 0.015963081 0.68896351 120.17612
0.69623475 -0.043389897 -0.71650153 -114.67913 0.018112365 0.99891551 -0.042892279 -11.21082 0.71758564 0.016885558 0.69626559 120.82886
0.70399587 -0.042097736 -0.70895526 -115.35958 0.017317291 0.99896238 -0.042122199 -11.276284 0.70999294 0.01737667 0.7039944 121.47904
0.71176552 -0.039542777 -0.7013032 -116.05095 0.016503614 0.99907998 -0.039583014 -11.328299 0.70222327 0.016599787 0.71176328 122.16892
0.7177537 -0.036655552 -0.69533155 -116.68914 0.015134901 0.99919874 -0.037051463 -11.381284 0.69613261 0.01607005 0.71773337 122.83425
0.72546784 -0.035848474 -0.68732181 -117.32044 0.015457551 0.99923936 -0.035801643 -11.437838 0.6880825 0.015348629 0.72547015 123.48451
0.73306721 -0.033908987 -0.67931039 -117.94521 0.013346732 0.99928133 -0.035477988 -11.492606 0.68002527 0.016941175 0.73299295 124.15219
0.74059327 -0.031225851 -0.67122762 -118.54566 0.011004717 0.99934933 -0.034348279 -11.54088 0.67186349 0.018051434 0.74045502 124.80817
0.74978055 -0.029005649 -0.6610505 -119.13362 0.010882552 0.99944418 -0.031510454 -11.58844 0.66159711 0.016432009 0.74967946 125.4695
0.75840256 -0.025098165 -0.651303 -119.70749 0.0085381197 0.99955516 -0.028576053 -11.628562 0.65173053 0.016111249 0.75827949 126.14089
0.76860963 -0.022698372 -0.63931525 -120.26748 0.006997435 0.99960884 -0.027077718 -11.679551 0.63967985 0.016338628 0.76846781 126.79242
0.77880265 -0.021843104 -0.62688857 -120.79699 0.0051793412 0.99958337 -0.02839471 -11.714768 0.62724767 0.018867006 0.77859131 127.46131
0.78811136 -0.022632136 -0.61511644 -121.30982 0.0054441454 0.99954102 -0.029801114 -11.765221 0.61550863 0.020137813 0.78787285 128.1316
0.79807909 -0.021897057 -0.60215468 -121.83368 0.0050516009 0.99954749 -0.029652799 -11.803465 0.60253156 0.020623434 0.79782857 128.81017
0.80794743 -0.020840612 -0.58888589 -122.34538 0.0053011469 0.999591 -0.028102286 -11.841989 0.58923076 0.019583399 0.80772745 129.50553
0.81811275 -0.018875058 -0.57474797 -122.81722 0.0051233845 0.99966076 -0.025536669 -11.877607 0.57503505 0.01794722 0.81793191 130.18719
0.82717566 -0.017609598 -0.56166744 -123.30308 0.0056974673 0.99972031 -0.022952847 -11.917557 0.56191458 0.015785954 0.82704464 130.8914
0.83586213 -0.016211253 -0.54869998 -123.76026 0.0056831009 0.99976582 -0.02088057 -11.947738 0.54891003 0.01433496 0.83575852 131.58441
0.84418806 -0.015252434 -0.53583006 -124.219 0.0063505461 0.99980953 -0.018454497 -11.981489 0.53600953 0.012176253 0.84412413 132.29888
0.85116728 -0.015503731 -0.52466549 -124.64621 0.007789308 0.99982671 -0.016907994 -12.011792 0.52483675 0.01030475 0.85114054 133.02295
0.85765016 -0.015585521 -0.51399735 -125.0805 0.0081598593 0.99982722 -0.016701495 -12.045616 0.51416889 0.010129893 0.85762915 133.72041
0.86414657 -0.014762155 -0.50302362 -125.51132 0.0076470065 0.99983944 -0.016205305 -12.068521 0.50318212 0.010157133 0.86412071 134.4605
0.87048009 -0.013269419 -0.4920247 -125.92752 0.0064285637 0.99985777 -0.015591891 -12.097541 0.49216166 0.010409419 0.87044159 135.20098
0.87680758 -0.012008271 -0.48069142 -126.34159 0.0054875524 0.99987291 -0.014968474 -12.119009 0.48081011 0.010486652 0.87676205 135.93263
0.88188872 -0.012476795 -0.47129247 -126.74614 0.006116924 0.99986842 -0.01502402 -12.149835 0.47141795 0.010366654 0.88184901 136.68774
0.88710037 -0.01377447 -0.46137097 -127.14241 0.0072335585 0.99984674 -0.015942632 -12.182292 0.4615199 0.01080536 0.88706406 137.4469
0.8916462 -0.014046479 -0.45251491 -127.52491 0.0074785381 0.99983918 -0.016300038 -12.212209 0.45267113 0.011149716 0.89160785 138.23224
0.89489191 -0.013517662 -0.44607815 -127.91895 0.0073029122 0.99985089 -0.015648221 -12.236267 0.4462232 0.010745797 0.89485719 138.98459
0.89773475 -0.011868654 -0.44037647 -128.30915 0.0068571577 0.99989238 -0.012969514 -12.26182 0.44048304 0.0086234523 0.89771952 139.7973
0.90120454 -0.0081346961 -0.43331764 -128.70517 0.0048038586 0.99994991 -0.0087811559 -12.281788 0.4333674 0.0058320207 0.90119848 140.59963
0.90377608 -0.0055629224 -0.42796943 -129.10596 0.003343232 0.99997678 -0.0059379484 -12.298784 0.42799256 0.0039357744 0.9037737 141.408
0.90718288 -0.0027859516 -0.42072728 -129.49611 0.0013259008 0.99999204 -0.0037627583 -12.317251 0.42073445 0.002855667 0.90717935 142.25898
0.9101972 -0.0010212763 -0.41417388 -129.8699 0.00029785266 0.99999832 -0.0018112442 -12.325124 0.41417507 0.0015252263 0.91019597 143.08865
0.91360143 0.00023976969 -0.40661081 -130.26987 0.00014698669 0.99999957 0.00091993797 -12.339849 0.40661089 -0.00090022337 0.913601 143.95147
0.91687546 0.00062138807 -0.39917288 -130.65217 0.00079256187 0.99999398 0.003377145 -12.355065 0.39917261 -0.003412791 0.91686945 144.82238
0.92010555 0.00015968552 -0.39167044 -131.02522 0.0014875097 0.99999128 0.0039021322 -12.368931 0.39166768 -0.0041729875 0.92009729 145.70318
0.9233236 -0.00072107881 -0.38402214 -131.40008 0.0024013823 0.99998953 0.003896081 -12.362423 0.38401534 -0.0045195279 0.92331566 146.60963
0.92736807 -0.0030676903 -0.37413772 -131.75882 0.0048077037 0.99998153 0.0037175532 -12.391228 0.37411944 -0.0052462838 0.9273657 147.52792
0.93134812 -0.0043853782 -0.3641036 -132.13764 0.0057521762 0.99997989 0.002669537 -12.39069 0.3640846 -0.0045806567 0.93135462 148.45072
0.93556446 -0.0055841818 -0.35311179 -132.50223 0.0062758202 0.99997998 0.00081380445 -12.410371 0.35310021 -0.002977433 0.93558078 149.38998
0.9405011 -0.0040523225 -0.33976646 -132.86987 0.0041428917 0.99999131 -0.00045882505 -12.419219 0.3397654 -0.00097609049 0.94050972 150.35667
0.94608835 -0.00062477878 -0.32390806 -133.2021 0.00092045936 0.99999929 0.00075965202 -12.432381 0.32390739 -0.0010168424 0.94608825 151.32688
0.95234323 0.0032367057 -0.30501129 -133.52361 -0.0022203925 0.99999077 0.0036788807 -12.438668 0.30502041 -0.0028263126 0.95234162 152.34277
0.95855322 0.0061590416 -0.28484695 -133.84567 -0.0048128292 0.9999737 0.0054258151 -12.449296 0.2848729 -0.0038300131 0.95855765 153.34745
0.96475964 0.0080933174 -0.26300823 -134.1336 -0.0066327659 0.99995726 0.0064406614 -12.463322 0.26304914 -0.0044692185 0.96477209 154.38053
0.96999919 0.0093100773 -0.2429298 -134.40758 -0.007662138 0.99994079 0.0077275774 -12.462146 0.24298738 -0.0056343825 0.97001309 155.42531
0.97537909 0.0099201945 -0.22031164 -134.65159 -0.0079097928 0.99991866 0.01000556 -12.476055 0.220393 -0.0080165952 0.97537822 156.49775
0.98013584 0.012131929 -0.19795594 -134.88265 -0.0096190766 0.99986056 0.013650696 -12.476927 0.19809396 -0.011475383 0.98011586 157.61727
0.98432686 0.013878223 -0.1758068 -135.08632 -0.010930868 0.9997832 0.017722111 -12.48202 0.17601465 -0.015522629 0.98426515 158.70293
0.98812769 0.015548889 -0.15284597 -135.27121 -0.012480621 0.99970129 0.021013292 -12.467988 0.15312706 -0.018856204 0.98802659 159.84688
0.99123198 0.017143833 -0.13101621 -135.43865 -0.014536446 0.99967731 0.020831864 -12.464907 0.13133108 -0.0187447 0.99116133 160.99204
0.99381795 0.016658442 -0.10976509 -135.57011 -0.014653384 0.99971118 0.019048278 -12.452818 0.11005071 -0.017322091 0.99377502 162.13759
0.99605813 0.017063982 -0.087046071 -135.68518 -0.015546236 0.99971559 0.018084392 -12.444099 0.087329914 -0.016659867 0.99604013 163.29385
0.9976396 0.015680785 -0.066853091 -135.77562 -0.014378531 0.99969825 0.019916249 -12.444569 0.067145226 -0.01890799 0.99756404 164.46697
0.99876595 0.01592752 -0.047041434 -135.84446 -0.014922265 0.99965437 0.021644022 -12.435773 0.047369914 -0.020915348 0.99865842 165.65233
0.99952678 0.016615122 -0.025887384 -135.86333 -0.016029493 0.99961454 0.022667858 -12.431785 0.026254037 -0.02224217 0.99940783 166.86403
0.99982143 0.017776514 -0.0064105624 -135.90587 -0.01762323 0.99957495 0.023223522 -12.422207 0.0068206715 -0.023106401 0.99970974 168.06523
0.99972763 0.018055133 0.014788066 -135.8848 -0.018400798 0.99955255 0.023581896 -12.407233 -0.014355676 -0.023847586 0.99961253 169.31957
0.99920392 0.02009857 0.034461105 -135.86621 -0.020903578 0.99951319 0.023160892 -12.394684 -0.033978831 -0.023862815 0.99913763 170.53449
0.99825741 0.021485251 0.054959318 -135.81834 -0.022725681 0.99949865 0.022045367 -12.382482 -0.054458118 -0.02325594 0.9982452 171.78238
0.99693197 0.02176523 0.07518588 -135.71819 -0.023329619 0.99952792 0.0199916 -12.374532 -0.074715271 -0.021684323 0.99696912 173.09154
0.99525389 0.023343793 0.094471 -135.61123 -0.0250957 0.99953363 0.017398838 -12.369421 -0.094020795 -0.019687077 0.99537556 174.33701
0.99311175 0.023970506 0.11469288 -135.46799 -0.025921082 0.99954311 0.015545651 -12.359978 -0.11426785 -0.018411533 0.99327935 175.61156
0.9907439 0.023644915 0.13366911 -135.33743 -0.025566663 0.99959272 0.012678541 -12.363549 -0.1333149 -0.015978661 0.99094491 176.91283
0.98816363 0.025097516 0.15133658 -135.12892 -0.02650269 0.99962227 0.0072748863 -12.360974 -0.15109684 -0.011199605 0.98845552 178.20053
0.98533465 0.026667142 0.16853629 -134.94309 -0.027217759 0.99962907 0.00095735778 -12.386433 -0.16844826 -0.005530498 0.98569498 179.50977
0.98210116 0.029314562 0.18605903 -134.70501 -0.028960082 0.99956988 -0.0046233967 -12.40074 -0.18611455 -0.00084764132 0.98252769 180.81712
0.97851278 0.031212933 0.20380996 -134.43453 -0.030149077 0.99951076 -0.0083234754 -12.430509 -0.20397006 0.0019999451 0.97897509 182.13542
0.97462404 0.03368034 0.22129982 -134.15714 -0.031950371 0.99942452 -0.011393413 -12.45699 -0.22155622 0.0040336828 0.97513926 183.48119
0.97069931 0.033003292 0.23802023 -133.84523 -0.031153134 0.9994481 -0.011531599 -12.487356 -0.23826947 0.0037786394 0.97119174 184.80142
0.96610529 0.031735461 0.25619021 -133.52435 -0.029615054 0.99948776 -0.012131403 -12.521826 -0.256444 0.0041331255 0.96655026 186.12393
0.96162534 0.03135903 0.272568 -133.14931 -0.027884726 0.99947311 -0.016611818 -12.573179 -0.27294534 0.0083738617 0.9619931 187.47593
0.95713422 0.033035755 0.28775462 -132.76622 -0.028120435 0.99937972 -0.021199433 -12.624266 -0.2882765 0.012198918 0.95746951 188.80478
0.95164297 0.035138859 0.30518995 -132.36943 -0.029988272 0.99931792 -0.021549742 -12.657951 -0.30573904 0.011355541 0.95204763 190.16939
0.94602056 0.036804401 0.32201015 -131.92365 -0.031500116 0.99926882 -0.021669301 -12.711982 -0.32257226 0.010356248 0.94648819 191.49533
0.93971849 0.040947515 0.33948852 -131.4625 -0.034452316 0.99909009 -0.025140114 -12.755908 -0.34020907 0.011928465 0.94027417 192.84983
0.93295886 0.041967295 0.35752833 -130.9581 -0.033985131 0.99901353 -0.028582823 -12.823543 -0.35837521 0.014515952 0.93346479 194.18262
0.92618455 0.042734456 0.37464107 -130.43379 -0.03328619 0.99894436 -0.031657475 -12.876525 -0.37559848 0.016850291 0.9266293 195.52031
0.91913047 0.042750111 0.39162685 -129.89164 -0.030946479 0.99885782 -0.036405656 -12.948116 -0.39273592 0.021342076 0.91940362 196.85008
0.91071711 0.046360171 0.41042061 -129.31921 -0.031846171 0.9986043 -0.042133884 -13.035195 -0.41180115 0.025301725 0.91092241 198.18522
0.90112503 0.049892835 0.43067896 -128.69859 -0.033242146 0.9983833 -0.046105908 -13.119465 -0.43228307 0.027230496 0.90132672 199.51633
0.88887045 0.052820589 0.45510361 -128.05587 -0.034885754 0.99825118 -0.047723861 -13.200645 -0.45682856 0.026543697 0.88915866 200.83831
0.8758556 0.057163463 0.47917564 -127.38661 -0.03772447 0.99803117 -0.050106328 -13.295328 -0.48109652 0.025809262 0.87628765 202.15234
0.86178773 0.061341933 0.50354647 -126.6809 -0.039928741 0.99778451 -0.053214419 -13.390542 -0.50569519 0.025753558 0.86232775 203.45058
0.84695823 0.064992858 0.52767192 -125.91003 -0.04141491 0.99754933 -0.056392776 -13.494255 -0.53004394 0.025908841 0.84757429 204.72505
0.83165076 0.066775472 0.55126947 -125.13099 -0.041155755 0.99742515 -0.058730482 -13.602367 -0.55377184 0.026155339 0.83225758 205.98639
0.81571005 0.067744966 0.57448038 -124.28849 -0.039859552 0.99734076 -0.061013363 -13.705282 -0.57708609 0.026870684 0.81624116 207.21485
0.8003042 0.069994192 0.59549473 -123.43255 -0.038342831 0.99710451 -0.065669088 -13.828249 -0.59836699 0.029722294 0.80067069 208.44545
0.78400069 0.072626058 0.61649683 -122.51741 -0.036596966 0.99681266 -0.07088849 -13.958451 -0.61968025 0.033014713 0.78415971 209.64125
0.7674607 0.07439917 0.63676432 -121.56471 -0.034933915 0.99662085 -0.074340468 -14.091884 -0.64014352 0.034808718 0.76746639 210.81183
0.75111675 0.075968515 0.65578379 -120.58984 -0.033102914 0.99644137 -0.077516429 -14.224203 -0.65933896 0.036515535 0.75095858 211.95769
0.73513248 0.076549853 0.67358764 -119.59858 -0.031182219 0.99637083 -0.079201243 -14.365493 -0.67720598 0.037219451 0.73485156 213.1239
0.71948653 0.076946369 0.69023065 -118.55585 -0.028983456 0.99630436 -0.080855287 -14.50932 -0.69390138 0.038169021 0.71905774 214.2292
0.70478163 0.077631109 0.70516397 -117.50571 -0.026412208 0.99617689 -0.083270672 -14.658727 -0.7089325 0.040062704 0.70413758 215.30846
0.68920474 0.078875952 0.72026062 -116.41371 -0.023470626 0.99596579 -0.086609876 -14.806575 -0.72418644 0.042786971 0.68827561 216.37022
0.67449155 0.081382126 0.73378338 -115.311 -0.021336741 0.99563952 -0.090811281 -14.972498 -0.73797421 0.045594897 0.67328687 217.4233
0.65937053 0.083623001 0.74715303 -114.18776 -0.020114341 0.99540137 -0.093656377 -15.129062 -0.75154904 0.046725766 0.65802035 218.45826
0.64336639 0.084218525 0.76091187 -113.03299 -0.018645046 0.99535948 -0.094402668 -15.30259 -0.76533137 0.046548269 0.6419511 219.45096
0.627229 0.085665632 0.77410925 -111.85957 -0.019402827 0.99534271 -0.094426783 -15.472109 -0.7785932 0.044207311 0.62596997 220.43904
0.60967306 0.086557062 0.7879128 -110.67191 -0.021445035 0.99545722 -0.0927633 -15.640272 -0.79236288 0.039658469 0.60875967 221.37323
0.59104923 0.087586126 0.80186622 -109.4661 -0.023518718 0.99553605 -0.091404805 -15.806912 -0.80629259 0.035165875 0.59047073 222.29737
0.57386936 0.089034783 0.81409257 -108.25901 -0.025649405 0.99553894 -0.090798256 -15.96784 -0.81854512 0.031225348 0.57359298 223.19208
0.55491459 0.09197072 0.8268078 -107.04282 -0.02661236 0.99532395 -0.092854801 -16.149683 -0.8314816 0.029523178 0.55476733 224.06477
0.53742194 0.095842426 0.83784952 -105.82719 -0.029415687 0.99504675 -0.09495626 -16.319233 -0.84280035 0.026385659 0.53757923 224.8864
0.51797563 0.095786722 0.85001535 -104.59051 -0.029438352 0.99511803 -0.094199175 -16.48938 -0.8548887 0.023769827 0.51826669 225.67731
0.49724016 0.094639873 0.86243577 -103.33959 -0.02953268 0.99530311 -0.092192981 -16.655027 -0.86711021 0.020372014 0.49769964 226.42244
0.4754977 0.092785868 0.87481007 -102.08735 -0.029392118 0.99554266 -0.089615343 -16.822005 -0.87922586 0.016899369 0.47610541 227.13032
0.45439614 0.091362724 0.8861021 -100.82623 -0.029533764 0.99572482 -0.087520504 -16.980168 -0.89031004 0.013599051 0.4551518 227.80991
0.43194838 0.090205336 0.89737591 -99.564938 -0.028186208 0.99584985 -0.086536736 -17.137484 -0.90145782 0.012085779 0.43269827 228.44767
0.411251 0.089908312 0.9070772 -98.294948 -0.027947983 0.9958995 -0.086041196 -17.29177 -0.91109363 0.01003355 0.41207742 229.05515
