1.0 0.0 0.0 0.0 0.0 1.0 0.0 0.0 0.0 0.0 1.0 0.0
0.9999256165244845 -0.0020948765598781363 0.01201552788388281 0.011060817167162895 0.0020831207975546303 0.9999973394453522 0.000990812777418413 0.00025208224542438984 -0.012017571546376895 -0.0009657092812919297 0.9999273200486681 0.22832141816616058
0.9997971408125925 -0.003977069989753766 0.019744876228064895 0.01782402201932377 0.003950278564239597 0.9999912236255645 0.0013956973566229016 -0.0007382017571212819 -0.019750253725709738 -0.0013174164652739815 0.9998040767528542 0.4619981214040221
0.9996872883471314 -0.006061668591395866 0.024260702608282367 0.022175078443841808 0.00602507989027935 0.9999805992998696 0.0015809605274970501 -0.0024918587902283376 -0.024269815192439873 -0.0014342934713081667 0.9997044157513575 0.6905375098535934
0.9996407053497132 -0.007059297722283299 0.025857813588856207 0.02685522392959545 0.007066865739741212 0.9999750091298639 -0.00020130659454521205 -0.0005459498666170882 -0.02585574629641045 0.00038396796311842717 0.9996656105678833 0.9174402283735179
0.9996725007118044 -0.008337739673503923 0.02419449147521938 0.030131349391506485 0.008356893606153784 0.999964842040216 -0.0006906610901726814 -0.0026768912934278556 -0.02418788229388862 0.0008926256902706683 0.9997070318695944 1.1624902747226242
0.9998667084386094 -0.009052855749655545 0.013587168907349961 0.023944831242238056 0.009083489676713161 0.9999563360105153 -0.0021946042282482638 -0.002870981578269644 -0.013566708201843745 0.002317730614529717 0.9999052817909128 1.4261151648903878
0.9999690185852365 -0.007345610512414628 -0.002829112206840941 0.0076818860715074724 0.007336921342211036 0.9999683731603138 -0.0030695707083341598 -0.004242898621042999 0.0028515706018264605 0.003048718634961018 0.9999912868919347 1.6878026256716816
0.9997662895702945 -0.003440752991109558 -0.02134308922580481 -0.02141266303944911 0.0033867791640320973 0.99999097649829 -0.0025644977852845134 -0.005429146017241094 0.02135172043982809 0.0024916141055191018 0.9997689212480096 1.959512673795808
0.99925540103567 -6.378608125456395e-05 -0.038582890409847685 -0.054461544399748915 -5.14923739044516e-05 0.9999955381421791 -0.0029868117230765247 -0.005901806852905834 0.03858290877549162 0.0029865744707801714 0.999250939215647 2.2452126801247267
0.9982901663130062 0.0004006945933581723 -0.0584515464859023 -0.0936780165347655 -0.0005895372941072681 0.9999946627644644 -0.0032135476290711695 -0.007577601225690493 0.05844994686507081 0.0032425123636319084 0.9982850744276619 2.5678056389075063
0.9969417850477325 -0.0005108009041767155 -0.07814612151781815 -0.13419703337049582 0.00032703276790373495 0.999997151383687 -0.0023643760446351537 -0.007819884344129018 0.07814710663492298 0.0023315889320417527 0.9969391121917338 2.892260745763262
0.9952518935822037 -0.000874666091713016 -0.09732884094792293 -0.18436362824721575 0.0007669130126951225 0.9999990509725261 -0.0011445079633981647 -0.007838912157198704 0.09732974964248614 0.001064430963158439 0.9952516198536207 3.2234643534449128
0.9932054087948855 0.0004497102717727418 -0.11637359537822914 -0.24297832580698364 -0.0005346394523727122 0.9999996130706528 -0.0006985837106849597 -0.010237669338144451 0.11637323618959944 0.0007560550352519635 0.9932052649274185 3.565041567601467
0.9910468828781197 0.001310025649739536 -0.13350790152781075 -0.3052677502229655 -0.0013296871218252315 0.9999991142774558 -5.8107331319064e-05 -0.014448746383978807 0.1335077071547581 0.00023511082689956566 0.9910477470097888 3.916419841316942
0.989221448969409 0.002795734474496797 -0.14640050808522306 -0.3749031737194637 -0.002810794566462894 0.9999960443014921 0.00010399650808232906 -0.019887967957624444 0.14640021971557451 0.0003086261762403915 0.9892253941428694 4.292670104384831
0.9870128253157268 0.002258148840097797 -0.16062560015789104 -0.4446483903351568 -0.0023666610034911756 0.9999970822058694 -0.00048424729469994136 -0.023949731902993005 0.16062403798299082 0.0008581046345493333 0.9870152896882981 4.659776628460017
0.9851309153869381 0.00029688917749544537 -0.17180509714705824 -0.5183735713945061 -0.0006114355353014522 0.9999982325753055 -0.001777918122906348 -0.031195797452441186 0.17180426564983772 0.0018565298494433865 0.9851293557708238 5.036242930213563
0.9833528750764502 0.0002851829619004996 -0.18170592106356287 -0.6034860985484081 -0.0010133275703207282 0.9999918251078983 -0.0039144456325105196 -0.033898105520186975 0.18170331930406425 0.004033408986563903 0.9833451252565564 5.444702798062869
0.9818490022237294 0.0013400683305608107 -0.18965953983160558 -0.6922178529850002 -0.0023805689973612006 0.9999833407118468 -0.005258439884927401 -0.037854085781256534 0.18964933356992256 0.005614491574846343 0.9818358354434005 5.859215877396649
0.9799672205340799 0.0008799968300368277 -0.19915690368222055 -0.7805505432151216 -0.0024940488069266687 0.9999660489604226 -0.007853702759239458 -0.04433581461024809 0.19914323086476932 0.008193078301892578 0.9799361443832351 6.264135898505737
0.9781663940177515 -0.000555240613892365 -0.20782251399251714 -0.8776390438418958 -0.0013427764872071283 0.9999586723390317 -0.008991694237839033 -0.04825201529631849 0.20781891772794578 0.009074432314038627 0.9781252231246077 6.689486383544359
0.9761749851580633 -0.004140201681523669 -0.21694528591719012 -0.9748338699708536 0.0019376519246124928 0.999944411937667 -0.010364291565398188 -0.05257070828194889 0.21697613660648055 0.009696997714233366 0.9761287437518968 7.12718522277737
0.9730231452555345 -0.0036750652261152697 -0.2306782449486968 -1.0951132068238898 0.0009481080184237671 0.9999283710757908 -0.011931211543724672 -0.05927522591946679 0.2307055696948224 0.01139063708927234 0.9729569330132183 7.595910561328782
0.9702478439703539 0.00044651105863629625 -0.24211344840540083 -1.231502962785076 -0.004275753644882364 0.9998739481492097 -0.015290707742948974 -0.06368480322084315 0.24207610208702646 0.015870993679871465 0.9701274516051824 8.073445184851892
0.967300413054814 0.002306339770034633 -0.25362293212730486 -1.3789412841910957 -0.007060486102656062 0.9998159909665982 -0.017836304086704117 -0.07234843235749572 0.25353512663925 0.019043765498039874 0.9671387049206929 8.578916273075698
0.9640698029098531 0.001400215429327899 -0.2656453547760781 -1.5237730189881138 -0.006477550903375429 0.9998126895607055 -0.018238068090740262 -0.08393502926208517 0.26557005940363665 0.019303502017503717 0.9638982925382787 9.06893578926252
0.9609349571998653 0.0004026470865195722 -0.27677399788747664 -1.6696442924913681 -0.006012039603852361 0.9997933617083462 -0.019418786360788688 -0.09500907932865367 0.27670898686362705 0.020324166877093864 0.9607388119721495 9.551180513643013
0.9578574979965088 0.0025975209927599327 -0.28723207762462877 -1.8298775722041947 -0.009030419639018015 0.9997371426824431 -0.021073610566015123 -0.1066965233824799 0.28710183742534956 0.02277934208525343 0.9576291748485692 10.05242785187829
0.9547073265920591 0.004821627922029432 -0.2975074326056829 -2.003444959032978 -0.012508569540015764 0.9996351534663123 -0.023939416084046834 -0.1197576934720289 0.2972834610931224 0.026576528339195032 0.9544193166014245 10.57171238092186
0.9520615022013249 0.004521057539984292 -0.3058732679801837 -2.1758593098415964 -0.013853838276067787 0.9995021066975833 -0.028348013547930474 -0.1373941640583297 0.3055928127282736 0.031226571150435995 0.9516501111558856 11.089911680779556
0.9491091989828662 0.00445076273827882 -0.3149157333591799 -2.3667519634746927 -0.015979417251042505 0.999292840953301 -0.03403639586968817 -0.156731735764389 0.31454154992690486 0.03733642632240785 0.9485091484213803 11.643379800520286
0.947580196461989 0.004882681559314201 -0.31948072037894354 -2.551092074952882 -0.018666541865237814 0.999021426204842 -0.04009676044815294 -0.17385751249095432 0.31897230520509406 0.04395849638503996 0.9467440620926623 12.154724235242925
0.9463200566860698 0.003445855102345772 -0.3232127416985408 -2.740940456773829 -0.019662650293632584 0.9987050175659323 -0.04692193593684469 -0.19914415003306246 0.3226325006832144 0.050758388186039595 0.9451623434794952 12.679163444667804
0.9452058531472043 0.004121602287728144 -0.326448935625233 -2.9509930913372586 -0.022799584058273155 0.9983123487012336 -0.053410049591779155 -0.2286697619846276 0.32567786867245907 0.0579263914395534 0.9437046460793527 13.245941591920307
0.9446416045712468 0.0035886736235729924 -0.328084379900482 -3.1588018736255616 -0.024180301137648522 0.9979824663966048 -0.058705279165014376 -0.2648228236085923 0.32721178455237976 0.0633886282117945 0.9428225335997619 13.821872754134846
0.94365689340191 0.005378048902917825 -0.3308817675923749 -3.3716938140155945 -0.02783304482991379 0.9976150082338472 -0.0631634147436408 -0.3000942662522369 0.32975292136773043 0.06881403880444016 0.9415559669572854 14.389772439019016
0.9428863941296599 0.006066531083496659 -0.3330592214093174 -3.579356230523501 -0.030384727182037725 0.9972324302564077 -0.0678546122159144 -0.3365938881104297 0.3317258146711541 0.0740991042153139 0.9404612201655352 14.950351407111455
0.9419104780623795 0.00832604955869795 -0.3357608199523079 -3.808620636828959 -0.03438983885030759 0.9968292564922298 -0.07175494676326209 -0.3785217722992742 0.3340987732694478 0.07913349669953178 0.9392102530317457 15.551029936686405
0.9409132037043234 0.010549699746204538 -0.3384834514863789 -4.0445043785460495 -0.0376863694144316 0.9965681617340876 -0.07369963757238425 -0.41813797668937264 0.336544321977397 0.08210117449346709 0.9380817216487952 16.167367087138114
0.940405176002316 0.011749919491092196 -0.3398529745934351 -4.282065082992359 -0.039760645402676445 0.9963471437078794 -0.0755742039475988 -0.4630087896399255 0.3377235497048079 0.08458314617643094 0.9374371954204084 16.789435307536962
0.9385024586011814 0.013954281043140084 -0.3449904538390981 -4.5166567853532325 -0.04236036423290723 0.996288074388357 -0.07493779002342664 -0.5102234639766579 0.34266417195498167 0.08494322146062515 0.9356099157161054 17.40889955897399
0.936558168182243 0.014895023520434241 -0.35019556805511864 -4.749032217065602 -0.043701788874254244 0.99626289689936 -0.0745009658386093 -0.5532114056619365 0.3477771574734483 0.08507866087346011 0.9337090929211664 17.995583039241858
0.9346405819343149 0.01548141405525481 -0.3552566796280331 -4.9895404396599305 -0.044451961690664926 0.9963017548959797 -0.0735311926534765 -0.6004719987993611 0.3528044865124831 0.08451709300514766 0.9318722312026592 18.610002221085885
0.931449384894901 0.01589882706141377 -0.3635234114565139 -5.287885033325307 -0.044757702949274225 0.996464439800323 -0.07110111279110339 -0.6621251343090546 0.36110772825517756 0.08249756063969367 0.9288677845005096 19.36548075262999
0.9283870763126311 0.01648740837629168 -0.3712487062613401 -5.564564460551376 -0.04446217327661306 0.9967671823221078 -0.06692009707977625 -0.7155214808812078 0.3689451879117084 0.07863427758096103 0.9261188361685098 20.047891585754137
0.9257912067665728 0.01835712356292943 -0.37758927088595656 -5.801409539262689 -0.0457794001412762 0.9969135753827072 -0.06377750183546181 -0.754872768312659 0.37525309858333994 0.07633046070975043 0.9237742001005653 20.60325628735982
0.9218628419014887 0.021072618578264493 -0.386942948595224 -6.085548940616566 -0.04872966598405645 0.9968980002626177 -0.06180450408729585 -0.7985372932539546 0.38444026892924926 0.0758308764201579 0.9200300852727359 21.25799745101496
0.9184219965284971 0.021547818528090942 -0.3950148450492591 -6.3740197218854435 -0.04975786336307185 0.9968777740807963 -0.061309530884350226 -0.8415705530828247 0.3924604328160376 0.07596311644737651 0.9166266489762618 21.912858198735083
0.9148036377943168 0.021428449908169143 -0.40333004576006715 -6.688432804686583 -0.050003931141485436 0.9969179420539366 -0.060450175196949084 -0.8907302679492809 0.4007916056364983 0.07546812801095136 0.9130556667070419 22.618365515168897
0.9113620159958699 0.02124077009042777 -0.41105730194938706 -6.999165666985969 -0.0508100630884263 0.996834995021274 -0.061141885724001824 -0.9359290468676507 0.40845760280461685 0.07660823968022205 0.9095567955461625 23.29097433374562
0.907052305594973 0.02127056348270196 -0.42048029447760354 -7.33156443571358 -0.05123472451547346 0.9968769664972152 -0.06009423159616581 -0.9820948016976397 0.41788888226257875 0.07605180337400563 0.9053093423161468 24.0015901202636
0.9031267510363071 0.02127687316400155 -0.4288465532459918 -7.661764297584977 -0.051295941745739274 0.9969649586768281 -0.05856276573837894 -1.0293264842616052 0.42629895369684173 0.07488768816616999 0.9014771412732021 24.68879931082813
0.9000767110482186 0.021999088488783992 -0.43517577406639296 -8.001006537875217 -0.051870760786743166 0.9970325033876056 -0.05688243458264371 -1.0793787744858068 0.4326330297192138 0.07377145311234505 0.8985468459138161 25.386645849459132
0.8968491372924097 0.024758654780870554 -0.44164310698945825 -8.364858892965549 -0.05324441569555813 0.9972151862831118 -0.05221977061973061 -1.1281813247850394 0.43912032193363476 0.0703482854075375 0.8956698396201139 26.120729391273215
0.8937657787347247 0.025870075365290682 -0.44778730661253147 -8.721628119925098 -0.05354099948626875 0.9973506039234208 -0.04924565186490325 -1.1769223803377369 0.4453269519540923 0.06798905834163362 0.8927829488790069 26.82601964902361
0.8905664454080505 0.02621074371265065 -0.4540973499452511 -9.105932313959837 -0.05395803145296848 0.9973766837794168 -0.048252269323773814 -1.2212884807991262 0.45164138113661656 0.06747405106560064 0.8896444881399572 27.579785213406005
0.8886649616924739 0.02653394080283192 -0.4577887458703916 -9.481160324929608 -0.0539049308665437 0.9974474529219992 -0.04682773844303715 -1.2638576887513673 0.45537769410500034 0.06629124108725198 0.8878269127857776 28.30564557969202
0.8871510565466757 0.027072970671662033 -0.46068433566502814 -9.865877892538547 -0.05437719792869625 0.9974558038627166 -0.04609815273961856 -1.3011524856579195 0.4582642504205848 0.06594674821090982 0.8863661225401535 29.039235603622398
0.8854535470681174 0.026007958644922162 -0.4639995711976612 -10.263673764512394 -0.05336117459875608 0.9975190355034406 -0.04591686894516026 -1.3437154378193534 0.4616542007064709 0.06541681661018038 0.8846445834766976 29.798706299990805
0.884898424759551 0.025356988181246883 -0.46509332505255474 -10.659896347297881 -0.053091417933288566 0.9975003878119746 -0.046629150290277824 -1.3856894105856166 0.4627483972958719 0.06595452573809123 0.8840327603289176 30.54423176043697
0.8842416955398121 0.02426796662098129 -0.4663986381465554 -11.06301105847284 -0.05221890686427987 0.9975244378791789 -0.04709757530625319 -1.4280201932547987 0.46410107695929587 0.06600046689161725 0.8833199469814494 31.303304169425303
0.883750262999779 0.024784626839010972 -0.46730203821540567 -11.488715309558184 -0.05328832767203537 0.9974308137770623 -0.047876151285844236 -1.470383285569877 0.4649148597127643 0.06721230542451459 0.8828004753157888 32.09893488659861
0.8834336231548506 0.024525236647205188 -0.46791403724070096 -11.925948686274463 -0.05277352497733956 0.9974830285664575 -0.04735570486598209 -1.5160628862867198 0.4655749011071791 0.06652909505837627 0.8825043291507153 32.91612028821914
0.8833087717481908 0.024778983444221477 -0.46813632173991115 -12.365313532809498 -0.05289638837061191 0.9974928836555395 -0.0470097772160432 -1.5595432499781452 0.4657977950248885 0.06628686925800327 0.8824049326210299 33.73607695896937
0.883768440876733 0.02474654922698845 -0.46726967717974677 -12.790925768743206 -0.05265702341547562 0.997517089609852 -0.046764236562918116 -1.6035625454445064 0.46495223496110927 0.06593378676859651 0.882877202654493 34.538380544223806
0.8841275938222262 0.023040250043018413 -0.4666771311303737 -13.231312109129592 -0.05081849813777061 0.9976002271014702 -0.04702411226292953 -1.6532834241112935 0.4644737646941345 0.06529114614593914 0.8831767592876341 35.37020462123893
0.8832300628047934 0.021293451351914953 -0.46845623604277514 -13.669030343719744 -0.04948819284854435 0.9976226068298292 -0.047958868946644945 -1.7001770692306928 0.4663213215438748 0.06554176738218014 0.8821840521127065 36.196066473866715
0.882576939685284 0.020335737582404333 -0.4697280099299365 -14.123551881555878 -0.04808785274911185 0.9977292388110202 -0.04715850336431686 -1.7480575799964597 0.46770236684641514 0.06420921895306107 0.8815507201787651 37.04782791236517
0.8809297672859597 0.022015260778890516 -0.47273467548122844 -14.577301451858066 -0.04891036570659664 0.9978035224115468 -0.04467557262707349 -1.7954518200218206 0.4707127799794179 0.062477667657711 0.8800715992509364 37.88841574349516
0.8795606298233053 0.02126355454059598 -0.4753114344439129 -15.034651089871163 -0.047197245341707085 0.9979728164885552 -0.042692828227415366 -1.8424849622039292 0.47344008965970097 0.05998432126981171 0.8787811802177006 38.73037877979048
0.8771834440255556 0.021604257810176303 -0.4796691167585593 -15.50095138210158 -0.04746144800087422 0.9979962243011409 -0.04184432141076369 -1.8917900354045425 0.47780395193125524 0.05947093681066762 0.8764511345156308 39.576819633668585
0.8731159547775972 0.01981333326756294 -0.4871098041896032 -15.9935432422249 -0.04662343663404266 0.9979876190867677 -0.042976357523136055 -1.946386629486216 0.48527804882277176 0.06023407652113119 0.8722826785832735 40.45647277147903
0.8688948526155931 0.017843805343920407 -0.4946749778480565 -16.479762907793777 -0.04563328638631137 0.997981901148224 -0.04415572617635781 -1.9976349308282726 0.49288876866054854 0.06094032812042349 0.8679556083906962 41.307782319992064
0.8640452118902615 0.017931533713946485 -0.5030947544033618 -16.976576769172137 -0.046325483679758056 0.9979572171443425 -0.04399252563057039 -2.0455390508299867 0.5012781876077891 0.061317638964538776 0.8631108421173175 42.16483809732809
0.8597999431432342 0.021217547652449573 -0.5101900365966663 -17.480422574493137 -0.04842493862133063 0.9980214267363079 -0.04010308086350631 -2.0930176791720676 0.5083296992016224 0.059186547853719226 0.8591262244063719 43.009032436077526
0.8560572923895011 0.023242325329896105 -0.5163581184217169 -17.98265193483242 -0.049491767714241006 0.9980843007882361 -0.0371253747264313 -2.137829238095785 0.5145060515438823 0.057336923821544546 0.8555676478756117 43.837027892096586
0.853291792780994 0.023256444773427636 -0.5209148242746579 -18.49959878423873 -0.0501751527335161 0.9980311819060689 -0.0376326187149338 -2.1837300009870275 0.5190140368244057 0.05824858555944311 0.8527787121285092 44.68193756392044
0.8518481320457187 0.020627280009195302 -0.5233825324269451 -18.995991141528187 -0.04959048240788134 0.9979119188874089 -0.041383404850292904 -2.228087371841215 0.5214360401667434 0.06120716838632455 0.8510923208168165 45.483930586082806
0.8510173939310235 0.0196844238441067 -0.5247684429200893 -19.499869286373904 -0.05202146523992413 0.9975419569422924 -0.04694476854808365 -2.2791513024031955 0.5225544587707015 0.06725003790086176 0.8499495691046569 46.2929664074547
0.8494728923409451 0.019308435501025935 -0.5272788536404736 -20.001689494158146 -0.05253914787461183 0.9974589554988824 -0.048117252993998674 -2.328077350681512 0.5250099457329536 0.06857708373488569 0.8483287926670294 47.107801030036825
0.8482800182966224 0.01965777641251711 -0.5291829384864912 -20.52443699104075 -0.051361011192483264 0.997653518975942 -0.04527143253979706 -2.378327639478119 0.5270512850643356 0.0655822224496492 0.8472991886049444 47.94098245663728
0.8472796755197308 0.02170777406846456 -0.5307032353360702 -21.049263923524798 -0.0517148103281778 0.9977887916711846 -0.04175051626121608 -2.4261320065048095 0.5286234291477255 0.06281958102653958 0.8465287770629831 48.774578383452734
0.8463276689536375 0.023291990146461647 -0.5321531358157343 -21.557980914599643 -0.0527256378439957 0.9978003305044095 -0.04018093527078578 -2.472378228927738 0.5300466808474948 0.06206435080066818 0.8456941128340942 49.570751529041935
0.8454532474079034 0.024248902123474286 -0.5334986384174162 -22.090583782181593 -0.05429525863209987 0.9976952876021796 -0.040695675279787735 -2.518229354488069 0.531282252044527 0.06337273737350081 0.8448213212391633 50.407117197043455
0.8435099174377066 0.022385896583300008 -0.5366468958434357 -22.623822919066882 -0.053568884616693443 0.997655749301275 -0.042583805455070026 -2.565917310764627 0.5344355843178455 0.06466743786693319 0.8427317062354838 51.24591129528958
0.841320160652995 0.021078831432920397 -0.540125976179855 -23.144538430722505 -0.05327466575155139 0.9976078348749485 -0.04405017349770538 -2.615526327775574 0.5379053794747543 0.06583532988859397 0.8404305516047003 52.0555555840566
0.8400828621289191 0.019319041141310493 -0.5421139727093042 -23.673194370871805 -0.051880949435887634 0.9976459060030575 -0.04484432317439866 -2.6660219070294593 0.53997143613613 0.06579833496920261 0.8391075183028491 52.874965899186606
0.8376148017918168 0.018475142592971828 -0.5459488189614711 -24.20972267709441 -0.0510197308625458 0.9977051308544238 -0.04451358140467577 -2.717325037532698 0.5438735430979974 0.06513939647346037 0.8366351822300473 53.702730251690035
0.8357112681138197 0.01944090648986661 -0.548824860499635 -24.749418162891114 -0.052071705727435 0.997675739332065 -0.043950615591286955 -2.7661385184145253 0.5466948086549085 0.06530827132201499 0.8347811784454076 54.51663342260349
0.8324296321269987 0.01908372208997659 -0.5538020576958002 -25.291510508135772 -0.05261651983752534 0.9976133393837292 -0.04471159719616431 -2.8185052234543146 0.5516270564403972 0.06635839536062703 0.8314470241501053 55.32952864834225
0.8286083538484683 0.018346957390800726 -0.5595280020580129 -25.84584205343647 -0.052609231102256696 0.9975917947664478 -0.04519822803481431 -2.871171494237859 0.5573512938312433 0.06688796729724913 0.8275781141955612 56.14919910217647
0.8250448179366424 0.016883866574500743 -0.5648149993098515 -26.4018065364043 -0.052300560525051935 0.9975445606582191 -0.04657790109017849 -2.9245509787772623 0.562641715272391 0.06796899698167928 0.8239020061176248 56.96044780915836
0.8205120372616044 0.016295750023615566 -0.5713969244229266 -26.97923369590477 -0.052561400470024444 0.9975096962965199 -0.047028767526428476 -2.9780608496758507 0.5692076035063495 0.06862109242494593 0.8193252405394124 57.78688649035047
0.8168747507591758 0.014509025369896511 -0.5766325777780424 -27.5590093884499 -0.05199962451859108 0.9974654633362661 -0.048566330943294406 -3.033727294702055 0.5744664312403814 0.06965728701423674 0.8155588156250635 58.60780042124391
0.8118832267323441 0.014068401512676732 -0.5836503287325 -28.1538796809878 -0.0520844327688577 0.9974687066137256 -0.04840858590671862 -3.090802392524987 0.5814919070922858 0.06970121523488618 0.8105608568028416 59.43335105120351
0.8077934589068476 0.013578250336998606 -0.5893092217716411 -28.74845984493358 -0.051599402099145306 0.9975258624312302 -0.04774573786047986 -3.1427675730363243 0.587202886105239 0.06897669822930594 0.8064954963613011 60.240331649195056
0.8041229569858028 0.012610125231682704 -0.5943292477996102 -29.339270031465833 -0.050572489269374146 0.9976016918869655 -0.04725767316916347 -3.197241114166975 0.5923079379659774 0.06805768939587734 0.8028321477971511 61.037017102330594
0.7997493044359514 0.011860987010340322 -0.6002169333177401 -29.948824697617518 -0.05062216151649172 0.9975763314011918 -0.047737404532900894 -3.2520138971485446 0.5981959936489127 0.0685622346141091 0.7984114059600538 61.847526128390285
0.7958858959114031 0.010206160620606884 -0.6053606156454927 -30.56055447346532 -0.049837433394259424 0.997569114568537 -0.04870412602252594 -3.3054259549576286 0.6033919712110662 0.06893254633576006 0.7944598373320657 62.644062313982445
0.793061974343636 0.011373925449309239 -0.609034759820856 -31.18776977843514 -0.051936975121411974 0.9974473850656722 -0.04900270034284483 -3.358874615282079 0.6069227755368981 0.070493601450957 0.7916283197871725 63.449989712935526
0.7902255432656375 0.01135855950927667 -0.6127108403614239 -31.823352269377086 -0.05223615372077897 0.9974378160120236 -0.04887931498725932 -3.4132858542616344 0.6105857638489347 0.07063134088376621 0.7887941674923655 64.26261453245925
0.7885632524468265 0.011869499612334723 -0.6148390942916981 -32.46254418979341 -0.05310205821219836 0.9973934574488494 -0.04885143244428707 -3.46947191506949 0.6126566479718565 0.07117166583116649 0.7871381236344139 65.06972136515353
0.7849378320050467 0.012028316656006798 -0.6194577624710502 -33.091186298067235 -0.05403530466807889 0.9973309065799606 -0.049104466495646655 -3.5267051464014645 0.6172137277610124 0.07201654239698699 0.7834927133576534 65.86151512622268
0.7815262454967848 0.012035151413708083 -0.6237562686900618 -33.73447130974079 -0.055840330022801095 0.997150372765682 -0.050724664968893794 -3.585006013103906 0.6213683168159158 0.07447341286466588 0.7799712338500986 66.65277138004065
0.7796237863401129 0.010219176011911319 -0.6261647708186271 -34.38238561659171 -0.0553353549603537 0.9970800829106864 -0.05262420312204736 -3.641420764900687 0.6237986456093969 0.075676130348059 0.7779128312551644 67.45061322915281
0.777318764965374 0.01063620347191866 -0.6290170179004775 -35.052139265125724 -0.057199289816136555 0.9969106209225783 -0.05382801441897324 -3.7011804242361697 0.626501220172184 0.07782085239486598 0.7755257159213363 68.2659988944817
0.7749805538989096 0.012135864326448278 -0.63186854793983 -35.713592979631976 -0.05835167244081185 0.9969188337782534 -0.05242061790524243 -3.763809514168081 0.6292854864065272 0.07749554603496427 0.7733008579736889 69.0740557868005
0.77313856695828 0.011352505952844497 -0.6341355351108215 -36.373225967387896 -0.057750520164813635 0.9969464043113406 -0.05256181457467586 -3.822776636752225 0.6316024332619301 0.0772592230046341 0.7714333274874308 69.8754568808756
0.7697019272716255 0.011712321833534687 -0.6382959851601866 -37.05015390954536 -0.059279726309112074 0.9968231860534338 -0.053192572742800606 -3.8823204422168462 0.635645229041375 0.07878043706117067 0.7679510306871062 70.68859986207092
0.7683147820118775 0.011061669359419334 -0.639976589582013 -37.743767824146715 -0.05886762384981706 0.9968342177117542 -0.05344291591288518 -3.945073161141987 0.6373593951643907 0.07873488343789016 0.7665336388741881 71.51173946689798
0.7664174025094623 0.011575677219232323 -0.6422385606825279 -38.43075905315921 -0.05990195197991535 0.9967685434048845 -0.053518473703021034 -4.010787311639113 0.6395436820731207 0.07948883302339507 0.7646341636004332 72.32583762002983
0.7653311887010685 0.01078411396297541 -0.6435463266055078 -39.10266209220434 -0.05961925247091909 0.9967487334897884 -0.05419877324544708 -4.070955742603468 0.6408695002387134 0.07984776247670401 0.7634858338510582 73.11581073663635
0.7650486008572248 0.008339340474029143 -0.6439185458789495 -39.795936317354425 -0.05736335565880268 0.9968237056533006 -0.055244413972669514 -4.1362684939697525 0.641412569064533 0.07920199017752136 0.7630969538649434 73.93644939657985
0.762963441055075 0.005369105319764485 -0.6464193378306876 -40.51238522658331 -0.05552351415856864 0.9968144575257406 -0.05725449015707819 -4.207061539100336 0.6440527361861624 0.07957455608251303 0.7608311002025276 74.78323092090464
0.7610080946548304 0.002295572609625665 -0.6487383218341728 -41.21847088491632 -0.052724168121626586 0.9969046222741696 -0.058320975508626416 -4.276033858192598 0.6465963516489305 0.07858692279755763 0.7587735193056645 75.61313634084819
0.7585187712357921 -0.0009377190658554149 -0.6516505155111116 -41.922182388598856 -0.04936654495729009 0.9970426585419137 -0.05889720949801297 -4.345615540133066 0.6497785914616792 0.07684437344807038 0.756229280276458 76.43872237165212
0.7529239644581962 -0.0028397796771112947 -0.6581013899057945 -42.633946970742855 -0.04782815136211377 0.9971102537251215 -0.05902211325856259 -4.417975392182692 0.6563672536635538 0.0759149363933694 0.7506123838244043 77.264600251923
0.7469546448602343 -0.0041889466129221495 -0.6648617986077977 -43.35545526294075 -0.04625384863135836 0.9972300396135126 -0.05824800064568541 -4.4859831613997 0.6632641555281794 0.07426103162969437 0.7446918551809096 78.08015248708595
0.7398330709383162 -0.0024047371216245512 -0.6727861802871375 -44.110945651929875 -0.04802627339317714 0.9972537936877617 -0.05637683956494374 -4.557600061338704 0.6710741421109478 0.0740208633747505 0.7376858461264607 78.9121229251322
0.7325768244274617 -0.0013924858796083503 -0.680682934481871 -44.85107845632397 -0.049762559687295475 0.9972124803542364 -0.0555963728953621 -4.627908939210949 0.678862934593681 0.07460113946064692 0.7304654584756413 79.70667277593623
0.7253831001599176 -0.0014366958818737424 -0.6883438776566041 -45.605312199701316 -0.05136623249554804 0.9970966839077309 -0.05621132536615467 -4.695480960245315 0.686426156379257 0.07613237711479529 0.7232032860774695 80.50127391070134
0.7163915210718235 -0.002538346390976498 -0.6976938765203538 -46.38190915631705 -0.05183256969627002 0.9970363933812469 -0.056849054451213334 -4.768528155312966 0.6957704889222311 0.07688944707120168 0.7141368494021328 81.30751786372396
0.7078017267517667 -0.0031446565470062415 -0.7064041525517945 -47.17384092349962 -0.05222750009484705 0.9970203336635967 -0.056769203756731945 -4.835945251016213 0.7044778235268022 0.07707506338973694 0.7055284762236091 82.10274072528993
0.7003278467756844 -0.003440697399201241 -0.7138130487963505 -47.976249493824355 -0.05143487330473345 0.9971457901322728 -0.0552695850320219 -4.909341801664046 0.7119658424662381 0.0754217132057673 0.698151992289965 82.89948181094687
0.6898115124223542 -0.003174762435823788 -0.7239820427421254 -48.78207933419344 -0.0519224551515767 0.9971984807212857 -0.05384467195732733 -4.977710112246356 0.7221247371338396 0.07473359974359438 0.6877141507114328 83.67435010668021
0.6808529280560551 -0.0029967354979079756 -0.7324140290394854 -49.5859444134162 -0.05368277764873963 0.9970977707417205 -0.05398328413321749 -5.044635094915587 0.7304501692390881 0.07607269653592733 0.6787160636822591 84.42429710425243
0.6728736932557249 -0.0030592360871803913 -0.739751062181707 -50.41071360743638 -0.05568495688811584 0.996944851936556 -0.05477360471584234 -5.114135428610922 0.7376585785448236 0.07804872370360427 0.6706476110652069 85.17720081941478
0.6644990407262084 -0.001370899983487512 -0.7472878598687283 -51.251452796060775 -0.05934590424237668 0.9967431618827429 -0.054599751736128126 -5.18673135826277 0.7449289150808978 0.08062995642580642 0.6622535176223445 85.92544044191968
0.6567439045482892 -0.0011136257924442387 -0.7541128587129795 -52.10233243551439 -0.061206014423503055 0.9966210523644111 -0.054775010565438154 -5.2534409650435565 0.751625749716611 0.08212939681775538 0.6544566406885136 86.66809382072505
0.6488729236847339 3.3539398207049764e-06 -0.7608967925399454 -52.95300788019642 -0.06401323332643344 0.9964551403885473 -0.054584422249724 -5.322190187808383 0.7581993371587191 0.0841258175710148 0.6465729749611311 87.40173749762
0.6428042009693542 0.0018205265121053124 -0.7660283577644948 -53.835872783870585 -0.06571622485417325 0.9964416563760387 -0.052776919477098234 -5.384466768768524 0.7632064838607346 0.0842657173576247 0.6406365208690018 88.1383096667463
0.6370926420054128 0.0025748914942851017 -0.7707829366536052 -54.71691334513166 -0.06618851844389279 0.9964834344209261 -0.05137942147278586 -5.4491729956450605 0.7679401314743002 0.08375043198974176 0.6350226922030158 88.86657720403112
0.6324965681236527 0.004474442448544544 -0.7745502376712411 -55.62455325276715 -0.06874081043024201 0.996361769049495 -0.05037783399427067 -5.51590076965852 0.7715068323049349 0.08510701816733696 0.6305029763335536 89.60220266920955
0.629052502127807 0.003927300567514967 -0.7773528966158151 -56.5292849824474 -0.07023963511549888 0.9961839475440646 -0.051806720745150844 -5.583961563222766 0.7741830166217721 0.08719013112604466 0.626927856941001 90.32426138418901
0.6254134617457818 0.0028535422020741774 -0.7802883179723112 -57.43073242088101 -0.07037234004977756 0.9961244593238606 -0.0527616839445553 -5.654109094536778 0.7771137211651047 0.0879085822525176 0.6231904568775717 91.04246674731327
0.621658279819651 0.0022955110623129535 -0.7832852058864864 -58.329531212340314 -0.07221263780475679 0.9959049668535005 -0.054393307840279015 -5.722580675265418 0.7799527665653553 0.09037714105619377 0.6192783334669133 91.74708835253368
0.6192062446875661 -0.00021020178232368514 -0.7852283631881446 -59.22720106422377 -0.07218495002775896 0.995750327169131 -0.0571893253331308 -5.79495307190291 0.781903420845191 0.0920936575328586 0.6165596473276602 92.45073670138748
0.6172397259600342 0.00041491119907500346 -0.7867750304537372 -60.12168867858747 -0.07331917132479507 0.9956785867964982 -0.05699518322782996 -5.864663306470058 0.7833514025091343 0.0928653845284961 0.6146027990038341 93.14859415004572
0.6151286599232366 0.0017055268134862009 -0.7884248999868864 -60.99994298181554 -0.0745382850586204 0.9956444840222649 -0.05600094192562937 -5.9298706088399085 0.7848953916297146 0.09321562430368818 0.6125765842603769 93.82856068387352
0.6136512426270369 0.0026437009110324428 -0.7895727726231363 -61.88721016628437 -0.07426516426134591 0.9957544996378616 -0.054384389563435664 -5.999251698538069 0.7860768650707952 0.09201079989025868 0.6112423209366526 94.51710477392703
0.6120306355360807 0.004409048814582851 -0.790821763391633 -62.77435872718947 -0.0764947049356969 0.9956255676992927 -0.053649688351957533 -6.069336470441656 0.7871258230309193 0.09332893030573171 0.6096906178430878 95.19938409700329
0.6104829402065983 0.005110602682460559 -0.7920129174811035 -63.663229538729944 -0.07755550193357269 0.9955592968291993 -0.05335569900940455 -6.137686494986112 0.788223143428648 0.09399770336115983 0.6081683220345243 95.8783699102359
0.6093993169439853 0.005151247567831994 -0.7928467299274804 -64.54692781448826 -0.07729641162827011 0.9956014711191307 -0.052943134161247 -6.2046559336769755 0.78908664749671 0.09354771698934014 0.6071170294008275 96.55221136973606
0.6065586820439002 0.005359661517273948 -0.7950206533578779 -65.41679747174906 -0.07664421384096147 0.9957139515485346 -0.05176283586033105 -6.271648783254608 0.7913357250382846 0.09233093046223924 0.6043697291874481 97.21482876563394
0.6052294299435717 0.004895138294843296 -0.7960360386007997 -66.2917562143474 -0.07667278152247942 0.995690411019743 -0.052171735421986595 -6.342512825903187 0.7923500626009855 0.0926101669602749 0.6029964637307623 97.87689372415522
0.6031879961001547 0.0050325053229383215 -0.7975831713688888 -67.16183178628458 -0.07664393692904173 0.9957182335730234 -0.051680811354265485 -6.411052882501256 0.7939080225647659 0.09230315931967172 0.6009909970098641 98.53025383945955
0.6022697382590345 0.0049491624168130285 -0.7982773128235365 -68.00673275616684 -0.0752537540277442 0.9958796753939305 -0.050601824492914074 -6.4767314916999466 0.7947377145210401 0.09054931213792798 0.6001606344881528 99.16507013135637
0.6012532307113673 0.004816597892440544 -0.7990440244090974 -68.85612829675537 -0.07509153572490754 0.9958970588926428 -0.05050058763479222 -6.542113983354834 0.7955223528107923 0.09036508437293096 0.5991480098478629 99.79286919398733
0.5996678842536441 0.004101144456151867 -0.8002384702130407 -69.70969478978951 -0.07413738143751503 0.9959710340016471 -0.050451443024737516 -6.608404132765342 0.7968074279701127 0.08958169480334534 0.5975558908485581 100.4319050874943
0.5985497346247157 0.002501531893929654 -0.8010817420955654 -70.53247523893937 -0.07298509295510856 0.996006474648851 -0.05142255014973453 -6.670782713382595 0.7977539667008973 0.08924597915733488 0.596341985623377 101.04302971143939
0.598082468045833 0.001227291118255626 -0.8014336249326681 -71.3743649686057 -0.07301109981459342 0.9959239724219634 -0.05296055569119315 -6.73768675400634 0.7981019613558589 0.09018833024159803 0.5957342732864744 101.6633493632399
0.5970611925744704 0.0010262065479021629 -0.8021950381432639 -72.20804819891211 -0.07422043491851554 0.9957805291999057 -0.05396725587671207 -6.804998726465392 0.7987548180524846 0.0917610187741895 0.5946180758028343 102.27710385192316
0.5981354318603925 0.0012019532100430372 -0.801394135529867 -73.04206150461928 -0.07585597305097422 0.9955939399944274 -0.055123298149356986 -6.8728402979624965 0.7977968892554494 0.09376172969209717 0.595591186586466 102.89100158922855
0.6007969646801173 0.002342870378595506 -0.7993982225333925 -73.85595198532627 -0.07858686268160531 0.9953249505447123 -0.056145773100288024 -6.939713216920271 0.7955294540398997 0.09655440840042269 0.5981723279903743 103.49281396527603
0.604623660357152 0.002726888698840718 -0.7965066185627988 -74.64295394521854 -0.08051549101815754 0.9950811853838215 -0.057712132184091054 -7.001636700058112 0.7924313756044902 0.09902524210095698 0.6018691854418389 104.07936476681672
0.6097374298373044 0.002822390805535431 -0.7925984486267551 -75.44073297751703 -0.08173100358605065 0.9948868029121768 -0.0593320524169226 -7.066844922237182 0.7883782783082086 0.10095683979467812 0.606850399019772 104.68464467772611
0.6136709431785262 0.005433701892511265 -0.7895431896876329 -76.24202914337428 -0.0853586195502006 0.9945720911700009 -0.059500096926103724 -7.135112657589904 0.7849343154473897 0.10390779734685432 0.6108038065399256 105.29797761988185
0.6184033734943687 0.006909273664249135 -0.7858304712774995 -77.03753014228252 -0.08683918564899869 0.9944382878152607 -0.059594022878739036 -7.203186868465807 0.7810481569574332 0.10509402297221972 0.6155639876153506 105.90846757486005
0.6246469563235458 0.0078408166436345 -0.7808679155594058 -77.83230249692409 -0.08807992305352266 0.9942759737113013 -0.06047491426475572 -7.276137898575496 0.7759240343684528 0.10655425704684414 0.6217620792510422 106.5330759207358
0.6296995211403805 0.009670910777085567 -0.7767785955858446 -78.60594006966572 -0.09050862944820214 0.9940260160092848 -0.060995635025117345 -7.346710757482367 0.7715482493473649 0.10871408823814388 0.6268130071620767 107.15030294097083
0.6368699845716926 0.009916941771811912 -0.7709074373863225 -79.3691639120739 -0.0909175845731944 0.9939062782941346 -0.06232417494743592 -7.418690009730278 0.7655916767879782 0.10978143847389252 0.6338907005151401 107.76677835825792
0.6444826989551253 0.00922921483979166 -0.7645631905480137 -80.13187381995564 -0.09292465086885043 0.9934607696761817 -0.06633783517202702 -7.492309687773468 0.7589512896150974 0.11380035460335675 0.6411258997137229 108.40008610710125
0.6513712023573077 0.009075801456350563 -0.7587049403869202 -80.87156563514507 -0.09502036071399554 0.993032317133225 -0.06969898262385311 -7.5612484368912 0.7527859508448449 0.11749232722583595 0.6476950403188831 109.02153047812756
0.6590429161049582 0.011951284611724712 -0.7520103732848388 -81.62316287528283 -0.09794259910437092 0.9927231117769697 -0.07005762360036592 -7.6370388080352605 0.7457007992570167 0.11982483106593399 0.655417674347791 109.66227127833116
0.6676417130617043 0.014116934555781654 -0.7443488799875908 -82.3413674724767 -0.09939994996899518 0.9925588331007054 -0.07033216035305212 -7.709217709491814 0.7378171812354293 0.12094492545168631 0.6640769022344415 110.29556962637338
0.6783743850630268 0.01650212266833888 -0.734531056959336 -83.05300584937584 -0.10098345140303164 0.9923536665804897 -0.07096860550264306 -7.7841681234988735 0.7277434549572339 0.12231876541110659 0.6748537496341047 110.93539273010941
0.6874576133394099 0.016794236936836952 -0.726030291012291 -83.75981569433115 -0.10056508943528075 0.9923023206861727 -0.07226871486134373 -7.861671416601625 0.7192278447394514 0.12269497938605967 0.6838546990296244 111.58986713376865
