1.0 0.0 0.0 0.0 0.0 1.0 0.0 0.0 0.0 0.0 1.0 0.0
0.9998958734046479 0.0007621965115889472 0.01441046164542684 0.008184371516108513 -0.000756980595000949 0.9999996459970905 -0.0003674045086543571 0.010790635831654072 -0.014410736578516326 0.00035645781224316034 0.9998960964065682 0.16859184205532074
0.9993553534134448 0.003669754780191984 0.03571288988225884 0.016224082505680172 -0.00370501451698323 0.9999927121194002 0.0009211815866166282 0.021434331441764234 -0.035709249100450584 -0.0010529045255084106 0.9993616667256867 0.3601748697631776
0.9980704219436558 0.004248378687223941 0.06194662315044218 0.03958602549088622 -0.0044056316433911365 0.9999874099496754 0.0024021556907768255 0.028253163734400857 -0.06193563797229919 -0.002670434547020794 0.9980765729783935 0.5756233293148094
0.9957851146959017 0.003123151338947662 0.0916637947926218 0.07733900176540084 -0.0035008539896677028 0.9999860310287537 0.0039600213008818864 0.036783967938483514 -0.0916501465978799 -0.004264231827004715 0.9957821382990923 0.8296681480313213
0.9921362044454743 0.00042859624893668225 0.1251621673421466 0.12875246388315031 -0.0011293985012341679 0.9999840813303494 0.005528249716024977 0.046221851690240276 -0.12515780553986047 -0.005626134654691232 0.9921208950129484 1.1035195069285493
0.986893932391243 -0.002630771725529272 0.16134883095168975 0.19458022514210538 0.0016753351004022798 0.9999802508599344 0.0060573213885480905 0.05297212853254 -0.16136157988086927 -0.005707620364999569 0.9868788495089552 1.3833037707812454
0.9796391526668013 -0.003188785736388911 0.20074103269585702 0.27191164180000843 0.0017195708883482744 0.9999704493241489 0.007492900267590868 0.06150185578683833 -0.20075899391616725 -0.006995150033238801 0.9796156870108712 1.6842733171967086
0.9700551316369334 -0.00474719422572699 0.2428384354500644 0.36450485825816875 0.002426685878222622 0.9999485035842505 0.00985400300724154 0.06949055386859168 -0.24287270900720875 -0.008969633582344084 0.9700166972237634 2.0097156906851703
0.9583609233074847 -0.008973772588357484 0.2854186610625844 0.48779764222126487 0.005040625091971064 0.9998819910374662 0.014511929493873673 0.07454923454289536 -0.2855152058576008 -0.01246897768405304 0.9582930615524705 2.3459895091102396
0.9452700639767447 -0.01625405367943445 0.3258838932632098 0.623123868384567 0.010467799633632605 0.9997550313471663 0.019501345257615814 0.0780055307995202 -0.3261210378375354 -0.015022750580791692 0.9452086466197589 2.638937806606728
0.9297425491127289 -0.020848262886877977 0.3676195619168876 0.7686911479023448 0.013146759188660925 0.9996387592885306 0.02344170750867528 0.08523706648408612 -0.3679754816454489 -0.016961747041108408 0.9296807753444799 2.9363014983640676
0.9106218886560078 -0.022964801484947398 0.41260197987082264 0.9452219631350609 0.012669236039234023 0.9995367843698367 0.027671413946327765 0.09543030479967604 -0.4130463247127953 -0.019970843356348446 0.9104910208546203 3.260813948146302
0.888847527864607 -0.026416776714752295 0.45744095369455046 1.1453402473437642 0.013028466134032262 0.9993901160577042 0.03239837953298011 0.10741383907783036 -0.45801782856038614 -0.022837465581179776 0.8886496041110115 3.592425309146018
0.8643334145785615 -0.03228871564271913 0.501881646690839 1.3723611825928699 0.0157099733968369 0.9991833294920631 0.037227285705861625 0.12430886266788778 -0.5026737959938187 -0.024292239651765274 0.8641347938336159 3.9327772393264886
0.8380220756392585 -0.03776738985879165 0.544327681644543 1.5977425044112064 0.017968710422591537 0.998970741147253 0.04164833463005395 0.1365772486925046 -0.5453403764503579 -0.025121357347124826 0.837838165290899 4.23359561513309
0.8100447249202805 -0.043148720316935785 0.5847783610598449 1.83654925399539 0.020146813599982397 0.9987480732331602 0.04578637477260918 0.15441211415037978 -0.586021884856355 -0.025307590720199176 0.8098999174721183 4.512791947312163
0.7769133492235789 -0.047316108586543046 0.6278270730594755 2.1053848059297566 0.020960887446580395 0.9985631437179757 0.04931824414479344 0.1718033223075399 -0.6292585231807777 -0.025156189622041955 0.7767888240236511 4.800985416615643
0.7410226982224968 -0.051268326117203666 0.66951991714675 2.3975187117267147 0.021669836119331317 0.9983875070267696 0.05246717083504572 0.19183757748426528 -0.671130225009731 -0.024370977617087914 0.7409387805536809 5.087666447197794
0.7022658935141967 -0.05190518372939526 0.7100200466949683 2.722893726016977 0.01729975861287372 0.998288284842053 0.05586786821643279 0.2214514143971079 -0.7117045265829377 -0.026950922973622282 0.7019617614886345 5.381817496550978
0.6628915398671069 -0.05448580561768928 0.7467302748374458 3.0629945559650866 0.01549780360621119 0.9981334250936175 0.05907185280882352 0.2450490876357141 -0.7485550243342163 -0.027585552325001268 0.6624986134679269 5.65795222923259
0.6262237615590209 -0.05627600818722614 0.7776096780270818 3.4156436305354005 0.014495920671356608 0.9980595225008676 0.06055623691437616 0.2715256854818098 -0.7795086072281436 -0.026649586260420143 0.6258243609906762 5.911924196015396
0.5897247500144399 -0.058760961405779646 0.8054637599762482 3.820070648737932 0.014145429528643266 0.9979480589254287 0.06244660527538448 0.29996180253040106 -0.807480418365583 -0.025432677830656458 0.5893458686157946 6.18678298744117
0.5555713380755587 -0.059732723638307735 0.8293204989843691 4.243957442207194 0.012246508019422168 0.9978958332923177 0.06367047148530765 0.33349279247008884 -0.8313786810775602 -0.025217208897510803 0.555133840641296 6.453857128083066
0.5233107285748475 -0.06049542796568256 0.8499918732280394 4.661445667944631 0.012285920367595383 0.9979088242212042 0.06345892137576098 0.36712563221870265 -0.8520533654174389 -0.02276580191214052 0.5229596358650578 6.6989109712563994
0.4891278469519984 -0.06077595368661792 0.8700920829369638 5.1480179720639745 0.013758244442498208 0.9979828803440263 0.06197484368758968 0.40383160775662613 -0.872103583323657 -0.018342682293568224 0.48897738798467394 6.955761449014094
0.46076875835580583 -0.059215740213613643 0.8855425723443245 5.642165465044137 0.014810930153481002 0.9981457986833226 0.059038977962201186 0.4404867530012649 -0.8873966349221966 -0.014087607383313536 0.4607914405096691 7.204316280828131
0.43569180534392005 -0.05794087367754186 0.8982290943370955 6.174658520746712 0.015571469669108672 0.9982618321902466 0.05684051129710327 0.4764204060703731 -0.8999612103243672 -0.010778197885325372 0.43583672442996935 7.45216736060579
0.4129905799019642 -0.05758336007644439 0.9089130528023823 6.760034097911882 0.015291271882854191 0.9982968964438701 0.05629816653090936 0.5114709902174237 -0.9106069173449345 -0.00935217583474137 0.4131677369915421 7.719682499517767
0.39741694392742516 -0.05896902704494823 0.9157414627113692 7.375516108015818 0.01727257221290481 0.9982369900284134 0.056785297288678954 0.5513686094037549 -0.9174755751127851 -0.006750228765443896 0.3977348406703622 7.979106097287904
0.3866024887109153 -0.06069588697479583 0.9202469913163908 8.00846828737846 0.018962615402454905 0.9981441726611635 0.057867346575249355 0.5925459935226465 -0.9220514817186863 -0.004921370429489487 0.3870359740043172 8.23809580401391
0.3773954120966937 -0.06154857781117504 0.924004586296945 8.633807292056948 0.01819524717878572 0.9980890814400663 0.05905182884744248 0.6333778572080346 -0.9258734448662354 -0.005473397440939425 0.37779413178606136 8.498257479553418
0.37060366639932485 -0.06271862281789714 0.926671083396479 9.266773976070509 0.017354610211281228 0.9980108634496871 0.06060638531396109 0.6751907534904887 -0.9286289570952396 -0.006378933158152605 0.370954942352803 8.754472963711939
0.3591150664555843 -0.06371466819230416 0.9311158950967091 9.957868063932324 0.015894594980569752 0.9979398094301859 0.06215704790969387 0.7167993275613025 -0.9331579345936061 -0.007521822358239786 0.3593879398274324 9.022187744770354
0.34902626240540136 -0.06488813967622209 0.9348637320383518 10.642880995281025 0.014648983291769162 0.9978557431484192 0.06379124668976156 0.7562671758842772 -0.9369984394009595 -0.008570017215597633 0.34922840572480784 9.27650698954549
0.33912733726359406 -0.06661494734456545 0.938378973502063 11.327666067217773 0.014823744008254713 0.9977442929088188 0.0654719984532241 0.7958925624191588 -0.940623679126824 -0.00829305481484462 0.3393498482506743 9.52219264244793
0.3288907849347545 -0.06804006502126839 0.941913690917009 12.084393433950964 0.014718292460410055 0.9976493145430416 0.0669269531567762 0.8432060873222376 -0.9442532623465228 -0.008148296981642846 0.32911909972568903 9.78256229638104
0.32046044253619005 -0.07065178737576248 0.9446234327551478 12.838479792538148 0.013611635518212883 0.9974551344071381 0.06998555724831781 0.8914853725072781 -0.9471640977930004 -0.009569732778311649 0.32060660016057557 10.04363471654366
0.31157549157383 -0.07376699384843363 0.9473537584604241 13.593918038565745 0.012003357335094136 0.9972081301470643 0.07370118439538023 0.943080508280793 -0.9501455848780294 -0.01159205707201915 0.3115910649386898 10.294906111943186
0.30015997044001996 -0.07764627153035018 0.9507234343713642 14.401946649401369 0.012705729831311602 0.9969185631732687 0.07740764064354216 0.9938196344378333 -0.9538042548525878 -0.011155040025978037 0.30022159900166867 10.550263810642083
0.28966730404603935 -0.08023854492681289 0.9537581605809345 15.21243772912535 0.012785615950973411 0.9967153216530096 0.07996934166849415 1.0470214933104727 -0.9570419954168438 -0.010970118056154637 0.2897417393445073 10.796735256419904
0.27649199336967983 -0.08127951756513864 0.9575728784937674 15.993607415203474 0.013300711361309364 0.9966451907938844 0.08075552454603342 1.1002668816628087 -0.9609241742612911 -0.009591855493083126 0.2766454908876263 11.012884998512794
0.26390777580662383 -0.08049038300262729 0.9611836370397135 16.779582968115346 0.011809056705211207 0.9967070037011847 0.08022278325226723 1.1538240876885424 -0.9644756254299713 -0.00982074422319959 0.2639892439747662 11.226648793929943
0.2485203801000873 -0.0799121084737988 0.9653246477709869 17.546009858332447 0.011047211224901904 0.9967600496180117 0.07967033707504648 1.2053452515913634 -0.9685636684281838 -0.009135557168062497 0.2485979923413874 11.421803928068515
0.2283072052081001 -0.07905036776189579 0.9703745974657292 18.358069291102666 0.008538508263457215 0.9968224958466958 0.07919599516768067 1.2619742970326813 -0.9735517006952952 -0.009795464801297275 0.22825673033368632 11.614041207015768
0.2059818173169815 -0.07818981077044132 0.9754270062011182 19.18243705173497 0.005591710365053633 0.9968803964233158 0.07872869871962913 1.3215802023776215 -0.9785398426788697 -0.010762375136342303 0.2057764504782742 11.794005190780677
0.18289639172846728 -0.07805815481699839 0.9800284865039754 19.99112925537426 0.002367335786748359 0.9968751191664494 0.0789581693566298 1.3782432846865627 -0.983129343277872 -0.012121107764679132 0.18250965216277526 11.958426105612725
0.15129862075378864 -0.07880616905410087 0.9853417250259008 20.807856933315556 -0.00047203983972556735 0.9968111068822489 0.07979595462537878 1.4347840737143918 -0.9884879890703736 -0.012538138426507847 0.15077894597193198 12.092403026491365
0.11927376013929769 -0.07907822249199198 0.9897072318972621 21.608703004067063 -0.0008683875902620389 0.9968144582647585 0.07975074731517909 1.4916138387172795 -0.9928610255444751 -0.010371620984372588 0.11882513805138273 12.192974024944215
0.08508665393109655 -0.07848638437653632 0.9932774782457864 22.42377821673556 -0.0019228452265351928 0.9968778634740829 0.0789355938824973 1.5487545442651076 -0.9963716997130362 -0.00862628441719545 0.08467008461144382 12.2655461563822
0.05138212252604868 -0.0771791312381038 0.9956923516759832 23.269381280102845 -0.004769351036463622 0.9969790019381009 0.07752498297451936 1.6119286171011369 -0.9986676778465444 -0.008732204523491341 0.05085880286391742 12.314208058324816
0.019931166150755186 -0.07535919927275281 0.9969572406582142 24.077852764157328 -0.008574313100754433 0.9971057671945192 0.07554184391633471 1.671703027643809 -0.9997645871757618 -0.010053860571898596 0.01922732734624344 12.334100969666112
-0.012696240617835641 -0.07270512981111876 0.9972726656102247 24.919890240903342 -0.008271440976396309 0.9973265653193955 0.07260375591105439 1.7263201792785672 -0.9998851877782511 -0.00732708723616303 -0.013263674237768475 12.324074911309062
-0.042998444530619684 -0.07008660476628628 0.9966137675149197 25.74194310173423 -0.006528829215686219 0.997534761697455 0.06986969009717006 1.7776328323729655 -0.9990538064373812 -0.0035024330880917623 -0.043350026591039315 12.28261957047222
-0.07401296343650698 -0.06619600080143596 0.9950578730512326 26.573529164510663 -0.0038532587279442587 0.997806078977677 0.06609221703324503 1.8294639691290584 -0.9972498351168188 0.0010574654085749383 -0.07410565515794243 12.215602182062751
-0.10467854734222304 -0.06368235855396825 0.992465092048746 27.39001740860152 -0.0032479426427388207 0.9979642766953782 0.06369264720876364 1.8778879642158837 -0.9945008057286387 0.0034437840922992465 -0.10467228743184209 12.127609621489826
-0.13189205779237362 -0.06085916901443253 0.9893940805554511 28.155868551514423 0.0005952238431883999 0.9981084736628678 0.061474551734496785 1.9210231770396506 -0.9912639057283736 0.008696916077182582 -0.13160635566292672 12.017704634769819
-0.1606700192738409 -0.053356060334262996 0.9855649525689061 28.966368644513317 0.0031538000277547967 0.9985049262392196 0.05457074144077132 1.9628991416414936 -0.9870031400415749 0.011876156853842489 -0.16026153139931748 11.877611142369542
-0.18574002292050484 -0.04242023912095699 0.9816828241333405 29.790472298935278 0.0038657043166601783 0.999028399124681 0.04390118532013999 2.0009502310115934 -0.9825913190211008 0.011949102698443539 -0.1853955736501698 11.722894255712708
-0.20776583345949495 -0.02923304399978959 0.9777416773286224 30.579073155520934 0.0029433684589281733 0.999530129690384 0.030509939744928914 2.0317212398221267 -0.9781741639549658 0.00921677707393272 -0.2075821668433322 11.559628634950974
-0.23033302382115356 -0.015792535009893242 0.9729837069423956 31.384703627696048 0.0016963301210961412 0.9998602673777992 0.01663033924237548 2.0532054945400287 -0.9731103845923773 0.005481017894290101 -0.23027404943092983 11.377087764124719
-0.2548346557286837 -0.00625288969412394 0.9669644252040076 32.17025149214489 0.003503823849400964 0.9999665572222227 0.007389699288070421 2.065634742567251 -0.9669782942021378 0.005271224488566021 -0.25480422432588423 11.17158001317694
-0.279592024611733 -0.002240277178673535 0.9601162851090875 32.97612810216509 0.004992811396159063 0.9999803641600367 0.003787232330188928 2.0709657620896222 -0.9601059168695266 0.00585255948480309 -0.2795753493060545 10.938485931739745
-0.30373853814565827 -0.002754381824374374 0.9527514438854997 33.749198369107866 0.006159868984026361 0.9999692436600611 0.004854662503774143 2.074095859475817 -0.9527355123323779 0.00734337216076352 -0.3037122296287564 10.693380570031804
-0.32564354294114745 -0.006856793218954337 0.9454677505486316 34.502273443853355 0.007664109082371431 0.9999217074998115 0.009891425712949025 2.0722385286839824 -0.945461550975348 0.010467246887972941 -0.3255654962828151 10.437012197624124
-0.3449700238305948 -0.008737463558431116 0.9385730335934886 35.238237198815696 0.013071247380472254 0.999814981469298 0.014111885822446534 2.0719585018793305 -0.938522682277971 0.0171364978952048 -0.3447919884359993 10.15907145108835
-0.35965920728543543 -0.008817230015349361 0.9330420735795727 35.981191753542966 0.014545902468817597 0.9997808591739089 0.015054911186990757 2.0753931550833067 -0.9329703485835871 0.018986576424857526 -0.3594521367017913 9.873636699765322
-0.3709851456026098 -0.005932620770082037 0.9286198499671484 36.735279267711675 0.01682783972409666 0.9997724507684602 0.013109938773586254 2.0772627586788777 -0.9284863195289584 0.02049025854462205 -0.37080089502635233 9.571254136039704
-0.3801287390586739 -0.003560060198467061 0.9249267364029684 37.50380331769417 0.01768431663309488 0.9997818245639047 0.011116124184731083 2.0799339921299036 -0.9247645141801687 0.020582255538526634 -0.3799828470734748 9.253391387624646
-0.3886789655397857 -0.002404367137628736 0.9213701106317643 38.27676124053534 0.013165390233816463 0.9998800113709678 0.008163048498244056 2.0797170419267528 -0.9212791836609103 0.015303002302190425 -0.3886006740519447 8.937803852883816
-0.3993959706936674 -0.0033592009236217673 0.9167723678006543 39.05703137614051 0.01325622729388854 0.9998675818878808 0.009438809650333307 2.0788626586665506 -0.9166826773925623 0.015922765426809482 -0.3992985531022706 8.594710316846214
-0.40827147372568173 -0.0029371882169272057 0.912855835642868 39.83307568680342 0.014483117304092342 0.9998481153434648 0.009694614859700211 2.0759268690458197 -0.9127456617563385 0.01717903284531359 -0.4081669239116318 8.246609832188295
-0.4149934710383883 -0.0013954274552840946 0.9098233189898616 40.59145579237935 0.016594393166205854 0.9998208685047036 0.009102583036992063 2.0772515285274773 -0.9096730429725594 0.01887547839703658 -0.41489597636555514 7.896221764624091
-0.421159486806821 0.0015697602764141033 0.9069852383171901 41.35375115719437 0.017455542128066166 0.999827316471392 0.006375051892408622 2.082406853515045 -0.9068186096026212 0.01851683262035351 -0.4211141605171683 7.543673353241731
-0.4227573797814164 0.0021401650141207465 0.9062403751400969 42.123809934283635 0.01612081620183592 0.9998567415042177 0.005159045798862244 2.083478233445728 -0.9060995072978122 0.01679035920641566 -0.4227313174019423 7.191353124477799
-0.42352847331846855 0.0022246138472422038 0.9058800601524234 42.87955709579754 0.018304201109813862 0.999813840411682 0.006102519395756742 2.0841836980105604 -0.9056978461442088 0.01916600152548143 -0.4234903492114861 6.840639248336468
-0.422906798781852 0.0008420211164915561 0.9061727928737024 43.66895089920282 0.015912769571536096 0.9998522731927675 0.00649734990738328 2.0866994747127707 -0.9060334559543868 0.017167492294891555 -0.42285772299871205 6.479847898637904
-0.4173143496535303 -0.00039277440772577613 0.9087621137027643 44.46971375362808 0.013385679087322074 0.99988876384034 0.0065790228156025875 2.090206878623867 -0.9086636105669811 0.014909918648390625 -0.41726267165572817 6.12408907877644
-0.41066725429170997 -0.0016404244234436115 0.9117838094966478 45.26564327193036 0.011559750769665315 0.9999086435144044 0.007005482661986028 2.0945427741887945 -0.9117120040970458 0.013416915923383226 -0.4106107742771172 5.77371392063582
-0.4062101549189974 -0.00277222927084952 0.9137754783236164 46.090547812679844 0.009067113605384952 0.9999339392552189 0.007064317122487528 2.0985303883038973 -0.9137346975416613 0.011154903424497788 -0.40615818425588684 5.414942044872724
-0.4014338840997674 -0.004351507206001336 0.9158776670940344 46.92567783992839 0.0056286030523710956 0.9999581085229943 0.007218034829129278 2.0993897985645473 -0.9158707089563755 0.008052675589628765 -0.40139257453470006 5.06232804457557
-0.40046157545872646 -0.006078763427101385 0.9162933892680404 47.788175191940184 0.0023466273157805168 0.9999679125761367 0.007659448959618807 2.104613295861337 -0.916310547751883 0.005217514094040143 -0.4004344610861095 4.697562130383449
-0.40112054482843873 -0.007691187579610704 0.9159929880463891 48.661680090704536 -0.0006522337512303812 0.9999668953366494 0.008110661003673364 2.108191913786181 -0.916025045022062 0.0026559112180180085 -0.40111228231996554 4.328434600922507
-0.40263483022004354 -0.008581031312749555 0.9153204681395947 49.558211871479216 -0.0017767410619346324 0.9999615012709614 0.008592971961087634 2.111124717050439 -0.9153589660263758 0.0018335423460652655 -0.4026345755615004 3.948179032938155
-0.4042976177099251 -0.009272725188188745 0.9145804791715508 50.464875440824486 -0.002058559321685384 0.9999552992354528 0.009228318614734297 2.1091890434752973 -0.9146251683873554 0.0018482690605751521 -0.40429863375218256 3.554099521807057
-0.40345603268888175 -0.010265351562123312 0.9149414474403564 51.387179337661856 -0.0027157848117862035 0.9999460954330022 0.01002151391506396 2.1123407008561053 -0.9149950022813264 0.0015584561590759223 -0.4034621630519969 3.150809906986676
-0.40368745768493447 -0.01101807021804937 0.9148306065258992 52.31512685815279 -0.003057797108291318 0.9999381445938542 0.01069377683725502 2.111595643658008 -0.9148918440912669 0.0015195772012702316 -0.4036961784565351 2.749597600995526
-0.40468061652641696 -0.011729231622370564 0.9143828649604867 53.2528519906186 -0.0038971192281635854 0.999930778423572 0.011101838719359481 2.11163210765853 -0.9144497859748891 0.0009292398925864207 -0.40469831411027823 2.339516304881108
-0.4038992868175275 -0.012736965706239087 0.9147147838604616 54.22176692644323 -0.005733107492122775 0.9999186748329908 0.01139189179722368 2.1105117964594444 -0.9147854926630486 -0.000642981208104792 -0.4039394620340895 1.9208157831532142
-0.4045592391666579 -0.013209887895768543 0.9144163826543553 55.17475487818112 -0.006216884130929638 0.9999122908053867 0.011694487933497848 2.1081889994104275 -0.9144906628044912 -0.000953707557566393 -0.40460587994404773 1.5043626182071035
-0.40241016392613554 -0.013809314297246675 0.9153553205218075 56.15102164076817 -0.008045351751693318 0.9999009544632489 0.011547881999562571 2.11025310633941 -0.9154241269947676 -0.0027173704429382757 -0.4024814077864263 1.0821047576330336
-0.4004659970689295 -0.01567916262006015 0.9161774659153772 57.099947121856125 -0.009071081216465635 0.9998724347215442 0.013146473655554752 2.1093275547955215 -0.9162667191801483 -0.003046004521601915 -0.40055713847003394 0.677745555542198
-0.39927041406833885 -0.017623199812292517 0.9166638202078632 58.096510319881475 -0.006958244391464498 0.9998446956176055 0.016191586714304373 2.112758808617941 -0.9168068058673464 8.64506460239358e-05 -0.39933103215452703 0.24563695908224487
-0.39661576664526055 -0.01920967678387263 0.9177837010789917 59.07311224261065 -0.005887095728982701 0.99981369506224 0.01838252621019083 2.111687468562425 -0.9179658358306536 0.001887719218979362 -0.3966549643756905 -0.1747389197887098
-0.3944927221672287 -0.019806485906049918 0.9186855802031201 60.02841555704207 -0.0057481308542186756 0.9998013029096275 0.019087003219315543 2.1137934119022717 -0.9188810865116187 0.0022489589291111063 -0.39452818788391103 -0.5804538933494385
-0.393596029830116 -0.020171336519448534 0.9190621755273088 60.99810170239797 -0.006542836719957079 0.9997953814904711 0.019141223523576716 2.116956087447655 -0.919260222455876 0.001520635835006905 -0.39364747055840565 -0.9851672325117993
-0.39105250321473145 -0.01995846387614967 0.9201519436751721 61.95828056851416 -0.0073113267844097975 0.9998006653903362 0.01857885856807362 2.119019580281207 -0.9203393310242393 0.000537777598398629 -0.3911204757681584 -1.3887817575210593
-0.3910634921239748 -0.019558191506144393 0.9201558684662132 62.89975471246596 -0.011089139299058495 0.9998017391903442 0.016538237559347514 2.1202079161062493 -0.9202968956360813 -0.003736235668733664 -0.3912028430694487 -1.7812023589643005
-0.3921371844468797 -0.017873041647891597 0.9197331041972593 63.852622249463586 -0.014122970581602123 0.9998103695898398 0.013407705343541416 2.1243197065535955 -0.9197983313074801 -0.0077317037501937755 -0.39231524375315097 -2.182503864793467
-0.394857380256278 -0.017393005045214568 0.9185777771275803 64.80602005045127 -0.01629756216532158 0.9997960684610603 0.011925223573359728 2.1229034252580736 -0.9185978656216314 -0.010261815887272418 -0.39506031996402674 -2.584725494270075
-0.3980978583530328 -0.019322925652442112 0.9171394221812512 65.77459843912875 -0.0175553493724823 0.999755512724168 0.013443380752122062 2.119606805709523 -0.9171749587091544 -0.010748921893224227 -0.39833974920285664 -3.003335732993408
-0.40208464841272423 -0.021604175495791147 0.915347581584156 66.72760611069228 -0.014692414425961413 0.9997451064247929 0.01714220341775194 2.116221872705531 -0.9154846085375504 -0.006556049178189758 -0.4022995771188697 -3.422046638550137
-0.40689754623631363 -0.022890477575677783 0.9131869539712144 67.66334403970721 -0.015945855805196092 0.999711646496386 0.017954206808580727 2.1195356233677534 -0.9133346136819228 -0.00725602479618041 -0.4071452241579781 -3.829513557174092
-0.4106402518171523 -0.02126868668501271 0.9115493549743979 68.58573057259562 -0.01616592173252485 0.9997405947490206 0.016043883115155692 2.115369984139704 -0.9116541266083776 -0.00814777132531713 -0.41087755750387095 -4.237993722452925
-0.41541645466546134 -0.018998992924967498 0.909432904320608 69.48503965804215 -0.017033539250134414 0.9997690252534837 0.013105521138583119 2.1181292105718788 -0.9094718399894486 -0.010046611943175347 -0.41564412404684653 -4.643117134947538
-0.42091923669590015 -0.017289384105520975 0.9069333345823125 70.39017077751781 -0.01780502859850182 0.9997831913066159 0.010795894468056899 2.1154361434737634 -0.906923357917276 -0.01160377430022869 -0.4211358157246211 -5.059029748094033
-0.4244692213554324 -0.016674429064455633 0.9052888177467386 71.27324633552368 -0.018953621519337785 0.999774964919773 0.009527840834556217 2.115338627738065 -0.9052439673111414 -0.013114226437017875 -0.4246897417076896 -5.467787452192296
-0.427597624469242 -0.017743293030836504 0.9037950249368955 72.14108096006402 -0.019050274562164505 0.9997621827403542 0.010614377106039354 2.1121048952534585 -0.9037684208841156 -0.012678860937203036 -0.4278339489778339 -5.876133267025706
-0.43086770551425946 -0.023023373894086693 0.9021213580219742 73.05212889085414 -0.01711280909191698 0.9997031863618605 0.017340442408636636 2.114746480471587 -0.902252831588719 -0.007966393944359506 -0.4311338127051302 -6.305575325487087
-0.4315145986250603 -0.029820616354798535 0.9016129335882851 73.92875659208346 -0.014687156674551557 0.999553246531198 0.0260306507363779 2.1172299670947576 -0.901986384931763 -0.002009524610955953 -0.4317597980458205 -6.725828087315287
-0.4319730260722539 -0.03232484612674769 0.9013070559298099 74.80355931405963 -0.0143064573793738 0.9994773463617346 0.028988952843398235 2.117789056529056 -0.9017730479578726 -0.00037206529896009755 -0.43220970783195206 -7.139201098194291
-0.4310932956357307 -0.027741493382619584 0.9018808014382093 75.66439021778737 -0.01477228062389056 0.9996102874327195 0.02368655702808863 2.124817140801407 -0.9021864276207515 -0.0031117203566421447 -0.4313350982859249 -7.54739748353289
-0.42968270314281065 -0.022628018241857124 0.9026963760923902 76.48356502391856 -0.015574451086819282 0.9997229755775336 0.017646772388938595 2.1266018072991932 -0.9028456186376671 -0.006476487693874902 -0.4299160895034281 -7.939719128188735
-0.4294848062548215 -0.0203366354882051 0.9028450711242093 77.34178837943098 -0.012892258015301236 0.9997825995488254 0.016387291498599008 2.1276585151635556 -0.902982054572252 -0.004601618890459224 -0.42965362121604617 -8.351363341046058
-0.4267720498899184 -0.021009698810731718 0.9041151530577505 78.20361555853353 -0.011956219561622836 0.9997738146044011 0.017588872765448845 2.1286444234223856 -0.9042801923334114 -0.0033033599935851374 -0.42692671685688804 -8.75648328721661
-0.4237226977904086 -0.023251631562581254 0.9054934770647971 79.05124890863247 -0.01280058939532624 0.9997243569558645 0.019681336852861726 2.1320816219844314 -0.9057015072794958 -0.0032514210526363666 -0.42390353616452436 -9.149761422831572
-0.42093876172655753 -0.027614559694750383 0.9066686246744052 79.91177195951454 -0.014762490361418957 0.999612677738114 0.02359159561297689 2.142940648303527 -0.9069689232572643 -0.003454069788276712 -0.42118338244457865 -9.541699267116083
-0.41709800433487 -0.032103679067345736 0.908294340272034 80.78582461574727 -0.015766061916853473 0.999481148495996 0.028086742295231577 2.1543679610998097 -0.908724758148199 -0.0026053006478475894 -0.41738774099993825 -9.93407053194341
-0.4158738803794928 -0.03547406164247163 0.908730161581913 81.64451371772076 -0.02021679513818052 0.9993526137188283 0.029759614373971406 2.165787743808197 -0.9091975565367763 -0.005995365204286394 -0.41632182117158245 -10.309467415515286
-0.41378831751647516 -0.03787876673434185 0.9095847554338025 82.51715355289565 -0.024593255427319285 0.9992344775980868 0.030424177339173207 2.1846077555425127 -0.9100408782435939 -0.009780481070179897 -0.4144031154753358 -10.687101323440054
-0.41170981172327215 -0.038967608169310546 0.9104814970356899 83.36163312216942 -0.02317583892467088 0.9992099602182585 0.03228522712889363 2.193780961690907 -0.911020258512908 -0.007809027736512483 -0.41228765160368896 -11.064562618443613
-0.41000607882351364 -0.036970515324154254 0.9113331972031048 84.20223963920604 -0.019537827797775544 0.9993048861174183 0.031749297107151034 2.205293404548398 -0.9118735047213024 -0.004788066261044759 -0.41044340146817887 -11.441580137211847
-0.4055427500606174 -0.03478801235253827 0.913413855856058 85.0699672596662 -0.018104481645236987 0.9993851998023076 0.030024159612876467 2.218778634369361 -0.9138967696723899 -0.004360804130186297 -0.40592324122881823 -11.82460509639378
-0.3992934654345302 -0.034031532173609984 0.9161913464332657 85.92070703922356 -0.01450549541935698 0.9994202682595072 0.03080126612224785 2.2322253307879296 -0.9167084155084008 -0.0009910650892187012 -0.3995556265729044 -12.19752562982549
-0.39172978922882784 -0.03292024881241964 0.9194911796471279 86.78212715750448 -0.009848735842235596 0.9994524747062816 0.03158723168939613 2.2425069556698887 -0.9200275944954306 0.003317833874399139 -0.39183953009533634 -12.563881085234469
-0.3808758929382406 -0.03366392960346983 0.9240131460223663 87.62461190936446 -0.0125417702271195 0.9994331610473233 0.031241968544342837 2.257899248847914 -0.9245411068081658 0.0003105521022246701 -0.3810822029160162 -12.898011291046052
-0.3703986566166261 -0.03570034521456598 0.9281865763563699 88.4867359484038 -0.014627942612178124 0.9993614103753052 0.03260053293453385 2.2749366713518047 -0.9287576963188695 -0.0015022663683976548 -0.37068434647854354 -13.23662802318948
-0.35862979760405056 -0.038443011896154976 0.93268794519219 89.3395416932325 -0.013367549688555698 0.9992606884328381 0.03604698556127142 2.2930691595964636 -0.9333841529005095 0.00045977068480138744 -0.3588785473180526 -13.562336169005546
-0.34554657351714063 -0.04048452177684313 0.9375279030658573 90.176990517804 -0.014058335290782528 0.9991801638034221 0.03796529297422312 2.31254965053716 -0.9382962904858013 -6.130470594691365e-05 -0.3458324269097937 -13.86939689776836
-0.3334969650850376 -0.04127408218286275 0.9418472404902143 91.01425160082918 -0.014311510157961867 0.9991477010868757 0.038717594060194094 2.3347442962152325 -0.9426425382699786 -0.0005670562350548469 -0.3338034204305859 -14.166718278213708
-0.3177819732556855 -0.04081480140838526 0.9472849462858137 91.85996579034804 -0.011216689294419595 0.9991649987102265 0.03928729099423689 2.3545379766940684 -0.9480974651136851 0.0018593919402499944 -0.3179744318441616 -14.457141112614037
-0.30441396932355574 -0.03807940090404481 0.9517783851861032 92.70817706961806 -0.010187454681779173 0.9992736172252568 0.03672129742612024 2.3718870759516752 -0.9524853547681371 0.001482276742015745 -0.30458078043086717 -14.730545218843169
-0.2921894974262775 -0.03097685443196254 0.9558586360353086 93.56174182767154 -0.008904953086910394 0.9995200897156644 0.02966971629979368 2.387783831641517 -0.9563189841283605 0.0001573031828043664 -0.29232512011698447 -14.995253067371138
-0.278539519568007 -0.027506983262932556 0.9600307817516045 94.44682479533797 -0.012955592027650986 0.9996064412023056 0.024882028495989382 2.4035228500317074 -0.9603373827327755 -0.005507138879210286 -0.2787862671426414 -15.247929467769334
-0.26567571996704936 -0.029727022444137326 0.9636040244605645 95.36031747750577 -0.014869718867803177 0.9995319385557722 0.026735655363820696 2.4187258988531135 -0.9639477699962705 -0.007225506456038356 -0.2659933998723864 -15.492848685997474
-0.2522095887482044 -0.03367288375190863 0.9670865836331783 96.25465094037231 -0.015912830994471286 0.999403557958371 0.030648167153855627 2.430382460924109 -0.9675417847065848 -0.007659323728615235 -0.25259499125441354 -15.722169685229455
-0.24074574318300196 -0.033806743502726125 0.969999273831174 97.09833396138822 -0.017897080226765085 0.9993779156535538 0.030388751591911813 2.4409677832758914 -0.9704231971972954 -0.01004419223726195 -0.24120102102536828 -15.921769401774826
-0.2341880883401773 -0.02885362071240386 0.9717630409988632 97.97336355334168 -0.020841015964523493 0.9994787798788338 0.024654018444964933 2.45111733475965 -0.9719678962461363 -0.014478851601661395 -0.23466736356629841 -16.125715114854778
-0.2295109494972185 -0.023357514362375063 0.9730257707705882 98.85268255150083 -0.025523880166775502 0.9995126339629985 0.01797292657252693 2.454491356312816 -0.9729713539473389 -0.020710409729428413 -0.2299952680528925 -16.321449267187212
-0.22634172725399615 -0.02125023507298729 0.9738161274147293 99.7168042540521 -0.028467753169447982 0.9994792358697313 0.015193554381428935 2.4572308967190866 -0.9736318655082942 -0.024283421805850074 -0.2268288030481097 -16.51421384776831
-0.22302627648410922 -0.021871570642302093 0.9745670394566361 100.5875014820693 -0.030852426191566404 0.9994057913445916 0.015368540105833979 2.4600700073108097 -0.9743240773971091 -0.026640169378768397 -0.2235685433591742 -16.706120001209495
-0.2188882293684457 -0.022320297652929585 0.975494616774809 101.45402617707651 -0.03308795756290091 0.9993331552046254 0.015441242601674034 2.4609352632938055 -0.9751887663976971 -0.028897218230354123 -0.21948079795345404 -16.893067120047046
-0.2145334464558683 -0.0259605180239285 0.9763715746864491 102.31723154669695 -0.037224519306225834 0.9991377608951886 0.018386677670788013 2.4639112670949492 -0.9760070366110009 -0.03240040520237854 -0.21531483513342548 -17.07837598818365
-0.2096269498033605 -0.029908989983973563 0.9773238942307092 103.17556794447644 -0.038346311967429374 0.9990145812508515 0.022347859107370898 2.467904864284336 -0.9770292228355488 -0.03279205340208031 -0.21056727893725347 -17.256681792213083
-0.20512572639486465 -0.032303488130950894 0.9782023926701228 104.01846790990237 -0.04005684293652499 0.9988948527826331 0.024587037607668928 2.475461153700799 -0.9779155820953761 -0.0341402656541491 -0.20619300801949242 -17.429530867011387
-0.20227391674806228 -0.033174155445231654 0.9787669477530868 104.87934054234685 -0.04663090690770859 0.9986187590933041 0.02421017364485721 2.4843353804663817 -0.9782181868705789 -0.04074370377672028 -0.20354146869420076 -17.59221720434062
-0.19935426989055477 -0.032223039546623346 0.9793975448196613 105.73911886474342 -0.0537894295864201 0.9983121931920877 0.02189662505435783 2.492539029602693 -0.9784500867909264 -0.048316049573411166 -0.20075105731340076 -17.75846544898782
-0.19535934102908287 -0.029937068017094292 0.9802747063100334 106.56486392375977 -0.05416189850033101 0.9983379212890755 0.01969476242678938 2.4941305947996133 -0.979235016032169 -0.049245983336183914 -0.1966560868667176 -17.922011537916223
-0.19051468464490323 -0.027947987514825724 0.9812864336820947 107.45035758866268 -0.05626132182861817 0.998262549254739 0.017508467138118995 2.4945853571628964 -0.9800708232575591 -0.051872851756010925 -0.19175606548411767 -18.093928427422284
-0.18369615388012922 -0.030729074968149486 0.9825026447807913 108.31590687163711 -0.05932033146725567 0.9980361345558888 0.020123925942888532 2.49902263957793 -0.981191531416911 -0.05458569475917471 -0.18515825826410076 -18.253435199270672
-0.17842075913480132 -0.03458339476829703 0.983346338537985 109.18784409227972 -0.059900479876668924 0.9979103064885313 0.02422710701900959 2.505895765394003 -0.9821293016809478 -0.05458029873741887 -0.18011947637451137 -18.407025019929613
-0.17170339048865085 -0.03742823449972123 0.9844374398390869 110.04259130253682 -0.06093863505450074 0.9977679339227166 0.027306277543596276 2.5153971185905686 -0.9832621361836305 -0.055301693444481555 -0.17360096269829944 -18.5496717457983
-0.16701033423024836 -0.03434147119360169 0.9853568955543774 110.87129519844272 -0.06396983574052775 0.9976649282640881 0.023928038514312206 2.524407507547014 -0.9838777405631409 -0.05903688904466034 -0.16881717139052477 -18.68260773559446
-0.16339942804897378 -0.0318814788416827 0.9860447242494306 111.7234756311923 -0.06382503833477553 0.9977255285599038 0.02168257690923442 2.5320443349284703 -0.9844932663024326 -0.05939142165942628 -0.16506261732578797 -18.817384792124965
-0.15882829963045603 -0.031209914525010755 0.9868128051823403 112.5616669914382 -0.0650232647324609 0.9976609113342649 0.02108746165891501 2.5398347043023763 -0.9851627004104603 -0.060816504593945775 -0.16048615668942962 -18.94570783850392
-0.15274538637360235 -0.032508992827829986 0.9877307387779825 113.42669408595637 -0.06557473969595802 0.997589589724166 0.022692817977887664 2.544630151516302 -0.9860876231123613 -0.06130396283512422 -0.15450897606716385 -19.073192717272068
-0.14478825945928758 -0.033883741580815946 0.9888823246368775 114.30537605104381 -0.06354973142430512 0.99766848827945 0.024880095058012478 2.547392644586162 -0.9874197646181936 -0.059240860482284816 -0.1466039866124716 -19.2030610251778
-0.1371093029610791 -0.03445681168768189 0.9899564471075719 115.18398671683146 -0.06204034758057182 0.9977314099525441 0.026134820951949918 2.551262457105485 -0.9886111643682813 -0.05783391498444727 -0.13893597073459013 -19.3274668507686
-0.13118908630041887 -0.03489837642451925 0.9907429166835329 116.04809845055159 -0.06143438166560186 0.9977455912936717 0.02701021664864188 2.558170590758394 -0.9894519899343406 -0.05732223283311605 -0.13303729265886172 -19.443815147181883
-0.12414673629927342 -0.03537664597145594 0.9916330373611245 116.89951022941082 -0.06455462447317367 0.9975350405140163 0.027505334134086293 2.5707586851402002 -0.9901617485670543 -0.060599800878472165 -0.12612444571978632 -19.550489400281652
-0.1180867883541245 -0.0364428497056392 0.9923343333380844 117.7396883698434 -0.06819467312877804 0.997264625904549 0.028508814011088818 2.5819394511105833 -0.990658870132937 -0.06430540121009999 -0.12024898503580278 -19.646830211960722
-0.114648285095025 -0.03684507674062107 0.9927226254320729 118.58737696929325 -0.06900424753421766 0.9971935556996243 0.02904180251597127 2.590343599617445 -0.9910066521204619 -0.0651724849236087 -0.11686899786459937 -19.74434749152058
-0.10992713416609112 -0.03728181484032417 0.9932401982683957 119.46159571120529 -0.07047546065277793 0.9970734782091686 0.029625807966187228 2.6024297391617157 -0.9914379630717239 -0.06674238034474375 -0.11223288308739388 -19.842196653325026
-0.10764775766517887 -0.0362455429072555 0.9935281681407011 120.32375337201258 -0.07193596502478063 0.9969997565767086 0.028578004162942927 2.6170251203734383 -0.9915831670644739 -0.06839404948781688 -0.1099321462950924 -19.933469713819985
-0.10315327979402694 -0.03783402720030797 0.9939456661475725 121.19404918096164 -0.07395794541348354 0.996801943392204 0.03026727539342723 2.631428575878139 -0.9919121045626731 -0.07038801059364963 -0.10562151668441838 -20.023862535762586
-0.0976772639717724 -0.040154360788132004 0.9944077530936117 122.04498858106774 -0.07378663510589259 0.9967279049917581 0.03300024076413418 2.6457928759914524 -0.9924790600222952 -0.07015062879573847 -0.10032050985129598 -20.10463618711749
-0.09372475976415712 -0.04122612219842281 0.99474422655054 122.92199956817981 -0.07456704019334133 0.9966266830655228 0.034278435183348555 2.6596970593671325 -0.9928018059632828 -0.07096239462063776 -0.09648270635585027 -20.182436353500577
