1.0 0.0 0.0 0.0 0.0 1.0 0.0 0.0 0.0 0.0 1.0 0.0
0.9999364260811892 -0.003001756978225053 0.010868912136104338 0.008880221284925938 0.002990609969473495 0.9999949855501588 0.0010416940762212731 -0.0011490125907585025 -0.010871984546952075 -0.0010091231746550803 0.999940389034481 0.308425635099411
0.9997933241523627 -0.004891158901737585 0.019732854455625306 0.01565094053490378 0.004853119642999695 0.9999862729326467 0.001975139490019537 -0.0014294374309013493 -0.0197422443025019 -0.001878965372820186 0.9998033373014056 0.6043949878457413
0.9996834775272173 -0.00713489640739394 0.024125463981978255 0.024618733537198536 0.007084237666068796 0.9999725201262765 0.002184621018524358 -0.005121163656654213 -0.02414038806193109 -0.002013019016224965 0.999706551653364 0.8990493353435822
0.9996704371500209 -0.009050455131476143 0.02402303790530367 0.03138031560828305 0.00902417174775127 0.9999585585681589 0.0012022772381724948 -0.005196997687007167 -0.02403292351241537 -0.0009850929922992182 0.9997106822372377 1.2204285619861872
0.9997045851257407 -0.011658189922543747 0.021326722352500205 0.035648882895832984 0.01165121683000171 0.999932020473979 0.0004511953085240155 -0.008205190369473831 -0.021330532692622032 -0.00020257975231645746 0.9997724577805156 1.5495637641843254
0.9998282503174863 -0.013232848715153067 0.012975422226486582 0.03677079330313849 0.013250245501151163 0.9999114231880958 -0.001255695869255381 -0.011990027203470078 -0.01295765647148255 0.0014274077338705437 0.9999150272127768 1.8669230182105696
0.9999125959630161 -0.01304988002236378 -0.002121571564744215 0.017788135956550273 0.013044972427966862 0.9999122405975595 -0.0023108001908832337 -0.01323738000823222 0.002151541042138139 0.00228292237505184 0.9999950795561815 2.2017790191901243
0.9997741781677599 -0.0095021407234042 -0.019007945461116723 -0.01163428896255339 0.009456200902992401 0.9999521507285928 -0.0025052979351574056 -0.015892074437754335 0.01903084163830938 0.0023249892331539393 0.9998161938534519 2.5728530370529183
0.9993371267935994 -0.006622194078990384 -0.0357973959596758 -0.04966593216968763 0.00650384016046985 0.9999729958079834 -0.003421654274492915 -0.018463972355683277 0.0358190881385985 0.0031865656100700064 0.9993532101937395 2.923776799061336
0.9984888262624184 -0.006236718096435054 -0.05460006571867618 -0.08662980289354452 0.0059878362382800076 0.9999709300952533 -0.004720675970434134 -0.022199098951422132 0.05462792002521878 0.0043866059567612215 0.998497144733974 3.29966074418329
0.9970874228944647 -0.007370121673738763 -0.07591016013808292 -0.13222934943903059 0.007063944505089844 0.9999657999037602 -0.0043011290217905415 -0.02524252389570702 0.07593926384752565 0.0037523764932858193 0.9971053845391412 3.7007724128549055
0.9954468990713348 -0.00843233596977028 -0.0949440195028472 -0.18359910080212333 0.008041838084449585 0.9999575618609177 -0.004494810050797438 -0.0295039950033438 0.09497789200381113 0.003710820295052258 0.9954724656379254 4.091376856519228
0.9937139114447058 -0.008542733445804803 -0.1116229542098648 -0.2430372020828459 0.00813878691900434 0.9999585804082367 -0.004074017112279016 -0.03595316125610321 0.11165313407491385 0.0031399320403515778 0.9937422797073854 4.505926468427572
0.9918434785226714 -0.009284760983810527 -0.12712319743272926 -0.3093930476742794 0.008864351876028338 0.9999532126419902 -0.0038724401584213685 -0.041443803758254454 0.12715320435547467 0.0027139897634500003 0.9918793761751974 4.929698219920239
0.9900727170651464 -0.009310752037292317 -0.1402473700991879 -0.3785188826880649 0.008765090853191597 0.9999514247874529 -0.004507909479826494 -0.046659978940128986 0.14028252958074935 0.003233877246134979 0.9901062336599963 5.367467225326564
0.9879901737439438 -0.010840584459456435 -0.1541359734584666 -0.45320254142667127 0.010089729534625749 0.9999331191497444 -0.00565283870115502 -0.053189504029126894 0.15418694478888226 0.004029758806748456 0.9880334746862728 5.81388499202193
0.986271899674626 -0.014039740591429631 -0.1645315337445372 -0.5262304096020736 0.01295131920860698 0.9998865862204759 -0.007686223202561778 -0.06023385101409898 0.1646207861813361 0.005449805545906601 0.9863418760128512 6.260607897464988
0.9847514111527469 -0.013854964140148578 -0.17341481540326686 -0.6163796425984114 0.012360802803564924 0.9998766190379663 -0.00969315507238357 -0.06609490005179001 0.17352771763244423 0.007401801799635732 0.9848011700558615 6.749286946838849
0.9833831791150561 -0.01509102577685684 -0.1809137473343789 -0.7104625804958076 0.013261538105750766 0.9998480071448842 -0.011317871508068903 -0.07181151154008449 0.1810570480280593 0.008730609910291481 0.9834338421113844 7.258950464989509
0.9819824836395981 -0.01630419182749544 -0.18826729709075596 -0.8068932147150787 0.013829510300080396 0.9997999410278577 -0.01445069429308789 -0.08325254687783525 0.18846523942060694 0.011586684147958107 0.9820115082220722 7.761820074382585
0.979797259367334 -0.019414931680134116 -0.1990487150526656 -0.9145240060390981 0.016542767971111923 0.9997338092649273 -0.016082519718384626 -0.09677345399217245 0.1993079711504673 0.012464792035730143 0.9798576231246 8.285913763485855
0.9778896857597845 -0.025126243969411734 -0.2076064410094725 -1.0195738827903895 0.021935199527162778 0.9996034288094553 -0.017658769325293765 -0.10829894696387435 0.2079678088222635 0.012714439679749112 0.9780530320577185 8.809819756759763
0.9754307593237451 -0.026099646588635114 -0.2187547535781803 -1.1501547918188981 0.022240077542136787 0.9995508318675539 -0.020087644555817498 -0.12004327978147177 0.21918077633775684 0.014728983699816803 0.9755730850752028 9.354967045918075
0.9730679447767177 -0.021677066318754584 -0.22949701445515017 -1.2895996684971769 0.01662271563412301 0.9995753293662273 -0.02393420663706377 -0.13065087067137393 0.2299183771971309 0.019474745652020738 0.9730150431051039 9.898581048973378
0.9708820444757018 -0.019215753780618842 -0.2387861187785509 -1.4436358921641577 0.013372837296563198 0.9995707886509206 -0.026065411917260785 -0.14645632074666257 0.23918449560396102 0.022113192497228096 0.9707223000324344 10.474604872278292
0.9681345698839025 -0.021133877472311727 -0.2495371992683591 -1.5990640330443624 0.014937400543136381 0.9995318902342168 -0.0266997091712168 -0.16711234641475206 0.24998465685062626 0.02212147435861734 0.9679970618299809 11.046984026375888
0.9653855539697545 -0.021580566262782253 -0.25993270541870606 -1.7521054766247621 0.01482951748239818 0.9995005558772821 -0.027905630475641773 -0.18531486869036853 0.2604051028642669 0.02308501593634894 0.9652234272133416 11.587062932730408
0.9628311109784407 -0.01948321519184781 -0.2694005494757018 -1.9165378905327153 0.011859558292617119 0.9994826135355818 -0.029897426598072086 -0.20154337570682454 0.2698436632739889 0.02559120094624796 0.9625640175203949 12.13607743174857
0.960273799448262 -0.01769504535518223 -0.27849796312195385 -2.097391882555532 0.008949777114849577 0.9994270435699013 -0.03264178412282531 -0.22156182329871002 0.2789159937737412 0.02885255536351433 0.9598819711121788 12.719202661030963
0.9581898589127132 -0.01770504206941651 -0.28558488363734336 -2.2819816822781513 0.0073093431887372735 0.9992726529856074 -0.037426441151345406 -0.24877840326575498 0.2860398010399672 0.03377419844239168 0.9576223346082683 13.315979311200069
0.9562922462831076 -0.018875398125187768 -0.2918027742233168 -2.474537670186346 0.00636374528584846 0.9990214980627116 -0.043766987039005036 -0.27854516336261426 0.29234336394853433 0.03999707181971265 0.9554766306933433 13.928244463441263
0.9553312510413006 -0.01822322724168914 -0.29497476972236325 -2.668592599219847 0.003621254540255598 0.9987439927757401 -0.049973226931297486 -0.30802458445627773 0.29551495275098716 0.046672806678729285 0.9541973390328186 14.53213986424579
0.9546247004563727 -0.018894816703670016 -0.2972114856130492 -2.867248939565231 0.0018729317520857283 0.9983464679159278 -0.057452781711973155 -0.3444885246790158 0.29780559666539697 0.054289187703688485 0.9530815865880743 15.146925429332637
0.9539385110591281 -0.017557838515105725 -0.2994879620702163 -3.076776950809961 -0.0017917557918144256 0.9979346544956971 -0.0642122649323032 -0.3857053507440736 0.2999968445325322 0.061791161691873576 0.9519368390850794 15.770265076274601
0.9533704068159197 -0.017960355662834188 -0.30126780948536885 -3.2873545616174202 -0.003383238694448427 0.9975289617682285 -0.07017495371951947 -0.4316179490332843 0.3017837323375539 0.06792198508630921 0.9509538279213934 16.39635181568447
0.95266164161465 -0.017115050107938023 -0.3035504433465432 -3.5063569349662425 -0.006266445532930834 0.9970968252521802 -0.07588578742034635 -0.4811534082389232 0.30396797241890955 0.07419566113881562 0.949788647864203 17.0444691365747
0.952448564259385 -0.018007498735267802 -0.304166833217456 -3.7241043869856494 -0.007252571851114599 0.996629480125528 -0.08171339881723433 -0.5344657988584746 0.30461308678679716 0.08003380119686496 0.9491077167656999 17.692622104054788
0.9525152795975271 -0.01647705920042205 -0.30404464911152584 -3.958290058995954 -0.010456674431102785 0.9961757158746027 -0.08674445839109826 -0.5896595838122982 0.3043111895627353 0.08580471794621111 0.948700295290923 18.369394532494173
0.9518437494235323 -0.015480874397099947 -0.3061924545302397 -4.200229030567012 -0.012966420466788546 0.9957979569663568 -0.09065484455840363 -0.6491551821886504 0.306309236921824 0.09025946725707555 0.947643329500524 19.06981555340489
0.951575468501902 -0.014609423769923968 -0.3070678955581265 -4.437885371651772 -0.014572546465468312 0.9956035329751014 -0.09252700155634538 -0.7140073948813417 0.30706964785679725 0.09252118603112994 0.94717900182621 19.765214708019176
0.9501855425207307 -0.013755146362024033 -0.3113811663109129 -4.6807149178019785 -0.016043200502211474 0.9955430233407903 -0.09293387108651524 -0.7818792473418847 0.3112716667193321 0.09329997120063055 0.9457299111647738 20.479901675081273
0.9488765880266216 -0.013700537561401976 -0.3153498310852347 -4.921572476497036 -0.016761054183201486 0.9954610975647423 -0.09368175007901246 -0.8490798336009456 0.3152019793047392 0.09417801498081906 0.9443400943180628 21.171068157471925
0.9474274746023155 -0.014127685608502385 -0.3196585504378486 -5.170192884781172 -0.01675274857061499 0.9954643430518043 -0.09364874333257034 -0.9199927274005675 0.3195317289159388 0.09408055171919005 0.9428935910293399 21.88784059380787
0.9446707751473885 -0.013966445331171294 -0.3277225426900685 -5.459557603781919 -0.017331985538484616 0.9955722286842118 -0.09238798487923348 -1.0044605042687522 0.3275617939560811 0.09295631166071038 0.9402459227578235 22.706220256077582
0.9416943709178122 -0.014740700148033208 -0.3361464316943612 -5.721207396049774 -0.01615913209302764 0.9959057794182269 -0.08894133443666241 -1.078625528057566 0.33608123159692527 0.08918738857327263 0.9376006695218247 23.431302575049575
0.9394971017028882 -0.015117163873629135 -0.34222312494670964 -5.954681356253464 -0.01561940661765779 0.9960962813945137 -0.0868805635855022 -1.1408569368205352 0.3422005698837827 0.08696935982540094 0.935593448257722 24.05363062811814
0.9364646990673922 -0.014853452151152118 -0.3504472033842072 -6.231406226627165 -0.016330504966611654 0.9961733272314434 -0.08586044910301247 -1.210557525296347 0.3503814806866281 0.08612825942644467 0.9326385907306308 24.77732326147657
0.9330046271470994 -0.01492247960052718 -0.3595548432780099 -6.520922299672656 -0.017230826476170212 0.9961414096589084 -0.08605457908624799 -1.281137507818206 0.3594516161335911 0.08648474758785533 0.9291474178480048 25.508404924670963
0.9295546905185418 -0.01666486354211338 -0.36830742547239087 -6.823900380783669 -0.016457870865355873 0.9961064931194769 -0.08660827242126935 -1.3558044806949912 0.368316733018685 0.0865686819140749 0.9256611947630204 26.265250503301758
0.9262923697979 -0.017478495619552656 -0.3763999838537032 -7.1322006342119355 -0.016794321191619305 0.9960158640042085 -0.08758053109945772 -1.4283648376056026 0.3764311310583962 0.08744655992563478 0.9223083555553799 27.01157223688627
0.9223764176887824 -0.017833236936628416 -0.38588044748596795 -7.460584054310512 -0.017204531721008505 0.9960461047915459 -0.08715595916430381 -1.504677939823374 0.3859089895038331 0.08702949379348966 0.9184226254999271 27.785175542772816
0.9187629335688104 -0.018933875315101573 -0.3943553984232822 -7.7901430892600105 -0.01682423751517141 0.9960644793939157 -0.087020100676571 -1.5829480055595562 0.3944510323627846 0.08658557186552295 0.9148285750962601 28.54260216600691
0.9150594210831959 -0.019237459286422884 -0.40285999559039065 -8.12888243062653 -0.016904809418130842 0.99615461662542 -0.08596631430042234 -1.659936282512695 0.4029646179324222 0.08547455724404512 0.9112154612156839 29.302674484885703
0.9108764041877758 -0.017651316429770355 -0.4123015975256993 -8.484611640047405 -0.017899155593738277 0.9964548135824509 -0.08220355659820343 -1.7354352785917468 0.41229091249138483 0.08225713049127721 0.9073312338723727 30.078154417262013
0.9075103925140813 -0.01884040578313323 -0.4196068714747952 -8.839815660235812 -0.016343723066083893 0.9966530384276157 -0.08009746381341382 -1.8140441155768026 0.4197115321209051 0.07954721932870348 0.9041650677292249 30.843619995185183
0.904068941218023 -0.01872772344549155 -0.4269761373888153 -9.226836730882953 -0.016948301110351473 0.9966826592052768 -0.07960170807822654 -1.8942864149640166 0.42705047080455977 0.07920195208482884 0.9007524333420125 31.663297325868566
0.9011321079621206 -0.019008886288744472 -0.43312767891443604 -9.615373560136142 -0.017445161283763565 0.9966393809058608 -0.0800350596636641 -1.9700568045545561 0.4331934791147354 0.07967814424071622 0.8977721331066293 32.45990364188524
0.8982786316958422 -0.01818915519279948 -0.43904971754007305 -10.008308462233265 -0.01856544713761509 0.996679879891691 -0.07927509818136325 -2.044332245538947 0.43903396680806606 0.07936228104368359 0.8949585489486748 33.25241737927709
0.8955666707134234 -0.019543368973414084 -0.44449791342192363 -10.411552733902173 -0.017824813413570714 0.9966568401001893 -0.07973342528875506 -2.119612800691969 0.4445701455721541 0.07932969059989513 0.8922242912268635 34.062780156839715
0.8932447873207381 -0.01961752610751265 -0.4491424079217529 -10.819345963163558 -0.018513961762889098 0.9965948235210534 -0.08034918139522347 -2.196333233836391 0.44918925092233847 0.08008689281312707 0.889839933052775 34.865652382185
0.8916201835539518 -0.021020517361912044 -0.4522959054966727 -11.23722750488849 -0.017997607923642266 0.9964869943530612 -0.08179092977970855 -2.2721081147292908 0.4524262750860569 0.08106668819582998 0.8881095977843703 35.681969633083085
0.8902325962045621 -0.020661350714690378 -0.45503739762961254 -11.669501352665483 -0.01924941745330863 0.9963718982497413 -0.08290054466597795 -2.3497473333197187 0.4550993128786219 0.08255997192860538 0.8866050227990785 36.51652521281409
0.889542349540588 -0.020593159238093982 -0.45638835454731463 -12.117205784631714 -0.019766644138855774 0.9963131682839419 -0.08348263582028286 -2.43421307558428 0.4564248986999928 0.08328260620687035 0.8858556989431705 37.37930389665786
0.8885657661244492 -0.019180475399938144 -0.458348108575898 -12.576213623563495 -0.020994248381101834 0.9963785607453725 -0.08239541990846783 -2.5191729824786195 0.4582686120678389 0.08283642345256403 0.8849451995140739 38.258730579575946
0.8876978627597524 -0.020451628405457077 -0.4599719940902195 -13.037312771378195 -0.020054264721529505 0.9963474936090955 -0.08300300262853243 -2.6078202847198524 0.4599894900084638 0.0829059881699654 0.8840453982728008 39.13857651537232
0.8873815740717752 -0.022961238698903517 -0.4604635962975909 -13.49760991121705 -0.017700261518593618 0.9963259425591033 -0.08379329881254098 -2.6964542552856097 0.46069582453075497 0.0825069554711987 0.8837148632668806 40.024035993409036
0.885797456121954 -0.02550018364543106 -0.46337091769113486 -13.970265375578494 -0.01576559026600613 0.996259273533307 -0.08496414574661502 -2.787349843969862 0.4638041751552476 0.08256634019342819 0.8820819046866475 40.916854941512234
0.8854166250661123 -0.02654164195797211 -0.46403980572652437 -14.44823891747427 -0.014671717770439144 0.9962747691242819 -0.08497838021534357 -2.8773883288791042 0.4645666160565137 0.08204953167772336 0.8817288322365704 41.8228049277564
0.883745033538541 -0.026749476821889995 -0.46720357574158006 -14.932831661944732 -0.013932216961082008 0.9964184990903904 -0.083403045513957 -2.972049199053609 0.46776127354293934 0.0802162088371734 0.8802072203823816 42.73489895428972
0.8816245055302357 -0.02819172915578575 -0.47110875353337955 -15.413319707933173 -0.01142053525201603 0.9966476288298084 -0.08101280961970309 -3.063851225756 0.4718133133169572 0.07680319234984714 0.8783470083183227 43.62492703850584
0.8792168838111581 -0.02856993675317735 -0.4755643278625048 -15.90718535264544 -0.01110176440545204 0.9967006562175722 -0.08040244226730253 -3.1558003387777687 0.47629237034460503 0.07597078786863096 0.8759988683452378 44.5307354813066
0.8754722137935487 -0.03182391798569249 -0.48221949475261094 -16.42539445228194 -0.00957327148108825 0.9964916038309984 -0.08314346617428363 -3.255075732169421 0.48317362857317947 0.07740621253080905 0.8720960514261389 45.46161997045694
0.8711600528346652 -0.034849236203557656 -0.48976085294879595 -16.93017597458022 -0.008529960498123825 0.9962532971604732 -0.08606165040705756 -3.3491362766321515 0.49092504735346715 0.07915111264483139 0.8675988123828211 46.365711033006086
0.866262776028772 -0.035259887730965604 -0.49834279686188465 -17.451133942947834 -0.008962724084565476 0.9962488919922713 -0.08606866317746617 -3.4425270623871205 0.49950823060677374 0.07902458808100091 0.8626973061478277 47.26640437702296
0.8613033284146707 -0.03426329055854773 -0.5069345158715383 -17.9805347896179 -0.009509425546432833 0.9964618198036564 -0.08350696078389239 -3.5367251431421955 0.5080021134676381 0.07674547930455725 0.8579300578244867 48.161940710937
0.857325730428595 -0.03381378452128375 -0.5136625545252689 -18.514049272322236 -0.009859815875960588 0.9965786142169144 -0.08206003726776645 -3.6313402728352813 0.5146798771818932 0.07541679959958028 0.8540590906735835 49.04792836556411
0.8540582565706659 -0.03438981481606035 -0.519039338605844 -19.065143681177506 -0.010379655997578391 0.9964868893870232 -0.08310320102827973 -3.732157338389167 0.5200737996908197 0.0763624247695934 0.8507009009977958 49.952336440856456
0.8525295203816723 -0.03718626188433004 -0.521354580688485 -19.606828814755232 -0.010059954287399963 0.996113784380259 -0.08749929078212387 -3.827937764776651 0.522582255915307 0.07984053165347327 0.848842314748599 50.83190920168492
0.8514956157721015 -0.038208204522650065 -0.5229678282916123 -20.15688783778936 -0.012855936228764577 0.995520755151851 -0.09366510004036009 -3.9298693016235298 0.5242041026399659 0.08647866308543438 0.847190356181174 51.71318508401612
0.8492142534333489 -0.03883845960937101 -0.5266181973885933 -20.698770686910922 -0.013687711607585874 0.9953372990046522 -0.09547935777471245 -4.029467259147553 0.527871005375923 0.08829062954410982 0.8447230116541856 52.5842945059011
0.8479839083945724 -0.03950855458513354 -0.5285474105683036 -21.254762277269467 -0.012013980518474405 0.995528935162122 -0.09368993290142207 -4.134434004466688 0.5298857946538736 0.08579751377263083 0.8437178623535643 53.47026623297887
0.8450727396465505 -0.03786926237999926 -0.5333085257832173 -21.80971374775806 -0.012449530806824325 0.9958241800878965 -0.09043899344286682 -4.236862892953559 0.534506383394028 0.0830669688809201 0.841072413524527 54.34323660408901
0.842969736990995 -0.037236377848043595 -0.5366707320900688 -22.354931354542384 -0.012518815613772235 0.9959736143025777 -0.08876845649603543 -4.336442019744704 0.5378153045172303 0.0815476043659033 0.8391094603502103 55.19092689130497
0.8412039356969963 -0.03763724641802631 -0.5394065037149187 -22.925595345436072 -0.013214437766671227 0.9958456564311644 -0.09009332495637035 -4.438134426555792 0.5405564884472247 0.08291481320760566 0.8372119304861543 56.070342775074906
0.8384147893919978 -0.03920163723970292 -0.5436210744319049 -23.50756023436277 -0.013185905117427996 0.9956591815542942 -0.09213536830591763 -4.543961483135955 0.5448731713298115 0.08441579132105344 0.834258473939962 56.95650214608011
0.8362373000888503 -0.04134045759137167 -0.5468072279206322 -24.074247285644322 -0.012965085221158183 0.9953850048148747 -0.09508206326589785 -4.64951071938616 0.5482144512007308 0.08660057018188794 0.8318420864195641 57.812914613157055
0.8342257345101457 -0.043318715336732816 -0.5497189398070466 -24.653148637036644 -0.012034396362278238 0.9952418453885509 -0.09668941251133831 -4.757317726555789 0.5512917532352573 0.08727633178111502 0.8297350448942297 58.68170932543003
0.8314442377170018 -0.04425477803796389 -0.5538429327778812 -25.229066224724825 -0.011624302842099563 0.9952190668697385 -0.09697362797360191 -4.8677356367183995 0.55548659313311 0.08706620216673024 0.8269547274728122 59.54065553659898
0.8289256597771847 -0.044102385794986404 -0.557617458595182 -25.81874236097341 -0.012591829895716677 0.9951630566992028 -0.09742656927643872 -4.977214202823003 0.5592170387093339 0.08778080740281191 0.8243608636203407 60.407278501882196
0.8248326283880275 -0.045221862939437904 -0.5635655403400613 -26.41560897780834 -0.013078265794291322 0.9950032010206705 -0.0989827708363096 -5.092936074470144 0.5652257019194301 0.08901467896311374 0.8201196820091454 61.270836779441
0.8201545087705454 -0.046651920792567685 -0.5702369507754734 -27.01285506096522 -0.013138458429954203 0.9948716434384499 -0.10028855364478294 -5.206578337201379 0.5719912260283633 0.08974414392283282 0.8153355296919963 62.12683714998301
0.8169777892083335 -0.04804351454651753 -0.5746643478155599 -27.621790146276737 -0.013002181952180239 0.9947355265655917 -0.10164730912699027 -5.3246494608666834 0.5765225365974401 0.09051548430127346 0.8120521608227883 62.994337747106165
0.8128963370982738 -0.04945285727781204 -0.5803050577405561 -28.249395466171936 -0.013194298222625283 0.9945691038600892 -0.10323859811791163 -5.446756776075216 0.5822589249007887 0.09157899624913778 0.8078290857720947 63.86920625074977
0.8086845963420192 -0.051265104211960434 -0.5860043623807613 -28.87282425977486 -0.013055644749820926 0.9943856679357838 -0.10500806418590884 -5.566997490865212 0.5880975886528631 0.09256906877592706 0.8034750734942844 64.73007144131947
0.8035006930837133 -0.051544253777841526 -0.5930681462669175 -29.512574831510985 -0.013943515658895223 0.9943416442741105 -0.10531036432055771 -5.6902336884417775 0.5951404998696211 0.0928864057047312 0.7982354922265694 65.59497226323879
0.7996182892383007 -0.05257734387287495 -0.5982024861423487 -30.158838793385172 -0.013728470620374439 0.994298827533865 -0.10574200045018578 -5.8111726198827585 0.6003516641186555 0.09276564275665336 0.7943377209436212 66.44781542313433
0.7963604714483322 -0.05387144491124682 -0.602418348772483 -30.80554671906747 -0.013264003448759092 0.9942302732455225 -0.10644355299709479 -5.93730532424445 0.6046768275096226 0.0927579171031159 0.7910511380989159 67.29669497909825
0.7920665762930421 -0.05551995578849361 -0.6079046580086902 -31.46388041607311 -0.01278721417024575 0.9941277384353554 -0.10745476642369253 -6.062113465865139 0.6103007667316036 0.09288473600462979 0.7867054086150467 68.15180792962762
0.7885480591365788 -0.05727690358194665 -0.612300020209047 -32.13413520297487 -0.012711570251924733 0.9939224788537573 -0.10934588245989468 -6.189203353188081 0.6148417474551198 0.09400777811046865 0.7830275622486528 69.00669735984197
0.7851036098866284 -0.05621920792014297 -0.6168076867256249 -32.80726936876775 -0.015233001514262098 0.993818025387398 -0.10997130571180626 -6.316671603900675 0.6191770969664909 0.09573470152418505 0.779393732022669 69.84941408369703
0.7812432027238225 -0.05640633304747353 -0.6216730521664601 -33.49095011529549 -0.015240446387213853 0.9938885614231576 -0.10933094834549369 -6.44565334943235 0.6240406933780386 0.09488863506418481 0.7756090251820908 70.69928853966115
0.7791030484998411 -0.05606751014973011 -0.6243835953353227 -34.18156635442893 -0.016537846699192886 0.9938076680419397 -0.10987637856971759 -6.575867681806384 0.6266776998145125 0.09593098168293605 0.7733513479063316 71.54599216354598
0.7756837211334527 -0.05661088849119434 -0.6285777374937787 -34.880485193052756 -0.017151952549525347 0.9937101492443834 -0.1106614197109559 -6.706743373935877 0.6308887186281738 0.09661959735448637 0.7698337990207744 72.39111093857761
0.7729697968944123 -0.05706920550318548 -0.6318708719922501 -35.562750409053656 -0.01933784817215002 0.993364112471073 -0.11337454600847867 -6.833877722864737 0.6341480432178925 0.09985412278816012 0.7667368606276375 73.20928354140386
0.7704590236531701 -0.05854285046724256 -0.6347957368560176 -36.27048314132025 -0.020341320120326675 0.9930096800116186 -0.11626696047882948 -6.96709077192921 0.6371649108097265 0.10249151214804755 0.7638824296777877 74.05450404615708
0.7672182705121423 -0.057682951826740214 -0.6387869773726694 -37.002055870727 -0.022684165956927262 0.9928842258300081 -0.11690313388777893 -7.105551898298721 0.6409848313393974 0.10418057000467673 0.760450428907963 74.91669997125221
0.765278444801303 -0.05668120328791808 -0.6411989887050142 -37.72225952689981 -0.023849777653735044 0.9929348590736553 -0.11623920914324819 -7.24418758111907 0.6432574057314588 0.10424781451049271 0.7585198106453248 75.76460005210174
0.7631219478590583 -0.056574712241894184 -0.6437734031711344 -38.45130118152255 -0.024041229040898563 0.9929860288950879 -0.11576167641049048 -7.3845435141151325 0.6458071786547437 0.10381737982587946 0.7564093069523202 76.6173510343639
0.7607315590728897 -0.056284196781491214 -0.6466216700847512 -39.18694248079629 -0.025144856287590677 0.992929685463589 -0.11601024061458907 -7.523433704350571 0.6485793947026123 0.10451186017788035 0.7539376896331369 77.46701184538156
0.7588486771256534 -0.057090760268845075 -0.6487598402464285 -39.93501262829205 -0.02526478000172987 0.9928199275378384 -0.11691998278833941 -7.663576393404978 0.6507767482909252 0.10511534890626893 0.7519577031377518 78.33345835881394
0.7568338069912685 -0.057652839966659354 -0.6510597043581198 -40.69865164802883 -0.025299797397338668 0.9927715702962268 -0.11732233147708007 -7.811915608816316 0.6531175306533711 0.10526518539072166 0.7499044818494554 79.20852854853261
0.7546266348359616 -0.05733106857031367 -0.6536450034787523 -41.44571231680701 -0.026456054727635014 0.992706991385587 -0.11761337688555763 -7.955414918403091 0.655620865412626 0.10604705479532107 0.7476063823997475 80.05765379661432
0.7533090656149704 -0.05970157292484571 -0.6549512759378364 -42.1990055364626 -0.0247923030606815 0.9925854140530619 -0.11899385495923406 -8.100235786396077 0.6571992037207957 0.10587690021629478 0.7462434513142082 80.91791765166388
0.751438384196198 -0.06345279129720352 -0.6567450784232802 -42.97501687857373 -0.022502825444008244 0.9923213019380126 -0.12162259891600771 -8.251609421953448 0.6594194246484126 0.10617050907215769 0.7442404486452717 81.80168838486773
0.7490185824654338 -0.06758072926807315 -0.6590933227950861 -43.76182464544006 -0.01921916239898615 0.9921494368547563 -0.12357232192312131 -8.403670205322385 0.6622701766787884 0.10522518700570474 0.741839519775983 82.68735767317843
0.7460179294979619 -0.07058912475439186 -0.6621740136353761 -44.53524662346904 -0.016289889653131454 0.9921339863839873 -0.12411604471988004 -8.555389944749388 0.6657265867927037 0.10337953631269277 0.7389998532537809 83.55259866741046
0.7404013452133168 -0.07202103144221758 -0.6682954578899293 -45.310103566142104 -0.01568632056947509 0.9921209413863548 -0.12429793646575615 -8.709944630714729 0.6719819843963845 0.10251345615407079 0.7334379346298123 84.41288190794869
0.7342296055030701 -0.07333321982629043 -0.6749289779470984 -46.09014963332069 -0.014519254582561245 0.9922254666615105 -0.12360345688820544 -8.861485233516591 0.6787459595822083 0.1005527830458046 0.7274565692689636 85.26195188701485
0.7263484695291496 -0.07250379001915559 -0.6834918443152925 -46.89428046909001 -0.01597841765966977 0.9923707714962083 -0.12224950735734431 -9.014917867293468 0.6871408814659153 0.09971686072514728 0.7196484952428973 86.11469830274268
0.7200319752201557 -0.07212711393151776 -0.6901823194609312 -47.70017058637803 -0.017056378042333616 0.9924437943175192 -0.12150882720495111 -9.169520630119699 0.6937312409201694 0.09926225141792587 0.7133610381951109 86.94755363723168
0.7143892513752128 -0.07191075914445438 -0.6960437056958647 -48.51983234870162 -0.019697431818517415 0.9922447372377011 -0.12272893955314912 -9.322708451929179 0.6994712350764097 0.10138650868510043 0.7074325177409703 87.78116234478782
0.7062419720641736 -0.07296106611405959 -0.7042009370388591 -49.358941626295 -0.020660098525331277 0.9921279053196046 -0.12351267066603977 -9.48240466528185 0.7076690167188548 0.10177869284695015 0.6991749855783855 88.6227258744186
0.6994471366292525 -0.07406417416935919 -0.7108362688873934 -50.18798410724631 -0.021295950372605506 0.9920141590796688 -0.12431568960989994 -9.630118066563634 0.7143669824109086 0.10209018704100942 0.6922841960864514 89.43562167018888
0.693387431858351 -0.07458794880662001 -0.716694151806544 -51.02988646496826 -0.020869201083185913 0.992132084907495 -0.1234439246915638 -9.790486166878868 0.7202626922082179 0.10055130028959326 0.6863753275162517 90.25373554168654
0.6850490522135373 -0.0742627438659567 -0.7247018979793236 -51.890585262298245 -0.021791996345279157 0.9922564205144992 -0.1222796174472306 -9.945815213060191 0.7281709311395381 0.09956023714944152 0.6781259869833374 91.06834235981046
0.6776844824041932 -0.07371590460782476 -0.7316486231220632 -52.75092022855692 -0.023854793048562434 0.9922352543201947 -0.12206616620812337 -10.103325049732705 0.7349657755005815 0.10017567315465876 0.6706639570983668 91.86233308679574
0.6711119683274698 -0.07345831273031819 -0.7377076672086605 -53.62684388331531 -0.02634424523784206 0.9920873409023421 -0.12275458754836249 -10.260922778699284 0.7408877828055188 0.10181642456958961 0.6638664843004107 92.65614310076991
0.6636031988775016 -0.07226105045575147 -0.7445865530793441 -54.523277100672615 -0.030119596368392676 0.9919358970414811 -0.12310965061731663 -10.420166135529346 0.7474781631286311 0.10412260440242552 0.6560753606852675 93.44412392742258
0.6576285920057605 -0.07210389726101897 -0.7498837663106819 -55.425461572002355 -0.032701792996152584 0.9917384967686932 -0.12403768282989427 -10.578929907353885 0.7526321994914633 0.10609327041214764 0.6498376645454594 94.22137063904846
0.6507961837657305 -0.07159497246645491 -0.7558693584962214 -56.34455463542542 -0.03518083924627834 0.991631279602032 -0.12421639933907423 -10.739307484940005 0.7584369688681382 0.10743167704343261 0.6428310812505463 95.00722107203492
0.645016779196634 -0.06974535446916051 -0.7609789353751996 -57.27718509210402 -0.037725976182839835 0.9917055772043978 -0.1228690313412789 -10.89441304970812 0.7632365984908301 0.10796126005036959 0.6370355257381523 95.7866304589431
0.6395791250789331 -0.06874378388033267 -0.765645371527237 -58.20551036133609 -0.038342676115987656 0.9919010124645852 -0.12108765692668834 -11.05290384095863 0.7677684429250339 0.10680203017520322 0.6317633610766962 96.55499235654221
0.6354790813878226 -0.06765079980901269 -0.7691486893986689 -59.15523100167297 -0.040061627094838105 0.9919235296825516 -0.12034441115657314 -11.212797066154645 0.771078078506323 0.10728970382711046 0.6276364523350183 97.32814937096687
0.6316190506380366 -0.06861972274289366 -0.7722361740567415 -60.10109540401099 -0.04072997605402402 0.9917627789361702 -0.12143994140085912 -11.372735727067852 0.7742082690863902 0.10815694137453163 0.6236213852256528 98.08968840948256
0.6283081371864291 -0.07086106311768636 -0.7747306593127387 -61.03826310907948 -0.04038368438723219 0.9915297511044623 -0.12344193254334423 -11.531267328837439 0.7769157243746788 0.10884604911779941 0.62012458007308 98.83921580419162
0.6247251834279677 -0.07281202831314365 -0.7774425083077321 -61.99904445691782 -0.041113727744172754 0.991194599550189 -0.12586869036229167 -11.694119051625593 0.7797615703417744 0.11059690029773159 0.6162306541082352 99.59715303111635
0.6229675859884938 -0.07462900549558804 -0.7786795864451618 -62.94454638177748 -0.04172608942700498 0.990851296211495 -0.12834579173907462 -11.861165359978438 0.7811339963596503 0.11244652211046735 0.6141542635172876 100.33835562520336
0.6202957511760788 -0.07561301840332293 -0.7807149624035927 -63.88951366082003 -0.04138624211253724 0.9908011004728909 -0.1288423775995737 -12.024285772492364 0.7832754049736956 0.11223123785135503 0.6114603741974176 101.07903849932403
0.6181424313493591 -0.07539418338967721 -0.7824421075558923 -64.83432183172144 -0.04016872818104248 0.9910595325658788 -0.1272300129160541 -12.185162188441804 0.7850391123006677 0.11007597386035468 0.60958746061322 101.81480850868213
0.6167254106778756 -0.07618332561212257 -0.7834831642880932 -65.80820948747939 -0.03757195077268081 0.9913225537456768 -0.12596802352297612 -12.351503517109238 0.7862811941915825 0.10712467191934415 0.6085114529134451 102.57403860943788
0.6156542493692536 -0.07622996017768444 -0.7843206221978928 -66.7799873808887 -0.03726247709884365 0.9913804412727554 -0.12560385528436208 -12.51869819057945 0.7871349014203596 0.10655427646577807 0.6075070642657708 103.32636983899883
0.6140372406512796 -0.07806305132569799 -0.7854071728161668 -67.72972386402347 -0.034970825975172024 0.9914288537395383 -0.1258803769589194 -12.680589019440134 0.788501939391386 0.10476157688020381 0.6060443082692852 104.0646298869737
0.6134188905733242 -0.0797735717269738 -0.7857184240818805 -68.67729105454664 -0.03174990688510075 0.9915901125289789 -0.12546311070412217 -12.844226195237713 0.7891192610122882 0.10190792897850856 0.6057273032567805 104.80011724718094
0.6110346959248885 -0.08241542740944977 -0.78730191013416 -69.6190212554908 -0.028218373537197205 0.9916657513206434 -0.1257090332974488 -13.004739387262347 0.7911007039378074 0.09902896032263289 0.6036165515014678 105.52631203547048
0.609762938018527 -0.08545996655055364 -0.7879630407171344 -70.54749288805978 -0.025103478755150715 0.9915887387763048 -0.12697081745978836 -13.165721518730093 0.7921861995600553 0.09720271214938117 0.6024887202076075 106.2420312259827
0.6077440915171908 -0.08793423880652051 -0.78924944654492 -71.47241307604799 -0.022614594863451916 0.9915311012255951 -0.12788532129029126 -13.327152611905174 0.793810871256565 0.09557010488576911 0.6006085711401534 106.9471726870955
0.60690887186168 -0.09008607566681676 -0.7896493653682851 -72.37385725151739 -0.019153434220350825 0.9916089009476743 -0.12784730548162596 -13.482739564589954 0.7945406013622901 0.0927161611171324 0.6000907816776995 107.6338245121393
0.6058891721936228 -0.09083576519575284 -0.7903462372782126 -73.26103888295717 -0.018289734577855203 0.9916070412889615 -0.12798812943091065 -13.638360907046112 0.7953387936141416 0.09200184469592977 0.5991426073523296 108.30778068689557
0.6038155825572535 -0.09283941021713668 -0.791699176563661 -74.14998879766324 -0.016900275400479156 0.9914801974340683 -0.12915648952913272 -13.79394207197301 0.7969448682013283 0.09136663508434155 0.597102181406945 108.98224761456702
0.6019312269334081 -0.09528441634768321 -0.7928427826774506 -75.04101202730378 -0.015049084718964129 0.991325714383973 -0.13056359772243908 -13.95171022902334 0.7984061141371371 0.09052186477523991 0.5952759602957688 109.65161332387453
0.6014854857419163 -0.0974323453197434 -0.7929200139530502 -75.94889842242509 -0.013669801444307648 0.9911343981844015 -0.13215801626884952 -14.114137005687962 0.7987667663156025 0.09033018776211287 0.5948210741126925 110.33075878994327
0.6007446781640129 -0.09899970115824794 -0.7932873948501857 -76.83028418466226 -0.013169735502012545 0.9909424803056004 -0.13363966025320528 -14.272194907898408 0.7993324650759681 0.09073069985601734 0.593999621531204 110.98770063904789
0.6026691807231015 -0.0999753920729789 -0.7917037195734273 -77.73980325313623 -0.012786722058132714 0.9907837048971586 -0.13484861826977856 -14.435918033792666 0.7978886879418419 0.09139240170886496 0.5958364461530796 111.66338060900091
0.6039988021099734 -0.1004120823006048 -0.7906344672336096 -78.60434440085872 -0.013870592390629953 0.9905568821787845 -0.1363989363410825 -14.592608336109679 0.7968645140276045 0.09335136258406862 0.5969023951930899 112.30482016567659
0.6056776499314481 -0.10107159522471917 -0.7892649219446212 -79.46378787871541 -0.014004045765446137 0.9903924618675305 -0.13757419154104347 -14.747688669917677 0.7955868721112219 0.09437851511177185 0.5984431675686335 112.94973066718896
0.6083185151194281 -0.10141370577965225 -0.7871872994674979 -80.33862806764128 -0.013792932685746433 0.9903027114303082 -0.1382399896618425 -14.911358364450004 0.7935731467047135 0.09495156667384685 0.6010206825187978 113.61302779287222
0.6106918093833162 -0.10038484915226353 -0.7854797234892883 -81.19465597453996 -0.015310805537692061 0.9902498923720051 -0.13845840491288167 -15.069788299017537 0.7917203377367026 0.09658174112072017 0.603200525609993 114.26328467106278
0.6133761561878546 -0.0997206073151374 -0.7834701599275576 -82.04460554360708 -0.015995044992432983 0.990225009933447 -0.13855897025452657 -15.227090151420986 0.7896289315595665 0.09752040903833874 0.6057853747533795 114.91199709239952
0.6181962284178663 -0.09958730132341019 -0.7796895488494417 -82.90922684812143 -0.015037212454906676 0.9902614638604481 -0.13840561923039357 -15.392235718741485 0.7858799561074907 0.097286189194988 0.6106783866982732 115.58253947787969
0.6215044677494108 -0.09936084760072657 -0.7770840485633371 -83.76518961782624 -0.015255148170468885 0.9902012845265815 -0.13881173068658492 -15.554593574038 0.7832620742904758 0.09812664309948206 0.6138987578519836 116.25167952132058
0.6258151339883828 -0.10054531108073722 -0.7734636762581554 -84.61882911937563 -0.014621298595216652 0.9899698821711554 -0.14051992748866113 -15.719974764881208 0.7798343642713447 0.09924854061247876 0.6180680314397446 116.92562152422961
0.6313095831724288 -0.10096805731345757 -0.7689302059335431 -85.47133358491801 -0.01591308037029566 0.9895935497713115 -0.14300832187024565 -15.88652156428058 0.7753676444550567 0.10251857223626175 0.623133178605389 117.60648960704265
0.6378189995486971 -0.10027708562185234 -0.76363042757206 -86.29410448180381 -0.01791950944310411 0.9892874354351762 -0.1448767105901109 -16.049774546522695 0.769977801625487 0.1060890012644098 0.6291894061526325 118.27475739745958
0.6442436923931593 -0.09892456410797795 -0.7583956720786817 -87.12493020930079 -0.0189570473522366 0.9892297868447338 -0.1451380693505598 -16.215197891922603 0.7645853092803405 0.10788122837254592 0.6354297328560548 118.95513187219386
0.6500917849402348 -0.09753681925724299 -0.7535696650226835 -87.92690816135224 -0.019357174333738195 0.9892796888104954 -0.1447445926755912 -16.378296843896024 0.759609090884932 0.1086842499913831 0.6412345614896142 119.63331605944325
0.6597978313978647 -0.09558651277877431 -0.7453388761211025 -88.7266715157628 -0.019572022783739908 0.9893540865171357 -0.14420619756444883 -16.543215827071084 0.7511882304767746 0.10973472589220469 0.6509028593626971 120.31971075789878
0.6678916076039283 -0.09561233752736029 -0.738091512893079 -89.50588198255765 -0.01849019961726802 0.9892761042748807 -0.14488237307840118 -16.707512332060944 0.7440288388297551 0.11041318047800985 0.658961316441547 121.00734063828422
