1.0 0.0 0.0 0.0 0.0 1.0 0.0 0.0 0.0 0.0 1.0 0.0
0.9998899596417915 0.0005725955167731635 0.014823654809479135 0.009670592844486237 -0.0005706183165198398 0.9999998277290092 -0.0001376106420376401 0.012399678118526936 -0.014823731051030124 0.00012913685036124075 0.9998901141232474 0.15618878602981567
0.9993432112033798 0.003259677102116918 0.03609045201860041 0.02090709603115317 -0.0033088469264821434 0.9999936771533463 0.0013027606633578893 0.023796484572395322 -0.03608597724510275 -0.0014213228059866154 0.9993476782820617 0.3364570669174633
0.9980597062986118 0.003950826310456464 0.06213866457040618 0.04492010099544498 -0.004131005073932801 0.9999876269399759 0.0027714191373865655 0.032388112033876953 -0.062126946329334326 -0.0030227369089181437 0.9980636781294928 0.5531603350240452
0.9957905138040853 0.0029221359274465256 0.09161175546520872 0.08322230010694888 -0.003332647190587786 0.9999850793892884 0.004328332415809188 0.04210117601970258 -0.09159774058621065 -0.004615422019729452 0.9957853944495677 0.8067252970416037
0.9921461620722781 0.00016112761458981557 0.12508384037572767 0.1365683702641039 -0.0009146705479771713 0.9999817796023928 0.005966895425608599 0.0533412154436417 -0.12508059986679537 -0.006034442900823761 0.9921282321534043 1.086783000769871
0.9868309710210389 -0.0033550526587915836 0.16172006138797515 0.20836887329190812 0.002282125279648545 0.9999741409706614 0.006819772297966866 0.06050240420968084 -0.16173876015934371 -0.00636089707862521 0.986813109180494 1.374810092471604
0.9796147791349689 -0.0041988966448553745 0.20084136468196057 0.29131512095050893 0.002553818954306653 0.9999610426859092 0.008449326556475838 0.07000175513870147 -0.20086901829076348 -0.007764172684527698 0.9795873391961688 1.6841137611444117
0.970127250043671 -0.005511960647342002 0.24253399145795426 0.3916662962955692 0.0028944852866914584 0.9999336786925388 0.011147204642051326 0.0806974080709948 -0.24257934923985183 -0.010112195915269694 0.9700788642250388 2.0257645727896425
0.958525816164104 -0.009267781065185462 0.2848549946570471 0.517512151174862 0.004892911580180846 0.9998589609334855 0.016066040497880758 0.08915088394852806 -0.28496371552042743 -0.014005944278726881 0.9584359730110584 2.377556631050323
0.9457490651537418 -0.015936051221027422 0.3245069306383217 0.6512007488387392 0.0095348449249242 0.999727520711816 0.0213065967170588 0.09574054047490077 -0.32475805223747933 -0.01705657066606661 0.945643315898776 2.6807760210168383
0.9306596100109441 -0.020524133080606275 0.36531007412274746 0.7983952832392162 0.012084121429586491 0.9996049582226931 0.025375214400733523 0.10472354065538994 -0.36568656565910745 -0.01920123584298023 0.9305399767009206 2.9910178730575745
0.9119865510038335 -0.022403392935905132 0.40960788416861765 0.9778926737813234 0.01109389574011551 0.9994893401525463 0.029966387815936444 0.11782034300818114 -0.41007006263008244 -0.02278479550900322 0.9117693769962738 3.3322271098044087
0.8907472530744796 -0.025927195341155167 0.4537588695353633 1.1750922003963198 0.011351697496431673 0.9993292489950392 0.03481653439044035 0.13249806876899586 -0.4543572054058555 -0.02586179894656964 0.8904441011377574 3.6649373056888703
0.8665711845385914 -0.03205124091668472 0.4980231923144581 1.4059929586137438 0.014093491391566234 0.999109200487748 0.039776613746387544 0.15218495987545977 -0.4988544433276894 -0.027450381717456916 0.8662509572380208 4.012479781108702
0.8402805172008283 -0.03790465620868018 0.5408251930618713 1.626926914949169 0.01682831059706489 0.998895806069254 0.0438631574297165 0.16611413748392204 -0.5418906350686985 -0.02775618228354078 0.8399905558813656 4.301733387494447
0.812575838763131 -0.04364016845275795 0.5812194438900072 1.8659103490689701 0.019549956671138027 0.9986726497125644 0.047652260284717855 0.18693118632633324 -0.5825275147600765 -0.027358260425341056 0.812350429392358 4.575768907383752
0.7794745356102666 -0.04838390655807785 0.6245626036846414 2.137003816778416 0.021088899812902073 0.9984744021225102 0.05103064384051379 0.20596349057030314 -0.6260788342052785 -0.026605749233486735 0.7793057342711422 4.864812878905717
0.7436821273357804 -0.05257244519977326 0.6664630758617052 2.42672271725939 0.022055994054150502 0.9982899309182749 0.05413637366382358 0.23026152316102683 -0.6681694594993184 -0.02556074789404042 0.7435699170619303 5.1511800272289
0.7054128119075123 -0.05360003136755084 0.7067671479590248 2.752211870639573 0.01830690560119387 0.9981817535681117 0.057428599591130516 0.2635505950295429 -0.7085602458535517 -0.0275721504617791 0.70511144829372 5.445434048721075
0.6667029042819741 -0.05633391195780181 0.7431915821546362 3.088168671171838 0.016743551591963224 0.9980198936001797 0.06062957577266366 0.2896178493049532 -0.7451354849301355 -0.027978247654499955 0.6663259913556692 5.718966071310844
0.6309947879600566 -0.05893210280380417 0.7735454639685796 3.4377039299780643 0.016755904911946277 0.997913223701056 0.062357338085810475 0.3188250321207045 -0.7756060966868589 -0.026385701083884654 0.6306655037026259 5.971410771003661
0.5955385969817711 -0.06231937775454402 0.8009057838855144 3.839677580656513 0.01724220685187541 0.9977483303165752 0.064814933876104 0.3502464306976877 -0.8031416349610204 -0.024790411589423782 0.5952721643797618 6.247533907904891
0.5620069733435692 -0.06355097853367069 0.8246874771940059 4.264520179619631 0.015913692876312353 0.9976902112184924 0.06603784383093358 0.38913476541599407 -0.8269793929066428 -0.023989905506552008 0.561720186695785 6.519221969532551
0.5304212673946405 -0.0646928419094347 0.8452621577363701 4.685893899135184 0.01630615424517847 0.9976780590794168 0.06612563621818854 0.4277561831326713 -0.8475773642737257 -0.021291468648466885 0.5302445520074635 6.772219231546753
0.49690969223970316 -0.064977949877988 0.8653661790178175 5.177901172057616 0.01773880212493287 0.9977450121056308 0.06473195283248694 0.46953823078745205 -0.8676209383465894 -0.01681537534485977 0.49694179789447734 7.039041696610059
0.4679221029304283 -0.063579204130424 0.8814797731039026 5.681203814273829 0.019048478658571535 0.9979027455553873 0.0618649001762227 0.512606438717198 -0.8835644068487365 -0.012157105542106979 0.46815183833333224 7.2945294637547065
0.4424527988117427 -0.062226838368616505 0.8946302819658531 6.23069167936347 0.02010776030583918 0.9980273077291906 0.059474120441640126 0.556945906940443 -0.8965663382032245 -0.00832547977415566 0.442831217945835 7.555719122127186
0.4194042164978603 -0.062009104011696056 0.9056792888233024 6.827441076799874 0.02045444704115644 0.9980565636562072 0.05886179863887916 0.601184525345304 -0.9075691261716964 -0.006161717490285469 0.4198574930348552 7.829180918788933
0.40311686276444436 -0.06349419701450987 0.9129431975213109 7.445821938729452 0.022746618933772896 0.9979771909729627 0.05936427903038127 0.6493024170783407 -0.9148657750085716 -0.00316437090080297 0.40374571263948833 8.096406048698682
0.3916177513808793 -0.06602535655508725 0.9177560618678351 8.084334775961311 0.024869531136424334 0.9978173030446371 0.06117300193534365 0.6968511608032045 -0.9197918477701563 -0.0011322705068731523 0.39240498816791436 8.366552728587628
0.3826982721317894 -0.06786861012260224 0.9213771672162109 8.728326103043042 0.024557805776967798 0.9976929944710743 0.06328983298099386 0.7412229843415713 -0.9235469379965288 -0.0015939082055073939 0.3834820892478146 8.639001417590036
0.37591726127783776 -0.06980106636523516 0.9240205754244037 9.370713226558044 0.024119915083582133 0.9975581591910385 0.06554348730230859 0.7861032432495063 -0.9263392695820096 -0.0023516304265632643 0.3766829269619294 8.903775194150617
0.36552746908245565 -0.07179815815315357 0.928027313085121 10.07792216217646 0.02328364435325932 0.9974138988553304 0.06799548717260415 0.834473438484715 -0.9305092913301861 -0.003246360427245784 0.3662539008559104 9.184865196781983
0.3554409006350949 -0.07366583020978575 0.9317913455356921 10.778951188934904 0.022390269241320482 0.9972744502551865 0.07030182580500212 0.8794837556073447 -0.9344305442348371 -0.004125085177145077 0.3561215265513551 9.451687315408483
0.3450952788057938 -0.0753005131759828 0.9355421322748566 11.470857598127804 0.02288900844190536 0.9971551917075192 0.07181655062231335 0.9274211451249803 -0.9382885173753849 -0.003369920796480304 0.345837102976716 9.706926070562584
0.3343848802662536 -0.07649463366713975 0.9393270585208612 12.226890280020596 0.022216818005933628 0.9970633582092373 0.07328760273203994 0.9828785293498574 -0.942174699748945 -0.0036374079573469956 0.33510237900727796 9.973389943798452
0.32464421110605696 -0.07908012558369598 0.9425245195394085 12.98417163619926 0.02048165183992148 0.9968527687210464 0.076583676009266 1.0382319675881972 -0.9456144236068071 -0.005557988021834583 0.32524217228999525 10.241230038483074
0.31475503917383596 -0.08235680923010094 0.9455932641934977 13.749578866474751 0.018549813468174352 0.9965721038173683 0.08062224453164525 1.0982323997660637 -0.9489916594654417 -0.007835679068289095 0.3152037950256402 10.501474695634377
0.3030347378492906 -0.08662816511561494 0.9490339870970448 14.5583735578284 0.019023383962300196 0.9962112520059171 0.08486019231315978 1.157125979897898 -0.9527896192335614 -0.007661748201639021 0.3035345764410705 10.762462914666731
0.29206858438220173 -0.08963504459993214 0.9521877445107899 15.3646500165407 0.0183903099318648 0.9959407237477671 0.08811283267143476 1.2181948619775127 -0.9562205490981602 -0.008223962569375048 0.29253141356454504 11.0094136250456
0.27773523693928887 -0.09144450220194492 0.9562954779665729 16.158536852392604 0.01798864353074619 0.995779684265867 0.08999571716084408 1.2802075488340552 -0.9604892226705104 -0.007792523365983031 0.27820806910186807 11.235504297020736
0.2648518331529868 -0.0906977422267862 0.9600142842845965 16.95081845856345 0.016290819353618154 0.9958456202481041 0.08958855863031101 1.3417364220287835 -0.9641515003775549 -0.008088274700598322 0.26522907859448114 11.45011507747326
0.24818793414317897 -0.09023301486645235 0.9645002604322365 17.727600919217355 0.015295810331865056 0.9958932332156816 0.08923399700511042 1.4041872305882883 -0.9685911353775819 -0.007393988323431036 0.24854887126004077 11.647820823897959
0.22764387336677455 -0.08955205614823863 0.9696178093239597 18.557917186082502 0.012748824650237675 0.9959508372933348 0.08899099485196707 1.471324280843283 -0.9736609956183976 -0.007896767334045714 0.22786378974523908 11.844903452454071
0.20445423755660996 -0.08835721831037918 0.9748802319862668 19.374092890129432 0.009191720301573107 0.996047263095646 0.08834795955521976 1.540153569180437 -0.9788329668656666 -0.009102288290594208 0.20445823858390244 12.024001474935382
0.18058062488533128 -0.08839787043705248 0.9795797335685428 20.18117865921284 0.006254382669216435 0.9960360841434412 0.08872993734713697 1.6059485155520625 -0.9835402994353868 -0.009896241023435531 0.1804176925918181 12.181406010167235
0.14812398654315734 -0.08899184119389823 0.984956718242727 20.99752896548047 0.0033090230939618187 0.9959821904357524 0.08949037211323092 1.671749517503691 -0.9889632627032847 -0.00999642614742434 0.1478233286310145 12.31249700678934
0.11600592252488462 -0.08923105271769761 0.9892322503689626 21.800071223965418 0.002898824416512527 0.995982602860402 0.08950000903028471 1.739411528149368 -0.993244291579948 -0.007514920512572493 0.11579854581788585 12.410901172711789
0.08169186783343951 -0.08875828831869964 0.9926975395278357 22.615303194630204 0.0017317501970334076 0.9960377628264565 0.08891443113985034 1.8056540103935788 -0.9966561291494371 -0.005544481797490203 0.08152189246121788 12.482679860632505
0.048231502327018394 -0.08721175913843486 0.9950215230090548 23.466505317559534 -0.0013452628148545587 0.9961743190560884 0.08737800822345414 1.8793381604311636 -0.9988352779368769 -0.005552938061843787 0.04792966125108272 12.529267040600612
0.01687771046624459 -0.08495821290802677 0.9962415595370897 24.26758954993933 -0.005347497709142834 0.9963615628237816 0.08505904064591088 1.9474056738650445 -0.9998432612953236 -0.006763001317935682 0.016361988128136218 12.546128961788721
-0.014891728546260308 -0.08169939717141002 0.9965457565625038 25.108711250956084 -0.0048555215895251524 0.9966504311745776 0.08163542092512502 2.0117589506040825 -0.9998773226406319 -0.0036230569077622607 -0.015238540863382055 12.533425739784965
-0.0447848589765244 -0.07852605125937089 0.9959056058081327 25.929340196102025 -0.002756773672691365 0.9969117651337929 0.07848141650571497 2.0723452912827445 -0.9989928511282605 0.0007692928159087134 -0.044863031364287154 12.490491671704264
-0.07543939592856574 -0.07411709856729892 0.9943920520810181 26.75481138835938 0.00014347060901290232 0.9972329636949055 0.07433973053798051 2.1335995600856594 -0.9971503783071625 0.0057508103985872555 -0.07522001875592732 12.4226886766221
-0.1059044022429872 -0.07124791773353498 0.9918205441531199 27.57345984733134 0.0013214322044440216 0.9974188094843348 0.07179117148912767 2.19138783065938 -0.9943754378515614 0.008913624710952972 -0.1055368935113577 12.332849230352435
-0.1325378554811722 -0.067993414337682 0.9888430676660256 28.343949694023873 0.005498114126283059 0.9975785597718188 0.06933100190130109 2.243013003372179 -0.9911626948213428 0.014625754349371169 -0.13184308743428902 12.221668480754891
-0.16104900874413358 -0.059995270975989286 0.9851212028187444 29.156551710813485 0.008406934812094334 0.9980310468563753 0.062155876293659415 2.2934881259720856 -0.9869106039705913 0.018291991998825988 -0.16022753445996013 12.079705054607656
-0.18642809699242374 -0.047908068202569126 0.9812998428884423 29.985977542844306 0.009741854137172243 0.9986711351491369 0.050606917490639364 2.34091970565859 -0.9824203076737337 0.018994231256681746 -0.18571364583469402 11.923413289480767
-0.20892279271750552 -0.03305463699864709 0.9773733460945239 30.775575222631723 0.00963704747770875 0.9993104795647108 0.03585655795053803 2.378086080731046 -0.9778846527065607 0.016910245564023478 -0.20846018707641473 11.755959656788784
-0.2317555436977654 -0.018720137081577826 0.9725939154822019 31.58528857778377 0.008602308727158161 0.9997362827824482 0.021292373585296218 2.405105068412772 -0.9727360218733119 0.013301178744009734 -0.23153338937203882 11.570861936137314
-0.256444451620155 -0.008571210772535288 0.9665209659283813 32.37138691213541 0.010750814545915637 0.999873529006829 0.011719470040480077 2.4225698439067878 -0.9664991791097588 0.013396280727245021 -0.2563198713382158 11.364047981342512
-0.28182027987275926 -0.004559684445444086 0.9594563768771346 33.180316005423286 0.012042731619330567 0.9998931255468424 0.008289155524653024 2.4327132234858593 -0.9593916314350387 0.013890527777053152 -0.28173524942841366 11.128773966873727
-0.30576264049705904 -0.005221483148718772 0.9520934532859651 33.95569128757766 0.012901072101291777 0.9998704365599932 0.009626652168126101 2.441912950387199 -0.9520203621850238 0.015226496874083081 -0.3056556621069533 10.881285623255822
-0.3274202727982442 -0.00971392798763521 0.9448288758096752 34.71487295637875 0.013833415806041034 0.9997907014480121 0.015072820082170639 2.4453014289401516 -0.9447775407829406 0.018005357567772703 -0.327217367404293 10.620169188062377
-0.3468524212869448 -0.011828195209128714 0.9378451320156642 35.460656582390655 0.018925159995073645 0.999628639027877 0.019606691572915672 2.450116474171457 -0.9377287647110677 0.024549497619489543 -0.34649976334780663 10.336445182650618
-0.362143246668127 -0.011983980809878387 0.9320454136449665 36.20714435637277 0.02015106504124601 0.9995830079530235 0.020681991908164436 2.4583539643899406 -0.9319046107141931 0.02627155144894136 -0.36175074583764727 10.045363177066411
-0.3738138272981772 -0.008943221079317332 0.9274606413845362 36.96695639004671 0.022108620798000852 0.9995834742614695 0.018549578695495523 2.4651183910788785 -0.9272402231391276 0.02743896463237327 -0.3734604019341336 9.737306181692084
-0.38312942409668144 -0.006349503096309557 0.9236728469549027 37.73899452341287 0.022997002328269366 0.9996008394451068 0.01641035235915112 2.473448303199937 -0.9234083507718882 0.02752899546056628 -0.3828304744056739 9.41239656559077
-0.39163991244157054 -0.005136516362377376 0.9201042306078253 38.517405435733714 0.018384337248314807 0.9997411096326154 0.013406336355878777 2.4774098868669308 -0.9199348863515826 0.022165962875674086 -0.39144408919166856 9.089425216157471
-0.4021535913351882 -0.006171169253129052 0.9155514216286597 39.29991814284383 0.018281039263413033 0.9997238105063038 0.014768422739255778 2.4811513924515607 -0.915389694381393 0.022676405729415115 -0.40192970535099165 8.741904235591441
-0.4110109855345676 -0.005658975947532708 0.9116128266765058 40.07278385897114 0.019412310149919048 0.9996996643957211 0.014958048727227561 2.4826004917697007 -0.9114236841253067 0.02384443327714061 -0.4107776905056373 8.388682971408437
-0.41750502424556973 -0.0038713322289233906 0.9086663675499823 40.8325222666623 0.021536634102777834 0.9996678568933999 0.014154479350366123 2.488608890538122 -0.908419356971894 0.025479181323782227 -0.4172829773640911 8.03288459583684
-0.4233539713486426 -0.0006806999330764615 0.9059641006082603 41.59750180977894 0.02251010876482836 0.9996830906774538 0.011270014062529284 2.4998221910906184 -0.9056846636367034 0.025164555652248663 -0.42320448389885545 7.672711059889002
-0.42423652807898976 0.00011387562163407174 0.9055514095156758 42.370448611446044 0.021301300694981005 0.9997245425934749 0.00985360466881387 2.506212387104912 -0.9053008465875785 0.023469681902617816 -0.4241220946840701 7.315875830898129
-0.4242108275963361 0.00012689733102994212 0.9055634476098842 43.13294081369544 0.023494647525336573 0.9996649099284514 0.010865974203998586 2.511622150530828 -0.9052586234263069 0.025885357923141495 -0.4240716601678294 6.9599394616517305
-0.4222871995984834 -0.001145854443093449 0.9064613660122897 43.9224250681716 0.021413649765367398 0.9997075211433545 0.011239562853424067 2.5196315765125963 -0.9062091241313989 0.02415696973970726 -0.4221391525954421 6.598318048804591
-0.41575587374760453 -0.00221321997157258 0.9094735593197437 44.73143532044017 0.01920284500736298 0.999752748336127 0.011211286187753123 2.528726113249498 -0.9092735035114513 0.02212563788273553 -0.4156105772959741 6.238249364716307
-0.40812881195511824 -0.0031530571668893746 0.9129189071777438 45.52715309874115 0.017680121906366836 0.9997791901973834 0.011357118368682457 2.539140584425652 -0.9127531353775126 0.02077568479657372 -0.40798294667761986 5.887940497313876
-0.4029215229055216 -0.004237273871207215 0.9152247220708343 46.351564146065606 0.01511026198705753 0.9998221922222832 0.011281131260224134 2.5488380445079244 -0.9151097892396178 0.01837469591498881 -0.40278585400663464 5.531442242672392
-0.39775491870080526 -0.005735855190562569 0.9174737732570608 47.19289872529562 0.01177176650173589 0.9998662425893071 0.011354401955605784 2.555428735220384 -0.9174161815461641 0.015316556256996941 -0.39763419488479845 5.180180230593056
-0.3964872500254996 -0.007473161115812634 0.9180098106393821 48.055414594725654 0.00857330652042283 0.9998931206035915 0.011842541320118936 2.566035741039075 -0.9180001955242298 0.012565796136694049 -0.39638080400661074 4.81959705025694
-0.39685657392988555 -0.00901468375521631 0.9178363662469616 48.927418162980835 0.006102694584240584 0.999903755329731 0.012459421989513867 2.5747395188766733 -0.9178603471375396 0.010545878545419543 -0.396763364738052 4.455321365393427
-0.39786331984931905 -0.009807977638277876 0.917392272854489 49.82139228075253 0.005411677426565316 0.9999003692974147 0.013037071232622826 2.5837258918307433 -0.9174287397209164 0.01015160349603546 -0.3977706028360443 4.079784122566704
-0.39932878517862636 -0.010529176852435679 0.9167473249279612 50.73058930764263 0.005371343144246175 0.9998900192771777 0.013823820843458633 2.5899853732447364 -0.9167920538489573 0.010444414042703132 -0.3992283108882878 3.689221325716647
-0.39856242487366805 -0.011154988198064384 0.9170733665945833 51.65804175528575 0.005293664641879874 0.9998813940918219 0.014462878816278576 2.599155006021005 -0.9171259295175779 0.010619038906421479 -0.3984561022486956 3.287514397752994
-0.3987926391683727 -0.011760054037987744 0.916965720228487 52.586263205970944 0.0053891575358320475 0.9998704500329657 0.015167073940907964 2.604661917429759 -0.9170252929588029 0.010990190166625549 -0.3986775988112743 2.8915574178267933
-0.39996509462667956 -0.012271478977801223 0.9164482166952851 53.53001239612413 0.005050354294136495 0.9998656735972022 0.015592584247536354 2.611359929751325 -0.9165164575727894 0.010864877620581118 -0.3998493934377228 2.4834728175112177
-0.3992703502878643 -0.013135293166115496 0.9167391403526124 54.5039164993838 0.0034597317553921036 0.9998686610095717 0.015833224153892392 2.6171358711736965 -0.9168267108004584 0.009493408469399677 -0.3991724659322662 2.0674689618603077
-0.3998514990067978 -0.013568510128505941 0.9164795001934902 55.458140558717005 0.003461150411542494 0.9998609428642367 0.016313043016824423 2.621269906229916 -0.916573400868608 0.009694868102904578 -0.39974893414819984 1.6554203928290787
-0.39819836255506724 -0.013754440525787096 0.9171962055221805 56.43772157008275 0.0022895251148614803 0.999869558996039 0.01598821653015213 2.630484109625503 -0.9172964745016803 0.008466425390281121 -0.39811493002385523 1.2378922091420117
-0.3969517581039916 -0.01548342121575475 0.9177088674550364 57.38789189412987 0.0014791876376900482 0.9998456109268805 0.017509035215722765 2.633763932227914 -0.9178382830009231 0.008307705923323878 -0.39686757020473323 0.8354898023145523
-0.3961367131615859 -0.017350458372770956 0.918027595489259 58.3852546444519 0.003883609872129587 0.9997808438935518 0.02057138201139962 2.6420548140729267 -0.9181833270430785 0.011714340687916689 -0.3959825149704857 0.4067654751611694
-0.39373509397826023 -0.018984583007873278 0.9190278893363072 59.369612685830546 0.005211373481383227 0.9997245386502307 0.02288423927118193 2.647649578255846 -0.9192091804134509 0.01379972567119864 -0.39352769942537913 -0.012076860663764066
-0.3919710911410978 -0.01927391155536368 0.919775613964087 60.32861875405793 0.006069572227842962 0.9997045782795588 0.02353542988475546 2.6551854850783756 -0.9199575120638063 0.01480785265476603 -0.39173830996869147 -0.41854914478594235
-0.39122343922114333 -0.01955718569143407 0.9200878963945843 61.30569883813287 0.0058026463950736325 0.9997018783018058 0.023716741231786034 2.665806460915915 -0.9202774309406888 0.014617489786982144 -0.3909933235920191 -0.8243538708071814
-0.38883951005202333 -0.019213852462362197 0.9211051315110871 62.274354062749524 0.00549850192866743 0.9997163070878718 0.023174810012780996 2.6749259802814023 -0.9212890978943814 0.014075980113037664 -0.3886235516342448 -1.2279037195843803
-0.38880729231694006 -0.018652863666389536 0.9211302622963877 63.22178233478018 0.0024685977708054606 0.9997703517803387 0.02128731373525775 2.6819555073727184 -0.9213157957325029 0.010550562926233086 -0.3886719569968022 -1.6204936197341684
-0.3905214300066708 -0.016773801829457476 0.9204410096675023 64.17988713288685 -4.020565419225394e-05 0.9998343003072552 0.01820357966463414 2.691769464947181 -0.9205938361128921 0.007071881028934216 -0.39045739512738437 -2.021279226010961
-0.39383746738236614 -0.016232853778537587 0.9190367477658595 65.13359902240416 -0.0018375900890907557 0.9998559540900196 0.01687288752410112 2.696637528660859 -0.9191782593972228 0.004956362470714762 -0.39381056603721376 -2.423115290491169
-0.39821728126468425 -0.018206487651918263 0.9171104190388113 66.1119337814732 -0.0026902932207405186 0.9998218879687829 0.018680328180338927 2.700682542847142 -0.917287173803575 0.004971533558096023 -0.39819533476615576 -2.8470129096444396
-0.4029091919613039 -0.020515607313021024 0.9150099960599707 67.06554581514928 0.0008756513528562441 0.9997396416439603 0.02280092454954951 2.704668719519695 -0.9152395403760689 0.009987931827156545 -0.4027863266671532 -3.268460455719665
-0.4083150307094596 -0.021777772831313068 0.9125812644949715 68.00181907449722 0.00019254314121990197 0.9997133011207552 0.023943234730949683 2.715535233233552 -0.9128410587960382 0.00995209388773581 -0.40819377408698654 -3.6789302677594087
-0.4129148830137607 -0.019844176157267454 0.9105534075815496 68.92745720684299 0.00046665896120723187 0.9997578645387635 0.02199987550658953 2.7189547495420534 -0.9107694997172151 0.009508993928426426 -0.4128056412154792 -4.092094033278676
-0.41777816728464906 -0.017602945041035906 0.9083785220194069 69.82826392548606 -0.0002026730753278 0.99981407194826 0.01928160931728519 2.7297637575983438 -0.9085490420796802 0.007871331534254625 -0.4177040582469525 -4.5026437827812
-0.42317590124572585 -0.01578778713969696 0.905909985805488 70.72688034429969 -0.0008620026495639119 0.9998547377596807 0.017022347985877047 2.736595587389188 -0.9060471364980411 0.00642255064221115 -0.42312803888060685 -4.918125133832651
-0.4271902618766017 -0.01513729697384977 0.9040350338333831 71.61412304400827 -0.0019194728091715234 0.9998727761714915 0.01583499590304469 2.7448096575880165 -0.904159718070837 0.005029285380654937 -0.4271649687259298 -5.332683271226537
-0.4299231764247623 -0.01632790105162053 0.902717819708956 72.49336269981562 -0.0016232191735541272 0.9998488238076826 0.01731169228898296 2.750150775513548 -0.902864013864966 0.005977388864907063 -0.4298846860380122 -5.7473116957303585
-0.43418820000079 -0.021962277563432782 0.9005544210897535 73.42253057313934 0.0006220280832843639 0.9996952094999987 0.024679975360966125 2.75938873126232 -0.9008219691266072 0.011275924218485445 -0.4340422024087996 -6.187528285463872
-0.43504292781401693 -0.02919740852376102 0.8999361990132994 74.31117415154183 0.0032353905758084646 0.999416970558914 0.03398898654954295 2.772288185551399 -0.9004039000397711 0.017698313319060924 -0.4346948199585892 -6.6169613752169445
-0.4362083485711547 -0.03145842209030901 0.8992956378835686 75.19672625865387 0.00425210708473895 0.9993055008904104 0.03701939323525341 2.7840260514313617 -0.8998356495617221 0.01997206974137562 -0.4357716376820315 -7.038198248014171
-0.4359194148338004 -0.026947884217969814 0.8995821670682075 76.06448136424775 0.0032414567120745887 0.9994981265604284 0.03151171148284388 2.80150071722226 -0.8999798646243932 0.016652523483518693 -0.435613288057527 -7.454345338972974
-0.4355014965082231 -0.021794184156418442 0.8999241412897279 76.89410320917092 0.0021536456673311773 0.9996787915278573 0.025252239103538913 2.81533206070509 -0.9001854299806444 0.01293550564759002 -0.4353146727876325 -7.858346045986524
-0.43567379839710096 -0.018863694509074547 0.8999069409776272 77.76075150086876 0.005632500502646001 0.9997036633881135 0.023682490292901596 2.8265378780010724 -0.900087004865824 0.015386566798802018 -0.4354384425309922 -8.28271920475194
-0.432906490406565 -0.019254358437517348 0.9012331775101441 78.63021907155414 0.007237843465332643 0.9996653870400929 0.02483400040172931 2.8367387593741835 -0.901409775954223 0.017273784621250628 -0.43262227425205074 -8.699154173932731
-0.4299712629543801 -0.02148120939140387 0.902586987872359 79.48946796009335 0.006767397239166962 0.9996121424894744 0.027014198529851798 2.8496687148548054 -0.9028172103853708 0.01772349374941616 -0.42965912349360375 -9.102732725134652
-0.42735827346900235 -0.025790506129988608 0.9037144216461044 80.3609175691751 0.005327348222891749 0.9995038392906392 0.03104343093449237 2.8704471759727115 -0.9040666598534126 0.018081068464876893 -0.42700884007788764 -9.508079426392879
-0.423404598130255 -0.030640366982623117 0.9054223954560258 81.24736693019153 0.004360843989393638 0.9993473751136239 0.03585814960661347 2.890845092216835 -0.9059302011313332 0.01913091123496953 -0.4229946558923201 -9.912350197054291
-0.4217864144193425 -0.03374127782946418 0.9060671866819314 82.11904376887826 0.00046797058925798773 0.999299104519253 0.03743101268396483 2.9127409078014845 -0.9066950984839406 0.01621190542331332 -0.42147499630196716 -10.300030065106201
-0.41960011405992426 -0.03605753768542028 0.9069926120189534 83.00077242797352 -0.0036704168020041845 0.9992699335101265 0.03802798999641645 2.941755849936818 -0.9077016427887518 0.012627508017517969 -0.4194261242696614 -10.688024508810127
-0.4170330940503838 -0.03681736613600821 0.9081452967546391 83.85231208564825 -0.0016858331199930791 0.9992088293312487 0.03973503936285519 2.959464958844797 -0.908889738325533 0.015039844988670375 -0.41676521763369545 -11.075461622843461
-0.41502680341022274 -0.0348918352546259 0.9091398749827536 84.70872742743126 0.002130399481977834 0.9992243310349793 0.03932172002526727 2.979716699739297 -0.9098066903739167 0.01825639888538707 -0.414630546451414 -11.462577741583543
-0.41023904646486364 -0.032431178263333846 0.9114011978443147 85.579365672032 0.003577577252105762 0.9993025756860722 0.03716938482390348 3.002308122865109 -0.9119710114343574 0.0185089411807935 -0.40983691073372264 -11.851496540737141
-0.4035598425307067 -0.0317211003023401 0.9144032071751499 86.43610872219438 0.0073084143157842035 0.9992551851858933 0.03789013010395724 3.024438937069857 -0.9149240627378755 0.02197377242793883 -0.40302743423804926 -12.229197029851973
-0.3949481852123946 -0.030904333647247074 0.9181834528890486 87.30227349157622 0.012065039368842125 0.9991733807765482 0.03881996873506466 3.0429766362093558 -0.9186241700621992 0.026409795708841458 -0.39424885144810884 -12.600022369831517
-0.3844224964189794 -0.031320499165858454 0.9226258020340647 88.14974421813288 0.009813396699541857 0.9992291780661409 0.03800982697253339 3.0676207692622235 -0.9231051085831001 0.023665925573827996 -0.3838188146437286 -12.940940772586208
-0.37329424072903444 -0.033159927999486645 0.9271201804586084 89.01801231488227 0.008336270448809685 0.9992007436500114 0.03909450708562845 3.091506791578338 -0.9276755448073093 0.022322478902057727 -0.3727194528088508 -13.28580721788513
-0.36087552434340214 -0.03572935944527626 0.9319293260776297 89.87909581529009 0.010170034102769236 0.9990556833395896 0.04224111732914205 3.115953448193787 -0.9325585377531124 0.024721538392585556 -0.3601713747694018 -13.615931919608018
-0.3483553037573644 -0.037409082273974506 0.9366157925785438 90.71918866255162 0.00997537915491596 0.9989987918851921 0.043610842948085954 3.1416244924611156 -0.9373094868584392 0.024535166095748285 -0.3476333578208857 -13.926056875426028
-0.3366043973176951 -0.03817621872351668 0.9408719658010679 91.56111308064065 0.010208975107256185 0.9989711597978328 0.044185956133511284 3.1687807697794783 -0.9415908116234201 0.024478525612204968 -0.33586834511487074 -14.228023864184792
-0.32137880907043154 -0.03746032079573725 0.9462094828558588 92.40600859436364 0.013603071106520356 0.9989315081358785 0.04416784474989239 3.1936994473562708 -0.9468530073548599 0.027065964221880227 -0.3205258430201812 -14.520407566310539
-0.30766025581562095 -0.034246047588633255 0.9508797900975833 93.25496950056153 0.014754281551546655 0.9990602262346224 0.040755067561262515 3.2156877455263038 -0.9513818782000026 0.02656826265645626 -0.3068658489504057 -14.797487496293499
-0.295253537461646 -0.026838230575113142 0.9550419142613489 94.1110376292714 0.016179967104907676 0.9993215775875846 0.0330846374068896 3.2354472175575424 -0.9552819255491378 0.025220902986576733 -0.29461898915662793 -15.065847698149359
-0.2814608238715491 -0.022939155680418023 0.9592984935682001 94.99725428097251 0.012258905963838253 0.999546676292824 0.027498384253217698 3.2545629238778004 -0.9594944105361523 0.019499667910951347 -0.2810520220550708 -15.320955374651415
-0.2683200188906157 -0.02520466756876248 0.9630000478687882 95.91408105095115 0.010707732260595092 0.9995178714222732 0.029143938946613678 3.2722373402986658 -0.9632703213181518 0.01813144892822157 -0.26792076930948855 -15.56971876697449
-0.2541219761621566 -0.02910107044596056 0.9667342700713262 96.80949513208142 0.009921121193192538 0.9994162054742272 0.03269280639173634 3.2855828442347192 -0.9671212915584635 0.01789904842154498 -0.25368490589684856 -15.801577109127344
-0.24268492746993237 -0.02913868335266067 0.9696674497534644 97.65631718249438 0.007925781973029422 0.9994558838367578 0.0320174677980925 3.2983830125749787 -0.970072784877006 0.015455529643440392 -0.24232193182708622 -16.003477707570017
-0.23586867595393052 -0.024163236440356638 0.971484485572707 98.5348824468305 0.0051369314931317914 0.9996458540818283 0.02611088569633577 3.310185370640802 -0.9717713618123218 0.011149189286206517 -0.23566101913487042 -16.209864552364973
-0.2311009438000799 -0.018391554238828163 0.9727559326508335 99.42139346242605 0.0003942737066473835 0.9998194647993186 0.018996903870076586 3.314981223654991 -0.9729296985512144 0.0047737345008835655 -0.23105197063855248 -16.408565705811345
-0.22786445914190356 -0.016085059543741377 0.9735599925630892 100.29250734779522 -0.002607114302522507 0.9998700361579889 0.015909548970229444 3.3187609537361697 -0.9736893710085274 0.0010870385903180265 -0.22787678059012906 -16.604316709218057
-0.22411313251403048 -0.016624136490589237 0.9744213369588596 101.17276830709787 -0.004896010910971203 0.9998610891701329 0.015932088396549894 3.3221343948862136 -0.9745508364943866 -0.00120018725959249 -0.2241633927264522 -16.798481563371837
-0.2193669439486695 -0.01712366721325067 0.9754921444705701 102.05120353945755 -0.007107356491169297 0.9998474834733577 0.015952908064091408 3.3233255693203327 -0.9756165380857015 -0.0034336297359737443 -0.219455190871639 -16.98795492937129
-0.21437653210559626 -0.020749883310638713 0.976530667631577 102.92557586658135 -0.011323577795877171 0.9997599352950481 0.018757621510793784 3.326982026262471 -0.9766854555425095 -0.007036627134952728 -0.21456003078459107 -17.17464322704033
-0.20935752789448098 -0.0247315407254457 0.9775263558632357 103.79020818981815 -0.012434568333378472 0.9996666090579696 0.022628571428685903 3.331740242124974 -0.9777600968664422 -0.007417656495566478 -0.20959525602417534 -17.35420562910818
-0.2049031382286498 -0.0271900828571688 0.9784045192752696 104.64195840022082 -0.014110058746601728 0.9995922573680797 0.02482388470715958 3.3402905100713336 -0.978680545523522 -0.008718853365391493 -0.2052032441502193 -17.527562949060986
-0.20161041750964215 -0.027948674922669055 0.9790669594678677 105.51001874439481 -0.020288403412084186 0.9994975034292886 0.024354082319160007 3.350081913218126 -0.9792556460080161 -0.014953668736696731 -0.202076142957888 -17.690789356036927
-0.1988593866298075 -0.02694341943696663 0.9796575914564539 106.37672211001822 -0.027275419465905917 0.9993869490285558 0.021949432893668148 3.358997862118157 -0.9796484041951866 -0.022355720977826902 -0.19947236875664232 -17.857417438459606
-0.19472981469671802 -0.024446626879156923 0.9805522228328348 107.20944250781763 -0.027704105136141303 0.9994275984857908 0.019415404799567083 3.361307055251428 -0.9804655944125668 -0.023384563693956445 -0.19529562297720804 -18.021602709821273
-0.18930386003413074 -0.02232343774528879 0.9816647659478314 108.09561996414668 -0.029455496174031946 0.9994207185017723 0.017047028320002485 3.3617217044091117 -0.9814766539868994 -0.0256883544944707 -0.1898517477455674 -18.192259828031723
-0.18243918894238131 -0.02499171473710613 0.9828994641022781 108.96796216487802 -0.032536291071670984 0.9992828563320089 0.019369119862334406 3.3660223182682882 -0.9826786514936334 -0.028446216540009086 -0.18312149153830437 -18.352082418315653
-0.17656032044273628 -0.028808035713060804 0.9838681569821809 109.84508410380525 -0.03320519416164214 0.9991769835745413 0.023297437103004123 3.3721868695626047 -0.983729570728585 -0.028556130221649427 -0.17737158481819526 -18.504305518696064
-0.16942522661077414 -0.031646963208671934 0.9850348025869731 110.70307067070299 -0.03437463552042023 0.999065919927417 0.026185340792559013 3.3810323595063725 -0.9849433877237443 -0.029423755016196623 -0.17035482270843044 -18.64543875667161
-0.1645999747409132 -0.02826764740743596 0.9859552669494392 111.54097895487506 -0.03738369442044306 0.9990498520510074 0.022402064823124134 3.3889459378007447 -0.9856517172443672 -0.03317127110783366 -0.1655003295051733 -18.77802688599763
-0.16061615900546716 -0.025956703659072617 0.986675579408696 112.40095222156492 -0.03736649103696349 0.9990974296555142 0.02020077729519245 3.395825668296609 -0.9863093808810274 -0.03362403293628713 -0.16144110255812932 -18.911364498265204
-0.15573889091612536 -0.02541640202896539 0.9874712169800786 113.24490587937488 -0.038532696106035116 0.9990643599433411 0.019637617518486257 3.4021578587046033 -0.987046416936415 -0.0349915875447859 -0.1565725378668955 -19.037790228995537
-0.1492806305051888 -0.026742160508298946 0.9884331794346656 114.12159028558779 -0.039293950064768005 0.9990050253653093 0.02109371430462643 3.405648431671841 -0.9880138049866919 -0.035690561023974665 -0.15018290518402266 -19.16276941232615
-0.14071034674330757 -0.028120302449639967 0.9896513764500704 115.00768893219852 -0.037490466066206284 0.9990309651410056 0.023056357985804212 3.407140261076584 -0.9893407215279865 -0.033858223219355374 -0.14162823675705188 -19.28958821113639
-0.13260816799829056 -0.028670260999627068 0.9907537988392227 115.89267441383186 -0.03620341346188434 0.9990546523522394 0.024064797257703302 3.4096429945983835 -0.9905071360842613 -0.03267748074071463 -0.1335207684916292 -19.41081968987746
-0.12613460772602259 -0.028980916942822524 0.9915897171647938 116.76459862047498 -0.035690211634631125 0.9990586218616627 0.02465925540949006 3.415211915859577 -0.991370904115749 -0.03227966135244368 -0.12705020242287657 -19.52450513798097
-0.11838656431270261 -0.029521495700246342 0.9925286407363039 117.62353938613802 -0.03853694129624356 0.9989414942016213 0.025115638908107977 3.426217143991644 -0.9922194946410621 -0.035275663762046015 -0.11939891959470511 -19.627156672706384
-0.1118967247417112 -0.030602328139371256 0.9932485190044472 118.4711539947833 -0.04204041939278299 0.9987766038400305 0.026036488992442486 3.4352830756537265 -0.9928301597601458 -0.03884318645817962 -0.11304636542772373 -19.719269057240243
-0.10793986402117739 -0.030907696375178036 0.9936768589737157 119.32784635243645 -0.042843557292873036 0.9987326412937534 0.026410997953415036 3.4422239232100504 -0.9932338170610091 -0.03972185191028729 -0.10912726115519977 -19.810860070740034
-0.10286415565251011 -0.03143188109303226 0.9941986734716809 120.21162725424527 -0.04404065025186889 0.9986643749598643 0.02701642669593133 3.4516852832358174 -0.9937199739399872 -0.041006134138413385 -0.1041110481924648 -19.902357485325588
-0.10003467611036632 -0.030416286580789473 0.9945189355090881 121.08160692160928 -0.04551771738669241 0.9986260743913445 0.02596345411609209 3.463721678297873 -0.9939422523363214 -0.042670986119007215 -0.10128171584364165 -19.986724201638765
-0.09506510357782944 -0.03193718897887682 0.9949586132306532 121.9588221966372 -0.047398678772044164 0.998496823429875 0.027521970334884113 3.475842482024988 -0.9943419891226566 -0.044543344739446544 -0.09643598450278651 -20.0700393400859
-0.08975493992862671 -0.03439659059587502 0.9953697430170302 122.81851447700508 -0.04727479738411404 0.9984240987960992 0.030239253884454035 3.4871423054103223 -0.9948412658764713 -0.044341780507522084 -0.09123958686186151 -20.143977432943647
-0.08563433035970835 -0.03556538229150472 0.9956916515901413 123.70630704127112 -0.047690117038050726 0.9983634945955793 0.03155923629937156 3.498379118355515 -0.9951846131249926 -0.044782097330983386 -0.08719030655925553 -20.215288297901637
