1.0 0.0 0.0 0.0 0.0 1.0 0.0 0.0 0.0 0.0 1.0 0.0
0.9999072397394799 0.0018437798057791754 0.01349490246730488 0.0021425478626042604 -0.001826249724266395 0.9999974727500252 -0.0013112229053437623 0.010140864178538322 -0.013497285968626706 0.0012864562140555453 0.9999080799262953 0.08917060494422913
0.9993910372022654 0.005239921750379784 0.03449779673878053 0.007036252224253771 -0.005188758596629935 0.9999853019919889 -0.0015724452984784095 0.01897313705366796 -0.03450552918020847 0.001392486998397024 0.9994035368338223 0.21338199132970292
0.9980981995784622 0.006514353701323276 0.061298835177238935 0.029080443934417995 -0.00647455300468127 0.9999786803894617 -0.0008478973644682679 0.023951551313471868 -0.06130305181328106 0.0004494022754228471 0.9981190980418986 0.35621491091180846
0.996032192996036 0.0063964854966694325 0.0887634806032204 0.05771886338005331 -0.0063839086971635125 0.999979532086082 -0.00042558036453675544 0.03360474958096207 -0.08876438601856979 -0.00014276621202780645 0.9960526408742437 0.5295348152818264
0.9926999769317512 0.0047965659109627645 0.12051451678184885 0.09534201894189398 -0.004855140281906841 0.9999881952256872 0.00019241132009517657 0.04204428486544532 -0.12051217122159796 -0.000776121598001982 0.9927115463329322 0.7113090636400375
0.9878158872468192 0.0031091783992504315 0.1555959701035383 0.15279807576087467 -0.0031260489650588867 0.9999951046128225 -0.00013626539689690954 0.0458077331741993 -0.15559563207444996 -0.00035179549737273866 0.9878207709495082 0.9145234321831319
0.9811059812568809 0.004119555799329159 0.19342720284900244 0.20689857556137067 -0.004201106631567043 0.9999911752472435 1.1432719018000489e-05 0.0558553452814055 -0.193425448804037 -0.0008238250136249974 0.981114629932356 1.1263387969615652
0.9730277978392058 0.0045660641967182605 0.23064270135848114 0.2771353049812213 -0.004981385086761886 0.9999868505289209 0.0012184300830531574 0.06570524389404037 -0.23063410509897153 -0.0023344864534518674 0.9730377483624135 1.3747966063867056
0.9633691033366953 0.0017412361036223413 0.2681733372896777 0.36494369568294815 -0.0030381886544015835 0.999985610468908 0.004421341971168895 0.07219042239562164 -0.26816177980083605 -0.005074145441076383 0.9633605311108043 1.6223351781827122
0.9520234539534962 -0.004712529039627139 0.30598878278869374 0.47677742865532585 0.002213981863447079 0.9999613211111398 0.008512024786900515 0.07601675383038434 -0.30601706064656603 -0.007426193622250383 0.9519970641979529 1.8733883059957064
0.9391949338562695 -0.00797701312796715 0.34329177601607974 0.5811933331880061 0.004473154095649304 0.9999295225112027 0.010997313442617122 0.0826278508951914 -0.34335530738748543 -0.008793024057446398 0.9391644241647844 2.0953653421203495
0.9229840435537249 -0.008195966713228323 0.38475093433915314 0.7135515658981371 0.003103701009498965 0.9998992069333775 0.013854350004466737 0.09099300941731382 -0.3848257039040653 -0.011593192124617176 0.9229164509916932 2.3486610707556865
0.9049732960794361 -0.010476195917452781 0.4253393735621247 0.8738418047359942 0.0031128607051218765 0.9998330868290124 0.01800301586399825 0.09786945597807918 -0.4254569819398337 -0.01496822638351018 0.9048548550555389 2.6290398498645073
0.8842105373520667 -0.01562040805715087 0.46682730049526666 1.0622166544524334 0.006081056924269922 0.9997409249167211 0.021934078356369003 0.10747704107355416 -0.46704897642779786 -0.016555539821692392 0.8840764490240417 2.938937527351332
0.8616142500182793 -0.019864322946489134 0.5071748148708844 1.2378801715946959 0.008222136407446694 0.999649002320013 0.0251846904586971 0.11428469735332321 -0.5074970745120958 -0.01752942767122288 0.8614751525883866 3.1765113240095277
0.8368178462847372 -0.02399632445733132 0.546955271070599 1.4313534373015964 0.009961304029681876 0.99954095611934 0.028612050993663436 0.12473644085249448 -0.5473907786594531 -0.018494687144535213 0.8366727448566874 3.41577264660214
0.8091791604695016 -0.027113875339826416 0.5869360476456777 1.6477670362009067 0.01086761872270638 0.9994544597763058 0.03118778120596309 0.13654843337826567 -0.5874614720346951 -0.018857905432722262 0.8090323839485785 3.6756821554750183
0.7790531227587187 -0.029672291896489383 0.626255368850039 1.8781128705564432 0.011502824497115791 0.9993877637730918 0.033042134452960586 0.1495439617852884 -0.6268523884843045 -0.018537872429933877 0.7789174733803923 3.920726125431384
0.7468589830165409 -0.0289652203609167 0.6643513193310767 2.142073602117448 0.007440577945709714 0.9993523649065414 0.03520637095096539 0.17075783400750547 -0.6649408223949952 -0.021351036629323136 0.7465908089090845 4.189217689654326
0.7137480899603765 -0.030172826747570415 0.6997522880305397 2.4164630238372964 0.005515830663284163 0.9992828216865908 0.03746221955756545 0.1855724896571095 -0.7003807819250955 -0.022878872527866502 0.7134026335119918 4.437390220019023
0.6811877067968735 -0.031044901421739386 0.7314502868989331 2.696096442204975 0.004172623353479232 0.999248918300393 0.03852516696712354 0.2048987781190529 -0.7320969179850213 -0.023190803591277967 0.6808056178569798 4.665837642026993
0.6482804087629934 -0.03324468079371933 0.7606755568657442 3.0056370289497707 0.00402357369716168 0.9991819686381509 0.04023933899920721 0.22110597476397167 -0.7613910443844147 -0.023025740972079885 0.647883857480565 4.905916919701962
0.6177017462850838 -0.03279855862993606 0.7857282018536417 3.331522898906986 0.0018457582201448844 0.9991876164177791 0.04025792312017984 0.24284971178243583 -0.7864102910141443 -0.02341712512577471 0.6172604737368925 5.147528038252345
0.5898449895571716 -0.032146082338354934 0.8068763955430819 3.6667397378097912 0.001377229164954705 0.9992459181486868 0.03880332850433533 0.2641416380828875 -0.8075153196900523 -0.021776695191967704 0.5894444706775939 5.3834513391920105
0.55937327164415 -0.03155886336194989 0.8283149045582977 4.0652848874565946 0.0017949440333452117 0.9993187545728913 0.036861971390616685 0.2852057722546987 -0.8289139407357299 -0.019132822640354485 0.5590488475542863 5.635645126332923
0.5321580223471947 -0.029711865438082907 0.8461235396227386 4.454898332789963 0.002265236353442666 0.9994304178406719 0.0336705895268138 0.30550938762654284 -0.8466420187752234 -0.016001404532396384 0.5319222190294413 5.871782331651356
0.5103195427268793 -0.028385816067137803 0.859516264975382 4.881417666267182 0.003300623377881071 0.9995123964546635 0.031049560685668526 0.32990069362528013 -0.8599785289158945 -0.013008258133134087 0.5101643999967026 6.120115135879301
0.4896370253799524 -0.027637827714023448 0.871488229327466 5.355622475162927 0.0035041797642911873 0.999551812574104 0.029730366698094663 0.35432983195674456 -0.8719193220139416 -0.011503236895483004 0.48951442413852836 6.38310029622328
0.4733107081439414 -0.028404906730134467 0.8804374678703383 5.846950795053993 0.004641684309834679 0.9995465239655553 0.029752330919498055 0.37726122514904065 -0.8808833227636045 -0.009995384036036186 0.47322791969084366 6.645072069096047
0.460695397447593 -0.030207641343421417 0.8870441077957013 6.368480607664819 0.006230402175899067 0.9995060988786683 0.030801629714559443 0.3988199845204183 -0.8875364402994005 -0.008663527504053768 0.46065606522855607 6.910278677586428
0.45091689269286056 -0.03141809319582625 0.8920128134192659 6.913314046315854 0.004655004008536228 0.9994494837602218 0.03284905400627315 0.41801931768519224 -0.892553800519552 -0.010659870138276288 0.4508149069704099 7.1915748743452985
0.4448903790842343 -0.03182238982973315 0.8950194892312743 7.445746678759811 0.0032009832123181016 0.9994186383084107 0.03394317469295987 0.43682694054138893 -0.8955793121241474 -0.012236049496746474 0.4447335997964989 7.460256894042121
0.4337221256863604 -0.032921242449917225 0.900445061891984 8.011612562013442 0.002274502902214091 0.9993691309987591 0.03544244127219556 0.46037818393257246 -0.9010438082172548 -0.013324106061532986 0.43352338330360934 7.736532263376216
0.42297263436916016 -0.03305320849095584 0.9055394171339349 8.612721134134596 2.8354877928002398e-05 0.9993349811263657 0.03646360779143974 0.48275275850633864 -0.9061424555613836 -0.015397431786517271 0.4226922868039656 8.03066436703408
0.4125029059798289 -0.03388527195817273 0.9103258432575212 9.210504505210086 -0.00108455417092225 0.9992889581503346 0.03768821912838482 0.5028873251745928 -0.9109556390409177 -0.016533797601866573 0.4121728487375336 8.303870176539979
0.40187710924287195 -0.03423094414914997 0.9150535675736425 9.876405336916774 -0.0023270437798574538 0.999259623828655 0.03840298234592907 0.5281319143569758 -0.9156906540605511 -0.01756264924414564 0.4014999121017186 8.603653850081393
0.389516343438422 -0.03570764545218518 0.9203271061153324 10.559186621528392 -0.0046623865399691294 0.9991589229582505 0.04073952410940629 0.5566559554550269 -0.9210077525982685 -0.020159631176438233 0.38902224733903945 8.900344868037074
0.37801251361394705 -0.03798975587070226 0.9250207122006242 11.230059217369707 -0.00716506521589063 0.9990077577744115 0.04395636184893935 0.5873736622266985 -0.9257727590460403 -0.023243888560808834 0.37736523455778903 9.181177217759208
0.3653665732635387 -0.04062870956809718 0.9299766529867785 11.95314512903981 -0.007445034990425068 0.9988875515771156 0.04656426482042955 0.6167863479647857 -0.9308339479174849 -0.02393673459574125 0.36465763963098663 9.468322908386112
0.3538674067407481 -0.04184427000096065 0.9343590934510484 12.664528640483416 -0.009161140044992713 0.9987957123381981 0.04819956978965413 0.6457392694340314 -0.9352507321353212 -0.0256160512749021 0.353057907371337 9.74543165651825
0.3389938347501983 -0.04188821174631317 0.93985560471705 13.382048313367912 -0.010856825343318294 0.9987675842382293 0.04842976376565039 0.6735241574698092 -0.9407259480554474 -0.026621239483315833 0.33812128040623535 10.003600877216027
0.32553543039997507 -0.039452261971833234 0.944706410785705 14.093177710425927 -0.013297374569757152 0.9988393001927427 0.04629505610779965 0.7037364146332303 -0.9454363349183565 -0.027632796018111937 0.32463296998359065 10.252100390622072
0.30958866554198605 -0.037959772441651135 0.950112579563133 14.791995023816035 -0.014871205680967548 0.998887337083079 0.044754162450773266 0.7327783894674691 -0.9507542823514007 -0.02798470102134214 0.3086796901307558 10.485711559566377
0.2889562253999583 -0.03550774622687232 0.9566835943824357 15.518996960528998 -0.017761962814444508 0.9989410778777398 0.04244096612281453 0.7592987570649036 -0.9571775240150528 -0.029256159801785923 0.28801955599241097 10.706850639752718
0.26693341727018105 -0.033091488634949325 0.9631466680233008 16.244365844771668 -0.021413183764647237 0.9989599018626132 0.04025655265543667 0.7858353368694863 -0.963477050222539 -0.03136985576252332 0.26594718619288604 10.91663869911431
0.24041785559120787 -0.0317798290852883 0.9701491107949515 16.96237915113788 -0.02524369971411478 0.998921149291634 0.03897811081395317 0.8123824219434234 -0.9703411824392846 -0.03386118664771031 0.23935624015500456 11.104433290677552
0.20805400970951782 -0.03174364025771291 0.9776021022619482 17.713703994611194 -0.028471912596393395 0.9988531582799645 0.03849309531907588 0.8360031019357351 -0.9777028583556945 -0.03584284443691704 0.20691160254025331 11.27301175475796
0.17540086998549465 -0.03192596690668882 0.9839793023460427 18.459706703390218 -0.029803074863552353 0.9988437885618394 0.03772085338522075 0.8601237162796822 -0.9840458889386253 -0.035941879312368134 0.1742465775115427 11.409553140168512
0.14076692066368884 -0.031196888138116875 0.9895511246102248 19.21194025125707 -0.030984364093758352 0.9988750019290581 0.035898463796234244 0.8835282983988505 -0.9895578018633212 -0.035713928539464056 0.13964194240882605 11.51648615852889
0.10672473301213425 -0.029978278519826398 0.9938365731751256 19.982447852371763 -0.03302007039781103 0.9988871636443274 0.033676538680731054 0.9080964922485536 -0.9937401603610537 -0.03641067320963575 0.10561608098205899 11.607055031629182
0.07528538320824457 -0.028004273269542586 0.9967687152764342 20.711738387947275 -0.03642993100402737 0.9988610119763301 0.030814588763499576 0.9304448352201766 -0.996496347811787 -0.03863210364795802 0.07417944031538565 11.671291136747747
0.041774073463136 -0.024953026981081223 0.9988154350182913 21.478537894808913 -0.03628167620187481 0.9989908522128395 0.02647484026481717 0.9473079451502943 -0.9984681100357083 -0.037344660120915626 0.0408265796041557 11.70086613433754
0.010737458284819312 -0.022009737417248113 0.9997000942524743 22.214147717040056 -0.033935535317061685 0.9991738045622739 0.02236264115205975 0.961832162116772 -0.9993663424552213 -0.03416547578148336 0.009981674824329323 11.701600677966079
-0.020758328606713006 -0.017626252517365396 0.9996291347373034 22.950422857854164 -0.030833053381399377 0.9993802822794817 0.016981584442069753 0.9727769149982257 -0.9993089685440812 -0.030469109162846213 -0.021288935487409066 11.675787916610359
-0.051871294465663575 -0.01482025397451827 0.9985438041881726 23.680490310797875 -0.028957593404754935 0.9994917544191826 0.013330064976203867 0.980536311609149 -0.9982338536608851 -0.02822397775289123 -0.05227408999822941 11.62909711697589
-0.08055039924450352 -0.011821390109479971 0.9966804342001655 24.38374513752514 -0.02397559900986149 0.9996633344486119 0.00991909326505818 0.9839145785484054 -0.9964621437032465 -0.023097023508713906 -0.08080670560893138 11.56173271287152
-0.10940655611622924 -0.0042483689436190585 0.9939880063864482 25.124552551921912 -0.020478194371517024 0.9997882608576552 0.0020191598520916607 0.9820905475247412 -0.9937861183544824 -0.02013417027207288 -0.10947038939085957 11.472056276473246
-0.1330853832958101 0.007396411208538594 0.9910769767552072 25.884754678326345 -0.01801541802860111 0.999788886910518 -0.009880603396668963 0.97684579935429 -0.9909408284384402 -0.019169629925006818 -0.13292403778954442 11.368781776312815
-0.153581974006415 0.02102013888741573 0.9879123093784423 26.609382321050152 -0.018778064732736025 0.9995310860341282 -0.024186614817497388 0.9696523044068648 -0.987957469502198 -0.022265709343979177 -0.1531152397451782 11.257906090217666
-0.17699425660480606 0.03484249916384273 0.9835949539220553 27.360847325135556 -0.019888697865286117 0.9990424853826638 -0.03896860399929434 0.9489949840803366 -0.9840109109283982 -0.026459641956157944 -0.17613181007818113 11.130880117676117
-0.20044107888229695 0.04498445853998314 0.9786724540858222 28.10801447663561 -0.016562958232919596 0.9986469288587603 -0.04929482625530874 0.9203839401800176 -0.9795657416993898 -0.026090419138661856 -0.19942479213501402 10.979089526688929
-0.22488099410002527 0.04927749663295678 0.9731393871476858 28.84593772588429 -0.014339383984249214 0.9984448549986086 -0.053872568100658616 0.8821492796592797 -0.9742807195872948 -0.026069136011705036 -0.22382466260014022 10.809074093297912
-0.24765820927023952 0.04881667271182603 0.967616837310309 29.54788249569981 -0.012678931821605621 0.9984809748485806 -0.05361891040753772 0.8454189062117082 -0.968764499798027 -0.025547511244247267 -0.24666306695633167 10.63404569446323
-0.2674193404875062 0.04508882921835486 0.9625247497144921 30.25301459777691 -0.0113920956018967 0.9986868516646936 -0.04994789755194992 0.8019613966255706 -0.9635129041642488 -0.024322207790019156 -0.26655452297268306 10.444554559593108
-0.28474680914969014 0.04289685752573083 0.9576424772813116 30.9516143315436 -0.007249740310611416 0.9988733086234705 -0.046899409218346025 0.7587456734094228 -0.9585753470356407 -0.02029711639662969 -0.28411499629812403 10.23591768433455
-0.2996884948232088 0.0429310277909816 0.9530706862155658 31.6635296344451 -0.005772920187882315 0.9988871249872371 -0.046810094287834496 0.7162597392316852 -0.9540196431222492 -0.01953044770458629 -0.29910714158868656 10.013334111692396
-0.3096366910732772 0.04584956916942384 0.9497488807827942 32.37692453360744 -0.004547254451909278 0.9987539489843859 -0.049697805434894604 0.6726536748188978 -0.9508440681931721 -0.01970701385479971 -0.30904237830237 9.786789537743802
-0.3182761657768671 0.04837340098756378 0.9467630624265357 33.10552749686789 -0.0044471141095772035 0.9986101046471558 -0.05251744541286061 0.6275547873280366 -0.9479876082916234 -0.020925414535744764 -0.3176186731790729 9.542525627975614
-0.32593154589007134 0.04978697466492303 0.94408150312747 33.82608591730838 -0.009583520467337056 0.9983870495696945 -0.05595940838655409 0.583110267528124 -0.9453447961083622 -0.027286560890579827 -0.32492869997216967 9.30440081895129
-0.3361750788397613 0.04881275419652993 0.9405336949811153 34.55119281183226 -0.010335197964147228 0.9984046220611272 -0.05551030832214809 0.5359667046258053 -0.9417427993088784 -0.02838178420619828 -0.3351342630575851 9.048514486779855
-0.34446031308426234 0.04902909942204381 0.9375197278563024 35.275736985023556 -0.010280445619230534 0.9983784568544334 -0.055989010768458254 0.485368920818956 -0.9387445899432721 -0.02892411275776379 -0.34339771483429266 8.78780856660093
-0.3515597764796311 0.0503603780566837 0.9348099036079902 35.97277640301974 -0.008846455208396234 0.9983287416779417 -0.05710922666245382 0.4400252214690821 -0.9361236370222887 -0.028347060901010142 -0.3505267184487323 8.529316900465734
-0.35803076673022366 0.052771739521782574 0.9322173102782493 36.696580536612316 -0.00929945316046914 0.9981505035319267 -0.06007572279946345 0.39396957597069326 -0.9336634780505687 -0.030178068308075377 -0.3568778417718151 8.254398747841293
-0.35984124880336293 0.05316133416453987 0.9314977982848284 37.42608803423255 -0.012411477668934735 0.9980143458973618 -0.06175208988475795 0.34708415661883035 -0.9329309893457877 -0.03378221326242283 -0.35846691783954393 7.985948644734432
-0.35989561751419064 0.052456475535801884 0.9315167538313209 38.13795523474227 -0.012409925016581329 0.9980607144892419 -0.06099839304692352 0.29935274482514596 -0.9329100376001764 -0.033513107399731776 -0.35854669622972646 7.719784741723354
-0.3582970732489663 0.05024957537061328 0.9322543577137615 38.892689467612875 -0.017007872433333727 0.9980334665298762 -0.06033184865102235 0.2477192158013595 -0.9334526980926866 -0.037472387986776025 -0.3567378316944423 7.444300363715277
-0.3524550180152054 0.04900523342757707 0.9345447808278693 39.64681421464806 -0.02170872578270088 0.9979311139128902 -0.06051630449283832 0.20158607704010195 -0.9355769297608791 -0.0416170515688835 -0.35066198755770517 7.175289065970409
-0.3461840109752314 0.04780929704574073 0.9369476515051912 40.38087176895996 -0.026457009956211155 0.9978059656054341 -0.06069004552959288 0.1586202049460483 -0.9377935045463249 -0.04579875673202537 -0.34415958030036425 6.920512222080902
-0.34172006608286076 0.04692597669152758 0.938629505794417 41.17619981796234 -0.030240516042502632 0.9976864097082224 -0.06088792222600683 0.10571702023406379 -0.9393151269014082 -0.04919126543466152 -0.3395104001045155 6.64440360647995
-0.3379539367892075 0.045003629413368704 0.9400860651814282 41.9962448998617 -0.03564895580711182 0.9975272182299144 -0.060568975889900706 0.05150949741499541 -0.9404872612420325 -0.0539826104418169 -0.3355139180590696 6.365175776459344
-0.3375581378468655 0.04315980741110473 0.9403146997668351 42.817377114590215 -0.04040197597897753 0.9973634060306555 -0.0602819761448158 -0.000702471302379444 -0.9404372301809149 -0.05833924352583232 -0.3349243925940346 6.087060339958422
-0.33790675604085957 0.041546899340611454 0.9402621333315109 43.6464608091758 -0.0440396152919524 0.9972329631241725 -0.05989098048554109 -0.05530040583641306 -0.9401486778732817 -0.06164634955748581 -0.33514204612276927 5.805648315313718
-0.3388655879350209 0.0403137656024053 0.9399706982754341 44.483544724036065 -0.04651038221546005 0.9971422164971551 -0.059533053216788846 -0.109766249171351 -0.9396844670737219 -0.06389209952799735 -0.3360221748014259 5.516735490025096
-0.3410488825588112 0.0398400593431763 0.9392009526064796 45.33359796606583 -0.047991919209997104 0.9970607356365813 -0.05972156346229381 -0.16636126746138558 -0.9388197033487994 -0.06544202872292292 -0.33813444882280314 5.221510531987623
-0.3406935721917901 0.038753622838137686 0.9393753491465043 46.21929857378144 -0.05014451100548313 0.9969789770097337 -0.05931650206010039 -0.22666080706320746 -0.9388362039691581 -0.06731326851033373 -0.33772104761065336 4.907727712996028
-0.3410768251856661 0.038064853634583146 0.9392644282836674 47.09653676272356 -0.05201243394282286 0.9968850056431138 -0.05928736998107102 -0.2882842040819944 -0.9385953899506486 -0.0690749769576992 -0.3380345271147362 4.599538986131973
-0.3417816279397261 0.03724840774486653 0.9390409335717709 47.99189964226203 -0.0538722505667045 0.9967945626843591 -0.059147108312880566 -0.35194889959124703 -0.9382340323297536 -0.07080364343287417 -0.3386794128004853 4.278092568901442
-0.3413956742826319 0.03652429629208433 0.9392097579143198 48.910896140824086 -0.056843727598983304 0.9966133582105652 -0.059418893198313665 -0.4169259841438494 -0.938199224159645 -0.07367353674575462 -0.3381633122762023 3.9548613808427486
-0.34141846473790116 0.03630430403372081 0.939210002845286 49.83156660009249 -0.05801949485858175 0.9965341173144555 -0.05961116711367458 -0.48718592691675305 -0.938118953093034 -0.07484484308839584 -0.33812879101121196 3.627010246357087
-0.34026892735784403 0.035431531024551405 0.9396603980609157 50.7457214898349 -0.062099559792012204 0.9962616404884495 -0.06005321277751782 -0.5520787552165254 -0.938275386945848 -0.07878673936976818 -0.33679659729738914 3.3077339532287
-0.33942164378883843 0.03443490506933271 0.9400038218223099 51.623523662638604 -0.06405045583560287 0.9961641467492348 -0.05961989465455738 -0.6155961633167026 -0.9384511105193143 -0.08044395592109502 -0.3359141008067845 3.003171340735362
-0.3376758690607577 0.03257461290134138 0.9406986244533315 52.54973752794674 -0.06317358692385383 0.9963632086025493 -0.05717914356133154 -0.6827998910902753 -0.9391400882558665 -0.0787353233152747 -0.33438995722539694 2.6786720057609403
-0.33568412292292665 0.03059972250936147 0.9414774700436629 53.467136426651614 -0.06396302837828013 0.996424915537236 -0.055191654235869046 -0.7523568342093118 -0.9398004578729174 -0.07874671217874729 -0.33252677291143456 2.3606949856544084
-0.3333066526973416 0.030309381232277503 0.9423311608330748 54.34924893373307 -0.06498137695413816 0.9963678740514916 -0.05503162915319813 -0.8183379562617259 -0.9405764699995626 -0.07957638448325853 -0.33012649562816776 2.055363135465183
-0.331950725946597 0.029899868022288615 0.9428227370167614 55.27980751230636 -0.06641751812529584 0.9962760533560275 -0.054979439751730835 -0.8835855847155543 -0.9409555934419029 -0.08087041116247601 -0.3287286841284296 1.739130807538134
-0.3296953988440373 0.029788118397576918 0.9436173016553921 56.187085073070136 -0.06874619137626749 0.9960912020883923 -0.05546420731750653 -0.9516363804124619 -0.9415810666917261 -0.08315638955867238 -0.3263588664694702 1.4328264465232372
-0.32987960607379324 0.030334796796292567 0.9435355030945719 57.08409658930933 -0.0726526413148559 0.9957034475320719 -0.057412875583113025 -1.019047197842573 -0.9412231612144774 -0.08748968325508305 -0.32625835792719765 1.1313983751806433
-0.3307854207469289 0.03192404291312703 0.9431658713637588 57.996477750466546 -0.07720183101756838 0.9951623427658478 -0.060760092398914424 -1.0858438580299672 -0.9405428659602987 -0.09291268495135971 -0.3267205996969235 0.8250158788676385
-0.33385661165117103 0.031622307267701266 0.9420933035214007 58.895596573501 -0.0815901412396339 0.9947167754062038 -0.06230237216976811 -1.1556111426782194 -0.939086157766845 -0.09766558456565338 -0.3295127036733992 0.5201875455399816
-0.33817519146873243 0.030114290798425106 0.9406012276011521 59.80978616417985 -0.08255864314473463 0.9946850499106691 -0.06152822056837211 -1.2268469469964114 -0.9374548577489942 -0.09846207886246246 -0.3338916122170422 0.19995561807654905
-0.34211020351658955 0.027909350981990995 0.9392452697658913 60.695504697438004 -0.08138423649975216 0.9949226708298295 -0.059207137392305376 -1.2969489330053758 -0.9361288451378851 -0.09669512498881708 -0.33810181617998875 -0.11275702072669924
-0.3463743278364172 0.026544310290326202 0.9377207604650124 61.56959096321146 -0.08356201597531887 0.9947529662986394 -0.05902478738799945 -1.3637312026748694 -0.9343672803036345 -0.09880250822357127 -0.3423387939844392 -0.4220854810401774
-0.3509171773205091 0.028245004178311363 0.9359804241544658 62.45899289491271 -0.08429985551516653 0.994533461228194 -0.061617601848745485 -1.4383340624333263 -0.9326042402978492 -0.10052568943526649 -0.34661782519373685 -0.7392432349930103
-0.35496564907180245 0.030601504180817526 0.9343783687141443 63.31632148444219 -0.08570053891655731 0.994190683757741 -0.06511760099026395 -1.5048461122948054 -0.930942965819306 -0.10319124125228354 -0.35028097596125235 -1.05747077464678
-0.36009557707046347 0.0323194158094744 0.9323554208219225 64.1516595224637 -0.08741284841473296 0.9938341013070344 -0.06821123815957353 -1.5730476160761602 -0.9288111591202557 -0.10606240823672372 -0.3550501320274557 -1.3693298677091947
-0.36378941072675447 0.03383210086748971 0.930866614286909 64.97432743770015 -0.08923416599462293 0.9934782094443075 -0.07098106070338132 -1.639873178191632 -0.9271971355986411 -0.10888726422417373 -0.35839787307885923 -1.6786805591421925
-0.3654470418069981 0.033222054286864075 0.9302390847214899 65.80379780810158 -0.08962640025989224 0.9934636538184631 -0.07069000578669385 -1.7143915887503527 -0.9265071872419384 -0.1092074340447109 -0.3600807802957586 -1.9946318485748016
-0.3676003978602027 0.02822750908034185 0.9295553535019526 66.67654082466348 -0.08820249326173396 0.9939753406804407 -0.06506413990529637 -1.7867021711105155 -0.9257916977784121 -0.10590670351928354 -0.3628959940179062 -2.329782608321138
-0.3683158474033326 0.02182575415324941 0.9294444970019495 67.49589900187591 -0.08602665589261163 0.9946352475035778 -0.05744683541702611 -1.8549833279994197 -0.9257120778230665 -0.10111558178212995 -0.3644623273993653 -2.6453456779395825
-0.36910835711495665 0.019559707545988195 0.9291805198929932 68.30606496350184 -0.08632461481090335 0.9947349208967324 -0.05523131382033915 -1.9218647910336295 -0.9253686193002477 -0.10059748997508354 -0.36547648819734796 -2.9545136602202913
-0.36923364818176957 0.02545525964306872 0.9289879131651204 69.13038621445585 -0.08661404799492181 0.9943312688183841 -0.0616711807893744 -1.986310991707673 -0.9252915863339053 -0.10323447876812417 -0.36493577880657174 -3.275095733670917
-0.3679060532731534 0.030280829408318496 0.9293697904146208 69.94194803439798 -0.08771168939071806 0.9938830877451827 -0.06710489876549727 -2.0541232210101046 -0.925716908946357 -0.10620489284607257 -0.36299962152370957 -3.5893382760471297
-0.36677669158817516 0.033560133573694154 0.9297034881843504 70.76714768646067 -0.0844988294382237 0.9940165584716549 -0.06921726163130999 -2.12439150430942 -0.926463602270053 -0.10394613469813606 -0.36174631269732993 -3.9138625036582786
-0.3637396158350099 0.03325095592539691 0.9309070124358537 71.57903870084576 -0.0839282277362101 0.9941281377010736 -0.0683029898324662 -2.1938504911423724 -0.9277119943502176 -0.10297387902299514 -0.358813093096809 -4.22535338545749
-0.3593268064834977 0.03144245618855303 0.9326819490540177 72.35632790653459 -0.08542468833779748 0.994127944272994 -0.06642479234397689 -2.25956169122571 -0.9292937472967095 -0.10354227332051971 -0.35453085743113755 -4.514188100957832
-0.3556751761576306 0.02816310583796335 0.9341852110447896 73.18824745095728 -0.0879622367075167 0.9941003647626974 -0.0634595122269525 -2.325175428167111 -0.9304610760148161 -0.10474399385278187 -0.35109953257319954 -4.816226962958979
-0.35200121905499004 0.023829376023536263 0.9356961593498873 74.02545195680838 -0.09062659355245328 0.9941112968886727 -0.059410015480552275 -2.3921288872071877 -0.9316018260635169 -0.10571135339522403 -0.34776881320565634 -5.114096353809543
-0.350655593450007 0.021642656182967672 0.9362543726015754 74.8483761039137 -0.09547665698266675 0.9936976716392178 -0.058729424909593576 -2.4560840780107602 -0.9316248508673638 -0.10998423892605363 -0.34637927829796505 -5.400286433189696
-0.3482198333261478 0.019797343451077982 0.9372038267477304 75.67521617908653 -0.101235511623198 0.9931355507633997 -0.05859307976432011 -2.5149968754522067 -0.9319304259786237 -0.11528158136562273 -0.343825301764053 -5.68477880461492
-0.34418169822750766 0.0188347201128488 0.9387141268370791 76.46537650573316 -0.10182146736726869 0.9931533976735187 -0.057260086209523636 -2.5762365072387894 -0.9333656022097694 -0.11528912354518309 -0.33990744417234886 -5.956696860281314
-0.3414683549016051 0.021037739383629628 0.9396577973509389 77.25460591773657 -0.0997502293641015 0.9932920581109504 -0.05848742630276847 -2.640145275904737 -0.9345850706824933 -0.11370268605155777 -0.3370792856911564 -6.231640533506028
-0.3366351133198443 0.022983181014476106 0.9413546482971185 78.08679601455769 -0.10029723957372495 0.9931398229608435 -0.0601145222321154 -2.7052922064544616 -0.9362784116992267 -0.11465193168787215 -0.3320205872324985 -6.518969007113488
-0.3296662698346031 0.02421528895405603 0.9437869305697183 78.8782929225987 -0.097975574304128 0.9933958750076989 -0.05971115773006634 -2.7644170669298025 -0.9389999666523504 -0.11215282117967491 -0.3251166057406556 -6.790972859753124
-0.32036942594735585 0.025212664663093257 0.9469571016993054 79.6971964152461 -0.09553290645794303 0.9936894472976396 -0.058777088333888936 -2.829557720137299 -0.9424632060201926 -0.10929594626470958 -0.31593907866587523 -7.059995723338952
-0.3098807794827088 0.02550342802473364 0.950433310478003 80.501621609751 -0.09975705711519052 0.9932505099066831 -0.059177310904017545 -2.882548160833847 -0.9455275945539112 -0.11315034126816131 -0.3052450953053845 -7.314713560023424
-0.3000230522095509 0.02527885741965629 0.9535969523391011 81.33330376273311 -0.10243428611073305 0.9930150500487396 -0.05855192059773745 -2.944916014378126 -0.9484162510057753 -0.11524794898069102 -0.29533798449216536 -7.568091871466148
-0.288112728586208 0.022427111815572928 0.9573338395158828 82.15017678583585 -0.10452659075755664 0.9930155307878059 -0.05472063083348581 -3.0013424343123227 -0.9518745964943136 -0.11583255272083126 -0.283756184565136 -7.8040819951466975
-0.27511527245324824 0.020749553450113874 0.9611873089541892 82.90490765705745 -0.10892669313531855 0.992656811072915 -0.052606377495087696 -3.051966644079979 -0.9552206877918733 -0.11917177292535505 -0.27083486878954216 -8.008938765569035
-0.2633082947259021 0.02070262454520689 0.9644895765457903 83.70285364053247 -0.11022325451978662 0.9925770531178207 -0.05139676825452632 -3.104680328615836 -0.9583942696466857 -0.11984237548080953 -0.2590718605860406 -8.224229300395553
-0.2491799280131589 0.021438697715298265 0.9682198850032101 84.48228065026815 -0.1111991329373794 0.9925094150292142 -0.05059460358914062 -3.1602358596654625 -0.9620520340965618 -0.12027237138528252 -0.24492945999211424 -8.422352780129104
-0.2365836527669038 0.02435705536752729 0.9713057752825792 85.24637070186922 -0.11217742751727013 0.9923157885899003 -0.05220728369501701 -3.214191741645614 -0.9651136720610048 -0.12130997308147254 -0.2320333821498443 -8.604307933133764
-0.22553942835901442 0.031428489910822775 0.9737269721423015 86.04022762501761 -0.11220003451980617 0.9919911388083595 -0.05800631672023615 -3.2729450722661686 -0.9677515789236634 -0.12233491140152658 -0.22020683673114538 -8.784283782277349
-0.21263258236680116 0.03502952424160572 0.9765041307375164 86.86034286571359 -0.11748291052135545 0.9911911486826084 -0.06113814282984723 -3.329302762398181 -0.9700438910953757 -0.12772250860619036 -0.20664416310141664 -8.952590272790982
-0.20139856020538194 0.032763095489382 0.978961286017559 87.70616396498112 -0.12052339221338951 0.9910169431841912 -0.05796145487510785 -3.385834451746272 -0.9720662178455627 -0.12966108859567438 -0.19564066608864328 -9.117327359625575
-0.18784165832040284 0.02981204347392439 0.9817467868362747 88.52797805350005 -0.12156343542949807 0.991148518632424 -0.05335677257227792 -3.4426913083231616 -0.9746475478684687 -0.12936713677228998 -0.18255492695986147 -9.264394918193478
-0.1766829439517158 0.03068700204370918 0.9837893296951965 89.30595181919769 -0.12408647426624166 0.9908446529643344 -0.0531922982786126 -3.495191694895064 -0.9764147091378377 -0.1314731211980492 -0.17125750839515008 -9.387081867194865
-0.16961396757623548 0.03639224358259229 0.9848384164978908 90.12772582308835 -0.126944603489666 0.9901860054215991 -0.05845290678887165 -3.551666482227382 -0.9773004500397507 -0.1349343517205397 -0.16332957808632964 -9.513915925268659
-0.16541858067130288 0.043154446100448655 0.9852788371575102 90.97906699017967 -0.1310548958448774 0.9892202074503827 -0.06532989703734712 -3.615903154282988 -0.97747701120987 -0.1399323942251597 -0.15797980124887645 -9.637778389867623
-0.1627021618101432 0.04563473584897258 0.985619336978684 91.79576149932225 -0.13449262124288974 0.9885804764342258 -0.06797335098622079 -3.680752229501123 -0.9774659796501987 -0.14361793932887998 -0.1547066453950947 -9.754007613862564
-0.16107043709594726 0.04522449484168541 0.9859062122534958 92.62680885764436 -0.1389021502667947 0.9879678996437692 -0.06801192487160153 -3.7473797849424106 -0.9771194947113591 -0.14789920331020706 -0.1528506418541471 -9.872365090174041
-0.1577310784851242 0.044760211957876835 0.9864671460851626 93.44194259647945 -0.14379747754470884 0.9872825545975157 -0.06778969567111474 -3.810206697176969 -0.9769560851602792 -0.15254402909615744 -0.1492887365323054 -9.985959155740606
-0.153898490870717 0.041587740447581394 0.9872110789249584 94.23426587475304 -0.14890652975713117 0.9867270668147499 -0.064780714806559 -3.8708698753077586 -0.9768019757880326 -0.15697183014676463 -0.14566312037358958 -10.092681705974087
-0.14965615908056296 0.037850550957203945 0.9880133449713568 95.01881085078175 -0.15103682606363492 0.986664186585636 -0.06067668482974634 -3.9310983297337363 -0.9771340293029798 -0.15830703933035065 -0.1419435453854183 -10.197905712655317
-0.14659077075064797 0.03510450263932662 0.9885741347138193 95.77929508633183 -0.15341234643804333 0.9864716342911144 -0.057778600704687245 -3.985955755009147 -0.9772286313299998 -0.1601292872445994 -0.13922217307394624 -10.295408592548455
-0.1447032900716294 0.03505043519018357 0.9888540968390761 96.56737611341869 -0.1602207617957349 0.9853537428291597 -0.05837215930699369 -4.041186307373255 -0.9764170550190326 -0.16688160020069745 -0.13696812104433032 -10.39006403476787
-0.14203480991244566 0.03597977988913181 0.9892075455698189 97.34422673659365 -0.16885256885780564 0.9838116865808239 -0.06002812121926847 -4.097096892570338 -0.975353742374148 -0.17555631798976878 -0.13366022763193153 -10.480466474536536
-0.13677124025196596 0.037419534897271234 0.9898956542222069 98.1250107203812 -0.1715164420751624 0.9832991299564892 -0.060868145402083365 -4.159123945508115 -0.9756411932354111 -0.17810839237633808 -0.12806897605314072 -10.576042530478514
-0.13249376541074426 0.03925847729644455 0.9904060652518479 98.96273038510259 -0.17349758256275333 0.9828700356984759 -0.06216978181526746 -4.225040743996071 -0.9758811356779901 -0.1800701665641533 -0.12341290103305574 -10.673957780972744
-0.1266920337424124 0.03618289925931556 0.9912819610925048 99.7829956811257 -0.17821562192161408 0.9822432030162942 -0.05863004546632783 -4.284597784613421 -0.9758013735844524 -0.18408989089431713 -0.11799403112536949 -10.765035327165034
-0.12170569292770428 0.03280340808712043 0.9920240222529176 100.61568659684592 -0.18031882415692893 0.9820917787076846 -0.054597251299297114 -4.341255541832552 -0.9760496124499255 -0.18552540152940217 -0.11361108847161083 -10.847488056429565
-0.11588954777854427 0.030640424766066696 0.9927893921098468 101.41263314831481 -0.18198488362341037 0.9819491756122027 -0.0515491866772811 -4.393316964368038 -0.9764482141149412 -0.18664667391804868 -0.10822155176798792 -10.923920926348163
-0.1111819288608778 0.034111509971490206 0.9932144700829925 102.19778272363966 -0.18520906148870742 0.9811905294333705 -0.05443113532468792 -4.4436078837726045 -0.9763893599570034 -0.19000407847656114 -0.10277289489464564 -10.99671576717451
-0.1073338561610388 0.036251990614511106 0.993561893642307 103.01418332057632 -0.18554391585448238 0.9810481105648625 -0.05583959210540694 -4.501714738946549 -0.9767563148559555 -0.1903428431373212 -0.09857334049029148 -11.069478951725465
-0.10334592523282693 0.037405603174851684 0.9939418698238327 103.82623094552405 -0.18671040900396124 0.980799056674794 -0.05632436058587875 -4.554518737281501 -0.9769640949939484 -0.1914001861988648 -0.09437757051172391 -11.136645539777849
-0.09827473961811461 0.0361674605079451 0.9945018805177789 104.65392405623591 -0.18750481014778458 0.9807673778845485 -0.05419683246197167 -4.613815693107686 -0.9773351634543984 -0.19180006589642767 -0.08960308587147525 -11.20321198104124
-0.08981233379648917 0.034758339237107944 0.9953519993205954 105.48791813007811 -0.1878282704536778 0.9808664755879983 -0.0512005652894483 -4.673270700053959 -0.9780870541605223 -0.19155368678534254 -0.08156530857254701 -11.266558853148865
-0.08246992528746255 0.034531289039588006 0.9959951312633738 106.27775813671532 -0.18826102517436927 0.9808660032030302 -0.04959506185911122 -4.726513434776126 -0.9786503450279759 -0.1915971655264712 -0.07439105012598057 -11.32226910119965
-0.07704320951978072 0.03445387589000393 0.9964322728128827 107.08171179304863 -0.18897160832187906 0.9807829347160621 -0.04852387266068925 -4.779125453036957 -0.9789556042615688 -0.1920358440653845 -0.0690518607928986 -11.371852841553935
-0.06966220656880451 0.03427832214916329 0.9969815312264332 107.89310655482723 -0.19481548058465356 0.9796989190764813 -0.04729647433947326 -4.824361189037525 -0.9783629722656799 -0.19752221290531394 -0.061570040672815574 -11.41268924080521
-0.06312202510262294 0.03393782635384909 0.9974286109237694 108.68376321620276 -0.1997251362805001 0.9787743057345744 -0.045942663957785665 -4.869234086061941 -0.9778166903283457 -0.20211155923444446 -0.055003979302793604 -11.450569836685828
-0.05953286262255103 0.03375388611013927 0.9976555083997826 109.48640624270173 -0.20226360005532001 0.9782889462953583 -0.04516828144814909 -4.9194793894919275 -0.9775199611059747 -0.2044783918383099 -0.05141315892446768 -11.486858440210561
-0.05581925130740528 0.03395675548838921 0.9978632922100015 110.30931402828942 -0.20675020378657205 0.9773664141357544 -0.04482461102595431 -4.964929269002928 -0.976800166061458 -0.2088105152431719 -0.047535295372905906 -11.51936919842244
-0.05276165074221806 0.034891791608435946 0.9979973803018273 111.11253000782884 -0.21024037563726466 0.976601576699185 -0.045258643821573685 -5.006917064133112 -0.9762249703131233 -0.21220726487804253 -0.0441914479296871 -11.549404607224943
-0.048789900921094975 0.03343469347831275 0.9982493009464727 111.9473854266168 -0.213406674199491 0.9760113922474083 -0.04312022275439095 -5.052993876593917 -0.9757444014572784 -0.2151368947328358 -0.04048431238752487 -11.572459791330784
-0.04431538401765556 0.03153590385071135 0.9985197211410931 112.76448229979074 -0.21549295224254755 0.975670230812729 -0.0403780663185733 -5.096147276822185 -0.9754993256138923 -0.21696333209589744 -0.03644143593063376 -11.591819135622261
-0.04149633671796982 0.030290414420823877 0.9986794004249829 113.59212405174915 -0.21727611492675636 0.9753462443952121 -0.038610794170670995 -5.14292448362513 -0.9752277395159162 -0.21859138669757716 -0.03389191260915292 -11.610278264087505
