1.0 0.0 0.0 0.0 0.0 1.0 0.0 0.0 0.0 0.0 1.0 0.0
0.999918509768311 -0.011358045320908677 0.00582826125085605 0.028495019301772118 0.011356636826638367 0.9999354735866143 0.0002747054807560737 -0.013349826447665691 -0.005831005291361587 -0.00020849364858605942 0.9999829778089678 0.45407578349113464
0.9996827612548683 -0.022334620121829123 0.011642233198831089 0.05043941113862378 0.022319395441957254 0.9997498599325743 0.0014360194651012973 -0.01664804463216024 -0.011671393959074332 -0.0011757162974960096 0.9999311957601085 0.9177076423538885
0.9993963856736341 -0.032154554986844414 0.013151003614736345 0.07338467630704967 0.032161297562812566 0.9994826461952945 -0.00030148553539544975 -0.01998242511724659 -0.013134505759754953 0.0007242568949102522 0.9999134763620287 1.4050571904029707
0.9990567417994086 -0.042081467686800496 0.010713390801914593 0.10347130277776753 0.04208213968200248 0.9991141411358146 0.0001627950492478846 -0.02783873446500102 -0.010710750904311731 0.0002882009167113846 0.999942596730081 1.9477141346197602
0.998584482403033 -0.052884761751460445 0.005677453509998107 0.12966492070133068 0.05289234626323124 0.998599506267745 -0.001194063895566162 -0.03349253530120748 -0.005606354487309147 0.0014926675140543026 0.999983170224907 2.4767634648660626
0.9980500177184469 -0.062238877537501736 -0.00474175653947711 0.13640056103936088 0.062222030544210286 0.9980557622513817 -0.0036213742928207873 -0.03728872099768322 0.004957927708546632 0.003319270956882361 0.9999822005381654 2.97260215895397
0.9972096886605313 -0.07182018498955284 -0.020364131939095382 0.14324368486628472 0.07174549475955896 0.9974133726269687 -0.004375852671432843 -0.0376073728104543 0.020625732066343033 0.002902607958784564 0.9997830534889883 3.4990619868755024
0.9960658612465938 -0.07938017895328252 -0.03939019228724972 0.12509372138605793 0.07920050904036478 0.9968400209098373 -0.006103448223963064 -0.044832514128318415 0.0397502129155148 0.0029597131314277325 0.9992052645334447 4.033363881858837
0.9943409293006089 -0.08725949418929224 -0.06059617967686422 0.10207394558439964 0.08686330467748446 0.9961782468110544 -0.009146960203307014 -0.05245221650793862 0.061162755154656384 0.0038316124912689347 0.9981204517129226 4.56501184146411
0.9920745460031064 -0.09492914007332594 -0.08231982469411318 0.06387801199739011 0.09430084907007714 0.9954773702329072 -0.011495878341310634 -0.06367598895847514 0.0830388164498579 0.003641938922407914 0.9965396586405845 5.125738602686419
0.9887565599716864 -0.10513674428745617 -0.10633310920682769 0.011920919323735277 0.10425238321752822 0.9944543341710746 -0.013857050257202061 -0.07198639906712087 0.10720030646608585 0.0026157692939244035 0.9942340026596247 5.693063381198674
0.9850391822998231 -0.11393664866603104 -0.12929133545930008 -0.05608097697462543 0.11288386114412002 0.9934878110028171 -0.015466198046897865 -0.0839703002890449 0.13021153262015958 0.0006399059182779247 0.9914860298022988 6.240203998425972
0.9811892109632956 -0.12256182293037468 -0.1491520427255659 -0.13076627925326967 0.12128526349506283 0.9924605877887628 -0.017659743625451155 -0.10317311606825134 0.15019193436452813 -0.0007623948891266191 0.9886565640331704 6.818722251804408
0.9773601096865913 -0.13087576338736331 -0.16624906180544113 -0.22065463876749236 0.12938793888015307 0.9913964187160503 -0.019796520637117388 -0.11391153764409 0.16740960923961407 -0.002162293866459289 0.9858850578132702 7.418110075636713
0.9734069999080635 -0.1404873322960309 -0.18094784329836117 -0.32222448507212476 0.13880362492555043 0.9900755537736564 -0.02199889832048844 -0.1294408601507835 0.18224260269627074 -0.003702334956843807 0.9832466254599387 8.01229764577689
0.96928573474442 -0.15031817270052272 -0.19465254012456587 -0.4110778334093623 0.14833032843040056 0.9886260114214858 -0.024833912470129803 -0.14606640530573325 0.1961715526999249 -0.004801718111300198 0.9805578337938463 8.560501843466705
0.9652884495047045 -0.15993639993289846 -0.20649105847301838 -0.514111832730828 0.15752840297269347 0.9871128499877585 -0.02816067552310792 -0.16155867540883623 0.20833389428913443 -0.005345031856689728 0.9780431581094848 9.12716483816508
0.9617039328722314 -0.16944817270864995 -0.21543644599691628 -0.6320996901149063 0.1664538571783851 0.9855264877285582 -0.032103822449202866 -0.18064275188315443 0.21775825800304446 -0.004985855103359346 0.9759900011374952 9.734544221699629
0.9583908289645895 -0.17727759422323072 -0.22374019205987733 -0.7567758634411503 0.17386310457127677 0.9841464838388292 -0.035033115997677056 -0.20416611302146948 0.22640370983136415 -0.005324747326677665 0.9740189973714592 10.341225412211385
0.9545913174330349 -0.18632155060086242 -0.23246439827025822 -0.8961052321959077 0.18231117066353053 0.9824743786840716 -0.038816649528785524 -0.23189699546753223 0.23562269358607207 -0.005326819974224212 0.9718300115021178 10.966042295217521
0.949863463447855 -0.19732889780451904 -0.24252980620554482 -1.034230366785159 0.1927167729699095 0.9803187052500242 -0.04284252038548271 -0.2559495912778568 0.2462105729307939 -0.006045016804760186 0.9691975090501009 11.591494207657385
0.9449603379982692 -0.20832502584395884 -0.25229079098792123 -1.1711252513851496 0.20338596785822216 0.9780266876216721 -0.045803344617556224 -0.2841627164955003 0.2562891095785604 -0.008030062695537667 0.9665668163166655 12.181980107946016
0.9394949949120053 -0.21705023020647243 -0.2650251914490558 -1.3173809801763956 0.21120218275505429 0.9761250374927974 -0.05073016044904353 -0.3158680462655906 0.2697087179436215 -0.008313167086157355 0.9629060695198706 12.790273846497884
0.9346714189667968 -0.22475681803217126 -0.27545183120583594 -1.4755920638850206 0.21729847970756935 0.9743970012588433 -0.057722219764603205 -0.3447899515574114 0.2813729007622695 -0.005903955100399188 0.9595803426658962 13.386254381444395
0.9301636321661313 -0.23241940870386005 -0.28421265955839886 -1.6699605468834733 0.2240680232783803 0.9725972610536742 -0.0620329649058529 -0.3900161540218553 0.2908421192668446 -0.005982160867079395 0.9567523584563203 14.067325325601832
0.9255528297118496 -0.2393546163119778 -0.29336210911181754 -1.8458666471959149 0.23031922539438116 0.9709074652971156 -0.0655114359792453 -0.4359585851864588 0.30050792639482954 -0.006932638781618573 0.9537541217176487 14.689652245711377
0.9190764447037121 -0.24797365287299045 -0.3062801924245348 -2.04714803469598 0.2379220693688186 0.9687320734663072 -0.07036518133941247 -0.48765537550900123 0.31415215692088366 -0.008199836491966098 0.9493372345923557 15.349058656339597
0.9126355566192417 -0.2562202544325119 -0.31850827620773947 -2.25461491247481 0.24485185675207105 0.9665796747563918 -0.07596907655678722 -0.5380284342276815 0.3273284421484789 -0.008655262351113212 0.9448709845234339 15.990258896293282
0.9067242791384029 -0.26424168369267415 -0.32867524126438974 -2.4635006063629517 0.2515085446642848 0.9644167316481838 -0.08150962935683759 -0.5917480703291444 0.3385181436522975 -0.008757871676172382 0.9409191070978985 16.610021584042148
0.9008095880352022 -0.2719187517417634 -0.3385295829836012 -2.6907171088275614 0.25748947777376097 0.9622861342536784 -0.08777564957838743 -0.6481142621424881 0.34963016880647696 -0.008098658797187103 0.9368527935519227 17.26452273000318
0.8950969564313562 -0.2820185836572719 -0.3453504843767692 -2.9262311212546432 0.26558733832678566 0.9593861805887527 -0.09508691926768284 -0.7112044188162414 0.35814076046690957 -0.006608703902555309 0.9336442152795208 17.948594636348208
0.8903712939228398 -0.2914638224052803 -0.3496967245872795 -3.163621294311263 0.27240870274295187 0.9565773625250973 -0.10369786967161428 -0.7760426613262973 0.36473614795913845 -0.0029308247017229283 0.9311063057666926 18.61145241999112
0.8848567870444466 -0.30096043006353435 -0.3555998958905237 -3.4199179686677947 0.27938496727021755 0.9536365698663607 -0.11189876083738018 -0.8486312029404406 0.3727901641470685 -0.0003348872858475599 0.927915611122966 19.302547347451817
0.8805834893307249 -0.31051479428910866 -0.35798502880109084 -3.6854947601788903 0.2873819799273175 0.9505683003931203 -0.11760741431044885 -0.9341768436094069 0.3768080624551181 0.000684700903464043 0.9262911071868782 20.002140074420744
0.8760782992764992 -0.318993756858145 -0.3615657569824938 -3.9604059061066184 0.2941033738964616 0.9477549138906834 -0.12354686826780256 -1.028983354000703 0.3820864025315678 0.0018990212190146336 0.9241246532361826 20.717738104699364
0.8705394721725151 -0.3293254081504369 -0.3656580409838502 -4.232880476581665 0.3028855704721712 0.9442147540639203 -0.12930131247500204 -1.1256362729024016 0.3878419247442782 0.0018093519720717016 0.921724127738932 21.44472229275943
0.8648154864626538 -0.3376254282573603 -0.3716224489564608 -4.501002113105053 0.3093129351625201 0.9412781849892694 -0.13535466968100202 -1.2244864740798644 0.39549928257268674 0.002109184046160867 0.918463863647966 22.140173983286356
0.86031096961488 -0.3452198814805377 -0.37508434916811556 -4.793766050864589 0.3159138734328535 0.9385209866375188 -0.13920051082373777 -1.3394136569858137 0.40007931730215246 0.001261376827916133 0.9164796499625848 22.888625117641546
0.8570083847793156 -0.35296947423084246 -0.37543198941905775 -5.090039789029636 0.3228903221320337 0.9356343327481664 -0.1425841339573419 -1.4580819559790121 0.4015949057089997 0.0009724423357493073 0.91581689548975 23.64655086849096
0.8533902245655998 -0.3594478451264821 -0.3775213520448924 -5.3822941109137785 0.3296004589955682 0.9331629584332491 -0.14342395350155718 -1.5752580721815155 0.40384237277158747 -0.0020346110278440105 0.9148263213923064 24.37713634919134
0.8482842819460439 -0.365819941409636 -0.38287014439668093 -5.704263578099185 0.3359175247675186 0.9306685588418585 -0.14496706569866777 -1.7008641019728652 0.40935704898944675 -0.005639507981096137 0.912356839395849 25.177173514176005
0.8436097946760335 -0.37249467323723506 -0.38674310948812807 -6.014994482930026 0.3426236565778651 0.9279909104726927 -0.14643052971725612 -1.8203939656749852 0.41343868261191274 -0.008977109220038776 0.910487708445412 25.940389196903737
0.837680352519025 -0.3796277985890532 -0.39265043173544495 -6.3458987312431425 0.3496325191211817 0.9250491006608793 -0.14846300192126993 -1.95332654483639 0.4195816113422734 -0.012918819796241154 0.9076256802881316 26.73617365108201
0.8301781429939559 -0.3887171261619603 -0.3996288862475955 -6.721384759145545 0.3588787323873365 0.9211717795752539 -0.15049454459952583 -2.1022346410190664 0.4266266591941549 -0.018481026555544774 0.9042389868404745 27.62277551496012
0.8213465666600304 -0.3947907085508134 -0.4117403476436659 -7.057922740221276 0.36572633639338153 0.9183876503722255 -0.15102440369707806 -2.239380601750729 0.43776028177994314 -0.026540913430581757 0.898699902976636 28.387193626706832
0.812705412648967 -0.40213580120031456 -0.4216594711897903 -7.376148784235906 0.3731389040894134 0.9149983374407423 -0.1534451065874345 -2.358869465131353 0.4475234859826063 -0.03263188431057425 0.8936766135579007 29.092308021310362
0.8054347180087059 -0.4085059291964315 -0.4294156737213916 -7.71649595546783 0.37976727646654335 0.9119626977403831 -0.15524449637673773 -2.486989222955818 0.4550293735039757 -0.038038713719617395 0.8896636024403475 29.821449596879482
0.7977175670696421 -0.4152741101301638 -0.4372574717990437 -8.07645693686466 0.38604411026288554 0.9087185839828031 -0.15874659068977218 -2.6275750430088514 0.46326733979401996 -0.04216572755081522 0.8852149023261426 30.589050388082907
0.7896882512794031 -0.4222296273496981 -0.44510067128618624 -8.459923474128342 0.39279371289514214 0.9052692020492804 -0.16186652195901433 -2.776608468891565 0.4712807707739911 -0.04700865462012816 0.8807295961244169 31.38459733744439
0.7835141429051851 -0.42900938911257164 -0.4495069876217848 -8.841640945106136 0.39933240255470553 0.9018899296040943 -0.16470636644832048 -2.923336676215839 0.4760664030757053 -0.05045293779335244 0.8779608652614194 32.15410901877769
0.7754927800777521 -0.4359253423721153 -0.4567056425368898 -9.238511583317498 0.40619634179637215 0.8982709207882345 -0.16767195584683303 -3.0779968462881264 0.48333785280952707 -0.05548377009551159 0.8736738929929545 32.95051932572698
0.7669682556879384 -0.4434499625324424 -0.4638014936338354 -9.640750540134977 0.41419645290386453 0.8941713590939602 -0.16999670284425217 -3.2315747473711687 0.49010304341929767 -0.06172285886149204 0.869476449091697 33.73417543083482
0.7583450157990423 -0.450620079747594 -0.47101420439411645 -10.059535054266858 0.421812694260429 0.8901301601697387 -0.1724597022986921 -3.397076871599675 0.49697775400263977 -0.06789581492601485 0.8651030403033064 34.54055420783307
0.749945459157794 -0.45610646373437613 -0.4791124106390149 -10.48017461280322 0.4288894639394597 0.88668121574043 -0.17277224711971603 -3.5636634007700145 0.5036225134069452 -0.07591650276979009 0.8605818081954069 35.32908386354037
0.7414514520647192 -0.46304772747450307 -0.485630050873932 -10.896164066832887 0.43634222770911213 0.8825390828737159 -0.17530039223649793 -3.724262860273661 0.5097599479646953 -0.08192416786955473 0.8564071614424486 36.10658612945282
0.7331781145957837 -0.4684947121417224 -0.49291232179061667 -11.36545312721153 0.4424944602755502 0.8790631274759365 -0.17733209111064707 -3.9052311676000606 0.516380194143057 -0.08809496357607532 0.8518161612045809 36.9483545651
0.725763534565239 -0.47395072562137797 -0.49863614146824564 -11.830270301709259 0.4475141441690864 0.8757584373120653 -0.181047646340237 -4.08446758925795 0.5224924713945467 -0.0917489463683297 0.8476931922437033 37.77464153600465
0.7174743952090816 -0.48014000515248084 -0.5046742193450526 -12.320984342467044 0.45404457200865117 0.8717909136107571 -0.1839133751938729 -4.2745517997141125 0.5282745676718152 -0.09719145228823968 0.8434926216353404 38.61672176250359
0.7091980952628908 -0.4867809061771954 -0.5099827556464986 -12.806994954049202 0.46120389630704195 0.8674472741242482 -0.1866177715160455 -4.462642129293119 0.5332251191632771 -0.10285706585218243 0.8396972051266985 39.45075515215025
0.7011467581596033 -0.4945872759159152 -0.5135919100067227 -13.269526904924374 0.46911357188014846 0.8624358262124102 -0.1900970866246153 -4.636180819454156 0.5369596634758779 -0.1076469793695671 0.8367116872809177 40.23361942261071
0.6946118923699239 -0.5012188530953009 -0.5160368012846608 -13.747263554489226 0.47564546277474673 0.8581445153204756 -0.19325988866596971 -4.815405229216643 0.5396996504724367 -0.11120994617037246 0.8344798590455689 41.04885594146519
0.688979531108422 -0.5086362687818456 -0.5163296929223626 -14.219646624473633 0.48316140904105465 0.8533339273103516 -0.1958985995727242 -4.997607533171616 0.5402427773946468 -0.11450045668369174 0.8336830254312153 41.84663723167299
0.6834761098369495 -0.5141822385138887 -0.5181476940786255 -14.717856317879646 0.49022655528545 0.8492477785953426 -0.1961023585881563 -5.197160230251548 0.5408681278972832 -0.11997848201958008 0.832506355577641 42.682005348611966
0.6785062615188375 -0.519871045768264 -0.5190022628578246 -15.219847707744666 0.4977433934110254 0.8449653272628539 -0.19566581213706058 -5.399405355796922 0.5402599072626137 -0.12556946880269038 0.8320766437709943 43.526917248167834
0.6708834260478092 -0.5285874955819997 -0.5201064200418061 -15.715666099687555 0.5082366716495538 0.8384814958638869 -0.1965814505095602 -5.591056015639604 0.5400101056877898 -0.13245391881031074 0.8311708880530249 44.35645743156622
0.663295551354681 -0.5369153861920936 -0.5213068958140542 -16.24397948083106 0.5163511654962717 0.8325725041281385 -0.2005105963794508 -5.798939025390719 0.5416830119578534 -0.1361796366568666 0.8294785236015892 45.241651941780034
0.6579310281298314 -0.5438615371275788 -0.5209043968496048 -16.77757713433079 0.5239754618888901 0.8274157674374611 -0.2020714307718976 -6.0097067582585515 0.5409033902300369 -0.13999205773580475 0.829352606680987 46.12047554797095
0.6514913048652093 -0.5503913489317664 -0.5221383367519544 -17.29762568576686 0.5318910798405154 0.8221315557624828 -0.20295709942165122 -6.215594215734511 0.5409722348430807 -0.14549593822725812 0.8283598089527597 46.977304378123925
0.6438096543758753 -0.5559520806893874 -0.525762696384554 -17.83317956219401 0.5395733733721388 0.8170411617893293 -0.2032346296519209 -6.436134218606672 0.5425584795026489 -0.1528431350080332 0.8259959275932841 47.8560619669629
0.6340995257079074 -0.5615409777875503 -0.5315914989561149 -18.37260119396385 0.5463363339953627 0.8118601043853665 -0.2059120711951819 -6.650664834642163 0.5472059956300869 -0.15985900404038578 0.8215903463245546 48.728261878063215
0.6249334745563537 -0.5674992737036877 -0.5360995492674008 -18.928862744368598 0.5527436147291922 0.8065890625696467 -0.20949601552088 -6.875542796514017 0.5513008695395187 -0.16540452983157847 0.8177461053139691 49.620121303326584
0.6156901628530032 -0.5744987718598958 -0.5393299402939854 -19.476796068637842 0.5582351846810746 0.8010648953052576 -0.2160289612382173 -7.100696422484962 0.5561466550741171 -0.1680660424983228 0.8139132038545774 50.479443785870856
0.6066039774392209 -0.5808536857346229 -0.5428080787197453 -20.026165486929123 0.5620667937933113 0.7962117420930723 -0.22389234258460614 -7.330541535634974 0.5622388583776692 -0.16928041092110777 0.8094637784413558 51.342437455881225
0.5942495502792973 -0.5876544100620656 -0.5491172609993777 -20.593918594112697 0.567701334353775 0.7901044116532688 -0.23119302251362528 -7.572794898300562 0.5697215696862781 -0.1743482521296036 0.8031313840297588 52.21932966518146
0.5841179763420369 -0.5918705132528062 -0.5554236988605581 -21.158864800125833 0.5733822744159176 0.7852331218511401 -0.23375566674102735 -7.819763790913343 0.5744901714561472 -0.18192921670191595 0.7980368431410383 53.06607147010875
0.57557562623593 -0.5951906434130131 -0.5607680415971662 -21.75049514287925 0.5773402365973471 0.7814131847730882 -0.23679460692443818 -8.077149811020805 0.5791294757554969 -0.18746074964211448 0.7933898900633787 53.928866361568296
0.5674252528500103 -0.6003807024665467 -0.5635349097739001 -22.337253737106398 0.5818147730731197 0.7766192633578356 -0.2415659115343202 -8.331393854646546 0.5826835781639775 -0.19080233721657783 0.7899837440420627 54.78001619233205
0.5574342762779232 -0.6091706766926949 -0.5640727916574887 -22.92504973522855 0.5884194433401667 0.7691959216574954 -0.2491991027365964 -8.585247757751718 0.5856872769061631 -0.19299927658735083 0.7872240423837441 55.63031048392032
0.5509466080466658 -0.6171939685162301 -0.5617200729091496 -23.520584975278364 0.5936886387654269 0.7629058405480857 -0.2559462417353952 -8.85383197733504 0.5865080010389696 -0.1924741117262414 0.7867414321315908 56.49030420558307
0.5418968709170634 -0.6230867989113112 -0.5640129628942502 -24.126637248382874 0.5996827795711891 0.7568418255911517 -0.2599442534883691 -9.135390989923877 0.5888364332954171 -0.1973658837243868 0.7837846405522525 57.36398171417185
0.5344461440578371 -0.6267943535717807 -0.5670063116335154 -24.71907190913585 0.6059730748976199 0.7518222420475141 -0.2599229671686836 -9.416092079692758 0.5892062046523553 -0.20467573059154465 0.7816290000415698 58.20480802887357
0.5257935981432548 -0.6299863209009329 -0.5715403114647963 -25.309456598363173 0.6110380078081166 0.7471774667174557 -0.2614543674211114 -9.703555074517464 0.5917547170622788 -0.2117618207028649 0.7778067151466039 59.045366293289085
0.5167405511103188 -0.6334347565000743 -0.5759684124115626 -25.878510626970094 0.6158974409666572 0.7423346533634833 -0.2638363216587899 -9.979161101280287 0.5946844079416639 -0.2184025450250272 0.7737252634350671 59.834998710539814
0.5089281670958188 -0.6383108887141533 -0.5775390290581567 -26.468036669843503 0.6201599284229224 0.7371807345691959 -0.2682652190622121 -10.2589574419944 0.5969872560741697 -0.22163883668926063 0.7710268751191913 60.64461151459416
0.49906900693840056 -0.6437910769722266 -0.5800544591022978 -27.07337994321936 0.624787344532777 0.731160318438097 -0.27394408709293516 -10.547029826110714 0.6004755618884083 -0.2256936816848031 0.7671319714510398 61.46854025904
0.4896093703013032 -0.6500320631516325 -0.5811548686778713 -27.665614493354624 0.6293202244527749 0.7247676608575325 -0.2804779721650353 -10.830465059426334 0.6035219296826512 -0.22840786906307148 0.7639313619312905 62.282817961574594
0.4813444083118755 -0.6552941268623879 -0.5821487506527445 -28.245858253297225 0.6347192770508997 0.7186216875296242 -0.28410263911491296 -11.115168794045394 0.6045155084254445 -0.2327498174257843 0.7618323454418238 63.07215633380808
0.47226054095247405 -0.6596846033276238 -0.5846248417504616 -28.857522464880155 0.6404202588352819 0.7125193138521166 -0.2866672626252598 -11.42403291916688 0.6056664705369015 -0.2390239559545962 0.7589701410116133 63.896538894431465
0.46391477458376346 -0.6638140257194179 -0.5866293729272991 -29.46255069416466 0.6455683088146652 0.7067987422037479 -0.2892699373826689 -11.730249491871033 0.6066503445783817 -0.24451273438694382 0.7564316771166784 64.70416639310956
0.45315197162595205 -0.6685596971516122 -0.5896449965496674 -30.0699520174475 0.6499244276791337 0.7005032662308592 -0.29477688563699994 -12.03797021291232 0.6101241913884937 -0.24964596000024292 0.7519477147635294 65.51529178740196
0.4434035800643559 -0.672839618348264 -0.5921824998824898 -30.68408186510159 0.6545537744394238 0.6944202770817484 -0.29889770013302563 -12.356455866953208 0.6123337501340398 -0.2550829801430714 0.7483181487095667 66.31066772105699
0.43293957187043836 -0.677391334723247 -0.5947304488173609 -31.31710531127341 0.6583790789941073 0.6882721736584811 -0.3046611286500143 -12.675322045803105 0.6157112273229332 -0.25965822653882437 0.7439605432677192 67.13535018851496
0.4210773285938535 -0.6825871150766706 -0.5973011917580379 -31.93288085575397 0.6626104166765153 0.6811888373943602 -0.31133455240479674 -13.001192843461089 0.6193878583376001 -0.26468206992659765 0.7391225086569431 67.92957576103082
0.4103766239858022 -0.6876347000392303 -0.5989570483665531 -32.556154060933736 0.66606323895641 0.6746350109116779 -0.3181624801309807 -13.33972666233973 0.6228569564490004 -0.2683768271556958 0.7348626337275083 68.72304921683718
0.4003587550724924 -0.6909174177805375 -0.6019518162147852 -33.17072982194067 0.6700536315108279 0.6688268566011584 -0.3220229289789249 -13.671613188543665 0.6250927916205371 -0.27441530149845517 0.730722412525821 69.49153895531975
0.38870744130944046 -0.694854798972503 -0.6050482075137074 -33.77009888876846 0.6740366370956664 0.6621686759166954 -0.32742519220044036 -14.007023993397897 0.6281569365400916 -0.28055205039281533 0.7257474837000502 70.23515516900983
0.37777909167699053 -0.6985458654213721 -0.6077142682169099 -34.3995569457475 0.6768092514103581 0.6562370514096906 -0.33358982233045714 -14.352498965538432 0.6318324106098536 -0.28528337887059146 0.720694941457979 71.01026758107524
0.3659664442492411 -0.7025417622618005 -0.6103307578368068 -35.02359780177087 0.6804948956170297 0.6493820889154467 -0.3394548565494073 -14.704599900330312 0.6348190755819606 -0.2910978785114977 0.7157281372164785 71.77568251621868
0.3555806926462895 -0.7067902234239588 -0.6115635298883472 -35.637970121140974 0.6845439939854333 0.6424482170628669 -0.34447033063997623 -15.05215934156934 0.6363661613533956 -0.29615514256054 0.7122711844650815 72.51863211965983
0.34417903140827855 -0.7104693425318072 -0.6138192793170323 -36.296442074724965 0.6879834132614706 0.6357204132890509 -0.3500548231415971 -15.43351137218294 0.6389206659797095 -0.3018159529415567 0.7075927593849618 73.30337564761184
0.33398027243784706 -0.7127826114310848 -0.6167642389631752 -36.942889364109675 0.6911743764939572 0.6300961558743758 -0.3539163963855361 -15.811945548272318 0.640886229295443 -0.30809054382408024 0.7030967628325788 74.05762278880466
0.3247829279771522 -0.7153551953099672 -0.6186945888220025 -37.611323100989196 0.6941269627488668 0.6246193606694797 -0.35782455737677343 -16.20221542199531 0.6424202746486302 -0.31323728836121856 0.6994130338365803 74.8349318031169
0.31439511085657945 -0.7188033125384086 -0.6200625066501685 -38.2696196155723 0.697174243938814 0.6181511698199476 -0.3630939339049522 -16.592275845625487 0.6442854863007722 -0.318136651667238 0.6954748615213466 75.5933144563902
0.30303313025279693 -0.722934176499705 -0.6209163376960577 -38.89794771774192 0.7001648951475934 0.6108970927960138 -0.3695590096538549 -16.97374558408642 0.6464828238802257 -0.3227551989698566 0.6912951901798372 76.31182022491849
0.29148065163446973 -0.7270753391826135 -0.6216111975143566 -39.56395144980238 0.7019828501192771 0.6040203272512072 -0.3773321115486475 -17.384596626360533 0.6498146719343612 -0.3263753903403748 0.6864546574384986 77.0777787298779
0.27824256138400394 -0.7311292780381322 -0.6229213881621891 -40.24652090522473 0.7051190653249764 0.5958541373782124 -0.38440206904294694 -17.803928977296195 0.6522178936135536 -0.33227673070003927 0.6813251745573424 77.85771597855124
0.2657861416931558 -0.7345091987308311 -0.6243828664078305 -40.9248736044905 0.7101431178545997 0.5871901856333024 -0.38846420434793816 -18.223374714710786 0.6519620227034811 -0.34015279342630855 0.6776736663591594 78.62008579020225
0.25481360706724543 -0.7368322557535356 -0.6262174163455818 -41.5939052803467 0.7139787035193657 0.5801094824964711 -0.39205535226353216 -18.641240264744933 0.652153690915098 -0.3472048605633751 0.6739023284029979 79.36969106362119
0.24359790878656074 -0.7397218996360206 -0.6272731223587472 -42.26779389482458 0.7170958927332329 0.5728297006745625 -0.39703855562176715 -19.070577766835367 0.6530187895152347 -0.35309721780830916 0.66999165316897 80.1195225492021
0.23397434812498175 -0.741930116091821 -0.6283277068978154 -42.95530845752754 0.7192027372879346 0.5669497478650483 -0.401640891933703 -19.518472907130523 0.6542197085819351 -0.35792134084423544 0.66624986804594 80.87283073229247
0.22510552240518267 -0.7442903423288034 -0.6287761049044107 -43.635618095249455 0.722388321858352 0.5605432228351761 -0.40490296093783784 -19.963260215833763 0.6538215476912366 -0.36307462270121105 0.6638480263772797 81.61419305204066
0.21569700294256655 -0.7465537013973077 -0.6293904780433005 -44.301852991694446 0.726279401105243 0.553495280429124 -0.40762876011500393 -20.399924599725164 0.6526814188038482 -0.36918903758463006 0.6615938482751563 82.34654474358071
0.20613678299429472 -0.7496016199879754 -0.6289714127113933 -45.03429350943668 0.7305630538293293 0.5455201722683568 -0.41071324062886866 -20.87843711203173 0.6509879039401022 -0.3748401698853863 0.6600830220237202 83.1363656434102
0.19527184484964277 -0.753432235585777 -0.6278604725488265 -45.732907362329456 0.7351181023633877 0.536211607375872 -0.41482344159055895 -21.335249045314384 0.6492074261641415 -0.38054826040280665 0.6585687050853 83.88292783577026
0.1850810978187405 -0.7574061066960225 -0.6261636980612844 -46.38325432258747 0.7381188208231351 0.5277977212718626 -0.4202501300022331 -21.770881226465775 0.6487877877833972 -0.38440285503596705 0.6567410840379356 84.58691486839678
0.17486800517555412 -0.7595493195111689 -0.6265030023839013 -47.095504063882096 0.7415088530717293 0.5202155259236693 -0.4237221110636177 -22.256011122696304 0.6477544299981057 -0.39046208243321223 0.6541815960417632 85.35423781087428
0.16095886932584313 -0.7622045578311377 -0.62700594447484 -47.791773442955126 0.7435703800217169 0.5113971526835145 -0.4307853783284131 -22.73652044748374 0.6489956335289985 -0.3968843209911853 0.6490666401931777 86.1037250074769
0.14744476128497785 -0.7634072856096152 -0.6288635453321929 -48.4856268547393 0.7433958324165508 0.5049230332245573 -0.43865176035782166 -23.222539847913144 0.6523976384961239 -0.40281763466545467 0.6419620506597015 86.84273386422707
0.13315229340675483 -0.7635254593728731 -0.6319013686090296 -49.16549655733613 0.7433375623289569 0.4986426160254078 -0.4458753300129779 -23.704460751840603 0.6555301176844324 -0.410346700209446 0.6339525616604553 87.55677560482947
0.11936572362431641 -0.7651628578941576 -0.6326749757362691 -49.8393060882346 0.7420767753931004 0.4921017956669137 -0.4551460008871629 -24.193710018236487 0.6596013064312574 -0.4151645741156685 0.6265496731732721 88.24650310311316
0.10712603663798248 -0.7671133304926043 -0.6325038738654349 -50.57221971002993 0.7411454943436646 0.48566629256698146 -0.46349930795884486 -24.73140844476987 0.6627423092638063 -0.419124552424202 0.6205700935969198 88.98618923947602
0.09457860296369314 -0.769051064796956 -0.6321513644659043 -51.29289681566265 0.7416192448866612 0.47804295748890857 -0.4706121825973018 -25.265958514780998 0.6641203079828042 -0.42430577480152903 0.6155557050299343 89.70932049563054
0.08029442698905565 -0.7712641455635529 -0.6314304575823232 -52.006942129505724 0.7411694996634746 0.4697756454151769 -0.4795608571843087 -25.804876548037072 0.6664987455075172 -0.42949093208457484 0.6093578271377411 90.42667162144986
0.06719942800216977 -0.7710993732934743 -0.6331587426408898 -52.69855366239806 0.740688991310146 0.46372795766349645 -0.48614421670241137 -26.34727937782711 0.6684789114311236 -0.4363050971369159 0.6023070705082305 91.1176235868205
0.05396580470350176 -0.7709573295102505 -0.6345963189281253 -53.3892539691918 0.7392932612792178 0.4580447746335119 -0.49359949175224427 -26.892120687044926 0.6712176738956165 -0.442515288442511 0.5946823132940812 91.79758921773512
0.040140930907732075 -0.7720196843486988 -0.634329813775134 -54.081535989590066 0.7392468121736393 0.45005422400113704 -0.5009644160515259 -27.434927069810694 0.6722372024493829 -0.4488171146880094 0.5887786861004375 92.46895231142877
0.02609985116764829 -0.7731632254637972 -0.6336698072020192 -54.809304299256475 0.7366119271256568 0.4434080398743763 -0.5106781559759431 -28.025155275588357 0.6758118573872857 -0.4534401139788815 0.5810941373388361 93.15953181753157
0.012450354830115362 -0.7742606255295045 -0.6327443973827545 -55.53769868641734 0.7339662346820378 0.43682191243132273 -0.5200770934837585 -28.62321303370639 0.6790718334692409 -0.4579378785102874 0.5737197437897891 93.84087409523175
-0.0006837753054577678 -0.7753307595594916 -0.6315550219357245 -56.269697742989685 0.7333166606268544 0.4289974223721871 -0.5274541561549195 -29.236331009374272 0.6798869080210402 -0.46349047981476516 0.5682696256379259 94.52454043751803
-0.015745962852551976 -0.7750145915730243 -0.631747138895575 -57.018386490314406 0.7307556182386786 0.42232763966742015 -0.5363166892662885 -29.870033144011046 0.682457537921923 -0.4700975937205428 0.5596963116831333 95.2151787789618
-0.027859360978308878 -0.7740612105496354 -0.6324975085550247 -57.729856366721876 0.7302106343385715 0.4163531290642189 -0.5417033334005756 -30.48192321268144 0.6826538548230293 -0.47694791564789046 0.5536283954552832 95.86379471584667
-0.03842802530391354 -0.7725903641638696 -0.6337408114303364 -58.454271547245995 0.728661813847604 0.41232418906476587 -0.5468461613218139 -31.122747031413827 0.6837947410674945 -0.48279694729070394 0.5471122917420297 96.51575853496989
-0.0510248066062412 -0.7730064862459767 -0.6323428194677666 -59.186951866261175 0.7269157098231382 0.40543053271571966 -0.5542739701214292 -31.772745580917523 0.6848284602169502 -0.48794165159729563 0.5412235441232991 97.16139544603533
-0.061468164386719926 -0.7744973826446871 -0.6295835679585802 -59.89722462187509 0.7265135070903593 0.3978012985335789 -0.5602965740572262 -32.397166120799426 0.6843973909814338 -0.4918413678835153 0.5382306940859829 97.79428895873592
-0.07377486097154701 -0.774758379990319 -0.627938470332409 -60.658153523606266 0.7253571514492718 0.3904313673666152 -0.56693945904094 -33.080025918231435 0.6844079724331297 -0.4973055398957586 0.5331725117248273 98.45773156082377
-0.08570239774047178 -0.77562472924446 -0.6253490052810451 -61.42341700507739 0.7231736579883472 0.3833133565734099 -0.5745352304812817 -33.77407345709633 0.6853283588275678 -0.501474974507088 0.5280604989296477 99.11960456782802
-0.0962077871798947 -0.7766349222819118 -0.6225610485551734 -62.16096953681829 0.7223091323772337 0.375867508917725 -0.5805110963835504 -34.45626309959834 0.684845660693266 -0.505531218850184 0.5248091155815143 99.75663537717318
-0.10592149448811833 -0.7760473525937814 -0.621716288621737 -62.86563460426647 0.7223725563820511 0.3696136062870414 -0.584434488915181 -35.12527420938306 0.6833436374120011 -0.5110149592523409 0.5214452844056263 100.35911193314413
-0.11702584192036647 -0.7745519591322482 -0.621590069842839 -63.56619348414017 0.7236597066174991 0.36214774630672364 -0.5875079904675645 -35.78570966873342 0.6801629079427255 -0.5185733047982292 0.5181313985945443 100.96087768561897
-0.12391360369072607 -0.7727323684700663 -0.62251916078063 -64.27420034432912 0.7266977763190999 0.35652083639412496 -0.5871994849365159 -36.462977791311836 0.6756891006322758 -0.5251452941191377 0.5173651122285605 101.57376967182361
-0.13010754425083026 -0.7719531525069543 -0.6222221124836321 -64.98998856856784 0.7285787596787836 0.35120820432703115 -0.588069543641148 -37.147842027798745 0.6724916489250584 -0.5298500991298933 0.5167338333979097 102.18621205504638
-0.1397023937302005 -0.7715470115963516 -0.6206435773314596 -65.67248572203138 0.7295522104054109 0.34359353121962793 -0.5913518898224692 -37.80163382219732 0.6695049017584795 -0.5354051682611645 0.5148829889602131 102.77612049312391
-0.1492129959945641 -0.7696923357600921 -0.6207327847782006 -66.37820897675815 0.7306120252325535 0.3371855392027614 -0.5937271938677982 -38.48175717120034 0.6662893893886598 -0.5421066504155034 0.5120340117251688 103.37994044817073
-0.15942792014681356 -0.7679081072794839 -0.6204029956827272 -67.07732726220766 0.7315935691786054 0.3300492675586101 -0.5965218608907256 -39.160521697087034 0.6628375274636843 -0.5489850815445404 0.5091775647329366 103.97962236222865
-0.16818158697221608 -0.7666514444701557 -0.6196454764583786 -67.77963536571559 0.7328359331266857 0.32317926955609866 -0.5987542524671761 -39.84078823964984 0.6592923850021682 -0.5547979113343982 0.5074769242607415 104.5712769638085
-0.1755965501177108 -0.7653023931539156 -0.6192560848466879 -68.48146634647658 0.7354770735727778 0.31615277803818825 -0.5992669648725512 -40.523629181990486 0.654399973896379 -0.560677864706309 0.5073470273814489 105.16452067032371
-0.18392012529790014 -0.762608593725714 -0.6201624950656834 -69.17696387891034 0.7374230463126624 0.3101083212228755 -0.6000333989664932 -41.202368676606106 0.6499081768045065 -0.5676803342410401 0.5053299910341988 105.75225288627026
-0.19021435359710764 -0.7609335381822587 -0.6203214087511925 -69.86642001357752 0.7380619122753035 0.3058124872895629 -0.6014510256590253 -41.881684601969575 0.6473662899272382 -0.572240223234264 0.5034461377135026 106.33263272847144
-0.19638083251523186 -0.7600406082544423 -0.6194940212987065 -70.514604467485 0.7390045668815485 0.3005162366708431 -0.6029612272985794 -42.52059050379273 0.6444430298706315 -0.5762189386868601 0.5026578517736981 106.87507535870736
-0.20255638988726266 -0.759273793291714 -0.6184449981495941 -71.15435778614138 0.7410021235814288 0.2940447308259596 -0.6036998833205969 -43.14591652160742 0.640223993430153 -0.5805523258879437 0.5030628540674084 107.41686958654668
-0.2106637138895061 -0.7589452950903354 -0.6161354061491063 -71.8221801721435 0.7428916451052937 0.2853821180987555 -0.6055320390385784 -43.797871382322064 0.6353997192972552 -0.5852854737046801 0.5036944619382444 107.97275960389267
-0.21833991050039175 -0.7574170549698525 -0.6153430655524418 -72.47758850152185 0.7459732284782854 0.2769938869623998 -0.6056387776382433 -44.443103306066156 0.6291674068770291 -0.5912645697369807 0.5045340253118498 108.52495027150772
-0.22009231588375566 -0.7566363028068346 -0.6156792003663347 -73.12102842033623 0.7520396039722048 0.2703726132603916 -0.6011115404449295 -45.08144135599083 0.6212856078698865 -0.5953151730583984 0.5095135309098224 109.07002243183574
-0.22299540847933158 -0.7558318731796989 -0.6156226338292022 -73.7822760328632 0.7577110645880505 0.26293124500421583 -0.597278078453727 -45.72308304551251 0.6133082344123383 -0.5996543503437635 0.5140697128948757 109.639202985698
-0.22611099777579446 -0.7550060688940721 -0.6154995147178872 -74.42891970762435 0.7637196504578196 0.25481315663972803 -0.593129455269154 -46.346285852284275 0.6046537126235318 -0.6041821671784242 0.5189969139351044 110.19855683935772
-0.22585746566623488 -0.754321599455047 -0.6164311233206883 -75.0854005622471 0.7706703284274248 0.24869804025509512 -0.5866996929050163 -46.9718272614821 0.5958654630739988 -0.6075756820091265 0.5251629657037463 110.76968461407319
-0.2268985371521588 -0.7515372932197338 -0.6194422900788794 -75.73476802947583 0.7781139187348184 0.24261790999230395 -0.5793749038594191 -47.583112795135214 0.5857096407857354 -0.6134559859117217 0.5297319794383973 111.33973664637304
-0.22727126911559253 -0.7496827995404914 -0.6215492501063126 -76.38240093463958 0.7859016490912075 0.2357065709412597 -0.5716651208275992 -48.176448512210214 0.5750707505953582 -0.6183996381695614 0.5356076169374808 111.91794736396683
-0.22832875308733658 -0.7477028482573144 -0.6235434477416005 -77.05319993177083 0.7932570060013983 0.22844544721063934 -0.5644076541635745 -48.77343832824786 0.5644548723709276 -0.6235007043754088 0.5409598586772307 112.51680248532496
-0.22768375550328607 -0.745407709543905 -0.6265201146271596 -77.7002688422014 0.8023620456132842 0.22093086115433197 -0.5544408916637297 -49.34485629341219 0.5517021435876303 -0.6289331452087056 0.547784486471367 113.09728288843684
-0.22549036822141683 -0.744431486408037 -0.6284710461776983 -78.39237037835215 0.809810955384596 0.21541348108639027 -0.5457135225604468 -49.942660664455616 0.5416274645717827 -0.6319958814822799 0.5542751080564401 113.71749227130341
-0.21981087359999318 -0.7440461308431144 -0.6309346519447155 -79.0688690971171 0.8187477625185987 0.21094060321974928 -0.5340001528876908 -50.51647434636131 0.5304104836991786 -0.6339553746839597 0.5628190665669777 114.32998984621938
-0.2169398003317357 -0.7437335762875431 -0.6322954139755943 -79.74399615645177 0.8262452080711061 0.20504518382360581 -0.5246668740546504 -51.080443441979995 0.5198614999897198 -0.6362521827807627 0.5700238422514918 114.95051650585438
-0.2135521948719004 -0.7428277315639171 -0.6345095911686436 -80.44562412218139 0.8345252089981625 0.19895847015126444 -0.5137929570377956 -51.64764983353817 0.5079007143251202 -0.6392358628664961 0.5774204499438508 115.60067967289083
-0.21020880559715338 -0.7412303186418472 -0.6374871549886507 -81.13058378812083 0.8419489118449708 0.1941767242522894 -0.5034058299242471 -52.1975616429725 0.4969248312295209 -0.6425519546968604 0.5832604029271626 116.24720340058468
-0.20689806894961987 -0.7384697921489406 -0.6417597331933648 -81.81191247217714 0.8497111466654758 0.1895132606637942 -0.49201188122343054 -52.723403616063855 0.4849578912620772 -0.6471067069008613 0.5882760861930068 116.88842223866715
-0.20573109289629177 -0.7365137352316682 -0.6443774012415344 -82.48320333906554 0.8577489707142798 0.18127353204520288 -0.4810474091172829 -53.220531427894706 0.4711065916056483 -0.6516804618790968 0.5944502964510623 117.52455319489967
-0.20232116122093263 -0.735369449124918 -0.6467595542517545 -83.12365844640689 0.8662646537741122 0.173654257887491 -0.46843329123703675 -53.682622160643405 0.4567840817539848 -0.6550389087766157 0.6018906301355003 118.13675791647441
-0.19884239444668894 -0.7350683544202301 -0.6481791546329169 -83.79703316291939 0.8739848717447989 0.16623763209628042 -0.45663496760131017 -54.158435938301494 0.443409682045775 -0.6572971656754325 0.6093835326484529 118.78080562500904
