1.0 0.0 0.0 0.0 0.0 1.0 0.0 0.0 0.0 0.0 1.0 0.0
0.9998939244166262 0.000818835415613989 0.014541988284981345 0.003449531737715006 -0.000837966132168373 0.9999987915028975 0.0013095058251395319 -0.007717709057033062 -0.01454089844128406 -0.0013215526122224025 0.9998934022040618 0.42070311307907104
0.9992103351569607 0.0018510700404853503 0.039689792834177125 0.02938423143721671 -0.001978006216305725 0.9999930535225865 0.0031591767886553503 -0.006883271202764268 -0.03968366927242157 -0.0032351887547622912 0.9992070555929828 0.8354038256238207
0.9983262310307766 -0.0009534442979579131 0.05782583661180738 0.05861029674097765 0.0007189143291356307 0.9999914327540466 0.004076466692709878 -0.017081581638831427 -0.057829227887566635 -0.004028071806721063 0.9983183635691812 1.237893209678671
0.9975199931244643 -0.004678082195086583 0.07022804898290208 0.08241505778065701 0.004261126547950657 0.9999724025120839 0.0060858043637176526 -0.023855507933017828 -0.07025458075820559 -0.005771460923120644 0.9975123979787428 1.6260624042770235
0.9954240105554224 -0.006864992421322233 0.09530955402693596 0.12472191198830024 0.006238835665151685 0.9999569654965561 0.006866154998435849 -0.02830396413340696 -0.09535258852963284 -0.006240114900745223 0.9954240025369712 2.031443699352061
0.9920804942092053 -0.008300825294393088 0.12532912394591716 0.19875836480728526 0.007142745047549704 0.9999275703178814 0.009686862823649216 -0.03371949734141353 -0.1254004553532594 -0.00871495367804425 0.9920679288131357 2.5267465580965287
0.9872339898877345 -0.009978656012757952 0.1589637557260265 0.2850091959768478 0.008392368294436599 0.9999080991685491 0.010647129732935365 -0.026822248093707077 -0.15905539086983284 -0.00917712598357844 0.9872270068195697 2.925771652448161
0.982113042245933 -0.01013169948590381 0.18801946951304138 0.378879048419938 0.008273153365284483 0.999908880825914 0.010667004212182033 -0.03040005927243518 -0.18811041221535996 -0.008920690051535458 0.9821073740203623 3.3538337801210067
0.9776947952147772 -0.014550783793587407 0.20952604158177476 0.4869801650261341 0.011544328595728277 0.9998122158154449 0.015564754526957603 -0.04083671714168777 -0.20971317528283526 -0.012798742016419853 0.9776791786243524 3.8540653849639113
0.9698746687199649 -0.021831098755886402 0.24262425703636725 0.621297570882699 0.017326132306729143 0.9996358769428817 0.02068619510508239 -0.04775315481519528 -0.24298751431838672 -0.015859276646384382 0.9698997634960147 4.302894627458904
0.959713034341345 -0.02788046257353887 0.27959537106685767 0.7757536459700878 0.022747992148386756 0.9995081765873715 0.021585499489352365 -0.04431230149709134 -0.2800596732279485 -0.014355651906945752 0.9598752495453674 4.705556805576027
0.9508111215063985 -0.033265338181877546 0.30797991573378647 0.9665247406260788 0.02636501809032442 0.9993000023622574 0.026540367365380672 -0.04554195351304825 -0.30864720481618124 -0.017114980410091546 0.9510225972103505 5.225776147127346
0.9381242550112867 -0.03618160779511442 0.34440350378136253 1.1514605774430828 0.02782063591086478 0.9991866618516332 0.029189501456951088 -0.04358293111174705 -0.3451795103667562 -0.017801854823325677 0.9383678381039153 5.696749502434391
0.9223831416652474 -0.03929559960607021 0.3842722938533918 1.368781306478758 0.029023111267173083 0.9990503378142779 0.032497407982029235 -0.02668172175927976 -0.3851843701191955 -0.018822283729042592 0.9226476698345376 6.200294738314145
0.9041374460405961 -0.044822693318512755 0.42488398985000947 1.624700835538166 0.032863233006280634 0.9988313623633489 0.03543892599602207 -0.009590969966164115 -0.42597592253971733 -0.018078598481386043 0.9045538556069427 6.705439497269533
0.8879662146536844 -0.04977978583568744 0.45720670878253766 1.9266662169309987 0.0365225231209301 0.9986178591264286 0.03779519464997912 0.0013990364245130647 -0.4584562213979523 -0.01686251333288656 0.8885570036331999 7.262403838960757
0.8689624867325342 -0.05351299599253893 0.49197617412991945 2.224331815403855 0.03831695509212064 0.9984273477563904 0.040922392459486034 0.0009902911029791453 -0.4933923465195612 -0.016708994944110236 0.8696463659924526 7.754489471969885
0.8475321043345354 -0.0564186656560582 0.5277369290544903 2.488629928280436 0.04071759496124108 0.9983153173234356 0.04133527135486526 0.0061610866953224035 -0.5291799406467016 -0.013544790991298033 0.8484015140569678 8.147349209724576
0.8223303714790148 -0.058624875473292905 0.5659822295080711 2.8072257055543735 0.042502312911703 0.9982280741461291 0.041644512047401036 0.020067097068657364 -0.567420755295699 -0.010189993240986257 0.8233649558351432 8.56745407840311
0.8033809308795914 -0.06652659785666518 0.5917375192402953 3.2105300607648086 0.04856709249638086 0.9977492479895745 0.04623500473328074 0.02670864019453607 -0.5934815223960129 -0.008405350311323018 0.8048037230658508 9.08087507157652
0.7829549174468725 -0.0680747987667685 0.6183424771262486 3.6358522596813025 0.048519363353277695 0.9976490090870791 0.04839758307356011 0.040861271253386296 -0.6201834153099822 -0.007891542335533155 0.7844171434472942 9.598863567834695
0.7579411007609663 -0.07040826456197387 0.6485121155835303 4.039241202952007 0.050372143297009925 0.9975067323418101 0.04942637061761847 0.05287889413861627 -0.6503752262785849 -0.004795332536516577 0.7595979659194355 10.04414656045774
0.7364259700101167 -0.07189581591878744 0.6726869869025497 4.436375822685712 0.05153167707507482 0.997409508136703 0.05018724276477705 0.063553080810064 -0.6745526495037207 -0.0022945003535168665 0.7382231764958607 10.45134902462566
0.7197162143754485 -0.07459438941175157 0.690249409875417 4.872152495910372 0.05330733975738371 0.9972136658179314 0.05218459766975295 0.07669730848614546 -0.6922188225504016 -0.0007627412740179758 0.721687272946312 10.888926045563798
0.7056880422560827 -0.07674782956084081 0.704353716306287 5.406839900357955 0.056088564322258616 0.9970474113970196 0.0524455181952693 0.1053901694632529 -0.7062991292427345 0.002496013662341718 0.7079091113601748 11.421454425377688
0.6816877964935376 -0.07846861560538979 0.7274231399101619 5.916435496402893 0.057285052401048926 0.9969042536847621 0.05385472826629889 0.13253389247887348 -0.7293971283760271 0.004958361644877646 0.6840725427661924 11.885662645989743
0.6642684019752393 -0.07811779685127535 0.7434010357487841 6.504501554205795 0.057741580234605655 0.9969150819734962 0.05316229157766028 0.1544971866215067 -0.745260625586293 0.007611120080543248 0.6667298334421874 12.415572675276335
0.642595930151158 -0.07987454013180875 0.7620305298292849 7.082856055497705 0.05895638056340174 0.9967573704461293 0.05476211877001759 0.18598583274026165 -0.7639336461657071 0.00973664726947833 0.6452213433821903 12.900639524872917
0.6338430831236328 -0.08524703883879904 0.7687495615254321 7.686955378191391 0.06381946765755127 0.9962828308667113 0.05785841743531256 0.20466433076874743 -0.77082424814236 0.012388030086676358 0.6369274018177717 13.382675656044515
0.6298410169019938 -0.08521804203362938 0.7720350890599581 8.356955308487986 0.06427207465902536 0.9962724528652973 0.057535207315079495 0.23250196737184825 -0.7740603295912325 0.013382263400452218 0.6329703951840038 13.937192481344631
0.6279095697992015 -0.08716980041617828 0.7733892926915821 9.019154156926568 0.06463130193152081 0.9961158397575154 0.0597999046388612 0.25423377785193624 -0.7755980705012221 0.012436224490734355 0.6311045661023201 14.467702516967943
0.6258726672862016 -0.08666484423259294 0.7750952258388617 9.65098352749178 0.062403960000565445 0.996185371972027 0.06099549528614533 0.2722558224342869 -0.7774246909638922 0.010193598142694847 0.6288934253405754 14.987829052370142
0.6182084268714041 -0.08838225154244797 0.7810293967306681 10.304920858915331 0.06192630518729192 0.996046079245417 0.063697258541344 0.30941856671319984 -0.7835709755159606 0.008988082783324455 0.6212372660238967 15.511831410546336
0.6113214235331572 -0.08888245399185603 0.7863752453515942 10.95419511713942 0.0612431297277473 0.9960063250828971 0.06496675654527244 0.3402212897352669 -0.7890091230084382 0.008444511072168787 0.614323444158049 16.025468067793984
0.6062613228864693 -0.09176949215347997 0.7899528901661419 11.592130797077644 0.062336224186173086 0.9957471990874383 0.06783590983935398 0.37208651969760476 -0.7928186447896892 0.008116392019497997 0.6094035778155773 16.529082887256106
0.6004083459584932 -0.09210395583217164 0.7943718772863574 12.292620170387922 0.06178675097073818 0.9957188142628459 0.06874911146678273 0.4169843438211159 -0.7973030888613603 0.007804117058162849 0.6035286904937298 17.068372348866042
0.5886036848039602 -0.09261564018768581 0.8030990259163721 13.000127948386446 0.06200544092839788 0.9956616154599163 0.06937775432388363 0.45938005629001183 -0.8060403386496705 0.008960507372649692 0.5917927692842736 17.585168862053496
0.5821961850174276 -0.09321791084140149 0.8076868348868377 13.745419530093812 0.06180942426168326 0.9956053818913877 0.07035281530502666 0.5007263551945254 -0.8106955021607017 0.00896351757227445 0.585399400519969 18.133015169461284
0.5759485508583646 -0.09564952374112334 0.8118709474862654 14.517699531649962 0.06362033351205493 0.9953637749375326 0.07213465676025871 0.5392957097575583 -0.8150065766163884 0.010105649420087716 0.5793635783528627 18.692240677664984
0.5619761032295053 -0.09777642484473435 0.821354144168983 15.302694912170088 0.06604787445710063 0.9951225569591675 0.07327192443731462 0.5889556825675647 -0.8245123029274212 0.013071624827483488 0.5656930218287035 19.240941079291396
0.54942221530265 -0.100866152965628 0.829434294274021 16.079681214902664 0.06449808642185804 0.9948445901267534 0.07825751301600917 0.6382047535852332 -0.8330517548026938 0.01050050862800693 0.5530953924403151 19.758274583582814
0.538856498395728 -0.0995356044831823 0.8364964659679457 16.815216768393572 0.06245600487211678 0.9949824689638058 0.07816094875386073 0.6810935193301242 -0.8400791162694792 0.010126692197209151 0.5423693653895232 20.2455666236634
0.5268777825878881 -0.09931866630988063 0.8441182409696503 17.4976044961849 0.06204672063089363 0.9949937896814347 0.07834259986960314 0.7327127223570954 -0.8476732900559164 0.011097793375418566 0.5304025191380359 20.679212301223604
0.5023867429994131 -0.09974024417250354 0.8588710288226349 18.30427012703241 0.06116496824425416 0.9949354833110613 0.07976359262385482 0.7808292080051058 -0.862476902367896 0.012460647695615931 0.5059430058226764 21.161541325137215
0.4770617045011031 -0.10288534103432731 0.8728268652480584 19.10183140490419 0.05968064720663979 0.99462416655634 0.08462261902767243 0.8384702591069987 -0.8768411204132129 0.011720661344657803 0.48063736397636114 21.60878084628857
0.4582747900157663 -0.10246908975874834 0.8828840821308419 19.836288540551504 0.059620174896635056 0.9946388330831444 0.08449275985725557 0.8827117208338222 -0.886808689392081 0.013916801608659525 0.46192712742562037 21.998298655356823
0.43026501177758675 -0.10208574305379528 0.8969116571352989 20.66732331174297 0.055541751268769445 0.9946962140764699 0.08657110122861922 0.9402183045290586 -0.9009923049094435 0.012567528280938066 0.4336529992135147 22.41207386555206
0.4019558684388372 -0.10210881632299251 0.909947948762289 21.45305640715257 0.054929078959836425 0.9946620683806824 0.08735082145742454 1.000338894823909 -0.9140099978185163 0.014871427429140077 0.4054189987334283 22.762709610353443
0.3703508532995207 -0.10286361094837304 0.9231789225296355 22.231187615348325 0.05452759985945818 0.9945432786812667 0.08894047269653538 1.0529449182774784 -0.9272901306030835 0.017399550930357097 0.373938857720802 23.08351115610704
0.3390198179406806 -0.10022578516335218 0.9354252268523965 22.999937797998726 0.05266452094646901 0.9947716421619197 0.0874975895894087 1.1088660640620824 -0.939304003652144 0.019600304560573815 0.34252564398039753 23.368386650618447
0.3116672098282671 -0.09836260870044994 0.9450864233113843 23.75612422445861 0.051328399502736995 0.9949180916904832 0.08662208858861994 1.1607374100898102 -0.9488039553682048 0.021512508840427373 0.315132140920345 23.624006801144006
0.2921322941695458 -0.09725418095526296 0.9514201737350114 24.55148677479421 0.050699704026947554 0.9949921093735854 0.08614082827488442 1.2265515733410697 -0.9550331212658638 0.023072203428025233 0.29560008578171615 23.882779864201186
0.27162409805867704 -0.09902456164544593 0.9572954014016455 25.361306861344293 0.05384989294284254 0.9946979212233887 0.08761412297063427 1.2823123432110515 -0.9608956958920436 0.027752147751053526 0.27551638773646314 24.11322573833146
0.2501334912029579 -0.09982911655016591 0.9630510807155731 26.225350129600827 0.056805507617706176 0.9944700171276226 0.08833187045727414 1.3441033126051998 -0.9665435173249649 0.032611846359863264 0.254421100921457 24.332327977569097
0.2177679113890567 -0.0962367160492398 0.9712443725722719 27.002656704540765 0.05615434477404532 0.9947138198535969 0.08597154270608359 1.402389604238645 -0.9743838187963949 0.03581774806327577 0.2220208607122991 24.514622688337287
0.18853928516030805 -0.09708566485061154 0.9772549880311456 27.811367458707593 0.05822021293187322 0.9944562626735425 0.08756225462799251 1.4519400765515578 -0.980338382782908 0.040387068597321926 0.19314642096789636 24.67602794248902
0.16894150503740324 -0.09376978035782 0.981155439350638 28.570282357715676 0.05977565673511852 0.994606527641251 0.08476276325898549 1.5147699488823116 -0.9838117903021809 0.044329261950316 0.1736354739025351 24.810743085332863
0.14674337988031222 -0.08957590594995615 0.9851104189554324 29.440630988595927 0.0604300591241772 0.9948430105246708 0.08145914537029249 1.5705998660965912 -0.987326991637295 0.047576690547521325 0.1513997031073528 24.950563635653907
0.12304982629249783 -0.08163554199587562 0.9890370966411857 30.324938370861236 0.06227228290000924 0.9952820134386039 0.07440347107507982 1.638217749330449 -0.9904448005980988 0.052434263689296226 0.1275529104315304 25.060564175298637
0.09489691954709684 -0.07907064102787267 0.9923418807991089 31.232898046631174 0.0595357935650741 0.995507001208821 0.07362947662993051 1.6942394607309115 -0.9937052198439176 0.05209265084118776 0.09917808116357857 25.158678397747835
0.07413259610974166 -0.07537777861617556 0.994395569521969 32.12656787626301 0.06123217948087159 0.9956019258850837 0.07090433957054303 1.7562526650478065 -0.9953667557187412 0.05563268522014169 0.07842210112681491 25.233070187731713
0.05535662663861679 -0.07361193043939501 0.9957494301199366 33.02863670021215 0.0601236555231747 0.9957146716263139 0.07026691080894568 1.8054856033413031 -0.9966547997846211 0.05597835657722879 0.059545223663944824 25.292016320123643
0.03808188315363881 -0.07591804113036583 0.9963865822091348 33.8591230756266 0.059460841376407884 0.9955152087822076 0.07357905562133614 1.8481491517699418 -0.997503974186711 0.05644395551559174 0.04242524445977469 25.331391180237365
0.013667084369469396 -0.07700038145939876 0.9969373862284155 34.66939570573214 0.058594739058343906 0.9953788167216315 0.07607672296129143 1.896336891277084 -0.9981882925377968 0.05737553901229671 0.018115743526723516 25.349027112553102
-0.006008121408495437 -0.07987040440362803 0.9967871492839089 35.5032544967378 0.06134193670739174 0.9948984621576515 0.08008880569297104 1.9463172229981205 -0.9980987272199715 0.061626037490179766 -0.0010780654580474502 25.344284981817513
-0.01806405547791995 -0.0810566085307152 0.9965457922811121 36.30575179484649 0.062117682834635396 0.9946920001976236 0.08203181225662876 1.9973721299081886 -0.9979053479057753 0.06338494266266662 -0.012933122774650807 25.32236583481281
-0.03537222947941043 -0.07844790192600468 0.9962904857846752 37.07540680673089 0.06261472077844638 0.9947817570199172 0.0805521734170072 2.0440671022639485 -0.9974107489512499 0.06523176054480177 -0.030275655116487887 25.301239718757056
-0.057524851753351924 -0.07998250367925964 0.9951350112100128 37.92812995147874 0.0638657085520581 0.9944490940351152 0.08361920021073284 2.093099680868794 -0.996299183328933 0.068365184691744 -0.05209739744138159 25.25408374191169
-0.07288994733393456 -0.07817029740153773 0.9942718240912851 38.81649269358978 0.0629448177438444 0.9945756259995733 0.08280865949133136 2.154305614355449 -0.9953516993991876 0.06862017758438253 -0.06757414987580196 25.206487144653366
-0.08708827540278491 -0.08016486909147363 0.9929699018857095 39.68515553614586 0.06180162262650821 0.9944022980071157 0.08570081189171037 2.207036118030655 -0.9942817466533816 0.06883068706408903 -0.0816464622025111 25.141701919397093
-0.09315726042288441 -0.08009393911757032 0.9924246499090671 40.55093081290283 0.06606215891192546 0.9940654292639886 0.08642750431487833 2.2647077086394494 -0.9934573548926994 0.07361306445756585 -0.08731323353746478 25.0577904020525
-0.10006620929904037 -0.07986488616370845 0.9917703129830913 41.427981607967205 0.06602461329645594 0.9940433583488888 0.08670958517670609 2.3217797039161607 -0.9927877437778805 0.0741579508921389 -0.0941971025239366 24.968646492157802
-0.10895255305454815 -0.07640710220452691 0.9911060972043322 42.30115936010664 0.06760196906121506 0.994163709755562 0.08407432416680988 2.377651771042306 -0.9917455898374052 0.0761608359838985 -0.10315140377276172 24.876408097430833
-0.11287708365401034 -0.0760939728832173 0.9906909060229704 43.110179729139006 0.06860619769642438 0.9940866791541334 0.0841716339745543 2.4376398447571974 -0.9912375868697699 0.07746858472410217 -0.10698908709508609 24.79197736121525
-0.1145776296944685 -0.07408003474205128 0.9906483307542663 43.980326849469165 0.06715261235125312 0.9943571505246984 0.08212419774223144 2.4973216603803 -0.9911420147627684 0.07593421924942191 -0.10895641752086549 24.704999538250124
-0.11141771569240116 -0.07420357551316799 0.9909994561103194 44.93279690832708 0.06698790476505852 0.99437949176416 0.08198809044024895 2.5591646934626007 -0.9915133449657018 0.07551990293897738 -0.10582074945403058 24.609781285421914
-0.10682831831401512 -0.07128545591250449 0.9917187576029538 45.82049854006649 0.06511449264835656 0.994783757284827 0.07851992797646908 2.6191859460452998 -0.9921430407221263 0.0729634156110386 -0.10162935958188585 24.531718796816964
-0.10117143284978913 -0.07435993435052042 0.9920861562074674 46.760053105688826 0.06428553508041639 0.9946301469059065 0.08110635514779412 2.6713389877035714 -0.9927898625361491 0.07198243556119678 -0.09584788894979901 24.453729265221998
-0.09935547187451998 -0.07435711001163023 0.9922698778050807 47.74181943960952 0.0623661861558035 0.9947781025329363 0.0807897613893645 2.73024950626752 -0.9930956394189692 0.06991099278145824 -0.09419927842260667 24.36811081682209
-0.09742476853223797 -0.07267913152502828 0.9925855924388624 48.65738257890181 0.06127902199362578 0.9949996544983348 0.0788705839442003 2.786375885981387 -0.9933545670806293 0.0685086227343833 -0.09248390492995723 24.292492986181603
-0.10085769451737742 -0.07065552571738536 0.9923887958568655 49.59813290082198 0.05870135960886664 0.9953146951650329 0.07682973362317899 2.840466134544225 -0.9931675970533423 0.06600344138102207 -0.09623757005012173 24.208243924048006
-0.09784108085029264 -0.07222340986394785 0.9925779072524589 50.558721983469205 0.0596352333417052 0.9951454806252946 0.0782886411641673 2.8803022221890417 -0.9934136911892885 0.06685246037862465 -0.09305904952769273 24.11023414697113
-0.09267739689235022 -0.07233870064755585 0.9930649588490581 51.46318625713645 0.06046700627981483 0.9951077109534116 0.0781305622187533 2.933320806162248 -0.9938584613800976 0.06728860222715989 -0.08784988761233814 24.037165390615943
-0.09661728754494936 -0.07078372355512234 0.9928014727160352 52.44743620159745 0.057867784859092254 0.995381272946483 0.07659922286120673 2.986878753182812 -0.9936379719107751 0.06485203117182235 -0.09207494137891481 23.954702060851105
-0.10053452087564202 -0.07156160879875155 0.9923566628276547 53.44302658600143 0.05596350061800615 0.9954241360313614 0.07745241122648161 3.0409785596060965 -0.9933583928828927 0.0633223937667555 -0.0960696504457283 23.85522070923415
-0.10320296944949597 -0.07303996288984439 0.9919749547835652 54.50970520273164 0.058176589047729356 0.9951496493688128 0.07932628724389255 3.0996844172032803 -0.992957517511992 0.06589642768905678 -0.09845318295638233 23.74919371222333
-0.10458324506135142 -0.0709323467754488 0.9919833400986958 55.47849459179979 0.056440278564553886 0.995422354545301 0.07712866540427626 3.1653648805462455 -0.9929133093115395 0.0640541821617974 -0.10010105863371488 23.66566302558078
-0.10767094562510732 -0.07288110854066954 0.9915116295263907 56.52251881534291 0.059060684725132546 0.9950791602191382 0.07955690050129775 3.2293672016970953 -0.9924307547572243 0.0671253224607379 -0.10283670597869371 23.556008796182034
-0.10767925797562333 -0.07520701645078331 0.991337017405479 57.60178330007203 0.06347432473400827 0.9945802498375065 0.08234765772458293 3.2977816472582577 -0.9921573400934858 0.07179158244345228 -0.10232194871523975 23.446039066872263
-0.10530103063089041 -0.07516389094961093 0.9915957253061287 58.59223361172515 0.06014255461655793 0.9948327927005467 0.08179601268904105 3.357136472795687 -0.9926200512140921 0.06825030450442263 -0.10023636996014457 23.353911427714493
-0.1087051510405479 -0.07493392619503317 0.9912457297977375 59.55703612368701 0.06013411098570723 0.9948329977265574 0.08179972695767461 3.4147041882288254 -0.9922535355609525 0.06849973240377509 -0.10363738624357954 23.259712211851827
-0.10977319469252539 -0.07583130942709851 0.9910597652198223 60.583046742390465 0.060816915770549484 0.9947048603142112 0.08284650640457965 3.474275000799749 -0.9920943243881377 0.06936752394209993 -0.10458010393467482 23.165971447079386
-0.11049415706622978 -0.07615188082105044 0.990955060687234 61.60503479875261 0.061371271736222824 0.9946348015240376 0.08327771972572888 3.528908974150065 -0.9919801450934903 0.07001787375131356 -0.10522779621204215 23.055256519605205
-0.10673587747372859 -0.0765565398299677 0.9913357396307145 62.58135464801346 0.06310004360114914 0.9945000215555179 0.08359480619995427 3.583103240609459 -0.9922831435419259 0.07147589338607394 -0.1013181114471462 22.956253438357297
-0.10361263854306052 -0.07895111809285099 0.991479269619912 63.63836053107653 0.06439114719033573 0.994220914370818 0.08589850750255928 3.6474992407199296 -0.9925312092310539 0.07274265859551335 -0.09793009916669632 22.856210820226217
-0.10049681880078798 -0.07684555829397668 0.9919652965610283 64.64781225728333 0.06524525801884842 0.9943577066454258 0.08364094416554263 3.7111546715900965 -0.9927957724109101 0.07312668052999916 -0.09491597798941953 22.760364240236743
-0.09932922218686696 -0.07628053629327625 0.9921264966739687 65.70480434231105 0.06647929564992819 0.9943209053785662 0.08310499610154648 3.777643058745688 -0.9928314100942022 0.07421062531712547 -0.09369404581081847 22.670398780349835
-0.10320322685546363 -0.07480206975707138 0.9918436088046735 66.75010906033651 0.06399307872103671 0.99460298451917 0.08166877653891612 3.8399391691762954 -0.9925996070130308 0.07189960740934855 -0.09785942270399234 22.58171813412529
-0.10543514694280554 -0.07278867461997685 0.9917586594712527 67.70160737988063 0.06404677476983958 0.9947498382286185 0.07981710334081822 3.901532026361915 -0.9923615472350441 0.0719344715084816 -0.10021971551578568 22.494103974646965
-0.10983339674655379 -0.07503358424387421 0.9911138109191254 68.76214632811876 0.06445217388408805 0.9945102748104087 0.08243318857196408 3.9638999973413775 -0.9918581260647764 0.07293335678578866 -0.10439436396294333 22.39116597021563
-0.11544854518030145 -0.07559197918294268 0.9904329791050768 69.77483081250911 0.06621172544022035 0.9942968625677278 0.08360476363343206 4.018088054392567 -0.991104253259959 0.07523032481106753 -0.10978505088963841 22.28085134243648
-0.11860459615357216 -0.07614901906812965 0.9900173112962268 70.78024905988472 0.06444418107039732 0.9943624528821766 0.08420368058646584 4.085261196176785 -0.9908480697349188 0.07378779840260409 -0.11302859598120624 22.174986144411104
-0.1235193247201623 -0.07636454520706902 0.9893995313603059 71.84343424267256 0.06469721695849416 0.9942937001246768 0.08481926673937443 4.140497990742237 -0.990230905667209 0.074488214689957 -0.11787391286371324 22.055904348887438
-0.12775119786697092 -0.07561902690376907 0.988919306219512 72.87433766531696 0.06448834238245243 0.994345936677212 0.08436475514266288 4.207593859596998 -0.9897074745298823 0.0745514653353301 -0.12215233880707083 21.92638775822002
-0.13214072045762815 -0.07515781979144939 0.9883775250991572 73.87159210796857 0.06497611660827474 0.9943199583705739 0.08429664676870785 4.2672619403357075 -0.9890990517978707 0.07535995296002007 -0.12650669240169354 21.796404276166278
-0.14053891471520663 -0.07355590174427125 0.987339021192447 74.86063758599565 0.06785400502337803 0.9941761315076519 0.08372367372952223 4.338789458245231 -0.9877472588941766 0.07876134114568654 -0.134729372031393 21.667404798456133
-0.14193082314175315 -0.07071170411562663 0.9873477079242998 75.74985566834457 0.06807062044115164 0.9943868641788214 0.08100095666945421 4.399009631777334 -0.9875333068180845 0.07870590352492117 -0.13632075658264503 21.554420439441724
-0.1465466328847101 -0.07254878735503181 0.9865397902991387 76.7077191564669 0.07090051798164368 0.9939716241871199 0.08362730929997515 4.462904693834667 -0.986659617568333 0.08220148273683063 -0.1405194481051571 21.411964396038776
-0.1542920914371571 -0.07417482426511245 0.9852370506457764 77.60214725776815 0.07200022181773398 0.9936826138038592 0.08608618403743935 4.510660046780562 -0.9853983552747312 0.08421970356852641 -0.14797676490815875 21.277653514396704
-0.1558129159295482 -0.07476618549779032 0.984952969809037 78.56450863129707 0.07604293559521588 0.9932643490526556 0.08742656831345101 4.563542453821139 -0.9848552214288117 0.08852090378613785 -0.14907797428625041 21.130128660610858
-0.1578318456426302 -0.07276067463236618 0.9847816980062558 79.51030660504912 0.07468327555536944 0.9935456943021785 0.08537775873096715 4.6215084149804415 -0.984637759205568 0.08702205215142553 -0.15137914514883777 20.99315436825301
-0.15804205519810272 -0.07294976575747872 0.984733994774573 80.42382754831822 0.07352909707584818 0.9936290450690242 0.08540955847227966 4.673219556217232 -0.9846909061588669 0.08590490365018896 -0.15167124597919485 20.854822789803887
-0.16001646322968494 -0.07213586450911987 0.9844750624302198 81.41239388841801 0.07792288010880517 0.993290876664038 0.08544740541137501 4.73511676487518 -0.9840339202746072 0.09038612386593976 -0.15332185872040344 20.700441860060398
-0.16186384187991582 -0.06833819845880035 0.9844439990793176 82.28482710114378 0.0796062652365783 0.9934436692182231 0.08205192639614002 4.790005596265733 -0.9835969394152045 0.09164915014139328 -0.1553624602386407 20.558948981545488
-0.16278114470573585 -0.06896079011858856 0.9842493120924751 83.23357517942219 0.0812995642499127 0.993224794208811 0.08303546845558958 4.846931333062663 -0.983307011965777 0.09353564879277244 -0.15607178676445826 20.41128029045821
-0.16276052633049526 -0.0681915519274259 0.9843063157952151 84.19830494906883 0.08633268976368719 0.992798296626799 0.08305545673280018 4.906793691581349 -0.9828813141711402 0.09849596164643643 -0.15570121320194202 20.257881061773876
-0.16074189733805672 -0.06863770702525453 0.9846069812948093 85.14317779902164 0.0873003566658722 0.9926803572284952 0.08345271774315521 4.960515845167333 -0.9831280131123175 0.0993708888307967 -0.15357322776709598 20.116369905844557
-0.1626148029211661 -0.0678281506116415 0.9843555088765008 86.06213905743526 0.08541291182847761 0.9929217842751208 0.08252856962828839 5.011969895360918 -0.9829857884852105 0.09749703737301463 -0.15567038041835063 19.977525083319037
-0.15583382075646296 -0.06948814558092911 0.9853360938949546 86.98062060321445 0.08476709161314055 0.9929019739223921 0.08342787520048323 5.066422511377936 -0.9841394009427183 0.09652495949101234 -0.14883740023047448 19.844082369110147
-0.1537790400834519 -0.07082664928953006 0.9855635913432629 87.86434948487867 0.08463868406042951 0.9928176418007162 0.08455426239867324 5.116833208528493 -0.9844736156909087 0.09641947873579697 -0.14667986954175516 19.714157271541072
-0.15327644586650885 -0.0708545066039373 0.9856398784730882 88.71991406513165 0.08639457286800548 0.9926459931148142 0.08479333778109754 5.165701942473881 -0.9843994661322639 0.09815075775060025 -0.14602780499444928 19.587000772377422
-0.14960805374810104 -0.06767650074799884 0.9864265413603851 89.62782241263926 0.0907816396789179 0.9925005508840731 0.08186177613525684 5.219887225380327 -0.9845690042607033 0.10179659985145821 -0.14234229205604954 19.45043553247236
-0.14480121645308802 -0.06761728322386501 0.9871476640924244 90.55689762558963 0.09470606843034593 0.9921346570024552 0.08185098030621044 5.2701402816745215 -0.9849179500426282 0.10534099574261027 -0.13725853816714934 19.32341955318196
-0.13685778754245043 -0.06582845229190927 0.9884010121695733 91.40874961582868 0.09825937710611087 0.9919665219449851 0.07967128812243479 5.322749683475017 -0.9857053519179574 0.10802330400992532 -0.1292900807915079 19.222814448429176
-0.13115422541203792 -0.06890579649822368 0.9889643878146036 92.29809971658193 0.09847827182913346 0.9917418426791714 0.0821592810148008 5.3732591985523035 -0.98645861501338 0.10816704067444527 -0.12328540942713895 19.123645785560463
-0.12485796131705074 -0.06829480533259644 0.9898213520935647 93.21622348563899 0.10003697221975275 0.9916777899267881 0.08104174945684095 5.429217223866663 -0.9871185813694595 0.1091374387206504 -0.11698686158984695 19.01875377087128
-0.11123695950098755 -0.06783963650762906 0.9914757296875647 94.04672350788397 0.10318752239335338 0.9914863716390827 0.07941731597257842 5.477482156552552 -0.9884223156441265 0.11114206482012079 -0.10328972535650982 18.934827092252497
-0.10630263902441767 -0.07078003286631336 0.9918114416984148 94.91431813211713 0.10486421087589017 0.9911027231419702 0.08196883223486956 5.5253859614940435 -0.9887887773502596 0.11271902735569958 -0.0979345427219826 18.85570011237553
-0.09985352041208961 -0.06965606840494323 0.9925609838169536 95.81422762395472 0.10791040638330215 0.990904565020777 0.08039581590590295 5.57227492342516 -0.9891332663779453 0.1151354643685043 -0.09142869456109448 18.771826812005465
-0.08697301352723102 -0.06770994821486562 0.9939069663860558 96.68316789867585 0.11101049407602914 0.9908151981580908 0.07721342696668104 5.621921917228213 -0.9900062449919131 0.11704958783218036 -0.0786576688271951 18.706042693629676
-0.07810775770755651 -0.0661945155791 0.9947449242359301 97.5294723241925 0.11241985486979891 0.9908442811710031 0.0747622010227884 5.662512848061514 -0.9905861670833846 0.11766858789824396 -0.06995104720504364 18.646609029369795
-0.06763026928928062 -0.06486865010956548 0.995599419901811 98.36212268087841 0.11391260363626092 0.9908566858184767 0.07229762721993618 5.701741330828045 -0.9911861910905881 0.1183008300976266 -0.05962254766063746 18.5979189973248
-0.05639922799480429 -0.06290339537106135 0.9964247537734007 99.20584620770106 0.11293734046499318 0.9912057298102375 0.06896635643593667 5.743257220921162 -0.992000143251141 0.11642321092525489 -0.048799095765898415 18.5641501419269
-0.0462351750358011 -0.06490272483249607 0.9968199159821831 100.06990654142886 0.11421391403287878 0.990999579403588 0.0698213109530493 5.780317575275968 -0.992379710811693 0.11707890472339383 -0.038406244779611964 18.527412461860248
-0.03797215447015312 -0.06417907780135683 0.9972157045782334 100.88770860693133 0.11539990677844285 0.9909770275915883 0.06817178522869609 5.821459180150934 -0.9925930570986389 0.11766722890553748 -0.030223273172678033 18.50569958847958
-0.031495436432360635 -0.06644347724201419 0.9972929869481313 101.75066598926858 0.11624262057487497 0.9907735995824661 0.06968018034053144 5.855412233394978 -0.9927213559936248 0.11812255797430596 -0.023481283009791798 18.485482214669357
-0.0273922641564478 -0.06554445675285131 0.9974736026849819 102.5982341095453 0.11390084993668628 0.9911446157072565 0.06825648055837061 5.89326702344411 -0.9931144245493989 0.11548279068107228 -0.019684125797906016 18.47216809803912
-0.025352797402830696 -0.06177380369232338 0.9977681257893707 103.46414554127851 0.1149909875685231 0.9912836769725724 0.06429420304936323 5.935084583204594 -0.9930429539762451 0.11636438005300109 -0.01802838353857439 18.458200321712265
-0.024304522347976976 -0.05943468268248171 0.9979362748632146 104.24079691180235 0.11395953833893711 0.9915594942242205 0.06183035690811012 5.967111780604918 -0.99318805561435 0.11522711446634715 -0.017326230886904437 18.450746252877163
-0.021235775685194413 -0.0586211899682811 0.9980544062914359 105.07994350403904 0.11385526597699465 0.991643320615362 0.060667149992778266 5.998520930204163 -0.9932703661341941 0.1149220638765296 -0.014383983940582601 18.43917498660333
-0.020481812660708698 -0.06109812117621292 0.9979215975911478 105.89754705326958 0.114319183466884 0.9914414306420064 0.06304771128277986 6.030273916775683 -0.9932329130881622 0.11537291361176874 -0.013321830322249095 18.427375183763978
-0.02383620375372092 -0.06103138083000606 0.997851194289306 106.66028161517595 0.1166813867907388 0.9911431972639697 0.0634083314237669 6.0584775301672895 -0.9928833211244923 0.11794207506797152 -0.01650386504609952 18.416520246695242
-0.02469877391729347 -0.0628280572993991 0.9977187007282995 107.45203527787935 0.11900990249553607 0.9907411410541486 0.0653347880590944 6.087452029147762 -0.9925858218184389 0.12035209445085371 -0.016992930480272284 18.40693603822142
-0.02025294371048114 -0.06481372273408069 0.9976918359976743 108.23289573694814 0.11889248878374091 0.9906595245528586 0.06677037159932878 6.119943858334499 -0.9927005562514148 0.11997036199851246 -0.012357906783826977 18.398670380112883
-0.019166308874487004 -0.06456362219530284 0.9977295181025517 109.00918827004382 0.1200181347055741 0.990548380551019 0.06640446618675865 6.155809955704601 -0.9925866712513939 0.12101836421294042 -0.011236350711048115 18.397898036553418
-0.015111986693037815 -0.06351732686321097 0.9978663122113812 109.73503345674582 0.11622955528020891 0.9911031988427081 0.064847048684705 6.186298355586512 -0.9931074052374972 0.11696152543423696 -0.007594947698439547 18.40055512213926
-0.008813278268350377 -0.062151991181045474 0.9980277832397233 110.46662042014758 0.11621550138512635 0.9912394779567435 0.06275551432222069 6.216915239301638 -0.9931849190175859 0.11653938103608581 -0.0015130445326179687 18.401648877488466
-0.009896663601468403 -0.06267107758528545 0.9979851662644386 111.28553175175456 0.11855881348715336 0.9909207072502566 0.06340315202866664 6.25233631916311 -0.9928977106399623 0.11894741685699173 -0.002376600296912168 18.40548757171471
-0.0074390838597181985 -0.06611040418628679 0.9977845832090484 112.16434258324513 0.11944716132309445 0.9906092712926925 0.0665255385608856 6.2858572610445895 -0.9928126891227687 0.11967742513643508 0.0005274746726136592 18.409214762051583
-0.007955086667617017 -0.06597346829109091 0.9977896662512372 112.93576721018052 0.12269604098955963 0.9902171210774195 0.06645099435400141 6.316402809413064 -0.9924124133250244 0.12295346520855623 0.0002174203517379958 18.40354541680498
-0.005025305033587835 -0.06855737488332896 0.9976345185780343 113.72197767488812 0.1233580794546761 0.9899846171183144 0.06865305603072833 6.342226776114931 -0.992349500197674 0.12341128075751909 0.003482131418482526 18.404442395372204
-0.002209023783802888 -0.06726044433883993 0.9977330067915285 114.53229385419846 0.12339083253013805 0.9900925280424376 0.06701856729335752 6.380901124200941 -0.9923556936207109 0.12325915195991201 0.006112184280705202 18.41097101193669
-0.002496117818844179 -0.06584163099605006 0.9978269634679224 115.3305585551564 0.12261557235936998 0.9902804883407503 0.06565040614184592 6.410518622449185 -0.9924511024785145 0.12251299538981647 0.005601352497054013 18.425445419167595
0.00392420986453923 -0.06652527493501621 0.9977770233733383 116.09341468832326 0.1237111654687466 0.9901521705615646 0.06553034923290676 6.442312685239779 -0.9923105099288747 0.12317900359656603 0.012115484210452276 18.43697761350641
0.01245085337857521 -0.06924743486946408 0.9975218138036605 116.89366340828737 0.12700660325397634 0.9896287196168738 0.06711423127291294 6.475020560976367 -0.9918237237433033 0.12585622778975353 0.02111660357399836 18.446149651030467
0.017508017392914854 -0.06802913927079843 0.9975297015813833 117.64758668109297 0.1286499955525074 0.9895426659738494 0.0652264582949785 6.501847299817156 -0.9915355001064305 0.12719020570563228 0.026076878671530634 18.468506916500154
0.025460788421550973 -0.06842662968690506 0.9973312110841838 118.39447101094157 0.1299489580859297 0.9894162336053003 0.0645661286642116 6.5276709135270385 -0.9911937331043487 0.12795824720584997 0.034083286617817454 18.490181182318192
0.031278137767669634 -0.06757135839352038 0.997224041839466 119.17095398237203 0.13243698385575656 0.9891953184123712 0.06287342314712581 6.5578765990233805 -0.9906977962047643 0.13010278073854487 0.03988913434911012 18.521282383689602
0.03641758071034129 -0.06975766910909423 0.9968990056247783 119.97305627019632 0.13280779905623297 0.9890501919050376 0.06435686756242255 6.591696209377172 -0.9904725378954456 0.13005224139965477 0.045283177691952003 18.55771169928414
0.04204639896078538 -0.07021288287445493 0.9966454993692034 120.70658343194921 0.13139385344104054 0.9892525380218178 0.06414882146467432 6.618489991738104 -0.9904381634470397 0.12825586573662187 0.050820048128713935 18.597610131304588
0.04879208338379615 -0.07032797751060448 0.9963299193431546 121.44001711160148 0.13135333438495198 0.9893062186523063 0.06339958424020231 6.645872951376407 -0.99013414957016 0.12777785925246765 0.05750812585915921 18.640590860396316
0.0505818468728797 -0.06881987712647257 0.9963459746891268 122.18763314678951 0.13056613487418506 0.9895166333798937 0.0617196620902717 6.674919258650665 -0.9901484541173333 0.12696714841571588 0.059037124186709034 18.69021239825985
0.05909933271609458 -0.07155115874569036 0.9956845386741031 123.0255506987252 0.13373432680448877 0.9890042084137816 0.06313323668226994 6.707288116947922 -0.9892534552412049 0.12942606932908973 0.06801833481759978 18.74148843071006
0.06385083731944152 -0.06865735652381534 0.9955949166045235 123.83723095276086 0.13399514892832093 0.9891868026543778 0.05962188791112227 6.735084785730947 -0.9889228335099172 0.1295979816570113 0.07236015832725662 18.81036987668885
0.06923991585036621 -0.07198017883502962 0.9949998431697923 124.63189569389579 0.13693147830063884 0.988638890426181 0.061991246053707816 6.758599234068007 -0.9881576819027599 0.1319545307739254 0.07830962587573315 18.867903937732716
0.07109951198058723 -0.07358295707298802 0.9947514301696264 125.45944471236974 0.13505974768206694 0.9888012702188436 0.063489468179044 6.784773323774827 -0.9882832205153432 0.12983680696164793 0.08024138337432268 18.93501240029581
0.07827545587671775 -0.07299423156528309 0.9942559002417265 126.22155997870406 0.1350529155329289 0.9888986864027894 0.061968524566050016 6.811320412299616 -0.9877416985291992 0.12942654360304692 0.08726457928404291 19.00447939350002
0.07728986696622242 -0.07282074241167136 0.9943457225426964 126.99985001450443 0.13071776626927972 0.989460097557457 0.06230233481305525 6.839733856039927 -0.9884023179080035 0.12516331258080815 0.08599420409472558 19.073492752042664
