1.0 0.0 0.0 0.0 0.0 1.0 0.0 0.0 0.0 0.0 1.0 0.0
0.9999271419415809 -0.0018744667709802386 0.011924646026865623 0.009792201220989227 0.0018666313338014252 0.9999980346127786 0.0006681751594629145 0.0005486635491251945 -0.011925875062452311 -0.0006458675595998741 0.9999286756359627 0.22108174860477448
0.9997964899862404 -0.003496230623712485 0.019868441876995453 0.016332783060800216 0.003463179321208863 0.999992562122392 0.00169767160647452 0.0004484995894063417 -0.019874229549416072 -0.001628518136249476 0.999801161695913 0.4557081376449428
0.9996933496317232 -0.005561062278408697 0.024130505349888184 0.023199660110418324 0.005530652555689688 0.999983825644315 0.0013267750632869313 -0.0015258031043574264 -0.024137493333268173 -0.001192910766141711 0.9997079365392127 0.6738827035242703
0.9996354809518032 -0.006605348309491805 0.02617775001728128 0.02776735276418971 0.006602153257517737 0.9999781838160805 0.00020848083194209793 -0.0005728303485644393 -0.026178556007183135 -3.5575319156592536e-05 0.9996572822421569 0.9101232497294939
0.999650033405244 -0.007712753720876032 0.0253046269076551 0.0314637665308191 0.007719820282135269 0.9999701852571428 -0.00018158085589038535 -0.0035561743144337556 -0.025302471968288838 0.0003768644806901582 0.9996797701691563 1.1591658331526191
0.9998330221865278 -0.008709701335673942 0.016064521405813867 0.027276120634834526 0.00873748544126137 0.9999604493327472 -0.0016601561415296997 -0.005464854757852075 -0.016049426579109863 0.001800242454191295 0.999869579011977 1.423913237381197
0.9999744578781214 -0.007105398663207582 0.0007725938092576779 0.011901861705752713 0.007107205207422389 0.9999719557039625 -0.0023612369072846828 -0.0061572706701350805 -0.0007557946128436372 0.0023666675790281915 0.9999969138247746 1.6865401241743876
0.9998491465850358 -0.0028628704122273187 -0.01713149281816164 -0.014844453600916432 0.002834197284125015 0.9999945424644788 -0.0016977535193836194 -0.006998931710918639 0.01713625977074895 0.0016489433770492119 0.9998518038123495 1.9661744700267234
0.9994049446322425 0.0004917954722792045 -0.034489343018358994 -0.045752577840113356 -0.0005452413816211375 0.9999986651741756 -0.0015402472863601713 -0.009097944847592923 0.03448853949445164 0.001558135770983284 0.999403878747956 2.260023863242949
0.99856404332975 0.001626508650858766 -0.0535462962169203 -0.08249402125151828 -0.0017119846137436713 0.9999973325710192 -0.0015504707444081492 -0.009966606604812585 0.05354363153189926 0.001639914770847017 0.9985641642888659 2.5776868587355777
0.9972707461859759 0.0009696781691477849 -0.07382491805559403 -0.12023896090317174 -0.0009994373110052265 0.9999994335246017 -0.0003661632654027887 -0.00836518295946111 0.07382452117506937 0.0004389472905007967 0.9972711503891747 2.9055162128550234
0.9956902729343892 0.0005706657321282374 -0.09273917578059324 -0.1661423953951206 -0.0005208140524857486 0.9999997065957161 0.0005617483462233698 -0.00954960642451613 0.09273946914105305 -0.0005110274982091099 0.9956902780053303 3.2344230757356223
0.9938038724383933 0.0016591813248916243 -0.11113554896514889 -0.22135005730417973 -0.0015189024923608757 0.9999979394168134 0.00134688431055357 -0.011806062146050103 0.11113755468640012 -0.0011697347812415946 0.9938043447574926 3.5874303995746635
0.9917527766965303 0.0022053322831183555 -0.12814665982476217 -0.28149935619660266 -0.002082022272488209 0.9999972317568144 0.001096203432303158 -0.015180760814133389 0.12814872257646245 -0.0008203585979107991 0.991754622834596 3.9376896242485446
0.9899358550749205 0.003955846981300111 -0.14146149338864794 -0.3502526279948779 -0.003814095840189859 0.9999919158206537 0.0012731717325561317 -0.022369507722770528 0.1414653862611197 -0.0007208106542444848 0.9899429402354425 4.316636730919433
0.9878537567197714 0.003905759982977597 -0.15533737597111005 -0.41880626742125454 -0.0037982572384836514 0.9999922976673533 0.0009888619305594424 -0.026340907438087743 0.15534004176832492 -0.00038683966029098583 0.987860983022658 4.682465393627046
0.9858937974054648 0.001462847872814039 -0.16736570829633415 -0.4876922702794863 -0.0015392939479279518 0.9999987618106525 -0.0003270341019776941 -0.033752351172430625 0.16736502266475659 0.0005800459145510969 0.9858948284351443 5.055930283212747
0.9840302398348052 0.001980800435653149 -0.1779903467053483 -0.572871441002062 -0.0023556314753832006 0.9999954307275998 -0.0018946039888646715 -0.03707016169808078 0.17798578058656306 0.002283627280567968 0.9840304095684419 5.46865852598803
0.9825181994242901 0.0028472495962632385 -0.186144784965327 -0.6586804519523658 -0.003476802431889583 0.9999892872145953 -0.003055699739054067 -0.039944787743844606 0.1861340904963431 0.003649469246647687 0.9825175732419839 5.8845842839095654
0.9807039023772978 0.003306144617284823 -0.1954710343496178 -0.7461990753147993 -0.0044299987046793506 0.9999760756254155 -0.005312559483905322 -0.04595556564446774 0.19544879373742988 0.006075984246448611 0.9806950858661527 6.2847807260434525
0.9789022181904758 0.0016952613257796313 -0.20432222911568707 -0.8427799375102828 -0.0031254611540395567 0.9999728227066349 -0.006677225524099818 -0.048573706638240344 0.20430535654833085 0.0071749520669072255 0.978880912751136 6.709202481337526
0.9772133579770008 -0.0016105355466643672 -0.21225329011953414 -0.9375556207740638 -1.9597879632201492e-05 0.9999705250282667 -0.007677805064983946 -0.054329360909269396 0.2122593993377851 0.007507013383877088 0.9771845230778152 7.141388675684578
0.9742164431037601 -0.0017117470247450118 -0.2256089357901886 -1.0555141718862393 -0.0004461369407078688 0.9999546472614737 -0.009513379105867524 -0.05955213695011889 0.22561498830549426 0.009368742834825682 0.974171496046567 7.612405376296918
0.971511296001119 0.002148106449887551 -0.23698351710806084 -1.1900701493688097 -0.0053015074679422115 0.9999056786781941 -0.012669955235423417 -0.06348871006127552 0.23693394809691995 0.013565374516769958 0.9714310499739166 8.094652830487865
0.9689573137994414 0.003732700799430843 -0.24719990084810514 -1.3314463760528192 -0.00776696271527628 0.9998520653535535 -0.015346716209436577 -0.07129280956543384 0.24710604671830796 0.016790305327045237 0.9688429631897391 8.595396407375029
0.9657207455877028 0.0027933703034545023 -0.2595681772172373 -1.4738707334537855 -0.007094994306689875 0.9998525643565199 -0.015636834893261262 -0.08213679326343915 0.25948622814577144 0.01694245059130624 0.9655981828745546 9.086748632650693
0.9626476185075347 0.002476045111786536 -0.2707460651281505 -1.6191848026843858 -0.007254898473856483 0.9998350367138544 -0.01665130047592665 -0.09294066708257989 0.2706601725963877 0.01799356996290503 0.962506780448888 9.572196193861902
0.9597127635487219 0.004409954766955688 -0.2809483293786036 -1.7745393922011377 -0.010021588583216806 0.9997778875286113 -0.018540317448637336 -0.10235210004809817 0.28080416528951924 0.02060892786587678 0.9595437941273318 10.066609896213993
0.9568693520206719 0.006767271000348311 -0.2904397479801062 -1.9452014542241587 -0.013467387379241112 0.9996871619702276 -0.021076234699058748 -0.1150943726416669 0.29020625878970496 0.02407866763590119 0.956661144357898 10.58817857593795
0.954128404753944 0.0069273341697617015 -0.29931755592179143 -2.1162655832590387 -0.015152819691972436 0.9995683747000222 -0.025168558857007278 -0.13226550947396493 0.2990140118741542 0.028549541867716882 0.9538215474406451 11.11066718884188
0.9514287712995134 0.0067096431912202345 -0.307795831407355 -2.2995662351499138 -0.017202465775261834 0.9993591798544988 -0.03138956533299642 -0.14901128926417406 0.307387976854576 0.035159782831951876 0.9509344989832164 11.655168518927232
0.9497439412268696 0.007200720199718875 -0.31294503627867015 -2.478496331414874 -0.019902331816049206 0.9991017201632801 -0.03741189590302467 -0.16612252457645765 0.3123945314680407 0.04176005741591167 0.9490341165171479 12.165199187556842
0.948744510519014 0.006406358409617713 -0.31597913274766143 -2.6630933450216236 -0.021493249962857792 0.9987877222149624 -0.044284604081796436 -0.19064008666383137 0.3153123752187199 0.0488061935063048 0.9477320620878849 12.688724192329312
0.9475582824077013 0.007191479565051905 -0.31950208772750244 -2.869354292136624 -0.024609230855401825 0.9984202341565094 -0.0505116004851041 -0.21825239509685113 0.31863409609969984 0.0557253860329982 0.9462383389792451 13.259197881000862
0.9472379788808397 0.0066152083314172435 -0.32046286896374454 -3.0723809660386223 -0.025880381295627634 0.9981011815080731 -0.05589487754867696 -0.25244564184634927 0.31948461188253663 0.06123945207887324 0.9456105500042523 13.833311980086634
0.9464187314626351 0.007831163127651596 -0.3228471118358114 -3.2787461522018377 -0.029044205679755918 0.9977187014824407 -0.060941175149686916 -0.28617052070236887 0.321633360914394 0.06705270759828341 0.9444871177261501 14.403089715076238
0.945506039297938 0.008247200734354119 -0.3255000972828946 -3.4800327749419053 -0.03125595290589747 0.9973615190438773 -0.06552149066096012 -0.3216192290473883 0.32410090258910246 0.07212478083528041 0.9432691137371096 14.96437353614491
0.9447587550407021 0.0107701460282758 -0.32758952780648026 -3.7036608184243676 -0.03530272232542461 0.9969894768438268 -0.06903405579195711 -0.36237531391317906 0.32585980508549545 0.0767853307422889 0.9422947524062949 15.569237090795092
0.9437779914645955 0.012798181469700578 -0.3303321198099308 -3.9298441083376723 -0.03868791995249324 0.9966598252206493 -0.07191966101765368 -0.39923960143634324 0.32830831192158894 0.08065605583099977 0.9411207430404365 16.182033834742544
0.943395830907336 0.014727972387292197 -0.3313418069848961 -4.160224028119483 -0.04137220452317201 0.9964364175201679 -0.07350378583764683 -0.44292271504204994 0.3290784813985105 0.0830515061207982 0.9406432907385867 16.803148401918452
0.9415754866075692 0.016245737896886263 -0.3364099865044214 -4.3878001920068765 -0.04351646950872121 0.9963317948061134 -0.07368359071004409 -0.4886152135613739 0.33397892134267376 0.0840180376979517 0.9388285516749955 17.42301015588937
0.9398606727997223 0.016955385076606395 -0.34113696756780443 -4.61692447427414 -0.044895047816622666 0.996234222279195 -0.07417418042223789 -0.5314969628256808 0.33859466978379393 0.08502875558698672 0.9370825792411958 18.018448646336935
0.9381224508889138 0.017534785480462767 -0.3458595067890022 -4.852479919945553 -0.04589611332887575 0.9962027685867982 -0.07398371875825885 -0.5776238352595943 0.3432489095677956 0.08527939468683102 0.9353649613505773 18.632337449919415
0.9348475916318367 0.017934430321452612 -0.35459601891335424 -5.140631611374879 -0.04646406715790087 0.9963141158301002 -0.07210598491687137 -0.6398691353570882 0.3519958392982806 0.08388407957849311 0.9322351582674665 19.381466301037676
0.9319419884142236 0.018641475582935815 -0.3621279133381384 -5.413452649422106 -0.04610800193012203 0.9966631881145249 -0.06735385375316807 -0.6948036639402746 0.359663985392693 0.07946687892123422 0.929691794502868 20.07105469755649
0.9296758145561995 0.019647326533453933 -0.36785440379225404 -5.640736004292306 -0.046885410024895456 0.9967665270893086 -0.06525525880046851 -0.7338634429749835 0.36538286516483537 0.07791324043066447 0.9275909059545211 20.62165910997816
0.9263889139793412 0.021583732001664704 -0.3759490957151741 -5.916380265134061 -0.04885110968323146 0.9968078784793524 -0.06314762453338696 -0.7795895969735182 0.3733860591116033 0.07686478982195319 0.9244861572499251 21.28473324789995
0.9230362599724762 0.021815608258183572 -0.3840939234254413 -6.1968909860453545 -0.04986271689025941 0.9967535476012349 -0.06321451422477758 -0.8237710443364789 0.38146791770782656 0.07750125534904737 0.9211274521905081 21.94216832459725
0.9193015967016793 0.021604795905033503 -0.39296031236709505 -6.501548858418673 -0.0502575952498919 0.9967616575712772 -0.06277238338201085 -0.874838553492657 0.3903315877833117 0.07745599260006908 0.9174103884243393 22.642855671732324
0.9160246615283465 0.021405396150122755 -0.4005504069246898 -6.8032315478782515 -0.05091327618687848 0.9967032256487768 -0.06317054922384517 -0.921374371066378 0.3978776919856112 0.0782591144658558 0.9140945537652126 23.315393068629824
0.9126249955623766 0.021452400036930004 -0.40823450614497037 -7.128656151256353 -0.051411620927323605 0.9967163967970873 -0.06255613150968169 -0.969090906833409 0.4055520468551447 0.07807828692080106 0.9107311998625697 24.037256837527394
0.9090446720619872 0.02048520807424469 -0.41619483471791074 -7.442428235982174 -0.050502681372743045 0.996844466216479 -0.061242055384728655 -1.0191974631112601 0.4136269616089808 0.07669071928035281 0.9072107088247938 24.721240927373014
0.9062230920586662 0.02142159298183392 -0.4222568208729739 -7.769866044068492 -0.05140260367985544 0.9968893816005793 -0.05974389665017178 -1.071346133056771 0.41966353159949676 0.07584639876840125 0.904505303488765 25.416207479421338
0.9034782972370328 0.023510113309669827 -0.42798859914002196 -8.115712663288212 -0.05256939259879037 0.9970343551816692 -0.0562045687579535 -1.1199988040184523 0.425397961188657 0.07327870877437569 0.9020348138829755 26.14021710287711
0.9007115067535575 0.024383607143131224 -0.43373289165617324 -8.460130524030209 -0.05268721289248756 0.9971847866805346 -0.05335315183303393 -1.1712731323008965 0.43121089874834795 0.07090797497874635 0.899460516023386 26.851669264994968
0.898075204857197 0.02464472263227531 -0.43915095817620853 -8.829758568995457 -0.05312863159705011 0.9971967464067374 -0.05268773538920045 -1.2185792267735347 0.43662143204992676 0.07064903822555332 0.8968670127017025 27.608677964009132
0.8965212610107929 0.024341959236129546 -0.44233143408101216 -9.188794533144499 -0.05259900175843525 0.9972751169889724 -0.051727034021368856 -1.2651273127301872 0.4398669953174872 0.06964057764822412 0.8953587082143043 28.3388606174553
0.8954569401137857 0.02489987309461509 -0.4444511949831256 -9.559372113381292 -0.05300396780021178 0.9972953477368105 -0.05091727388567345 -1.3077146830430662 0.44198127539466003 0.06915190310025195 0.8943548325458545 29.07844914494909
0.8937187135857667 0.02345792906881447 -0.44801404726906136 -9.942740386619459 -0.05190933187555305 0.9973317154838535 -0.051330990193719145 -1.3543682907796541 0.44561449959672095 0.0691315763876137 0.8925517032056617 29.842971682570912
0.892730430411987 0.023212377348621076 -0.44999284900346365 -10.327147742520848 -0.05215496543893903 0.9972829221207282 -0.05202530947918313 -1.4022018006599486 0.4475625522722962 0.06991393841121332 0.8915154530457347 30.60095485564727
0.8920246475236504 0.021652724500544625 -0.4514678147243842 -10.714091659423728 -0.050896072541049935 0.9973109348827339 -0.05273034196004665 -1.4484736225970785 0.4491120328049601 0.07001470334887372 0.890727973797144 31.362393152242266
0.8915704685976935 0.02224563737558368 -0.45233530830816565 -11.127950168572273 -0.052054015844470176 0.9972070428468772 -0.05355831523722537 -1.4962994997401267 0.4498805163140019 0.07129688151904257 0.8902383252403295 32.16609222692546
0.8915248605119387 0.021178514444494756 -0.4524764011692683 -11.545175216670032 -0.05126837239585076 0.9972054386622496 -0.054340289788615326 -1.5479435058715827 0.45006108150011 0.07164344790945401 0.89011922757044 32.98304900816283
0.8911382960309667 0.0213701916231223 -0.4532282562429403 -11.969139287606009 -0.05119593899939978 0.9972470574996906 -0.05364030330058635 -1.5971612125653722 0.45083424135373196 0.07100437464128666 0.8897791105689125 33.8070875009307
0.8914795700493958 0.020906877190274058 -0.4525782569575072 -12.376926058877595 -0.050893362759541254 0.9972332891453203 -0.054181478822858745 -1.6475794651621107 0.45019333825765384 0.07133491085406184 0.8900771251312287 34.6106917006228
0.891248351333466 0.018951700995025737 -0.45311942054471044 -12.804950657526454 -0.04902028014699184 0.9972984364108652 -0.05470686306812077 -1.7035416425889325 0.4508585015053941 0.07096944245123261 0.8897696049306653 35.44770789919088
0.8902079609296083 0.01729686982863813 -0.4552258830423424 -13.224582951220341 -0.04777392322305286 0.9973134718292661 -0.05552919203206274 -1.7562954344169324 0.4530424246772338 0.07118045519654252 0.8886427314959517 36.26725178265092
0.8894643100327319 0.016527400921436473 -0.4567056888158704 -13.666418903680292 -0.04653533804817036 0.9974268631733876 -0.05453544657228922 -1.8121378589166082 0.45462919339912505 0.06976028697531715 0.8879447048495659 37.125175300550595
0.8880259572452152 0.01788715849521099 -0.4594452620494488 -14.10417948241326 -0.047238730763266616 0.9975046326465377 -0.05246913535185931 -1.8660344183516486 0.4573602536016822 0.068297565181076 0.8866549729267534 37.965286562859674
0.8867307358914303 0.017886267289380538 -0.46194012974399123 -14.549242686254669 -0.04575633193195767 0.9977402800842882 -0.04920052423967616 -1.9215245791705198 0.46001626070561363 0.06476430297454984 0.8855453827707791 38.814217656974535
0.8848750350654944 0.017932121504750972 -0.46548320199141346 -15.001662927514264 -0.045564879868626104 0.9977988843149802 -0.048179126002226985 -1.976218031800435 0.4635946656729323 0.06384219199024764 0.8837443977086828 39.66392560111147
0.8816616291799312 0.015321546324800534 -0.47163335531958167 -15.471793998883257 -0.044191296358241886 0.9977611948350182 -0.05019688643307603 -2.03595329533678 0.46980836620686933 0.06509875804970541 0.8803648395650625 40.538755478193224
0.8781472822053173 0.013459291285030262 -0.4782010019160556 -15.939357938264262 -0.04320528319823625 0.9977504343414516 -0.05125791914626307 -2.0942658464107184 0.4764353620998077 0.06567281210325432 0.876753344727738 41.394244900908646
0.8734669575149346 0.014080971286269943 -0.4866797719006192 -16.416133222355604 -0.044445629222846436 0.9977141705532173 -0.050902062043603376 -2.14858152812091 0.48485055447280734 0.06609205795661707 0.8720961986515424 42.252969586581706
0.8695152307977965 0.01665571106057634 -0.4936252127877195 -16.900221479816278 -0.04611744017216082 0.9978028258325334 -0.04756787227297579 -2.2022291018919424 0.491748355485427 0.06412572065620446 0.8683728731528297 43.1000871818319
0.866588479702398 0.01833263269908071 -0.49868659639638113 -17.381236898175242 -0.04691977515011356 0.9978912765802803 -0.04485013740047361 -2.255291531391524 0.49681278319599353 0.062264875357613714 0.8656212472841408 43.92997645121073
0.8645452554521744 0.01835973187597234 -0.5022194953609201 -17.875861356049402 -0.047907064711153455 0.9977923375923771 -0.045993088531882775 -2.309716229321796 0.5002663434870432 0.0638229683372895 0.8635161922550854 44.77605539475545
0.8634362406299791 0.015696225027848048 -0.5042137313547147 -18.35340518125593 -0.047153356839288785 0.9976509553837623 -0.049690362854918776 -2.3618996597792186 0.5022493596865564 0.06667983009682876 0.8621481200772304 45.58978215375186
0.8629621582531338 0.015582267415379568 -0.5050282233353786 -18.836813086856665 -0.05002583771450438 0.997248229707671 -0.054711826014843826 -2.4203026774812644 0.5027859673698695 0.0724786954015597 0.8613670006035944 46.406865588973616
0.8611535172122993 0.014476307045246998 -0.5081388160013147 -19.31858624681246 -0.050294948517524474 0.997116273484648 -0.05682917653554487 -2.477012270300548 0.5058508060154752 0.07449546084440509 0.8593982710984901 47.230708362228555
0.8603736682516762 0.014557516270282879 -0.5094558172198991 -19.81942286508576 -0.049142882676823006 0.9973039826777094 -0.05449535041993212 -2.536696546321011 0.5072889985613396 0.07192249199812001 0.8587694842525633 48.07494620319967
0.8592460562467629 0.0163934372512326 -0.5112997849006736 -20.32246132676998 -0.049728906976642645 0.9974294384204132 -0.05159022371775373 -2.593457290209292 0.5091397162226629 0.06975507571087108 0.8578525390632573 48.916571215223996
0.8583016069005318 0.018172184483694773 -0.5128236766209762 -20.809624649396856 -0.05103912639683464 0.9974403139372701 -0.05007821591638573 -2.6479723803248287 0.5106009784250447 0.06915628564209311 0.8570321166604996 49.717827857370054
0.8573432797444304 0.0186738582116906 -0.5144062477230943 -21.315772558895343 -0.0521585610933777 0.9973497008288696 -0.05072532662519773 -2.7024548596390847 0.5120956797139887 0.07031970759363468 0.8560450651351329 50.55560730416732
0.8552788164568141 0.017138035823094606 -0.5178845757969218 -21.825536552814068 -0.0520337724965462 0.9972415449417125 -0.05293191439995541 -2.7598461589815675 0.5155488654240342 0.07221903329727462 0.8538113249363692 51.397419036733204
0.853479022657112 0.015075875616010578 -0.5209090859820664 -22.327928697946408 -0.051379534449662714 0.9971456535459313 -0.055323494594916055 -2.8189928482140068 0.5185881808564452 0.07398150842520286 0.8518174893057402 52.21755142323465
0.8520899103551715 0.013158775117753891 -0.5232299984789829 -22.838991567915496 -0.04983677509913306 0.997181587246914 -0.05608188569800207 -2.8800135331607626 0.5210173514563928 0.07386290471627635 0.8503441602011741 53.04838554685661
0.8502311461216705 0.012484842753944042 -0.5262614624557266 -23.352415908562485 -0.049053805228986426 0.9972477693097614 -0.05559326217503109 -2.941395856273274 0.5241189963712319 0.07308225029454395 0.8485035429122841 53.882561884626625
0.848734703087111 0.0129954721683883 -0.5286591732664384 -23.864521834543613 -0.04990293131986204 0.9972050790105448 -0.05560330782658669 -3.000848386963343 0.5264590214074772 0.07357409937398941 0.8470110688060621 54.6980221521431
0.8458442827855973 0.011898704302475603 -0.5332971686731898 -24.383202712515335 -0.04987519590265497 0.9971357339803064 -0.056857654306412375 -3.064336738512587 0.531093131298636 0.07469102258958538 0.8440150099565361 55.52186336672241
0.8425432104137384 0.010984268669054022 -0.5385167447977057 -24.91403961633021 -0.04969681265339003 0.9971126805735434 -0.057415407788650466 -3.1287682699810295 0.5363312086740852 0.07513752778238854 0.840656402176862 56.35252390845669
0.8391018385586587 0.009444226375156201 -0.5438923708930412 -25.450632935212056 -0.04910827300827936 0.9970817652300674 -0.0584493880877883 -3.1938840743802794 0.5417531560126096 0.07575460404402753 0.8371169320450457 57.17993850382104
0.8348710291742844 0.009120034642472314 -0.5503700478892286 -26.004269797008593 -0.04979679512494273 0.9970141887261416 -0.05901683381916243 -3.2602678033124595 0.548188511226527 0.07667810930685667 0.8328324103397814 58.01594346717382
0.8316780245923884 0.007056931856601185 -0.5552133491936898 -26.5560817537505 -0.049170808059336144 0.99692688013868 -0.060983828116559835 -3.3261200336177783 0.5530767533036395 0.07801919872524632 0.8294691733785988 58.840728840207554
0.8266475144446869 0.00757363556676471 -0.5626691096077012 -27.127503856194497 -0.04993046288402864 0.9969526477745779 -0.05993635767583213 -3.396071707188453 0.5605005225141257 0.0776405701908511 0.8245065834314677 59.677461152762994
0.8228958264158042 0.007127011847664819 -0.5681475728801223 -27.70129211900066 -0.04943634336508508 0.9970274492795073 -0.05909579797150577 -3.4602972647139993 0.5660375489507211 0.07671682400440508 0.8208020602389696 60.50165629722091
0.8194733766679276 0.006481889697029921 -0.5730805964595383 -28.26193176323982 -0.04909221837274845 0.9970547477820432 -0.05892184671688904 -3.5257738691311085 0.5710108046505836 0.07641868247517569 0.8173780312322146 61.30138973340857
0.8157634283191024 0.006122224127327346 -0.5783533067155401 -28.848660741527414 -0.04939273134029 0.9970285343670928 -0.05911395561585136 -3.5921523755641322 0.5762728408556236 0.07678945259305917 0.8136418086987958 62.128582866171136
0.8119650705353477 0.004590734461908014 -0.5836879726254673 -29.432499478087088 -0.049216532757912115 0.9969465816302727 -0.060623809505866724 -3.6553583837042467 0.581627421236153 0.07795151398667317 0.8097117415064254 62.93127674043863
0.8088782765364554 0.006201895021818376 -0.5879434243577796 -30.03871057780759 -0.05209749765898454 0.9967674207755262 -0.06116011460238921 -3.7206620733344065 0.5856635420487483 0.08010146926644746 0.8065866166359759 63.75078558501785
0.8060781605327801 0.0067246263765510135 -0.5917708834609774 -30.65073554550643 -0.05266459403759717 0.9967833726453417 -0.0604098382106205 -3.7882282688201503 0.5894611434581121 0.07986042460364241 0.8038394571897932 64.5766064433319
0.8047313279914641 0.007920509987395265 -0.5935863503068735 -31.261773710285286 -0.054466473682252575 0.9966785421034139 -0.060541613417828724 -3.8550196472790725 0.5911352577826121 0.08105028829160883 0.8024898490162551 65.38932976889473
0.8019234806146623 0.00794204977602576 -0.5973739658574188 -31.871371769838152 -0.05492877872236239 0.9966565045130706 -0.06048670333104384 -3.925369589280839 0.5948962602899225 0.08131873005121938 0.7996785001711137 66.20066998017849
0.7984910636356451 0.007564148336043727 -0.6019591389404821 -32.492724304608856 -0.056163621177085774 0.9964960195716238 -0.06197846911780602 -3.994653764372358 0.5993810715649044 0.08329745877192388 0.7961179965381053 67.01279972361401
0.7969359140172648 0.0060327259973679236 -0.604033736778425 -33.11400468958656 -0.05588563929709334 0.9963978595238356 -0.06378166552132415 -4.062743693776669 0.6014731450944606 0.0845867114466544 0.7944023816535412 67.8230097368697
0.7949579110520674 0.006206013574565475 -0.6066328420480102 -33.754873503949085 -0.05727223242711095 0.996249495245105 -0.06486011576222167 -4.135321381829964 0.6039551399305653 0.0863042792646235 0.7923318498786134 68.6556555205872
0.7930498112688166 0.007196747133361936 -0.6091142780112719 -34.38706713535632 -0.05839065324710481 0.9962239436172026 -0.0642525157263536 -4.208143872480235 0.6063518190455695 0.08652202606554815 0.7904754332334698 69.47328194003452
0.7916294966151446 0.0072284741385536914 -0.6109586641095133 -35.019309123255326 -0.058108798586369 0.9962883463640373 -0.06350510551176765 -4.281872254097228 0.6082319521495905 0.08577458866610906 0.7891112800635017 70.28791512591017
0.789018391176619 0.008416216119138693 -0.6143119286578246 -35.66946523152787 -0.059837321221424974 0.996205019515076 -0.06320644019410751 -4.353070498325916 0.611448667816117 0.08662982395920724 0.7865276856072473 71.11754009250363
0.7881777457647585 0.007288253678641176 -0.6154045193525146 -36.33009730332983 -0.05913855359197856 0.9961997072861274 -0.06394352728840395 -4.426317838777503 0.61259976539355 0.08679299834289604 0.7856134564010584 71.95763371140967
0.7864241092079424 0.0071758658094107294 -0.617645227785644 -36.989833414591935 -0.059727277583307196 0.9961303054478695 -0.06447531993577922 -4.503495846882009 0.6147924631686544 0.0875952140143504 0.7838094830459754 72.79405473766893
0.7854599721016591 0.007274927411482574 -0.6188697016797791 -37.63650055959849 -0.05998725289078456 0.9961179162520032 -0.06442535535318636 -4.5750731461581955 0.6159985078851069 0.08772783111946253 0.7828471536196558 73.60533023068854
0.7849813748760548 0.005157757700400983 -0.619497892355739 -38.300787489928574 -0.05829294922568565 0.9961437617278627 -0.06557086274584834 -4.651112731331594 0.6167707622514791 0.08758426517455747 0.7822549605630906 74.442786158147
0.7833324214069863 0.0023261709630636174 -0.621598669964245 -38.99110526045059 -0.05658563661157437 0.9961078641542616 -0.06758097882761199 -4.734360788842961 0.6190221185886094 0.0881119282429223 0.7804152130753115 75.31230210972113
0.7818689794898477 -0.0009221174529406712 -0.6234420972399178 -39.66314903758927 -0.053870991316530725 0.9961587416181759 -0.06903388872334268 -4.813232128160581 0.621110952411949 0.08756089993310695 0.7788159433375939 76.15739047072616
0.7796502155127079 -0.004548260333758842 -0.626198734252094 -40.33987681490434 -0.05012998887487488 0.9963110603319958 -0.06965095315599999 -4.894518076399469 0.6242055155687054 0.0856947162202591 0.7765461286656036 77.00591254240794
0.7745599189124561 -0.006017911223045912 -0.6324719098575374 -41.02519955661079 -0.04908059673455677 0.9963677654320959 -0.06958714703184495 -4.977727325055594 0.6305933927964272 0.08494151371598772 0.7714511729261466 77.85504930398001
0.7689066644893988 -0.007479593318145558 -0.6393172897611815 -41.71659070139465 -0.04745812545746574 0.9965054155737466 -0.06873632998828512 -5.056799704825554 0.6375972613114417 0.08319262236514806 0.7658646877563682 78.68876900181587
0.7622095798250698 -0.005660776614520264 -0.6473055785569992 -42.43635691887967 -0.04972221035499616 0.9964955580115556 -0.06726295162013123 -5.140067608396733 0.6454178942517046 0.0834539302331478 0.7592569942439363 79.53744553508238
0.7552506972435051 -0.0043972302244441215 -0.6554212757300092 -43.148148603944826 -0.05155782972889708 0.9964803488470513 -0.06609617655587317 -5.22348676917877 0.6534050615864905 0.08371128196373735 0.752365766608996 80.35370200470216
0.7485770349464114 -0.0038098426806518447 -0.6630368827219103 -43.88076088708405 -0.05365060922359437 0.9963565004900301 -0.06629733072453423 -5.3032453712324905 0.6608736905648286 0.0852009919543768 0.7456451945055462 81.1762949777305
0.7400082722995469 -0.004771994144818388 -0.672580839007566 -44.62897516637837 -0.054651110695875305 0.9962417556083369 -0.06719836666263418 -5.38683576342777 0.6703737860536814 0.08648463709989457 0.7369663455801444 82.00436379876888
0.7321195084397469 -0.005176327882749122 -0.681156539270962 -45.387212420022294 -0.05538218536310015 0.9962082618472681 -0.06709629327803654 -5.466674621697077 0.6789210844467497 0.08684644297203742 0.729056826616934 82.82054511526931
0.7247490889417587 -0.006110650277880384 -0.6889857894262205 -46.160194503811724 -0.054177968416812605 0.9963591520732552 -0.06582695358355006 -5.550888909479628 0.6868795424354387 0.08503587497665582 0.7217793251061136 83.64271368484951
0.7143618676766115 -0.005640813176447813 -0.6997537447104462 -46.93873379605937 -0.05510291434743994 0.9964090780749425 -0.06428544127764976 -5.630960788243396 0.6976036058106369 0.08448153855459709 0.7114858247382347 84.44775192526704
0.705277467228175 -0.0051895931808547575 -0.7089123798769686 -47.715672587347356 -0.057032092991833025 0.9963167616599834 -0.06403320079720116 -5.7110198656465725 0.7066335928818989 0.08559193044896814 0.7023837888596501 85.22296743448983
0.697397163823753 -0.005004799431752235 -0.7166673899887125 -48.51233539144712 -0.05925799450406333 0.9961488819152262 -0.06462116639616694 -5.7926795108804345 0.714230835219218 0.08753489042486218 0.6944148306166608 86.00136278099683
0.6890670959135934 -0.0035579109897171182 -0.7246888150086186 -49.32591774782285 -0.06274990644061021 0.9959392994856286 -0.06455510035442685 -5.876541747194829 0.7219757520657473 0.089956950867983 0.686045742221052 86.77647053841437
0.6817803158403402 -0.003390471803540719 -0.7315491136168478 -50.14647821851264 -0.06524385562812376 0.9957225830507942 -0.06542000386296966 -5.953282925415739 0.7286417777175714 0.09233115564967125 0.6786428497088682 87.5412846674835
0.6746892555257731 -0.0024120947823223562 -0.7380979543914474 -50.97676591261526 -0.06767058047524563 0.9955808825888428 -0.06511066549931857 -6.032500675253136 0.734993265966581 0.09387698345378351 0.6715444966354773 88.30866064995324
0.6687411011271257 -0.0006385618880866001 -0.7434950785997136 -51.82565212445904 -0.07005206508977499 0.9954969261655753 -0.06386374692694594 -6.106398554392266 0.7401878463200657 0.09479167808202443 0.6656849779936876 89.06735447446299
0.6633973649595751 0.0008832106306923757 -0.7482667680070217 -52.684722601017754 -0.07078401148737457 0.9955890068911106 -0.061580460174697316 -6.185019808935352 0.7449117799326627 0.09381763851512193 0.6605336409457118 89.82642218595463
0.6588463953650904 0.002138928046974589 -0.7522744527772011 -53.56462739600841 -0.07336526978168799 0.995411819766344 -0.061423499243499324 -6.262136982041502 0.7486915015574088 0.09565946924516092 0.6559804123900705 90.58987814442145
0.6560075133147827 0.0022021188477467923 -0.754751146502697 -54.44071342037069 -0.07546693865500839 0.9951757128212688 -0.06269004530801156 -6.341875963985063 0.7509719592931525 0.098083899205016 0.6530089318471408 91.33925300861695
0.6518899582527139 0.0006115816132774565 -0.7583133312142188 -55.31218400283135 -0.07579374379043062 0.9950446464622057 -0.06435417584846387 -6.424238327515322 0.7545162627349432 0.09942724734616135 0.6487059671019373 92.08361618591674
0.64757289767291 -0.00026106853197244845 -0.7620034606501026 -56.190688569157075 -0.0772701053420552 0.9948227859762421 -0.06600723689790304 -6.506135128664952 0.7580756380599093 0.10162458534080133 0.6442001013927052 92.82029788732731
0.6452292145164165 -0.0028634166206310332 -0.7639836788700299 -57.05834518455381 -0.07690876869837188 0.9946697050622018 -0.06868201459460123 -6.592145897184213 0.760108085756117 0.10307268637582594 0.6415697306539969 93.54528350076231
0.6430367120943616 -0.002237946763298179 -0.7658320824391973 -57.92602458353798 -0.07842897314399828 0.9945456189474037 -0.06875978478808395 -6.675961760295794 0.7618088231770821 0.1042784897608815 0.639353824969194 94.27125645105203
0.641493237476731 -0.00023162724073513136 -0.7671286545426679 -58.784035303403165 -0.07984151936504977 0.9945488923821402 -0.06706588139239426 -6.755948223292336 0.762962487975066 0.10427102670579043 0.6379778953322893 94.98300064810007
0.6402534914613094 0.0006375152454027103 -0.7681634332913244 -59.641860540775525 -0.07947874460413581 0.9946876370264257 -0.06541891089689972 -6.838430425833683 0.7640409647576193 0.10293735143813365 0.6369029014309392 95.69519087631227
0.6384325968417076 0.0019166570465864244 -0.7696753508562681 -60.495916842103185 -0.08163836797976909 0.9945243996085905 -0.06524105652710213 -6.919851892089458 0.765335871473142 0.10448705665745636 0.6350932678178128 96.39822307029235
0.6363049105933511 0.0023782323960532536 -0.7714339924876644 -61.35752649536529 -0.08279243073935233 0.9944300899133478 -0.0652243028878097 -7.000266331165221 0.7669820559615831 0.10537143961055839 0.6329576490945832 97.10241484057688
0.6352207288646068 0.0025444172366791695 -0.7723264540086943 -62.213204807048065 -0.08251560929448458 0.994494443037901 -0.06459084292293418 -7.078759749155536 0.7679100206687486 0.10475843024626169 0.6319334390969206 97.80092640115434
0.6332122800246841 0.00234690898056953 -0.7739746122736701 -63.05579833335767 -0.082107391018971 0.9945561954330746 -0.0641587910246591 -7.156687458364039 0.7696106709018522 0.10417517047706232 0.629957894696206 98.48545504010023
0.6322172090870418 0.002258496195721174 -0.7747879062873437 -63.90368761052261 -0.08211465267536495 0.9945590387164207 -0.06410540011163984 -7.241480810313059 0.7704275334839714 0.1041499769678475 0.628962795360267 99.1752356455482
0.630161247437015 0.00223010630982598 -0.7764610929431509 -64.7468067179875 -0.08212692990151522 0.9945779126123462 -0.06379610590482933 -7.324079442551831 0.7721087809457791 0.1039701994300072 0.6269276098696784 99.85463754928514
0.629945397940317 0.002597871068212146 -0.7766350794805299 -65.56952839424063 -0.08106464172425591 0.994752001383563 -0.062425792790435704 -7.402911894391406 0.7723971254969391 0.10228248534968895 0.6268500408508857 100.51577783559995
0.6297746097770216 0.0023392512716326475 -0.7767744001855933 -66.39695924246526 -0.08030464965256684 0.9948333117818885 -0.06211155297735087 -7.481278155543505 0.7726157545147384 0.10149487510494277 0.6267086134744387 101.1755829283774
0.6284305296930368 0.0006617188200708432 -0.7778654327568055 -67.22141194869776 -0.07920051811342088 0.9948571427578932 -0.06313908008647856 -7.559133362106609 0.7738232015649924 0.10128587083993615 0.625251009665639 101.84043144355861
0.6272803897103252 -0.0004890332660450747 -0.7787933445602417 -68.02026965796219 -0.0784271768406287 0.9948766260232427 -0.06379401951137649 -7.634103315689735 0.7748344924031658 0.10109530077641508 0.6240282441871161 102.48039971285135
0.6269983473781363 -0.0023820952985655827 -0.779016943337611 -68.83167640406366 -0.07806406059164328 0.9947697404585769 -0.06587234557778995 -7.7146649272336045 0.7750993967414955 0.1021150776818198 0.623533027257583 103.12785263900935
0.626773920889889 -0.002346900219646765 -0.7791976284304738 -69.63483822101843 -0.07962013771544804 0.9945683355444144 -0.06704073092223006 -7.793098759539153 0.7751226262743778 0.10405920426263496 0.6231826347434104 103.76452385142129
0.6283718208427205 -0.002035437251352794 -0.7779104779895948 -70.44547906300666 -0.08050712692782822 0.9944568138473445 -0.06763318642807334 -7.87498857369096 0.7737360385070807 0.10512612609519945 0.6247247716615579 104.41105113417336
0.6304335147720328 -0.0011364572528857544 -0.7762424182670603 -71.23179787615616 -0.08361666550179578 0.994080818830089 -0.06936554536987924 -7.953336777281796 0.7717265297387036 0.1086371672081537 0.6266068378165417 105.04013450296166
0.6343919031266558 -0.00025094932357733885 -0.7730115460145323 -71.99341200649697 -0.08560141063026633 0.9938268255654256 -0.07057364440538909 -8.027834150202587 0.7682573213093701 0.11094222735724561 0.6304542096326783 105.65435127275973
0.6393848815185328 0.00013119650340855105 -0.7688868291712438 -72.76241756348782 -0.08701169687059351 0.9935884492097669 -0.07218696699980265 -8.106257406712643 0.7639476015364091 0.11305740304999112 0.6352968485065545 106.28295835370616
0.6427333723216935 0.002805556992876497 -0.7660848131597071 -73.53992253249469 -0.09044175833991491 0.9932781237055108 -0.07224165914792312 -8.184657897194207 0.7607326077225611 0.11571818274592803 0.6386667376101657 106.92477250125782
0.6467335764012051 0.004432800086372667 -0.7627031083184997 -74.30964820367717 -0.09224518954668601 0.9930972755813356 -0.07244740325522236 -8.265000227130082 0.757117234093111 0.11720986100291686 0.6426782572352003 107.5608284028548
0.6522163112569619 0.005504725882179311 -0.75801291633014 -75.08194772346945 -0.09340416445548 0.992936921589565 -0.07315689855790564 -8.350794791936694 0.7522563029930261 0.11851568561671538 0.6481238206315707 108.21425542511325
0.6572746907488698 0.006681474477967124 -0.7536214824431281 -75.8293699315563 -0.09529648945506214 0.9926712638363542 -0.07431245555811397 -8.431858897314282 0.7476018726558401 0.12066117790049832 0.6530944190154633 108.85773544522942
0.6643961884143459 0.006817959854399279 -0.7473494632659563 -76.57400780841299 -0.09583638878657896 0.9924804197860031 -0.07614461849498773 -8.516727186338546 0.741210558077013 0.12221346801733164 0.6600536166330278 109.504106756787
0.6712036174626199 0.006562762226797553 -0.7412439774170497 -77.31163160225542 -0.09824398345710796 0.9919271672867648 -0.08017864125148405 -8.60342295408702 0.7347338454294675 0.12663895510627526 0.6664298548459682 110.16000308108255
0.6782105704240391 0.006941045938813159 -0.73483484133945 -78.02821180236268 -0.10050035444247453 0.9914361187062957 -0.0833912542268836 -8.685225509220544 0.727962980461257 0.13040799210888504 0.6731000331838444 110.80528063355058
0.6848816222402236 0.009464042072737086 -0.7285928873007513 -78.76077218836973 -0.10339422623145612 0.9910601079719863 -0.08431782948198809 -8.775463190608345 0.7212813580702043 0.13308002965960225 0.6797373817925577 111.47376911568794
0.6928175095953337 0.011527409511630032 -0.7210208160851329 -79.45204215433564 -0.10514512345426819 0.9908011262529772 -0.08519173216702948 -8.862308470950829 0.7134061966452959 0.13483414643844252 0.6876564196910476 112.1229130346338
0.7035198680341082 0.014062654811550328 -0.7105364431335822 -80.14387595144318 -0.106129668617132 0.9906717808200662 -0.08547465195025047 -8.951476885688287 0.7027064029311879 0.13554211311046427 0.6984497454026748 112.78976609421105
0.712313094712345 0.014118228653060984 -0.7017198377707601 -80.82088279270978 -0.1054269089104363 0.9906063047721357 -0.08708797748992328 -9.0426963933575 0.6938985675002598 0.13601406017539033 0.7071102837999834 113.46206259590905
