1.0 0.0 0.0 0.0 0.0 1.0 0.0 0.0 0.0 0.0 1.0 0.0
0.9998672246045035 -0.005667448667997312 0.015277865926988932 0.021517803892493248 0.0056401820868817905 0.9999824246725453 0.0018272088124096203 -0.006885165814310312 -0.015287953025642499 -0.0017407962583097132 0.9998816170530754 0.34499824047088623
0.9996206517364812 -0.011382370158723594 0.025079758202635485 0.04362687075332301 0.011318417521601289 0.999932325148612 0.002690454923878803 -0.007799740192600661 -0.02510868468756522 -0.00240557112979712 0.9996818329752722 0.6945652858752633
0.9994983852113432 -0.01574983332665995 0.027475820462727132 0.05869969300037098 0.01567710012669399 0.9998730147144693 0.0028605903964664197 -0.007907360726657061 -0.027517385259780675 -0.002428414293562021 0.9996183753375504 1.0312989941803588
0.9993715017962956 -0.01955229295348635 0.029568720595886673 0.07652743667808297 0.019487401940628472 0.9998070238051963 0.002481192334333995 -0.009543282652768872 -0.029611527536095708 -0.001903415366286638 0.9995596702783293 1.392486573599168
0.9993106672928542 -0.0244666388575256 0.02792084915839469 0.094886731788585 0.024429322675541248 0.9997001531821388 0.0016768784160977879 -0.008342323050867479 -0.027953504759237212 -0.0009936350554941267 0.9996087305846482 1.748155972094216
0.999406889612787 -0.03036628338983428 0.01624062275847656 0.1101892158534319 0.030354800437352763 0.9995387324157198 0.0009531480393393322 -0.006544571515051648 -0.01626207504912459 -0.00045960185452476266 0.9998676580834247 2.119400564753787
0.9994423345388337 -0.033376992363821675 -0.0009981544526863288 0.10530677435066445 0.03337723396962064 0.9994427992665216 0.0002263776419176676 -0.005554712136145931 0.0009900424754675412 -0.0002595670336307201 0.9999994762202887 2.498991303647245
0.9992442541355283 -0.033737293973623086 -0.019305842961893947 0.08630855152990147 0.033741926390048985 0.999430575395986 -8.58320273571666e-05 -0.007535701934146365 0.019297745480249515 -0.0005656491719606186 0.9998136211616613 2.8953868294651848
0.9986898542139152 -0.035123990534829105 -0.037213980962784075 0.057179714127376116 0.03510982587842677 0.9993829248097346 -0.001034275363429977 -0.008805912226448583 0.03722734501647645 -0.00027365607992551005 0.9993067846739432 3.2888566243240582
0.997690535660238 -0.03742643713049578 -0.0566820682200677 0.025867035856572178 0.03740661166613186 0.9992991315012885 -0.0014110933454981104 -0.008163818340404994 0.05669515374039098 -0.0007124496386046594 0.9983912819921185 3.689877218216298
0.9961192580079484 -0.04122890251715606 -0.0777598959806745 -0.009841065075725915 0.041233028572495785 0.9991483498198721 -0.0015531925078169243 -0.010407135755361976 0.07775770817375098 -0.001659111044335352 0.9969709053779395 4.131312072332541
0.9940701862309332 -0.04413913025468029 -0.09937908244272545 -0.05660947020922369 0.04421467723736899 0.9990210105033656 -0.0014432219613321486 -0.010814999371371339 0.09934549392696651 -0.0029593501304769677 0.9950485993574446 4.5150476647413695
0.9916867983970938 -0.04839721414320987 -0.11922668974729755 -0.11379170621214066 0.04862728785091712 0.9988165124638815 -0.0009804620100281104 -0.01367339102396116 0.11913303807586756 -0.004825359330179069 0.9928665746947818 4.962371110964427
0.9891753729023698 -0.05214280421291358 -0.1371612540489176 -0.17871629868642563 0.05261120318020808 0.9986150494353991 -0.00021057318522378762 -0.021951689916681574 0.1369822723690508 -0.007007924796202762 0.9905487095780107 5.412146380639673
0.9870181314578809 -0.054046401880873327 -0.1512421720854493 -0.2572855361554595 0.05455745455551485 0.9985103348646392 -0.0007715704304434717 -0.024604168164610665 0.15105857250026047 -0.007489833925884787 0.9884964390739839 5.907136017398374
0.9846251855724718 -0.058023205553356355 -0.16476210593971102 -0.3351519983134075 0.058539349947087385 0.9982836105843466 -0.0017254988998715755 -0.029239550407377746 0.16457942898232464 -0.007946096903132681 0.9863318260605091 6.37687693296894
0.9821573116023309 -0.06374381583366973 -0.17692863309550885 -0.4130152840884084 0.06394342598337066 0.9979430189875652 -0.004579205989413926 -0.03422236330954937 0.17685659031992898 -0.0068159223108455414 0.9842130306307987 6.820791706371151
0.9800470800716848 -0.06712659344788101 -0.18708752308758453 -0.507629952566305 0.06697972732680434 0.9977289778124916 -0.007113575786311261 -0.04187324306282755 0.18714015328141503 -0.0055594321044106325 0.9823174923335555 7.317879315858409
0.9783325692535715 -0.07125465837998944 -0.19439176319190296 -0.6038228521529508 0.07091413900659259 0.9974443143927757 -0.008719207216213868 -0.05137675815289412 0.19451624309208612 -0.005254840119034442 0.9808852215364772 7.81552201607824
0.9765980891447663 -0.07499319566379972 -0.2015742862642016 -0.7029411008828266 0.07413696227879338 0.9971781963154649 -0.011804898013501836 -0.05767465059447234 0.20189077022703145 -0.0034154644146090676 0.9794020887766008 8.329502948810335
0.97370808406057 -0.08146117702195105 -0.2127360892591862 -0.8119866779062694 0.0803372172562159 0.9966703000350432 -0.013937164402583614 -0.0660136787888064 0.2131630797268177 -0.0035198957733761083 0.9770102925635548 8.872951432738548
0.9706209764942723 -0.08940220154570222 -0.22338792793722603 -0.9184643081323252 0.08796188308824507 0.9959886542463949 -0.01641059828359051 -0.07723270876508061 0.2239589853363235 -0.0037211518696657394 0.9745914661620466 9.395882688260464
0.9670905489411503 -0.09323883927614292 -0.23673273748922502 -1.045084255145851 0.09109148782914127 0.9956413274149787 -0.020017192320923197 -0.09403538510990303 0.23756727677392386 -0.0022058997658568405 0.9713685824713731 9.931740420545605
0.9634233938430861 -0.09307026781548956 -0.2513031823209232 -1.1897565489959012 0.08945139617376445 0.9956566795990142 -0.025811317138623724 -0.10797927027709749 0.25261395828107824 0.0023878062357364244 0.967564202760182 10.458025889492928
0.9602638100284773 -0.09382268595726784 -0.26285113419834516 -1.3519216768753206 0.08919098994607924 0.9955768237591903 -0.02952550263756059 -0.127313856316207 0.2644586592683835 0.0049083187881496584 0.9643845321989788 11.03258860782712
0.9565728080971629 -0.09911400612589392 -0.274125658410125 -1.5136441471555233 0.09378931039363018 0.995061564316262 -0.03249689948842559 -0.14869211310437508 0.2759928043717726 0.005375593934609072 0.9611446690924601 11.613548377141033
0.952752187958889 -0.103135615764889 -0.2857031905673213 -1.6727324261530399 0.09712082438028036 0.9946505520685375 -0.035182733569871415 -0.17017886185691322 0.28780342911654944 0.005772696991095059 0.9576721057638697 12.155025229710757
0.9490874612145258 -0.10679906924985039 -0.29635611985031074 -1.845244354689194 0.09958115695898792 0.994249446798218 -0.0393907440923226 -0.19549208503245424 0.29885880302255696 0.007873776019363104 0.9542648581537106 12.708266006198887
0.9457280295243075 -0.11048159817637457 -0.30560155535675104 -2.0289631950164306 0.10210717244800097 0.9938303300799672 -0.04330589276089454 -0.21997147030111147 0.3085005988758295 0.009751485914362666 0.951174163345345 13.279901451024823
0.9426124195552061 -0.11390575280137494 -0.31385873570610123 -2.2200230660627938 0.10365697240726679 0.9933949806304697 -0.04921020757473113 -0.24965726466903235 0.31739101841677775 0.013852506521964264 0.9481935717412451 13.857704681434878
0.9397981285100088 -0.11911161931380819 -0.32029970308061123 -2.427441039048635 0.10647514435781726 0.9926946770119194 -0.056747879838662585 -0.2869957931597772 0.32471914215682957 0.019227594146011866 0.9456150264987805 14.478613035513941
0.9385812066045635 -0.12387028557059049 -0.3220581794666645 -2.639021757773312 0.10853010523637543 0.9919505274826327 -0.06523317625494018 -0.32501742717090126 0.32754623317343035 0.02627362517025733 0.9444697781053186 15.102257471639204
0.9364570311170682 -0.13035753955376492 -0.32566108265019184 -2.8703704471982774 0.11238928687694316 0.9909437347481903 -0.07347899535649963 -0.373065723875283 0.33229035054707595 0.03220910499838418 0.9426270187558303 15.777550357633025
0.9349359459294888 -0.13543950673291472 -0.3279495647578708 -3.0955916511450234 0.11470501163464836 0.9900210182692964 -0.08186051362482913 -0.4247937028445309 0.3357641096288097 0.038916878098974 0.9411418274012703 16.425357582758227
0.9331417313316781 -0.14163941682763023 -0.3304312104630063 -3.317525691875354 0.1185518128678619 0.9889405817099093 -0.08911786304108818 -0.48150434769553296 0.33939943564045916 0.04398637798222896 0.9396133362394037 17.050901528037155
0.9317671929087157 -0.14504114175362795 -0.3328257282990851 -3.5543519113066804 0.11984014260645806 0.98822263876457 -0.0951543822073076 -0.5440598543384726 0.3427072197066706 0.048775848859805425 0.9381751852020652 17.703742513699886
0.9304529161663191 -0.149822781903978 -0.3343807781858076 -3.787292776265895 0.12295179231951595 0.9873353600078991 -0.10025838440495244 -0.614191444805053 0.34516695607055414 0.052172990144572245 0.937090044518862 18.359167502208567
0.9306098657577615 -0.1515821755178436 -0.3331487983163067 -4.0414213026475725 0.12327844695166618 0.9868390928408324 -0.10464716603075544 -0.690833883295043 0.3446269030001964 0.05631561867156334 0.9370490108965126 19.067752165953365
0.9306120421788212 -0.153600993509779 -0.3322167391095351 -4.310575341171777 0.12508603254994763 0.9864977026359425 -0.10571550101532504 -0.7781614737740481 0.34396905589409854 0.05682444444793611 0.9372599805286184 19.820174237175923
0.9300847882425647 -0.15587821024590853 -0.3326323349440281 -4.5575581966086585 0.12716122744958247 0.9861408644419425 -0.10656555593255325 -0.8560812600966408 0.3446335864556722 0.05681706652257672 0.9370162816293375 20.509435653454844
0.928169527984033 -0.15923216859872455 -0.3363724777761179 -4.803545118793891 0.13055171041422595 0.9857176125151138 -0.10638157399392081 -0.9390156649580566 0.34850764443526583 0.05482613301019256 0.9357010830972309 21.21517859342707
0.9260445118310184 -0.16153578200811813 -0.34109786460585884 -5.057759028238354 0.1330110005488847 0.985474307366415 -0.1055862834541958 -1.020864765008067 0.3531991447337262 0.05240783006107897 0.9340791098764889 21.917941999179213
0.9237359523874924 -0.16487533784088898 -0.34572823610261466 -5.343437665548883 0.1366675574542659 0.9850769472153549 -0.10462020265876977 -1.1147504446871523 0.35781820664446 0.04939160897085505 0.9324841017181005 22.6980349618108
0.9193979769939085 -0.16718401181977144 -0.3560293051019189 -5.658546881051136 0.13881295437170715 0.9848430208446166 -0.10399609604330565 -1.2143376296309218 0.36801946089589754 0.04619232063337616 0.928669987625527 23.537098832485302
0.9150953878232738 -0.1707468261584511 -0.3653025493223225 -5.959380063710146 0.14384186896316575 0.9845492447824624 -0.09986141062225432 -1.3091543407275326 0.37670936797185656 0.038836914850419096 0.9255170155794791 24.327898139289214
0.9120411159438901 -0.17144449859919023 -0.3725423287733839 -6.23809055525871 0.1454599086353163 0.9845971307304392 -0.0970046655434264 -1.39122021638117 0.38343502423178455 0.03428227030782607 0.9229313669688077 25.024305842459505
0.9078877727726729 -0.17211659604408155 -0.3822507938723924 -6.553917787734102 0.14677215116249817 0.9846222161315925 -0.09474717485626884 -1.4805559065320488 0.39268018500175 0.029916030256537177 0.9191883938783614 25.785568416393147
0.904055203377943 -0.17532186962184423 -0.38980306730138403 -6.86998915240388 0.1497029114035842 0.9841153226919046 -0.09542573007475079 -1.565356754220453 0.40034138877033054 0.027915473761153053 0.9159407725186894 26.548738009083273
0.8990974452592754 -0.17925945880867564 -0.39936177878693563 -7.212628865042788 0.15347690084330148 0.983485350827356 -0.09592395746385843 -1.6572683125510255 0.409961735819064 0.02495217697142748 0.9117613525636008 27.342028405827094
0.8947291042509765 -0.18334774420887925 -0.40723879321567685 -7.568656214664633 0.15715061562142993 0.982779746680434 -0.09719904075940106 -1.751517102881462 0.4180472628974516 0.022968983613941236 0.9081348532986121 28.144345966896775
0.8901955734815481 -0.18727212241203078 -0.4153083109223211 -7.936348924390939 0.16122706935399334 0.9821118436789045 -0.09727362753154659 -1.8451918184783929 0.42609584961764246 0.019633610796712726 0.9044649513749567 28.961325131246795
0.8853126654738428 -0.19163911278755585 -0.42366960570897483 -8.286355277617846 0.16591724557136822 0.9813391590706785 -0.0971849911069809 -1.9323607777082792 0.4343880200622596 0.015745009509432244 0.9005882203881738 29.72130817601583
0.8809161874636834 -0.19446849191932522 -0.4314726831620656 -8.680081196516099 0.16979955803228522 0.9808495178966969 -0.09540614935033251 -2.0290765353612095 0.4417632632490954 0.010780950442362713 0.8970668817602565 30.56245727304645
0.875425945317926 -0.19732299066915013 -0.44124035583522764 -9.066283883807824 0.1747808907425709 0.9803336230407038 -0.09163857139393244 -2.120338362933432 0.4506451536358172 0.003102400565667539 0.8926977767504974 31.364663029981106
0.8694944594196513 -0.20117181322102412 -0.4511200356932664 -9.462692358960416 0.1801078146562844 0.9795504922779517 -0.08967724448130823 -2.2145046355329034 0.45993538691675606 -0.003276376563860227 0.8879463414071517 32.16745642557704
0.8647407870098035 -0.20408876018525182 -0.45888032126875183 -9.898662946924572 0.1838197450520138 0.9789243667754571 -0.08897969129123427 -2.309152939882125 0.46736888280102556 -0.007406895389936857 0.8840313712137167 33.016581959514795
0.8603956718711794 -0.20849682099865877 -0.4650251213201235 -10.315600483039251 0.1888227839760709 0.9779596435488506 -0.0891116818454889 -2.402420596063345 0.47335530426611716 -0.011136032653455676 0.8808011947652394 33.826388840764686
0.8559879021816443 -0.2119653277711824 -0.47154576781212154 -10.727972327637248 0.19314025680644434 0.9771589863279291 -0.08864060378469388 -2.4856139621654703 0.4795639191175758 -0.015199186209450675 0.8773753086445742 34.61737769893543
0.8513682561277667 -0.2158167472204943 -0.47811632902164153 -11.167229373657806 0.1976428893532031 0.9762499302449733 -0.08873196709643154 -2.5789537190155034 0.4859108773695881 -0.018952712625108656 0.8738028461489852 35.44942047964273
0.8473110059160295 -0.21975684201811752 -0.4834986966267752 -11.603049892020083 0.20204049422182757 0.9753046045421215 -0.08922200991647547 -2.669219186505452 0.491165652247962 -0.02208752464990435 0.8707861065190888 36.252802305041875
0.8449220884154629 -0.22487886947984656 -0.48532067601650664 -12.076624595727464 0.20748008498141454 0.974077751844269 -0.09013627293226512 -2.761973010204859 0.4930098161738343 -0.024536247135226737 0.8696776953175017 37.11675322872093
0.8420551936232312 -0.2286797339292214 -0.4885167655078005 -12.535780670199394 0.21146537157349202 0.9731368771655418 -0.09103304304362514 -2.8515552356717593 0.4962110916912557 -0.026649532651775797 0.8677928064302068 37.95101776111436
0.8404582644190625 -0.23148957956032984 -0.4899413029380962 -13.010634362539301 0.21488956218555932 0.9724064402675666 -0.0908195518038835 -2.949072672225216 0.49744585819302606 -0.0289532292005809 0.8670117234994361 38.79381929573162
0.8393929727991201 -0.23404193643321958 -0.4905545935021349 -13.5050780892018 0.21905286521383177 0.9716677665579242 -0.08875580924055802 -3.04862544508547 0.49742866770730737 -0.032956386678825556 0.8668786519000276 39.68530846277136
0.8384177686579926 -0.2389042226120883 -0.4898779619626368 -13.982666244563971 0.22502872366727075 0.9703615270107416 -0.08809415657159625 -3.14511963516487 0.496404793211379 -0.036376906348610384 0.8673286585610281 40.548280956323836
0.8370719058339069 -0.24407362797321658 -0.48963117608214357 -14.460477811797466 0.2303509818272811 0.9690081133069033 -0.08922836721919487 -3.2384443090788473 0.4962348734569134 -0.03809646274114899 0.8673520680161048 41.409254921860715
0.8352610164777556 -0.24869510405871673 -0.49039757296480435 -14.969247804941915 0.23523104223857025 0.9677521750046582 -0.0901226083794154 -3.3411433826665267 0.4969963693226567 -0.040080830717159024 0.8668264739203112 42.33005647182164
0.8330151474508589 -0.2526902981669306 -0.49217210133217804 -15.48595858667205 0.24075588395204456 0.9665201668946661 -0.08874328892021432 -3.4468543883188985 0.4981188296580382 -0.04456882540761725 0.8659626154412741 43.26533186338977
0.829515273996993 -0.254884373937486 -0.49692893468602706 -16.006376205843004 0.24489851045865588 0.9656813612945518 -0.08651143290590617 -3.5537414946134196 0.5019254225289107 -0.04993460093759948 0.8634682425245166 44.20201653058098
0.8260876216296638 -0.25764439546836054 -0.5011971736492424 -16.51105074385466 0.2498783994030351 0.9646253188767675 -0.08401654416644469 -3.6552478378245024 0.5051138751826394 -0.05583332038879584 0.8612448045894612 45.09593653769227
0.8219790168064169 -0.259832425663813 -0.5067914822721625 -17.035658867881068 0.25303434318249435 0.9638254148788853 -0.08375076598902595 -3.7530484308381915 0.5102196753361833 -0.05939427756277551 0.85799079406054 46.00316526256235
0.8159295545180468 -0.2662193013902552 -0.5132116967015331 -17.55904157483318 0.25821544154641896 0.9620243983459903 -0.08850899803988042 -3.8540354740031852 0.5172849773683456 -0.06030207752905488 0.8536860732345997 46.89786759771481
0.8079475596310604 -0.27420199867731687 -0.5215687920184442 -18.085742292116194 0.26458097221742427 0.9597038633853503 -0.09468581595844025 -3.9534019592289917 0.526514624703528 -0.06149600413521 0.8479390257846996 47.78670075954219
0.8004959235271714 -0.2783940082310191 -0.5307570560976544 -18.635885217167008 0.26866276827340674 0.9582926685118301 -0.09744474547221973 -4.0591121702740764 0.535748628892367 -0.06459053845218499 0.8419034796117699 48.681032254936966
0.7933153333982249 -0.2817881916593756 -0.5396723050487232 -19.195596952919097 0.274272555552499 0.9568065802819236 -0.09641438274402983 -4.1713028959213 0.543530447229927 -0.07153029407565706 0.836336098684904 49.57492430113473
0.7868701320812843 -0.2855976877848904 -0.547055167209219 -19.750549236614006 0.28071005443977787 0.9550940331185162 -0.09485385199254681 -4.27848489424141 0.5495791667947387 -0.07892622272306773 0.8317051104759845 50.44993558914143
0.7817754214043218 -0.28983781640248213 -0.5521061769905645 -20.30406721736349 0.284405122177706 0.9536882270986836 -0.09794126797450645 -4.3909156644626615 0.5549242443497847 -0.08045374867842428 0.8280013752140812 51.29644855189346
0.7774839537711338 -0.2964521406661583 -0.5546483840442142 -20.83248817991681 0.28925541550977085 0.9516738301007186 -0.10319024033162721 -4.494919389844252 0.5584353196446978 -0.0802062927449051 0.8256615192543754 52.10393284699005
0.7758132277952543 -0.3029049104460538 -0.5535001813961555 -21.397638994345467 0.29272603990258644 0.9499015568036282 -0.10953765537472908 -4.611859839177582 0.5589501776910517 -0.07704315420406711 0.8256143477734808 52.962371960205076
0.7723444139870178 -0.30852846840526366 -0.5552425509329706 -21.958429413795745 0.2982159815595123 0.9479160376782386 -0.11190359178723891 -4.730685106609121 0.5608487626139036 -0.07915408830812579 0.8241257766740236 53.81120827120518
0.7700475741624027 -0.310504102149106 -0.5573274944547207 -22.552843600410842 0.3018895263555234 0.9469236897198712 -0.11044564149002459 -4.85930997605925 0.5620404321785374 -0.08320293501964238 0.8229142265149391 54.6978871375103
0.7660700591988606 -0.31186498507911803 -0.5620292656798719 -23.13297223351417 0.30632537851265046 0.9458586133414325 -0.10731377379863305 -4.983624439198433 0.5650676303577616 -0.08995395849780177 0.8201261235154262 55.57050592778857
0.7627233481598996 -0.31355530645791746 -0.5656289985174328 -23.702404150482025 0.3101478282260633 0.9448124533399764 -0.1055355516418576 -5.106000168033392 0.5675045540067576 -0.09493417617368533 0.8178790151213166 56.406247690273354
0.7594765536395429 -0.317296542516166 -0.5679069189392653 -24.281910957789822 0.3139789399366102 0.9433613610300828 -0.10717540665540892 -5.222596340399765 0.5697478299634716 -0.09691360390965043 0.8160852673766132 57.248480639751385
0.7545445861025589 -0.32224550974508165 -0.5716819911738086 -24.882037051027606 0.31812547303151745 0.9415461498947268 -0.11084688099757214 -5.34639694837882 0.5739848874245658 -0.09822768992269498 0.8129530551887111 58.12497176353153
0.7497312013212107 -0.32846966103023195 -0.574465671340019 -25.454283620789646 0.3235990357102166 0.9392163472291426 -0.11470099033994755 -5.467461075305351 0.5772233448613043 -0.09990162601395094 0.8104522658780691 58.95353260324354
0.7457456738389762 -0.33231173354012494 -0.5774359719501447 -26.068621164538126 0.3277042857533227 0.9375881028386015 -0.11635484740403651 -5.6002316271923736 0.5800631784981323 -0.10245711867444343 0.8081022508219953 59.82934725959641
0.740619617206848 -0.33681822960294255 -0.5814086882869239 -26.665495922438808 0.3335953446740499 0.9354323889268068 -0.11696320685792251 -5.730329805101534 0.5832638584896065 -0.10732998627516367 0.8051605712067559 60.6755606076791
0.7364184776162261 -0.34036684623870384 -0.5846693388633601 -27.284800162875506 0.337689638171198 0.9337967693773193 -0.11827637875876677 -5.866981054332874 0.5862196978072347 -0.11033586670707048 0.8026035524596152 61.54955005336652
0.7308278568295433 -0.34411294632580125 -0.589471732870129 -27.91214088124122 0.3409864560469229 0.9321930694635705 -0.12142618348876337 -6.008252600878983 0.5912857857876311 -0.11226023968913994 0.7986105171549148 62.42122419125483
0.7246746712413823 -0.34795330750572767 -0.594789976930529 -28.533650527457578 0.3443916352453286 0.9305010827307271 -0.12474829301434757 -6.151767799985508 0.5968592986912772 -0.11443876455454018 0.7941427747785581 63.26674526180067
0.7175378596399684 -0.3519394455699442 -0.6010640952803733 -29.172210823708816 0.3480215520152579 0.9286659910769477 -0.12829838794763512 -6.3005680463874025 0.603341047266125 -0.11712430861691793 0.7888355196204243 64.13442067430132
0.7103955537531237 -0.35598122748255495 -0.6071371532757707 -29.81904351697312 0.3518634149927245 0.9267444573675225 -0.13166946467664575 -6.451885752843948 0.6095328493177795 -0.12009194984923073 0.7836119123545527 64.98435351372206
0.70278083767709 -0.3609549623703691 -0.6130339381584785 -30.45057871826077 0.3559834012794773 0.9245060186403427 -0.1362513835205988 -6.601477227531086 0.6159341784698934 -0.12247504496013904 0.778219089430881 65.80746463075207
0.6951534530359764 -0.3650669979573227 -0.6192638886085533 -31.128455820374203 0.36042707965363735 0.9223507429635938 -0.13914534561693856 -6.761411966996311 0.6219758813527332 -0.12647210742663703 0.7727553358331187 66.67301407420496
0.6882271752472569 -0.3678852753846247 -0.6253029501020771 -31.807247903274497 0.36453497781980093 0.9205490773905488 -0.14036967643094073 -6.924904993761912 0.6272619908755027 -0.13133857114567898 0.7676539419115312 67.52436257061458
0.6806093577613996 -0.3724588919628734 -0.6309082943862792 -32.4905277310754 0.36985326106129934 0.9180241183604292 -0.1429695190971809 -7.091811077907938 0.6324392993876469 -0.13603709753719914 0.7625709414105137 68.37511226161698
0.6754304787547949 -0.374893878993808 -0.6350183051393439 -33.19910789149329 0.37235559274352015 0.9166738414685953 -0.1451219518881642 -7.265938233344747 0.6365100006454656 -0.13843282797149284 0.7587432841337871 69.23416782178803
0.6689346342676077 -0.3786562374072139 -0.639645142989356 -33.874673581682735 0.37588420379361065 0.9147081452355286 -0.14839162502723202 -7.43472978602129 0.6412780367482621 -0.14116820786703688 0.754210856904025 70.04768292119293
0.6624553289815303 -0.38051754481733846 -0.6452591225160303 -34.55893798166673 0.3777587544106029 0.9135261033915568 -0.1508919543527373 -7.60259196573641 0.6468780878729178 -0.1437931031323256 0.7489140691170477 70.85878719342968
0.6560700425636659 -0.38313760894991333 -0.6502135586548878 -35.294143516537716 0.38189432153087166 0.9116455841070086 -0.15185208645476914 -7.790522388491197 0.6509445647925676 -0.14868726100892019 0.7444214343909505 71.72637100147239
0.6511090470293776 -0.38477049549693204 -0.6542237191294287 -36.00874912500731 0.38298819703002723 0.9107456434165709 -0.15447463847967297 -7.97258792351066 0.6552686852064467 -0.14998012799295135 0.7403572863118408 72.54790138460444
0.6451928026155018 -0.38872064302029175 -0.6577404572801077 -36.722861371002836 0.3875337294998751 0.908433202429362 -0.15673775940676074 -8.15901354786976 0.6584404725964769 -0.15377053818539113 0.7367569243876188 73.37560065226361
0.6408794730427836 -0.39227137664745576 -0.6598459426983804 -37.41650760582862 0.39030845271214504 0.9066877949810486 -0.1599267150098934 -8.337835444012887 0.661008935472022 -0.15504970008198762 0.7341844303243091 74.15432151033231
0.6363115951564452 -0.39629709510289973 -0.6618581164286372 -38.13563858820518 0.3935797168163357 0.9046708117673465 -0.1632964446856797 -8.519636706625489 0.6634776261338684 -0.1565865088352553 0.7316270257928922 74.9634202299416
0.631313426372496 -0.39962784132770945 -0.6646359500640739 -38.84654291737068 0.396250199334947 0.9029165024296723 -0.16651597270887356 -8.699724105072358 0.666655186141107 -0.15823835842147319 0.728375922663046 75.7524745399611
0.626489630356551 -0.4012222005989328 -0.6682301166531347 -39.555560110841874 0.3990484722544791 0.9015575064096083 -0.16719563220328318 -8.889663440591935 0.6695304771607328 -0.161909877348601 0.7249235351193136 76.54455188228448
0.6216418824812412 -0.40369585335049646 -0.6712607749100146 -40.31353181432557 0.40235218729880456 0.8998353728601637 -0.16854975267106753 -9.091468933531475 0.672067025914117 -0.16530565549074483 0.7218032647070314 77.37415501405891
0.6157136893191995 -0.40700704004502297 -0.6747161789513643 -41.05509089459443 0.40598992350656304 0.8977278014569293 -0.17104670854022067 -9.288378650306338 0.6753286864898274 -0.16861216991989983 0.7179840536939712 78.18301999369073
0.6101962521708516 -0.4107221131907846 -0.6774716817496826 -41.80356496931725 0.41066903556104434 0.8952482600665179 -0.17286265090884856 -9.486254774034727 0.6775038576037842 -0.17273650043916322 0.7149479871627186 78.98797571178544
0.6043107403574153 -0.41414933811934 -0.680653255941662 -42.547106106698294 0.41462006793062817 0.8929664894651883 -0.17521714516969922 -9.687062591878668 0.6803666132004673 -0.17632689649492145 0.7113438670675353 79.78662516415004
0.5983979881948459 -0.4183545842014152 -0.6833002924059248 -43.2682310992546 0.4201093010839962 0.8900399449879706 -0.17702279929016743 -9.884329699505548 0.682222854254442 -0.18113072131328714 0.7083527644679952 80.55460235715675
0.5939567859841084 -0.4210905432281204 -0.6854911310784955 -44.03147310480214 0.4228744324602421 0.8882818957024259 -0.17925537129674274 -10.098193659300373 0.6843921030775098 -0.18340672880554681 0.7056694843012501 81.3607157541158
0.5884368921060704 -0.4262203973276442 -0.6870794691376058 -44.82704660435037 0.42732567315550124 0.8853357181368061 -0.18323055218326362 -10.32379883051148 0.686392593980112 -0.18578707999495303 0.7030991166515589 82.19231133928042
0.5827589513372381 -0.4310287360228732 -0.6889167100302087 -45.57563464024237 0.4325750382678872 0.8821954130287462 -0.18603787114073267 -10.530834257937448 0.6879468299976812 -0.18959293750971884 0.7005595457508073 82.97504976687509
0.5753969831613635 -0.43623842230992604 -0.6918195940195307 -46.387123658693184 0.43939911457531566 0.8783168511962408 -0.1883823957145394 -10.762029686465699 0.6898164465125708 -0.19559025488318005 0.6970636429448192 83.81773238186221
0.565044926839011 -0.4399405155738028 -0.6979803531691657 -47.172986667360426 0.4427613520160884 0.8755297896586609 -0.19341657783433738 -10.988117813215643 0.6961943807690365 -0.1997496687779917 0.6895023234251647 84.61509165683441
0.5539713814275192 -0.4428224500517743 -0.7049992810559669 -47.96419041439571 0.4473974378227859 0.8724876876733031 -0.19647078023996184 -11.213638426969082 0.7021048648093051 -0.20657568247167146 0.681450839182454 85.40716697349698
0.542585260215611 -0.4445600251470192 -0.7127184713742445 -48.78371468206364 0.44989133486983746 0.8703170136308709 -0.20036487365224154 -11.456723140934571 0.7093652248354114 -0.21193083736427937 0.6722248864541404 86.20637453072918
0.5309885348131599 -0.44736399173792135 -0.7196642514348528 -49.59888244591565 0.4531617767078548 0.8675508073744254 -0.2049390171611136 -11.698889661044868 0.71602763915086 -0.21730406236491748 0.6633877934147945 86.98870828368398
0.5225413666410585 -0.45069558385742337 -0.7237568727413312 -50.4356623405558 0.45454234775586433 0.8654343256688102 -0.21074791114210145 -11.948932297663843 0.7213471939679824 -0.2188536466353449 0.6570854640828161 87.7718781051776
0.5118946967771477 -0.4543328979201975 -0.7290716269879576 -51.26949364482387 0.45714767934129663 0.8626170688709273 -0.21658206704479713 -12.202067136734701 0.727309988027319 -0.22242619081386392 0.6492663328370998 88.5429058672762
0.5022444541476917 -0.4575802695063872 -0.7337375588290062 -52.110282227313924 0.45879888455646756 0.8602495148618609 -0.22242831589002815 -12.461392189598328 0.7329761877493896 -0.22492458544675598 0.6419928652671901 89.29819379036267
0.4903715565009269 -0.4609014260394568 -0.7396658786571498 -52.94681203931201 0.4634274575164335 0.8566779641653437 -0.22657858975061285 -12.727894191604042 0.7380858542166436 -0.23167378183194876 0.6336848827429687 90.03951015450033
0.4781312271925225 -0.4634232532586258 -0.7460760135016836 -53.81320899079198 0.46748805384754105 0.8534183951849847 -0.2305037142211037 -13.001637139497417 0.7435357752611581 -0.23857059982126297 0.6246908193720409 90.79598934839363
0.4678760801893658 -0.46571205331185667 -0.7511353120355136 -54.68978554384314 0.46991878747679067 0.8508934458143248 -0.23485458702475337 -13.283137428389688 0.7485107258837224 -0.24308975147109552 0.616959533492063 91.5372678809664
0.45775325806762823 -0.4689937727240331 -0.7553190027230544 -55.548500590742336 0.4713560475025528 0.8483486878836307 -0.24109744969388086 -13.566219934068814 0.7538470874197517 -0.24566103661793876 0.6093974268706401 92.25249328616748
0.4468220741380991 -0.470992534866087 -0.7606024363380288 -56.443685132720695 0.47213347066629824 0.8463024767174997 -0.24670246001696405 -13.866178503519311 0.7598947426713274 -0.24887376318576432 0.6005179681393666 92.9831903907414
0.43742182187833656 -0.472592286740714 -0.7650612264765609 -57.33430951233764 0.4719885034701476 0.8448203789645043 -0.252002737838861 -14.164275565826928 0.7654338654231646 -0.25086860664390426 0.5926009954968847 93.68791340159834
0.4287598904156137 -0.47346416948761866 -0.7694131767666776 -58.25730393407527 0.47240117219665995 0.843454178296616 -0.25577760187553994 -14.485457379239541 0.7700662886258642 -0.25380451005720944 0.5853043497161176 94.41002629849993
0.41857287585914726 -0.4733169316851843 -0.7750921427644107 -59.14082533820608 0.4736869091550763 0.841950879019123 -0.25833975577529017 -14.788234569930397 0.7748660914571713 -0.25901698689284586 0.5766218351838905 95.09241176264244
0.40996690106379935 -0.4738241859734403 -0.7793701179919279 -60.06216821234823 0.4770786479533193 0.8396673524931155 -0.2595278420983669 -15.107531193305261 0.7773822121062315 -0.26542301698196535 0.5702872244378385 95.78759430730213
0.4014500623590743 -0.4752480845445491 -0.7829285443567839 -61.00466750347565 0.47959197572694817 0.8373493158101795 -0.26236932010154473 -15.435672974280306 0.7802751977669276 -0.2701580675252205 0.5640791028754927 96.48957119438364
0.39352855439446316 -0.4781717875435428 -0.7851668730108379 -61.92709118705752 0.48196922805741077 0.8346065940064953 -0.2667161345824825 -15.757965548790356 0.7828415804503155 -0.2734658568053611 0.5589056137486561 97.16193581539486
0.38543040954177865 -0.48211842175465264 -0.7867688522083599 -62.893123868690296 0.4848427699372299 0.8312726839205233 -0.27186984644709006 -16.101899781750113 0.7850929166920636 -0.2766722833468738 0.5541494020456721 97.85801052788541
0.37609515080681666 -0.484738108971318 -0.7896717059959212 -63.80198534872305 0.4854051284247693 0.8290126558000506 -0.27770465934564403 -16.42523399602888 0.7892618696215669 -0.27886732012600113 0.5470820038414821 98.50093965425768
0.3695321158225241 -0.4878720787471489 -0.7908393327058694 -64.69626115944978 0.4877190498165275 0.8262585232093678 -0.28182792847753485 -16.752196054929456 0.7909337164527712 -0.28156293719666076 0.5432735669765253 99.12971698098312
0.3630525500811073 -0.4891321364496092 -0.7930590135493361 -65.60926937092925 0.491222851419731 0.8237209364823503 -0.28316766948878297 -17.0895540440471 0.7917657204771333 -0.2867639654713971 0.5393268693329171 99.77208577521594
0.3589692682092114 -0.488740527985157 -0.7951564379328971 -66.5554227631136 0.49408830307996154 0.8222830744255942 -0.2823602207690677 -17.43732529289315 0.7918445638134465 -0.29151885328050825 0.5366553316059668 100.42033368440607
0.3550351949283726 -0.48826076788710376 -0.7972147972187098 -67.52042854064732 0.49864267866520634 0.8202382565860233 -0.2802939197455219 -17.7952144690988 0.7907625998842893 -0.2980111155225877 0.5346811065010832 101.0870245675304
0.3504725791664502 -0.4892425339833591 -0.7986305242062554 -68.4863366959983 0.5025263161234541 0.8178074796144822 -0.28046074215476036 -18.14954153165811 0.7903393403189588 -0.30303905561519684 0.5324763449356629 101.74809964263865
0.3484459745969966 -0.4894880597322614 -0.7993665255480088 -69.39292898797068 0.505002836499954 0.8164925150314299 -0.27984300603132994 -18.480655101219035 0.7896565949285487 -0.3061721938341174 0.5316963887489304 102.36740841098234
0.34562229695890256 -0.49086288025806135 -0.7997492485958412 -70.34107659982539 0.5107840720923059 0.8133584903425563 -0.27847369334369815 -18.821249008120017 0.7871752406812947 -0.3122524603144676 0.5318397705003902 103.01530702835034
0.3414766981651586 -0.4916443968813558 -0.8010489695551636 -71.30093469764844 0.515783166752728 0.8105053559127546 -0.27757664334606186 -19.169936898481232 0.7857234815790789 -0.31838161858359076 0.5303505967219648 103.66854573546082
0.3394503572398504 -0.4933230048461629 -0.8008781854060523 -72.23454976402022 0.519693727649687 0.8080419254271267 -0.2774647296389129 -19.505674666478452 0.7840228851323865 -0.32202586796960087 0.5306669915748616 104.298833854988
0.33723965505330766 -0.49432056636985955 -0.8011969749838721 -73.16119100392196 0.5246259684629122 0.805335271219968 -0.27604835471962574 -19.83803585994371 0.7816885621997278 -0.3272342870067898 0.5309243949314069 104.93022247122653
0.33388619582203405 -0.4940172356627337 -0.8027870073111807 -74.03985094112133 0.5287080920235245 0.8032281678798853 -0.27439435809281404 -20.152810523308286 0.7803766793467979 -0.3328234985581308 0.5293777074444967 105.53127706639066
0.33155949278901153 -0.4947120383507788 -0.8033232860139877 -74.94048483874644 0.5321897387408834 0.8011550991527903 -0.2737235632538661 -20.46892068720962 0.7790008887802401 -0.33676476391139937 0.5289112487623002 106.14094679892072
0.3286605352503053 -0.49607815355391277 -0.8036720214960351 -75.85571546157922 0.5343102338882424 0.799339392517387 -0.27489836218542046 -20.79352578659721 0.7787777773737992 -0.33906194291969044 0.5277709468436569 106.7552295390262
0.32539956823760646 -0.49829108496288915 -0.8036299618837556 -76.7262428235036 0.5380492208861398 0.7964538384814224 -0.2759788380873188 -21.104311255888142 0.7775719625183238 -0.3425890801159831 0.527270865201831 107.34185689956404
0.3222811519754559 -0.5015207258463461 -0.8028772139175001 -77.6255060477426 0.5427843770638219 0.7927644522578156 -0.27732587915988755 -21.425205289980102 0.7755771909338308 -0.34641230460669253 0.5277106556819449 107.94659520019549
0.3214630492822263 -0.5035603074234977 -0.8019280047072339 -78.49317220268496 0.5472219353827902 0.7899377748301832 -0.2766703188494424 -21.736516415570073 0.7727934144272233 -0.34989331043032434 0.5294950518503666 108.5378615146496
0.3230442785642098 -0.5061300479991876 -0.799671662996301 -79.37735627970825 0.5523669317106558 0.7869550001569403 -0.2749410854720445 -22.04881123936191 0.7684615584656693 -0.35289403826124693 0.5337908119480745 109.13796995025196
0.3244335880126872 -0.5081140742138086 -0.7978489421908499 -80.23328177342977 0.5564394654712543 0.7846134424815122 -0.2734170205809716 -22.349162281274968 0.764930041399394 -0.35524897390865884 0.5372896782012161 109.72847816739036
0.3274442854709273 -0.5097969318188762 -0.795542159926483 -81.10508836303053 0.5610710570590074 0.7823540994685876 -0.27040956339483124 -22.657630329667967 0.7602496358717455 -0.35781161433463193 0.5422096825067981 110.3304752444476
0.33233530809310585 -0.511283797861138 -0.792554175460171 -81.97269241995357 0.5659849778351378 0.7803057983982823 -0.26605237426299777 -22.956147844674856 0.7544628869994994 -0.360155159661375 0.5487021169174312 110.9391084248875
0.33740755770168773 -0.5124595492419556 -0.7896463451422503 -82.83097034756943 0.5719345382413842 0.7778607810366809 -0.2604294324603489 -23.249136322845604 0.74769447234308 -0.3637551590228467 0.5555494220245996 111.55145424726858
0.34086081286092335 -0.51269036603607 -0.7880117352105813 -83.69173848086032 0.5761472845880475 0.7762743528629049 -0.255836736121101 -23.534293708182812 0.7428783296863695 -0.36680610363116783 0.5599866691460708 112.1794840220429
0.3452297799783557 -0.5137464908311581 -0.7854176864412762 -84.54742240235153 0.5817184712577085 0.7738588147607426 -0.2504918262432794 -23.821204204566936 0.7364916966359435 -0.3704147377950416 0.566014931614476 112.80561261388877
0.35152178878424434 -0.5153036698423178 -0.7815974410506759 -85.3942726719513 0.5877553517754684 0.7713104876444077 -0.24417980692317998 -24.094288100256446 0.7286810540073212 -0.37355355639691834 0.5740049320641712 113.43788898884043
0.3601599473428112 -0.5179636979966786 -0.7758855713877075 -86.22880216709821 0.5944983383186846 0.7683793665021325 -0.23699129703452135 -24.361894391691898 0.7189273524260615 -0.3759079098547774 0.584668029947137 114.07288620204747
0.37017474506862486 -0.5213911137948 -0.7688445646352695 -87.05119034202625 0.6006279017209373 0.765708212095993 -0.2300805459030867 -24.614801827904234 0.7086725490575201 -0.3766194901815042 0.5966078928640998 114.71744074312616
0.37635989122239044 -0.5237260031632145 -0.7642409998748794 -87.85017886072939 0.6057957268163388 0.7632303765044841 -0.22470186859901198 -24.856340881222007 0.7009741576193338 -0.37840516115865586 0.6045202762177273 115.35646167264747
0.3837941413820084 -0.5247743775854001 -0.7598117593658991 -88.67145960752165 0.6103832965037561 0.7616037805351329 -0.21769683696324316 -25.09931474510469 0.6929172305478157 -0.3802256357801892 0.6126125835350562 116.02217780630475
0.38950725911953055 -0.5251121972645384 -0.7566645725664708 -89.46581653829317 0.6153858419178214 0.7596295007592588 -0.21038841969874142 -25.33064256665466 0.685262256847906 -0.3836928483308597 0.6190278164020312 116.68344933851718
0.3982419068353465 -0.5254454441844288 -0.7518713113465465 -90.25707985528592 0.6209415431708366 0.7577397833787236 -0.20065398239203974 -25.551122691677502 0.6751555254937689 -0.3869593077714932 0.6280346411817103 117.35301417643247
0.4047472652095463 -0.5263077797889848 -0.7477832388058608 -91.0364037185664 0.6263301151333571 0.7553796681453008 -0.19264512407463413 -25.767330770411974 0.6662508823126835 -0.3903865749309076 0.6353802671875214 118.02461850342574
0.412286648128353 -0.528086538519586 -0.7423909533456677 -91.80018117931837 0.6310338296273884 0.753278260875265 -0.18538653553731554 -25.96461239018276 0.6571271000657938 -0.392041413025637 0.6438070400609037 118.69386129922049
