1.0 0.0 0.0 0.0 0.0 1.0 0.0 0.0 0.0 0.0 1.0 0.0
0.9999282503773503 -0.0017220665397784767 0.011854475278301848 0.006749916356056929 0.0017204870401719189 0.9999985096738896 0.00014343759819111822 -0.0025337173137813807 -0.011854704620356206 -0.00012303183551321749 0.9999297229513341 0.22300702333450317
0.9997931732673989 -0.004184893820498596 0.019902194643206434 0.015581494810233323 0.004178927331543117 0.9999912099777164 0.00034137026861113677 -0.00441540919605346 -0.019903448300799643 -0.00025812983896168637 0.999801873430293 0.45735790557432443
0.9996995780608451 -0.006144696027788974 0.023727543819250206 0.021921004720944746 0.0061519393140521145 0.9999810496636172 -0.00023228501118916482 -0.008417189734854877 -0.023725666853527727 0.0003781856373232064 0.9997184352146253 0.6812105533606405
0.9996270227442998 -0.007087813762761075 0.026373818370340307 0.026430106613476095 0.00713239095775527 0.999973289706989 -0.0015965186526784433 -0.008195768465497796 -0.02636179809104485 0.001784031571198788 0.9996508754724123 0.9297916877865486
0.9996643950100149 -0.008136299236425438 0.024594673894899978 0.02871065970751601 0.008174059046286868 0.9999655619757193 -0.0014351380741438465 -0.013686390033950897 -0.024582150190106386 0.0016356947512859287 0.9996964751336836 1.189380813698464
0.9998584094446755 -0.008428529745239097 0.01456437259539781 0.02078181013546116 0.008472828305405262 0.9999596569843548 -0.0029825466029576027 -0.017569959095807892 -0.014538646541926738 0.0031055257309045635 0.9998894856266186 1.4554373224475614
0.9999741292178501 -0.006772626194602613 -0.0024233096027379782 0.004226283215794158 0.006762553183661801 0.9999685593273188 -0.004141042294508367 -0.01925974013681313 0.002451279143770698 0.004124547402436297 0.9999884896033977 1.7178970723204332
0.9997854878601087 -0.0028283594440947045 -0.02051776418569519 -0.022987729587656082 0.0027401410174606794 0.9999868866322843 -0.004326452435385315 -0.0232375313593815 0.02052973189131376 0.004269302791583453 0.9997801274090943 2.0004365461349183
0.9992952648600925 0.0009625468291124681 -0.03752395410666881 -0.055556995585052345 -0.0011169679226151709 0.9999909936020692 -0.004094520412227846 -0.02900986798307606 0.03751967498336667 0.004133547912879114 0.9992873399432189 2.3032171786749838
0.9983991144050067 0.0018954062635255376 -0.0565297779085897 -0.09214053986745271 -0.0022033720110625865 0.9999830678287308 -0.005386019645432605 -0.034371215352993686 0.05651861204133691 0.005501953374603251 0.9983863856253172 2.623913354620437
0.997110086816813 0.0017958734253568733 -0.07594899345487009 -0.13267495474084784 -0.002117198483649547 0.9999891453657523 -0.004150496506841135 -0.037500717462728116 0.07594071528994599 0.0042993010260466025 0.9971030657720089 2.95199736148512
0.9954201620025633 0.000969330983135861 -0.09559163915445525 -0.180176156113097 -0.0012748765375566705 0.999994272147136 -0.0031353409278090205 -0.04114559401721355 0.09558805243650713 0.003242849112237521 0.9954156961596652 3.2795374506911417
0.9935535630641582 0.0021255095704823595 -0.11334372294742133 -0.23295432957148948 -0.0024283143627382387 0.9999938421450854 -0.0025335669057637627 -0.04742732587264564 0.11333763987251426 0.002792468616842467 0.993552606310885 3.6228989194541903
0.9916064371649997 0.0018665075430752951 -0.12927950310287936 -0.292682318723292 -0.002195202536812522 0.9999947103713258 -0.002400065663880549 -0.05408465538830631 0.1292743395216472 0.0026637152550919433 0.9916052892972496 3.9828106086177497
0.9900347451817553 0.003374613781604868 -0.14078286584212685 -0.3581119354861404 -0.003727260095206418 0.999990542032452 -0.0022412893222419263 -0.062375235016411 0.14077397083651494 0.0027436886609665317 0.9900379595285486 4.36185731588101
0.98793022856447 0.0024653227367742816 -0.15487990725835982 -0.42543162729784023 -0.0028744453260379755 0.9999929462308863 -0.002417654346649623 -0.07095825941213789 0.15487285447302318 0.0028336676367914336 0.9879303463681549 4.740053875677579
0.9860701366812259 -0.00046762971876365954 -0.16632939267584404 -0.4934216551662131 -0.0002473318926683948 0.9999908198898539 -0.004277728714293663 -0.07998697989231887 0.16632986614677434 0.004259279101485657 0.9860609687890157 5.119726445458352
0.9847820759484474 -0.0005784364551620037 -0.17379277402105645 -0.5740435661404872 -0.00042931030151557945 0.9999833136862055 -0.00576090633676786 -0.08616892521731748 0.17379320637853388 0.005747848329883027 0.9847653952369798 5.532103327262876
0.9834179044162494 -0.0010805968802527306 -0.1813506481486493 -0.6548276889341067 -0.00024146166445927688 0.9999735598080298 -0.007267831940930357 -0.09205835140939904 0.18135370679921983 0.007191105286351954 0.9833916417353482 5.9482839150799895
0.9817313680942333 -0.0013952394578702657 -0.1902671127827401 -0.7413130669925007 -0.00034693920157914475 0.999958325556566 -0.009122871439355107 -0.1012788397815669 0.19027191209691235 0.00902222017930151 0.9816899709226029 6.350826604510389
0.9800187797046126 -0.003291893079349564 -0.1988777384883395 -0.8338821501064826 0.0013002726196045273 0.999947702218613 -0.010144068159821149 -0.10882797165041518 0.19890073081162102 0.00968278202122308 0.979971807255154 6.780151609548954
0.9783489147168385 -0.007140269604430692 -0.20683911047565517 -0.9263075219421756 0.004903601493849663 0.9999238554065634 -0.011324225415621458 -0.11662509439054751 0.20690421881821008 0.010064787074267136 0.978309431773187 7.214588647234617
0.9757078537682594 -0.007166915544032881 -0.21895848788416855 -1.0369053333867702 0.004504991988895793 0.9999097858902701 -0.012654055794651758 -0.12624514939075185 0.219029425288286 0.01136025538704456 0.9756521180499862 7.685861755909613
0.9733189960892731 -0.003047340467278636 -0.22943592911278404 -1.1680494778211432 -0.00046713257083488423 0.9998834195724134 -0.015262013344859594 -0.13255356709395955 0.22945568992494225 0.01496198450252817 0.973204102632544 8.164489520699464
0.9711049692788664 -0.0021640350980353332 -0.23864294582909176 -1.3021210028817503 -0.0022867291300872807 0.9998286078633002 -0.018371874374189086 -0.14146419307180266 0.2386418016856602 0.018386730275659305 0.9709335809611245 8.666634450378059
0.9682136333199813 -0.0031837570033868188 -0.250104426079716 -1.4386087555361375 -0.0016286228351356006 0.9998175453262124 -0.01903217395696431 -0.15464716125674116 0.2501193871753679 0.01883453607633225 0.968031793078 9.164629463365301
0.9657664925993865 -0.003971214230806109 -0.25938255768230145 -1.5748057222425682 -0.0014278742743615005 0.9997862947668283 -0.02062343258222465 -0.1669842661708073 0.2594090263412898 0.020287785831627655 0.965554432851258 9.645870154070185
0.9631528014622105 -0.002382127266346585 -0.26894424423137026 -1.72449767117477 -0.003791773231216089 0.9997411295003792 -0.022434269345565756 -0.17910626633546226 0.26892806378520456 0.022627404954905596 0.9628944371288828 10.144719801364134
0.9605182738073177 -0.00043270312497839395 -0.2782165675336685 -1.8885445692211897 -0.0067101241222926235 0.9996718723646282 -0.024720878569786157 -0.19409212886085941 0.2781359737906518 0.025611723311880434 0.9602001977257252 10.670045744742202
0.9582617125392493 -0.000146195612407426 -0.2858924079233098 -2.0527124071031504 -0.008316702268570658 0.9995624015371628 -0.028387284065860077 -0.2122161236589385 0.2857714519414443 0.029580129480832138 0.957841162821465 11.193074780478504
0.9559262640654246 -0.0005135919642286881 -0.293606392800318 -2.2275191252969013 -0.010040829295042495 0.9993563562991761 -0.03443914736897994 -0.2326207135275811 0.29343510256441396 0.03586933715206877 0.9553058312578665 11.745292277664417
0.9548304726062844 0.00026847137109588335 -0.29715096584999157 -2.3997488833367813 -0.012624411133977768 0.9991333551303184 -0.03966311774878217 -0.25213312212957856 0.2968827930783128 0.04162290942685726 0.9540063629687507 12.263263815646589
0.9539499906177807 -0.00042769873508590253 -0.2999653854599361 -2.576704184730602 -0.013919378686925677 0.9988586581492852 -0.045690611039681715 -0.2799137791848271 0.29964256422829183 0.04776188976581152 0.952855254269342 12.797248132541975
0.9531007134625381 0.0003805477038551896 -0.3026530772694141 -2.7721105508132187 -0.016762010682478172 0.9985307365763135 -0.05153060362779862 -0.3119584747886384 0.30218879032002716 0.05418692919708493 0.9517067361898353 13.374053759797327
0.9528865790571838 -0.0001734591617186098 -0.30332678313102673 -2.963779655093703 -0.01792336413515362 0.9982203401981219 -0.056876229066497176 -0.34839249065103123 0.302796830351271 0.05963323173084941 0.9511876561449684 13.952795088814643
0.9519771980020021 0.001104449138750862 -0.3061669392281878 -3.160859086982758 -0.021091331249049404 0.9978544836613353 -0.06198052261083772 -0.382924906895854 0.30544159872289794 0.06546151257853432 0.9499580096722857 14.52525025273922
0.9514437869607144 0.0013798784946507051 -0.3078194538835954 -3.3493258037467535 -0.023242069788392966 0.997457453275472 -0.0673679085111101 -0.4204918210195256 0.3069438490111936 0.07125113922282106 0.9490567679088769 15.083743547876047
0.9510143184770821 0.0037801020960606703 -0.3091237242265865 -3.5604985606945694 -0.027121142803593005 0.99709006913414 -0.07124491313141738 -0.46274543568152404 0.3079548825146282 0.07613872117536157 0.9483494532466301 15.689302276705641
0.9503009066778165 0.005756000086610294 -0.31127970577974223 -3.7744274765366472 -0.03017711991369397 0.996824182923443 -0.07369457084972253 -0.5043056145241829 0.30986695241834755 0.07942554250373857 0.9474566243353584 16.30831993547098
0.9499275882652011 0.006901657007244709 -0.3123938926791193 -3.9894908262934856 -0.03223362335956633 0.9965867758001531 -0.07599863041771962 -0.550006799601318 0.31080310580457915 0.08226278278061025 0.9469077378453604 16.92636713247487
0.948359983503233 0.007918949344283317 -0.31709719634684674 -4.203168519102868 -0.03437607841951012 0.9963661600923813 -0.07792791704684064 -0.5999436270610314 0.31532780867256804 0.08480427621320909 0.9451860175720493 17.543484256237278
0.946702937532892 0.008622412905634454 -0.32199254969995517 -4.413761269013981 -0.03607522886443288 0.9961906548562279 -0.07938990514856863 -0.6459879313638457 0.32008143640169473 0.08677461133767574 0.9434076748141407 18.126800253270105
0.9452427751622541 0.0087467353875083 -0.3262508093838562 -4.633493257630446 -0.03694494084304593 0.9960829820997983 -0.08033532297362589 -0.6967958497562597 0.324270207311224 0.08798970048382854 0.9418633899133685 18.736969767367473
0.942580521575091 0.008955627930848758 -0.33385888796854524 -4.9067259732096495 -0.03741934378647071 0.9961781260065553 -0.07892359581682559 -0.766254982864657 0.3318761110080377 0.08688462461466895 0.9393132113133238 19.489262563291994
0.9404550817448054 0.008919503495939559 -0.33980094419786067 -5.1572125121851045 -0.036956033923557466 0.9964130429323947 -0.07612686405498999 -0.8257793096676906 0.33790307896941774 0.08415159137884427 0.9374113392163527 20.171243940181352
0.9389034746462561 0.00945155914359484 -0.34405077143779583 -5.367137409461404 -0.037771845784876884 0.9964145745697899 -0.0757052392566612 -0.8725803817618646 0.34210167050628504 0.0840753448679217 0.9358941090861452 20.72199113083475
0.9362587374369907 0.010786049064347642 -0.35114560757394353 -5.622956661507185 -0.03980257668867207 0.9963495105563839 -0.07552090904509154 -0.9262016121988106 0.34904918200997814 0.08468361092700344 0.9332702473445349 21.383010734483456
0.9335994477565736 0.010198841746059178 -0.35817321895370635 -5.880038684394618 -0.04041032262074384 0.9962145283702115 -0.0769650523926571 -0.9795828110103979 0.35603241000547725 0.08632842574237 0.930477472018821 22.032555257079903
0.930885171475344 0.009516698265329825 -0.36518793789150017 -6.158829357317823 -0.040853965038056286 0.9961017458410727 -0.07818097897210287 -1.0415105272199718 0.36302031770685894 0.08769688926349546 0.9276451393423659 22.729389399771414
0.9281928307622687 0.008885208547627924 -0.3719934434779622 -6.431101188058885 -0.04166102791243986 0.9959106606357023 -0.08016429869610317 -1.0985945720931483 0.3697599595342979 0.08990555656478805 0.9247673022030841 23.393259284538157
0.9255001751026237 0.008208531366540171 -0.3786582177872511 -6.722674313202588 -0.04178123848601947 0.9958760098369589 -0.08053136744021996 -1.1605240101976317 0.37643559076631844 0.09035260396923755 0.922026384091253 24.10190783270397
0.9231605100155267 0.007161384792387985 -0.38434800287724674 -7.007840794190597 -0.04160826891025571 0.9958139524259209 -0.0813838074321781 -1.2244352846912625 0.38215628309130883 0.09112237223493116 0.919594089026302 24.782668723996245
0.9210963631819709 0.007478361396763545 -0.389262846729259 -7.307367539567861 -0.042260868158067275 0.9958284380014617 -0.0808686656876183 -1.29385379731394 0.38703424752271426 0.09093841970470301 0.9175699946413559 25.48484565427335
0.9190933664856032 0.009359907687674446 -0.39392864304368524 -7.629911063276554 -0.04377623858928548 0.9959547033057968 -0.07847209630203977 -1.3634494834937823 0.39160059322878316 0.089367897430458 0.9157851026806041 26.227597007662833
0.9169384402688022 0.00928488619033569 -0.3989206533207436 -7.939329165993123 -0.04351749609635384 0.9960930594015109 -0.07684298631392535 -1.4308849707221811 0.3966486156422587 0.087820315989928 0.9137600712487437 26.9295674725181
0.9145604514643279 0.00870407574219267 -0.4043555609644055 -8.275069299295096 -0.0435636849189268 0.9960719601009096 -0.07708991929569327 -1.4978874492888825 0.40209623969100894 0.08811860964748709 0.9113472031339891 27.68911773775641
0.9129573482269079 0.007287776819476191 -0.40798991240902305 -8.596474558616823 -0.0428423189100157 0.9960264094780844 -0.07807641982447816 -1.5623089680410003 0.40579972403749276 0.0887596751415031 0.9096418548197251 28.40725578277751
0.9120274926857802 0.007004162063117384 -0.41006925549117035 -8.931155197189918 -0.043150066098752105 0.9959436166851551 -0.07895811661739577 -1.6261783416614508 0.4078528219602783 0.08970648860526498 0.9086301896377597 29.143942633866057
0.9104276799681186 0.005584350678381832 -0.41363057741826864 -9.28599738842523 -0.042187669622246765 0.9959487874430746 -0.07941166993908404 -1.7006454103171653 0.4115114094162076 0.08974869257081532 0.9069749346603334 29.919427816109888
0.909353045534747 0.005168412085285765 -0.41599318034457894 -9.636167803422339 -0.042281899844636 0.9958933534457173 -0.08005416608879332 -1.773088971850066 0.4138710904644209 0.09038648172796973 0.9058371842658209 30.679196624896807
0.9085841969502687 0.0035125208507875913 -0.4176869871680328 -9.993740070093956 -0.041330161168545855 0.9958135566732464 -0.08153022828105709 -1.8447222749744612 0.4156519876411247 0.09134014748757548 0.9049256337550233 31.45240981298825
0.9079571518996158 0.0027543867295496127 -0.419053962716119 -10.367300496343379 -0.04175834527880067 0.9955960334742496 -0.08393318014895841 -1.9191420546960627 0.416977278654263 0.093706731263475 0.904073557627918 32.251720866288586
0.907916712537209 0.0017890446537586063 -0.4191468029400369 -10.748786872757714 -0.0409466419006696 0.9955864392542949 -0.08444533432945073 -1.9999093364198575 0.41714579658997597 0.09383198437729662 0.9039828223451668 33.07382514003812
0.9077735191094041 0.001923623223411785 -0.4194562404797705 -11.137906541935523 -0.04117815897723158 0.9955679423845102 -0.08455076179147537 -2.080028714691684 0.4174345424458481 0.0940253783292964 0.9038294258338011 33.9073149083624
0.908138150584055 0.0014711716997750021 -0.4186680488258 -11.51314894119827 -0.0409457383694605 0.9955120929646051 -0.08531775472087548 -2.158116816191103 0.41666358847774587 0.09462298037507359 0.9041227492004537 34.71497966869282
0.9083377319883692 -0.0010642338199645628 -0.41823609606608847 -11.904113472913926 -0.03870033407531892 0.9954926190190723 -0.08658365677775073 -2.2447884145421555 0.41644309189694173 0.09483307906487629 0.9042023215665788 35.56302021312924
0.907791833970787 -0.0031374763580049037 -0.4194092779351195 -12.286541320593745 -0.037399390222503784 0.9953831113660522 -0.0883954026984575 -2.327204417095541 0.4177502504929713 0.09593027597865306 0.9034833204679096 36.388861199228785
0.9075654052004231 -0.004333415963719292 -0.4198883861093058 -12.685697491418132 -0.03582570362093007 0.9955016864905947 -0.08770924212674068 -2.4129670781511403 0.41837967713962565 0.09464467074520004 0.9033276438015585 37.25050582717529
0.9070897545787558 -0.0035071538549296434 -0.42092264967579307 -13.081730851826507 -0.03631573508190432 0.9955848830044199 -0.0865558092708775 -2.498662236575392 0.4193677914715358 0.09380000322448517 0.9029574823165114 38.093538937752314
0.9061140557216842 -0.005054350205163831 -0.4230032760719521 -13.481506838984332 -0.034052320121920235 0.9958123638278896 -0.08484206233835377 -2.586320489399693 0.4216607137473384 0.09128082817062082 0.902147467374692 38.94648879833423
0.9048943448952076 -0.006557289395362924 -0.4255857452176456 -13.881266986422055 -0.03329870227896238 0.9957261897852812 -0.08614262244802821 -2.6761699540514083 0.4243317346171628 0.09212142493183641 0.9008086489734198 39.79071065779579
0.9023975565358233 -0.008642373218773118 -0.43081777974373725 -14.308446338125957 -0.032336876272360336 0.9956214170351544 -0.08770587422663131 -2.774614684054098 0.42968939525094396 0.09307686783545654 0.8981668666137821 40.68388842417359
0.8995196899435451 -0.011830391404563082 -0.4367200124142278 -14.728613345528569 -0.030652021726662607 0.9954608547708336 -0.09010072243322804 -2.8677370348845304 0.43580360366561527 0.09443372521581599 0.8950740140200291 41.544421806709344
0.8961485454606839 -0.012386626764888576 -0.4435812844858181 -15.160949725674095 -0.03103976445370562 0.9954122232387271 -0.09050435818010737 -2.9613070847956897 0.4426672762824912 0.09487400752746793 0.8916527380120126 42.42034335309839
0.8935777529891801 -0.01008957704555877 -0.44879505322346186 -15.594080215454397 -0.03279865934146203 0.9956079889577564 -0.08768683064688253 -3.0525034194762606 0.4477086634276926 0.09307487716099368 0.8893222250305315 43.27137900624825
0.8919722201266855 -0.008642314448605264 -0.452007598302554 -16.026432787029336 -0.03388466470676358 0.995726978908426 -0.08590467374717849 -3.1420791285696423 0.4508185755045835 0.0919407084749209 0.8878679620896047 44.111351479457674
0.8905967898359783 -0.008676719031351306 -0.45471097686409717 -16.474167794288572 -0.0343979564574399 0.9956690352743167 -0.08637101821481573 -3.238122121665164 0.4534910567204194 0.09256287993987085 0.8864411851509579 44.97628342110115
0.8901872603417003 -0.010746866179710305 -0.4554680519999767 -16.90809702005083 -0.03373291171757537 0.9954229297974088 -0.08941633799590154 -3.3317588974339265 0.45434428816965705 0.0949615485386503 0.8857502876695832 45.81127750587456
0.889981648241471 -0.011837436116557905 -0.45584267121407296 -17.335818210152777 -0.03576388525045571 0.9947716305375207 -0.09565744921079092 -3.4283141065871447 0.4545916962563078 0.1014360793007558 0.8849051426627059 46.63420413643974
0.8885269728774933 -0.013555924681579474 -0.45862408939695465 -17.7619634631714 -0.03571805415189547 0.9944865107157432 -0.09859412057535874 -3.522878234025579 0.45743200486712865 0.10398469555878626 0.8831438976819044 47.465795708696845
0.888163219516801 -0.014157308973152039 -0.4593099891143121 -18.203670131341507 -0.034542216442943405 0.9946406347268021 -0.09745174720585116 -3.6221591452550506 0.4582280336041866 0.10241864260427873 0.8829142035703907 48.31128802453935
0.8875625495814893 -0.01300999745898961 -0.460503485922228 -18.651682449562664 -0.03504060282945868 0.9947989428739941 -0.0956410968680943 -3.720113338448436 0.4593526714124505 0.10102377553279795 0.8824904079044397 49.16682360160823
0.8870157156224345 -0.011983270619608103 -0.46158371013725985 -19.08076460265273 -0.035976894236216396 0.9948304798581823 -0.0949630424231191 -3.8157941885427515 0.4603355116867879 0.10084005935339514 0.8819991491547298 49.97660314250323
0.8864488341748992 -0.011825084851064678 -0.46267551454364575 -19.532664383442583 -0.03695893156306836 0.9946725082075916 -0.0962322128693668 -3.9163673053916854 0.4613485686199521 0.10240492558604695 0.8812892427847043 50.83351257476516
0.8845173466165973 -0.013838418804082668 -0.4663020069647322 -19.98892059331616 -0.036636069296586304 0.9944122711709449 -0.09900521890859577 -4.020367174827751 0.4650665134804161 0.1046553061705237 0.8790679182688468 51.697272191186435
0.8830391497708772 -0.01593530694448526 -0.4690287048406646 -20.436252599584893 -0.03601721980363788 0.994174480121141 -0.10158672626615892 -4.124583390927045 0.46791518446139646 0.10659816634653763 0.8773210421972182 52.536226666594835
0.8823935402835691 -0.018123301134312514 -0.47016293561043765 -20.889359508795017 -0.03458230637688233 0.9940570610263066 -0.10322123574825724 -4.23115606636709 0.46923949551533384 0.10734107033068414 0.8765227837704952 53.381311886297595
0.881268937925914 -0.019218618238697194 -0.4722242092056771 -21.339634251510283 -0.033915503967257586 0.9940251625829015 -0.1037483240475887 -4.338967564600456 0.4713966457640304 0.10744589738576225 0.8753516901779477 54.22380618570167
0.8808432879356454 -0.019856655561618107 -0.47299134804838555 -21.796707995109763 -0.03395360644100711 0.9938970728656544 -0.10495599629717753 -4.44699654285815 0.4721887913836699 0.10850954694860357 0.8747933604644229 55.0669965730511
0.8783866104586329 -0.021059315494960477 -0.47748661530756853 -22.253995989529592 -0.03396866790107764 0.9937518009846295 -0.10631786134432902 -4.558032369068908 0.4767421652927508 0.10960777012004846 0.8721829192097782 55.911080146764284
0.8757952747653223 -0.021753058618822863 -0.48219232795582717 -22.717081181100614 -0.034477561803996276 0.9936129815946236 -0.10744552358611291 -4.669228193061427 0.48144982545514076 0.11072509763991352 0.869451561803098 56.746306874807786
0.8738871330554829 -0.023988380654958532 -0.48553664771428096 -23.187867315185546 -0.033523816023894745 0.9934302643490043 -0.10941875357846079 -4.783819519936047 0.48497157900155863 0.11189668211801759 0.8673417435427138 57.59144325756741
0.8717808550235939 -0.024922973464384223 -0.48926167457509373 -23.6757163416656 -0.03401017157670781 0.9932165110358303 -0.11119474104082053 -4.899559399685739 0.48871407698536184 0.11357731991689995 0.8650195046106416 58.45036024666307
0.8692612412095112 -0.02666868801999395 -0.4936331386872162 -24.160652277320153 -0.03350002905012397 0.9930706774857057 -0.11264269870578636 -5.0179592527236485 0.49321662845502384 0.11445265657630646 0.8623444478965961 59.30212750478494
0.8655764233944486 -0.027605737441804397 -0.5000153782874767 -24.656296497119328 -0.034015226888546427 0.9929322838761678 -0.11370331559008237 -5.139481784281573 0.49962027541263265 0.11542704577676463 0.8585197595279062 60.15679413012112
0.8629883821108075 -0.028798225893667036 -0.5044023339826533 -25.157191052692113 -0.03336919272471767 0.9929451059774526 -0.1137827469009519 -5.256307975491348 0.5041205702197358 0.11502468735364053 0.8559391169823504 61.001846634181085
0.8608123852416971 -0.02987639100310396 -0.5080447211369582 -25.651158453821182 -0.033098175894184144 0.9928754161008758 -0.1144679817896265 -5.375726484255014 0.5078450040779939 0.11535080998043432 0.8536906011371334 61.82945571260503
0.8579900002058338 -0.031207092981554604 -0.5127175410442227 -26.158822287577202 -0.03320976654739188 0.9926944310527461 -0.11599516353164388 -5.498186446620139 0.5125917195514001 0.11654992022522229 0.8506855148307354 62.67609088732832
0.855757522854379 -0.032834887856469736 -0.5163341284648828 -26.66928238450438 -0.03282464305739205 0.9925279049317575 -0.11751978871633138 -5.618537136880773 0.5163347798534317 0.11751692674346713 0.8482854278145292 63.510245538446284
0.8538264228797396 -0.03257155022399133 -0.5195378077757133 -27.19716129535912 -0.03494177299040345 0.9922035885862326 -0.11962905707598508 -5.742106701830087 0.5193837811220863 0.12029602201489538 0.8460315330971515 64.36182199802886
0.8517828870113681 -0.032360987002867596 -0.5228945208307118 -27.725781261584284 -0.035617277758823125 0.9922041026583833 -0.11942540848966617 -5.868021537720104 0.5226828129177677 0.12034859861283397 0.8439898648042505 65.20788399928212
0.8508047449309158 -0.03169113051878977 -0.5245254600584044 -28.264723777313584 -0.03716425030041948 0.9920513260985875 -0.12022056764814525 -5.997183979375255 0.5241661039237919 0.12177782487988333 0.8428641983527818 66.06032851397622
0.8484572690122876 -0.032492973315768975 -0.5282655292041225 -28.792586141299676 -0.03758741480928027 0.9918941803771927 -0.12138006912921286 -6.124732825457956 0.5279275034587287 0.1228419375415339 0.8403585005656075 66.90116894629362
0.8463894718607972 -0.032336736523387304 -0.5315817880573204 -29.33378645938056 -0.03928247479639627 0.9916451651399452 -0.12286884726586103 -6.255380848454017 0.5311136875444573 0.12487674693708203 0.8380477605586334 67.74131464890083
0.8453662667825915 -0.03452320174681023 -0.5330703738974937 -29.87269076464188 -0.03847636470116156 0.9913823369051067 -0.12522232800883754 -6.38539219716504 0.5327996287024305 0.12636934206412065 0.8367528578026093 68.583749350964
0.8442490184495458 -0.03426811959590023 -0.5348544576109839 -30.43797854155095 -0.0401334024189309 0.991109731179484 -0.1268495596035373 -6.522479408397344 0.5344463535821522 0.12855814536890417 0.8353681214901901 69.45889587243269
0.8430625088401398 -0.03374004251022222 -0.5367561976536253 -30.987027847435087 -0.04074004765080991 0.9911561725226861 -0.12629208283811488 -6.657451465654459 0.5362703186878601 0.12833959327342415 0.8342320385197592 70.30975838484602
0.8426091632690664 -0.0343087430464972 -0.5374315845999128 -31.539011722144956 -0.040621911398516536 0.9910760087719404 -0.12695749348113353 -6.794382325094686 0.5369913018749325 0.12880704556525788 0.8336960397671412 71.1619172023086
0.8407481994932923 -0.03467503480427322 -0.5403148221269797 -32.11105091605296 -0.04153444011130531 0.9908757559175454 -0.12821905716184873 -6.933364096831076 0.5398308580781833 0.13024161507043547 0.8316367995527958 72.03961230279701
0.8396011228630144 -0.036073436513566905 -0.5420043004121526 -32.68825036140325 -0.04110589568663262 0.9907122211668992 -0.12961327158261515 -7.076700142824086 0.5416458804670863 0.13110302059316076 0.8303202624074546 72.92133002873713
0.8389990801037914 -0.03675138978928798 -0.5428903010125964 -33.262143681990615 -0.041434708428177314 0.9905045419015381 -0.13108744184663912 -7.224681775237921 0.5425529545790565 0.13247674445343183 0.8295096163737684 73.80083357714959
0.8385853142377668 -0.037605291182839264 -0.5434708021778168 -33.82678244055179 -0.0412574589638632 0.9903655284543276 -0.1321890393687222 -7.366591566290745 0.5432057555149715 0.13327401143671755 0.8289544891313242 74.65757976177856
0.8385767756381929 -0.04100588384305739 -0.5432379854635551 -34.40493895116178 -0.03874581794211126 0.9901488581414267 -0.13455110669639847 -7.5152182496447715 0.5434038580579353 0.13387963329602648 0.8287270303521376 75.54088627593417
0.8373493057729269 -0.0435815008121501 -0.5449282456512581 -35.00748759500163 -0.037458780298885795 0.9899000259144177 -0.1367288501858872 -7.675899800053376 0.5453833329870992 0.13490215521479093 0.8272595896200221 76.45809665002156
0.8364903337518607 -0.04729711995809571 -0.5459367215926862 -35.59233828541432 -0.03448171773712222 0.9897507553570158 -0.13858013354054066 -7.829483516294795 0.54689572377337 0.13474577809299315 0.8262860537395725 77.3495410345766
0.8350818135873274 -0.051602915288731024 -0.5477001951336191 -36.18009753622906 -0.030553757791658833 0.9897036131949567 -0.13983284990894046 -7.98531846211043 0.5492766447797586 0.13350616900559942 0.8249068252456997 78.24374187599794
0.8309200185148087 -0.05385458908115784 -0.5537793839303248 -36.77413284567339 -0.029869298667967097 0.9895516972139489 -0.14105057085342643 -8.146033498683446 0.5555895497833218 0.13374274475983106 0.8206297157644687 79.14301250367323
0.8259446567514006 -0.05610202216603943 -0.5609527494296582 -37.37812907780369 -0.02887145224116542 0.9895208385106411 -0.1414742004702078 -8.304453482880783 0.563011423711187 0.13304538046125342 0.8156697024584296 80.02941398230843
0.820600795281976 -0.05466491184490706 -0.5688814307002622 -38.000206696044735 -0.031983449104714845 0.9894621895309469 -0.1412148521650287 -8.468116771226283 0.570606163448972 0.13407581027766838 0.8102050872047348 80.92261347319393
0.815317204535134 -0.05387057066468601 -0.5765030941853443 -38.61735801773589 -0.033850006909989475 0.9895249756639881 -0.14033709263547417 -8.631546967208177 0.5780242495096625 0.13393387978194715 0.8049532177868145 81.78762019500984
0.809594066960292 -0.05466163423016543 -0.5844395199556429 -39.25025760247109 -0.03588286638068644 0.9891839707769773 -0.14222338717031843 -8.79321172902943 0.5858923677971923 0.13611457563824716 0.7988760577560325 82.65617365685918
0.8022930331801359 -0.05563113455385643 -0.5943324539168868 -39.90160274594798 -0.03782306579182279 0.9889095387687598 -0.14362221216186052 -8.9641634659266 0.5957308994879527 0.13770657573409398 0.7912910933372531 83.53668966056023
0.795874516958572 -0.05639359485514319 -0.6028295909419792 -40.56547851374562 -0.03928396206016083 0.9887452597195637 -0.1443592106758303 -9.129955423381707 0.6041858353030265 0.13857335184445413 0.7847017921336599 84.40362028798923
0.7897485963827935 -0.05815828623534515 -0.6106674776452201 -41.245663086737764 -0.03897775606105623 0.9887263261076049 -0.14457173511514318 -9.304470405691722 0.6121910559979233 0.13797777286188526 0.7785783487563868 85.28213437872584
0.7821284750437093 -0.058327226213805275 -0.6203813208084246 -41.92783574833462 -0.040456014979335236 0.9887554823858999 -0.14396495026157569 -9.473069093039593 0.6218025083399017 0.13769724301535508 0.7709741304921823 86.14894630643617
0.7747845317428516 -0.058396039297050825 -0.6295227017085466 -42.61116737224985 -0.042803076626250894 0.988595497378679 -0.14438434539079947 -9.640353452178267 0.6307747823140505 0.13881226587380413 0.76344896937493 86.98560758308852
0.7677886415224152 -0.0592899025638606 -0.6379540025763082 -43.310426744725135 -0.04494479061065616 0.9882720496429489 -0.14593944528978167 -9.81107398736775 0.6391248451954661 0.14072335750859846 0.7561192821938737 87.82630563310822
0.7616759867204853 -0.05798702585749811 -0.6453581920806283 -44.0224522277486 -0.048740914226279866 0.9880382580295187 -0.14630353362233162 -9.986347154323038 0.6461222906956249 0.1428912366179121 0.7497386744486657 88.66138055028534
0.7559010726857652 -0.05876374865199042 -0.6520432425513475 -44.73962283369849 -0.05047472432142764 0.987768131369183 -0.14753447344979553 -10.155472950138446 0.6527372139821549 0.144433169652259 0.7436889060534764 89.48734100019594
0.7498736365018576 -0.057511123226945945 -0.6590766267928603 -45.466517768726455 -0.05414827249674896 0.987536769758572 -0.1477805567739656 -10.328577673799643 0.6593614288575713 0.1465046042961807 0.7374136607460711 90.31305778011675
0.7454854736734627 -0.05677304075258263 -0.6640995636089206 -46.21674869740908 -0.056464904166716526 0.9874046022146045 -0.14779670538568368 -10.496841474893001 0.6641258338141174 0.14767861513815955 0.7328901032839636 91.14133676370058
0.7410969611778307 -0.055467846228464554 -0.6691028412492065 -46.97338022643598 -0.05820548686162948 0.9875215801610396 -0.14633266899583466 -10.671919325269172 0.6688702530627192 0.14739215294926403 0.7286207091599821 91.96562074575723
0.7383638215364372 -0.05533478534205602 -0.6721286547806578 -47.741606565942774 -0.06052451903992588 0.9871695282278166 -0.14776029620116335 -10.845738250058076 0.671681211320589 0.1497811205379986 0.7255411540976071 92.79174641578037
0.7358846334413396 -0.05632996589330003 -0.674759765551685 -48.50297718544309 -0.062037073100028525 0.9867330698002112 -0.15003083191075486 -11.021814294909008 0.6742590064849612 0.15226550464603308 0.7226271571625315 93.6029093848879
0.7335140103371416 -0.05786375619864738 -0.6772067500827995 -49.26774267004485 -0.06207234222806396 0.9865025260089707 -0.15152488412218776 -11.203261435607134 0.676833968539882 0.15318143456863112 0.7200216851831966 94.4167175105788
0.7309579264997638 -0.05861214412731812 -0.6799008208907859 -50.0319085469389 -0.06385104696337107 0.9860600274337876 -0.15365111811815574 -11.383952449106639 0.6794288435802879 0.15572488194914952 0.7170259462900043 95.21631315826565
0.7288171031227122 -0.06089363187586934 -0.6819953048172578 -50.797905182683905 -0.06397265633203987 0.985624859496381 -0.15636858886797664 -11.570129175533125 0.6817133777751769 0.1575931532132843 0.7144447274790778 96.01928762235688
0.7269598331314033 -0.061961066249424206 -0.6838788103770995 -51.55309662881089 -0.06456302040014757 0.9853414589177295 -0.1579044829467822 -11.752191665876163 0.6836380748688392 0.15894349815929862 0.7123032689680097 96.81098368375086
0.7259606426097164 -0.060853418042789896 -0.685038690071004 -52.301417948443856 -0.06586330871814902 0.985347576488262 -0.15732824944493098 -11.929124252014587 0.6845751747955703 0.1593330317957268 0.7113155523622384 97.5881992632146
0.7250340430427848 -0.06159892033840931 -0.6859527749358373 -53.05252997236672 -0.06488301029878477 0.9854531953456525 -0.1570738512853463 -12.108847029243936 0.6856499335693113 0.15839057041435767 0.7104903910681786 98.37019462207464
0.7233895549500606 -0.06102490172686962 -0.687737968385038 -53.80056628731582 -0.06631026483615779 0.9853412925574261 -0.1571797886454224 -12.289898013853659 0.6872484998648685 0.15930630417684963 0.7087390217019247 99.14174911011246
0.7221547577146848 -0.06185252712057935 -0.6889606453193414 -54.552902363809366 -0.06662129961209204 0.9851451272607034 -0.1582740682249906 -12.470074310615965 0.6885158737081093 0.16019782496429566 0.7073065449496903 99.91238180659356
0.721746692497774 -0.06242032328105694 -0.6893369387389681 -55.31044186073634 -0.066191495440225 0.9851363472623614 -0.1585088743066414 -12.652651421361647 0.6889850490394622 0.1600314985996829 0.7068872057521125 100.68697226859418
0.7201098830710077 -0.06368114664670965 -0.6909315942010613 -56.04914873172352 -0.0651128804511178 0.9851832427556805 -0.1586640822390518 -12.83164836677202 0.690798139185984 0.15924412000184626 0.7052937268557119 101.44171340099592
0.7197105084818785 -0.0652013913428218 -0.6912058756605852 -56.794259192205665 -0.06451594874168196 0.9849917048136408 -0.16009070493404093 -13.018352439433734 0.6912701905468779 0.15981276549536866 0.7047023511000978 102.2015861927638
0.7178500556407392 -0.066951058497265 -0.6929710335812627 -57.53227758010035 -0.06363129416121867 0.9848895284698 -0.16107040421475188 -13.201547425047048 0.6932837485618397 0.15971904231064904 0.7027428203143828 102.95126828832136
0.7173365563559673 -0.06708787503267002 -0.6934893524337366 -58.253521801509706 -0.06230183205785675 0.9851893666172626 -0.15975103638634552 -13.381706461551927 0.6939356934454352 0.15780091548491637 0.7025326500843398 103.68040509817654
0.7166304192324304 -0.06722541699563918 -0.6942057227800084 -58.973880142663965 -0.061574277018101656 0.9853592676006399 -0.15898340216270682 -13.560638711526078 0.6947297680684551 0.15667755762486638 0.7019990685864601 104.40686987989704
0.715217673824148 -0.06857965676941911 -0.6955289424078366 -59.702179027195434 -0.060351922857969136 0.9853965048470009 -0.15922114697068562 -13.740698720179633 0.6962911204782958 0.15585428743766916 0.7006340818361437 105.14593296690869
0.7137537793137262 -0.0708437749883592 -0.6968046369397749 -60.4056651573617 -0.05914149056219232 0.9852221359356466 -0.1607470900404878 -13.91212284329715 0.6978952834125296 0.1559439078893475 0.6990162165377451 105.85205588838733
0.7136063130629644 -0.07269936010984208 -0.6967645463112355 -61.12053096175783 -0.05843867729797701 0.9849566591853985 -0.1626201110625667 -14.092174120907089 0.6981052577887845 0.15676473635980168 0.6986228356428785 106.56754509304236
0.7134358249704674 -0.07288467813567646 -0.6969197567451849 -61.83197324685838 -0.0592973323526867 0.984728643708146 -0.1636866660316911 -14.26963602684165 0.6982070968019186 0.15810541405585768 0.6982188253131407 107.27790039118244
0.7148982570201963 -0.07326773258636761 -0.6953792644817203 -62.545055347385556 -0.05959405825376661 0.9844920928709806 -0.16499656752600547 -14.448335908936302 0.6966843118158557 0.15939623093464142 0.6994453597197556 107.99264812833057
0.7175156251438386 -0.07183120149116475 -0.6928286990063144 -63.23825931689787 -0.062029827608165826 0.9841268936743994 -0.16627254022741858 -14.623973797903728 0.6937749117410832 0.1622791904068818 0.7016707462902663 108.6887181285716
0.7208276444815895 -0.07119831674083567 -0.689447827354902 -63.913683515610494 -0.0632973148383638 0.9837914719393673 -0.16777303023318746 -14.793253097964397 0.6902180502459901 0.16457563438323614 0.7046374271084238 109.36989901542488
0.7254697684246837 -0.07093686895059101 -0.6845886178759641 -64.5881616567217 -0.06358687871604798 0.9835119818838478 -0.169295275616471 -14.967922909267628 0.6853103851226734 0.16634945781214006 0.7089975556577192 110.06224021365172
0.7288865208901474 -0.06864782978265131 -0.6811842005880562 -65.26967605478488 -0.06623795191469613 0.9832218314120281 -0.1699628311158768 -15.143923110886298 0.681422756730947 0.1690038629762935 0.7121100483129607 110.76884154505365
0.7323209847271344 -0.06705167730105399 -0.6776503876626915 -65.94206640293702 -0.06767263605607121 0.9830480691847577 -0.17040219482548538 -15.318799021191092 0.677588658152941 0.1706474911718173 0.7153691663045464 111.46637731061975
0.7369742518043866 -0.0661720830185366 -0.6726739236854309 -66.61226959056935 -0.06808802234188634 0.9828663410471473 -0.17128273949865405 -15.500021384825097 0.6724826937482746 0.17203200593372417 0.7198416600499611 112.17325352049625
0.7411332026782402 -0.064564574885033 -0.6682462057937997 -67.26779609124797 -0.06927988621518236 0.9826958285189641 -0.17178243791912523 -15.677461485547012 0.6677738189341551 0.17360968947999905 0.72383548024724 112.87822980762871
0.7468083986709615 -0.06441073191429236 -0.6619127384246203 -67.91492378925548 -0.06872021595228914 0.9824966979087901 -0.17314089787740744 -15.85546052431849 0.6614792117625355 0.1747898630143901 0.7293104662579757 113.58136556500688
0.7528068295188656 -0.06417185691961749 -0.6551059839516368 -68.55997986814465 -0.07010497879948446 0.9817595534036743 -0.17672993874310658 -16.036517814504432 0.6544976465788689 0.17896969598260629 0.734576530078804 114.29740524999536
0.7582333716640189 -0.06319242809652607 -0.6489136083688484 -69.18695110080552 -0.07146177077824116 0.9812401790647369 -0.1790556514222359 -16.2114621019931 0.6480550666511696 0.1821384858295152 0.7394932065729067 114.9989048094184
0.7643135067852321 -0.06010856292206485 -0.6420372450326423 -69.8251003080927 -0.0739436956894461 0.9809090164701582 -0.17986058844375427 -16.394460642641604 0.6405912840598501 0.18494448375388525 0.7452773609305205 115.71793791809702
0.7707615902573066 -0.05935289125997118 -0.6343530604348889 -70.42740789495357 -0.07381403986857517 0.9806281233305737 -0.18143861565674915 -16.570879406070866 0.6328333576087058 0.18667007803137378 0.7514494151075325 116.42536040539564
0.7795924995717809 -0.05696806264750843 -0.6236907682895527 -71.01838229419157 -0.07364332984116068 0.9806072720355041 -0.18162058804274586 -16.74789391469033 0.6219422759238424 0.18752071317397537 0.7602787564764616 117.12821312095481
0.7864035044114599 -0.05685381313317515 -0.6150911901349205 -71.60442659620543 -0.07234576587556361 0.9804254756372314 -0.1831173855246593 -16.92751889877095 0.6134619942663548 0.18850339692887916 0.7668968972013255 117.84640178470595
