1.0 0.0 0.0 0.0 0.0 1.0 0.0 0.0 0.0 0.0 1.0 0.0
0.9998987975074967 0.0024598494155972004 0.014012276186077446 0.0018809557659551501 -0.0024368519002075854 0.9999956562557601 -0.0016580779318446973 0.009252496063709259 -0.014016293942365136 0.0016237642883749535 0.9999004484915771 0.075264573097229
0.9993678461893031 0.006534268351816578 0.034945834373498984 0.005506747491132809 -0.00645451802585567 0.9999763026445345 -0.002394440732277363 0.01659820154756543 -0.03496065216793701 0.00216736855955165 0.9993863393670737 0.1925120825974961
0.9980768253660225 0.008242527691145972 0.06143868003581479 0.023894890785968924 -0.008152110910176159 0.9999652879856834 -0.0017221821674022828 0.020957516101036428 -0.0614507425096778 0.0012180151765160583 0.9981093741088896 0.3321599398382857
0.9960237043811054 0.008591035081622126 0.08867341443277668 0.050090341888170256 -0.008512964599274746 0.9999629720216286 -0.0012585783263223216 0.028579236263783035 -0.08868094352605935 0.0004987002088742843 0.996059958814443 0.5028257646394331
0.9927176023245428 0.006498354948578433 0.12028937367021784 0.09088374881862955 -0.006548519352253003 0.9999785579810018 2.1737742383370136e-05 0.03560684238583532 -0.12028665316361654 -0.0008092967308485822 0.9927388710579924 0.6954029471961496
0.9879110645660927 0.005052033461752356 0.15493936060856486 0.14327267654455295 -0.0050716586898789245 0.999987102976232 -0.00026862489918045413 0.0389998981242709 -0.15493871945392781 -0.0005204220445163906 0.98792394564302 0.8893426394167643
0.9812407476089795 0.006226895081038987 0.192685809050436 0.19759899516736634 -0.006344027430582375 0.9999798764141848 -9.090211435757258e-06 0.047312046422678264 -0.19268198812481505 -0.0012134843722347776 0.9812605051197909 1.1005180835084225
0.9729747710809866 0.006635417656076991 0.2308160871179286 0.26735147616948784 -0.007143270794162741 0.9999735553749941 0.0013646366018402482 0.05613095461375904 -0.23080092833925744 -0.002976538799216673 0.9729964397131748 1.335244724301834
0.9631831046025859 0.0038982404441183097 0.2688179881063841 0.35544680242336757 -0.005347685300515096 0.999974843605191 0.00465987324943958 0.06207030823435288 -0.268793060308578 -0.005925865186960307 0.9631797209512539 1.5749417079968515
0.951841162130398 -0.0027809966994629008 0.30657897535808176 0.46460004403542693 0.00013307946211159002 0.9999625138808145 0.008657547171057885 0.06511993440105009 -0.30659155951217976 -0.008199810395363098 0.9518058513926935 1.82105176091026
0.9389192181738589 -0.005690010132365419 0.34409057750610234 0.5656957223551384 0.0019253682286628586 0.9999345077407675 0.011281541845548016 0.07112980696486769 -0.34413223432421075 -0.009929955383705114 0.9388686815977536 2.0340573831855018
0.9228138738012096 -0.005968487032354324 0.38519985914139404 0.6989599579793696 0.000628752692370207 0.999901983445276 0.013986714133588946 0.08065402648853394 -0.3852455827002524 -0.012664938402831567 0.9227271754669392 2.288180643463384
0.9050658621363912 -0.00799225819066425 0.4251963181923436 0.8538118315586175 0.00023580675456179182 0.9998326677766011 0.018291551106982808 0.08506043427027014 -0.42527135994619414 -0.016454794308608696 0.904916300081823 2.5596795357773003
0.8838978612383062 -0.013060602050759294 0.46749758456319335 1.0365265708923623 0.002905160278108866 0.9997440305457069 0.022437322299762218 0.09280751726223511 -0.46767096439923117 -0.018474145779889546 0.8837095535274001 2.855969637893665
0.8610209851560771 -0.017230578288442877 0.508277454047201 1.2113308334007606 0.0048428657631399315 0.9996583666611214 0.02568455986812602 0.09847594211948735 -0.50854636934311 -0.01965342556057299 0.8608102770597458 3.094266225069267
0.8362513737774891 -0.021019671195420142 0.547943257352528 1.4015345898031704 0.0060581840273016465 0.9995581959372347 0.02909830477866835 0.10770374990496538 -0.5483128105940565 -0.021013956256196765 0.8360092555593563 3.331068797924785
0.8090292294249267 -0.023856545860212443 0.587284063427341 1.6180920043185436 0.006568140508011773 0.9994805117695373 0.03155259297064126 0.11842204968553899 -0.5877317121496649 -0.021669605730689382 0.8087656414073858 3.5937018353222214
0.7789122424873849 -0.026180377738289302 0.6265862321538466 1.8446411015514772 0.006770865488817765 0.9994210830201511 0.03334147860189942 0.13011433170599135 -0.627096383248864 -0.021727554770591795 0.778638580780509 3.836683857101794
0.7461135764294591 -0.025398779742215924 0.6653340762769094 2.113271016153296 0.002548923523578113 0.9993737865306125 0.03529217738163851 0.15060460639820175 -0.6658138133566417 -0.02463608700813684 0.7457110896053611 4.105803403846003
0.7125870557276093 -0.02614851506496743 0.7010962438705218 2.3876999355269737 0.00032751835056295427 0.9993174955171233 0.03693827127944692 0.16367353727506742 -0.7015836234841767 -0.026092112089310435 0.7121092759861591 4.3563762431382305
0.6799811910541584 -0.026692919892344437 0.7327435211860894 2.6678000202170264 -0.001580254122499047 0.9992814617037152 0.03786902549835066 0.1811563220945725 -0.7332278517687912 -0.02690814603251756 0.6794504169309312 4.583883876440412
0.6466983477745851 -0.028724801640888357 0.7622047840025103 2.9773300005881347 -0.0018402225173032357 0.9992289541792799 0.039218754580804725 0.19533650070234293 -0.7627436401352086 -0.02676533019550103 0.6461468536894823 4.820918765308213
0.6153552156260755 -0.028188662265441564 0.7877457444642092 3.297401774624421 -0.004785387443184717 0.9992083572092016 0.039493783691960826 0.2151258596318244 -0.7882354081546991 -0.028072374373637358 0.6147331804353997 5.053855282066561
0.5878069451330615 -0.027411211299412173 0.8085367157701852 3.626463548814614 -0.0054880522586095645 0.9992677085985585 0.0378672395956362 0.23487775470974587 -0.8089826181913583 -0.026695918176483945 0.58722606500135 5.283804238527721
0.5574891043321781 -0.027121944221759973 0.8297411034127076 4.024875591887686 -0.005241811171248188 0.999331279099436 0.036187263355082634 0.2526969564636472 -0.8301677071330531 -0.024523351221170196 0.5569741316060669 5.539376018930364
0.5307827827645544 -0.025230521016079227 0.847132255512664 4.410830535738412 -0.0052136545973651156 0.999440647067453 0.03303347991251589 0.27189549439390537 -0.8474918615104546 -0.021950257370892068 0.5303543446365799 5.772305257892906
0.5083173842068749 -0.02317317145980424 0.860857967981696 4.828955508093037 -0.00516614299266149 0.9995378454204793 0.02995674446206527 0.2938780717278158 -0.8611543113052734 -0.01967484934327625 0.507962747082559 6.0136874432470755
0.4869550376702605 -0.02253628220779137 0.873136247828371 5.302847865155076 -0.005630337445015864 0.9995653051707236 0.028939592243392216 0.31629334693989963 -0.8734088908339616 -0.01900833194179176 0.4866164739597091 6.276040418872072
0.4708839008048716 -0.022250219496303812 0.8819145535113675 5.780969723678474 -0.005322041508691188 0.9995920511678442 0.028060775403434886 0.3360123015485408 -0.8821791359111641 -0.01790695324248516 0.4705733876757204 6.5275303891251415
0.4589961402124388 -0.02320955487217896 0.8881350459433062 6.300548648316229 -0.004343020942105421 0.9995881505429538 0.028366661122055267 0.35459009270842473 -0.8884276455847036 -0.016877377069687154 0.45870630331843915 6.785727369903618
0.4491313289196794 -0.024237221776551576 0.8931369472054088 6.844862210857215 -0.005888853327990787 0.9995299739545631 0.03008575365305234 0.37317868779396063 -0.8934463446616839 -0.018772007003647596 0.44877749605314526 7.062811144113276
0.44254101705513316 -0.024377108197366194 0.8964168699995235 7.377361242908867 -0.007923729139562942 0.999485127534685 0.03109170875808903 0.3897524589812872 -0.8967132555841536 -0.02086232088979774 0.44212000726811707 7.332311711964594
0.43165508462141733 -0.02519702841466755 0.9016867514162263 7.942578236363183 -0.009282380743061227 0.9994327803527934 0.0323721325220622 0.4114585834087859 -0.901990978518199 -0.022343395340805906 0.4311763529652647 7.606627558076231
0.4208711055251312 -0.025836581185958662 0.9067524378829512 8.549302996932898 -0.011364853480079484 0.9993656713889384 0.03375048080713628 0.42977845225647954 -0.9070492559058909 -0.024509710768548777 0.4203105059817228 7.900126224595557
0.410677087070936 -0.026626716889492044 0.9113919837822899 9.149921391605279 -0.01178677845781098 0.9993349419950244 0.034507181301690386 0.4469809924991812 -0.9117046681949794 -0.024913684101073585 0.41009011977368404 8.170492097095865
0.39941372928972624 -0.026982641799518252 0.9163736191621803 9.823954273060428 -0.01308432499423346 0.9992971894110442 0.03512730668060857 0.4691894697594196 -0.9166774096127377 -0.026020458810465667 0.3987799674368991 8.467992713976415
0.38799173927472647 -0.02873078280201097 0.9212149327785326 10.496032605468049 -0.014847789030326523 0.9991894590041719 0.037416148597381405 0.4941276203104468 -0.9215432455481856 -0.028195161544741706 0.38725066746228126 8.759530797292001
0.377443343500842 -0.030993599062972586 0.9255138676778591 11.15482500338357 -0.017056456654193388 0.9990375215922345 0.040411727719189335 0.5191945316784202 -0.9258755854505019 -0.03103912479387875 0.3765514214535925 9.03498213572357
0.3649734010988424 -0.0335717760855412 0.9304124635562476 11.86980183256457 -0.01697350899518584 0.9989436286754154 0.04270277182085695 0.5432650006907949 -0.9308632104035124 -0.031377740187210956 0.3640180228203132 9.312419246796853
0.35331790227903576 -0.0349940531321807 0.9348485846245499 12.586113136950335 -0.018571422283257526 0.9988408274859136 0.04440837332792799 0.5664717741960685 -0.9353189628161717 -0.03305174114381591 0.3522584565398587 9.585871687553013
0.3389994698837031 -0.034987819473340336 0.9401357412135065 13.302006441621067 -0.020077048461004936 0.9988115823920978 0.04441097842300218 0.5924431523122621 -0.9405723106405284 -0.03393044897868068 0.33789414479751256 9.844642079035202
0.3261912300639002 -0.03274515643996248 0.9447364903289818 14.008729450817897 -0.02225365823763922 0.9988568955714321 0.04230457261861618 0.6189261749375703 -0.9450418277115792 -0.034823223560201906 0.3250896599039012 10.091525714282811
0.3106536027652551 -0.031465405120176794 0.9500022459813401 14.707723134639679 -0.023497048621159575 0.9988923029749235 0.040768318134909616 0.6433973038166664 -0.9502327229658335 -0.0349870738713241 0.30957014853964937 10.327127760830878
0.2902716301322086 -0.028929213490267457 0.9565069165182368 15.434668844453437 -0.02697633303384814 0.9988983345231633 0.03839784815452235 0.6652460227377055 -0.9565639854167821 -0.03694885510655735 0.289171443800866 10.549712043951818
0.2678002303959813 -0.027058679567059537 0.9630944213626961 16.16316031486243 -0.03029691270215761 0.9988747146280028 0.03648837564956439 0.6895001181459801 -0.9629979925631086 -0.038950383013689055 0.26667908426142034 10.76180527426099
0.24253230308372514 -0.025631440606399762 0.9698046768361891 16.88005806576601 -0.03429669366031095 0.9987995294364929 0.034974802378451464 0.7121344340002059 -0.9695369094391794 -0.04174361328253161 0.24136207652662328 10.953132659603158
0.21116942049245546 -0.025783360135377822 0.9771093563102392 17.625769320753204 -0.03752798210469434 0.9987011144498202 0.034463525005967194 0.7323557822356644 -0.9767287885631458 -0.043946585041577405 0.20992753810577858 11.125727607290326
0.17868622109420518 -0.025682367941829314 0.9835708669780606 18.368778203480396 -0.03851837901416779 0.9987103462638965 0.0330753494852169 0.7531037060309504 -0.9831518544300236 -0.043795664652438115 0.17746653455921613 11.260125710056696
0.14425176088221103 -0.024914285695141012 0.9892273287018927 19.114317734529763 -0.03944281313535956 0.9987437645452815 0.03090561880772564 0.7718106745091093 -0.9887546176753617 -0.04347609860854846 0.14308785719071082 11.368200877889155
0.11055664165477175 -0.02339502841567673 0.9935944351854273 19.882277136189177 -0.04121999536828738 0.9987547898132265 0.028103056897360437 0.7916059678267048 -0.9930146730878939 -0.04406293760710456 0.10945463243543263 11.461298092311091
0.07901020102417955 -0.02169138790609913 0.9966377836630648 20.616914076690367 -0.044234297997569144 0.9987022150109923 0.02524307058976657 0.8084919152538284 -0.9958919193440526 -0.04608003279995387 0.07794815945469258 11.529898213975681
0.04601384325297364 -0.018652572160614188 0.9987666433060747 21.384080206645898 -0.04389273321179136 0.9988222765601281 0.020675778544989268 0.8196202279381932 -0.9979760288705783 -0.04478996984857225 0.0451409392976565 11.56315295091069
0.01499541096006135 -0.01570729976228772 0.9997641813869492 22.122050862634595 -0.04166776309653006 0.9989982218891743 0.016320238380604195 0.8289508590745639 -0.9990189863904843 -0.04190266574391103 0.01432590084021751 11.5678358967218
-0.01615545573536359 -0.011689999086062683 0.999801152815574 22.8601289727588 -0.03852962083969009 0.9991962455997713 0.011060338931137887 0.8331545972972659 -0.9991268535916412 -0.038343274517049 -0.016592881949131 11.545689830549836
-0.04731899676415069 -0.00909462579129298 0.9988384255358576 23.586381212499624 -0.03622471492517367 0.9993163979938906 0.0073828672686220495 0.8353922484542982 -0.9982227619994568 -0.035833287348951665 -0.047616099629676334 11.503754944584825
-0.07530849993442984 -0.006198869699850826 0.9971410150285017 24.278139959451806 -0.03099625402744722 0.9995119983942247 0.0038726350525049406 0.8339643425816812 -0.9966784145720687 -0.030615993866412363 -0.07546389100543288 11.442881208348917
-0.10455362112972527 0.001029446940637441 0.9945187180479099 25.015452422385096 -0.02719197654183688 0.9996226476526564 -0.003893419016930945 0.8267828631408685 -0.994147442143473 -0.02745000070837192 -0.10448617487830786 11.356797824931943
-0.12812760048122845 0.011433897793497252 0.991691778717647 25.77931818346917 -0.024925489376676713 0.9995805607978185 -0.014745251929073652 0.8158495264721152 -0.9914444200126681 -0.026607676643527756 -0.12778886324471933 11.257376358496021
-0.1485859840751828 0.02431887757186899 0.9886004235939079 26.5019955136522 -0.026244212080438572 0.9992484919094529 -0.0285253001554998 0.8033984007686813 -0.9885511856594411 -0.03018349897425483 -0.14783609072545406 11.149550059150638
-0.17159125511387752 0.03723315091104543 0.9844643892196812 27.25885836054023 -0.02764625973220653 0.9987100284415018 -0.042590649363381 0.7792397361516562 -0.9847802422323795 -0.03452494118185297 -0.17034054991435832 11.026005761255355
-0.19488356508968563 0.046765319908617216 0.9797108761832642 28.003193419359917 -0.024673827389419152 0.9983128292324203 -0.05256136634371282 0.7471205883830696 -0.9805159857441854 -0.03441656350953022 -0.1934008838043484 10.879787364411222
-0.2196959606540328 0.05051691603941466 0.9742595783805097 28.741454130829254 -0.022876285645188094 0.9981170443525751 -0.056912576184524444 0.7063464114144716 -0.9753001386380407 -0.03479090350574798 -0.21812664350297123 10.715864919524606
-0.24269656927700017 0.05004831623212026 0.9688103742753296 29.440389918834132 -0.021199086420866348 0.9981562230322742 -0.05687489038992226 0.6679584254137508 -0.9698705965210488 -0.03434123562533413 -0.24118811235139764 10.545444771420767
-0.26278890473415867 0.046199961814000164 0.9637466238991482 30.140348090806174 -0.01974348016243708 0.9983863308549672 -0.05324405462614248 0.6223144234124817 -0.9646513289990829 -0.03301965914937823 -0.261452702357352 10.361487512807209
-0.2808721964946673 0.04430809482072934 0.9587218585020466 30.834528995726224 -0.015233347745240008 0.9986021052915286 -0.05061403386215384 0.5769454841385006 -0.9596242777007747 -0.02882061832584308 -0.27980460612109737 10.158156345970731
-0.29561878778358436 0.04410387622640865 0.9542873678358997 31.54466585227103 -0.01413622116783053 0.9986223931222633 -0.050532001799432104 0.5323397776937319 -0.9552013921474666 -0.02842822640562114 -0.2945880791596503 9.942497003012734
-0.3056901597698526 0.04687046372780811 0.9509767010026178 32.25831111867316 -0.013402491495436958 0.9984768421359762 -0.053519799512737755 0.4867546557623517 -0.9520367111837635 -0.029105933211445563 -0.30459636440754523 9.720551312422693
-0.3142980034074949 0.048757443322804225 0.9480714513024248 32.98012076828608 -0.013689257357630605 0.9983435868102165 -0.05588100668302801 0.43938134675322515 -0.9492256682617991 -0.030541682919177825 -0.3131099428593822 9.483010369891524
-0.32200603661222427 0.05026866137263679 0.9454021229450938 33.69332913835729 -0.018533077331359452 0.9980633263753481 -0.05938115516900437 0.3923485211671096 -0.9465561987700027 -0.03664230107919941 -0.3204507830255757 9.249147059615794
-0.3320464711505518 0.04962623341002533 0.9419566752000855 34.40078956939537 -0.019239499683977375 0.9980510042422346 -0.05936357960043584 0.34271508241478543 -0.9430667964934275 -0.03783424227602203 -0.33044453008488933 9.003634886745752
-0.339461283076207 0.049190727355585155 0.9393329067133144 35.122188819743386 -0.019464660270647326 0.9980504254314637 -0.05929987602536077 0.2888160918651242 -0.9404186112007801 -0.03841380791204328 -0.33784199719527624 8.748413937987042
-0.3468069050277524 0.05067274656427684 0.9365667319420995 35.816121141173696 -0.018019137508186112 0.9979952978835973 -0.06066874059753785 0.24063296535917633 -0.9377634463490955 -0.03791646288702083 -0.3451985813030009 8.494559635688557
-0.3538012008322155 0.05244567355467901 0.9338491107320703 36.53179171752836 -0.01900111972866512 0.9978176368762761 -0.06323702228680059 0.19172894260492482 -0.9351276210971096 -0.040117513183651136 -0.352032551615927 8.230604807909423
-0.355230994762975 0.05225304501412252 0.9333169663337635 37.264125436331774 -0.0226979548436428 0.997659894950647 -0.06449447149159326 0.14043241126514328 -0.9345029391102113 -0.04409482162132046 -0.35321367966226996 7.966527194175012
-0.3561029032117409 0.05158619207624953 0.9330217506099427 37.97227251196355 -0.022986593718521152 0.9976893074984776 -0.06393482785171344 0.09094263271377134 -0.9341639785569713 -0.04421436972615213 -0.35409426806477673 7.707892829446877
-0.35533460986934523 0.049109105880137206 0.9334482367805159 38.72028322403683 -0.02770540330750578 0.99762686327873 -0.06303215284449061 0.03549706893935894 -0.9343284891603001 -0.04825906530690635 -0.3531307646738459 7.440420499530757
-0.3509857045162355 0.04819252609992519 0.9351398374860042 39.471141771493755 -0.032072919340895234 0.9974699795322197 -0.06344263374849837 -0.013761271400971553 -0.9358313753397002 -0.05226012208272868 -0.3485520284974742 7.174698821511781
-0.3451051374249007 0.04700897724471446 0.9373860465045052 40.20409088876549 -0.0368167056574556 0.9972981803409602 -0.06356783520886908 -0.05958944059423039 -0.9378416573747792 -0.05644905266712255 -0.3424420099016937 6.922340898633766
-0.3407308048438642 0.046100459288543644 0.9390299602695529 40.99751853351335 -0.04066465353893446 0.9971397084991747 -0.06370861548283471 -0.11520356709750076 -0.9392810572895693 -0.059892815825995295 -0.3378815562137454 6.647742686445761
-0.336417470760732 0.044572936689849754 0.9406575033888771 41.80741890290436 -0.04567768948948078 0.9969311331353192 -0.06357565940225413 -0.1712549955774897 -0.9406045045872655 -0.0643550238937994 -0.3333490615702613 6.373816785919506
-0.3359387498206562 0.04342928687290661 0.9408820613714801 42.62135575687824 -0.049958585232684795 0.9967086458313852 -0.0638436769501525 -0.2254229354294721 -0.9405579706378993 -0.06845270167551931 -0.3326633906861999 6.09980578135334
-0.33629194044561983 0.04180178681801407 0.940829602749691 43.44899829017472 -0.053932409318419444 0.9965200459954046 -0.06355386026377434 -0.28338632395404584 -0.9402122239241684 -0.07211385822529674 -0.3328671888838425 5.82263641733475
-0.3373829238532248 0.041246037618963984 0.9404634639755998 44.281569035642214 -0.05612488235676507 0.9963811419728694 -0.06383273064251699 -0.34045584845720056 -0.9396929074291709 -0.074319474578174 -0.3338470539419746 5.5367902611940485
-0.33987332846057366 0.04126185964446122 0.9395656334390973 45.13145083065233 -0.05733386904871482 0.9962698660438838 -0.06449171631153111 -0.40154467568802654 -0.9387219759124829 -0.07578794727120514 -0.33623985335974255 5.243420517936752
-0.33965615770153373 0.04021604540511938 0.9396895041594346 46.01504034651507 -0.05976464162358774 0.9961436293139636 -0.06423439412658008 -0.4660779047921398 -0.9386489664123829 -0.07797781395485562 -0.335942820110487 4.934219889838355
-0.34030678678537146 0.039408631880996546 0.9394882918914338 46.892918932725756 -0.06178686738115625 0.996024976625753 -0.06416096131520856 -0.5322240460913555 -0.9382822996769358 -0.07988244907948418 -0.33651912344178075 4.6289838345904855
-0.34115734098537337 0.03873775528877127 0.9392076740566897 47.77930765782688 -0.06404571426170667 0.9958708095568212 -0.06433876869624917 -0.5985606733540291 -0.9378218461821508 -0.08210186957572223 -0.3372676501469917 4.314429096466005
-0.3408882110126014 0.0377010199645118 0.9393475718211357 48.696950766704916 -0.06705442888821683 0.9956755301658038 -0.0642957401039974 -0.6676354847721219 -0.9377094065642635 -0.08490507477578234 -0.33688602986502064 3.9949000085631505
-0.34080262281754686 0.037448502966376356 0.9393887277939088 49.614610084316055 -0.0683936992655389 0.9955711617421432 -0.06450088222787644 -0.7434348284082295 -0.9376437885367002 -0.08623033997947975 -0.3367320214734075 3.670592152760124
-0.34003398241752125 0.03675893184744196 0.9396944565818808 50.51966538267191 -0.07266248309543731 0.9952215546823382 -0.06522438689689135 -0.8132577240683976 -0.9376017567985282 -0.09045904059354822 -0.3357381533624212 3.3570249801356593
-0.3392081708069771 0.03537571338038949 0.9400459434307523 51.400309013605096 -0.07525795932549527 0.995069216461123 -0.06460258516196464 -0.8821726224760411 -0.9376961429034177 -0.09265966411700037 -0.33487330474341775 3.0544844959207564
-0.3378412438213213 0.033665560255116814 0.9406008313976613 52.324562609895125 -0.07449929200615721 0.9952680660791307 -0.06238054290953757 -0.9559454021120554 -0.9382500463436407 -0.09114881620633608 -0.33373454097581756 2.730285604454284
-0.3352591602806472 0.03192707086039009 0.9415848116841046 53.23848933522503 -0.07547504862303847 0.995303211098965 -0.06062206703370399 -1.0303279456715257 -0.939097871621092 -0.09139026273276903 -0.33127482155209154 2.4152730341127726
-0.33324577552183554 0.03201419737073036 0.9422963144699008 54.11738467726131 -0.0766335551099052 0.9951969082196435 -0.06091315212069994 -1.1007189793500973 -0.9397204644616757 -0.0925105671627319 -0.3291918037180789 2.1117393110856733
-0.331642795164306 0.032141444176556414 0.9428573508128638 55.04334291445752 -0.07821425964051962 0.9950420502578798 -0.06143165151191006 -1.1714518929672169 -0.9401572134512887 -0.09411825425941923 -0.32748460759349857 1.79715587855065
-0.3289826722591213 0.031890995634727526 0.9437973117945788 55.94634167117192 -0.08094338489116401 0.9947991430694094 -0.061829065905362454 -1.2466087553057983 -0.9408605474753464 -0.09673484039266599 -0.324690315313834 1.4941050261049784
-0.32892623962264156 0.0326521622443451 0.9437909541781369 56.84400070830282 -0.08471675846366598 0.9943522840019565 -0.06392656830693946 -1.3193819672550895 -0.9405480315874983 -0.10098203603048359 -0.32430237229477776 1.1949356390599624
-0.32976003197697773 0.03447428058559221 0.9434351304083649 57.74807825176514 -0.08917400345754578 0.993727475292556 -0.06748112296069178 -1.3923886048870604 -0.9398437734101855 -0.10638246484636577 -0.32461739441273857 0.8928836637393764
-0.33243745316219964 0.03378078894807972 0.9425201313675353 58.64933958522204 -0.09322648398379703 0.9932869628761856 -0.06848234855948124 -1.4691758144326903 -0.938506346499079 -0.11063393547302175 -0.32705652401794727 0.5913488717897244
-0.3359398705769059 0.03254253787852357 0.9413210858071739 59.56230012459132 -0.09424625313695753 0.9932258033276885 -0.06797166596246082 -1.5468512706832116 -0.9371563621543719 -0.1115503780024644 -0.33059713556092873 0.2755570555729444
-0.3403355167015213 0.030494201548690508 0.9398094699157996 60.45061682766368 -0.09342261264678339 0.9934322165971479 -0.06606547111106215 -1.6233737681024303 -0.9356516186689133 -0.11028388231643535 -0.3352514187642718 -0.03311952631955317
-0.34401675268441767 0.029436689100437376 0.9385019740028642 61.31741942480973 -0.09554087319964558 0.9932234798505766 -0.06617447107277175 -1.6957566007955847 -0.9340901537971149 -0.11243042474488857 -0.33887310924735015 -0.33466116278241276
-0.34831876481664087 0.031074755573751438 0.9368609275888503 62.20623780145085 -0.09656083663822379 0.9929439342555553 -0.06883566119988709 -1.7769381227907097 -0.932389426636926 -0.11444082746612323 -0.34286040031554116 -0.6494498043807857
-0.3520445089701915 0.03329936760407146 0.9353907289582819 63.05834588137895 -0.09829688098141695 0.9925252248283107 -0.07232842642306463 -1.8490254290972548 -0.9308073844213218 -0.11740881652022746 -0.3461398314410777 -0.9585381773261218
-0.35774519587121445 0.03529291308195715 0.9331520696634905 63.88642100886939 -0.10003322616741589 0.9920870948195797 -0.07587193127227604 -1.9237374032858319 -0.9284458672930831 -0.12048903094736788 -0.3513839281011003 -1.2639597626159942
-0.36120479952997947 0.036530069341779395 0.9317707050720108 64.70937964314975 -0.10147251216608826 0.9917586661496018 -0.07821813978781222 -1.997461641029394 -0.9269489856897253 -0.12280188170808887 -0.354521192282975 -1.5707502067338233
-0.3625326668647319 0.03652187759054133 0.931255184100044 65.53004438103056 -0.10202222572131568 0.9916714427220215 -0.07860798399967794 -2.0775561003520346 -0.9263700831281279 -0.12350668867266348 -0.35578724954430213 -1.8796229914938771
-0.3645698266198605 0.031634239823943484 0.9306385530318021 66.39428820736201 -0.10078088487621348 0.9922116232673005 -0.07320729401388895 -2.155467810900444 -0.9257062464745133 -0.12047974736041656 -0.3585422927829267 -2.2071571566326185
-0.3660739355044367 0.025726418819496173 0.9302300925679718 67.20323854433742 -0.09847896816208734 0.9929337654905063 -0.0662150298540668 -2.229468019577915 -0.9253603441762697 -0.11584769623763885 -0.36095366004849927 -2.5157107687748694
-0.3663768704754561 0.023701538522387933 0.9301646229847073 68.00567400963743 -0.09866886486476545 0.9930493065588133 -0.06416798149668405 -2.303543836663035 -0.9252202137258511 -0.11528795173274566 -0.36149169326328734 -2.8196876475286183
-0.3661289118356757 0.02868461830337208 0.9301219342595971 68.83179883519534 -0.09881004798283557 0.9926757220658424 -0.0695088860411985 -2.37747092767518 -0.9253032985652078 -0.11735460576325259 -0.3606129534147349 -3.1381661179924345
-0.3651101326567809 0.033458425646252656 0.9303628995099829 69.63370929828476 -0.09984979974193087 0.9921819509346732 -0.07486650606888658 -2.4515124820676375 -0.9255941921397544 -0.12023106916575478 -0.35891486662496347 -3.4457673516799403
-0.3635344437327446 0.036720146944807464 0.9308567768611214 70.45528148888468 -0.09672540698318893 0.9923343589508427 -0.07692019038949936 -2.5288743061116636 -0.9265456836356535 -0.11800063921001493 -0.3571959480203653 -3.7646507755300016
-0.3598045139889649 0.036599037965741224 0.9323096170978541 71.26361568033943 -0.09596973443924321 0.9924787361093093 -0.07599847658031898 -2.605275018157026 -0.9280789415695337 -0.11681810129791696 -0.3535859293358882 -4.069922562623196
-0.3554069482024968 0.03484252002460096 0.9340620428899375 72.04457743456759 -0.09729582058366683 0.9924974371426896 -0.0740429642987402 -2.678339562385761 -0.9296340271667873 -0.11719571691631432 -0.3493504536566862 -4.355096045739932
-0.351695518184254 0.031494042003484365 0.9355845166565078 72.87337969419191 -0.10011960096991095 0.9924358172842829 -0.0710437475989463 -2.749089753447745 -0.9307450391974885 -0.11865611610683935 -0.345882058106091 -4.652397699282141
-0.3482947884276869 0.02737463096787828 0.9369852559851117 73.70302122238363 -0.10295307091721001 0.9924093379149992 -0.06726344629759175 -2.8222758040722296 -0.931714229548325 -0.11989301730495218 -0.3428326980593971 -4.940880565058549
-0.3470994273233205 0.02547284894207228 0.9374823313100882 74.52118857489737 -0.1076614208618129 0.991939985523272 -0.06681379781233204 -2.89310876836326 -0.9316281479269715 -0.12412171077964546 -0.34155935780372854 -5.220630640349359
-0.34492398059933355 0.023575285711887516 0.9383345104551541 75.34074656620972 -0.11372639729236236 0.9912699242973537 -0.06671014722228505 -2.957851893933415 -0.9317154899251223 -0.12972333285543533 -0.3392316358278921 -5.498049383817571
-0.34074567909153364 0.022946634901232082 0.9398754354312913 76.12765889367368 -0.11404164414564918 0.9913112693842475 -0.0655474682375239 -3.025895554672652 -0.9332132047828121 -0.12951995652601822 -0.33516815970567915 -5.765417303831406
-0.33785984212697634 0.025255009358553536 0.9408575405342905 76.91149964071356 -0.11229082296376133 0.9914183778434853 -0.06693557463945156 -3.0964514020780283 -0.934473915182257 -0.12826451019861945 -0.3321245508351534 -6.037003421810386
-0.333187514779619 0.026998248008414737 0.9424739649451634 77.73468609158681 -0.11328167561047656 0.991202783578913 -0.06844197393630212 -3.1683218873447068 -0.9360306308908186 -0.12956904117068563 -0.3271979853303581 -6.315343427475431
-0.326023712645231 0.028757099892053967 0.9449241070047999 78.51849106351578 -0.11122225668506514 0.9914287261848643 -0.06854699492566416 -3.233520587798547 -0.9387961165295166 -0.12744453735353264 -0.3200308445882094 -6.582532249928923
-0.3169821750255818 0.029892919950774664 0.9479602913903452 79.33751430492757 -0.10838741928506945 0.9918131824417576 -0.06751872685022617 -3.3039015911291263 -0.9422178453291862 -0.12414920246046479 -0.3111470833410729 -6.843635784457663
-0.30497532750666767 0.030229677409465062 0.9518803581416735 80.12892424426306 -0.11296376082937604 0.9912917899532202 -0.06767404163063237 -3.361820714059491 -0.9456369484910605 -0.12816689812529877 -0.29890468024682215 -7.086941374409287
-0.2953557632443477 0.029406896716093416 0.9549346614003903 80.95971583513412 -0.11597465618180436 0.9910309841538678 -0.06638876087508298 -3.430562015579497 -0.9483221247244321 -0.13035652217110466 -0.28929625798753994 -7.333352522417991
-0.2838782035697194 0.026838959787775785 0.9584846559937927 81.77361434863538 -0.11809384086258601 0.9910193016456728 -0.06272629844049006 -3.4922377362455026 -0.9515603030225417 -0.13099776335202584 -0.27815926320799655 -7.561719201145995
-0.27221098234926294 0.025408220660250357 0.9619020757911528 82.53089772140974 -0.12250620589706385 0.9906015229786587 -0.06083462985066661 -3.549045922242943 -0.9544073609340799 -0.1343988281021879 -0.26653994897501404 -7.764165485417006
-0.2609384620208495 0.025524906382676224 0.9650179263580284 83.3251477423591 -0.12441048549219323 0.9904249284534119 -0.059837214153490074 -3.609399173607207 -0.9573051499588782 -0.1356721793596958 -0.2552643915825317 -7.975347547161092
-0.24715924972519965 0.025780017268238607 0.9686318681444079 84.10551439897942 -0.1251664775352587 0.9904214839955774 -0.05829782964582622 -3.67132438327035 -0.9608567313479632 -0.13564908679990262 -0.24156503694380216 -8.170939653792924
-0.23516396405487033 0.028975797749829967 0.9715237069442827 84.86975877273166 -0.12595617557756003 0.9902183651377536 -0.060021922476620894 -3.7315165419684853 -0.9637597998691761 -0.13648440382943236 -0.22921399535684966 -8.351208220958213
-0.22401790370884067 0.035358998028729306 0.9739433864841944 85.66482903009896 -0.12586899695767215 0.9899223364879806 -0.06489039472099892 -3.796503099158954 -0.9664227720944731 -0.13712588734656136 -0.21730972503929047 -8.529468322351946
-0.21114911097792854 0.03852838893534564 0.976694228599349 86.48454969808321 -0.1313836620373573 0.9890364213870011 -0.06741876978741194 -3.8584117816230235 -0.9685837012271494 -0.14255707774797188 -0.20377216026993195 -8.695429115422439
-0.19936542137813795 0.03660981130620954 0.9792411094693899 87.33067318309193 -0.1346339733504344 0.9888019091364131 -0.06437761806761322 -3.920276582842433 -0.9706323309979904 -0.14467379238932215 -0.19220398491472368 -8.856377098243081
-0.18621611962277912 0.033861412046562664 0.981925130326568 88.14948049576037 -0.13595202117429545 0.9889038826928711 -0.05988454503115099 -3.981487974844422 -0.9730573491481674 -0.14464617371080693 -0.17954631630742063 -9.000485265124306
-0.17502690680053679 0.03506324931720063 0.9839390989503143 88.92411645489297 -0.1386544923680934 0.9885281876984926 -0.059891183588908777 -4.038043113162879 -0.974751513793122 -0.1469101448942648 -0.16815735394315512 -9.11979284934611
-0.16806367569659414 0.040304427972372124 0.9849518536442124 89.74668763316947 -0.14182178629464684 0.9877808004533613 -0.06461943351587475 -4.098986445358207 -0.9755209797044581 -0.15054781081615537 -0.16029402613609017 -9.243988783830973
-0.16352846990856507 0.04735689542525938 0.9854013212823721 90.5954460655565 -0.1459750432227359 0.9866906727077549 -0.07164358413450969 -4.1677551266804596 -0.975679110304963 -0.15555976615821723 -0.15443909112435517 -9.36557474928073
-0.1605490831829034 0.0500498263085017 0.9857580873498417 91.40805996959548 -0.14945594261231004 0.9859651412588285 -0.07440202578105332 -4.2362564517399175 -0.9756469203082616 -0.1592725811586773 -0.15081555551088732 -9.47813587497656
-0.1592905772918844 0.04962345958147883 0.9859837849808603 92.23493199840752 -0.15393415433495256 0.9852717963671631 -0.07445645312937338 -4.307833139912916 -0.9751568018094326 -0.16363679153108848 -0.14930576794688782 -9.592007198701765
-0.15662195700097914 0.04915492396593104 0.9864346689138046 93.04446581022619 -0.15859071825538415 0.9845492407724762 -0.0742413400847681 -4.3753197108927395 -0.9748428317777307 -0.16806720662950395 -0.14640651415606765 -9.70096946352175
-0.1532524412311621 0.04656911021118874 0.9870891587039275 93.83007444266423 -0.16378989246687903 0.9838754384009905 -0.07184700993741541 -4.440361138148727 -0.9745186300848113 -0.17268595682740684 -0.14315376324856277 -9.804274930581798
-0.1491200302611137 0.04302886978548016 0.9878824489482081 94.6105759521719 -0.16612453466903 0.9837625360922373 -0.06792577980684802 -4.505498952202053 -0.9747645128726852 -0.17424060647952974 -0.1395505481813772 -9.906581452527986
-0.14617792589016915 0.040176374895794245 0.9884421444286362 95.36665515623054 -0.16856256256017849 0.9835516735716376 -0.06490583885581241 -4.564479958603696 -0.9747916066963207 -0.1761021417094732 -0.13700131094169316 -10.002028284875136
-0.14501526361022127 0.03973297278799691 0.9886313085238028 96.1529637237019 -0.17527207599947703 0.9823593652496929 -0.06519031278536852 -4.625045661687138 -0.973781429631358 -0.18273305223644937 -0.135493021685471 -10.095509649935613
-0.14230807621252856 0.04079741307389817 0.9889812852279699 96.9266043495261 -0.18395598929232282 0.9806535456862433 -0.06692396683163815 -4.686272603611512 -0.9725783286955206 -0.19145285168802556 -0.13204999103502785 -10.18397973429899
-0.13710386995350793 0.04198620029060185 0.98966645281576 97.70435340435253 -0.1865831441987209 0.9801224256103915 -0.06742967534047524 -4.75314525917105 -0.9728254001333904 -0.19389994791324738 -0.1265446603162262 -10.27668536171458
-0.13304143843021243 0.04430867850272449 0.990119546655737 98.5344990504898 -0.18838028115712988 0.9796584760032102 -0.06915301921267343 -4.823846485542615 -0.9730430850335358 -0.1957192157260239 -0.12198829150377277 -10.372391691461354
-0.12698325745692696 0.041156024415249404 0.991050671751934 99.35087573682894 -0.19324659708431216 0.9789671312026499 -0.0654148969286632 -4.889091411488417 -0.9728982500965667 -0.19982376655239364 -0.11635917359560954 -10.461306931044147
-0.1221076462092146 0.037646073578195924 0.9918026496644332 100.17814733032905 -0.19537561450408214 0.9788166571297809 -0.06120719714570533 -4.951609777307687 -0.9730971647242621 -0.20124791891949095 -0.11216587331348343 -10.542388816177189
-0.11643358416496935 0.03526777787670128 0.9925721154264505 100.96907004344163 -0.19676122441633853 0.978742834008653 -0.05785745797124184 -5.008290267033741 -0.9735133491866882 -0.20203625595508942 -0.1070192049819439 -10.617552824217514
-0.11197906220739418 0.038656536847180456 0.9929583887485595 101.75548945783636 -0.20028606427624718 0.977858064806308 -0.06065556487242982 -5.064135359202896 -0.9733171025333335 -0.20566788094460722 -0.10175726344527614 -10.68948243397539
-0.10735072528154088 0.04094745901244509 0.9933776358374248 102.56249730778829 -0.20092012666701742 0.9776429138134215 -0.06201157771346022 -5.124760594796778 -0.9737078229539068 -0.20624654826403027 -0.0967235072127568 -10.759424673083352
-0.10365360123796613 0.04215510923861891 0.9937197178860251 103.36571431572928 -0.2022875370035348 0.9773259424390941 -0.06256000806090593 -5.180777788432585 -0.9738252837770462 -0.2075016843320005 -0.09277590029710608 -10.82559180800062
-0.09938710021582003 0.04093756055752397 0.9942063771905156 104.19120977349657 -0.20299026283455135 0.9773078314325971 -0.060533922843923726 -5.244622478392865 -0.9741237896207291 -0.2078305048738356 -0.0888218652069202 -10.89076533019269
-0.09098352750846572 0.039656428775370595 0.995062493202764 105.01881980753298 -0.2035265890866478 0.9773759038043264 -0.057561012824927815 -5.308360001263802 -0.9748327678411676 -0.20775877916338614 -0.08085396974588377 -10.95276699684019
-0.08392235615293342 0.03949170837049264 0.9956894310515305 105.80404382467499 -0.20408510375838224 0.9773520829066453 -0.05596585085543421 -5.366315017309842 -0.975349326427035 -0.20790216691516783 -0.07396202018811504 -11.007507101570052
-0.07842595757883519 0.039366215799125026 0.9961423945558687 106.60415788458683 -0.2047898513938432 0.9772738897859634 -0.05474359422526877 -5.424904364174208 -0.975659000852209 -0.20829317174662731 -0.06858183913981641 -11.056235374103423
-0.0711791307140921 0.039711415625750604 0.9966727320539001 107.41284373070556 -0.21045288410465718 0.9761157612230903 -0.053922205666115 -5.474841769370454 -0.9750092896597541 -0.213590786694712 -0.06112168940986584 -11.098154070518216
-0.06498140398696783 0.0396394736800654 0.9970988563137809 108.20031831753344 -0.21539912177722034 0.9750974909410792 -0.05280247624888655 -5.525508978133502 -0.9743616553792974 -0.2182053970157004 -0.054824896167123605 -11.134481058561786
-0.06157261779676826 0.03918315358586974 0.9973331906703594 108.99849438744545 -0.2175367785270859 0.9746806909768194 -0.05172330833393969 -5.581456428817405 -0.9741080857511198 -0.22014138891179996 -0.05148986465580363 -11.170249063859139
-0.05745338236137559 0.039390435966439374 0.9975708007001867 109.81500874444649 -0.2213705949712127 0.973844602009593 -0.05120303525054677 -5.632142938139518 -0.9734958492655883 -0.22377462923922203 -0.047230782033752694 -11.204822006033313
-0.05422685628157442 0.04058764341087316 0.9977034084637427 110.61121453547545 -0.22488864094117017 0.9730062878213008 -0.05180601351045913 -5.678532487601413 -0.9728743738188664 -0.2271814408409372 -0.043635372165077735 -11.233841792736623
-0.05077740853392548 0.03928211544161905 0.9979371574347806 111.43713508332627 -0.22778641808728775 0.9724332775718063 -0.04986851116604288 -5.7288328688869745 -0.9723862414275215 -0.2298487243327352 -0.04042970943591012 -11.256617328304406
-0.046371566928548213 0.03759569891897439 0.9982165302194634 112.24718904012414 -0.22947900985369607 0.972164839099958 -0.04727483108716678 -5.776925960982237 -0.9722083428037214 -0.23126194896814894 -0.03645338313922103 -11.277047050067294
-0.04360726414218974 0.03643910912844772 0.9983839931809598 113.06666829567229 -0.2311895910943138 0.9718409909815644 -0.04556820402007841 -5.828968585075672 -0.9719309540721902 -0.23280309184780298 -0.03395498405869357 -11.294682518116476
