1.0 0.0 0.0 0.0 0.0 1.0 0.0 0.0 0.0 0.0 1.0 0.0
0.9998777242659377 -0.00940730226914542 0.012491564385084988 0.027557460591197014 0.00938062557775619 0.9999535974260968 0.002192454874718515 -0.00361491646617651 -0.012511609830063379 -0.002075008102312393 0.9999195737462268 0.411887526512146
0.9995878214184246 -0.018575771157011502 0.02188899261936003 0.05293225252896587 0.018511099626116693 0.9998236818815964 0.003153464659801208 -0.006655620592441287 -0.021943711231239824 -0.0027469755461183762 0.9997554339250921 0.7976114110356536
0.9993612929563298 -0.026774608634826388 0.023666991213602797 0.0732984503238771 0.026692761828180197 0.9996365851724901 0.003767499259092169 -0.007461549964090953 -0.023759263596267417 -0.0031333555711240313 0.9997127984957621 1.1852395146524264
0.9990822010230113 -0.034992666877685034 0.024703620459419224 0.09731643580556164 0.03492740764684383 0.9993851416016767 0.0030683775628512493 -0.006573601094409507 -0.02479580194482257 -0.002202727986924002 0.9996901100817838 1.5809245454013732
0.9987083828093744 -0.04465349553255641 0.02424111059766451 0.12083342405999631 0.04462432227673927 0.9990023176073017 0.0017433521106330536 -0.004401930932563232 -0.024294772434125596 -0.0006593572354213854 0.999704621015833 1.9705836386813553
0.9985658697196993 -0.05105917728404792 0.01609857900612725 0.1333349496834984 0.051068210716701354 0.9986951563273441 -0.0001502747362375195 -0.003265253205424228 -0.01606989997277349 0.0009721848476122882 0.9998703981874286 2.3430894171951273
0.9983626797000966 -0.057168949807308675 0.001915974940308438 0.1323905764642359 0.057169992783253104 0.9983643362273279 -0.0004940389963809319 -0.00044396249676537276 -0.0018845973589222732 0.0006027663698135406 0.9999980424808332 2.7426165135221567
0.9980010131565112 -0.061759810261070795 -0.013405356209132264 0.12794933528594768 0.06175544406404298 0.998091036840259 -0.0007398023991264195 -0.003326258884830188 0.013425455933786558 -8.953018166785436e-05 0.9999098704969946 3.1734051807313644
0.9971473362309669 -0.0674180210051155 -0.03394112978733859 0.1110520551263257 0.06738442261301954 0.9977248043116566 -0.002134115830194822 -0.0064996408064246485 0.03400778494105635 -0.00015907551826626395 0.9994215553300732 3.611218216220732
0.9957773738890877 -0.07324875460814856 -0.05533571720785386 0.08484286366468613 0.07313747233261944 0.9973137014837158 -0.004036207829826951 -0.008697215424918227 0.05548271614969535 -2.7950053039409346e-05 0.9984596473706122 4.07697864853797
0.9938874944923868 -0.08062917452368552 -0.07540944574305576 0.046091872891200536 0.08047585499961603 0.9967436407750676 -0.005074577474412321 -0.014185382657256034 0.07557304449158168 -0.0010250805295684033 0.9971397415388584 4.561206876374918
0.991585358752096 -0.08786271850548737 -0.09507165195421226 -0.0030352235470039526 0.08772804929822726 0.9961287020448445 -0.005603421167594694 -0.021000415558169394 0.0951959330791247 -0.002784180180794564 0.9954546612809224 5.044320784724507
0.989000328426055 -0.09468976088864876 -0.11363185977535524 -0.06222991686201446 0.09456209821929208 0.9954975791483743 -0.00652529616885097 -0.026195246007599534 0.11373812005444979 -0.004291747030847078 0.9935014951945985 5.552845082366101
0.9863979131992319 -0.09966638912695905 -0.13071253847506062 -0.12831127352944896 0.09958693279540132 0.9950030974389034 -0.007160928947591858 -0.032628733945860695 0.13077308458778833 -0.00595373541415959 0.991394448936453 6.0444783283689825
0.9835753228493638 -0.104732352191102 -0.14700584575549733 -0.20964687728470455 0.10452264335680392 0.9944802103507887 -0.009172145133910518 -0.04383324832219034 0.14715502474423517 -0.006343943975959914 0.9890930962590698 6.55128859762037
0.9803647350507342 -0.11122761157027691 -0.16282937294381386 -0.28910628296245316 0.11094084225971643 0.9937674347286629 -0.010881874448717938 -0.054096661856481446 0.16302489315318916 -0.007396221818235478 0.9865942327599564 7.052462726471482
0.9771748438042172 -0.12030088583107593 -0.1750914661097522 -0.37127406041975813 0.1198362216317918 0.9927050693157834 -0.013263684999353162 -0.06182377065518176 0.17540981905589023 -0.008021360421052363 0.9844628246692587 7.54698186649674
0.9743984391044739 -0.12727860546055986 -0.18533169848350353 -0.4698791012850598 0.12645126106263127 0.9918384490189242 -0.016326960017270555 -0.07463613829564247 0.18589717708032952 -0.007526462631968787 0.9825403767346228 8.12659447035585
0.9722359412355968 -0.13436202984064102 -0.1915831921303008 -0.5636295672258428 0.13333638200068218 0.9909019485721864 -0.01829583424750094 -0.0852578264959851 0.1922984238227168 -0.007757142060486332 0.9813058355794855 8.651222730039745
0.9700116654980685 -0.14032756004140187 -0.19845791667376242 -0.6636955953671846 0.13881801182134365 0.990082962849404 -0.021570495342364125 -0.10190516220295047 0.19951673712155724 -0.006625901310192632 0.9798720166635003 9.190598101421703
0.9669655561738245 -0.1494068395255942 -0.20653137649379 -0.7701878563974203 0.14784112882788658 0.9887416987561144 -0.023083625533470178 -0.11574638363603909 0.20765503557665665 -0.008212761036738864 0.978167642460029 9.76719576365704
0.9635924765466476 -0.15977701694350252 -0.21438480356437187 -0.8785277573051441 0.15777592786570985 0.9871185499555765 -0.026527814077202214 -0.13189519517307893 0.21586175142626104 -0.008262759238656409 0.9763889752967059 10.329868440810072
0.9597105854220598 -0.16746433984411913 -0.22563529668343327 -1.0119269018138435 0.16488483911641566 0.9858451949490153 -0.030368428103737577 -0.15340548578370927 0.22752710181075417 -0.008058937678846889 0.9737383999129784 10.940699157389346
0.9570646691257303 -0.17091931633824992 -0.23412348539546815 -1.1507339940989347 0.16723383939565817 0.9852722092086783 -0.03565833313600138 -0.1750782780483297 0.2367700616045955 -0.0050260385509952096 0.9715527144032073 11.525561899617506
0.9535210365614435 -0.17569145549044365 -0.24480634244733135 -1.2976878299339065 0.17116585768187784 0.984437405410206 -0.03981512267027712 -0.20430591421695327 0.24799169743928473 -0.003937930531577299 0.9687541539029967 12.124155508733407
0.94945065632749 -0.18252827309662273 -0.25539553778338336 -1.4597205717058406 0.17730716838170923 0.9831926350127146 -0.043524826216949974 -0.23466621371358076 0.25904752312994445 -0.003958784803472448 0.9658564638615414 12.758373951254251
0.9449311890207271 -0.1904906921822381 -0.2661171625577856 -1.6145550267398712 0.18442003493380907 0.9816814486748294 -0.04786213579335189 -0.2656569283965641 0.27035957303355784 -0.0038509115311094605 0.9627517186427101 13.370643444790101
0.9402716107999145 -0.19569464947257434 -0.27855502524912495 -1.7800151376453035 0.18835983647955565 0.9806616718990746 -0.05313433230508319 -0.29799498557344145 0.2835663413120983 -0.0025078747812051633 0.958949342060858 13.967191552786467
0.9359910173827082 -0.20165329874488153 -0.288542479514179 -1.9547175615283905 0.19287516989141607 0.9794568008119487 -0.058851883424236556 -0.33497249226208503 0.2944825703131515 -0.000567845516047983 0.955656681728972 14.567762082186096
0.9311403812942688 -0.2100953057492458 -0.2980562913700949 -2.1436502161640423 0.19926798429541187 0.9776773267637128 -0.06662818598013961 -0.37552372004309964 0.3054011472768356 0.0026471181106078948 0.9522201069121053 15.191680314874128
0.9270047921405167 -0.21853047511742962 -0.304805752559672 -2.335241978859734 0.20539048691375444 0.9758059035086227 -0.0749505607921068 -0.4196507221722865 0.3138102344313334 0.006875327095557715 0.9494608294413628 15.819360004673573
0.9244275064588986 -0.22799037569072847 -0.30570275414949 -2.522811048721015 0.212721281760499 0.9735948609942958 -0.08284143245784834 -0.46764476147151984 0.316517679740569 0.011551417138097785 0.9485162745961444 16.422479693005318
0.9207333693920436 -0.23840749558331337 -0.3088882136593544 -2.720234118210955 0.220714324991715 0.9710312975089419 -0.09156094146278963 -0.5230251428133776 0.3217689376422563 0.016127160562020904 0.9466808678011722 17.046194685556493
0.9184517222558036 -0.24585485784216907 -0.3098416091501514 -2.939891112193038 0.2262106194716366 0.9690940685229963 -0.09841464317775522 -0.5923451921597789 0.32446138371708705 0.020299636177855206 0.9456810959554178 17.727883172436858
0.9167144537634292 -0.251655773684426 -0.3103288285553094 -3.153929156499192 0.2302206706573729 0.9675101122799895 -0.10451136511418957 -0.6650474018714494 0.3265471682058919 0.024362967948404375 0.9448668650817733 18.396212149722167
0.9139663578090419 -0.2606479267080549 -0.31101150315714504 -3.3669691088927625 0.23753766216890498 0.9650472864478703 -0.11072305076601455 -0.7418888748910267 0.32900054079682844 0.027320198066534733 0.9439344526676626 19.081341118078925
0.9112331033951732 -0.26847087222910004 -0.3123741699330281 -3.57702189170643 0.24412456281572184 0.9628545876983184 -0.11538735103265953 -0.826755156647643 0.3317490453744136 0.028886566304214087 0.942925308378303 19.750633870979367
0.9092369565248796 -0.2745323205922892 -0.3129219740439886 -3.8175067083162513 0.2492004357408649 0.9610998980452183 -0.11910553641218319 -0.9207211417910435 0.333447596656412 0.03031486314802309 0.9422811201315557 20.48880521955052
0.9071898921420404 -0.2811161832801403 -0.3130178766353768 -4.05582023175178 0.2556464770197435 0.9592251812652959 -0.1205484567049881 -1.018677041169942 0.33414275150406475 0.029338424030052823 0.9420657506207971 21.23941797364361
0.9048361572167138 -0.28712466186612406 -0.31437391294691513 -4.306990706032236 0.2617814447353649 0.9575060775644008 -0.12104786912416625 -1.1222248835062136 0.33577076076626405 0.02723123161922901 0.941550028537488 22.01800042108608
0.9016050138206925 -0.2935014019004463 -0.31775041484766275 -4.546914557383812 0.26841584842975424 0.9556597547262442 -0.12110889937700728 -1.2229989473437843 0.33920691526725144 0.023903143706373697 0.9404080541742655 22.767238248918773
0.8975771258656047 -0.2998935927150081 -0.32313949955294174 -4.778176992903553 0.2749107597750852 0.9537576896562773 -0.12153330235538683 -1.313426598706589 0.3446438412081756 0.020250986889663633 0.9385150612788634 23.480805220044452
0.8937275506336532 -0.30533542554006005 -0.32866600546549 -5.028937337673654 0.2804625248087356 0.9520978246332855 -0.1218626460670989 -1.4176596958405008 0.35013117172893987 0.016733506471631056 0.9365512011336505 24.23148076244972
0.8876080582766849 -0.31112510138557664 -0.3396367267686283 -5.337481429408302 0.28600737756631583 0.9502920050009412 -0.12306455707851092 -1.5397200593367735 0.3610425388509394 0.012094483002834625 0.9324709156970861 25.106367918798426
0.8819216085067664 -0.31715168671422783 -0.348753615125576 -5.62447682089961 0.29306831143843987 0.9483627376125389 -0.12132222689463272 -1.6463036923849181 0.36922248208832 0.004788060397633284 0.9293287002983224 25.917877744020434
0.8770906761164303 -0.32175745829129465 -0.35662877604527277 -5.888561068706468 0.29830972611094 0.9468219188276611 -0.12058010339654791 -1.7396806985690718 0.37646148963372006 -0.0006261480910777911 0.9264320562034373 26.60864041744625
0.8721685974748606 -0.32543449123653406 -0.365259263390202 -6.185491215204897 0.30294650074493273 0.9455400940483709 -0.11906867024284204 -1.8494252186933842 0.38411633038070014 -0.006806060579837216 0.9232596180242308 27.384944318112108
0.8661427106162974 -0.3319219784199081 -0.3736637593988302 -6.509782232487556 0.3091512302303656 0.9432486521942174 -0.12127446961683161 -1.9636823524645988 0.3927114993138147 -0.010477613068175386 0.91960203236568 28.216751415399777
0.8592225766959952 -0.33954188319768736 -0.3826850836529469 -6.8274697494629155 0.3161090939755699 0.9404895476200352 -0.12471748683888004 -2.0723231929027763 0.40225813155465134 -0.013810154670746866 0.9154221295261171 29.029326865761725
0.8534291727102058 -0.34552546019822683 -0.39021891743222464 -7.159567957475872 0.32209543962269305 0.9382392838720074 -0.12633912289392754 -2.1883798000198307 0.409772101223885 -0.017866240627126134 0.9120129508424843 29.83631007602024
0.8471561095410984 -0.3521013378802588 -0.39793363005672505 -7.50987211028723 0.32883978150189214 0.9356904324132478 -0.1278585655796968 -2.3054240132208608 0.4173618623796124 -0.02254024297210691 0.9084607934731032 30.668686936240267
0.841587249993952 -0.3576394297729073 -0.40475293565251325 -7.8676477300955 0.33460269118780706 0.9334754217118615 -0.12909173524954948 -2.428995615254238 0.4239952118803877 -0.026789463069880573 0.9052681287723174 31.49194311081914
0.8352442173428006 -0.3642804930425827 -0.4119063240399029 -8.23255436328883 0.34196854045248715 0.9307204641987945 -0.12968012516332772 -2.5530215209519844 0.43060958504915836 -0.032544429788114684 0.9019513542057346 32.33004919301768
0.8294213265373864 -0.3691683349755841 -0.4192552963724097 -8.608275408540758 0.3487578847720173 0.9284849620389127 -0.12760726106670828 -2.680645645577053 0.4363807980357413 -0.04037840659255506 0.8988555965152222 33.16099553721322
0.8220766019931983 -0.3740616515081261 -0.4292644188915848 -8.995169822190771 0.35494109467988855 0.9261769434034304 -0.12733062795463396 -2.814453085359588 0.44520431238113484 -0.047688052789899724 0.8941582465416 34.008223061762536
0.8154249651762085 -0.379003513077548 -0.43753681358516106 -9.4046198247776 0.3603565212971799 0.9238924486495494 -0.1287086667125985 -2.94742405390621 0.45301799492511796 -0.05271698401100445 0.8899413552986564 34.872494901955065
0.8085961202510028 -0.3848749233958187 -0.4450209069876253 -9.81314541888253 0.3667829391558875 0.9211485871885641 -0.13021350108449245 -3.0793742087918936 0.4600462909960198 -0.057935944469519725 0.8860027293858808 35.72150838277641
0.8022403538215954 -0.3906677226563101 -0.45143011106342246 -10.229413776804996 0.3731837866554858 0.91837962825742 -0.13157780884038156 -3.2081091474702124 0.4659874205144109 -0.06290937033777655 0.8825520579807348 36.57404009382953
0.7947309314714661 -0.39801816235969356 -0.45824042706237567 -10.64920921124549 0.38178046875558 0.914723014630865 -0.132383836556401 -3.3413331602140364 0.471854236220536 -0.06973771530839605 0.8789142340548932 37.42330040109533
0.7890506124896454 -0.4054533125980974 -0.4615265347008177 -11.075622388451746 0.3895002237383191 0.9111473117111346 -0.13453680563092044 -3.471717192614067 0.4750670548854288 -0.07360833964166147 0.8768655003463661 38.26832710407874
0.7833262628795432 -0.41347818554063315 -0.46415057466860354 -11.515048124256658 0.39772726364954863 0.9072246467055335 -0.13695424111674193 -3.607571039254519 0.47771643224093896 -0.07732548410482784 0.8751044394099157 39.12902758872196
0.778320456555614 -0.4192019020995281 -0.4674259643870869 -11.944024240230782 0.403172243379194 0.9043898041140751 -0.13975415694387391 -3.741529182278544 0.4813204847870581 -0.07967965543752416 0.8729156565406012 39.94946223256595
0.7726327937014923 -0.42551830273423014 -0.4711398307670532 -12.385564455335972 0.41017114091607015 0.901023304681766 -0.14112632490063307 -3.8859844296665544 0.48455980152777506 -0.08420913524392581 0.8706954807995926 40.80225457889208
0.7687198051313551 -0.43032430221617124 -0.4731710643318937 -12.839100802322116 0.4163816940575985 0.8982726034086741 -0.14047282590995155 -4.031723746992414 0.48548547460509694 -0.08903552598580211 0.8696991025980743 41.669384237799264
0.7637349572167772 -0.43747610112788693 -0.47468260560824294 -13.285536853489603 0.4245298745696853 0.8943368628938906 -0.14119476359611224 -4.173530733477214 0.48629548704767467 -0.09368157028496897 0.8687580000587088 42.517771724297475
0.7601874355573501 -0.4433617624619752 -0.4749162140918658 -13.762016680587715 0.4307082038423394 0.8911653699509646 -0.14252973915315473 -4.324247329275327 0.4864211199810773 -0.09620099264961665 0.8684122656029122 43.40627549635671
0.7544251069137113 -0.4514204728701186 -0.4765105609867991 -14.226827212920721 0.439248518082704 0.8866609984916602 -0.14454415628423328 -4.473158302384925 0.48775352117681725 -0.10025881720572455 0.8672050923236818 44.29018602922861
0.7497059278335105 -0.45722791105250327 -0.47841787082618387 -14.692555329805204 0.4464225758896547 0.883092466842722 -0.14441114479735104 -4.623880493009858 0.48851602379793085 -0.10531064694607158 0.866176519037811 45.17333186394605
0.7459993540980993 -0.46103569966261215 -0.4805528559085094 -15.189234845981305 0.45203428706916715 0.8804668001469175 -0.1429797788252522 -4.786949790210761 0.48902961771153364 -0.110563544966928 0.8652316080248441 46.09532984908102
0.7407206208166397 -0.46607665576862817 -0.4838445130871525 -15.67997188877249 0.4591904049920776 0.8769521896462521 -0.14177104442676478 -4.940362332991067 0.4903846794713552 -0.11716402187606753 0.8635944986610329 47.0090761219926
0.7336376746941012 -0.47192933392113323 -0.48893605517919 -16.176582099402673 0.46595331974414766 0.8730847653252878 -0.1435635621468605 -5.09428915140033 0.4946344772545081 -0.1224977401491265 0.8604249168692856 47.92325709579392
0.7249668773324582 -0.4786903649377477 -0.4952560562846158 -16.6709772438122 0.47176805538924566 0.8689846789205348 -0.14933361883924529 -5.253146480473903 0.5018544895535699 -0.12538405926249674 0.8558159317270184 48.81626803454559
0.7153242391760171 -0.48709672093633044 -0.5010469212562102 -17.162740289057574 0.4779894054332145 0.8641040855123236 -0.1576396450595882 -5.4110169196512485 0.5097424458889551 -0.12673166081917117 0.8509416695668159 49.691724809087695
0.70574690177708 -0.4930829419001959 -0.5087145791493506 -17.68300571624462 0.4835057687530406 0.8600581599775766 -0.16285617285972553 -5.580858504312923 0.5178257257172381 -0.13103119423646237 0.8453918286347359 50.6026515491989
0.6978098564338021 -0.4960768999914563 -0.5166905394515204 -18.19371719926777 0.4880875110283832 0.8572696709518145 -0.1638880497299473 -5.752154602934318 0.5242442043951983 -0.13782750291953488 0.8403401654074445 51.47597129432611
0.6896579709269934 -0.49914689409347274 -0.5246182052251924 -18.719858612163613 0.49250612252266174 0.8544281306496841 -0.16550011731772118 -5.926763707953396 0.5308574219265993 -0.1442392029627385 0.835096072266011 52.34617203971315
0.6823817415223148 -0.5046678242635251 -0.5288341384499419 -19.259694576918413 0.49801596171265283 0.85053086006583 -0.1690483893892544 -6.1071830642396225 0.5351030374763296 -0.14801230769364818 0.8317193613562249 53.22621823672305
0.677268077542934 -0.5109465971641058 -0.5293784336254354 -19.784172886315275 0.5020493794378276 0.8469215710008058 -0.1751293041715733 -6.285469668395 0.5378237366901825 -0.1471646269317058 0.8301133662534661 54.07250864418688
0.6728403989484288 -0.5189325880698136 -0.5272520901637892 -20.330396337338758 0.5073283066249189 0.8423843364889056 -0.18167723835208016 -6.479882836994122 0.5384271416264335 -0.1452501245345818 0.8300594041890478 54.95456672127916
0.6662554320864116 -0.5256058795053353 -0.52900109512625 -20.87211146292302 0.5141527216928361 0.8375854777079775 -0.18465520926458595 -6.671603525572659 0.5401394986401178 -0.14895981660206892 0.8282875678450571 55.82316241934867
0.6601609324933532 -0.5289440221908007 -0.533297069744551 -21.423456790227373 0.5190894576081385 0.8344451784786905 -0.18506047420709643 -6.8754054545668195 0.5428938001207929 -0.15465919145748963 0.8254373727231645 56.70236956059594
0.6534861015758211 -0.5323835547708308 -0.5380740336206624 -21.94372532366018 0.5259637587137084 0.8305817162117812 -0.18301949954701693 -7.0650187790363 0.5443510260548647 -0.16340674191803203 0.8227880633120234 57.536478876064656
0.6472455487347963 -0.5353704724486253 -0.5426339990022079 -22.46432320904318 0.5304424614820594 0.8275602807025426 -0.18377915240957812 -7.246848423557526 0.5474522761847341 -0.16888587576723132 0.8196179392049011 58.351606995686566
0.6429779369282675 -0.5391915874776068 -0.5439226090326151 -23.0251399800042 0.5346550842873865 0.8245026945151579 -0.1853085199954166 -7.448091510873866 0.5483824518245605 -0.17166169849626445 0.8184185651610434 59.22363249452018
0.6373938088654728 -0.5453072782847794 -0.544397928605181 -23.574828663739126 0.5407541541462129 0.8198759710522289 -0.18811788023677872 -7.64422629478348 0.5489208296226145 -0.1744802692020257 0.8174610440049175 60.06908266858909
0.6311424364916111 -0.5529156189473952 -0.5440069330288463 -24.102723776449665 0.5480722091899213 0.8141782416886758 -0.19165240482293777 -7.8325806266281415 0.5488862162353066 -0.17719511586032777 0.8169001239699583 60.887015534267235
0.6232513390316401 -0.5597304675131309 -0.5461314604862091 -24.664050022615857 0.5554248802536457 0.8084472419158415 -0.19472097841242664 -8.034221119774067 0.5505097372349479 -0.18197489051020532 0.8147540539532823 61.763674857843206
0.6156349777215282 -0.5643369550165824 -0.5500157955990223 -25.220253068607025 0.5600771068586128 0.8043368154017195 -0.19838326986494145 -8.233686292018682 0.5543529638945747 -0.1859195756020113 0.8112500864895291 62.60754595564527
0.6095359113911454 -0.5678017352365171 -0.5532333704567776 -25.78388433239973 0.5640799230643548 0.8009850355879271 -0.20059115922671866 -8.446507575327765 0.5570276592057861 -0.18980032198762853 0.808514702805778 63.462276369102135
0.6005968046167415 -0.5734033208425902 -0.5572181888011638 -26.35442692540955 0.5687576513712314 0.7962118364651094 -0.20630425463266347 -8.66772138582487 0.5619592621274612 -0.19301643225266504 0.8043298108298684 64.31972541445207
0.5911813489332218 -0.5782648400569507 -0.5622405067472511 -26.912008598909765 0.5722153499121855 0.7919890651231567 -0.21289178953220267 -8.880863425603668 0.5683961699364024 -0.19586499299072763 0.7991011816549709 65.14188815252909
0.5821666581715111 -0.5831774490183592 -0.5665563035302443 -27.505779172296975 0.5761845719440364 0.78754648814576 -0.21859064038276704 -9.11858642094463 0.5736665592197987 -0.19918481861256332 0.794501155988585 66.00487621656706
0.5719643239835352 -0.5889603336571544 -0.5709488045950454 -28.100389018748785 0.5819089576128794 0.7819036507868509 -0.2236261298151154 -9.359068048892166 0.5781338747556227 -0.20433405556746562 0.7899422868763276 66.8568308149148
0.5604218752387341 -0.5954561434176585 -0.5756381702250728 -28.70071706587779 0.5873573511964824 0.7757671907896346 -0.23064389801122243 -9.60113985142659 0.5838995322393683 -0.20884742507516796 0.7845024469624804 67.70278604389999
0.5503303885765122 -0.6003782206574891 -0.5802434450895354 -29.295371045903092 0.5924437715976606 0.7704790684232206 -0.23531337109655617 -9.848518217208662 0.5883424520671311 -0.21426151610084762 0.7797083825468353 68.53277993084853
0.5399848877581712 -0.604043718802237 -0.5861292577310567 -29.899978592338307 0.5966933746743184 0.7658753379880019 -0.23956623986183329 -10.10548270298463 0.5936104257950402 -0.22037729564845843 0.7739899934431343 69.36167672553587
0.5309051758999035 -0.6087922712318985 -0.589501199906327 -30.49970644029171 0.6027228035714076 0.7602638728301849 -0.2423304886395248 -10.360544592126121 0.5957053938464173 -0.22665130521917368 0.7705610096447457 70.17846015055439
0.5205012066883061 -0.6144056780708836 -0.5929453234407666 -31.10929287598989 0.6078555103897704 0.7543167960665472 -0.2480279211312529 -10.62237927600404 0.5996583796836407 -0.23132624997210546 0.7660926796080445 71.0018414965763
0.5115387474759583 -0.6196767757775705 -0.5952552422218912 -31.707665709528282 0.6129950749745812 0.7486316876211049 -0.25256213957456897 -10.88062818895492 0.6021338288849375 -0.23569321129699758 0.7628129274342915 71.80467743418781
0.5048334017117251 -0.6223005512519029 -0.5982351213592749 -32.32758637466503 0.6163224546775394 0.7450799747342279 -0.2549558061905929 -11.154156797195013 0.6043921478447754 -0.23999553154511166 0.7596790614871249 72.60793645874567
0.49796846903305936 -0.6249562758865485 -0.6012129881155993 -32.94749813411371 0.6211561332283807 0.740832226574342 -0.255602563018584 -11.43422483940502 0.6051383825222437 -0.24616511795727572 0.7571065134440751 73.41722748474155
0.49084081915578764 -0.6290159414641796 -0.6028384822109545 -33.59259689262284 0.6255909575603666 0.7360344579797473 -0.2586295236146933 -11.722802108179328 0.6063919887904019 -0.2501843761116819 0.754782441422977 74.24954816649483
0.48422153100479565 -0.6322840941209772 -0.6047696530357546 -34.22043920194211 0.6292455692411184 0.7319264058143135 -0.2614072494445433 -12.002110179150698 0.6079305244037286 -0.2539696060424478 0.7522764895335035 75.05634220591436
0.47876666014007146 -0.6367342077490753 -0.604443573727506 -34.84928208960975 0.634367119378027 0.7268436265890953 -0.2632046738544664 -12.280308329452637 0.6069273786791509 -0.2574255060575184 0.7519117407253895 75.85617181262322
0.471473027248551 -0.6413233271034213 -0.6053243549454173 -35.471619700907546 0.6378935493259525 0.7219660264490377 -0.26806132951570294 -12.558680360528534 0.6089376029655469 -0.25974881475453504 0.7494835214520654 76.64909715970967
0.46264281203444474 -0.6460718932015388 -0.6070854447998575 -36.115753133618746 0.6436066300144905 0.7157008133595445 -0.2711878528951422 -12.851658464754484 0.6096983961552238 -0.26526110640549233 0.7469299907985232 77.46926241069806
0.4556450556534534 -0.6492264296263665 -0.6090095453547195 -36.75755647921969 0.6487767854996337 0.7106413882457292 -0.27217182056367506 -13.1474645581627 0.6094885280752409 -0.2710975108457908 0.7450032709712708 78.28072894391183
0.44581584421307957 -0.6526067242488294 -0.6126603435132653 -37.381315333928825 0.6530337529996257 0.7052359250741513 -0.27602392546304805 -13.431921029461401 0.6122051539245675 -0.2770320440851905 0.7405795676753296 79.06893650683604
0.43675041599298564 -0.6561783941338802 -0.6153689862203294 -38.02753980810678 0.6568134401855888 0.7000261496195821 -0.2802846671517271 -13.731472822915984 0.6146911248110923 -0.2817681758479205 0.7367235004788495 79.87566422144525
0.42877035742122105 -0.6594812237575063 -0.6174467556868206 -38.69850853844997 0.6606470103956295 0.695061667230995 -0.28361030729045567 -14.043161094599066 0.6161992439562025 -0.2863106603977076 0.7337061383758712 80.69844043688536
0.42022882034491427 -0.6626727304848126 -0.6198972421485073 -39.37331092593542 0.6645668286015998 0.6899112593341011 -0.2870076385158536 -14.364860503388314 0.6178662224737116 -0.2913542629100146 0.730310909551698 81.51457232757136
0.41029430768833874 -0.6665184648575316 -0.6224240653144016 -40.02873833929056 0.6687592833186297 0.6839315146222305 -0.29154537259523594 -14.67522818848566 0.6200158079062984 -0.2966324650312261 0.7263536181749208 82.30734694742377
0.40185965369516885 -0.6704085451347526 -0.6237477064825997 -40.7223744010152 0.6727263598567412 0.6782764833028417 -0.2956015171683463 -15.010994352143245 0.6212471838856876 -0.30082120072999224 0.7235734528750128 83.13662112413954
0.39339454039147925 -0.6753004301826928 -0.6238670247618856 -41.41150242655976 0.6770268559575001 0.6718790944449946 -0.3003549879061052 -15.341384840625574 0.6219930641916189 -0.30421671788848864 0.7215100946311677 83.95340660579163
0.38498076602461306 -0.6792693955506942 -0.624806288428099 -42.079925994848395 0.6813581512992731 0.6658195417163437 -0.30403191859848383 -15.670898402035142 0.6225278141971965 -0.3086704166855529 0.7191534567907105 84.74941065440176
0.3739223755265449 -0.6828903785438827 -0.6275689507717688 -42.796504476998535 0.6850435029344006 0.6595020635935752 -0.30947120577394943 -16.026611324661076 0.6252179269406404 -0.3141938239494995 0.7144121953214682 85.59947357534561
0.36056946889256913 -0.6861795962584087 -0.6317809903607248 -43.50890672465449 0.6878667799544165 0.6530827525953243 -0.3167368170858217 -16.39387356285645 0.6299436094903046 -0.3203755295604863 0.7074818505948862 86.43089270489288
0.34806065387808216 -0.6881642415489545 -0.6366190052734165 -44.210448853045584 0.689102619833453 0.6482226173154281 -0.3239521843411582 -16.751324258087298 0.6356031470663385 -0.32594081526266155 0.6998365697684554 87.22511337480643
0.3358380530784197 -0.689606276594262 -0.6416042279990797 -44.93027825197552 0.6914094680284478 0.6430663137856886 -0.3292698947591557 -17.131839152508594 0.6396606519281265 -0.33302987757239555 0.692766447671219 88.04079102715644
0.32342084994826453 -0.6919951535087814 -0.6454003883939802 -45.632021999429696 0.6913866587984883 0.6384847611312534 -0.3381149180953559 -17.504325022693866 0.6460521974687533 -0.3368678039283727 0.6849355012132678 88.81978526902714
0.3117176498016728 -0.6951198442564044 -0.6477966570792671 -46.33999915817855 0.6905259897816838 0.6340439170574403 -0.3480835656541163 -17.8902126441771 0.6526913238569573 -0.3388166367866396 0.6776409981682356 89.58497468170076
0.2971906723159842 -0.698420798179446 -0.6510653522948052 -47.07253520698618 0.6907959297945979 0.6280006351932941 -0.3583520414006821 -18.297695051574003 0.6591499735777818 -0.3432544112858633 0.6691021756542158 90.37178300129744
0.28547062935600537 -0.7005434426167418 -0.6540224803336431 -47.76966964241992 0.6900668699673416 0.6238078305701217 -0.36697616474762373 -18.684672313038995 0.6650670904116086 -0.3465583291829569 0.6615006347127378 91.10178926942326
0.2705507408674761 -0.7029865133860622 -0.6577326650040789 -48.485733782167834 0.6911643737085866 0.617425247498101 -0.37560334432473613 -19.09861846780883 0.6701448389207196 -0.35298162239586467 0.6529240913909566 91.84842204263285
0.2561294307571127 -0.7039969806591455 -0.6624092133438694 -49.20366756777994 0.6900978000744513 0.6130197202034332 -0.3846710919397336 -19.521190062151327 0.6768771978966642 -0.3586015530704113 0.6428391595905223 92.5690016338658
0.24300259218536924 -0.7060905180990986 -0.6651209818083759 -49.92893657859411 0.6894236656587731 0.6080653581479794 -0.3936388312272941 -19.9525487413482 0.6823816743002493 -0.36289488901184114 0.6345569715228667 93.29090308503397
0.2308403724481347 -0.7079697790274208 -0.6674515071762679 -50.67017174386317 0.6887659057826613 0.6034254040828526 -0.4018448814391402 -20.404887881017235 0.6872512273393165 -0.3669558198084769 0.6269203911417238 94.00851419748619
0.21790415558851994 -0.7097862549852707 -0.6698665920996798 -51.42173984713715 0.6884545619234506 0.5982826267304899 -0.4099856274544945 -20.873695417994103 0.6917717073891099 -0.37183513925723854 0.61902385581616 94.72953049954958
0.20687000103889552 -0.7117189988491079 -0.6713127954593081 -52.20126175529671 0.6874771820976013 0.5939505261459677 -0.41784913136928936 -21.363648903643632 0.6961177535196965 -0.37507177868796204 0.6121611177349796 95.459093967557
0.19580135427065937 -0.7129157893851211 -0.6733594188181864 -52.9472236398439 0.6876338702219326 0.5893663788990862 -0.42403647478369777 -21.838606214848355 0.6991577005149714 -0.37999782718953634 0.6056237785472506 96.15495821258978
0.18630444526808376 -0.7130448659520272 -0.675912474224886 -53.70375937090315 0.6886768896747093 0.5854346699279087 -0.4277737589829102 -22.32852234670761 0.7007244788797663 -0.3857891475739775 0.6001266019039848 96.8548368273017
0.17629175240598016 -0.712187936807905 -0.679492134390773 -54.483647722225165 0.6888443113998294 0.5823680493119784 -0.43167229444644256 -22.832758986014223 0.7031463095869336 -0.39196402616293874 0.5932532928761673 97.5615774220303
0.16558851929344254 -0.7130116172057325 -0.6813184835360561 -55.28130009286589 0.6900702696557489 0.5773236037860945 -0.4364636060986969 -23.347854926171756 0.7045448638769906 -0.39788426739581256 0.5876262796569349 98.272703407245
0.15594909375129057 -0.7149584892497773 -0.6815528143935932 -56.054333843723434 0.6905191498972352 0.5722915396831897 -0.4423411548027656 -23.854663118146828 0.7063024732955077 -0.4016425677847413 0.582940875183692 98.95980784298777
0.14596743737699547 -0.7175828477816313 -0.6810054065829414 -56.82965332247956 0.6904693375023165 0.5668800829025046 -0.44933179898329234 -24.36795123936577 0.708481193254066 -0.40462554068923284 0.578214986512146 99.63567556441292
0.13735928830074745 -0.719083639189262 -0.6812129958888332 -57.60151765776595 0.691100970119657 0.5622492744609506 -0.4541532808070461 -24.8845500544504 0.7095857066043406 -0.4084047908857852 0.5741895608284402 100.30198704771098
0.1299124233221785 -0.7211766918687571 -0.6804608301524748 -58.395476705541796 0.693182725437759 0.5567583842540048 -0.45773115550238713 -25.425766117672847 0.7089573128343059 -0.4122187291573564 0.5722370556951504 100.98550888365536
0.12149962367432243 -0.7218068907456912 -0.6813462070922798 -59.18222330850258 0.6949726420464373 0.5519645171720621 -0.4608125417021619 -25.963461993270048 0.7086965981673627 -0.41752842329002005 0.5686995230268418 101.65696852422546
0.1150539100438201 -0.7206735519926166 -0.6836609022329517 -59.94610423354399 0.6982111923946093 0.5482152409607113 -0.46039241999981606 -26.48901245011727 0.706585966884799 -0.4243697456661282 0.5662566470821682 102.31171255168732
0.10517855090787126 -0.7195684331604252 -0.6864100395739935 -60.71567224608808 0.7015323429919756 0.542904672854484 -0.46163501592595313 -27.011308330827777 0.7048332030807783 -0.4329847412921345 0.5619024556300444 102.96764121965982
0.09875840616561238 -0.7193677378764166 -0.6875731487734197 -61.500880099068226 0.7039520323707938 0.5388701675490202 -0.46267751041813115 -27.54953081958226 0.7033479319175232 -0.4383252219850668 0.5596183399774216 103.62707733594138
0.09008815427350203 -0.7194464510465269 -0.6886805707555218 -62.24592952936095 0.706904816292841 0.5332876749121968 -0.46463946936170647 -28.05860713997524 0.701548077583838 -0.4449731001569655 0.5566230636392286 104.24896437535891
0.08282124479940955 -0.719686324858917 -0.6893418855843173 -63.03864731227727 0.7095087384274209 0.5283247554897355 -0.4663371128613303 -28.602141372700775 0.6998128260506563 -0.45047147140277033 0.5543802503221207 104.90349224407356
0.07547393161444738 -0.7187120607464297 -0.6911994353182573 -63.817683128194524 0.7133109798503499 0.5232820065161111 -0.46622246586946703 -29.13184714758318 0.6967719366274674 -0.4578525039727235 0.5521593546561678 105.55764203187698
0.07014263317959107 -0.719161177693764 -0.6912938676921356 -64.60194419525213 0.7165477010344462 0.518455867246423 -0.46665073219701414 -29.65899939136712 0.6940024518349222 -0.46261292050252767 0.551679148265764 106.20738708751219
0.06413360858177364 -0.719581713808338 -0.6914398291991396 -65.3803893548478 0.7209004436574291 0.5125154287074491 -0.4665088270026002 -30.186408275170265 0.6900648017286509 -0.4685403851211495 0.5516162406290475 106.85314474522137
0.057104227019035 -0.7188424783119389 -0.6928236417955932 -66.1145349490568 0.7243292226579237 0.5074165582992449 -0.4667714789567988 -30.685372021895386 0.687085354566903 -0.47517778540047395 0.5496542438675195 107.46056478418512
0.05211788866486189 -0.7189207070686353 -0.6931354432064852 -66.89385635125518 0.7278092512653506 0.5025986824951917 -0.4665707428961524 -31.21188399508481 0.6837963289267405 -0.4801537059130454 0.5494315237081706 108.09297811381582
0.04762572492596595 -0.7193981244328168 -0.6929632954838388 -67.67120508057118 0.7316518268077611 0.49741990702153194 -0.46611054528679885 -31.739870270949584 0.6800127900665859 -0.48480900843655583 0.5500389356078543 108.72877495928701
0.04304062363152422 -0.720502908971726 -0.6921149202846953 -68.40794367033506 0.7356912818534308 0.49155882491842623 -0.4659702345103942 -32.23941486901215 0.6759481063826315 -0.4891272634070777 0.5512247070566032 109.33078775383501
0.038773324215823135 -0.7216453850849417 -0.691176220304823 -69.160174201576 0.7395445764936616 0.4858868129204065 -0.4658195191368228 -32.743016046060276 0.6719899171178579 -0.4930942538862691 0.5525283776208043 109.95179208432411
0.035272045568264354 -0.722374046102416 -0.6906023604933993 -69.90331584166658 0.7443313990646645 0.48011030739011873 -0.4641819267315404 -33.24085949238705 0.6668782881215054 -0.4976643751117719 0.5546201570234714 110.5664129477592
0.032833530576116654 -0.7228931746913724 -0.6901792645788025 -70.66397402464051 0.7492760576569367 0.47481054112229487 -0.4616712460845195 -33.752373887828924 0.6614433828318087 -0.5019765014657389 0.5572362544596599 111.19934234993468
0.032130296316258244 -0.7236831802311446 -0.6893839994583323 -71.3850816001023 0.7534210718394715 0.47075957534320495 -0.4590665645970607 -34.24060445069291 0.6567528702387918 -0.5046464870314882 0.5603638019714394 111.80025825323848
0.03289424569520194 -0.7246967306552108 -0.6882823673302932 -72.1174583558218 0.7590755700165928 0.4661006382344619 -0.4544826443786521 -34.72752728787608 0.65017093721892 -0.5075084665452156 0.5654316128240401 112.41239646829166
0.036094105824277856 -0.7252360109584995 -0.6875535934992628 -72.84236879341834 0.7650275504428331 0.4627155857474641 -0.4479142035812441 -35.20505773613835 0.6429852740056997 -0.5098303787686498 0.5715268342750242 113.02555449288204
0.036436078098484426 -0.7250306597590667 -0.687752102593757 -73.58737531639198 0.7712419738702362 0.4580475768421946 -0.4420161027493634 -35.69236614129301 0.6354984106616972 -0.5143179558972508 0.5758635344316658 113.66714152346954
0.038189119865100596 -0.7252790446094171 -0.687395009128216 -74.26519557086864 0.7784250980329039 0.4529255669586271 -0.4346409984661708 -36.12231492874138 0.6265747823495554 -0.5184869701792488 0.581872240167848 114.26717861346984
0.04131319174064857 -0.7251274995700236 -0.6873742281723445 -74.98159029457915 0.7864850901361438 0.44790330454974564 -0.42523385656243334 -36.56689636224541 0.6162259514023591 -0.5230418139506092 0.5888062819616602 114.89659039392396
0.04211057397565393 -0.7250345460649223 -0.6874238914759021 -75.71586681593102 0.7940537318278575 0.4418723313757377 -0.41740569442069564 -37.01514898683751 0.6063871457490617 -0.5282743130013063 0.594323884505161 115.5480637657537
0.04628156874983824 -0.7264611433060446 -0.6856473026713725 -76.42313138742927 0.8013794614390342 0.4367741191063177 -0.40867998196949157 -37.43926891387399 0.596363123589762 -0.5305493154697073 0.602385631200552 116.18417071534925
0.049046747500566146 -0.7284851130042369 -0.6833036343316344 -77.14901456569892 0.8072935565383472 0.4317396739553021 -0.40234061130419835 -37.865911302599784 0.5881084339909454 -0.531893122783303 0.6092767645368926 116.84116229961866
0.05329820427992593 -0.7300414007377753 -0.6813214033254512 -77.83810162182945 0.8140057634908746 0.42696639575458584 -0.39382015425823075 -38.2681284137406 0.5784063609817699 -0.533609642065401 0.617014449969092 117.47953022259217
0.057783563509910874 -0.7298323043823061 -0.6811797613465251 -78.51276957474066 0.8197684839759722 0.4241050832459333 -0.3848564811000276 -38.64985329022964 0.5697724918490117 -0.5361713213563114 0.6227998247327909 118.11069483428206
0.0605657711991594 -0.7291953753669006 -0.6816200495162802 -79.22379145797535 0.8256652677616584 0.4203273527592798 -0.3763001224215123 -39.04594643973662 0.5608998600205924 -0.5399990935787773 0.6275287451288418 118.78440057432778
0.0652498762891297 -0.728314761541955 -0.6821290653273314 -79.92046105193151 0.8321829843992883 0.41693594473066053 -0.3655624412707708 -39.430953449000526 0.5506486485233096 -0.5438032972607256 0.6332961706562069 119.44804088080134
0.07021197181794353 -0.7282923199400327 -0.681660161465962 -80.63705899134293 0.8398456319381898 0.4118899238026054 -0.35356188310425446 -39.81124438757046 0.538265356053851 -0.5476650321010543 0.6405727273978905 120.13585748993854
0.0730393100198562 -0.7297536213818838 -0.6797976987838733 -81.31883278336117 0.8486534085284558 0.4035204723274346 -0.3419921352979892 -40.15441547661878 0.5238822877182024 -0.551933764588352 0.6487807550494021 120.80264197121132
0.07548942347626941 -0.731478914591932 -0.6776724462825898 -82.02919061304314 0.8561927900454531 0.3959005134868778 -0.3319588674745851 -40.50245672668336 0.5111117815286623 -0.5551588789961264 0.6561732742609694 121.49934473863838
