1.0 0.0 0.0 0.0 0.0 1.0 0.0 0.0 0.0 0.0 1.0 0.0
0.9999642686443799 -0.002802626649253425 0.007975382020643549 0.006024758797138929 0.0027887290091066813 0.9999945747044733 0.0017531549085274096 -0.0027026880998164415 -0.007980252190506056 -0.0017308510867262395 0.9999666593089449 0.32825642824172974
0.9998695337805933 -0.005052574179084444 0.01534232418976975 0.012710692811678387 0.005018541891815491 0.999984862490346 0.0022558872852639507 -0.002901173384437427 -0.015353489983037663 -0.002178596871514261 0.9998797548010522 0.622490692893654
0.9997837761467319 -0.008085766515250253 0.019157800856108752 0.02052756495547713 0.008049932712364628 0.9999657036202221 0.0019468350316495932 -0.003720728483187843 -0.01917288546640451 -0.0017921950716688157 0.999814577059025 0.922001658893097
0.9997510960441829 -0.010713577169239487 0.019569497251951444 0.029955399781664595 0.010687609978939564 0.9999418618849295 0.0014310286646142287 -0.0018290711702643391 -0.019583690954298072 -0.0012215213218059319 0.9998074749341831 1.2542186344493076
0.9997800744387371 -0.0137001512134195 0.015877928454403265 0.03740494036703531 0.013693304071865394 0.9999060965682784 0.0005398788606604262 -0.0018959247185535843 -0.01588383388446074 -0.00032233882514151385 0.9998737919951762 1.6130535751597646
0.9998440861336642 -0.016343517869526872 0.006685270913486754 0.04149210481219949 0.01634936039601235 0.9998660038481747 -0.0008202215088641106 -0.0015082011708483214 -0.006670969808023346 0.0009293935284669853 0.9999773169374844 1.938043213374895
0.999839807650272 -0.015868118319084107 -0.008280208866860421 0.02496829929103281 0.015859156855168727 0.9998735779838663 -0.0011468188978387738 0.0014596550028377138 0.008297359924122932 0.0010153180550117181 0.9999650608633968 2.280434999641243
0.9995741977272591 -0.013803104572849393 -0.025707927611097265 0.0009403550074459852 0.01378398824997961 0.9999045724690555 -0.0009206646511282693 0.0030027765659120477 0.025718182397495685 0.0005659148579046956 0.9996690726608195 2.6483888331960035
0.9989870198526094 -0.012921622960691149 -0.043104127714918124 -0.029599576557782843 0.012847313478630138 0.9999154686272718 -0.0020005340000321926 0.002679540998098721 0.04312633420990059 0.0014447352578295172 0.9990685822493122 3.0009165502434554
0.9979529120559575 -0.013219426020953355 -0.06257181549796383 -0.0656232650881666 0.01307805576090809 0.9999109181692339 -0.0026683671925540747 0.004961554464015229 0.0626015157687836 0.0018445871181002943 0.9980368969741623 3.3905968354965754
0.9963248174365021 -0.015118169920558778 -0.08431072943803894 -0.11307643805812329 0.014977826511825885 0.9998851878746485 -0.0022969070204826884 0.0055529097508542295 0.0843357745746296 0.0010256739892425958 0.9964368645929181 3.7902759977133247
0.9944359221074158 -0.01747458442465574 -0.10388376062484186 -0.1645985661109824 0.017344376412691268 0.9998472489988582 -0.0021566817730701926 0.0020768205570330417 0.10390557939412468 0.00034288278025214054 0.994587106794659 4.189889331274377
0.9924033319119094 -0.018052388058757616 -0.12169526735052838 -0.2312697482631228 0.018059080877264978 0.9998363722124358 -0.0010480452966797154 -0.0011930340887438755 0.1216942743435736 -0.0011576210310440206 0.9925669566863182 4.610130524907296
0.9903940309896249 -0.018810857243286596 -0.13698837552834472 -0.30495723537907865 0.01898971638721478 0.9998196790772369 -1.1934740192648396e-06 -0.0049071454188872494 0.136963696108331 -0.0026001883900837186 0.9905726550681081 5.047059539117626
0.9885986916538014 -0.019547889383865945 -0.1493000565339089 -0.37980400989716534 0.019658463514269323 0.9998064833738559 -0.0007352658443807453 -0.008770546915677994 0.149285537386079 -0.0022081268622776633 0.9887916628406157 5.48280184699634
0.9859700756673766 -0.022189819565345638 -0.16544068966286743 -0.45753856482307975 0.02225789462266791 0.9997512214274482 -0.001442699307449662 -0.014248704188151554 0.1654315448015705 -0.002259903091486193 0.9862186861049548 5.912132204945185
0.9838613898993572 -0.02510215054806727 -0.177162771211017 -0.5389882804832131 0.024877134602339604 0.9996844187540634 -0.003491571899231614 -0.017400340280276098 0.1771945079264086 -0.0009720793242284117 0.9841753712740964 6.351336597511696
0.982215566042964 -0.02505880242831653 -0.1860769686010561 -0.6378671810761499 0.024364262434140572 0.9996850290445807 -0.006018755699994535 -0.02165789963451831 0.18616918257042475 0.001378087440798982 0.9825167359063485 6.843882235311715
0.9807543575853747 -0.025576560350844255 -0.1935632445427568 -0.7441322710114749 0.024662041454000132 0.999670396255577 -0.007133201352782564 -0.027154011488415754 0.19368188812746695 0.002222253549391156 0.9810618674683783 7.358488383502367
0.9790856380085187 -0.026177113511850775 -0.20175745878068416 -0.8518392125303083 0.024670227118364193 0.9996458251602047 -0.00998018705745376 -0.03591624724222833 0.20194725385451548 0.004794055481647996 0.9793846658451717 7.858863716311131
0.9763909429796208 -0.029332419337406296 -0.21401012976768527 -0.9661003583412009 0.027318811728795675 0.9995503424153112 -0.012361047818082631 -0.042249049914489585 0.2142764779276847 0.0062227126921353595 0.9767532282279172 8.374086495831058
0.9744820576107478 -0.03550931538152165 -0.22163891336103175 -1.0787592563375024 0.03337526910604709 0.9993534917379212 -0.013367496524166139 -0.05155190408545417 0.22197029262228368 0.00562912714017765 0.9750371798658847 8.900961537266078
0.9723022421896418 -0.03764230945829468 -0.23067597701460235 -1.2140112128219465 0.03480320861063885 0.9992601731142959 -0.016365912684355777 -0.06251872863383062 0.23112136747475281 0.007884349448976884 0.9728929799985027 9.457903293804758
0.9695663741587851 -0.03594421162287279 -0.24217567952087352 -1.3599444504305425 0.03177834167614734 0.9992724651483389 -0.021087375291292672 -0.06983553256301472 0.24275745735383855 0.012749668512236714 0.9700032282688174 10.00258607572717
0.9671431814490689 -0.03512373232537283 -0.2517943406911868 -1.5146364337982947 0.030185452932641882 0.9992692165695688 -0.023449333630018394 -0.08346450669018723 0.25243396167676235 0.015078336910157218 0.9674966350061374 10.559049715604804
0.9639918439739059 -0.03721361140537472 -0.2633151569468771 -1.6772209378708833 0.031777004698378596 0.9991853436994267 -0.024877116164415625 -0.10249717215077553 0.2640264129290628 0.015613970104632863 0.9643890590489834 11.12624369611893
0.9608561360367811 -0.04010006078074054 -0.2741303904455829 -1.838402708099898 0.033800720553033646 0.9990455895811853 -0.027666247097820014 -0.12097922761458599 0.2749781757350254 0.017317478562504998 0.9612944958781751 11.694723834607105
0.9585574087620367 -0.039700181923709076 -0.2821198143743796 -2.0052007962820344 0.03195864805392661 0.9989770783488807 -0.0319912761248994 -0.13474632984511853 0.28310128739017637 0.021649306888644478 0.9588456437765498 12.242494975338518
0.9560706780676907 -0.03890723007365652 -0.2905427438212521 -2.2002722595376314 0.029831492852258328 0.9989206683812067 -0.03560309417801964 -0.15626414074403078 0.2916143696277531 0.025371750606507888 0.9561994215108945 12.858122623988066
0.9533488033143882 -0.04138373754977893 -0.29902081112430146 -2.382411222257923 0.030367025063727383 0.9986811649031824 -0.04139776149022769 -0.18438402158780595 0.30033964608057173 0.030386133910615277 0.9533481944484729 13.437568845120856
0.9512118658688963 -0.042663488417135 -0.305574562073308 -2.5802082041900314 0.02902281446358728 0.9983747472523815 -0.04904630760164822 -0.2112918146667326 0.3071704127529622 0.03778479594789808 0.9509041206790254 14.039519133844362
0.9508931582118197 -0.043052218116443386 -0.3065105351879536 -2.78268362169158 0.026645306683073546 0.9979890326820046 -0.05751450493746859 -0.23849194106860738 0.3083702795304965 0.046523082031302766 0.9501280827028493 14.643972319790688
0.9505924885313035 -0.045176998797371894 -0.30713671146173005 -2.987768323207648 0.025868425081572645 0.9974409407609123 -0.0666512886430974 -0.27772918687059955 0.3093618356094734 0.055413071324811804 0.9493285238497202 15.258977680061133
0.9500204748562276 -0.04527022463981707 -0.3088878503842593 -3.2041689789560377 0.023272286812646384 0.9969468299329354 -0.07453468288777369 -0.3233009802262673 0.3113189650831732 0.0636209481832168 0.9481734424311887 15.882038769371825
0.9498420112647341 -0.046243326640437864 -0.30929227015525435 -3.425477279814688 0.022003375402273297 0.9964379477581338 -0.08140803239524785 -0.3755036941431624 0.3119551331641646 0.07051929529415946 0.9474761336750092 16.525204424226196
0.949390975331728 -0.04496480281540116 -0.3108616130474178 -3.6593820975126925 0.01863722685444193 0.996020771958862 -0.08715087837565867 -0.4334674303523397 0.31354334586121657 0.0769466590193809 0.9464511513712204 17.190260502444286
0.9489212014656038 -0.04540084205452052 -0.3122295901253043 -3.8964029490882246 0.01717443533984974 0.9955583761951416 -0.09256650775766648 -0.4987734131149702 0.315045381143467 0.08247595485008519 0.9454861842944794 17.88118037803639
0.9488496974533592 -0.043665340031348886 -0.3126940832868694 -4.1520880839588346 0.01382287356330815 0.9951859019830729 -0.09702550520657245 -0.5665525238767091 0.31542539499717154 0.08774029048324665 0.9448854224808392 18.607627059457734
0.9483784636993149 -0.04161832974769469 -0.31439816192264775 -4.412313604928899 0.010884075643585237 0.9950392210074385 -0.09888622530107352 -0.6361202987353851 0.31695398165776684 0.09035963305548617 0.9441267447887312 19.340550541080432
0.9479787534382718 -0.040523239593790596 -0.31574380450365863 -4.66960795091082 0.009211304191813208 0.9949410625367445 -0.10003716286130734 -0.7105888499993408 0.31820030626117607 0.0919246927167999 0.9435562600948688 20.072236829466572
0.9469635472423996 -0.04012881868488975 -0.3188255292554959 -4.927079407232268 0.008574278068749091 0.9949740905249617 -0.09976492840485303 -0.7846982984539209 0.3212265897301959 0.09174005174939091 0.9425482698277726 20.812932446674147
0.9461679042876063 -0.03888535061042622 -0.32133195671128567 -5.183362474627764 0.007382605096553321 0.9950917489696796 -0.09868084046284242 -0.8589804487473236 0.3235920178836117 0.09099637707276503 0.9418109498841282 21.53629631511744
0.9445046657515094 -0.037871693144607324 -0.32630763281294917 -5.445604280652316 0.006348922508584879 0.9952511540016579 -0.09713306152566385 -0.9361228032057866 0.3284366416169331 0.08967092793502875 0.9402598029941838 22.28001324566336
0.9410597326915225 -0.03762934202742639 -0.33614076236770707 -5.747000687709895 0.005982912588224466 0.9954887890355987 -0.09469042011417662 -1.028821287112547 0.33818749868012865 0.08709824064250989 0.9370395467713504 23.11579291874211
0.937414991260221 -0.03831177106384179 -0.34610019121426633 -6.016826651540107 0.0076035796071366405 0.9959441015506556 -0.0896522847651721 -1.1043420218007929 0.3481311817946762 0.08140979538365976 0.9339042378519506 23.845527893911115
0.9343689908466211 -0.038039053193158874 -0.35427054545422687 -6.260463816235034 0.007909021670080183 0.9962541487724057 -0.08611108192324571 -1.1676731597082668 0.35621908472243535 0.07765759129626518 0.931169835311246 24.472737636918357
0.9309419869615537 -0.03756720024333355 -0.3632295725542617 -6.554391531258959 0.00784872146937913 0.9965228079336598 -0.08294992971251039 -1.2380308403007747 0.3650827501859961 0.07437068464046562 0.9279997773613623 25.211652459373834
0.9269632549262506 -0.037976713800184664 -0.3732249900870384 -6.854490204215437 0.007544420167378829 0.9965489213583901 -0.08266395262608392 -1.3065830665606413 0.37507626656570675 0.07381068044916173 0.9240507441211022 25.947695710833965
0.9232596661041662 -0.038320292474188083 -0.38226057098518107 -7.184708179037106 0.007379698976458824 0.9965982896236679 -0.08208160063130415 -1.381911835439852 0.3841056221773391 0.07296166324771347 0.92040179634108 26.71908353791986
0.9199392039608794 -0.03922292352697921 -0.390094121060316 -7.519796365791958 0.007773315754177071 0.9966122679496341 -0.08187528891230125 -1.4532555895425654 0.39198397489949716 0.0722879633291994 0.9171275886046101 27.491866420432746
0.9168810969272767 -0.03941820396581509 -0.39720933938358405 -7.876804639692709 0.008008147776390893 0.9967282579885627 -0.08042791366358296 -1.5236791282347915 0.3990800968059236 0.0705619226154919 0.9141969653254052 28.301967037789446
0.9131113835993521 -0.04064994785343483 -0.4056786694919889 -8.231739854859637 0.009125122072418713 0.996805592514066 -0.07934319680883636 -1.5960505475243494 0.40760806332608385 0.06874730883602145 0.9105654694964905 29.090657711963697
0.9095081136354994 -0.04011770332310253 -0.41374576869289564 -8.606993361051563 0.009128022598467312 0.9970195260631218 -0.07660772710575553 -1.6693367197198228 0.4155859362810987 0.06589866864320984 0.9071635437099614 29.9024102596967
0.905354086151204 -0.038014680993000635 -0.4229525537437016 -8.993614555355274 0.00847842763247208 0.9974047452370759 -0.0714974855742834 -1.7429580287635322 0.4245728382200154 0.061144568095329005 0.903326766368758 30.719622011552865
0.9013066910005015 -0.039270181048893356 -0.43139784612131943 -9.381431025210496 0.011116706922853733 0.9976512154607668 -0.06759046616828293 -1.8144490961314277 0.43303887537369884 0.05612401598283537 0.8996262708731001 31.52503530727812
0.8971006811398873 -0.039337341726098894 -0.44007151855610316 -9.795844041274906 0.011516859797497494 0.9977721744665984 -0.06571186955642784 -1.8853373798621722 0.441676046258743 0.053881920957964374 0.8955551399858775 32.371933326912085
0.894350556977141 -0.03932783896771756 -0.44563483068181153 -10.205988536035587 0.011734270574664698 0.9978479592578411 -0.06451168188043406 -1.9516743167366701 0.4472129114065896 0.05246685894058307 0.8928873616443178 33.19614143029762
0.8915415376764422 -0.04000893267916447 -0.4511684518042007 -10.631766000709687 0.012878363101477107 0.9979275198160863 -0.06304611770395971 -2.010020715414952 0.45275582200712977 0.05039792158005243 0.8902090850688165 34.0313742621184
0.8886076156115056 -0.040393428000699505 -0.45688606506610274 -11.075399787096293 0.01360805909008395 0.9979978455118087 -0.061766666427682713 -2.074855346021689 0.4584662759735284 0.0486689976077189 0.8873781620407526 34.89452757021906
0.8884342616445883 -0.04069229610996586 -0.45719656579346085 -11.50151687427039 0.013493118919622562 0.9979474104699368 -0.06260113160453704 -2.1335005857335365 0.45880551269340303 0.04944798250329834 0.8871597367715113 35.71713747635196
0.8874822262532585 -0.043153944912789274 -0.4588169952421382 -11.933397698424523 0.01550907279963095 0.997838822134609 -0.06385259354099987 -2.196410694230577 0.4605809014119627 0.04955221568689274 0.8862334969831955 36.5553611725178
0.8866188503323329 -0.04285153060794754 -0.46051141197578216 -12.391531795134863 0.014698078958320912 0.9978062370438033 -0.06454982410061624 -2.2599358408983528 0.46226721786246905 0.05046245773881478 0.8853036539225686 37.42605772838507
0.8860353327049997 -0.04265861238594733 -0.4616509850391809 -12.883624769357722 0.014609682208365333 0.9978324091444019 -0.06416416793545829 -2.331400802388831 0.4633874689545576 0.050107145701832 0.8847379993904999 38.35796436364989
0.885232452503145 -0.041872678659925174 -0.46326038446764456 -13.384530061314383 0.014531420395492196 0.9979433453140685 -0.06243330332967639 -2.4001221378373625 0.46492186747512393 0.04853615482512551 0.8840203045282584 39.30395427089468
0.8854444828800521 -0.04229943350474556 -0.46281618993122425 -13.856423454964691 0.015486231955537565 0.9979817846956317 -0.06158355328771912 -2.4686130808852127 0.46448707663087535 0.04736153862470751 0.8843125241123774 40.19560185560142
0.8846336945428334 -0.04431734340176163 -0.46417582827341125 -14.337160470596084 0.017539722197634097 0.9979313067325895 -0.06185034509375251 -2.537176193312598 0.46595663384560465 0.046573384210263136 0.8835809726666121 41.10504258688971
0.8838526344975683 -0.04708541350314615 -0.465389604876329 -14.82876940825738 0.020256660621105253 0.9978403206031909 -0.06248489640707317 -2.6081454768301597 0.46732663972021676 0.0458002010231292 0.8828975894145661 42.0317826774624
0.8830993687554215 -0.047997200758932844 -0.46672451577250906 -15.34065610902632 0.022090307945987354 0.9979039537891814 -0.060825301534567514 -2.684174542277578 0.4686656838287051 0.04340469711017818 0.8823086246150755 42.99577215295592
0.8812235801572738 -0.04799737659943729 -0.4702565827443236 -15.852255679279581 0.023345317753065233 0.9980366795285596 -0.058118692815786605 -2.760112065824633 0.4721228631551383 0.04023727320755145 0.8806139698704624 43.951068187500354
0.8793299261069968 -0.05010728645477447 -0.47356957344914263 -16.33632386243904 0.02755421985964744 0.9981363835558076 -0.05444744980309175 -2.830459692738734 0.4754152353686091 0.034828431866409944 0.8790718595843784 44.85575985775919
0.8766956281012318 -0.05073761479264771 -0.47836227914974633 -16.83582521278256 0.028367407097234718 0.9981444271857289 -0.053879427360107014 -2.898987951472479 0.4802083567398288 0.03366596089860182 0.8765081501013025 45.776929558924394
0.8724406487617563 -0.05466283976794763 -0.48565346527814435 -17.34972953796844 0.030760731936182215 0.9978968052790405 -0.0570591218354739 -2.9670041306407584 0.4877510551079479 0.03484164121261797 0.8722872051559023 46.710026392651926
0.8672193941507506 -0.05806356935308718 -0.494529214832435 -17.873395211102 0.03190768393553019 0.9976167461448668 -0.06117783517908196 -3.0341487199923485 0.49690282965050186 0.037275323275698685 0.8670052642054815 47.63583140592363
0.8620140165813029 -0.058020567547299784 -0.503552826383547 -18.412476211222685 0.031133608951050416 0.9976120902906429 -0.061650755872232225 -3.102953461918025 0.5059273995456784 0.037466398911874706 0.861761994602642 48.55833365372567
0.8569844468274158 -0.05689861483600733 -0.5121915711192951 -18.970774765769068 0.03135335331019598 0.997801675479178 -0.05838478951877299 -3.174167651680803 0.5143876214802553 0.03397593325707314 0.856884479277806 49.49371267944563
0.8532137813544005 -0.055190158216237656 -0.5186330974234022 -19.536081319808908 0.030546611686051984 0.9979664407275755 -0.05594539923922769 -3.244150849258845 0.520666061714634 0.03189090179975602 0.8531645928898899 50.4153636592855
0.8499364770366858 -0.05587568331457297 -0.5239140129988861 -20.093653800158766 0.030316406700588473 0.9978997731924295 -0.057244721566816745 -3.3167598043422744 0.5260122626776224 0.032771186683234574 0.8498453676029192 51.30891670922342
0.8475254147521301 -0.05936999889279558 -0.5274238092660398 -20.651427370906266 0.031196765783269145 0.9975783380325931 -0.06216286104092786 -3.3866112095270324 0.529837176077608 0.036230687539699144 0.8473251466388253 52.20521818969012
0.8455202090845321 -0.06252068368333827 -0.530270440569166 -21.21642761230713 0.029436561066230174 0.9970687874475386 -0.07062097401260688 -3.46198592335271 0.5331313767752218 0.044102122507461636 0.8448822035574507 53.10330872316372
0.8429592696479984 -0.0642000166475642 -0.5341329680678454 -21.77396281001519 0.029482877983831274 0.9968747970735568 -0.07328982784360857 -3.538719714614712 0.5371689023205867 0.046032562626989876 0.8422176521290019 53.98270785229077
0.8412250335905376 -0.06421816736934212 -0.5368579605820538 -22.3581877232391 0.030795811878779455 0.9970004902309959 -0.07100451006718364 -3.624140691698705 0.5398074293961928 0.04319779460663609 0.8406794214858582 54.89062769558336
0.8387399614654006 -0.06273938240222533 -0.5409057653018738 -22.943253659154724 0.032030009188466685 0.9973047171805787 -0.06601045069345433 -3.7064457471509353 0.5435893261943296 0.03804038623822799 0.8384888630521228 55.79591467215257
0.8362940379543518 -0.06111657632546071 -0.544864245643132 -23.514978480204768 0.0315110944291443 0.9974829130515883 -0.0635207769001214 -3.781520292835432 0.5473749473714363 0.03595277831227482 0.83611486335416 56.66373851911149
0.8343643078317315 -0.06160084557483584 -0.547760474697601 -24.09867576796219 0.03118832985906437 0.997419706682774 -0.06466232907537091 -3.854788995787639 0.5503303461531794 0.03686820507313303 0.8341326306754865 57.551979389602195
0.8318737174167278 -0.06307282158939763 -0.5513691480741615 -24.710518663506928 0.03137634198970175 0.9972767558289104 -0.06674277074492499 -3.935407573801661 0.5540772901271264 0.03822160985772777 0.8315873165851342 58.47485858763
0.8288977553520276 -0.06537099220757753 -0.5555674077465015 -25.296464177010012 0.03175569613086776 0.9970457155968937 -0.06993866436473016 -4.017980883088056 0.558498063502117 0.04032957212363185 0.8285248570059383 59.355947260226316
0.8264425899270766 -0.06707514242559132 -0.5590112439148364 -25.876234968510552 0.032990839165841605 0.9969413896360497 -0.07084821918493087 -4.097042750732372 0.5620536007230624 0.040109735715024034 0.8261276892921042 60.21105940491511
0.8237587613364328 -0.06842026963305223 -0.5627967393516122 -26.46054568503163 0.03474363433598939 0.9969175971880977 -0.07034333152358589 -4.1786059814049095 0.5658748828094362 0.03839233152662762 0.8235967738434606 61.059396767293926
0.8213225150814407 -0.06871302960075279 -0.5663107325341652 -27.082366971003303 0.03554622943516532 0.9969545715833349 -0.0694121586757816 -4.261977755106934 0.5693555934503842 0.036879557510569025 0.8212637252701385 61.95734627919024
0.8183862898059701 -0.06947188932473657 -0.5704537994012056 -27.708697544931937 0.03531388320263748 0.9968694777466383 -0.07074018652997557 -4.351920623158593 0.5735824354970869 0.03774785994989399 0.8182776354993664 62.845365187084994
0.814514946149471 -0.0710713814493084 -0.5757727513854851 -28.30697903947189 0.03590598338246051 0.9967407651610121 -0.0722399295651589 -4.431899102539336 0.579030364364826 0.038166815496286186 0.8144121385013915 63.67905750894417
0.8105049393009646 -0.07225070450329639 -0.5812586163383019 -28.941664485962054 0.03594414002995025 0.996627987392368 -0.07376092152180214 -4.526419548933253 0.5846278835004769 0.038890750121532404 0.8103688958670227 64.56719517152563
0.806093705020405 -0.07355594889659149 -0.5871988258745061 -29.598689618480527 0.03617585972595938 0.9965144811691544 -0.07516778560832432 -4.6216308954874625 0.5906811711063459 0.03934985644310945 0.8059449999214231 65.46661357689317
0.8017413139964488 -0.07567133202696193 -0.5928614635313322 -30.244450683653383 0.03719014129347489 0.9963466594752405 -0.07687800428666651 -4.715596341728075 0.5965129997089914 0.039587670578030074 0.8016265074935998 66.34731993110388
0.7965237449588477 -0.0764103895315024 -0.5997594318461169 -30.920448895545306 0.03721092932638888 0.9962968278744235 -0.07751114439890673 -4.810447108687327 0.6034610761726057 0.0394218611814022 0.7964173820338147 67.24502078065096
0.7915103094223911 -0.07719727798807402 -0.6062606785445541 -31.59317095366715 0.03822251473403676 0.9963012069435662 -0.07696066794278804 -4.905022082168739 0.6099593998336919 0.037742354378413695 0.7915333506811303 68.1286057683712
0.7876151002618736 -0.07907610188941037 -0.6110723557398539 -32.26875854401705 0.040286797420997 0.9962175968948491 -0.0769900876127032 -5.000452831239302 0.6148491097765683 0.03602040736898677 0.7878217453586401 69.00191462228908
0.7828542549945018 -0.08075718879319045 -0.6169420490574657 -32.96652402620793 0.041670279850026276 0.9961200001730384 -0.07751472784243275 -5.097630742067398 0.6208081855245016 0.03497458668071603 0.7831819552775007 69.8910682624498
0.7784574717810138 -0.08372211327715845 -0.6220888781972549 -33.654081065496385 0.04392613096618981 0.9959013527975231 -0.07906320581917257 -5.196564559676226 0.6261584940305878 0.034221385776592284 0.7789444377546298 70.75493200695811
0.7741465151340632 -0.08248236334629795 -0.6276096181884048 -34.35129225293947 0.04150564104120168 0.9959548238475422 -0.07969485941119633 -5.292783963094784 0.6316442470786423 0.035646158160743166 0.7744384394778159 71.61084687132214
0.7706021704293109 -0.08273991988956236 -0.6319227805565363 -35.06645021719182 0.04256406370129546 0.9960046158532786 -0.07850545000313763 -5.3931149824280125 0.6358935409413021 0.03359926867703945 0.7710450659549678 72.48294404850854
0.7677750446314128 -0.08308054343089427 -0.6353102424362915 -35.76896646559316 0.042727206393510846 0.99598929601627 -0.07861111915512733 -5.491006127163489 0.6392932556151665 0.033210623665366354 0.7682455257277578 73.33111037354705
0.7630846954666496 -0.08383920404877654 -0.6408375265299612 -36.500133677549144 0.04265388109665671 0.9959216126230743 -0.07950338318365871 -5.595944780971696 0.6448894432164037 0.033333607286386 0.7635486079178679 74.20536620034893
0.7594610278409247 -0.08547039465158689 -0.6449137607687623 -37.20093185006132 0.04213958683008061 0.9957132022776508 -0.08233756148791621 -5.6908307176920445 0.6491865698030086 0.03535576965769909 0.759807059153385 75.02634855983771
0.7563537749815495 -0.08771383306562941 -0.6482555441799899 -37.957460932456115 0.042625992924850586 0.9954720883725128 -0.08496084979824008 -5.795363182933202 0.652772542160231 0.036627923230827863 0.7566679611569836 75.91031100321418
0.7521697350973277 -0.08887325134932796 -0.6529488760984395 -38.71009276800749 0.0425243292868505 0.9953446842069384 -0.0864906991513754 -5.904705640139098 0.657595902528536 0.0372894732543837 0.7524474228556378 76.78240322134825
0.748977977502148 -0.08838411987227454 -0.6566736149497675 -39.435575756008035 0.0427990638907206 0.9954471452196154 -0.08516584529138566 -6.009448577146578 0.6612111836220483 0.035682326557017294 0.749350747130213 77.60851602860377
0.7458862098252561 -0.0893938823693178 -0.6600473435954839 -40.200068359865 0.04417522750359493 0.9954102672710976 -0.08489375175057104 -6.113479021752407 0.6646068847578392 0.03416333716460564 0.7464117865670783 78.47685998076743
0.7421968791321063 -0.0905899363168565 -0.6640310655719879 -40.970813918538525 0.044405875036269055 0.9952921600323672 -0.08614890852685236 -6.221220099500603 0.6687091377189525 0.034452570531276844 0.7427254603923057 79.33656015888774
0.7410401504615712 -0.09063292844617107 -0.6653158405488051 -41.76432334376626 0.04373818142973599 0.9952596315369219 -0.08686332550743166 -6.331244580844259 0.6700346758855928 0.03526950686161866 0.7414914665703354 80.21535241595737
0.7379647883173288 -0.09075000242293929 -0.668709509625814 -42.57248486571615 0.04366076600082289 0.9952612655568218 -0.08688354731739964 -6.446995322160216 0.673425354969637 0.03492062918204577 0.7384299837774388 81.11029051788499
0.735106916133316 -0.0912351142421799 -0.6717841735127303 -43.382469914779485 0.04401226037523306 0.9952354185652029 -0.08700219865042465 -6.564895153844797 0.6765210586446135 0.03438917798612878 0.7356199029715073 82.00150177595118
0.7336587439306668 -0.09348133731179253 -0.6730572687583691 -44.201527709343864 0.045618441052214305 0.9950332412180112 -0.08847489308919815 -6.681105238014699 0.677985106982478 0.03420655559360313 0.7342793107969063 82.89252568369398
0.731710652305011 -0.09723906572839314 -0.6746436729115931 -45.02690416468048 0.048388185069194484 0.9946849776117488 -0.09088662640468165 -6.802433603214676 0.6798956573247726 0.03385792979176418 0.732526815714709 83.79931437809628
0.7286515385978992 -0.10139923277522997 -0.6773367928080604 -45.83281430968617 0.05204212045330933 0.9943174928721297 -0.09286733046236281 -6.91871864749748 0.682904497713727 0.03241788026810491 0.7297880021220446 84.67408803144541
0.7246492445947084 -0.10407372521685201 -0.6812137197882949 -46.6455193037982 0.05537132171430421 0.9941273292644622 -0.09297779273094406 -7.037860001624515 0.6868897211633972 0.02965658323196641 0.7261563179034359 85.54684548850177
0.7175538319638118 -0.10650791273888083 -0.688311385027196 -47.43755180393039 0.05815714100456634 0.9939498847830281 -0.09317388845583477 -7.156992652515148 0.6940707782238242 0.026827058426378003 0.7194067443053082 86.3854769563063
0.711015634829511 -0.10807648592936842 -0.694821013079733 -48.25060060783183 0.06034334842506492 0.9938508467357825 -0.09283951068063395 -7.276000316410668 0.7005822202488718 0.024082517138525196 0.7131651877646819 87.23083021293743
0.702521617880053 -0.10667682801774156 -0.7036216531455426 -49.096364625908826 0.05985380707475954 0.9940551817430883 -0.09094953231530895 -7.399831899982512 0.7091409579130588 0.02177957790658832 0.7047302688237256 88.0845691035378
0.6949205777405686 -0.1058170135020801 -0.7112581460245042 -49.93990791406864 0.05906497794444461 0.9941707522128354 -0.09019891254880767 -7.517664449528815 0.7166566255977382 0.020670633712244535 0.6971197930691666 88.91355750446786
0.6881558051390012 -0.1062805514857847 -0.7177367429840628 -50.814026894799014 0.05672752941390892 0.9940666178091131 -0.0928091954719191 -7.635439490139837 0.7233419490532035 0.02315175443520983 0.6901017468507703 89.75886422716063
0.6788826641815885 -0.10861867300092114 -0.7261682395624501 -51.68419549024026 0.05790254008047295 0.9938372743424126 -0.09452390163272839 -7.762705821934807 0.73196012468299 0.02212365257283378 0.6809881936354688 90.59105945781187
0.6712039256693791 -0.10980725458369019 -0.7330945757586855 -52.550629716898555 0.057657831312248595 0.9937048954054698 -0.09605287780994642 -7.881682143622111 0.7390269715337747 0.022202425272858504 0.6733098749146788 91.39153106181247
0.6639973515181916 -0.11002300411518715 -0.7395961436772751 -53.451011333871946 0.05925957932440984 0.9937473280822879 -0.09462848507509586 -8.009890527440295 0.7453830018420873 0.019004907123771266 0.6663655108647925 92.21495234110017
0.6545809880014897 -0.10906502065751925 -0.7480832516611827 -54.35202114784605 0.05883924740998406 0.9938869742460028 -0.09341640856055311 -8.133173157430354 0.7536986620070519 0.017131949483359978 0.6569968212980024 93.01498791667548
0.6463841240182376 -0.10963391328627134 -0.7550946757027985 -55.24100955746208 0.059253865196434635 0.9938473435730812 -0.09357583626136048 -8.254360772625565 0.7607079227117717 0.01574365682643438 0.6489033777021608 93.78896781841567
0.6393221031066297 -0.11018661896783062 -0.7610033886125306 -56.16562033078994 0.058179622281762586 0.9937744626931568 -0.09501288781043823 -8.376799195686399 0.7667348824922912 0.016468949552585217 0.6417525953747029 94.57263687881131
0.6313249805867718 -0.11017127076840405 -0.7676529554325883 -57.1077827857284 0.05611449326702589 0.9937527067732734 -0.09647135028689977 -8.508612215911993 0.7734855735774891 0.017828316748022148 0.633563113343442 95.35842129864066
0.6244546205217011 -0.1104533250391198 -0.7732118014469911 -58.06602423971459 0.054147356556899215 0.993690669824345 -0.09821871757432529 -8.639582251677615 0.7791819368331112 0.019465756904050842 0.6264954857149044 96.13806839301783
0.6171025537887946 -0.11031651804032117 -0.7791114836496813 -59.040235560479964 0.05377318928129123 0.9937215125972425 -0.09811217822455615 -8.772366238835556 0.7850432358933275 0.018649966458633004 0.6191601541840572 96.92030006387624
0.6124417981121322 -0.10789362467187924 -0.7831181326468836 -60.003153520266835 0.050936601004693834 0.9939695368742612 -0.09710830265253068 -8.894785395728551 0.7888729343837745 0.019583807625957815 0.6142442249428175 97.67604006942094
0.6077616806203409 -0.10611550498213418 -0.7869976106519803 -60.98832656815696 0.05045150726531181 0.9941892894720535 -0.095091020152861 -9.02555762842176 0.7925152269730831 0.018087462548414104 0.6095838405948462 98.44269851442763
0.6015252029581152 -0.10596919843959994 -0.7917941394000508 -61.98660626819866 0.05059528996258621 0.9942265033624003 -0.09462439772795014 -9.151856725224285 0.7972499901786142 0.01685790597447264 0.6034138415435593 99.21065143027772
0.5969592787463521 -0.10731257925793518 -0.7950620289333686 -62.99374475719177 0.05001812688676173 0.9940640190845937 -0.0966173532245872 -9.281882649913664 0.8007108132786612 0.01790911204929565 0.5987833140663081 99.96711458744086
0.5927402310448191 -0.10963317445376611 -0.797896976783422 -64.01193407555355 0.0510757467190244 0.9938145660213153 -0.09860971788296954 -9.415912770926054 0.8037725341152363 0.017696763067150435 0.5946734717295843 100.72780251465005
0.5878985785041594 -0.11203608205993269 -0.8011386757044309 -65.052215161258 0.05129284180532233 0.9935326163419135 -0.10130145430509227 -9.55331142266211 0.8073068225726346 0.018462301629335 0.5898430618785174 101.48944492357965
0.58317513452647 -0.11400641534706599 -0.8043067199332269 -66.04107182582428 0.050782560964490325 0.9932829024023383 -0.10397214673687848 -9.691205536407784 0.8107576049423907 0.01978921562112662 0.5850474279690314 102.21207784179657
0.5787270362714255 -0.11409841042495764 -0.807500198282942 -67.04837588186969 0.05081333794392618 0.9932855124854133 -0.10393216717449216 -9.829805627922033 0.8139367433501752 0.01911657461702166 0.5806389018998153 102.93673071378272
0.5757861604838599 -0.11323913898873464 -0.8097204423727643 -68.05200800104845 0.05338289778226853 0.9934558162292235 -0.10097429090959457 -9.962719580032395 0.815855724757523 0.014914375663017246 0.5780631434185713 103.65264552416245
0.5736321584805892 -0.11231575482151533 -0.811376187705662 -69.079391980616 0.05591367210369959 0.9936132665443992 -0.09801192692141618 -10.101515263120007 0.8172024278162544 0.010855771084649551 0.5762485090699825 104.37973477804954
0.5713919666079207 -0.11159800849229054 -0.813054183309137 -70.1228759048433 0.056570567109811044 0.9937106285830263 -0.09663828215568404 -10.237455819446563 0.8187252234008718 0.009223401849745287 0.5741114329339827 105.12203432772257
0.5685501857281829 -0.11248005760421995 -0.8149226484457285 -71.12314927475427 0.058881043661268506 0.9936318282487708 -0.09606670905347692 -10.372275864104173 0.8205386700246423 0.006635249230960115 0.5715525036790886 105.83007468873512
0.5672614146554209 -0.11328533298947967 -0.8157088455892787 -72.12652261016947 0.06292523496605841 0.9935602300361551 -0.09422570824869947 -10.503773082984637 0.8211302590013336 0.002121937785468604 0.5707368878322459 106.53525370319912
0.5642677071215367 -0.11320080081079764 -0.8177943099555033 -73.12057745900574 0.06547230094677256 0.9935711033623282 -0.09235713492795808 -10.62943303139561 0.8229916965003589 -0.0014287264118516066 0.5680516052545765 107.23116296884174
0.5627148661440875 -0.1139490597905275 -0.818759788456478 -74.10905114160876 0.0665788064869631 0.9934835565290374 -0.0925077587729075 -10.75271980642509 0.8239655587142057 -0.0024565584197645124 0.5666345589297542 107.91281914794726
0.5603063678063499 -0.11516549348356245 -0.8202400156700129 -75.0949368419295 0.0702198624734448 0.9933261569529835 -0.09150036517537766 -10.878065848092358 0.8253035472538974 -0.006328903831194048 0.5646538761634685 108.59321795015822
0.5607617213218827 -0.11491922912804944 -0.8199633300805189 -76.04708216407762 0.07263713789114123 0.9933308504777957 -0.08954143000892117 -10.997638412253028 0.8247849041411357 -0.009348383051312477 0.5653693214485762 109.24598153613944
0.5607985578249167 -0.11506309106212435 -0.8199179609062867 -77.003068026224 0.07451450051487592 0.9932915517843499 -0.08842783705856873 -11.113909177042643 0.8245923639923621 -0.011505573826085441 0.5656103384985289 109.90935281822217
0.5596123562743347 -0.11682634324917508 -0.8204788944440392 -77.9694881864288 0.07657648094518431 0.9930682128895437 -0.0891715600088937 -11.227227550568433 0.8252090966967941 -0.012927879617084616 0.5646793928039763 110.57995788631226
0.5593945474075972 -0.117924102557718 -0.8204703811635166 -78.9177657858755 0.07804930083699872 0.9929242950607702 -0.0894966531046166 -11.346345564500764 0.8252187873343075 -0.01397319984932658 0.5646403304019876 111.2332428095004
0.5605718894356466 -0.1197799866007005 -0.8193972855608477 -79.87262216369689 0.07968578383408095 0.9926944519849896 -0.09059746604055341 -11.462452689235315 0.8242629026162086 -0.014507922254999556 0.5660213667014219 111.89334541058105
0.5618154201097276 -0.12104547415249084 -0.8183589841347921 -80.78447606200174 0.0803898264183707 0.9925437567825588 -0.0916207764668526 -11.575222948267097 0.8233473808395545 -0.014313771661005899 0.5673572123499286 112.52117824272389
0.5660465816773135 -0.12230630081511845 -0.8152499225098707 -81.72879843439803 0.08115764415254884 0.9923966535847344 -0.09253279823624144 -11.690161555581208 0.8203686391903561 -0.013785888971788098 0.571668824668812 113.17721953589805
0.5698747974993177 -0.12241513114078639 -0.8125621519877084 -82.63512605115352 0.08025784934700242 0.992405347587389 -0.09322179840652978 -11.804500294310008 0.8178027835568338 -0.012089737289862214 0.575371571646494 113.81730753359952
0.5736883125182192 -0.12243174465130753 -0.809871710816988 -83.52923247037388 0.07988926481509383 0.9924148992819661 -0.09343646531450515 -11.916714618179915 0.8151683417842611 -0.011096647457765854 0.5791178109572318 114.45090713442168
0.5795215024020746 -0.12320931805541252 -0.8055894067066439 -84.46159431744283 0.08098313956600323 0.9923192110688703 -0.09351103918622583 -12.034623919615564 0.810923275877364 -0.011047501435837027 0.5850481974609867 115.1228273481116
0.5850993963761605 -0.12187573913431976 -0.801751208649364 -85.36080387027013 0.07936464826312267 0.9925023229608516 -0.09295370634560116 -12.149120160542484 0.8070687386873089 -0.009243545195252126 0.5903851352345347 115.77837803088254
0.591479726747122 -0.12019720888106789 -0.7973107072053848 -86.24909611104533 0.07881634481464894 0.9927100759002329 -0.09118491649506665 -12.263491090820082 0.8024585451206862 -0.008907086131550043 0.5966413890935132 116.43569903644172
0.5992231917695419 -0.12031972272687666 -0.7914889328148881 -87.10961265637712 0.08126292527147014 0.9926768835475546 -0.08938088076673989 -12.372986574478816 0.796447049980001 -0.010759609344313165 0.6046125431918457 117.09152628322505
0.6050707816478349 -0.11990189670297813 -0.7870914078829134 -87.97246322547119 0.08132733240518514 0.9927319266855028 -0.08870843670782583 -12.484965697454662 0.7920070796400338 -0.010337161424597202 0.6104243842555335 117.75774039107795
0.6109484666555747 -0.12096923528617702 -0.7823735777782118 -88.81586848391403 0.08236757610557636 0.9926061557694216 -0.08915493219751104 -12.595046714484742 0.7873738333839232 -0.009973146089787818 0.6163951515540802 118.41666697671934
0.6177969866679185 -0.1210048017355238 -0.7769715060547502 -89.66130447567164 0.07984961512783381 0.9926352157057634 -0.09110086445643509 -12.701669566248018 0.7822729205513743 -0.005759036179737123 0.6229092319706813 119.08559793924147
0.6262721939426574 -0.1204117982548643 -0.7702493998279262 -90.5203079235212 0.07741491005135652 0.9927222917780607 -0.09224631758859275 -12.809091911419552 0.7757512944210864 -0.0018574843054511084 0.6310360361786513 119.77740958115285
0.634764593265818 -0.11880855725177536 -0.7635171496828559 -91.36534862077619 0.07551345471168922 0.992917017674909 -0.09172521010643889 -12.916659831786491 0.7690069110831101 0.0005680979812610204 0.6392402114785157 120.47477288919717
0.6432841854271303 -0.11665921312056753 -0.7566875740842077 -92.21776009319268 0.07495837163664738 0.9931716926187076 -0.08939368826977478 -13.026188862765844 0.7619492760682535 0.0007854775499116853 0.6476362279274399 121.1915171003446
0.6573295895474773 -0.11427103862814393 -0.7448892135319117 -93.06004542749444 0.07475582904004187 0.9934489680101088 -0.08643329210544745 -13.133019409920278 0.7498862425260787 0.0011303497223481493 0.6615658286063635 121.92537381553052
0.6682638212171631 -0.11389720923181154 -0.7351536512739638 -93.85863035020247 0.07566425600283047 0.993491724692146 -0.08514172497526473 -13.23631064872092 0.7400664737817637 0.0012722804055824363 0.6725325238877269 122.65195169300858
