1.0 0.0 0.0 0.0 0.0 1.0 0.0 0.0 0.0 0.0 1.0 0.0
0.9999067740130999 -0.007918706113230792 0.011123730318918482 0.02246880531311035 0.00791331197303191 0.999968549409473 0.0005288530344663156 -0.008628318086266518 -0.011127568302788117 -0.00044077818330277656 0.9999379895464818 0.4411986768245697
0.9995966385935022 -0.015708994457941612 0.023659831057970933 0.049344520875591276 0.01570469967303479 0.9998766061239232 0.00036733402359602886 -0.007382873283625519 -0.023662682027850247 4.384685852557789e-06 0.9997199995298801 0.8494524952853326
0.9993625078038757 -0.023544136048212067 0.02683750461000323 0.07345731464880499 0.02357467065287947 0.9997217409914664 -0.0008218835683154194 -0.013592739175213461 -0.02681068629403072 0.0014540449562804561 0.9996394714364316 1.2799322020942479
0.9991900271686406 -0.030792900391574753 0.02590534485788536 0.09449013132912185 0.030874770015990458 0.9995194328214053 -0.0027662228464176656 -0.01687509739711154 -0.025807715574825845 0.0035638038457387125 0.9996605729541193 1.682544637970179
0.9991460521498969 -0.037060449309667856 0.01826717192783124 0.10224557447441263 0.037138583838647474 0.9993022917072655 -0.003956687891048634 -0.01639924291595429 -0.018107790139472002 0.004631725982067293 0.999825312267444 2.131215885837792
0.9989993127985123 -0.04394411388758892 0.008323934330303203 0.11951854188335659 0.043986998151749425 0.9990193863957753 -0.0050407934898292405 -0.0177573058079314 -0.00809425856385736 0.005401894116300955 0.9999526501381243 2.5608031121047845
0.998688405950125 -0.05020525124958888 -0.010044927464348784 0.11867518669630078 0.050143449767974656 0.9987220754633489 -0.0063127195049021674 -0.02383430742096887 0.010349022473885004 0.005800752463829485 0.9999296220258146 3.045488734282413
0.9979667090648332 -0.055301065836901406 -0.0316897414885181 0.10594071341720436 0.055082158795690936 0.9984518230612466 -0.007740336431928746 -0.030223628306436205 0.03206872901617238 0.0059790587031616155 0.9994677821102146 3.544438849290797
0.9967973717008718 -0.06020325530978897 -0.052636183565475766 0.07865059101246585 0.059785929189646675 0.9981663105616655 -0.009468850544983797 -0.03618504962026361 0.05310972077844742 0.006291622192809437 0.9985688624471616 4.06031627261654
0.9951256374710724 -0.06654008964682397 -0.0727831169817862 0.048065697165109694 0.0659712922645407 0.9977694487530467 -0.010193906610705537 -0.04353175551734142 0.07329907396917303 0.005342621531969255 0.9972956944409355 4.5846545985327385
0.9928218558013705 -0.07343908537432586 -0.09440054757524059 -0.0033383809253230215 0.07266723464405409 0.9972888652785732 -0.011592765009355806 -0.05497288397600537 0.09499597703223421 0.0046497237292806234 0.9954667972448568 5.093297053250685
0.9900448129372246 -0.08086882032376351 -0.11520200638677708 -0.054740763841521274 0.0798402574468678 0.9967159462072616 -0.013522420899430542 -0.06137303176178571 0.11591721902682986 0.004190044821519136 0.9932500399483907 5.586085757541312
0.9873518203483617 -0.08721223432081142 -0.13240245103300902 -0.12941920079534885 0.08597408560930479 0.9961836860325609 -0.01505059089284947 -0.0749282912761075 0.13320975736942242 0.003477048655379695 0.991081767905266 6.123369029501056
0.9846448085570941 -0.09212008868760507 -0.1482851652787679 -0.21232514606489883 0.09077966791566203 0.9957457045598557 -0.0157969536214792 -0.09003678129694755 0.149109533144886 0.0020931103135810756 0.9888184696973098 6.654671208326397
0.9813928365755966 -0.09749883558565157 -0.16541486443952477 -0.3035532683118166 0.09585081738572489 0.9952341056639084 -0.0179358782848503 -0.10778850025703485 0.16637524192196593 0.0017469925021665524 0.9860609650993212 7.190316405663425
0.978058601946861 -0.10337144037426485 -0.18087486412628415 -0.3984584326013832 0.10128771295642094 0.9946408743790852 -0.02074440209952304 -0.127036790018698 0.1820499117324961 0.0019688395970283226 0.9832873198149317 7.751907959914956
0.9746519247109809 -0.1110346968382285 -0.1942290445716684 -0.482309092710726 0.10847857910017639 0.9938142931145549 -0.023781267367915773 -0.14427523794149735 0.1956681464459334 0.0021087672370861364 0.9806678997332138 8.259572060225784
0.9718455174049502 -0.11639536615103838 -0.20486192676647044 -0.599785686234899 0.11334676513931849 0.9931994888727318 -0.02659485167089215 -0.16466163171380369 0.20656427845190747 0.002625650683218699 0.9784295093802787 8.82723874723375
0.9685776126659201 -0.12331348124273113 -0.21598887375553738 -0.7181602696549886 0.11986839198176637 0.992365266887367 -0.029030082315943666 -0.18495562199450538 0.21791965686025772 0.002227648842042858 0.9759641698005845 9.397100637293525
0.9655269400437151 -0.12921835032056123 -0.22596536458106392 -0.8428682214226333 0.1251513626346093 0.9916119200792817 -0.032294525656543185 -0.2061144255902324 0.2282429943733672 0.002901361251778964 0.9735998755250361 9.993793344574557
0.961832461379408 -0.1362913113010255 -0.2372825208494647 -0.9743560450052238 0.13160123562721787 0.9906642988194424 -0.03557192468748768 -0.23095051600111152 0.23991546640060366 0.002987558941638574 0.9707891859066784 10.59888041732
0.9572791554540241 -0.14565801765068417 -0.24980064136687824 -1.1017580763388746 0.14037661575857383 0.9893325532620918 -0.038929485022026894 -0.25550487570908426 0.2528062979464722 0.002200215894742414 0.9675144106258141 11.179223328007966
0.9530612174346578 -0.15192365594645707 -0.26190364370476166 -1.2495109697311801 0.14587523143557785 0.9883895485482773 -0.042503143109061864 -0.2835836263599021 0.26532005705484235 0.002302842677068765 0.9641576449108414 11.775924616189714
0.94903639125849 -0.1565358163088508 -0.27354426749537986 -1.4223661074119922 0.14868175728584523 0.9876530644372059 -0.04934733385087214 -0.31541735169939744 0.27789145923805436 0.006161373249377225 0.9605927203358491 12.3793877556119
0.9448636840652959 -0.16100576410097472 -0.2851486672962338 -1.6036749747505616 0.151888963738739 0.9869236470742748 -0.053957923792381284 -0.3500857902750318 0.29010749943586256 0.007671947071876455 0.956963311731018 12.989200994593004
0.9400105727386974 -0.16727304545754618 -0.2973211250530706 -1.7834788991079196 0.15713548896956525 0.9858807969051145 -0.05785751809429694 -0.39131642339658607 0.3028011909582946 0.007666978354864101 0.95302290434026 13.60225473639968
0.9339950633200255 -0.1741427025281742 -0.3119736220420019 -1.9759866217223065 0.1629691415591979 0.9846967047426024 -0.061753206949263936 -0.43335055142446754 0.31795326793929973 0.006835117061493704 0.9480817478369025 14.223260602546906
0.9296334251258023 -0.1801931624712997 -0.3214220264503682 -2.1788418608260893 0.16783966356878524 0.9836034445541042 -0.06598568931532307 -0.47381047151535843 0.3280419824077193 0.007395137584463848 0.9446341988929474 14.845195234499217
0.9249338582717018 -0.18822536852436408 -0.3302553080065342 -2.379270152264615 0.1745142666455846 0.9820931559206649 -0.07097748819831834 -0.5210591077822166 0.33770124157275055 0.008015219127132801 0.9412192240400569 15.4449377919746
0.9204749695929485 -0.19616924036739575 -0.3379992004229297 -2.5965293031799863 0.18044786692486486 0.9805139134793582 -0.07765972441143679 -0.572364220579375 0.3466473679045135 0.010492597727586483 0.9379368356759427 16.07562841981981
0.9163235131630569 -0.20489114766317534 -0.34405063120677476 -2.8300662353524135 0.18693937618509643 0.9786912733510582 -0.08495328774103802 -0.6225950990133969 0.3541255269760149 0.01352808470373687 0.9351000492290696 16.732883848102624
0.9128373333065746 -0.2131247635519719 -0.34828987651474735 -3.060975808680961 0.19222161581754388 0.976843828590886 -0.09395203540313754 -0.6785686085933211 0.3602483217646329 0.018814082619567372 0.9326667019685809 17.374428100859895
0.9093222772050353 -0.22111922267515355 -0.3524759361178929 -3.3017403224402067 0.1974107648413918 0.974964094885206 -0.10234257964995885 -0.7440205879028015 0.366281293684766 0.023479843445119476 0.9302078858235976 18.029309090368557
0.9054585776727015 -0.22795419770151942 -0.358024647013561 -3.5494746798652184 0.2011908146475493 0.9732592527574112 -0.11085433245273352 -0.812168602612511 0.3737205108371547 0.02834273579494928 0.927108229446419 18.67835594585196
0.9021321896413075 -0.23531476426386713 -0.3616413612025329 -3.8274913053276607 0.20628632317955428 0.971412120637748 -0.11749231782178013 -0.8965779215550718 0.3789504786671217 0.03139193523047531 0.9248843609448941 19.39167922948842
0.8989251930478009 -0.24222893961530179 -0.36504607670377764 -4.10264666023757 0.2115337236590848 0.969660457657399 -0.12252379609922873 -0.987879463567277 0.3836495550093807 0.03292017114915861 0.9228918036653128 20.09394918601732
0.8958331194633774 -0.2487484710011459 -0.36824885640977445 -4.361143272597852 0.2162282471486609 0.9679399175252308 -0.12781886087846123 -1.078888566242048 0.38823751391066297 0.03487856413102292 0.9208990816352388 20.76387347000732
0.8938307130124838 -0.2551835371073066 -0.3687112947347816 -4.6435329051187315 0.22136477948443592 0.9662060105721582 -0.13207414409354312 -1.1808265361300763 0.3899542163887989 0.03643223193325938 0.9201132547664768 21.49315309018789
0.8916514584654338 -0.2595731196496164 -0.3709170691297868 -4.953502902302493 0.22516392455222076 0.9650508147824814 -0.13408255653854032 -1.2914475236184164 0.39275804727173563 0.03603776412369328 0.9189354688226254 22.26339999722935
0.8878246075123557 -0.264635342607069 -0.3764778901061398 -5.255207552713008 0.2292495354172691 0.963708220691786 -0.13678858096361002 -1.4061075501365743 0.39901393059202545 0.03513688680448292 0.916271402139776 23.01109307462899
0.8836055520705275 -0.27207007173639286 -0.3810762448847905 -5.5494840116992 0.23674849291345437 0.9617632217329172 -0.1377013305132818 -1.520005811764392 0.4039695278772235 0.0314544335074419 0.9142315019508895 23.74289457820815
0.8787947149279837 -0.27834950785939405 -0.38760985602674913 -5.848000431267582 0.2423801155563721 0.9600422366879259 -0.13989561593604113 -1.6328623144691072 0.41106170898968897 0.02899060623163576 0.9111464295890088 24.463954584834923
0.8746755139250739 -0.28302867257444836 -0.3934939845037705 -6.187932158509913 0.24717650787340298 0.9587762779457581 -0.14018495926449392 -1.7633251701812154 0.4169490607921037 0.02535388233040383 0.9085761725663725 25.262515062645512
0.8684799164739665 -0.28827241109544455 -0.4032885464312015 -6.573053285194774 0.25176594037207567 0.9572984186726333 -0.14210435910076846 -1.9093405759596778 0.4270322539925254 0.021880461788882977 0.9039716253522389 26.147307969341167
0.8608152913858205 -0.29443644720489737 -0.41509542598504107 -6.923240101708588 0.25837518601787446 0.9555537926547684 -0.14198314193352957 -2.039641081979063 0.43845102048754975 0.014970901791331759 0.8986303882759478 26.943431573457058
0.8535699902965173 -0.29878295395641646 -0.42678685323037013 -7.241538739870371 0.26240570401669766 0.9542657052493775 -0.1432487706209365 -2.1557948454963425 0.45006834832579024 0.010281547061914462 0.8929349201511323 27.616074647982547
0.8466352340396227 -0.302951637399157 -0.43752609737002324 -7.603321487557135 0.2665122135915289 0.9529904033805419 -0.14415453885027515 -2.2822966921373316 0.4606300256053839 0.005440263023228892 0.887575564698027 28.35842289245021
0.8405060534685811 -0.3076921011568261 -0.44595419604301123 -7.993400157263275 0.2709239856017436 0.9514843075351184 -0.145869141836383 -2.4189293771977907 0.46920120215994465 0.0017842085399530638 0.8830894906472101 29.152892116203397
0.833754215801136 -0.31477555304766636 -0.4536190679825624 -8.37709427081944 0.27790895846956054 0.9491620089703758 -0.14784482246492164 -2.552147944417941 0.47709592163022824 -0.0027985587104677745 0.8788467725564834 29.94349728265873
0.8265911690560022 -0.32119116173268847 -0.46215070795514085 -8.787872276569225 0.28347687051038695 0.9469948464843664 -0.1511344587368775 -2.696827858948916 0.4861973911121586 -0.006082627463321416 0.8738278426090996 30.74956214718832
0.8194868233077546 -0.32794312632022365 -0.46999431094884875 -9.210174386251985 0.2898016278652588 0.944643035170998 -0.15383287226588105 -2.844287104576703 0.49442528546951486 -0.010141104586912544 0.8691609719068996 31.55563017453177
0.8130259049775016 -0.33274921455540263 -0.4777727891459259 -9.636678139297663 0.2946889300683383 0.9429023933226907 -0.15522084641413403 -2.9926245690454136 0.5021427210770786 -0.01459578292195357 0.8646615816550441 32.34889341622891
0.8052525971025375 -0.33855643398045604 -0.48677283805698907 -10.07823513028785 0.3006792327323183 0.9407329030834649 -0.1568872335776907 -3.1446822792782183 0.5110384074246505 -0.02002863117124061 0.859324502193603 33.16028186587164
0.798425894708427 -0.3423157260212376 -0.49531407649853987 -10.531606525134446 0.3056477438440107 0.9392108162234477 -0.15640492118840624 -3.3041279117356677 0.5187442022250605 -0.026513890839304166 0.8545182656037538 33.970716782961304
0.7919860472868717 -0.3458760480880804 -0.5031181374805413 -11.010031055553512 0.3102536076406622 0.9377228788693972 -0.1562642038051063 -3.4674979633081673 0.525833433559403 -0.032335148118752356 0.849972728002062 34.80129410826997
0.7849761002543503 -0.3501490524512394 -0.5110852796715747 -11.504777141622036 0.3144531002319343 0.9359839616697083 -0.15828225185283223 -3.6333730556437978 0.533790005324189 -0.0364645658767187 0.8448304952186712 35.64294240694359
0.7794327781639854 -0.35507556891857356 -0.5161452166597335 -11.99962213114203 0.31974680341526024 0.9339556576496018 -0.15965215704782393 -3.7958737925503643 0.538745325760971 -0.04059765881736838 0.8414899310563698 36.46999364084834
0.7743367124956635 -0.359637263947574 -0.5206377762530409 -12.501938688795601 0.32461206376686436 0.9320392422555923 -0.16102750992497766 -3.961347068436768 0.5431663315582306 -0.044315790367820566 0.8384547972226349 37.31911780471739
0.7682211168634647 -0.36521119967267557 -0.5257918744510002 -13.027766101188707 0.33110323636277694 0.9295972051927853 -0.16192493003814476 -4.136602205913286 0.5479114549588704 -0.04969724068203508 0.835058813373912 38.181449159071406
0.7628027723333 -0.3713383913629753 -0.5293767369469402 -13.528033502952624 0.336941617679438 0.9270006491423208 -0.16474265618011547 -4.299078831721244 0.5519078517254448 -0.05270289925302059 0.832238023412852 38.98792665852087
0.75925354319099 -0.3774020815996948 -0.5301902733511288 -14.035895045848928 0.3435915708299917 0.9243435853643449 -0.16593302459235407 -4.46876553605257 0.5527014470819722 -0.056183672005354506 0.8314833163650901 39.804752946795645
0.7544208284815059 -0.3833882947811649 -0.5327876021249639 -14.55146433866328 0.3490405910751304 0.9217364154776126 -0.16903445259592892 -4.6398007410084166 0.5558955651335976 -0.058441387793860274 0.8291952272278982 40.63322531862418
0.7518136662123492 -0.3888100693525299 -0.5325438397600967 -15.099077814242497 0.3555822001447529 0.9192152580821675 -0.16912896927833357 -4.8230035962689985 0.5552814693797764 -0.06220963975957017 0.8293325331158915 41.505933301910034
0.7481720900436244 -0.3936630006605639 -0.5341048264064607 -15.657015347668677 0.3617455085841106 0.9168277582853831 -0.16901789448641888 -5.012516262617938 0.5562182221924934 -0.06675555069295644 0.8283507625110887 42.3886101090897
0.7435674110946198 -0.4002018335537935 -0.5356734057037241 -16.197992991342915 0.3692034392821784 0.9136496661092912 -0.1700973487171142 -5.193730587600738 0.5574910991040626 -0.07129361849816929 0.8271160102314439 43.25045696800909
0.7406025927921496 -0.4068143616023492 -0.5347989105669708 -16.739437923480185 0.3763714851137502 0.9104795458026959 -0.17138115960684572 -5.375644710185526 0.5566437862249214 -0.07435772904675131 0.8274168377475735 44.11512097461402
0.7367747445100443 -0.4141638530555556 -0.5344448322084658 -17.279733753116755 0.38391219478307737 0.9069130326002914 -0.1735516580058606 -5.564267706895119 0.5565738069196209 -0.0773114100370631 0.8271931717132835 44.98738257352038
0.7327498156467727 -0.41994062226257683 -0.5354694962771834 -17.84820781455599 0.39104031600451633 0.9038305615987087 -0.17371755000359396 -5.759125731812707 0.5569247515856238 -0.08209865829526652 0.826495391020064 45.906344381616975
0.7273162317600852 -0.4245078766012514 -0.5392626092376577 -18.414518619513835 0.39784941005319524 0.9010466992508301 -0.17271564112583623 -5.952413095151334 0.5592199441531341 -0.08892642167927847 0.824236098207719 46.810062233234135
0.7216639568244869 -0.42864063561309573 -0.5435699945008245 -18.96652082225534 0.4038592552106143 0.8984476890396309 -0.17230627394286774 -6.144960928654128 0.5622266761735457 -0.09517854569464672 0.8214878021238654 47.68641021206521
0.7151828410255776 -0.4328947119983819 -0.5487400771097566 -19.544118536196013 0.4090647063596059 0.8958438661179863 -0.17357947329597828 -6.3443386789918685 0.5667270682731795 -0.10032913765510892 0.8177741095338428 48.577912879234354
0.7067010882545166 -0.43958586233600155 -0.5543805926384832 -20.116811634365728 0.41419142890803623 0.8923057610159463 -0.1795435576033636 -6.539912489768856 0.5736018062027012 -0.1027360622764328 0.8126661488144636 49.45240423557574
0.6966522904740451 -0.4465985986114136 -0.5614492656470292 -20.721097130506184 0.4187082273390216 0.8885981490549241 -0.18728787962593163 -6.7489436808578365 0.5825452828200407 -0.10460889644043053 0.8060384434067859 50.345679910023826
0.68642963689168 -0.4516694749034153 -0.5699202040963538 -21.33317394380044 0.4227617155089953 0.8855356066944116 -0.19261158110625606 -6.963423439363445 0.5916814054004467 -0.10872614550711149 0.7988064470111135 51.23593004375979
0.6770669859321801 -0.4537824771074606 -0.579363236692604 -21.966881264913482 0.42528735133109047 0.8837596195025479 -0.19519119789195818 -7.1901062662904645 0.6005921789022055 -0.11423834035440536 0.7913524096346534 52.12245740406913
0.6694594709360506 -0.4563273875032558 -0.5861649359936814 -22.576865972230593 0.42901637798316045 0.881685049540756 -0.1964088104910895 -7.412304642191579 0.606439580004664 -0.11998661938219646 0.786024329758945 52.97046851412867
0.6623021184458637 -0.46139326362020344 -0.5903153057375515 -23.169921774133922 0.4330097637161748 0.878697555583345 -0.2009804725298385 -7.619909652925054 0.6114396523194942 -0.12250249833269591 0.7817510405964704 53.776885198477466
0.6550197731705781 -0.46723970951314137 -0.5938317527798929 -23.747384041920697 0.43560927124669363 0.875657269718789 -0.20849198735817334 -7.8282541387936915 0.6174088269206142 -0.12211224280436209 0.7771067755449053 54.54986507466291
0.6486344131436498 -0.4744987915230924 -0.5950834352667853 -24.366118893276344 0.43984691184565083 0.8717840258375662 -0.2157018925143917 -8.0550372546117 0.6211345202334495 -0.12183394082754967 0.7741759481130835 55.378200986683794
0.6429441621834867 -0.48015560390755263 -0.5967188620701948 -24.997089445601524 0.44550088155751544 0.868187825306429 -0.21858377003146973 -8.291330423199538 0.6230182732838992 -0.12530162020447794 0.7721060387851412 56.2198350855862
0.6370038612945448 -0.4836961533155407 -0.6002200529502404 -25.63098649839697 0.45063539884179926 0.8653936762737017 -0.21913813537625126 -8.536070117970906 0.6254229113220373 -0.13088856456251874 0.7692297222938219 57.06643692643485
0.6297789739679593 -0.48739025762475674 -0.6048381442339248 -26.268610990599253 0.45726004911007534 0.862060991873758 -0.21854998004457551 -8.778759550176103 0.6279265016191913 -0.1389301373428605 0.7657719800973251 57.90328411802337
0.6224309045367485 -0.4912768835186701 -0.6092838359892279 -26.889489015555586 0.4625488866145589 0.8588670449117513 -0.2199907422056389 -9.014696564587805 0.6313701739623097 -0.14489452330829838 0.7618249671322568 58.70336504601498
0.6173980209823071 -0.49452928309372773 -0.6117683155001855 -27.546690827586307 0.46463442376833025 0.856785560512864 -0.22368137058353602 -9.265755114313247 0.6347712469359356 -0.14614818322326553 0.7587530379536785 59.5256583626865
0.6098505049638355 -0.5009429742528535 -0.6141160298689978 -28.206721334044737 0.47093173737726474 0.8523091046522044 -0.2275796319045019 -9.51698626977384 0.6374211012558229 -0.15041717546099106 0.7556910830492521 60.36358133416563
0.6024270000964136 -0.5080149233275066 -0.6156318276627543 -28.83803005441082 0.47707072135958745 0.8475408942731649 -0.2325466821007919 -9.761779481369476 0.6399103346378135 -0.15360752003463699 0.7529405643293035 61.162154898544095
0.5963287784366185 -0.5124663080952053 -0.6178756113293036 -29.48546394127454 0.48065586980934544 0.8444236691360982 -0.23647114373756267 -10.019112743972213 0.6429322847906396 -0.15597099111693669 0.7498740741643817 61.95999065505147
0.5893446095141741 -0.5167828291288477 -0.6209737826624971 -30.1556829588023 0.4860563689289017 0.8407796015141226 -0.23840903485691323 -10.292765785780087 0.6453077850609253 -0.16132318244857968 0.7466945113929961 62.795391990610966
0.5828253959626732 -0.5214756521391102 -0.6231995683944614 -30.81699942571503 0.4914637454996991 0.8369672911442004 -0.2407262769498719 -10.560328385616389 0.6471305468608016 -0.1659786063950087 0.7440921700561098 63.61258141041195
0.573489405852126 -0.526357900905991 -0.6277398040025937 -31.496017699742897 0.49549941914436857 0.8330858227851902 -0.24586243613434763 -10.831238010247827 0.6523727669078232 -0.17004520583704155 0.7385759276938759 64.43582006800185
0.5658949733314564 -0.5308659452016303 -0.6308282075045232 -32.13828930701121 0.49925302737325905 0.8295383857967409 -0.2502248611716533 -11.095028076734536 0.6561320704071901 -0.1733419012094795 0.7344680329791468 65.2060395861357
0.5580312804120986 -0.5357209775508338 -0.6337224347406465 -32.815115415668785 0.5032978675131661 0.8256877788987256 -0.25481551823621085 -11.37617787376086 0.6597668881039223 -0.17675612008999375 0.730386834062881 66.0052586970711
0.548239299615519 -0.5407803084935505 -0.6379579361546541 -33.4826672146077 0.5066826832251015 0.821654200771915 -0.2610690193678239 -11.655587252209887 0.6653618029890931 -0.18011394254606194 0.724467141300154 66.78783756787541
0.5402163860271705 -0.5452389329724134 -0.6409998145388557 -34.14103142176448 0.5088762571753698 0.8183201234243845 -0.26720241481297885 -11.938454268777447 0.6702322068887246 -0.1818424636046386 0.7195290871669231 67.55213220675218
0.5302110561145921 -0.5504358915752802 -0.6449004304848739 -34.832123854877075 0.5136321152344939 0.813685371546966 -0.2722097836783533 -12.237096630556813 0.6745800813643913 -0.186912935336757 0.7141465314837067 68.34712093865176
0.5197812800205154 -0.5536805553633266 -0.6505883979543386 -35.496292582143795 0.5161479120524977 0.810370804368839 -0.2772913491446283 -12.530310596840687 0.6807486715551355 -0.1916689908127008 0.7069966365809381 69.09525481157553
0.5102614677724562 -0.5575618346356493 -0.6547961782604015 -36.20784729450199 0.52012988501405 0.806417119637633 -0.2813473509216226 -12.846006894907271 0.6849073931722227 -0.1970183486710626 0.701488156040398 69.88007409413599
0.5024162817926301 -0.5605882422018933 -0.6582694755908557 -36.946561083938654 0.5226912997110498 0.8033893070056207 -0.28523573863631174 -13.175820736113717 0.6887464591531794 -0.20076464851666534 0.6966504653769621 70.6784280321039
0.4938706080606336 -0.5653755204716546 -0.6606378306948714 -37.63660874753538 0.5265397273571064 0.7990765928758193 -0.2902283828860921 -13.489199179136802 0.6919882499064013 -0.20451679532345912 0.6923331152141274 71.42550726257888
0.4852125571114527 -0.5686397761095328 -0.6642421090592388 -38.368934461692355 0.5288676163033152 0.7958061547835955 -0.29494339869574526 -13.824252140905601 0.6963245068551118 -0.20818590018214111 0.6868703022538805 72.20347968308037
0.4763019059399409 -0.5718441447642204 -0.6679302122953097 -39.08144096887814 0.5329744167832962 0.7919377839461494 -0.29794767562940927 -14.150912127277783 0.6993388059106154 -0.21407666957737295 0.6819797754260571 72.96814248612708
0.4694194527784722 -0.5748132777569841 -0.6702500078832019 -39.82775211587735 0.5356496075034056 0.7888346386180617 -0.3013625904085637 -14.494084241491217 0.7019436411383804 -0.2175536913743008 0.6781928310110689 73.74217585575913
0.46218066459912055 -0.5787898941981137 -0.6718566005070218 -40.57368459922427 0.5400412261842963 0.7846434574620356 -0.30445051926936273 -14.838477602677449 0.7033807697769944 -0.22211911902436354 0.6752174388089837 74.51181622618553
0.45439034588373534 -0.5836209748436552 -0.672990320354016 -41.279272683972714 0.5437622595762595 0.7801273570272627 -0.30939281161361615 -15.16783361950465 0.7055862942462672 -0.22536163058559797 0.6718333996100674 75.23290788935499
0.446006512659682 -0.5873498094862523 -0.6753505696759367 -42.022606539609335 0.545993604603575 0.7764414006847672 -0.31468990297540805 -15.519434092216429 0.7092031968322928 -0.22838334571316704 0.6669871610486338 75.98665913189508
0.43687118616932535 -0.5916584538021872 -0.6775572601185913 -42.78867411736146 0.5499799281988851 0.7717373475712899 -0.31928599239863287 -15.88350522462085 0.711804499334864 -0.23315604304421508 0.6625500843850284 76.7598156092084
0.4270721039630995 -0.5954567844061416 -0.6804708927803081 -43.49551247875914 0.5554025519793873 0.7666042025818427 -0.3222514574655036 -16.227989807334602 0.7135386627726038 -0.24031066245290728 0.6581134873561925 77.48047266406776
0.42067759960345946 -0.5974296276145954 -0.6827211709330223 -44.25748242337897 0.5578585195558841 0.7638060672381748 -0.32464467315677614 -16.59727615616624 0.7154189187817084 -0.2442910798585133 0.6545973105282152 78.22997314619055
0.4122824643264501 -0.6015051017354652 -0.6842622174248094 -45.01062649809312 0.5617903570715667 0.7591231753827705 -0.328821531074504 -16.968151309042003 0.717227135787758 -0.2488445643026727 0.6508929393584647 78.97564740739051
0.4035826504346967 -0.6051637903489515 -0.6862199582630892 -45.792251974981916 0.5651726645454833 0.7547047961959348 -0.3331674201500071 -17.358740303440136 0.7195143525452874 -0.25337217181321037 0.646607793822494 79.73167836147107
0.3925567226357765 -0.609926928308918 -0.6883954979785284 -46.54210352521668 0.5707602730830742 0.7484693944710592 -0.33767776978987035 -17.73205435768279 0.721201726414734 -0.260351123799714 0.6419387526490619 80.4671435578331
0.3849781623139822 -0.6125313199214665 -0.6903601934183453 -47.300906144163015 0.5730286907912933 0.7450077764962044 -0.341469665549076 -18.115966484873464 0.7234845776320084 -0.26413783347988495 0.6378097450283956 81.1870609474537
0.3779252966380466 -0.6166005270990541 -0.6906346792206525 -48.0777749052419 0.5769110514521824 0.740268297360609 -0.3452194760368584 -18.51670103611013 0.7241174689740487 -0.26796760607206654 0.6354897742864348 81.92227622962469
0.3703022118167125 -0.6210943711852062 -0.690737326344613 -48.86327651823156 0.5805237540751025 0.7352348380206242 -0.34988841637776 -18.925117178978223 0.7251678722049129 -0.27142497129564247 0.6328191227190905 82.66395194920628
0.36202739200236955 -0.6255080258441685 -0.6911409965010711 -49.63193345857681 0.5856611417860811 0.729454711981303 -0.35340748459830074 -19.32542933162045 0.725215274550796 -0.27683123518274677 0.6304183315746841 83.38734119499156
0.35232160926442646 -0.6285412002370823 -0.6934013579809697 -50.43324693756149 0.5886195759817197 0.7248400955129267 -0.3579578616372491 -19.746358761699934 0.7275963705354951 -0.28203332345901844 0.6253484836810874 84.13369351503681
0.3392250870514132 -0.6330330560207308 -0.6958415698275116 -51.22810923771225 0.5915528718007464 0.7186933542310279 -0.3654381786957186 -20.165401924106224 0.7314311588791189 -0.287661280969839 0.6182713378861586 84.86254549143362
0.32652986858278865 -0.6355817078397512 -0.699581401684473 -52.03845999206112 0.5934709325355731 0.7139293265114715 -0.3716142744597333 -20.603319802284073 0.7356429141632943 -0.2938380666394026 0.6103185180173989 85.58862396828708
0.3126574927001999 -0.637089061710202 -0.7045302120616539 -52.861813237542584 0.5945392826356798 0.709712657741465 -0.3779298676270475 -21.052453100379587 0.7407889940202108 -0.3007082820455079 0.6006714538312633 86.31420850795836
0.29893214544468555 -0.6391317964564451 -0.7086255140609847 -53.642608815182435 0.5948016380707113 0.705476216385519 -0.3853755563898304 -21.487118461981428 0.7462242181598211 -0.3062904746686221 0.5910461583996923 86.99324999607336
0.2878575406635301 -0.6419422961312536 -0.710667379806389 -54.463247791655235 0.5947028408857334 0.7014780313580429 -0.3927557797976791 -21.948988459835437 0.7506441016391073 -0.3095781968417331 0.5836906481301881 87.69007710391564
0.27434393341519303 -0.6451565376946122 -0.7130977829640059 -55.30493776552721 0.5956554405254997 0.6961687227275838 -0.40067905568948514 -22.42811450853462 0.7549370850412986 -0.3148367058742436 0.5752806673821067 88.3951933722397
0.2596110857204973 -0.6490887158428578 -0.715042602322753 -56.11788817679111 0.5967084949743646 0.6899895797580156 -0.40969909915788927 -22.895281601297008 0.7593030068401241 -0.3203095671234737 0.5664456946722427 89.0640630488582
0.24525077838181697 -0.6507275495117976 -0.7186137432651035 -56.960705008606425 0.5986598116349388 0.6846913507296328 -0.4156972265594888 -23.397654642125502 0.7625342521069679 -0.3282550997964879 0.5574855189341381 89.74409500264174
0.23200304257518978 -0.6520878099087396 -0.7217728703714753 -57.80386458284673 0.599359378407231 0.680256034709432 -0.4219242381716155 -23.897976973235618 0.7661220031764867 -0.33471363194501647 0.5486564141965569 90.41067144404332
0.21802442675371164 -0.6547383221943767 -0.7237285947016382 -58.605304564532624 0.6008173357907957 0.6744299425020737 -0.4291419132057599 -24.379053064693107 0.7690798907473565 -0.34126526648157796 0.5404203359805142 91.03279621327418
0.2051510264610551 -0.6577286489669412 -0.7247800222619951 -59.460643853997446 0.5998074257623587 0.6696614973134742 -0.43793210777038116 -24.904152868399606 0.7733977685139184 -0.3448862179676052 0.5318922713423213 91.68124720691289
0.1895443485501626 -0.660409368818145 -0.7265895715669983 -60.324818097976 0.6002689218176568 0.6635491421076296 -0.4465196048418222 -25.43769397312219 0.777013617276147 -0.351513871113856 0.5221952096505569 92.324234690097
0.17814982539405388 -0.6628594685367287 -0.7272413386787593 -61.190358979906456 0.6003027295718387 0.6588124633179071 -0.45343441757942404 -25.98352812665805 0.7796789548145238 -0.3557856983469083 0.5152836735926483 92.9595238487602
0.16762633573353003 -0.6642990382709438 -0.728428582169075 -62.06072603415878 0.5994307063965226 0.6552863783907887 -0.4596548602206331 -26.541359728640114 0.782677609107042 -0.35959219964813344 0.5080444962350259 93.58626367285832
0.15467437376582494 -0.6646918267900301 -0.7309313329572641 -62.90483144112567 0.5982152206834286 0.6518033619908253 -0.4661447490213038 -27.085488517202258 0.7862661049815304 -0.3651536015103645 0.4984460446840593 94.18695630354831
0.1439615574657238 -0.6645424871357234 -0.7332519026661372 -63.77896448023017 0.5988284887408807 0.6484066788127401 -0.47007788710313264 -27.659025429302716 0.787832159183894 -0.37141898398237455 0.49129260862865065 94.79336745002634
0.1349996121596092 -0.6656372701710166 -0.7339633024041681 -64.63862535321292 0.5997040469849343 0.6445519908837104 -0.47424443810943867 -28.221343066391864 0.7887522809771437 -0.37613794757658064 0.4861996335315675 95.38673129186645
0.12507108805435485 -0.668061053557874 -0.7335200417521277 -65.46623290812207 0.6017802538365574 0.6388820445395814 -0.47926011648929506 -28.7688696641675 0.7888078023354663 -0.3814762926894247 0.4819316228373317 95.9530679841205
0.11648099529764178 -0.6708805438788478 -0.7323602075340331 -66.33075771882064 0.6026922874231814 0.6338416884649389 -0.48477491750762897 -29.342179280656914 0.7894264908242464 -0.3849207838097815 0.4781650403115847 96.53204337736987
0.10510209458035757 -0.6731044185296674 -0.7320409766335899 -67.18698018731831 0.6059819241384984 0.6270139338363655 -0.4895298095034143 -29.911713727657297 0.7885045702671766 -0.392152991230316 0.47378958846400476 97.10547596028618
0.09548250851269574 -0.675695889000319 -0.7309706944578501 -68.06276704582942 0.6084558078202177 0.6207908339774424 -0.49436855723178624 -30.500742813656345 0.7878227087980959 -0.3975598144149635 0.4704057540723438 97.68343845033458
0.08722565907044866 -0.6760738919828159 -0.7316527707724025 -68.9709839241976 0.6104603812462758 0.616669693805795 -0.49704789675655897 -31.127478594636962 0.7872291961864586 -0.4032896990014437 0.46650574632146546 98.28621223041783
0.07866320142649624 -0.675302694364299 -0.7333337382976817 -69.81556634050392 0.6137656603810511 0.612471371732902 -0.4981671736923557 -31.705343456003146 0.7855595552714936 -0.41090764143775144 0.4626565630461948 98.84094895790908
0.06845200055787648 -0.6741665462267417 -0.7354004294045056 -70.71608150430886 0.6168454302623236 0.6079438318885637 -0.4999060035978153 -32.32402187345494 0.7841020589082224 -0.41940882825395626 0.45747152479529274 99.43354001483009
0.06138732334705155 -0.6751194702096048 -0.7351498469537943 -71.58397988625347 0.6199473597483789 0.6030278304986184 -0.5020186319103541 -32.91964556211812 0.7822383701106068 -0.4249366265551042 0.4555567974892586 99.99524300848704
0.053449825470762324 -0.675588845395907 -0.735338580610164 -72.41436486472386 0.624503824774579 0.597226060726355 -0.5033050816663809 -33.491130738311675 0.7791906628028002 -0.4323201873217416 0.4538294466372001 100.53420368824067
0.0476236084377023 -0.6758552348286739 -0.7354941831680593 -73.29229382976915 0.6289698756252011 0.5923089632713583 -0.5035543541509974 -34.09524567315008 0.7759696433981111 -0.4386226095210859 0.45330047313180866 101.0918153926184
0.04130565210720427 -0.6757652929314655 -0.7359586346889676 -74.16035780900081 0.6322951095813698 0.5880089627089778 -0.504428740431585 -34.69517097817161 0.7736257089209756 -0.4445072875028738 0.4515711835949625 101.64467276059234
0.03556235205439984 -0.6763724156583124 -0.7357008049831794 -75.03978385160686 0.6346367397275161 0.5839587675055684 -0.5061900497257987 -35.30962122908568 0.7719919220460717 -0.4489014515346509 0.45001773199030215 102.20100136174985
0.02726600457032008 -0.6761035056257274 -0.7363019860596424 -75.89945546097589 0.6380785494146464 0.5787688308260801 -0.5078212335469181 -35.910126972418574 0.7694883558389122 -0.45597224712126383 0.44718785771028396 102.7447611509979
0.019440909068227652 -0.6755863357011631 -0.7370245274537861 -76.72718832325357 0.6418873547308035 0.5736153189195636 -0.5088674579274053 -36.488495777001 0.7665524606256855 -0.4631938783216842 0.44480192917075373 103.26825147780669
0.013246811617446896 -0.6758700392597052 -0.7369017655108834 -77.5784192577914 0.6443305637892054 0.5693276116628365 -0.5105920046038478 -37.08111115223898 0.7646323603857328 -0.46804461393052643 0.44302549906474664 103.79622229003893
0.008840268438509324 -0.6764974546541218 -0.7363919089047825 -78.4289580330876 0.6472692982096082 0.5652004960017799 -0.511459533995196 -37.68246110167546 0.762210145071014 -0.4721224345080799 0.4428725568207941 104.32508652758341
0.0037582767074819667 -0.6773896988434679 -0.735614757367568 -79.26001611135479 0.6516422633374516 0.559643261612224 -0.5120173633427632 -38.258350277555216 0.7585171296606514 -0.4774333625049549 0.4435190507504485 104.84238627521486
-0.0021149709526456784 -0.678981891282359 -0.7341519721477977 -80.09676365469437 0.6567499524337678 0.5526873635186278 -0.5130459805758859 -38.84240674147578 0.7541054481145947 -0.48323935013351244 0.4447524070833427 105.36311397781046
-0.00544663573057963 -0.6806924865836541 -0.7325490242077868 -80.92277219110593 0.6616545110476391 0.5468203963744036 -0.51303095629723 -39.429959306544646 0.7497890651173358 -0.4874886591680901 0.44740492287520667 105.87647616808336
-0.006766076541321164 -0.6820686788915961 -0.7312568204696009 -81.72720618443542 0.6668971600769019 0.5418205085489156 -0.5115454177266743 -39.99862887765195 0.7451190496085845 -0.49113425230874247 0.4512036658977102 106.38339471925418
-0.008069699486053017 -0.6826639000013917 -0.7306879495277686 -82.5235048848484 0.6735315815546714 0.5363864980237673 -0.5085712667721826 -40.55619593746202 0.7391143947987132 -0.4962454275584708 0.4554672183907892 106.89122984185069
-0.007278221203265822 -0.683687400859421 -0.7297386966594316 -83.28746290494222 0.6801160967481094 0.5315921837497238 -0.5048285304143539 -41.08167521170865 0.7330682931625353 -0.4999812877321404 0.4611177609651118 107.38459331447596
-0.004331532826691076 -0.6844851942924468 -0.7290138932954587 -84.07913720403532 0.6868434656754285 0.5278153080020076 -0.4996569366052195 -41.63194935317014 0.7267924679592778 -0.5028827094195794 0.46784793371830247 107.90620668320162
-0.0038209115756135947 -0.6844110385986477 -0.7290863672289121 -84.83844103509779 0.6931282726195924 0.5237235311689546 -0.4952644350196178 -42.163882677843205 0.7208041331250199 -0.5072427359206257 0.4723835396429972 108.41236418510199
-0.00191238747793121 -0.6848422432947183 -0.7286888530595155 -85.59958217532306 0.7010125024178038 0.5187456382654216 -0.4893714685538268 -42.67859118766267 0.7131464185060898 -0.5117558642357294 0.4790909320706026 108.92968579931058
0.00029693926511875635 -0.684794297384859 -0.728736359801163 -86.41524872333474 0.7094431347952875 0.5137304512104423 -0.4824639489028697 -43.228753086333555 0.7047626198365718 -0.5168537450462102 0.4859751597693023 109.48890032192453
0.0032838297616736845 -0.6858734819140616 -0.7277133936304718 -87.2051101793634 0.7159346664291474 0.5096780518756061 -0.4771434132850132 -43.753093039617525 0.698159559031517 -0.5194283879837227 0.4927142984423624 110.03937359633137
0.009007946443368109 -0.6873280932292499 -0.7262912288873641 -88.02328208860173 0.724457054653809 0.5051306768446827 -0.4690468796109418 -44.28487160733638 0.6892610774323485 -0.5219416553296707 0.5024898760856001 110.61547627947078
0.013976257573654838 -0.6879856386214591 -0.7255897086335074 -88.8094930757462 0.7330417530330255 0.500576370053474 -0.46051393687309466 -44.788097114798134 0.6800400374496373 -0.5254512906014323 0.5113183828797725 111.1835135076124
0.01778409450843421 -0.6895317480631402 -0.7240370808152753 -89.59643263154761 0.7397212030743328 0.49627206095748433 -0.45445195921601333 -45.288188706584414 0.6726784281547739 -0.5275035638988627 0.518887003469177 111.75520081014885
0.022363854632337976 -0.690982548191263 -0.7225254155398914 -90.41789555356442 0.7477626350922968 0.49126111239871223 -0.4466694090763376 -45.79461713024105 0.6635894058571222 -0.5302882589119703 0.5276774231424943 112.36476807384855
0.024817516475720836 -0.6905827244507728 -0.7228274977933015 -91.20293631856987 0.7547957372795365 0.4870424641466595 -0.4394007659330952 -46.27938800810081 0.6554902637420469 -0.5346822783748286 0.5333360810326676 112.95909821299405
0.03109227107943835 -0.6904603415195132 -0.7227017278711045 -91.99561792900009 0.7624467311329666 0.4839206894221869 -0.4295296829484654 -46.758866084828014 0.6463035299793563 -0.5376665166605715 0.5414854236249679 113.56220445792839
0.03412882129362926 -0.6911704658436665 -0.7218854553892584 -92.76560183401902 0.7696188737727224 0.47897983195664995 -0.4222145304363485 -47.21834448164424 0.6375907878019524 -0.541166986912754 0.5482848525956714 114.16013248199096
0.03917725061017213 -0.6923757708765268 -0.7204727163035137 -93.52235737698355 0.777749762449661 0.4738139462940358 -0.41304436965871927 -47.6527656931903 0.6273519347576159 -0.5441655411732795 0.5570578190416757 114.76026462802159
0.04523191951550298 -0.6939402939565908 -0.7186104242775664 -94.29775644249769 0.785630752406365 0.46903057301625783 -0.40347818088398535 -48.09237965337718 0.6170400265220664 -0.5463123557082356 0.566395988395192 115.38183238464188
