1.0 0.0 0.0 0.0 0.0 1.0 0.0 0.0 0.0 0.0 1.0 0.0
0.9999039337185996 0.002103503427910242 0.013700314135053371 0.002761274576187134 -0.0020868926172973733 0.9999970701326719 -0.0012266235266335235 0.010611411184072495 -0.013702854201743631 0.0011979146050495437 0.9999053939185072 0.09324377030134201
0.9993699089769377 0.005543102265704445 0.035057938454783145 0.00881305107244982 -0.00549121838471842 0.9999836811456527 -0.001576059339275419 0.020722713340364088 -0.03506610260748621 0.0013825554822606957 0.9993840387900238 0.22045931869422583
0.9980533982893227 0.0071153617527656135 0.06195793565203885 0.030601168451220736 -0.007058863437175124 0.9999744466292585 -0.0011307234338689266 0.025212371290398945 -0.06196439792421305 0.0006911697590812283 0.9980781210277351 0.3696712899318402
0.9959411826299924 0.007442901050541631 0.0896981826210774 0.058696424017225746 -0.007409144685281478 0.9999723003534533 -0.0007092960282825227 0.03323299280239393 -0.08970097723327694 4.183031219608921e-05 0.9959687409420139 0.5436912651609106
0.9925052722248823 0.005418311019059913 0.12208163871571097 0.10150958606190087 -0.005422455512741858 0.9999852538916455 -0.00029828756920732667 0.04175267978802333 -0.12208145470146144 -0.0003659302697811506 0.9925200171850505 0.730129955587709
0.9875697705948133 0.0036688346915328897 0.1571384353343068 0.1590840360676425 -0.003573932416612948 0.9999932205451947 -0.0008864935032713921 0.04477719321496319 -0.15714062241950486 0.00031387203772240477 0.9875761875774216 0.9289541270605581
0.9807938748739735 0.004916046602566437 0.19498514685867147 0.21585304868563482 -0.004833494152829528 0.9999879143364493 -0.0008991747954725535 0.05478871751859131 -0.19498721071898756 -6.055443538945717e-05 0.9808057830116977 1.14264842931978
0.9726268267957602 0.005245834421821551 0.23231344562558007 0.28640246261389735 -0.005551501229277583 0.9999843711869181 0.0006619788558298191 0.06485921642367781 -0.2323063422106935 -0.0019335467729197637 0.9726407480491269 1.3866176236618728
0.9629604807226558 0.0023986701999545597 0.2696318952714304 0.37495479763241263 -0.003518413054206911 0.9999870771515261 0.0036696456951462453 0.07101042346300905 -0.2696196085895307 -0.004482400162833404 0.9629564760428213 1.6322514584793981
0.9513561714502788 -0.004184659394692885 0.30806480433379296 0.4888337212455568 0.0018522005128790925 0.9999673680312535 0.007863346991442345 0.07426504410741504 -0.3080876570015875 -0.0069102458999766095 0.9513328776537023 1.8895246967404764
0.9383770331765654 -0.007438531775508048 0.34553322828893324 0.592040335398065 0.004093772142356187 0.9999374476487582 0.010408737643614416 0.08064982334124725 -0.3455890400987765 -0.008352786044900494 0.9383487871409514 2.1080173016969557
0.9221671957954607 -0.007622311847284536 0.38671638620679033 0.7237713182741992 0.0026888786724731666 0.999907980889717 0.013296604248240048 0.08874779999899446 -0.38678215177308967 -0.011221858810034199 0.9221028342623324 2.35507851273789
0.904164672286312 -0.009894725628464428 0.4270694788838502 0.8820650165246617 0.002639972872890113 0.9998420441130599 0.017576045261904014 0.09452382497074537 -0.42717593089102807 -0.01476418736522615 0.904047975960805 2.6306229779441446
0.8832774106626294 -0.014927569895263833 0.4686130423602643 1.0672931175890183 0.005588017045645082 0.999757207075278 0.02131433711231441 0.10343922193522379 -0.4688174376861621 -0.0162078548260347 0.8831463726717785 2.930073868005681
0.8602512834645382 -0.01925491888750394 0.5095066019162567 1.2467787781566675 0.007734513837808693 0.9996645014047663 0.02471966680303544 0.10836039366390855 -0.50981163834627 -0.017324339231150798 0.8601115978039688 3.1737096528689257
0.8356391022666299 -0.02338853364550459 0.5487807096253785 1.4406534506351583 0.009247111109975496 0.9995504728039258 0.028519173437672095 0.11847840574403877 -0.54920103941921 -0.018757100291925552 0.8354797361333774 3.420156896227032
0.8079556432065332 -0.026129878069227414 0.5886636629543265 1.655280108496591 0.009796517231128569 0.9994738788515838 0.030919148492645238 0.13032431687535717 -0.5891618681320592 -0.019214446790302174 0.8077865424564123 3.67723127506158
0.7784046085992019 -0.028871603809131754 0.627098633234846 1.8826325999079727 0.010363907743834052 0.9993967279717776 0.03314769276408516 0.14324314098285623 -0.6276773492231504 -0.01930312443086394 0.7782342415104889 3.9208821641145857
0.7462792050085201 -0.028031422445728493 0.6650425456521715 2.147217634420449 0.006336172566371017 0.9993667717442807 0.03501297546087857 0.16364442470314441 -0.6656028854272348 -0.021915631158696443 0.7459842518591497 4.186943639140489
0.7133774080723961 -0.02927100329974482 0.7001684668833182 2.421271954388984 0.004561779915342571 0.9993000852412147 0.03712855775417162 0.17928598747240945 -0.7007651987762477 -0.023292659846552696 0.7130116325708571 4.432866580301982
0.6804761109385318 -0.029972721149901207 0.7321570176054052 2.7014820496118186 0.002962452189937386 0.9992674710019657 0.038154230097831886 0.19794932477478697 -0.7327642774583062 -0.02379406195264336 0.6800664352082084 4.661706450204895
0.6477196480646401 -0.031987964076819864 0.7612069545565376 3.0087526507696727 0.002675204761207233 0.9992075453886522 0.03971302705498899 0.21311755430540688 -0.7618740714780261 -0.02368652343854529 0.6472919339964703 4.90183454935827
0.6166835153953559 -0.03167410962231963 0.7865737045053435 3.335623930902 0.00039256428069600266 0.9992024597073448 0.039928566316330814 0.23382579737567588 -0.7872110820694228 -0.02431450790012795 0.6162041195680724 5.140686611347131
0.5887588461302977 -0.031056958991252846 0.8077118832860739 3.6736842119624984 -0.00025395053249106965 0.9992544402161934 0.03860698404886634 0.2535912247885302 -0.8083087013093746 -0.022935322244041215 0.5883120042809891 5.376465330768748
0.5588424346966503 -0.030571992267441093 0.8287101341670198 4.068795488333301 3.240968458783494e-05 0.9993210231777783 0.03684415265046806 0.27278104792000446 -0.8292738583435104 -0.02056321773745952 0.5584639844648439 5.6278372517837285
0.531659396775841 -0.028834405216943026 0.8464672840079136 4.458255989255391 0.00041555699792749333 0.9994290730507505 0.033783949640311936 0.291795928542156 -0.846958153117573 -0.01760979888308747 0.5313678404372689 5.86426035834722
0.5092127607173964 -0.027225433485267077 0.8602099395462175 4.880803837193927 0.0010147904123885918 0.9995178212560915 0.031033775018441928 0.31480696276500847 -0.8606400725756307 -0.01492986145333051 0.5089948572569254 6.108609529942676
0.4881536123988569 -0.02685632078842968 0.8723444209345617 5.35877389692107 0.0012108729513757195 0.9995463150158038 0.03009481558380534 0.33920386491599647 -0.8727568873911236 -0.013634594678118813 0.4879646640273466 6.372278437651083
0.4714911705124738 -0.02746912751486938 0.8814428643776915 5.8518896144178125 0.0017614114935211415 0.9995421016639848 0.030207357227915642 0.3616434885073049 -0.8818690229043813 -0.012689918625281316 0.4713236599269719 6.633474238199656
0.45861768936685293 -0.028650481217062068 0.8881716978860789 6.37457075955793 0.002794699067711461 0.9995216815723706 0.030799313691410445 0.3834839840296482 -0.888629284154495 -0.011642937463189604 0.4584783935479387 6.8968489628524186
0.44887749179494696 -0.029683572134019766 0.8931001527853647 6.914200103336885 0.0012325455962281656 0.9994677389951523 0.032599379430771874 0.40133591964432064 -0.8935924564314711 -0.013532341012650358 0.4486751581662247 7.16947414349501
0.44271230022299807 -0.02955208960035749 0.8961765971233097 7.442231410495105 -0.0007091320607926204 0.9994448913726695 0.033307750461322186 0.4181214699105559 -0.8966634353886539 -0.015381258379137737 0.4424455904715198 7.4335972251433695
0.43260832604024113 -0.03026208034552017 0.9010739385498963 8.008437784944826 -0.0019510306921383756 0.9994027555707682 0.03450109616800828 0.4417827061205871 -0.9015798521040159 -0.016683484369792292 0.4322909108799121 7.710545400770575
0.4214261281997447 -0.030349769618505572 0.9063547373709017 8.608752166265889 -0.0041344119959816576 0.9993651445614666 0.035386642580022394 0.4620456039452601 -0.9068533095865173 -0.018660099671288122 0.42103310507873104 8.004126889390133
0.4107995260062167 -0.031244315168780817 0.9111901789432882 9.206793881509421 -0.004997836966894967 0.999320443687141 0.036519480480808386 0.48014373029493684 -0.9117120000629148 -0.01955616523170377 0.41036421060164385 8.274493068482972
0.40000349475607794 -0.03149689918429155 0.9159722427697788 9.869955171941248 -0.006237778999739759 0.9992926089403633 0.03708600585547685 0.5056999345191433 -0.9164923863819462 -0.020548164369028964 0.3995240651637754 8.570504410559458
0.38842571568908874 -0.0332019822275614 0.9208816926009443 10.554919471729079 -0.008014129005383244 0.9991911537432692 0.03940573584492611 0.5335761905718658 -0.9214451894321792 -0.022686265831020243 0.38784545403412946 8.863946892370953
0.37716567031971937 -0.03532551586032452 0.9254718607615677 11.214608729204304 -0.010294438503948459 0.9990506716631 0.042329422219031965 0.5635988532012733 -0.9260885927751001 -0.025492418063232325 0.3764439599105346 9.13908596838852
0.36487935493404056 -0.037863934114219816 0.9302845687402929 11.92852142171658 -0.010633912351046392 0.998938071982912 0.04482910049480153 0.5896600025013997 -0.9309940796004178 -0.026249777836331728 0.36408923756754263 9.420529710548493
0.3531502283001177 -0.039244959401576414 0.9347431462242147 12.647033835914101 -0.012488316910042386 0.9988330468345119 0.04665390114492318 0.6164038148725319 -0.9354832752071677 -0.028149204479958823 0.3522480150331814 9.698904577696048
0.33883688801230366 -0.039074170637804786 0.940033389040573 13.35712930700146 -0.014283758627041421 0.9988084255208272 0.0466658691989186 0.644063648605818 -0.9407366993806621 -0.029239327926166066 0.33787501260200364 9.955950115831717
0.3251040951423846 -0.03692159098196725 0.944957207200946 14.069040472936765 -0.01668782664083656 0.9988579783519962 0.044768912479179725 0.6728153691487228 -0.9455309850891491 -0.030323838838830795 0.3241166781182664 10.20557403278272
0.30949348871571364 -0.03559997381877034 0.9502349300602874 14.769673025907386 -0.01795442989964527 0.9989020244779719 0.04327105199539101 0.6992666569563668 -0.9507320436850518 -0.030453035282414363 0.30851449520651836 10.439030219673164
0.2896392078704499 -0.033279890041951025 0.9565571484145493 15.496669755923675 -0.02136294698469223 0.9989215890847256 0.04122236476205458 0.7247493484740736 -0.9568974625111656 -0.03237449272563663 0.2886159012605684 10.660689157422373
0.26734424114687594 -0.0316267125084623 0.9630819320190306 16.222003255583513 -0.025104814923259375 0.9988933704236396 0.03977163299854333 0.7498298900734084 -0.9632740030714367 -0.034810710702440434 0.266254407338397 10.872294224476788
0.24128588154403535 -0.030221421039463993 0.9699833962897888 16.938902889090464 -0.0284004036540551 0.9988669809762216 0.03818601036683097 0.7761036036405646 -0.9700384221461564 -0.03676166516637177 0.24015419949355682 11.059755662557379
0.20967830757486483 -0.030422908868259404 0.9772970141919672 17.688985750059583 -0.031527060473739967 0.9987857484890288 0.03785595162053272 0.8012111567726938 -0.9772620179820894 -0.03874887393466492 0.2084645604853974 11.229515249615373
0.17714578566489203 -0.030323010518449184 0.9837173809861584 18.43228041519099 -0.03290106815298617 0.9987841279468451 0.03671219791640068 0.8251734076219447 -0.9836345308779888 -0.038868763738488465 0.17593273961909672 11.36566329748787
0.14251001208786146 -0.02974072977772737 0.9893464435914278 19.18515674065321 -0.033988656001418725 0.9988119363800241 0.03492115416197633 0.8469760875752176 -0.9892096176837016 -0.03860317003920137 0.1413298536933712 11.47407812594776
0.10854585133857136 -0.028129143065096743 0.9936933880567025 19.954740743123544 -0.03611880102180566 0.9988279676755283 0.032219919334492114 0.8704303468306038 -0.993435066005792 -0.03938835233412649 0.10740264117083315 11.566228079252275
0.07716793602744976 -0.025782467142475417 0.9966846913830423 20.68777357715551 -0.038845760458689156 0.9988287847150741 0.028845549379306896 0.8901338705998624 -0.9962610684673217 -0.04094292628348719 0.07607601621861759 11.63129274769173
0.043951996836094465 -0.022565853247660944 0.9987787564027006 21.45122750803913 -0.03853112734330807 0.9989627284622442 0.02426560052672409 0.9041838131110873 -0.9982903256066213 -0.039550593048319836 0.04303691891565281 11.66282470759993
0.012849258732953395 -0.019752317595883657 0.9997223327002379 22.192801435256268 -0.03640869664482238 0.9991326330577166 0.020208621125146174 0.9159545221213174 -0.99925437370003 -0.03665825294181038 0.01211895757131487 11.665963367867285
-0.01881637469083608 -0.015487231676465976 0.9997030007449681 22.928407911050996 -0.03325735944156314 0.9993364096624803 0.014855583659970356 0.9248682049622172 -0.9992696793591151 -0.03296795380218761 -0.019318952757023 11.64168144302169
-0.049826293683846445 -0.013008424741472067 0.998673180446675 23.656953042473784 -0.03132515375359106 0.99944359753746 0.011455569985545382 0.930150879605129 -0.9982665351498293 -0.03071280233266424 -0.05020606111646003 11.596890552010095
-0.07790549167277189 -0.0099124273013551 0.9969114695659888 24.347992337353627 -0.026533221680481972 0.9996169849968388 0.007865840901313134 0.9315921123322395 -0.9966076070924196 -0.025838480814972836 -0.07813866133161101 11.53269120698417
-0.10664759406387347 -0.0026181523369877974 0.9942934355403982 25.087571425129642 -0.02280658881137914 0.9997398785742276 0.00018626641523657866 0.9281267918977664 -0.9940352861881595 -0.022656576677183484 -0.10667956386344557 11.445221814679158
-0.13037998558362096 0.008717976537848483 0.9914257694070194 25.850153262196258 -0.020376423161818407 0.9997265757205924 -0.011470622350558053 0.9210567302518233 -0.9912546901469599 -0.02169725058766974 -0.13016669535096348 11.342822603782693
-0.15103450651675482 0.02235656223871068 0.9882756508009835 26.570725119890362 -0.021257497539001677 0.9994395890686032 -0.025857815080960682 0.9119878565688209 -0.9882999021752558 -0.024913689555111578 -0.15047462056151478 11.23267024990138
-0.17431722871789335 0.03589849328599753 0.9840349597203898 27.319414196697437 -0.022627822237690123 0.9989253072237906 -0.040450120502112843 0.8894134741818722 -0.9844295228369034 -0.029317721051458686 -0.1733175865267449 11.10727619234199
-0.19758123929472465 0.0459160346807014 0.9792105859507246 28.068437724560983 -0.019468740622987958 0.9985216165491273 -0.05074987115917268 0.8591256106604028 -0.9800931700697214 -0.029091219350835654 -0.19639521109071362 10.957823317122799
-0.22208726636333542 0.050207162501801954 0.9737332730028172 28.8062186524438 -0.01724774555278529 0.9983147891539462 -0.05540845630279361 0.8202704484317204 -0.9748742284995575 -0.029100216322733165 -0.2208470421295311 10.791684790990665
-0.24500083789409094 0.04986598879181997 0.9682396256056698 29.510801796810888 -0.01537494434044669 0.9983510021030813 -0.0553072118832784 0.7824776326476826 -0.9694009493072109 -0.028436943604891345 -0.24383014522550456 10.61662488462013
-0.2645952505573927 0.04604777537706705 0.963259547456081 30.217979442621665 -0.014040230572841962 0.9985695243419579 -0.05159241204806614 0.7376040067065992 -0.9642573439222188 -0.027175493340493084 -0.2635702321085764 10.428384107855374
-0.2819881636945479 0.04422098372852751 0.9583982367128283 30.916656913688012 -0.009721147367335894 0.9987542518457901 -0.048943270362928074 0.6928990535434176 -0.9593686334407852 -0.023118153430528147 -0.2812069987605628 10.221880412798365
-0.2966943215642821 0.04421889598154715 0.953948200265446 31.62697874579129 -0.00827240658434604 0.9987709167777689 -0.04886944943621141 0.6486813474577666 -0.9549366716389174 -0.02239073551869766 -0.2959638628652459 10.00320185915106
-0.3066618177967458 0.0470234223549436 0.9506562613561351 32.34142837464664 -0.007163900639163633 0.99863656910926 -0.05170765286993975 0.6045659646077218 -0.9517915780428128 -0.022667169821452966 -0.3059068344758869 9.779381015931067
-0.31513763705647196 0.04951335970130613 0.9477535000840424 33.067539636503085 -0.0071488867807301786 0.9984859486192839 -0.05454084549808183 0.5584878762873016 -0.9490190530902213 -0.02396325564146919 -0.3143065370793327 9.538738745341936
-0.32275477679102044 0.05112421818594827 0.9451008773530233 33.78166492454995 -0.012306011021079564 0.998229053957085 -0.05820066948663398 0.5134018922293564 -0.9464026184195223 -0.030414965901984767 -0.32155406030379013 9.305203908228464
-0.3325937245242812 0.050218425002222115 0.94173219345914 34.508005758967165 -0.012921444056364688 0.998244818467104 -0.05779549019670111 0.4634333025486699 -0.9429816809941565 -0.03139095719908728 -0.33136106759177403 9.05032691591784
-0.34014254139127403 0.050395507323547896 0.9390225473211428 35.234162857880364 -0.012736712676711372 0.9982244841682968 -0.0581863846370338 0.41035819324961315 -0.940287630295154 -0.03175172512699386 -0.3388967398270209 8.792220910523506
-0.3472956686914962 0.05159395296316545 0.9363352938588619 35.9324092986013 -0.011217924404821528 0.99818531125379 -0.05916284787958018 0.36287519453243555 -0.9376885819290829 -0.031050739360107132 -0.3460866580858276 8.536451937255617
-0.3537083840775659 0.053832755817157824 0.9338053402258777 36.655297785208894 -0.011714775823902356 0.9980091748127611 -0.06197137255981427 0.31544948385381855 -0.9352823868012445 -0.03285911427110975 -0.3523735738512259 8.26702258574024
-0.35491004626286377 0.05429198288607419 0.9333226878502365 37.38763612505596 -0.015132319271000713 0.9978479865668652 -0.06379975405856841 0.2661237383433729 -0.9347779800440168 -0.03676651055990417 -0.3533247114568638 8.002959050357456
-0.35511509811354763 0.05354973328830481 0.9332875725930119 38.103055963305316 -0.015201248492278413 0.9978951734244861 -0.06304081931883673 0.21699411464803534 -0.9346989831684214 -0.036573883043308844 -0.3535536196152614 7.740701320229188
-0.3535529635547197 0.05209592359757539 0.9339626955645448 38.855688193003424 -0.01957772880668201 0.9978171328120278 -0.06306886713392225 0.1643502978681812 -0.9352096099252012 -0.04058305325255744 -0.3517612845272387 7.470076828454421
-0.3484787522565144 0.050401182922269826 0.9359606188220629 39.613561388997276 -0.024632389435027387 0.9977159432952272 -0.06289786868596284 0.11501262641816291 -0.9369929586803011 -0.0449735172579527 -0.3464413054602246 7.205180596874794
-0.342479581478708 0.049227451303425804 0.9382347223953812 40.34874928025672 -0.029390670401309247 0.997576286373266 -0.06306933770926346 0.06989028308678215 -0.9390654528644585 -0.049175307867794366 -0.3402026812542444 6.9523615642311265
-0.33852846986551416 0.04831099166765439 0.9397151287356196 41.149622992311464 -0.033125926701383784 0.997450166613822 -0.06321264194948346 0.014809524989956732 -0.9403728771453848 -0.052528213429992796 -0.33606493230202544 6.678594058345092
-0.3349011880029024 0.04654085857193364 0.941103152028316 41.9660110175776 -0.03827466178499019 0.9972831386923 -0.06293958647210302 -0.04119935449281712 -0.9414755676805899 -0.05709894713059071 -0.3322099723022908 6.404186069949857
-0.334313559000531 0.04469974210701342 0.9414012838975551 42.78596966188155 -0.04302469912516412 0.9971093798682595 -0.06262395583100928 -0.09560969205346304 -0.9414793250696415 -0.06143954454829228 -0.33142399254144345 6.131545023560201
-0.33468238533681555 0.0431880010776483 0.9413407977497714 43.6101185202553 -0.04680667461727241 0.9969542313833062 -0.06238105271790279 -0.1516256616826506 -0.9411678044623775 -0.06493887194768655 -0.33164153351718456 5.8554541294227125
-0.3361142847848828 0.042281995443046644 0.9408716280263216 44.44679640002994 -0.04926244186217353 0.99683500951976 -0.06239531727233976 -0.20784379496462835 -0.9405319768010669 -0.06732159131433355 -0.3329675719309362 5.569931646062476
-0.3383768009651376 0.04184820134568403 0.9400797139672415 45.29839471755947 -0.05053168128111669 0.996761151185257 -0.06256002457436284 -0.26673666058814716 -0.9396529624044737 -0.06867266946880927 -0.33516618969180706 5.274034420229779
-0.33795240708317414 0.040701095001038926 0.9402827188736403 46.18569366315129 -0.05275703945216274 0.996674378038507 -0.06210377564849669 -0.3295207279157908 -0.9396833856863341 -0.07059465296516636 -0.3346812358615228 4.96393673015899
-0.33815650327565566 0.03982590077085131 0.9402468170220903 47.06492877562128 -0.05475400087671939 0.9965790929799805 -0.06190404528939962 -0.3939008360962646 -0.9394957044501981 -0.07241553053724133 -0.3348190739140113 4.659398376213361
-0.3393072631221662 0.03930209808439835 0.9398542047991856 47.961102040902034 -0.056746619988205814 0.9964519575548141 -0.06215559029639444 -0.45920701756852567 -0.9389624072945941 -0.07442339263526901 -0.3358731253259143 4.34110765981788
-0.3394728425838181 0.03841165663487851 0.939831226222361 48.88063990204752 -0.05998836286539899 0.9962476760668457 -0.062385609335318865 -0.5268727710649399 -0.9387010096238267 -0.07755715676824415 -0.3358947781154607 4.0207003461550785
-0.33971756997256375 0.038070912134534084 0.9397566590885008 49.80101113435699 -0.06119411350362084 0.9961685736666217 -0.06247762248609093 -0.6005611545594768 -0.938534630753944 -0.07873232175068326 -0.33608625141071247 3.69664838732023
-0.3384928980902544 0.03723803395672041 0.9402318260777492 50.71493327371124 -0.06547543903807879 0.995862598051354 -0.06301311518388868 -0.6683856575133357 -0.9386881936112926 -0.08289158358630465 -0.33465424029186175 3.380860579805415
-0.33781389090647507 0.03623019072338713 0.9405153631870002 51.59764710397888 -0.06749093628273878 0.9957541279205944 -0.06259944287911651 -0.7352411950434722 -0.9387900450208808 -0.08462322381736273 -0.33393436684541633 3.0756125476606124
-0.3362920018472408 0.03413046313026975 0.9411390975727706 52.52685175329794 -0.06641440005214155 0.9959954552642927 -0.0598513204414791 -0.8057743337867125 -0.939413017239643 -0.08263270889537515 -0.3326785512492844 2.7520060851863613
-0.33412110184409494 0.03219953220446556 0.9419799782523519 53.44488453146477 -0.06765544747764281 0.9960188821899878 -0.05804417927412684 -0.8784474942210796 -0.9400988404040758 -0.08312386207835055 -0.3306124526149786 2.4364549305296572
-0.3315955503789804 0.03172097801915684 0.9428882067999204 54.33118761473726 -0.06881463018895621 0.9959590493332482 -0.05770718086312781 -0.948180859343178 -0.9409085702876866 -0.08401994765959281 -0.3280727217469643 2.131052807446374
-0.3303088927005432 0.031364581798638345 0.9433516303115915 55.261549022430096 -0.0706537988519628 0.9958220902014251 -0.05784812334597584 -1.016179018449692 -0.9412247744883936 -0.08575912590192009 -0.32671286508769615 1.8182702750536293
-0.32785917976632584 0.03112122923431132 0.9442138673700454 56.1684240475835 -0.07325584277879929 0.9956105167767444 -0.05825187020441465 -1.087368262995512 -0.9418821262460181 -0.08826759300269595 -0.3241402355212796 1.5149563775380381
-0.32819168049811664 0.03167665769400507 0.9440798749095117 57.062754178664115 -0.07724688477511336 0.9951901626914098 -0.06024499045386103 -1.1572123522505047 -0.9414473642452682 -0.09269913397428411 -0.32416620878193836 1.2175843140946316
-0.3290823545771276 0.033300914371782585 0.9437138618288794 57.970178471530126 -0.08167986142229022 0.9946285580289422 -0.06358012103875614 -1.2261563954444412 -0.9407620337492417 -0.09800551339220982 -0.3245946937346947 0.9138059697657119
-0.33175574043517153 0.03265543225628141 0.9427999530295207 58.871710259066276 -0.08596338398377891 0.9941962498141277 -0.06468472361834778 -1.297922542600804 -0.9394404852370205 -0.1025058027610148 -0.3270231415327537 0.6115409467842863
-0.33579611695295924 0.030871442336830292 0.9414286600095403 59.793851553769805 -0.08712987856353804 0.9941596445210614 -0.06367876779005974 -1.3729008158140854 -0.9378962373849349 -0.10340964777911679 -0.33114512323961737 0.29101576982552396
-0.33947825918121505 0.028593500488993506 0.9401791974262554 60.68649363209495 -0.08590810517599032 0.9944177651922195 -0.06126259654293964 -1.4452806309477026 -0.936682608469039 -0.10156633300409118 -0.3351267983789707 -0.0205217941308527
-0.3433515129146326 0.027280522784653278 0.9388106899986968 61.56220188901815 -0.08818240850606937 0.994226102892325 -0.06114179550527475 -1.5142160373887878 -0.9350580738164351 -0.1037797157643831 -0.33896337440284363 -0.32806331309425574
-0.3475933066053782 0.02890285275342707 0.9371998283748527 62.45355695812925 -0.08907346237194236 0.9939866619874052 -0.06369014124815994 -1.59002279025555 -0.9334049557958292 -0.10561790044234978 -0.34292863339467033 -0.642139105092722
-0.35129988267495993 0.031163053436858424 0.9357442260217539 63.30511147059612 -0.09054099451062433 0.9936308826135936 -0.06708202016605062 -1.65823460212589 -0.9318748417816562 -0.1082891186455169 -0.3462408786342114 -0.954571171922473
-0.3563786789106867 0.03294185331336976 0.9337607142722136 64.13747596654254 -0.09232851986049007 0.9932453792021894 -0.07027845412265937 -1.728027993979239 -0.9297686172582108 -0.1112584872887461 -0.35093000351633546 -1.2605238937739134
-0.35957156784707434 0.03467775232064388 0.9324729170812335 64.95986892959905 -0.09413432450635281 0.9928631068757048 -0.07322281034524361 -1.7967602028017822 -0.9283571600120987 -0.11410654888791846 -0.35374097720671216 -1.5656906112725055
-0.3611808707008149 0.03411559026079701 0.9318715067759926 65.79201674166028 -0.09442943128844476 0.9928553294050269 -0.0729477715806098 -1.873280233790178 -0.927702248108919 -0.11434343607393188 -0.3553788365680553 -1.8777600872420048
-0.3632449933710888 0.029409412256432725 0.9312293816571559 66.66007016024334 -0.09311448112405046 0.9933516080584994 -0.06769251193885639 -1.947216559757523 -0.9270290007307412 -0.11129990673097864 -0.35809155612194904 -2.2058987021160217
-0.363959262867289 0.02297028120106489 0.9311315810102477 67.48012757784751 -0.0911019600746224 0.9940244587592291 -0.06013159118952102 -2.0180697209960847 -0.9269488054060274 -0.10671336172179088 -0.35969177164118277 -2.516347962051833
-0.364789027151572 0.020676321243298344 0.9308605993432387 68.29088096634592 -0.09122945166977722 0.9941491251206444 -0.057833417414928256 -2.087332433252282 -0.9266100327634282 -0.10601889813472631 -0.360768402746772 -2.8217045865590475
-0.36512667041505004 0.02647857688629196 0.9305812159708019 69.11354795021705 -0.09159677576023081 0.9937235672402653 -0.06421450444885582 -2.1548696846135225 -0.9264407942345531 -0.1086846671677236 -0.3604096251499003 -3.13697572631112
-0.3642723262094789 0.031739585490246566 0.9307514550463204 69.91842539545445 -0.09257007393502585 0.9932355123867814 -0.07009991687178976 -2.224474571864592 -0.9266803406620857 -0.11169519079474871 -0.3588700747954974 -3.444577384601857
-0.3626352244407037 0.03530410763824458 0.9312622154789209 70.74244035947396 -0.08936740159899458 0.993359601983159 -0.07245804771938423 -2.2975025193886114 -0.9276363304260377 -0.10950032480192824 -0.3570721458500897 -3.7632645900660795
-0.359268144109376 0.03557982748018451 0.9325558838507668 71.55001925764871 -0.0888454514800498 0.9934302812480802 -0.07213017434240884 -2.368841304685582 -0.9289956331326379 -0.10876742240138121 -0.3537467476099939 -4.067543401127366
-0.3552797133529957 0.033564867330705114 0.9341572271094871 72.3303367047106 -0.09048531224969056 0.9934270403247933 -0.07010794404771775 -2.4393698620662345 -0.9303702131661835 -0.10943543865034805 -0.349907346622669 -4.3530665593413245
-0.35139506336196324 0.02983115634858239 0.935751896367701 73.16866360727003 -0.093150687404287 0.9934187313282664 -0.06664963377428905 -2.5096261046694783 -0.9315816973733173 -0.11058628466968441 -0.34630364532012214 -4.65353730277435
-0.34782637093819263 0.025513761483475422 0.9372117496355513 74.00469339997541 -0.09608453881954615 0.993396241251101 -0.06270302439292536 -2.579324034963718 -0.9326224193529781 -0.11186132416143207 -0.3430779314923201 -4.945803838681364
-0.34610162848883624 0.02322316436652512 0.9379095624814692 74.82550156805564 -0.101072134216409 0.9929526212943498 -0.061883079671424895 -2.6464078041112153 -0.9327368795337277 -0.11621435583216505 -0.34131530445645003 -5.22633085130026
-0.34363743434049376 0.021171718297041953 0.9388637132535445 75.64867848032753 -0.10696295866246411 0.9923574119677095 -0.06152798052042653 -2.707832657874477 -0.9329910177456453 -0.12156695791661766 -0.33874656536833614 -5.504352573674498
-0.3396774010211234 0.020705189355756826 0.9403140743226581 76.4360650562159 -0.1072794576750701 0.9923800382914728 -0.060605095178195595 -2.77123230606855 -0.9344037570539183 -0.1214625651563376 -0.33486783074694504 -5.7709349964439145
-0.3372705131692131 0.022718229355373307 0.9411336159130288 77.22664700933647 -0.10549527481603298 0.9924998443981494 -0.061764114671377074 -2.8393717795436366 -0.9354781386745847 -0.12011636410000925 -0.33234426599134914 -6.043445821403326
-0.3328443087289303 0.024722987154509303 0.9426576473210827 78.05354599314929 -0.10608119394526316 0.9923289813047143 -0.06348206954641239 -2.9064434268877473 -0.9369959692751663 -0.12112789426431075 -0.32766840981880735 -6.322852061914339
-0.3261415205561245 0.025873245618854512 0.94496681620599 78.84214467793782 -0.10373105062605395 0.9926094495251019 -0.0629789635472781 -2.967719980460121 -0.9396124614463953 -0.11856245558616259 -0.3210472962353446 -6.591444667854677
-0.3165902147218401 0.027237016687204324 0.948171282450782 79.65876260868878 -0.10090905195891334 0.9929483809494819 -0.062216364427347445 -3.034301514636586 -0.9431797279284224 -0.1153761573800416 -0.31160927960040496 -6.854973316243031
-0.30584820650063554 0.02742709340206026 0.9516851523102898 80.46211866193694 -0.10535415490687675 0.9924712364322967 -0.06246076287083259 -3.0899356191494114 -0.9462332569848741 -0.11936749725977848 -0.30065598941936006 -7.103364378423751
-0.294713513130064 0.026810762893385243 0.9552094682171083 81.29056740976056 -0.1083910653840966 0.9922170654502913 -0.061291695800599955 -3.1548043454506733 -0.9494184125681556 -0.1215996629201227 -0.28951372999268354 -7.350298829158288
-0.282838152573341 0.024122194810188125 0.9588642756753634 82.10208894799358 -0.11028356984420229 0.9922359447154061 -0.0574922971983653 -3.2126812195781613 -0.9528064408217016 -0.12200799044433747 -0.2779818997640242 -7.57894193668544
-0.2704930702325692 0.022607713307039874 0.9624564355102964 82.85965141437755 -0.11451452603671747 0.991871027324872 -0.0554823258352536 -3.2659558776762543 -0.9558869819611232 -0.12522282720227162 -0.2657053278817074 -7.7795416957510035
-0.2582483568684237 0.02211105509482962 0.9658254953237425 83.65703251516905 -0.11649900624356534 0.991729648047746 -0.05385431020220661 -3.3215544645513404 -0.9590285541729301 -0.12642549752991752 -0.2535366361204862 -7.99005051760672
-0.24393311935731854 0.022679532436200002 0.9695268289681744 84.43613449342666 -0.1175522596783675 0.9916634614594074 -0.052773529831311415 -3.3789825103069124 -0.9626412101739246 -0.1268432813152593 -0.23923353122014512 -8.182530565302635
-0.23115692684088923 0.025404556820186885 0.97258474369396 85.19829390675616 -0.11858399254506655 0.9914701051162247 -0.054082042980034196 -3.4340949946106063 -0.9656626283985249 -0.1278344208481916 -0.22617260877670414 -8.35896012221926
-0.22037784689064865 0.03236665408321443 0.9748774303999964 85.99311693256493 -0.11845778221920059 0.9911636523369574 -0.05968557713360999 -3.493571453512101 -0.9681948969249686 -0.12863519731986733 -0.2145964295577364 -8.534645629464764
-0.20719814603698988 0.035504938031548736 0.9776545032137938 86.81661060814498 -0.12375088860154458 0.9903624042925372 -0.062193454110808365 -3.551863766943017 -0.970440439104411 -0.1338719819054047 -0.20080748644300256 -8.699408818908184
-0.19560011689616574 0.03318018434459017 0.9801222727991981 87.66442610964799 -0.12679791358075607 0.9901827385346823 -0.05882544874052663 -3.6091320106763507 -0.9724519954125106 -0.1357837238950833 -0.18947268125883043 -8.859047915348546
-0.18222385687993925 0.030037568269939398 0.9827981534761998 88.48700022786058 -0.1280440021166476 0.9902968692993923 -0.05400781589524197 -3.6661287278871337 -0.974884197997768 -0.13568292135803656 -0.1766095845247293 -9.001312904403843
-0.1711902711523488 0.030825490383046786 0.9847556449218408 89.26743016880361 -0.1305542501320805 0.9899866295287099 -0.05368483144088048 -3.718791356509627 -0.9765497830808402 -0.13775435563723665 -0.16545168076430744 -9.119280170694498
-0.1639049934699659 0.03615117137268956 0.9858134944927429 90.0910618559659 -0.13373808869375176 0.9892877198991357 -0.05851436481166034 -3.7754221385530458 -0.9773685470425949 -0.14143160914432218 -0.15731440870656144 -9.241472670796416
-0.1597295653527402 0.04297986861375831 0.9862247192431192 90.94385595056941 -0.1378490919689334 0.9882919508687176 -0.06539608315064041 -3.8395848319135806 -0.9774886668374042 -0.1463958699624037 -0.15193470789252128 -9.360348157717144
-0.1568016311419948 0.04520804629988593 0.9865948920509153 91.76127739625782 -0.14125370628198256 0.987655422965874 -0.06770639517581697 -3.903925416598087 -0.9774766692524244 -0.14997665830337684 -0.14848017723365942 -9.471254017563293
-0.15548880002196835 0.04475291598359025 0.9868233933073811 92.59294541725124 -0.14568877597897878 0.9870102382915611 -0.06771683735514317 -3.9702861169825723 -0.9770353185128342 -0.15429830206000872 -0.14694904001021253 -9.584519033149158
-0.15214664816482565 0.044430646142511326 0.9873587570562021 93.40593463080393 -0.150446333081375 0.9863065956030288 -0.06756626623050851 -4.032731859594636 -0.9768404671769988 -0.15882448537087387 -0.14337881479528408 -9.692973690370348
-0.14883871286812395 0.041292674880839625 0.9879989638420407 94.19673290716149 -0.15557527080143352 0.98570726331466 -0.06463378500277367 -4.092815015835738 -0.9765466566768949 -0.16332821571886905 -0.14028728125981266 -9.79447584153741
-0.14485948616069022 0.03746144533802917 0.9887428226705097 94.97934042839614 -0.15763792933248047 0.9856456551929615 -0.060439437745612445 -4.152878836590722 -0.976814215961781 -0.1646185971038015 -0.1368747784748805 -9.89598295052503
-0.14206591320176437 0.03478176262767976 0.989245927610855 95.73840250299435 -0.16002244524344766 0.9854297426763405 -0.057628458830249106 -4.2073292414133965 -0.9768367792648149 -0.1664885919135412 -0.13443011358393547 -9.989397974117649
-0.1401154088213693 0.03471653876279222 0.9895263685961847 96.52797788053407 -0.1667438533118734 0.9842844322949532 -0.05814330335051781 -4.262270889766958 -0.9759939341991472 -0.17314421237261568 -0.13212464618055775 -10.080333732521632
-0.1376010050462365 0.035703692922979285 0.9898440330283995 97.30652688471994 -0.17528971201079657 0.9826982582435373 -0.05981346092887561 -4.317885549595869 -0.9748535686314317 -0.18173986782426066 -0.1289617779413058 -10.167257010243029
-0.13260840243585098 0.03711157700535858 0.9904734940701778 98.08679750818325 -0.17797383525204014 0.9821657421583743 -0.06062811968195417 -4.3794470855376915 -0.9750591395239014 -0.18431816454887193 -0.1236385403029488 -10.258641567390367
-0.12851776053074365 0.038897639224308 0.9909440745526147 98.92223961004767 -0.17992741256175313 0.9817321817375735 -0.061871233619645916 -4.444722503218895 -0.9752483332141589 -0.1862495557137243 -0.11917126985748377 -10.352104134003465
-0.12303984847397148 0.03585355050601752 0.9917538598884379 99.74198347933982 -0.1849601553003541 0.9810085650751532 -0.05841178134981205 -4.50454046094329 -0.9750133007496726 -0.19062192467106664 -0.1140716669288529 -10.439490857157923
-0.11806854478249029 0.032515528278709266 0.992472951346132 100.57311427631647 -0.18708489062435352 0.9808368359365224 -0.05439066988101335 -4.5614561616885885 -0.9752225707155361 -0.19209852079281647 -0.10972281383647187 -10.518869437635479
-0.11199109605676377 0.03060308232974293 0.9932378596066119 101.36743272423574 -0.18864327692031338 0.9806950705463413 -0.05148682043856294 -4.6133716562351985 -0.9756391282009812 -0.19313371005090185 -0.10405605011340507 -10.591696136819841
-0.1072163896366718 0.03472029526058096 0.9936292804111075 102.15053768533656 -0.1916793134770599 0.9799195766050375 -0.05492416745993721 -4.663021798903187 -0.9755837670739711 -0.19634694925876056 -0.09840827677861919 -10.661351340088476
-0.10351903050159766 0.036796392952129414 0.9939465960451405 102.96233939393812 -0.19205388769597526 0.9797696442664829 -0.056273869555872394 -4.720253538934897 -0.9759093782441436 -0.1967167243516476 -0.09435791336971638 -10.730612012565663
-0.09956459402378248 0.037721305557663454 0.9943158425389313 103.77087656191793 -0.1932330765515241 0.979524208844377 -0.056509312632787814 -4.772362290373777 -0.9760880440530517 -0.19776103608856505 -0.09023692626560964 -10.794652968971553
-0.09476491837820955 0.03668378367119837 0.9948235573509185 104.59491751056137 -0.19392634919415885 0.9794959549742296 -0.054591622776278825 -4.83143103888102 -0.9764282776184827 -0.19809587124593758 -0.08570790198293543 -10.85848104696708
-0.08621568776656319 0.03528369497688351 0.9956515033141451 105.42592726087634 -0.1943134864894458 0.9795845347312668 -0.05154035587424366 -4.8909796337270635 -0.9771433488241399 -0.19791210216686084 -0.07759945660015655 -10.918376281820429
-0.07870569852753961 0.03518655855518481 0.9962767281816509 106.21538217867213 -0.19484478893448637 0.979559402969124 -0.04998884155338236 -4.944306519538165 -0.977671172350074 -0.19805373551593586 -0.07024098948488855 -10.969987336046364
-0.07287579634806779 0.035015748947097886 0.9967261487652007 107.01925457622154 -0.19549408407706043 0.9794947603202249 -0.048703979263474084 -4.997286639597287 -0.9779934465002854 -0.19840340680265423 -0.06453608890841106 -11.015273095749965
-0.06586588411276179 0.035033531086196196 0.9972132856163102 107.82993185324827 -0.20120196874234733 0.9783895640711002 -0.04766160604685833 -5.043333414745317 -0.977332826157112 -0.20378055014253682 -0.057393678217703636 -11.05373949792118
-0.059513535056052114 0.03472175469003118 0.9976234454424061 108.62094144005721 -0.20611565598782955 0.9774309541852395 -0.04631485892495828 -5.088587416580853 -0.9767161693664331 -0.2083821718664468 -0.05101367411178953 -11.088014079425239
-0.05588150699544453 0.03441865460198558 0.997843982489902 109.42477915504381 -0.20867099557504648 0.9769323227432469 -0.04538339327555842 -5.139134857947693 -0.9763880748870489 -0.21075718966354218 -0.04741027550530269 -11.121059523077545
-0.051866847144188544 0.03472237426717016 0.9980501925717824 110.24542851020081 -0.21308751668134557 0.9759949354912634 -0.04502883664921893 -5.184441224809228 -0.9756554414350891 -0.21500754084602552 -0.04322287562675586 -11.150418416483854
-0.04900003504882822 0.03579992045211368 0.9981569827741709 111.04328445697674 -0.21646794702742533 0.9752240304731348 -0.04560392853106786 -5.226396099288724 -0.9750592927996461 -0.21830358696860042 -0.04003647638962882 -11.178261961889271
-0.04505843457002079 0.034374665613937316 0.9983927683221817 111.87537736529356 -0.21959626687080058 0.9746220365357988 -0.04346683189767184 -5.2730024302196075 -0.9745497509365583 -0.22120187219538248 -0.036366395019996056 -11.198015718712877
-0.04024517018259466 0.03247193844300733 0.9986620546965465 112.6885555551145 -0.2216082253950919 0.974289801028507 -0.04061007324630861 -5.316022251615285 -0.9743049423636384 -0.22294608501964314 -0.03201441019606499 -11.214248081042474
-0.03772259547698814 0.031271408361203165 0.9987988310013115 113.51315068288058 -0.22336664376414656 0.9739567847148749 -0.038929731072842685 -5.362348453861804 -0.9740042855367838 -0.22456687317360474 -0.029755188270447153 -11.22903634034455
