1.0 0.0 0.0 0.0 0.0 1.0 0.0 0.0 0.0 0.0 1.0 0.0
0.9999235319062719 -0.0041050324101751965 0.011665292495198399 0.009210696443915367 0.004110493644908539 0.9999914532171815 -0.0004442235754174324 0.00649998290464282 -0.011663369242302475 0.0004921397171549433 0.9999318594866436 0.2670441269874573
0.9995636902387849 -0.00937016383490935 0.02801123320972504 0.03300530286896827 0.009372992089663103 0.9999560720847709 3.0332881732678943e-05 0.01598594389659648 -0.028010286958718558 0.000232229420096168 0.9996076079612374 0.5509365425143564
0.9986587103470568 -0.014804048389305883 0.04961471958240339 0.06076114561379557 0.014755506491846343 0.9998902276153829 0.0013445249818759015 0.023727352552151193 -0.04962917766921504 -0.0006106312675402984 0.9987675264311173 0.8664842481707786
0.9967590495548418 -0.02237377359958062 0.07727102552343311 0.11518607340056544 0.02223971491219162 0.9997492987980577 0.0025951172259212375 0.02962808744608318 -0.07730971614973621 -0.0008682210009788158 0.9970067472094362 1.2149636341037657
0.9936682899179892 -0.030476851738738188 0.10814107045685338 0.18240351623991868 0.030261957764358388 0.9995354175403021 0.003628084177969001 0.03475139650976066 -0.10820140259593379 -0.0003325516940431688 0.9941289382598435 1.5759910520399516
0.988870376662367 -0.038757407330316455 0.14364275664529852 0.27693194372521046 0.03845262586434459 0.9992484183308707 0.0048983698706782635 0.04537456290424451 -0.14372464549883313 0.0006795883203555573 0.9896174838976672 1.9518003110478799
0.9822432747515859 -0.045290355297559176 0.18206299163284487 0.3836051083440059 0.04472873951609525 0.9989732822303398 0.007191748830654 0.04890282549653469 -0.18220178118388905 0.0010794012056540747 0.9832605686319652 2.3618221372871977
0.9739657889512607 -0.05275811833651058 0.22047045811659072 0.5046596940150601 0.05165892565209897 0.998606899885287 0.010752437024597678 0.058109737671112015 -0.2207305990410472 0.0009167611945181372 0.9753343848116364 2.771089638822321
0.9644160237785098 -0.059818841966937215 0.25753337497299955 0.6342106363060332 0.057540786237888004 0.9982087699813168 0.01638015419683877 0.06344428116978916 -0.25805191531622984 -0.000978610300950893 0.9661305560448361 3.1739472643771567
0.9539036864287809 -0.07162934636982415 0.29143951989428973 0.7795590147993172 0.06801188193044339 0.9974299082731163 0.02253801230282889 0.06941790693129335 -0.2923048766850491 -0.0016777428035301498 0.9563237131041056 3.5571255856283206
0.9404841605977542 -0.08055174529867584 0.3301529342502884 0.9535368942463218 0.07569531137126564 0.9967499937977363 0.027562106244262845 0.07993538060921825 -0.33130011092836226 -0.0009306951972290825 0.9435249706845628 3.9509009296372617
0.9250294139068155 -0.0858401014683503 0.3700703451873938 1.1503057644077204 0.07927000108001775 0.9963082627824124 0.0329562200542733 0.09419501265630437 -0.3715331079944121 -0.001149996258701224 0.9284189933282373 4.386506399295272
0.9077761406975137 -0.0918801261196451 0.4092682748571726 1.358387248931911 0.08323989960101791 0.9957692752894471 0.03891875516947933 0.11251533968291463 -0.4111126335868804 -0.001262067259508507 0.9115836822209424 4.78264791239351
0.8886422007166004 -0.1002301702500262 0.4475141920399932 1.585228544540361 0.08891916568030303 0.9949633910391265 0.04627345315233246 0.13376439621264155 -0.4498982341377614 -0.0013279546577541178 0.8930788405600879 5.154760428295733
0.8668324202982493 -0.10762538054785759 0.48684528608358585 1.8339776107293662 0.09425322305498643 0.9941911624346796 0.05196404988573967 0.16283475788561128 -0.4896099315410449 0.0008426142115502203 0.8719411705715381 5.544219505009173
0.8452050175054072 -0.11565527547257869 0.5217780520863698 2.0896563248941775 0.1004669131896362 0.9932818131694878 0.05742507275468738 0.19310019887537627 -0.524914162256869 0.0038854706403439535 0.8511463008085465 5.879447971567974
0.819220740383437 -0.12233637913752238 0.5602777783074515 2.358920602046527 0.10479746866290826 0.9924659625080442 0.0634728589621443 0.2226219029355059 -0.5638216642587088 0.006717410401477691 0.8258692434701984 6.224436476517857
0.7903172654818827 -0.1293642767518561 0.5988852175348032 2.675283108029995 0.10976421079719197 0.9915367514031843 0.06933028663498655 0.25899027827017473 -0.602785565445382 0.010943240712374593 0.7978281817367711 6.599808058042013
0.7600818069764852 -0.13359367854818474 0.6359468340634502 2.995752968457314 0.11053555217717626 0.9909575624946456 0.07605919431309678 0.3034153528253161 -0.6403573521154011 0.012483524607856344 0.7679756657636473 6.951209263306611
0.730386268436149 -0.13997589681534525 0.6685376931711909 3.331076003244777 0.11372157267038371 0.9900356059701001 0.08304759370861625 0.3464125270214188 -0.6735007815803128 0.015370335785420651 0.7390266909852113 7.281823035288535
0.7038377031760714 -0.1453180175308211 0.6953381633196503 3.6886665904586504 0.11743092173202166 0.9891865928532904 0.08786275172373528 0.391621944533485 -0.7005872295503255 0.019813084066114282 0.7132916482693379 7.6052957107324985
0.6753106889763487 -0.15100627697265084 0.7219089815684167 4.088076414032622 0.12002714767538253 0.9882682056570459 0.09444277372205342 0.4433464541962679 -0.7277011455090622 0.022870461347820052 0.6855129355617855 7.956871952055249
0.6468327347679472 -0.15524136698092855 0.7466642694079523 4.508505126885193 0.12285078997207362 0.9874863026294017 0.09888622514056752 0.49961239923059114 -0.7526719714695479 0.027765447902135892 0.6578099902456164 8.29006730797083
0.6179340848323779 -0.15943103364414837 0.769895585331888 4.901936230288668 0.1264998617860694 0.9866275363443664 0.10278078368620999 0.5561616993762438 -0.7759866311802525 0.03387993562869604 0.6298387874617746 8.59284962336419
0.5880859765192654 -0.16389582416806722 0.7920183350413371 5.34234424111626 0.13218227696248916 0.9855629462659182 0.10579945465197133 0.615527021336945 -0.7979240125966843 0.04247161131759328 0.6012598708991758 8.89506675824577
0.5615734761494704 -0.16700451572820935 0.8103978791999562 5.814232103496601 0.13761083111834876 0.984629908098801 0.10755093321893708 0.6834031302370431 -0.8159034808384615 0.05112177426237514 0.5759236704216534 9.196775749624218
0.5379822613942885 -0.1695873185016275 0.8257210351132611 6.302287009140481 0.14343062576627114 0.9836858487653272 0.10858087553125602 0.753885164587532 -0.8306640367906772 0.06001909981219129 0.553529552635043 9.497484073320686
0.5159483577201124 -0.17293592798005422 0.8389817977641687 6.860188782093451 0.14978688142431343 0.9825340782602269 0.110411390764292 0.8299354619736764 -0.8434223036647168 0.0687018913204288 0.5328403774207604 9.822717528615025
0.49859132137889406 -0.17748872820522613 0.8484718295887848 7.410593159737841 0.15574167702248917 0.9812276421109504 0.11374024967269601 0.9070092449329847 -0.8527316250051191 0.07543252426822215 0.516873978836866 10.136493025159032
0.4867813398155606 -0.18216560820556965 0.8543182184610504 8.024985384473807 0.1624947156081436 0.979826761430818 0.11633995437262157 0.9891054699674741 -0.8582769917729337 0.08219007708409837 0.5065623324153837 10.484867939306746
0.4805081223556928 -0.18664279657370939 0.8568993002899185 8.635572889697759 0.16868406284268753 0.9785159123127707 0.11854238184544323 1.0639354885286811 -0.8606146822435062 0.08758467809983407 0.5016685089469516 10.829084930708698
0.4753827149510846 -0.19197553242052684 0.8585782837211707 9.254203506959682 0.17445233866018495 0.9770930603161587 0.12188327620307755 1.1442845141715783 -0.8623094896043578 0.0918397867694541 0.4979837323692544 11.162696239263203
0.4655998594647313 -0.19698386864425882 0.8627943708441564 9.939582312648442 0.1797707394621033 0.9756397953595608 0.12573571864829447 1.2320433477228778 -0.866544431693881 0.0965626491180513 0.48966968733589494 11.531559154194852
0.45396439230486835 -0.2023882975157044 0.8677299738674276 10.587592102954051 0.18409007391229112 0.9741538326439436 0.13090131791576046 1.3198168424588739 -0.8717953746185163 0.10031593778563062 0.479488829296315 11.87523110957977
0.4409966129350966 -0.20640456578660987 0.8734524272118167 11.200795971044158 0.1889945134489872 0.9727311821997342 0.13444374683297372 1.40806164492423 -0.8773842153047624 0.10578847951808917 0.46798048713092477 12.189489315524092
0.42770872141234917 -0.209522141542752 0.8792984259232771 11.890664330491582 0.19344834805136096 0.9714442836442714 0.13738173245038196 1.5071655529527848 -0.8829739442724306 0.11133946280725363 0.45602690464245554 12.533264788387843
0.41801984963115174 -0.21501290725785896 0.8826261128172407 12.59388131054694 0.1993396679547356 0.9696173305023144 0.1417953778134582 1.6076002661235187 -0.8862974117608856 0.11666911374519362 0.4481798922351002 12.885796121098327
0.4061616042307329 -0.21997586704184316 0.8869291793417934 13.313759714392013 0.20429111825423876 0.9678855887436771 0.14650128362829531 1.7104667216656984 -0.8906727178100552 0.12168855747971921 0.4380570793028632 13.231396601980748
0.39116368192744516 -0.22706989551991916 0.8918689570164093 14.082454165229015 0.20982181194711616 0.9655661509786532 0.15380772189814812 1.8233730837981248 -0.8960835793452493 0.12696956577401547 0.4253386276779531 13.577611912407237
0.3756804520197739 -0.23268967660565407 0.8970617104588594 14.822247124622558 0.21401344395934865 0.9635850808541524 0.16031855089151603 1.9419877399795433 -0.9016997525644981 0.13175472043328468 0.4117987977989614 13.903637805603806
0.36238246159673737 -0.2365219255622583 0.9015189017737848 15.571790411996531 0.2182819904327399 0.9619006535861612 0.16462109610629294 2.06958656885742 -0.9061081194757117 0.13712954225416796 0.40020440335077767 14.217761079627095
0.35063892873397284 -0.23864096276678304 0.9055952918086728 16.36345133857341 0.22205915478840532 0.9605980866657656 0.16715575870645263 2.2053774446077967 -0.9098033157946565 0.14248440891484812 0.38981549454227105 14.538265790372295
0.3356588350074886 -0.2408823590596346 0.9106639531546645 17.07224928702375 0.22599837676818443 0.9591088215335862 0.1703966025324489 2.3299558586343143 -0.9144713665170503 0.14861345009897622 0.3763723718209372 14.810076069907138
0.3173312285707945 -0.24371641107765643 0.9164623300197218 17.867769060768588 0.22985348577551987 0.957361381935828 0.1750044555283235 2.476529639402079 -0.9200371005837719 0.155117682258822 0.3598197301428287 15.107659494767427
0.2965621564734996 -0.24561341770476638 0.9228894497127875 18.641272836340296 0.23144381673382688 0.9560391965484495 0.18006336206645215 2.6154344331844905 -0.9265444657670061 0.1601970777086131 0.34037075263623084 15.386919413443493
0.26929221520844604 -0.24848577428937516 0.9304496347486725 19.381549812443456 0.23361592820884589 0.9541384976840577 0.18719862532702808 2.7548600349590577 -0.9342940120300717 0.1669567225751014 0.3149923044643048 15.630716603678113
0.2396571595486599 -0.25095559128307315 0.9378623230948301 20.13836948793222 0.2333262792198386 0.9525897395363799 0.1952732330746792 2.9010324365540265 -0.9424029357459017 0.17202929789362975 0.2868494855559806 15.861306313149006
0.21097097706654294 -0.25319906709986834 0.9441300118391243 20.91789336810668 0.23431857603818074 0.950807971505576 0.2026302204630185 3.0610826777417106 -0.94899212418177 0.17847810437476228 0.2599221316082259 16.074083905872474
0.17891452161556531 -0.2550156079938801 0.9502403030994767 21.697359832690545 0.23447357970197827 0.9490477596463941 0.21054807130890743 3.2209381337383856 -0.9555164751990485 0.18513613798951403 0.22959284839366 16.257959497044986
0.14722306896641746 -0.2553702482153434 0.9555686287706098 22.539987670900373 0.2328898009742278 0.9478840152781771 0.21743558628316803 3.4088454698005544 -0.9612948083529287 0.19053065345648282 0.1990235200350743 16.43219564008673
0.11681821734424969 -0.2545385811870903 0.9599810491795004 23.29988843247429 0.23004519144505914 0.9472461030154773 0.22316816577414825 3.5831693903832447 -0.9661432160862682 0.19476891694840495 0.16921097777989347 16.57190045435566
0.08788537035995908 -0.25272207995389967 0.9635391595469629 24.083377668039912 0.23105318159612875 0.9460735808974001 0.22706652505879654 3.7687903211755933 -0.9689636675082298 0.20267296275464441 0.1415382676778804 16.67760653487747
0.05928487760608708 -0.25144357620229957 0.9660545695113862 24.889370434875584 0.23379342290890903 0.9443380794059899 0.23144378839869995 3.9646610777749296 -0.9704771706185402 0.21213608785495353 0.11477082180514414 16.758682698324566
0.033986183297108064 -0.24891603807368984 0.9679285848318525 25.684884915460817 0.23483224169267564 0.9433623333384713 0.23435299507321775 4.159408389472077 -0.9714415873363093 0.2193360755276985 0.09051479639053278 16.823983331866497
0.008246187161950413 -0.2460083247390965 0.9692326369640847 26.469297981740848 0.2369551173441654 0.942140310325579 0.2371158114171947 4.356530612261521 -0.9714856009029176 0.22770933186561568 0.06606199678795693 16.861784021530223
-0.018222915169425036 -0.24423824360490548 0.9695440194872633 27.29337116383425 0.24135443844746013 0.9399534530797103 0.2413204116630831 4.562701562002525 -0.9702659225204393 0.23840131376382884 0.041819292093976224 16.888890931250298
-0.04603005427407514 -0.23723040643744894 0.9703622871716774 28.084389288425086 0.24487893992789214 0.9390731095728784 0.2411970141956926 4.76073633188819 -0.9684603961357005 0.24872359988277773 0.01486714424610136 16.88411697641636
-0.07124109275880641 -0.22769261369865018 0.9711234629899583 28.854842706716436 0.24847088274503976 0.938855313043546 0.23835461312465972 4.962145813602221 -0.966016007698854 0.2582765472066381 -0.010310093723404523 16.86573913788741
-0.09487099573697105 -0.21441342406480723 0.9721246719164578 29.59460184479217 0.25124822895288745 0.9397583324531538 0.23179431406508902 5.149753177137399 -0.9632620731742287 0.26623515952194 -0.03528481569193892 16.828342978088784
-0.11829915452255518 -0.2013135352175472 0.9723570180635621 30.38234147335232 0.2516726813806906 0.9411804164307878 0.22547790395917458 5.343106430614163 -0.9605551371399261 0.27138954339727744 -0.06067573031052237 16.78138835952094
-0.14305273552395836 -0.1921303784801343 0.9708871368620521 31.180139690223335 0.25664798503180475 0.9402186698163765 0.22387644964988726 5.534225399545024 -0.9558596793662902 0.28120236591075176 -0.08519097820760546 16.70270983395502
-0.16865827980143955 -0.18799497879755114 0.9675806284756469 31.95182074476661 0.26047147977709195 0.9382473517706108 0.22769829845250916 5.715885269610934 -0.9506360990816368 0.29043036143341533 -0.1092758540598262 16.602496365928168
-0.19392547799039145 -0.18812424382222714 0.9628095231521725 32.77147889318468 0.2632820183427368 0.9354553982838805 0.23580877133584605 5.920275501338615 -0.945026712746033 0.2992197632307428 -0.13187890463817636 16.475674155926942
-0.2183165881131382 -0.19061365900483251 0.9570811357222692 33.49100203449873 0.2634888738382742 0.9328000658266815 0.24588137497008025 6.098265975780635 -0.9396336949673937 0.3058602134873521 -0.15342114941361557 16.35183589440184
-0.24012252289579245 -0.1920355237792843 0.9515584751369597 34.269357111126766 0.2676156272381639 0.9291572095745391 0.25504657604755354 6.302682609921536 -0.9331254203246657 0.3158943454740404 -0.17171986618165042 16.19618165268067
-0.2567955614682662 -0.19081587246454262 0.9474414717679364 35.05276266407729 0.2726847465298542 0.9261816923096169 0.26044289554611266 6.516588048504728 -0.9271995840271646 0.32523341717309673 -0.18580676988141032 16.025245745241016
-0.2703248539565158 -0.18784497294371105 0.944266243955149 35.83211377103603 0.27646584180935885 0.9243290513318194 0.26302555612841416 6.727060985557338 -0.9222207499541697 0.3321597070744665 -0.19793639723449946 15.845343490988638
-0.2786698612240176 -0.18410348073065605 0.9425757353275355 36.6182396348178 0.28047504506594456 0.9230665301261414 0.263214608363864 6.9402835014919315 -0.9185188389688279 0.3377189502289484 -0.20559438979605915 15.658496914617428
-0.2864248841263756 -0.18108472927702463 0.9408342609492168 37.40918414438106 0.28181247156526534 0.9226141653725943 0.2633720424116951 7.155431443343928 -0.9157196714188622 0.34057513514127524 -0.21322772028991283 15.4688352640358
-0.29861064359890815 -0.1804685479185199 0.9371567567603758 38.19887141426754 0.28531411839324916 0.9201704751904001 0.2681084676644064 7.3780682180588295 -0.9107291240401443 0.3474440959349488 -0.22328247317023625 15.262262272283111
-0.3128538878838765 -0.17777183917644604 0.9330164082328709 38.99583657116887 0.29011494120403025 0.9174955094746187 0.2720943053136034 7.6063284618675215 -0.9044090699048333 0.3558077617052981 -0.2354677705847255 15.041921096330778
-0.32475819045100757 -0.17482944340863799 0.9294981352603207 39.74857359515239 0.29490310507246525 0.9150546751964881 0.27514923227163235 7.824126812535215 -0.8986458013887373 0.3634688530238541 -0.24561375476124764 14.824843245330987
-0.3323721221207892 -0.16966049687626628 0.9277629482990912 40.480719559253856 0.30068429733845675 0.9132959096498496 0.27473539042309914 8.046873331406491 -0.8939338486549226 0.3702781349425761 -0.2525398523252234 14.601445702618731
-0.3346094864472991 -0.16635985218377156 0.927556408613982 41.24903171913865 0.30611489071729814 0.9117265644328372 0.2739495307326374 8.272081045362402 -0.8912520211817818 0.37560494044792503 -0.25414712953425084 14.372001485906141
-0.33636030856784466 -0.16428719591742022 0.9272925428783171 42.00034051634411 0.31428620953345066 0.908630028059104 0.274983000577141 8.496367376446058 -0.8877420353442999 0.3839286253549 -0.2539938765322041 14.146497945506784
-0.3366902385085177 -0.16239471305809078 0.9275061403914576 42.79841773689049 0.32111199505996524 0.9061670903309764 0.2752240742189923 8.726973221403247 -0.8851704750621129 0.3904986063635476 -0.2529507234748318 13.918999778198888
-0.33228847820464424 -0.160217874665252 0.9294700640096976 43.61997334441928 0.32947097400390596 0.9036677437731993 0.2735570985238235 8.968211367996307 -0.8837608525734546 0.3971332792673071 -0.24749124016222446 13.679694352750163
-0.32479608096250523 -0.15816621378491857 0.9324649884088634 44.39817467984578 0.3383507597989822 0.9012366754365668 0.2707235087529268 9.197560187455462 -0.8831909584766193 0.4034301719814571 -0.23920248159281865 13.465080385792858
-0.31750299413399036 -0.15614187082837475 0.9353136184671785 45.2038878731322 0.34564114573258686 0.8994355889601844 0.2674842419442894 9.428280428102047 -0.8830198452427988 0.4082099184072597 -0.2316044373955785 13.254867960812353
-0.3152271673082049 -0.15410869948692407 0.9364199601318279 46.04112696488535 0.351166264533879 0.8977466110245513 0.2659572842530449 9.662493588786473 -0.8816541768994048 0.41267606077452823 -0.22887634482281294 13.039088542017986
-0.31692197681050305 -0.1529274678363069 0.9360414788863252 46.87880054383851 0.35577664212314813 0.8956815126401801 0.26679132076245776 9.898992118094638 -0.8791947688277613 0.41757372701808554 -0.22945313458335048 12.821030262289403
-0.3191164621442939 -0.15219086312265967 0.9354157496912747 47.74296654918845 0.3607067750099611 0.8932309590421117 0.268382332262433 10.140756292621246 -0.8763876459937252 0.4230560187382867 -0.23014842810431646 12.598282381194684
-0.3196298792781984 -0.15072442057742658 0.9354778935465036 48.59341428202606 0.36786938106169303 0.8900874470418169 0.2691030566453455 10.382799678103902 -0.8732175323193478 0.4301470512047946 -0.2290516439363155 12.37611717382277
-0.32099077162188266 -0.14852760291971556 0.9353632854161595 49.45686271933537 0.3742023079994311 0.8873767081609978 0.2693236166793592 10.631075765794666 -0.8700215843423009 0.43646549575456106 -0.22926036245770426 12.148496664449738
-0.3206130312504504 -0.14718914017409113 0.9357043556632668 50.330554724862374 0.3803707164886808 0.8846973536572826 0.26949714371341393 10.875974664350206 -0.8674822201234359 0.4423188323445122 -0.22765906158794114 11.920012970402382
-0.32089200592541134 -0.14489871491364995 0.9359661761781454 51.20546216371633 0.3890462395493802 0.8808401493215235 0.269747390785755 11.124092455516209 -0.8635226366608187 0.45069390250990676 -0.2262822622627293 11.694384781512156
-0.3219904010026043 -0.14320320820005156 0.9358498933180444 52.07661574242378 0.396659361255335 0.8771460185144211 0.2706957948192188 11.372638513247598 -0.8596415141154434 0.4583750684379678 -0.225629705144949 11.460704657552014
-0.32375668090012966 -0.14127574414941127 0.9355334177289244 52.9484217036732 0.40251859524958467 0.8742781233503717 0.27132368770391907 11.621150797931135 -0.8562478566693369 0.46441245369389356 -0.22618726932164968 11.230973223358319
-0.3244016226464741 -0.1392033283026124 0.9356206606385997 53.854413603738934 0.40957035236916883 0.8709157395885372 0.27158405880527325 11.87791472842583 -0.8526521645340084 0.4713047930229719 -0.2255129228870134 10.997137830805833
-0.3238007243754636 -0.13766738400938325 0.9360559717634083 54.75475619374909 0.4163826484462768 0.8676607952533804 0.27164357981210663 12.133535931294057 -0.8495755298775911 0.4777158525319053 -0.22362688405673758 10.772610694041687
-0.32300913699730877 -0.13724612632808444 0.9363912634279483 55.61335392654556 0.4237815315581751 0.8637137983650387 0.27277772640749953 12.374094870395078 -0.8462117411892023 0.48493502175216496 -0.22082507500681642 10.556439612031612
-0.3242321782289386 -0.13688147141382861 0.9360218786890097 56.5539450741524 0.4321908426563947 0.8587361611819764 0.2752876332173286 12.641920778566812 -0.84147761118456 0.4937971934529683 -0.21927097758959935 10.322094507533166
-0.3228476599758571 -0.136083069101 0.9366166701229304 57.443588409926676 0.4422945634983101 0.8532095758900917 0.2764216683063928 12.900030032301089 -0.8367466208763279 0.5035025500566035 -0.2152679133975725 10.09201045980107
-0.32227676295325575 -0.13372708381298348 0.9371524716476218 58.33102267504468 0.4505874877437239 0.8489653783972184 0.27609545844085787 13.155081352050006 -0.8325314432195163 0.5112483284449381 -0.2133460632706548 9.87093118298291
-0.3211446398340335 -0.13163995533741532 0.9378363623066832 59.24560326244081 0.4569533952642194 0.8458468572431547 0.2752029953477624 13.41796314128088 -0.8294936496817629 0.5169274767804878 -0.21148585978023993 9.641132245165542
-0.3211470514485234 -0.12884129913214215 0.9382241155416234 60.18957273421348 0.4625258153163915 0.8431697174887984 0.2741070916188918 13.684167020826937 -0.8263984762279194 0.521981558244927 -0.211189041714695 9.41388995108946
-0.32266497321915316 -0.12543224057921012 0.9381652669336903 61.0913882604168 0.4678965404460037 0.8404659289053429 0.2732944379015798 13.937513760814667 -0.822775876223984 0.527146825251332 -0.21249960501444992 9.197600198153403
-0.3246729459748322 -0.12073367257563009 0.938088939524619 61.981351119480415 0.47393349969129794 0.8375554166510427 0.27182340206254646 14.190870149452122 -0.8185197102222905 0.5328454788631491 -0.21471185256692038 8.980739301074024
-0.32939735198940445 -0.11784392991061152 0.9368085144177499 62.86179509099853 0.4792783269944093 0.8339829543881226 0.27343137541895035 14.444768246685358 -0.8135045603902961 0.5390595885180801 -0.21823173520574346 8.757569219057624
-0.33433084868899215 -0.1173993630056954 0.9351151122619907 63.76491581076298 0.48405150526659857 0.8299526950692038 0.2772592003820717 14.702889778176731 -0.8086513611341037 0.5453401814585301 -0.22065145053395646 8.530406822489828
-0.3417168964886632 -0.11743977858452245 0.932436304023055 64.64970501454602 0.49014519905250187 0.8242679357768989 0.28344321105977077 14.966826988772224 -0.8018648555086698 0.5538865122532853 -0.22410373723780608 8.295252741393542
-0.3504913771883951 -0.11652536891258677 0.9292887779998034 65.53026273774097 0.49294047149527176 0.8207234121988036 0.28883000576597306 15.234246240938294 -0.7963450797729597 0.5593164748767361 -0.2302164087393866 8.060188067615332
-0.35905497369962797 -0.11291792855416083 0.9264605049717971 66.4453388285257 0.49664438250137544 0.8173282060563449 0.2920940959939874 15.516668416711786 -0.7902049627731955 0.5649992433585683 -0.23738570262940945 7.805926935708522
-0.36703280218162887 -0.10968239139383362 0.9237189481334848 67.30224409230371 0.49928228232529404 0.8146312705597996 0.2951153936719877 15.783894821506877 -0.7848593024732183 0.5695135345575703 -0.24423392327233445 7.562333177336277
-0.37025468053218336 -0.10574517802597355 0.9228918836289907 68.14432061620052 0.5039884964397674 0.8116975212431858 0.29519947402400765 16.056982387901133 -0.7803249752509488 0.5744258797546671 -0.2472404531375949 7.316682206218356
-0.373187150455271 -0.10307028865998025 0.9220129426047249 69.00206830840982 0.5087118663359567 0.8083551350470302 0.2962671306305947 16.331348594211583 -0.7758502354089113 0.579602011071948 -0.24923467049608256 7.071608303088089
-0.3782017009843627 -0.10166641299171908 0.920123586178472 69.86836478281045 0.5146983633300766 0.8030636307666151 0.30029052553366137 16.609712750752436 -0.7694472484568877 0.587156491413779 -0.25139249478213455 6.822539152735274
-0.381350023238912 -0.10349247441808379 0.9186193267695296 70.73000580014369 0.5210784221522018 0.796739064250004 0.30607865241698895 16.89172994166653 -0.7635767399175103 0.5953958105637379 -0.2499087653926857 6.565721679815177
-0.3834445752942582 -0.10751854323643131 0.9172840457228731 71.6247237640818 0.5282001754262559 0.7892050177117161 0.3133049867115473 17.188604303030402 -0.7576112673113297 0.6046446914337096 -0.24582506943750798 6.302668104918101
-0.3854804688541104 -0.10826607157446333 0.9163423300698536 72.54364482772526 0.5324527725158424 0.7849678203122702 0.3167326413781755 17.49316082772483 -0.7535906403162181 0.6100032613191806 -0.24494319343014131 6.038250502373327
-0.38480344294805263 -0.10281040405661734 0.9172547798256709 73.40544852031 0.5357829796273332 0.7843260047556329 0.31268085487558045 17.777213224742347 -0.7515736218342031 0.6117701685124752 -0.2467272824015136 5.789176241474283
-0.3855233042313941 -0.09641462911184098 0.9176469915973866 74.23959231733208 0.5390564305207799 0.783619491801721 0.3088019701728091 18.05435409210623 -0.7488590966321393 0.613713867662805 -0.2501306499205113 5.547620459019562
-0.3864971100077697 -0.09085495851704592 0.9178046417775996 75.110601608728 0.5469984340001113 0.778641223654098 0.3074256951327833 18.36115327091296 -0.7425716781274843 0.6208568444813305 -0.2512450626452532 5.285799882029706
-0.38670029017634255 -0.0894394184665184 0.9178580914291183 75.99758410022287 0.5524326890183491 0.7744826023687983 0.3082123013963106 18.654940107267937 -0.7384314522563953 0.6262405999713091 -0.250083388624847 5.026046874141352
-0.38522255614044715 -0.08907661276365741 0.91851452862716 76.83361487317156 0.558646181467701 0.7697204874433257 0.3089414429006994 18.927926428813418 -0.7345189079745852 0.6321358463720934 -0.24675138410809455 4.787353966473536
-0.38392192117418034 -0.08979180911801748 0.918989330437106 77.66960744786446 0.563792323808308 0.7654024047812076 0.3103181824675646 19.2031102634217 -0.7312606744908103 0.6372570829504042 -0.2432308289933397 4.55457387968572
-0.38199057993242697 -0.09218333974681397 0.9195571916504223 78.54029243401472 0.5699252690083296 0.7597815463508507 0.31291722479034817 19.489433196717346 -0.7275083398756822 0.6436103119884218 -0.23769177880922848 4.314348578170372
-0.3798115516631725 -0.09102242481895487 0.9205748765870655 79.40887467805429 0.5750595584356156 0.7562675907335472 0.3120349907589064 19.78023350395612 -0.7246031254935684 0.6478998760504232 -0.23489585168495053 4.077987918966586
-0.37725117779892503 -0.09114782173421898 0.9216146827402606 80.2247688671551 0.5791267788929502 0.7533522175796487 0.3115647769516028 20.04623456487307 -0.7226989157445859 0.6512699216614667 -0.23141686697530728 3.8633071719597805
-0.3752870347046986 -0.08866997617862574 0.9226577246774865 81.02848571124488 0.5879125853363012 0.74679321294057 0.3108998055790435 20.313155262607506 -0.7166020050109692 0.6591187544216768 -0.2281316154851769 3.6449993813206754
-0.37381557389500103 -0.0840625970432427 0.923685767180537 81.83990002131486 0.5975829421638148 0.7398031942206005 0.30916963152262494 20.586073875567486 -0.7093352831689612 0.6675512816251215 -0.22631558154989645 3.4290507115622786
-0.36960017757120506 -0.07994483715776629 0.9257453925087351 82.6750921239435 0.6035074050755755 0.736890448417999 0.30458378001670655 20.858801257343483 -0.7065228381009909 0.6712684187731004 -0.22410753936354438 3.2141868431479823
-0.3646904573863132 -0.07754020699821912 0.9278945988581007 83.48044881519793 0.6132858203502138 0.7298349211637419 0.3020289562397625 21.116893981302685 -0.700629269192151 0.6792116784542126 -0.21860952175668058 3.0086760221633932
-0.35655661529491306 -0.07485870652167309 0.9312698610753692 84.31623674280321 0.6256853737920136 0.7211090719807054 0.29752230055892304 21.38134041788509 -0.6938192798648534 0.6887654755902244 -0.21027821219229653 2.793329114771443
-0.3479230043842861 -0.07274124653846631 0.9346968995734621 85.18060833543679 0.6334873345616352 0.7167110182595642 0.29158037186226016 21.64533059540497 -0.6911174863727638 0.6935661665316217 -0.20327959236584464 2.589449332369763
-0.3355066766712604 -0.07167730346168827 0.939306996714848 86.0742624881347 0.6416947492536762 0.7126072198439987 0.2835820851296299 21.91741248612473 -0.6896833466811185 0.6978920506745065 -0.1930895308297786 2.39338043372918
-0.31964386563390523 -0.07347077398887641 0.9446850504438448 86.95174808224418 0.6523600529488391 0.7060087946436353 0.2756409679318899 22.171729504742594 -0.6872075090387196 0.7043817340443439 -0.1777419822818499 2.2046280728360723
-0.30507179933102613 -0.07271657540761195 0.9495491018972739 87.73367319518837 0.662078361617489 0.7005039855654399 0.266357671721382 22.391908046520506 -0.6845315480902481 0.7099341278371699 -0.16555994020669762 2.0452278083988573
-0.29199534220109996 -0.07235681289413182 0.9536787780802645 88.55976004034699 0.6718277559938961 0.69418562589353 0.2583675348781548 22.61484390549988 -0.6807247508421219 0.7161499901770663 -0.15408765414633124 1.8912593368477943
-0.27863690941288605 -0.0712541353668611 0.9577496128456311 89.39023012877189 0.6825434011476732 0.6868753566409966 0.24967328649471113 22.82739041596528 -0.6756448610495025 0.7232738711113686 -0.14275478662718705 1.7489828970723633
-0.2659854371095912 -0.06577457822304439 0.9617304466976184 90.19786526787323 0.6921756889520769 0.6813464147096984 0.23803335645652215 23.026798007112824 -0.6709281353985221 0.7289998408928638 -0.13570065994254382 1.6216344823691746
-0.25551435590631405 -0.05857311651607788 0.9650293280244782 91.026407471638 0.7005777846784975 0.6766530195474805 0.2265644693067435 23.229811993723008 -0.6662605958187462 0.7339685832233362 -0.13185953625118763 1.4910756597593466
-0.24209691702939695 -0.05398280469673056 0.9687491623541856 91.90490075649748 0.7093949824560473 0.6713169534043976 0.21469118970750178 23.423385727316713 -0.6619273688487627 0.7392018701741174 -0.12422863397800654 1.3645762837664688
-0.2305192871541083 -0.05379057584346425 0.9715798640360918 92.77367725261674 0.7157247667179035 0.6670786093395159 0.20674667414074732 23.603750099193796 -0.6592411672192238 0.7430428674794519 -0.11527523815351393 1.2481747815061246
-0.21716930043262112 -0.056543980214058764 0.974494881080018 93.64928118022848 0.7236788391730351 0.6606405624863841 0.19960707635462888 23.778051080669727 -0.6550774249527873 0.7485698534533878 -0.10255116682904819 1.132813774331493
-0.2061630908088079 -0.0556967883465152 0.9769312400348569 94.49147697973208 0.7292427173416998 0.6569560286780318 0.19134742116810233 23.93761458221141 -0.6524583045622558 0.751868767905326 -0.09482360811672463 1.0373931068484468
-0.20090213729689327 -0.049571376809083745 0.9783562795989977 95.34013707452202 0.7343346528685317 0.6534015020045569 0.1838996867170859 24.09535685109457 -0.6483756232509004 0.7553867590707697 -0.09486777848440203 0.9447105627488035
-0.19772467872604588 -0.04371679119119026 0.9792822849365896 96.19394618083342 0.738503805621658 0.6502909906135295 0.17813971092713515 24.25246527163083 -0.644606143707156 0.7584263113149625 -0.09629356053324084 0.8459989925573553
-0.19565916088185548 -0.04019544658207991 0.9798478549433454 97.01211840655053 0.7424847779435604 0.6466569146157601 0.17478898506979007 24.395718409515094 -0.6406511119830434 0.76172118314623 -0.09667984206233143 0.7511737812182271
-0.1941598817343152 -0.03985694870444495 0.9801598665344791 97.90403974602974 0.747533895362889 0.6409890346567411 0.1741439999925477 24.545084619650424 -0.6352125751341058 0.7665145015521823 -0.0946599350396331 0.6543878673653345
-0.19130717022839555 -0.038959867635954715 0.9807566952781882 98.77382138652396 0.7516740013531195 0.6367347165216874 0.17191595756600725 24.692412455304623 -0.6311796592959841 0.7700980648526754 -0.09252679720583762 0.556146936737861
-0.18745278316372666 -0.041494417148264795 0.9813967940795909 99.61562525961298 0.7572349292959868 0.6302829107341239 0.1712854760060608 24.83263100480861 -0.6256650189504567 0.7752558711690267 -0.08672726376220175 0.4678952020615509
-0.18257419569432554 -0.04342535354778709 0.9822326108085704 100.44008139762455 0.7647610832667884 0.6215830299278589 0.1696320206397114 24.971161602312453 -0.6179054527896473 0.7821437051942263 -0.08027500132587173 0.3881732229533338
-0.1807814542330176 -0.04451762823395777 0.9825152653174499 101.24732892324411 0.7702352130560356 0.6148013934057025 0.16957878179457064 25.10830737617631 -0.6116009993238397 0.7874245534924792 -0.07685564509683657 0.313564232055198
-0.17822446895905425 -0.04384561714125673 0.9830125129019291 102.08394507470962 0.7752496144737566 0.608981493516227 0.16771874019630956 25.24485841255107 -0.6059901599222175 0.7919716550560683 -0.07454410550269808 0.24604449423668723
-0.1757659760048908 -0.041597782553587925 0.9835527165158321 102.92567699796689 0.7791691360349648 0.6047563404879779 0.16481876740867724 25.381401097463712 -0.6016658367645406 0.7953234518899928 -0.07388388013776603 0.1732199311041826
-0.17233523763610364 -0.03945322940235507 0.9842479405915122 103.75932584481863 0.785085265112013 0.5979803578435323 0.16143301439705926 25.51268564973885 -0.5949299894717931 0.80053915227367 -0.0720789380058145 0.09851479859123284
-0.16821831802967324 -0.035868981685909185 0.9850969564627045 104.5758704135296 0.7900235235687243 0.5927676848456933 0.15649058761067441 25.63883793352594 -0.5895468002519605 0.8045743520368349 -0.0713770436287619 0.030623482173559716
-0.1644308654755554 -0.03556700444541322 0.9857471677229106 105.4135822970549 0.7960830565603092 0.5852888927516169 0.1539112701499864 25.766914301962316 -0.5824210311592084 0.8100443816337266 -0.06792526957677919 -0.03849148294634204
-0.1591722781223936 -0.037894402072885025 0.9865232892176778 106.25737602376866 0.8036465280667444 0.5754288739394908 0.15176913046794743 25.896269429932698 -0.5734251858818156 0.8169734544820095 -0.06113862010331311 -0.11000676376666225
-0.15297778159175607 -0.0397553575820116 0.9874296480675429 107.10749548716443 0.8089582798788322 0.5688707117363208 0.1482316253169112 26.01831037655909 -0.5676128079551643 0.8214655348048014 -0.054864153808433735 -0.16984495427772567
-0.1499800981383791 -0.03715284341046843 0.9879907066308465 107.91680618247752 0.8131425703915459 0.563807275865031 0.1446392612629182 26.1339421768115 -0.5624101087102117 0.8250703133116415 -0.05434931197722659 -0.2279592142852102
-0.14580160046674145 -0.035156287981427115 0.9886889949406252 108.72819017038117 0.8186290794447949 0.556865666987302 0.14052423000377895 26.248440074425925 -0.5555072669089975 0.8298582194243509 -0.0524119458247963 -0.27937735039851086
-0.141966692233789 -0.03403114835179227 0.9892862776962265 109.5596464928161 0.8231405679507673 0.5510433101015197 0.13707981538523029 26.358888713220498 -0.5498045686331509 0.8337824364510318 -0.05021737723035968 -0.33519336025903845
-0.13639835284974883 -0.035617651026734753 0.9900135717631419 110.40246985571555 0.8271023252262976 0.5459433910934546 0.1335947503707819 26.464957319161872 -0.545249697794623 0.8370646311108345 -0.045006337311042255 -0.38748656223032696
-0.13054724893504072 -0.03700219651678044 0.9907513579341825 111.2629946792572 0.8329666194146108 0.5378725910215941 0.12984485653545325 26.575091557230827 -0.5377025448484394 0.8422136981079391 -0.03939619249193366 -0.44235905580562646
-0.12224602229076498 -0.037420257721806904 0.9917941491792134 112.08396007666538 0.8393730028592605 0.5293558594068816 0.1234315040118602 26.67895551444302 -0.5296308828845934 0.8475742436056181 -0.03330209409708018 -0.48689226096664523
-0.1169917110984095 -0.037399909120849006 0.9924284288209497 112.90641148052022 0.8439231191918227 0.5230544090087177 0.11919670343632 26.77684687429037 -0.5235520111964151 0.8514783215175203 -0.029630382344739636 -0.5252463824836253
-0.11162729557593237 -0.03780871337675085 0.9930306380344962 113.74583318079345 0.8468732911786022 0.5192189818260344 0.11496641944437119 26.871052841551958 -0.519947089203052 0.8538045151580842 -0.02593982122033195 -0.558651950101891
-0.10573199307158765 -0.038764211372942226 0.9936388083995832 114.55921399888652 0.8522793733901717 0.5112530704457976 0.11063529117510607 26.967740877671073 -0.5122895815208094 0.8585555508389531 -0.021017868323307654 -0.594788640532422
-0.10247251315502526 -0.039499445246204856 0.993951295523546 115.39071880765277 0.8578390144802223 0.5023553848802875 0.10840337871754507 27.05949567389782 -0.5035986589371485 0.8637585664449416 -0.017593453603123144 -0.6312955437907645
-0.09858339023331192 -0.0400311332020859 0.9943232993069526 116.25053375440072 0.8625737836248448 0.49482157719132847 0.10544228065157607 27.153866985005422 -0.49623359718304655 0.8680720679301017 -0.014251382611202235 -0.6645495143981741
-0.09587081832293509 -0.0388661120312247 0.9946347126104473 117.09510436046374 0.866092231238933 0.48924208702451977 0.10259837850306941 27.23532452843555 -0.490604762697691 0.8712815880181727 -0.013242401552355676 -0.6917772177396521
-0.09334084336077264 -0.03971203039706578 0.994841917895724 117.94429978264249 0.8715428904517797 0.47981974065885746 0.10092574783980451 27.32494079757302 -0.48135275740734756 0.8764678950856153 -0.010176041496277266 -0.7223848067153745
-0.08992680254690055 -0.041098139331410044 0.9951000518174979 118.76064054635728 0.8773441225500253 0.4696056950139323 0.0986801998245252 27.41030435139155 -0.47136022404379574 0.881919176656216 -0.006172927620263224 -0.7445155483366719
-0.08818858966803178 -0.04098810346070253 0.9952601408812967 119.61265388273335 0.8812395471749763 0.4625812958886713 0.0971360138609802 27.492600527232177 -0.4643701467011058 0.8856288839399111 -0.004674054357961865 -0.7680397681085488
-0.08521680059796177 -0.03970472675436304 0.9955710077986446 120.50774419270566 0.8857067077909131 0.45464057129281177 0.0939445512455504 27.57834653690812 -0.45635701448540195 0.889789573780176 -0.0035762720902582368 -0.7887075518716711
-0.08297445198084258 -0.03794659296917857 0.99582894936857 121.36037147228564 0.8886325182987955 0.4494667006437699 0.09116980001263747 27.653146519237968 -0.451051535570404 0.8924907512654878 -0.0035736766984937884 -0.8053921223894456
-0.08043317333371669 -0.0384154506530478 0.9960194565261222 122.24794796812769 0.8933421357375815 0.44044956047415007 0.08912919383650275 27.732908816462682 -0.44212026999820436 0.8969550924261769 -0.001108615110661293 -0.8207089141893416
-0.07936710253411339 -0.039540519301629495 0.9960609471155351 123.13215280772398 0.8974266243304808 0.4321623180174958 0.08866332290492318 27.816004444019136 -0.43396580162282067 0.9009285644373266 0.0011852437556608697 -0.8378910429631468
