1.0 0.0 0.0 0.0 0.0 1.0 0.0 0.0 0.0 0.0 1.0 0.0
0.9999434491286828 -0.0028366690554308266 0.010249480635797219 0.004742800258100033 0.0028420009535658096 0.9999958336484225 -0.0005056840682508509 -0.01293682586401701 -0.01024800347450917 0.00053478450511667 0.9999473448288764 0.3856255114078522
0.9997856346008384 -0.004224540325850951 0.0202691416896348 0.01005894053522301 0.004192319951592636 0.9999898806990953 0.0016318556409482524 -0.03109158006299947 -0.020275830420052116 -0.0015465311004552922 0.9997932280938558 0.7718740724815839
0.9996441314675968 -0.006536261846601348 0.02586286340425323 0.015573498280439985 0.0065097786153810264 0.9999781972660055 0.001108050093145275 -0.038477205197068876 -0.025869542028670037 -0.0009392942578632699 0.9996648861101025 1.1466064412069625
0.9995168010104988 -0.008051341268734682 0.030022331713470178 0.0212416157695523 0.00801832991070039 0.9999671087060344 0.0012197915958576924 -0.04463751864440575 -0.03003116519854724 -0.000978473233424085 0.9995484839200895 1.5731674886454585
0.9996599645134239 -0.009459238116447558 0.0242997564448004 0.020511049154122725 0.009460923995623222 0.9999552434178092 4.558924501738969e-05 -0.05195254010376064 -0.02429910011027803 0.00018432440578013457 0.9997047162829354 1.9181252455088311
0.9998313201988588 -0.010267473411992318 0.015228596098825438 0.0065925763132681486 0.010279218664292225 0.9999469271686818 -0.000693187970557498 -0.05435333642869805 -0.015220670585056262 0.0008496091129984851 0.9998837979241869 2.259260666835861
0.9999326734218119 -0.01147892005958776 0.0016979451621531004 -0.013404770254815157 0.011482838446643237 0.9999313873213398 -0.0023162622539619785 -0.06439996647002094 -0.0016712404723370365 0.002335603537938496 0.9999958759471947 2.631018687409915
0.9998079923162878 -0.009952534078238732 -0.016879738324267153 -0.038617855766635074 0.009932553378061442 0.999949868121019 -0.0012671338322850056 -0.07558483691095616 0.016891503303915756 0.001099231630939422 0.9998567241389917 3.048206345738246
0.9994132186007607 -0.010976336999129026 -0.03244593213562911 -0.07262549175243178 0.010882019407982776 0.9999360391780967 -0.0030820782638342832 -0.08377503056991191 0.03247768679682383 0.002727192494428057 0.9994687400221309 3.4821350533783413
0.9987979009833091 -0.010995338703372036 -0.04776877136932188 -0.11220860989734915 0.010833391461067923 0.999934663402178 -0.0036478152673614893 -0.09388157546841315 0.047805759284710425 0.0031259324323574056 0.9988517597349674 3.9057640434321477
0.9975906519332052 -0.012236152607358919 -0.06828739081889236 -0.1693592203711768 0.012016227308664492 0.9999212120301826 -0.0036304288117540266 -0.09983648037289009 0.06832643307497639 0.0028011250347193713 0.997659086182144 4.392784244384625
0.9960737314980951 -0.013038766063317154 -0.0875620465670317 -0.21986371733433768 0.012596831917802465 0.9999049877791633 -0.00559778884795104 -0.10949893213841436 0.08762671536178662 0.004472806042933325 0.9961433394652633 4.818465243775837
0.9947268795631297 -0.014810602197981908 -0.10148438863752642 -0.2807190399346138 0.014232507279862378 0.9998781142790807 -0.006418124511003629 -0.13068302219429143 0.10156707542864483 0.004939903667402299 0.994816428563898 5.311930089232023
0.9937035923685438 -0.016035691889193012 -0.11088745239875364 -0.34829195897156484 0.015540097248459396 0.999865027258568 -0.005332226807962906 -0.14961572740069906 0.11095799156148875 0.0035754511404860485 0.9938186656819153 5.809849828756411
0.9920941333309004 -0.017557344094674274 -0.12426170077200437 -0.4221002034686837 0.01702977295857622 0.9998409005130552 -0.005306646231133724 -0.1636704848783545 0.12433510141303335 0.0031485440419765304 0.9922352892469742 6.3391703411475655
0.990807872744156 -0.0182222271269926 -0.13404368596369065 -0.4956873591630608 0.01760295800532288 0.9998282117968154 -0.005803685436466477 -0.18241012389162906 0.13412641491392763 0.003390771846484054 0.990958428738876 6.819174045753335
0.989559950152271 -0.020782448337149564 -0.14261554927758943 -0.5667214288323166 0.020014399177489737 0.9997764442840553 -0.006818011461958204 -0.1964751803929162 0.14272536172733605 0.00389246655027434 0.9897546765860499 7.2862058568618595
0.9883276432541227 -0.020281392602124186 -0.15098720043060065 -0.6560158853039875 0.01906895783618398 0.9997732856682012 -0.009473759087691455 -0.21565528607188325 0.15114511049582025 0.006484009433080839 0.9884903202332729 7.8110701005545184
0.9876600721323713 -0.020548363124672755 -0.15525896653132729 -0.7515894065579665 0.019191002292153734 0.9997634313116683 -0.0102365444824679 -0.24036461964325526 0.15543258135443086 0.00713065107936035 0.987820766368415 8.412412208389433
0.9867351826793949 -0.020869034762052822 -0.1609911881152558 -0.8525310214408255 0.01952694304399023 0.9997601742371152 -0.009914257648970382 -0.2580389040138978 0.16115947926826463 0.00663908107147646 0.986906046614625 9.000881934856855
0.9851472361924296 -0.025382693863357023 -0.1698253275417313 -0.9473862967043438 0.02339008815630468 0.9996322105792165 -0.013723969853846054 -0.2785576748161958 0.17011121890827047 0.009547901588730251 0.9853786129081524 9.565650117203651
0.9846604042440409 -0.02655078137838715 -0.17244983131960148 -1.0463516746268098 0.02465103714276659 0.9996096408750613 -0.013148849281087636 -0.3025434559567257 0.17273162617699125 0.00869608405133639 0.9849305373682066 10.165322907365491
0.983806936709344 -0.027726404104314782 -0.17707387666739813 -1.164546126790794 0.02525823243216873 0.99955004549871 -0.016178017119824924 -0.32514246761125043 0.17744275971980153 0.011443472330155963 0.9840645883091463 10.788628012691436
0.9818472653527962 -0.025448118159328997 -0.18795834858123422 -1.2724330504866554 0.022152190850400388 0.9995621593058817 -0.01961555822021815 -0.34210148650315386 0.18837523181077537 0.015095792987192169 0.9819811042348648 11.309052570594423
0.980658825874496 -0.02336128827840006 -0.19432580231258156 -1.402917599011241 0.019626510476647707 0.9995842316611766 -0.021122592190482275 -0.3660921260785737 0.19473845876191248 0.01690011906197329 0.9807095995526536 11.915725509243556
0.9791559205262125 -0.02515572066031921 -0.20154620566144535 -1.5369169810999357 0.020900769305117313 0.999512056388776 -0.023212216092709403 -0.39213944004294876 0.20203178250196155 0.01851590806685864 0.9792039215646248 12.529595829679652
0.9765037195321163 -0.02695487710734576 -0.21380813908752333 -1.667193130700561 0.022226969232883156 0.999453036690203 -0.024486512398709498 -0.41617830722969645 0.21435122481260122 0.019158863506470725 0.9765687330497932 13.106207081043483
0.9745228639943511 -0.02606487554168481 -0.22276851172291892 -1.8073211160233977 0.020463077021775057 0.9994145848862845 -0.027418059657396295 -0.4393614165064006 0.22335274798186092 0.022160996809081523 0.9744857311368799 13.675765102000446
0.9730466723768137 -0.02615834196247344 -0.22911986933084638 -1.9569169280556267 0.02036236352918776 0.9994109472679037 -0.02762485534037472 -0.47373128709079104 0.22970752605849687 0.022214851492767782 0.9730061422443537 14.30397448535907
0.9722948335150954 -0.028167974635749316 -0.2320545666966558 -2.1037853192695977 0.02148213354142157 0.9992795044573994 -0.03128881445313645 -0.5044133844926351 0.23276871494760937 0.025436925448922735 0.9721994076141707 14.927299611037741
0.9715613666526326 -0.028081756467979058 -0.23511683432230446 -2.2696552923919224 0.02072205163117518 0.9992166337752767 -0.033715209668626296 -0.5405134788018956 0.23587943404261374 0.02788429200244536 0.9713821899001744 15.594257217072675
0.9708773189707771 -0.02979677377143255 -0.2377170245921191 -2.4356703708363714 0.0214993510769097 0.9990682625197117 -0.03742171467365477 -0.5758850366710814 0.23861058109687397 0.031221132244982984 0.9706133274842015 16.25370751713396
0.9691767368159674 -0.027373784370521875 -0.24484102749332987 -2.6237627183845618 0.017809652616440526 0.9989925080160009 -0.04119205265075041 -0.6120202836374579 0.24572193448781704 0.035561845524897225 0.9686878166129832 16.95917871342186
0.9684904550668516 -0.025491261343797176 -0.24774267706534767 -2.815489588660735 0.014333600702326161 0.998804370828118 -0.046737315985771334 -0.6449568795533839 0.24863786182982908 0.04171359981768288 0.9676978811875849 17.656818888312895
0.9681646944305062 -0.02628372183132385 -0.24893029230083355 -3.0044219185469334 0.014304161472234667 0.9986561945575246 -0.04981160543949673 -0.6842973434672193 0.24990501280058605 0.04466509866302159 0.9672396360460844 18.355002864640262
0.968179033639984 -0.027949999599307218 -0.24869289564108094 -3.1937483198525527 0.015212754089433731 0.9984790352125051 -0.052992342410196853 -0.7240765988744637 0.24979577845304202 0.04752277099984655 0.9671316638925308 19.07125401456802
0.9686016229262793 -0.027334844987831675 -0.24711070861876752 -3.3894801203232716 0.013660970001123034 0.9982874774359229 -0.05688137035313394 -0.7676963766732201 0.2482423693957311 0.05171961566091904 0.9673162912887804 19.763885620979508
0.9688806686513507 -0.027514619313209414 -0.2459943000107138 -3.5910278949719046 0.01345784408891993 0.9981883292680587 -0.058642525060916106 -0.8104450377574623 0.2471621660897764 0.053507055956116795 0.9674956633580943 20.49100590441037
0.9690775105710314 -0.02703453885487016 -0.24527109942746447 -3.8018977789227164 0.012717778305005038 0.9981312414574179 -0.05976857821346028 -0.8576805899455505 0.24642856291517304 0.05480108151832673 0.9676103579664619 21.274089872501282
0.9697290611357275 -0.025652214736007796 -0.24283227105958957 -4.009149251331159 0.011318751743780373 0.998119834480523 -0.0602385414459548 -0.9104289940366543 0.24392095819708257 0.05566650604906948 0.9681961610420204 22.036253114082616
0.9693166914312644 -0.024552091396816328 -0.24458607180456843 -4.2266395186693195 0.009936732391316205 0.9980998181247644 -0.06081130165269967 -0.9696357290969765 0.24561435842012674 0.05651502337745817 0.9677187809847007 22.848073041118127
0.968384704545435 -0.024691386887324744 -0.24823657952854414 -4.436889977986139 0.009836499377533415 0.9980951007845237 -0.060904951111774096 -1.024530236856676 0.24926754157420208 0.05653764412771597 0.9667829060932146 23.643126414680097
0.9683641881524615 -0.02378504292090275 -0.24840505396846363 -4.655253028455792 0.008989349498309958 0.9981260095834045 -0.060528180120561645 -1.073999929615746 0.24937921063998447 0.05638032215552456 0.9667632950077376 24.423363309585906
0.9672424337788216 -0.02520405777757029 -0.2526001381020353 -4.883192498834257 0.009598854490545778 0.9979786245594293 -0.06282138899243879 -1.1342192528281279 0.2536728923044237 0.05833884121247935 0.9655292037612813 25.254053115005643
0.9651970387169182 -0.024980195004029957 -0.2603279975524195 -5.079102344297402 0.01056375180386412 0.9983392952906154 -0.05663089816048964 -1.1865260279797964 0.2613103205002019 0.05190993485064326 0.9638580160292717 25.968447080281358
0.963984845491897 -0.023326853533856114 -0.26493220937850026 -5.274776905207915 0.009082774814596323 0.9984525543646968 -0.05486346584275689 -1.2350325379470712 0.26580203321952 0.05048123004466157 0.9627050039080233 26.637425560927948
0.9619562620090096 -0.02294015504225943 -0.2722386806981899 -5.493443637892959 0.00878496772394527 0.998550503069922 -0.05310100903839008 -1.287528487500245 0.27306221694651045 0.048689240140333316 0.9607634378819867 27.360898696665295
0.9611805032156189 -0.02239596459840653 -0.27500992892598736 -5.711324400851251 0.008542427973448943 0.9986380269304366 -0.05146958415222591 -1.3413417017202984 0.27578808379349556 0.04712230828590158 0.9600627171697276 28.11027865297035
0.959775205804391 -0.022982579317967808 -0.2798273670873387 -5.94836530982849 0.008516665014905216 0.9985686540318175 -0.05280255298854736 -1.3960547665293321 0.2806403761759215 0.04829538521409453 0.958597170362431 28.886366361632362
0.9582170361413707 -0.024218841103969282 -0.28501501606762425 -6.21893488476889 0.009772275745081348 0.9985992384379043 -0.052000611707938175 -1.4552068427742482 0.28587517254076034 0.04704262669981716 0.9571114757424928 29.74717337757909
0.9571526796402514 -0.02574751058941479 -0.28843684500412625 -6.466920145259798 0.011183062468541276 0.9985829487800398 -0.052029160281377454 -1.503064036874784 0.28936773657633474 0.046574242926842466 0.9560842812872099 30.55798906948907
0.9564088242258991 -0.024852406788420107 -0.290971680442713 -6.702136816650625 0.01040478534476809 0.9986395654324823 -0.05109558488511986 -1.5547067139005946 0.2918456807711272 0.045840770386699224 0.9553662765586776 31.310673578636468
0.955749091128902 -0.023494914956014613 -0.2932433524864416 -6.984081436535862 0.009402048371464973 0.9987360014069105 -0.04937611750792302 -1.6118186625935875 0.29403278098317276 0.04443409124698322 0.9547619259492685 32.17199538384767
0.9540010956660192 -0.023406836797252868 -0.2988879881480379 -7.270674878107889 0.010011224911439846 0.9988787522974752 -0.04627108799684562 -1.674919172016668 0.29963592048318816 0.041150433773971734 0.9531657552369402 33.07499272412172
0.9535379612585172 -0.02504556022843497 -0.30023003905637824 -7.540418914372094 0.011442338806896674 0.9988301746880611 -0.046982496903055726 -1.7344493475929044 0.3010555253131534 0.04136426048488345 0.9527090682012846 33.899529858681504
0.9529919744800823 -0.025427929257219265 -0.3019266748570654 -7.829911262148161 0.01206797188263584 0.99886704462364 -0.046032501772935386 -1.7940504798975916 0.3027551166061346 0.04022496213205479 0.9522191406342768 34.80632367656419
0.9522010421284984 -0.026351652046497195 -0.3043333136608973 -8.11388295507328 0.012885388233973612 0.9988503655087246 -0.0461726552533771 -1.8513186460706053 0.30520016733196836 0.04004419755105323 0.9514459102350648 35.67844487950241
0.9511369779947394 -0.027976671571857292 -0.3074991950213774 -8.398514344330243 0.014645777618650968 0.9988535263217737 -0.045575587242544874 -1.908782634430857 0.30842170852418876 0.038845061492012445 0.9504562645954322 36.55442053976605
0.9500223205852398 -0.02684059071741699 -0.31102600064910335 -8.699083440025422 0.01367447709066865 0.9989186753039758 -0.044435220324051984 -1.968424287846592 0.31188234811565196 0.03796133320749382 0.9493620690310821 37.44412460947619
0.9487583125501785 -0.028003530996701526 -0.31475937892087485 -8.980906946767071 0.013398670879121208 0.9987348264361641 -0.048468774300559556 -2.0169769972739635 0.3157184504991925 0.04176779519249693 0.9479331787099483 38.271598560921426
0.9490215459576973 -0.027229626402576413 -0.3140328848290231 -9.29038389454292 0.012839780020786274 0.9987743604309518 -0.047800805377744136 -2.0689824442223084 0.3149495917715725 0.041331881057112184 0.9482080100121495 39.1714322088406
0.9482380114189058 -0.02846147679474957 -0.3162824972061861 -9.588836089695324 0.013308544127175746 0.9986621886843645 -0.049967144658964305 -2.1170740919553257 0.3172815096306972 0.04317148631697525 0.9473482286971614 40.046668842396265
0.9479003080982991 -0.029361953047174465 -0.3172110994596584 -9.899588138874414 0.01355460536080336 0.9985589885232927 -0.051925129878039884 -2.177310894173772 0.3182786178502456 0.04492017534019598 0.946932362561732 40.962838834134615
0.9473400472431176 -0.030985562639401183 -0.3187267321661734 -10.222528268667405 0.014858524626966022 0.9984889298843286 -0.052906343139159324 -2.245753942531238 0.31988444653549153 0.04538448860974829 0.9463689497539076 41.912952362575815
0.9470428163455188 -0.030469381742507642 -0.3196584439438099 -10.547354726320066 0.01478647724366997 0.998569973477808 -0.051374781354794063 -2.31058214607176 0.3207666817159646 0.04392749531625731 0.9461390548202573 42.84361434042956
0.9469140668199594 -0.03244600149332829 -0.3198452861081132 -10.859402468808714 0.01618034555599252 0.9984430493751338 -0.05338233389589607 -2.3626143342502366 0.3210793460753502 0.045373275632019344 0.9459647558880017 43.73966969382444
0.9467591913108288 -0.032805931973734034 -0.3202667708267602 -11.190213680832054 0.016238604032353145 0.9983945303086441 -0.05426480985742638 -2.4307684214344705 0.32153279989379974 0.046175022221076736 0.9457719206634003 44.683419790813105
0.9466048005346536 -0.034058206576130956 -0.3205922490790544 -11.509338759700618 0.017863674578917025 0.99841759920551 -0.053321540930888076 -2.495729576248326 0.32190097970538617 0.04474747100701233 0.9457152970652369 45.62146332430636
0.9467014355167814 -0.0332258991345316 -0.32039418162190064 -11.823079596965185 0.017789169284502457 0.9985408000874324 -0.05098839100145919 -2.5593912749387138 0.32162079759653733 0.04257123662113073 0.9459110700091816 46.531460792342045
0.9467861797109056 -0.03401910237052364 -0.3200603545932124 -12.127544140663472 0.01894520843597408 0.998564787546952 -0.05009435246241287 -2.6240569675467023 0.32130516489117716 0.04136503046311929 0.9460718393806249 47.44379647078752
0.9459017470592705 -0.03435004416311858 -0.3226297558753864 -12.471745267672473 0.019388205350957095 0.9985871523912415 -0.04947521169657096 -2.698695477458386 0.32387340490304034 0.040543477220672586 0.9452313177478664 48.453226184017026
0.9443912063507037 -0.03451530362176818 -0.32700755829699074 -12.815832752004496 0.01893494447699079 0.9985338835952153 -0.05071046430383337 -2.7682177343123544 0.3282784142235306 0.04169864659859164 0.9436601642682232 49.4326001967464
0.9419872950768426 -0.03546667522322956 -0.3337694576536677 -13.174763502068716 0.01957970006166197 0.9985146595851211 -0.05084397642892533 -2.833577972727321 0.3350769631880247 0.04135927395663171 0.9412825501402178 50.44697344102084
0.9398868714455291 -0.034913424115954536 -0.3396965141134581 -13.550682014097298 0.019451925527791174 0.9986183628101115 -0.04881585860879325 -2.902573909316734 0.3409315055514767 0.03927363333016074 0.9392674221154758 51.461517872775744
0.9386818899283106 -0.034175253958630636 -0.343086521940863 -13.883426238562544 0.018372566763915864 0.9986196323101688 -0.04920649098654387 -2.9652091398842257 0.34429458071703745 0.03988586192583119 0.9380140509114525 52.35030630004341
0.9365814850182744 -0.032244982141193514 -0.34896329756534306 -14.234214783893373 0.016476739649586368 0.9987084942267341 -0.04806100924751197 -3.0385278712720423 0.35006233583675317 0.03926327401126649 0.9359031767989853 53.27233790738661
0.9356020063976526 -0.03224153490573181 -0.35158124104054495 -14.593900167276036 0.016488686018714754 0.998725175304608 -0.047708987058589516 -3.1059613316469252 0.3526712475635964 0.03883951132162837 0.9349408984006604 54.22210235166905
0.9349532260929491 -0.033039040781965894 -0.353229226993739 -14.955400567759492 0.015361103693639605 0.9984904321259676 -0.052734177211859364 -3.1738841708345222 0.35443829013200595 0.0438779983261102 0.9340493668705063 55.1763181018219
0.9349005275858081 -0.0363872835639894 -0.35303961408687823 -15.327007654412975 0.016785953949049918 0.9981505906146052 -0.0584262800949678 -3.2425029952797475 0.3545126729325744 0.04869665338140889 0.9337823090419163 56.15544479406807
0.9337065910012914 -0.035783163937824464 -0.3562464976660767 -15.70302355315219 0.01650818808922154 0.9982376473999198 -0.057000693324593 -3.3189329204992566 0.35765833087844895 0.047340938859217786 0.9326517859636413 57.14714397738112
0.9328771934571757 -0.035556348136800114 -0.3584353331280804 -16.065990120335876 0.016339566651847433 0.9982688245635601 -0.05650108376056108 -3.385496104050088 0.3598237908881139 0.04685189442981762 0.9318431946949252 58.08767613806835
0.9312908744954087 -0.03733652375302698 -0.36235795986236674 -16.420342076418166 0.018316598861199164 0.9982747966853807 -0.05578469780253191 -3.4556388586617834 0.3638156254034931 0.045314614605020564 0.9303680865203102 59.012302708933916
0.930551474813415 -0.03872922510177073 -0.36410712688108 -16.788347797467736 0.0193376255679193 0.9982008462977657 -0.05675497060011299 -3.528025184031963 0.3656501182277581 0.04577245430868994 0.9296262009359384 59.93214529313363
0.9300104924032243 -0.039094811495545626 -0.36544777976345677 -17.171015488748743 0.019706506859871735 0.9982004359354474 -0.056635177104558204 -3.5974489983366187 0.3670042746444434 0.04546960976752054 0.929107301112361 60.900790652992626
0.9287620015749943 -0.04052268604721175 -0.36845495836795217 -17.55792659819823 0.02146432559925237 0.9982179750176952 -0.05567905421378336 -3.6759107841147403 0.37005462726059724 0.04380395264232735 0.9279767166130459 61.8846519948653
0.9280512016120535 -0.04285439320253957 -0.36997901044473597 -17.949463253433336 0.022882913155268927 0.9980424597293451 -0.05820327192630318 -3.749462827302026 0.37174902753329747 0.045549418883679534 0.9272151373696436 62.86240274182314
0.9279303439669734 -0.041591015222968666 -0.3704260576661117 -18.334531669170758 0.021600883645425034 0.9980855970080185 -0.057952936689044304 -3.818694985602753 0.37212723438505746 0.045774758304881924 0.9270523140206589 63.8019565328865
0.9267221216903976 -0.044439831926196084 -0.3731101854787931 -18.738000405833727 0.024562483826590202 0.9980223120162137 -0.05786319301663106 -3.8986289742875346 0.3749437205207155 0.044458588103794404 0.9259809071389651 64.80163324182959
0.9246158910720663 -0.04513132054050347 -0.37821768584147314 -19.140517702784535 0.024558984912323438 0.9979532622275358 -0.05904356586026664 -3.971302763974111 0.3801082875143414 0.04530397681980805 0.9238318242230158 65.76793172607036
0.9225308686364384 -0.04798511745085472 -0.38292848538092095 -19.549511963388326 0.02704515770925874 0.997838876897776 -0.05988434850498419 -4.046459843467758 0.38497448728114414 0.04488879876553568 0.9218349309328691 66.73284412780271
0.9213972390596394 -0.050380725824184285 -0.3853425882493422 -19.931951123760015 0.02910822384289826 0.9977227704145757 -0.060843937257344924 -4.1202216831417795 0.387530436427883 0.044844797487471916 0.9207654994515826 67.63894158742376
0.918449354379992 -0.05187896547424359 -0.392121609172841 -20.348498342504588 0.030104768080499347 0.9976542163166706 -0.06147981460926283 -4.196244123274492 0.39439128587963934 0.044661365931778454 0.9178566750943812 68.60629384490365
0.9145091100143127 -0.05390890056422687 -0.4009575016641863 -20.772938384795093 0.03141161092349365 0.997551955077935 -0.0624772568170259 -4.276533830304945 0.4033440199135482 0.044541299488742525 0.9139637160411967 69.56206166746666
0.9132819160376175 -0.0549646697415975 -0.40360256059501803 -21.19722902167025 0.03065404577453948 0.9973184219867204 -0.06645520779871407 -4.3520110936585095 0.4061729573916886 0.048320288141886575 0.9125177688338866 70.50078463707214
0.9111447514047856 -0.05427185115467965 -0.4084970112005177 -21.612063865776094 0.030228168290195596 0.9974213552006957 -0.0650914589744862 -4.432911001215883 0.4109762764799583 0.04695962480527187 0.9104357713802863 71.42231299307457
0.9103054121468925 -0.05518062386367059 -0.41024280050488676 -22.028519606695664 0.031811105277629675 0.9974696268458423 -0.06357984823064487 -4.512533230678952 0.4127131088263271 0.04482680303158347 0.9097573564049241 72.33697309891457
0.9085783173764495 -0.05684376962364797 -0.4138287412062551 -22.443946512321286 0.03246513335703516 0.9973103175965953 -0.06571259796635887 -4.59081257267504 0.41645102510318066 0.04627003642047437 0.9079799708254352 73.23484790756824
0.9056054703496854 -0.05849451235508224 -0.42006799937279937 -22.87452599847581 0.03310964277972557 0.997171326657137 -0.06747663927496882 -4.66864980115325 0.42282677733053287 0.04719891224579682 0.9049805407052074 74.16653268636463
0.9021511504312179 -0.06360872393152044 -0.4267050878715107 -23.333066443152656 0.037587093421089846 0.9968986550768908 -0.06913958283096872 -4.75921894840532 0.4297796088506111 0.04633575019021208 0.9017441355897613 75.12062181545093
0.8995234047683996 -0.0650695391505841 -0.4319995362828489 -23.803028988600584 0.03949971694760475 0.9969091608329557 -0.0679109520503974 -4.844463191848994 0.4350832295491576 0.044023631404767956 0.8993133509756275 76.09987518207998
0.8993217921700077 -0.0639250870349391 -0.43258975643870845 -24.272779908263747 0.0383208376902366 0.9969722741190811 -0.06765942681213447 -4.935532820984152 0.43560512798501827 0.0442703951349375 0.8990485551891803 77.0458117190916
0.8995367064663585 -0.06427993209821485 -0.4320900415990924 -24.7336322864371 0.037806447422128825 0.9968589238937371 -0.06959136718543804 -5.025726693301203 0.43520614225097326 0.046264199797138396 0.8991413890841398 78.00258880003102
0.8989771861408343 -0.06115316829416754 -0.43370532485305396 -25.21629260024903 0.03531474735778491 0.9971013172137041 -0.06739311411229039 -5.121660180475421 0.43656945314275447 0.045268678115023324 0.8985309451345317 78.96365443769348
0.8985314888150742 -0.06351499329361276 -0.4342890848670718 -25.656710998897168 0.036007595934707815 0.9968058723148482 -0.0712846824615049 -5.200967222131427 0.43742955620621843 0.04841382597509825 0.8979484867249813 79.87940363292228
0.8986354229520345 -0.06296107803052423 -0.4341546720571514 -26.133747250478056 0.03486567508870782 0.9967672191437955 -0.07238435978133415 -5.293067824493191 0.43730854246907536 0.0499100540330223 0.8979255120498548 80.84196249858391
0.8977533214057614 -0.06421689132659053 -0.4357925708100962 -26.59881501572026 0.03553776271455889 0.9966505043580056 -0.07365351033166578 -5.38741728641452 0.4390626849621448 0.05063559055922971 0.8970284252143578 81.79543573857413
0.8962625342972127 -0.06558426041131472 -0.4386481213928067 -27.05734467395832 0.03772705449986542 0.9966955459469273 -0.07193509608195892 -5.477743735206395 0.4419164389043497 0.04792382993727999 0.8957751769000082 82.74301498286118
0.8963637833767861 -0.06520040003157714 -0.43849843293468743 -27.52130112095968 0.037188290343517144 0.9966980781289891 -0.07218013657029206 -5.564703019563643 0.44175671914729325 0.04839265326164766 0.8958287516029599 83.6795509609484
0.8958249054511616 -0.06500175024289499 -0.4396276961689035 -27.996073908197015 0.03729587552335067 0.996751776800296 -0.0713786600770818 -5.667023754207068 0.44283942512197827 0.04754648158184955 0.8953393633962614 84.63303865110474
0.8966608558048972 -0.06400950028542529 -0.4380663118072874 -28.514469699557672 0.03664089044134392 0.9968275602999995 -0.07065592808827993 -5.765394214946509 0.44119922349761087 0.04730326521035193 0.8961616183956688 85.65223959935189
0.8948346352811787 -0.06519352658234154 -0.4416115709455058 -29.014859757788653 0.03751200595644745 0.9967608791611055 -0.07113788852013843 -5.858046422174082 0.4448188675296085 0.047090910648847295 0.8943816977241534 86.66460112995496
0.8936802003763694 -0.06764404452809086 -0.4435763549775098 -29.495335187837714 0.039575711714469906 0.9966014447642411 -0.07224488449793928 -5.946551269267353 0.44695577241774753 0.04700897290634075 0.8933200400577307 87.64405672282746
0.8908597316793843 -0.07113309556317302 -0.4486747387448243 -30.02510745721651 0.041265005677477914 0.9962525755966312 -0.07601318914186272 -6.051141521070091 0.4524004175269664 0.04920252364136801 0.8904566097731811 88.68675956340009
0.8913443542365374 -0.07386321902021709 -0.44726889792005653 -30.552647961399174 0.043518654483636586 0.9960219032115885 -0.07775921189607803 -6.154052978973415 0.45123316465280383 0.04984569388359188 0.8910129280311702 89.7128766523392
0.8906680268777485 -0.07654016729777548 -0.44816522476395604 -31.052978951683023 0.04567175704500964 0.9958037992531023 -0.07930248420767833 -6.258248550340648 0.45235445892145276 0.05016369387431511 0.8904263289631345 90.69380054515626
0.8883574265184228 -0.07758533685608629 -0.4525501057943672 -31.545915719541664 0.046592242812203706 0.9957650515376422 -0.07925354910643297 -6.360184275338706 0.45678249272415644 0.049320154512782585 0.8882101534544297 91.67662053823294
0.8862198412192581 -0.08254364754847439 -0.45585188304832797 -32.049235411944 0.05021580678606323 0.9953165762541821 -0.08260318264133505 -6.4642218287760045 0.46053530350901223 0.05031360932239139 0.8862142940275879 92.67249215897458
0.8825247638865997 -0.08551654144169593 -0.46242508827566026 -32.583149615585235 0.053796609922692244 0.9952302952141954 -0.0813792617851208 -6.57333116101238 0.4671787301319776 0.04694231169974729 0.8829158813185753 93.69870836265541
0.8792337522257433 -0.08440507132268102 -0.46885370093671386 -33.13000596079942 0.05393005937908963 0.9954875214745098 -0.07807780276048641 -6.69045702483634 0.4733281711903574 0.04336333155502106 0.8798181993082669 94.73790249527724
0.8769467038950975 -0.08458288312350293 -0.4730858425381596 -33.660508986041144 0.052960962399952495 0.9954033390437589 -0.07979554550353576 -6.8010877325293695 0.4776605646159156 0.04492135909622364 0.8773952681133819 95.70088816832487
0.8738327150437073 -0.08672654245463433 -0.4784296112838414 -34.21003298658552 0.05398783147947493 0.9951859350243026 -0.08179406324390714 -6.904602834858444 0.4832201363472831 0.04564495113009736 0.8743082055344351 96.68834209820903
0.8684513786989242 -0.09008521535184755 -0.48752113473258696 -34.769784222972746 0.05532316029858156 0.9948203873263587 -0.08527452664431089 -7.011325482347165 0.4926779381812376 0.047085570346392644 0.8689369357408164 97.68588530690752
0.8651258965475068 -0.09010917695675853 -0.49339387850990646 -35.32002271309563 0.056232595322477555 0.9949525536588082 -0.08311023517663174 -7.119070843759435 0.4983924942715041 0.04415599841462244 0.8658262928889586 98.64133035500922
0.8611081581306426 -0.0931466210193803 -0.49981641328944393 -35.89212681547555 0.05801830804893722 0.9946553195635959 -0.08540884728750041 -7.233668475021037 0.5051005998135331 0.04454775254165892 0.8619100195562738 99.63180764759974
0.8560063680931376 -0.09377302008073063 -0.5083893375051592 -36.46087063279806 0.058827249282177335 0.9946921299032585 -0.08442109600337787 -7.345114364941576 0.5136072940738755 0.04235784949047659 0.8569792063175475 100.58976489977375
0.852823946945248 -0.0939085433485235 -0.5136852158694929 -37.05972684109919 0.05917186044249876 0.9947398417244103 -0.08361422258126124 -7.465447984242361 0.5188352401760143 0.04091250141770521 0.85389470122448 101.60313594973584
0.8478193271119354 -0.09437964204251005 -0.5218188112203246 -37.66679256743549 0.0569549767675447 0.9945487398200339 -0.08734377335443474 -7.580233670887771 0.5272177151773958 0.04433156088285287 0.8485730336941049 102.57908094694437
0.8434345497684772 -0.09318400062915104 -0.5290887470770786 -38.25269976858556 0.05479283582609919 0.9946274968129215 -0.08782874088700363 -7.68934985445579 0.5344304495432317 0.04508752167073124 0.8440090106098459 103.50284858633653
0.8414576569329284 -0.09099744220591281 -0.532605367134925 -38.82915844808153 0.052357517602508494 0.9948098085468792 -0.08724755107981592 -7.796928121626838 0.5377803472975279 0.04552922501980054 0.8418547307758312 104.40625729829343
0.8384340772433306 -0.08924753663076314 -0.5376459572269332 -39.43452908775968 0.048476861839706745 0.9948030782050891 -0.08953674921423949 -7.911218222363393 0.5428427875391721 0.049007272919641465 0.8384032414164924 105.33277457293468
0.8340303492997453 -0.08921132156911955 -0.5444581862281401 -40.08068734964228 0.04817718389983215 0.9948471097322314 -0.08920867227409839 -8.036181760605409 0.549611076488117 0.0481722779336506 0.8340306326749974 106.31369647153828
0.8310956056560782 -0.08989180719795029 -0.5488165059998135 -40.74829215376196 0.05013450075089168 0.9949422402449009 -0.08704292280775566 -8.151098686413382 0.5538651695978144 0.044826349116837555 0.8313988046246157 107.31740709656201
0.8293012972267297 -0.09158440097348197 -0.5512455495660639 -41.37732499412539 0.05097102735506112 0.9947632335461865 -0.08858929706857901 -8.271142910795026 0.5564722030689698 0.04536966699308917 0.8296265910206251 108.2660392423319
0.8272333431765889 -0.0932619809623085 -0.5540642551580728 -42.042321901028444 0.05072089208627037 0.994496913912936 -0.0916694023304354 -8.403051923330445 0.5595644619191402 0.047729352862073485 0.8274113377471395 109.25993549186033
0.825427486397085 -0.09526612814794477 -0.5564115648761173 -42.70072037839937 0.05162802530239407 0.9942662196296396 -0.09364417497506636 -8.52446645701838 0.5621423411410723 0.048570045615428964 0.8256130685529085 110.23071400843504
0.8238077714420293 -0.09743623806054048 -0.558432569988828 -43.37328192662052 0.05325285700454131 0.9940627334751512 -0.09488632744903162 -8.65837659837229 0.5643623737746621 0.048429964159811836 0.8241053631902345 111.22250720708885
0.8235722908719589 -0.10173034745089762 -0.5580139945516002 -44.0307179261867 0.055669027283367596 0.9935323395700675 -0.09896691179253718 -8.792280289966724 0.5644728878424873 0.050442309978308966 0.8239089344428879 112.18362002295669
0.8227663207379978 -0.10295964956284956 -0.5589766471160967 -44.686615438276 0.057985418820862916 0.9935299826658033 -0.09765175240751123 -8.926826247533965 0.5654142487269199 0.04793207804783736 0.8234131667823807 113.14452230883748
0.8217546803254084 -0.10401437347217396 -0.5602680211063963 -45.30210466227265 0.05780746272212664 0.9933441059676105 -0.09962823090389017 -9.050942593924376 0.5669017045457846 0.049482292293304565 0.8222979752696004 114.036422925555
0.8218152193864984 -0.10259469079720074 -0.5604409644243972 -45.9718362793043 0.05883053564858487 0.9936764084562902 -0.09563557576921088 -9.188824965346024 0.566708667006269 0.04562372954543133 0.8226540962289941 115.02041535015132
0.8207848751937932 -0.10501460278309029 -0.5615016668322714 -46.618835910248926 0.06156475108421604 0.9934935297185161 -0.09581434042659016 -9.315695279839687 0.5679101778248457 0.04407425109691322 0.8219096606764021 115.97454432797173
0.8206230728660802 -0.1063314099120513 -0.561490341453838 -47.259613882370594 0.06351428291533233 0.9934201988455948 -0.09530081002452316 -9.441723063223387 0.5679293161526208 0.04254338716762511 0.8219770994758445 116.92394005143115
0.8201342721987133 -0.10505588195652185 -0.5624438080656807 -47.932090611628524 0.06344383974031717 0.9936348337901059 -0.09308435033835574 -9.578188240333397 0.5686428182647626 0.04065807109598468 0.8215791297803651 117.90617429279446
0.8196057126719224 -0.10806733454630996 -0.5626436944991086 -48.59197065951278 0.06761535652873246 0.9934316243517041 -0.09231344051343338 -9.70569585106271 0.5689241068165795 0.037617269199009214 0.8215292458220624 118.86579808405145
0.8198421289342102 -0.10927309501667912 -0.5620660764804237 -49.24839789564846 0.06880699212402788 0.9933092213017144 -0.09274906313179532 -9.82836081680402 0.5684403939371883 0.03736551327705276 0.8218754996701608 119.82195154932305
0.819279274054677 -0.11142844467613305 -0.5624634857672982 -49.90982338115642 0.07116825948050637 0.9931118517766666 -0.09308022724099843 -9.959704980601316 0.5689609388586857 0.0362291536994524 0.8215661254429035 120.78073090950659
0.8188722222392469 -0.11174092037566971 -0.5629940056151184 -50.533842399245124 0.07248998331022297 0.9931465401284296 -0.09167961687645448 -10.07701908660198 0.5693799135591642 0.03426246553486955 0.8213602117772877 121.67641302139172
0.818348859787014 -0.11425367354850309 -0.5632506029876637 -51.17375217323408 0.07620520860750478 0.9929583673912262 -0.09069976190066784 -10.197779399843192 0.56964718016188 0.0313014170353874 0.8212930727975221 122.62241671967085
0.8170344457045041 -0.11435833369497354 -0.5651343964464056 -51.80072539845315 0.07647242062484137 0.9929675181205859 -0.09037409386113739 -10.31752630192745 0.5714951298271153 0.030621552409265812 0.8200339243665078 123.52784650419805
0.8165340904461912 -0.11548566724280124 -0.5656280931855281 -52.409812790872294 0.07797619722308916 0.9928708125088223 -0.0901513301881737 -10.438478701685002 0.5720068109785384 0.029506106648560074 0.8197179989878267 124.41576274932376
0.8173702060574752 -0.1152306156676233 -0.564471302603083 -53.029357521042556 0.07709940655974812 0.992858287195047 -0.09103901941614165 -10.561760032894822 0.5709304929303527 0.030892179608736484 0.8204169948759755 125.30801724861202
0.8172745771654786 -0.11602503650029021 -0.5644470359777743 -53.63067863762604 0.07814194593929526 0.9927868457708335 -0.09092917655637171 -10.677515308431646 0.570925653481965 0.030207114551143156 0.8204458717226175 126.18758384559422
0.8202672750057636 -0.11731781057554733 -0.5598197289095652 -54.23824118610326 0.0802316595316111 0.9926623233605077 -0.09046763282700841 -10.792559475928845 0.5663254173736358 0.02929237276628108 0.8236610216189051 127.0765527898781
0.8233488798397048 -0.11667926949991791 -0.555412072371198 -54.83119093865308 0.07986801017813167 0.9927205002085748 -0.09015048206095722 -10.907043530922882 0.5618876426981548 0.029865641372698475 0.8266742529246379 127.94664841345416
0.8261186244044159 -0.1166235930843678 -0.5512957064482253 -55.41253833249842 0.07811053595084565 0.9926039345416183 -0.09293101369279635 -11.01443125296681 0.5580562360422359 0.0337100380983299 0.8291181283422657 128.80444745782552
0.8305362995620581 -0.11757332484569118 -0.5444134168024269 -56.02696810341075 0.0806100135330342 0.9925482379397651 -0.09137844976181149 -11.136225144651254 0.5511002457157569 0.032007946628883316 0.8338249279822685 129.74903080718613
0.8358198050290542 -0.11861859952145234 -0.5360362687064777 -56.632935831652034 0.08159111997469165 0.9923754009924588 -0.09237939513945764 -11.257117118552289 0.5429071215801735 0.033476728523347155 0.8391252385579311 130.68744255821406
0.8389206224972912 -0.12084755608636001 -0.5306675582101393 -57.2215450447085 0.08408609759043321 0.9921090759100121 -0.09300058972390526 -11.375730230544947 0.5377189947740081 0.03339834853605911 0.8424623629422826 131.6014470755083
0.8473736947405217 -0.11958863586931659 -0.5173551774484461 -57.787739207772475 0.08358159249142033 0.9922028282400732 -0.09245358310524117 -11.495674174697118 0.5243776681537794 0.035101364693065615 0.8507619851276202 132.5095505444166
0.853470445608067 -0.11555560502834304 -0.5081683782173988 -58.3550170858813 0.07948571008793905 0.9925621515609374 -0.09220844419324548 -11.612692217256408 0.5150439013961662 0.03830505756758947 0.8563074811067343 133.43720425403276
0.8586922845299484 -0.11628931275085437 -0.4991235881309082 -58.87539027952427 0.08190778578496725 0.9925375797384589 -0.09033419858905375 -11.717364093858935 0.5059038200256472 0.03668717142076596 0.861809361945321 134.31305511268616
0.8628324132432713 -0.11704561696230238 -0.491752529436003 -59.40940711292371 0.08106443606500834 0.992271898204073 -0.09394166934831515 -11.830314462305715 0.4989476764774591 0.04119227578563721 0.8656525934538318 135.23788212694961
0.8668125664675773 -0.11689732855418117 -0.48473806245310275 -59.91594680373605 0.08065376422197695 0.992199917087755 -0.09504890766273057 -11.939667149690234 0.49206802876301364 0.043293638192560754 0.869479566155142 136.13165911866056
0.8707541650721827 -0.11537182064268217 -0.4779921830020223 -60.40888964434411 0.08030640683021667 0.9923997418086706 -0.09323965615607804 -12.04511672570903 0.48511654788459413 0.042802984237979354 0.8734013049617327 137.0154795566285
0.875432044883419 -0.11215438183037454 -0.47014905022501347 -60.89666989797005 0.07756459336878618 0.992698069820329 -0.09238114542766943 -12.158408485656437 0.477077004944454 0.04440649514699296 0.8777389102358342 137.90995007005483
0.8814442989238863 -0.10877875265665152 -0.4595901770763186 -61.41032444500308 0.0764166368907793 0.9931402456904644 -0.08850395469235736 -12.277848516057569 0.4660648511751145 0.04289097061558633 0.8837103140389228 138.87722882754787
0.8885261607671098 -0.11201838512792936 -0.44494172992178566 -61.87176382668639 0.08001352352381827 0.9927096175362111 -0.09014128523830303 -12.390244403211748 0.4517954157423067 0.044491534525577144 0.8910114509195691 139.8087088710853
