1.0 0.0 0.0 0.0 0.0 1.0 0.0 0.0 0.0 0.0 1.0 0.0
0.9999324642938147 -0.003920628116388984 0.010940545072001496 0.010771317407488823 0.003906893237751629 0.9999915533294872 0.0012765010413416174 -0.0019655709620565176 -0.010945457346695326 -0.0012336712903832244 0.9999393356692291 0.3255898654460907
0.9997168398700708 -0.008014455811346863 0.0224055479345534 0.028874306657309477 0.007955161974668843 0.9999646189514863 0.002734271962705407 -0.004640794414394791 -0.022426668904596252 -0.002555257962950606 0.9997452251341772 0.6529381050537637
0.999507448520396 -0.012717462946887508 0.028690181045835 0.046095608297623436 0.012639995417386581 0.9999159648338921 0.0028798934277457543 -0.002917737165709317 -0.028724394999663488 -0.00251583117503347 0.9995842034193029 0.9680091315565078
0.999388301894632 -0.01649604997249846 0.030836704938580605 0.0614891621379259 0.01644049602940292 0.9998627356566843 0.002054248144457242 -0.0014822567170952737 -0.03086635913857406 -0.0015460208396567176 0.9995223247597286 1.309727232023978
0.9993986839871178 -0.020503904781320626 0.027961765565427104 0.07333642770182151 0.020463871942404326 0.9997891184563614 0.0017171375533345805 -0.000346839058821268 -0.027991076970031805 -0.0011438990212130078 0.9996075185316923 1.6699617953175492
0.9995420174412439 -0.024438719508268234 0.01784669040141976 0.08413623535784785 0.024437072152796762 0.9997013219706841 0.00031041047937591207 -0.0007241283286163942 -0.01784894602173875 0.00012585254423781733 0.9998406869532016 2.0079184811150075
0.9996777351926586 -0.02537202120882519 0.0008284321673812343 0.07240971468197292 0.025371946982275972 0.999678075336681 9.998738970200796e-05 0.0021578822076429955 -0.0008307023568068018 -7.89362302559204e-05 0.9999996518512725 2.3401175498531774
0.999524281398195 -0.024642110529153584 -0.0185466246010078 0.04885084075746629 0.024648768820666404 0.999696164430086 0.00013045842150796318 0.004971175218548632 0.018537774705909917 -0.0005875478222040153 0.9998279880542 2.715098679657919
0.9990082486308571 -0.023764811676875743 -0.03765305954992393 0.0211216338620378 0.023747105702773868 0.9997175767305033 -0.0009174676187262013 0.005743748278367999 0.03766422889491795 2.2406533794302585e-05 0.999290450949922 3.0717531348064244
0.9979737768379489 -0.025139039943538687 -0.05844971697550662 -0.012116701355419802 0.025066877208395136 0.9996838401232468 -0.001967603480807995 0.0072283527871930785 0.05848070118268847 0.0004984647987709762 0.9982884147990627 3.461416855156442
0.9964080924856813 -0.027720994335061654 -0.08001537166145932 -0.05352370910944863 0.027684512954032067 0.999615484581823 -0.0015654797173270635 0.0069854605390449916 0.08002800117173998 -0.0006553299343164776 0.9967924004380918 3.8757430123967667
0.9946381782190394 -0.029671247599102106 -0.09906821637146299 -0.10107932057241718 0.029727921729965016 0.9995576185292133 -0.0009043836711725354 0.006500075492225791 0.0990512246200283 -0.002045557655111993 0.9950802332451149 4.271841824115546
0.9927337055607609 -0.03100027503553205 -0.11627025755248843 -0.1611527249050099 0.03119796982115018 0.9995132177063244 -0.00011962185614144754 -9.998534777681985e-06 0.11621736756027143 -0.0035086433377065377 0.9932176060155647 4.708699351712576
0.990687191326271 -0.0332346921503178 -0.13203917668532505 -0.2229928577070462 0.033630598407404864 0.9994340356892749 0.0007688670947475656 -0.0035590539113327796 0.13193889416250515 -0.005202263307747198 0.9912442003177887 5.121940046892747
0.9885253090461475 -0.03439109979118801 -0.14708829195544804 -0.2929775287806279 0.034753518803709624 0.999395908383938 -0.00010600096072618326 -0.006179130010988082 0.14700308264107514 -0.005007051087818154 0.9891233609279609 5.547746170703801
0.9862778820608272 -0.037274170965217866 -0.16083089111381763 -0.37300452666220774 0.0376018139302887 0.9992922943607653 -0.0010069857742871185 -0.013254083539949082 0.16075460474512357 -0.005054365445175011 0.9869814640828802 6.002269918768735
0.9842053894479625 -0.040492107862328756 -0.1723372872667149 -0.450561387373683 0.04060486364400149 0.9991711537091141 -0.0028723934358146105 -0.018035990066438183 0.1723107554102086 -0.0041707069500983825 0.9850338109798566 6.42857333072065
0.9820545437957567 -0.04147659366085053 -0.1839797955983238 -0.5475738329632719 0.041243577855873945 0.9991361325673441 -0.005094691748983037 -0.021805120737440786 0.1840321719041396 -0.0025847198423397 0.9829168219781276 6.90862291293379
0.980631797411116 -0.04279245741194642 -0.19112844763375983 -0.6544359882994524 0.04238958804821461 0.999081933066989 -0.006197890304883799 -0.027081182108185105 0.19121820188294517 -0.002024007849654708 0.9815454664257167 7.425969273912136
0.9791909742075077 -0.044651730913784375 -0.19796782303433916 -0.7663955240547552 0.04368548012971458 0.9990025311541825 -0.009247787485295285 -0.03634554339397727 0.19818328601672933 0.00040703063750081175 0.9801648940202213 7.959737806500539
0.9765142570644175 -0.04892058133896618 -0.20982536184023723 -0.8755368964075697 0.04777013592294087 0.9988026324728692 -0.010550615108631603 -0.042163161347457664 0.21009026599019917 0.00027944001918962704 0.97768195342322 8.477355236193747
0.9741879948582008 -0.05469785072483703 -0.21901117734088812 -0.9851691869031457 0.05333305298059257 0.9985029408037778 -0.012143420686820075 -0.053554182388726675 0.21934752365579105 0.00014943992514930213 0.9756467811322812 9.0011911368874
0.9716054062661622 -0.058273662039604365 -0.2293188060906915 -1.1141671864478846 0.05638047535102672 0.9982995856027315 -0.014804708190545614 -0.06821709299216536 0.22979159365294122 0.001455231221803942 0.9732387712111211 9.567925669256049
0.9689519758469655 -0.05633847866779923 -0.2407447700857894 -1.25161050433368 0.05321811131516435 0.9983934996065094 -0.019448716449001164 -0.07658915816376406 0.24145372461469392 0.0060328902579778665 0.9703935815455638 10.095587077515846
0.9661337263844185 -0.05577423559570414 -0.25194217071834707 -1.4103534330333154 0.05165672159746946 0.9984015534584001 -0.022932971147570626 -0.09264623400390266 0.2528185235625732 0.009141810300408988 0.9674705274312352 10.668697922671488
0.9631186626512189 -0.059728761479229495 -0.2623640918744119 -1.5689319197619285 0.05507997180913017 0.9981678063447833 -0.025044502038344102 -0.11009045271704286 0.2633792671385372 0.009669820525765052 0.9646439012467588 11.253185183763712
0.9597884064267729 -0.061391726477075546 -0.27392931717674907 -1.7328542638395235 0.05607761665819253 0.9980559545415769 -0.027195817951271517 -0.12878431780594707 0.2750663843487474 0.010740927532845343 0.9613652358375778 11.816873261434266
0.9575806232356634 -0.06182321631351776 -0.28145557363152457 -1.9135239738618093 0.05543858033503129 0.9979931214180345 -0.030598911953277734 -0.14873118980726022 0.2827824496216745 0.013697427749039294 0.9590862665365535 12.422605957299467
0.9549171253322141 -0.06224988117823752 -0.2902726925505672 -2.0911050140986736 0.05462142476605621 0.9979172518157416 -0.034317029082423 -0.1678640534444298 0.29180435860998866 0.016914810723537985 0.9563284506247841 13.000467989725006
0.952297592348316 -0.06355963127909095 -0.29847859031975255 -2.271478688388638 0.054015523883678584 0.9977335491186413 -0.0401259036370722 -0.19235062608253575 0.30035249089556826 0.022089324000201083 0.9535724634122159 13.575417995829216
0.9500546874105961 -0.06645158359725223 -0.30492667637740783 -2.4611419074071224 0.05441354158978163 0.997372823506363 -0.047818588672215806 -0.22030608199973983 0.3073032011236006 0.028838133926501888 0.9511745920759371 14.167697144092301
0.9491547844447686 -0.06904416084991079 -0.3071450781278073 -2.659899619835031 0.05443420185571292 0.9969518070227834 -0.055892863071582546 -0.2528749461828866 0.31006791648594784 0.03633178121891112 0.9500199412851947 14.770337717864999
0.9481309559656205 -0.0728678758994079 -0.3094155183594183 -2.8682901354563626 0.05567287688433582 0.99639219562063 -0.06405562649543078 -0.28982067478312545 0.3129668051393639 0.04350707032436267 0.948767049234242 15.392451055613297
0.9472905397490677 -0.07459422818282131 -0.3115707534794136 -3.0897263970470945 0.05474740976574459 0.9959024040619798 -0.0719800160288339 -0.33379151664814816 0.3156633561658084 0.05112829652334136 0.9474927666577512 16.03491544731472
0.9468533420983113 -0.07869907725657829 -0.31188973018716365 -3.3093208967958354 0.05705441635815814 0.9953240837693019 -0.07794075854666656 -0.3860514678929715 0.31656522571389384 0.05600378119165671 0.9469160651087026 16.68345790577391
0.9463207691011741 -0.08047126207603424 -0.31305171768839174 -3.5331270382144897 0.05707427876171321 0.9948960386085959 -0.08321297413717176 -0.44117287716309694 0.3181501668577161 0.060878964682504075 0.9460836236758323 17.342232423768365
0.9455528107744778 -0.08431247701635756 -0.314358534568176 -3.750974829146916 0.059353528499111394 0.9943366621605706 -0.08815759149432834 -0.4994994604015411 0.3200110008908914 0.0646993701881392 0.9452020687694608 17.979492960448983
0.9448725910934408 -0.08563609235057429 -0.3160415262070659 -3.9824706267700316 0.05917202884285763 0.9939602838218755 -0.09242091314933482 -0.5600131453466204 0.32204729094185475 0.06862516937436858 0.944233090145305 18.647754089212043
0.9437070646147407 -0.08625331693224632 -0.3193389132480025 -4.235222607839886 0.05877646775424038 0.9937672496646913 -0.09472053806968178 -0.6273025722305707 0.325518514119496 0.07061882760327282 0.9428948393926944 19.36055333184074
0.9431351923510186 -0.08595333127366589 -0.32110439702994886 -4.491675852431458 0.0581207683705291 0.9937506568907852 -0.09529747222855608 -0.6971827290060473 0.3272888406790352 0.07121556551830902 0.9422368905932738 20.077228146040554
0.94189324202625 -0.08696053213800577 -0.32446107081675457 -4.762952268255789 0.059132187399028605 0.9937497670683831 -0.09468254783718323 -0.7755514611325716 0.33066675829101166 0.0699947591024442 0.941148356349574 20.83567333966772
0.9408179786433097 -0.086209528521861 -0.3277643181518624 -5.021959306223899 0.05852407215361891 0.9939041647786372 -0.0934314947661529 -0.8483741861982664 0.33382100598984904 0.06871992744261365 0.9401282399397474 21.56497515591059
0.9387986687485906 -0.08682740967047382 -0.3333437572323651 -5.28402384783814 0.05929661635647841 0.9939998927236728 -0.09191367990674568 -0.9261169763951256 0.3393242856686607 0.06652228344880229 0.9383143476256828 22.30425519514976
0.9351384143324997 -0.08808074267051047 -0.3431587516155018 -5.585470678731527 0.0605811456164887 0.9940911446307993 -0.09007064428781092 -1.0129670103809505 0.349064565425212 0.06343956917601892 0.9349488489897558 23.12276384989286
0.9318429650001853 -0.08973933824782407 -0.3515900165683129 -5.869645166323617 0.0635474758380479 0.9943211496941335 -0.08536492011095384 -1.089461660686879 0.35725398093551963 0.05720404218042144 0.9322538767224002 23.88621923807117
0.929230391691481 -0.08984221349307867 -0.3584121312561296 -6.130494943183475 0.06460217376897667 0.9945518317287139 -0.08181205992629124 -1.153035360897815 0.3638096182087823 0.05286804970607677 0.929971790442622 24.55535188946321
0.9263524468827283 -0.08977999055855031 -0.3658014453903766 -6.428719627720251 0.0652228850772414 0.99474079018651 -0.07897300552289226 -1.2201129633530337 0.37096781452921634 0.04929821127002913 0.9273362750097682 25.304698746670688
0.9227520587025189 -0.09187657568578747 -0.37428242411381946 -6.736634130933363 0.06736354662332836 0.9946680196337063 -0.07808766422609606 -1.2910438424582988 0.379461184769391 0.04684256139681754 0.9240210948323612 26.062401109752226
0.9192902291304152 -0.09490804086765645 -0.3819658864401533 -7.062826744909084 0.0704310175579253 0.994494026980862 -0.0775957606132198 -1.364859477964992 0.3872272541946189 0.044430778499280746 0.9209131118248041 26.84887116044737
0.915780326097117 -0.09603157580223118 -0.39003119206340237 -7.397331221748557 0.07130195553320987 0.9944446746672968 -0.07743268149169762 -1.433635420081644 0.395300424323828 0.04310133959397147 0.9175401075999932 27.628937058640453
0.9118008499235672 -0.09819122497111951 -0.39872006899243456 -7.75210466274243 0.07354784018195348 0.9943393175136629 -0.07668139833775398 -1.5035883756838104 0.4039924817162203 0.04059316426609864 0.9138611873428235 28.440763344431556
0.9077993598540343 -0.10015749969776183 -0.40726993198970435 -8.093466610138185 0.07590955864914117 0.9942664324668544 -0.07531268269904212 -1.571400968242919 0.4124779523250887 0.03745312435467624 0.9101973425152234 29.205201092143206
0.9043468829213682 -0.1017994734403519 -0.4144798940330789 -8.45632244047823 0.07842233516029368 0.994237725249994 -0.07308408197223362 -1.6419684227510956 0.4195314680669518 0.03358888055569411 0.9071191401379445 29.99827653186928
0.9009421406975449 -0.0999381713290161 -0.4222743433204739 -8.830225843084953 0.0785011889889805 0.994598840511736 -0.0679022074753595 -1.7117439708539317 0.4267795946886889 0.028026922130741063 0.9039212737806516 30.79177426379047
0.8971439825919395 -0.10164672890640769 -0.42988442284142064 -9.208514109998418 0.08172419735456343 0.9945584847320229 -0.06461095893341272 -1.779114232570212 0.4341126928181512 0.022833373604661273 0.9005691572466846 31.594879362003002
0.893599664843792 -0.10283327442609082 -0.43692671772491887 -9.632347461461503 0.08373166401475089 0.9945065208482131 -0.06281551107571787 -1.849514020207321 0.44098599459890275 0.01954731851664219 0.897301094898711 32.46983484445182
0.8912637246118877 -0.1032533334330409 -0.4415741413691596 -10.047969459759704 0.08469515939576737 0.9945011243802017 -0.06159743161399163 -1.9184190195274191 0.4455061202339098 0.017500364038502133 0.8951078337790644 33.318044030638205
0.8890033692363039 -0.10496504155904193 -0.44570769517365155 -10.475109801534986 0.08724224091080318 0.9943687203200327 -0.060163439479156346 -1.978995646667183 0.4495128484118796 0.014600962283675918 0.8931545280706074 34.17540210305762
0.8858551749651622 -0.10805496652581031 -0.45120364936084906 -10.900525472494031 0.09100925898081641 0.9940779242480846 -0.05938345983842967 -2.0467045237125863 0.4549482649348217 0.0115414354274378 0.8904430759465031 35.02525138439684
0.8841237836609551 -0.11116832618533556 -0.45383558522683903 -11.311770202454596 0.09441248641418148 0.9937537185403207 -0.059496464570401114 -2.1068555835965137 0.4576149228053305 0.009754493345931953 0.8890969757486725 35.833386189338256
0.882836949873665 -0.11419045655595793 -0.4555869396386445 -11.741733613689487 0.09736142229296242 0.9934189804829491 -0.06032812499414779 -2.166873202957506 0.45947760923341574 0.008903305440114192 0.8881447279387434 36.67810097426573
0.8818161823009051 -0.11485415806997716 -0.45739342256562204 -12.203103859153 0.09817047081231516 0.9933488703242418 -0.060171259634821186 -2.233855017486422 0.46126215896466666 0.00815746281569123 0.8872263952947215 37.56621838536622
0.8806482460307425 -0.11727581380256648 -0.4590261977925909 -12.669190009467645 0.10112464489284496 0.9930802417196523 -0.059711302961276136 -2.3041518805715997 0.4628525391075142 0.006165792972769538 0.8864138480635014 38.47188539237291
0.8793400410277603 -0.11744886301532234 -0.46148332236572226 -13.13599613770188 0.1024134843002559 0.9930731684520174 -0.05759479433206151 -2.368454683996703 0.4650511482393935 0.0033832938210085657 0.8852773479786675 39.36881001815335
0.8780199093242933 -0.12135379723791163 -0.4629841193022711 -13.583448621984838 0.10715405719198627 0.9926092342077666 -0.05696416586563631 -2.4337803993295606 0.46647512994526974 0.00040504494938304117 0.8845342215432553 40.23398462142168
0.8760197164322409 -0.12558945611725714 -0.46563585013844033 -14.030887487167778 0.11187650058228356 0.9920801373236693 -0.05710209930739804 -2.498505294196175 0.4691194997433371 -0.0020711446161928333 0.8831322694367703 41.100744485289745
0.8745397417238864 -0.12907653738747102 -0.4674606803160873 -14.497271749874571 0.11554797203224977 0.9916280801175317 -0.05764041014473072 -2.5663007563090896 0.47098716150735237 -0.0036053042145080295 0.8821326972042065 41.98870265478088
0.8737848012622024 -0.1302638079320956 -0.46854184597131127 -14.985078635229817 0.1176297759390286 0.9914615767046545 -0.05627768412839014 -2.6336506716323544 0.47187218279498927 -0.0059398873180418095 0.8816469593000033 42.91010089802296
0.8714168379827142 -0.13101997520569897 -0.47272239271829086 -15.467699317556674 0.1201146030781548 0.9913261999780026 -0.05333711057556943 -2.697690520577124 0.475610320123087 -0.010302006322616016 0.8795957549113931 43.82475432051624
0.868708321914344 -0.133676172030984 -0.4769449994159781 -15.946306358039624 0.1251552023878719 0.9908883378567879 -0.049764216206658815 -2.7628998515465697 0.4792515276470336 -0.016461559177521002 0.8775232135490375 44.72880918748733
0.8652398741449357 -0.1366560791014296 -0.48237441498723793 -16.46036733810379 0.12880714421803632 0.9904312122447126 -0.04954526627099043 -2.8289998561809346 0.4845293384182739 -0.019264730885562967 0.8745628567209204 45.67707809589441
0.8595936363958462 -0.14074927878493 -0.49121117738635384 -16.97103287908642 0.13160015696178978 0.9898668697329905 -0.053338343549862235 -2.897263216707212 0.4937410039235128 -0.018794167354072713 0.8694058892819102 46.58802570739928
0.853323585583061 -0.14570790179592974 -0.5006076963470463 -17.49354916718328 0.13497688991949175 0.9891597919827458 -0.05782858386916252 -2.965202718905129 0.5036070864030113 -0.01822397538626107 0.8637405798304206 47.50707887007589
0.8474210991279717 -0.1477609945545435 -0.5099452610241539 -18.026480473926433 0.13687255544735588 0.9888260341748614 -0.05906756896407994 -3.032852162966649 0.5129750328408302 -0.019742406800286997 0.8581764696469375 48.41911247924148
0.8418965311006605 -0.14830317318236896 -0.5188606746947729 -18.558106063437094 0.13921306106043918 0.9886383310949795 -0.05669192111682522 -3.101242936920302 0.5213731432964851 -0.024503451058456662 0.8529769201657034 49.30103294423124
0.8368066339284634 -0.1477345605337748 -0.5271898681094004 -19.125324895300707 0.14042642208028774 0.9886097706073901 -0.054140017005282225 -3.1755333959043415 0.5291834061977411 -0.028726661544561903 0.8480210501641222 50.20630767361517
0.832487144472292 -0.14945839210082124 -0.5335047734734965 -19.701506648632673 0.14121274562985536 0.9883637006371113 -0.05653455345708925 -3.2516049639058915 0.5357463156756631 -0.028273384897318087 0.8439055047494364 51.122618965853434
0.8307677931495683 -0.15340143885436633 -0.5350634284108812 -20.259285703510077 0.1428770078750002 0.9878358460195434 -0.061371833437986884 -3.3217482504648275 0.5379693620328979 -0.02546251904786684 0.8425797443789245 51.998741832175284
0.8288942953306644 -0.15883315351601537 -0.5363825840875516 -20.827101228227086 0.1443996425264241 0.9871001354289906 -0.06915248277762476 -3.400062494778563 0.5404470283076062 -0.020133354917316874 0.8411371217662736 52.89440040013184
0.8263485522555083 -0.1616419491699151 -0.5394626497300589 -21.39136794367371 0.14648900074143933 0.9866436279200668 -0.07124130926999776 -3.4798772351642198 0.5437729699488566 -0.020155191720235836 0.838990301135669 53.7798723443534
0.8240944161110415 -0.16467352336441993 -0.54198802942256 -21.95318438372606 0.15184772784594697 0.9860136194717815 -0.06869796040771896 -3.5587040133164183 0.5457203137896051 -0.025686045217299378 0.8375736183754059 54.656541924909305
0.8210655285572964 -0.1649515739650965 -0.5464818167710294 -22.53302233315471 0.15473965532595643 0.9858100953705253 -0.06506992342980161 -3.6400937930071633 0.5494606781968404 -0.031135736894978675 0.8349392367133521 55.54764034184263
0.8182858298380067 -0.1652525674660615 -0.5505450841050169 -23.10115344994279 0.15636457713676769 0.9856593118704361 -0.06344950701099855 -3.7171407485915604 0.5531350826906255 -0.034165916773499796 0.8323906957840541 56.40723045454705
0.8163872044108411 -0.16757486151805492 -0.552657758709182 -23.693283799346652 0.15813077366758752 0.9852660249197461 -0.06515764389641854 -3.794337296289673 0.5554336962172369 -0.03419833221148362 0.8308573181843024 57.30031768511351
0.8135049755246365 -0.17049591300827138 -0.55600431513086 -24.30679921845957 0.16024781854383757 0.9847654439601019 -0.06751042166958343 -3.8793991924435565 0.5590440872137028 -0.03417841467270838 0.8284331865164858 58.222775283007564
0.8107405360800788 -0.1739438718455933 -0.55896628932696 -24.882056259941074 0.16283625014173997 0.984161327701693 -0.0700773622236021 -3.9594623981018384 0.5623025331584091 -0.034205416293404026 0.8262238502366243 59.0745974546271
0.8075589679202696 -0.17672018249160273 -0.562688626534857 -25.464438360540846 0.16531696780918007 0.9836333333322002 -0.0716642568660521 -4.040379176045967 0.5661438098980927 -0.035148864247932565 0.8235567641979227 59.931684031741085
0.8038676639034457 -0.18031603196708945 -0.5668182314870093 -26.057617312882144 0.17002505149094244 0.9828402790513608 -0.07152948860257426 -4.127368228861048 0.5699897023595423 -0.03887305609142416 0.8207317617310748 60.80533993453349
0.8007582320532114 -0.18227266125058178 -0.5705812218778726 -26.65952484339794 0.17235638861492136 0.982403896977558 -0.07194343963788459 -4.2169409421210275 0.5736545381173564 -0.04073401728209986 0.8180838653423157 61.6752455953388
0.7953707746174659 -0.18365510863405365 -0.5776297533515966 -27.27827289960084 0.17325281092108885 0.9821160842486124 -0.07369844345787777 -4.312509682840232 0.5808345671465791 -0.04145839037862561 0.8129651945039589 62.548954000797266
0.7894781384740334 -0.1863595440385614 -0.5848028635508847 -27.906761650628603 0.1753590256604721 0.9815619057111886 -0.07606206265957918 -4.4062771563692245 0.5881951045282382 -0.04250112471875729 0.8076014941830257 63.41726854894925
0.7848414705977567 -0.1896529782784649 -0.5899623834280106 -28.53388640210176 0.17805888335202485 0.9808879760903191 -0.07844623904858564 -4.503704234021651 0.5935645711204307 -0.04348018159513557 0.8036109591830324 64.28282655596203
0.7800529102281125 -0.19187487559006702 -0.5955682071450328 -29.197605959070618 0.17954304445355737 0.9804337820431929 -0.08070869975925077 -4.6048887423469615 0.5994011615212305 -0.04397307296263554 0.7992400242863358 65.17993623333363
0.7745970944447754 -0.19589416322925787 -0.6013524907160698 -29.85150284866268 0.18252565424871223 0.9796060050519552 -0.08400274047451423 -4.706815455610536 0.6055441576126316 -0.04469397810508602 0.7945556755208227 66.05609107811354
0.7687420212450942 -0.19805482371839045 -0.6081200470087175 -30.525379763446768 0.18469654425829501 0.9790790294692844 -0.08538993261812637 -4.813454072714194 0.6123094734781188 -0.04667484178186114 0.7892392335873752 66.93229617848056
0.7625530270237416 -0.1995149132875632 -0.6153914854405976 -31.204248305993136 0.18701851023114902 0.9786253006948775 -0.0855371128270214 -4.917567601403358 0.6193036071329238 -0.049863014506917915 0.7835666672188351 67.80113315659881
0.7575066651758269 -0.2017778696508921 -0.6208617749011011 -31.89881668399054 0.18978039261087673 0.9780259114953795 -0.08630596169496962 -5.023687721636608 0.6246335363992709 -0.05245005016946761 0.779154629994946 68.68124927662235
0.7518152490205259 -0.20429539289306836 -0.6269268089521068 -32.58009553007289 0.19203636822494313 0.9774148695712237 -0.08821681257017722 -5.129916443717796 0.6307898735864256 -0.054070002623770506 0.774067548859327 69.53873687184499
0.7464070986730516 -0.20853787915229338 -0.631971831657979 -33.25630927408015 0.1960242807683163 0.9763980213864126 -0.09067185440897804 -5.234758850445173 0.6359645622200516 -0.05620370798588015 0.7696689020669187 70.37055561406828
0.7417138963324592 -0.20889652085501045 -0.6373560539933657 -33.942881040144286 0.19608701542633297 0.9762811833078557 -0.09178743650525403 -5.340276892003686 0.6414127987252164 -0.05689722922678364 0.7650832156947373 71.20629823474953
0.7365491668826251 -0.21064781153239143 -0.6427463140782101 -34.65080621548393 0.19876366452235278 0.9757195444462298 -0.09200204482122973 -5.452746336658508 0.6465201701649814 -0.059990583279845466 0.7605345485167571 72.05235245841929
0.7330838516037408 -0.21137486508259623 -0.64645860882901 -35.37491949416354 0.19933881357954614 0.9755154321650563 -0.09291759256740537 -5.569655317764856 0.6502707927613877 -0.06074790547119812 0.7572698251365485 72.90152163459331
0.7280244852854172 -0.21320135850450705 -0.6515562366801013 -36.10206640944946 0.20127468683219463 0.975000444890567 -0.09414155779356218 -5.690069035926094 0.6553387286476402 -0.06260441833472519 0.7527362337097009 73.74974762050866
0.7240662530141468 -0.2147438179491712 -0.6554488186721117 -36.806341479413966 0.20049572796696036 0.9747923073685104 -0.0978847309960757 -5.801857503020491 0.659946607168377 -0.060539657645123 0.7488694315694553 74.55802099917581
0.7211622042186099 -0.21870733610174484 -0.6573371861851682 -37.555841814792764 0.20321354535032624 0.973902077312837 -0.10108906366116935 -5.923663643196419 0.6622909709430644 -0.060678208123011244 0.7467856619313694 75.41118745186823
0.7181661221080454 -0.22077176597640177 -0.6599221532907902 -38.293771022496365 0.2050974021203054 0.9733665911745661 -0.10243307487675538 -6.047460820478464 0.6649605076241702 -0.061784355081736554 0.7443186258366373 76.24832211132734
0.7148007249588039 -0.22228892486159757 -0.6630592413067203 -39.02201353617353 0.20816020500981108 0.9727908353731118 -0.101721775762896 -6.174139067415085 0.6676295774219728 -0.06531174854464177 0.7416233025285813 77.06446210397837
0.7115121353909719 -0.22415329165332323 -0.6659622985067244 -39.76913526992915 0.21076278758373243 0.9721960137388944 -0.1020488032273664 -6.2990031691837105 0.6703204670613256 -0.06775110856055042 0.7389724343488753 77.90270729703798
0.7074054671283325 -0.22551678127245553 -0.6698654241274566 -40.52258643693402 0.21227200948599764 0.9717685814198693 -0.10298746600432188 -6.426795921678589 0.6741795747912587 -0.06933978316757472 0.7353053076134779 78.74247336246624
0.7035626774084347 -0.22860745570717975 -0.6728582244076124 -41.292425507213984 0.21570218462394206 0.9708713563972184 -0.10431383837192697 -6.555524564910897 0.6771056981788988 -0.07174566553120502 0.7323799785433452 79.59986669475423
0.6991796202417438 -0.23059270178938854 -0.6767384018363971 -42.0817796459371 0.21858213283429237 0.9701800422683046 -0.10474987727860308 -6.6926224950649 0.6807126485120005 -0.07468394382824711 0.7287335580924188 80.46466722789795
0.6961562962731527 -0.23250814343241993 -0.6791953874967466 -42.855673135959584 0.2209650060906438 0.9695666458573147 -0.10542763074431008 -6.829212154913277 0.6830379764278179 -0.07668430399114332 0.7263460884996805 81.29894173108096
0.6927693678038906 -0.23621794125534024 -0.6813748507698875 -43.64375328450582 0.2246417644419949 0.9685088196739042 -0.10736267453006329 -6.965474061068017 0.685278542419785 -0.07868767656342171 0.7240176578344379 82.14555290641601
0.6891895205262191 -0.2411580114648435 -0.6832719943793706 -44.43987637352009 0.22899774714035342 0.9671496249748534 -0.11037044312515598 -7.104662332056019 0.6874429697083846 -0.08040159461927951 0.7217740276438285 82.99001242667694
0.6860522143186905 -0.2454677803776502 -0.6848926397800543 -45.26743794972417 0.23331954219113504 0.9658753108100756 -0.11245832650034855 -7.244127708500032 0.6891257871101188 -0.08264655324942187 0.7199133258773931 83.87153010691625
0.6806338686065772 -0.24933508029621032 -0.6888900889396848 -46.08853411437885 0.23823423596491078 0.9645270131434522 -0.11371934633467515 -7.390764150212061 0.6928073222187102 -0.0867159653711641 0.7158899046849923 84.7446701344261
0.6720945938223172 -0.25275110755694 -0.6959926253801505 -46.88789758241629 0.24189282974518111 0.9633148516677422 -0.11624265772178707 -7.536928495186845 0.6998404931644662 -0.09022956380863126 0.7085773845828138 85.57969598178538
0.6630522078708251 -0.25473607853417357 -0.7038972225621122 -47.70686157400959 0.24526061016136277 0.9623423221744646 -0.11723688862783405 -7.6836303841818125 0.707254553001181 -0.09490408444788079 0.7005599274967198 86.41528268844819
0.6535199627059373 -0.25436042005470233 -0.7128901984558532 -48.562935600344076 0.24608307512145047 0.9620779915621893 -0.11768202195082567 -7.841269473197691 0.7157896188710765 -0.09852266166349458 0.69133096752217 87.26289570084386
0.645015419118339 -0.25422243658117816 -0.7206428115497457 -49.383723460533716 0.24644671059433199 0.9618558695669376 -0.11873207240195899 -7.992606027026613 0.7233388748967023 -0.10101603297674736 0.6830641500948602 88.05040453674938
0.6364202023055905 -0.25630307210424375 -0.7275149904484707 -50.24285451738867 0.24587671308046086 0.961387560990632 -0.12360663225423102 -8.145518095528619 0.7311046218305971 -0.10021323666268245 0.6748654229811519 88.85880715279137
0.6263762961875461 -0.25895464215613573 -0.7352518132450673 -51.110995658585594 0.2476535691235716 0.9604506452047867 -0.1272881291639765 -8.307874071095949 0.7391349303575957 -0.10235746886034502 0.6657345591853976 89.66192454270146
0.6163766010317956 -0.26138566618077497 -0.7428037555207454 -51.96292645483989 0.2488989162690771 0.9596098666053179 -0.1311420351901059 -8.462640431385484 0.7470804609816601 -0.1040501678468444 0.6565396769354263 90.42886338017092
0.6070017716732912 -0.2635513848581528 -0.7497262945401044 -52.84504208639842 0.2525823199155805 0.958469524939366 -0.1324324032424439 -8.629148306704444 0.7534925486370445 -0.10898090338153621 0.6483611199374892 91.21261724724275
0.5965399914415732 -0.2645675153563914 -0.7577229496518059 -53.71943654610083 0.2542394382059903 0.9577767477884627 -0.13426097518064578 -8.797218784429395 0.7612505150550573 -0.11255101605006132 0.638615629400431 91.96877102220157
0.5870969538464448 -0.2660267956988974 -0.7645566759596065 -54.60631386377272 0.25566725856399997 0.9570540685458689 -0.13668124515882948 -8.969755541885503 0.7680829510427858 -0.11522696667870909 0.6298978698705285 92.71568453016864
0.5776866866515585 -0.26808107253523955 -0.7709803049455285 -55.54414993041773 0.25622746937834556 0.9563441687992285 -0.1405464860453018 -9.15453717949281 0.7750003716137907 -0.11635449863270803 0.621157028976102 93.48272878983904
0.5691453406143165 -0.2685914319089066 -0.7771307637470911 -56.51399974018997 0.254643475365053 0.9562524556468546 -0.1440067412427917 -9.34736641373243 0.7818121780268082 -0.11593051269827079 0.6126416852569656 94.25734506261405
0.5616998608412473 -0.27023630738544946 -0.7819626618334156 -57.45867341121993 0.2544827637241147 0.9557627877874673 -0.14749920829640323 -9.535782737596254 0.7872304550119108 -0.11614573453814904 0.6056223072595115 94.99845680043181
0.5547114547798138 -0.2704432907704971 -0.7868644282297217 -58.41383480891751 0.255163967191806 0.9554267267934278 -0.14849619380891763 -9.72903770742348 0.7919511044142822 -0.11840690945219803 0.5989935325285052 95.73383236840164
0.5474108018106345 -0.26976536045685107 -0.7921919365650117 -59.378556143559386 0.2557761955981348 0.9552546723640947 -0.14854981888885335 -9.921393207186837 0.7968186442512394 -0.12130606425134591 0.5919162837339969 96.46671070426386
0.5391867848685632 -0.2689565635601654 -0.7980851946634572 -60.36082223663815 0.25706604638372543 0.9549699957464889 -0.1481531471842269 -10.119526512380277 0.8019941763003905 -0.12527838657109847 0.5840468020958598 97.2033021350344
0.5323468166556867 -0.268916941842823 -0.8026771114130891 -61.350704770104365 0.25713011351616133 0.9547680361293484 -0.14933888277630003 -10.319938130966632 0.8065302049642795 -0.126892377925592 0.5774143684605243 97.9207158572009
0.5263457345729629 -0.2710569255870423 -0.8059083761744564 -62.31626084363566 0.25788119869742787 0.954071106648253 -0.1524651134435539 -10.512369599994674 0.8102206212231494 -0.12757925595596892 0.5720717423492402 98.61330119378927
0.5201560881339409 -0.2735408718364095 -0.8090815999713338 -63.30176153978182 0.25882204199740644 0.953262404948041 -0.15589078833904874 -10.712454658231842 0.813909573941411 -0.1283206092085536 0.5666436505413759 99.30980343214286
0.5143397283259533 -0.2766374750553061 -0.8117427863927154 -64.3189210018849 0.26093279827126437 0.9521472155091704 -0.15915324308496226 -10.919305059487794 0.8169263850873665 -0.12995148091945052 0.5619109306241777 100.01776213135527
0.5117969814974164 -0.27999869560112406 -0.8121973776070707 -65.31683749393598 0.2626915083980766 0.9511217071138608 -0.16235969226491706 -11.125871823582097 0.8179590583554147 -0.13026215382252962 0.5603344984344968 100.71338973895625
0.5068997054207198 -0.2819618456356925 -0.8145859109081751 -66.2968620265105 0.2661201639231927 0.9500173661358977 -0.1632392795674642 -11.330839125904724 0.8198980101194785 -0.13403179341456867 0.5565992556195111 101.3925338304183
0.5034006487750275 -0.28208703387465767 -0.8167096743229377 -67.26153580249215 0.27000117290255804 0.9492300232426802 -0.1614364568675355 -11.533958885568422 0.8207844744170812 -0.13924535286500023 0.554006839543861 102.05376624888478
0.5012958872579706 -0.28069191429736656 -0.8184830374945617 -68.28588527093827 0.2723284823255407 0.9490316940421869 -0.15866959827794658 -11.749185713052949 0.8213036168996894 -0.1433558263604836 0.5521860881224655 102.75156601044364
0.4979177875402956 -0.2805902077486656 -0.8205772432663105 -69.31052501299438 0.27408977106620636 0.948626165622935 -0.15806073292377984 -11.965042252799005 0.8227713377651482 -0.14621057831459575 0.5492447473950569 103.44438374705413
0.49595910453755765 -0.2810506702402921 -0.8216051894820205 -70.27751210959396 0.2763157844983967 0.9480710874314104 -0.1575144450952314 -12.162936088480555 0.8232096657980515 -0.1489017593385171 0.5478632239916773 104.09349342360196
0.4948990138316522 -0.28177547244891976 -0.8219960761674271 -71.28422248472386 0.2796269299489602 0.947289340894222 -0.1563703446165864 -12.368612957740522 0.8227294489416176 -0.15246470986552502 0.5476045709175954 104.77263706329396
0.4909445085633765 -0.2827267605571405 -0.8240382687571797 -72.25884624850997 0.28366883359055883 0.9462074244590257 -0.1556390142219775 -12.569024398242806 0.823714442243692 -0.15734385518183552 0.5447361093921359 105.43137084570482
0.4888853794393086 -0.28485902145471337 -0.8245280005350616 -73.22924113046817 0.28686770944071444 0.9451124458227007 -0.15642692233522487 -12.765732012371307 0.8238312952605776 -0.1600556236028456 0.543768511687081 106.07846520783185
0.4859294109325726 -0.2862858610299583 -0.8257802452015054 -74.22547470001874 0.2908991106084761 0.9439384304554314 -0.15607032695722267 -12.965882358141652 0.8241664364907858 -0.16437957684479004 0.5419677478212215 106.74147686882687
0.48449473197978077 -0.2868128585812943 -0.8264400999686954 -75.16962372355526 0.2953522777413992 0.9428826766531496 -0.15407559865325793 -13.157259245213888 0.8234269164393451 -0.16944215006844937 0.541532520780953 107.36691044815622
0.48276848858587385 -0.287409686476219 -0.8272425633078564 -76.12434219112771 0.2986171128691598 0.9420258924052156 -0.15301973055735263 -13.348111548482509 0.8232632667198256 -0.17315568185248442 0.5406058670713838 107.99485245426202
0.4798463984692985 -0.2898028950408817 -0.8281073094122327 -77.06302198027012 0.30207965157981914 0.9407323364946971 -0.15417702544362222 -13.534673630495941 0.8237082723740601 -0.17617307711211722 0.538950581151361 108.61644176014921
0.4778477238481646 -0.29162102481679814 -0.8286246017937972 -78.02321708381058 0.30420574134584316 0.9398556728854777 -0.15533892325239101 -13.727917782713542 0.8240876286811704 -0.17784401038490633 0.5378206840805392 109.24401262147191
0.4771918587981538 -0.29426167985170715 -0.8280688338946314 -78.92941503211718 0.3076571900494387 0.9385820226775774 -0.1562396880352476 -13.9130812700347 0.8231858740938445 -0.1802050234519542 0.5384154215984478 109.83835256389462
0.47621616237205816 -0.29661666592372415 -0.8277902634072978 -79.82049733357164 0.31160426611897263 0.9372242469208291 -0.15656785212853017 -14.097058352277365 0.8222657405195026 -0.18338283583797757 0.538748352654498 110.42272272855652
0.47818794232396855 -0.29813120008012806 -0.8261077891865876 -80.77496102237464 0.31350602121028526 0.9365955545435657 -0.15653351677556732 -14.291289023566044 0.8203964081350339 -0.18413732578706926 0.5413346273527323 111.0454853733223
0.481488362012206 -0.2997559761816987 -0.8235989995077458 -81.69301722992557 0.3155748331287218 0.9359626006834004 -0.15616188657205995 -14.476632695764135 0.8176683202512999 -0.184716985860322 0.5452505416706116 111.6527862419525
0.4851421540870644 -0.3009693770961411 -0.8210082364861659 -82.56183229763626 0.31726137960253936 0.9355074896753343 -0.15547010572469572 -14.654020643193716 0.814851095194979 -0.18504910378522632 0.5493400785013124 112.23578127611162
0.49115402330466806 -0.30246521238499324 -0.8168736258984854 -83.46055469717791 0.3206123729299286 0.9347182435145849 -0.15332811733419915 -14.834835207222302 0.8099231023473019 -0.18659206986876603 0.5560647154299683 112.85624542604008
0.49773002906053143 -0.3017639266105846 -0.8131441143905332 -84.37459406305103 0.3219035331304283 0.934832984261895 -0.14988464529146123 -15.018944873468563 0.8053837181924838 -0.1871518745098793 0.5624333225706747 113.48536573918932
0.5041842164881282 -0.3015287699949151 -0.8092457455616348 -85.26958502729035 0.3246817544814647 0.9345005039396246 -0.14591287278175993 -15.191490646925647 0.8002374860946534 -0.18918036103660898 0.5690612944551474 114.12482337319456
0.5117023461449139 -0.3020881430953969 -0.8043030913473888 -86.16760703922468 0.32745856572755716 0.9340593418020862 -0.14249222338045345 -15.363848981963038 0.7943120272798607 -0.19046233169167306 0.5768817067000211 114.77218118424248
0.5172194780903698 -0.30234805078063437 -0.8006682631858696 -87.04329606329844 0.3292431034864693 0.9338175756233384 -0.13994182456845775 -15.532557191016874 0.7899892342877363 -0.19123386636812503 0.5825346496676181 115.41570153679868
0.5225027965928117 -0.3035018541365369 -0.7967919754166551 -87.89956593019082 0.3311079976722277 0.9333871595703466 -0.13840485622509377 -15.694632117684701 0.7857215291884138 -0.19150727110186996 0.5881892923922842 116.04810769246279
0.5300034295207325 -0.30548567502139823 -0.7910593321951159 -88.75801600168397 0.3323345846109944 0.9330611244115127 -0.13766140339020835 -15.856424639660764 0.7801602967132458 -0.18993535865826708 0.5960490508034181 116.69270641079842
0.5379640321359199 -0.3068940892954638 -0.7851182828616152 -89.59086653648485 0.3338505134670934 0.9327839237977945 -0.1358601713606632 -16.010632547450207 0.7740403960943003 -0.1890242562738934 0.6042609500491327 117.3322987953559
0.5466846429313899 -0.3066379991917976 -0.7791720212088151 -90.4451939586425 0.33507511443032856 0.9328937024580348 -0.1320379021479901 -16.16406113091276 0.7673725098493438 -0.18889806077827032 0.6127454232890914 118.00190080873398
0.5539591128902892 -0.3056518176837623 -0.7744070425767164 -91.28755714531836 0.3366651875583104 0.9329653582151524 -0.1274056194082522 -16.3126872190096 0.7614367030371807 -0.19013838833093347 0.6197269887222789 118.67692259789945
0.5652715939940245 -0.3040817201272241 -0.7668131014190638 -92.11747240992135 0.33838338454613304 0.9332438463625565 -0.12063419204158074 -16.455858351467125 0.7523062608316899 -0.19128573054697437 0.6304324382537368 119.35744832493151
0.5763216524808007 -0.3051611333188525 -0.7581095142480094 -92.91147567899121 0.3423661505474303 0.9324917209950268 -0.1150852259634901 -16.588693832625708 0.7420503836271048 -0.1932249284830683 0.6418920120795862 120.0269192795641
0.58705630125833 -0.3067800834670388 -0.7491667902015184 -93.67990767402085 0.3461034125079301 0.9316887380967228 -0.11031102915892926 -16.71042063089285 0.7318314881195362 -0.19453039786031723 0.6531313782885126 120.6968364178775
