1.0 0.0 0.0 0.0 0.0 1.0 0.0 0.0 0.0 0.0 1.0 0.0
0.9999057889673684 -0.007133158623680027 0.011727371299409628 0.02107415534555912 0.007136418823113598 0.9999745075489462 -0.00023617498528138729 0.0038453766610473394 -0.01172538766633783 0.0003198441682788912 0.999931204125455 0.3185637593269348
0.9995089715936072 -0.0152178036882491 0.027390402603751047 0.06399278313435776 0.015218661279769988 0.9998841737730955 0.0001771636131811442 0.00939253672144981 -0.02738992611785015 0.00023976863872852402 0.9996247968404238 0.664056741927727
0.998607044145453 -0.02290344787808848 0.04753318270826353 0.10722091686673413 0.022895943021837967 0.9997376067756278 0.0007024184514449282 0.009169786010180913 -0.04753679812757932 0.0003868770293843695 0.9988694124608792 0.9926071411603663
0.9968782809875372 -0.03170116011678472 0.07230995327465613 0.16020627608754606 0.03166588447919084 0.9994971737393266 0.0016344562548613023 0.01253848865467791 -0.07232540809068079 0.0006604046853954848 0.9973808696832761 1.3830336865323718
0.9938764524949604 -0.04220474559702831 0.1021193254243432 0.23440271203869023 0.042163836161920605 0.9991074301808923 0.002560054187692464 0.017811736935196356 -0.10213622323222797 0.0017613649318992059 0.9947688623481502 1.7738571536699748
0.9898866758109248 -0.051834320069894586 0.13205140027613857 0.3232700355797199 0.051919439220305584 0.9986473489348032 0.0028007671339285163 0.02037742997953239 -0.13201795666895563 0.00408359258266823 0.9912389133748598 2.2058344194038457
0.9839426425850253 -0.0607257937775211 0.16783698660571672 0.43749042315593767 0.0608919197526686 0.9981356908814765 0.0041613336074533165 0.024334382640037233 -0.1677767868676478 0.006125402733529522 0.9858059795059676 2.6380565673143757
0.975698992648697 -0.06894842452160614 0.20798459197812405 0.5594478475237948 0.06884837335307704 0.9975971970158464 0.0077287769253760125 0.02848024573503985 -0.20801773297234463 0.00677844097970141 0.9781015670710947 3.045470210658131
0.9678431341181477 -0.07782631573918883 0.23921273444117808 0.6972315640598556 0.07700910633762842 0.9969485345177267 0.012775643390346668 0.03329815609971564 -0.23947706629537896 0.006056740164606632 0.9708831292267558 3.486274337946358
0.9581730732116116 -0.08842046498463808 0.2721877718489865 0.8685583465256883 0.0870022820816687 0.9960578984448168 0.017299302248260196 0.0390739286241346 -0.2726443923589798 0.0071052317059543965 0.9620886398859554 3.9670422632884748
0.946996858601864 -0.09806053096275022 0.30591025165153424 1.0435455579639146 0.09589161884295189 0.9951453393359936 0.022148386702610382 0.04452967202979971 -0.30659704374615154 0.00835977662104909 0.9518026932620893 4.421297045562859
0.9316086855887891 -0.10610294907544353 0.34763115673515627 1.246280589908393 0.10251997728450003 0.9943156441897809 0.028741154761888828 0.06082460698303124 -0.3487046188296257 0.008863628881845468 0.9371907622730448 4.879090229716408
0.9143204233831643 -0.11423333895477374 0.38854717558576435 1.4618189052202224 0.10924022419103467 0.9933990391028308 0.03499889324342788 0.07976578637205976 -0.3899804313079356 0.010444777681509067 0.9207639055784389 5.305066264637931
0.8951150990025065 -0.12285588007169472 0.4285736719276425 1.6891032550421294 0.11594145158211654 0.992354230693449 0.042316198196968476 0.09988059907001566 -0.43049569027199897 0.011811585694679527 0.9025153445236334 5.700762908239393
0.8746734171786987 -0.13136891921772306 0.46657113106632025 1.9514398152196388 0.12308157552035658 0.9912180045195962 0.04835073198635706 0.12492586903320743 -0.46882548890644243 0.015135209934359146 0.8831611327339298 6.129929306724225
0.8535532751592027 -0.1391669517386914 0.5020750601341989 2.2439880191671513 0.12914522987384944 0.9901054870566288 0.05488746761499223 0.15402684351126542 -0.5047457935097918 0.017991221306986594 0.8630805292034192 6.562015796353573
0.8297204583789456 -0.14741293691642893 0.5383617621795826 2.5545353632106638 0.13653789185692805 0.9887967873226169 0.06031846705394188 0.18207148162550763 -0.5412221032392324 0.02345931393166908 0.840552375259958 6.976793414165783
0.8028887434442921 -0.15416316403655064 0.5758501406656819 2.880411384660396 0.14149343653455768 0.9876603889404545 0.06713094320528798 0.2171640178081433 -0.5790934925105679 0.027580336695371965 0.8147944844926744 7.390270139954405
0.7731193319893193 -0.15994954025966104 0.6137610635052633 3.243825940370827 0.14484820003822765 0.9866327218205626 0.07466505995868568 0.2682528757775247 -0.6174993906475328 0.03117718402408419 0.7859532338162711 7.809495616873813
0.7425482152310678 -0.16512934085109052 0.6491182086856294 3.606359130873788 0.14719271917054103 0.9856723729076029 0.08236672088821871 0.3133444297812927 -0.6534190473810343 0.03438421260956617 0.7562150979998231 8.198235640257172
0.7183066248163835 -0.17046242694538485 0.6745206844454694 3.9645694788586088 0.1513715280237836 0.9845856132822817 0.08762323105945233 0.3581808580421245 -0.6790598303895174 0.039162879330337776 0.7330375267569302 8.544256991239378
0.6898846623269859 -0.1775878327519115 0.7017989130402382 4.390014802764555 0.15618755452041408 0.983124970264555 0.09524043603034747 0.4105104038594994 -0.7068695781393577 0.043907339942168375 0.7059798474462919 8.925020021716755
0.6613886538747217 -0.18175567524658132 0.7276880671286585 4.8243411343615135 0.15867137905973322 0.9821420307357012 0.10109611728269065 0.4743777860820457 -0.733067829053401 0.04859944421505623 0.6784170192653789 9.30231251454421
0.6331611831532084 -0.18710754234277935 0.7510643672458936 5.284355237000965 0.1642079917721471 0.9807256537912896 0.10589111121244388 0.5468624226734886 -0.7564011181814765 0.05628463017638762 0.6516819690767264 9.66346376459375
0.6023576395958384 -0.19155976582935869 0.7749000775170509 5.757349672167428 0.16980401503313364 0.9793086687985338 0.11009599309089788 0.6114185046840093 -0.7799563260203468 0.06526398188468874 0.6224216755298595 10.00768976458852
0.5763093544788872 -0.1941931454132262 0.7938240045593521 6.233643990689906 0.1747205571612886 0.9781762170379089 0.1124456105264004 0.6782205272945954 -0.7983359285697829 0.07389391514816113 0.597661638771219 10.329699764606225
0.5515145873379015 -0.1971014948366383 0.810544669149497 6.765163262017981 0.17998334991644754 0.976913354634209 0.11509253359879773 0.758117488913319 -0.814516822236569 0.0824093336370306 0.5742569529602082 10.680376431448307
0.5316877605425243 -0.20110946180538278 0.8227169073634167 7.336617986571909 0.1865451130994489 0.9753507343210686 0.11786375964674736 0.8389240201453994 -0.8261410570041833 0.09080710011723594 0.55609803497253 11.029493025732167
0.5171601980898377 -0.20616636155649865 0.8306869210925588 7.926651324911131 0.19551502389981346 0.973349583918865 0.11985183734272856 0.9270492580059327 -0.8332581862430967 0.10042917328907755 0.5436862847371977 11.393020064962657
0.5047540491160768 -0.2106021337557807 0.8371798439752581 8.57891113721699 0.20316892563719338 0.9715255849145977 0.12190334495729556 1.0210566062912712 -0.8390147421567477 0.10855772249757754 0.5331692820575706 11.793818266152769
0.4937198565700616 -0.21603931249112693 0.8423584264948023 9.233557913487855 0.21028446277905707 0.9695628943443055 0.125412274616231 1.1140240358373377 -0.8438134556536543 0.1152163589472206 0.5241221638976776 12.180308912634535
0.48643821959035716 -0.22091002275292285 0.8453263395689661 9.876230998522837 0.21728898562192447 0.9676979934860594 0.12785182881151907 1.206229572619797 -0.8462643530535592 0.12148808686598862 0.5187266038102185 12.548053255689435
0.47905982703813216 -0.22497928346581111 0.8484609620538857 10.574983021424266 0.22168173754111295 0.9662725221582795 0.13105197504284452 1.3020929117634898 -0.849328493198567 0.12530656380687896 0.5127761458063007 12.955716813260262
0.46952710509040985 -0.22809080757928615 0.8529471736768041 11.25838870576756 0.225903387354812 0.9649334027052394 0.13368316246001197 1.3986432892223875 -0.8535291191090325 0.12991578749912283 0.5045888732338851 13.345133410107511
0.4594556211565953 -0.2313127010934654 0.8575517281776375 11.913690054578595 0.2306759511246727 0.963439327099805 0.13628377955649412 1.4961307546344882 -0.8577232291131767 0.1352002119462858 0.4960158918112852 13.69613005938574
0.4482021665916227 -0.2348802741005458 0.8625230864742276 12.634987049490535 0.23590848241301426 0.9617378846437995 0.13931054937246642 1.5993632233569774 -0.8622424286638671 0.14103722231851543 0.48646325260240764 14.082943342398625
0.43746176143088544 -0.24000980266374375 0.866615544466575 13.370732905252684 0.24208881399758722 0.959576088050801 0.14355046979499408 1.711081007616593 -0.8660370739310349 0.1470000879810372 0.4778815341803224 14.477541958431773
0.43019725340827925 -0.2449868749860986 0.868856578639144 14.109263126598654 0.24923033151001356 0.9572959318617504 0.14652215087266557 1.8189172745374222 -0.8676488719611073 0.15351198625999574 0.47288424065423174 14.862476258404028
0.41944378579311004 -0.2520339826601113 0.8720927600571089 14.889560586846848 0.255911475537795 0.9545509040986525 0.15278052288336239 1.9369848695375036 -0.8709628162255907 0.15909570411839455 0.4648788333355909 15.252935548438192
0.4079627725985021 -0.2574637253027175 0.8759445224025265 15.612476757951708 0.26217987901148737 0.9520425899087667 0.15772323240832423 2.0568459815723124 -0.8745445027071322 0.16530982170777156 0.4558997429607523 15.606908641526585
0.39295198914905793 -0.2612240987742526 0.8816749426196586 16.367029081049562 0.26822591582596994 0.9496672513345817 0.1618238852022172 2.1848153164243707 -0.8795701179002835 0.17289905136292738 0.4432407085711797 15.975872544666233
0.3798665342236262 -0.2639823543669373 0.886574719219886 17.1393727675396 0.2733737490463459 0.9476445667116611 0.1650350523804377 2.315864385899482 -0.8837240573331001 0.1796749614296802 0.4321443031279793 16.337639590822928
0.36353950923874445 -0.2668089060164998 0.8925536582708803 17.91220451543472 0.27817544189162396 0.9454869629892696 0.1693305239634228 2.447516247040752 -0.8890767395173785 0.18672817272068548 0.41794155184851056 16.686248895130504
0.34565024422110285 -0.2679799668695613 0.8992845189518616 18.685804511665932 0.2799300330395748 0.9441645938755496 0.1737595933302135 2.586218604451897 -0.8956366926786524 0.1916766992318249 0.4013663634377425 17.01766388942939
0.3269444446311348 -0.2698900392813291 0.9056857605271056 19.48099168974665 0.2823292629171808 0.9424817415987541 0.17893673198541765 2.735006343186892 -0.9018855345471954 0.19719922274112145 0.3843370254409759 17.348827154233696
0.3068427368814249 -0.2719122234949571 0.9120917045654704 20.26057199506916 0.28360978769413 0.9409073042255471 0.18509168857381034 2.8794245558818803 -0.9085224395397218 0.20188409439339786 0.3658275403571339 17.65524433582765
0.2813820198758003 -0.2729240717403169 0.9199655482436837 21.085009622091658 0.2837500732559604 0.9394940287350961 0.19192932526931789 3.04309406613805 -0.9166842721558237 0.20703483048942478 0.34179895281636435 17.95604220578672
0.26015979765041264 -0.27574653300148155 0.9253543803452594 21.89793490924869 0.2878429940175612 0.9369287892917022 0.19826965121115045 3.208268618895593 -0.921663328163545 0.21477498302653378 0.32312291188408404 18.232275348969818
0.23435919573135888 -0.27616919946872126 0.9320978170991263 22.677514036369548 0.2893311732751174 0.9351664033724669 0.20433127556653843 3.3726346720130116 -0.928096568007551 0.22179804162392938 0.2990692046740939 18.473069121140693
0.207046125566822 -0.27710190378899086 0.9382677852320651 23.49478422431817 0.2911586949913339 0.9330458895795641 0.21131015656996505 3.549534524298678 -0.9340013470111868 0.22943387468984744 0.2738641651003143 18.709086647277992
0.17684694161451925 -0.2759192267792391 0.9447717923049661 24.246434086386916 0.28818048304626553 0.9323497200106348 0.2183483656621055 3.7185838062258547 -0.9411042282514792 0.2336505508010591 0.24439773255402725 18.90324100942109
0.145418002092154 -0.273906257001836 0.9506991990334116 25.04310321152493 0.2869759896500501 0.9312799402486884 0.22441580660633828 3.902366796346125 -0.9468359868699016 0.24019374526753037 0.2140293874739077 19.073317033857744
0.11494524227651437 -0.2725972366455416 0.9552373201729547 25.88710558689141 0.2889629802746091 0.9292028364639329 0.23039636442052996 4.10481749745892 -0.9504146396751312 0.24954525697876206 0.18557795507708974 19.223423844425653
0.0887378302275364 -0.2698832658414722 0.958795400648778 26.699763620570092 0.2911511917882907 0.927579990796523 0.23415025986357735 4.302411319325967 -0.9525526657391534 0.2583764375725156 0.1608882702392223 19.35039142320253
0.06317981944994883 -0.26833871201346793 0.9612505636145162 27.520472133938608 0.2938794031706853 0.9254713190355227 0.23903500587715537 4.5055934538421125 -0.9537521726351735 0.2673895534189827 0.1373303313768786 19.455265076952912
0.03899810813196858 -0.2667553513839737 0.9629749374049876 28.302176182528722 0.29790871312053285 0.9229858808376272 0.24361334614765498 4.701346340378564 -0.953797434578745 0.27737816475418864 0.11546344663400121 19.532403324504063
0.012815177472865813 -0.26207351137830476 0.9649628209730075 29.10822229376134 0.29946098316778597 0.9217533464755624 0.2463612952987643 4.91031528437432 -0.9540224791830232 0.2858115513672383 0.09029322410087343 19.59176603035109
-0.013054374950658476 -0.25272683914409405 0.967449599757467 29.937761241829087 0.3024599828066398 0.9212089033959183 0.24472865607586153 5.128531563892939 -0.9530726845814306 0.29580956894651905 0.06441394898948388 19.63692823718394
-0.03611079815739959 -0.24223597103190073 0.9695451225160528 30.737553494927532 0.3045840193342865 0.9213508667178413 0.24153913878387043 5.339029726123824 -0.9518007067777406 0.30403012142962904 0.04051049050404698 19.664831876010883
-0.058696605109494315 -0.23165687633099408 0.9710251285096523 31.634878376424226 0.3045121182462007 0.9221884603581771 0.23841311504073576 5.567941436768664 -0.950698205736096 0.309682959219234 0.01641299422367265 19.68481808302965
-0.0824416767795288 -0.2243217175901463 0.9710216974646791 32.50666540281088 0.30810923848966487 0.9208681260885792 0.2388945196345617 5.784290660983473 -0.9477721599029479 0.3188756205348973 -0.006802318824171427 19.67291666279216
-0.10825328197014134 -0.22025683086338044 0.969416399387133 33.33565206322435 0.3106545267645253 0.9188174344330482 0.2434507900635774 5.992665412478149 -0.9443383884727985 0.327507939811986 -0.031041221250245055 19.63932462262393
-0.13289512142854332 -0.22082018246452262 0.9662180570227549 34.16440948217373 0.3121256739609761 0.915938177196927 0.2522594283819283 6.197066342013702 -0.9406999789278722 0.3351055096078035 -0.05280006700369938 19.587779404337383
-0.1521333518160765 -0.22302648957497007 0.9628679183631947 34.92238619182372 0.3151121641240828 0.9124228906884574 0.261129838526271 6.400256855951336 -0.9367816006339167 0.3431379511152694 -0.06853159284718258 19.520647434201663
-0.17365681147052275 -0.22455920692378303 0.9588620726755506 35.721754952767384 0.3185349518862447 0.9085092740969495 0.2704558805178059 6.618164453928871 -0.9318684436425129 0.3523975900394263 -0.08623886755799492 19.433085821796315
-0.19179346180723916 -0.2240001514430713 0.9555308473102666 36.52052173855353 0.32141916914182544 0.9055765586822497 0.27680464965999496 6.841204786774258 -0.9273106198659506 0.3602152530344809 -0.10168572055668007 19.334210829519805
-0.2058136756148995 -0.22046502378266994 0.9534337440107686 37.27720659265157 0.32577161481958666 0.9032854818447879 0.27919203653805813 7.055848886604395 -0.9227749378411422 0.36806318965217955 -0.11408725833913247 19.22979725203119
-0.21789334057078885 -0.21726338551563837 0.951482587044653 38.10196073708652 0.3294980145142479 0.9012904905551729 0.2812587955353302 7.294245626165719 -0.9186694457562368 0.37479604180020265 -0.12479734165770512 19.104820585691748
-0.23137157473320524 -0.21419414907751164 0.9489931827502437 38.945418413394535 0.3311338293975386 0.899880089916369 0.2838418764041508 7.545515321821948 -0.914777339812262 0.3799166885951025 -0.1372797446564249 18.968810298207647
-0.24385832060276214 -0.2135467580550021 0.9460078760755632 39.74671932061805 0.3329128242893896 0.8977494194291011 0.2884701567552066 7.785042981284736 -0.9108798882928868 0.38528400179466304 -0.14783121140215172 18.832764121902017
-0.254101487821124 -0.21128954216100346 0.9438162762214292 40.54735404758052 0.3369758594776733 0.8953603538700028 0.2911650852129545 8.02975650923994 -0.9065758126138016 0.39202878222290927 -0.15631292298606753 18.679860985328354
-0.2610360824071171 -0.20775411392278426 0.9427080098470064 41.315802077334396 0.3428205692160026 0.8929585660821089 0.2917174259159023 8.267228290021288 -0.9024046880440952 0.3993284705712113 -0.16187202224997538 18.536336166581275
-0.2694876983763036 -0.20354115663900896 0.9412477771436685 42.158935343601804 0.348307873565495 0.8906349634475382 0.29232000803415026 8.530461775554505 -0.897807332135423 0.40662065790962576 -0.1691201789409459 18.36995932825175
-0.2740450426709762 -0.20073951933422451 0.9405333380401396 42.9777409291084 0.35468667967837886 0.8879362243489183 0.29285938733070294 8.781178674547386 -0.8939220736989272 0.41385131009391785 -0.1721348868979149 18.20258838686838
-0.2736180786764047 -0.1995658708802307 0.9409073334825531 43.779075043836535 0.3632526218751625 0.8843518729159567 0.29320521409221223 9.032490925009157 -0.8906069165025912 0.4220133031669202 -0.16948183450710014 18.040221794281795
-0.27097872271198253 -0.198054722641067 0.9419898400072861 44.614203428318035 0.3699108055938382 0.8820339373300203 0.29185977678162395 9.29137349234241 -0.8886712146470708 0.42754001010159476 -0.16574984772248846 17.878234504795184
-0.26524381165512245 -0.1953992292581052 0.9441741690938175 45.436716653115845 0.37810950507979685 0.8797305279152178 0.28828354171253623 9.544756299371485 -0.8869492220792423 0.43346665322646327 -0.15946077258584956 17.724377330140708
-0.2584268096596242 -0.19367922619886063 0.9464163678784085 46.26675849530793 0.3860972731707147 0.8773375583648719 0.2849696551082305 9.792294083469942 -0.8855193276825115 0.4390525777414089 -0.15194852509760398 17.585489939472104
-0.25302115880402803 -0.1922134827495643 0.9481741771672283 47.15920215055664 0.3936146639558743 0.8748303156992405 0.2823816832807534 10.055092332295118 -0.8837690815571517 0.4446638008460443 -0.1456925348148576 17.439395364890352
-0.24871765833716053 -0.18985567531361713 0.9497864754682971 48.06134857587579 0.4010202355055541 0.8724195629352918 0.2794045041205754 10.320603014896342 -0.881658832625381 0.4503764300660117 -0.14085018315446207 17.289719131121608
-0.24555795879954945 -0.18843486966867076 0.9508909447266547 48.98324825139027 0.405886233986006 0.8708131368729606 0.2773821293993748 10.588264098581202 -0.8803167918033008 0.4540669339892802 -0.1373519767848962 17.144854418720648
-0.24575558349180754 -0.18796015665806964 0.9509338424368308 49.904100522606036 0.4119280936074021 0.8677797785442187 0.277981117428357 10.850791503514468 -0.8774505335798553 0.46003177657507593 -0.13583565681221882 16.997302108412807
-0.2503389396721417 -0.18593514505480996 0.9501360624233115 50.76240664511887 0.41735315907061804 0.8647921465476336 0.2791968550741786 11.100445885579093 -0.873582712682436 0.4664361318583534 -0.13889052883265152 16.860093659545527
-0.25337813472607873 -0.18404548006841392 0.9496982584532416 51.6722218653136 0.4236227590181507 0.8614865769264557 0.27997256261531767 11.368682458140595 -0.8696799864804197 0.4732527221706445 -0.14031600790177834 16.71207707137923
-0.25598313028202213 -0.18265005541788926 0.9492689788815705 52.619333237984364 0.4293748011741777 0.8583191162995181 0.28093695860717555 11.641908470744836 -0.8660888621427092 0.4795073011442646 -0.14128988294174083 16.55518401233616
-0.26159145043239845 -0.18146993831652702 0.9479654922770502 53.52453216051798 0.4330955549018438 0.855664461786104 0.28331355273011805 11.905188339185159 -0.8625532756792118 0.4846720440913559 -0.14524068400888496 16.402163203103083
-0.26419119676430447 -0.17917674638292141 0.9476806978660457 54.466001112531245 0.4389723367595711 0.8525788386297994 0.28357117533435006 12.183931144006376 -0.8587818693429006 0.4909226186236414 -0.1465901886608394 16.23834759535077
-0.2650442812691428 -0.17740741681952396 0.9477753623216563 55.40136132628351 0.4452885889491466 0.8493199096770947 0.2835026694367602 12.459347060956667 -0.8552599613674201 0.4971743149877261 -0.14610988672326009 16.08378637000646
-0.2666908175292789 -0.1744577093956007 0.9478610211829609 56.34274872061734 0.451817624298148 0.8460835405059075 0.2828488586835136 12.731010415573422 -0.8513147727011102 0.5036935081152315 -0.1468196433159702 15.925521944623643
-0.26894354660028985 -0.1725648512648576 0.9475709687669814 57.26620928695745 0.45791170733423797 0.8426101853439074 0.28341655534027943 13.000394802171646 -0.8473406853375455 0.5101268936868983 -0.14759510597934833 15.767267289465558
-0.2701134201695107 -0.1715743568198924 0.9474180599535612 58.18507371860447 0.46469004897667376 0.8385755673630018 0.2843486877125975 13.266017291435844 -0.8432685803623813 0.5170621412399674 -0.14678161829723113 15.611617271157526
-0.27160377527664625 -0.17104022527499516 0.9470885019856129 59.14485480668245 0.471835901034213 0.8340336219497431 0.2859349575561295 13.550107775588408 -0.8388100331724136 0.5245313706493371 -0.1458237616234832 15.444209787667097
-0.27102293696824187 -0.1696696192692907 0.9475013392782738 60.08720280777583 0.48042879124956706 0.829127711940159 0.2858940605038112 13.831071993166066 -0.8341071538930647 0.5326907710763261 -0.14319845751446075 15.283567886982729
-0.2706683296586713 -0.16818449149726056 0.9478674127427278 60.97678768140539 0.48843571839471034 0.8244804227065436 0.2857666558048407 14.097056063492246 -0.8295596448212919 0.5403202840847703 -0.14101342592294197 15.129781288845328
-0.27075924694907555 -0.1656006375573967 0.9482962928495255 61.947715485235015 0.49390515994761697 0.8216533315060979 0.2845057043400877 14.377876637570298 -0.8262851343021296 0.5454009824574158 -0.14067922791157683 14.97427148665398
-0.27027771423437 -0.16351391735467685 0.9487956344859372 62.898962423377625 0.4995630771774598 0.8186140789626555 0.283386170525505 14.655917697492821 -0.8230350473152597 0.5505762331916 -0.1395676263870574 14.821130194628974
-0.27187545611874814 -0.16003268371728804 0.9489327038849833 63.860128464130575 0.5036843273171581 0.8165588170052014 0.2820173696532332 14.934183040809947 -0.8199913626223663 0.554636131633442 -0.14139634617417274 14.668434271107612
-0.2753031200727339 -0.15614568146779698 0.9485919661462326 64.79667877065243 0.5085819029306234 0.8136825598336603 0.28154065396316763 15.20314068846175 -0.8158140965254793 0.5599457277107304 -0.1445964796556845 14.514101629212194
-0.2796686641902836 -0.15225082027439185 0.9479478498291969 65.72442604682387 0.5126772519601732 0.8111133509889266 0.28152649461476964 15.476443322643833 -0.8117557967717803 0.5647254373350732 -0.14878745523102027 14.35720028851935
-0.2854603735310043 -0.1510791040828873 0.9464076708549292 66.67541819083988 0.5183250566617305 0.8062790047480335 0.28504964855115156 15.757667018609347 -0.8061336804650665 0.5719171887712706 -0.15185262068141397 14.185916608859394
-0.29100459471061124 -0.15202202087673838 0.9445663719537476 67.64227558561771 0.5236864853153278 0.8009431891570444 0.2902455388822054 16.045597229512342 -0.8006677156944644 0.5791194288844879 -0.1534662703433976 14.006475698133036
-0.2980146471497011 -0.15010214923560553 0.9426858516383342 68.55573914973338 0.5273788008733471 0.797264124894103 0.29366905786315134 16.32409925845299 -0.795649967305743 0.5846702146951668 -0.15843569539304542 13.830964302340883
-0.3039479762620249 -0.14582368907162163 0.9414622028694317 69.44387655412245 0.5315295518877843 0.7941545636722636 0.29460968155932765 16.599393912996174 -0.7906275755348982 0.5899609993076323 -0.16387207236057327 13.65903270783016
-0.3090347174383877 -0.14293033684380552 0.9402491490171594 70.34719591105953 0.5350938845605497 0.7911855733804318 0.29614172819881135 16.883916423377897 -0.786239199050567 0.5946396448979784 -0.16802266094765073 13.478497300016976
-0.3152815866926299 -0.13950620408781111 0.9386882017547616 71.27169980377 0.5384895741641361 0.7881773042118527 0.2980025430124119 17.17983031571657 -0.7814259399387157 0.5994285246352121 -0.17337515463453207 13.293037425967874
-0.3214953630206443 -0.13681789066096553 0.936974704221682 72.17346538116773 0.5429526343982201 0.7840474937693838 0.30078557863365296 17.46648770963032 -0.7757855169802137 0.605434052815856 -0.1777819994676355 13.102671991501229
-0.32470239696833203 -0.1345973690281261 0.9361900991004586 73.04146498407447 0.5497622050591514 0.7785797967851963 0.3026136446468043 17.74560757736756 -0.7696296975114199 0.6129413090081539 -0.17881017985520709 12.919733130596313
-0.32748471162945375 -0.13692665690630262 0.9348822676024169 73.94912209991199 0.5563478336301348 0.7717895144947411 0.30792536974245527 18.03699975919046 -0.7636955228780835 0.6209605751933336 -0.17657041765690812 12.734110975616483
-0.3293844509016148 -0.1396653225586106 0.93380912459605 74.87057079383827 0.5637124021705441 0.7643059102149261 0.31315300293889625 18.334439799692166 -0.7574524481070457 0.6295475147160322 -0.173019408077564 12.544488314764813
-0.330806954233156 -0.13835965283673313 0.9335005974812663 75.77711182070883 0.5694771449096342 0.759514022501995 0.31437911993071427 18.62532453768386 -0.7525041796937436 0.6356060541638489 -0.17245986041310668 12.356717418637432
-0.33352377409983996 -0.1319450895026018 0.9334625785034715 76.63478366104262 0.5744861791667328 0.75663013168401 0.3122122255361669 18.913463103994804 -0.747480783737353 0.6403915499005185 -0.17655350678874754 12.180404112691907
-0.335131746076906 -0.12428654448104831 0.9339376679588445 77.49623330860551 0.5799856315713887 0.7539699869564652 0.30845733244584317 19.203231731824935 -0.7424980672986172 0.6450442726122203 -0.1805948682216359 11.998447207321814
-0.3349919483027762 -0.1190269001362676 0.9346726654911128 78.419208735994 0.5889863775039285 0.7478349095171332 0.30632987974127107 19.51285908819369 -0.735442344230403 0.653127510637435 -0.18041345061119263 11.799162475412912
-0.33451802965215255 -0.11744664254600842 0.935042231127724 79.34634740334141 0.5966771348962712 0.7415956831596346 0.3066141539638575 19.820475785230823 -0.7294340851164134 0.6604862821237586 -0.1779994005515641 11.594785135156698
-0.3345450451869651 -0.1164616604527752 0.9351557594248319 80.23636578681577 0.6029613836892108 0.7361735206409987 0.3073859419144429 20.11154139060723 -0.7242355849586817 0.6666972544953365 -0.17606131979494177 11.408975778981844
-0.33448036219082405 -0.11756047454458435 0.93504140129384 81.14766376036074 0.607404349019643 0.7317160728015191 0.3092758406276606 20.406600424456006 -0.7205434366509207 0.671394908849311 -0.17333791354030587 11.222527546492918
-0.3337555190491366 -0.11784554958757296 0.935264497319686 82.01923680417708 0.6146465645725825 0.7250358189921455 0.31069705798013514 20.695850906871918 -0.7147145263413666 0.6785539680974477 -0.1695513438927696 11.043769889595366
-0.3313609543349849 -0.11659218203406235 0.9362724929371491 82.89768211174777 0.6182728914425324 0.7227513484000478 0.3088189114889227 20.98190197770297 -0.7126980774840763 0.6812024306140199 -0.16740579104694325 10.877267129285746
-0.329124766582349 -0.11560105336443083 0.9371836983660932 83.78144530872312 0.6230509586442395 0.7191940150911013 0.3075182459458866 21.27262930386441 -0.7095663400659648 0.6851250726095015 -0.1646792152252886 10.705008345093766
-0.32842608788780087 -0.11351051647381949 0.9376842045403994 84.62154582695064 0.6306543127130931 0.7126896583184483 0.30716215388994406 21.545439746311814 -0.7031439700737615 0.692234652105614 -0.16247997960711652 10.526367802823614
-0.3272523545297998 -0.1100589649207448 0.9385056849562909 85.52271258873762 0.6385472129940621 0.7063510842430877 0.305492393630563 21.83542554773047 -0.6965366847713181 0.6992532946144688 -0.16087721012807454 10.352913015326877
-0.3244152363168071 -0.10651148002582772 0.9398989621593474 86.36806179136263 0.644376651651656 0.7025375641328744 0.30202599521969686 22.105717299274502 -0.692483563163568 0.7036307807401234 -0.1592803790280954 10.19813166599874
-0.31855224984203984 -0.10478996731083207 0.9420952854523631 87.18188752601992 0.6522703452467171 0.6969192306584151 0.2980721098160836 22.356570044671383 -0.687799288188279 0.7094523582943943 -0.153653800728193 10.050679607647453
-0.30861299287211114 -0.10346254453592985 0.9455440352033686 88.07591455941282 0.6623735264698678 0.690053987165101 0.2916964282081943 22.628792966678695 -0.682656086226725 0.7163246447496397 -0.14442877574054558 9.892427364542327
-0.29736719437645376 -0.10164503133597025 0.949337157870367 88.97678208964273 0.6705248766431613 0.6856076186640905 0.28344061641273 22.89155417768728 -0.6796831184539968 0.7208401215487833 -0.13572169190732053 9.750145506392606
-0.28746295694501756 -0.10086781640910791 0.952465606726713 89.88636188595858 0.6783436757807508 0.6806079480361995 0.2768080175829698 23.153952434041607 -0.67617668246745 0.7256710719622305 -0.12722652791183453 9.613805249324992
-0.2754606632559314 -0.10104209007241072 0.9559874052687101 90.7077049446759 0.6877614079349355 0.674089623956303 0.2694205349074288 23.374371344376318 -0.6716440044800203 0.731706003056042 -0.11619232478005481 9.49824811173743
-0.26414079583813715 -0.09974957354002145 0.9593120777685329 91.50403584032959 0.6977203417554071 0.6669508981393326 0.2614628542869061 23.590134336948182 -0.6658948600753078 0.7383945571642045 -0.10657163447918377 9.385028596165458
-0.25164211886015936 -0.09838667726073952 0.9628064736763876 92.35685837452527 0.706085179133664 0.6617081024588807 0.2521628579867565 23.81601086063964 -0.6619063104574173 0.7432781773184645 -0.09704425433167291 9.28200747099482
-0.23851594404221926 -0.09630317260729426 0.9663518217416567 93.21171699647937 0.7152004169713952 0.6557324990829645 0.24187445754017217 24.03175936676265 -0.6569615726978189 0.748826140430594 -0.08752658685353182 9.18674883779516
-0.22714292847311524 -0.09265207013475524 0.9694440076375748 94.01265667229016 0.7225779786079605 0.6513556250738709 0.23155326496394057 24.222958387255314 -0.6529066969142614 0.7530945781137796 -0.08100247860490106 9.10168382738853
-0.21689242172429096 -0.08606393786431771 0.9723943006814978 94.9185746023103 0.7285884527681492 0.6486847639778721 0.21992485870380052 24.429447342377976 -0.6497049668053082 0.7561752942157388 -0.07798961806711341 9.017744811108162
-0.20371861722081308 -0.08211402847312865 0.9755798333942508 95.80730936331335 0.7359297603717246 0.6443454010853736 0.2079095762569514 24.617182116562077 -0.6456826719038199 0.7603132843953493 -0.07083499682431593 8.942309255311505
-0.1906662589270326 -0.08259204102070122 0.9781742853228175 96.69818301357269 0.7433696810325838 0.6386479881289543 0.19882219337979823 24.79759647758707 -0.6411301701123451 0.7650537902780916 -0.060372203478434916 8.872735712722482
-0.176063094027068 -0.08478119105804999 0.980721130885021 97.59176205183044 0.7523485316849314 0.630889929089441 0.18960375588328449 24.96308848589206 -0.6348019169734318 0.7712263267136948 -0.047291428298980975 8.80509805141819
-0.16507304279845297 -0.08296812922680824 0.9827854191398362 98.45113260724715 0.758716365928312 0.6259771696145042 0.18028327485917722 25.114543096505738 -0.6301590010575073 0.7754152904437839 -0.040382678615794976 8.74976445731141
-0.1603003023066093 -0.0783320701278562 0.9839552326553757 99.34675550493527 0.7629350816777731 0.6226571700070883 0.1738623299743044 25.270115921180352 -0.626285776803002 0.7785641498478136 -0.04004984826452901 8.698206573018773
-0.1547048238081954 -0.07237470919103761 0.985306205684298 100.20847743771566 0.7673358201163053 0.6193925453973942 0.1659777511372364 25.41367555448263 -0.6223039102053856 0.7817383041502124 -0.04028730777102951 8.652018187234626
-0.1520859614936882 -0.07011165529964436 0.9858773839112471 101.08345607559193 0.7711628131340441 0.6154880264337717 0.16273415423889526 25.552832737835665 -0.6182052862566998 0.7850215570975138 -0.0395395869536746 8.604287381013147
-0.1485702363977759 -0.06872587872556274 0.9865108405132244 101.99132599113553 0.7768479926226421 0.6091702210735283 0.15943286397540485 25.694249294173854 -0.6119101904813158 0.7900559444435742 -0.037115002822198984 8.551629720830444
-0.14284575446886882 -0.06836957931157372 0.9873807224444776 102.92365130764881 0.7821118637377396 0.6035676603436744 0.15494228599043885 25.832103803474077 -0.6065444114249999 0.7943750247912014 -0.032744418716462054 8.507220320272983
-0.1377926313366526 -0.07031811758294637 0.987961817627034 103.80018320585367 0.7873193221512006 0.5974308433133273 0.15233079933257426 25.961738456677146 -0.6009504769252587 0.7988314902390352 -0.026958755271465018 8.465393779705291
-0.13276584723737583 -0.07274001278328657 0.9884746432497039 104.68536961423587 0.7933926920263841 0.5899449622332632 0.14997659075576164 26.089095238426594 -0.5940549352092527 0.804160327345164 -0.020613148174155604 8.430902857380229
-0.12835542567676356 -0.07415748112732518 0.9889517443698594 105.55292494209563 0.7997758697841801 0.5819112646529779 0.14743757384374684 26.207409700252068 -0.5864157593468096 0.8098641540794498 -0.015382104111026418 8.406767689832263
-0.1225184685549578 -0.07468088861847538 0.9896524590673752 106.41969475668677 0.8037625854908748 0.577488329296324 0.1430836667532832 26.320314378118436 -0.5821983605507421 0.8129760109632358 -0.010727281591004945 8.386617841536868
-0.11947215036819464 -0.07353079196649503 0.9901109169780828 107.23760894310115 0.8072472430062182 0.5733717267790309 0.13998839805245433 26.432027787877022 -0.5779950639454108 0.8159890229428413 -0.00914442406759891 8.369769892953737
-0.11578818797674134 -0.07122363668140036 0.990717058045807 108.0695487798847 0.8129306198171877 0.5663240972711111 0.1357233370268507 26.538607792442676 -0.5707336531944703 0.8210993913211342 -0.007673765917540709 8.347181904016972
-0.109489363757453 -0.0686999844549196 0.9916110080872853 108.94756048110402 0.8183529822590887 0.560014950887835 0.12915746672086675 26.649144619281127 -0.564190105949798 0.8256291945649632 -0.005094843507533864 8.327924294738626
-0.1045096209616469 -0.06893219468355966 0.9921320938577488 109.78836428028795 0.8239422132673586 0.5526719180258268 0.12519177377823382 26.753474635385636 -0.556953290970203 0.8305432580918117 -0.000963387616077005 8.311848883458955
-0.09751569629595269 -0.07201262472351722 0.9926252418996533 110.66805899587555 0.8304367234901717 0.5438065672032746 0.12103415115370653 26.855211703330575 -0.5485121122225318 0.8361151830621305 0.006772252074185858 8.301616191779782
-0.09119958642470599 -0.07435458298024639 0.9930528845060552 111.51992726419307 0.8373832302054367 0.5339731925831656 0.11688436753155063 26.947326777367376 -0.5389545075483381 0.8422256381708976 0.01356514655111235 8.299676268706468
-0.08721299262567284 -0.07192273720417552 0.9935899626054673 112.34419216037362 0.8417909603173934 0.5280331685906758 0.1121113374998795 27.033302227850694 -0.5327118104990684 0.8461726140340105 0.01449255718134912 8.30058224648564
-0.08241984493019733 -0.06964124140075734 0.9941614892248865 113.19684820992991 0.8469320633973049 0.5208845886651589 0.10670203972142256 27.125936512913523 -0.5252742608878394 0.8507816069869458 0.016050173252781297 8.303312288561342
-0.0765912693389511 -0.0690738119769368 0.9946670729244149 114.08889848994087 0.8521753473016771 0.5133631522043427 0.10126920267330664 27.21675847573069 -0.5176204738148547 0.8553870950965978 0.019543864251721055 8.31054457844197
-0.07140943738444583 -0.06964306620058902 0.995012831868322 114.95809433535346 0.8566667485276913 0.5066792784144717 0.09694426642346676 27.296861401754544 -0.5109038796284784 0.8593171429429132 0.023479216873622977 8.318363816434754
-0.06394454881390255 -0.07244020207126539 0.9953208084838079 115.85426752661627 0.861607452880714 0.4992252880359692 0.09168810678496836 27.378452157406297 -0.5035312222865576 0.8634387812168725 0.030492282192836617 8.325397393455534
-0.05851377552213388 -0.07275861350403662 0.9956316197445294 116.69682360747129 0.8654559415774712 0.49338737883813505 0.0869189714129609 27.449504244102677 -0.49755617900132426 0.8667612581121774 0.034099416027218665 8.34152428141873
-0.05045094406829531 -0.07322471329233232 0.996038575360349 117.56230400720506 0.8691136671843775 0.4881151770729407 0.07990624146069647 27.519074130962014 -0.49203265720472367 0.8697020842071771 0.03901472760063063 8.359788677781017
-0.04233208341559036 -0.07388482253283063 0.9963679178461078 118.41149631987145 0.8734663555828481 0.4814097826188466 0.07280897515892487 27.582481454010697 -0.48504074094710187 0.8733760096305414 0.044156827595734804 8.380842199299247
-0.03577964479477552 -0.07438523996994495 0.9965875039819502 119.24144002490213 0.8772927483777706 0.47526038881246363 0.06697011624302113 27.636784483468343 -0.4786201527956565 0.8766951573383075 0.048252983715236175 8.406159724755275
-0.031144805506671258 -0.0754085466580971 0.9966662190426969 120.08205432885745 0.8811526620500132 0.46861723305005454 0.06299107119811703 27.692651313686994 -0.4718050309737349 0.8801769367459162 0.05185144904868649 8.431366102568864
-0.025498675103805823 -0.07682565649791212 0.9967184336971076 120.9695296916824 0.8856340189694316 0.46072633300154603 0.05816898248208552 27.741498434963333 -0.4636832992593147 0.884210984201516 0.056291503847236746 8.459054377952317
-0.021165885113866634 -0.075961643842129 0.9968860687020098 121.85883014724081 0.8891426218002086 0.45449100966228123 0.05351000125594757 27.789262764472934 -0.45714046354003485 0.8875064793008343 0.05792103066624721 8.493769246646497
-0.018027530650027657 -0.07721153132083824 0.9968517380080919 122.7331002575045 0.8939623858375244 0.44526990131499533 0.05065538165501732 27.833701924147995 -0.44777925459577 0.8920611494813713 0.06099708796025444 8.529211246392434
-0.013542804249960627 -0.07861877735661432 0.99681276090347 123.61358934290436 0.8983286763038378 0.43683931314813207 0.0466583735085454 27.87153596104772 -0.4391152260890551 0.896097373244236 0.06470947288874113 8.565756061945608
-0.009333167427398759 -0.07968205197533706 0.9967766362524616 124.51705909620244 0.9014742237086623 0.43070440366703266 0.042871210044631236 27.905455202174345 -0.43273215269336907 0.898968568557781 0.06781147963683787 8.609314632279915
-0.005477463144987149 -0.07835846761829268 0.9969102005446672 125.38444099569072 0.9048099774171925 0.4240891433452508 0.0383053946982827 27.936959831275352 -0.4257803449712013 0.9022241124295032 0.06857659066329042 8.65503694454196
-0.0016089767383566378 -0.07661382067157008 0.9970595436963432 126.20305044582052 0.9085804529649476 0.416367629816155 0.033459786778880674 27.967524062342754 -0.4177068010984095 0.905962647863245 0.06893989405817152 8.696772142956847
-0.0012213548032768973 -0.07750405963699702 0.9969912883431977 127.0585727701049 0.9128450844131142 0.4069899769744589 0.03275683905910137 28.003348261782882 -0.4083042494944902 0.9101386044895108 0.07025212069843023 8.739857208653557
-0.0010652004239227186 -0.07817589394637137 0.9969390126551085 127.92367026099447 0.9163256496978994 0.39913090646811233 0.03227728625001841 28.02800649768937 -0.40043247752121647 0.9135551702593712 0.07120942240035238 8.791563093474684
