1.0 0.0 0.0 0.0 0.0 1.0 0.0 0.0 0.0 0.0 1.0 0.0
0.9998615443863499 -0.004387817383664551 0.016051140643308492 0.019091470167040825 0.004362960305971531 0.9999892287992947 0.0015833075382348071 -0.00431054225191474 -0.01605791501759103 -0.0015130578309256826 0.9998699185500524 0.3165431022644043
0.9996024852654806 -0.0076606918552215835 0.027132733945808684 0.03423484780896295 0.007589292430748639 0.9999674648090497 0.0027334893016882824 -0.006584637231531966 -0.02715279159635853 -0.002526484447053768 0.9996281022384593 0.6341716104359907
0.9993332418750238 -0.012200226544425296 0.03441258717126634 0.052078243793216 0.012112216020020673 0.9999228219988613 0.0027648271045643607 -0.006477162168570672 -0.034443662793606306 -0.002346170944002068 0.9994038871123436 0.9426964312659085
0.9992287930793807 -0.015864944556608244 0.03591827689826172 0.06929101983345261 0.015796948143935757 0.9998728524151068 0.002176104918460126 -0.004298441030495807 -0.0359482337599813 -0.0016070275337056496 0.9993523612580519 1.2842264781551915
0.9992488224407284 -0.020179341793118682 0.03308451322921487 0.08145080536538908 0.02014646499554437 0.9997961589809342 0.0013268139107353645 -0.001723343443573631 -0.03310454347972353 -0.0006592812502332886 0.99945167694553 1.6308440035014358
0.9994271232929338 -0.023988382070519912 0.023874311551330532 0.09230873580354701 0.02398978865610929 0.9997121777134519 0.00022753387251983693 -0.0009674870874241332 -0.02387289816185805 0.0003453361647623264 0.999714942109143 1.975506399859756
0.9996654497647014 -0.025278375017271152 0.005476522913653895 0.08279865721364257 0.025275325694976866 0.9996803323571799 0.0006253073255952132 -0.00029918295947892377 -0.0054905789995606784 -0.0004866772285636954 0.9999848082283677 2.32762224819576
0.999625374541122 -0.023847700245123806 -0.01343122356825693 0.061516797501995096 0.023866435721258652 0.9997143915642573 0.0012363435080702413 -0.0010508412609654782 0.013397903548123025 -0.0015564357762658577 0.9999090327065706 2.7113773712076683
0.9991963246970663 -0.02345249749599168 -0.03250669274281107 0.030533413247934148 0.023473796375895355 0.9997244150154634 0.0002736890436821039 0.002108631714455919 0.03249131569478258 -0.0010365245728555556 0.9994714803441026 3.0883294239383186
0.9983119579914729 -0.024942775455166037 -0.05245085779875419 0.005388417550391218 0.024968190007116524 0.9996882315648674 -0.0001707585340406322 0.005243271722049962 0.05243876446866853 -0.001139132697093687 0.998623491791425 3.490638635800344
0.9968650502760978 -0.028451705758423592 -0.07382798911977473 -0.034750078695171556 0.028560605391879375 0.9995919746674384 0.00041952365954066925 0.005462179334004965 0.0737859292662418 -0.002526780538085871 0.9972709020233319 3.919941918178959
0.9951695708692975 -0.030963934584392144 -0.09315986244553962 -0.08167492637055868 0.031185130200832648 0.9995132028903339 0.0009191856523326411 0.003393192244505493 0.09308605088935448 -0.0038199480310369014 0.995650739530115 4.344233351083823
0.9931385803299551 -0.03224902730223788 -0.11240889866136373 -0.14092475003444074 0.03261490744872967 0.9994669878943221 0.0014170114895855148 5.799733170736921e-05 0.11230328611537609 -0.005073494605332204 0.9936610244847977 4.757775334095333
0.9908714220612432 -0.03437627587556617 -0.13035373642230794 -0.20573409950372987 0.034896567755039604 0.999389468732035 0.001708609498565522 -0.0032079553588904956 0.13021541575883974 -0.006241910318774609 0.9914660781157997 5.1755964178557425
0.9887200551434379 -0.035708900524496996 -0.14545627171246023 -0.279154973771236 0.0362580748479222 0.9993418262116521 0.0011253409629188487 -0.006110573316758978 0.14532035151856726 -0.006386611565762384 0.9893640415070827 5.625458117365784
0.985993291182653 -0.03848502741389876 -0.16228411015176933 -0.3528573672455195 0.038958904167863274 0.999240779246274 -0.00026244492450614625 -0.010787207560491568 0.16217100088745642 -0.00606364216050175 0.9867440391078681 6.060594378969826
0.9838998971114492 -0.042619509954577466 -0.1735643103731627 -0.4322804753197627 0.04288714879493415 0.999077479245504 -0.002209735887142967 -0.01342886751040346 0.1734983715552427 -0.005269519492460517 0.9848200583010065 6.510482445763242
0.9816746673534683 -0.04454625307271118 -0.1852848585655054 -0.5292529872958369 0.04448019430513667 0.9990000619376024 -0.00451536966858048 -0.01787372452875386 0.1853007279830132 -0.003808882493411762 0.98267447948093 6.992460337944066
0.9796563295904303 -0.0473683001213767 -0.19501210228346755 -0.629080413785059 0.04704397974657103 0.9988729710757172 -0.00629695354705989 -0.020883872681764424 0.19509059398907636 -0.0030052949906455525 0.9807806219226646 7.4807422961441
0.9779539090417082 -0.04969694209857997 -0.202821018970157 -0.7317505910493869 0.04868320864684711 0.9987643378149963 -0.009987126955215926 -0.0279272604950547 0.20306673037671616 -0.00010702813854106177 0.9791648949789242 7.964060841709588
0.975299849963 -0.05377866048669509 -0.21423832135826332 -0.8377908861577752 0.05255012643140711 0.9985528746195833 -0.011429820690188611 -0.03403956589921994 0.21454297209228934 -0.00011074846958421692 0.9767145442044896 8.476807052080801
0.9730620355311108 -0.0595671675140891 -0.2227151264786476 -0.944645287663805 0.05807467525697823 0.9982242989058757 -0.013250704421641134 -0.04313814134218713 0.22310895791484497 -4.035122832108176e-05 0.9747935121193261 8.987222704803152
0.970366161899143 -0.06264238475447398 -0.23337832691447336 -1.0704294861289987 0.0604624011524754 0.9980342449768944 -0.016490721642117488 -0.055287488334621715 0.23395258042604167 0.001891424244612249 0.9722461687383107 9.525377315560581
0.9673274192262138 -0.06051889776009115 -0.2462013952581432 -1.2131464665614284 0.05704369628590892 0.9981459413285709 -0.02122961430036254 -0.06645766646590635 0.24702971628367668 0.006491750396065082 0.968986159059871 10.054631923953057
0.9646608253296228 -0.05923367921647522 -0.2567505858237733 -1.3732677143259493 0.05498091685603323 0.9982056818696706 -0.02371740847512705 -0.08444409262417846 0.2576947629581188 0.008762872222381148 0.9661866389131932 10.624344888286263
0.9616356246837313 -0.06299554999940235 -0.26699903748778325 -1.531043110669267 0.05830959436485634 0.9979740714927151 -0.025450812035357206 -0.10191859500206778 0.2680614044284178 0.00890580195860924 0.96336066462532 11.194741015301833
0.9581591153075204 -0.06537714266109448 -0.27866994629952674 -1.6929333380945566 0.05998537791427422 0.9978109165352103 -0.027841143648308805 -0.12030822816941593 0.2798800889480921 0.009960123525085535 0.9599832976410441 11.73028298285775
0.9548032335315086 -0.06697048311138436 -0.2895958211535577 -1.8576820508039844 0.060614700245915 0.9976837226143228 -0.030871471369617078 -0.13746312879588501 0.29099251425401557 0.011922416795893264 0.9566510401530287 12.273724212449968
0.951927141138054 -0.06756098396357714 -0.29878124340494516 -2.0485700353370384 0.05988141661826389 0.9975988882115339 -0.03479474361023112 -0.159926856627943 0.3004146033543006 0.015230616697464446 0.9536871050855692 12.86874175989242
0.9495641331243215 -0.07046695881075635 -0.30555255652640023 -2.2467361382615443 0.06084806511674981 0.9973085872895099 -0.04090348017161764 -0.18376075598352026 0.30761253234451225 0.0202481958348222 0.9512962422453014 13.485174310145196
0.9470745400342265 -0.07446278156492697 -0.31225808201001404 -2.4467210617579678 0.0625066517584888 0.9968828545393014 -0.04814034494597469 -0.21391649060847365 0.3148693921372824 0.0260742878558244 0.9487767900870627 14.099173609257992
0.9457641964899901 -0.07767524171250977 -0.3154308822270687 -2.649689505505721 0.06311563082184633 0.996426529540184 -0.056130102213211054 -0.24672087250768948 0.31866361854407554 0.033177221906125605 0.9472870579518058 14.700618334237962
0.944190496350527 -0.080574247059257 -0.31939332696877004 -2.869900428461569 0.06297920366765816 0.995892141188307 -0.06505738255384325 -0.28760882730454695 0.32332325389110733 0.04131142493552226 0.9453863970160897 15.336349338363618
0.9435058725681807 -0.08286822337505179 -0.32082631747414175 -3.095682676015787 0.06271579663396587 0.995382598421396 -0.07266506459391119 -0.33246977901417835 0.3253665583337097 0.04843903709336893 0.9443464737073699 15.987535855609712
0.9430443980113077 -0.08706004811641757 -0.3210729066761276 -3.329586464232234 0.06481138296057781 0.9947365264520717 -0.0793645234396591 -0.38593903269561536 0.3262924271542746 0.054035090117755265 0.9437231908868927 16.64914089630863
0.9423820040204071 -0.08909378084509441 -0.32245690675376737 -3.5531408976047976 0.06533291534177428 0.994338832620356 -0.08379675480668702 -0.4407184991493242 0.3280971939401891 0.057901503934818105 0.9428677782015145 17.29209850012007
0.9417876414092777 -0.09388720923251795 -0.3228331309380737 -3.7751795259256458 0.06859804624969507 0.9936785832243453 -0.08886608628708062 -0.500608650680992 0.32913575700533476 0.06154725975855916 0.9422746883349558 17.934124768549506
0.9419974512060869 -0.09594977749991866 -0.3216122543047016 -4.023079780662426 0.0692895930371246 0.9932176552940746 -0.09336831105300325 -0.5669380458431937 0.32838963780543623 0.06566832881882118 0.942256820814876 18.641471655008665
0.9416246513139421 -0.096811548187849 -0.32244463117777106 -4.267979616905567 0.06966786685231781 0.993064043895637 -0.09471110309721939 -0.6328240720133406 0.3293772978912553 0.06671827979734035 0.9418382381145602 19.34423274186547
0.9411249868958793 -0.09737711652320667 -0.32373053025295123 -4.505309067425648 0.06959991475921697 0.9929131282460418 -0.09632949507897023 -0.7018415228345528 0.33081658196913416 0.06812647748332101 0.9412327938188161 20.02963120453317
0.9398429143440977 -0.09802542499576755 -0.32724045045133426 -4.768810544277962 0.0702336689101053 0.9929274281544042 -0.09572018684742761 -0.7761737470311906 0.33430903085112534 0.06697864191725522 0.94008049305275 20.772643890007124
0.9383980992178299 -0.09946238979885548 -0.3309323804040104 -5.015399431547514 0.07201421182590782 0.9929427966453628 -0.0942260891960357 -0.8471860148550711 0.33796887531170294 0.06458974845582327 0.9389383386117303 21.466835113664366
0.9360586898134102 -0.10230763570323242 -0.3366411693504181 -5.277291041624251 0.07496046952128646 0.9928132050559114 -0.093289162691908 -0.923602327253783 0.3437659919683017 0.06208935128847522 0.9370004563620159 22.20909475960436
0.9322075488960322 -0.104132748172714 -0.3466200463609255 -5.595950034818701 0.07663028347739632 0.9927905993198521 -0.09216629295085563 -1.014071089085453 0.3537186529368022 0.059356521630964776 0.9334666131707374 23.069783487659038
0.9286766258511385 -0.10561608118564716 -0.3555347634096157 -5.887356261213638 0.07921650515001058 0.9929608787585388 -0.08805361189008139 -1.0928879421947586 0.36233198852649345 0.05360910976744086 0.9305060953268278 23.845868872904674
0.9261319475774843 -0.10495528526807354 -0.36230374517886715 -6.154246993758596 0.07920365282887587 0.9932058755720167 -0.08525766890894335 -1.1589957226218721 0.3687904514150266 0.05026407090080753 0.9281525338658403 24.511734883012508
0.9231491791118391 -0.10469556168379134 -0.3699113846164421 -6.466546438831595 0.07936504554015274 0.9933765945646968 -0.08309110010979338 -1.231573722571911 0.3761605809379119 0.04734744697195052 0.9253439558422 25.283955655362966
0.9193910321918115 -0.10446377391989312 -0.37921952727106367 -6.7896188502644295 0.07875868786275628 0.993455591723983 -0.08272276807800692 -1.3042255741541633 0.3853792924008923 0.04618773874919892 0.9216015916749619 26.053266551139046
0.9151081553348647 -0.10613561631575082 -0.3889888108787929 -7.13701204907308 0.08024515151722598 0.9933747963888808 -0.08226317254596523 -1.385766384973183 0.3951427333225287 0.044065234013057605 0.9175622460922069 26.873072069477132
0.9111879830789624 -0.10824961709179351 -0.39751538321425056 -7.477300188670587 0.08197837892941193 0.9932090699825677 -0.08255476177949103 -1.4628887393300898 0.403752405417724 0.042635240164010414 0.9138742973820628 27.650775962729252
0.9072525877899019 -0.11014038766278186 -0.4059086559239885 -7.831673132587741 0.0838633784112705 0.9930955795356752 -0.08202501855013451 -1.5346840640855675 0.41214035923453896 0.04037653913096059 0.9102252794653813 28.448944200437275
0.9035951818243912 -0.1118949277581283 -0.41351574640604527 -8.190313028853943 0.08609626195638519 0.9930233938486798 -0.08057278043103329 -1.6116801604788094 0.41964649535160303 0.03720301615801126 0.9069248891324264 29.24021218249261
0.9000045917267353 -0.11340785083413604 -0.42086861873983306 -8.559956754607162 0.08827741718517756 0.9929747869529725 -0.0787919417885688 -1.687457961218397 0.4268475518096674 0.03375991476413188 0.9036932198867114 30.043936075486418
0.8952991346774294 -0.1122905331268318 -0.4310803818499961 -8.940952221884473 0.0889567343060138 0.9932839049272773 -0.07398502303864801 -1.7638701840831121 0.4364930227019165 0.027891224112826168 0.8992752196908533 30.843415905847333
0.8910908222318213 -0.11463656965740651 -0.4391077355631522 -9.327560218667431 0.09272339644359281 0.9931491928459049 -0.07111295593274157 -1.8401089741739227 0.44425163847326543 0.02265254172737149 0.8956156229472043 31.656631748909177
0.8874646152369319 -0.11618575449979256 -0.44599038908218486 -9.750908991738033 0.09486840287015118 0.993031294094049 -0.0699202051396115 -1.9195763617353379 0.45100614501271646 0.01974131204384848 0.8923024922970665 32.51705022364528
0.884451223862094 -0.11786659009251127 -0.4515013837728612 -10.162444589679168 0.09746580855601886 0.9928943669896969 -0.0682729240815928 -1.992187219186834 0.45634027739326943 0.01637812382702529 0.8896546005549237 33.337216659717626
0.8812636385776451 -0.12134880575078175 -0.4567809832553767 -10.582887561794335 0.10182422582871095 0.9925282483353102 -0.06722725110269165 -2.062675853659276 0.4615259758185593 0.012733561925074927 0.8870353037198839 34.16283741991594
0.8782016210906586 -0.1240588399232996 -0.4619213319934732 -11.015718206212366 0.10549167098669919 0.9922325204168142 -0.06592520595136818 -2.132951098807068 0.4665119720502072 0.00916676956083375 0.8844673822530965 34.994059257247265
0.8760889012262711 -0.12488035763972437 -0.46569639618953396 -11.461913937686838 0.10647199166268313 0.9921393957872108 -0.06575054614503006 -2.2046078709601815 0.4702466928533643 0.008019700914792986 0.8824985735159637 35.840368500918686
0.8747721764171733 -0.12788587519056274 -0.46735301677972085 -11.92619443052523 0.10970897773603035 0.9917676247037303 -0.06603725307458166 -2.278225102815683 0.4719508232543699 0.0064947298839104495 0.8816009521962065 36.71187729413583
0.8731696166628186 -0.12955357832880637 -0.4698836993119769 -12.400924694667088 0.11190460906335356 0.9915619510360221 -0.06543894656865491 -2.349424113653324 0.47439664733984416 0.00455714821342194 0.8802994112192035 37.58340347997373
0.8727334022534429 -0.13130533735271488 -0.470207738105 -12.874775763771751 0.11415913334054205 0.9913374319652788 -0.06494450137943092 -2.4213819495226843 0.474662091246043 0.003000727774440784 0.880162993295422 38.47570337960792
0.8721368685244446 -0.13127854946022485 -0.47132072414863624 -13.367238159635328 0.11499717243055985 0.9913449835820125 -0.06333067076666404 -2.4968309437993463 0.47555539413758274 0.0010324622989739164 0.8796851715973446 39.39210445994669
0.8712311504079128 -0.13429872044994362 -0.47214419009918257 -13.836277579845238 0.11884705593090711 0.9909395912589914 -0.06256279862681313 -2.5690562214343085 0.47626847455553994 -0.0016062879477933972 0.8792984476180815 40.27847781406927
0.870174080790955 -0.1378674711534455 -0.47306408605745015 -14.312093274854332 0.12285884694650047 0.9904441561577026 -0.06265841731190586 -2.6425298875603276 0.47718211706495567 -0.0035963774566146432 0.8787970716966441 41.171628768050475
0.8683174373714283 -0.14135901983239788 -0.47543922373815506 -14.81083136117147 0.1263633249709782 0.9899462890609743 -0.06355041208902544 -2.720355448531513 0.4796427191764665 -0.0048961501641333095 0.8774502206134406 42.11383506945046
0.8672520737626896 -0.14312519172946458 -0.476853247914616 -15.327986872434606 0.1291331660548944 0.9896750918043853 -0.062191945512426045 -2.7983369270455163 0.4808310160326113 -0.007641475929786149 0.876779984868873 43.06745570035798
0.8654418959890564 -0.1440482114412256 -0.4798546003191503 -15.840666760429443 0.13197250585326642 0.9894948422845422 -0.05901876643152385 -2.875153351794188 0.483315199808238 -0.012250300929902598 0.8753606958057061 44.01480611705499
0.8629308711665442 -0.14625937663075925 -0.48369257419907824 -16.34072429120579 0.1362635217893691 0.9890896672916056 -0.05598109222352675 -2.948474077365529 0.48660308693770865 -0.017601840942429534 0.8734458260121977 44.932327479472676
0.8599439510238464 -0.1484109001907999 -0.48833452243523945 -16.8541025409325 0.1392634828253847 0.9887132546806059 -0.05524293955092839 -3.018483389585945 0.49102146943778413 -0.02050133467460555 0.8709062015095078 45.85260375484305
0.8554928011770312 -0.15307838792011183 -0.494670672555041 -17.37159889479763 0.14280569832230797 0.9880042354870278 -0.05877212933331632 -3.094044850181838 0.4977334624685735 -0.02036265727929084 0.8670909770765531 46.771183240908535
0.8495216989322579 -0.15795447507181434 -0.5033520307379695 -17.897084893324358 0.1460542838502574 0.987249090637771 -0.06330386405175305 -3.166849576867195 0.5069329632330479 -0.019738714235784955 0.861759452485483 47.6900406068514
0.843465781239871 -0.16086312709667594 -0.5125314919281476 -18.43746600475019 0.1486839665125813 0.9867453643360062 -0.06501279922821379 -3.243947520614914 0.5161962359214756 -0.02136914369087181 0.8562037174168419 48.60108755912035
0.8381061511514775 -0.16198705690127552 -0.5209014041049612 -18.98703937108043 0.15153474027663588 0.9864455831179509 -0.06294707329478107 -3.3205676413210705 0.5240375004628482 -0.02617832965544134 0.851292777583072 49.51511434788641
0.8339037971975379 -0.16192969795970502 -0.527620346402796 -19.552005299451697 0.15338979638420774 0.9863256660250798 -0.060276453988222255 -3.399468432937773 0.5301660375625159 -0.03066681364050882 0.8473390815702999 50.41823956539657
0.8301676703673253 -0.16436733199872303 -0.5327335349389127 -20.124292025897187 0.15539902800442593 0.9859026366740105 -0.06202526174482597 -3.4801760547994123 0.5354183235304596 -0.03129490646824317 0.844007018724949 51.327648730156206
0.8277278754730176 -0.1692091491959346 -0.535009184961635 -20.668201255858957 0.1578120028511909 0.985164516616277 -0.0674258626664384 -3.5552579101104445 0.5384811379435872 -0.02862060496575235 0.8421513670655496 52.199423739786475
0.826354666764043 -0.17334872701788492 -0.5358061063095181 -21.23687409445469 0.15825459912091414 0.9845859409774345 -0.07447151594172793 -3.6444280760715677 0.5404567018498028 -0.023253895821111002 0.8410504204593056 53.092952626399885
0.8233659179843028 -0.1757562628993358 -0.539609396835828 -21.803018020037875 0.15975590118953867 0.9841654396705378 -0.07678827640477108 -3.735640427218041 0.5445609397826701 -0.022980935789404366 0.8384063808519462 53.984249001868655
0.8215178259394177 -0.17786580851855044 -0.5417307595326437 -22.37899173378245 0.1638595316690668 0.9836681238557551 -0.07447869488177974 -3.8237613816578855 0.546130493146983 -0.0275821730496619 0.8372459066396752 54.89283439878956
0.8184315695328739 -0.17848967877443328 -0.5461787258425178 -22.957359866862266 0.16779269408581265 0.9833395780720926 -0.06992056927988949 -3.9127029522461627 0.5495592577724276 -0.03441959860310056 0.8347454183334101 55.78211964294298
0.8160866454360732 -0.17908217549689165 -0.5494835407545866 -23.514813623036865 0.16997241414440128 0.9831025199300794 -0.06796185501479517 -3.995056302021968 0.5523694104227903 -0.03793428167803363 0.8327358673089268 56.63467181386949
0.8137414122488147 -0.1814696621740399 -0.5521717809719585 -24.0970190196346 0.17154879154297967 0.9826756129482375 -0.07014022980393722 -4.078767516973594 0.5553340671266692 -0.03764839209376205 0.8307747423106376 57.51887418846168
0.8099042261778745 -0.185920834537548 -0.5563169849142486 -24.68706363309857 0.17522880499890045 0.9818162428356894 -0.07301870447130887 -4.169230452328411 0.5597767504263427 -0.0383446031257688 0.8277558100631197 58.41752788334278
0.8073521480227795 -0.1907645056807846 -0.5583828547290558 -25.279597801954292 0.1791772481895019 0.9808741703825121 -0.07603535761510066 -4.258424082412435 0.5622081667978877 -0.038662194050318864 0.8260915275784966 59.30710097124558
0.8042722616534695 -0.1946360648580616 -0.5614827970573822 -25.888735326185678 0.18309798406227526 0.9800386171827317 -0.07745603309549218 -4.352332159273323 0.5653505614812316 -0.04051062931043684 0.8238553462506197 60.21462197612884
0.8003284712025427 -0.19708601055136346 -0.5662432715958298 -26.48616340148599 0.18608190407093353 0.9794416130712762 -0.07789513182267789 -4.44745386560463 0.5699542640948804 -0.04302593438014242 0.8205491489306287 61.10344959902823
0.7964220682090442 -0.19915975681029346 -0.5710054995679935 -27.073764146773673 0.18882553667632745 0.9789031560101424 -0.07806105208284021 -4.538094302428849 0.5745057057754309 -0.045650875354671314 0.8172265240499886 61.95588361093215
0.791330713281465 -0.20092495558121112 -0.5774295320141989 -27.67514365334084 0.1904005361547225 0.9784786191820203 -0.07954387239531226 -4.636361039592553 0.580984800187959 -0.04699738320732168 0.8125564029174972 62.80919867609907
0.7862213236997758 -0.20314272947815806 -0.5836000870629958 -28.283375128726078 0.19193491607931382 0.9779884929258615 -0.08185044712296292 -4.735006705132232 0.5873814928557071 -0.0476606668518819 0.8079055902058326 63.65606600403109
0.7813912859002838 -0.20735086118646837 -0.5885858294967106 -28.903130793497024 0.19605446770728627 0.9769966429050362 -0.08390593211628057 -4.836731918145335 0.5924443467627263 -0.04983151731102671 0.8040687258383872 64.51965854567193
0.7753276081711873 -0.21054396258749486 -0.5954312217422777 -29.5353153609103 0.19907764547302204 0.9762063163533066 -0.08596114811253731 -4.940812781387905 0.5993623203709619 -0.0518889943038348 0.7987943046802932 65.3849724360523
0.7700711221507547 -0.21460977776711596 -0.6007770885413548 -30.163631913544116 0.2023286230673589 0.9752615018955536 -0.08904005395380205 -5.042135250840478 0.6050236318666771 -0.05298722683042098 0.7944424199875517 66.23518769425215
0.7644125165507477 -0.2169261250652204 -0.6071380080383219 -30.824645750804795 0.2045856269436957 0.9746420694050489 -0.09065074624016635 -5.153309348643568 0.6114067596850791 -0.054917144955217836 0.7894085643070765 67.10629653814185
0.7588989889343306 -0.219636409862496 -0.6130515247980096 -31.47542040010251 0.20873458066023698 0.9737778648250134 -0.09047952704028187 -5.259746317986736 0.6168486033307087 -0.05930023136170507 0.7848447509727019 67.95154158220863
0.7539521773331925 -0.22270430259287252 -0.618028241993164 -32.14018065127604 0.21228742008168958 0.9729040621242483 -0.09160642541436435 -5.372953995224619 0.621683332227589 -0.062132757131480185 0.7808004578134173 68.80454858595999
0.7478055954217826 -0.2251570532962646 -0.6245727281964979 -32.84526139294182 0.2143643134460789 0.9722366175705004 -0.09382910303239703 -5.489953590710761 0.6283587610407486 -0.06372017581595327 0.7753096198405638 69.69637345739518
0.7426537603865297 -0.22841318847579553 -0.6295179167538185 -33.52217157426692 0.21677626204140357 0.9714169585592984 -0.09673233605552595 -5.604832093894192 0.6336193213587349 -0.06462590775937443 0.7709410143760502 70.52894398898952
0.7381718786903485 -0.2296895181918799 -0.6343067103094081 -34.22065347956163 0.21806694152328718 0.9710169148055099 -0.09784150538635647 -5.723557333960998 0.6383957131164343 -0.06609747645993178 0.76686507097415 71.37885464151192
0.7340361129913336 -0.23210665654531484 -0.6382142938010159 -34.93317886620256 0.22173194181756004 0.9701890627542205 -0.09781681087574702 -5.846506019453062 0.6418924604654493 -0.0697114230197803 0.763619268155387 72.24312158723652
0.7303665601121055 -0.23319866814125345 -0.6420148511110594 -35.64699928390182 0.22294850318704773 0.9698268705681646 -0.09863977925064236 -5.97067405306148 0.6456459190583218 -0.07109305381755686 0.7603204093684641 73.09241823907279
0.7258665383546825 -0.2359371251479198 -0.6461048223577388 -36.37404302503797 0.2259553387043018 0.9689917659131333 -0.09999571242594292 -6.096225064993458 0.6496629536983116 -0.0734072923453961 0.7566699518432743 73.94947632183661
0.7215367087804765 -0.23893008814475034 -0.6498439742441101 -37.056661302393515 0.22721213928448183 0.9683039706301186 -0.10374036930585692 -6.2165776789187595 0.6540331961330458 -0.07279995495251482 0.7529546765343215 74.75174396256656
0.7176632734663762 -0.24171759494222012 -0.6530941970442508 -37.79977717997742 0.2288076587347193 0.9676071419104681 -0.10669336543661923 -6.342940384193154 0.6577282730899303 -0.07286304426253795 0.7497229458666274 75.60957387734803
0.7127368727102417 -0.2446654386194911 -0.6573773447757054 -38.53970058658126 0.23182029901684112 0.9666947907681469 -0.1084459794804356 -6.475891099074508 0.6620162378997716 -0.07509996435991637 0.7457174371772275 76.45225832872771
0.7097527154471406 -0.24515848617100172 -0.6604153235455348 -39.271449735710924 0.23330241199123353 0.9663870775245373 -0.10800926327244792 -6.606520824661464 0.6646962219499095 -0.07741661999807911 0.7430919185898808 77.27745124042357
0.7066062513042912 -0.24593909078786982 -0.6634919511494718 -40.03862469631947 0.23474934490511298 0.9660289223826511 -0.10807805599118758 -6.74305466388214 0.6675330334030799 -0.07938567088996537 0.7403361159453408 78.13825566399798
0.7022470632682485 -0.24766226117358542 -0.6674672025811511 -40.78859688282395 0.2363935375336681 0.9654651410104973 -0.10952240367111592 -6.878543922997112 0.6715408830022479 -0.08087314686573897 0.7365408179948982 78.97228347199939
0.6993505806436985 -0.24986821906933931 -0.6696824907763667 -41.55659443567391 0.23894064797989267 0.9647344350297345 -0.11043023413362824 -7.016868032044371 0.6736587653228233 -0.08278491992492107 0.7343912614790249 79.82195761271159
0.6952732990383119 -0.25181672531512383 -0.6731889604679726 -42.29902472676277 0.24184239968909219 0.963967445059869 -0.11081073313253564 -7.155461085008934 0.6768362382120239 -0.08576188964986786 0.7311207868243663 80.63548644233308
0.6903248965187133 -0.254106868765747 -0.677407732826025 -43.05319613581298 0.24461127046786185 0.9631298029694514 -0.11201030752624641 -7.293942481016877 0.680894164761695 -0.08837806219924257 0.7270298855723749 81.46016084289043
0.6865294960220211 -0.25802477605049856 -0.6797797187588345 -43.819099707401726 0.24844136948886641 0.9618917169101195 -0.11419812111501321 -7.433958370556899 0.6833404254237024 -0.09048502574344955 0.7244710643621047 82.28958588121209
0.6833647645011324 -0.2628082337087307 -0.681134664316249 -44.60740215572677 0.25288184365464866 0.9604142839108528 -0.11685536534464223 -7.582271327851047 0.6848820130417632 -0.09239175046994806 0.7227727116161492 83.13611051554987
0.6800539242925824 -0.2678960925166602 -0.6824649028840706 -45.37440133618404 0.25850396431430195 0.9586855807821366 -0.1187335573214574 -7.722789638424675 0.686077517841861 -0.09567466129923194 0.7212100933134731 83.96051744731479
0.6749543783456827 -0.2711690584467411 -0.6862244012661608 -46.185890679282664 0.2624368976073116 0.9574318544117972 -0.12021280685449696 -7.878718887945905 0.6896110946948594 -0.0989524426110595 0.7173875885287273 84.82924776315062
0.6663269885562518 -0.2749201238962741 -0.6931286098541987 -46.99036336226889 0.26733450991901336 0.9558339998490641 -0.12212135169125944 -8.030776090060971 0.6960895087041017 -0.10392444471536337 0.7103936272677887 85.67401754080383
0.6571775110845031 -0.2779311977996588 -0.7006225575974736 -47.820674691605156 0.27133847732714034 0.9544487398514577 -0.12410895905515328 -8.186205201124846 0.7032020688582814 -0.108544241144391 0.7026556753259889 86.52480579124122
0.6476328490923046 -0.2789936389202353 -0.7090375464096593 -48.66720181232184 0.2739167388719377 0.9535921207439025 -0.1250267468220669 -8.346811301446449 0.7110142846260877 -0.11324582419317661 0.6939986097683922 87.37189083701763
0.6383439183699688 -0.28057170762904693 -0.7167960370692595 -49.48451944243446 0.27594260888219235 0.9527231327864805 -0.12717825622646306 -8.50662138375827 0.7185907865283022 -0.11661110209424783 0.6855867066863249 88.17123164757848
0.6304410744266282 -0.2818201723532064 -0.723271347511159 -50.32397023007475 0.2751498777186751 0.9523982330884461 -0.13126366748420573 -8.667486128897773 0.7258351028072401 -0.11625401526319443 0.6779737513119429 88.97315421822559
0.6206045221753143 -0.28502964200986297 -0.7304848596865505 -51.20257232614884 0.2773546326339961 0.9511642855548885 -0.13550243407894744 -8.84557328345472 0.7334333199494083 -0.11850993654790223 0.6693511485964607 89.80089507001976
0.6110228727928116 -0.2879592207963703 -0.7373808622973389 -52.02897212441282 0.2792091780875812 0.9500232026790384 -0.13963577350779594 -9.00697017664159 0.7407383369285522 -0.12056285302617203 0.6608867638820684 90.55725976683428
0.6000615096363897 -0.2897761953229305 -0.745624531032251 -52.88187129758081 0.28266818713463177 0.9487626260172197 -0.14123800995104147 -9.176302858836904 0.7483481012436112 -0.12601284100073495 0.6512264454611818 91.32901097054823
0.5879638074040292 -0.2905531503279753 -0.7549022638841713 -53.77144973766055 0.2841465199143873 0.9479732050856594 -0.1435533268864403 -9.359566295874282 0.7573369899876149 -0.13009869051651307 0.6399336014950208 92.11004298691023
0.5768742638946347 -0.2918637463069979 -0.7629099797798347 -54.657332136063324 0.285106201111701 0.9471905803220223 -0.14678030738789472 -9.54487532932316 0.7654609968794477 -0.13283658434661333 0.6296220327430159 92.86106624583995
0.5660517904129333 -0.2950343356473802 -0.7697662706038902 -55.56505028427513 0.28644759761695454 0.9459731148345002 -0.1519297200345894 -9.730014955087182 0.7730026807131963 -0.13449760889853188 0.6199816519952746 93.61374169382977
0.5562421390604106 -0.29668856135155225 -0.7762541982473558 -56.476488081493365 0.2863226688022528 0.9453255266508568 -0.15613768921127177 -9.920330955099407 0.7801371751579681 -0.13540881147630854 0.6107785537419592 94.35060296726651
0.5497114458954739 -0.2976714402098125 -0.780518443045982 -57.416662775643225 0.2854584793844571 0.9450469070928595 -0.15937314686525447 -10.122914459554428 0.7850673746876895 -0.1351963648832192 0.6044759384155358 95.08615604504313
0.5424646843812557 -0.2976736287775454 -0.7855714333716273 -58.38242542048022 0.28510436597131944 0.9448516937451977 -0.1611545138397411 -10.333011086031695 0.7902199483075816 -0.13654921294990852 0.5974167270335875 95.82925773498914
0.534327576275659 -0.2974426082605061 -0.7912154801459379 -59.33161963171047 0.2864691791657839 0.9443698016559492 -0.16155830869498922 -10.536357200298324 0.7952543307769295 -0.1403337896284801 0.5898109670640651 96.54916787244836
0.5261319694545876 -0.29801939147387513 -0.7964732217867578 -60.29050250537197 0.28976091835532947 0.9433626327806414 -0.1615721302299778 -10.743480878173814 0.7995147033743113 -0.14577854910348764 0.5826876124559103 97.26581312900473
0.5206278591834641 -0.29816907316730384 -0.800026147103077 -61.234711844765236 0.29054774402030387 0.9429833484999347 -0.16237121942192415 -10.946815122900588 0.8028254110868409 -0.14791081183740992 0.5775757535205605 97.95336183405489
0.5145975263290997 -0.3011271044561018 -0.8028149555519352 -62.174060842830315 0.2929984668930804 0.9416959789833151 -0.16541034298060153 -11.149278067594018 0.8058171531397654 -0.15010379784848799 0.5728242012844641 98.6399903776817
0.508061666296207 -0.3039533172500021 -0.8059067713904888 -63.19405509343339 0.2949010968352823 0.940499182892305 -0.16880352503503668 -11.372025695610988 0.8092630513780235 -0.15190019062406204 0.5674677486542337 99.36563034798505
0.5029053834899213 -0.306849430343984 -0.8080405944966056 -64.1880626922123 0.2972937507838284 0.9392316757338618 -0.17163998672525266 -11.589948817211313 0.8116049537809256 -0.15390674577722224 0.5635690841436631 100.05992334804569
0.4982159831313616 -0.31022339066172294 -0.8096556564606926 -65.17045434030068 0.2990172390999712 0.9379896522385589 -0.17539698690233627 -11.81323143837358 0.8138608756252396 -0.154715416748725 0.5600835785369778 100.74976473105326
0.49327505998535676 -0.31167786937967534 -0.8121186002890151 -66.16412678243707 0.30183380775066937 0.9369278169337458 -0.1762459030857102 -12.04150089341916 0.8158284548207271 -0.1581871410536002 0.5562380432064259 101.43847321230211
0.4908335521951491 -0.3107052090934863 -0.8139684865408886 -67.14402919978508 0.30409057405668694 0.9365914457120911 -0.1741418576586623 -12.262191884743729 0.8164627038691764 -0.1620454777558082 0.5541930316500969 102.11330397278734
0.4878464355752121 -0.3098321606439442 -0.8160942883804946 -68.15154089212777 0.30699416079792746 0.9360648743644916 -0.17186371407881607 -12.491648278447919 0.8171661033917993 -0.1666930808752839 0.5517725765709722 102.80251365031557
0.4844479972935326 -0.30933029345053326 -0.8183061208814784 -69.16904067783713 0.3084733373228716 0.9357195659257288 -0.17109381667569387 -12.720214855047614 0.8186295487454478 -0.16953956322219607 0.5487276176968421 103.4989630568519
0.4813149558086228 -0.3102623275393891 -0.8198007083583085 -70.17294570374705 0.3119617540341212 0.9346572686613472 -0.170574482729583 -12.941788877128644 0.819155526951322 -0.17364641732080496 0.5466545018718412 104.183168477205
0.47892252925857093 -0.3109211776386468 -0.8209514189429059 -71.13973854440093 0.31518305014004244 0.9337240109544751 -0.16976193999688846 -13.15231337909061 0.8193246339961915 -0.17744715456406931 0.5451785500770574 104.83365583951549
0.4744743656672136 -0.31292393430720294 -0.8227713459171977 -72.08745349912246 0.3212323143654842 0.9317745018490942 -0.16913331401964413 -13.363660955081444 0.819563223023148 -0.18405132175992148 0.5426243953475883 105.47604768393477
0.47310373392544974 -0.31482943028641275 -0.8228336932645199 -73.06934120097429 0.32539757858429397 0.9303736471687609 -0.1688824813453899 -13.577852527497578 0.8187119596031778 -0.18784915884674735 0.5426079807036512 106.13086404069084
0.46947515199722667 -0.3169084229337278 -0.8241129371213867 -74.04134230691952 0.3309566993929828 0.9284792969057757 -0.16850477246730866 -13.78887384789415 0.8185723821288402 -0.19363689393040306 0.5407809247050992 106.78474429306091
0.4676600448170995 -0.3171308249711756 -0.8250588599213817 -74.99186858420991 0.33455163988075387 0.9274855784677061 -0.16687031487812062 -13.996165370253767 0.818149914584587 -0.19798621565029803 0.5398445847442639 107.42166059337745
0.46628633359297406 -0.3175151118647606 -0.8256883242737119 -75.94932573728848 0.3380049126523201 0.9264962304483526 -0.1654007677971619 -14.198642391631713 0.8175143632544442 -0.20196259233457503 0.5393341980351136 108.05465214119492
0.4646698940906264 -0.3183822729285378 -0.8262654644910826 -76.91735058800312 0.3398918520122085 0.9257737475319678 -0.16557927804024175 -14.408547707181459 0.8176523824104699 -0.20390119338904017 0.5383947296110989 108.69315154245422
0.4626265467077938 -0.3204152290772356 -0.8266261302769252 -77.84664284245807 0.3430793188425028 0.9244621859532964 -0.16633173998072953 -14.60966095102103 0.8174798219306613 -0.20664885123763793 0.5376085871880943 109.30813500432808
0.4614258622595099 -0.3232583104347942 -0.8261901950355683 -78.77517844227262 0.3467200281813411 0.9228998507253506 -0.16745473295507657 -14.80860224276623 0.8166219417184419 -0.20918874316264774 0.5379299899039223 109.92608798986761
0.461605106908524 -0.32517835635234676 -0.8253361508112659 -79.70615902312639 0.34959404377835973 0.9217793655431691 -0.16765084495321614 -15.009517834651744 0.8152942596576188 -0.2111441162306429 0.5391784791240433 110.54294820829281
0.46392878681681365 -0.3269524181904596 -0.823329944191325 -80.65664045385526 0.35201595959810694 0.9209119546232877 -0.1673497416195788 -15.213218823002835 0.8129297909111853 -0.21218691776668666 0.5423300351057185 111.17657863907904
0.46700955180689624 -0.32781602117387465 -0.8212421900894108 -81.56837142086928 0.3527893596192263 0.9206979842071139 -0.16689784185666795 -15.410849757745096 0.8108278154211154 -0.21178262001091336 0.545624757136931 111.78699521387215
0.4710479387282134 -0.3283555115186851 -0.8187163718133431 -82.45586650178649 0.3538847293246326 0.9205162335536318 -0.16557615201189863 -15.602176612894826 0.8080095530194759 -0.211736916525056 0.549807275697338 112.38254905040591
0.47540114691669977 -0.3301140181275727 -0.8154866550385451 -83.36941392300119 0.35810607064929323 0.9192778280914731 -0.16336559289993594 -15.79538642363976 0.8035880733774052 -0.2143665314714329 0.5552415677076936 113.0082910428404
0.47908689564495427 -0.3303419910514513 -0.813234231552905 -84.2674602370555 0.3599679652971984 0.918930290536889 -0.16121471736036985 -15.983966480342621 0.800561559395076 -0.21550241316967156 0.5591599945784502 113.62402398507912
0.4835935129153003 -0.3307280951504251 -0.8104049860066329 -85.14994649519936 0.36265237393762884 0.9183672551612874 -0.15838194444104206 -16.164541499078133 0.7966307613591392 -0.21730281113159686 0.5640557759040005 114.24364505442138
0.49119831995486674 -0.3323078384961092 -0.8051681258889726 -86.04141050436299 0.36778277426697864 0.9170518573666144 -0.15411593640155227 -16.352932195389585 0.789594859042282 -0.22042547805207666 0.5726714304027332 114.87869969189589
0.49570672961786766 -0.33290210175787255 -0.8021539932311933 -86.89564680658467 0.3703856265369822 0.9164484997534212 -0.15144845642828683 -16.52704888443217 0.7855503331209054 -0.22203229032033753 0.5775918422110374 115.4995462835512
0.5014987449868196 -0.3343291345840135 -0.7979492706588243 -87.74613150546898 0.37298027826496005 0.9157525762356198 -0.1492746835307934 -16.69769911678337 0.7806309760713048 -0.22275827456265265 0.5839469413498387 116.1225349067354
0.5091955985489685 -0.3363633745332161 -0.7921991685750402 -88.63708607664971 0.3753436486554018 0.9151076076387801 -0.1472929457091502 -16.875200298110727 0.7744914381918033 -0.22234600674231986 0.5922206222796841 116.7876092071423
0.5174394604033069 -0.3370593981055095 -0.7865413955834025 -89.48269575748786 0.3760228344056334 0.9152218296137777 -0.14483035111454717 -17.04065004455867 0.7686762861068946 -0.22081658621390077 0.6003139199033708 117.42555189881868
0.5268931912275944 -0.3373248350473294 -0.7801253237129878 -90.31431882865047 0.3780663649993054 0.9150803087118506 -0.14033478636473734 -17.202834589947503 0.7612157307191004 -0.22099770195211654 0.6096807582970533 118.08030478096316
0.5350884827171167 -0.33696896886027894 -0.7746820184364257 -91.15217291345829 0.38023566232323447 0.9149339939211024 -0.13533893698855382 -17.358419848372268 0.7543879351905792 -0.22214342392432174 0.6176982616505198 118.74930295244707
0.5467431864727545 -0.3362500914505466 -0.7668166430412933 -91.98000747317211 0.3833207887516485 0.9147305546034556 -0.1278013512669911 -17.505410465865392 0.7444038292193513 -0.22406224241124123 0.6290143484605206 119.43014039712111
0.5584389403319465 -0.33663522439299265 -0.7581706111547797 -92.78313983460147 0.3858972372225933 0.9144666320961088 -0.12179532456859585 -17.647671092886995 0.7343223217531265 -0.22456069219852234 0.6405803800417386 120.11548692421
0.5693382471073798 -0.3388663459853374 -0.7490150598881451 -93.54436879796938 0.39051890656309385 0.9132173517431855 -0.11631445349537797 -17.774807074365274 0.7234286032480757 -0.2262822751204974 0.6522632811747338 120.77955619489288
