1.0 0.0 0.0 0.0 0.0 1.0 0.0 0.0 0.0 0.0 1.0 0.0
0.9999208657416028 -0.0028335675665839416 0.012256963302934592 0.013744339346885681 0.0028152066176235216 0.9999948896866672 0.001514995792292176 -0.007436207961291075 -0.012261193508952153 -0.0014803700200212877 0.9999237329108356 0.3416690528392792
0.9996647665630982 -0.0062111034094416585 0.025135168326145967 0.037384746289720355 0.0061569101524791715 0.9999785531012297 0.0022328893715481356 -0.012017159009054791 -0.025148497961523828 -0.002077385859318369 0.9996815680596851 0.7138737637305418
0.9993800497293774 -0.009499244698805982 0.033901040589626334 0.0594834468190477 0.009413401384553002 0.9999520723515098 0.0026908872689849006 -0.016837608512259437 -0.03392497718909449 -0.0023700949502701027 0.9994215719968458 1.0600246315432096
0.9990815016778627 -0.013702472005113948 0.04060043430871116 0.0799046714196126 0.013639586888617848 0.9999053101500911 0.0018254871016119706 -0.02177194031828824 -0.04062160354558576 -0.0012700372433027695 0.9991737948579246 1.4286469432854259
0.9989907361010315 -0.01815349795723101 0.04108478667628541 0.10315100277053867 0.01813853038869775 0.9998352116388879 0.0007370769014012996 -0.024433169064867942 -0.04109139690564629 8.884655347015605e-06 0.9991553918292216 1.815754753402555
0.9992310440931629 -0.02165217365832763 0.03268797785666254 0.12504770175209512 0.02169995749913998 0.9997639145266289 -0.0011077251135474739 -0.028514014678169955 -0.03265627604341248 0.001816201052000665 0.9994649914072606 2.1973891765935254
0.9995627685992348 -0.022188870230889318 0.019542918617998853 0.13487866593410341 0.02222436256299203 0.9997517267754189 -0.001600786755638385 -0.029697104115665215 -0.01950254698498765 0.002034415750308344 0.9998077374243778 2.60774032633118
0.9997617262062641 -0.021658802167994675 0.0027179223165047 0.12677143700812174 0.021662745202831356 0.9997643128035258 -0.0014297953597995573 -0.0355321071174905 -0.002686314082175073 0.0014883323356584424 0.9999952842806362 3.031554773473678
0.9996732550409991 -0.021983416731740462 -0.013042719982139331 0.11296239830206134 0.021945514291873695 0.9997545399556874 -0.0030420783121571987 -0.04249912229132896 0.013106393790781297 0.0027548551306308695 0.9999103125855892 3.413428456723893
0.999174906090108 -0.02343321138554625 -0.03317215163332822 0.09133855420127952 0.023331627477354858 0.9997218408852021 -0.0034461596539941343 -0.043103692430757054 0.03324367908463434 0.002669355964119965 0.9994437114413471 3.8085033830060193
0.9983598311522385 -0.026643569591125724 -0.05067314615372724 0.0684933677741476 0.02655769025781598 0.9996444789395453 -0.002367448807299999 -0.05055301053650136 0.05071820807012081 0.0010178040715778682 0.9987124848749154 4.234937036849674
0.9974366333036969 -0.029403821888389286 -0.06523478981450277 0.03728215058313286 0.02933757324078432 0.9995676126611852 -0.001973452598981472 -0.05795133988935615 0.06526461016606237 5.456349228236427e-05 0.9978679911103959 4.656359363586935
0.9962322583476596 -0.03194886999501117 -0.08062603260463647 -0.004642192932948007 0.03197148062191215 0.9994882703754189 -0.0010108455847815505 -0.06589172960099664 0.08061706924941345 -0.0015706966592731076 0.9967439094660372 5.104698700045221
0.9949434161350862 -0.034089200864762234 -0.09447499708307412 -0.05087324136998345 0.03419882539526102 0.9994149437015061 -0.0004589637243302962 -0.07676791207401255 0.0944353695975688 -0.0027742909936945793 0.9955271288510691 5.5843801812763365
0.9936393590537569 -0.036503694138922536 -0.10652842087185575 -0.10587692731193893 0.036544866248684284 0.9993307859154217 -0.0015662287608525433 -0.0856713630787367 0.10651430368783817 -0.0023368003503804347 0.9943084242195765 6.082511098438226
0.992030890476111 -0.03914836711236174 -0.11975858087673692 -0.15997388232654733 0.03907179669281965 0.9992319375507289 -0.002988257320127699 -0.0964882438077784 0.11978358420238207 -0.0017147393539784252 0.9927985458412895 6.550473880072498
0.9905918470987841 -0.043565303885727324 -0.12972993778909941 -0.2170238761433651 0.04321818370931767 0.9990505674521187 -0.005491108309559146 -0.10645694190173156 0.12984598976590322 -0.00016724516098197417 0.9915341602641682 7.01853501714442
0.9890505669338125 -0.04614841860559168 -0.14017595909465794 -0.28792234295165414 0.04539870142515306 0.9989324166437891 -0.00854311928451081 -0.1154318654779988 0.14042056101872666 0.0020857704578057597 0.9900897512876212 7.512744625034724
0.9879674541756829 -0.04807253836685827 -0.1470011583103587 -0.3691689585406945 0.04706243615060896 0.9988383924106722 -0.010343739654214494 -0.12465434023606457 0.14732765047060942 0.0033010455057835343 0.9890822344503913 8.02493439203378
0.9867684023724558 -0.05079099022169153 -0.15397530773345272 -0.44893072288023583 0.04921169160380733 0.9986894960980793 -0.014053461952708329 -0.14160087973731583 0.1544873117404895 0.006290126840096083 0.9879747490778964 8.5550840551881
0.984382579236646 -0.056584530921945285 -0.16670071552261562 -0.5346251485963245 0.054655447960949434 0.998374806081608 -0.016140898045018597 -0.15420921203711446 0.16734311967809296 0.006777716566451791 0.9858754195406986 9.078053721065675
0.9820600976489403 -0.06341388427920466 -0.1775855959428509 -0.6211197066102518 0.061236921745644 0.997965977337827 -0.017718563465300832 -0.169961663015624 0.17834798574940997 0.0065258989250263685 0.9839458362238994 9.61339238121951
0.9790798774061349 -0.06553720114676383 -0.19263299022814528 -0.7283746019139775 0.06276962927868458 0.9978186744355738 -0.020441785339129763 -0.18816844564445434 0.19355249235957828 0.007922639300332546 0.9810579312598785 10.163381527730072
0.9769322037422848 -0.06403294692917898 -0.2037234669811216 -0.8445088377119311 0.060322149000469054 0.9978812007575685 -0.024379243519826385 -0.2045050684067336 0.204852892660095 0.011527830767266453 0.9787248854946896 10.716952365344286
0.975300945557442 -0.06338972514106553 -0.21158877177511018 -0.9774538654019354 0.0588426362933016 0.9978822046865404 -0.0277245328902686 -0.22921019495004144 0.21289812058544275 0.01458932200170816 0.9769654763269359 11.3061523319416
0.972404429373543 -0.06692218418103195 -0.22349730870673662 -1.104222018608487 0.06188629725549359 0.9976480616285117 -0.029469159147796672 -0.2518851559725396 0.22494379730661385 0.014824520002803432 0.9742589602667083 11.86747645395776
0.9690708117593408 -0.07086971461762524 -0.23638791285958025 -1.235244796102938 0.06512116874703329 0.9973625990110621 -0.03204808067450806 -0.27713852343100165 0.23803570147587647 0.01566300239148665 0.9711301020867243 12.409658152377386
0.9662596759498868 -0.07231952359706698 -0.24720866720225104 -1.369850378241291 0.06542718975745684 0.9972079711253488 -0.035993682286030726 -0.29755931737614677 0.2491214994207882 0.01860507540321355 0.9682935142277777 12.935536789157984
0.9634682699197024 -0.0751972065025584 -0.2570491645427923 -1.5169569500670845 0.06705736381589752 0.9969349130866505 -0.040299987927731984 -0.32445730492599856 0.259291733026717 0.02159072030119829 0.965557682368525 13.491503157024113
0.9608650583872806 -0.08049425354920173 -0.265064170939727 -1.6745014768788093 0.07064557341752101 0.9964171444848031 -0.04649814118070552 -0.35594657238722116 0.26785731747876074 0.0259528287920218 0.9631089804122763 14.077722488155421
0.9584316625491766 -0.08581086534909284 -0.27211255687906305 -1.8443657144529684 0.07376830514509063 0.9958014440673819 -0.05420074860495686 -0.3913335903366676 0.27562109022939857 0.031874431467193216 0.9607377557062078 14.678522693932356
0.9570047207910402 -0.08937477760800584 -0.27596034771536104 -2.0105059997909724 0.07497849807887365 0.9952366823673587 -0.062307069392241954 -0.43006308899927626 0.2802145413955168 0.03893706714600896 0.9591473899211568 15.257407343814915
0.9545492306373414 -0.09467424734010797 -0.2826173263978054 -2.1733067258752503 0.07747645054334172 0.9944309181761185 -0.07144612366396809 -0.4739881156078853 0.2878075153655038 0.04630265506411006 0.956568292508773 15.815759131285342
0.9526085591600616 -0.09766233070733935 -0.2880954740633771 -2.3426285701876455 0.07797924994438193 0.9938158465810054 -0.07905251205743857 -0.5209121335139252 0.2940343000282506 0.052840630629186675 0.9543331169783468 16.37375516192601
0.9512766762224873 -0.10186090704581321 -0.29102756036310573 -2.5380458652700852 0.08012846651642286 0.9930959187106067 -0.08567336280351417 -0.5803845956238517 0.297745048873736 0.05817947968261889 0.9528709430006963 17.00214082338202
0.9503220178860922 -0.10546345226141417 -0.29285751238103896 -2.742266963392351 0.08211678442048416 0.992465309928699 -0.09093647400560072 -0.6454168214123783 0.30024139627530666 0.06237041626633559 0.9518219555869776 17.64886842098491
0.9488503302799309 -0.11025605297291469 -0.29584903838021853 -2.9255050393337396 0.08501885436768597 0.9916568672551178 -0.0968940247268738 -0.7089013257262032 0.3040638833036117 0.06678518105537826 0.9503077893302401 18.233531182664766
0.9479936480560233 -0.11208354228421763 -0.2979015320444908 -3.128097182961275 0.08547145520643837 0.9912135446354161 -0.10094721034376282 -0.7787190304907473 0.30659855444917966 0.07023523674279238 0.9492440876451944 18.881882381811405
0.9472791307722388 -0.11602699013212686 -0.29866366696381275 -3.3351741979913894 0.08922304223133501 0.9907837452145969 -0.10191574438487029 -0.8499917869158301 0.3077360835819831 0.06989497678242797 0.94890104599068 19.546571978460054
0.9463026416487061 -0.11955249044029936 -0.300363966610848 -3.5549292771724548 0.09261404643832852 0.9904195010416833 -0.1024297337625269 -0.930041264812861 0.3097320597080639 0.06911160529075522 0.948308830077594 20.252049035847623
0.9448770803028874 -0.12133069129121964 -0.30411538347983286 -3.788765906475621 0.09428112793585049 0.9902900363708037 -0.10216023091132952 -1.012058225901377 0.31355760560610685 0.06785651932944346 0.9471415526472577 20.998442261382397
0.9426312380413143 -0.12417295520458149 -0.3098829234799174 -4.006640829886962 0.09700110666128176 0.9900781507506491 -0.10166632044419621 -1.0876250729997674 0.31943251928253324 0.06577486299443236 0.9453235070719854 21.664752781204143
0.939639437928264 -0.12662788954762155 -0.31787278002145997 -4.249295185482662 0.09908208504810072 0.9898946919864712 -0.10144574510313493 -1.1726122070895182 0.32750643827622233 0.06382692508436115 0.9426906473079587 22.39455942448756
0.9353617141254321 -0.12921197130456896 -0.3292456988632058 -4.5195745732520365 0.10145623649005812 0.9897802351501166 -0.10020837381902536 -1.2672032889980906 0.3388290067653697 0.060327046817885754 0.9389118976755092 23.186025006115482
0.9313301463470998 -0.130205738599983 -0.34010384317252684 -4.7892579473375205 0.10319928254535099 0.9899776389777913 -0.09640634007202474 -1.3543993685186433 0.34924785838601025 0.05468765820174572 0.9354331581963484 23.9431779520708
0.9290801398930516 -0.1311315168617699 -0.34585346455086935 -5.034340337746393 0.10501763354489026 0.9900858036141039 -0.09328128497424049 -1.425123514270217 0.3546567217760566 0.05034507689283705 0.9336401785118909 24.60293507248708
0.9255915285206058 -0.13193278200772252 -0.35478734949627455 -5.302287991686753 0.1060363812964332 0.99013765841332 -0.09156256458479817 -1.4984308993909132 0.36336841933834363 0.047129167438972136 0.9304527034750683 25.304191643479502
0.9227767818875849 -0.13319794137759497 -0.3615816909385256 -5.577285770231486 0.10695429947404389 0.9900218777434993 -0.09174671336485324 -1.5783268999957916 0.3701942579689875 0.045989020450611685 0.9278152948538756 26.025020890437762
0.9182591868832594 -0.1364948219617987 -0.3717112175898283 -5.869332343672632 0.10961453206310315 0.9896496281195434 -0.09261893933444049 -1.6642536910564754 0.38050587389038126 0.044303240744517886 0.9237166788547508 26.762766324993773
0.9145728010924108 -0.1394431891128791 -0.3796211117838568 -6.179356658865433 0.11218339579898026 0.9893139699813787 -0.09312762483115934 -1.7481952383356563 0.38855048218859667 0.04258480726401921 0.9204428591614449 27.518124407164795
0.9115712665944008 -0.1409308006446914 -0.3862335243724014 -6.506950341486438 0.11396653924727874 0.989218259678967 -0.09197207538005475 -1.834216750958949 0.3950309530296057 0.03982140313151014 0.9178043375366883 28.299598338335862
0.9071270668772125 -0.14467403881532453 -0.39520868795056563 -6.826402411164223 0.11748901982053395 0.9887766865620401 -0.09228756326289853 -1.9201146847932198 0.4041247514819598 0.03728386520004709 0.9139437064914826 29.057849518694628
0.9043853562689028 -0.1473292947245735 -0.40047622436585406 -7.175638658090334 0.12131623239859879 0.9885518699733113 -0.08970826120753266 -2.008849887007864 0.40910817533139 0.032546571067156874 0.9119052700740311 29.85933904313903
0.9018019767367247 -0.146457543287136 -0.4065751871032375 -7.539645993919663 0.12221077425665265 0.9888460186565617 -0.08513564495941886 -2.0992659190609806 0.41450901245850535 0.02708762450572983 0.9096419840735757 30.670729704303994
0.8987293930618082 -0.14829962897457857 -0.4126653584840343 -7.880902281642214 0.1252872514365568 0.9886888604511171 -0.0824465999744367 -2.183152209149241 0.42022444321365604 0.022395474227489113 0.9071437923834892 31.442256471701448
0.8958817979966052 -0.14880427937197363 -0.4186324049317707 -8.268491242291569 0.12625973301260404 0.98866615657679 -0.08122629290608085 -2.273605765855954 0.42597451078433823 0.019912741656188906 0.9045160025570459 32.295842968090476
0.8922532948969945 -0.1525804589866962 -0.42497442426676263 -8.650371209313317 0.13052099900846975 0.9881520057098327 -0.08074578892713849 -2.3564125325993603 0.4322595592503285 0.01657760981094944 0.9015968368897862 33.117605691961735
0.887605337750463 -0.1565807415583234 -0.43317344767417587 -9.009945793414014 0.13508440014658774 0.9875840235783027 -0.08018728833130062 -2.4320525023538417 0.44035096143181407 0.012659689804102495 0.8977364663530946 33.88592726001723
0.8832784562920615 -0.1592038224356735 -0.4409912828755047 -9.409103465375631 0.1381760577813005 0.9872009343819448 -0.07963474248990654 -2.520189155532659 0.44802516191206443 0.009405215430044939 0.8939714739388405 34.71693734243788
0.8808704309527403 -0.1617765599687676 -0.4448546150348509 -9.816987841774278 0.14075690893760467 0.986795158327777 -0.08014242376662019 -2.604782035531155 0.4519455459006809 0.007978730821966179 0.8920098448980293 35.53500652259646
0.8796929438985561 -0.16522225775727759 -0.4459169541480563 -10.209605990861757 0.14464007061305498 0.986238412967821 -0.08008147575915625 -2.6863999678731543 0.4530116714038861 0.005949649426779759 0.8914847319183633 36.32923641900384
0.8780929192579688 -0.16917109787174228 -0.4475868237491895 -10.602930108963642 0.1487511460380656 0.9855774459648603 -0.08068577667560323 -2.7629332201876524 0.4547811800210962 0.004270556199447349 0.8905929713670364 37.118147729339526
0.8764577354300697 -0.17074744559264107 -0.4501856815008473 -11.012054847379343 0.15078140362332906 0.9853119643346842 -0.08015797689753165 -2.847947539506467 0.45726010795407573 0.0023754499604437124 0.8893298324644872 37.937703822181994
0.875767513645348 -0.1712917003501287 -0.4513207456284355 -11.46476430439331 0.15298890269705817 0.9852191170483081 -0.07705638879484587 -2.9389956886597193 0.457848946373141 -0.0015635836127610298 0.8890286258109413 38.836729782264776
0.8750422431045726 -0.1741382306114054 -0.4516380734858914 -11.902562632093224 0.1568013683319622 0.9847112817562984 -0.07587504511427086 -3.0266137984876527 0.457945852335997 -0.0044235982409468605 0.888969081637185 39.71699984906315
0.8728620615367755 -0.17824729003755807 -0.4542463264838114 -12.330351501957857 0.16143781317729555 0.9839602076190804 -0.07589560131357435 -3.1130924377648608 0.4604884949771311 -0.00708614256722663 0.8876373880009866 40.566611990154854
0.8699882505967269 -0.18238988671105155 -0.45809864990979465 -12.761094849406032 0.1658087598549992 0.9831818001767232 -0.07655718749147716 -3.1947270336167413 0.4643575120303256 -0.009352915416476655 0.8855984552799414 41.42489515112594
0.8675299952262441 -0.18585138917714114 -0.46135774462306356 -13.199769127938671 0.1707562303643759 0.9824783519790496 -0.07469001060569502 -3.2734303214163827 0.46715523883876253 -0.013983884777038012 0.8840647226261442 42.293250082528466
0.8652236009414305 -0.18696372976871792 -0.4652232626652649 -13.656352879038938 0.17348470855317613 0.98219548526907 -0.07207693539042603 -3.3567550341702255 0.47041596090286286 -0.018346456552313962 0.8822540627618612 43.174035041622254
0.8623599892457817 -0.18956435939659247 -0.46946842555658097 -14.100607186090745 0.17835022970998135 0.9815636224107999 -0.06873173009742892 -3.4413172855884024 0.4738422147829511 -0.02445830751193672 0.8802700419094356 44.02660008113267
0.8589571870930423 -0.19151292103085574 -0.47488456683644464 -14.571520177921608 0.1809219186361503 0.9811146035061562 -0.06842071429013294 -3.526125637138676 0.4790196343556521 -0.027146562677197412 0.8773843251600694 44.91949807536915
0.8535010860228834 -0.19686631963589984 -0.48247232910372634 -15.04230698709461 0.18522442653511817 0.9800383872411638 -0.07222652801066602 -3.6114299582246145 0.4870603740528429 -0.027720240380534864 0.8729282790130871 45.799098217767906
0.8465545740014708 -0.20305946303101674 -0.49204898913699996 -15.501989982146421 0.189629215685032 0.9787786807768348 -0.0776727404913631 -3.6973383455274784 0.4973792454414116 -0.02755265015046944 0.8670955758587504 46.63550551951211
0.840308694607355 -0.2061793856181043 -0.501369483229109 -16.014612847974075 0.19233050548459665 0.9780749220293379 -0.07986503338347822 -3.7846112353227683 0.5068434417325752 -0.02931736419676214 0.8615394464150972 47.521043779269675
0.8360373998790472 -0.20660298443843814 -0.5082879821760621 -16.539662892893773 0.1947371218424623 0.9778169305934776 -0.07714598901604902 -3.882072396905684 0.51295118615712 -0.03448560664800397 0.8577247947646862 48.41189364794633
0.8308345322635977 -0.20695673337354056 -0.5166070949083863 -17.060745261370887 0.19628418766241854 0.9776004517023571 -0.07595969000102631 -3.971941223827462 0.52075569864576 -0.038291870451843985 0.8528465483223028 49.28277283284936
0.8252909826223607 -0.20950183818401588 -0.5244080222496001 -17.58386782000768 0.19830615864995346 0.9770129731725562 -0.07823245933768046 -4.064246552640618 0.528743285010522 -0.03942879721777935 0.8478655014247491 50.14004379427886
0.823084886462203 -0.21592460956400175 -0.5252692953734648 -18.081466952220442 0.2032081482624141 0.9756419923471467 -0.08263867888979914 -4.152326541657887 0.5303185063311138 -0.03872035322054802 0.8469138185725941 50.96046961203835
0.8207113033329605 -0.22274513025471343 -0.5261345488839563 -18.582720657296477 0.20641923373920518 0.9742714331928386 -0.09047803273111121 -4.24639495682476 0.5327514021793213 -0.03434794625859611 0.8455744568420832 51.772415099859934
0.8176711042418601 -0.2260631842441028 -0.5294425389192999 -19.115442085574266 0.209423715830632 0.9734665708777898 -0.09222007715854606 -4.3495171221833 0.5362421771322993 -0.03547213149578589 0.8433184780090839 52.639972163302275
0.8150854412281259 -0.2279589248761199 -0.5326072211933246 -19.624044543682594 0.21326986932295994 0.9728392007829664 -0.08999917921251792 -4.447595421333212 0.5386572995299692 -0.04023205176576082 0.841563839333534 53.47002140269884
0.8115171702603877 -0.22876578372130038 -0.5376858735088287 -20.177473316551925 0.21694366964010472 0.9723639596905287 -0.08627730928836991 -4.553088580098073 0.5425636613114243 -0.04663202862127224 0.838719337639837 54.35263465151383
0.8082086734109282 -0.22797222385351332 -0.5429801150821558 -20.704313043157104 0.21771192406348636 0.9723745428320396 -0.08419778246935436 -4.648628713657728 0.5471747968829725 -0.05016386750905058 0.8355138108090208 55.17515989564853
0.8055534827681013 -0.23041635090630042 -0.5458863358202026 -21.25412241263102 0.21977344721276587 0.971765005920629 -0.08586271116321478 -4.74956786600423 0.5502574109454592 -0.050804315792112247 0.8334480806843911 56.03507565477308
0.8014418581813096 -0.2352397520734759 -0.5498665356241449 -21.81191201376211 0.22388610207701828 0.9705526940722365 -0.08889590162590488 -4.8520972587285245 0.5545862973890073 -0.05186257873971561 0.8305084657454241 56.89648077249638
0.7977769860359876 -0.2396857819622577 -0.5532654032889431 -22.3459261401041 0.2271230530662195 0.9694638570251901 -0.09249296561209996 -4.956301140891898 0.5585400606198404 -0.05187056821534661 0.8278541205042119 57.708135659502126
0.7934284568598331 -0.2436674764869318 -0.5577611000666097 -22.903835529058608 0.23092972027604322 0.9683660717441616 -0.09454425095165579 -5.058988699780023 0.5631542844889422 -0.05378951568169925 0.824599260164885 58.558719397208534
0.7895282045452565 -0.24616030775078526 -0.5621835261865846 -23.489286843986932 0.23427595139884808 0.9675525198557999 -0.09464089981005358 -5.172960445904653 0.5672389204063031 -0.05698442075454222 0.8215794440999368 59.420744002698626
0.785445821914182 -0.24914290731458194 -0.5665709775239048 -24.06789125390042 0.23815656678090347 0.9665809577471497 -0.0948825685768264 -5.283014572879251 0.5712760370755005 -0.06040748178363946 0.8185319942481607 60.26673794873987
0.7795653334358783 -0.25162425274943895 -0.5735530719412931 -24.65650277072786 0.24052002692709723 0.9658054628483062 -0.0967983707474324 -5.401458543231801 0.5782975078210144 -0.062490346139667266 0.8134291297263385 61.118899006154116
0.7741513699353579 -0.25510115954829204 -0.5793212017735286 -25.238940183920526 0.24337906901881956 0.964802153882196 -0.09961642749972574 -5.514252447728105 0.5843426094259611 -0.06387646093352617 0.8089891918609707 61.94319071646515
0.7694825250330869 -0.25844154180646206 -0.5840416193537954 -25.85356160722808 0.2462761315837528 0.963815187170435 -0.10202133106248634 -5.633728285023376 0.5892747327697387 -0.0653318792651649 0.8052869270457798 62.796466410304795
0.7639391154480131 -0.2613281614038973 -0.5900039151952857 -26.473094895943007 0.2481740695481633 0.962986792368275 -0.10519538453831649 -5.758451348083797 0.5956564942082062 -0.06606080366994842 0.8005181516530839 63.64363451766899
0.7573226826819288 -0.26569243903836365 -0.5965483066217625 -27.081373686434727 0.252255957511692 0.9616098397545544 -0.10804373182688552 -5.880662104809216 0.6023531241682958 -0.06865889545474728 0.7952714441494979 64.47550747947665
0.7496174096210761 -0.2683206001404961 -0.6050436304377002 -27.702594489141696 0.2549296053918866 0.9606615282385844 -0.11018314052995946 -6.0122306498919285 0.6108065450596655 -0.0716483335643741 0.7885314710331626 65.30743027661289
0.7426295810716351 -0.2703414113775448 -0.6127126786771798 -28.315280782899375 0.25747279852619515 0.9598386088671234 -0.11143429879132757 -6.135127830063626 0.6182305907478675 -0.07500244144307985 0.7824101037442707 66.10993997027971
0.7379517315764579 -0.2731300083003212 -0.6171120161114787 -28.93098212761212 0.26146546097066947 0.9587318877522959 -0.11166458761090907 -6.262192969536235 0.6221439179022028 -0.07895040197988555 0.7789119202095393 66.9057450178434
0.7313465704798754 -0.27641805430406097 -0.6234783501470454 -29.580106475261772 0.2640842618058782 0.9576436502813866 -0.11479608766062323 -6.395875701118747 0.628801794299101 -0.0806950948354254 0.7733670571958264 67.71667686702615
0.7255041712436225 -0.2806133261325869 -0.62841058131202 -30.232209798749622 0.2674204659828187 0.956291893328477 -0.11828824594087531 -6.529498707407897 0.634137202726379 -0.08223123464379786 0.7688355039716365 68.52211729807011
0.7220948651761876 -0.28212213679173054 -0.6316534695687596 -30.87523537686479 0.2692787337060493 0.9556805401991005 -0.11901121232229414 -6.665216547631163 0.637234626538648 -0.08415346111018651 0.7660615025722975 69.30509914397166
0.717469112759541 -0.28190568247193376 -0.6369986329860299 -31.548859112757636 0.2699526079008456 0.9555153067568198 -0.11881114443078608 -6.810472096766639 0.6421554809573534 -0.08671611582315059 0.7616538935323421 70.12000867573893
0.7129490895326029 -0.28325212519114956 -0.6414606997387527 -32.213402976432 0.27129220012266847 0.9549668886468854 -0.12016149025661095 -6.951106958524301 0.6466097261000913 -0.08835425944902113 0.7576868660271079 70.91620676942804
0.7074429343901546 -0.28598782285678354 -0.6463245777154729 -32.88604874908363 0.27436642914593584 0.9538846554481621 -0.1217666894444012 -7.093663129536944 0.6513428875324851 -0.09118678236552735 0.7532844174564255 71.71125597775858
0.7026892524713659 -0.2890509073490841 -0.6501364375436163 -33.52975722472952 0.2760164219414518 0.9529438403848094 -0.1253513936551552 -7.232017610037605 0.6557764476404071 -0.09136525616076616 0.7494061920526185 72.45440316074419
0.698380316616721 -0.29349317958173976 -0.6527837979770403 -34.22607058244962 0.2795752065218066 0.9514620907291578 -0.12867631407368385 -7.376150597195242 0.658864657771699 -0.09263716016966836 0.746535812466543 73.26411577553309
0.6953708933713416 -0.29619004324512516 -0.654775365247039 -34.95139234061413 0.2816791069976215 0.9505460381550328 -0.1308400169244626 -7.52810605175473 0.6611476395881369 -0.0934542007093424 0.7444125946253282 74.09512405903925
0.6913930859473169 -0.29706714460934325 -0.6585793135970018 -35.66621769884678 0.28446479570221106 0.9498566004046185 -0.12981609558864593 -7.688041759399905 0.6641200047509078 -0.09758867896140773 0.7412294307623125 74.90678303019148
0.6865602111734928 -0.2997550640398881 -0.6624062031834028 -36.38671590116004 0.28832056987515836 0.9486084729436778 -0.13043471181525151 -7.8441098536380665 0.6674626022634325 -0.1014340507024459 0.737702384392121 75.72986384653275
0.6797668635827169 -0.30150449597229406 -0.6685895976482203 -37.10086559090496 0.28908439956666837 0.947940572076741 -0.1335622766277966 -7.996455004554866 0.6740528325747879 -0.10248761251641163 0.7315388357282141 76.5274394288429
0.6743921918246196 -0.30330779349553444 -0.6732009759431842 -37.82171159094414 0.2909694010638046 0.947125746547431 -0.13523915066112413 -8.15493690290451 0.6786250652978832 -0.10467665753090158 0.7269874951590309 77.31767926160265
0.6692747174336743 -0.3048019157313022 -0.6776187311243719 -38.55221038961781 0.29291226788788893 0.9463628184160724 -0.13638115427126202 -8.319866935518405 0.6828424092899102 -0.10720638080877619 0.7226569282785813 78.10766056713001
0.6636910124806525 -0.30745615051317765 -0.681898053571078 -39.261531596209174 0.2961777951766287 0.9451294876059603 -0.13787300425393692 -8.479416131993554 0.6868718611187369 -0.11045798825487181 0.7183356313270067 78.86621289129478
0.659765058388021 -0.3116858575012564 -0.6837850495323498 -40.02479287486806 0.3011296328079269 0.9433327838798677 -0.13944247237632507 -8.651083284677581 0.6884991009254947 -0.11390866995609045 0.7162358570566124 79.68444487324098
0.6553239733527392 -0.3176858824152938 -0.6852927623017732 -40.75338673807101 0.306719692502806 0.9410079761514419 -0.14292312286803488 -8.81190520495778 0.6902706137307039 -0.11653183656573603 0.7141056020550841 80.452467314889
0.6485909931846804 -0.32351032513404665 -0.6889635644149648 -41.47593673401042 0.3137136577010389 0.9383381454073861 -0.14527651511948686 -8.974226051018693 0.6934792459270467 -0.12191224058760664 0.7100872770747018 81.21152548103322
0.6417729468521923 -0.3267890678186821 -0.693784108958147 -42.24666520742621 0.31772125780298766 0.9366738180931176 -0.14729345144625086 -9.153264625811532 0.6979832999640755 -0.12590100735521678 0.7049597501405318 82.01278162227881
0.6334454251519317 -0.3299181034957522 -0.6999292380947194 -43.00304531962171 0.32110998105604566 0.9350645097471199 -0.1501424079917606 -9.330896907664041 0.704013688375641 -0.12964724292149227 0.6982523318848145 82.78663125146194
0.6250776131327309 -0.33217093386079005 -0.7063571676272131 -43.804401434557754 0.32482899857445563 0.9335501818389269 -0.15155916228860303 -9.51826915696718 0.7097634107541784 -0.13470905198448033 0.6914400712050454 83.5925134684431
0.614378357715456 -0.33218332129707034 -0.7156769345332475 -44.57800347157347 0.32558146319663034 0.9329642106171432 -0.15353987277014355 -9.697269509727592 0.7187043511720242 -0.1386795686450529 0.6813457513236738 84.34548439291318
0.6056732739664394 -0.3333789190962844 -0.7225083954563903 -45.36929464458377 0.32635114996368736 0.9321940418136012 -0.15655412905637753 -9.883346899904106 0.7257098677296275 -0.14097079381707092 0.6734036108979752 85.09149391833934
0.5967042247098756 -0.3362891021724682 -0.7285970820511303 -46.16386346779689 0.32742278098417077 0.930966374056494 -0.16154235626824245 -10.069999400142233 0.7326243175775549 -0.142166276367285 0.6656202815103238 85.83270660548162
0.5874705294538467 -0.33911145133723497 -0.7347664939252272 -46.96952146590925 0.329899149174949 0.9294496268612533 -0.16519667823876366 -10.261765184629997 0.7389485289225912 -0.1453506611592496 0.6578968436644967 86.58302128343686
0.5777650337049434 -0.3416582443858835 -0.7412538093467591 -47.7489987108362 0.3318146790507797 0.928059313496472 -0.1691299186982753 -10.448375162585835 0.7457121325245779 -0.14824154166633938 0.6495674412484305 87.28730992642635
0.5665124483745181 -0.34501618067239986 -0.7483498385854969 -48.56693326062893 0.33750316704909705 0.9256165266195868 -0.1712473587548767 -10.649088666502879 0.7517680879556797 -0.15555668009739107 0.6408173384112978 88.01975542401011
0.554496890818081 -0.34662865479497734 -0.7565591673809166 -49.40927677352734 0.33992393939082893 0.924163132157712 -0.1742820145323879 -10.85594704390764 0.7595952300416989 -0.160533737374646 0.6302729612338029 88.74744861991336
0.5435565190859576 -0.34869722916843354 -0.7635159153085246 -50.22471268096206 0.34210537509127 0.9226795409036551 -0.17783806434923216 -11.062112233291217 0.7664921544887583 -0.16453785937612397 0.6208196758633737 89.42616453700435
0.5336777757424866 -0.3506437256772208 -0.7695693661534028 -51.06701016584208 0.3436890876679505 0.9213819257071876 -0.1814749514343135 -11.27822738610157 0.7727003576397024 -0.1676434449160257 0.6122334788952362 90.11196383231378
0.522652804534122 -0.3534492987959803 -0.775827067775575 -51.95235445605638 0.345191404696947 0.9198152721850904 -0.18650136508459275 -11.501233536272023 0.7795363622281934 -0.17033337381645963 0.6027516916013897 90.82005287208194
0.511756352870549 -0.35555216167722886 -0.7821049134376308 -52.817686965806956 0.34591973880809573 0.9185672132863849 -0.1912428011147714 -11.728714158075643 0.786412722175559 -0.17267580896563037 0.5930751178379449 91.49587798315373
0.5026035257608306 -0.35712355134708107 -0.7873070969869578 -53.72355200107761 0.34742270757451477 0.9173526061468907 -0.19432359161229187 -11.96437450486798 0.7916357484060301 -0.1758606410449943 0.585137485362943 92.18672284631643
0.493702635999087 -0.35770159571504617 -0.7926583599700836 -54.68061459637208 0.3506063435848717 0.9159993113303196 -0.19498834190901534 -12.211843212594763 0.7958221528995031 -0.18164479091151994 0.5776437231452535 92.90039477419013
0.48729707233812464 -0.3575521721633437 -0.796679363026285 -55.62999921968128 0.35333287660234713 0.915043370308816 -0.19455464210805543 -12.46021161950925 0.7985596042892498 -0.1866871035587558 0.5722328929397884 93.60101500807129
0.4811820279590071 -0.3569546690010403 -0.8006542451318266 -56.534708661828226 0.3528115760482751 0.9149614819975538 -0.195881286158663 -12.697354261736292 0.8024885343577124 -0.1882255315816577 0.566200760760009 94.24955458785735
0.47586696562815206 -0.3592713634680003 -0.8027918275715686 -57.44691649224225 0.3554940856268733 0.9134507713193436 -0.19806979441704253 -12.936450512027543 0.8044716192061523 -0.1911328746394514 0.5623998916464079 94.90252025496018
0.46914700437286844 -0.3633825784856466 -0.8048938998036244 -58.34555049130316 0.35932850686783746 0.9111101119819883 -0.2018944971917251 -13.173825883786925 0.8067119141552916 -0.1945031246466028 0.5580182990392106 95.53894843105489
0.4615469251772935 -0.36632207697647534 -0.8079496096781204 -59.26275519284996 0.3623038037999631 0.9091798458871152 -0.20525097218955954 -13.41971269697056 0.8097594640456286 -0.19799026176133708 0.5523490442068435 96.17318965790005
0.4559367625233479 -0.37047990844688605 -0.8092381021781633 -60.17421315841196 0.36534232667002065 0.9070143348882902 -0.20940386971230673 -13.6659647533358 0.811570485492828 -0.20017400866331198 0.5488931711477163 96.8012747000732
0.4488816152582868 -0.3721289160386787 -0.8124194515956578 -61.0681243756267 0.36773728246860093 0.9055362484519224 -0.21159724436350003 -13.91131828934952 0.8144167155490607 -0.20377480852032792 0.5433242501920781 97.40973985107638
0.4447944461470361 -0.3723267426566004 -0.8145739361037017 -61.971413120886645 0.3713951211490166 0.9042899974530874 -0.21053566085820885 -14.15995318120468 0.8149991194249593 -0.20888369301843834 0.5405035042694175 98.01756314564379
0.4420565444991869 -0.37198457264067014 -0.8162190203510187 -62.91573749647439 0.375614643769102 0.9030987072225282 -0.20814986043523837 -14.421252232962926 0.8145548789686605 -0.2145698085247238 0.5389435465965007 98.65652353625111
0.4396598511253799 -0.3722032543502975 -0.8174129634153452 -63.851278595639755 0.37800379961117797 0.9022473187950949 -0.20751603120379608 -14.677415778193533 0.814746796733759 -0.2177487386372426 0.5373761662317827 99.28398220019055
0.4344105591359513 -0.37334656592273796 -0.8196949480293806 -64.76441303065756 0.38224954804118705 0.900449291462364 -0.20754844380827087 -14.922381219926427 0.8155812339267613 -0.2231667878933275 0.5338762362644325 99.89915179148232
0.4312967125020229 -0.37346970675322344 -0.8212816349600234 -65.68470059089613 0.3852499022617134 0.8993727988338691 -0.20666659508753063 -15.173295642429995 0.8158220753278793 -0.2272640465524505 0.531775699475181 100.5101743551477
0.42422008066921113 -0.3752801453070649 -0.8241372068383493 -66.60350562819593 0.39006820386314445 0.8970552036512701 -0.2076987191514635 -15.421145294042557 0.8172417754202169 -0.23335975261489808 0.5269336830831042 101.11619867065028
0.42052680061593056 -0.3758050899774512 -0.8257891645636734 -67.51113224401752 0.39206827420946233 0.8960813278248436 -0.20813630697713287 -15.66787747799572 0.8181929346567004 -0.23623883734624418 0.5241674669484473 101.7083035193393
0.41595097582845747 -0.3772836619521119 -0.8274308576137095 -68.40789340398167 0.396331931536924 0.8941285327786807 -0.20845902934450913 -15.90845960028613 0.8184777246520305 -0.2412285333351933 0.5214431982041634 102.28978840389931
0.41219773001497817 -0.3777953562441431 -0.829074001625223 -69.30325180909058 0.39998598705218286 0.8926318528353907 -0.20789320687686855 -16.14959348360219 0.8185989503611585 -0.24592487491918838 0.5190536719488568 102.8612476811246
0.4100984442484681 -0.3785397092049476 -0.8297752434123471 -70.23312168369641 0.40320794976189245 0.8913110742877389 -0.20733527944092867 -16.4021650377069 0.8180725000107247 -0.24954409912292153 0.5181555049588223 103.45006099307
0.40596642895424256 -0.38107720299438574 -0.8306451853349395 -71.1371408845381 0.407756024429094 0.8889569576901946 -0.20854388486832695 -16.64221496010841 0.8178791372225607 -0.2540387622631034 0.5162732069010655 104.02939139709565
0.4039171161304115 -0.3830277003643193 -0.8307470999350604 -71.9961921835089 0.41134124331386956 0.887184370367736 -0.209050889795294 -16.87380332712657 0.8170981243681152 -0.2572813124360676 0.5159040428464221 104.57509661970039
0.4035329958673938 -0.3854590106094841 -0.8298086962585073 -72.87583748232123 0.4147205809239493 0.8854709524682314 -0.2096378593983087 -17.109481677798374 0.8155782985124039 -0.25954295111784614 0.517174531005396 105.13068105882236
0.40195284888757304 -0.38727388246709016 -0.82973058713659 -73.75216618967976 0.41858987768972544 0.883643860554285 -0.2096569626805177 -17.348945824024845 0.8143810051608918 -0.2630446115463796 0.5172920942461325 105.68585263124862
0.4041277786798165 -0.3891937179635303 -0.827773512741886 -74.62637508302075 0.4214209528947229 0.8824188971217203 -0.2091441380096289 -17.583803221686466 0.8118405748425125 -0.2643201466029614 0.5206243762437253 106.24765786541874
0.40905204640536663 -0.39041554078825597 -0.824773986521517 -75.50106520512952 0.4239453601702698 0.8816915990905669 -0.20709962743380078 -17.817197677844703 0.8080512081060717 -0.2649445783633485 0.5261726099619644 106.80567658654373
0.4152294672442987 -0.39121757541021385 -0.8212997614891713 -76.34125930050286 0.4255980348734091 0.8814557225083255 -0.2047000780879636 -18.041102223691944 0.8040216428952074 -0.26454606016245935 0.5325078213590971 107.353217134747
0.42276480733536026 -0.39258148894933914 -0.8167923188993733 -77.17558847841686 0.43016456649654794 0.8802220187209194 -0.20041867051177206 -18.258411662695863 0.7976392439001059 -0.2666251531517407 0.5410015381653532 107.91400879334033
0.4273491830396866 -0.39283622761084197 -0.8142802797758246 -77.98412218691816 0.43417059373471806 0.879185378821417 -0.19628796499705234 -18.47163598623129 0.7930123399363687 -0.2696530510547292 0.546277091562076 108.46304198357635
0.433420198076918 -0.3930526754519813 -0.8109602494691122 -78.78400002685937 0.4379492632525499 0.8783352850529231 -0.1916443838142638 -18.674935402990283 0.7876213396775851 -0.27209689698899464 0.552825382859223 109.01766898403433
0.4415287376929507 -0.394014918314961 -0.8061045949109362 -79.57069928195192 0.44381524219558494 0.8767211839881212 -0.18544000739145222 -18.873583257699234 0.7797951042332494 -0.27588441364405164 0.5619674240755722 109.57756861651703
0.44738190616416856 -0.3941789782690262 -0.8027903606345197 -80.37883330615676 0.4469512356745899 0.8760417289508535 -0.18106761738576319 -19.0722256964292 0.7746509039340708 -0.277801767862601 0.5681039999916752 110.15418888264068
0.45316100468081094 -0.396561316182094 -0.7983634675663733 -81.18995577765051 0.45170098126823954 0.8742590415456228 -0.1778689174561947 -19.26804110389438 0.7685124119739302 -0.2800183043725077 0.5753072412705736 110.74868569285786
0.4609165554285376 -0.39880136957978846 -0.7927883680738367 -82.00836734936775 0.4551295026797037 0.8731365106779109 -0.17461319970646086 -19.46045934746526 0.7618484525956707 -0.28033926115064184 0.5839493419253889 111.34764013419968
0.46976065027178093 -0.3997929436644991 -0.7870772094606148 -82.8072918003345 0.45631321809627173 0.8731965407378386 -0.1711900938550386 -19.648792544972025 0.7557136881431076 -0.2787353645297763 0.5926241794878055 111.94961269235775
0.47651284016596535 -0.39987481521460805 -0.7829659285780246 -83.60704555953056 0.4594263813988008 0.8725610585643662 -0.1660258990393858 -19.830749132305076 0.7495751551590866 -0.2806017306327882 0.5994995876012889 112.56756512087243
0.4861161326191959 -0.3979705538548436 -0.7780170588565688 -84.38203859684357 0.4602165722666314 0.8734131130587655 -0.1592175886896578 -20.004955722664736 0.7428942133429962 -0.28065810553316584 0.6077328488571484 113.17492943311844
0.4973750282134657 -0.39701569632444056 -0.7713602389167293 -85.13550338708586 0.46314303857414496 0.8733476171587846 -0.1508723481072032 -20.165836481745302 0.7335643169688411 -0.2822099864907205 0.6182563516818449 113.7823058777363
0.5052715831545644 -0.39749085450071414 -0.765964521270256 -85.86717142540311 0.4662048432402836 0.872658954293569 -0.1453251307605039 -20.317779651033234 0.7261912085640964 -0.28366771067491464 0.62624193290187 114.38614352899194
0.5130914379312066 -0.39908609384597954 -0.7599128015900539 -86.60148832815453 0.4706931987946405 0.8711665151745778 -0.1397025964220111 -20.464362071556582 0.7177639507039594 -0.28600558130452675 0.6348351900552647 115.00767082761976
