1.0 0.0 0.0 0.0 0.0 1.0 0.0 0.0 0.0 0.0 1.0 0.0
0.9998902556925141 0.0005967373738027685 0.014802718522805963 0.008852696046233177 -0.0005950316430793739 0.999999815812397 -0.00011963492683061252 0.012729926966130733 -0.014802787186960773 0.00011081371165374964 0.9998904266027447 0.15062879025936127
0.9993506889166281 0.003227862999956842 0.035885672103422785 0.01900951366259755 -0.0032760415380297305 0.9999938096381816 0.0012838368889887635 0.02398004925717539 -0.03588130590853642 -0.0014005662318984293 0.9993550771875471 0.3223432344231476
0.9980871697210258 0.0038833056674506027 0.06170025587763222 0.042443000451194354 -0.004057161104593776 0.9999881443115354 0.0026927087000633704 0.032980255023476235 -0.06168906776766459 -0.002937885883619645 0.9980910919071923 0.5339010277867975
0.9958356813397032 0.0028369428693739702 0.09112215716193857 0.08056331408795084 -0.0032356340830153 0.9999858275810187 0.004227920196290403 0.04287105357797901 -0.09110887137249564 -0.0045051517467537905 0.9958307472482304 0.7862400365127413
0.9922475952118016 9.135144554965391e-05 0.12427671323023547 0.1335251351477576 -0.0008235562030895387 0.9999826057740034 0.005840368534133438 0.0539861624981572 -0.1242740180068913 -0.00589744049122492 0.9922304110659356 1.0641060188012965
0.9869247303713103 -0.0034185967902022065 0.1611455546315282 0.20451182902522208 0.0023687255068275694 0.9999747042690623 0.0067067101827252154 0.06131056028614155 -0.16116440587483988 -0.006237308553197028 0.9869078631062894 1.3496654104313075
0.9797022204553065 -0.004306890867295457 0.20041210024846126 0.28720626854157455 0.0027011109914809777 0.9999620294821029 0.008285142934533463 0.07070338554629645 -0.200440173703661 -0.007575637602945121 0.9796766540448717 1.6568433181951796
0.9702555261037858 -0.005626502590422237 0.24201767814286992 0.3866614039448657 0.003063284036210149 0.9999351792965032 0.010966015510821396 0.08125971252283637 -0.2420636907013923 -0.009898468258778591 0.9702098690335771 1.9953480893269648
0.9587129607621585 -0.00930209978864064 0.2842233801188391 0.5108082202003533 0.0050118671246419545 0.9998623247892113 0.015818111614180497 0.08970941104331506 -0.28433139125777307 -0.01374053880442505 0.9586275906413206 2.342900811995224
0.9460196910517733 -0.015860788284023958 0.323720835809679 0.6436053718047839 0.009547566527037959 0.9997321821291695 0.02108098642524045 0.09639398579722197 -0.32396849864719807 -0.01685228204899135 0.9459177620036648 2.6447351725168584
0.9310502925848968 -0.02046794391161119 0.364316367940845 0.7884061148046496 0.012157474609855973 0.9996112635241545 0.025090190249457966 0.10507808051145762 -0.36468828948663645 -0.018931061979572797 0.9309371978837438 2.9516797380857147
0.9124338346946896 -0.022377916374222415 0.4086119505877089 0.965746413750636 0.011223853765877312 0.9994965781381353 0.029675164646566075 0.11804249089816499 -0.409070314751616 -0.022490423493276235 0.9122256620157685 3.289389835225867
0.8912374547263439 -0.025956210292022077 0.4527936333918407 1.1617961408369666 0.011566908752582667 0.9993370908657577 0.0345193488043138 0.13281706442842092 -0.45338946383304685 -0.025527513925973702 0.8909468783928376 3.6197454031210174
0.8671569619389571 -0.032040822954884855 0.49700320826446626 1.3916526762156378 0.014300090134171406 0.9991187863885377 0.0394608427133878 0.15240745512042814 -0.4978296001474332 -0.02711155380773816 0.8668509980770498 3.967059294507146
0.8410701620528618 -0.0378169643684272 0.5396025015790145 1.6111667365562194 0.01706906689742597 0.9989118884374806 0.04340145266598619 0.16535117413967504 -0.5406566650468894 -0.027293155629640006 0.8408004841793041 4.256426738618563
0.81364440457432 -0.043512328804899456 0.5797322314197089 1.8489063668016086 0.01979584244847693 0.9986904886377203 0.0471744902071739 0.18581135224162568 -0.581025737404683 -0.026906972080224564 0.8134402911872626 4.530774421660617
0.7807103577990132 -0.04826390229184223 0.623026430387107 2.1173386328064177 0.021384475254234505 0.9984923962990855 0.050553325815534594 0.20441561412082546 -0.6245270542125764 -0.02614441180202895 0.7805654541984856 4.81813779736241
0.744996297205531 -0.05240772728053367 0.6650067272376557 2.4052409824330483 0.022346092688150243 0.9983102370426007 0.05364068192630779 0.22872257748050606 -0.6666942097330838 -0.025101807449582847 0.7449085379904994 5.103979305247595
0.7069348730619215 -0.053421428486930336 0.7052582762558275 2.7267377451412353 0.01862729745268234 0.9982038345616302 0.056939691394204045 0.261338631558385 -0.7070333153667758 -0.027115597815163303 0.7066601979145225 5.396503487184214
0.66842968792276 -0.05614610364579105 0.7416531314225524 3.0587818191116987 0.017162944001364287 0.9980455476464101 0.060087587540054124 0.2868286831049269 -0.7435772896321456 -0.02743537622438817 0.6680869063787575 5.668036268194233
0.6329387112575056 -0.05873031678478004 0.7719710730863223 3.4056734372454667 0.017217874343595035 0.9979397382158129 0.061804722253590606 0.31544054984965325 -0.7740104215026931 -0.02582690031952519 0.6326459030335289 5.9201778089665
0.5975713177958653 -0.06209394357209247 0.7994078197762258 3.804171530139911 0.01769587310777387 0.9977753701122234 0.06427415399963704 0.3460283494477544 -0.8016204689394268 -0.024262171565655237 0.5973407493284315 6.195137938693379
0.5641118388165169 -0.06331845629411043 0.8232670322559861 4.225598352994794 0.01635522715664809 0.9977166346461284 0.06552879897463788 0.38451904679412724 -0.8255363952314292 -0.023500851961894692 0.5638593531239531 6.466573896891235
0.5327449541595658 -0.06443273174919319 0.8438194338226982 4.642676539645144 0.01673747840144439 0.9977045666945591 0.06561596157630706 0.4223756785508959 -0.8461103182412347 -0.020833162893779084 0.5326005151044805 6.719297639900388
0.4992556546920194 -0.06469250800055262 0.8640362669857335 5.129590117855142 0.018157614528645505 0.9977709629657329 0.06421375629149562 0.4638666367239541 -0.8662644470903054 -0.016370243462847635 0.4993174569713088 6.984956806116485
0.4703337787571216 -0.06338595979066224 0.8802092686750486 5.6273717347831935 0.019593093828673146 0.9979213293484206 0.06139324967536822 0.5066359721342522 -0.8822710735563465 -0.011629296319977361 0.4705980367923716 7.239246758077471
0.4447597911391126 -0.062114491366317706 0.8934934348657503 6.1730928362506665 0.02066748340389264 0.9980384213552604 0.0590945397515671 0.5505733323786639 -0.8954114045038978 -0.007816614420794048 0.44517111005022986 7.499509648040251
0.42164590815515696 -0.061868781820513696 0.9046474351768533 6.765785470537551 0.021058103650257648 0.9980686262842428 0.058442908019194786 0.5941685989627272 -0.9065160144237213 -0.005592053570087779 0.42213439155108096 7.773101242069203
0.40537259101990114 -0.06328394478889998 0.9119584446573031 7.379444640992431 0.023223742690471817 0.9979918830899239 0.05893096861646199 0.6417524264065866 -0.9138565096475807 -0.0027099111762435846 0.40602824551520816 8.040675315919042
0.3937202636100517 -0.0658234413319973 0.9168705626172349 8.011736741558453 0.025378810548101743 0.9978310774558327 0.06073760646004917 0.6879007241274618 -0.9188798996593599 -0.0006445421206998786 0.3945368355014011 8.30981514586672
0.3848001590316044 -0.06770577286104262 0.9205133165416678 8.649899089322863 0.025076771958820326 0.9977047020350385 0.0629005806435873 0.731936325713054 -0.9226591966253722 -0.0011206509108598606 0.3856147702359944 8.582522620824205
0.3780725354905172 -0.06965593485342059 0.9231517798539238 9.28347430784598 0.02463429282622357 0.9975692615416725 0.06518220649958231 0.7759259268152118 -0.9254481668492965 -0.0019024108121925218 0.3788694647347265 8.845026280495174
0.36774492805285336 -0.07168344061475788 0.9271597231507805 9.98614446981955 0.023811070004783566 0.9974234771095252 0.06767156164868458 0.8236055210212521 -0.9296218052717077 -0.002809208496160759 0.3685042842505309 9.12675506004102
0.35747744117103813 -0.0736558610523848 0.9310127245029678 10.685159487784231 0.02291028780435798 0.9972767428245795 0.07010147597532662 0.8678844167135661 -0.9336407219945628 -0.003729926786090333 0.3581914151395061 9.394958556574098
0.3471509270322106 -0.07534111147675988 0.9347780221967799 11.37235909326708 0.023363975582961383 0.9971531619785053 0.07169167456007616 0.9152913910765114 -0.9375181910265187 -0.003047700397927483 0.3479229124628743 9.650860111915613
0.33644908329869516 -0.07654477329663811 0.9385855912107505 12.122775368277798 0.02270149848167212 0.9970606420087068 0.07317593951479033 0.9698001510499468 -0.9414279878536406 -0.0033126783954817857 0.3371978200518114 9.917315512868331
0.3269639584317901 -0.07918641755399256 0.9417133752695559 12.871648477741177 0.02102796045403265 0.9968461714216909 0.07652147019667463 1.0242331589957296 -0.9448028338048942 -0.005217451186323156 0.3275978990124327 10.183336421458437
0.3173445515684807 -0.08252884676346717 0.9447123504229699 13.630844857939415 0.019127598935795284 0.996560316256124 0.08063294005830138 1.083202285959281 -0.9481173822627403 -0.007518345255866775 0.31783156535476825 10.442547013147772
0.305594505192613 -0.08675254982991247 0.9482014519573838 14.433028248743275 0.019543315928362545 0.9962024262644977 0.08484565225898376 1.1426010618808897 -0.9519611637029142 -0.007397364580493407 0.3061294200148966 10.703861742753702
0.2943409158890803 -0.08979600829872711 0.9514725966244076 15.230598679218271 0.018832717636320447 0.9959277911931907 0.0881655458525791 1.2027145949126674 -0.9555149156240358 -0.008031912765184737 0.294833401088351 10.950278152315839
0.2801529562730416 -0.09161838566551761 0.9555733318272963 16.016330100526158 0.01836918101802299 0.9957645375109667 0.09008639755422768 1.2647019774909498 -0.9597796071391613 -0.007684871086474421 0.2806493336464242 11.175276803999134
0.2671014793247402 -0.09090794004515376 0.9593709116808173 16.80160314501122 0.016618804221240062 0.9958269666102745 0.08973554434022149 1.325204334298403 -0.9635250983180417 -0.008024899284507885 0.2674976371908396 11.3901108332313
0.2503818452091321 -0.09051894427220845 0.9639062466430618 17.570554877535894 0.015800651879671918 0.9958690104809869 0.08941618065986502 1.3870443219456638 -0.968018218315052 -0.007157841257321912 0.2507777787577826 11.587020999084865
0.22982352612443452 -0.08982789375103387 0.9690779619535184 18.394181311098684 0.013316954491152423 0.9959284154220083 0.08915856704820271 1.4532572569837567 -0.9731412053565569 -0.00758556914550601 0.23008401417292507 11.784943065131383
0.2067378403142533 -0.08870107726629692 0.9743672738110599 19.204475880208065 0.00982883005037543 0.9960199684962355 0.08858677359854181 1.5213566132568617 -0.9783470036147909 -0.008737347913233717 0.20678684501051797 11.965611311835177
0.18297220412645232 -0.08877247213930943 0.9791019460236936 20.003921461210986 0.0068018187674678265 0.9960053668482954 0.08903395122562771 1.586151151800257 -0.9830945568858382 -0.00963106430611193 0.18284511156104 12.123097438474966
0.1505605296061276 -0.08933977455988999 0.9845557026427253 20.81011562802837 0.003800520454279921 0.9959532150419217 0.08979281425557728 1.6521491558478607 -0.9885934872175718 -0.00977742958287274 0.1502907811602328 12.254269962251284
0.11858742274763318 -0.08966028175602869 0.9888872822731133 21.604951536599135 0.003353537281064571 0.9959453258385127 0.089898062983157 1.7194602242994095 -0.9929379522174481 -0.007344509231303482 0.11840726848624056 12.353988625819923
0.08427225544997913 -0.08919261061196887 0.992442877536836 22.41367568458263 0.0021773267285512474 0.9959999367800776 0.08932740443110701 1.7859186842438737 -0.9964403876849285 -0.005366949441080578 0.08412936255556841 12.427957746132858
0.05061370812469568 -0.08765477196334062 0.9948642588322907 23.26260869914371 -0.0007390817117082157 0.996137447729647 0.08780454993272474 1.8602798566414707 -0.9987180314323416 -0.005179399841650285 0.05035342599256554 12.476263182157462
0.0192814177662044 -0.08539854503759489 0.9961602860154519 24.055242924017687 -0.004593593225317549 0.9963274278432834 0.08550178611273196 1.9279971802119615 -0.9998035436175476 -0.006224550798967207 0.018818319190237576 12.49523715091264
-0.012388783536007086 -0.08220225255605515 0.9965386634331899 24.88729568611428 -0.004163695115825115 0.9966107482876885 0.08215643639080208 1.9922064118258014 -0.9999145871950665 -0.0031314648591322727 -0.012689059947671721 12.484856725941347
-0.04223158757752837 -0.07910851267075111 0.9959710519054776 25.69786860507409 -0.002188699068178347 0.9968653356612387 0.07908673816383821 2.0526456617434357 -0.999105451194753 0.0011600775957490636 -0.04227235045394734 12.444405733557925
-0.07293523871293023 -0.07462076443577648 0.9945411969691896 26.515803221361097 0.0006871215476971157 0.9971930566714895 0.07487012481725076 2.113969460829884 -0.9973364421386931 0.006144041112523077 -0.07267924009606225 12.379359814397013
-0.10350828715204669 -0.07180617344904253 0.992033219174366 27.327011934695616 0.001825365340587616 0.9973752182041011 0.07238330024042276 2.1719975691980604 -0.994626916251628 0.009303094481290936 -0.10310552798395117 12.292051608357147
-0.1303799121745614 -0.06857931055584766 0.9890894583732244 28.090022009623215 0.0059426426177582314 0.9975329313934511 0.0699480935001517 2.2243224704756206 -0.9914462988483397 0.014997631455431929 -0.12965071365270536 12.183755864370218
-0.15885325257269622 -0.060641831082697786 0.9854380814998034 28.89262965737148 0.008790047840806323 0.9979854752890266 0.06283093323429378 2.2746972422896974 -0.9872630749734499 0.01864294598698114 -0.1580001941735989 12.045818765739869
-0.18409463370220763 -0.04860319097393742 0.9817061147151938 29.713467467110913 0.00996731261225886 0.99863301623759 0.0513103455406687 2.322217675332035 -0.9828579849201713 0.0192309310061755 -0.18335853612879932 11.892907102698729
-0.20633289368576768 -0.03364196809035643 0.9779033464337186 30.493689989944848 0.009940103628346658 0.9992851338994696 0.03647486130716936 2.35989060003518 -0.9784313626019536 0.017246424282353442 -0.2058509886455676 11.730108690473651
-0.22921502923074788 -0.019449063077588976 0.9731814858083521 31.295981329369134 0.008877187238394355 0.9997170100990567 0.022070234827422836 2.3873104290962335 -0.9733353306653787 0.01369794378755675 -0.22897751071777994 11.54903098474598
-0.25388963130144093 -0.009352602842931684 0.9671879775605573 32.07593827748093 0.010919188133985555 0.9998618145888732 0.01253487365474651 2.4052300445722117 -0.9671715599872203 0.013743381938526459 -0.2537524246283742 11.346689934738434
-0.27930173686975157 -0.005276119274475449 0.9601888888895463 32.874577129394496 0.012202029515672987 0.9998846552869369 0.00904359427561964 2.4158289749266304 -0.9601258512597391 0.014242144751577403 -0.27920514152793896 11.117349490896538
-0.30328868839343776 -0.0060399458988230036 0.9528795781976479 33.64214230278215 0.012953381238359766 0.9998613829383514 0.010460632060313467 2.4258216268360955 -0.9528106744821249 0.015515603827980395 -0.30316840968473485 10.874617252598878
-0.32517422406830443 -0.01059151221355054 0.9455948095620061 34.397172395034794 0.01388787946022886 0.9997759507868592 0.01597419895737772 2.4298913721682585 -0.9455521407123324 0.018326704484493223 -0.32495427539434485 10.617031810792428
-0.3446230913701234 -0.012722417677752828 0.9386549232720897 35.13540531241733 0.018862951882643066 0.9996124254491154 0.020474079564409598 2.4354380420403956 -0.9385516043035528 0.024761643244532148 -0.34424954187777496 10.338052089256909
-0.36007427446265405 -0.012905665807896979 0.932834369360525 35.8736199408701 0.02019496003465455 0.9995621851632779 0.02162409722535964 2.443670052789719 -0.9327050340056025 0.026624833927519246 -0.35965599919776114 10.051294195044287
-0.37177274304105856 -0.010032842067721825 0.9282695565468962 36.62539993513167 0.02202062107142835 0.9995649265402368 0.019622687844427424 2.4511856120703497 -0.9280625624274238 0.02773625264262325 -0.37139006517405526 9.748128620389117
-0.3811282655790465 -0.007547301687278064 0.9244913647049111 37.39148033884356 0.02271902955885821 0.9995882497263018 0.017526457286403348 2.4601666220983716 -0.924242982593112 0.027683374908952195 -0.3807998685412573 9.428130818871184
-0.3894218990312906 -0.006307253525579673 0.9210378945015386 38.163881502317906 0.018236596581361966 0.999727727543994 0.014556693472432075 2.4651233670641735 -0.9208789340081528 0.022465291733822473 -0.3892008473363365 9.10956639164117
-0.40006448337679457 -0.00737020252830689 0.9164573581215605 38.94034289161712 0.018036418294389102 0.9997106864446608 0.015913234223591644 2.4695606666328778 -0.9163094983440738 0.022895928088566338 -0.3998158072430289 8.766575609263946
-0.40918232721893527 -0.006947362235268492 0.9124261927683074 39.70767770337959 0.019002572254430916 0.9996892563026267 0.016133600987266447 2.472073065814214 -0.9122547480498041 0.023940029053306465 -0.4089231586368221 8.417639876667746
-0.4156966784460271 -0.0052782424594941795 0.909487994250325 40.459811449148845 0.020822238539224512 0.999665829392701 0.015318744296406669 2.4789477068064074 -0.9092649261415268 0.025305527086821395 -0.4154478600109791 8.068019854313702
-0.4214335852626343 -0.0020215734017749905 0.9068570154405068 41.217396601848556 0.02187405545332939 0.9996839098689504 0.012393790669242639 2.4911914015868413 -0.9065954218452169 0.025059800280719937 -0.42125615425674656 7.7128319436409605
-0.4223049575239335 -0.001149360505969442 0.9064530885937432 41.98271227006329 0.020868013722713706 0.9997218368466707 0.010989765019677626 2.498777089381766 -0.9062135779461582 0.02355690774160342 -0.422163502974471 7.360974576397438
-0.4222197038697065 -0.0011937196519163432 0.9064927449779009 42.738760938226854 0.02303700384696757 0.9996620329876762 0.012046420908344041 2.505143217619049 -0.9062007603825611 0.02596911312191496 -0.422049507813632 7.010571737828213
-0.42028378144605966 -0.0024937387688779393 0.9073892903932433 43.522076000558094 0.020857423509355103 0.9997054592167436 0.012408170565868144 2.5138821944045704 -0.9071529699769233 0.02414075556383583 -0.42010797776625824 6.653772628634466
-0.4136884387425511 -0.0035620746500056423 0.910411548298317 44.326092519095454 0.018619637160903778 0.9997500860397321 0.012372331047342207 2.52401697394969 -0.9102280949095931 0.022069823010992272 -0.41351872768898457 6.297231116016074
-0.4059548810790899 -0.00441073935852151 0.9138824759816622 45.11625448910453 0.017300267439515828 0.9997720717157308 0.012510210380203932 2.535727772689002 -0.9137293555941952 0.020888992209939734 -0.40578604550904634 5.950330648565863
-0.4006620370208587 -0.005511648122740209 0.916209339520869 45.9336933351294 0.014767404618970779 0.9998131636726721 0.012472429902069575 2.5464620461856224 -0.9161069019776653 0.018527263203547712 -0.4005057860594161 5.599070713496636
-0.39551801832204614 -0.0069928466071339235 0.91843159640712 46.76570949748871 0.011535857234733816 0.9998543149989192 0.012580650853691372 2.5544080242877847 -0.9183857692606424 0.015570769870874772 -0.3953797287989951 5.253911064651218
-0.3942734265683272 -0.008740864251690657 0.9189516104747865 47.62186330170527 0.008267084156694962 0.9998805699358551 0.013057610206158374 2.565674849122143 -0.9189559948232647 0.012745319018501048 -0.3941540770073304 4.89847728459501
-0.3946778129268764 -0.010280218568454203 0.918762069901366 48.48658484068492 0.005786901210870202 0.9998897622465878 0.0136738849211891 2.575429809793994 -0.9188013581605293 0.010713564329722534 -0.39457481392217586 4.539558328111095
-0.39566359841932164 -0.01114583770922848 0.9183278756455309 49.37555330461112 0.005088990716805421 0.999884394309814 0.01432830028931856 2.5854477408940046 -0.9183814126273235 0.010342548885848138 -0.3955611363913115 4.168904782346703
-0.39718571686581766 -0.011958498854922374 0.9176603405524963 50.28292016112506 0.004843528204766995 0.9998738602623001 0.015126261887733439 2.5929124374443373 -0.917725474503305 0.010452648913241604 -0.3970776946371836 3.7816509639255
-0.396474141915187 -0.012639764309041606 0.9179588722545406 51.204960007576474 0.004785258170030108 0.9998631782485365 0.015834332539819494 2.6031556415121044 -0.9180334177451617 0.01067057359973232 -0.39635941109325296 3.3849375413547884
-0.39669704557098384 -0.013253233601743408 0.9178539131225353 52.12396883456955 0.004877421727814065 0.9998512216958735 0.016545247975125358 2.6099951463237345 -0.917936634410318 0.01104021160879455 -0.3965733840477589 2.99569857805663
-0.39807810690757733 -0.01383282073928978 0.9172472261453146 53.06048523972444 0.004439779545115817 0.9998455421559145 0.0170052988370186 2.61796126239919 -0.9173407813667014 0.01084181264089218 -0.39795520594683714 2.593139517277244
-0.39748982527897925 -0.014723542724873183 0.9174884501122158 54.02493607900389 0.0028831091112392297 0.9998462862701263 0.01729426245000688 2.6254633752050474 -0.9176020523525106 0.009519512669557332 -0.39738627605516885 2.1835295841627556
-0.3980863784176879 -0.015170596653053347 0.9172224857227824 54.970133798234016 0.0028932218930113277 0.9998375109711387 0.017792721043055685 2.631466331762702 -0.917343373326132 0.009736768058681646 -0.3979778018462893 1.7781577338414092
-0.3964740334987038 -0.015311483160771284 0.9179182421352603 55.9407317293088 0.0018347124687934629 0.9998456949546518 0.01747054981408426 2.642319444042455 -0.9180441027485693 0.008610735396408553 -0.39638476338591455 1.3665898042568725
-0.39511569366904015 -0.01709126089621433 0.9184723607259019 56.886842014735755 0.001146417491514633 0.9998169569208399 0.01909812505160626 2.6470183484041536 -0.9186306517547566 0.008598921707352393 -0.39502377675540307 0.9683183671515401
-0.39435818787377125 -0.01907614462095939 0.9187587933529211 57.87755351036753 0.003631958535959279 0.999744356734779 0.022316586973724063 2.6564528479208693 -0.9189496332955949 0.012137622640491019 -0.3941880890926673 0.5440472251548476
-0.3918785178700242 -0.020780726764312182 0.9197822506588937 58.85168157219983 0.004967275214818408 0.999682511937591 0.024702257044420795 2.6637731728548726 -0.9200035616283957 0.0142490954553398 -0.3916508775296837 0.13035247156425417
-0.3901018671853488 -0.021076082703956923 0.9205304622642101 59.80457067880796 0.005996306184043023 0.9996586499282443 0.02542887995541995 2.673416641186457 -0.9207521803018723 0.015439636054516277 -0.38984232723993995 -0.27224259991818744
-0.3894554343575704 -0.021364441811175097 0.9207974941730961 60.776548383211775 0.005831354220883671 0.9996537078460104 0.025660469552870973 2.686034829176514 -0.9210268508340604 0.01536310566975797 -0.38919598536839145 -0.6741515441313803
-0.38725507939989057 -0.02109698025965332 0.921731208597663 61.735987669154106 0.005522163475683759 0.9996671551079647 0.025200887065668257 2.696997958460636 -0.9219560776900018 0.014849121936078898 -0.38700968255096035 -1.072730120405652
-0.3874063361938173 -0.0205287101138774 0.921680477572322 62.674783916431934 0.002584300720876469 0.9997239358838754 0.023353231267582618 2.7066373343175734 -0.921905446380846 0.011429089286268998 -0.3872463348456889 -1.461026466208307
-0.3889687667101947 -0.018712013013457998 0.9210608878314912 63.62461932249031 1.1358153352743205e-07 0.9997936986897038 0.0203115745413638 2.71814889027736 -0.9212509422106105 0.007900672714804576 -0.38888851981861877 -1.8552230824946065
-0.3925343956458864 -0.01817888339412682 0.919557652588168 64.57392311390115 -0.001863305473716213 0.9998183137827621 0.01897017441423327 2.725606675497127 -0.9197354382253794 0.005733029141522947 -0.39249695036934 -2.2531635618845325
-0.3971664676519813 -0.02028050647253743 0.9175224782151472 65.54200822749692 -0.002809920422781836 0.9997779918884844 0.020882319857893104 2.7316429079763114 -0.917742284805525 0.005715592064440085 -0.3971352800838622 -2.6709202220098787
-0.40204716685711195 -0.022566786999530512 0.9153408194474273 66.48691987403309 0.0007917758732457671 0.9996872867351182 0.02499403591148191 2.7379307606886316 -0.9156186153159711 0.010773526103171699 -0.40190357353744455 -3.087733450298243
-0.4075455636272407 -0.023907294094162944 0.9128718720920531 67.41522969300397 9.431570319831835e-05 0.9996561344768307 0.02622220256554987 2.7509271262303248 -0.9131848688367009 0.010772840476671028 -0.40740316792553455 -3.4936252256463787
-0.41225325312433286 -0.021947133978701024 0.9108049069908032 68.3351684006843 0.0004282851776490227 0.9997050288286689 0.024283160965510732 2.7566539025958567 -0.9110691915876704 0.010400896345567774 -0.4121222506671987 -3.9028678584396475
-0.41711598339303857 -0.019712491659567212 0.9086394631924314 69.22758635466654 -0.00018898275703704663 0.9997666166415162 0.021602697393913156 2.769631354887433 -0.9088532448550622 0.008839113176497547 -0.4170223607849789 -4.309217954792885
-0.4227483803611375 -0.017910421601992355 0.906070098667909 70.1158254715169 -0.0009582460391151671 0.9998129625406968 0.019316358355659903 2.778750974161614 -0.9062465937406684 0.007297721126121335 -0.4226864731687091 -4.7193940311916815
-0.4269987482276376 -0.017287605339483123 0.9040869469877646 70.99542483559424 -0.002025614077802211 0.9998330102669818 0.018161730866678855 2.7888249844092123 -0.9042499465853668 0.0059237050983434805 -0.42696246183741904 -5.131197293084416
-0.42995151477069915 -0.01846812629954958 0.9026630729443659 71.86699308258699 -0.0017042659754172504 0.9998055882858354 0.019643856797993037 2.796568280282915 -0.9028503698973971 0.006907528023751139 -0.4298994017589868 -5.542776382455636
-0.43424271722761915 -0.024094704815801248 0.900473601908803 72.78861661321217 0.0006035531313871648 0.9996341949821723 0.027039081825418396 2.8081653507897353 -0.9007957028418773 0.012285008025373152 -0.43406932662816083 -5.979361040941821
-0.435277327686683 -0.031307405248334017 0.8997519071269352 73.66730230722702 0.0032609619755444193 0.9993338003365659 0.036349988058745356 2.8229489629480455 -0.9002905165161602 0.01875638242021802 -0.43488525381940984 -6.40528795585707
-0.436457587683368 -0.03363130561376487 0.8990960512850275 74.5465313707552 0.004204534592136041 0.9992139888092109 0.03941733700860349 2.837299674395464 -0.8997150082345402 0.020984276272958242 -0.43597312314731224 -6.822929824095361
-0.4363293692244313 -0.029265952395655742 0.8993109504407166 75.40646181663017 0.0030218187851359327 0.9994176108163444 0.033989819084244616 2.8565558470430807 -0.8997819458976934 0.017548311044801194 -0.43598681931456956 -7.235741110469432
-0.43606378693583026 -0.024152554476316465 0.8995915894646034 76.22711742130254 0.0018999785687888442 0.9996128405195944 0.027758947202407677 2.872617687353369 -0.8999137535367603 0.0138138763790791 -0.43584907137077 -7.635309236007371
-0.4361669213383345 -0.021210538221674645 0.8996157678690309 77.0821109991151 0.005528528405623227 0.9996401405743165 0.02624928048973661 2.8857955672547173 -0.8998487940225888 0.016422619185365316 -0.4358926994974625 -8.055254152229
-0.4331928192110794 -0.02164603957128317 0.9010413033567528 77.94396250816604 0.007150579163868089 0.9995975620395785 0.02745146958092501 2.8980442541869555 -0.9012729057292128 0.018334746668815433 -0.43286370425690807 -8.467981395776983
-0.43030838770423496 -0.023833214087038295 0.9023672585913474 78.79328319676975 0.00677320097432469 0.9995379989680007 0.029629586018147892 2.9129686619623856 -0.9026565322535165 0.018861774182902774 -0.429948157636162 -8.867899536948716
-0.4276139514808269 -0.028242761129592495 0.9035201463956022 79.65954227071782 0.005319752219006711 0.9994158770762318 0.033758034366286056 2.935691919679425 -0.9039457996668174 0.0192419097732984 -0.4272139278780537 -9.26975604225622
-0.42356800714464155 -0.033233301194058776 0.9052544896410412 80.53722946568647 0.004240926366804175 0.9992431099867463 0.03866809650818988 2.9587064476147367 -0.9058543800562363 0.020217686211837206 -0.4231064727668102 -9.670424711235038
-0.4219890233348735 -0.03632857965112789 0.9058727827269188 81.40148451575024 0.00046105071113036744 0.9991880987093631 0.04028561566875238 2.9830853447071233 -0.9066008226430868 0.017417740901170778 -0.4216296605847107 -10.054078353383932
-0.4198384224897108 -0.03860658081241679 0.906777387741515 82.27543092421828 -0.003647337898769438 0.9991585905209915 0.040851045450002114 3.015161061271037 -0.9075915358395558 0.013843514946727586 -0.41962597770671495 -10.439156890705425
-0.41722348561675165 -0.03932524774772685 0.9079526903640893 83.11862087551158 -0.0014840077034113178 0.9990915015009045 0.04259071905714082 3.035813754594365 -0.9088027072863198 0.016422439473110763 -0.4169027976768776 -10.82346030778784
-0.41520293286977533 -0.03744784955182595 0.9089577454977105 83.9683615358907 0.0022452841540265625 0.999107187781459 0.04218751026657316 3.059125392772449 -0.9097260484538214 0.01955724641580065 -0.41474815355493405 -11.207231071815729
-0.41058847606032267 -0.03513011125937232 0.9111437749386022 84.82913297172693 0.0036790144770554346 0.9991855829488366 0.04018252953301316 3.084506856660778 -0.9118133406454085 0.019850594703886837 -0.4101248416165042 -11.591577599244125
-0.4040369464493644 -0.0344587571537954 0.9140933978315835 85.67290505591232 0.0075880754171325174 0.9991295781704634 0.04101837559407021 3.108547318463704 -0.9147111932273146 0.023509148864390227 -0.4034237882231718 -11.964952186004975
-0.3951467976682821 -0.033742695196547615 0.9179980603538194 86.532667164669 0.012152148274007969 0.9990456982778446 0.04195256898999563 3.1300865097078288 -0.91853760597203 0.027733071835025776 -0.3943596621635699 -12.334062121667843
-0.38419398016263784 -0.034165248513899585 0.9226200308907099 87.37524637295854 0.010061683543529376 0.9991007829476672 0.04118723148778625 3.1578088921016025 -0.9231975672254887 0.025106997178916138 -0.3835047464655391 -12.672703528392557
-0.37288973498820377 -0.03596505437718753 0.9271783865061098 88.2378421470009 0.00880004237134972 0.9990665054349519 0.042292753188411296 3.185155007015355 -0.9278339316896584 0.02392974261540163 -0.37222515044482296 -13.013675255302882
-0.36026984471477413 -0.038520825752707114 0.9320524582728821 89.09464961650491 0.010638743794456678 0.9989124043156077 0.04539631741549527 3.212452296237954 -0.9327874656746139 0.026270791532461785 -0.3594682035905115 -13.341425876517773
-0.3474772740996151 -0.04023066859646595 0.9368249768705907 89.93115764849345 0.010794777506976787 0.9988413650814489 0.04689776306822205 3.240278690703023 -0.9376262671037305 0.026408724060612093 -0.3466403936799845 -13.649417362330254
-0.3358260542298769 -0.04095302184663716 0.9410333210370508 90.76906274025329 0.011058128798540734 0.9988141165598305 0.04741390458800483 3.270438048345567 -0.941859107875412 0.026328892161167752 -0.33497493988311866 -13.94804034090897
-0.3205689446304819 -0.04042701494619559 0.9463620914856212 91.60855375623974 0.014317441046390938 0.99876788184532 0.047515566671316484 3.2977497323858533 -0.947116974095799 0.028781498514727832 -0.31959515441080233 -14.237099988912691
-0.306789011117805 -0.03717330369978498 0.95105133833532 92.45015194559497 0.015590053440106 0.9989066705310176 0.044072823852938973 3.3231941176397286 -0.951649858346595 0.028347999235944325 -0.30587405585996497 -14.510636393167541
-0.29448854831265925 -0.029577055688405823 0.9551972009430868 93.29869866239414 0.01719123526377219 0.9991952559749252 0.036239506995952186 3.345736131876428 -0.9555003696193992 0.027093139611513703 -0.2937430942902025 -14.7765201920826
-0.2804631374493501 -0.02565382517729284 0.9595219173035288 94.17856816055745 0.013521185449786172 0.9994380084358232 0.03067319412561753 3.3678808485750977 -0.9597695588400892 0.021576574047059073 -0.2799586494043225 -15.028603673031226
-0.267153298038269 -0.027902240834253626 0.9632500092414759 95.08623113298111 0.012040461316348403 0.9994060495853188 0.03228893531160845 3.3885415333652067 -0.9635788201483911 0.020224070032884747 -0.2666586663747113 -15.273785403805142
-0.2528238855274739 -0.03176489543422717 0.9669907312507414 95.97463806849895 0.011452978416169735 0.9992926132838091 0.035820417666663724 3.404752979908867 -0.9674445266743669 0.02013118114935382 -0.25228123860751583 -15.502756215516317
-0.24143408411054157 -0.031757072816024384 0.9698974540413341 96.81720665791694 0.009541846940779345 0.9993383834103359 0.03509627615254003 3.420689966027601 -0.9703703087928148 0.017728050343293125 -0.24097132618708605 -15.702645020350843
-0.23453719813514945 -0.026744788756596208 0.9717391722912475 97.68913059890455 0.00680532569886886 0.9995518008745621 0.029152785639668163 3.435472871792313 -0.972083324737672 0.013450414223553569 -0.23425007176982643 -15.907072972373998
-0.22974405672501091 -0.020979380476334575 0.9730249400680152 98.56771914996231 0.0019297973614546358 0.999755857797463 0.022011376190581425 3.4433481390782226 -0.9732491686519332 0.006934723822097302 -0.22964748055189405 -16.102576279177235
-0.22666619935757698 -0.018688052335689355 0.973793197125904 99.43232162117778 -0.0010115135872475738 0.9998198814575405 0.0189520838561939 3.4503893852774232 -0.9739719764495558 0.003310791767527455 -0.22664427579098062 -16.29550988716526
-0.22309279563263767 -0.0192303647060992 0.9746075095186191 100.3101508108603 -0.0030673244117124885 0.9998142917332409 0.01902560293162308 3.456556097292927 -0.9747923861303842 0.0012550375408275274 -0.22311035122334327 -16.48842099351421
-0.21841662771428583 -0.019897570956009664 0.9756527370985896 101.18501477741668 -0.005464710356059107 0.9998013677109412 0.01916669152607375 3.4601725193404445 -0.9758403115667252 -0.0011453354887750698 -0.21848197758161825 -16.675950611932116
-0.21336812417506557 -0.023520331910846938 0.9766887106815649 102.05306696516402 -0.009356662744530432 0.9997135085291882 0.022030745029303404 3.466802134685135 -0.9769270681316489 -0.004437888131156044 -0.21352706784067554 -16.861361295144874
-0.20831626051518093 -0.027515836120888218 0.9776743907700252 102.90847919037729 -0.010462500148984824 0.9996096856500581 0.02590390791414398 3.47428259911887 -0.9780055581107931 -0.004832713229685962 -0.20852283612888978 -17.037999225436927
-0.2036009313109196 -0.029928302973439534 0.9785964221528998 103.75472408095499 -0.012128332556762112 0.9995330745241504 0.02804525773980284 3.485531581105726 -0.9789788375234263 -0.006158702252049302 -0.2038688452605052 -17.20819336557408
-0.20035494347950406 -0.030615854743504537 0.9792448958568276 104.6145882708106 -0.018133299401921935 0.9994562825756035 0.027537659177129206 3.4986201694868964 -0.9795555523175421 -0.012239634736384154 -0.20080117346617993 -17.368170493356534
-0.19766127883227352 -0.029476229719500847 0.9798271126744318 105.47673833123642 -0.02510787732405864 0.999372120817686 0.024999172559117103 3.510272194339377 -0.9799487809812666 -0.01966001052603245 -0.19827725698991822 -17.532487682511366
-0.19354454199657994 -0.027051302317603287 0.9807184801492506 106.2996847229208 -0.025606721299189065 0.9994185471207897 0.02251362910051266 3.5152297906183985 -0.9807572615523374 -0.020755594761206544 -0.19412470012460753 -17.693331764540606
-0.18808141465786332 -0.02490174003522452 0.9818377079759746 107.17751650448201 -0.027338625178223466 0.9994239124191051 0.020110764735682133 3.5184006200862954 -0.9817728765013127 -0.023059632002862627 -0.1886538426277904 -17.861179598564608
-0.18123038051846152 -0.02750294669415715 0.9830560193093131 108.04125322796867 -0.030463555784508475 0.9992861723781288 0.022340936928276735 3.525587164957331 -0.982968728366319 -0.025898525382875553 -0.18193885081778094 -18.01857600662789
-0.17525430672738312 -0.03122741623658671 0.9840278331676857 108.91480681354838 -0.03128678157064473 0.9991686841869571 0.026135757862645496 3.534033486365733 -0.984025947458935 -0.026206659750739537 -0.17608562040170656 -18.169248062754882
-0.1679953721798968 -0.03413980005549759 0.9851964418217865 109.76336608068074 -0.03245307746524466 0.9990499506239239 0.029085974650507544 3.5450690224405523 -0.9852534459159088 -0.02708634730829878 -0.16894370985722262 -18.307253092601847
-0.1632671926321964 -0.03078252156650856 0.9861015465843307 110.59549349289883 -0.03556527806055307 0.999047103268307 0.025298151072366472 3.555459736521851 -0.9859406345244509 -0.030940617595842677 -0.16420640479686227 -18.43773459106673
-0.15928173126193418 -0.02854020197923797 0.986820544454353 111.44718473911155 -0.03585735576054895 0.9990897360700617 0.02310734336344431 3.5644617834343686 -0.9865817655542102 -0.03170419767852496 -0.16016011902311572 -18.568128403973787
-0.1544461428794966 -0.028035669772427184 0.9876033567025061 112.28517872351367 -0.03694635633128795 0.9990620451575787 0.022583106061782102 3.5733369499601473 -0.9873101618556793 -0.033000471905226036 -0.15533709521728795 -18.69246439758569
-0.14810778215494697 -0.029427881373920918 0.9885332997238817 113.14885012739492 -0.0377065715670064 0.9989984415292059 0.024090003795773935 3.5787587200754656 -0.9882521435978803 -0.03370628457811119 -0.14906906806623027 -18.81428610574535
-0.13960410344873458 -0.030848031339235946 0.9897267770767689 114.02604757723161 -0.035923296531766465 0.9990144394145326 0.026070416328815803 3.582868092058828 -0.9895555623948388 -0.031914711400238716 -0.14057467812402652 -18.939092258924383
-0.1313345795451602 -0.031405570472237576 0.9908405110606897 114.89870367468323 -0.03500603345754341 0.9990216382581447 0.02702487582915955 3.588064950594517 -0.9907198422547441 -0.031136095376997096 -0.1323054712678549 -19.057094544104956
-0.12486329051215567 -0.03172752155265971 0.9916665382368223 115.76045511292706 -0.03453258645508466 0.9990219843350663 0.027614765759449798 3.5961098021150133 -0.9915728209038405 -0.030796739946830267 -0.12583680563908245 -19.168485025200095
-0.11717779050841842 -0.032155395938773555 0.992590245732642 116.61174486962693 -0.037157334882931915 0.9989178121667717 0.02797386280706175 3.6094403466608456 -0.9924155872798267 -0.03360409272650233 -0.11824579094439597 -19.269526374965373
-0.11085011793779814 -0.033233680556240895 0.9932813165613567 117.45100332746213 -0.040458587501613026 0.9987631259786123 0.028901918323963487 3.620506024071313 -0.9930132698260133 -0.03698297800497507 -0.11205759807943855 -19.35983662237164
-0.10698306832996857 -0.03365906148839513 0.9936909432365909 118.29893287062204 -0.041357931546034114 0.9987124435619963 0.029376462902462867 3.6296815687166877 -0.9934002942363863 -0.03795421787030603 -0.10823739075252375 -19.449889137580605
-0.1019581341167956 -0.03421259550511714 0.9942001997566812 119.17364742758373 -0.042473449143838216 0.9986467923393567 0.030009836189814416 3.640938582646145 -0.9938815548168942 -0.03916736472009502 -0.10327329052390927 -19.539560388214035
-0.09918996935204905 -0.03317554867899482 0.994515325648523 120.03541455227766 -0.0437194181430358 0.998624245734663 0.028952172770109405 3.6556245710815127 -0.9941076211644161 -0.040607866241942805 -0.10050392401345598 -19.622953733503167
-0.09430876508645136 -0.034779362721698036 0.9949353007892228 120.90533020775028 -0.0459315635161806 0.9984773541880969 0.030549380460114357 3.6706811658253358 -0.994482854704307 -0.04281785961734088 -0.09576263674817076 -19.704163003137257
-0.08920403602306803 -0.0371729366329086 0.9953194526076948 121.75740939832085 -0.04594020514544437 0.9983933198294647 0.03317041560027815 3.6848382570881832 -0.9949533343370381 -0.04276624488994154 -0.09076844600203249 -19.776346919974582
-0.08502769401830151 -0.038326767303727256 0.9956411754030545 122.63853922653838 -0.04637190238576643 0.9983293342467068 0.03447008923185771 3.698673076609729 -0.9952989188776682 -0.043238863197050253 -0.08666292627399402 -19.847028890174784
