1.0 0.0 0.0 0.0 0.0 1.0 0.0 0.0 0.0 0.0 1.0 0.0
0.9999304216873586 -0.0031492446029961277 0.011368115172359142 0.006972846109420061 0.0031363049676462248 0.9999944137420727 0.0011558874506129343 -0.00249310489743948 -0.011371691839451154 -0.0011201531498266726 0.9999347128096062 0.3146035969257355
0.9997945803321817 -0.006201905879400371 0.019295945218101344 0.016142771563265157 0.006166844634081804 0.9999792251098947 0.0018759999664457853 -0.003189855331866804 -0.019307179122181613 -0.0017566195029280658 0.9998120558996407 0.6251388916774254
0.9996991905468043 -0.009231209446873062 0.022722526096640053 0.027967283877559097 0.009186728536173304 0.9999556767963241 0.0020611796642547183 -0.0033354876822236177 -0.022740546142676208 -0.0018518139630210296 0.9997396852912159 0.9382315910278005
0.9996311011507614 -0.012609578107413639 0.02405535599548892 0.036729536613555096 0.012568199429528098 0.9999192674189656 0.0018705633961172568 -0.004192715793700319 -0.02407700095975991 -0.0015675408359334018 0.9997088780442593 1.2859185531606074
0.9996456443335183 -0.015931521096386875 0.021325393327687875 0.043222012203022436 0.015917684673349808 0.9998729706816778 0.0008184221629790043 -0.0027729188865583633 -0.02133572308746575 -0.0004786812639226848 0.9997722529579338 1.6166089585545964
0.9997939814300141 -0.017068565827910585 0.010984477998474003 0.04367193036720176 0.017078469797742354 0.9998538254498452 -0.0008084569735043472 -0.0038801832017799614 -0.0109690731462726 0.0009958884920956742 0.9999393419805139 1.9449970528505443
0.9998345921061714 -0.017012292962577932 -0.006431976060394422 0.025348569674220743 0.01700331206207946 0.9998543841451961 -0.0014484075912872003 -0.0020307766668635667 0.006455680196974509 0.0013388031171074092 0.9999782656635134 2.307105723675886
0.9995601523317578 -0.015302393002352012 -0.02540351627068033 -0.00464523475875353 0.01526199699235187 0.9998819386575157 -0.0017833099263172801 -0.002481355055390884 0.025427806006783096 0.0013948171526861515 0.9996756879942574 2.697444933339033
0.9990089821898092 -0.013426381578392052 -0.04243566638799178 -0.03935967983367348 0.013329016138708362 0.9999078451247528 -0.002576545506565488 -0.0008492951319626098 0.04246634941757501 0.002008366421937328 0.9990958790984276 3.0553477815574683
0.9980275559892197 -0.01366912170727818 -0.06127114000846305 -0.07390953429842058 0.013484514986736178 0.9999032123931875 -0.0034254490737335714 -0.0037772051399316752 0.061312032601745906 0.002592480961525322 0.9981152807670598 3.442754638369266
0.9965150764033 -0.015320965697359537 -0.08199372238790917 -0.1199697205308631 0.015155210967047819 0.9998816585492502 -0.002643572837085842 -0.0051410561650140855 0.08202452122060486 0.001391728026963971 0.9966293398308267 3.8633258902942966
0.9947212772213027 -0.017552269701284356 -0.1011014266543945 -0.17110204345439053 0.017456071691710612 0.9998459451475357 -0.0018361735008418185 -0.00815461276631857 0.10111808050153245 6.164709814395148e-05 0.994874429259955 4.274646258234311
0.9927374843925731 -0.018225299723943524 -0.11891225980477456 -0.23502585999153058 0.01820534090427111 0.9998334823999377 -0.001254206750444516 -0.012990420778259855 0.11891531711459653 -0.0009197401730987032 0.9929039739237371 4.683313067259921
0.9903903966977549 -0.019225383552086858 -0.13695709823203409 -0.30376210438687357 0.019356378407907878 0.9998125772941483 -0.0003753656386151742 -0.01871436948611956 0.13693864591047247 -0.0022792348952934745 0.9905769088488275 5.084778584534835
0.9881534112561473 -0.02075042990587858 -0.15206003906865534 -0.37915830546214474 0.020872062763937653 0.9997818375620058 -0.000796415166701393 -0.021590307195834605 0.1520433912369032 -0.0023868263155756705 0.9883709375742094 5.5058953126409085
0.9858738940236451 -0.022851061379399733 -0.16592315714356926 -0.4573064952414391 0.022959587326402804 0.9997355946066497 -0.0012642097491495858 -0.02645207495682916 0.16590817470051306 -0.002563175827653476 0.9861378745881433 5.956533290783895
0.9837665606793394 -0.026346415512302067 -0.17750836734868855 -0.5374796327419097 0.026189535372993705 0.9996517861333324 -0.003227184126360045 -0.030011295579482247 0.17753158120765597 -0.0014740658370126596 0.9841139999023578 6.400755959824881
0.9816821513053576 -0.02639470496637105 -0.18868882679751672 -0.6385931698765136 0.025823507465792192 0.9996514678177348 -0.005485376196072957 -0.031087745341431397 0.18876784755526885 0.0005122885773628555 0.9820216073436289 6.887165300987385
0.979604615876862 -0.027137078118782326 -0.19909388625450317 -0.7489793060535022 0.02616870097335707 0.9996294496451938 -0.007494163823533005 -0.03223379777795001 0.199223481653426 0.002131289098652665 0.97995176512146 7.392932487022572
0.9777759331670017 -0.028247966165569342 -0.2077408889143106 -0.8602663256664077 0.026499707651760643 0.9995861417237049 -0.011194229240491231 -0.03858464604921821 0.20797112783694352 0.005440375118160534 0.9781198353498427 7.890588437428804
0.9754312261209297 -0.03133270036444389 -0.21806463490463585 -0.9746300019747458 0.029163704475028362 0.9994880309814508 -0.01315880944903941 -0.04515816765560876 0.21836529360114293 0.006475941066354431 0.9758456131672633 8.400424818438008
0.9732948280564079 -0.03714361320685652 -0.22653372745926173 -1.0898796173110226 0.03467459977651343 0.9992880239836458 -0.014870011876231007 -0.05333991386703871 0.22692476684792748 0.00661793931674133 0.9738898054041915 8.923895031186937
0.970263658740824 -0.038553558772909974 -0.23896036414605243 -1.2270425516037855 0.03552993087464769 0.9992248677343216 -0.01694956381062683 -0.06383637039923785 0.23942860426213275 0.00795530057706997 0.9708813813508917 9.464235440474551
0.9674788791735389 -0.03497161213133526 -0.2505226630427846 -1.3741975471033379 0.030447274138437234 0.9992961268581209 -0.021913793462052935 -0.07197955618040704 0.25111268755411786 0.013573400137552396 0.967862687036779 9.98550286780513
0.9647620781877053 -0.032680482999344486 -0.26108641964274903 -1.5409710419326903 0.02714520854869739 0.9993243152122295 -0.0247800459736572 -0.08517375915052094 0.26171983139186805 0.016819603340697254 0.9649973216541453 10.544823771929732
0.9612461917362494 -0.03583275704464152 -0.2733528349864649 -1.7084588604857176 0.02975721036016762 0.9992100124988524 -0.026341210177664845 -0.10098969375487848 0.2740807678479804 0.01718617015576404 0.9615531021484142 11.108763364561346
0.957942326768876 -0.03828176758843685 -0.2843958594194667 -1.8781967209181865 0.03137316384945023 0.9990924526770464 -0.02880964411164582 -0.11954850952601813 0.28524064081877903 0.018675579618021097 0.9582739689416715 11.6570235062918
0.9550368648784655 -0.037909793101048604 -0.29405345485157586 -2.0537069561244983 0.02995228477693441 0.9990542451836207 -0.031519451410639505 -0.13538923886914145 0.2949702482620129 0.021294665238550455 0.955269119082484 12.206192507873693
0.9522162239311356 -0.037644666957458627 -0.3030959285968578 -2.2475002401140696 0.028330938725015846 0.998983251491207 -0.035068805953656905 -0.15546336800725843 0.30410790978415686 0.024806093802085545 0.9523145682583005 12.77922662431451
0.9500592766834293 -0.03912882190649612 -0.30960669579963734 -2.446198593669859 0.02782877549177574 0.998778384315029 -0.040832563961730434 -0.1797804230953096 0.31082620552712054 0.030177380954452857 0.9499875765694741 13.369396133163718
0.9478486979416597 -0.0399544459747473 -0.3162064010375999 -2.661631487813118 0.02608444798744436 0.9985077789393784 -0.047977254722836225 -0.20862397082307962 0.31765145581830845 0.03722710899869341 0.9474764878202038 13.98245468491984
0.9466408827291191 -0.0415692439196987 -0.31959824327705383 -2.8765917321634893 0.024825179075326595 0.998105816285241 -0.056289341632770995 -0.2390000162217708 0.32133277086178474 0.04535170842997463 0.9458797349096608 14.570861045069782
0.9456190868603404 -0.04397213666255372 -0.3222902321863728 -3.0875647354033013 0.024188800746549367 0.9975832262371578 -0.06513531030637432 -0.279291954139608 0.32437546837555414 0.05379737844536328 0.9443973727137039 15.174904110907875
0.9446305368432543 -0.045234170316871845 -0.32500310567588375 -3.305279144778073 0.0227363128005418 0.9970951955997008 -0.07269271622542722 -0.3253333293371928 0.32734722993094256 0.061278387280825214 0.9429150281487723 15.770093599016278
0.9436741220566713 -0.04743823623916812 -0.3274580356367634 -3.529463232833578 0.022680907218927356 0.9966153288988464 -0.07901558486508167 -0.37540185099912116 0.3300980578681088 0.06713791735198071 0.9415560377616096 16.375012666887816
0.9429399063708784 -0.048246615434102566 -0.3294489293842565 -3.7622116175941325 0.021381811794182914 0.9961780549140515 -0.08468825793494068 -0.4274295777107438 0.33227571547989654 0.07281172300399653 0.9403676418802979 17.021441598608593
0.9425006550046683 -0.04937271499850299 -0.3305372147420739 -3.983962129459873 0.020707492417000553 0.9957543339817735 -0.08969117077123291 -0.4792358195731812 0.33356216073405437 0.0776893903322146 0.939521497122997 17.630342922098077
0.9423284801384517 -0.0484766300290127 -0.3311601604374925 -4.2274682948246145 0.018150792516705674 0.9954008448256078 -0.0940622498746543 -0.5424146217296282 0.334196924358934 0.08262671760088637 0.9388744544866114 18.28237525128072
0.9421610346280831 -0.04810359858743886 -0.3316905615652616 -4.484273986029928 0.01722139282543353 0.9952876376034068 -0.09542505993176988 -0.6116426495607162 0.33471780421377667 0.08419359973755912 0.9385496413645575 18.984076779698377
0.9423080344571817 -0.049127799374538206 -0.3311223754536352 -4.7386286053054665 0.018281208749957853 0.9952483110064135 -0.0956378421207935 -0.6889212720773553 0.33424746162698604 0.08406698976112136 0.9387285952970753 19.692003023622636
0.9413298380823154 -0.04803070378182325 -0.3340526716404835 -4.995622396863175 0.016985219260126624 0.9953089859217353 -0.09524455296830592 -0.7607538874401675 0.3370602887653889 0.08398258175163323 0.9377298585945331 20.4107405891156
0.9401541632826717 -0.0466043570217288 -0.3375473050830816 -5.249531288328311 0.015522964083182357 0.9954321157933971 -0.09420159464230553 -0.8294991147671865 0.3403956328279374 0.08332428669765048 0.9365830856886088 21.10258448687344
0.9384531417990517 -0.048113160089028245 -0.342039214818618 -5.508985322595906 0.017278004478978506 0.9955503029101385 -0.09263403767922557 -0.9028944291617547 0.34497416020437466 0.08102294861197859 0.9351086089805329 21.809868729186363
0.9350266161091922 -0.048337944163507555 -0.35126723491017364 -5.828267771285587 0.017481423815238657 0.9957438089313975 -0.09049125259484984 -0.9894935683880294 0.3541463355574719 0.07847107829537285 0.9318919802650821 22.642959360588016
0.93190616035535 -0.047156244383986766 -0.3596209072166777 -6.126168172017817 0.017341870327898086 0.9961712022476636 -0.0856866112410491 -1.064800810926519 0.3622846502755519 0.07361538173535495 0.9291558576184509 23.410199193139725
0.9306075088804878 -0.04560948133222539 -0.36316585691369485 -6.379637691834146 0.01674483265224394 0.9964721114679811 -0.0822371062598382 -1.1228643302410282 0.36563544001464254 0.07044931709497941 0.9280881524543614 24.04065399683396
0.9280134141338606 -0.04501663675384872 -0.3698169893379533 -6.672710471459323 0.016155297059102187 0.9966015699281235 -0.08077324553174593 -1.183747082536586 0.37219633201382846 0.06898415203633067 0.9255868825795235 24.758467993762835
0.9251630784681594 -0.04497513595831064 -0.37689589462456374 -6.992977690531151 0.015984439143028294 0.9966908363852512 -0.07969864723413814 -1.2569540419261438 0.3792331419385727 0.06770977633399955 0.9228204647948585 25.531012113846167
0.9218827728464974 -0.045493746979176714 -0.3847888669317867 -7.317384024696169 0.016128437978345848 0.9967280403747188 -0.07920282204032827 -1.327049050707346 0.38713308644086764 0.06680967382473821 0.9196001527110574 26.29286308116334
0.918705914303262 -0.045563130450386846 -0.3923052945956362 -7.654005133479976 0.015786627468936477 0.9967656739239807 -0.07879704106138687 -1.396939172135005 0.3946266912125495 0.0661981301128204 0.9164538079751765 27.057432762221104
0.9155248366139335 -0.04628764267645233 -0.3995894489078606 -8.008346658332803 0.016295271530442135 0.9968097359513715 -0.07813331196299261 -1.4721657469051772 0.40193125988006934 0.06502156909837098 0.9133583403479744 27.862282627399267
0.9119472053347811 -0.04618771032461761 -0.4076996322012715 -8.353263222725152 0.015826697971298508 0.9968642366105991 -0.07753198951460698 -1.5417438667646626 0.4100022076933344 0.06425254222003236 0.9098185536165193 28.628934585481908
0.9085997175073174 -0.04479617705807612 -0.41525878180552034 -8.715737107462214 0.014936437488384822 0.997080757935351 -0.07487900233190736 -1.613785071302024 0.4174008339483509 0.06183255353005979 0.9066163902903883 29.40216447774284
0.9048305569649594 -0.04128237767641128 -0.4237657707694943 -9.094471037419463 0.013002864061724389 0.9975034162494258 -0.06941080677327557 -1.6859889141531363 0.42557324717218037 0.05729485024072251 0.9031083608444889 30.193509514295776
0.9010168077908851 -0.0411524611147224 -0.4318277284085917 -9.455464052430159 0.013943814592640259 0.9977230306818922 -0.06598730242664966 -1.7527191349165772 0.4335600098174753 0.05343434280630118 0.8995390424522604 30.94998569491104
0.8974103297557742 -0.04185318953265098 -0.43920725241459396 -9.851295155174675 0.015350215685579033 0.9978495425053754 -0.06372331912431514 -1.8214391216536232 0.4409297800399051 0.05044403877324951 0.8961229424728528 31.760238963664523
0.8955366551874081 -0.0427352828321317 -0.4429309142710714 -10.2499013109185 0.016912486297505754 0.9979273394731739 -0.06208858944467619 -1.8891589449640627 0.44466624227951707 0.04811154469823833 0.8944032715971937 32.57183732869564
0.8934162944919302 -0.04113490971856139 -0.44734242358483567 -10.654347948279101 0.015612626623013331 0.9980404594523731 -0.060592798136628864 -1.9507462479723614 0.44895831724809276 0.04715040295206058 0.8923078330235699 33.37357960909633
0.890488318816705 -0.041414737782060486 -0.4531173948828733 -11.086648482121602 0.016230509413822605 0.9981064963388908 -0.059329524945608746 -2.018376071930964 0.4547165321551069 0.04547792278179564 0.8894743582162933 34.232125184607995
0.888855338076134 -0.04104812218623508 -0.45634552658982624 -11.512258676992856 0.01595265371506977 0.9981475525705736 -0.05871095414674737 -2.076738582103353 0.4579101449116508 0.04490562283677086 0.8878636067688737 35.05099308294037
0.8884338915889685 -0.04256657518047933 -0.45702659326726924 -11.946782400399227 0.01746718259273162 0.9981047789413673 -0.05900633683492721 -2.136523987780237 0.4586721245163625 0.04444026250833039 0.8874936311094506 35.892316296534744
0.8879431458389268 -0.0429485597631343 -0.45794365480039473 -12.386525239411394 0.017793853198856166 0.9980931741628174 -0.05910494461489467 -2.1933284435171516 0.459608908253537 0.044333248289119206 0.8870142132740193 36.74289140392933
0.8875359402162453 -0.043842405681194394 -0.45864779328865307 -12.842790333477371 0.01912920143763397 0.998110394752512 -0.05839275245561913 -2.254686976793388 0.4603412087537068 0.043052100425767445 0.8866975178560644 37.62229460364472
0.886243157836375 -0.04479442363996254 -0.46104937349374425 -13.309146543404617 0.020662662942966162 0.9981455131605427 -0.05725896364398027 -2.3147647407584917 0.46275924577291366 0.04121885694971229 0.8855252036410051 38.50634941536353
0.8857754871448071 -0.04669271593841978 -0.4617592193467001 -13.78399601998943 0.023189524647398083 0.9981362472995278 -0.056447123695047216 -2.3796615207612857 0.46353428386690837 0.03929150169070003 0.8852074025757367 39.42452150230096
0.8853211984682676 -0.04787879696694806 -0.4625083743498147 -14.252003256187423 0.024600777724104524 0.9981144634385243 -0.056234505512153324 -2.4474766730351383 0.4643287383719424 0.038407534102373256 0.8848297486217875 40.32929098207051
0.8837874359295677 -0.04986253133205497 -0.4652241352963112 -14.714213568948994 0.026187296497331477 0.9980181360782824 -0.05721910136477305 -2.5087467479201058 0.4671552136016481 0.03838656051264765 0.8833416543879313 41.20527390081995
0.884009909880555 -0.05043065155808543 -0.46473995805869794 -15.19793283040494 0.02760890910827747 0.9980609155685941 -0.055786709458712225 -2.5735277742172222 0.46665214814765854 0.036485040740101615 0.8836880753022354 42.12327862685679
0.8823737496595959 -0.05005975368918046 -0.4678788165457412 -15.684015812691062 0.02864010642389833 0.9981949870925731 -0.05278742319232413 -2.639015672582374 0.46967681464565886 0.03317813743772133 0.882214770325498 43.0423750331258
0.8800288949956947 -0.051335200227353356 -0.47213752359908256 -16.182467320792647 0.031380959742363004 0.9982537061996646 -0.050047711478967846 -2.7032888584444525 0.47388224205840934 0.029227303608977642 0.8801030538439484 43.967369259017154
0.877291120058002 -0.050848576352824915 -0.4772574912458342 -16.681815731882068 0.03138718296352068 0.9983216889474206 -0.048668779754422097 -2.767910692242091 0.4789312428866915 0.027716920104169297 0.8774147462442994 44.878072941789554
0.8716899781423968 -0.05350693948349909 -0.4871278984345044 -17.20040153315158 0.03248261813718063 0.9981439822538697 -0.05151184533037699 -2.833847075158651 0.48898002160115067 0.02907916982129553 0.8718101515567723 45.80371315008773
0.8667155355885686 -0.05611720720800848 -0.4956359948839413 -17.710941656849247 0.033167514823233775 0.9979359272725635 -0.05498909909336113 -2.899117897791459 0.49769880081216933 0.03122089226499402 0.8667878399910248 46.70329179783181
0.8603475032123467 -0.05798837537311647 -0.5063985802091746 -18.232906227550302 0.03500297771460973 0.9978836056501164 -0.05480055771462292 -2.9625687128156986 0.5085046364266426 0.029422064786648182 0.860556434428503 47.59732838473789
0.8554559764781019 -0.057404386293744475 -0.5146841834971577 -18.77143218787485 0.036202172848242065 0.9980349945167866 -0.051142471595963045 -3.0250244886935995 0.5166086284499741 0.025117447205407713 0.8558531643085281 48.48820499855736
0.8508755693586051 -0.056037203137951554 -0.5223701727062391 -19.349728706836707 0.03593913009739166 0.9981745195133759 -0.048538721883505984 -3.0911116861076984 0.5241365703674119 0.02252688302268065 0.8513362409440643 49.41418214237136
0.8470879737986267 -0.05722134600011518 -0.5283632104979231 -19.912630974841257 0.035826714376555754 0.9980735474790977 -0.05065215059077301 -3.1553792082668592 0.5302437280937119 0.023977309782891715 0.8475061518554643 50.311922289709685
0.8457757831851948 -0.06009203965589756 -0.5301436327519786 -20.47514427142586 0.036127875165065326 0.9978068264729516 -0.05546452632119834 -3.2196532699950673 0.5323139122862826 0.027757590204689646 0.8460918478347966 51.20329600747626
0.8451288739129015 -0.061558449073589844 -0.5310063500810187 -21.035163846846363 0.03292857101730817 0.9974559090263261 -0.06322514341006898 -3.286551030217276 0.5335474633895931 0.035948113943848864 0.8450058209352235 52.07454859093372
0.8424479925536842 -0.06260043357827216 -0.5351285504979904 -21.57568243719925 0.033018918325604774 0.9973588795900304 -0.06469170221540227 -3.3545295973340346 0.5377649401689133 0.03683002876365394 0.8422899845696811 52.92153871229433
0.840691470126669 -0.06248289527098637 -0.537897517985364 -22.13049306388219 0.03476028020454017 0.9974989491796303 -0.06154323119267621 -3.425338408317975 0.540397608225982 0.03304140106121849 0.8407607809832413 53.78941192461896
0.8383482012542331 -0.06040637473542998 -0.5417779649866862 -22.720607910589006 0.03487687691523082 0.9977489393740593 -0.057277023618376124 -3.498730985689774 0.544018287294124 0.02912256632343696 0.8385678143241043 54.69172261895327
0.8364888169216022 -0.058357809470214 -0.5448677135222242 -23.301908821116463 0.03392224226239737 0.9979207436848575 -0.05480393054655909 -3.5652713499122206 0.5469330312250209 0.027359740446485453 0.8367291700172232 55.57827050002827
0.8343903033693784 -0.059587539732401315 -0.5479435616482745 -23.865011615625406 0.03459466658819979 0.9978406029941376 -0.05583314481512949 -3.6319378658257655 0.550087293696926 0.02763070981598958 0.8346499345164153 56.434663983535415
0.8299995959898051 -0.06176704088628829 -0.5543333864353762 -24.431953600464258 0.035585435266637405 0.9976887476476624 -0.05788643722084985 -3.699521522337633 0.5566276560265798 0.02831952466746261 0.8302792645062049 57.28529202880086
0.8270752415061838 -0.0654877628908182 -0.558263287167483 -25.018561745812953 0.0375062156628002 0.9974060901990147 -0.06143594241623153 -3.770106299564364 0.5608385049852972 0.029873803665937313 0.827386081089346 58.15483014374602
0.8250631270653837 -0.06719967717469791 -0.5610303376330974 -25.623392784741792 0.03879368007109936 0.9972967144484103 -0.06240443683703448 -3.8466574159956455 0.5637072704370878 0.029723168371198646 0.8254396686120347 59.04196163162271
0.8221164554420609 -0.0679346580010396 -0.5652516394789704 -26.2182170638487 0.039567050476809335 0.9972722583142298 -0.06230964061364809 -3.920234219070882 0.5679427631442695 0.02886044072979739 0.8225619081582458 59.90647248735575
0.8196160915573079 -0.06798504953277609 -0.568865094288926 -26.814845646260174 0.03884057554541071 0.9972435615719505 -0.06321936882469273 -3.993112269844948 0.5715950246036297 0.02972056431693835 0.8199974487186278 60.743212021531775
0.8150409743179639 -0.06923956774870905 -0.5752513298035877 -27.436102619901934 0.03901535348183279 0.9971391076439924 -0.06474103953158471 -4.078059431074583 0.5780882392641384 0.030322965964999258 0.8154106360353498 61.62544591671393
0.8105204948999083 -0.0711789188715831 -0.5813691502440428 -28.058653318344298 0.04005622381684727 0.9970006193362437 -0.06622132569407789 -4.1604910437090314 0.5843389652254438 0.030386288872106332 0.8109405941052886 62.50069968840018
0.8061040429482786 -0.0729596113113603 -0.5872590289299392 -28.680644664651446 0.04092203373583926 0.9968677302812472 -0.06767655043541841 -4.24461485825807 0.5903572300712195 0.030522507125236686 0.8065647633398246 63.35988530124698
0.8001068100436242 -0.07451886894313904 -0.5952109127807145 -29.309635838158997 0.041128756747024875 0.9967336472200139 -0.06950152421302062 -4.3253362112095175 0.5984459189352537 0.031128357986316992 0.8005582473741781 64.20886932559027
0.795458427351232 -0.0770815464676029 -0.6010859552094591 -29.949765028619517 0.04322780597613973 0.996568263936656 -0.07059073667818697 -4.412673649076494 0.6044644300092391 0.030168369336818414 0.7960606901142421 65.06734548152856
0.7895811391462395 -0.07957553808707511 -0.6084647553003206 -30.588465396267544 0.04571899774354242 0.9964290002559101 -0.07098605985919627 -4.504076045769696 0.6119406817248323 0.02823085523252689 0.7903996589466543 65.90478736276636
0.7842308854217701 -0.08130840788672421 -0.6151185748760256 -31.235626201017254 0.04768786244472205 0.9963427442264393 -0.07090136672012456 -4.588722440293988 0.618633806161642 0.026269351614655538 0.785240176659158 66.73608263051017
0.7806119742580767 -0.08197605924394467 -0.619616713263725 -31.912295885975936 0.04847232505312006 0.99631586741364 -0.0707469154363008 -4.676740373524404 0.6231335164704693 0.025191626597734794 0.781709666436656 67.59185940645699
0.7756200908493139 -0.08325161125759192 -0.6256857389248349 -32.60094343495466 0.048582622362871246 0.99619710716015 -0.0723260153063561 -4.76338949781929 0.6293275804183769 0.02570005659066548 0.7767150723502074 68.44005773469111
0.7703717662316305 -0.08496125241982692 -0.6319089549772283 -33.28590067597362 0.04855987807380545 0.9960217697020789 -0.07471661475867569 -4.849764097558429 0.6357430927934771 0.026874148671049265 0.7714327579890493 69.28454170336315
0.76609633866081 -0.08419811155542671 -0.6371868469303188 -33.969305551540884 0.04698648069960289 0.9960662717629944 -0.07512824294254622 -4.93920800572327 0.6410059832185402 0.027616304362972254 0.7670388968046954 70.10072038768178
0.7625062221859156 -0.08335544129434279 -0.641588755773033 -34.68261935081874 0.046664006173077296 0.9961685581839337 -0.07396400620316507 -5.0340382291551995 0.6452958481624086 0.026458913287741224 0.7634744227883404 70.94432637316413
0.7591450247578836 -0.08299227084534194 -0.6456091033785739 -35.39921430917086 0.046574159134144526 0.996221951749273 -0.07329850308032937 -5.130120637737197 0.6492531702551018 0.025575492816426373 0.7601422334543038 71.78284152152605
0.7540974428663362 -0.08437893961438081 -0.6513196152519942 -36.105848554400296 0.048040635715196116 0.9961426558452982 -0.07342960251530722 -5.226655345458429 0.6550031633378062 0.02408326711700192 0.755242247403069 72.60157436267053
0.7501173081569052 -0.08634343846695167 -0.6556438321506141 -36.807978326941345 0.04793951309442492 0.9959310534716872 -0.07630950016246468 -5.314697715012933 0.6595648770876966 0.025809830772003627 0.7512043833390568 73.39882152829784
0.747551869386979 -0.0886608059878154 -0.6582594200295384 -37.53564799044179 0.04831867261727102 0.9956842153261692 -0.07923540387235906 -5.406389705048267 0.6624435888832636 0.027426352872772324 0.7486095689446937 74.2290315205208
0.744066797407587 -0.08836322344530871 -0.6622360166420819 -38.295793152897055 0.04656099094996487 0.9956634035676877 -0.08053856788995875 -5.506656101316383 0.6664808137653885 0.02909170910006236 0.7449543592356938 75.08022973261689
0.7399426671372945 -0.08816950921387047 -0.6668665436162862 -39.037431414310596 0.04677494224830363 0.9957170286750666 -0.07974774971222971 -5.604974036888603 0.6710416932854582 0.027816118555287036 0.7408976376133909 75.90205587105672
0.7359137954968974 -0.08835473474509242 -0.6712855774150635 -39.76898721904821 0.04726209981500426 0.9957340493378704 -0.07924643153028599 -5.702298698444619 0.675423703698965 0.026592176242874264 0.7369502538463778 76.70756172163087
0.7318414357689201 -0.08904808327754166 -0.6756319647236072 -40.541753034900005 0.04743499390805999 0.9956777164057917 -0.07984864686323781 -5.802113342660071 0.6798220607222364 0.026387950233842525 0.7329022048253289 77.5422624790572
0.7291215007565364 -0.09024485207581216 -0.6784082132524275 -41.317659079480386 0.048236034366615735 0.9955791347954518 -0.08059448708517568 -5.9023093017434105 0.6826822995531078 0.026039451487208102 0.7302512066700927 78.37975030048433
0.7251494047468088 -0.0905572734081816 -0.6826109587665767 -42.11074652248654 0.04821126993067019 0.9955589466584418 -0.0808582536294598 -6.007355959886274 0.6869017500683932 0.025724773297540252 0.7262948587121962 79.22594888083003
0.7229802201759745 -0.09142218639904305 -0.6847930965396177 -42.89778150209509 0.04837009088252657 0.9954717249257072 -0.08183140706020826 -6.113285111210158 0.6891733711790639 0.026038984378351063 0.7241284663305458 80.05903627361677
0.7215720135492035 -0.09384429283368223 -0.685949763441241 -43.68951022839334 0.050541448833121505 0.9952674401131085 -0.08299569025286363 -6.219429562402202 0.6904921369663795 0.02521847246060751 0.7229001573069109 80.899619905555
0.7185747852035688 -0.09815857733709799 -0.6884875973935932 -44.50809373635985 0.05313680041553137 0.9948444251505894 -0.08637737081200028 -6.33201666320858 0.6934167278853643 0.025484572626410025 0.7200859518465863 81.76191206058192
0.7160310944594144 -0.10071122639113739 -0.6907653151729943 -45.34093776460249 0.0546964253491636 0.9945901169369724 -0.08831081669491568 -6.442005566698207 0.6959222462468609 0.025450897235514053 0.7176659940450228 82.62979652612286
0.7123080769318986 -0.10303014701093513 -0.694263633171496 -46.17044453521758 0.05733620008933953 0.9944027781375413 -0.08874499981213015 -6.554347779732868 0.6995210959627276 0.023407341567227402 0.7142284877151425 83.48864938672232
0.7062417723092224 -0.1041973023422639 -0.7002610093601696 -47.00620140467078 0.05794610891580804 0.99429898805166 -0.08950849580326142 -6.671777160958508 0.7055953567782642 0.022637237994949877 0.7082533077571287 84.34073632752899
0.7000286805171552 -0.10448765943068994 -0.7064291723025792 -47.8332696267988 0.05881743099391695 0.9943127934370369 -0.08878388715703037 -6.78287638889288 0.7116883842417879 0.020600918283723145 0.702193168509336 85.16558809957631
0.6915180296264876 -0.10282422906965988 -0.7150034913325463 -48.683318959380465 0.05775464889176202 0.9945184381665217 -0.08716350542636445 -6.895000018687142 0.7200466757321291 0.01898035992948198 0.6936660080356092 85.99130502920964
0.6849978073555869 -0.10155796657740934 -0.7214318979243297 -49.52605024856669 0.056049814954790556 0.994647752117461 -0.08680015812898076 -7.010259480258697 0.7263858631344449 0.01902179361532802 0.6870238345254727 86.79726805944262
0.6784355391886057 -0.10061052401753698 -0.7277380996091813 -50.366851104706676 0.05249326107529237 0.9946849638436643 -0.08857923145415925 -7.119423550716686 0.7327821481910892 0.02189395259529294 0.6801110042722496 87.5811938722452
0.6680564081225103 -0.10253950320985011 -0.7370117270762573 -51.220723213426766 0.05317440057574902 0.9945062851739316 -0.09016502577472596 -7.232647669417625 0.7422082717740757 0.021045166452759452 0.6698387733470763 88.37243378800451
0.6577952806668281 -0.10386561572686376 -0.7460008730572157 -52.082116086700324 0.05311975572735054 0.9943773207611635 -0.09160805372518649 -7.34168974817221 0.7513212763418292 0.02063196126231137 0.6596140249347 89.14746153801853
0.6486844639263148 -0.10414590418774314 -0.7538979353344502 -52.972602216931925 0.0544599146595924 0.9944053020425735 -0.09051084446014263 -7.462439513147763 0.7591064378306243 0.017655761397788614 0.6507270473351825 89.93294822129296
0.6384617835026536 -0.10368837575682797 -0.7626370511190246 -53.894793330647516 0.054147766274058165 0.9944796968122431 -0.08987854046299995 -7.580150713158786 0.7677464232506335 0.016088920446692474 0.6405517748197403 90.72219060264486
0.6285308972303875 -0.10411434624124641 -0.7707847391675072 -54.7816707038344 0.05408371096860268 0.9944518835914787 -0.09022418428129375 -7.694353656456716 0.7759019676702908 0.01502178844605611 0.6306746248559975 91.45199203949232
0.6195538158820768 -0.10518795448865273 -0.7778743879679102 -55.697488825204914 0.052793087817411155 0.9943206294580906 -0.09240874262086757 -7.812297949388849 0.7831768376967367 0.01618579823671837 0.6215883371096819 92.18753034687603
0.6103334296929888 -0.10468141900118305 -0.7851973669817626 -56.676356817444265 0.05005323442514947 0.9943454021119654 -0.0936583953651515 -7.943473149697082 0.7905616853369349 0.017861181783206552 0.6121218831756734 92.95717318155485
0.602754709967158 -0.10516286754219523 -0.7909662008598788 -57.642319703994424 0.048614951119102245 0.9942754436258667 -0.09514687977161047 -8.071912327136511 0.7964441889674974 0.018897446729352105 0.6044166943152851 93.69839082344912
0.5949153047269767 -0.10433162972025493 -0.7969885138705101 -58.63973475468008 0.046147706835930766 0.994338103258983 -0.09571899268751886 -8.201252840197462 0.8024625657034686 0.020165501413154097 0.596361621164007 94.44626859742395
0.5886536460917544 -0.10209154862236092 -0.8019128385571412 -59.64824507211344 0.04420523888368183 0.9945742442222703 -0.09416989744571655 -8.325768485623868 0.8071758060039462 0.01998470489119783 0.5899727364652468 95.18892575336561
0.5814661871352761 -0.10075390167250135 -0.8073077012615031 -60.629273161897906 0.044257737002535255 0.9947499365379502 -0.09227034449463602 -8.449584408409013 0.8123658818129789 0.017922473476401524 0.5828725924339806 95.89756485911205
0.5754042480319396 -0.09962205457033885 -0.811779155675965 -61.65828069424537 0.04316075954226098 0.9948694838923746 -0.09149786257315218 -8.573408807999416 0.8167295147002669 0.017611253870884407 0.576751890811432 96.62299458564361
0.5705094383054223 -0.10027652333253093 -0.8151463670242125 -62.66937831098802 0.042093868419701815 0.9947839419236881 -0.09291402010586607 -8.69572809961787 0.8202116111381845 0.018695661504981198 0.5717546547208818 97.33385095428659
0.5654561203236443 -0.10229266252490607 -0.8184104026599968 -63.65252402284303 0.04323608841160167 0.9945911677783803 -0.09444072022227447 -8.823586167574431 0.8236443508258868 0.018017218731075924 0.5668203976409107 98.0241369237585
0.5593228381982216 -0.10408212821633095 -0.822389733189712 -64.68779708988129 0.04260094734581024 0.9943843172326376 -0.09687615251970316 -8.947263878451164 0.8278545294646432 0.019150462859694302 0.5606158558381433 98.72355358213355
0.5563229747335812 -0.1055836278550267 -0.8242310630597167 -65.696146076828 0.04122779937001394 0.9941803938534666 -0.09952694628326508 -9.079095900461084 0.8299427789568901 0.021387893920096053 0.5574383747563291 99.40368343906177
0.5528047980990041 -0.10643263186962335 -0.8264859043395869 -66.7232925525835 0.042365402432697145 0.9941169201588919 -0.0996831065452676 -9.20907948655534 0.8322331571593595 0.020090891645339927 0.5540616646163676 100.09551261266998
0.5502976957649224 -0.10488482498868812 -0.8283547667050086 -67.75956204166843 0.04310769785530058 0.9943248021601492 -0.0972620902242822 -9.33966850314629 0.8338550068335819 0.017814637135584947 0.5516959908158607 100.78298408191765
0.5482143757937955 -0.10383837429358045 -0.8298666098820254 -68.81461046783123 0.04506356138763393 0.994488461377015 -0.094667711618274 -9.47383797988545 0.83512290928227 0.014501455514672822 0.5498721980423031 101.48357250428978
0.5454237659037988 -0.10330727432668779 -0.8317695129412407 -69.84826278372677 0.04548300362799368 0.9945608917854647 -0.09370127486794003 -9.602445728581397 0.8369254518583445 0.013275526433697844 0.5471558721512675 102.16673868685142
0.5431088315131318 -0.10404506164512628 -0.8331911078976433 -70.8717686969475 0.04733668960410526 0.994508957534622 -0.093333655241419 -9.731721162399488 0.8383269260555604 0.011249823583565258 0.5450517466439068 102.84340405637741
0.5407626275499386 -0.10437736574176235 -0.8346742754908031 -71.88342162008803 0.04982121573457491 0.9945038567473243 -0.09208651029019825 -9.857265705639488 0.8396985334678247 0.00821245611910476 0.5429907259396578 103.50990502747824
0.5377017650694157 -0.10426521252818526 -0.8366633596003159 -72.88861146573569 0.05205410819729593 0.9945364397821311 -0.09048557766444308 -9.98157462525335 0.8415266969389736 0.005102489778148783 0.5401914317508607 104.1629646047132
0.5366121289012404 -0.1056582701405458 -0.8371880034179815 -73.87682586995706 0.05421152635673201 0.9943969804671728 -0.0907510641692027 -10.103178297413443 0.8420858231357136 0.003312882231055185 0.5393333767579856 104.7982137812272
0.534196909485034 -0.10594843476353824 -0.8386945755564388 -74.876169188246 0.056160292518325244 0.99437122440032 -0.08984369554323113 -10.225392024699612 0.8434925509101399 0.000892891799126147 0.5371401300436791 105.44243116004066
0.5334337821456574 -0.10654477792130648 -0.8391046480406832 -75.85724774382591 0.060331684745446146 0.9943008807972155 -0.08789679323876184 -10.34095141144844 0.8436874349435077 -0.003737478238201468 0.536821705387239 106.0720239093862
0.5346333289419867 -0.10637647462930648 -0.8383622422496437 -76.82236772113293 0.06259965390041904 0.9943055027679027 -0.08624297360954189 -10.455164383715704 0.8427624142757895 -0.006372818129281678 0.5382479914250808 106.6917356749062
0.5321193218218359 -0.10759241163110378 -0.8398052752294859 -77.7822004118406 0.06439295408861184 0.9941627924248592 -0.08656725490477576 -10.57058149165327 0.8442171372387625 -0.00801343355931905 0.5359414241080633 107.31539640511906
0.5315156052664258 -0.109839040801215 -0.839896747507772 -78.69535352497807 0.06766747228336258 0.9938938311647528 -0.08715598411715869 -10.679760529659587 0.8443413258588292 -0.01050892423224594 0.5357026114911478 107.90485867572102
0.5337512999055274 -0.11155479656890073 -0.8382512017358705 -79.63768091481721 0.06891713957575572 0.9937016664429859 -0.08835964000112825 -10.792376513758041 0.842828557727997 -0.010607802359789316 0.5380775936677163 108.51009110631902
0.5343764152460344 -0.11283194669677676 -0.8376818003474911 -80.59060323240675 0.06960467571143741 0.9935583962571854 -0.08942540101087382 -10.90252972044754 0.8423758282072817 -0.010519744838430323 0.538787805189233 109.12225200513718
0.5382492270245585 -0.11359022243171844 -0.8350958214333122 -81.55748247197786 0.06939139073906926 0.9934842899698659 -0.09040907296488132 -11.016297077258821 0.8399241659214023 -0.009285846810288712 0.5426243346462197 109.74574479480674
0.541260935034356 -0.114569763209285 -0.8330128267703344 -82.47837731842434 0.06916882232750954 0.9933830407155446 -0.09168319604248168 -11.126281455407643 0.8380049368730235 -0.007993983794521937 0.5456040890604952 110.3404989485486
0.5450119936006217 -0.11517532352375265 -0.8304797238239325 -83.38992931075533 0.06876364579708463 0.993323112764667 -0.09263236294193378 -11.237344260937034 0.8356036667273363 -0.00662106477176988 0.5492928851287981 110.93497932149268
0.551483337215171 -0.11513004357964951 -0.8262028817665585 -84.3280015017457 0.0690431184140613 0.9933315553277928 -0.09233346624994648 -11.350168002414788 0.8313237495546966 -0.006123255295682355 0.5557547383251932 111.56288881630637
0.557088200848415 -0.1135598028781052 -0.8226523613567047 -85.23804917532813 0.06768332701678771 0.9935195151934204 -0.09131232213545762 -11.460223227428214 0.8276905845298803 -0.0048108315411054745 0.5611641045010528 112.16814972376076
0.5635450812218089 -0.1117904905416133 -0.8184863026680231 -86.14572747961985 0.06733497290583562 0.9937204320500121 -0.08936276825450273 -11.566282522400549 0.8233364700136121 -0.004752804519759471 0.5675336712431447 112.7907757221905
0.5703368585987219 -0.11117830117075561 -0.8138521076169346 -87.05018957812261 0.0668597937261857 0.993793557789524 -0.08890518814406714 -11.679022632969897 0.8186853093262597 -0.003708078319674145 0.5742304541284289 113.42699890354935
0.5762171073174098 -0.10993540310181749 -0.809869157567812 -87.95069002089367 0.0657435041202456 0.9939357076760421 -0.08814533834818923 -11.790810839793945 0.8146481675550176 -0.0024527844109113323 0.5799502969633569 114.05832168196808
0.5836730287825995 -0.10987110112654044 -0.8045210603887186 -88.81986733263658 0.06414714075614089 0.9939457390486746 -0.08920208607311772 -11.902265712401821 0.8094510113679262 0.00045712604998788403 0.5871872369450956 114.68068950287835
0.5920985463269208 -0.10968725362733857 -0.7983658420982447 -89.70811229448788 0.060974894409580635 0.9939514783517487 -0.09133740161683017 -12.013376086578907 0.8035554577558963 0.005400469800446894 0.5952053941595681 115.34226105188836
0.6021012086418918 -0.10886746540353508 -0.7909627105803302 -90.59493321443466 0.05838263984391727 0.994011457499067 -0.09237255937471908 -12.122448107386957 0.7962823631833299 0.009439138583083269 0.6048514699874514 116.01225706722443
0.6115409263627922 -0.10744857400128524 -0.7838829627746913 -91.46927690380606 0.056604959189312805 0.9941387440114724 -0.09210882829820347 -12.233570152952716 0.7891853863183946 0.011956655066615723 0.6140386505922114 116.67599037446057
0.6199943905946997 -0.10577935792249231 -0.7774430416876933 -92.30714489227202 0.05644677160852281 0.9943161985361023 -0.09027214024099603 -12.34008866411222 0.7825731388222333 0.012084070763615097 0.6224413688273762 117.34536360430363
0.632877329464111 -0.10356163437784059 -0.767294776298761 -93.13465258379621 0.05602561894436621 0.9945417093594184 -0.08802226062961058 -12.446831379579999 0.7722223875751568 0.012719128485744809 0.6352250057249694 118.0192532063319
0.6427286584419374 -0.10444097459246286 -0.7589413379462235 -93.93862509479179 0.057590602776802266 0.9944473913781174 -0.08807785336315785 -12.550016114205608 0.7639261705749005 0.012902271405992316 0.6451746564329183 118.70096213870589
