1.0 0.0 0.0 0.0 0.0 1.0 0.0 0.0 0.0 0.0 1.0 0.0
0.99994143936806 -0.0025347512698916004 0.01052106793686864 0.007502473890781403 0.0025210720693593994 0.9999959598014898 0.0013132312508911605 -0.0005967842880636454 -0.010524354144246493 -0.0012866299767237527 0.9999437896967757 0.30921459197998047
0.9998098135821896 -0.004774327942706014 0.018908793124965517 0.017630373394104674 0.004733969237606174 0.9999864215820847 0.002178574468441613 3.703529942582619e-05 -0.018918937602430137 -0.002088646488193681 0.9998188392683159 0.6105647984811928
0.9996923094757482 -0.007425826781412142 0.02366735033030733 0.027721349818993615 0.007381790011601827 0.9999708578259093 0.0019474791756915889 -0.0006039659663314615 -0.023681122255282832 -0.0017721725445337068 0.9997179921623912 0.9049583659536794
0.9996567559575331 -0.009798187518398851 0.02429744410046814 0.03819398181408441 0.00977143665920769 0.9999515147951358 0.0012194607531200276 0.0010744582977028805 -0.024308214539043648 -0.000981621244473133 0.9997040297636377 1.228211441922272
0.9997022530127413 -0.012692575074625932 0.020839958234698145 0.04673591542997456 0.012689557973601256 0.9999194459466256 0.00027701304608811846 0.0007497943407830109 -0.020841795500474315 -1.248070810158338e-05 0.9997827861113374 1.5661179797496914
0.9998330964557981 -0.01495908348302121 0.010488329369314455 0.050099508765709476 0.014973213204235501 0.9998870886779634 -0.001269953324873987 -0.0012969617908414935 -0.01046814778037308 0.0014267853569660842 0.9999441895253923 1.8913143098356764
0.9998660149481098 -0.014788716660733885 -0.007017550236022944 0.03320207175470338 0.014776329874714365 0.9998891791524512 -0.0018136949222957292 0.0006986517048492937 0.007043594765472915 0.0017097582770875972 0.9999737319047005 2.2321270820012162
0.9995839246182298 -0.011848919940872742 -0.02629792275165455 0.004267921317300288 0.01181071466500032 0.9999289587287403 -0.001607642609237151 0.0017214214466025474 0.02631510334236117 0.0012963764468227504 0.9996528571180042 2.5947890926602337
0.9989303697950993 -0.00956624902531424 -0.0452393985438823 -0.03383747381812731 0.009465805883116029 0.9999522360249427 -0.0024339654272342052 0.002136685453908409 0.045260521649774565 0.0020031346194102394 0.9989732091661354 2.9478779958510515
0.9978565663551567 -0.009771971304847726 -0.06470534412793255 -0.07087514554638827 0.009572068218071465 0.9999484107384977 -0.00339873087805181 0.0010611470656647116 0.06473521832762696 0.0027720819558716657 0.9978986256477682 3.3296112533741353
0.9962505305358182 -0.011524087044007258 -0.08574424659942369 -0.11858626670829038 0.011314302649656719 0.999931692027225 -0.0029322065280304108 0.0016335979218275358 0.0857721805870214 0.0019510759526982077 0.9963128656902782 3.7340141307599226
0.9943533836596246 -0.013046471444328592 -0.10531447188068714 -0.1725962579200363 0.012860300121950854 0.9999143095536485 -0.0024466774663127145 -0.0014525419412302087 0.10533736794428213 0.0010784863017814143 0.994435958612654 4.132507023176421
0.9923201344422089 -0.012779268050507988 -0.12303430858378421 -0.24075055999661435 0.012667289878894228 0.9999183345175551 -0.0016923542073047568 -0.005945876032469705 0.123045887975668 0.00012084590263637532 0.9924009748325257 4.5491331498343
0.9901224966830575 -0.012925022760292641 -0.1396079702193064 -0.3160627846251344 0.0129466333194774 0.9999159049887776 -0.000753416329112944 -0.009916884953820392 0.1396059678086858 -0.0010614787420827885 0.9902065678509108 4.981502486608134
0.9880541619629961 -0.01292707071469404 -0.15356387553828835 -0.39522136884968156 0.012893563489755363 0.9999161374297474 -0.0012141367758373752 -0.012504565685623602 0.1535666925089463 -0.0007803526844273594 0.9881379772084214 5.425959398207162
0.9856560728323971 -0.014171637907691098 -0.168170362334241 -0.47742890378120245 0.014053495062505682 0.999899453379541 -0.001892724973034494 -0.018796993264189498 0.16818027638562358 -0.0004978054928510632 0.9857561294887022 5.8754616070546595
0.9836598460421908 -0.016400050603287673 -0.1792884425289689 -0.5625122476275498 0.016004847815168834 0.9998652498193656 -0.003650623244178393 -0.023694189622375142 0.1793241537848905 0.0007214872606317701 0.9837897780143204 6.324837941784408
0.9819550745970145 -0.01588660716609249 -0.18844587335869686 -0.6616114774733045 0.015083719245179518 0.999870021538663 -0.005693982965039982 -0.025934089056923897 0.1885118375246084 0.0027487708205347276 0.9820670707095681 6.810341581600011
0.9803720830574717 -0.016421724396447374 -0.19647113205099898 -0.7678364016548065 0.015352897374686994 0.9998578992098782 -0.0069620348901483445 -0.030341871806923288 0.19655754196610287 0.003808983520105964 0.9804848924592299 7.314924806731882
0.9788524296687183 -0.017032647907587253 -0.20385732716020608 -0.8774270158845001 0.015345458715321796 0.999833690791394 -0.009854321654775774 -0.03851435072336293 0.20399126900057138 0.006517642496761539 0.9789510112910763 7.816911407419242
0.9764847476002384 -0.020165564823850148 -0.21464130007860588 -0.9933985291405604 0.018166024049851678 0.999771302302665 -0.011284443373680536 -0.04650698768920764 0.2148197692818779 0.007119907820238236 0.9766277559225481 8.339557030765912
0.9743937174192586 -0.02530449074723446 -0.22342015621223854 -1.108424379213345 0.02310240427754491 0.9996553919247576 -0.012465003504061406 -0.056064594724305014 0.22365858438806863 0.006984278329399108 0.9746425280510504 8.864441076413138
0.9716370353537022 -0.026480434472487314 -0.23498991067536704 -1.2467059256224937 0.0235398167718114 0.9996056536721362 -0.015310590225428817 -0.06523608275919261 0.2353026743482067 0.009344717055628556 0.9718772184323141 9.413536484944524
0.9690556981060648 -0.022321176757829724 -0.2458308748638241 -1.3980718833762233 0.017931195127596725 0.999637528411735 -0.020081932979019557 -0.07069888585695419 0.2461900205318312 0.01505247019673196 0.9691046883239772 9.960418641525958
0.9665708157940227 -0.019713962516171225 -0.25564079826426045 -1.5636901305646973 0.014353371619561883 0.9996365905151405 -0.022818142483908427 -0.08202968716462819 0.2559977319790706 0.018386043216967234 0.9665025166218636 10.531827822258565
0.9635234053454558 -0.022217993788560472 -0.26670022141630867 -1.7288355569421558 0.016437870648519592 0.9995795413333185 -0.023885915440175678 -0.09886596337207534 0.26711878211769224 0.01863065484313885 0.9634835000870938 11.10584290371225
0.9602023738617579 -0.023148775403034016 -0.27834427500414843 -1.8963051524834762 0.016579537921118565 0.9995262061778853 -0.025932259561515594 -0.11509775063059105 0.27881269725851315 0.020285397728009007 0.9601312319086642 11.659531327379286
0.9572352993121905 -0.021794548733903633 -0.2884884389298584 -2.0716994817398673 0.014066367077887571 0.9994852133452106 -0.028834798794325083 -0.12958140299836418 0.2889683703589915 0.02354370297477842 0.9570490974773992 12.212880264753636
0.9543660228856367 -0.020561574592337543 -0.29793072351091365 -2.266015697509953 0.011437422280107443 0.9994116001602186 -0.03233633926062391 -0.1469996839540375 0.2984203071726843 0.02745314399983005 0.9540396454820343 12.794674133074892
0.9521174521039155 -0.021069030528716545 -0.30500566117980243 -2.4632282623272865 0.009914935305028238 0.9992257638224766 -0.038073179159161814 -0.17098059257749731 0.30557167973659727 0.033226026936251936 0.951589186401877 13.394515989549738
0.9501184361446081 -0.02242386950601364 -0.3110821874915082 -2.6710070133891666 0.008560935770949928 0.9989112923360852 -0.04585782836308444 -0.19779942769431383 0.3117718198889218 0.04090721354272023 0.9492760042281277 14.009813848233643
0.9491855917727449 -0.022349920402101466 -0.31392227291010094 -2.881575914907902 0.005622844992441502 0.9985202898793086 -0.05408894816441193 -0.22521902794011908 0.31466664263187344 0.049575313991554244 0.9479067423841987 14.614746123323071
0.9483336395972312 -0.023440287765992933 -0.3164077447182932 -3.0975349037109665 0.0036914384392895128 0.9980148015166859 -0.06287152961284885 -0.2612302039446971 0.3172533392897829 0.05845518679345602 0.9465375374735142 15.23026480750076
0.947689517021849 -0.02304018592684624 -0.3183610044577558 -3.3238494156926084 0.0003217046260237978 0.9974598812135188 -0.07122978222377828 -0.30208505931689933 0.3191934771154142 0.06740129970534427 0.9452896852103075 15.850887312503945
0.9472851006573245 -0.02384271912092604 -0.3195034629195171 -3.5497432971035425 -0.001228161025956449 0.9969496293446877 -0.07803799183720894 -0.3500952260760883 0.32038949685209245 0.07431662865342181 0.9443662472856876 16.47172107848328
0.9467583880316001 -0.023012167134847786 -0.321121464333302 -3.784129415449335 -0.004142554396957357 0.9964887937890498 -0.08362369936754244 -0.4049179239539673 0.3219183031995456 0.08050170194848491 0.9433387949451262 17.123991220050243
0.9465848808496585 -0.023277244878479028 -0.321613484197577 -4.017475304621028 -0.005752920953029355 0.9960132136926858 -0.08902012160223349 -0.4626883305058774 0.3224034231321777 0.08611531815208931 0.9426771370581863 17.774282432259287
0.94664320187775 -0.02124929208390135 -0.3215822071019707 -4.2715893698253655 -0.009410343907227572 0.9955760946628134 -0.09348628329059189 -0.5249310465663699 0.3221460751991082 0.09152435370913112 0.9422553788182568 18.463277468670608
0.9462640555997003 -0.019576928504088688 -0.322801922160252 -4.531964264230504 -0.012082155193125527 0.9953290710375357 -0.09578132319740539 -0.5887690952590146 0.3231692414291571 0.09453456625966185 0.9416075919278695 19.17496944756018
0.946121452387758 -0.017774653841080713 -0.3233237680909174 -4.78990874626824 -0.014402344248488838 0.9951942701547972 -0.09685523801637555 -0.6568590638895742 0.323491529737376 0.09629343867517917 0.9413186516033145 19.879211686767093
0.9448709455619706 -0.016140698667363916 -0.32704491141027886 -5.053256161174887 -0.01631703263938586 0.9952225496499291 -0.0962591871674593 -0.7289495262426923 0.32703616111780826 0.09628891169197056 0.9400935032253457 20.607315324051903
0.9437166893182489 -0.01484979634031073 -0.33042138830719725 -5.314915008937845 -0.017702996292858854 0.9952919419739896 -0.09529194175742244 -0.7981621790381183 0.3302808111659824 0.09577804440630565 0.9390107304952617 21.318282139015118
0.9418099013084871 -0.013853449099403121 -0.33586037537248753 -5.586984473069407 -0.018838629581603775 0.9954048135070418 -0.09388484053615175 -0.8709071167040611 0.33561766317162917 0.0947488216024968 0.9372211291750486 22.0542397176429
0.9388687132728386 -0.012925540719181805 -0.34403265780230946 -5.906112871240073 -0.01993364551201179 0.9955775906674181 -0.09180365318145102 -0.9561152616806957 0.3436978164230981 0.09304940278140135 0.9344589983664445 22.89955113655881
0.9356236703162758 -0.01253916478116148 -0.35277629865183985 -6.193570794951707 -0.019287148734011293 0.9960601804295273 -0.0865570497210374 -1.0292376223170037 0.3524717767958356 0.0877888734936774 0.9316956371332314 23.64838371196554
0.9333509070982494 -0.011276713817432261 -0.3587881268163079 -6.452299164577716 -0.019795084255350155 0.9963686715024125 -0.08281077881436391 -1.0896131150523813 0.35841908272049205 0.08439375672404711 0.9297383798509147 24.295598230140552
0.9303707258356821 -0.009392201004853268 -0.366499794090352 -6.759775885294715 -0.021337275362123577 0.9965901282067076 -0.0797046864435158 -1.1563264847243973 0.36599867921634216 0.08197501400562668 0.9269978769612531 25.04880996362585
0.9270512319109832 -0.008696296867640303 -0.3748338136202745 -7.077568225731518 -0.022592655560445155 0.9966186599324423 -0.07899885182197425 -1.221606966390187 0.37425337049525137 0.08170447414464538 0.9237200839960616 25.80446949338968
0.9237924859207538 -0.009118452818060143 -0.3827849223448575 -7.409242437302932 -0.02270122695429742 0.9966534397459669 -0.07852754508643309 -1.291625828949654 0.3822199592526838 0.08123284348548382 0.9204939586375022 26.58489280947342
0.9206585640432923 -0.008872470958204318 -0.3902679691094813 -7.74323337580634 -0.023472856108478154 0.996674474211442 -0.07803215671411617 -1.3588209109977918 0.38966246095801155 0.0810016772322742 0.9173886280119808 27.354409729093234
0.9173161249257393 -0.008691452422161048 -0.3980648007624119 -8.09844962839878 -0.02384595606931324 0.9967678470635523 -0.0767152490671267 -1.425468170878259 0.39744496138505236 0.07986437074869002 0.9141439629262724 28.157026849134944
0.9138060084459945 -0.009217311166221473 -0.4060463275327882 -8.451853302839327 -0.02330644770837699 0.9969050386314258 -0.07508097925901175 -1.4940257974179187 0.4054816745837177 0.07807294746671548 0.9107629913707757 28.937852642781127
0.9104989386578556 -0.008747560577170434 -0.41341887098542957 -8.819521064873095 -0.023243609425639144 0.9971128584857332 -0.07228887925039823 -1.5616102508952747 0.41285762355052485 0.0754282946006275 0.9076668744918778 29.734163935894728
0.9065504564512527 -0.006282886719690555 -0.4220507022177467 -9.201816079502619 -0.0241390051721983 0.9974811150250976 -0.06669882755779749 -1.6263442973903957 0.4214066662231652 0.07065373665104882 0.9041152974924836 30.54494645939566
0.9032735638347567 -0.006883598786810156 -0.4290098890993075 -9.584883431486364 -0.02230035402641238 0.9977667135250392 -0.06296252529671208 -1.6918000637103305 0.4284851958791045 0.06643945702054362 0.9011027885115331 31.348632940098046
0.8996028682291782 -0.0066157083814361705 -0.4366588048768141 -9.99996813722837 -0.022195052472777255 0.9979004222775891 -0.06084510550520865 -1.7578086403334685 0.4361445392522604 0.06442809651713376 0.8975672460933568 32.20610521927311
0.8968300867637372 -0.006436767768485015 -0.44232834353683725 -10.414183734401853 -0.022072853548671615 0.9979975645470522 -0.05927605160915462 -1.8195593856394565 0.44182415575833633 0.06292399525496502 0.8948921645704506 33.04523424970733
0.8942368671439739 -0.006175490467666245 -0.4475514369969276 -10.83229403909511 -0.021892940403390994 0.9981045220481546 -0.05751575634136049 -1.8747681821664421 0.44705830112080985 0.06123092669974008 0.8924066612338046 33.875863254259656
0.8913732669031379 -0.0070696525172077515 -0.45321487074423455 -11.26284905450944 -0.020701736633366326 0.998200011171095 -0.05628655077714959 -1.9332015698305314 0.45279701539518796 0.05955466154140949 0.889622450895827 34.72075493544835
0.8895903986262221 -0.007303690278010242 -0.4567007540834174 -11.694218894642725 -0.020507755725767372 0.998225165784982 -0.055910198967965 -1.9899805643426183 0.4562985367356896 0.05910308369169986 0.8878617408532707 35.55198946877442
0.8884813320380889 -0.008359000838842915 -0.458836626398547 -12.137204918438886 -0.0196611210502958 0.9982227266308206 -0.056256807203893595 -2.0467329261595903 0.45849139898025265 0.0590043654546565 0.8867379105002923 36.400481823011766
0.8873565729294076 -0.007591442611992495 -0.4610213470958216 -12.600840740156162 -0.020667674440918687 0.9982046153044148 -0.05621737470008518 -2.1015108799225817 0.46062040739874016 0.05941309606504617 0.8856065290544015 37.273921386523426
0.8867780514129325 -0.007457726937930618 -0.4621353371483312 -13.073198965650388 -0.020650499124717905 0.9982320399865847 -0.0557346501749292 -2.159427404628986 0.4617339541534524 0.058967589853588 0.885056257493656 38.167176891139235
0.8859515388472455 -0.005975180554698601 -0.4637393319867709 -13.558695895564869 -0.021510438015555987 0.9983115095637624 -0.05395767720075797 -2.2166235847258213 0.46327871942339066 0.05777912330471122 0.8843270893959783 39.08061655050034
0.8854484447331858 -0.006680597439703993 -0.46468959676049437 -14.041588738338696 -0.020386826521670495 0.9983757789175476 -0.05319944901176477 -2.2777924717231848 0.46429024222350135 0.05657891558371076 0.8838740845207612 39.99138367320647
0.8847825157269874 -0.008723523441686299 -0.4659225257514237 -14.525995414971682 -0.018258294348108616 0.9984081042444308 -0.05336564500256569 -2.336956401642583 0.46564636211541643 0.0557239402573471 0.8832147575368486 40.9044775150947
0.8834768754208258 -0.010814261593212013 -0.46834993577756423 -15.013687637136593 -0.01641743017081312 0.9984047468299322 -0.05402249063164087 -2.395674721042342 0.4681870124034214 0.05541672359182587 0.8818899637500736 41.81634497485895
0.8828038487699141 -0.011533163330102455 -0.46960020308835887 -15.517491844687983 -0.015020098868598824 0.9984943130002838 -0.05275891901914845 -2.456331316956267 0.4695016093976721 0.05362921824614571 0.8813013932380359 42.754260253930525
0.8808431216016382 -0.010751027458030199 -0.4732861824897052 -16.02787638123404 -0.014421300305001295 0.9986687515514007 -0.049525253884055015 -2.518249492356632 0.4731885683578956 0.050449381397236356 0.879515456766987 43.6985804168339
0.8785618351203135 -0.011217338712915342 -0.4774968829031526 -16.534567280746547 -0.012046504806415816 0.9988857471327726 -0.045630536890900235 -2.578087848760263 0.477476683820243 0.045841416723335866 0.8774477653517737 44.62118376824067
0.8757459589233536 -0.011472514739615667 -0.48263588432167503 -17.051347565900418 -0.011313886353867472 0.9989553221929407 -0.044274826233085145 -2.6362497491352044 0.48263962892098666 0.044233987701171755 0.8747012878274874 45.55264698723205
0.8711568607795434 -0.014120510234475105 -0.490801726879042 -17.59138785846088 -0.010425932082481711 0.9988290473712759 -0.047242291091789394 -2.696479402840331 0.49089410656163224 0.046272511473962254 0.8699895578827077 46.50416549170019
0.8659146213589262 -0.01760239647130834 -0.49988201023370954 -18.110636184822297 -0.009109106736022702 0.9986599148620565 -0.05094505493354271 -2.752255620908564 0.5001088808362628 0.048667546539524785 0.8645938799358481 47.41039528719495
0.8600841967009117 -0.01746680278062017 -0.5098530037039798 -18.65976437725026 -0.009771859867862649 0.9986662619913743 -0.05069721801932232 -2.8099420389720717 0.5100585116827975 0.04858608814052396 0.8587663865680416 48.33332537628846
0.8546567184231496 -0.015539659812484924 -0.518960897011601 -19.224470594031267 -0.009988602430013368 0.9988748584183547 -0.04635995083266587 -2.868671601958316 0.5190974103919884 0.044805537521876763 0.8535398891274546 49.257992201779906
0.8500449935001366 -0.014101993367621968 -0.526521265295536 -19.795273278743558 -0.009997116110511305 0.9990294715656095 -0.042897233160334225 -2.9246198516992026 0.5266151979337719 0.04172827250676295 0.8490790213983477 50.17151917485867
0.8462681765306304 -0.014228291609454637 -0.5325671123054806 -20.374377159808805 -0.010964384421932798 0.9989664397243917 -0.0441116150080856 -2.9812022153113626 0.5326443050158053 0.04316952654650973 0.8452375029019833 51.08586328807941
0.8441918388695253 -0.01745823549469532 -0.5357568004230102 -20.94017561885764 -0.010431663318676128 0.9987451651920984 -0.04898239893894571 -3.0362227082627626 0.5359396603970406 0.046939375995213264 0.8429503991307465 51.975169093826366
0.8424907253161655 -0.019793342313669176 -0.5383471011868602 -21.517581331097254 -0.012920729770611861 0.9982948692616798 -0.0569245882549966 -3.096838664219598 0.5385558768581366 0.05491427506450381 0.8407984240563869 52.86865335530634
0.8397060644424037 -0.02085461075273447 -0.542640590583677 -22.086134132470985 -0.013295991353219714 0.9981731949512571 -0.058936317281747 -3.15865500838408 0.5428783859692564 0.0567041276376912 0.8378948024401772 53.75174686593736
0.8382231875837668 -0.020794357136797417 -0.5449307134931711 -22.677693917800585 -0.01181521596749448 0.998345624580849 -0.05627090324418162 -3.226712356374626 0.5451993107740973 0.05360604995279832 0.8365907619259892 54.655216501032285
0.8357128855563177 -0.018549811676712064 -0.5488532384908481 -23.27173889943961 -0.01164124347761453 0.9986063870839206 -0.051475869351512556 -3.2927320965018754 0.5490432172110208 0.04940838149502177 0.8343322824106798 55.550168958410445
0.8330900634325549 -0.016867957546450985 -0.5528801119756009 -23.861899875150712 -0.012176398569020147 0.9987334556498291 -0.048818233106489084 -3.353503038078664 0.5530033286769892 0.047402073519649646 0.8318295269453999 56.42693880993069
0.8310826669164177 -0.016503365611005776 -0.5559039842226391 -24.463113264523006 -0.013544418599398889 0.99866253512026 -0.0498967901971635 -3.4124632146452116 0.5559839471386733 0.048997753731012665 0.829747594545122 57.31372706485715
0.8279661596661264 -0.01826615131612488 -0.5604804957925148 -25.07506592318601 -0.01321281794212323 0.9985564601765176 -0.0520616680655874 -3.4767888980689614 0.560622386183209 0.05051082612509447 0.8265296102103092 58.21132810850217
0.8253079868807252 -0.020604031895128806 -0.5643068320165451 -25.674623791834453 -0.012696996461280566 0.9984043321303571 -0.055023411964343245 -3.541945519867801 0.5645400898711684 0.05257626320879145 0.8237294601234393 59.077188442090595
0.82269064529831 -0.022349967434364175 -0.5680498051177673 -26.286957311049928 -0.011607369232066872 0.9983581801171997 -0.056091114916569054 -3.6076705644077887 0.5683708042450465 0.05273919935641941 0.82108051111513 59.95848337634905
0.8194913526437189 -0.023167996227796857 -0.5726230582966046 -26.902683342600547 -0.010552242819400998 0.9984031293991643 -0.05549631859354123 -3.676836981693475 0.572994391869282 0.051521210746101664 0.8179382566732084 60.83820714563335
0.8166113315711806 -0.02273424188962399 -0.576740051838996 -27.530038504649102 -0.0111002513177515 0.9984206156763518 -0.05507321139299738 -3.744031505762803 0.5770812053517482 0.05137536800996258 0.8150692326370901 61.71973798597401
0.8119541365775025 -0.023231945817868804 -0.5832587391442997 -28.168569604781936 -0.011631579087334512 0.9983653408331046 -0.05595848989326097 -3.8160198497809645 0.5836053345049356 0.05221994749819953 0.8103566440899141 62.599959064166036
0.8070572292551446 -0.024386282200154798 -0.5899694381469804 -28.815445147547504 -0.011645948608713035 0.9982950645784184 -0.05719559353110115 -3.8865539859208074 0.5903583662386878 0.05303087099818499 0.8053972474084833 63.476764205093815
0.8031047677671985 -0.02581405078788576 -0.5952783943429449 -29.46894273963746 -0.01128668098760092 0.9982227387559123 -0.058514738852104044 -3.9616137183685085 0.5957309315638044 0.05371218309253741 0.8013860858322632 64.361537835478
0.7983337168451843 -0.026261495022660446 -0.6016424273830164 -30.14198933220401 -0.01197528616959865 0.9981588792747305 -0.05945960179963185 -4.038179654965716 0.6020962290774704 0.054673445146518285 0.7965493991752811 65.25100890332004
0.7936620650327445 -0.02818106464846451 -0.6077058121519316 -30.803174019875154 -0.011420433874714815 0.9980603093581888 -0.06119797851195763 -4.113021783861586 0.6082516750639271 0.055510778044590814 0.7918007661671029 66.11707315053232
0.7882240683718468 -0.028082247310774106 -0.6147472695549862 -31.495036822038788 -0.012084448930599323 0.9980592955533191 -0.06108689428720623 -4.190978262673389 0.6152696840681963 0.05557904232342522 0.786354999933893 67.00437807459846
0.7834352435364061 -0.02852988828484347 -0.6208182219132319 -32.189973295131054 -0.011098193440628254 0.9981441691281888 -0.05987526816434706 -4.2665147058586985 0.621374323002976 0.053798356014402776 0.7816646900063615 67.87427575841086
0.7793994521120787 -0.0295015179780123 -0.6258323693165643 -32.87779357289032 -0.009913481496780181 0.9981850255694626 -0.05940014826163443 -4.3437839472937325 0.6264488941102894 0.052500620623799975 0.7776923992827185 68.72997710363155
0.7743471659800659 -0.030906337832457356 -0.6320057474583805 -33.58661657676887 -0.009079100936779026 0.9981609338592476 -0.059935966192382346 -4.417546635256729 0.6326958483069254 0.05214928953514742 0.7726424885651574 69.59635980557852
0.7701642966637248 -0.03312470631830918 -0.6369848585137609 -34.30373202543211 -0.008141264423496835 0.9980587643865445 -0.0617448187687887 -4.493771002968778 0.6377935998095755 0.05273951708661755 0.7683995493097412 70.45672921324243
0.7662306760049045 -0.0319340214078985 -0.6417715866457374 -35.018630614559356 -0.010094888274839049 0.998042799178217 -0.06171437627674709 -4.571186508443285 0.642486298982154 0.05376606071890786 0.7644086383178732 71.30090719586207
0.7620984678814471 -0.03168552641664059 -0.6466853583223076 -35.75583620732448 -0.009765879912486907 0.9981256455645293 -0.06041376710590375 -4.650161575872862 0.6473874827661452 0.052356690900895037 0.7603605881919593 72.16357435337979
0.7595265584346571 -0.03113328048400342 -0.6497308103197121 -36.495554605960436 -0.010651165958333306 0.9981247745722717 -0.06027841279247439 -4.728640641450525 0.6503890833156207 0.052703446105129316 0.757770669181983 73.01708339763891
0.7554338879559835 -0.031078256818740258 -0.6544874199561173 -37.248917943795774 -0.011211326150868148 0.9981151656644945 -0.06033591166525594 -4.809306273137525 0.6551289545529533 0.052917464259421315 0.7536615917523644 73.87752227566588
0.752012354984274 -0.031943909734285306 -0.6583745169596819 -37.98171808807064 -0.012879377426116393 0.997922222478269 -0.06312970395264182 -4.8846138102059165 0.6590231707520778 0.05595377123054701 0.7500384229470899 74.70239797615261
0.7491241998963489 -0.03378221480864519 -0.6615676043249681 -38.73967236253957 -0.01331060313537038 0.99772950475764 -0.06602017252512488 -4.961683218047839 0.6622958258767964 0.05826317274829049 0.7469736553101958 75.55553083031637
0.7458177220462296 -0.03327442291970489 -0.6653185239125194 -39.50866419638816 -0.01530117213716029 0.9976324925024512 -0.0670468793798462 -5.043310146862921 0.6659743235388298 0.060184904109812074 0.7435428553246214 76.41049752269106
0.7432651159254072 -0.03219172071648162 -0.6682220144276175 -40.27402840660162 -0.01581073866050894 0.9977173422405362 -0.06565154632977026 -5.127924976762574 0.6688101285053928 0.05936158783079283 0.741059521157921 77.25710720605527
0.740074783013689 -0.03181057813712414 -0.671771838250029 -41.04545967630806 -0.01592702986035706 0.9977715411507295 -0.06479414625971554 -5.210500424955395 0.6723359616048129 0.05865184386087137 0.737918908786495 78.10205627634883
0.7361226884816048 -0.03194103658673769 -0.6760940449999386 -41.82803888090853 -0.01658391360286377 0.9977348692543471 -0.06519282539991576 -5.292345905610131 0.6766449300129478 0.05920220313278751 0.733925566956212 78.94355019816932
0.7337192165815648 -0.03254319945669403 -0.6786730077055197 -42.63145359647614 -0.01655263520814311 0.9976997410021498 -0.06573611695186514 -5.375270840960241 0.6792511475784203 0.05946567895319938 0.7314927966426149 79.8076827403897
0.7306123341699842 -0.03311482261483493 -0.6819890216725454 -43.448974884425354 -0.016097383700269634 0.997710219316635 -0.06569012489833422 -5.46473367739281 0.6826027332180072 0.05897225444512422 0.728406330154376 80.67993613859423
0.7278148431474676 -0.03290283811522262 -0.6849839102768698 -44.2550016928699 -0.016731401861444485 0.9976990372053725 -0.06570153233543184 -5.553050652359442 0.6855695546667588 0.059279291522726534 0.7255896576651197 81.52891496388038
0.7263634548791598 -0.03503592379044587 -0.6864172313252057 -45.06138847912015 -0.015146681017245433 0.9976413904297451 -0.06694948958406557 -5.641194621635132 0.6871438782890906 0.05902660540430185 0.7241195691211999 82.3820351742708
0.7237728046257114 -0.03872157297678816 -0.6889510628995615 -45.90037162385981 -0.012979480601311029 0.9974837130683577 -0.06969774204866894 -5.733532404820019 0.689916270548501 0.05938755719480195 0.7214489986706489 83.26136629450163
0.7212503771525802 -0.042061826303600364 -0.6913961933835523 -46.74407211227961 -0.010122376322665758 0.9974079947679239 -0.0712378373521509 -5.8249912323088875 0.6926004843738148 0.058378889515259914 0.7189551267667003 84.1387992257774
0.7173930758099674 -0.04445503392642072 -0.6952488221770067 -47.57753122696579 -0.007189373776530724 0.9974364616397328 -0.0711956311602843 -5.917260541854983 0.6966315293500688 0.05607365647263155 0.7152344072855931 85.0018553801365
0.7108531900165653 -0.04575054498214404 -0.7018508601384696 -48.417612425739286 -0.006092982303166048 0.9974441567766474 -0.07119009536990399 -6.014642680814348 0.7033140250342844 0.05488207126156534 0.7087576034471266 85.85809691844022
0.7038857294335772 -0.04660317868547231 -0.7087827760577786 -49.25986260110902 -0.004343449180387825 0.9975443387090952 -0.06990298104266764 -6.1052200163823045 0.7102999467471319 0.052282272768540784 0.701954805956322 86.69924159546461
0.6945841696952768 -0.04482691608913905 -0.7180134948611064 -50.12647547919406 -0.00489190572717442 0.9977394379325648 -0.06702300539640124 -6.196200340707167 0.7193948154296633 0.050065572881440985 0.6927947300210746 87.5395902995365
0.6865410054516763 -0.044309007067428324 -0.7257397327734648 -50.98815937460305 -0.005124793546731583 0.9978217427953459 -0.06576857985362211 -6.2864305639789055 0.7270730254413961 0.04887209323895873 0.6848184680467794 88.35450547828512
0.6790638805984541 -0.04464694693295578 -0.7327202032127506 -51.86429201380072 -0.00724848906312963 0.9976922521322589 -0.06751021731236681 -6.37426783411402 0.734043394815913 0.05115486452750249 0.6771731494693973 89.16572096744112
0.6690207618722139 -0.04622218874310878 -0.7418050481438632 -52.76225098688516 -0.0071163984217207064 0.9976202183911701 -0.0685802940403254 -6.468064028140341 0.7432096454281429 0.05116062084211439 0.6670997030561651 89.98584219494509
0.6601645889003322 -0.04704730834657133 -0.749646094059989 -53.662762609152914 -0.007513127698114297 0.9975728943449798 -0.06922335863255838 -6.553668219205637 0.7510833964842035 0.051330996927028465 0.6582088272579079 90.7809774857522
0.6520485119035473 -0.04719316534195868 -0.7567070392624721 -54.57437893660302 -0.006099302673314596 0.9977020579422087 -0.06747890103418462 -6.6486032713591365 0.7581527132651239 0.04861490227171637 0.6502622968047913 91.57889073483058
0.6415923826493137 -0.04626515382155926 -0.7656492343548997 -55.502540062840126 -0.006339473246092679 0.9978254057998619 -0.06560694032877293 -6.738086204803348 0.7670195731566039 0.046946726000953 0.6399038828702736 92.36752379358168
0.6323862942226874 -0.04597562402276778 -0.7732876676082544 -56.426369215008926 -0.007275870566219918 0.9978406890904896 -0.06527649579228954 -6.828688497171797 0.774619026739468 0.04690630225390057 0.6306862629089566 93.12679136420321
0.6242339903704972 -0.04638264648728252 -0.779859330501958 -57.37488138614004 -0.008907188029570433 0.9977485689991921 -0.06647146050351764 -6.917944382693988 0.7811866532830244 0.04844009872926156 0.6224154316592476 93.88886981047241
0.6152453988829778 -0.04570138420343417 -0.7870098364285009 -58.349619559631954 -0.011409168467130998 0.9976974647629185 -0.06685506473359759 -7.009970225981349 0.7882530875475301 0.050111398778471525 0.6133073598810395 94.6475798399696
0.6078134640657668 -0.045832569722486324 -0.7927560586037843 -59.32754734510729 -0.013254268687122605 0.997608297296053 -0.06783811264797808 -7.102439935206682 0.7939692168226316 0.051740320048330124 0.6057522777665421 95.39445021110826
0.5997111416681018 -0.04493463269810198 -0.798953956960868 -60.32619948572116 -0.015092848625596404 0.9976094128853571 -0.06743637922440612 -7.194709795951118 0.800074216857103 0.05250083910586331 0.5975992883309631 96.14584609005851
0.5931868052028871 -0.04236950643951458 -0.8039491520346697 -61.34093482552585 -0.017170094213432446 0.99772118815176 -0.06525042971308774 -7.281792910335851 0.80488173168354 0.052509576622866455 0.591107555665628 96.88965766008975
0.5874612352864887 -0.040528335692728706 -0.80823681618796 -62.358724554447335 -0.01716696242114267 0.9978962890480189 -0.06251633150964628 -7.371220549890836 0.8090702024156519 0.050600892385119146 0.5855296382361236 97.62802753393449
0.5812269752075834 -0.03967788439853423 -0.8127735655031478 -63.39271506362572 -0.01791170197718107 0.9979447192755289 -0.061526483747785105 -7.458626109314647 0.8135443283702024 0.05031900992410693 0.5793216921684651 98.36437087757352
0.5758651591874606 -0.04087698062827458 -0.8165221312914406 -64.42469813250402 -0.018199548065861923 0.9978607621685739 -0.06279073000492591 -7.547304487272984 0.8173420917120318 0.051019327505062106 0.5738893040793949 99.09037550012195
0.5713977811972561 -0.0429593166067101 -0.819548090571589 -65.44978888462907 -0.01772602272160903 0.9977499611757391 -0.06465912999943957 -7.635888741408613 0.8204817875866143 0.05147341149074799 0.5693506161831904 99.80185956779654
0.566310885499909 -0.04452757136636039 -0.8229880171378696 -66.50374013338272 -0.018264424096849988 0.9976163238322601 -0.06654382943457325 -7.727134145295293 0.8239893153292215 0.052715897143279795 0.5641477132911733 100.52052594596259
0.5632348602902054 -0.046388277660415526 -0.8249937089757554 -67.5291443873342 -0.019052864602929827 0.9974283557254604 -0.06909170388134299 -7.824177828137853 0.8260771637712155 0.05463334961820441 0.5609025910130919 101.2173910982525
0.5591717760151868 -0.04649927494819604 -0.8277467863648363 -68.56047429389362 -0.01859705192688867 0.9974711291743119 -0.0685966188915439 -7.9166233119902385 0.8288432147080959 0.0537509431825636 0.5568929533934994 101.9122962583223
0.5567614844979265 -0.04513770048327297 -0.8294451382549347 -69.6004587320524 -0.017448662773050384 0.9976667518733802 -0.06600451782909944 -8.007210025266742 0.83048912909628 0.05122148183625576 0.554674829293164 102.60481395690539
0.5547945375756573 -0.04369344370470058 -0.8308392769082578 -70.66430989496715 -0.015137351191599903 0.9979246241449542 -0.06258837850634982 -8.100814636619758 0.8318496749263744 0.04730039642937578 0.5529817273857331 103.31165867720627
0.5520797916721906 -0.04275590120439009 -0.8326943235902303 -71.73017903948987 -0.014844432692616927 0.9980220658095621 -0.061086815068789005 -8.192402452234449 0.8336591308473896 0.04608567097715402 0.5503531270787516 104.0183342386298
0.5500171339135822 -0.043081889318422856 -0.8340414277565857 -72.76321787806403 -0.013062106672835718 0.9981026576683097 -0.06017030932881036 -8.280173513922401 0.8350512162560788 0.04398903918264667 0.5484108228883084 104.70034305127302
0.5490586452001756 -0.0430436743248583 -0.8346746948551653 -73.79737932360449 -0.010486505735059461 0.9982395439335527 -0.0583767601430657 -8.367819354160815 0.835718036976836 0.040805085809834954 0.5476406738397319 105.38092550949224
0.5465659684995257 -0.04334602744071143 -0.8362934676196416 -74.81977953375966 -0.007358606407337938 0.998372308577386 -0.05655602865833556 -8.451644096721312 0.8373837190857709 0.03706555504737086 0.5453573614054484 106.05046328867147
0.5456541692558508 -0.04490021012589478 -0.836806727210267 -75.83009487316487 -0.004593521722333405 0.998388327935668 -0.05656541522881057 -8.533687845996809 0.8379978682144091 0.034709044534123955 0.5445685035839241 106.71124011020619
0.5433699481787153 -0.045696013412991565 -0.8382487541144454 -76.84686827728213 -0.00205769716884625 0.998441936913587 -0.05576257252500283 -8.616270377490968 0.8394908369354734 0.03202456823135283 0.5424293149627644 107.36907204743748
0.5427678498325477 -0.04563810247855721 -0.8386418930570483 -77.83938112058264 0.001152482261195107 0.9985620941444733 -0.05359492440932907 -8.693720284929743 0.8398819756208551 0.028123081978346134 0.5420399978666229 108.0089662405366
0.5418619456640864 -0.04579501363194511 -0.8392189515064474 -78.8173700209692 0.0032221497875351834 0.9986203028583689 -0.05241286549890705 -8.769915066700621 0.840461331407863 0.025696448110775837 0.5412618986799392 108.64110353455762
0.5397283832286133 -0.04729982372828509 -0.8405093687834183 -79.79030031662569 0.0048570796092663356 0.9985786497975727 -0.05307625595429559 -8.844337020621587 0.8418252081727514 0.024564340897524763 0.5391909791912081 109.2703919508486
0.5390639191390822 -0.049114393806196914 -0.8408316522369166 -80.76615053132711 0.007023024084304261 0.9985257911816645 -0.05382305711999508 -8.919674819719345 0.8422355776236983 0.02310888716664602 0.5386141579264279 109.89450376251001
0.5393668461863579 -0.05089860182662802 -0.8405312234337735 -81.74945763667694 0.008396623010876843 0.9984470168889603 -0.05507314397734635 -8.997391491154078 0.8420290386661228 0.022647004164584015 0.5389565949548946 110.5215298118923
0.5398830597400439 -0.05184728363757288 -0.8401417386281517 -82.70526980930097 0.008530160306482713 0.9983869481605926 -0.05613143600269149 -9.07134665881879 0.8416968089347102 0.023137867706070306 0.5394544660183495 111.13358656651843
0.5432148726173955 -0.052645207837521385 -0.8379415756835383 -83.69156700222474 0.00876468986104429 0.99833340880482 -0.05704020578318201 -9.148857351756984 0.8395479631199795 0.02364079008604026 0.5427709744129667 111.76437879070173
0.5463811235905918 -0.052487108550852715 -0.8358904062255132 -84.62642012793624 0.007022386249370016 0.9982864149049194 -0.058094060863808035 -9.223813004744263 0.8375072261630028 0.025871552954049297 0.5458134377903302 112.36677287351473
0.5501397977528161 -0.05277550940912841 -0.8334032328561592 -85.54958800107208 0.0060561982897973515 0.9982268666757614 -0.059215243890119285 -9.296819674631227 0.8350506124725406 0.027529407064058844 0.5494839454942575 112.96667118730973
0.5560450961186159 -0.05296995974257874 -0.8294624973121504 -86.48812242594025 0.006060800874072458 0.99819900489136 -0.059682604891741285 -9.375584489937498 0.8311300245901386 0.028159012744917854 0.5553647019986303 113.59354627063348
0.5614210138880102 -0.05141701744020073 -0.8259314350976797 -87.4129088847331 0.004470269787041976 0.9982417454732888 -0.05910528134162743 -9.451606237070155 0.8275182546947165 0.02949081063646719 0.5606637407885535 114.2153152850036
0.5678067672960229 -0.04969837399409982 -0.8216602379543403 -88.33250713774635 0.00353999466671848 0.998313963564098 -0.05793702262544131 -9.525528479539494 0.8231542646737611 0.029988360663495355 0.5670253563766936 114.84347281378402
0.5759041100025477 -0.04902168531626504 -0.8160461570591007 -89.2561474513129 0.0034150556640697056 0.9983360837305529 -0.0575621517696632 -9.60356766282015 0.8175101182719298 0.030363436733932464 0.5751132655683746 115.4899634234797
0.5826467209304405 -0.04812075364607553 -0.8112996928740573 -90.17101940378798 0.002292866434568965 0.998338955167173 -0.057567989015000355 -9.679665865816643 0.8127223027286253 0.031681598195982534 0.5817892530661164 116.13799134353297
0.5901120052878087 -0.04861134984035852 -0.8058565367867283 -91.06690706607776 0.0019176204221544417 0.9982671271996407 -0.058813820522841176 -9.755428493623997 0.8073191091180227 0.033161414615102205 0.5891826343618823 116.78384402725105
0.598828112123019 -0.04893776507938875 -0.7993810025765035 -91.96940738962098 -0.000590356391657075 0.9981040886680876 -0.06154575260224998 -9.83191783956326 0.8008773586576862 0.03732724652423601 0.5976638963969692 117.44795148077837
0.6077138907134882 -0.04831464528210368 -0.7926850081117589 -92.84629443707499 -0.0037173458136828923 0.9979636741182379 -0.06367642012966127 -9.906665087409635 0.7941473467650548 0.041643729320176556 0.6062967849447429 118.10874795473437
0.6171225300440188 -0.0463144553347856 -0.7855028670470345 -93.72459091834479 -0.006471441379748255 0.99793379103892 -0.0639239325226301 -9.98376303106116 0.7868404561018312 0.04453223472644769 0.6155477046596234 118.78227108933294
0.6257785106651516 -0.04405364351025988 -0.7787557589406169 -94.5813812746295 -0.007967054362387673 0.9979907038245287 -0.062857625827015 -10.061629214650452 0.7799601154126357 0.045539340940479164 0.6241701585242723 119.46299997529037
0.6381113630659039 -0.041509082214565104 -0.7688243521246441 -95.42833460525989 -0.00954152868873558 0.99804269897842 -0.06180396626554784 -10.139068165977744 0.7698849573517177 0.046773572768983716 0.6364663269442998 120.15143349663941
0.6489335993526486 -0.04055518305331228 -0.7597634242043563 -96.25736052841586 -0.009910242413683285 0.9980431367977171 -0.06173883855625756 -10.21780626869264 0.7607805010162381 0.04759384643507955 0.6472618133761607 120.84831273216531
