1.0 0.0 0.0 0.0 0.0 1.0 0.0 0.0 0.0 0.0 1.0 0.0
0.9999033722187644 -0.00012081279537163747 0.013900778029020443 0.006390404421836138 0.00011746422531259142 0.9999999638899293 0.00024170704668037636 0.010780994780361652 -0.013900806728366332 -0.0002400508469423254 0.9999033503033641 0.1717086136341095
0.9993551693662237 0.0013075692944068886 0.035882248028054876 0.014798424280817011 -0.001360861250581888 0.9999980070478791 0.0014608069437099017 0.02105194751523355 -0.03588026641014792 -0.0015086957315677127 0.9993549571196045 0.35765209624301814
0.9980411508954325 0.0006912269935322243 0.06255704056750039 0.040150905972060856 -0.0008437395495812546 0.9999967361586628 0.0024115919211410938 0.028967687293091363 -0.06255516943381217 -0.0024596498256973438 0.9980384766630203 0.5746058104955716
0.9959130080211114 -0.0007349615674050282 0.09031467370165436 0.07668486725665313 0.0003494143383335378 0.9999907597174833 0.004284669097021364 0.03634821201229051 -0.0903169882356693 -0.004235600446836372 0.9959040623096649 0.8476916874455344
0.9924752173424315 -0.0046797849992109095 0.12235621183027388 0.13268672210872232 0.0039881060892571745 0.9999746581747866 0.0058972890415907725 0.04772096094472994 -0.12238070914533271 -0.005364943669825184 0.9924687296879965 1.1424685714278593
0.9874204433409158 -0.00967712094761529 0.15782021861154183 0.2078582860445361 0.008690206793905812 0.9999381405111979 0.006942294785400526 0.053472334110989006 -0.15787763735978816 -0.005483473458809793 0.9874434581992623 1.453543995029719
0.9803063233458943 -0.011316966991528898 0.19715841008226828 0.29318647087600147 0.00978055744541734 0.9999137560082734 0.008764772757144178 0.0604482147171658 -0.19724059699796112 -0.006663843000861491 0.9803324640612224 1.7772126949889508
0.970583511416401 -0.012758610139570508 0.24042642374313958 0.3946209928912924 0.01027780252851545 0.9998802494026553 0.011569512939999752 0.07280052883603538 -0.24054524344038505 -0.00875812318881328 0.9705984139366887 2.1227660727399993
0.9605087965728164 -0.01685924131473116 0.2777383979368572 0.5124800039923033 0.01277756595291651 0.9997822228426775 0.016499718060443445 0.07905999239628284 -0.2779560855864811 -0.012299303640731733 0.9605150397653304 2.4588071671562077
0.9491677590620009 -0.02404958308847617 0.31385057385719456 0.6388489845520963 0.018103997961124788 0.9995974323094843 0.021845333096794536 0.0824340649869103 -0.3142495989099166 -0.015052935712238933 0.9492210483925229 2.752687585489557
0.9344395150581932 -0.028863382200795696 0.3549502752016679 0.7923201863599588 0.02092713852576111 0.9994382159308772 0.026178376764596414 0.0896410223443512 -0.3555064662856817 -0.01703401611001781 0.9345185898227126 3.0763412619342207
0.9165812161798707 -0.03194393871508365 0.39857051938847243 0.9808652458891551 0.021416867571838184 0.9992949192423649 0.030837998634901994 0.10001640754285113 -0.39927458212318 -0.019729398261549982 0.916619091506716 3.4555481122895384
0.896469769465079 -0.03630686958713367 0.44161494953863506 1.1856040581633605 0.022763476419428212 0.9990950185831883 0.035930042910646484 0.11261357047911237 -0.4425198035981333 -0.022157505794687945 0.8964849515526895 3.8066430333186676
0.8748452465983525 -0.04263708412160994 0.48252240731584123 1.410345213018212 0.025807518093996167 0.9988065300772563 0.04146670332759675 0.13131742496039642 -0.48371455065368446 -0.023824242540689943 0.8749015024294258 4.163981728526854
0.8511662240734128 -0.048261225367506766 0.5226728547788143 1.638761907469667 0.028707136855055503 0.9985539307464402 0.0454526972183028 0.14835080009707552 -0.5241106364978619 -0.023683359492696933 0.8513208203685293 4.48967503743268
0.8244677334817692 -0.05368819542943381 0.5633564893732615 1.882905134154456 0.030908375549699878 0.9982757404667125 0.04990208729618217 0.16927940429600796 -0.5650642695909144 -0.023730226867183422 0.8247055520393438 4.783346280030773
0.7934912250231265 -0.058073731936261225 0.6058045208400918 2.1556110078038353 0.032643741057132775 0.9980650870302232 0.05291945031033311 0.18940426237535893 -0.6077055717871055 -0.02221539354475234 0.7938516324279739 5.0771561327577786
0.7597362010643001 -0.06221992438386772 0.6472477004996244 2.446712340189237 0.03374208454972492 0.9978426446383235 0.05631632331248089 0.2181469461937094 -0.6493553545806987 -0.02094606289645975 0.7601966100467121 5.379995577703203
0.7241752752186648 -0.06499155458469108 0.6865466252153865 2.77659265009888 0.031999624021050395 0.9976437247816473 0.06068791038017505 0.2537976363107367 -0.6888731340562517 -0.021979450322195566 0.724548624275177 5.693102874645355
0.6887272542925612 -0.06896562280998511 0.7217329922243134 3.096730026001452 0.032143819592258996 0.9973913065164506 0.0646324728555874 0.2793320624323884 -0.7243076308148702 -0.021314890472127604 0.6891473945300172 5.962697571140545
0.6555748559560387 -0.07210240576193656 0.7516800192379471 3.4362710420020726 0.03338723150001248 0.9972252127807092 0.06653696541948965 0.3089204821798593 -0.7543917424064133 -0.01852344670440267 0.6561630749373248 6.2135306743593
0.6214006795814492 -0.07631026159501178 0.7797678753263785 3.826493988202973 0.03479110809458172 0.9969513820358586 0.06983924866679861 0.3381512260684569 -0.7827201123091604 -0.016269168143844114 0.6221611848666252 6.494185221421453
0.5874921380795498 -0.07928792345152728 0.8053362110879307 4.2204895307601635 0.03489512802050107 0.9967449120062368 0.07267675302400564 0.37561509964884465 -0.8084771596867486 -0.01459471083729385 0.5883465617137775 6.758524837686799
0.5572474566604328 -0.0813363896942999 0.8263532318306598 4.615509635280834 0.03693302011460617 0.9966338362079457 0.07319117809304562 0.41092014880684985 -0.8295246976857852 -0.010265877309358892 0.5583756689652372 7.00360257762821
0.523827933884885 -0.08278960478993093 0.847791352291718 5.067884770737249 0.039669327507752775 0.9965568577944925 0.07280641206549313 0.4587779387151235 -0.8508999001862532 -0.004506719593538058 0.5253085277639513 7.256447302074527
0.49511457288074234 -0.08407502561214285 0.8647502239314182 5.549772358069261 0.04354078366580967 0.9964573635160473 0.07195083635660832 0.5029641605565844 -0.8677359966481093 0.0020279948140440388 0.49702125443299405 7.513211958267661
0.46823507617478716 -0.08451611485343363 0.8795526930034795 6.076308353517849 0.04691583860782905 0.9963889499695435 0.07076697299104398 0.5554642433586077 -0.8823575338417619 0.008129373202912071 0.4705094002929297 7.77635830203275
0.44548191580437335 -0.08585060281911368 0.891165269008426 6.646530810217148 0.049603330560724926 0.996229639560066 0.07117594298149305 0.6044832288282093 -0.8939157523438934 0.012497169984283938 0.4480607642427925 8.050220335096872
0.42945795187705793 -0.08820570913668416 0.8987689471968073 7.228355747833642 0.053343979852827295 0.995958675791046 0.07225466026497646 0.6607447976580639 -0.9015100040393472 0.01691357420064386 0.432427616630501 8.322343305263894
0.41798026112838427 -0.09114811015935254 0.9038719617962638 7.836253276700424 0.056939438877940535 0.9956261953731352 0.07407009779311317 0.7147964402162786 -0.9066699518608266 0.02050612350481217 0.4213420193755809 8.59705765951881
0.4088940350587043 -0.09402462698819519 0.9077251993930443 8.45427092888447 0.05862001330558017 0.9953300352184207 0.07669299206675634 0.7636416605088737 -0.9106971846522119 0.021851556279329467 0.4124962392006824 8.874769718811747
0.4019828753619922 -0.09684569777943858 0.9105112183478677 9.096130699216683 0.05962786230765296 0.995048900760503 0.07951228289977554 0.8137726652791033 -0.9137036094666172 0.022329261450572065 0.40576732018577755 9.160826785969604
0.3918437411706824 -0.10083777095544674 0.9144890521236982 9.760432897476148 0.061688801801776216 0.9946182564691802 0.08324070897384951 0.8637483208788436 -0.9179613141291002 0.02379638306433984 0.3959554999181483 9.442530829724157
0.3807494169464968 -0.10340939326837428 0.9188777823403772 10.411709466626792 0.06196441228227647 0.9943466968683495 0.08622678259980975 0.9125674118878648 -0.9225997469679986 0.02410692454191313 0.3850046273536406 9.709884052141746
0.36842984808504636 -0.10588346748198224 0.9236060514927465 11.077362320155732 0.06286831564056883 0.9940561567532371 0.08888156225844392 0.9708282614775433 -0.9275273699080516 0.02531893629234537 0.37289667407537536 9.973976108290483
0.3575439775070821 -0.10819338351272079 0.9276079429977326 11.82122351058348 0.06397534913296443 0.9937707767213826 0.09125129060947845 1.0396892861091784 -0.9317024518867227 0.026717692614623333 0.3622384657233685 10.261941670873776
0.34623620930910715 -0.1115872814643675 0.9314873944282083 12.57074204431333 0.06508308491020395 0.9933657695408873 0.0948084382479335 1.1092702412964917 -0.9358871082677822 0.027797958914874653 0.3512016430177052 10.546872518761859
0.33395381817224296 -0.11553600284439049 0.9354818434234423 13.311563639027915 0.06429216577530027 0.9929401915458238 0.09968095822605343 1.1820683379281347 -0.9403942602696499 0.026855317158505046 0.33902422803129323 10.815200583830404
0.3237942824277442 -0.1201160199946846 0.9384718452930484 14.084059014302388 0.06585972493730122 0.9923638282176235 0.10429059917579687 1.2497779349923555 -0.9438324847653242 0.02803879786831502 0.3292325417023878 11.083800685158026
0.3109135651143799 -0.1235163193237207 0.9423780949749346 14.864044694813224 0.06654877790554395 0.9919152206625752 0.10805302021319602 1.3270413543718678 -0.948105487373185 0.029118960809675604 0.3166197576498026 11.340236308084096
0.294497845672643 -0.12597487941247015 0.9473126984534652 15.610406279616678 0.06855956074996102 0.9915043865248825 0.11053794883065732 1.4033540642461322 -0.9531897007017778 0.03239415470312842 0.3006326882046016 11.563132581187956
0.28155712752327094 -0.12601700185490725 0.9512335671034454 16.343093776944823 0.06911471495032367 0.9914271592145975 0.11088437288008157 1.4787543135951227 -0.9570521094058465 0.034523951326199176 0.2878530122591149 11.76886713920479
0.26193606432167615 -0.12665939449097754 0.95673763174386 17.104545360827263 0.06942613359361365 0.9912549342631526 0.11222150985080828 1.5600597854740037 -0.9625848067479107 0.037027734012929824 0.26843888826314877 11.974264692525914
0.240862731039592 -0.12659183600353335 0.9622679729957784 17.892331111501857 0.06928227580694687 0.9911705950517273 0.11305227889704547 1.646127865093351 -0.9680832149434053 0.0394380344598932 0.24750662694720105 12.171556723692223
0.21585616834258192 -0.1269259667718207 0.9681404410246988 18.706020517120304 0.06865158100643494 0.9910343139789932 0.11462089225574601 1.7339891852930243 -0.9740087653680414 0.04172274529827947 0.2226345380011805 12.36129090732301
0.19131548904865503 -0.12768160025895522 0.9731884671559701 19.50479743146126 0.06737091351472413 0.9908727616877688 0.116757570022015 1.8202958654213215 -0.9792137374762804 0.043227064445397395 0.19817133303575452 12.531016446260676
0.1595162895262876 -0.12858100739814493 0.9787857160340274 20.305732769299155 0.0669641777399113 0.9906070156685243 0.11922054943640242 1.9078993068260854 -0.9849214954885406 0.046525960976408716 0.16662827695153826 12.671546868799808
0.12753365755748836 -0.12927033530222246 0.9833739607091802 21.112343279180365 0.06684435058528371 0.990336089453338 0.1215165121335442 1.998288462518739 -0.9895792029872298 0.050235548540063645 0.13494217531238306 12.782541841902814
0.09164484862166239 -0.12946612097748741 0.9873397314198165 21.908809071033666 0.06583199124665101 0.9901308589198574 0.12372158721551488 2.0900047192815343 -0.9936132902943748 0.05366009442470245 0.09926340522427474 12.871561198721512
0.05669683344788484 -0.12794745043718972 0.9901590372276596 22.718514852858814 0.06346531435125377 0.9902104221641923 0.12432004549431624 2.1907523941953713 -0.9963722311221241 0.05579220164176347 0.0642620205462407 12.92851372695597
0.02788834749700364 -0.12595006850662743 0.9916445029934178 23.501259608398986 0.06084596806087028 0.9904047509562637 0.12408141461958398 2.2859436465910146 -0.9977574896960795 0.05687714414804433 0.03528430570297025 12.958535689658143
-0.0026139714607092412 -0.12219406813434408 0.9925027843114506 24.305142927883903 0.06194893495996723 0.9905800882052522 0.12212050732207251 2.3826965620138223 -0.9980758972195091 0.06180370995380367 0.0049804442992329445 12.95552606075832
-0.02912822136115617 -0.1198038847141501 0.9923701808940726 25.062765018566417 0.06488346494642949 0.9904710835874109 0.12147908689863371 2.473661620711143 -0.9974676349119711 0.06792688557985696 -0.021077369820261593 12.929831616085401
-0.054878305653688564 -0.11550535466284984 0.9917897381062124 25.850226444939516 0.06869939156897853 0.990495957813865 0.11915599503359513 2.5709599481178773 -0.9961268820620355 0.0746744306881764 -0.04642159233335552 12.880212279993122
-0.08333463123873708 -0.11262907377470646 0.9901363698889944 26.68542225756965 0.07091461863430648 0.9904032149192818 0.1186279424988138 2.670783976077336 -0.9939951992340077 0.08010095890938342 -0.07454783887908945 12.81449280156015
-0.11059352764898156 -0.10972269645771454 0.9877904643820987 27.465330957200464 0.0750629135129196 0.9901263832421889 0.11838625014204066 2.7622224154012276 -0.9910270584888718 0.08723918322514318 -0.10126546426647143 12.72870292030944
-0.13955285380678184 -0.10179035770314175 0.9849688949774249 28.239577489999107 0.07865836945700445 0.9904196212893033 0.11349817037960755 2.8501212764805173 -0.9870855393068771 0.09331504082311429 -0.13020922105377997 12.613400751656526
-0.1650587179427121 -0.08956684408853799 0.9822084300550104 29.0613394926323 0.08066118826920943 0.991306142316937 0.10395145459161269 2.9449471261580387 -0.9829798534751909 0.09638419291944343 -0.1563991528658648 12.476509930595387
-0.18650597804038355 -0.07469150378417427 0.9796104835176371 29.81805752765386 0.08341968559388874 0.9923010446665352 0.09154120825682811 3.0239676659521146 -0.9789058566637636 0.09879178111645677 -0.17883933508381583 12.335485478698397
-0.21005162602979227 -0.05963836055474124 0.9758696533618529 30.60054015566456 0.08617667515647974 0.9931235043931947 0.07924194394860984 3.092094354166338 -0.9738849496019615 0.10074210128899805 -0.2034677713218052 12.173300970027267
-0.23664570075178676 -0.049530659207250236 0.9703326883673409 31.365719917754625 0.08997018901039898 0.9932915609490023 0.0726446146450483 3.1548509902739728 -0.9674214063194637 0.10449205111389918 -0.23060189472092668 11.981327539819459
-0.2600203374595392 -0.044858980288910416 0.9645605714494381 32.14981448431466 0.0939097029892364 0.9930100946010993 0.07149769020597084 3.2146094831355185 -0.9610256977791494 0.109172450314879 -0.25399012638357515 11.775296395645771
-0.28339052135898096 -0.04542654720340205 0.9579280981436249 32.898198189780395 0.09548987951844701 0.9925768075863053 0.07531908092463396 3.272861769921181 -0.9542386993375598 0.11281715229058112 -0.276949083471324 11.554164509867366
-0.3037684325013544 -0.04875245951546922 0.9514977336320158 33.61234213518138 0.09736925296283155 0.99187224087337 0.08190657093481236 3.329920394270055 -0.9477573360270708 0.11752725418400563 -0.2965524852885875 11.324543711459057
-0.32225144095122493 -0.05146713977688022 0.9452540094218308 34.33724142145613 0.10215998218540065 0.9907988513104771 0.08877485162881499 3.3893529853462803 -0.9411255744292247 0.12517495662082959 -0.3140284754448801 11.074874915903301
-0.3385082161217607 -0.0510908128494934 0.9395753915787927 35.08300428316771 0.10426492074125529 0.9903393502583915 0.0914155218363194 3.453339009102353 -0.9351689761325935 0.12890965895604906 -0.329911027258793 10.805068176893249
-0.35096247587677964 -0.047850675033119544 0.9351661100709948 35.824609261973066 0.10784598895312131 0.9899821508246377 0.09112948872537313 3.5166597531059454 -0.9301583645773254 0.13283694496449194 -0.342286083356213 10.525380659669192
-0.36155061863823545 -0.045234782348399505 0.9312545111988464 36.60334180117779 0.10941044881137585 0.9898628130782434 0.09055917941169725 3.588071770585166 -0.9259106349174324 0.1346307013675543 -0.35293635459679973 10.22382920665364
-0.369582451638371 -0.043163137002148355 0.9281948906588017 37.359474849814426 0.10774116633645583 0.9901921452375997 0.08894580701877051 3.6546402074820072 -0.922930470034136 0.13287760952806904 -0.36130719390661836 9.92762935295168
-0.3798916153133479 -0.04339325489084714 0.9240126546993789 38.12913008479053 0.1090179828875362 0.9898375694555933 0.09130534212945442 3.726484702102075 -0.9185844762577627 0.13542012968618006 -0.37130034803919865 9.609890489792202
-0.3882101562476114 -0.04280897493232339 0.920576051313225 38.88499427063385 0.11247771871995196 0.989251586283894 0.09343479986790326 3.7923903333348044 -0.9146811670619227 0.13981663241561598 -0.3792224570383406 9.287786383580311
-0.3940632710479721 -0.04119820654720988 0.9181594884268561 39.60244589456917 0.11540817513609591 0.9888696630755806 0.09390283574282664 3.8598697963500896 -0.9118086923926142 0.1429667696567335 -0.3849226042351759 8.974562972411082
-0.40129871562064834 -0.03766213000271122 0.9151726092955782 40.35141917434767 0.11788270150582765 0.9887212089171052 0.09237986643845154 3.93598227128459 -0.9083297911699836 0.14495494127885772 -0.3923328376161458 8.64183296606653
-0.40460920534768974 -0.035441402405398295 0.9138026580960736 41.0691745505715 0.11985509254001743 0.988574186902327 0.09141024987728036 4.002967622386549 -0.9066014271663898 0.14650933071289898 -0.3957383836247421 8.330626889296763
-0.4051056659853202 -0.035278431070791004 0.9135889840008875 41.824988189912645 0.12442711997168099 0.9878306780093478 0.0933190409249132 4.076037806136378 -0.9057633748403295 0.15147931834008285 -0.39578621112044926 7.994825149062774
-0.4019331577129797 -0.03451852936653165 0.9150181461923281 42.61063178344787 0.12738836854182958 0.9874636159913515 0.0932084258719988 4.147630169922674 -0.9067645451224502 0.1540262257657987 -0.3924971101616153 7.65612308181579
-0.394772921707714 -0.03533820218249102 0.9180988790717833 43.39265895774198 0.1285948604937865 0.9872989317487404 0.09329620154315127 4.223524138114763 -0.9097349625802776 0.15489361134115925 -0.3852145727055964 7.32624636429269
-0.38733881756642574 -0.03514022448600135 0.9212674991712869 44.18285534146214 0.13178775658221517 0.9869007964391385 0.0930527012118478 4.298420192948716 -0.9124695214752493 0.15745470018665067 -0.37763393619729413 7.002274285280828
-0.38136962998029794 -0.035141242810103265 0.923754457841721 45.05149057465279 0.13347825694802096 0.986712185715386 0.09264241729836104 4.385054752635112 -0.9147353498421326 0.15863213928623332 -0.3716114693260481 6.649722546435707
-0.3777693635741833 -0.035320345182451585 0.9252258000947384 45.89570012524458 0.13407381200136578 0.9866534567277141 0.09240762556561655 4.460356942649299 -0.916141103149607 0.15895731988003958 -0.36799191509648127 6.316079667000955
-0.37750974211385374 -0.035662871221178505 0.9253186230836347 46.775665984877634 0.13334570968609633 0.9867497810664343 0.09243263100039735 4.543149651398931 -0.9163543617604727 0.15828148717271373 -0.3677521645088592 5.967730750539931
-0.37881856760106597 -0.03666663569408909 0.924744316374831 47.62291092515175 0.13440392290983944 0.9864417806883679 0.09417111456708874 4.62155330359528 -0.9156593680769736 0.1599630305390554 -0.3687543227050209 5.632055084732851
-0.3810766468859313 -0.036758604884769557 0.9238124236906002 48.48962941942187 0.13614121221360317 0.9860858503625642 0.09539531462157592 4.701815280176435 -0.9144649580684796 0.1621218698438437 -0.37076992836953476 5.28600943536509
-0.3834411970588376 -0.03617150563823475 0.9228566901626433 49.35521196015621 0.1397022440238867 0.9854633633674983 0.09667079432335626 4.784251944040636 -0.9129381859757956 0.16599271562415438 -0.37281401119987767 4.936552163635194
-0.3813882669153682 -0.035471401298381056 0.9237341444101875 50.233513498879866 0.1431767665208394 0.984938488763285 0.09693599373469816 4.869557014012637 -0.913259767748437 0.16922751857374027 -0.3705653027058059 4.576509888244389
-0.3811702203717028 -0.034832746128133835 0.9238484415200151 51.081608234826064 0.14706499876005022 0.9842810781878292 0.09778877880979549 4.953382618411155 -0.9127327918079279 0.1731399402754248 -0.3700559577144088 4.228055775571651
-0.3828437926145652 -0.034554929447238675 0.9231666086397363 51.98051743253606 0.15005933009293523 0.9837026953683676 0.099051524859883 5.038605005004512 -0.9115441996461582 0.17645102429825926 -0.37141918113573485 3.8593638906159393
-0.38229143004705696 -0.03484574271677453 0.9233845551703216 52.92599610281609 0.1516239854937586 0.9833785662990888 0.09988374425569582 5.127478495431193 -0.9115171032600348 0.17819194582827005 -0.37065374799989587 3.4773199291275363
-0.38322536184593387 -0.03347437774275794 0.9230480962944394 53.81560180521525 0.1558923965044082 0.9826625491119114 0.10035873297821699 5.208286132398868 -0.9104042413950881 0.1823561915801485 -0.37136280998804755 3.118231412507701
-0.3824745720200749 -0.032096061093443304 0.9234083845300232 54.71427610886141 0.15885489323759455 0.9822308764862577 0.09993812171294239 5.293890211085663 -0.9102078469517463 0.18491173066986424 -0.3705797177506381 2.7553386579719943
-0.3829275471577432 -0.03246180554642482 0.9232078448585783 55.61608188552502 0.1631468485138397 0.9812968581267578 0.10217427293872122 5.37871701745843 -0.909257718937682 0.1897437941309812 -0.3704695576441109 2.388793927862421
-0.382381371705918 -0.03342514074546225 0.923399830267716 56.56722554026806 0.16884069447119254 0.9799926431110204 0.1053908883099567 5.475104807938662 -0.9084477455873761 0.19620698105424894 -0.36908740715823896 2.002977863549254
-0.38020007488368707 -0.034321024330543154 0.9242672613196582 57.53433786645927 0.1740070845304068 0.978812430363424 0.10792479186579652 5.567862400455103 -0.9083883737651351 0.20186206541831953 -0.3661724579394025 1.605195865017509
-0.37861143910506095 -0.033649241608968344 0.9249438397643048 58.46221264490932 0.17801370697704505 0.9780338415460765 0.1084477981284763 5.660269705614139 -0.9082755629802475 0.2057122585792234 -0.36430477400543254 1.2303472470567736
-0.37882485386550735 -0.03300225290136358 0.9248797659140412 59.37950173903031 0.1808037578692524 0.9774677538513394 0.10893480307584946 5.751276251296387 -0.9076352412914198 0.20848894811056962 -0.3643221476682613 0.8638838194738165
-0.3771560385559696 -0.03183185580323317 0.9256025364792874 60.33883379270021 0.18336907622700027 0.9770582267731873 0.10831898900235283 5.844398725269492 -0.9078155674278917 0.21058004286009024 -0.36266643225506545 0.4866752199727192
-0.3761157489215099 -0.030018269456362087 0.9260863064056487 61.30642242444135 0.18488798755821434 0.9769439833375043 0.10675619643525969 5.9375579577700455 -0.9079390813649809 0.21137492027081978 -0.36189400051758147 0.1084354969657364
-0.3768193770682074 -0.027377186362121872 0.925882091161084 62.23421972139336 0.18645170555515 0.9768620847838467 0.10476749881204728 6.029838996800819 -0.907327349175315 0.2121107186793028 -0.36299603917928064 -0.2638475939096744
-0.38134307118548694 -0.026242659978332056 0.9240610287508517 63.143056159097476 0.18749806581930503 0.9766247222695207 0.10511245009988723 6.116291563331812 -0.9052192758513489 0.21334356013070416 -0.3675086229980412 -0.6329468142102525
-0.386748011497838 -0.027646857036613237 0.9217709188830299 64.08529139766875 0.18916388028228093 0.9759173656059152 0.10863849182201163 6.21018984337773 -0.9025757597005468 0.21638148443156469 -0.372204313779641 -1.0177117096120307
-0.3912990807023515 -0.030122307334318324 0.9197704474717329 65.03364089511187 0.19350748008673557 0.9744254234816212 0.11423637434348424 6.312794247342203 -0.8996887709602562 0.22268304981187928 -0.37546288063469574 -1.413691462724611
-0.39668899458833295 -0.030477361419072937 0.9174469859416561 65.96952814912366 0.19528207987831792 0.9737690400482832 0.11678512714315833 6.413307827023085 -0.8969407733239114 0.22548833026207052 -0.38033177893087977 -1.8044180081148453
-0.40205197577096824 -0.026718980123452973 0.9152269144205841 66.85963874539665 0.1995609453090788 0.9729866432186753 0.11607075956243648 6.511829398436947 -0.893604855563133 0.22931002642539774 -0.38585913737369976 -2.1891166680773906
-0.40863607467805396 -0.023567197190757824 0.9123930872646306 67.71498305543757 0.20249902384809237 0.9724103544596066 0.11581125973026926 6.610739721235033 -0.8899498321884676 0.23208336811653288 -0.3925896157967048 -2.562136703628744
-0.41404937810653086 -0.02124323749778262 0.910006504015333 68.56427519660384 0.20481777765600262 0.9719164376388165 0.11587974889310573 6.707648859799742 -0.8869119406376552 0.23436544776926008 -0.3980704038813523 -2.9436191673862337
-0.41763614490514755 -0.01988317680574142 0.9083967799089109 69.44421293466479 0.2063468180470558 0.9715626140691048 0.11613387802473185 6.809572382543738 -0.8848734605301608 0.23594649016952907 -0.40165683440725686 -3.3385285379827647
-0.42155864503061574 -0.019897256154680507 0.9065828191607574 70.29809532817436 0.20951819994448656 0.9705699437932203 0.1187270318724766 6.906189588663014 -0.8822643780024069 0.23999600705582783 -0.40498331311954755 -3.7272687112564555
-0.42618357796938733 -0.025033026900855432 0.9042902771972019 71.20883983274206 0.21334875278640975 0.9686386403234433 0.1273636296469069 7.015778950369284 -0.8791188017291489 0.2472094901829865 -0.40747711642468143 -4.1433469575118735
-0.42727580362539325 -0.030428790227691904 0.9036091391534028 72.07960820873063 0.21801303792143537 0.9664748640409333 0.13563425995421075 7.129636233293961 -0.8774427063532645 0.25495181094147723 -0.40631745121901913 -4.547068271233096
-0.4293380778471322 -0.032117016004388724 0.9025726077128111 72.9734260235026 0.2205273305119897 0.965389154467341 0.139253283387102 7.243360434576249 -0.8758062065364609 0.2588286647954718 -0.4073956441500176 -4.957015199526953
-0.4318565460049306 -0.026485788759256196 0.901553340999018 73.83951502640926 0.2217491174654353 0.9657701520358559 0.13459324775017736 7.358345495441398 -0.8742581155333888 0.2580436328035244 -0.41120096181012045 -5.3528429835206826
-0.4330612220504168 -0.020978318293399148 0.9011203516277837 74.65339398928727 0.22211833561683203 0.9664157342897342 0.129244239717067 7.466253004844981 -0.873568213100161 0.2561260210888678 -0.4138575097568932 -5.728905075435607
-0.43428798818300235 -0.016845704149476712 0.9006165474671609 75.51281955942027 0.22816125517986746 0.9651627917983123 0.12807508330208253 7.581603200137537 -0.8713990962553887 0.2611072721694979 -0.4153150701160457 -6.139053885489197
-0.4318497923571609 -0.01624636395961665 0.9017992085265817 76.35451687363957 0.23191306616528332 0.9642211657339064 0.12842847539608943 7.686584541398 -0.8716203798574781 0.26460082994737316 -0.41263096612865513 -6.534383483398632
-0.429822019152842 -0.01871949435573242 0.9027195646392293 77.18984225418474 0.23225996881962888 0.9638492098706855 0.13057567735057157 7.794548248372222 -0.8725298497674902 0.26578991922704903 -0.4099358243701078 -6.919980675759325
-0.4281642952388364 -0.022580800156921238 0.9034187532627956 78.05017236098519 0.23228168018843873 0.9633507892689155 0.13416585953137855 7.906228552486409 -0.8733387414580133 0.2672926566129921 -0.40722730555465286 -7.308365684102652
-0.42543432599077896 -0.025665016342722988 0.9046253043138355 78.89296055676333 0.23543108962976572 0.962041702995259 0.13801436060686914 8.017658861195198 -0.8738294091551926 0.27169296758309636 -0.4032432207258761 -7.686380692774268
-0.42326004380858945 -0.028237691663549808 0.9055680913573897 79.76710589044556 0.23369120856717537 0.9622902768074568 0.13923304995668773 8.137295739972856 -0.8753509892343553 0.2705550885334498 -0.40070012442610153 -8.06877344917525
-0.4185637896074357 -0.02941656108779568 0.9077108680429196 80.62568874352633 0.23392419218416838 0.9622599169084743 0.13905151787118508 8.255331805546701 -0.8775442019297073 0.27053746181455945 -0.3958859121192484 -8.436779017290213
-0.4161866583676079 -0.028719812741399023 0.9088255265742171 81.45735069032918 0.24041509881333673 0.9604557603569965 0.14044683214525472 8.367344850292374 -0.8769203188770218 0.27694747652427304 -0.39282419679477426 -8.8071476110769
-0.41407435821207855 -0.02663165783985838 0.9098533841625012 82.34620010948737 0.2452211729497678 0.9593518057583155 0.139680668402609 8.486107145270267 -0.8765894148393507 0.2809534972000887 -0.3907123368958861 -9.201490716658444
-0.4099357356333743 -0.024514430854732594 0.9117849172532924 83.18906315419055 0.24852004088024499 0.9588159501799871 0.13751277381149152 8.59876090132555 -0.8776049691812404 0.2829682250011786 -0.38696059451587156 -9.565498647937211
-0.4035383429089658 -0.023162202971359083 0.9146695130787948 84.01274274656203 0.25501641503830946 0.9572180146790288 0.1367490418063233 8.708290251101777 -0.8787055444591748 0.2884392218951029 -0.3803674294800396 -9.917936308259854
-0.3942211367673862 -0.021437646006598823 0.9187655428124877 84.86401752325413 0.2642350545055291 0.9548701195673859 0.13565725460816905 8.813787374761722 -0.8802099359222715 0.29624902040523493 -0.37076540644004113 -10.276231685644856
-0.38328938297864124 -0.02140077970640919 0.9233803417464606 85.69256138982833 0.2656676613949513 0.9549285664259439 0.13240893743486162 8.920221548196919 -0.884595920511049 0.29606323590011874 -0.36032848591744826 -10.60123175984166
-0.3723710029034193 -0.02195575390374406 0.9278242188406272 86.53805478656412 0.2679137020702594 0.9546165092648393 0.1301136752306279 9.028029369030714 -0.8885730608338911 0.2970273810771176 -0.3495892596330139 -10.919204829142636
-0.3605812893140206 -0.02350673522716966 0.9324315348569023 87.37790019143691 0.2728373222384823 0.953298843485024 0.12954192604655262 9.12902690130269 -0.8919310115644445 0.3011125178551627 -0.3373282113914447 -11.230111464019183
-0.34936181277812844 -0.024726437773839316 0.9366615861918308 88.19129285425039 0.27579760604575265 0.9526527482340343 0.1280172714190293 9.2293682861034 -0.8954786453466168 0.30305336915658615 -0.3260009987270441 -11.51686128112257
-0.3381426267485458 -0.025310176589023375 0.9407544626185018 89.05016341740556 0.27815741339137356 0.9522882473444724 0.1256007457979998 9.32830537094065 -0.8990483954443245 0.3041487940640661 -0.3149690361263472 -11.808617399140157
-0.3234970717657133 -0.02437516613310839 0.9459151631277473 89.91856462813202 0.28443619269370735 0.9509288834934526 0.12177976360546999 9.42526219028001 -0.9024664519221296 0.30844790453799376 -0.30068952981639296 -12.098780926926494
-0.3096709324453088 -0.02026632107746129 0.9506277872166572 90.71164562771055 0.2886704372740886 0.9505812321858409 0.1143009171443302 9.507999056622403 -0.9059653924088046 0.3098138106121704 -0.2885170887686321 -12.351884522943461
-0.2994224701419724 -0.012920395086404551 0.9540331481478466 91.56111717525091 0.29285431154230357 0.9503982456314084 0.10478323774261039 9.589829242840624 -0.90806527110399 0.31076717666374004 -0.28078679691766967 -12.607263814428668
-0.2864136824278251 -0.008701874666818349 0.9580665320818884 92.43678899770293 0.295765548172233 0.9503178094090934 0.09705051073683632 9.670176339903104 -0.9113122094170096 0.31115966720830834 -0.2696103085386449 -12.855847091082516
-0.2713097951189761 -0.010309458376920572 0.962436860339666 93.33954813924618 0.2992839078024412 0.9494691399497136 0.09453832457607408 9.745980852542992 -0.9147787369648461 0.3136910380471935 -0.2545148228411759 -13.103014175558261
-0.2552999321019721 -0.01344409395093396 0.9667684319456068 94.23162811227378 0.3044218438293532 0.9479301284910775 0.09357249862233369 9.81569484752625 -0.9176869213780187 0.3181944811537878 -0.23791382157202745 -13.336363218473151
-0.24384673464941914 -0.012465347192041704 0.9697336671066944 95.09637576451439 0.3071412214681358 0.9474543692753015 0.08941190198291088 9.87611028596121 -0.9198929503349164 0.3196479833512515 -0.2272050322145192 -13.542415208051219
-0.23712600794138655 -0.006919042972193562 0.9714542620227318 95.98375146151082 0.3078322915503484 0.9479098543936393 0.08189131957839609 9.93638868804842 -0.9214176776232605 0.3184635533114875 -0.22264417480719895 -13.751814793760824
-0.23324214168384455 -0.001150511074561017 0.9724180066550602 96.88044839552732 0.3082137064170586 0.9483521915272366 0.07504953032595817 9.992760762775948 -0.9222810930076538 0.3172172712034372 -0.22084109293981585 -13.956650276459241
-0.23009397017909705 0.0016892575792244457 0.9731669493442796 97.76379883623032 0.30975766366415225 0.9481163742699037 0.07159281138925735 10.044370651471922 -0.9225545808723441 0.317918994792892 -0.21867912122864042 -14.155624808389064
-0.2265366752684057 0.0004806597218315056 0.974002517309154 98.62023997704645 0.3111518564544785 0.9476364067280443 0.07190106305536992 10.091696264785957 -0.9229656857019488 0.3193509192249061 -0.2148239591082406 -14.34766000034203
-0.22250692514752052 -0.0005413121004012589 0.9749309592184496 99.46073331113247 0.31263192399805406 0.9471509509637503 0.07187736907913903 10.136044763003804 -0.9234456932373831 0.3207877539272249 -0.2105784143060621 -14.53442073054777
-0.21862312757647046 -0.004281184837641144 0.9757999792708895 100.313642426611 0.3135001186959404 0.9466697297357503 0.07439152088560133 10.185722613396319 -0.9240787865037882 0.32217711628610046 -0.20562174514204207 -14.721189450708923
-0.21450021087634014 -0.008214569499548074 0.976689398110752 101.18017579333127 0.3149515746069665 0.9459688809455273 0.07712575403365302 10.23427927375339 -0.924551331828903 0.32415335434112696 -0.2003233328466701 -14.906021455189144
-0.2106389191115534 -0.010358964941713455 0.9775090473242961 102.02387281087812 0.31648620124179544 0.945366946677956 0.07821649795494903 10.28767281804911 -0.9249149853792263 0.32584356365307443 -0.19585260234883428 -15.082147087046344
-0.20887590362503544 -0.01104814607910562 0.9778797448321752 102.89838730799882 0.31563691601375743 0.9456601058250698 0.07810442689273489 10.339355887585626 -0.9256047720999225 0.3249690796354833 -0.19403840637027964 -15.254788100113148
-0.2055068299418401 -0.009470961344806156 0.9786098526677836 103.77767617600402 0.31518038097005885 0.9460363260427797 0.07534319650139686 10.394330879590425 -0.9265140421487548 0.32392216765557236 -0.19143186517006794 -15.43113019071086
-0.20224363357583297 -0.007645668288690954 0.9793053948766255 104.59605923835018 0.32115272842505116 0.9441557018382651 0.07369488253222448 10.440242398272042 -0.9251802190401552 0.32941092034526165 -0.18849405256956542 -15.602864171685587
-0.1983850677227108 -0.005320556986184971 0.9801097166021836 105.47454554445982 0.3236033875999784 0.9435535153228355 0.07062302213682231 10.488148658417 -0.9251617223158738 0.3311773775415173 -0.18546517777267435 -15.777383855431557
-0.19290377145268345 -0.006776366697481745 0.9811942803612915 106.35443287550268 0.3268050525025338 0.9424391937357401 0.07075891300426129 10.53904600191853 -0.9251954348234471 0.334308909491072 -0.17958552396210348 -15.945820167793096
-0.1880217911495075 -0.010638707691248583 0.9821072364826516 107.23503852573867 0.33028870785498754 0.9410196156592103 0.07342651025395883 10.591532267295277 -0.9249633373904144 0.33818471408869466 -0.17341834862647648 -16.109881957944882
-0.18162509335209637 -0.013562070271995602 0.9832743237341144 108.07355491041852 0.3345814685556924 0.939396795992999 0.07475894981341039 10.636021638254123 -0.92469863542884 0.3425634684668305 -0.16608041337862883 -16.257251822490826
-0.17639727118242288 -0.011097724087423544 0.984256492607224 108.89880326231219 0.33576493410119806 0.9392838107469664 0.07076603632163814 10.681354398031285 -0.9252815310744148 0.34296175207847407 -0.1619608744847052 -16.393838225035516
-0.17234205282367537 -0.008579675264618447 0.9849998000004241 109.7541554849965 0.3394277336593318 0.9382027409350393 0.06756056930540077 10.722803639502684 -0.9247091599261963 0.345979776973068 -0.15877960660694107 -16.535248407966034
-0.16845777048563798 -0.008498183877947818 0.9856722378325284 110.58031799451189 0.34134613036565176 0.9375878376446951 0.06642187881368891 10.766945706750263 -0.9247187674354855 0.3476446858094072 -0.15504313458220248 -16.667347624296887
-0.16337659584058206 -0.009421600735189495 0.9865187891627457 111.42992350738646 0.34425260961510057 0.9365575080809213 0.06595585516425514 10.809278797927771 -0.9245529885867746 0.35038731069609486 -0.14976816683935879 -16.801662972525556
-0.15563513088273478 -0.010663292163640786 0.9877570552698408 112.30295903723894 0.3495811252712079 0.934636688195889 0.0651712968440632 10.856501045258387 -0.9238889234584592 0.35544416618992886 -0.14173461762151168 -16.937355646313495
-0.1481675413415554 -0.011725154024239154 0.9888927648920819 113.17027088082571 0.3524099110824671 0.9336635141259776 0.06387250551511292 10.897371631324102 -0.9240420089279741 0.35795944344721287 -0.13420656684125232 -17.06697913886616
-0.14252177788017223 -0.012531962910180189 0.9897123282729646 114.00855609504723 0.3549027224606621 0.9327836566979841 0.06291825956864694 10.93828567712799 -0.923975973940819 0.36021882197180544 -0.12849435737556597 -17.18921262918047
-0.13390846616735796 -0.013454956590741779 0.9909023598881209 114.854464084472 0.3555373913464479 0.9326882270441247 0.06071107384860144 10.98047858097827 -0.9250198300811009 0.360432566892101 -0.12011110972887917 -17.299344975441798
-0.1287585667394484 -0.01518884118198846 0.9915596455053782 115.66607718941879 0.35621021822771126 0.9324426700544516 0.06053880979909945 11.01679874633832 -0.9254920377406656 0.36099856809310693 -0.11464956133085336 -17.402711140286797
-0.12429956792533164 -0.016508453384689176 0.9921073976039194 116.54011954758339 0.3599336069388024 0.9310085812055984 0.060587295017706266 11.05555826399016 -0.9246607031823075 0.3646237686827128 -0.10978201720689956 -17.51403314001332
-0.11991362405866202 -0.01760071325823151 0.992628297832537 117.41560922634424 0.3632626843265525 0.9297288846045368 0.060369059193196656 11.094124581853695 -0.9239377386712732 0.3678238926780121 -0.10509347760070042 -17.618002283741415
-0.11690974351267952 -0.01659772953084193 0.9930038404992303 118.31060106431079 0.3645882588222464 0.9293320712497293 0.05845770159398325 11.131134535805506 -0.9238005809701368 0.3688718161111113 -0.10259663677786074 -17.716035381117514
-0.11221998734637395 -0.018335692721401786 0.9935142056419758 119.16058691838202 0.3690886508534369 0.9275318046763099 0.058807475078408195 11.166304842703722 -0.9225942999234115 0.37329419187329205 -0.09732011129512952 -17.808491370576323
-0.10751263508016196 -0.020142555986670196 0.9939996532878893 119.99508403791745 0.37258446178563337 0.9261166177582005 0.059066311447568465 11.200512702033688 -0.9217493434410627 0.376699200623568 -0.09206443458543079 -17.892943334813232
-0.10477423996207696 -0.020670623341029815 0.9942811895892743 120.84060113058516 0.3773725368806246 0.9241814609311954 0.058979620881819295 11.237636520560084 -0.9201153878990671 0.38139395983913377 -0.08902988458699962 -17.980693793699643
-0.09895405468381413 -0.020462232938162545 0.9948815970178648 121.68627205346448 0.3793592614962834 0.9235088794119648 0.056726540210483234 11.268586638920938 -0.9199427404891172 0.3830308690829519 -0.0836224105783332 -18.06072412605896
-0.09563550505269364 -0.018553177543788546 0.9952435027551524 122.50569500074658 0.38306759569355475 0.9221405419116465 0.05400035270675682 11.302003252599354 -0.9187562610958772 0.3864098867341822 -0.08108225534111019 -18.131480054909478
-0.09281216537973824 -0.018976832729179327 0.9955027783874302 123.38283363878351 0.3870352704244102 0.9205038908610851 0.05363102047423249 11.331736673676902 -0.9173819277732846 0.39027229818316933 -0.07808925576415482 -18.20409690199595
