1.0 0.0 0.0 0.0 0.0 1.0 0.0 0.0 0.0 0.0 1.0 0.0
0.999901608055208 0.0018486154744841268 0.01390528063135698 0.004198235459625721 -0.0018287250481825925 0.9999972867518425 -0.0014430016117572182 0.011290873400866985 -0.013907910457989125 0.0014174306970297288 0.9999022756834348 0.09652209281921387
0.9993765484533856 0.005606636446513973 0.034857998065788307 0.008540945337342664 -0.005550409742858864 0.9999831350006159 -0.0017095806581017914 0.019975738554011368 -0.03486699518289836 0.0015150386453155291 0.9993908130980688 0.22853808602165493
0.9980770898993441 0.006932519090050079 0.061595964130150525 0.031628805609662844 -0.006871797812505417 0.999975671795233 -0.0011975861124302505 0.02545346482959897 -0.06160276789950874 0.0007720082504295227 0.9981004473450459 0.3746620209956739
0.9959726848380316 0.0071350239719402695 0.08937282858589012 0.05987763909196166 -0.007091418342812896 0.9999745312123228 -0.000805426956577241 0.0341921786287106 -0.08937629910893759 0.00016840313240010544 0.9959979160610601 0.5496401371601779
0.9926113050342978 0.005214651133206912 0.1212254285687089 0.09928879770041957 -0.005278549776394351 0.999986047145257 0.0002059783049892847 0.04254631583323936 -0.12122266302291139 -0.0008443508529888342 0.9926249810685155 0.7385734906529362
0.9877309261954129 0.003703057774433046 0.15612144247434775 0.15560388920358711 -0.0037050741857520583 0.9999930975217126 -0.0002780902889024905 0.04619110426209211 -0.15612139463388716 -0.0003037631477304739 0.9877378285079095 0.9342503176886969
0.981020780306528 0.004877376177288209 0.19384127478015714 0.21389648072737533 -0.0049428744365535345 0.9999877732986414 -0.00014575846343036126 0.05564792198204747 -0.19383961565963656 -0.0008151410003290544 0.9810328939164447 1.1509284270801623
0.9729113465736686 0.00510757763634881 0.2311220983785408 0.2841766869737111 -0.0055138096375587755 0.9999841808270619 0.001111754879070238 0.0660687573041462 -0.23111276384373924 -0.002356002189948477 0.9729241181316194 1.3956255136134372
0.9632746864283105 0.002591721095784629 0.268505421673757 0.37069279948339645 -0.003914283698327917 0.99998270110608 0.004390429559572529 0.07211915397109503 -0.2684893980580414 -0.005280196052253063 0.9632681675733299 1.642857848283836
0.9517921308828365 -0.0038174488096204473 0.3067200134880271 0.48435233583430526 0.0013118823121105088 0.9999640714657062 0.008374648800245573 0.07608980189006007 -0.30674096328059736 -0.007568544266515885 0.9517629424301921 1.8974106436086389
0.9389296304876098 -0.00739262454644582 0.34402979245221776 0.5882303266920279 0.003747750231188571 0.9999295987458585 0.011258415525784923 0.08316685642013663 -0.344088801562337 -0.00928152219530265 0.9388912343744258 2.1132158727608585
0.9226938961359927 -0.007536034026596011 0.38545970246516353 0.7202322605648043 0.0022600414961924296 0.9998974881160355 0.0141387931478831 0.09140025688636706 -0.3855267386911288 -0.012174623213599875 0.9226163407959939 2.365494418609933
0.9046546004785221 -0.009986457139912346 0.4260285489340337 0.8785540603557898 0.002466411501895979 0.9998313326136137 0.01819953676302692 0.09829391609507852 -0.4261384407060092 -0.015413532946023342 0.9045266454642301 2.6400406289274745
0.8839367479840254 -0.01511324433476681 0.4673621886814369 1.0651001137003693 0.005480004617604426 0.9997437315073274 0.02196453644391018 0.10818764107177245 -0.46757437388378803 -0.016854113963138587 0.8837930434947432 2.941053968298226
0.8611995983509635 -0.019446619389338414 0.5078947536591272 1.2434483914464387 0.007715761633253574 0.9996528462418988 0.025192340559974886 0.11520080324697078 -0.5082083419450709 -0.01777683871775719 0.8610506751537013 3.184081767660462
0.8364015305236517 -0.023653304076804507 0.5476066114866978 1.4362760623880837 0.009542857395581123 0.9995454179740695 0.028598798572147543 0.12558062087345118 -0.5480341354426934 -0.018694347094586877 0.8362470375291542 3.4231596656112178
0.8087295268089874 -0.026552905318236335 0.5875810545673443 1.6534480892880943 0.01021136557586689 0.9994637625014766 0.031111339724739832 0.13733619439356082 -0.5880920680304977 -0.01916065410034195 0.8085669971338552 3.684643469930708
0.7784666354945294 -0.029038181033217054 0.6270139404065189 1.8842866148003266 0.010741336209770937 0.99939934022544 0.032948178301448944 0.15040391271402645 -0.6275940735206604 -0.018914089965883122 0.7783109507661488 3.9291278335027493
0.7460958366561393 -0.028399622171213182 0.6652326389954931 2.1528836395166766 0.006829646459419731 0.9993638260745367 0.035004272066461554 0.17176203830634618 -0.6658035434372628 -0.021573237916359747 0.7458151493179723 4.2005031897563185
0.7130059895703309 -0.029915551029649795 0.7005194634294081 2.4275814113149066 0.005261709171608288 0.9992895519411866 0.03731897369671444 0.1870550320250244 -0.7011381983984519 -0.022922722084758394 0.7126568427783447 4.443978438925295
0.6806568853499557 -0.030511131977486068 0.7319667173110742 2.7076562308648944 0.0037912306749945945 0.9992656833128853 0.03812768971760047 0.20628623309536823 -0.7325925409091103 -0.023176819857026625 0.6802727423803256 4.672517863277188
0.6481350667264709 -0.03284336073539864 0.760816830081379 3.021487459538287 0.0036506383795540734 0.9991920610200928 0.04002371839099008 0.22397229007110206 -0.761516649928874 -0.023163308270280077 0.6477313123750319 4.917134376991644
0.6180469869352084 -0.03228344398514959 0.7854780080847381 3.3508694910350183 0.001391908120150687 0.9991998195717943 0.03997227988842768 0.24565388266266797 -0.7861399268146194 -0.023611433928320626 0.6175973734203808 5.163555871294237
0.5903934429278956 -0.03180747506316916 0.8064886031915466 3.689403172241155 0.0009059510333414098 0.9992486570035379 0.0387466221669905 0.2664389352059245 -0.8071150858461704 -0.022145112479556382 0.589978670964296 5.401973125913708
0.5604019445113897 -0.030875030691423527 0.8276450888319566 4.085035286868401 0.0010604608698528886 0.9993308359961871 0.036561669134568334 0.2873211544943046 -0.828220101187237 -0.01961154524676194 0.5600596854643596 5.654202142676842
0.5332138446841509 -0.029134969675718717 0.845478651048707 4.4760247101901625 0.0015005151936927814 0.9994377908892954 0.033494038222923295 0.3074696963454045 -0.8459791630361234 -0.016590831333001373 0.5329577844673818 5.892511050085878
0.5111362471428338 -0.027773724985014736 0.8590508466075782 4.902468784044066 0.0027305823400324593 0.9995252009023315 0.03069066114045512 0.33242409291688046 -0.8594953640228807 -0.013341400286728047 0.5109693985568657 6.13862299223292
0.4899713828946103 -0.02727828333478753 0.8713116200319209 5.380679708765603 0.0025305446166501745 0.999550586967579 0.029870059201671996 0.35566856215971376 -0.8717348451727087 -0.012430581284690587 0.4898202122826685 6.404816617441817
0.4730894562036876 -0.028262272369038534 0.8805609634712621 5.874255087087941 0.003653247914544166 0.9995396666502951 0.030118243180700797 0.37798069436397636 -0.8810068218853779 -0.01103171578473777 0.47297492643719574 6.6663845732283535
0.4605661745107609 -0.029996382436139533 0.8871183776347259 6.396831785383607 0.005376016070755805 0.9995047572335618 0.031005462723293777 0.39863229040383574 -0.8876090903926853 -0.009510904700576311 0.4604993434784096 6.929368444690636
0.4506201182141397 -0.03120388710073682 0.8921702900738621 6.942998830976927 0.0040299866959517 0.9994498473149702 0.03292053932293827 0.41812244122790326 -0.8927067089856026 -0.011239222921854645 0.45049795959605377 7.207127994766563
0.44458346985350605 -0.031388046861982585 0.8951873149498973 7.478799136375927 0.0023122551768609417 0.9994227411440895 0.03389451224065256 0.4368563600494513 -0.8957344426832173 -0.012999038357688305 0.44439940728218974 7.474489893287674
0.43445364187311325 -0.03221604728341361 0.9001178585944296 8.05132351043599 0.0012609819388345184 0.9993808958263661 0.035160133416128 0.4605156007082415 -0.9006933123920364 -0.01414041564887138 0.4342252936639442 7.755703219803425
0.4234907335280937 -0.03275146183934621 0.9053082018645491 8.652963226244715 -0.0006136797404616839 0.999335647770751 0.036440176890209355 0.48305554565603565 -0.9059002274053216 -0.015987646543486313 0.4231892876066066 8.05012433345365
0.41315863013412435 -0.03329825128768395 0.9100500935700607 9.245112288253587 -0.0016509052724172461 0.999302247279013 0.03731344388951789 0.5035556315851872 -0.9106575760720798 -0.016918777860618347 0.41281537531713586 8.323536238094016
0.4024538245315681 -0.0336024272817773 0.9148233687443096 9.904811915291148 -0.0026942813652031713 0.9992782904654399 0.037889827822163887 0.5307763268537805 -0.9154363221807617 -0.017713697672732655 0.4020728353755325 8.618926307309463
0.3901136537677465 -0.03534243873233971 0.9200881746704659 10.583920207272604 -0.004777905480120333 0.9991719198420728 0.040406017105495934 0.5584607688604332 -0.9207543150934465 -0.020159033299179015 0.3896217455600249 8.912428496264393
0.37888160356090905 -0.03754518233475619 0.9246832375287032 11.249700329519621 -0.007301123789324505 0.9990243408005088 0.043555253179400816 0.5887968547705611 -0.9254163517436501 -0.023253510951223178 0.37823782221495805 9.191078928765059
0.3667677560019663 -0.04030682349375449 0.929438956111226 11.963482417643124 -0.007342119946006129 0.9989044589716363 0.04621661088051868 0.6164735982308546 -0.9302835623786871 -0.02377481496092324 0.3660700093446516 9.474702698852495
0.3550315278452279 -0.041679982114971266 0.9339247257283527 12.673200008680555 -0.009217788519174812 0.9988009793013773 0.04807947713344371 0.6438964339358232 -0.9348088823982681 -0.025678450839278513 0.35422164043405907 9.749578459430055
0.3401290737045149 -0.04161669456234281 0.9394574306239817 13.388296193011202 -0.010803788002120642 0.9987813887000436 0.0481561600547403 0.6704318087384672 -0.9403166973874887 -0.02652900903006364 0.3392649706264543 10.008100383196071
0.32621703229731525 -0.03942544558961969 0.9444723829097348 14.10445665941309 -0.013141210581241885 0.9988441936006991 0.04623402961703333 0.6995015227596822 -0.9452035529046598 -0.02749383840479893 0.3253218904810725 10.257501877581316
0.31040735872945235 -0.03793075435515839 0.949846582096632 14.804307352193538 -0.014865709169266177 0.9988877300816669 0.0447472164853856 0.7271198326855808 -0.9504873919929187 -0.028010008324593588 0.30949823439909363 10.491795015031018
0.2899224917607315 -0.03562978325330033 0.95638667249004 15.533670436725341 -0.018183911292780998 0.9989213041959124 0.04272672926440134 0.7539861974625862 -0.9568773663021529 -0.02977829022727828 0.28896186476729957 10.715482976414421
0.267716948275585 -0.03364548250276385 0.9629099735246096 16.26260188140198 -0.021589525829162588 0.9989296992792693 0.040906579816711634 0.7813409405236255 -0.9632556919014184 -0.03174015445748949 0.2667040206193657 10.927072620394432
0.2415632722868542 -0.032388259637348905 0.9698444133569728 16.978763855952888 -0.025245563681805507 0.9988948004623532 0.03964642636686812 0.808861573352673 -0.9700566205106045 -0.03406138938650724 0.24047863679879283 11.115828707654037
0.20991303970518405 -0.03242120484802884 0.9771823684645219 17.727546923780743 -0.028384835122271964 0.9988266988970533 0.03923680294694184 0.8330014897187228 -0.9773079437397466 -0.035973476988162535 0.20874647795009826 11.284791117124117
0.1770390472989793 -0.03256133239866312 0.9836650524258214 18.466434021502895 -0.02971309706485085 0.9988201777940982 0.03841073149760799 0.8576486304579999 -0.9837552071497689 -0.03602793449242344 0.1758626746695418 11.419508391777605
0.14224373280096003 -0.03173086151703824 0.9893229366118205 19.217474880258973 -0.030839486221444817 0.9988587531749491 0.036470773166795666 0.8810192322761197 -0.9893511240042369 -0.03569794998558166 0.14110283412596825 11.526438957236836
0.10801677142918387 -0.03019649537915711 0.9936903686545584 19.992091999519914 -0.03293438536762634 0.9988812692478155 0.03393429248312068 0.9061964032303875 -0.9936033933871564 -0.036392054252128235 0.1069014267296654 11.61747938485193
0.07645235850026355 -0.028170837678222392 0.9966751932220721 20.724795242267486 -0.03603485468298249 0.9988696986794319 0.03099700482365461 0.9290421821232865 -0.9964218615263938 -0.03828483987910329 0.07535081225645746 11.682873193974773
0.04264989482298942 -0.025054870627240284 0.9987758707184712 21.492485742210608 -0.03593175790828485 0.9990003112810697 0.026594864804058392 0.9454428620287862 -0.9984437366447888 -0.03702204097801722 0.04170699265846989 11.713601600398341
0.011156601764412688 -0.02209924215586455 0.9996935299046439 22.229209376300005 -0.033471285380599645 0.9991872447182998 0.022461590487393678 0.9596231596021445 -0.9993774078355189 -0.033711622452640526 0.01040784413650886 11.714458835632893
-0.020470025044416584 -0.017857852525996476 0.9996309694971643 22.966232054641768 -0.03051680806299053 0.9993857619013371 0.017228561592037082 0.9701452078250551 -0.9993246231832416 -0.03015287734269783 -0.02100241623310667 11.689207399649726
-0.051604674674638196 -0.014962718995269983 0.9985554939972006 23.69324035014343 -0.02869373059007755 0.9994971650573943 0.013493956686455207 0.9783338800146598 -0.9982552916847216 -0.027955931079119298 -0.05200806226875537 11.64282894431147
-0.07972980939064528 -0.012091900833448452 0.996743168237819 24.385846066507803 -0.023973062902919173 0.9996604697171618 0.010209678737171607 0.9816005985225098 -0.9965281981708215 -0.02308097093056577 -0.0799926186052084 11.577455201610958
-0.10854186650464037 -0.0046795558128374295 0.9940808644034365 25.128093431474433 -0.02047133102447423 0.9997873863065061 0.0024711917148064096 0.9799793156815546 -0.9938810732787777 -0.020081930679082337 -0.10861458575359617 11.487779069908658
-0.13241283091678524 0.006828902885895942 0.9911711296713489 25.888684946575285 -0.018019063313072552 0.9997944321734767 -0.009295523236214371 0.9746050271955895 -0.9910308550019634 -0.01909082188619758 -0.13226256066547004 11.383456714827819
-0.15294853533285008 0.020582484844807892 0.9880197907213952 26.612790650648783 -0.01873774663108953 0.9995429489310264 -0.02372319737002113 0.9679795122738013 -0.9880564975702175 -0.022141692796196457 -0.15249296065521806 11.272140114985365
-0.1762573666480366 0.0342712962634414 0.9837473349161984 27.363947137657025 -0.01983473382440358 0.999067158688417 -0.03835877688832977 0.9474658988898513 -0.984144259769072 -0.02627338354070577 -0.1754131844557537 11.14530568859423
-0.19962659762483803 0.04441316498907797 0.9788650020796451 28.110768666557977 -0.016598534632188924 0.998675665151265 -0.048697068523085016 0.919079186534822 -0.9797314479839844 -0.025968954740823738 -0.19862503170767287 10.994882655745085
-0.22439560323320118 0.048568196766871394 0.9732870817556464 28.853284511034516 -0.014523695263429986 0.9984796468934505 -0.0531738376969881 0.8813397033736374 -0.9743898991294516 -0.026067700365492046 -0.22334905299139318 10.824922156651093
-0.24720879904442505 0.048148307122687334 0.9677652350628394 29.555012296287128 -0.012700965314683735 0.9985178390852971 -0.052922684252636146 0.8457820584445164 -0.9688789889119738 -0.025374505899591365 -0.24623086584598475 10.649808038739526
-0.26693682646075734 0.04428672984086347 0.9626959105756405 30.265040978490973 -0.011429646191694103 0.998727803579424 -0.04911351693120757 0.8018847221819005 -0.9636462493399702 -0.02411347999401358 -0.26609104873254597 10.459598279182153
-0.28459644637274223 0.0422109725108267 0.9577176496816259 30.966251092311207 -0.0072010092681006645 0.9989078140389929 -0.0461662703427745 0.7588072338058514 -0.9586203670784009 -0.02003529015341791 -0.2839816525251953 10.25053918426596
-0.2996303872790932 0.04204024713144676 0.9531286632140007 31.67805605268626 -0.005686466651197351 0.9989322350621784 -0.04584816082140929 0.7171169501207861 -0.9540384138576422 -0.01915743654061973 -0.2990713919939295 10.028602510249709
-0.3097707794430038 0.0449938458120264 0.9497460808249318 32.39229328959405 -0.004425235554316988 0.9988006655597677 -0.048761129679840955 0.6749417924421982 -0.9508009683911576 -0.01930762327188542 -0.30920015231242726 9.80241614263314
-0.31813494177846974 0.047302507096792255 0.9468646321634195 33.120633086021925 -0.00444303928017236 0.9986691217907862 -0.05138331036022475 0.6310235640918602 -0.948035030060369 -0.020553783203543168 -0.3175013760197855 9.559617370488626
-0.3257286701478264 0.048886801842498315 0.9441985564749297 33.835599676918484 -0.009447347393050125 0.9984441618065218 -0.054954557424358064 0.5887393988587417 -0.9454160888576858 -0.026820446679433632 -0.32476003844215834 9.323074526494405
-0.33575793507868906 0.04777454618698308 0.9407359894084646 34.56296142754371 -0.010323826660683533 0.9984663421197919 -0.05439101264917662 0.5417752637117629 -0.9418917281910777 -0.027974209382046006 -0.3347497811420859 9.06763251932092
-0.3436803418003741 0.04819785213924503 0.9378490228758259 35.2877285951274 -0.01028941551720099 0.9984288283518221 -0.055081781419287365 0.49154800623608064 -0.939030324637225 -0.028580443753924486 -0.34264443326360394 8.80736846517173
-0.35097535747208525 0.049589070712456676 0.9350707045529858 35.98857045074727 -0.008687710868047656 0.998381311002347 -0.05620748634398002 0.446447653352972 -0.936344392906379 -0.02785106653452369 -0.3499764220139327 8.545991494671132
-0.35745098884079884 0.05209380312004919 0.9324778958523494 36.712207636927516 -0.009151326829462823 0.9981998357184031 -0.05927344421419777 0.4013866472334889 -0.9338870615839989 -0.02972076123255956 -0.35633079092012476 8.271125471658952
-0.3590185730589687 0.05277510804067076 0.9318371382221239 37.44515521310289 -0.0121523429264422 0.9980510985826458 -0.06120723143037922 0.3548087657498377 -0.933251297754308 -0.03329853734429457 -0.3576775400421874 8.001099402970134
-0.35901316923836674 0.05202123849383364 0.9318816100015022 38.161661874744226 -0.012207156336896435 0.998098360310772 -0.06042059648096029 0.30711022450567455 -0.9332526612057372 -0.03306741433066915 -0.3576954241556543 7.73429115360159
-0.35741077551428224 0.05024000722932598 0.9325950242307091 38.918269783148055 -0.016714858459899933 0.998048073072871 -0.06017189827647847 0.25614307427723826 -0.933797703495219 -0.03709427865758591 -0.3558733811876472 7.458959613031278
-0.35143689629084185 0.0491155831867325 0.9349223322895263 39.675917464337715 -0.021362009076755818 0.9979422350481575 -0.06045626580671914 0.21025532853031298 -0.935967826633835 -0.0412183817648781 -0.3496645142290251 7.189889893292623
-0.34503745031347366 0.04803390953384534 0.9373590034858956 40.40843583258479 -0.026022973138788527 0.9978161110346291 -0.060710900411264514 0.16781161189125732 -0.9382280973996648 -0.04534040245325297 -0.34303394169554413 6.9360752128363234
-0.3405578524544979 0.04711039354880278 0.9390425762185959 41.20728553727818 -0.029773282927002608 0.997702714108049 -0.060851013838564505 0.1151909721403164 -0.9397520421660861 -0.04868167089479812 -0.3383728626287301 6.66169508972714
-0.33668500345548363 0.04519092925764236 0.940532289908758 42.02894299020337 -0.03507337874391894 0.9975526577459324 -0.06048597463472545 0.061561365235546145 -0.9409639028951466 -0.053352365803756074 -0.3342760214425731 6.3853946453601695
-0.3365550489855892 0.04355045072284547 0.9406561843969056 42.848645844442004 -0.03968587136242799 0.9973864664545318 -0.06037605607812088 0.009305717160302686 -0.9408271523593018 -0.05765062684117657 -0.33394711349000594 6.10881094374673
-0.33728036414561885 0.04177779751602706 0.940476778871498 43.67970246988872 -0.04343082608657678 0.9972605791029072 -0.059875710540852105 -0.0458912708310414 -0.9404018924413309 -0.06104058487632822 -0.33454196700970035 5.828687206249546
-0.3386247357318072 0.040657749121923326 0.940042677641235 44.51590468866216 -0.045764168874593114 0.9971719106363737 -0.059613937003203714 -0.10036117401880348 -0.9398079214380892 -0.06320702551254062 -0.3358064066215466 5.539533855021818
-0.34078839245774145 0.04032966731402078 0.9392746081420541 45.36814350384935 -0.047063162159244776 0.9970950356442778 -0.0598878006033728 -0.15691920842650262 -0.9389613039596688 -0.06461430049050375 -0.3379003726521796 5.241904160344627
-0.34018869680167463 0.03920337785811109 0.9395396456418924 46.25602351949006 -0.04931481377244749 0.9970119695379205 -0.059457394331620325 -0.2173717839028552 -0.9390632032568241 -0.06655995614955841 -0.3372388953344524 4.928556013474138
-0.34062879401570895 0.038440393785473745 0.9394117099616234 47.13455927469569 -0.05124202697504708 0.9969197558535721 -0.05937385839190671 -0.2792601535562462 -0.9388004470380763 -0.06836180596262327 -0.33760981047155064 4.620757252141144
-0.3412634439516538 0.03759959510830552 0.939215381193232 48.02837414794554 -0.05313124824076593 0.9968305225871599 -0.059211313944112595 -0.3429860452941123 -0.9384648806868772 -0.07010834248719365 -0.33818410375276936 4.299774203396463
-0.3409793066149746 0.03682363960012425 0.9393493131029433 48.949505727678265 -0.05623759875061281 0.9966438830089026 -0.05948363596571863 -0.40829783260253505 -0.9383871508855695 -0.07310943870347539 -0.33776406710206247 3.9767463193557013
-0.34092829719751944 0.03677379870857247 0.9393697801710152 49.87204725306264 -0.05728535518553551 0.9965650601801099 -0.05980358609214804 -0.47921866333150803 -0.9383423065445078 -0.0742008662803563 -0.33765062889320646 3.648234457645998
-0.3397454080680812 0.035629145614256126 0.9398423387353069 50.78401706253177 -0.06157847561031992 0.9962954200978972 -0.06002938641585538 -0.544171228283216 -0.9384994134458277 -0.07826876691728944 -0.33629280558329644 3.3296817039647424
-0.3389292465433792 0.034224260696037706 0.9401891649116934 51.668895905262445 -0.06355249863726098 0.9962226226687532 -0.05917403146611168 -0.609147172697627 -0.9386629031524036 -0.07980718052156137 -0.3354739456093433 3.0229217111337072
-0.3370779125327456 0.03241090814714958 0.9409187073895616 52.5987007749239 -0.06268733342432373 0.9964167497170264 -0.05677991820621316 -0.6758496841479775 -0.9393874488786372 -0.07812294103804351 -0.3338383246016731 2.6974670528598934
-0.334761149622684 0.03051282115702707 0.9418088661975628 53.516400712265536 -0.06354472925881953 0.9964694225128508 -0.054870368873640385 -0.7447660708579024 -0.9401579867696295 -0.07821545718044048 -0.33164032048490777 2.3810265172987206
-0.3322889244584529 0.03022125253795625 0.9426933470526256 54.401205841305284 -0.06471517069083668 0.9964004731059242 -0.05475439595819598 -0.8106764117359381 -0.940954843424859 -0.079200840205948 -0.3291370680217763 2.075199092419358
-0.33072549950122565 0.029794194687893655 0.9432565663394902 55.3355078611724 -0.06615921777886953 0.9963104436292101 -0.0546667889879693 -0.8764544836681059 -0.9414051210199322 -0.08048481768797726 -0.32753410851265574 1.7585923200975848
-0.3282317742036829 0.029574893386791305 0.9441341155176327 56.242485344766415 -0.0685174781637316 0.9961313708407253 -0.05502406031055683 -0.9451725347919737 -0.9421089414654683 -0.08275033358323795 -0.32493557007917384 1.4540260430497587
-0.328107232773079 0.030135593173783434 0.9441596739037611 57.137266153978594 -0.07265194661425621 0.9957255628733028 -0.05702892330916883 -1.0121402744173957 -0.9418425231720807 -0.08730664043878913 -0.3245153495293252 1.1546681930224316
-0.3286537656768761 0.03204938610139879 0.9439065309430446 58.050375353584535 -0.07716197052384241 0.9951717440441182 -0.0606566580110208 -1.0786014615845447 -0.9412931172654386 -0.09276872698658598 -0.3245939473896603 0.8502177452044408
-0.3313772583666155 0.03144507456199499 0.9429741883653106 58.953253041337376 -0.0816896191641607 0.9947350839304654 -0.06187825885288555 -1.1493339814757577 -0.9399552748712249 -0.09753625010036471 -0.32706384874840483 0.5483420857858722
-0.3355273240620567 0.02996960613493554 0.941553629654664 59.87044758281543 -0.08269873293912802 0.994697886241884 -0.06113129048360348 -1.2208237816331315 -0.938393485899182 -0.09837651047910147 -0.33126987156687965 0.23016666050343837
-0.33935396199342044 0.02758573163368383 0.9402541762149227 60.76251522428209 -0.08136924610665885 0.9949622931154352 -0.05855835607758461 -1.290798055698754 -0.9371328263738298 -0.09637978360999563 -0.3353997660164482 -0.08191504745778894
-0.34358686671861755 0.025981823821891188 0.9387614232856886 61.638786721680425 -0.08355019838132038 0.9948076772098218 -0.05811238865200484 -1.3566459083701212 -0.9353969367968474 -0.09840035668272683 -0.33963206626552084 -0.3890163525158317
-0.3476965499588224 0.027741766183683375 0.9371966194751996 62.526635162759156 -0.084502330408925 0.9945672059938945 -0.060790039619656566 -1.4302150530787547 -0.9337914463637976 -0.10033178544463559 -0.3434633423340817 -0.70453989087839
-0.35155879750287783 0.029711991434436417 0.9356941858659436 63.38437626581082 -0.08602557417334794 0.9942420896180082 -0.0638926272754766 -1.49602704293551 -0.932204919793109 -0.10295564480404726 -0.3469785623298743 -1.0191011742932106
-0.35659844347443487 0.03159484147046037 0.9337233616570095 64.22009579431548 -0.08783535212868487 0.99386741888627 -0.06717517839778082 -1.5634322942360204 -0.930119616516091 -0.10596848431868892 -0.3516364305687902 -1.327825995563577
-0.3597592975754808 0.032836508498508575 0.9324671637744808 65.04806657384039 -0.08970392710998146 0.9935338942756464 -0.06959602277800195 -1.6298045064055495 -0.928723022902439 -0.10868378276033827 -0.3544874921571421 -1.6352581271080806
-0.36162886746953554 0.03233387702963379 0.9317612798399244 65.88301383338283 -0.08991567588722009 0.9935302225132292 -0.06937483825248233 -1.7036732768877136 -0.9279761491775775 -0.1088678894304754 -0.3563818867570409 -1.9490503021815428
-0.36377957292637175 0.027240658950787255 0.9310866602102265 66.76351046603395 -0.08843985048250316 0.9940466732258662 -0.06363650128048186 -1.7745441769148858 -0.9272770972951608 -0.10549482427358785 -0.35920471445033364 -2.281006613439629
-0.3646412646117799 0.020950886025626003 0.9309123527578004 67.58717503569306 -0.08636933155210282 0.9946758165174235 -0.056217066827076084 -1.8416397132997893 -0.9271338019453098 -0.1009013399818765 -0.36089033359221034 -2.593176707663678
-0.3654242329202091 0.018628554389104414 0.9306546657896521 68.40116860222737 -0.08676970595319464 0.9947647664742088 -0.053982196234583585 -1.9075184963527478 -0.9267880815609754 -0.10047903434490765 -0.361894757538213 -2.9004298066551963
-0.36583114486044455 0.02436291589306009 0.9303623067274834 69.22456642897951 -0.08712881191431374 0.9943704362521184 -0.06029930051146421 -1.9712734030372545 -0.9265938395999062 -0.10312072457541893 -0.3616489631929616 -3.21684145494786
-0.3645506834658837 0.029483173258868917 0.9307166817453877 70.03840350762746 -0.08820212772014124 0.9939114933007156 -0.06603278087724396 -2.0380309761384376 -0.9269968629128135 -0.10616348703452491 -0.359730635573999 -3.5280406409495133
-0.36326490659820554 0.032573800985605875 0.9311162951659407 70.86628309244863 -0.08526361733850121 0.9940325649987911 -0.06803951263991918 -2.107472694984695 -0.9277762247398619 -0.10410671069279938 -0.3583197867773634 -3.8494392764409184
-0.3604571004711478 0.032455058075266816 0.9322109996804713 71.67802515533587 -0.08460534867200419 0.9941374345238654 -0.06732530174010207 -2.1759537372349964 -0.9289308982351816 -0.1031379197174262 -0.3555980256136701 -4.156999808940301
-0.3562222693644219 0.03077016276674238 0.9338944757798762 72.45825349236688 -0.08598620648407489 0.9941373759743043 -0.06555341322466104 -2.241098452158625 -0.9304364927835427 -0.10365362885221777 -0.3514880625603485 -4.443973749643903
-0.35258181618777434 0.027000546700082055 0.9353913797826168 73.29736290860055 -0.08874093268568836 0.9941141903454076 -0.06214518018293239 -2.306248608479235 -0.931563798008384 -0.10491876396427713 -0.34811053303283385 -4.744937397157964
-0.3491358110926745 0.02263967577289635 0.9367986072222558 74.13484362237064 -0.09139080307930211 0.9941196126166649 -0.05808542780605547 -2.3723709698407163 -0.9326049037642792 -0.10589447998734583 -0.34501369912371466 -5.040836655071546
-0.3479061511067798 0.020302875614045972 0.9373095023864141 74.9553148535419 -0.09650801964292682 0.9936788824504158 -0.0573452763241529 -2.435649601671951 -0.9325489328537496 -0.1104086582379008 -0.3437476051108421 -5.323303673226072
-0.34561560648150236 0.0181481776046407 0.9382006694764474 75.78448165824788 -0.10240046563368309 0.9931126833009845 -0.056932792876547914 -2.493510155698528 -0.9327722107751862 -0.11574904715093527 -0.3413768605064238 -5.606878030547971
-0.3416231685503934 0.01710498805561677 0.9396813449745646 76.5770996570489 -0.10286560744307394 0.993147101407426 -0.055475235658764006 -2.553970570633874 -0.934190707251446 -0.11561251813556003 -0.33752254463279624 -5.8784218134605055
-0.33863637737345403 0.019244704848807567 0.9407204926303381 77.36956567664174 -0.10086788528725182 0.9932868202814944 -0.056630048320269744 -2.6174105897955 -0.9354950954639267 -0.11406548115166376 -0.3344218778318458 -6.154300759710468
-0.3338538722303013 0.021208970689622172 0.9423862114648752 78.20380565763551 -0.10154151047732023 0.9931201906717434 -0.05832331034933086 -2.6813001419490985 -0.9371397513961394 -0.11516278236655644 -0.3294034303263631 -6.439777068372868
-0.32675653331490095 0.022525439046154797 0.9448400777548581 78.99576739237219 -0.09912172298430544 0.9933857527439723 -0.05796231774104901 -2.7383241093796364 -0.9398962985184328 -0.1125937424596486 -0.3223625244818009 -6.710597777716609
-0.3173301724702251 0.02345990850504271 0.9480248911990404 79.81719826775729 -0.09639038703214373 0.9937184622484075 -0.05685517632066564 -2.801628776792877 -0.9434036542900451 -0.10942234908644333 -0.3130755413515942 -6.977432255409815
-0.30667963109578295 0.023898520743548424 0.9515127243380536 80.62120257505107 -0.10063901461128111 0.9932667682860172 -0.05738393291437754 -2.8533899053042298 -0.9464773597973831 -0.11335778634448371 -0.3022095624993582 -7.2291619827573
-0.29676978378287955 0.023513889646955145 0.9546595164911591 81.4567620897923 -0.10337256968386571 0.9930313412837425 -0.05659387833649232 -2.9148227000531874 -0.9493375623404023 -0.11548096043020331 -0.29227100524633043 -7.480122292776103
-0.28482480477681404 0.0205499377694179 0.9583592909976524 82.27638666236102 -0.1054262508273903 0.9930336301399175 -0.0526261821493635 -2.9698403350392217 -0.9527644704859277 -0.11602546905231993 -0.28067410694764705 -7.712522661836622
-0.2719248090269073 0.018884136818775578 0.9621331963986535 83.03671808978811 -0.10964762343626752 0.9926881946870794 -0.05047322858392894 -3.018902585638414 -0.9560514091357528 -0.11922054145790828 -0.2678659470407254 -7.915889110823663
-0.2598446667194444 0.01874187067931031 0.9654685346819445 83.8345322311158 -0.11117481124731289 0.9925827631432205 -0.04918962954825132 -3.0706658441577286 -0.959229331558197 -0.12011744500450322 -0.2558337133452214 -8.12859896872696
-0.2458138919795569 0.019539381982910546 0.9691200870179035 84.61298698193292 -0.11189824739231613 0.9925405711913999 -0.048394181154120586 -3.1249254155627613 -0.9628365971131296 -0.1203388012686504 -0.24179383815315386 -8.323433267960024
-0.23304871053456272 0.022382247420992353 0.9722074539513486 85.37706629756947 -0.11279854384226665 0.9923648221564261 -0.049885351091370864 -3.176828507364596 -0.9659010234103917 -0.12128930186471752 -0.22874465726641052 -8.502192489800915
-0.22176754818119 0.02951099718484431 0.9746528898119882 86.16952535456464 -0.11287676058769375 0.9920453644696161 -0.055721017162063624 -3.2331523386634347 -0.9685442640855046 -0.12237277425760451 -0.21667236239900406 -8.678663555876028
-0.2086671018751159 0.032998870023737636 0.9774298517910104 86.99138376144093 -0.11823785870214487 0.9912483254289604 -0.05870746207948141 -3.287802693405304 -0.9708129837227001 -0.12781952867789254 -0.20293919957462575 -8.844210366595082
-0.19700414041174547 0.030780031783327992 0.9799193631641565 87.83982227563034 -0.12129932801814222 0.9910622708527004 -0.05551619866881481 -3.342388065974359 -0.9728698996695169 -0.12980048126145566 -0.191509773592154 -9.00597572512158
-0.1837592089439491 0.0277702501297835 0.9825789364402351 88.66349556140729 -0.12227975665264594 0.9911905352043664 -0.05088206004331439 -3.396746263111282 -0.9753359494252551 -0.12949956034292556 -0.17874464923383077 -9.15009363350881
-0.17259275911110034 0.02872927972416258 0.984574206441012 89.44152335326469 -0.12479202148548652 0.9908821473069656 -0.0507889901642355 -3.4477134529250058 -0.9770561349666577 -0.13163281746915456 -0.16743389886504062 -9.269582149414031
-0.16546335392090494 0.03438029607347025 0.9856164942568415 90.2647459893448 -0.1277213328859419 0.9902288565437163 -0.05598279015879018 -3.5018461772938982 -0.9779105989992563 -0.13514735258237673 -0.15945549051346886 -9.393341478265393
-0.16125392724518084 0.041237628808129013 0.9860510275428391 91.11625967998262 -0.1318627172128124 0.9892680324995824 -0.06293634628463124 -3.5636594850779306 -0.9780641056481214 -0.1401721008071439 -0.1540856495526176 -9.514257858372442
-0.15837317846158427 0.04385540072850211 0.9864049068059819 91.93332813047721 -0.1352791866795247 0.9886285695841216 -0.06567414295885474 -3.62640343797062 -0.9780682379033181 -0.1438410762925399 -0.15063952594091057 -9.627257812141938
-0.15669732162176503 0.04332193472169223 0.9866960825748398 92.76580509331005 -0.13961421868326382 0.9880337535240675 -0.06555281716756495 -3.691480361359544 -0.9777289089200684 -0.14802875352144207 -0.14877388478110415 -9.742362471498751
-0.1531040790337988 0.042977241065849894 0.9872750871634414 93.57758134508661 -0.14449459257411834 0.9873427558031573 -0.06538803621356865 -3.7524399749300357 -0.9775891026909272 -0.15266708654256567 -0.1449562243801657 -9.851720587073132
-0.14928573438320014 0.03974353275729488 0.9879950511584756 94.36946499702631 -0.14954969620816344 0.986790047956014 -0.062291970742736874 -3.8108657527451455 -0.9774193868927068 -0.1570536623544252 -0.1413700437410541 -9.954209562029545
-0.14513603283667392 0.036046643386002206 0.988754859140037 95.15595544526552 -0.15172874224273564 0.9867046494565448 -0.05824365646381418 -3.8690955044711015 -0.9777085050002734 -0.15847578440077112 -0.1377370865405933 -10.056485451352437
-0.14200469359765422 0.03322320766004289 0.9893082863642728 95.91775880736412 -0.154054089949705 0.9865169163332554 -0.05524229501109725 -3.9220686093162347 -0.9778046862057905 -0.16025165291223226 -0.13497186141152873 -10.151136276370226
-0.14019950162772032 0.03317893307585135 0.9895672074918849 96.70783674894386 -0.16078701286866276 0.9854094205229569 -0.055819444975589515 -3.975292699617474 -0.9769808781322751 -0.16693541369211795 -0.1328191681171439 -10.242689530681108
-0.1375778395745818 0.03387868440522436 0.9899113964395811 97.48921830363831 -0.16943322357259122 0.9838791833950673 -0.05722005969636567 -4.029532699431614 -0.9758917567065473 -0.17559609114335814 -0.12961979774472143 -10.3306417657525
-0.1324676369546443 0.035303182410982625 0.9905584336480658 98.27090586349364 -0.17198429806348764 0.9833879861736505 -0.05804713489003459 -4.088723236085843 -0.9761525118439548 -0.17804986369270076 -0.12419548969164979 -10.423244706533877
-0.12817199819277575 0.03728574429483661 0.9910508120937347 99.10762281929213 -0.17406570604215532 0.9829353002397441 -0.05949223077554013 -4.152188561687292 -0.9763570396424235 -0.18013319742619407 -0.11949461211995599 -10.517272101449276
-0.12219991125956398 0.03424202367898252 0.9919146462788635 99.92811137314065 -0.178811449477468 0.9822918754668408 -0.05593868900505078 -4.209796158712534 -0.9762651521097749 -0.18420139849144707 -0.11391311412595795 -10.604687638817987
-0.11713993748492812 0.030794857859802252 0.9926378553004221 100.75973316188366 -0.18082095707263596 0.9821505570699216 -0.05180796010825424 -4.264149142648187 -0.9765152413195418 -0.1855585082302536 -0.10948069918483283 -10.6837647704456
-0.11131263359565469 0.028664895854902603 0.9933719451180545 101.55832537802864 -0.18248181630795346 0.9819981845040118 -0.04878475528046894 -4.314227756110761 -0.9768878565725698 -0.18670267640409577 -0.1040779818434121 -10.75677566353063
-0.10688476973947347 0.03240709032022973 0.9937431390931543 102.34427836305579 -0.18598545066589267 0.9811754504399925 -0.05200141915834945 -4.36218618031132 -0.9767215868088227 -0.1903799252832452 -0.09884546479632461 -10.825914253470982
-0.10315077506668163 0.03440335270532016 0.9940705844786757 103.16257757985082 -0.1864392426308557 0.9810197547107424 -0.05329774549178884 -4.418043929793874 -0.9770365020869873 -0.19083147064860115 -0.09477881303179686 -10.895976525959146
-0.09911217557997187 0.03540540299251618 0.9944461946685414 103.97413237820466 -0.18777225622122318 0.9807472530276233 -0.053632130969809164 -4.468192217898202 -0.9771992409152785 -0.19204500284492948 -0.0905558415393225 -10.960329088576504
-0.0942390727950051 0.034271626988855566 0.9949595231677892 104.80314222540265 -0.18831705305785124 0.9807508211033887 -0.051618934826625815 -4.52545831769343 -0.9775764341913855 -0.19223236587152998 -0.08597111622568399 -11.02444966909616
-0.08593814785222903 0.03286141906674489 0.9957583852926615 105.63544998526567 -0.1888480886859228 0.9807996765476397 -0.04866614720439319 -4.5829117470368965 -0.9782387408722897 -0.19222934640934927 -0.07808229143430762 -11.084084909082879
-0.07853394115814522 0.03253341159267835 0.9963804480299234 106.42581366218889 -0.1893210175115217 0.9807923183649243 -0.04694657138449641 -4.634248549911432 -0.9787696217264672 -0.1923226595242976 -0.07086622763298484 -11.136666081762673
-0.07281348358367062 0.03245297675959807 0.9968174360974289 107.23010797808699 -0.19004030430862595 0.9807069454703026 -0.04581015001715201 -4.684923176502506 -0.9790724586805082 -0.19277108550233907 -0.06524131549527884 -11.183248089082802
-0.06586787975364944 0.032305427891899455 0.9973052600610707 108.04448594421382 -0.19574806909075992 0.9796366922931463 -0.044661443776288556 -4.728808973998616 -0.9784396332242463 -0.19816233355929375 -0.058202866719237634 -11.222128413775073
-0.05902610122094459 0.03194001648162405 0.9977453356051376 108.83701654636168 -0.2008128041986253 0.9786762243222584 -0.04320955468658602 -4.771995784376287 -0.9778497517740339 -0.20291053026760852 -0.0513534776035523 -11.256951119329639
-0.05530002672464679 0.0317355630054897 0.9979653105619344 109.64170943723347 -0.20335636645814298 0.9781873716506309 -0.04237515975394303 -4.820149139922422 -0.9775418636893229 -0.20528594687400137 -0.04764015901369206 -11.290102944910673
-0.05143923210029938 0.03187050351366845 0.998167459100284 110.46659564565986 -0.20765285650779908 0.9773045694415379 -0.04190548571299714 -4.8637014683718585 -0.9768491677762148 -0.2094279101611723 -0.043653795487231306 -11.320599052321452
-0.048211340733969654 0.033107431131779996 0.9982883173855577 111.26854440145483 -0.21114016424525883 0.9765278061440816 -0.04258256532798814 -4.902639593340934 -0.9762660998247961 -0.21283172186326382 -0.04008940635130548 -11.34742308237681
-0.04424093128211676 0.031578444584084805 0.9985216782007994 112.104120691127 -0.21422677847560884 0.9759499279627029 -0.04035623240043158 -4.94641451211086 -0.9757815469577468 -0.21569547966344849 -0.03641198524526573 -11.367099345902396
-0.039878229769671814 0.029675328630352757 0.9987637867189209 112.92108125166777 -0.21610515859375623 0.9756451828675201 -0.03761698521374285 -4.987541147704796 -0.9755553737331392 -0.21733810530618886 -0.032494011176080306 -11.383444557318134
-0.03696734096061771 0.028700390430830863 0.9989042513131173 113.7460919348342 -0.21759595167099383 0.9753719545128261 -0.03607703100622413 -5.0316447387101775 -0.9753386168499102 -0.2186911930987332 -0.029811818836773973 -11.398842495510841
