1.0 0.0 0.0 0.0 0.0 1.0 0.0 0.0 0.0 0.0 1.0 0.0
0.9998416382264206 0.003155660786536369 0.017514002218458283 0.01747302897274494 -0.003213427490863735 0.9999894866626752 0.003271153906592305 -0.002673831768333912 -0.017503495435735292 -0.003326915857061847 0.9998412670411296 0.1845833659172058
0.9991934454653923 0.005856326494347677 0.03972608688242096 0.03409950904279757 -0.005966075651958441 0.9999787056369295 0.0026446576350057137 0.019756798263275397 -0.03970975296212716 -0.0028795334140945122 0.9992071075642946 0.38709809437576115
0.9978467513285295 0.009547350962582406 0.06488997574893489 0.06284025119356795 -0.009708500068206498 0.9999505200000073 0.0021685428612311353 0.022567994141339878 -0.06486606115316172 -0.002793857783180615 0.9978900683287523 0.6407171712565732
0.9956131686462542 0.00842461588179295 0.09318500021682592 0.09978170177324344 -0.00874655772845257 0.9999571058773036 0.0030469875926998277 0.03111365532623785 -0.09315533342792807 -0.003848668955816031 0.9956441490819901 0.9460491945646754
0.9924838993154032 0.006316144924688027 0.12221217579677963 0.1518072156311705 -0.006734417274140836 0.9999727941559259 0.003009746163376482 0.033716267286540334 -0.12218984091842654 -0.0038101523959736343 0.9924994335086792 1.2230669816745767
0.9870141648587112 0.006055271766398635 0.16051907068038956 0.22066971742150235 -0.006592758532218827 0.9999743023655429 0.0028160510438968666 0.03912044258055787 -0.16049789376560897 -0.003837745742103343 0.9870287218741014 1.5374729131361913
0.9793585035606639 0.0056808753150822296 0.2020511053151452 0.300325552701246 -0.006028396611475686 0.9999812189307795 0.0011046356899022118 0.05423151495797113 -0.20204103528172723 -0.0022998785548690695 0.9793743567303164 1.8451002231717197
0.9711311642208268 0.007296850741293564 0.23843451480094255 0.4038558412381144 -0.008134421617507416 0.9999637169770648 0.0025290145039852693 0.04838728489884805 -0.2384074098346153 -0.00439553167114325 0.971155284306932 2.2053157338306812
0.9613346689021606 0.008914318808790123 0.2752384226210955 0.5015919430523198 -0.010793580756968256 0.9999276283027991 0.005313828298143173 0.04843881502321468 -0.2751711339897707 -0.00807917550957975 0.96136131290055 2.4984263719112145
0.9489963868488361 0.005354334620185689 0.3152414770435985 0.6362985954001255 -0.009017531163568994 0.9999076956506445 0.010162888877304457 0.03480570770902999 -0.3151579633764132 -0.012487244667798322 0.9489570732341049 2.811942516177062
0.9346066005594078 0.0017520244115146553 0.3556788335018674 0.7890515142446076 -0.0065205508798798495 0.9999042132873414 0.012208466998193146 0.04239628082250117 -0.355623374663436 -0.013729335769968253 0.9345285018298292 3.1429424436585562
0.9166471847222117 0.0014561850430120393 0.3996946562889775 0.961384269564489 -0.00892301163270498 0.9998186975869723 0.016821171745542925 0.046794470642348686 -0.39959769594461625 -0.018985559791877302 0.9164939879318048 3.467725313616098
0.8961290361716698 -0.0009105030326928593 0.4437926559940592 1.1459293400449369 -0.007583035211028221 0.9998204900901931 0.017363328390439362 0.0555592886462448 -0.44372880017756594 -0.0189250780720553 0.8959612677526547 3.7915051908592563
0.8753206114831382 -0.003245969662274785 0.483532099031426 1.356299388862995 -0.007698441925089892 0.9997571754374613 0.02064761858508957 0.05873892249834685 -0.48348170710453064 -0.02179572990888146 0.8750830732296381 4.1339902839700535
0.8520758858208206 -0.007814077700734117 0.5233599382760882 1.590348657830526 -0.004953868282998077 0.9997233798643765 0.02299180161670735 0.06156169584252608 -0.5233948261032951 -0.022183415927990238 0.8518014745620408 4.471314111720963
0.8294711795685276 -0.009755692930824433 0.5584643128442811 1.83612461622528 -0.003132284320777967 0.9997504886372234 0.022116719118505483 0.07689398009920742 -0.5585407335728786 -0.020094450106248732 0.829233659480124 4.778305131153681
0.7993465990819602 -0.011522036599093823 0.6007597333449648 2.112050060801558 -0.0018105515320036127 0.9997654063173562 0.021583656646675758 0.080581806455261 -0.6008674865885606 -0.018340528991846818 0.7991382161785564 5.117067566215658
0.7660628532335316 -0.016206061000890063 0.6425613344129386 2.4162366443390892 8.872007393493156e-05 0.9996847578523258 0.025107310618334436 0.09369325300568676 -0.6427656626053149 -0.019176769920204974 0.7658227957373549 5.447777272548211
0.73510959613408 -0.017629500345209864 0.6777190290888757 2.734186880186846 -0.0013129652173032337 0.9996229376445076 0.027427334126803447 0.11732689185999505 -0.677947016951862 -0.021051918025287164 0.7348092670574649 5.779488506374581
0.7011545628652147 -0.016603991235241786 0.7128159555231279 3.0972096735433663 -0.0029311189545703767 0.9996532461348873 0.026168607789808625 0.12588434693741912 -0.7130032871698166 -0.020437587114008553 0.7008627665370686 6.10909296489983
0.6676494684216062 -0.018958785247121114 0.7442343392899176 3.4645083823353264 -0.003113980916375502 0.9995958279269067 0.02825745767004343 0.1293967985768221 -0.7444692676257356 -0.021183608122210672 0.6673205858563975 6.404687279959602
0.6356669049700563 -0.021040060205758337 0.7716766821618544 3.881232948800593 -0.0012949286707963324 0.9995980379370932 0.028321117775452685 0.1332108489540194 -0.7719623754338854 -0.01900206354193083 0.6353841456124173 6.7345922299047025
0.6033614900736328 -0.02307911378661072 0.7971337822492222 4.310392605012737 -0.0023049347204137146 0.999526491404351 0.030683550264636827 0.13997060438890913 -0.7974644816993797 -0.020350613939941423 0.6030225973711162 7.038637963744404
0.5701086194233446 -0.022839398619856316 0.8212518029994771 4.724365317442808 -0.0027469778041820155 0.9995549336162337 0.029705029816354013 0.1579555465778167 -0.8215647364463448 -0.019191054013014894 0.5697921439206741 7.3018547357019745
0.5369462716286397 -0.021971464909302747 0.8433302770053038 5.208591668986314 -0.0027274646249543545 0.999610350546634 0.027779633128518756 0.16743962578247099 -0.8436120330583382 -0.017216323933254514 0.5366771244141142 7.601480511386468
0.5075227182180015 -0.020310872407012584 0.8613989545818344 5.737378546376285 -0.003812508560269273 0.9996594110693581 0.025817177207084256 0.18954512687547798 -0.8616299410251995 -0.01638689484100548 0.5072724262232089 7.907749761771869
0.4816101849982201 -0.015551839939685516 0.876247550627373 6.254912551432585 -0.006975341581914202 0.9997428448709194 0.02157750539836912 0.208741640516901 -0.876357788985638 -0.01650407234265023 0.4813778570731237 8.18992591870831
0.4577520791466574 -0.01659930389574525 0.8889249108597921 6.8782532522377435 -0.0055078059714197 0.9997535669168198 0.0215051042889229 0.2117558497985788 -0.8890628201146946 -0.014740032132697442 0.45754784814534266 8.512192208507606
0.4348033980527341 -0.018392804963637092 0.90033755323621 7.503639047752114 -0.008312289225962407 0.9996668318556542 0.02443626680782417 0.20828508790602443 -0.9004870409337492 -0.01810883798725989 0.4345056490969152 8.798983064914932
0.4178802580404515 -0.01916771854199436 0.9082998890817617 8.140754765249214 -0.008229407267054754 0.9996565300409553 0.02488169613409938 0.23634864084498258 -0.9084648407044043 -0.01787233930887603 0.4175789897630744 9.091830031432462
0.40730813037946595 -0.02086709747514369 0.9130523813942696 8.801617009054587 -0.010331196127079677 0.999569704858501 0.027453078437088527 0.2442376772150819 -0.9132323654543612 -0.020614785277852713 0.4069172855932521 9.382072949132972
0.40357597142956375 -0.02400608588343202 0.9146311514076271 9.51981501134133 -0.010408819414074032 0.9994705768641388 0.0308256786019617 0.26701432184603197 -0.9148869284032259 -0.021960733672250796 0.4031124339604118 9.709888641080454
0.3978584096064349 -0.022182912900605645 0.9171786108935829 10.258169790215081 -0.013443848246288824 0.9994593443526736 0.03000469847298208 0.28908119996222303 -0.9173483247108314 -0.02426803167477659 0.39734508149574854 10.050656989110642
0.39037864483210605 -0.021898375082830674 0.9203939237238477 10.987191235703351 -0.015311810583584464 0.9994243783822414 0.030273096173378037 0.30913953379090375 -0.9205270566994219 -0.025910867681376976 0.38981863067367284 10.376863478823836
0.3795784877778104 -0.025051643573315085 0.9248202997180514 11.746594328393067 -0.0223438553309994 0.9990935043203824 0.0362342621529087 0.2981891308686362 -0.9248896819325308 -0.034417797417817475 0.37867465121875804 10.677742871159362
0.3701688418768907 -0.027477796591999705 0.9285580214493709 12.521865266609968 -0.0251603123045162 0.9988992107022299 0.039589462527316016 0.3214584328747435 -0.9286237059155129 -0.03801759530679495 0.3690700140336899 10.976500704666314
0.35970462667008546 -0.028321753352137744 0.9326362955832221 13.243015157652312 -0.02735313357211398 0.9987895679831349 0.04088037392012334 0.33410073202372326 -0.9326652066180665 -0.04021538480636091 0.3584945399709119 11.253794954999256
0.34069507006667815 -0.030492779780324875 0.9396792322987296 14.007389931589788 -0.02861972884454665 0.9986743542485789 0.04278370352188592 0.3543374802727558 -0.9397381445664138 -0.04146956169834231 0.33937073400548473 11.534154425104662
0.32580012039933426 -0.03270198748505264 0.9448729340828359 14.807590309448884 -0.031356488290065335 0.9984780433093363 0.04536923705854312 0.37281140621935205 -0.9449185426214763 -0.0444091999892674 0.32427884723863654 11.822914728560567
0.3171802035118857 -0.03639384389497124 0.9476667170618095 15.606951416520424 -0.03122676348520043 0.9983207726827161 0.04879061459363199 0.3932232386017828 -0.9478510472338987 -0.04506798150276364 0.31551112389402125 12.08626519631505
0.30506752438947565 -0.0369904818023994 0.9516120584665282 16.375611166904093 -0.033725740265930004 0.9981989321526288 0.049613166527309925 0.40914675630578196 -0.9517333555184413 -0.04722918700737836 0.3032705456984413 12.324390919778937
0.29177326927035907 -0.03577364714565546 0.9558182910518008 17.171263495844507 -0.035161649054090506 0.9982237247716674 0.04809421731118683 0.4341007436420708 -0.9558410002584551 -0.047640754327328026 0.2899971392135441 12.558773622158059
0.27708414824706035 -0.036516376739889764 0.9601515135748062 17.967807539702044 -0.03731011968962279 0.998115026230741 0.048727296058297155 0.45913770035224394 -0.9601209974575844 -0.04932492921634412 0.27519942150894056 12.777470908650745
0.2544063363135204 -0.0366506945956128 0.9664026814062509 18.777164169113334 -0.04114894507193876 0.9979664315363455 0.04868024081780664 0.4787913099015225 -0.966221600029206 -0.05215101257187822 0.25238084619227596 12.98773489858576
0.2315215576372905 -0.03705334654605489 0.9721238696066161 19.658890034913433 -0.044844695837181876 0.9978056167873515 0.04871246619587619 0.5196705844135222 -0.971795617197605 -0.05487258529859606 0.22935186456223738 13.20392931579108
0.20610098827521095 -0.036315801380840965 0.9778566076895164 20.490023210270465 -0.047370274797547435 0.9977691848079884 0.04703946123423684 0.5525285019351116 -0.9773834660447179 -0.05601621566715961 0.20392092556857444 13.38101287740548
0.1797722332102843 -0.03740683688871009 0.9829967816430372 21.33612346698033 -0.04953153830859541 0.997664985424788 0.047023436392312566 0.5882514193620347 -0.9824604678455879 -0.05714285092064587 0.17749964425116332 13.554170440504834
0.14596820391934856 -0.03918156246182555 0.9885130695178541 22.17638308396048 -0.04825116837853724 0.9977442099161558 0.046672436500493325 0.5919700986043603 -0.9881118905238748 -0.054509602290207515 0.14374837412471103 13.665417854122941
0.11147103051978696 -0.03836694245786648 0.9930267806465705 22.975593589070794 -0.04940361466987857 0.997804946500594 0.04409729692960008 0.6182140995919133 -0.9925389121905535 -0.05397468355981274 0.1093308800029123 13.756606990281686
0.07579214074781776 -0.037471397168333725 0.9964193122351235 23.8154245938532 -0.052685553149837194 0.9977472566926898 0.041528836385190296 0.6402566136785314 -0.9957307788203391 -0.05564446204668724 0.07364719922289048 13.812581893509003
0.048524791024132596 -0.03570955136862343 0.9981834363468048 24.596974328044904 -0.056502319402000636 0.9976622846298713 0.038437660299503414 0.6499651035842493 -0.9972225591904039 -0.05826485877574374 0.04639368139719108 13.839035396547683
0.01849886705149839 -0.032360882526501836 0.9993050411160335 25.432965300328316 -0.05622702737224847 0.9978606953932434 0.033354969377787896 0.6681386037589526 -0.9982466194837284 -0.056804981044083575 0.01663973611238756 13.843316993502734
-0.010656196376048976 -0.02948135137391212 0.9995085269270909 26.229345427778412 -0.05416871141991799 0.9981145696490309 0.028862719162195148 0.684535116175129 -0.9984749351795972 -0.05383452215352181 -0.012233071674818241 13.83506538737514
-0.041071528052852635 -0.028988664007791824 0.9987355941100966 27.043288886264715 -0.0528356584356164 0.998243491269718 0.02680159202957455 0.6999508904553277 -0.9977582486660179 -0.05166807037898968 -0.04253102070528225 13.792839436875033
-0.0715276623418929 -0.026137966646329114 0.9970960837449416 27.84656128245962 -0.051448271875939575 0.9984225722969708 0.022482047257301706 0.707213459009991 -0.996110871761213 -0.049690782117969616 -0.07275958584008635 13.727123381684834
-0.09804484098829275 -0.022324354657267655 0.9949315716895899 28.614502388532348 -0.05098122488531851 0.9985483437155016 0.017381598667026765 0.7277068916318953 -0.9938753059940535 -0.049018654124379404 -0.0990406365239111 13.64931482933162
-0.12712278105322017 -0.016055680012819117 0.991757033590698 29.41854164246536 -0.05045350635179658 0.9986792984428905 0.009700647319905505 0.7419285544574273 -0.9906029690214462 -0.048804446528384365 -0.12776495515184838 13.546538832533953
-0.15046119130492275 -0.009997178683590298 0.988565367757475 30.253969516893672 -0.04795499662083388 0.9988455663059385 0.0028023151259713476 0.7355984284538182 -0.9874521498331954 -0.046985009198017666 -0.15076690850602104 13.423321640223406
-0.17268941912823077 -0.002354770842859514 0.9849735121186926 31.062093947898127 -0.04882437937184941 0.9987883073458002 -0.006172283877580606 0.7319143098801146 -0.9837654926353679 -0.049156608544419896 -0.1725951428525806 13.281271449050937
-0.1962050085069928 0.003209740273189203 0.980557643488719 31.859123644527912 -0.05302191457364338 0.9984969105940185 -0.013877900026510705 0.7173516846707032 -0.9791283221374593 -0.054713957100352636 -0.19573990826273685 13.126769896331448
-0.22487724628827266 0.008575164970096836 0.9743493678591573 32.663027198097005 -0.05222614777516868 0.9984177968117279 -0.020840645339855933 0.6850875826372093 -0.9729864611547121 -0.05557310100535185 -0.22407359695930085 12.932639209138825
-0.24821698454997443 0.012006752337929475 0.9686300462401596 33.477972720219256 -0.051214482377615916 0.998362089803832 -0.025499302682985375 0.659980160836587 -0.9673496810232125 -0.055937246453693634 -0.2471955078140946 12.734628215823996
-0.2752922537445449 0.01067327353880591 0.9613013347854124 34.20707584121869 -0.051409757939272924 0.9983441467173948 -0.025807004935536004 0.6431409492538652 -0.9599850060375291 -0.05652473747911829 -0.27428769975345657 12.531425768099272
-0.301206600918659 0.004775815360897422 0.9535469443874626 34.91998440834808 -0.052360000994988026 0.9983959443996846 -0.021539928088714768 0.612729960257847 -0.9521202727905927 -0.05641568748052944 -0.30047338708655486 12.301141379174597
-0.32275276563132443 0.0020862258327832353 0.9464810087577595 35.68822868747407 -0.0496562042057162 0.9985830722879503 -0.019133978254360196 0.5903050926682083 -0.9451798313872402 -0.05317419864683194 -0.3221918542375887 12.04465399378285
-0.33625795408397086 0.0004714023485786721 0.94176980525768 36.42962926297988 -0.04865419933513866 0.9986557801992595 -0.017871809132413 0.5693314908853916 -0.9405122844505112 -0.05183059380746628 -0.3357830137800998 11.782413954239896
-0.3486794243592475 0.003977908628836256 0.93723360763016 37.176518450562725 -0.047602520443918 0.9986251963179067 -0.021948059741321413 0.5375711296697936 -0.9360324027916396 -0.05226751880434803 -0.34801070012594004 11.509673211249856
-0.358020049767878 0.0028472190645703437 0.9337095572541843 37.973328832146166 -0.04883811404949982 0.9985693989388436 -0.02177140599514342 0.5056753439718084 -0.9324357793329761 -0.05339521370418575 -0.35736881309536533 11.206814253427744
-0.3666877371562419 0.0015266098896603644 0.9303428254581642 38.72483528520354 -0.052670625690496325 0.998360724712648 -0.022397958402682785 0.4715477527097366 -0.9288519304004309 -0.057214795407145094 -0.3660062275124728 10.916764051982408
-0.37740649175815055 0.0023431975925966957 0.9260447340187445 39.486693425194225 -0.05243252218633694 0.9983385537271627 -0.02389482703717731 0.4417951193618397 -0.9245621507481174 -0.057572923905247195 -0.3766565913893136 10.607304074836845
-0.3852153113467084 0.0049112360151399095 0.9228136559809148 40.24124039920742 -0.05146059776815079 0.9983155108295932 -0.02679454635543061 0.40877107617863173 -0.9213907807121815 -0.057810211882091546 -0.38431368518535025 10.279406440838855
-0.3895261097374428 0.0056248811936125895 0.9209982467650909 40.969384010550776 -0.05322249209602399 0.9981728599002759 -0.028606084905005692 0.37697654003461795 -0.919476359765656 -0.06016063887677286 -0.3885150207675839 9.973929002215344
-0.3968823047826725 0.004895307884658494 0.9178564550686064 41.66583807853663 -0.055506724119658006 0.9980276060129168 -0.02932407225523721 0.34237722047563063 -0.9161896308777449 -0.06258541041521255 -0.39582777400690483 9.664639471191302
-0.39872944864049387 0.008224023658915641 0.9170317291248464 42.429154651340966 -0.056350480197678104 0.9978505419287392 -0.0334502519274934 0.30778961938179783 -0.915335703536325 -0.06501277880062722 -0.3974089687265271 9.323618845769829
-0.39955067324424154 0.008698805475304404 0.9166698371242378 43.18408447808446 -0.0545092637944903 0.9979601973034664 -0.033229275625709806 0.26148849512324857 -0.9150890665233938 -0.06324377741192834 -0.3982615032212058 8.987317711750554
-0.39786751317027785 0.005922570076031846 0.9174237652946394 43.97943758939538 -0.06020583917492524 0.9976551107093503 -0.03255053002268146 0.21329814801072672 -0.9154652909274835 -0.06818506610108215 -0.39657798459804755 8.650443616783292
-0.395288096551678 0.0053705725984301705 0.918541494802775 44.75811487506361 -0.0618674986321867 0.9975564983950767 -0.032456819356645905 0.17323650973069593 -0.9164713488907046 -0.06965765901692762 -0.39398994556045935 8.323478207044339
-0.3895208674045545 0.006089078841123131 0.9209975119267534 45.544842964228934 -0.06687210035760385 0.9971518713561215 -0.03487502895694429 0.14236943537541857 -0.9185867493329992 -0.07517358957673718 -0.3880042723733621 7.996673145138179
-0.3831160087874465 0.004869064177238043 0.9236874016813345 46.32456939278839 -0.06998523226840697 0.9969587490699343 -0.034282939157093476 0.09715549366845322 -0.9210451623428214 -0.07777882016943805 -0.3816100942820248 7.675099127608021
-0.37964222848314266 0.006008091567076081 0.925113874713851 47.141731502800305 -0.07237012498816595 0.9967217047725825 -0.03617192619192669 0.06343761205375217 -0.9222984025582774 -0.08068299740935869 -0.3779628428397306 7.358327968068236
-0.3782054826427442 0.0013172537004720458 0.9257207342074918 48.0297494537137 -0.07647842413466832 0.996536074841353 -0.032663468610469704 0.017008315766316548 -0.9225571329412867 -0.08315116585158593 -0.376794665669082 6.997550945195799
-0.37947630253211684 0.0009871975460552448 0.9252009302078973 48.89851780450894 -0.07970368489753671 0.9962469552954314 -0.03375391352624069 -0.021030444826735654 -0.9217619315367215 -0.08655073370912472 -0.37797342772224707 6.650733704053613
-0.3791875428453586 -0.0019409452045534084 0.9253178049095416 49.77260144144872 -0.0843087031381399 0.9959108353563239 -0.03245998451993333 -0.0650910878573234 -0.9214710250062477 -0.09032076589346569 -0.377800621124891 6.300673283111717
-0.3833285455283677 -0.0026292044750402116 0.9236083117138645 50.657539863363596 -0.08494228770536874 0.9958583303124828 -0.03241903309188032 -0.11458458664071422 -0.9196977948992184 -0.09088054374321546 -0.3819642559539478 5.944340765774128
-0.3841249637537868 -0.0014004825293567544 0.92328005007681 51.55674886662008 -0.08689575510412675 0.9956149070155806 -0.03464223828276945 -0.15452515796100674 -0.9191828653570712 -0.09353606564871923 -0.38256223605698836 5.5701407617473935
-0.38582886149581996 -0.0028323116439141136 0.9225660234625982 52.465116122266565 -0.08590759726648536 0.9957607174721107 -0.03287062931138863 -0.21199472870153022 -0.9185619055723674 -0.09193786787923197 -0.38443654103256375 5.1838122871034935
-0.38666759781444215 -0.002929576274149498 0.922214501286584 53.39164733954786 -0.08784906666255009 0.9955645689916606 -0.03367091407977943 -0.2541083174483035 -0.9180254409802201 -0.09403513466414029 -0.38520992090257666 4.806093641020732
-0.3863881655705909 -0.0049569773358445965 0.922322944462885 54.34179039461082 -0.08905092592576111 0.9955143220303739 -0.031955707223751274 -0.29693186873838656 -0.918027297033568 -0.09448101930069036 -0.38509637611011666 4.408575075488523
-0.38589159381943233 -0.006847118741355129 0.9225187232703954 55.31229558195233 -0.09005091622664185 0.9954767511865197 -0.03027986680740672 -0.35464285137263374 -0.9181386117064464 -0.09475840232968127 -0.3847626994417282 4.009845914382446
-0.38437660147412506 -0.005616036001731599 0.9231592974014985 56.27062877711084 -0.09135077501376082 0.9953051091496103 -0.03198086310697138 -0.391564658998647 -0.9186455595841011 -0.09662401275205273 -0.38308502452602383 3.614573835862454
-0.38190668039938297 -0.008894146679173653 0.9241580934132284 57.192893617772995 -0.09535453577653918 0.994996347586905 -0.029829193679350288 -0.4534936551280992 -0.9192686223151342 -0.09951463431862083 -0.38084384934414645 3.229939945154052
-0.379576479341679 -0.01277297667080425 0.925072184965878 58.12336867474826 -0.09356019836042312 0.9953085037534981 -0.024646939743737974 -0.498523295230178 -0.9204173974960136 -0.0959053357375921 -0.3789907399445605 2.8434462530354
-0.37822072217147035 -0.011981607350417804 0.9256379024248047 59.00543895935064 -0.0939583086093041 0.995249273476438 -0.025509211824389158 -0.5345961009537499 -0.9209348085306421 -0.09661948421474417 -0.3775496705159555 2.4808845178332146
-0.37838404591484387 -0.011172198405107546 0.9255812745404427 59.933254164402605 -0.09365965627692141 0.9952574878804152 -0.026275494363648726 -0.5774963694370602 -0.9208981390920509 -0.09663185189554277 -0.3776359392537151 2.115039755778591
-0.378150162817813 -0.010221040727394347 0.9256878440853107 60.87848308440185 -0.09491743869583694 0.9950972619968403 -0.027787029308901326 -0.6159154434056897 -0.9208654267547911 -0.09837158884983331 -0.3772663466503152 1.737255638169934
-0.37606085721713634 -0.010349456073845034 0.9265371662421796 61.80188010263348 -0.09658556504131093 0.994928269816089 -0.028088548314473265 -0.66627512923464 -0.9215473185326749 -0.1000531192904017 -0.3751531860793632 1.3612171229870822
-0.37608570420873383 -0.010450879333881523 0.9265259425461164 62.77312364106902 -0.10002097396387785 0.9945514290086233 -0.029381283570033348 -0.6969679610566913 -0.9211706399235368 -0.10372190789825499 -0.3750818816802644 0.9785287027126313
-0.3782723889626241 -0.01032928964123702 0.9256367027749152 63.68712598194095 -0.10126878312037002 0.9943979413024957 -0.030288081792640767 -0.7396648027487255 -0.9201383772638921 -0.10519524755836486 -0.37719931942847623 0.6182262244799099
-0.3833599524685875 -0.009036936496963695 0.9235548065069188 64.59927150851487 -0.10188744637136024 0.9942628151565189 -0.032563824544378346 -0.7895283424166274 -0.9179619246543973 -0.10658230704851399 -0.3820812959423829 0.25063028619135347
-0.3886920790695941 -0.010945820248233776 0.9213026954739957 65.59171926804447 -0.10114244792794637 0.9943933018027087 -0.030857196195540636 -0.8467944178207303 -0.915799471989201 -0.10517675764635828 -0.3876198869450587 -0.16158586263257485
-0.3929866661704031 -0.012635648346286915 0.9194573511605317 66.50895955276265 -0.10215653342291607 0.9943159123055391 -0.02999848687877986 -0.8870677783031063 -0.9138520246140975 -0.105717580973425 -0.39204370952974443 -0.548589978119115
-0.3965174056295141 -0.016008654640551435 0.917887612951302 67.41452363485877 -0.10281111021034994 0.9943324478530983 -0.027071364276316873 -0.9406371666022629 -0.912252060918557 -0.10510331166554801 -0.3959159901125239 -0.9270524339745185
-0.4024425458138013 -0.01575440476832249 0.9153096722144383 68.33534160544494 -0.10419450959288472 0.9941427285257416 -0.028700862183774052 -0.9881644767147892 -0.9094962899812207 -0.10692069046629654 -0.40172685304894135 -1.318745674553739
-0.4118474247484392 -0.015775568044440698 0.9111162550305829 69.19234202899469 -0.10671813859747215 0.9938049377580758 -0.031031992877641273 -1.0241056958599553 -0.9049822858058436 -0.11001307713423197 -0.41097954357496685 -1.6933262202081245
-0.4201009928853974 -0.014560677929111615 0.9073605360797593 70.03412742108708 -0.10774097344394379 0.993599541832567 -0.033938666907589884 -1.0579041385653105 -0.9010588429276164 -0.11201757508693723 -0.41898093566842354 -2.0734601839514744
-0.42597123092776806 -0.015795870284827082 0.9045988066009304 70.90013067372087 -0.10892851756921092 0.9934697948924944 -0.03394620297528766 -1.1125045310576427 -0.8981553810349613 -0.11299671286462379 -0.4249101721537549 -2.482134956526632
-0.4315449265428411 -0.02100580890409675 0.9018468452943762 71.7298097944094 -0.11459153431871033 0.9929065742997962 -0.03170670236286379 -1.163956571653775 -0.8947836367735038 -0.11702688026486893 -0.4308908825420355 -2.878948831889236
-0.4347695095000167 -0.029345846394695126 0.9000634949316043 72.61222498701426 -0.11526314801986692 0.9930617094750442 -0.023299096185331818 -1.2184958407110515 -0.8931348612150717 -0.11387388846387064 -0.43513544696847306 -3.3147626215286077
-0.4372215855829125 -0.03148580151848092 0.8988024974392888 73.44206002394583 -0.11351549513007374 0.99332630885802 -0.02042245078035202 -1.2614921486282853 -0.8921611499419475 -0.11095714683264221 -0.43787783010906295 -3.7136250010487974
-0.4390352460190334 -0.035442593957093114 0.8977705025710077 74.33301474128046 -0.11348489542242898 0.9934063451968365 -0.01627918405891607 -1.3095026204098543 -0.8912739372740388 -0.10903052717590767 -0.44016259822908216 -4.139395262394259
-0.440039695299388 -0.03555113576956235 0.8972743077266374 75.14277790358986 -0.11881470126889421 0.9927358738926834 -0.018935454811389002 -1.3555522829755564 -0.8900832170775976 -0.1149417305943532 -0.44106718903673847 -4.538268394081698
-0.44104612419936506 -0.033139610393893834 0.896872389223606 75.88614005617633 -0.12077027123443924 0.9924204495281216 -0.02271987993721175 -1.3845041055646994 -0.8893215717133361 -0.1183360366977966 -0.44170547257644377 -4.909006647701311
-0.44135604460749395 -0.03179616552503172 0.8967685575143305 76.72972417576283 -0.11976041177622126 0.9925186940203752 -0.023750490337655764 -1.4232119016545826 -0.889304383020582 -0.11787979418880042 -0.44186204686801095 -5.317365986831606
-0.438846690383936 -0.03219615964255429 0.8979849606999758 77.51974170139341 -0.11804720190371454 0.9927621284061017 -0.02209557705266934 -1.4677922883649277 -0.8907740681349955 -0.11570118282393638 -0.43947104094737865 -5.713480826083596
-0.4355802383342564 -0.03365816121471411 0.8995204189768664 78.30095143963062 -0.12134659169535064 0.9923745470570886 -0.021627830153774952 -1.4973125062231278 -0.8919332153567299 -0.11857439241625062 -0.43634304487011444 -6.096148179120867
-0.434735688136581 -0.037481865997696096 0.8997777454359183 79.17186003718835 -0.12251820523848103 0.9923055618011096 -0.017859490578561607 -1.5318751306776337 -0.892185054148272 -0.11800331241077534 -0.435982852202389 -6.507026360663463
-0.432621908294866 -0.040865709289058284 0.9006488096187164 80.05903546261783 -0.12187654589435457 0.9924532965038152 -0.013511543937377461 -1.5667198270230391 -0.8932997212717408 -0.11561335590238944 -0.4343376105206843 -6.928894844997182
-0.4291945154172345 -0.04287925447819247 0.90219368068678 80.88707077838345 -0.12480167267351447 0.9921064721088158 -0.012218449070672176 -1.5978225649900408 -0.8945482717179986 -0.11783937175322204 -0.431158059220917 -7.317877259402706
-0.42629205083569544 -0.04499787935378852 0.903465703968866 81.72689439553753 -0.12882645813778 0.9916016482107649 -0.011398023923885572 -1.6168957433989297 -0.895365194252028 -0.12124917368525255 -0.42850881764868254 -7.69632925289167
-0.4227905934397648 -0.04563535736401389 0.9050776365909782 82.4842440614134 -0.12989855443578097 0.991469678853655 -0.01068838010763111 -1.6470438179588667 -0.8968692656426277 -0.12208722321393627 -0.4251120208528153 -8.054746909656004
-0.41934840636886667 -0.048370907338100406 0.9065358070143622 83.2920118529029 -0.13267557377586223 0.991123163692426 -0.008489199936533368 -1.6839717078705816 -0.8980780067450366 -0.12383509080872675 -0.4220435570948298 -8.430887457894729
-0.4156335441967899 -0.04762891350151119 0.9082842305892364 84.10075206881847 -0.1330447814946353 0.9910699617354577 -0.008911625144925814 -1.7114590222823525 -0.8997487666318084 -0.12454644733730662 -0.4182586991327205 -8.80462399524997
-0.4101872277222285 -0.046127503564631224 0.910834063717672 84.90212505396208 -0.13071399214774665 0.9913823017049654 -0.00865933732823812 -1.7321482493730893 -0.9025853369462369 -0.12261070622527351 -0.412681868087984 -9.163095036352761
-0.4020893575137835 -0.04518145843953705 0.9144849831393785 85.67379933764256 -0.1273582892731756 0.9918321095542134 -0.006995184818807176 -1.7555192230814347 -0.906699517330611 -0.11927993238812443 -0.4045593689459207 -9.507099494555256
-0.3920517766378623 -0.04680315039467134 0.9187517997523756 86.5209162426888 -0.1302273895552483 0.9914712250743765 -0.005063285409786199 -1.7762736586786383 -0.9106789947312507 -0.12163171857146934 -0.3948031073745869 -9.85391534037693
-0.3809441055475088 -0.047932208529835645 0.9233548027892968 87.35419693047307 -0.13240809198051484 0.9911902072259954 -0.0031733700333074835 -1.792367531547755 -0.9150681316856621 -0.12346852426728494 -0.38393467919500435 -10.19616034014786
-0.370041973506783 -0.048989260361859965 0.9277224747802566 88.14279586440152 -0.1307176036994803 0.9914196198240623 0.00021333302120427056 -1.8109047574559645 -0.9197727142757994 -0.12119071662924605 -0.3732706314145526 -10.506247003421283
-0.3595785830722714 -0.04991706279083216 0.9317786912341758 88.94547965001206 -0.1338340554857749 0.9910027067601712 0.0014424930656668014 -1.8171560327133889 -0.9234672101314524 -0.12418503145045337 -0.3630239520688433 -10.804675482736247
-0.34528038614360274 -0.047645018965200514 0.9372893934705173 89.7604463476874 -0.13470542238828903 0.9908854081238576 0.000746422406366562 -1.8305455649530216 -0.928781946488904 -0.12600023863081278 -0.34855133874547223 -11.109100480588229
-0.3302717097357423 -0.05102238680961825 0.9425058693676551 90.57075943800734 -0.1352808267690605 0.990787701936422 0.006231179681534228 -1.842243899901408 -0.9341411540323599 -0.12544499087565758 -0.334131498975025 -11.40096302615559
-0.3187288097201755 -0.05051823412221917 0.9464987342176074 91.32908151532456 -0.13510212208135075 0.9908041350346928 0.007388004281978278 -1.8544064921444898 -0.9381680885979209 -0.12551921772910865 -0.32262294325914986 -11.66018724985047
-0.30479652636261423 -0.0456254546336636 0.9513240223008963 92.15941135160502 -0.13398397480910826 0.9909728240104283 0.0045996268489318926 -1.8677484113757798 -0.9429461129946064 -0.12606022355314414 -0.30815815424241966 -11.937958707740343
-0.2931511103024798 -0.04338556462083477 0.9550812108459441 92.97367568707523 -0.13847389595619472 0.9903629654502557 0.002485317542842924 -1.8785558124379382 -0.9459848871240684 -0.1315252426232591 -0.296333771085505 -12.184773086778346
-0.28339645499714217 -0.045038522819525896 0.957944664767902 93.78660463745567 -0.1392506804735101 0.9902426487799376 0.005361392072740265 -1.8829989002199425 -0.9488391314035891 -0.13187504691763446 -0.2869029012013551 -12.421784444975868
-0.271582137734676 -0.04957399217447992 0.9611376393437873 94.61306621200735 -0.14220874439892747 0.9897770229076358 0.010868207790520175 -1.8875561505291547 -0.9518507317221246 -0.13373056578053505 -0.2758556149438941 -12.65037337440579
-0.2605508005139003 -0.04817699777478017 0.9642573604785057 95.40334714510884 -0.14560535557191706 0.9892913599908129 0.010083921672827414 -1.8983406608462488 -0.9544172886009251 -0.13777366197113633 -0.2647754846784757 -12.857450504214487
-0.25430037847265835 -0.04534794533325729 0.9660615308367861 96.26117000289362 -0.1473411354763528 0.9890562106179424 0.007642122389449155 -1.8976451376307382 -0.955835711461547 -0.14039720827754437 -0.25819898644779765 -13.077653265096654
-0.2515687773459749 -0.04315939384827685 0.9668766296623893 97.12368020699286 -0.14982719947306328 0.9886987831226519 0.005150393173978571 -1.9070808711542433 -0.9561720350244044 -0.14356873954464106 -0.25519219514486097 -13.291603174241278
-0.24977430270408163 -0.0435954376161987 0.967322198405341 97.93662282549344 -0.1519642388153811 0.9883717549964062 0.005305096284309557 -1.9163289032753514 -0.9563052168789793 -0.14567330484469726 -0.25349481340980573 -13.492769398568242
-0.24831476554441867 -0.040323643821598684 0.9678397496288158 98.7245788992247 -0.15313525035678172 0.9882034457913924 0.0018827703482289931 -1.9165450006915283 -0.9564984957179943 -0.14774286268705922 -0.25156047824379457 -13.696079481327436
-0.24510873661372246 -0.040200937460280056 0.9686617530711843 99.52689337295273 -0.15718287965726413 0.9875687685978531 0.0012122841129074552 -1.921928682400493 -0.9566688296261541 -0.15195990233425077 -0.24838063230511775 -13.893050991559893
-0.24006890841492773 -0.04363017048612387 0.9697748849273307 100.3194911579828 -0.15890635609206755 0.9872805885717479 0.005080297527171804 -1.936628164551875 -0.9576615734203846 -0.15288377171163497 -0.24394848460529245 -14.090568135749354
-0.23222913288997105 -0.048574788866167194 0.971447435388956 101.09591426346427 -0.1581181182607917 0.9873524032902552 0.01157118812499483 -1.9461505055704222 -0.9597230280215427 -0.15091627348819944 -0.23697254668335854 -14.276772153867773
-0.2279179181746918 -0.0504190585940025 0.9723740746777493 101.8806562430125 -0.15665323647920115 0.9875474064408858 0.014487357677341994 -1.9494211141000057 -0.9609959344739737 -0.14902361746506593 -0.23297805768380792 -14.459663956457808
-0.22770460573118806 -0.05181196006141291 0.9723508283142454 102.66677208356806 -0.15968403826070127 0.9870511391687808 0.01520054572596237 -1.9471161899103784 -0.9605475628273487 -0.15180767259992733 -0.23302963349375588 -14.634453333010653
-0.2264926032465444 -0.05009199521956051 0.9727239550301654 103.44873813852946 -0.16251938171196728 0.9866201566617095 0.012965995402741945 -1.9440316379641833 -0.9603585534801904 -0.15514979369547216 -0.2316030877896258 -14.81139224736514
-0.22240288478662895 -0.05072408553347851 0.9736344406323032 104.23737666572208 -0.16179407142587104 0.9867187733292182 0.014447865279105382 -1.9486413971998853 -0.9614362356859791 -0.15431503331326923 -0.22765595797935767 -14.99127608669933
-0.21930897682230788 -0.050977208489825926 0.9743227888640077 105.08586379430132 -0.16110940581069602 0.9868169101837454 0.015367014502848386 -1.9565703074496643 -0.9622615715305675 -0.15360244135426723 -0.2246307146530323 -15.17888074995228
-0.21458312916032857 -0.05249877793693309 0.9752937808654839 105.91512951264293 -0.16459247617382938 0.9862173229819269 0.016873311391931656 -1.9458908683021676 -0.9627374499139053 -0.15690529043180879 -0.22026650305432421 -15.359132744380547
-0.21052859908325244 -0.05802849851596587 0.9758639261331601 106.77100423513238 -0.16462939979770663 0.9860844965260975 0.02311982770523592 -1.9525773669246094 -0.9636258971666807 -0.15578850750570616 -0.21715218451319923 -15.54375886252132
-0.20336990560178703 -0.05904300549614392 0.977320113881579 107.58950560331718 -0.1703217484702148 0.985094468178217 0.0240705372338208 -1.948256286269626 -0.9641738346862401 -0.16156364772639353 -0.2103948769332864 -15.713317736536439
-0.19966538073799556 -0.057128301554019566 0.9781973690908726 108.3452352848763 -0.1713418906011675 0.984953544579179 0.022549313650955652 -1.9457655620938208 -0.9647671699741701 -0.1631038693056196 -0.20644959568273924 -15.865593247592146
-0.1977484222240864 -0.0589101090009322 0.9784810476270774 109.0771073468737 -0.17371313204908345 0.984499759287847 0.02416550673727491 -1.943537582152268 -0.9647379484925337 -0.16519631660442635 -0.2049167336230695 -16.015416742681637
-0.19481208538247174 -0.057218807474952484 0.9791701892215047 109.84794295450024 -0.17407594458542372 0.9844660456645375 0.022894769060239087 -1.9362293163034896 -0.9652698155985328 -0.1659897978936462 -0.201746301303398 -16.1631287393672
-0.19057110898911778 -0.05997529032033823 0.9798395873660386 110.66466704829104 -0.17419578835754518 0.9843578301630784 0.026372135202315086 -1.9296702670454264 -0.966094446592646 -0.1656581623332427 -0.1980376063156235 -16.317485754563382
-0.18501102094928373 -0.06231486465693485 0.9807587775646424 111.47701324453779 -0.17465781275352155 0.9841846261987319 0.029584962366344683 -1.9184959369782104 -0.9670912938143222 -0.1658236388361144 -0.19296878045862847 -16.47286292406328
-0.18031002844224747 -0.06276157814124599 0.9816054594145126 112.25864449858048 -0.17224063988586485 0.9845571315165407 0.03131160729871828 -1.912503498193693 -0.9684118212903351 -0.1634265556424096 -0.18833561876605992 -16.623123633108577
-0.1751723356912377 -0.06137971924955575 0.9826226044994703 113.04796461740115 -0.17441631683537107 0.9842030722396321 0.030385210475707164 -1.898726598404881 -0.9689652218888251 -0.1660627672264776 -0.18311077551860488 -16.764627036717343
-0.16952455968427943 -0.060667444505285946 0.9836568938613958 113.84133825714454 -0.17722921782771728 0.9837083837719172 0.030126733062483868 -1.8849706936763329 -0.9694592451526917 -0.16922552075275368 -0.17751477435394675 -16.898807776549877
-0.1655504489011127 -0.06383312068337146 0.9841333149388158 114.64245935447222 -0.1803554115332891 0.9830335006059341 0.0334224807143529 -1.8685591479891877 -0.9695694788922031 -0.17196066233376023 -0.17425428606044824 -17.035394828445853
-0.16272070708549952 -0.06422654188199928 0.9845795665173409 115.48206942823855 -0.1811802614320388 0.9828560848206993 0.03417059259574318 -1.859002035567501 -0.9698946769381782 -0.1728261202735454 -0.17156761873436627 -17.171545117341825
-0.16020675657255184 -0.061185166751321 0.9851853483066608 116.27956469161118 -0.1829300801360572 0.9826282147517473 0.031279024204886735 -1.8408231371976254 -0.9699847323179469 -0.1752089236979876 -0.16861628665901157 -17.300841265359903
-0.15691247334676994 -0.06318168190684116 0.9855894433178665 117.08542548443505 -0.18883697164287544 0.9814587581477776 0.03285276542043479 -1.8323480917641257 -0.9693910840568667 -0.18096071708093164 -0.16593415870340844 -17.43074757573348
-0.15315810003255464 -0.06364948638184456 0.9861497549955309 117.87393755033956 -0.18919232568879998 0.9813527476858808 0.0339565679925896 -1.8178944680625138 -0.9699220898066407 -0.18137124218767348 -0.16234411665477527 -17.552598724521456
-0.148424945623628 -0.06730166286528963 0.9866308943531974 118.70395354593421 -0.19071492655141234 0.9809011255274136 0.03822039677375254 -1.8046226831015684 -0.9703596510094146 -0.1824923782370666 -0.15842562790870357 -17.681412969969564
