1.0 0.0 0.0 0.0 0.0 1.0 0.0 0.0 0.0 0.0 1.0 0.0
0.9999030838359233 0.002354196625447567 0.01372154122755979 0.0017512096092104912 -0.0023378931432201156 0.999996542209786 -0.0012040864266526703 0.009525991044938564 -0.013724328437551184 0.001171890234064658 0.9999051302409733 0.08819035440683365
0.9993745350402344 0.005784310564386573 0.03488668032946004 0.005944603021179359 -0.005730091792994966 0.9999822151358494 -0.0016539226232439102 0.01778945207060265 -0.03489562667669203 0.0014529842719562295 0.9993899059303863 0.2100317181849311
0.9980650525423411 0.007009409009525602 0.061782028770435274 0.02754550355038013 -0.00696436304137556 0.999975302548866 -0.0009444256094515754 0.022795344241532588 -0.06178712277717448 0.0005123257177295981 0.9980892189485253 0.3478732569574528
0.9960019749207886 0.006963255851798931 0.0890594128760764 0.05647428282326647 -0.0069345872073860336 0.9999757561773694 -0.0006313143128445905 0.0308691349308801 -0.08906164973855028 1.1200037161222397e-05 0.9960261153305204 0.5199090058203217
0.9926595687820579 0.005228283631330947 0.12082899302605067 0.09549382851903829 -0.005297146018185418 0.9999859390924023 0.0002487198189522284 0.03940633494470382 -0.1208259936829864 -0.0008869429275179686 0.9926733060694048 0.7063027665074555
0.9877646771497423 0.003559932972437485 0.15591109470623685 0.1521510862569782 -0.0035786435233591336 0.9999935837249586 -0.00016068430852055236 0.04263955345199079 -0.15591066636313924 -0.00039923194516147404 0.9877710791109728 0.9116326072578131
0.9810640541014422 0.0045736086602208735 0.19362955315205818 0.20675088355108312 -0.004671706520690541 0.9999890862687327 5.001609267860985e-05 0.05239987613374658 -0.19362721117711504 -0.0009536494367124564 0.9810747135894008 1.1210313194908643
0.9729787740616209 0.0049046674830089555 0.230842477595495 0.27702737103214775 -0.0053661233848777135 0.9999846621434582 0.0013712029945964124 0.06231964109730601 -0.23083221167194964 -0.002572880625920336 0.9729901697036416 1.369703157833156
0.963360452207842 0.0021365090633467844 0.26820155564598147 0.3644808257546607 -0.0034576042371740803 0.9999841053887281 0.0044535315025937515 0.0689447827819592 -0.2681877776760927 -0.005217690957478812 0.9633525271707295 1.6205657222391547
0.9520022368114887 -0.00432189233367122 0.3060605534082734 0.47609064761782505 0.0018456921986924556 0.9999631881394372 0.0083794860415462 0.07300542115947536 -0.3060855019863406 -0.007412395879129484 0.9519751687208554 1.8692849862339647
0.9391286114154159 -0.007853415826273333 0.3434760182033274 0.5807106262859707 0.004276785292158972 0.9999284748447527 0.011169346543632556 0.07991674314054464 -0.34353916855071653 -0.0090204797270779 0.9390950274689862 2.091276793592755
0.9228348417577859 -0.007873603499041542 0.3851153868723276 0.7133805071019773 0.002773627919945141 0.9999009776404654 0.01379644525968759 0.08820287079295552 -0.38518587957769734 -0.011663673588614186 0.9227652989207896 2.3457943604885325
0.9047882394268983 -0.010105365250234165 0.42574185064183345 0.872608528669337 0.002702228007602206 0.9998345298998806 0.01798918518665701 0.09500634461606346 -0.42585319038204794 -0.015125951640947077 0.9046658310273398 2.6228821749510143
0.8839716529877226 -0.015425044605773156 0.4672859774410777 1.0604669356594658 0.005872371990278676 0.9997430832325226 0.021892527856261983 0.10568307102809993 -0.46750361705698196 -0.01660829695180469 0.8838351274479871 2.930652179983489
0.8612144099935655 -0.019914791531008582 0.5078514951220596 1.2376757937849294 0.00821913901148626 0.9996470773857158 0.025261956141731608 0.11365762335389773 -0.508175349434961 -0.017581858618285373 0.8610741503925095 3.171828760186113
0.8361915753496116 -0.02400713949493134 0.5479117689624906 1.429461540790962 0.00991995222387677 0.9995401000631383 0.028656289251183922 0.12395466365772514 -0.5483477399079992 -0.018526889081613915 0.8360451605737257 3.40778424494318
0.8085097841273882 -0.02701359400806778 0.587862394365426 1.6459083838380042 0.010843350949558472 0.9994601262686825 0.031014153852297527 0.13641043981296447 -0.5883828266617483 -0.018700848583862617 0.808366208813663 3.667827847976256
0.7782628237964058 -0.02960841277700863 0.6272402402503138 1.875674010875674 0.01143506474247382 0.9993903573324783 0.03298716364280556 0.14904774172452373 -0.6278345453945494 -0.01850015036933681 0.7781269356895004 3.9114272433405093
0.7459472325487472 -0.029126535495776144 0.6653678465201626 2.144673640857311 0.007548713445561038 0.9993488273590341 0.03528368151767007 0.17097267324497734 -0.6659622685844763 -0.021297093372966626 0.7456813599894268 4.182575220951499
0.712666833938608 -0.030345257701581918 0.700846023844714 2.421658614154173 0.0058305852970588126 0.9992856770790096 0.03733818233175354 0.18752656079577537 -0.7014784302307623 -0.022523341665262146 0.7123346902974862 4.428655587929297
0.6803637344694973 -0.0312883213492789 0.732206411994503 2.7035959819220974 0.0046119283754152696 0.9992512603070095 0.038414175658387215 0.20661552181824133 -0.7328600950627476 -0.022758728479369134 0.6799986186328786 4.659685462704582
0.6477736296318359 -0.03378536509059868 0.761083355394987 3.015976160580717 0.004678777249801364 0.9991737531509055 0.04037226842499775 0.22312153716912805 -0.7618185044989678 -0.022591151365707007 0.6473964829089883 4.90374894259325
0.6170129595007856 -0.03334866117662508 0.7862460649223043 3.3430827201587476 0.0025427493801146415 0.9991809633014306 0.040384861044891425 0.24471263098511575 -0.7869488815886784 -0.022918755938137685 0.6165924005309961 5.1425830132740264
0.5889677371263802 -0.032733912004396064 0.8074933409193664 3.67896801124436 0.002091783800927227 0.99923775916537 0.038981086422782765 0.26604971112984277 -0.8081538399740248 -0.021269500771262485 0.5885872741337346 5.3761804724310265
0.5588284132580039 -0.0322393708420903 0.8286563989394204 4.0778679428130316 0.0026306242283130592 0.9993079235458974 0.03710463252151504 0.28736790055793027 -0.8292791353649935 -0.018555239316522882 0.5585264709413473 5.627629218454763
0.532222087551724 -0.03051904693264918 0.8460545120123217 4.472051474503026 0.003238798677302002 0.9994161178196224 0.03401372701546512 0.3078837828824144 -0.8465985823902689 -0.015362656563154418 0.5320101776076371 5.866491368794025
0.5097825494499484 -0.028745438158645227 0.8598229190137806 4.895551281853118 0.0040541257657219915 0.9995107966170742 0.03101179630684686 0.33232860144156007 -0.8602937384060089 -0.012323442334394826 0.509649699723687 6.110414803060094
0.48903778724949765 -0.028259111899799315 0.8718047173746823 5.37194649785967 0.004296726525105212 0.9995409824072422 0.029989375277481356 0.3559828541587299 -0.8722520167837295 -0.010920031272838623 0.48893473197730253 6.37378664465696
0.4724953763736268 -0.028960629028205738 0.8808571968666858 5.869617791130717 0.0051004752937598985 0.9995330801777592 0.030126512943567094 0.3782975274206695 -0.8813183899461774 -0.009741847702146542 0.47242247188933095 6.637431887786563
0.46011411832599886 -0.030669735430514593 0.8873299078954294 6.393177480706035 0.006584006200138735 0.9994935805327718 0.03113251252527785 0.3993964342749262 -0.8878353726786546 -0.00848232293668929 0.460083037307563 6.902477268924026
0.4500186681399683 -0.031914913571040704 0.8924486745002661 6.941667123694997 0.005321236098525943 0.9994392769562597 0.033057769488161956 0.41965080920997905 -0.8930032938191844 -0.01012768329390828 0.44993615909280454 7.181530222471712
0.4434165342985562 -0.03216244245156045 0.8957384408443166 7.475294800431219 0.0037898254502625583 0.9994143423504472 0.03400896245520531 0.4386353601448249 -0.8963076560722406 -0.011685443927086559 0.4432787340562516 7.4471288646343385
0.43326578600616467 -0.03297779327447123 0.9006626581729735 8.047122282583336 0.00285613670372686 0.9993755648178808 0.03521821869531634 0.46148989250139033 -0.9012616718576187 -0.012686433529079208 0.43308942869195305 7.725989375797342
0.42253555218912864 -0.033340829883896604 0.9057329055515658 8.647461182798954 0.000979685970240042 0.9993393844661969 0.03632953165295454 0.4847971487591074 -0.9063458210592844 -0.014463184897399952 0.42228908218304173 8.018543080181448
0.41189573179106415 -0.03391391604612358 0.9105996663906267 9.245716193705666 -0.00012450499728608802 0.9993050777242335 0.03727393369460477 0.5058106445995579 -0.9112309754561737 -0.01546634840486351 0.41160527381972406 8.292465957820543
0.40109720345388133 -0.03410962785807266 0.9154002221262895 9.912766091879773 -0.0014802687655959892 0.9992810549077915 0.03788379741728246 0.5317422601766754 -0.916034301860939 -0.01655012355711854 0.4007583451712351 8.592076244603343
0.3888405494946193 -0.035703376025023784 0.9206130001304232 10.598313203421982 -0.0035643621524397394 0.9991830420806532 0.04025597770391565 0.5602232910188714 -0.9212981723585308 -0.018934554625542582 0.38839562336612854 8.88799132000739
0.3768642662380293 -0.037808737638722056 0.9254965284597442 11.271626296730783 -0.006198281511309543 0.9990412759292998 0.04333716991063356 0.5908699315405705 -0.9262477563477162 -0.02206871876033692 0.37626860819512814 9.168019745654078
0.36437200191662555 -0.04067490002956286 0.930364765415617 11.996567082387413 -0.006086593382878341 0.9989203217744347 0.04605588048286003 0.6190929766984351 -0.9312335891709783 -0.022444225396414406 0.3637310258227814 9.453681945349935
0.3527291957759048 -0.04188571108693639 0.934787516847559 12.715482319650231 -0.007883587831774432 0.9988291609504869 0.04773003538491379 0.6476779836740137 -0.9356922375921382 -0.024205256488790176 0.3519859969773368 9.730921599888529
0.3374622201137176 -0.04177144673596503 0.9404118226785037 13.435932134591747 -0.009938786900266578 0.9988011780367367 0.04793148513637047 0.674226971846441 -0.9412866038093137 -0.025521618091560165 0.3366425054848491 9.992265271406591
0.3238123632951299 -0.039434818316348194 0.9452991317469723 14.151305679083206 -0.01226762155475938 0.9988719972418718 0.04587198041750118 0.7051829444729164 -0.9460417849326805 -0.026450486392333463 0.3229633306290313 10.240072954419578
0.30784846783248926 -0.037640567622102584 0.9506905429856104 14.850423866508747 -0.01389290128548667 0.9989327513487856 0.044049353872867854 0.7330247048812603 -0.9513339624690483 -0.026768375965518308 0.3069969802801131 10.470923696229818
0.2872535687346442 -0.035174352643397896 0.9572085207337683 15.577943405577772 -0.016746328738747374 0.9989883584494943 0.04173511897860719 0.7590128509268959 -0.9577081746142636 -0.028018290427907662 0.2863739298164422 10.690573374441117
0.2651446132737296 -0.033041082698543195 0.9636423718922037 16.305917130901985 -0.02027239785618039 0.9990007471868496 0.039831357060447894 0.7863043515098951 -0.963995520703849 -0.0300964113180324 0.26420984479896037 10.899929262767275
0.23846933281407723 -0.03188888206970968 0.9706263320699439 17.025925184155184 -0.02394380852721071 0.998963866907707 0.03870254056277341 0.8129787580700693 -0.9708548147588397 -0.032469860072765915 0.23745870556042759 11.088637102130873
0.2062838809677386 -0.03197772548996365 0.9779695217773284 17.774499805872008 -0.027087107725794132 0.9988961958933493 0.03837549250298584 0.8359034116930767 -0.978117195967814 -0.034406611316490136 0.20518999987761805 11.256089079868564
0.17392918805082513 -0.031969381708165136 0.9842390950257862 18.52006345589372 -0.028343315307959444 0.998896312932582 0.03745413845020715 0.8601639897937055 -0.984350188714024 -0.03441096689852423 0.17283110638937182 11.390430515073163
0.13912619904011203 -0.031135085752796894 0.9897850813059456 19.271430872431065 -0.029440977930835804 0.9989337481415534 0.035561153557548235 0.8825303414115826 -0.9898369206890231 -0.034087728862942306 0.1380612080993041 11.495589890477117
0.10476635878097718 -0.029705406587573067 0.9940531167333277 20.04586326942491 -0.03148093489178442 0.9989538126678007 0.033169728591054784 0.9076460556004319 -0.9939984712292647 -0.034768793133095346 0.10372159957286242 11.586011291666447
0.07325129331512137 -0.027713149912174245 0.9969283973032405 20.776824726605554 -0.034590411803521154 0.9989418219813834 0.03031071935433061 0.9298195537058978 -0.9967134750964918 -0.03670446319535983 0.07221517113886522 11.64884856036882
0.04053028597975866 -0.02458792912789418 0.9988757328414786 21.543575974016388 -0.03421697207657032 0.9990766602061361 0.025981259655073717 0.9458089873952991 -0.9985922564992733 -0.03523153094253508 0.039651538269467046 11.677212226027388
0.009638364545098477 -0.021707725449650578 0.9997178985017214 22.283428496661333 -0.03196847298905558 0.9992465990903578 0.02200570246780604 0.9594612306423934 -0.9994424038751026 -0.03217155361738338 0.00893714015779179 11.677652143305705
-0.021890117998442427 -0.01727650859355822 0.999611096869593 23.020503801646147 -0.028901596618359747 0.9994437375181081 0.016640710584128623 0.9702124430209896 -0.9993425440993313 -0.028526089578696602 -0.02237726002942042 11.651038887861425
-0.05301809224117121 -0.014662561635249077 0.9984858993402957 23.750754922871508 -0.026995007203490847 0.9995478207044168 0.013244761648841783 0.9772921559181023 -0.9982286068237026 -0.026251922050464702 -0.0533899345145335 11.603598822246875
-0.081153924554977 -0.011686220130304095 0.9966330682795908 24.44502516976388 -0.022123616636887538 0.9997060187538109 0.009920768836600542 0.9801468954718754 -0.9964560131366709 -0.02124401860456978 -0.08138860827720035 11.536628216723809
-0.10991518577678128 -0.004097025252320806 0.9939325260397396 25.182281689258716 -0.018608275854251528 0.9998247216673191 0.0020634952386878406 0.9788318214251817 -0.9937667653958788 -0.018268561162550635 -0.10997215860235898 11.446435403587014
-0.13358734315122767 0.007308518773075316 0.9910100944506772 25.942898964262113 -0.016198284586111236 0.999823123747263 -0.009557028656078072 0.9733722512893745 -0.9909046560220938 -0.01732936160420666 -0.13344532925556873 11.341342628076937
-0.15427808218099542 0.021362578287824584 0.9877964940246806 26.666670627662235 -0.016847852436240186 0.999563986599926 -0.024248434191713224 0.9664937484980332 -0.9878838105905172 -0.02038325149135282 -0.15385090130317586 11.22881662000435
-0.17773016800692965 0.03515826016411585 0.9834510074845929 27.41427444943949 -0.018101733937066072 0.9990756964609862 -0.038988202952522547 0.946025585659503 -0.9839127576206644 -0.02473154833866578 -0.17692946591247027 11.10085611028127
-0.20114677046469498 0.04520221912193757 0.9785176217718696 28.16086969442791 -0.0148295641964655 0.9986797356247239 -0.049182005634933024 0.9173748614888025 -0.979448855610831 -0.024403791487881896 -0.20021087433915707 10.948952008640102
-0.2257468437142795 0.049505186972692856 0.9729273349103928 28.899603555777443 -0.012557292710605551 0.9984771386190319 -0.05371887987413126 0.8794806732375818 -0.9741050646377019 -0.024344200910070828 -0.2247814114406021 10.778277652193022
-0.2484617105536857 0.04903057729139439 0.9674000107914044 29.60622512630194 -0.010890056148086257 0.9985135813207906 -0.053404443588718514 0.8425965399262524 -0.9685805000441771 -0.023803999840398465 -0.24755844668637406 10.600402831145379
-0.268359355512399 0.04521920781326243 0.9622569716836095 30.314267973120522 -0.009721942652703975 0.9987196588611007 -0.04964400100137253 0.7986820291078619 -0.9632698168945332 -0.02267743920965786 -0.2675761454443667 10.409635310999446
-0.2855758879586235 0.04320120433933447 0.9573818820931778 31.01441603602213 -0.005473192465892354 0.9988936388993426 -0.046706983746132226 0.7554455428879473 -0.958340469969246 -0.018578323661224923 -0.2850234893987927 10.199417010939811
-0.30041004977139407 0.04310825815563328 0.9528354947603158 31.72676112881393 -0.004058466160400419 0.9989113308546929 -0.04647237827496278 0.7129165003103415 -0.9538015154364002 -0.01782782008248976 -0.2999080492123093 9.97649258436676
-0.31068714865197034 0.045970785934870875 0.9493999065215033 32.442027420425646 -0.002921637933645995 0.9987788611368095 -0.04931785252870341 0.6697427125353286 -0.9505077378403048 -0.01809622576087441 -0.3101734465084306 9.748888702376645
-0.31914724157361346 0.048370850716819555 0.9464699144700189 33.1688597275355 -0.0027749364203418295 0.9986446337310588 -0.051973024233947215 0.6256416655673686 -0.9477010804699005 -0.019213441156923496 -0.31858045413222197 9.505403586385532
-0.3268471025561028 0.049933456877640905 0.9437571835143451 33.88543394318068 -0.007910446017286587 0.9984237127502458 -0.055565408860390436 0.5826992354463136 -0.9450441240463262 -0.025626933141980474 -0.32593690172063744 9.26790518934104
-0.3372662840865474 0.04906674665746466 0.9401297293410654 34.60824606661126 -0.008663320126955962 0.9984367492322117 -0.055217793028984476 0.5357019509089626 -0.9413694282813897 -0.026767744676495765 -0.33631397137511815 9.011467189822538
-0.3455477542340376 0.04940555482114356 0.9370996962418823 35.33293885161508 -0.008507865674724589 0.9984071144093833 -0.05577499545844211 0.48515825287875636 -0.9383625982345385 -0.027245642762529467 -0.3445770003714447 8.748737846012771
-0.35279667447843366 0.05098986485246902 0.9343096596735395 36.03042861054543 -0.006886435508382357 0.9983455743505528 -0.0570849470583433 0.4398534188238047 -0.9356746675436646 -0.026573442701161454 -0.35186186019524923 8.486864839836363
-0.3591897462039626 0.05330153969743713 0.9317412044595944 36.75157631254414 -0.007306190384268798 0.9981765262857459 -0.05991862777292681 0.39424656749496323 -0.9332359539816294 -0.028329635331297 -0.3581453419465259 8.211568427130844
-0.3609059778860682 0.05384348064795931 0.931046591056438 37.48344154704031 -0.010423480142179795 0.9980367169341642 -0.06175809835965708 0.3472875449350664 -0.9325439540245954 -0.03199361253419698 -0.35963618084000554 7.9414056576474295
-0.36099973299100707 0.05330068574754156 0.93104147581043 38.1967603645552 -0.01027537707216139 0.9980773778108318 -0.0611225369915149 0.29963860296861355 -0.9325093079462781 -0.03163202176744363 -0.35975798224981403 7.673187897124272
-0.3596995998600513 0.051613032807291015 0.9316395723158998 38.95154325982463 -0.014594780661196943 0.9980355579115746 -0.06092632864028262 0.24849141221164336 -0.9329540129277384 -0.03551225124609353 -0.35823970993381493 7.396130919693744
-0.35397737941899593 0.05012939920534994 0.9339095556824392 39.71122444522331 -0.01952349531739046 0.9979488392578026 -0.06096677254534866 0.20065304177871404 -0.935050184744248 -0.039814037214468814 -0.35227261382405656 7.124646535711048
-0.34770986777764323 0.04905931895772464 0.9363178045265711 40.4453683820361 -0.024299734912672778 0.9978231869428207 -0.06130587641039502 0.15756668923788986 -0.9372872402488085 -0.04406893262466244 -0.3457608399516857 6.868329272517555
-0.3436190080470991 0.04808275923104242 0.9378774043410244 41.2402909573125 -0.028079576849292985 0.9977158267603602 -0.061438313745218666 0.10397396567513868 -0.9386892535193382 -0.04744657307562771 -0.3414839791713322 6.592247304235743
-0.3395741796808242 0.04646650155360304 0.9394308067800761 42.06151138897447 -0.0332999483882755 0.9975589157176121 -0.0613785231953374 0.049494872846771114 -0.9399896222466682 -0.05212555904420968 -0.33719791838458185 6.31096466087244
-0.33905374422238566 0.04458747968084407 0.939709803707768 42.88426609650224 -0.038014967413082364 0.9974110561378529 -0.06104135767293914 -0.004192294530405323 -0.9399986280741923 -0.05641933843713268 -0.3364809615252443 6.029832190990949
-0.33953681325292756 0.0429344256690409 0.9396123602520967 43.71565368451444 -0.04170588827151359 0.9972879898431892 -0.06064061508604963 -0.059766782478061296 -0.9396676919685651 -0.05977708931522182 -0.33682536760681986 5.7466858343087495
-0.34080944346982006 0.04175618560181342 0.9392046338289536 44.55264116341541 -0.0441915935813707 0.9971973372506644 -0.06037030426396982 -0.11486583301739561 -0.9390931936174017 -0.06207971926621646 -0.3380089971543618 5.455730524713171
-0.3429698997750746 0.041225442069278154 0.9384413198354323 45.40299159073724 -0.045441117572004405 0.9971386989439166 -0.06041125641998297 -0.17220280932721999 -0.938246637447789 -0.06336306490871675 -0.34011522947861544 5.156481103246305
-0.34250578857616054 0.040149411573267825 0.9386574505868172 46.28885604060169 -0.047630984741631154 0.9970596723346942 -0.060027486174045165 -0.23178261994102337 -0.9383075583647215 -0.065268940194805 -0.33958635332045073 4.841519328882437
-0.34289953009966956 0.03940497517295751 0.9385452360909649 47.16653498963571 -0.049501039964767436 0.9969736377007385 -0.059943413084035634 -0.29354208155464395 -0.9380669268766663 -0.06701353341956712 -0.3399112046384942 4.53092088915375
-0.34355532601699895 0.03856228904777159 0.9383403901723242 48.0626284900375 -0.051331898117318656 0.9968918962021063 -0.05976272686417661 -0.3578800601150839 -0.9377285183895319 -0.06869859641917783 -0.34050804491084813 4.207641100307163
-0.34302161477427306 0.037714600341634055 0.9385700723540684 48.984828025997864 -0.05429225304400116 0.9967271827852487 -0.05989385908745307 -0.423520489038983 -0.9377571770224191 -0.07150197212701447 -0.3398513571032067 3.881527635968802
-0.3428845641325978 0.03745340988572547 0.9386306077299686 49.90484973112434 -0.05538451536356395 0.9966606382426614 -0.06000106362118985 -0.4949889687683521 -0.9377434250036316 -0.07255903986177577 -0.339665209576718 3.5527451770295944
-0.34168963629074717 0.03667425508053661 0.9390970085490556 50.817678996408944 -0.059623264443763896 0.9963794862367095 -0.06060516268223508 -0.5603824293314977 -0.9379196440999443 -0.0767001852733024 -0.33826590545083796 3.232248380932604
-0.34075442577271997 0.035318206470328746 0.9394887149976967 51.70067802218384 -0.06162239293599268 0.9963062165531853 -0.05980471174013016 -0.6254682168085475 -0.9381306422909053 -0.07827226296202999 -0.33731936031846255 2.924436559973927
-0.3390578715173225 0.03375966931306339 0.9401595845865826 52.62635986183323 -0.060465490009645406 0.9965076040788298 -0.05758923103292625 -0.6920835919173243 -0.9388203684837885 -0.07637329206563569 -0.3358324522422167 2.5973021501256137
-0.3368571295459593 0.031908003399248305 0.9410149592823327 53.53917794662486 -0.061028653567271496 0.9965840793058731 -0.0556388022681218 -0.7615030459477534 -0.9395758499013385 -0.0761712031750763 -0.33375914982070315 2.2786150459627925
-0.3346891147596785 0.03152617328944577 0.9418010919823286 54.419975087033905 -0.062186698547750656 0.9965226044890168 -0.055457310304036285 -0.8277777034643535 -0.9402744338676418 -0.07712845869165816 -0.3315647596997234 1.971427619566918
-0.33331187784966676 0.031199539505032268 0.942300260436663 55.350408290816006 -0.0635514897944854 0.9964357087561254 -0.0554714923233525 -0.8938006353958864 -0.9406723128854333 -0.07837389265790151 -0.330141080025521 1.652245571536663
-0.33099390103369225 0.03115646928696368 0.9431183976044943 56.2567440103241 -0.06590401825020607 0.9962509943301205 -0.05604120515052173 -0.9630742503850667 -0.941328687471584 -0.08070458919923233 -0.3276996665015213 1.3446386572187436
-0.3310609470363161 0.03209138435606283 0.943063514508715 57.152248761942055 -0.06959719765404791 0.9958689547833164 -0.05832027929878786 -1.030478895048901 -0.9410392549868052 -0.08494214471566328 -0.32745984887461005 1.0422972862302726
-0.33181009562387637 0.03384118779152803 0.94273900653942 58.061447179775705 -0.07416547216750927 0.9953271949640166 -0.06183249714537602 -1.097668407644115 -0.9404262561095603 -0.09043533034119496 -0.32774976406678685 0.7356754511124957
-0.33488422927131245 0.03318053877464489 0.9416748933851766 58.96090353958516 -0.07857826627957032 0.9949152385821862 -0.0630009849561792 -1.1688062582081507 -0.9389771078433469 -0.09509321681159 -0.3305741536517456 0.430390266158949
-0.33916906527132673 0.03190243197879476 0.9401843329883843 59.87122138191996 -0.07932936656507386 0.994894966109076 -0.06237674255044963 -1.240307068364899 -0.9373746298910373 -0.09574048905588119 -0.3349067959776003 0.10943636967122627
-0.34298482415197756 0.02960171151741113 0.9388744053794826 60.75874786129456 -0.07807597738786982 0.9951463933572589 -0.05989822654276712 -1.3106808331007973 -0.9360905683513567 -0.09384771954224451 -0.3390089281720386 -0.20495056960524483
-0.34725236581818647 0.028116674900765484 0.9373501197664603 61.63245012857432 -0.08021090351122752 0.9949968385062009 -0.05956091269094432 -1.3780460857444243 -0.9343350605599606 -0.09586836785504596 -0.3432597422553724 -0.5155604923373955
-0.35160110018812374 0.029998273220713998 0.9356691562460936 62.5170849324572 -0.0809939975334284 0.9947638618665937 -0.06232841637500301 -1.4533719888444716 -0.932639608160653 -0.09769832510353564 -0.34733038819243534 -0.8321294410981197
-0.35577716823367267 0.03217667222132504 0.9340167387838352 63.373358351190895 -0.0823362659951336 0.9944418596844655 -0.06562108662069704 -1.5206689646575406 -0.9309368108876177 -0.10024993502274118 -0.35115040176871315 -1.1512577167027285
-0.36093393599017937 0.03386032330442762 0.9319764870190435 64.20945995241428 -0.08414557193451681 0.9940820997318589 -0.06870445194099253 -1.5891520370050363 -0.9287874980717876 -0.10321946278884972 -0.35594876868326303 -1.4641746168824192
-0.364396517936549 0.035233105208213364 0.9305771359823459 65.03294329443153 -0.08599036536376468 0.9937416264554295 -0.07129682261029822 -1.6562311020471099 -0.9272652451053717 -0.10600098182142013 -0.35908628081920707 -1.7752135599815584
-0.36617492564146564 0.034612836974781735 0.9299020783652568 65.86298383556306 -0.0861857855029521 0.9937511266389218 -0.07092748889614453 -1.7320334553841283 -0.9265462396495417 -0.106116209037219 -0.3609036103599727 -2.0926984253168275
-0.3681578150293427 0.029598056212634526 0.9292920844929509 66.73221225259181 -0.08482049450317863 0.9942561254864168 -0.06527051895744615 -1.8039577883816105 -0.9258862278622877 -0.10285286578978642 -0.36353264097433063 -2.4265289775752965
-0.36878099362672007 0.023232115355814355 0.9292259399929509 67.55303692401833 -0.08275242587330436 0.9948974384716096 -0.057715881130871324 -1.8728152063332701 -0.9258253694686555 -0.09818022071030262 -0.3649767520123767 -2.7425227664215686
-0.3695574175820921 0.020959621408120528 0.9289714793148839 68.36735088831715 -0.08304091794837865 0.9950003578131592 -0.05548417700548846 -1.9401605158393214 -0.9254898816607052 -0.0976472335609872 -0.36596925652510776 -3.053856530241295
-0.3700039012819804 0.026616587878339867 0.9286488412127748 69.18872771482806 -0.08352905891551345 0.9945879738236196 -0.0617872045177322 -2.005510464102639 -0.925267533934269 -0.10043067049035367 -0.36577817194585965 -3.3728365480466427
-0.36852601956351055 0.03166277426240426 0.9290780600308477 69.9995033998674 -0.08474854318156536 0.9941137074138646 -0.0674953417686276 -2.0738061828978607 -0.9257463245043307 -0.10361180173064034 -0.3636733935949304 -3.6873763858388973
-0.3673616029523939 0.03474781366036603 0.9294288795395116 70.82777356155987 -0.08167892509427399 0.9942356842716988 -0.06945471413972373 -2.1438565916379986 -0.9264847574956059 -0.101429746951332 -0.3624058506173667 -4.012764965791368
-0.3645134860635749 0.03444350166388741 0.9305608866006081 71.6368628810433 -0.08108889663144508 0.9943455206590618 -0.06856804203383829 -2.213530976096805 -0.9276607727617219 -0.10045213157713073 -0.3596593665410871 -4.323180476991691
-0.3604005937085741 0.03275110704923592 0.9322224933145289 72.41654253023154 -0.08252498057211956 0.9943451610626184 -0.06683807487448114 -2.279872215879393 -0.92913994620621 -0.10102012501677547 -0.35565980192526186 -4.613289571325061
-0.35660000746162335 0.029066800863615908 0.9338048809927721 73.25420352139797 -0.08517860032479782 0.9943415009182041 -0.06347901699334847 -2.3457143916968173 -0.9303660788770616 -0.1021768106729133 -0.35210631723335095 -4.918022605998966
-0.35331047628394824 0.024729133015480673 0.935179222036243 74.08985286500304 -0.08771511149400661 0.9943710402421928 -0.059433101410356334 -2.4124440614633222 -0.9313848648993627 -0.1030276870941126 -0.3491525871713312 -5.217164879204819
-0.3521686587709237 0.022365928226049756 0.935669279731934 74.91320333797134 -0.0927821112719172 0.9939557633311957 -0.058680664350581224 -2.4768683439716574 -0.9313263206886265 -0.10747886208593385 -0.3479649100086078 -5.504325874408744
-0.3498970271565231 0.0205117031784572 0.9365635805537958 75.74186537214933 -0.09855094445792324 0.9934066081907582 -0.058574927651556946 -2.5364297693392337 -0.9315899214426265 -0.11279441845965904 -0.3455685712429137 -5.790924813136219
-0.3458920793141886 0.019420032742838565 0.9380733083272191 76.53299561419794 -0.09922078341773072 0.9934228605436648 -0.057151170479826735 -2.5989610053122383 -0.9330133469600951 -0.1128445057479961 -0.34169022800895504 -6.0656341322983724
-0.3429393570711112 0.021512944335932045 0.9391111705211753 77.32326303591041 -0.09729797681979005 0.9935468287972689 -0.05829067415690144 -2.6637264310833952 -0.9343049293878464 -0.11136378321918462 -0.3386331447284538 -6.344661536195892
-0.3380336975069073 0.02342045881632386 0.9408425487076155 78.1571590212296 -0.09794821393004818 0.9933859936772562 -0.059920071376494015 -2.729086412627048 -0.9360231657057012 -0.11240885051757935 -0.33350394838381486 -6.634349794993485
-0.33079131408635126 0.024771246028770497 0.9433787637503862 78.94882271194452 -0.09542866027583476 0.9936532671340466 -0.059552963921157 -2.7875116214192452 -0.9388665918664826 -0.10972497475058918 -0.3263279831595787 -6.9085261229544335
-0.3214454146838083 0.025694789797642163 0.9465794330937102 79.76761702909242 -0.09286496779034792 0.9939577015264284 -0.05851653897486745 -2.852441767142822 -0.9423634877986585 -0.10671394170189069 -0.3171169997183899 -7.178345431409969
-0.31041424594194034 0.02589665324292801 0.9502485776190946 80.5705282306199 -0.09723022916765589 0.993521211379278 -0.058837786119617354 -2.905745272502671 -0.9456158196922798 -0.11065697397935778 -0.30588520012813647 -7.432597167823974
-0.3005328788027504 0.025557611684218905 0.953428968116414 81.4015522585973 -0.09999131305158523 0.9932879456393056 -0.058144598733396155 -2.968194544528293 -0.9485155381293188 -0.11280897806755653 -0.2959601466322828 -7.686466453003976
-0.2886542325371077 0.022781328829772615 0.9571623399900162 82.21846535166137 -0.1020599230114494 0.9932886142040109 -0.054419674820532817 -3.024339082282661 -0.9519782067638474 -0.11339638419907966 -0.2843919019544409 -7.922566442251507
-0.275974133276293 0.021202096512001396 0.9609311884135588 82.97567610095334 -0.10613766347132689 0.9929702727535494 -0.05239116166481693 -3.0746947163963094 -0.9552869067223974 -0.11644959652672653 -0.27178376940780774 -8.12823458748404
-0.264264999470746 0.02103869538349952 0.964220609275329 83.77410577529209 -0.10780920733990289 0.9928517659110889 -0.05121079710348126 -3.1277583983105877 -0.958405543007483 -0.11748508085621942 -0.2601078063202624 -8.345073907250129
-0.25047994665722134 0.021884132605198912 0.9678744138898981 84.55391725284852 -0.10861782792793936 0.9927971240547593 -0.05055727370829582 -3.1836951678956313 -0.9620093366380663 -0.11779199976533658 -0.24629876372501508 -8.544192604390096
-0.23786815805037098 0.0247220738194825 0.9709827796885937 85.31873965775405 -0.10957139776834024 0.9926117640168166 -0.05211520628872442 -3.2375174594879397 -0.9650973257536342 -0.11878848850578154 -0.2334018997816769 -8.727025884132624
-0.22677671725089749 0.031796141318271985 0.9734276171910138 86.11127985393397 -0.1095918164392507 0.9922863452626434 -0.05794344462362922 -3.2959694876773664 -0.967761310593915 -0.1198199248980506 -0.22154284306872435 -8.907689927004196
-0.2136872127932078 0.035221453686361835 0.9762669841231392 86.93340476019247 -0.11503894878525528 0.9914893171394978 -0.06095058868161798 -3.3526382052911305 -0.9701050537704944 -0.12533308900075762 -0.20781674968701258 -9.077226974944459
-0.20217591143026176 0.032989974351663516 0.9787934217339322 87.78058967730549 -0.11816241425688373 0.9913095407228301 -0.05781901355848598 -3.409348759644877 -0.9721947051359245 -0.12734620553502318 -0.19652073488948713 -9.243201190345465
-0.1889044260687957 0.030016769966086557 0.98153660722992 88.60269451623235 -0.11925373527281476 0.9914336958879153 -0.05327075446725313 -3.466021643276131 -0.974727482138008 -0.12711498801806181 -0.18370660136769085 -9.39158197593726
-0.17776250079249456 0.031019050642648767 0.9835844202757724 89.37931527001254 -0.12182270685942403 0.991121155445834 -0.05327366442397053 -3.5186085812405246 -0.9765038255969309 -0.1292929763171371 -0.1724053504669012 -9.515043997446174
-0.17062040745818047 0.0367113065909776 0.9846527085867323 90.20100557297039 -0.12486649553320844 0.9904436430648595 -0.05856405216226605 -3.5749385153554623 -0.9773929787204634 -0.13294235548083472 -0.16440588574363052 -9.642632485269987
-0.16628620651220244 0.043506017487966765 0.9851173148240358 91.0521746604645 -0.12902634648685027 0.9894770507474411 -0.06547799597117943 -3.6391944842021795 -0.9775996621501242 -0.13799417555275026 -0.1589229627130085 -9.768071957388644
-0.16358867529828153 0.04621363648377849 0.9854456073863737 91.86877743112768 -0.1322721796027225 0.9888553466661654 -0.06833135351274161 -3.70402307339329 -0.9776209980443847 -0.14152527397141232 -0.15565275779766358 -9.885187648559642
-0.16184979502744906 0.04566378884436703 0.9857583183711665 92.70238300099997 -0.13663918927913388 0.9882694442316458 -0.06821464323160747 -3.770920976104736 -0.9773097645080162 -0.14573374347230475 -0.15371174389367498 -10.004593381394276
-0.15836234209843963 0.04519622233655065 0.9863461208377119 93.51556592777187 -0.14146492864437615 0.9876073012966569 -0.0679668477213454 -3.8341306580710355 -0.9771944753060869 -0.15029677279316436 -0.15000612493902227 -10.11880353613609
-0.154534026869996 0.04204667327803573 0.987092352217154 94.30918078342675 -0.1465244105884293 0.9870701947859286 -0.06498482643650547 -3.8947908158986735 -0.977061836139892 -0.15467549201964567 -0.14637506798435235 -10.226039951590575
-0.15039640935560872 0.03830819252623382 0.987883293936239 95.09405032985637 -0.14868035154374834 0.9870076932741236 -0.060909494190324986 -3.955181499893079 -0.9773817438021686 -0.15603940464852725 -0.14274673754298406 -10.332125876023019
-0.14733563408583178 0.03549308358254324 0.9884495191694556 95.85551708595621 -0.15109960379558887 0.9868180660600143 -0.0579570032902729 -4.0100255473241 -0.9774769156667289 -0.15789346254793213 -0.14003047462350054 -10.430486659930517
-0.1454908141446682 0.03552134232253307 0.9887217289202901 96.64515451922992 -0.1580576300109537 0.9856853239849548 -0.05867050090118278 -4.065780936732597 -0.9766525526485059 -0.16481103215586218 -0.1377937410947147 -10.526326623309137
-0.14273737605590492 0.03622895928621031 0.9890973177527647 97.42606341026713 -0.16669272290190873 0.9841752984869692 -0.060104225971494035 -4.12244178334249 -0.9756226614876382 -0.173454444616225 -0.1344394958137462 -10.618179922457617
-0.13750278043668107 0.0377551120151937 0.9897815601883589 98.20948074495264 -0.16927367993893905 0.9836771648035916 -0.06103815793335615 -4.184337598110516 -0.9759300213909353 -0.17593688345735775 -0.12886739846524642 -10.714987573046248
-0.1331810861012248 0.03967590058828645 0.9902972388214594 99.04675389286761 -0.1713887484139186 0.9832227178711551 -0.06244184477711586 -4.25020952394496 -0.9761601790802618 -0.17804187702494972 -0.124146666501457 -10.812950295513309
-0.12727481660569795 0.036618910518331826 0.9911912915529657 99.86531543408464 -0.17624657865787113 0.9825803662656754 -0.058931887298863936 -4.310245957402789 -0.9760831238011345 -0.18219461907987722 -0.11860377822378865 -10.904349657101674
-0.1223359497796847 0.03312897311660917 0.9919356766100017 100.69804665569427 -0.17825885128726016 0.9824566425872792 -0.054797147497641044 -4.367394752607278 -0.9763491677311192 -0.1835249753476914 -0.11428423379618174 -10.987464507948092
-0.11637700026345577 0.031040397648108967 0.992719944155212 101.4941921412561 -0.1797896534869854 0.9823406735302791 -0.051792679281029666 -4.419430569263705 -0.9767968439285161 -0.18450825141961846 -0.1087411184849848 -11.064135334141056
-0.11154433441398637 0.03481813957876102 0.9931493133544498 102.27892348352259 -0.18292460740289884 0.9815896419543667 -0.05495782759892978 -4.469538528490574 -0.9767786082151044 -0.1878016825381825 -0.10312166876651885 -11.137847480391711
-0.10772187304361452 0.03667603489169123 0.9935043364437817 103.0936768722601 -0.1835438016614389 0.9814076868490849 -0.05613042904873365 -4.527209054579442 -0.9770914342781036 -0.18839803782988823 -0.09898741537289585 -11.21042673116836
-0.1038022451332003 0.03768917850858583 0.993883604718709 103.90682134638045 -0.18485740095695377 0.9811391684250883 -0.05651259588415801 -4.580070395945865 -0.9772680467593049 -0.18959287435310979 -0.09487732488734552 -11.278504573011967
-0.09864859898122563 0.03647612265386693 0.994453591876052 104.7365228096629 -0.18551826959014725 0.9811343516737296 -0.05439076772805718 -4.639735762608521 -0.9776765444498088 -0.1898548825864378 -0.09002054204886317 -11.34605728781945
-0.0901490418372431 0.03524314455649011 0.9953045117036281 105.56737876627288 -0.18593086387283234 0.9812078005343894 -0.05158455224162002 -4.6990051584369406 -0.9784185526222045 -0.1897081256357684 -0.08190215474842072 -11.409500683289354
-0.08279138852258283 0.034952103631777504 0.99595378228019 106.3574859257882 -0.18633671171472369 0.9812166719918592 -0.04992466797650366 -4.752872502664627 -0.9789914278755696 -0.18971608539323612 -0.07472343065745601 -11.465214448221206
-0.07705504153951759 0.034831616580385985 0.9964182249737008 107.16314025578943 -0.18707676270612122 0.9811342018039195 -0.048764361023021535 -4.805875017055145 -0.9793185413483916 -0.19016423569373644 -0.06908515060616305 -11.514817398867153
-0.0698920077768892 0.0347050087124927 0.9969506856505899 107.97594422807218 -0.1928640821135073 0.9800683891301606 -0.047638203768893383 -4.852012010902722 -0.9787331368046295 -0.19560550860872528 -0.06180559782489237 -11.556139208822831
-0.06316149362625273 0.034383987287163825 0.9974108316742589 108.7691606997884 -0.19778129467854258 0.9791531021728099 -0.0462791743729556 -4.897423673094382 -0.9782091725179132 -0.20019226739212254 -0.05504426290014769 -11.593785516477114
-0.05951940212647189 0.03410835465343065 0.997644255691047 109.5739492653923 -0.20032451543880297 0.9786766112818528 -0.045411221565577586 -4.947719670863827 -0.9779200014749243 -0.20255545085903018 -0.05141750716029414 -11.630697719785156
-0.055713280884538974 0.0342425634400661 0.9978594476087971 110.39797271759721 -0.20474586502457817 0.9777808922446783 -0.044985081044032316 -4.993360187263648 -0.9772283055092182 -0.20681386222943082 -0.04746435822096762 -11.663415759968597
-0.052812661547678996 0.03528624503314891 0.9979808132883674 111.20038418740653 -0.2081974658094894 0.9770249882916962 -0.045563005652807465 -5.035631880614153 -0.9766599398003162 -0.21018337984976798 -0.04425278323644016 -11.693509926802172
-0.049093962276277325 0.03381051198790645 0.9982217349602898 112.0355609292939 -0.21134510782198862 0.9764444950914792 -0.043467153176373466 -5.082255587908003 -0.9761777646861904 -0.21310325498373306 -0.04079184290529908 -11.717103820401483
-0.04456206164207793 0.031763771151517003 0.9985015200311123 112.85073949470095 -0.2134748233586432 0.9761054692795323 -0.0405784750154574 -5.125685524936118 -0.9759317201803637 -0.21496319611695874 -0.036716506655429415 -11.736420493412679
-0.041625998378962414 0.03056154648294153 0.9986657439481571 113.6778801454348 -0.21517741222877923 0.9758026687877464 -0.0388308234942048 -5.172684715147783 -0.9756874281887008 -0.2165066822601166 -0.03404260582323704 -11.75510304081392
