1.0 0.0 0.0 0.0 0.0 1.0 0.0 0.0 0.0 0.0 1.0 0.0
0.9998959014408544 -0.00515473665065457 0.01347645991510754 0.02459621988236904 0.005154803089512534 0.9999867134700876 2.9806058576623406e-05 0.00187240622472018 -0.013476434502102322 3.96655413972164e-05 0.9999091879464631 0.35666021704673767
0.9996499104641701 -0.010181547112690379 0.024421150819911024 0.04501912604316752 0.010191977867347815 0.9999480146329185 -0.00030268603536690866 -0.001111953225911358 -0.024416799465291655 0.000551479896804981 0.9997017133994495 0.6976827083576429
0.9994060525879203 -0.015421104298394028 0.030817715568313638 0.06092608427065374 0.015448186536395238 0.9998804642637278 -0.0006408716635485526 -0.0007939477701313989 -0.03080414880122748 0.0011165688382073933 0.9995248159453879 1.0321840474289448
0.9992823674419838 -0.019262809836921517 0.03261432624983429 0.08022195624320361 0.019320072022413974 0.9998123108628909 -0.0014414798141899735 -0.0009194607101348151 -0.03258043794353856 0.0020705564934528926 0.9994669718701137 1.3908758641544114
0.99927452472471 -0.023396266322864727 0.030050606622072706 0.10155848956510131 0.023512488785142442 0.9997173463313956 -0.0035199879603650605 0.0024295922926268003 -0.029959758132093207 0.004223998847318709 0.9995421805638842 1.725791214678041
0.9994239421381499 -0.02784097702019897 0.019407830368198684 0.11710887728738195 0.027946926805028804 0.9995958340522355 -0.005209398004579241 0.0017711734924062705 -0.019254951653909304 0.005748786304647661 0.9997980787603211 2.066384774693524
0.9995598517677421 -0.02962093795034164 0.0016440100338987085 0.1107092098818687 0.029629638158229 0.999545552320605 -0.005547375839904435 0.000708370092276188 -0.0014789444418128674 0.005593645594667748 0.9999832617860658 2.430937921741229
0.9993449191091848 -0.030941473214054018 -0.018771198310206443 0.09928067809427725 0.030846598550512323 0.9995099564648552 -0.005322995912735759 -0.001546571807426239 0.018926700941280034 0.004740481301244444 0.9998096357949908 2.821860356874099
0.9987435795705873 -0.0326828625869074 -0.037988060751444654 0.07518714704938445 0.03243606409215908 0.9994486282104842 -0.00709516133650373 -0.004908492218456364 0.03819900538940078 0.005854063657579876 0.9992530039614361 3.2189190610039558
0.997666012098298 -0.03456842829598308 -0.05888592420115632 0.04360581778907876 0.0341176362776418 0.9993804428697061 -0.008643917189366964 -0.008261644968191638 0.0591482476385006 0.006614693847455831 0.9982272940701427 3.646923323938832
0.9960342628092397 -0.03810755136936388 -0.08039628000527124 0.0005319506912658881 0.03745972734940713 0.9992524908019192 -0.009551358702750326 -0.015996284238663023 0.0807001619388881 0.0065018577954164825 0.996717216520436 4.099863714711682
0.9939329595672678 -0.04205720170137002 -0.10162904934566108 -0.04982031837539645 0.04124923768587721 0.9990984477005992 -0.01003953149243677 -0.020967682734282445 0.10195966004350224 0.005786500436697549 0.9947717045315021 4.540818694489299
0.9916771427185801 -0.04396990834368451 -0.12100864336798962 -0.11493780630675007 0.042955715822180746 0.9990166582071741 -0.010978301452170153 -0.03084271021837047 0.12137236542029396 0.005688917719448355 0.9925907440266931 4.996537593794223
0.9891555514082473 -0.04578980421504499 -0.13955138461582522 -0.19074704440036738 0.04457848231051232 0.9989362498337239 -0.011795239846106243 -0.03751214340948503 0.1399430385304588 0.005446338043463686 0.9901445770031662 5.451744965038965
0.9867265385892507 -0.0484972175610468 -0.1549798629903655 -0.2680273959249849 0.04699627831484543 0.9988060353550705 -0.013336174970327887 -0.049967763166807386 0.15544158989224718 0.005875680992200409 0.9878276107219561 5.940236398333864
0.9841066052959517 -0.053236952475092615 -0.169410791580828 -0.35563208969754245 0.051431835612586844 0.9985634167922551 -0.015028936412698056 -0.0623623965867013 0.16996751365598622 0.006076967610725645 0.9854309284603668 6.452145139284297
0.9814376828882257 -0.05763923931004351 -0.18291471427621742 -0.44296753694934904 0.05528627494793064 0.9983093367213887 -0.01794146084584955 -0.07428519658486207 0.1836395992409386 0.007495752574683277 0.9829650610698057 6.936724602608378
0.9788202789315612 -0.05989486075332507 -0.19576380464141213 -0.5526929633613741 0.05690028116469872 0.9981612843851143 -0.020890389130835053 -0.086009773767472 0.19665507762506262 0.00930892099006532 0.9804285412177074 7.4637277327641804
0.9765628484407763 -0.06253610823692851 -0.20594717335233514 -0.6712827798196404 0.059156164154150266 0.9979943550332913 -0.022534763461203946 -0.10187789256694219 0.20694335284759657 0.00982356800069847 0.9783036063635517 8.019526778328233
0.9744359535160961 -0.06540274813922846 -0.21493499722244688 -0.7871429338601853 0.06123124618663194 0.9977844762493795 -0.026016791619715908 -0.11761184390591528 0.21616037330095603 0.012190959420336753 0.976281759290218 8.558933306042514
0.9713910738028255 -0.07156500706037476 -0.22644608961216786 -0.9158732065678895 0.0668000285026427 0.9973550839606796 -0.028645989070577832 -0.13391054331813285 0.22789720912779862 0.012699852843007802 0.9736023704826967 9.127418085013177
0.9682313762636552 -0.07657246824441874 -0.23804339756764065 -1.049984355197862 0.07135180163816437 0.9969852717330939 -0.03048423117411743 -0.1578540363008421 0.23966001423177874 0.012530963819534143 0.9707760053298481 9.694382832575126
0.965334667268097 -0.08110223549288813 -0.24809556136386 -1.1937964112568358 0.07505084825746065 0.9966077597698871 -0.033768970109891105 -0.1808092330036481 0.24999270058589376 0.013978575195749462 0.9681468117435851 10.275683871802167
0.9622544694360051 -0.0823935408149897 -0.259379337038248 -1.3563663975546727 0.07478968839867545 0.9964338035237943 -0.03906632442825377 -0.2032540007464638 0.26167315215677256 0.018192845491378597 0.9649850681815059 10.868848377857502
0.9588733815611765 -0.08143974194034144 -0.2718996259028785 -1.5365400027073646 0.07253370222500942 0.9964530451700587 -0.042663694317896225 -0.2320710333577959 0.2744097304669941 0.021187194340162654 0.9613794269803282 11.475584240825691
0.954878768376564 -0.08490773617255981 -0.2846000949432506 -1.7223772272581737 0.07514856914591989 0.9961538564553651 -0.04505759452550472 -0.26587512673004904 0.2873312204738239 0.02163725045274633 0.9575868624484507 12.091576807953428
0.9510247747845991 -0.08867187034028058 -0.2961235842621441 -1.9116592760786033 0.0778857389847299 0.9958037369013273 -0.0480492376230348 -0.2965000643613011 0.2991415875613172 0.022632211197954322 0.9539402987648579 12.697493158448568
0.9472052872113513 -0.09114070424826143 -0.3074012295160719 -2.1083926206380506 0.07902706644107238 0.9955332764405139 -0.051654799092958295 -0.3295500746768021 0.3107360079691121 0.024634681421656257 0.950176965529408 13.3089266663661
0.9437899769338248 -0.09353139027541471 -0.3170368408756288 -2.317283117222102 0.08000758193316748 0.9952512588208567 -0.05544112777269117 -0.36558978922592966 0.32071680073307385 0.02695942967958398 0.9467913829766796 13.936876851628577
0.9403812952083386 -0.09650128640873458 -0.3261449391662347 -2.5298582885958694 0.08108676544602499 0.9948651654678377 -0.06056598887290731 -0.4028788827441068 0.3303149347089666 0.030509084878297836 0.9433775700365681 14.555674338113992
0.937549789211952 -0.09975906556313342 -0.33323943582144494 -2.759267380318016 0.08186115931614098 0.9943646168721662 -0.06736289266419376 -0.4440749413420243 0.3380815631530975 0.03587669927182198 0.9404327297076157 15.209681406891976
0.9363377650268904 -0.10240582957917553 -0.33583423865450157 -2.9864214642326576 0.08178237113777022 0.9938220755122575 -0.07502883442778945 -0.4866285388244369 0.3414428701196319 0.042787010794276034 0.9389281325808481 15.833748312558551
0.9346372330870093 -0.10685933561913137 -0.3391671047116706 -3.2306079494992295 0.0836304381986158 0.9930820763683983 -0.08242535655087121 -0.5355945676590818 0.3456286914221199 0.04867311359332364 0.9371081771487028 16.49553736930103
0.9325694560597894 -0.11111921117272663 -0.34346285175066577 -3.4815069593752197 0.08518706852486019 0.9923153978674545 -0.08974026137301268 -0.5890490974225066 0.35079534344185587 0.054430433247465895 0.9348689506856048 17.177200814313625
0.9309404977552966 -0.11407824240291464 -0.3468947163757074 -3.7404703517691162 0.08544237929266887 0.9916290520059718 -0.09680611054342188 -0.649907947625515 0.35503434969017905 0.06048121880385145 0.9328947597194832 17.84823819040134
0.9295287741398686 -0.11739880447188689 -0.3495622673496171 -3.99763545028507 0.08658666791707814 0.9909509921675915 -0.10256159154909752 -0.7169807239429593 0.3584396838870539 0.06506651850712433 0.931282632278897 18.523677510816096
0.9288489313164208 -0.11922413220771126 -0.35074958174125004 -4.257150930533214 0.08677179675144715 0.9904774647439744 -0.10688801206344467 -0.7896858533696592 0.3601531869647542 0.0688476443581604 0.9303492267882333 19.19259898350555
0.9283754130338289 -0.121275033945344 -0.3512996706742314 -4.544339056347559 0.08742412470386018 0.9899978591857874 -0.11073057945898171 -0.8761886494232003 0.36121477668283686 0.07208748122325834 0.9296920351153143 19.934431974940274
0.9278630114064561 -0.1226704601773381 -0.35216784388075983 -4.82820986922042 0.08788540114475976 0.9896798055785014 -0.1131814414810338 -0.9593981868762647 0.3624174227729232 0.07406646089816989 0.9290682273335218 20.667786057468987
0.9269240712834389 -0.1251690461370115 -0.35375765145715976 -5.122800119737713 0.08964673956096308 0.9892952505872802 -0.115144992299013 -1.052211842382771 0.3643833532989995 0.07501744500182338 0.9282225782558703 21.41630563437907
0.9251381765881317 -0.12747811927507752 -0.357587308674785 -5.426154842847555 0.09173582940670932 0.9890892158312589 -0.11526951344292397 -1.1494779662286922 0.36838009151181067 0.07383665913619342 0.9267385046200226 22.188046545464267
0.9224280574752801 -0.13007510381472434 -0.3636027312190741 -5.728396633003241 0.09428325505475604 0.9889285401046243 -0.114590620832669 -1.249344945990303 0.37448250506353614 0.07141995473343132 0.9244793364198107 22.95837077387235
0.919708733790148 -0.13306386331614473 -0.3693641201707402 -6.050598354208483 0.09707166573715567 0.9886733516301238 -0.11446438523606975 -1.3510302856227512 0.3804115359727365 0.06941910440102073 0.9222082472213223 23.752760256559938
0.9148107762728447 -0.13573578548071435 -0.3803906415187012 -6.4219941887515635 0.0992735672420277 0.9885098368313063 -0.11398711038879392 -1.4698859707111596 0.39149202094310703 0.06651390101082616 0.9177744268120593 24.654696877882543
0.9099460384843413 -0.13967660750213975 -0.3904979543651247 -6.755138407437397 0.10416030686445485 0.9883680766098177 -0.11081144170396928 -1.5740226148346703 0.4014334783255582 0.0601580456406521 0.9139103741747004 25.45358216075003
0.9060533194277622 -0.14075235724569096 -0.39906911216444063 -7.0697008563035695 0.1055424863497225 0.9884236225614542 -0.10899323803617633 -1.6679817138255897 0.4097903926753922 0.05663493879464645 0.9104198579659137 26.164286399810393
0.9017455562077303 -0.14190909628848886 -0.40830963771407064 -7.409783100583337 0.10713134574816793 0.9884759374820077 -0.10694950106126118 -1.7702674383834682 0.41878135896646324 0.05269847635037091 0.9065566965019628 26.927235203400617
0.8974490882201197 -0.1432351433226466 -0.41721556511019225 -7.781095739777612 0.1078131320825502 0.9883526740601465 -0.10740260810943424 -1.8735092580943489 0.4277399474019545 0.051407055892153594 0.9024388356011029 27.729435214265767
0.892561580038467 -0.14784903722295628 -0.4259982253853649 -8.169923756410528 0.11172610717372128 0.9877727704543293 -0.10873008288778727 -1.9776430452829403 0.4368650853696613 0.049453171194816535 0.8981666220939937 28.55185197730843
0.887997792737843 -0.15015728244490267 -0.4346408984684723 -8.570169500002892 0.11339855107504025 0.9874997908995693 -0.10947571231733776 -2.0871908778653165 0.44564637180930866 0.04792654277192056 0.8939252529105165 29.383436695924352
0.8835819026880881 -0.1525820671231535 -0.44272083081161173 -8.988193631049258 0.11553476354747097 0.9872315272570489 -0.10966143352038146 -2.1940728949125776 0.45380033016088495 0.045745211576082474 0.8899284442941081 30.218921933675844
0.8790718824712862 -0.15581608337826885 -0.4505041327324819 -9.396279634547703 0.11904695125181736 0.9868833896810896 -0.10903668451126955 -2.3038164020085072 0.4615847147014692 0.042219939983603426 0.8860908688287812 31.027027479772837
0.8747874545657156 -0.15888430499868456 -0.4577146348539899 -9.824778733068442 0.12281528658477509 0.9865644255126885 -0.10773597214449192 -2.4164553658975696 0.46868253084101175 0.03803172278380447 0.8825476040115685 31.86302092537636
0.8699873473929396 -0.15996724179337382 -0.46640379171831065 -10.270936981879936 0.1253979594774474 0.9865902639732413 -0.10447489072548895 -2.5272832619870464 0.4768620000955092 0.03240574927741481 0.8783806124219046 32.70592995557659
0.8643022770428064 -0.1616312240357457 -0.4762949940061583 -10.729297682055808 0.1278822405267505 0.9864581549444645 -0.10269586701236322 -2.6389665589821383 0.4864439396852202 0.027850600716488032 0.8732677925947187 33.553376402403565
0.8588241630075905 -0.16386761918503764 -0.4853539537460668 -11.200249642077262 0.13054589458330498 0.9861852933073088 -0.10196242774582259 -2.75293568476843 0.49535727151396125 0.024206830585703665 0.8683520040347916 34.412911441926205
0.8550793191674655 -0.16648150976099285 -0.4910430376655434 -11.652232913600926 0.1330019678934073 0.985789330337457 -0.10261516812493825 -2.8567069046371816 0.5011485153810045 0.022434417766653406 0.8650704378435818 35.21370299003044
0.8515317341109219 -0.16964844523271877 -0.4960978843254298 -12.150858529410275 0.1368513403090208 0.9853213947564103 -0.10204636049809399 -2.9719015242309177 0.5061278657193959 0.019004053920245602 0.8622490530449574 36.09920833165535
0.84818929007404 -0.1740970987425079 -0.5002650581573107 -12.64820959586237 0.14184932661214011 0.9846036545853017 -0.10214896924076304 -3.0854730194450055 0.5103466437073712 0.015679400074920122 0.8598258310087643 36.97469684978018
0.8455092168892975 -0.1777685484356269 -0.5035002555533982 -13.137176540939745 0.1455611372936947 0.9839759225743556 -0.10297251625415343 -3.1942005941419622 0.5137374032178436 0.013774141753151184 0.8578369038191065 37.81703054164551
0.8430113023560285 -0.18135484863214038 -0.5064013852445569 -13.655831162786944 0.14888597109125626 0.9833378351714002 -0.10430565436560815 -3.307970000644745 0.516879978053132 0.01253478352575587 0.8559661018345038 38.69394062581966
0.8408017651489497 -0.18351670145733726 -0.5092877497138815 -14.17722142803884 0.15031395257771193 0.9829358498935301 -0.10603221517326326 -3.4201721375698146 0.5200558694821893 0.012599019021430985 0.8540393183787394 39.569937179721975
0.8394570132692503 -0.1860378272464908 -0.5105897077952852 -14.713723396553018 0.15331236589516126 0.9824850437107823 -0.105917219318913 -3.5369570937897854 0.5213513607316069 0.010633236479424601 0.8532758598163168 40.47900550037419
0.8371205489272943 -0.18914731873128976 -0.5132762203535537 -15.260054404395566 0.15758006410954617 0.9819245732326927 -0.1048458672386569 -3.6576968240341556 0.5238298482894013 0.0068865302263641515 0.851795084361576 41.398598743385016
0.8356022171573435 -0.1921246069573778 -0.5146426625176008 -15.780134254048237 0.16127450746035768 0.981361008428075 -0.10450408786478538 -3.77607039507563 0.5251280490748433 0.004325105606207358 0.8510122358323318 42.261966213184735
0.8337861426061939 -0.19755834876370776 -0.5155301807184923 -16.32328419054876 0.16666712850211202 0.9802878252722207 -0.10610300608333924 -3.8991460579410933 0.5263294943994158 0.0025452812846229467 0.8502768871776052 43.16883883558631
0.8312050919209852 -0.20306508324938427 -0.517554506433426 -16.860440520746838 0.17212570018500817 0.9791651289091969 -0.10774225570339865 -4.017965291327651 0.5286500151333086 0.00047147975195797887 0.8488397606182195 44.07381115670015
0.829285143664015 -0.20613213783371379 -0.5194186098420591 -17.428044876129427 0.17559872608134938 0.9785227431029416 -0.10797374045990166 -4.147040070117551 0.5305197808722703 -0.0016682273219804158 0.847670914400654 45.0102955526572
0.8257338641558162 -0.20912730802084878 -0.5238600525200001 -18.00358932875512 0.18033908210480415 0.9778643967556606 -0.10610860956248885 -4.27988690590604 0.5344543021174972 -0.006854968828596632 0.8451695737249763 45.951314711457115
0.8227328704547237 -0.21073220800244358 -0.527922873518231 -18.562367601119476 0.1833421392026457 0.9774836173783183 -0.10445782761284768 -4.409082233424621 0.5380485887593508 -0.010849620611457347 0.8428439961621954 46.855401045781555
0.8180595466417665 -0.21386685789242027 -0.5338909488308365 -19.154124938175165 0.1872487371018891 0.9767536915646613 -0.10435581664935624 -4.539533158957771 0.5437982057730746 -0.014601133861099763 0.8390889811503636 47.802070099634236
0.8110950558041136 -0.2200409794585311 -0.5419472094300812 -19.741725663005422 0.19198815949867262 0.9753610764776524 -0.10867988362464984 -4.664497506207689 0.5525082416239908 -0.01589773101060305 0.8333558094153303 48.73459811276829
0.8028489099036675 -0.22661093917673386 -0.551435499502826 -20.333455028234226 0.19586223262421 0.9738597450460662 -0.11504426456921096 -4.793237696524743 0.5630911237960979 -0.015642225680809814 0.8262467591935221 49.65798370706544
0.7943586707195684 -0.23021368120820335 -0.5621351823513702 -20.955435495413372 0.19816152032620282 0.972986246910054 -0.11844735195814045 -4.935116315585706 0.5742180022558055 -0.01730388131187345 0.8185195547920016 50.573908373173644
0.7874289901196985 -0.2307604399744108 -0.5715813195529471 -21.571496259625526 0.19974939097240885 0.9727705497340586 -0.11754845118609279 -5.074041744591721 0.5831430067532524 -0.02161196226430727 0.8120819889406873 51.46206036761215
0.7816634964202694 -0.23159660603237356 -0.5791072356984717 -22.21575839874294 0.20169493700613514 0.9724748423766281 -0.11666976185217656 -5.218065560378774 0.5901875386266053 -0.025606503448107776 0.8068599483373997 52.362746220476495
0.7769014215424067 -0.2340266802285432 -0.5845132112677994 -22.85016799837886 0.20329157016732427 0.9718705043706035 -0.11891282619353033 -5.357000483256064 0.5958999233967829 -0.026443064792797004 0.8026232276853644 53.23027437301996
0.7724055247678481 -0.2392003678089455 -0.5883645887952221 -23.471241058410392 0.20588029222543436 0.9706459139885787 -0.12433750411861574 -5.4915721713490475 0.6008352607672717 -0.025093698359193978 0.7989789081830525 54.07704622775294
0.7697607910291306 -0.24442650753731823 -0.5896812757815162 -24.120485862428158 0.20682731931937362 0.9694518225643882 -0.1318545551346178 -5.638205339392244 0.6038963359529259 -0.02046573086150178 0.796800081126336 54.96522964761046
0.7665323122453208 -0.24845526760333497 -0.5921977661930155 -24.781495634411428 0.20961776147813843 0.9684227268723835 -0.13497339052550872 -5.793309405470478 0.6070326254467188 -0.020673704970625026 0.7944079490828697 55.85545721253607
0.761812473037732 -0.25088455550222505 -0.5972425769606401 -25.44952304882412 0.21349706774943839 0.9676864400406539 -0.1341713673770902 -5.954033062450586 0.611605067005275 -0.025296117723819768 0.7907587169557957 56.75427600902336
0.7579562186704146 -0.2517502131564235 -0.6017675637275094 -26.121480479685143 0.21747318222313294 0.9672705545485364 -0.13074054197956686 -6.11632096196001 0.614986004387572 -0.031772700216730315 0.7878976519373231 57.64778146103632
0.7541956751253712 -0.2533225496049387 -0.6058189246663059 -26.7683120521982 0.22041406199893965 0.9667263145310871 -0.12983787608502215 -6.268775547579833 0.618551958120992 -0.03560784541074253 0.7849366576035874 58.489680789609494
0.750036555175867 -0.2565943090157789 -0.6095937388791275 -27.426989724081448 0.22277934521368292 0.9658308583116841 -0.13243910479567025 -6.419489015853185 0.6227475646247695 -0.03647072406233265 0.7815723619987389 59.33555109704547
0.7459806070595493 -0.2601683321987782 -0.6130459793620482 -28.08815998082779 0.2248991646293545 0.9648708326248098 -0.13581105293357076 -6.570078442603902 0.6268439196802384 -0.03656111692512742 0.7782865700300259 60.18797350703635
0.7415112559808645 -0.265343657269719 -0.6162416740211676 -28.741233388892415 0.22859419124060998 0.9634350893383081 -0.13977669463375458 -6.721114597280604 0.6307977116197652 -0.03722327468689927 0.7750539818856823 61.01719767981591
0.7370082502084208 -0.269826377661185 -0.6196874736857003 -29.414794861319226 0.23223041853154824 0.962130512771187 -0.1427372029406303 -6.887525644819843 0.6347344892420641 -0.038711785193869815 0.7717600183047317 61.8695698577954
0.7328883107221432 -0.2726542107948323 -0.623325280525899 -30.103035423316168 0.23540805640813256 0.9612191292559054 -0.14366917738563414 -7.058879818199997 0.6383241895659203 -0.041442332081658505 0.7686512617088745 62.72712460823945
0.7279555060052454 -0.2754069173999231 -0.6278788188216888 -30.805663699367223 0.23808131184037856 0.9603300562293412 -0.14520148778478437 -7.230001389314753 0.6429603955369347 -0.04378599034876786 0.7646467921989644 63.59321572338916
0.7216214383565936 -0.2784514778160068 -0.6338195912136537 -31.50283754416379 0.23985326965818482 0.9593987773747882 -0.14840618250612117 -7.402563718808481 0.6494096617224288 -0.044930618444930626 0.7591102230820747 64.44034395289103
0.7147090763718107 -0.28109205457754616 -0.6404515539875963 -32.19546933773335 0.2409574150153624 0.9585867909361545 -0.15182519024140712 -7.573310923440524 0.6566052545486272 -0.04581070940401248 0.7528418948245597 65.26125430678314
0.708658110683035 -0.2848300604611938 -0.6455040811806105 -32.912685828242005 0.24337401881630966 0.9574222228030027 -0.15527966463177365 -7.7509426796706515 0.6622482684978119 -0.04705872863380655 0.7478052600316608 66.10877590557998
0.7010089255935426 -0.28971388192953373 -0.6516535527836147 -33.639910038240146 0.2470047599922005 0.9558409808208758 -0.15923777166420564 -7.935330126694672 0.6690105640267443 -0.04933443017514683 0.7416137668759332 66.95433465078041
0.69387777508759 -0.2942928003597935 -0.6572103018790002 -34.399751913313494 0.24976379408876687 0.9543756127023606 -0.16366195966496883 -8.13256859884895 0.6753900209522495 -0.05058594207271949 0.7357237131306394 67.81858759931448
0.68563592763979 -0.2976587137870754 -0.6643061529416604 -35.1515392693153 0.2520458229230558 0.9532024227151912 -0.1669671958108225 -8.33284456912373 0.6829174751582833 -0.052956882805862415 0.7285734627935071 68.66506640162278
0.6763388084528227 -0.30158372065087485 -0.6720216332968688 -35.89265747424071 0.2563813515032532 0.9516767013828074 -0.16905637712462815 -8.530028687097673 0.6905319824468533 -0.05795442591825282 0.7209763281374114 69.47710975467523
0.6685195039682414 -0.3055353907816872 -0.6780337733431411 -36.64893673900647 0.2600523121244422 0.9501931317391696 -0.17177254540362522 -8.733928506318046 0.6967456263033073 -0.06149095360775003 0.7146778259129225 70.29107488039926
0.6612356201695748 -0.3088806484558251 -0.6836374767583088 -37.42594476478383 0.26228770320763384 0.948975618284352 -0.17507266105219466 -8.942759467981036 0.702831854261759 -0.06354542400001327 0.7085120773308219 71.11140550048123
0.65433946156055 -0.3128146986039421 -0.6884670169165508 -38.19517701695134 0.26524681684940116 0.9475278028676547 -0.17842418262123266 -9.150541771955904 0.7081553467961035 -0.06586370115715928 0.7029779354104727 71.90820414190038
0.6470586560592506 -0.3151950540132786 -0.6942385566535203 -38.98898551311377 0.2664895516846462 0.9466139601863423 -0.1813982613567358 -9.363841559827087 0.7143517442140903 -0.06763200651981831 0.696510945522316 72.71863424046127
0.6409015150801299 -0.31683919581782594 -0.6991839328542292 -39.79472133744661 0.2684372054650245 0.9458414367510422 -0.18255257666451236 -9.586456854763734 0.7191569471889444 -0.07068875807536706 0.6912426381464326 73.52517591034041
0.6359922109642224 -0.3184493488659742 -0.7029252590422945 -40.60603836590763 0.2688899901345666 0.9452480881179971 -0.18494384313813672 -9.81096683190471 0.7233340036236873 -0.07138672226757636 0.6867982637468002 74.32075598420018
0.6302580224545221 -0.32181098648165835 -0.7065497251513279 -41.397337053355294 0.2718393119592531 0.9439127485820396 -0.18743561971466152 -10.028153695593348 0.7272401347596508 -0.07393518813123592 0.6823894594370313 75.09728513153125
0.6241848884063426 -0.326119006568569 -0.7099574766420108 -42.18010953668842 0.27445860716859244 0.9423260007470264 -0.19155725323566133 -10.245709629147903 0.7314818507907342 -0.07528679745376801 0.6776918179326923 75.85832130617715
0.6188707175435791 -0.33154543610747655 -0.7120931531502033 -43.00774096802682 0.2781388025616828 0.9403151278597472 -0.19607719609291838 -10.476891462786561 0.7346004638418417 -0.076714301889613 0.6741491484893685 76.65974260402268
0.612862940955813 -0.33484961549392267 -0.7157337148734606 -43.84737993207444 0.28160220607317465 0.9388575216802665 -0.19810792896577764 -10.713143358807725 0.7383083455695956 -0.08013918509668336 0.6696853723012968 77.4615806761207
0.6073724720494698 -0.337936584574572 -0.7189558713875209 -44.65127545666465 0.28530450909089544 0.9374227045044934 -0.19959962467871706 -10.94602269650497 0.7414175728217666 -0.08389003448297493 0.6657795767560958 78.21480974934647
0.6016628381230071 -0.3407772425895864 -0.7224075720497444 -45.49007967720437 0.28874576150466036 0.936052799618849 -0.20107471630915966 -11.19041248466373 0.7447333176613372 -0.08761294001888872 0.6615861684666515 78.99089692256972
0.5945082806032387 -0.3430591767550538 -0.7272346976996669 -46.32684514483557 0.2905228555570071 0.9349666978727356 -0.20355280461825015 -11.436902065670688 0.7497708814652537 -0.09026447315028113 0.6555119756295219 79.75676221235955
0.5891353234224612 -0.3469305648800796 -0.7297662323291625 -47.208069844247 0.29436930086468144 0.933223394089239 -0.20601167790443287 -11.698724617224638 0.7525066680132151 -0.0934520191143563 0.6519205739345088 80.56166661271632
0.5841154496426099 -0.34998141421812395 -0.7323401881575896 -48.0766886971457 0.29771128592217627 0.9317593911872379 -0.20782787870964772 -11.960936796015416 0.7551007427644182 -0.0966304643281288 0.6484484726177974 81.333779743831
0.5810584942059169 -0.35127974540211754 -0.7341481912947656 -48.92632750907434 0.2994478082158219 0.931054348510696 -0.20849175109357157 -12.213981786072404 0.7567707951988454 -0.09869316384404195 0.6461869876007721 82.08783815730742
0.575946692666083 -0.3556395371793655 -0.7360746747456043 -49.825961344602696 0.30299297690126725 0.9291483965466065 -0.2118454935640076 -12.479934126890457 0.7592632370630811 -0.10101374554839856 0.6428962280607772 82.89398792172257
0.5702657364631972 -0.3616111355120582 -0.7375868603017324 -50.71117107781948 0.3077353179107069 0.9265532623833151 -0.21632851424912025 -12.748619919455237 0.7616403113848975 -0.10361678744544993 0.6396620962922541 83.67818593578885
0.5659656505774844 -0.3664509074380261 -0.7385097255989607 -51.57528316166786 0.3125977202065362 0.9242792558771947 -0.21906739254570828 -13.013466813099962 0.7628666644231356 -0.10687183723014476 0.637662028600553 84.44569298780563
0.5580346558671797 -0.3714027429191219 -0.7420628850733281 -52.482848890053646 0.3180129778147852 0.9216903285661315 -0.22215914153828986 -13.291142768997881 0.7664626988918454 -0.11201312771193211 0.632446037561798 85.24309754356594
0.5471426843057434 -0.3758379073548969 -0.7479176093700415 -53.395203879759784 0.32335306668920333 0.9190680165992813 -0.22529264330410637 -13.572375602329863 0.7720606694252685 -0.11857423100891538 0.6243896815829447 86.02989026176807
0.5356925820421368 -0.3793107856237973 -0.7544248043738264 -54.32923158738696 0.3266732486711358 0.9169579192515193 -0.22906934086553482 -13.861840122163235 0.7786642704963898 -0.12373965504793527 0.6151182419835581 86.81626781673103
0.5222398189550288 -0.38109633913582064 -0.7629096616212792 -55.26195486558906 0.3299652024598215 0.915216402313551 -0.2313047818396538 -14.154355227160917 0.7863768413829773 -0.13093707356404605 0.6037109789485493 87.57279618840998
0.5105294860922147 -0.3832578688483221 -0.7697227096794415 -56.14525003608967 0.33142828386922246 0.9137122290434272 -0.2351281674916768 -14.434956418454579 0.7934197731856205 -0.13506801420889508 0.5934995324814876 88.26826283898362
0.5010601295841276 -0.3868719073264839 -0.7741245854917062 -57.07252166736011 0.33238914273279285 0.9119365558613977 -0.24060169549903643 -14.72953242300282 0.7990345451446367 -0.13675469061505885 0.5855270704760653 88.9820001982615
0.4887407030218982 -0.3915070911600342 -0.7796503849682045 -58.02692067552193 0.33595756477477084 0.9091961234650441 -0.24595715835637352 -15.03939086414826 0.8051490792892123 -0.14172017022126823 0.5758909215052694 89.71204482955271
0.47662268392563445 -0.3952762844622488 -0.7852308425611186 -58.9670093667456 0.33766581329572104 0.9070108065752349 -0.2516211344205431 -15.346056243949974 0.8116727269650398 -0.1452172706583523 0.565773213048899 90.40771261789973
0.4648750478816453 -0.3984258834942202 -0.7906630162204934 -59.94964669625852 0.3421295030524149 0.9044948137560078 -0.254630192690483 -15.671164341461512 0.8166018570871277 -0.15213792180233998 0.5567903193766208 91.12657125336322
0.45135528936546865 -0.4003678344639121 -0.7974860499648201 -60.923042568748066 0.3442999288372667 0.902631490978052 -0.25829043826164333 -15.997559726379654 0.8232472057434918 -0.15799363474968278 0.5452541147154386 91.81217087195286
0.43830443776732647 -0.4034449741477845 -0.8031944799787666 -61.85292564945244 0.3465205274603051 0.9003721592213898 -0.2631605953550875 -16.309992010352758 0.8293447678029323 -0.1629789180658211 0.5344390782717845 92.45001216776333
0.42747146919828705 -0.4068714134748746 -0.8072941198339152 -62.85441607639559 0.34765150248564985 0.8983103694195631 -0.26865761298120405 -16.645997882377852 0.8345097817526936 -0.16581354917571078 0.5254515116248368 93.11413472719684
0.4173282291116869 -0.4099207801909124 -0.8110500004032904 -63.853678246346945 0.3491455547255128 0.8963103070109615 -0.2733591322076699 -16.987819915889926 0.8390080636095923 -0.16909401974519983 0.5171776113527079 93.76229379593633
0.4069898966597928 -0.41339369026907813 -0.8145335357507173 -64.87900947466716 0.3502963820657703 0.8941860034127411 -0.2787899496258457 -17.34188636683893 0.8435944930643415 -0.1718634578567042 0.5087349831936603 94.41991655158563
0.39800106201307517 -0.4158533968242105 -0.8177170091090379 -65.93356389136947 0.35167985559911474 0.8924216950844637 -0.2826743662031607 -17.71366203635388 0.8472994947492004 -0.17506990173167553 0.5014320449526649 95.08183671759572
0.3886064430160986 -0.41579871274177765 -0.8222508515828101 -66.96067730426749 0.35138839044834974 0.891825183476807 -0.2849105845255271 -18.079685456405933 0.8517694708690221 -0.17821131445236593 0.49267585276393044 95.70922190521979
0.3785445574915713 -0.4169483512685669 -0.8263522798225551 -68.00868638427575 0.354490852746137 0.890026306220634 -0.2866869539315858 -18.44956499878869 0.8550089200194506 -0.1844105382283734 0.4847189908364377 96.33932652616635
0.36968920145526224 -0.41835235414307426 -0.8296452266543323 -69.07976521977575 0.3566284852136715 0.8884010632005592 -0.2890669030489621 -18.839405436167493 0.8579895208343588 -0.18901020789117112 0.47762864597023874 96.97168896363587
0.3617746450182861 -0.42172695209668687 -0.8314237692639851 -70.11676973188683 0.3591890880527734 0.8860335986287394 -0.2931342032667344 -19.215573400846054 0.8602919883654098 -0.1925898231377893 0.47202420994907135 97.57523739222674
0.35444558536129345 -0.42524239095074123 -0.8327888303504 -71.20551088147509 0.3615772537593991 0.8836618429148699 -0.2973274910601226 -19.607328559295716 0.8623399657801448 -0.1957310816267898 0.46696801507545005 98.1964967194189
0.34819010602076245 -0.42841540318919175 -0.8338008709395142 -72.2878347238623 0.3636110917392276 0.8815455413806373 -0.30110535105860525 -20.003422950012364 0.8640316105522166 -0.19833734086692095 0.462722027986978 98.80743699009604
0.3414574825615861 -0.4321090871371955 -0.8346786953170446 -73.37749336372953 0.3654590028625411 0.8792113980434859 -0.3056583628450826 -20.406945226257786 0.8659367787716499 -0.20067150860019617 0.4581314667283836 99.41965993327274
0.33476053419533564 -0.4330146635023319 -0.8369191633229676 -74.46036148199376 0.36845266939610694 0.8776026050511587 -0.3066859925433558 -20.812250154282733 0.8672819698115124 -0.20569873310106324 0.45333212553323515 100.01738278412545
0.32972378091046983 -0.43350688459838477 -0.8386620352131766 -75.50574042044038 0.37245904853939377 0.8760163510942125 -0.3063814775352963 -21.205560596240243 0.8675001357136691 -0.2113460045077372 0.4503069851949685 100.59177096625099
0.32567106273955404 -0.43299883052921223 -0.8405060211886791 -76.59147931395923 0.3764169722813397 0.8748594722842808 -0.30484613616219425 -21.611375593932788 0.8673226745984673 -0.2171011665440895 0.4479045228757541 101.18624235473348
0.3212007508875443 -0.4337058915759302 -0.8418606044005178 -77.63493356174783 0.3800906650857494 0.8732630494082161 -0.30486510599433314 -22.00553453826885 0.8673875511811028 -0.22206045607129324 0.445340307972969 101.74881635006103
0.31650151206739885 -0.43467997465229324 -0.8431370662563308 -78.68584896645395 0.383592616488556 0.8715640795903308 -0.30534039978902827 -22.400644446776955 0.8675733383608063 -0.22678045507525937 0.44259137786602276 102.31436389521835
0.3118355549881585 -0.4367655041522005 -0.8437976540782164 -79.75630157569663 0.38931806466168317 0.8688418652365966 -0.30585169239399895 -22.798799579432362 0.8667121962758506 -0.2331302374100494 0.44097648603052 102.89165602857581
0.30726970336728326 -0.4381702248803364 -0.8447438566931975 -80.7917474805901 0.39375999987568755 0.8666732889974564 -0.3063176009246449 -23.19011091616057 0.8663361887226462 -0.2385042225342078 0.4388363521210074 103.44512782927737
0.3037076546186468 -0.4401930460447151 -0.844980320918728 -81.83674128556417 0.39799507758018715 0.8644018565981278 -0.3072610429775484 -23.579228679368313 0.8656567326301933 -0.24298047765939002 0.43772012602624655 103.99702197296942
0.2993215240233507 -0.4410930970189939 -0.8460753542200193 -82.8644354788971 0.4027649787623965 0.862266478871168 -0.3070454222059723 -23.961995209073315 0.8649780327493092 -0.24886421835472838 0.4357517684230611 104.54182974639502
0.29593341652870614 -0.44192281641926007 -0.8468338900337634 -83.8349851293552 0.4080407582049957 0.860070679333382 -0.30623710780130303 -24.322306725298322 0.8636701642555099 -0.2549169489835535 0.434846175671095 105.0571148415124
0.29369538464941003 -0.4427767695312585 -0.847166898196039 -84.83861612522358 0.41171167120385926 0.8584286982545479 -0.3059308251999584 -24.693354704742156 0.8626914401048387 -0.25893802806166777 0.4344129104819223 105.57927461372353
0.2906595124225766 -0.4451231830685329 -0.8469842972176094 -85.81909191513789 0.41586713792124447 0.8559894363149433 -0.30714265173436656 -25.055650375550105 0.8617259259390209 -0.2629590021508356 0.4339135763632824 106.09565809172572
0.2883094604158318 -0.4473339804979201 -0.8466226815569131 -86.79607512681795 0.41938502768574953 0.8538430524563763 -0.30833138070102595 -25.419950940439932 0.8608099985407669 -0.26616602274494827 0.4337762035294013 106.6077593849706
0.2868504823590636 -0.4500647277083457 -0.8456704687070402 -87.8036930507963 0.4243870180987587 0.8511205661064609 -0.3090136579827199 -25.793262183754837 0.8588436759036049 -0.27025085166087853 0.43514597267693217 107.13615100290805
0.285981200107165 -0.45248214589374885 -0.8446742927499651 -88.74895904152618 0.4288317363259349 0.8487260455582899 -0.30946315048915196 -26.148527233087723 0.8569236226787948 -0.2737225004240167 0.43675839735106947 107.6340693250171
0.28857632124597404 -0.4542381153642135 -0.8428472230282948 -89.71543857702929 0.4326249063591526 0.8471703279217828 -0.30844468853691376 -26.51073617930506 0.854142492335954 -0.27562686741184494 0.4409880188246143 108.13857618307796
0.28995283776544006 -0.45594676425223574 -0.841451068119641 -90.69010774700806 0.43729144231130473 0.8451920711445668 -0.30728904529067785 -26.87654615190947 0.8512952169212906 -0.2788600205161608 0.4444474576422494 108.66129943158056
0.29219545031173066 -0.45830483608322886 -0.8393917417033895 -91.59129987952042 0.4412878699715726 0.8432845170860258 -0.30681629529563886 -27.2152982449649 0.8484614514714722 -0.280763068201131 0.4486482641237004 109.1481416981947
0.2950756513159015 -0.45984069889150697 -0.8375421730536722 -92.55868971126337 0.44505542163992223 0.8418204574508839 -0.30539153407731545 -27.57801272479837 0.8454915917201117 -0.28263907914539255 0.4530553159057258 109.6759476883562
0.2990125797671228 -0.4603232759455794 -0.8358791532056178 -93.527921509522 0.44997796996796957 0.840467938001842 -0.30188320876530594 -27.937232814221023 0.84149349592526 -0.2858603274567182 0.4584458195924822 110.21416666826647
0.30376030631477435 -0.460995419605255 -0.8337942788305337 -94.46918538635511 0.45428117678212626 0.839338852887167 -0.2985613880854347 -28.284348697070655 0.837471365915875 -0.28808594748274324 0.4643793687643424 110.74153022804161
0.30936523208094135 -0.46202993938307124 -0.831156717047502 -95.41976757514813 0.4594253398126461 0.8378797033892129 -0.2947642444165163 -28.627250033059994 0.8325992495297725 -0.29066464828403304 0.4714791107995978 111.28554686893378
0.3158600979051704 -0.46410537203149377 -0.8275497581431859 -96.3757991983237 0.4648402818597495 0.8360499027053764 -0.2914516641690005 -28.976952622621567 0.82713717780782 -0.29262051164920067 0.47980967606987174 111.85013806113379
0.3233069595658425 -0.4662969300185652 -0.8234317111646551 -97.33095517532048 0.4698839190724684 0.8344163355172096 -0.2880251406025689 -29.31894047233972 0.8213901098098203 -0.29379678704385614 0.4888780373767249 112.42116914027429
0.3303055107366102 -0.46894426310504106 -0.8191395166135603 -98.27395109179753 0.4754079318454038 0.8323832947644934 -0.28482511991655945 -29.651556486099718 0.8154051556836658 -0.29534611678144107 0.4978806115793427 113.00071575058303
0.33640622643523826 -0.4715703510935191 -0.8151394081904877 -99.17218605128252 0.47854948583779966 0.8311000256386178 -0.2833074954671453 -29.96834483861083 0.8110617981510293 -0.2947781392047655 0.5052569724674714 113.55933658422693
0.3454801132744287 -0.4723952739088858 -0.8108552253765385 -100.09539234913991 0.48284149704939805 0.8303917352714716 -0.27805333071180904 -30.291716259385936 0.8046785569772469 -0.2954526547204869 0.5149758720169642 114.13935377210251
0.3539720856435371 -0.47339771921348817 -0.8065967778441915 -101.00299008424084 0.48954584415260094 0.828634215775266 -0.2714962300280198 -30.60554985504662 0.7968993845261031 -0.298764013713127 0.5250632676658507 114.73304499108099
0.36306396198695245 -0.4733675837497131 -0.8025632001040761 -101.88768340177069 0.49489357375333953 0.8277667969748606 -0.26435294680337534 -30.906537698968748 0.7894712852054753 -0.30120634203306323 0.5347988681318209 115.3251094013937
0.37056197173549477 -0.47519712193128866 -0.7980423049010137 -102.7860053552558 0.5008978850353197 0.8258012874688895 -0.2591400053675012 -31.20864571910933 0.7821669475697923 -0.3037102713491016 0.5440357866964352 115.94900537070484
0.37850596303903367 -0.4776625592095097 -0.7928251481085319 -103.65299797970928 0.5073989273594796 0.8234624964310724 -0.25388155798709733 -31.49146524566644 0.7741314904190008 -0.3061829461301331 0.5540509354208589 116.56102070322298
