1.0 0.0 0.0 0.0 0.0 1.0 0.0 0.0 0.0 0.0 1.0 0.0
0.9999245647766575 -0.005069273622675539 0.011187815745286718 0.011445294134318829 0.005047238301713818 0.9999852687019395 0.0019969388161401994 -0.004793698433786631 -0.011197773963505086 -0.0019403206044724746 0.999935420421846 0.3330012559890747
0.9997055490415664 -0.009251115383139689 0.022432834855821947 0.029075074475356937 0.009169786186810155 0.9999510162093788 0.003725614461974355 -0.0064396887013800416 -0.02246620209979714 -0.0035188131520333624 0.999741410424322 0.6642012520234613
0.9995163195435194 -0.013906552215673499 0.02781608835997638 0.04359229920823866 0.013798012214208188 0.9998964371600476 0.00409020947869538 -0.005787076512595543 -0.027870088358557973 -0.0037044243973651755 0.999604689572218 0.982643598624277
0.999430854008109 -0.018126660098925218 0.028449819863749476 0.05727241685736756 0.018028060786245748 0.9998305667988794 0.003718429630766656 -0.005240029552746988 -0.028512402229717335 -0.003203418219584759 0.9995883057693309 1.3293396256018033
0.99942038044676 -0.023012421145988823 0.025086482827478395 0.07110881979206814 0.02293842567253445 0.9997316507371588 0.0032334412042467273 -0.006319365628772872 -0.025154160199047277 -0.002656122616777068 0.9996800554364008 1.6879312369750694
0.9995343684377855 -0.02702240800406787 0.014171654008580633 0.08341286507799281 0.02700066243604083 0.9996339297645361 0.001723569414150024 -0.00393594154641762 -0.014213041183793294 -0.0013401228197850775 0.9998980915729041 2.0246712662306594
0.9995868683063509 -0.0286267705022 -0.0025691866643581347 0.07592570149262355 0.02863073452958207 0.9995889013957614 0.0015196205814568952 -0.0027390354962384157 0.002524628645670602 -0.0015925504793765542 0.9999955450066627 2.3811889445279757
0.999322739643654 -0.027981234518632818 -0.023897961124648894 0.05183267619563076 0.0280334617576269 0.9996052675307829 0.0018531450552115223 -0.0011081415645025918 0.023836674537057987 -0.0025218325728041677 0.9997126853788989 2.77969810152669
0.9986429514256133 -0.02831362491311353 -0.04371034445322801 0.01948526973305842 0.028370925165466878 0.9995972254533889 0.0006909928672178608 0.0007631881641104491 0.043673174526198594 -0.001930158067771803 0.9990440071971994 3.1614575734013224
0.9975352586991952 -0.030127351495578252 -0.06336994827038744 -0.018888828009120118 0.030172316973299158 0.9995446813590774 -0.00024749796638100707 -0.001448057141286975 0.06334855120989324 -0.0016651302178742982 0.9979900742998224 3.5544124007839333
0.9958394722364938 -0.03278965627788114 -0.08502107960335453 -0.06640809358140323 0.032928377867767776 0.9994576876004355 0.00022940659926355233 -0.0001713584936603983 0.08496744945412354 -0.003028058382643006 0.9963791263347965 3.969931930238682
0.9938244197933405 -0.03521413969828606 -0.10522826135473298 -0.11854873448307199 0.03547960460373514 0.9993701883960314 0.0006513082554206759 -0.0009165439713179885 0.10513905211477328 -0.004380743155054495 0.994447881394403 4.37759496909489
0.9915683983979793 -0.03728680811684957 -0.12410400976166629 -0.18379883185070212 0.037716219293860063 0.9992878719926996 0.001111616156625412 -0.004073927363368568 0.12397418320216504 -0.0057829774994767325 0.9922685922020291 4.82203900595833
0.9893687699618288 -0.039257297876433166 -0.14002964538860774 -0.2529458717382405 0.03993636275045697 0.9992001393938897 0.0020416575362748298 -0.0069895204065139275 0.13983749123351058 -0.0076122269194048185 0.9901452065464164 5.252254354771964
0.9870974568670323 -0.04177895787042239 -0.1545740253920396 -0.32363543545796447 0.0424603168030738 0.9990975400673444 0.001107667984528333 -0.008794145248543819 0.15438825131343395 -0.0076566383382533215 0.9879805887494639 5.676939597137304
0.9847193868538621 -0.04515918863085931 -0.1681914885966487 -0.3975380359778923 0.045812608025300156 0.9989500512657712 4.693976722199705e-06 -0.013661361216823443 0.16801468417990836 -0.007709912990149798 0.9857543421875503 6.116911162404716
0.983094850795897 -0.04951743598653306 -0.1762740419685005 -0.47798112738342347 0.05004047165676516 0.9987460948449194 -0.0014796041334657873 -0.0176749902208194 0.17612627724153362 -0.007366244996121641 0.9843400189465505 6.578218376916104
0.9816526340263084 -0.05151567368056176 -0.18358714953516958 -0.5697204029290092 0.05160266820844904 0.9986584082984924 -0.004306758466736928 -0.021403823497875993 0.18356271610264313 -0.005245845971810863 0.9829940032152082 7.063084376543652
0.9799762610280853 -0.05354836730514923 -0.1917787792754119 -0.6709913699314523 0.0533828438967345 0.9985558910542295 -0.006033607411083313 -0.02338280334212385 0.19182491965047507 -0.004324904605540844 0.9814196326756675 7.568810146478553
0.978393879021907 -0.05584629626006807 -0.19906433303457122 -0.7756018606130988 0.0551971812613818 0.9984365768961021 -0.00881323418457192 -0.03320828227612789 0.1992452977444239 -0.002364975692613506 0.9799467935641757 8.087339209970915
0.9760902544475907 -0.06066402943151609 -0.20872874911130504 -0.8841828187932377 0.0597428793839448 0.9981562267987845 -0.010720786618966568 -0.03937200443690823 0.2089942667523523 -0.002005601143332969 0.9779148091877435 8.62591033627852
0.9737564711755381 -0.06759259687889232 -0.21732366574059764 -0.9943010383316244 0.06645361347815504 0.9977105404641333 -0.012553672867450006 -0.0472816726189991 0.21767464735117736 -0.0022177226910812227 0.976018867443968 9.16114521983962
0.9706527434848528 -0.07177028580235097 -0.22952620251548125 -1.1217535841861797 0.07001262626150735 0.9974209204978158 -0.015803148966470636 -0.05699577525209416 0.2300684327092601 -0.0007303623339348989 0.9731741790869536 9.717008435954877
0.9682611403948614 -0.07062127381709876 -0.23975612543935773 -1.267047303178296 0.0675778411741888 0.9974950343469134 -0.020901957695067842 -0.06547666502314596 0.24063166745771178 0.004036352028831737 0.9706081127204845 10.263013523938321
0.9650022981247646 -0.07191348005226585 -0.25218845334530227 -1.4155347062890589 0.06807200140946688 0.9973932378402595 -0.023935992451396815 -0.07899815659020035 0.2532523785436829 0.0059313149719222545 0.9673820611654277 10.80739034227566
0.9617349928007755 -0.07665468073690317 -0.26303966154102315 -1.5644173712054168 0.07216986083326483 0.9970353233841341 -0.02668473555429273 -0.09449150876653412 0.26430534389187016 0.006680108189153591 0.9644159171979596 11.354774679254014
0.9583289762121321 -0.08020124189320056 -0.27417755953213097 -1.7253571411592126 0.07516563546692061 0.9967538997997261 -0.02884077805628648 -0.11348172857247255 0.27560061791850343 0.007030222814840266 0.9612465216426601 11.916709712134644
0.9555478722993036 -0.08032039787280462 -0.28368450333042183 -1.9034248090099326 0.07413337654718266 0.9967187151055239 -0.03249685277233888 -0.13119634507820754 0.285363813799135 0.010021808417037483 0.9583668697999033 12.496248254924751
0.9528857858734566 -0.0835432034894687 -0.2915976890015464 -2.0822959427731584 0.07620971934626142 0.9964257621729246 -0.03643870408330755 -0.15768293084995924 0.29359965558135354 0.012499345135806575 0.955846749543925 13.075238184907029
0.9500706509256773 -0.0876381437175878 -0.29947506409615393 -2.26793329000518 0.07841601081816743 0.9960058758446786 -0.04269923336829424 -0.18333588364743833 0.30202100505929236 0.017083648574307317 0.9531481844153955 13.667062704935486
0.9476962914961741 -0.09233552881459114 -0.3055255950046224 -2.4618381497104016 0.08086744514219216 0.9954694512053237 -0.050010279274826167 -0.21512592848352877 0.30875912197143796 0.022687481911868812 0.9508696455161062 14.274706312249002
0.946819763054541 -0.09582539562076298 -0.30716417408849483 -2.658704273072499 0.08176689265191078 0.994942090927784 -0.0583473304127985 -0.24440981339085285 0.3112017216459346 0.030128545507104094 0.9498661796222838 14.863702930340674
0.9463073214652339 -0.10079172742010757 -0.30715383934596285 -2.869278337813737 0.08428101494246625 0.9942146158132252 -0.06658834900813301 -0.28946072802733197 0.3120883911034863 0.03712580486712553 0.9493273991365707 15.517624712888235
0.9452004245286415 -0.1040567443620141 -0.309464620633207 -3.084520834828148 0.08498179947637101 0.9935910009986422 -0.07453198301584679 -0.33944395321985354 0.3152368176920871 0.04414880165185745 0.947985565335291 16.16197079545174
0.9446592253511541 -0.10756413822659136 -0.30991757634333694 -3.3029322290803393 0.08665362433021734 0.9929801498316863 -0.08050820722559604 -0.3970841324733003 0.3164017973232689 0.049197339438354776 0.9473486815543642 16.817370020539816
0.9436627100038618 -0.11129287190530812 -0.3116321331493854 -3.5144259161515303 0.08852319690185798 0.9923260603645079 -0.08632863679990674 -0.45492523391798545 0.31884844888824926 0.05387844266981003 0.946273100144474 17.442652773130792
0.9435631921403081 -0.11466567166964843 -0.31070932747270513 -3.7159679363066465 0.09048551875673395 0.9917131417893182 -0.09119986457053865 -0.5144185306167982 0.3185920170583643 0.05793814065801757 0.9461196005388405 18.05953728569791
0.9436558459538833 -0.11619755870266543 -0.3098576636918988 -3.9504460431806816 0.0910449744557591 0.9913540490718864 -0.09448789348443676 -0.5823048696413864 0.3181579120867677 0.06095306998270646 0.9460762475806441 18.7603060117842
0.9436666199449992 -0.11729093581765876 -0.3094125834167033 -4.206805171227762 0.09141549672715135 0.9910877795497418 -0.0968928283480801 -0.6596077385965095 0.31801968077417586 0.06314942281747468 0.9459786641558631 19.525227610758648
0.942899595144962 -0.11961508091641009 -0.31085782263412254 -4.441699357997285 0.09349962318385226 0.9908187372520364 -0.0976527028543391 -0.7350561934826375 0.3196844912408867 0.06301160470612437 0.9454265512097779 20.239243260409953
0.9410051441103024 -0.1227985627473385 -0.31532496213452066 -4.6823932793157015 0.09673232850925603 0.9905638889054678 -0.09708778820044012 -0.811209208801655 0.3242717616122722 0.0608579903025405 0.9440043059420913 20.968873052207474
0.9393257477676574 -0.12281029353727582 -0.3202885751662393 -4.926097575650902 0.09663350308327681 0.9906363926090609 -0.09644430372168822 -0.8844936935396397 0.329133871946638 0.05964201069544072 0.9423978591325531 21.673705425039753
0.9372864198093599 -0.12456125341553119 -0.3255436397604845 -5.174690065762253 0.09856321682135301 0.9905630712968237 -0.09523704149557852 -0.9617321482377075 0.3343343529025685 0.05717775730610117 0.9407184725190982 22.404410866578097
0.9334555606428799 -0.1261682512373941 -0.33577118501233044 -5.481357945810063 0.0997942233278623 0.9904864781389302 -0.09475045970509778 -1.0511170689451304 0.34453131830832967 0.05493731886101118 0.9371659734012371 23.261994855936216
0.9299099399601035 -0.12672170076622508 -0.3452667289477983 -5.7600275351587085 0.10127625665910095 0.9907019568391584 -0.09084466166034524 -1.1345079898388106 0.35356841403117023 0.0495100320135021 0.9340974966937367 24.030698098396638
0.9272279024367448 -0.12772128803676 -0.35204501065202665 -6.004118963978901 0.10330936031547175 0.9908051971810219 -0.08736267687224579 -1.203012666828952 0.3599660998121387 0.044635566774797256 0.93189702927133 24.68806507712821
0.9236041168844478 -0.12819220272364787 -0.3612785551827819 -6.3006172597847705 0.10420990659479866 0.9909001574192577 -0.08518904503510663 -1.278471645262112 0.368911548533795 0.041032148217577606 0.9285583622858867 25.44724040690689
0.9197118879757006 -0.13060924575025035 -0.37023137095703174 -6.605551195686484 0.10657438114038084 0.9906867552950304 -0.08474464093704939 -1.3559555553976756 0.3778517492360163 0.03848347447353612 0.9250659856419581 26.21359081129236
0.916547659259717 -0.13254220721455054 -0.3773234045381081 -6.919728487354068 0.10833424237777894 0.9904930199314943 -0.08477776474654705 -1.435586457646383 0.3849728305140069 0.03682581667367853 0.9221929185329664 26.98412591643593
0.9130500453098263 -0.13467146908294006 -0.3849717004855905 -7.2480311268650075 0.11017165047343638 0.9902612153249823 -0.08511717132898725 -1.517845260281744 0.3926853984956449 0.03530326951051313 0.9189950255415884 27.766622341821712
0.9089580441512118 -0.13707285709831632 -0.3937084020181791 -7.591889270136451 0.11249456446403555 0.9900131659148399 -0.08496413526496144 -1.5956945511673541 0.40142277830094614 0.03293877900257188 0.9153003823330181 28.56761905894303
0.9047525951958292 -0.1409747913439324 -0.401931399236172 -7.925728525072857 0.11678828712698949 0.9895813847508089 -0.08419726209690961 -1.6733719949061043 0.4096135220868034 0.029236811731215694 0.9117905304199192 29.339369103931826
0.9009878422287992 -0.14355674997001003 -0.40940489456519796 -8.283737219306705 0.12024525199915978 0.9893287089269462 -0.08227870359090902 -1.7529964278121348 0.41684767904781644 0.024903116893074406 0.9086351562874171 30.15629660133433
0.8968024452271809 -0.14437896742157438 -0.41821057853769006 -8.658836352005158 0.12280697260291104 0.9893442992382319 -0.07820680945365271 -1.8366146364324587 0.42504567015164063 0.0187768828907263 0.9049771306249959 30.976183576566044
0.8922350757857943 -0.1456845456150342 -0.42742552884269713 -9.036890088491663 0.12541768160755962 0.9892370632907401 -0.07536867885333642 -1.9158719185287367 0.43380522666019494 0.01363986000124564 0.9009034240924183 31.795521719155673
0.887622963372201 -0.14794455259064926 -0.43616268094955696 -9.455511253730315 0.1283095137430459 0.9889449949834969 -0.07432674875248219 -1.996736282850721 0.44233713791335166 0.010010307479998377 0.8967929806631966 32.67864405280288
0.884992106992792 -0.1498117758409988 -0.44084623439451665 -9.863961122260884 0.130886164555565 0.9886889771805485 -0.0732319488311943 -2.0751328625586383 0.4468308208801093 0.007109023916645078 0.8945902298206484 33.518552375013996
0.8816517305964308 -0.15180764983054226 -0.44681614047530355 -10.289516865959968 0.13368882051898415 0.9884028917822859 -0.0720209885009767 -2.1533231063859724 0.45256770234359583 0.0037631063421636884 0.8917221057179732 34.37835440676152
0.8785679901859873 -0.15490889289809084 -0.45179809818285294 -10.724940260182684 0.13790996571995867 0.9879287075740357 -0.0705528887163051 -2.234986132765863 0.45727358110399824 -0.00032195059143998866 0.8893260191696529 35.24413701685677
0.8764014771439789 -0.15784273584555344 -0.45497925403323913 -11.156425106620757 0.14131442271192687 0.9874607719885459 -0.07036659518109384 -2.3118480006657403 0.46038102132195546 -0.0026257426713073018 0.8877175342877808 36.09014332110329
0.875207583082876 -0.1609910448668627 -0.4561727413896042 -11.597978511848039 0.14481438458653803 0.9869461310133252 -0.07047076340335073 -2.3883853154222074 0.4615630840210828 -0.004383828293237704 0.8870965570435062 36.95428532095023
0.8743004805255858 -0.16301175981427565 -0.45719343380562993 -12.064666544692365 0.14658365185490999 0.9866136862928407 -0.0714609475764968 -2.466062803986824 0.4627222738982948 -0.004538742326370443 0.8864916790678221 37.86193394935859
0.8737069551463337 -0.16663415818575744 -0.45702211527960723 -12.535853251248003 0.15086084924423093 0.9859951363993132 -0.07109567611472081 -2.5460357657903354 0.4624685510326427 -0.006829957732213697 0.8866093790295387 38.772090632649316
0.8728374156944932 -0.16855488945571095 -0.457978269139849 -13.013533640313122 0.1538499290197088 0.9856439448386786 -0.06954288851837415 -2.627060532186654 0.4631253017320361 -0.00976028910542693 0.8862390713866036 39.706830836533776
0.8718573393163667 -0.17150133141317217 -0.4587505566249435 -13.465527433595467 0.15779128328255618 0.9851012630267166 -0.06839161135118932 -2.7073270505820175 0.4636450051496623 -0.01275911073222985 0.8859291813080167 40.59005642638088
0.8706572800362182 -0.1763306541717682 -0.4591986510425426 -13.926427297703984 0.16305152984007976 0.9842169134825491 -0.06878419754343333 -2.787155733461685 0.46407984155395515 -0.014985580210347921 0.8856666037787669 41.49563885673833
0.8687892790783713 -0.18210612046354668 -0.4604807807587633 -14.40780421742187 0.1692143484273817 0.9831230395693834 -0.06953843077143372 -2.8681206033065036 0.4653726386937469 -0.017505712141271 0.884941725311699 42.4392095736682
0.8677393509995098 -0.18511186128488163 -0.46126133323593954 -14.888489898744817 0.17353002661086017 0.9824892757285122 -0.0678391696801925 -2.952111686966716 0.46574214818006743 -0.02117597436035755 0.8846670726993888 43.379075508285
0.8660587908866993 -0.18620858154796804 -0.46397040302778175 -15.385386869709185 0.17601854278292434 0.9821965158408762 -0.06563137105545995 -3.0370025517206853 0.4679312378164599 -0.024826768374828292 0.8834160901000266 44.337586081605586
0.8636502030196379 -0.18828432404102236 -0.4676081053024568 -15.868608843547593 0.1801828591241078 0.98164709388013 -0.0624749578195694 -3.1184950036069727 0.47078919284749954 -0.03029845535848911 0.8817253197571733 45.2665795584952
0.8595548327070914 -0.19139039708835154 -0.4738514592910389 -16.36237340534043 0.18416553785012646 0.9809296530466519 -0.06212946516870079 -3.1985177948961203 0.47670593056753297 -0.0338634268221378 0.8784103392410657 46.20108396117159
0.8536014572759504 -0.19602051720973312 -0.4826391084124896 -16.862025022764545 0.18770437679779983 0.9800026161141391 -0.06604497967592424 -3.2806820824290126 0.48593375995841626 -0.03421738216568265 0.8733255702717081 47.1301067351803
0.8470842820144657 -0.201120102131178 -0.4919338610857989 -17.380352473247406 0.19052662195763773 0.9790246033737342 -0.07218332435067143 -3.3619705187759035 0.49613287080120877 -0.032581137298249255 0.8676350868901649 48.06634703331402
0.8392390305088562 -0.20487203190764358 -0.503691671772116 -17.91360967251201 0.19349735180955657 0.9781937110016778 -0.07547077977240663 -3.446883635785919 0.5081698776130323 -0.03412498056849089 0.8605805373048802 48.99936051356831
0.8331233358099914 -0.20565151738774393 -0.5134325279186651 -18.434910651154997 0.1959920236595413 0.9778366902621014 -0.07363785601914971 -3.53199129480529 0.5171969006004098 -0.03927926391084322 0.8549646223300426 49.885776478307534
0.8286708733272625 -0.20587121169573716 -0.52050132362364 -18.96509465010373 0.19810601125102492 0.9775866474389384 -0.07126257822522028 -3.618812060820558 0.5235060572765524 -0.044061218140512524 0.8508819054667536 50.7668136475141
0.824713494180888 -0.20890502384941873 -0.5255533688660213 -19.510832185194374 0.20049806254394975 0.9769185393863603 -0.07369324473344063 -3.7127903125111534 0.5288177185307551 -0.044596618859439885 0.8475629546849207 51.65533775564313
0.8214690129515267 -0.2147423299109375 -0.5282749213287212 -20.042578407990867 0.20435754522681387 0.9757155338457216 -0.07884916436481244 -3.7984434208027165 0.5323783001487901 -0.04318482090481052 0.8454042919066027 52.52229309674203
0.819527803104142 -0.22065708383969526 -0.5288521828362446 -20.590152972262015 0.20675835732103318 0.9745844134762269 -0.0862334197808875 -3.8903786348763623 0.5344391093634587 -0.03867392352167663 0.8443217195016558 53.39956988120718
0.8159570171392644 -0.225245919773181 -0.5324269168690929 -21.108350669546034 0.21111804266349485 0.9734653323396899 -0.0882860056561168 -3.98340977393184 0.5381852081236802 -0.04036734272045686 0.8418593465648286 54.23728252840703
0.8136929704143654 -0.22770374422113765 -0.5348408686384405 -21.66522035681633 0.2151245742353421 0.9727178667674521 -0.0868410572911241 -4.082706254494151 0.5400233026993462 -0.04439545628836619 0.8404783614124984 55.130873675648
0.8106031726231419 -0.22869406274215545 -0.5390932407290824 -22.2431919855061 0.21898630804430005 0.9721793072582845 -0.08314079280310871 -4.18551011555204 0.5431090990053694 -0.050659848058295626 0.8381324992936896 56.04317309282322
0.8075274393167554 -0.22971220040222715 -0.5432602872812362 -22.805589888145274 0.2218911007100238 0.9716976430716164 -0.08104338267101195 -4.281362814943373 0.5465013944869843 -0.05509986783498706 0.8356436024935205 56.913048076367616
0.8045288547981246 -0.2318971162890883 -0.5467696491704922 -23.37507709658363 0.22408812625149574 0.9711014129788201 -0.08213742985772458 -4.376946317881636 0.5500162120068023 -0.05644265379430681 0.833244497949038 57.789251645315275
0.8007718596953982 -0.23529577801591925 -0.5508178696882092 -23.953097851029554 0.22672446179338832 0.9702550272344694 -0.084859887760577 -4.474702613392808 0.5544009804685343 -0.056930474915659904 0.8303002311702711 58.67450547993046
0.7974850334687719 -0.23909634833846266 -0.5539409333173747 -24.514799473114298 0.2295719459219807 0.9693162537106202 -0.08787901875876653 -4.570642624365706 0.5579555027409505 -0.05708709577147015 0.8279050189831392 59.525478191281216
0.7943301936297007 -0.2437686670022781 -0.5564318291364494 -25.09106064567778 0.23422181778596393 0.9680337025074228 -0.08972675678307739 -4.671351386416657 0.5605173356473832 -0.059055802405041144 0.826034338657332 60.400179174199124
0.7912203637590209 -0.24715222824293281 -0.5593622368801779 -25.69220694612428 0.23835799565853427 0.9669886660627449 -0.09010208439231532 -4.78105166222398 0.5631658742135298 -0.06203785764149972 0.8240118338595412 61.29790107366801
0.787348309355386 -0.2498809200991621 -0.5635975208653882 -26.29498201450331 0.24162370572539563 0.9661130659500535 -0.09079387992654105 -4.8915404846491235 0.5671865871005263 -0.06469211366916304 0.8210446430263542 62.1907330507685
0.7827204050350827 -0.2522205281620993 -0.5689758981849302 -26.91151510886476 0.2433047796070475 0.9654551363230303 -0.09326930882045582 -5.005502206203534 0.5728451376786596 -0.06543076433231694 0.8170478953628157 63.07675147728821
0.7775411049290234 -0.25648929953643124 -0.5741455123651706 -27.515759422522308 0.24719612116794407 0.9642009093233344 -0.09597230923333214 -5.116678287321792 0.5782074954765604 -0.06730412827877705 0.8131090003753233 63.941943762716036
0.7721570975316249 -0.2604653547912465 -0.5795957347022209 -28.133508260590922 0.25103218715553904 0.9629726875041715 -0.09831807632831291 -5.234112773549307 0.5837433149453992 -0.0695801844957572 0.8089513830769395 64.82579897097776
0.7666680669067065 -0.26371833483581286 -0.5853825373693343 -28.771434274561745 0.2540631345154577 0.9619398444468028 -0.10061639700288162 -5.353828208484884 0.5896371756137112 -0.07158474374534814 0.8044896678001519 65.7156254685487
0.7601371404638528 -0.2679736271988315 -0.5919304543722503 -29.415087825834153 0.257125342473376 0.9606871526766283 -0.10472226573189614 -5.477670264122568 0.596722788190116 -0.07259703718454669 0.7991567957833053 66.59891747441395
0.7533173118302475 -0.27063983234815775 -0.5993889462139015 -30.055728485690544 0.2597280884143172 0.9597443301604898 -0.1069211897307446 -5.60506970963567 0.6041972755528568 -0.0751325619911522 0.7932847851453798 67.45578538074629
0.7465290956477586 -0.27354713003051134 -0.606519807593627 -30.67796737734657 0.2639438198376025 0.958535781233717 -0.10743749840815876 -5.727218747141554 0.6107601569526905 -0.07988193629812936 0.787775924316291 68.27795270154898
0.7406738588109452 -0.276402961201913 -0.6123754060320498 -31.341064095169422 0.2674548092414244 0.9574245765816045 -0.10865590260620266 -5.856826371953962 0.6163360770616445 -0.08330416073851933 0.7830646569191548 69.13925536252141
0.7348844248262018 -0.28001492138683726 -0.6176864301153021 -32.035538880337825 0.27132349493731933 0.9561092984309829 -0.1106280730592922 -5.9929718427089265 0.6215532505287548 -0.08629399315443104 0.7786044589537116 70.03691519986639
0.7300339790327104 -0.28433834376304196 -0.6214516036858854 -32.69763818227874 0.2758148091238592 0.9545752023005046 -0.11274916505642152 -6.123024558739211 0.6252812011612358 -0.08909483385158345 0.7752970592329893 70.87569918764652
0.7255050940094827 -0.2863980027481339 -0.6257943293033037 -33.38086380642943 0.27815112826681665 0.9537463735068812 -0.11401668678912613 -6.257784930940997 0.6295032235105622 -0.09134571169109501 0.7716097799700693 71.73356857548426
0.7212146213992833 -0.28790734830163983 -0.6300466876937032 -34.08960197024336 0.2804347875396131 0.9530217516583381 -0.11448087527480298 -6.39957193332668 0.6334080831640063 -0.094121727884645 0.7680724578596138 72.60556673458763
0.7173796215670499 -0.2891812098570408 -0.6338301873735066 -34.796247046943265 0.2818761483036388 0.9524701739099692 -0.11552664121066711 -6.541785117354951 0.6371124826730532 -0.09578515374279697 0.7647959785097248 73.46418698644109
0.7128569330924501 -0.290527942780651 -0.6383012669622934 -35.501956249192595 0.28318051641216485 0.951902145527425 -0.11700897600109357 -6.685862855610579 0.6415947225987491 -0.09734382262849371 0.7608418969335919 74.31690909580279
0.7093242904284163 -0.293561714983288 -0.6408436396690652 -36.18901905271735 0.2853510223811171 0.9509118183808711 -0.11975603404270012 -6.823432721177925 0.6445415774286986 -0.09791952389414445 0.7582729863354417 75.13415120442609
0.70626169803331 -0.29850133286984626 -0.6419434306588325 -36.913899907965096 0.28941736997931633 0.9492685104101987 -0.1229913862750499 -6.967905771446563 0.646089776923735 -0.09892547406269143 0.7568234607463689 76.001534451039
0.7031268312778989 -0.3003217464905351 -0.6445304552323159 -37.63931287971705 0.2909975836703971 0.948582844173913 -0.12454314126807822 -7.119870528741959 0.6487935460800236 -0.09998718079736535 0.7543669519809995 76.85952924020057
0.6981803031294783 -0.3038772009888739 -0.6482306002042771 -38.35149401352108 0.2965816119656735 0.9468658417316089 -0.12443643038007253 -7.267836842173941 0.6516008070635523 -0.1053742116509513 0.7512074705120204 77.69552430990916
0.6944313968217202 -0.30605579823267426 -0.6512256778386395 -39.09258180839717 0.29966059261375855 0.9458259611795979 -0.124967117247143 -7.421925110013412 0.6541930635084768 -0.1083655827597061 0.7485241052434742 78.55207663304705
0.6903492852671191 -0.3078111302437678 -0.6547290832315545 -39.8275096913358 0.3013154838386225 0.9450817259549866 -0.12660770302410637 -7.57916913468269 0.6577437521788211 -0.10987647320513005 0.7451847536723546 79.39890522394397
0.6861078984059169 -0.3115629612288832 -0.65740738734464 -40.58465842435288 0.30540064109639115 0.9435236155056677 -0.1284275492292303 -7.7402170180786625 0.6602926625087768 -0.11265748165746695 0.742510533032137 80.26552076207508
0.6814558032394226 -0.31412148560482805 -0.6610186688080217 -41.33736987056506 0.30878065741394073 0.9422825662491285 -0.12945296810027654 -7.902695760477373 0.6635303262386187 -0.11589330275892762 0.7391185618947068 81.11796321913785
0.6773098897551421 -0.3169289407046134 -0.6639332494940504 -42.063421430066406 0.31197671935914784 0.94102404931182 -0.13093611111793665 -8.056572261618415 0.6662745979082354 -0.11844739406435575 0.7362393462873215 81.93787894800808
0.6744148597286314 -0.3208830225368567 -0.6649802123558428 -42.816229378791284 0.3162942374760704 0.9393619894244621 -0.1325028609651435 -8.214195766118435 0.6671750537277619 -0.12096751081231706 0.7350131352644185 82.78717937062234
0.6707136376093614 -0.3254920940813154 -0.6664818924887445 -43.58519445497707 0.3201182489293195 0.93760148170067 -0.1357489160735154 -8.380190337101428 0.6690796088861507 -0.12230436706540038 0.7330580596170315 83.64511974649659
0.6660561105806162 -0.330854421599019 -0.6685092439649588 -44.33296788802041 0.3255107308383398 0.9353264985247399 -0.1385897011561092 -8.544644459477492 0.6711274258047514 -0.1252984152566517 0.7306765943061675 84.4805621595785
0.6589825235460788 -0.33574075280051097 -0.673067738470496 -45.12150096657731 0.33129321824318847 0.93293194285261 -0.1410063599676464 -8.716014274521815 0.6752679743678895 -0.13006205024602888 0.7260144804884312 85.35374933204571
0.65061795897398 -0.3398832350722577 -0.6790991518013764 -45.900696632261095 0.3359988468387287 0.9307972510613738 -0.14394878373794706 -8.892797922909008 0.6810294019964019 -0.13452086802205127 0.7197937827482375 86.1997999019064
0.6409036997708766 -0.34390935776025294 -0.686271667246239 -46.669546110149106 0.34088754623986345 0.9285452952195843 -0.14696705598242102 -9.06539858825541 0.6877776736988248 -0.1397497347779433 0.7123425322068923 87.02029785557833
0.630955337100499 -0.34542049750030457 -0.6946798129289766 -47.48608361022522 0.3434340114103417 0.9272599296809606 -0.14913786445655408 -9.255141935413553 0.6956640298240215 -0.14447734325735062 0.7036887485915209 87.8678886828117
0.6225970574473236 -0.3468892944877366 -0.7014561436239152 -48.2826926065054 0.3453037592301635 0.9261761770626363 -0.15153548397374675 -9.437407125614003 0.7022380066042079 -0.14786989690752053 0.6964167399403234 88.67502621645117
0.6128880710824443 -0.3500002523342342 -0.7084264504455022 -49.08766762321375 0.3466730701177702 0.9247601792239014 -0.15695984638402777 -9.625803005923029 0.7100605571216871 -0.14939355504087304 0.6881101444770955 89.47868014945213
0.6017038590861954 -0.3527584962441578 -0.7165988482326363 -49.9058493636923 0.3486958323821545 0.9231873693869763 -0.1616672430756189 -9.824862113264851 0.7185844991649185 -0.15259922782214638 0.6784908202975102 90.28625594133382
0.5918196387169498 -0.35611645486078297 -0.7231393958334226 -50.72055680830989 0.35136363785825303 0.9213725972158794 -0.1661810190445337 -10.021049735784176 0.7254606186554539 -0.15573569814610005 0.6704127706890683 91.06142685318918
0.5810538544892758 -0.35877750117806184 -0.7305170243270046 -51.55974578376447 0.35586938702614324 0.9192371388278455 -0.1684044594933083 -10.225199792247363 0.7319381104716386 -0.1621165853576434 0.6618042121286215 91.84636957107494
0.5692140441327909 -0.36036942634582636 -0.7390055808430499 -52.42237515027907 0.35863286164729347 0.9176373378421424 -0.17124306334756784 -10.437822662317476 0.7398498783595674 -0.16755772961330645 0.6515723787409711 92.6284674717164
0.559249554894368 -0.3619677382955564 -0.7458011073896653 -53.288875800259504 0.3593233023469704 0.9165795958352468 -0.17540983122095408 -10.653039445329622 0.7470787774665528 -0.16988584676686727 0.6426601740635447 93.38816358798195
0.5499023438697582 -0.3648003527961183 -0.7513508599891094 -54.155296216983395 0.360822937375385 0.9150591671614658 -0.18020412996811136 -10.869085269490101 0.75326902237537 -0.1720099508563171 0.634821515653071 94.13924617851157
0.5406935195386035 -0.36617965210301034 -0.7573394089275142 -55.04772112988624 0.36131971408319147 0.9141039082452633 -0.18401660019024385 -11.100223269447856 0.7596700482076405 -0.17414507548723163 0.6265579865740663 94.89258760517023
0.533169094340403 -0.36825177090095446 -0.7616569766427307 -55.936013442779995 0.36194875436920754 0.9130294501832157 -0.18806999311084652 -11.328767448356537 0.7646723586287224 -0.17540768605293713 0.6200873548321566 95.63147172063682
0.5242085713979108 -0.36868313619130805 -0.7676445263017924 -56.8807785506817 0.3612243480141773 0.9125782745048627 -0.19161905777730037 -11.577708139074456 0.7711824324209509 -0.17684354098996452 0.6115586790614919 96.3995643374513
0.5164747332603312 -0.367595454749282 -0.773386986929143 -57.81205802017117 0.36089519477390697 0.912481158409929 -0.19269871285501047 -11.822105079178414 0.7765362247138079 -0.1795876309619974 0.6039368961345912 97.14335715193656
0.5085157775682154 -0.36783167404812445 -0.7785316715016466 -58.740791039080456 0.36255109688603593 0.911573767695881 -0.1938813250302057 -12.069664243466649 0.781004741413857 -0.18366579870975 0.596907420186233 97.87467268011932
0.5000047062232702 -0.3687207277545201 -0.7836072477196458 -59.66934159573303 0.36408406897686824 0.9104859281047075 -0.19610753539973014 -12.314976783229618 0.7857722853803311 -0.18724422460382179 0.5894925918793935 98.59439263550259
0.49370128157774396 -0.37140810647738665 -0.7863301234286879 -60.575854488234164 0.365465819118849 0.9090986465817662 -0.19993595434285918 -12.551741069536767 0.7891094851947238 -0.18866814576415217 0.5845601347591491 99.27943607234809
0.4868514950396491 -0.37453061929932824 -0.7891149707013043 -61.540622564097845 0.3676094448126906 0.9073626738933742 -0.20385356045350742 -12.810672600518961 0.7923628700678522 -0.1908397055969435 0.579431867354142 100.00044578744874
0.4808549469240776 -0.37722663835873366 -0.7915040008308311 -62.49655034279182 0.36902846298012953 0.9059418925551205 -0.20757475960282393 -13.071063638099448 0.795359361250728 -0.19227415485763058 0.5748340072095754 100.70247401138766
0.4741872179470305 -0.3806775900539416 -0.7938709307981864 -63.42450924624325 0.3716700160265008 0.9039600748053447 -0.21146532184917766 -13.32789397738562 0.7981277350916431 -0.19478386891280003 0.5701327590034142 101.38037809610086
0.4676904006818083 -0.382261860865334 -0.7969576894903906 -64.36081677961036 0.3736087517690416 0.9026344766715839 -0.21369956042396238 -13.587828241073884 0.8010506786163211 -0.19780513454303505 0.5649698567505559 102.05377671431621
0.4632789507754707 -0.3814425475628817 -0.799921369058933 -65.31245754368318 0.3756389036880436 0.9020535073979556 -0.21259088368763832 -13.850797673937375 0.802663084864642 -0.20199270457069732 0.5611870628371536 102.7353670864412
0.46006098862873074 -0.38005865706972763 -0.8024333641669632 -66.31024989658708 0.3787826719263334 0.9014003666470043 -0.20976431168574453 -14.130470169197759 0.8030364712703295 -0.20744347710883002 0.5586587774435265 103.44245812640682
0.4556492038259523 -0.38087845971272993 -0.8045591351663556 -67.28808103833825 0.38224782771047106 0.8999813460844783 -0.20957140766477797 -14.400929347250177 0.8039094484227697 -0.2120499366348145 0.5556657476485025 104.12980107700895
0.4517141125345648 -0.3826628786428227 -0.8059301966336162 -68.25200408434071 0.38610050698374127 0.8982171743519364 -0.21007690545636262 -14.662565476566117 0.8042889773234548 -0.216275354601517 0.553483705223541 104.80489126716948
0.44913001346512266 -0.3833919698993978 -0.8070271546989469 -69.23167014193895 0.3902778430057869 0.8967088148632758 -0.20879776484735113 -14.930542727667412 0.8037197498279913 -0.22118747424562418 0.5523682331319137 105.48899917085825
0.44502221258315344 -0.383819643689749 -0.8090968492247815 -70.17414960449246 0.39475601197005455 0.8950549169631772 -0.2074714116054026 -15.18745731975553 0.80381771647625 -0.2270664588571249 0.5498344313891164 106.14077899163259
0.44162123557778543 -0.3862228205352091 -0.8098164095550163 -71.11190036370444 0.39864193888796734 0.8930819031236286 -0.20854092853135606 -15.442158616091836 0.8037756458405495 -0.2307306811217478 0.5483685475505521 106.78268890572247
0.43807089726933013 -0.38729235541896107 -0.8112327165491275 -72.03887943584209 0.4022543438597425 0.8914957383253257 -0.208390958042211 -15.690031033795686 0.803918734581806 -0.2350318701406591 0.5463283703109076 107.41209236572475
0.4351656342816045 -0.3872196598802615 -0.8128295059497432 -72.96082548900367 0.4062475385213633 0.8901138867648956 -0.20654347250306518 -15.935626058876636 0.8034885239912406 -0.24032936481109748 0.5446540078103457 108.03743591695194
0.4335716547073299 -0.3879112542212955 -0.813351387213921 -73.89188065275479 0.410314799886164 0.8885881054465354 -0.20506814441378823 -16.184928450677077 0.8022826093271157 -0.24481837698056597 0.5444323438811074 108.67302926948012
0.4307833940792197 -0.3898894321633083 -0.8138869074220086 -74.77443574177448 0.4137606105775259 0.8868135886438919 -0.20582472186560927 -16.419419798910294 0.8020148530545436 -0.24808847148530597 0.543345457141204 109.28088318124266
0.4285083611613633 -0.391967524530402 -0.8140897027529038 -75.64769200764962 0.41710529573818805 0.8850666577725109 -0.20659182841186108 -16.65211867837066 0.8015009399133363 -0.2510348004020674 0.5427501932796827 109.87872299263528
0.4253481116040274 -0.39552076364058325 -0.8140284451320223 -76.5543497839381 0.4221176179443152 0.882323749046768 -0.20813821967402674 -16.89290138985066 0.8005596171278597 -0.25508454950707243 0.542251023075908 110.50369140617656
0.42493712535037287 -0.3981954808122239 -0.8129383731622488 -77.48061223078959 0.42567874374309944 0.8804637278051404 -0.20876118208319455 -17.135705635115887 0.7988905097848256 -0.25734020882908654 0.5436450775051163 111.13063202955098
0.4286503324057622 -0.39903797270680297 -0.8105723834837174 -78.4061285997097 0.4279230641418873 0.8798297714679675 -0.20683670954171243 -17.37975566023418 0.7957014161755954 -0.25820199375037617 0.5478968759898919 111.75530372197532
0.43171676395869646 -0.40053806479475734 -0.8082016421460066 -79.29224041741665 0.4304622134582224 0.8788750258140534 -0.20562337363489241 -17.618868502761185 0.7926682272563211 -0.25912921033881453 0.5518415840143831 112.36533830195135
0.4348315781073026 -0.4015141573096001 -0.8060445894370079 -80.17335852555982 0.4319670094654878 0.87839338234925 -0.20452278254142617 -17.855486789934538 0.7901430259226212 -0.25925170650355617 0.555394050437019 112.98226767403801
0.4397761153131565 -0.4029478276671552 -0.802639406320416 -81.08441488671377 0.43594425989678887 0.8771296847213861 -0.20148478464539948 -18.09035317558015 0.7852067056916353 -0.26129784606629003 0.5614034778820016 113.62032287324203
0.44340683124322694 -0.40332909239876874 -0.8004473906707585 -81.97247118369093 0.4392591963106836 0.8762269942195704 -0.19818580437919714 -18.325173653598313 0.7813077117649183 -0.26372693799785135 0.5656910479324777 114.24910180138625
0.4483210773918347 -0.40298466640539476 -0.7978794208452537 -82.83531010836072 0.44272528726546423 0.8755414894357924 -0.19344616897800387 -18.544329177378835 0.7765323763900233 -0.26651540090337555 0.5709352060430117 114.87554568983049
0.4547972693650547 -0.40436651103250726 -0.7935030992589046 -83.69607585579539 0.4484599664884246 0.8737582831695034 -0.18822890598917852 -18.760286428761166 0.7694433716884505 -0.27024838084265945 0.5787250732572677 115.51293810574442
0.4605030903254878 -0.4049145785635991 -0.7899247355712689 -84.57965066003837 0.4516195253215623 0.8729868653034258 -0.18421112169471535 -18.98047014567237 0.764183687439743 -0.27191564330571605 0.584880479052461 116.17608202086043
0.4670991544486245 -0.4077224809141243 -0.7845895477704324 -85.42448215740211 0.4561268451177783 0.8712688490561824 -0.18121504856721402 -19.186741325580858 0.7574738814482532 -0.2732269591777997 0.5929421115945221 116.82427754192221
0.47496665779978836 -0.4093332190754187 -0.7790076955588144 -86.251613476473 0.45804849945138665 0.8708577807725801 -0.1783207722566001 -19.384477132376325 0.7513975286949194 -0.2721268847968029 0.6011228763255942 117.46030938942557
0.4815216091807127 -0.4111050768728481 -0.7740345959073062 -87.05009143186074 0.45971896058080636 0.8703902012444822 -0.17629343396761216 -19.574309154999735 0.7461872534253852 -0.27094928187201295 0.6081044889478456 118.08886575586764
0.48992361951776914 -0.4109857975971743 -0.7688078571476901 -87.87753150606301 0.4626702155715921 0.8700277859434308 -0.17025840158215 -19.768734803508647 0.738857982741978 -0.2722908846432187 0.6163980495415837 118.75864053223081
0.49668473317894635 -0.4108853814161532 -0.7645112681742902 -88.72558287300829 0.4657107415024467 0.8694690038589237 -0.16473359274238086 -19.96405078061321 0.7324054758644288 -0.27422044903156584 0.623205715840866 119.4534515351384
0.505358403860728 -0.4105843246420061 -0.7589686396720259 -89.54250282887023 0.4698036149671625 0.8686767183609553 -0.15711563366332448 -20.14588076269668 0.7238076035875305 -0.277166504714963 0.6318870798275328 120.13303326291673
0.5133018029945553 -0.41187444727165395 -0.7529148017718927 -90.3513677285565 0.47405142210813894 0.8673977902415974 -0.15131530881323724 -20.32052071714502 0.7153995444783217 -0.27924991167172064 0.6404865171036361 120.82389293151097
0.5230258323658183 -0.4137437890638617 -0.7451577387970427 -91.1200221618466 0.478371622118865 0.8660838533013334 -0.1451184006323126 -20.479702684075374 0.7054109226751517 -0.28056164396045524 0.6509075157876102 121.49794368506826
