1.0 0.0 0.0 0.0 0.0 1.0 0.0 0.0 0.0 0.0 1.0 0.0
0.9998756788893548 -0.009571638600312469 0.012530383077022696 0.025448525324463844 0.009587512505576821 0.9999533098342969 -0.001207375413874953 0.005186816211789846 -0.012518241470243992 0.0013273605160731578 0.9999207627330043 0.30864661931991577
0.9995005761836079 -0.01817524612490205 0.025850698964150102 0.05704655862828459 0.018191394522318074 0.9998344469738869 -0.00038962771368346424 0.01119073770909 -0.025839337723116165 0.0008596933878582579 0.9996657389114172 0.6634260153744898
0.9986681113476836 -0.026576472138364726 0.044223234910275064 0.10250947726205437 0.02657092818697971 0.9996466760875199 0.0007132758620422909 0.016722867392196063 -0.04422656613996857 0.00046272654098118715 0.9990214195559649 1.0941619207681716
0.9967752087596649 -0.03787825394911902 0.07074193296689668 0.16472752282524666 0.03784035153017214 0.9992820358754924 0.0018763188973114119 0.019622365742559822 -0.07076221448061001 0.0008066314508239567 0.9974928863643605 1.5262582034852317
0.9935342359206573 -0.04979969962158294 0.10202799601656458 0.24750061626752964 0.049788604373454184 0.9987562444202 0.0026568978530807073 0.024517807603892626 -0.10203341084223179 0.0024401125503053177 0.9947779797133843 2.0599250363293766
0.988736364106214 -0.05873698197653997 0.13766034012129993 0.3375652757488191 0.0588662268305008 0.9982609553349318 0.0031356646073232193 0.03598452063113679 -0.13760512211674533 0.005003199184243032 0.9904745319114261 2.491994282721711
0.983187914855712 -0.06958658242362405 0.16881715442536493 0.44449642654297805 0.06984476044568637 0.9975480997976269 0.004415657191020755 0.04800898677517518 -0.16871050210334276 0.007449572923604729 0.9856374943879185 2.9418134771480022
0.9756824764613011 -0.07822142922931002 0.20475622856378956 0.5651748319683063 0.07795983201268467 0.9969125903615883 0.009356910339540845 0.05275151437026912 -0.20485597311012627 0.006833387730274332 0.9787682744619541 3.393026417544484
0.9668220753102952 -0.0883417958564946 0.23968896886912316 0.7141998383115262 0.08740931758927939 0.9960663657230342 0.014539816844904203 0.0612514181392569 -0.2400305936568723 0.006893633305906217 0.970740846945555 3.8979069769346246
0.9567581735634245 -0.09876277632453472 0.27360502797326325 0.8827670875133081 0.09682440947106534 0.9950879834553149 0.020614046507533835 0.0704571492053193 -0.27429697601351666 0.006768987775525963 0.9616212090809642 4.400368683866834
0.9444982500241187 -0.1085983714274607 0.3100474954336521 1.0771926346821847 0.10576258811955064 0.9940515657105429 0.025995377717443653 0.0825237441716336 -0.3110262539652104 0.008238836794206112 0.9503656090750795 4.880762181816033
0.9293929034804443 -0.1185524901436844 0.34953417292293654 1.2926033397870498 0.11453862081057574 0.9928964366916837 0.03221133880745301 0.1062292248568675 -0.3508699692236439 0.010098172393507368 0.936369740866988 5.39405408654088
0.9128021095875823 -0.12815573348898668 0.3877736668552407 1.5263224719455188 0.12273361093041812 0.9916796634098977 0.03883176441024531 0.12357370265228038 -0.38952377267689337 0.012147145884192766 0.9209363047281979 5.892555896058686
0.8938659457415663 -0.13862621613571338 0.426364214309116 1.795884872423171 0.13115057701538554 0.9902472555417877 0.04700956328757864 0.1520957318152782 -0.4287227509615821 0.013897664978402557 0.9033292078285089 6.377000375752981
0.8741486920633572 -0.14786837748873 0.4626002670803082 2.0510691914152903 0.13897756954455642 0.9888512350441988 0.05346466230184982 0.18467569393778857 -0.4653485783016964 0.017554996166712813 0.8849534014750023 6.793995444597809
0.8534180296228063 -0.1582674438233156 0.4966176425987712 2.331553570874726 0.14794608654350472 0.9871519810689072 0.0603566214113577 0.2211921930874022 -0.49978957791373463 0.021963207811378515 0.86586834756298 7.19943097108686
0.8292348688390117 -0.16679091485489733 0.5334325852658551 2.6500440941111174 0.15499479421101314 0.9856246071975356 0.06723650388136962 0.25118207760321615 -0.5369787203130428 0.02692442030146872 0.8431660153981522 7.635970437740323
0.8028816979967021 -0.17439556081020086 0.570058915719795 2.9864342570707274 0.16058856515274 0.984174817368623 0.07490822117512809 0.28991113836974475 -0.5741012905090154 0.03140250351696926 0.8181818813740317 8.077690231432927
0.7760342980813335 -0.1807152511142803 0.6042456174571023 3.3471384792959635 0.1641701264221028 0.9829234401069912 0.08312448784076237 0.3426187909779019 -0.6089490436743972 0.03469162583305767 0.792450347532952 8.521898827223637
0.7484890110535584 -0.18781362117165432 0.6359954748537575 3.737556051238543 0.16856655173695503 0.9814394786958993 0.09144324629317287 0.39229708404453223 -0.6413653545114351 0.03876329913090128 0.76625575930815 8.95142819808566
0.7224118813449465 -0.19420509684539475 0.6636305101869006 4.135672440204326 0.17284015645170883 0.9799984227466452 0.09863757768638011 0.45211528953333013 -0.6695127735968925 0.04344504313910506 0.7415289436139614 9.352436545482318
0.6949811297621135 -0.20293735924839224 0.6897953736405207 4.562207413714029 0.1794360794167449 0.9779416092250071 0.10692475087626445 0.5105713961078137 -0.6962786243150971 0.04946349328234485 0.7160652485312937 9.756477495759125
0.6682844372976627 -0.20875248245130235 0.7140156244342033 5.0019713276363555 0.1838812929735622 0.9763901869624528 0.11335727986237934 0.5738461267637747 -0.7208214626106229 0.05553921023786284 0.6908920430617487 10.14247225512511
0.6423581402484526 -0.21389007930061313 0.7359531599452013 5.4399896016340605 0.18855208159324247 0.9748572137928893 0.11874984312756191 0.6422084376253061 -0.742848660349741 0.06248557187657604 0.6665368865440627 10.52003516297691
0.6173731487209226 -0.21851837868960458 0.7557116602337695 5.949784865610341 0.19511635397627516 0.9731630818081989 0.12199682215768434 0.7306790128510604 -0.7620892360146667 0.07213414157273473 0.6434412653616073 10.923578369890045
0.5954566676546511 -0.22387825081654586 0.7715632739814293 6.465404533652112 0.2030295429556361 0.9711481065629368 0.1251013980994954 0.8150025250498891 -0.7773096948017848 0.08215767724654038 0.623730514274081 11.286946710069447
0.571692566078022 -0.2281927412465185 0.7880962395123619 6.990050530841712 0.2100167232000441 0.9692436171564667 0.12829569976333885 0.9047739715923586 -0.7931333972715073 0.0921676919741847 0.6020336624215537 11.65543565714071
0.5460642759460532 -0.23195999601751155 0.8049896687430645 7.555309972267418 0.2161710045602076 0.9673760173991552 0.13211259496497704 0.9945343399357797 -0.8093725367980701 0.1018734568398726 0.5783925098655336 12.039607304234638
0.5266789593720316 -0.23781255670983045 0.8161215973284421 8.154984417649054 0.22400836959152134 0.9649635983945895 0.1366217556844965 1.0980162237429059 -0.8200180023071095 0.11086226429448186 0.5614980269313137 12.438775809632638
0.512198828800223 -0.2432838142139821 0.8236900785593916 8.765621952104068 0.23238697641272543 0.9625262179595081 0.13978402245720722 1.1990050408290345 -0.8268304862361034 0.11981763427001163 0.5495407915237107 12.81814021646794
0.5049423779512817 -0.24850356564213955 0.8266070244148956 9.41149871541473 0.24042305102329192 0.9602525091756722 0.14181634305846832 1.3062303126102173 -0.8289933362129979 0.12712630131081623 0.544618170858699 13.221912947778467
0.4957273002185624 -0.25395425220995826 0.8305189230851374 10.032414797255742 0.24726990393723736 0.9579846074687706 0.14533783560991592 1.4043401129962183 -0.8325335058872315 0.13331440146280688 0.5376943666598422 13.600622660078784
0.48836343601687754 -0.25947742788041916 0.8331702219728878 10.707182592583909 0.2542245822460697 0.9556593089824772 0.14861072281953838 1.5154622547258252 -0.8347880067080509 0.139236308395821 0.5326746045013816 14.015092379553044
0.47226875767088283 -0.26470701853745854 0.8407689426144441 11.420583057379014 0.2596451975818718 0.9532989221620751 0.15429042866392093 1.6361637042718356 -0.8423458861421901 0.1454350691602109 0.5189432037879415 14.43395588090291
0.46012823269610226 -0.26901323207689665 0.8461169484435963 12.116638916764622 0.26460843611664764 0.9512351571524581 0.15853722380892246 1.7539138517939468 -0.8475047994034391 0.15094222989170428 0.508873322373512 14.833861575378684
0.4490306340340504 -0.2721561445858148 0.8510596469479468 12.830621573291861 0.26946970442483204 0.9493833698631035 0.16142272276408723 1.8829758122357365 -0.8519140614499636 0.1568510439607043 0.4996400523499541 15.228203680556918
0.4356431840111717 -0.2773009738259645 0.856340578356404 13.555224818667684 0.27590398490853196 0.9467065675671698 0.1662036883970406 2.0137077789477242 -0.8567916942502427 0.1638622739997214 0.4889347071168494 15.62521946445501
0.42235278258176306 -0.28092098819962935 0.8618013259646252 14.258846520930527 0.27905971340706476 0.9448821372714974 0.17124083338507348 2.1387653504125526 -0.8624058229155281 0.16816998856571078 0.4774673303454382 16.000467208941533
0.4103223953219716 -0.2871610938088141 0.8655484030946886 15.005089119845152 0.28414972810319533 0.9421371505132323 0.17786658382531512 2.279722290152417 -0.8665416688862227 0.1729627006765711 0.46817671904799696 16.383761804165868
0.39921337137984453 -0.29297615807397437 0.8687886134795689 15.771900774703536 0.2914255517802061 0.938977880346217 0.18273392676273212 2.4252788194724273 -0.8693099745666909 0.18023737409521576 0.4602332637892665 16.770107229871346
0.384965466216668 -0.297464029152454 0.8736799993023601 16.525044687975992 0.2963456087074609 0.9363498258756459 0.1882240255186693 2.575145054239214 -0.8740599922318768 0.1864514814718194 0.4486145060478717 17.122936589503777
0.368467879220569 -0.30044555569378606 0.8797521753576675 17.304142092230105 0.3004028544746522 0.9340468961478193 0.19316966847853123 2.7285253722159912 -0.8797667571613382 0.19310324663370332 0.43442098146077845 17.482243213596576
0.35303305777755634 -0.30224088017800244 0.8854479716310016 18.01294284831206 0.30444603551227445 0.9319896607536777 0.19674319228147105 2.884419446227163 -0.8846921902995909 0.20011427384739786 0.42103919749287144 17.80241444509746
0.3301372856666609 -0.3050585997022755 0.8932797005195722 18.786019674351532 0.30650020539494366 0.9297048074839123 0.20422192593881525 3.05962535566221 -0.8927860867562324 0.2063691393813243 0.4004307450802257 18.132032343964717
0.30496027342473964 -0.30644189379045805 0.9017164728243717 19.55888538418134 0.30652841558158284 0.9280183802589087 0.21171257955699382 3.2332004763749524 -0.9016870643819578 0.2118377955695103 0.37694188715834953 18.444637140654322
0.2787388750057148 -0.3090012800042851 0.9092979976422814 20.315590678846405 0.3076579233923818 0.9256548082134266 0.22024935460802622 3.4071373273663323 -0.9097533961104164 0.21836067637529913 0.3530826720167475 18.73115873515671
0.24944949258964566 -0.31082989118112214 0.9171476050206426 21.10062151602968 0.30832553997810785 0.9232930596040378 0.22905302330295316 3.5935921743176937 -0.9179925446559885 0.225642870118572 0.32615177926952466 19.001640908972057
0.22139382641300576 -0.31362316623162856 0.92337710781081 21.864605181605693 0.3101754874431112 0.9203477867993483 0.2382249322026766 3.7796008091499766 -0.9245409350675806 0.23366741522169876 0.3010375366095962 19.24571905057205
0.1885586509276176 -0.31530305532489494 0.9300696847350436 22.6226963666435 0.3100290603274625 0.9177388659453871 0.24826871668767678 3.977627290617814 -0.9318409826321377 0.2415354161113056 0.2708007124272589 19.455785633491317
0.15541322974771504 -0.3163790595771489 0.9358156969619942 23.435972420505195 0.3071066534326818 0.9158581184101688 0.25862987135975607 4.189999843339043 -0.9388994788776712 0.2472007233065149 0.23949858237570681 19.661880096726915
0.12816550218946765 -0.31576269481014707 0.9401422895576794 24.212995446443934 0.30580047353895645 0.9143534372571149 0.2654126262246191 4.4066580199789955 -0.943429740061162 0.25347921481323327 0.21374894906360398 19.832900509552616
0.10129812638967 -0.314207121188712 0.9439346241049985 25.06590912975501 0.3067810093401316 0.9124426273245269 0.27080226023681003 4.6503870864435735 -0.9463741870413588 0.2621494551499524 0.18882150636617262 19.99551598153474
0.0781723093111849 -0.31322087147357075 0.9464574875451582 25.91995247387016 0.31068077117321596 0.9097402330482268 0.2754090898946034 4.901843336725365 -0.9472943304381022 0.2725167775508413 0.1684281967876311 20.134629998542685
0.05308713943416915 -0.311567769302588 0.9487398382899848 26.75956548405162 0.31123547526088213 0.9079173947632724 0.2807462969041714 5.150509931200907 -0.9488488997547659 0.28037747665973745 0.1451696800853693 20.25394829957234
0.026795157936636338 -0.3112393965520048 0.9499537133698118 27.591241823432448 0.3117521199277992 0.9055023871932911 0.28788199406662146 5.394975564826081 -0.9497855732909791 0.2884362404781949 0.12129262115698192 20.346935251953944
-6.44006733192537e-05 -0.30979209169384175 0.9508043204448052 28.389421222023735 0.3134933184550683 0.9028684079558813 0.29419479465014586 5.639467276702667 -0.9495904038776838 0.29808974796052057 0.0970596055228482 20.412521411274362
-0.026424587342585293 -0.30456420598833583 0.9521251942966686 29.23209072647513 0.3147108396210471 0.9014918309609026 0.29710194569503456 5.903270763036543 -0.9488197028987067 0.30749491563512765 0.07202810735925325 20.472796094775738
-0.04886568407069758 -0.29596248461304636 0.9539488207561112 30.016139230152028 0.3177676035618317 0.900857774150601 0.2957685258424154 6.152571414479025 -0.9469085990986003 0.31758696203417613 0.05002625809541811 20.50020136524325
-0.07353181468081121 -0.2849168902913569 0.9557277006849021 30.774201404910777 0.31890544977901936 0.9012875974569883 0.29322343148433977 6.3966882310390645 -0.9449298314324659 0.32634802327716467 0.02458823645768382 20.510629407510994
-0.09644514788728076 -0.2743955041504504 0.9567682272896719 31.63264614077706 0.31836525635777885 0.9022467070356754 0.2908512389307054 6.670877085341294 -0.9430492548076409 0.3326529527079246 0.0003406779314123476 20.51263686346839
-0.12153750097555666 -0.2679121827676607 0.9557466705049432 32.466751102137714 0.32071124594237044 0.9006387044839799 0.29324771220166596 6.9266177738909205 -0.9393470778060201 0.3421592996107022 -0.02353892748628922 20.48522989886825
-0.14620831509351812 -0.2644498934799281 0.9532520036359582 33.290830089404835 0.32399003514016056 0.8976614842356379 0.29872113559262775 7.185298996987482 -0.9346943809221235 0.352519664073263 -0.04556644285306566 20.43985912171318
-0.17187626501215703 -0.26433898859086713 0.9489907526610722 34.09674937395711 0.3250237425864332 0.8941676318186617 0.3079347543927358 7.444561892338394 -0.9299559754529131 0.36137120156227714 -0.06776974546844111 20.368513211401087
-0.19164963979128458 -0.2657228029645911 0.9448078151415303 34.86954892301189 0.3265728083991772 0.8905335338148894 0.3167021091900711 7.691465365729442 -0.9255380145526954 0.36924438673567733 -0.08389258895783552 20.288133108250136
-0.21001286583443146 -0.26683005318619674 0.940582967579501 35.66347736652802 0.33035432964362094 0.8860896829129884 0.32513242028575634 7.96233719957666 -0.9201959644932829 0.3790076470888302 -0.09794177034578155 20.18221717385211
-0.2233534792470926 -0.2669280911771859 0.937476729017165 36.45328868546444 0.3348047285355246 0.8822496324560132 0.3309703608806743 8.230524637434637 -0.9154337862775618 0.3877950233973278 -0.10768473786843574 20.073193371110854
-0.23782572095184729 -0.2634167096108487 0.9349067138231109 37.20241836136193 0.337795978823947 0.8800104890385875 0.3338793432850225 8.49957288056997 -0.910677112452106 0.3952128240326472 -0.12030802373920979 19.962111077946727
-0.2520382890088713 -0.2595096678361553 0.932272188351154 37.98947109824423 0.34196068795979856 0.8773362197175594 0.33666607411761007 8.786129073557301 -0.9052842585417811 0.4036531801822837 -0.13238021515765436 19.83329701804076
-0.2664909475554238 -0.2569418283550466 0.9289582723204407 38.781589324836524 0.3422994721322364 0.8757535237276906 0.3404215578610226 9.073184733919664 -0.9010070178688979 0.4087011897708386 -0.1454293341485695 19.695658278519556
-0.28004912491395334 -0.2565525245569935 0.9250693432269617 39.60359886564203 0.34428627649176136 0.8726838527562348 0.3462511414536748 9.371924958431414 -0.8961246829846656 0.41545600884084893 -0.15606683588663234 19.54451299513619
-0.29280833419039376 -0.25472935245456274 0.9216161003512938 40.36354583322353 0.3471450747013406 0.8697730649213354 0.35069233331789174 9.661020272068983 -0.8909284912602401 0.4226201279345623 -0.16624876217682605 19.397452354096185
-0.3013683472029401 -0.25136772122611545 0.9197779014684784 41.10147713577918 0.3535751411347176 0.8663936071788791 0.35262832701179075 9.943350741800169 -0.8855290728574261 0.43148161741279295 -0.17222623191345604 19.240201181907167
-0.3105133975666948 -0.24655800346732418 0.918036263367518 41.83712288143428 0.3579451439918644 0.8643590527002808 0.3532119787149309 10.233742765000386 -0.8806001952215498 0.43828367405286756 -0.18014082611803606 19.07959664464733
-0.31654390722360876 -0.24331559643455236 0.9168410305670824 42.59870214988491 0.3643282731462828 0.8612240002508353 0.354341827587708 10.528637365025618 -0.8758223930602935 0.4461958560135308 -0.18396845895558728 18.908491142367374
-0.3192682354156399 -0.2405981502309802 0.9166135084974552 43.365830397793864 0.37301145173144856 0.8572510359284171 0.3549410067558454 10.824204671453595 -0.8711660293720025 0.4552287243848817 -0.18394716024753593 18.732617713331795
-0.31980901428872227 -0.23785005261282322 0.9171420538017834 44.16605052067652 0.38118130694503416 0.85388902739749 0.35436469932238507 11.127089722620221 -0.8674231986840977 0.46292643191142796 -0.18241741425204588 18.557524524502597
-0.3165371967192611 -0.23516469905460252 0.9189677727818697 44.93450342893569 0.3898744904557108 0.8509193612899051 0.35204278472066436 11.423549125421545 -0.8647555057847343 0.4697167283592723 -0.17766291203976697 18.395033563702437
-0.3110512451249757 -0.23139247125565932 0.921794254241369 45.712999919186835 0.4014042077755393 0.8471683410333273 0.3481098446337481 11.714936946894333 -0.8614649063579399 0.47829209296938985 -0.17063085569927422 18.234518600764783
-0.30534771536857547 -0.22817898195272518 0.9244983098492983 46.5566496572703 0.4093328114971381 0.8451369868682672 0.3437879038870836 12.02529734216045 -0.8597728898674577 0.48340234341823807 -0.16465950390644352 18.073051917687092
-0.30284017230683435 -0.2260935951633667 0.9258344972311578 47.42897890993429 0.41642635561422636 0.842418499005372 0.3419359046420689 12.34485559919732 -0.8572496254808286 0.48909381386359796 -0.1609668315316526 17.912131589409004
-0.30405890074328146 -0.22368204946680223 0.9260208019397396 48.33215604594646 0.422067801507514 0.8398068502075405 0.3414428579939894 12.676202148950217 -0.8540532511555712 0.4946623040932277 -0.16094175685563417 17.73893573509358
-0.30713301050157127 -0.2210672870437106 0.9256341439571982 49.15267407176199 0.4283267352158847 0.8364493829439805 0.34188980340445296 12.976404327103774 -0.8498267598514082 0.501479495464937 -0.16221218779330093 17.581203749679442
-0.3119254089619815 -0.21919004318505408 0.9244772924266096 49.96512822375756 0.43420880626787794 0.8325807576732925 0.34390695618377787 13.27383208688952 -0.8450829851578632 0.5086894995188131 -0.16452884633393128 17.42631430284931
-0.31728982204643774 -0.21630836686814525 0.9233297673359048 50.813032423270094 0.440752486855592 0.8284556454349272 0.3455408642658774 13.59030723484319 -0.8396811383831074 0.5165964904737876 -0.16752209368860793 17.254324538916922
-0.3215480266451322 -0.21310143598037065 0.9226021052131443 51.702451971071305 0.4480265243060336 0.8241393710700646 0.34650617681434503 13.927387391345158 -0.8341936825934833 0.5247685918910764 -0.16952529276122935 17.07502667196215
-0.32449101893757604 -0.21186444642860547 0.9218562984372101 52.55848893630762 0.45232704809834734 0.8211790080210489 0.3479443609892274 14.244576221056615 -0.8307260801175615 0.5298853584739505 -0.17063319339285643 16.900204841088563
-0.32735600206021653 -0.208979452854267 0.9215018373285443 53.44924884248332 0.45915308397640264 0.8171748239898281 0.34843041272562914 14.582709939151684 -0.8258428987344447 0.5371711974053756 -0.17155352309983318 16.71424566101825
-0.3317619926874202 -0.20680436364094926 0.9204161751007716 54.30843746354529 0.464321106767296 0.8135122690670671 0.3501481085023098 14.905203277552962 -0.8211820078511618 0.5435344913217688 -0.173868820451283 16.53969680262057
-0.3357354392480298 -0.20348458107859851 0.9197150320051313 55.21451672299295 0.4717095329189243 0.8088191696656147 0.3511433714807042 15.244562632800154 -0.8153354103596524 0.5517296222287623 -0.17556364250312323 16.354996573338735
-0.3378602345786909 -0.2003388512615444 0.9196275368678545 56.07365773982551 0.4792061069281208 0.8043412463297754 0.3512786166783544 15.566881785258518 -0.8100691137015573 0.5593742075997682 -0.17575132118679798 16.178444924469744
-0.3391475508859212 -0.19752287550998643 0.9197628239814589 56.9446983376538 0.48733252278251044 0.7994031457971753 0.3513710613127017 15.898308636033313 -0.8046651172795524 0.56739697226884 -0.17485629783807544 15.995354028642096
-0.33793869174769314 -0.19537676475574903 0.920665715889016 57.863446828347655 0.4967638288829872 0.7938284866310267 0.3508019842113327 16.246899972651363 -0.799389228682356 0.5759029897531968 -0.1712092505093037 15.800376120823872
-0.33678378554976474 -0.1938658912346882 0.9214079975811748 58.78994976733525 0.5044316625267357 0.7891508413975663 0.35041353764092326 16.59483403142972 -0.7950631293370883 0.5828009657998976 -0.16798111391291332 15.610543458346767
-0.33905490021602647 -0.1912032238980457 0.9211314248306234 59.61666981294403 0.5100636249515712 0.78536405161595 0.35076830662225267 16.900713392754852 -0.790491538943184 0.5887653468066658 -0.16875572067003614 15.448610145334808
-0.3395004729483931 -0.18785391591276085 0.9216562998992949 60.50915167159379 0.5173130093457972 0.7810626422829343 0.3497547700769732 17.23247595110378 -0.7855741080441824 0.5955267039405056 -0.16799186189915516 15.26857064328646
-0.3400751040192184 -0.1845375185801852 0.9221143247247522 61.41374874743571 0.5237169988425154 0.7772594843019092 0.34869499449536 17.568881014964123 -0.7810694135284691 0.6015094332585302 -0.1676811645692362 15.08498406025886
-0.3408206752654964 -0.18015523807904518 0.9227054554429889 62.32467934185272 0.5292326908947327 0.7744170848920786 0.34668564653815037 17.906579443714026 -0.7770161042088454 0.6064835272453305 -0.1685933123827012 14.910571692001474
-0.3444574663389911 -0.1744907026059373 0.9224435205406396 63.20563396662734 0.5345428698499619 0.7712905536090344 0.34550658778963417 18.23094969333969 -0.7717596608892499 0.6120979305777432 -0.17240402897425178 14.735889881077435
-0.35064551483362305 -0.17007689954613642 0.920935161218116 64.0678657358332 0.5393044658799022 0.767277212622856 0.34703943878426047 18.553295741522838 -0.7656359552744747 0.6183522679108361 -0.17731908177200972 14.558762397588463
-0.35706114049926385 -0.16873891678114375 0.9187135135116343 64.9513554259907 0.5432498215111624 0.7625868666040594 0.35119923449673607 18.889552194845514 -0.7598598379789893 0.624490551446961 -0.1806227498960622 14.364855589115539
-0.36616437837543886 -0.1691071226875756 0.9150554240401279 65.82546943012107 0.5473794675160708 0.7560841379643524 0.35876523641585656 19.22730569402713 -0.752528648325598 0.6322496005337069 -0.18428531160734657 14.169129696627827
-0.37493400946030786 -0.16606379247241196 0.9120566349628172 66.68835359787187 0.5498261774595332 0.7522789090154046 0.36299809590524107 19.57348705900222 -0.7464018107763779 0.6375729447524201 -0.1907487273600323 13.970191476028273
-0.381717030563295 -0.1623240324188271 0.9099137415586339 67.52637559692137 0.5529734163801246 0.7487294930965258 0.3655469148335317 19.908159833178914 -0.7406163037327994 0.6426935931427289 -0.1960419240327299 13.772166081557412
-0.38822486698004804 -0.157764286696914 0.9079602868525349 68.34967337113824 0.5563059303098071 0.7453580983798715 0.3673758526110301 20.24055866009942 -0.734714342149698 0.6477281335734578 -0.2016013403154373 13.580163247544903
-0.39619349740486864 -0.15348100381468027 0.9052481947411642 69.22821244451544 0.5594361443443012 0.7414330517804286 0.3705512516896181 20.597109783782678 -0.7280535097197739 0.6532385561152976 -0.2078881328722753 13.366674943467965
-0.40069986848583805 -0.14967367966587802 0.9039012141880929 70.1035834757634 0.5658749175599007 0.7354772508512555 0.3726376137172082 20.960406422620576 -0.720572822879137 0.6608108678703428 -0.21000905654860813 13.146121072353603
-0.40376321507881147 -0.14758659715832453 0.9028806468678171 70.94957922112333 0.5705868998455716 0.730813168861218 0.3746234135016716 21.311757042651024 -0.7151264614554834 0.666431023106106 -0.21086449575001404 12.932550141162105
-0.4092373858427866 -0.14727348963132608 0.9004639255852362 71.80742431361415 0.5758681453588868 0.7238101606212946 0.38009831694219853 21.668727646576784 -0.7077433441506027 0.6740989323780209 -0.2114000666445831 12.70842852255032
-0.4112450161247753 -0.14936950445011404 0.899203140482094 72.63234933424377 0.581353760981836 0.7168257564370413 0.38495277567610536 22.014111753812486 -0.7020721767060759 0.6810650380461407 -0.20795449657653842 12.493972536652857
-0.41455223428057186 -0.14731073325978203 0.8980233810538851 73.47232115654359 0.5857933349849406 0.7119790639603328 0.3872105127309815 22.36314874265658 -0.6964141108135355 0.6865750944715616 -0.20885886601042136 12.277480129595494
-0.41795040024128083 -0.1411381524446394 0.8974394045631532 74.30230041765499 0.5889780976564394 0.7100279696509902 0.38595994972832925 22.71718378673701 -0.6916807525290515 0.6898842687275935 -0.21362919356454713 12.067169924879577
-0.41900528508791596 -0.13357455865103116 0.898104898299512 75.12922440368125 0.5944257655323204 0.7073403612911451 0.38252793696647513 23.076094829383006 -0.6863618435925102 0.6941379189827444 -0.2169791904552047 11.851416478440068
-0.4228581916728431 -0.12766995162590467 0.8971573625552054 75.99786303377519 0.6017951954470446 0.7006329814888885 0.3833483637461419 23.46051539910464 -0.6775201048471009 0.7020069862201017 -0.2194372320873179 11.611107815931566
-0.42377610355837336 -0.12334035006116095 0.8973299126295038 76.84621270363999 0.6091504179066237 0.6943721847462776 0.38312274458046325 23.829619474720044 -0.6703354253036822 0.7089671551612751 -0.219125513086587 11.37837503620472
-0.42366981624384936 -0.12141429111182225 0.8976427221994929 77.6779535030696 0.6151600084730798 0.688835684748011 0.3835147499029714 24.184066384524193 -0.6648925106957535 0.7146775282122364 -0.21714967163029442 11.161695752749338
-0.4232819545134135 -0.119442798736969 0.8980900872480357 78.53969427746702 0.6218056212603484 0.6826512147587462 0.38385555663223137 24.54651102918201 -0.6589310710175509 0.7209165949111506 -0.21468373676032232 10.936941440832642
-0.42189778807259287 -0.12086600561198896 0.8985508695153862 79.40277064917207 0.6284276363937875 0.6753879076092661 0.38591434292041477 24.911038003422746 -0.6535143167796492 0.7274906067727476 -0.2089891260842256 10.72073844498506
-0.422735312572571 -0.11953251990904978 0.8983355899597675 80.25050402917867 0.6313696969531006 0.672267859611445 0.38655947886812536 25.265466154508445 -0.6501285728788736 0.7305942113222904 -0.20872215289432017 10.513166385092251
-0.42226036845865483 -0.11807685471198426 0.8987513769727901 81.05871289012526 0.6351864588395453 0.6688140982958062 0.3862976370981921 25.603252010318368 -0.6467104017533968 0.733992887092302 -0.20741286836131329 10.321447776745682
-0.4236583000648911 -0.11385996472517007 0.8986376095061402 81.83342220580258 0.6432791804449762 0.6606374733150935 0.3869754835359591 25.943622103173432 -0.6377346946749619 0.742020240481776 -0.20664080410993596 10.123354873227058
-0.4216035638104048 -0.10978586626595849 0.9001097147295987 82.69747719425392 0.6526175201708113 0.6524318585888849 0.385257111893284 26.308874938219848 -0.6295560398792683 0.7498531412659994 -0.2034194169322257 9.904890065961206
-0.4197376872955824 -0.10435543781669465 0.9016264284402062 83.55802955533899 0.6608362567002062 0.6458127856610946 0.38238892205072667 26.673587474899705 -0.6221862387534904 0.7563304757014249 -0.20211010818620978 9.693392097468255
-0.41495832856660003 -0.09985682500862392 0.9043440717185085 84.36703275336444 0.6704095511929814 0.6384221014169693 0.3781114307867011 27.011073890601995 -0.6151102496483365 0.7631813905760139 -0.1979735988863744 9.496581299697446
-0.4044424311845108 -0.09515163465254967 0.9096001793538249 85.16880847500634 0.6831620986815596 0.6298048267764857 0.3696422961378314 27.33589727226462 -0.6080426521080324 0.7709033964070913 -0.1897158048910047 9.306008794199773
-0.3944884642221932 -0.09160455442180282 0.9143234970210483 85.99758509263916 0.6932489169269761 0.6234386757606478 0.3615662549870839 27.657375830197022 -0.6031457458816984 0.7764874906751513 -0.18243460759904273 9.124404315488052
-0.3841905608246001 -0.08843415943438093 0.919008711829444 86.8181511417639 0.7018981327455912 0.6186738320789015 0.35296133038770694 27.96406409683876 -0.5997804800270946 0.7806549102810679 -0.17561687513597968 8.958458582033682
-0.37343926116792636 -0.08671285242975257 0.9235929836469359 87.62911566259041 0.7123260123438535 0.6109861520918483 0.34538033251808253 28.264876343125202 -0.5942514369832501 0.7868778832674693 -0.16639839683076746 8.795213214804274
-0.3621758762365315 -0.08436464033566887 0.928284030958916 88.40342707255144 0.7231351653032805 0.6029522122443769 0.33693346887984976 28.54430304264474 -0.5881361809769039 0.7933040005008452 -0.15736770766347663 8.644771651976509
-0.3502736077688434 -0.08165695104843768 0.9330812087091196 89.24924249581517 0.7332170003768768 0.5959869855285367 0.3274024181934872 28.845264993060045 -0.5828389400674372 0.7988314311706075 -0.14888624689670105 8.489593600946383
-0.33880411433502294 -0.07889977412543114 0.937542851155411 90.07126384064041 0.742875618134576 0.5890612592095068 0.3180293207861223 29.125732715458486 -0.5773626140397669 0.8042273674412397 -0.1409636597414422 8.351007285754608
-0.32722392720719473 -0.07422478743020011 0.9420271664840896 90.8670316273413 0.7515333034347118 0.5838771437670418 0.30705891098444155 29.38668183989412 -0.5728195137140584 0.8084418110893223 -0.13527617229581368 8.222207955478199
-0.3165834981976241 -0.06662561900362313 0.9462219166566261 91.65999470803894 0.7592102637410512 0.5802176240777989 0.29486824878199025 29.640600745737622 -0.568660411932463 0.8117318126092499 -0.13310447137081205 8.10087857270459
-0.3047398487336989 -0.05944434104877766 0.9505787683885221 92.51024322875107 0.7686208857067736 0.5740434443169763 0.2823049027063431 29.89902172158011 -0.5624549392165541 0.8166642482403521 -0.12924375032055985 7.972441162833945
-0.29153513438568673 -0.05930813218554587 0.9547197551508935 93.34078835739284 0.7776264400075978 0.566531995728718 0.2726510913544016 30.13508576023789 -0.5570497152138487 0.8219026969613241 -0.11904440981361702 7.844754132917164
-0.27882680625162826 -0.059655627191028626 0.9584867334814614 94.17650694921687 0.7869354787979708 0.5578749832455288 0.263643803791801 30.362024709798842 -0.5504436068522601 0.8277781763330356 -0.10860537031946604 7.728165574553677
-0.2674023174556963 -0.0562438436623352 0.9619421139909667 94.98873018520113 0.7951343558257167 0.5510222413641008 0.253250559145889 30.579202730622384 -0.5442952845698241 0.8325930095623969 -0.10262321191077939 7.622344364075573
-0.26244770994821653 -0.050134136920647554 0.9636429670049788 95.85949249013946 0.7994346092364992 0.5479717288194732 0.24623421770640086 30.80503253524364 -0.5403938425794862 0.8349931453190614 -0.10373496118646885 7.517317796655502
-0.2592776724537517 -0.04322672188419502 0.9648349802334655 96.67510981172903 0.8032742361480321 0.5449923321848964 0.240278711916939 31.014216464648612 -0.5362141271057308 0.837325986921948 -0.10658143139133164 7.416064234305752
-0.2585579295293738 -0.03904635729865258 0.9652062883442014 97.49316711933166 0.8078120193019754 0.539163541077837 0.23820666960367143 31.22114336835095 -0.5297051430265225 0.8412954641231069 -0.1078628921230001 7.310051439091718
-0.25469269470422595 -0.0371640982334851 0.9663076430758437 98.33408659999188 0.8137826623447113 0.531566760606714 0.23493521976331794 31.42203562442339 -0.5223881791651244 0.846200690628752 -0.10514267187003423 7.202377408656611
-0.2513525138901483 -0.035409074373320915 0.9672476989960368 99.16893450084869 0.8197213813226989 0.5235911595309091 0.23218345045132927 31.620644799907808 -0.5146637453362239 0.8512335138568635 -0.10258037884209487 7.098630267746093
-0.24624949183340017 -0.03588032681976144 0.9685420950682005 100.02446272429783 0.8262045189652523 0.5146717050984845 0.22912688365273703 31.817831591873237 -0.5067023589970628 0.8566362344182773 -0.09709315768109439 6.997392431374726
-0.24117648187639484 -0.03727942889117131 0.9697649966725308 100.85093411856086 0.8322692949747975 0.5060191780945649 0.22643412296439547 32.00352103809475 -0.4991610213466984 0.8617162152252037 -0.09101340113451378 6.906303953433883
-0.23562435365075052 -0.03772972313309192 0.9711115445503502 101.67224162169748 0.8384903955522442 0.4973013484424744 0.22276720001817574 32.19169963300792 -0.49134002537276295 0.866757080634244 -0.0855402983224618 6.817971552533834
-0.23132418851064623 -0.036011615814026066 0.9722099996072627 102.48842735353006 0.8444475278138952 0.48880863753414133 0.21903079381908158 32.37059523730431 -0.48311229810354817 0.8716474513233428 -0.08266334146784182 6.736645823425974
-0.2287733587589199 -0.03233272300625911 0.9729426218154714 103.28101287369577 0.8487731331187689 0.4827958028540004 0.21562092023342738 32.54532132215185 -0.47670422571853865 0.8751358796035973 -0.08300767080533511 6.659974800105642
-0.22254241609484438 -0.028931054834212933 0.9744936465184622 104.05942486196992 0.8554176548677599 0.4737159024156838 0.20941317900035955 32.71697199398439 -0.46769168132350974 0.8802023846051967 -0.08067374638700275 6.575849131951105
-0.21602893711903848 -0.02605333180665992 0.9760393036292088 104.86566403830304 0.8609442061539058 0.46643749665573103 0.20300526003913344 32.88038283563891 -0.46055029282070786 0.8841703939938881 -0.07833353156505352 6.497858517582249
-0.21052697381800112 -0.02488544291163014 0.9772712561137397 105.69136923869414 0.8671049799718322 0.4568969685551807 0.19842911538666586 33.04951939414262 -0.4514502707974414 0.8891714541392893 -0.07461084465906143 6.41963721340103
-0.20545207750157235 -0.0250390768650664 0.9783468140082195 106.48524286934227 0.8727780476454705 0.4475886545313165 0.1947379672354806 33.20845603354444 -0.44277299307709506 0.8938889421872225 -0.07010446231845502 6.347961110176297
-0.19794458583297397 -0.026001444037482224 0.9798682900509528 107.31302472500899 0.8789284235188237 0.4378342804550914 0.18917179808070717 33.36997960576015 -0.4339386676364851 0.8986796246529339 -0.06381351709108413 6.281402654267061
-0.19222189900711256 -0.023044280665159123 0.9810808848768409 108.16382377513479 0.883649956113346 0.4307920428365745 0.183251114292856 33.531464164662005 -0.4268647286939761 0.902156958049605 -0.06244458695276828 6.212506108294649
-0.18660396053100292 -0.019203770388905583 0.9822475131640671 109.01945353427405 0.8896520222144633 0.42083844830425904 0.17724073966946613 33.68435919407975 -0.41677120975885545 0.9069323103913067 -0.06144544803666441 6.1479680184494025
-0.18166496138783794 -0.018067980534159034 0.983194482227892 109.8697834282988 0.8942340334238954 0.41289264719872143 0.1728153793956536 33.83354430686336 -0.4090761973891745 0.9106004667079023 -0.05885112370179246 6.085845687472779
-0.17543376656944953 -0.017036421146054748 0.9843438189483338 110.68178748626468 0.8995746571741448 0.4034517108824581 0.1673085567328742 33.97511334331148 -0.3999855368851177 0.9148423237588823 -0.05545352055706165 6.024825092012599
-0.16750382822726406 -0.01653007820787511 0.9857328360380684 111.51809006173855 0.9045875247562236 0.3949847467531235 0.16033857891281156 34.107885654827726 -0.39199984385790293 0.9185389520030236 -0.05120855464243601 5.96283362448747
-0.15965771092452102 -0.016124255313527514 0.9870407406652102 112.33342995346435 0.9093097823888134 0.3868114901851813 0.15340335952230172 34.24203504591419 -0.38427221470508544 0.9220178303326374 -0.047095493991943516 5.908402944862528
-0.15074166772600006 -0.01582975186973129 0.9884464419314417 113.17394625211983 0.9135923178288676 0.3797442408566871 0.14540766259126786 34.3693108319799 -0.37765861093752606 0.9249560694929901 -0.042781340474757235 5.856880499265868
-0.14284182558109393 -0.01618940494953397 0.9896131143189446 114.02798151673413 0.9171819731573647 0.37362438029421974 0.13849928001590334 34.4890693185945 -0.3719858074978448 0.9274387988525932 -0.038520558186974085 5.809014337884397
-0.13402209764255146 -0.016862186864475992 0.9908348722151628 114.8398147895026 0.9204840967048482 0.3682490806058126 0.1307732478239847 34.59422922114573 -0.36707915366709404 0.9295742473235376 -0.03383213939331642 5.7675618604363805
-0.12576880412295066 -0.01682810824789105 0.991916842624562 115.66501164579817 0.9255494166584748 0.35794439487915364 0.12342644569845479 34.70610962460676 -0.35712810759255553 0.9335912515375204 -0.029442992714163174 5.719299903668579
-0.11984987641619071 -0.017337064965069038 0.9926406365354085 116.50936385937669 0.9297620995198896 0.3486207846924677 0.11834689170728196 34.8083948268502 -0.34810694537654785 0.937103502639279 -0.02566281204007248 5.6779872640818
-0.11504778470798477 -0.015927907499882155 0.9932322533005362 117.33632342638786 0.9335913584303155 0.33985963947184883 0.11358961626092012 34.902647043168095 -0.33936880041928325 0.9403412823122997 -0.02422994183312316 5.642852291584677
-0.11192015578714204 -0.016707594129707792 0.9935767383684961 118.17538231963442 0.9378175503062431 0.32884601310793793 0.11116897948893534 34.9995432174538 -0.3285911153183836 0.9442357523211092 -0.021135822018787442 5.605059871828496
-0.10581870773215962 -0.017198286699498078 0.9942367022135612 118.9897111970952 0.9425303358918539 0.3169280854534047 0.10579770590342846 35.09064962871741 -0.31692107379832707 0.9482936294130848 -0.017327013507064337 5.573937172419405
-0.10098676389248878 -0.016292617248587937 0.9947543536681376 119.84807640040833 0.9462987994317269 0.30707972491013075 0.10109710551341822 35.18332192347998 -0.3071160297226367 0.9515443201303395 -0.015593303533730285 5.543977602851281
-0.09812247271828156 -0.015153207598517016 0.9950589734518887 120.6937958808585 0.9494040202934123 0.29832188477687666 0.09816343165292296 35.26442417957277 -0.2983353592827311 0.9543450284685557 -0.014885564785912742 5.512758423832563
-0.09576214810600231 -0.012513961239732918 0.9953255807846069 121.53462757038426 0.9520515074421863 0.290731167281572 0.09525395292666794 35.34595963361767 -0.290564172201573 0.9567229427296001 -0.015927105437887945 5.484341516821605
-0.09190804244554301 -0.011413100305966317 0.9957020904242566 122.37430391699368 0.9552574117228673 0.28129960901673423 0.0913991647421421 35.42660712238261 -0.28113375656857187 0.9595521200583315 -0.014951247747413798 5.456177854437852
-0.09286929772170222 -0.01113066648763672 0.9956160915755727 123.20693337731852 0.9584122865680628 0.27000902747850003 0.09241760673969263 35.50404615939039 -0.26985400218647065 0.9627934531059379 -0.014407781241005668 5.425926609721235
