1.0 0.0 0.0 0.0 0.0 1.0 0.0 0.0 0.0 0.0 1.0 0.0
0.9998326450317649 1.878243502203406e-05 0.018294304469005877 0.013547203503549099 -1.4615600859720623e-05 0.9999999739238911 -0.00022790041966459017 0.009385762736201286 -0.018294308272486428 0.00022759489714497126 0.9998326192345367 0.19643151760101318
0.9992438778274727 0.0018230319577177798 0.038837471323402775 0.02137071956351389 -0.0018834414524299312 0.9999970727723254 0.0015189124649153884 0.01908000470534221 -0.03883458861131739 -0.0015909120849205932 0.999244386387098 0.40329712513670934
0.9979784083803165 0.001453080577187817 0.06353727223863531 0.04892301477292009 -0.0015701765028496776 0.9999971597464743 0.0017930545820667601 0.024839794023861803 -0.06353448632388678 -0.001889194489874287 0.9979778554616026 0.6572849081381639
0.9957582950695175 -0.0007831000196885027 0.0920043724754798 0.09323582619044198 0.0004939242582782278 0.9999948668827444 0.0031657932638505908 0.029031997190423153 -0.09200637933901509 -0.0031069217115211227 0.9957535705175271 0.9425462498175652
0.9920607297507252 -0.004492387658469772 0.1256794610888545 0.1512814664468997 0.003980191137858916 0.9999827207413454 0.0043262336093672 0.03432050647344042 -0.12569672455941314 -0.003791658194344194 0.9920614682383208 1.2744999031376958
0.9866118838825324 -0.0074168236672453695 0.1629170994967978 0.23136932487028622 0.006656070298742114 0.999964250003551 0.005214925024771723 0.04250107994939868 -0.16294995339041593 -0.004060719335878342 0.9866259794109097 1.619012771973787
0.9795493485828973 -0.008997104084010058 0.20100280050019953 0.3108850691523666 0.0077714049743052805 0.9999460913418505 0.006886194513721012 0.04898082379996972 -0.20105392051772297 -0.005183293186473996 0.9795664625313568 1.9449198659967435
0.9707324392116493 -0.011130657505780565 0.2399054812331112 0.4149445337579903 0.00930425401082684 0.9999184805889275 0.008744314383224682 0.05393754675742373 -0.23998325424809056 -0.006256248094478686 0.970756868139637 2.295813245770701
0.9593609336737774 -0.014310915674811813 0.2818187300963632 0.5373334941704264 0.011181099851013393 0.9998566984311372 0.012710846097244665 0.056563907110634463 -0.2819602488768586 -0.0090432458185431 0.9593834675239956 2.6311460664640722
0.9463840092863365 -0.020379670611071987 0.3224003349764137 0.6733450468698111 0.015395546635221365 0.9997194130735079 0.01800200732595809 0.062256848786769445 -0.3226767486369638 -0.01207328247600185 0.9464322224751927 2.9454198393205844
0.9322938892637715 -0.02548211777144697 0.36080294582405026 0.8170290432940377 0.018726152216225398 0.999577955892453 0.022209036832784662 0.06398852199302547 -0.3612166043589431 -0.013948898442075475 0.9323776021374856 3.2514276667496618
0.9138702653993133 -0.02673499078603542 0.40512513904552955 1.0112731259497547 0.017472668850043362 0.9994949272807327 0.026544230697832717 0.07225965331073995 -0.40563018115303723 -0.017179365755278668 0.9138758261000237 3.635167289075245
0.8933052908080437 -0.030329962641850373 0.44842585873308066 1.2097276540419575 0.018324418064466642 0.9993486469036541 0.0310885450678328 0.08806635648718276 -0.44907668957201 -0.01955441888627692 0.8932792125562224 3.982101661695591
0.8698949046806947 -0.036952045437675524 0.49185099486382744 1.4509382357755314 0.022150630625817888 0.9991103848336474 0.03588576988778877 0.10602740966343294 -0.4927394893586705 -0.02032203866576167 0.8699395440897165 4.329453178170335
0.84513810388911 -0.04218626109675133 0.5328807603295473 1.6812669823662447 0.024893879245663567 0.9989055245361218 0.03959858365292451 0.11764597926626615 -0.5339680516012377 -0.020200802605145795 0.8452633006603835 4.636628926813786
0.8187457253184518 -0.04725386079246147 0.5722084497042745 1.9261478633980902 0.027527259551961995 0.9986920636972493 0.04308609856657506 0.1351852505656044 -0.5734960220039207 -0.019525228509197447 0.8189756273524521 4.92007168702234
0.7876016751316881 -0.05163102460229964 0.6140177836417081 2.2082591140669328 0.028871149612298665 0.9984810320748119 0.046926381779152954 0.15626676966549372 -0.6155079674949976 -0.01923189760099821 0.7878959804852679 5.230983616271806
0.7521102725095128 -0.05626102774197136 0.6566314299080451 2.5087440743313287 0.03090141573780294 0.9982641421731854 0.0501378595138867 0.183241003405718 -0.6583124186061404 -0.017418358379936473 0.7525432614144401 5.531661293576279
0.715065559148893 -0.05671424770693701 0.6967529980029632 2.842227090630288 0.02760910854736382 0.9982171191971763 0.05291805048289685 0.21880605192046398 -0.698511977881769 -0.018603146205057007 0.7153565123118489 5.840484038364143
0.6778267682108511 -0.05927673915678994 0.732828179378885 3.1791743331719546 0.026510287204525473 0.9980669136888005 0.056210679341618275 0.24415822499070056 -0.7347435450340255 -0.01867361761016181 0.6780879139434522 6.128499846153275
0.6440260840915883 -0.061804037445890976 0.7625028943978125 3.513875606876676 0.0267390413509812 0.9979407776304993 0.058302898811854006 0.2701959780924759 -0.7645360859222312 -0.01715999118944049 0.6443524718856082 6.3696907735905866
0.6112244529471388 -0.06549994301461948 0.7887423061967404 3.9006312164809627 0.027496990444820305 0.9977254009749326 0.06154624087535611 0.29559182952831653 -0.7909795089861357 -0.015930527753075074 0.6116352137095771 6.629269108761028
0.5804159597948637 -0.06643376752172024 0.8116057344229877 4.28764643821843 0.026672091749145536 0.9976828211081561 0.06259063817693679 0.329577404298402 -0.813883230652366 -0.014681382718977232 0.5808429597269185 6.87878566195212
0.5510107058250304 -0.06798748734353924 0.8317240549791224 4.708135186467691 0.0284117011697361 0.9976262775058755 0.06272627572566278 0.36540735338968916 -0.8340143747579197 -0.010932154155624933 0.5516343994917959 7.137399428008103
0.5145685721753716 -0.06848973011136983 0.8547095070248554 5.2067104301480365 0.030205306458653332 0.997634007571643 0.06175780435120669 0.4066065288950407 -0.8569170461550748 -0.005961862612876099 0.5154198601170186 7.415983212906555
0.48262096199267673 -0.06821719752218075 0.8731686097240802 5.679942741464137 0.03363687329139166 0.9976702294658295 0.059352118688198244 0.4389019774887167 -0.8751831624296952 0.0007260852697077332 0.4837911791256006 7.654102351095668
0.4527903529243722 -0.06790968774342893 0.8890270921682942 6.217594355999982 0.03537074389082498 0.9976784596360182 0.058194515677267064 0.4762916783006329 -0.8909151512771755 0.005095634297316926 0.4541411980165154 7.907205225324278
0.4266056152241268 -0.06811005412012618 0.9018695413345535 6.792990983544572 0.0380751278444738 0.9976288833011177 0.057331455964350714 0.51453583931879 -0.9036359519733993 0.009880877041983302 0.42818738254414973 8.164029774428236
0.4083494805192342 -0.07026522117489195 0.9101173003810635 7.365924957191208 0.04188214711573212 0.9974251816553744 0.058214197174912496 0.5553685290802624 -0.9118643471002953 0.014345929491912875 0.41024091311614125 8.405514317364354
0.3950792019720003 -0.0733738319860569 0.9157121299561614 7.992064875360295 0.04626773050968251 0.9971293882991628 0.05993563300425978 0.5930395178291124 -0.9174811830673429 0.018688599996249396 0.39733992367685556 8.65816304948778
0.3834211208341728 -0.0752995336802807 0.9204988996874462 8.6283209766131 0.047104768629802035 0.996968057963048 0.06193409540569491 0.6337380651427671 -0.9223716088814745 0.019613047415462374 0.38580557733200194 8.912630291224515
0.37613404223907015 -0.07742996502020322 0.9233243107304538 9.223769522469357 0.04832696101515862 0.9967852580462473 0.06390347549793753 0.6731073757334295 -0.9253041052043036 0.020585185416854227 0.37866682325418605 9.142249573285312
0.36591348532089557 -0.08023642194974276 0.9271836052546538 9.879036990093809 0.04969167889121881 0.9965397697348335 0.06662750472452972 0.7115248426110511 -0.9293212890649212 0.02169340751352973 0.3686344229194625 9.390094715839924
0.3564637799346342 -0.08307899045218606 0.9306081102914152 10.524239489720996 0.05152747302733618 0.9962709321563379 0.06920367955361545 0.7488356425483288 -0.9328871813451669 0.02328327910299426 0.35941535275511294 9.628677160275041
0.346865150629972 -0.08561612638904571 0.9339991681905192 11.1528401745182 0.05356313805832198 0.996007964611991 0.0714081554923804 0.7911279531176489 -0.9363843001245761 0.02525892578107369 0.35006632107158525 9.854988664528438
0.33687377357972254 -0.08686812941203155 0.9375339933925662 11.839152811543547 0.053756497816634094 0.9958851469515579 0.07295898178952441 0.8409996830037189 -0.9400139890536992 0.02582057655685638 0.3401573139146408 10.101199759119417
0.3270237726910678 -0.08998107544447109 0.9407225192142249 12.564290029398004 0.05378901224184921 0.9956151142236909 0.07653291116502633 0.8927658616410793 -0.9434840720737937 0.025572453757979906 0.33042980397029714 10.356621569949722
0.31468321127246146 -0.09355131300799614 0.9445753693473758 13.293598944302378 0.05270958568995297 0.9953180273114468 0.08101681359596806 0.9455451472930652 -0.9477321225534382 0.02429354530179284 0.31814092402114014 10.599254905277308
0.30388425766581595 -0.09830044495087238 0.9476240712779286 14.062387154134521 0.054197229583393194 0.9948356394652282 0.08581789297865262 0.9965934545414061 -0.9511661359869689 0.025279892647537355 0.3076425015815403 10.847209672311289
0.2936475541863062 -0.10199683761762934 0.9504566055514599 14.844530870195168 0.05494795777356601 0.9944481967474719 0.0897413278384944 1.0527125208092878 -0.9543331891205057 0.02587332799824315 0.2976217986663285 11.083321626069724
0.2789519944122637 -0.10516901691021419 0.9545288171111231 15.59827003512194 0.05784940898713215 0.9940201494742524 0.0926141907000472 1.1143313497472602 -0.9585610208501388 0.02938401472440893 0.2833678686538328 11.292874983294691
0.2643344654183902 -0.10486056053995657 0.9587134886060693 16.354465901492187 0.05686122781102196 0.9940368008278144 0.0930464366422864 1.1747730882587435 -0.9627533906270063 0.02991824599220444 0.268720686574281 11.493558925123967
0.24754104308308333 -0.104667485504607 0.9632072204190966 17.07083417965192 0.057540232303061295 0.9939810995242049 0.09322389959212567 1.2318956447795941 -0.9671672831810684 0.03234642587359336 0.25207370961160414 11.669591734487621
0.22647943492559142 -0.10440689019240006 0.9684039791513338 17.81703029847815 0.057030667081011246 0.9939540185856677 0.09382383465674805 1.2967154866970203 -0.9723448814942565 0.03397955587929384 0.23106453906682933 11.841932886957267
0.20543512543759246 -0.10351493586933999 0.9731809016253901 18.532643180756825 0.056165565911842824 0.9939986445951932 0.09387291275294182 1.3561912411320252 -0.9770577457050547 0.03537446246779469 0.21001621119063996 11.996546125584514
0.18289150009542715 -0.10446359328432822 0.97756741806945 19.304255301568073 0.05657714908856152 0.9938093048390793 0.0956142866745181 1.4208006885706517 -0.9815038081402716 0.0378209372357786 0.18766952686238708 12.145529887283626
0.15079138024097882 -0.10484836785146953 0.9829897148006707 20.08850997884931 0.055430649310346664 0.9936919882361677 0.0974867972203707 1.4899153786190982 -0.9870103356916048 0.03978758944866152 0.15565199954967124 12.272026368239635
0.11891585215430894 -0.10434111420306899 0.9874066801441425 20.8899069784134 0.05427145724459634 0.9936594454253909 0.09846580850961884 1.5629729501783138 -0.9914200063721544 0.04187885389748733 0.12382460402226375 12.380537011243012
0.08480677549532722 -0.10368584877171871 0.9909879189952687 21.680055309398092 0.05345284277877793 0.9936122027105252 0.099386036361278 1.6376230677863768 -0.9949626145885845 0.04454251215666109 0.0898073503774679 12.44920752286181
0.05195036626039967 -0.10263375320582693 0.9933617025778151 22.508432894527843 0.05196695681810479 0.9936350347391163 0.09994425015007224 1.713891272054337 -0.9972966433536591 0.04642984430170311 0.05695326780478932 12.501214522335033
0.021292726224058978 -0.10056706675197183 0.9947024102186803 23.31846603216353 0.05013246569196744 0.9937837630545967 0.09940104714080691 1.791798993945005 -0.9985155760896227 0.04775036517085133 0.026202040616321698 12.527527616450763
-0.009480317465742127 -0.0977464913328813 0.995166190650014 24.11902946718474 0.05200402826549805 0.9938159540181202 0.09810927878246475 1.8667191164829477 -0.9986018749356074 0.0526827578166241 -0.004338479448482702 12.522484817902457
-0.03847492548717735 -0.09482226845091776 0.994750429763455 24.87834512002019 0.054477037961012026 0.9938080118355659 0.09683949579812079 1.9341614773946725 -0.9977734875430148 0.05791694930900528 -0.03307105288598333 12.48856429792308
-0.06789361341947497 -0.08931020021197529 0.9936871466386912 25.673977800191864 0.057604419451469505 0.9939728973219513 0.09327170122317369 2.011034499037311 -0.9960282064863957 0.063573324024332 -0.06233974940590681 12.432798358017806
-0.09976336511259004 -0.08756930077398091 0.9911502855487498 26.471225352485412 0.06067117094136941 0.9937308633296784 0.0939041015220075 2.0832370340312827 -0.9931597454579074 0.06950243756882506 -0.0938250029255337 12.349390340009135
-0.12609300126967343 -0.08403054394048547 0.9884530452762402 27.252341971085745 0.0646895678840383 0.9935886408491634 0.09271932151654885 2.152966509411512 -0.9899069728200641 0.07563385789829116 -0.11984867417555595 12.247795515811031
-0.1530469016158696 -0.07527225852047525 0.9853480263353701 28.02055934753951 0.06868849913403588 0.9938730551108299 0.08659238079288036 2.2172938312116726 -0.9858288573543058 0.0809347726375529 -0.14693885322001027 12.121189650139407
-0.17724143016762894 -0.06322544786667025 0.9821344196056834 28.81438405759268 0.0702175189211349 0.9945787326110558 0.07669840072873857 2.281619296981583 -0.9816592970418472 0.08255717642849145 -0.17184102290041625 11.981709012322293
-0.19966030520212347 -0.04857827724444011 0.9786602645998035 29.524102513026946 0.07215418569713869 0.9953298987181738 0.064126174094926 2.3304115321277576 -0.977204961107432 0.08341788595758252 -0.19522274531772682 11.835409590298116
-0.2218540032590653 -0.034348943207435936 0.9744747053353715 30.22621336047938 0.07513616544771924 0.9958057112266128 0.052206724952564676 2.3739212253512507 -0.9721807228492754 0.08480056361246732 -0.21834263562407658 11.672641905318503
-0.24686544699155094 -0.023892693566491482 0.9687551756123939 30.962749260422953 0.07945437225730984 0.9958309490480359 0.04480762934239507 2.410784792087697 -0.9657869608826054 0.08803328979554478 -0.24393787339590184 11.480242883247666
-0.27440757447302977 -0.019663065862949115 0.9614124229032502 31.726244407854274 0.0829625120592786 0.9955790282751387 0.044041117737233584 2.4447872870630447 -0.9580280291644095 0.09184640602440654 -0.27156312900641943 11.26332695936824
-0.29748809119022956 -0.020553625565531898 0.9545042608999214 32.4473488469134 0.08389919201427537 0.9953375910918271 0.047581565115811617 2.477666307849117 -0.9510319454042252 0.09423708524583292 -0.2943766474858769 11.041945202952355
-0.3189671677344194 -0.02421017623020021 0.9474564967714273 33.16813564697748 0.08556734655256312 0.9948555363514573 0.0542281384044114 2.5133618824787196 -0.9438952140526174 0.09836833412108331 -0.31525465219534293 10.801481606211343
-0.3363632249268124 -0.026562078980167513 0.9413576561950755 33.89556167428319 0.09073233401943626 0.9940378123979723 0.06046876124445756 2.5467866527253737 -0.9373512812602435 0.10575104483316043 -0.33194772485509655 10.535361389378766
-0.35148694921699425 -0.026905029610600296 0.9358060931153325 34.59060983305642 0.09203795392045833 0.9937516391568388 0.06314027804207875 2.585324999157657 -0.931657630016663 0.10832266177835617 -0.3468144480510957 10.268269224598
-0.3592208400565476 -0.023619052228061647 0.9329536582493885 35.282622858038664 0.0946674497191492 0.9936009868867146 0.06160481167424838 2.623075176897918 -0.9284387228205968 0.11045007573376917 -0.35468622575124625 10.00638575503389
-0.36759844922278273 -0.021136927496903116 0.9297443790768494 36.02150568699064 0.09597258240814731 0.9935416824405848 0.06053254231439302 2.6619952232036863 -0.9250192665857921 0.111481637721748 -0.3631958161873018 9.709191346256699
-0.37579247718817754 -0.019092581718317382 0.926507143745855 36.75195311395634 0.09463651522365343 0.9937701114075483 0.058863364322405284 2.700357136339947 -0.9218589610537482 0.10980181690827513 -0.37164447652096944 9.411534034298414
-0.3848168329240623 -0.01923725400092026 0.9227924648352948 37.521321426010324 0.0963603104923364 0.9934820365893297 0.06089444585624168 2.742629479998373 -0.9179491792360377 0.11235377622858211 -0.38045490311870445 9.084042435475038
-0.3916402668765882 -0.017872352697757395 0.919944824633457 38.25997258142745 0.09928874879716576 0.9931523668856985 0.061563954645784465 2.7807574719669814 -0.9147456726998648 0.11545109422773722 -0.3871839344788082 8.757408160515132
-0.3986587751279153 -0.01567944086690949 0.9169652862282256 38.952236017654485 0.10182781205573362 0.9929147485176024 0.06124866421538652 2.823333240719269 -0.9114287013834119 0.11778988628200668 -0.3942375742927346 8.446448114370448
-0.40717424190228363 -0.01192896438016735 0.9132725970596715 39.68647397532065 0.10497131217214675 0.9926776782069762 0.05976663626526582 2.867504267614583 -0.9072982752943809 0.12020285769657713 -0.4029405820334037 8.109770004271292
-0.40887172561137497 -0.010404385509109555 0.9125325532591997 40.44336729875454 0.10632975314036366 0.99258136461632 0.05895946245950085 2.907513195715331 -0.9063762439476697 0.12113621827753168 -0.40473215961760745 7.7750284520055075
-0.4088139746898695 -0.009333979325959328 0.9125700033028773 41.184972989397465 0.11011765131757237 0.9921372990595938 0.059478421995173364 2.9539172631533464 -0.9059499086409647 0.12480567553071029 -0.40457175678580287 7.441802632637224
-0.4074277740999589 -0.008759011859488533 0.9131954273884636 41.965353290526 0.11144998270226594 0.9920028439212676 0.05923899904440025 2.99954062808087 -0.9064113361204272 0.12591122810680216 -0.403193318879442 7.096140637147132
-0.4008944747267654 -0.009153271232084925 0.9160785106961646 42.74186441220778 0.11261661173425853 0.9918737722203447 0.05919390798789613 3.039662898906584 -0.9091760659493002 0.12689616860699987 -0.3966059045170883 6.756082443393566
-0.39374998416298884 -0.008889432403286338 0.919174590577434 43.49702023522426 0.11481406616151643 0.991646808257638 0.058773615542166466 3.0811634333647526 -0.9120190130600925 0.1286762824454719 -0.3894402831666342 6.434243036713503
-0.38690322426297186 -0.009232381149707244 0.9220741066710545 44.26178640196784 0.11657429440335289 0.9914373919853506 0.058841581026062025 3.126057122355553 -0.9147219954386563 0.13025613579249443 -0.3825140652958142 6.112473176677423
-0.3824791474987059 -0.009268587228333805 0.9239176343264881 45.03502443119019 0.11755703875186226 0.9913350276933559 0.058610626238818506 3.166773566526132 -0.9164551513132306 0.13103036350023645 -0.37807538860978446 5.797779710538159
-0.38394612903201386 -0.010707655969858204 0.9232934073765304 45.85475684466097 0.11663620736536298 0.9913607071254638 0.05999952915752767 3.2115552658625854 -0.9159592595376482 0.13072602828561775 -0.3793802055931643 5.465284269186565
-0.3831075959117394 -0.011474722616497249 0.9236324489187254 46.61940814178935 0.11779424765503986 0.9911520666668898 0.061172673321806065 3.255392881190876 -0.9161621500444724 0.1322343052419746 -0.3783662291260437 5.146218227395749
-0.3838874993461403 -0.012012737858056788 0.92330172856706 47.439625773595225 0.11853318629991849 0.9910014709823073 0.062176910959714976 3.29868755812315 -0.9157402861026461 0.1333108346686687 -0.37900916844924337 4.805534921578499
-0.38686411359508627 -0.012727104679873022 0.9220489024009281 48.30347930527759 0.12021432137834935 0.9906755672204279 0.06411269334559908 3.345761302172763 -0.9142672883505302 0.13564638336111817 -0.3817268449208379 4.448814168900032
-0.3923743518587125 -0.011913435991961437 0.9197284588650724 49.19330571981626 0.12272299113146301 0.9902980190637534 0.06518359368854498 3.402297027951478 -0.9115818314617742 0.1384481978260169 -0.38710549087752033 4.071510744924755
-0.394885405166751 -0.01151871777477833 0.9186581714256483 50.0680404596151 0.1262896174086191 0.9897487631519146 0.06669571481017222 3.4573046259982005 -0.9100090380436205 0.1423541533643477 -0.38938264688971996 3.693214132210327
-0.39579639267405603 -0.011631405298445127 0.918264627412484 50.92222768579753 0.12848495402412036 0.9893833868415411 0.06791266767975827 3.507874563263308 -0.9093056868488311 0.1448627773195893 -0.3900999149085154 3.3320026868466504
-0.3949202903979085 -0.012094601336529634 0.9186357737702915 51.81045155782871 0.13013421076964538 0.9890948745523571 0.06896677694092151 3.565216489345883 -0.9094520610891996 0.14678232098167587 -0.3890397136897969 2.9533620013329673
-0.39586197293730474 -0.011551526151855875 0.9182373661672388 52.71113231844571 0.13404307878003663 0.9884843107708883 0.0702226487037569 3.618891618144727 -0.9084744087828528 0.150881839872681 -0.3897549473493327 2.5682061702248404
-0.39624108211788034 -0.01110766930142728 0.9180793127637401 53.60766170955446 0.13507740903079563 0.9883410671125918 0.07025687602128478 3.673016922769777 -0.9081558778159058 0.15185043543379512 -0.3901209387446263 2.1829308937277707
-0.39492069249995393 -0.011985405508614697 0.9186370320698763 54.48464088679196 0.13725353807107282 0.9879234034583289 0.07189447257115583 3.7222124242208623 -0.9084047076729235 0.15447879774941994 -0.38850635531940075 1.8102721953990353
-0.39643846146341627 -0.012891074076217313 0.9179707873792504 55.40127430478096 0.141714119902352 0.9870576137546223 0.0750624763069592 3.780938769891585 -0.9070576908294319 0.1598470748502846 -0.3894807545553263 1.414940138937204
-0.3951141221704526 -0.014395386987220676 0.9185192449235678 56.29993697953929 0.14530816778674058 0.9863098495809761 0.07796420328595223 3.8381150075641517 -0.9070669031752473 0.16427310629875175 -0.3876131830975642 1.0267995260232676
-0.3955753625061568 -0.013690383009351645 0.9183314793641676 57.186410668242495 0.14883911146860695 0.9857160897609551 0.07880805341847275 3.8981012499767815 -0.9062930273787605 0.16785816572163095 -0.3878873350925644 0.6450602042085851
-0.39424493714873315 -0.012859653223800477 0.9189154252985176 58.099542743253785 0.15289433536410246 0.9850491580624217 0.07938185191896238 3.9573454057775757 -0.9061976891088176 0.1717928564273797 -0.38638447527606595 0.25144064066412375
-0.39002400132371234 -0.011408742898994531 0.9207340109808617 58.957695353598304 0.1546582989573368 0.98490650641671 0.07771733514251808 4.011741322893536 -0.9077235751896411 0.17271078195496678 -0.38237271979240356 -0.11293785077130936
-0.3914331486127471 -0.010335748566516742 0.9201485002262848 59.8171030621352 0.15302247723415663 0.9852833328263519 0.07616347888403502 4.065047304821139 -0.9073941875658194 0.17061631327679833 -0.3840909553941622 -0.4688843055005171
-0.3925027207629531 -0.008102783163432714 0.9197151510650923 60.68475401309588 0.1529294627921986 0.9854665942418539 0.07394708272440935 4.121700333020539 -0.9069477347696331 0.1696759751360442 -0.3855591651846234 -0.8286524193260806
-0.3942891663508292 -0.006882315970246147 0.9189606558635979 61.53555325940593 0.15422650207912197 0.9852940482052455 0.07355151003044189 4.173892778234852 -0.9059526694893099 0.17072865107592602 -0.38742933335898555 -1.193424378507556
-0.3995763347668555 -0.008369394112354059 0.9166617183762383 62.415843148073 0.1563753186551442 0.9846795740058599 0.07715501442641556 4.228641089854156 -0.903263811081673 0.1741725861834473 -0.3921458884297804 -1.5711909867738325
-0.40674206131108137 -0.011293323887603401 0.9134732379199636 63.32447931670459 0.15910220887354168 0.983766500972744 0.08300577507260654 4.28931342627335 -0.8995817821032018 0.17909754995368843 -0.39834242167840184 -1.9738372407396474
-0.41239107274291964 -0.012091234792580438 0.9109266738674058 64.18417266568763 0.1592317198340759 0.9835629509077054 0.08514212236260882 4.350855390265139 -0.8969832008017913 0.18016027209936653 -0.40368727232407986 -2.3523457367013436
-0.4188328641975901 -0.010021758591560487 0.9080080375320341 65.03302083937474 0.1608492197308615 0.9833079507706552 0.08504706028539466 4.409182230605114 -0.8937038437760108 0.18167288819729543 -0.41022969335975296 -2.7405129252397935
-0.42467132419737014 -0.0074377113017503604 0.9053170421764103 65.84442805780085 0.16218135159046349 0.9831659432384983 0.08415424678674804 4.472869414465311 -0.8907027986936737 0.1825634369378114 -0.41631612494919185 -3.111598844414581
-0.42930191729695366 -0.004775957267304148 0.9031484119663507 66.69370865700458 0.16339773649330805 0.9830737909421301 0.08286797494528986 4.53805559753153 -0.8882573070422914 0.18314778675935617 -0.42125508268877465 -3.5106609610350414
-0.43291826293517566 -0.0036107642407754575 0.9014259481503668 67.53172792742721 0.16437659872641164 0.982909531333858 0.08288055866240243 4.6058133115998405 -0.8863194183861294 0.18405383884791218 -0.42492596178277975 -3.9080235411541806
-0.43568280010259786 -0.005013046039587632 0.9000863108969965 68.35435055310782 0.1655034686686 0.9824887358105421 0.08558321017620507 4.6690102590087355 -0.8847536942863938 0.186254539205915 -0.4272237669790513 -4.300846140586424
-0.4406690606912727 -0.009555308260964096 0.8976187804594494 69.2409302503539 0.16854239540564028 0.9812794423006117 0.09318861018992315 4.745111071100579 -0.8817053021845792 0.19235215673924377 -0.4308090155711242 -4.726912882520814
-0.4427003494122859 -0.01604132025002801 0.8965261160026942 70.14515873020899 0.17063508487690326 0.9800619805877986 0.10179480347922346 4.823022576862348 -0.8802840839406857 0.1980434049670873 -0.4311365692095142 -5.165221281027614
-0.4428147581534641 -0.01830548196194251 0.896426237507376 70.98694314928355 0.17184683182009197 0.979523640842354 0.10489091201975817 4.894847022793306 -0.8799907706077869 0.20049525271457333 -0.4306017850451079 -5.575147787763539
-0.44178521566489803 -0.012841951320310352 0.8970289334833111 71.7838074612207 0.1730824782400284 0.9798916853304191 0.0992710468696747 4.969134414127007 -0.8802660273725268 0.19911647171090047 -0.4306789427719824 -5.966923884379482
-0.4419781209873887 -0.007662454943804881 0.8969931032915981 72.56343549655996 0.17308126575074584 0.9804442974921688 0.09365818149637115 5.039631751062545 -0.8801694246078859 0.1966475687602612 -0.43200870093795735 -6.348945315161685
-0.4429542728676502 -0.004320204769679731 0.896533796339569 73.34473985706872 0.17790699366770862 0.9796788316811543 0.09262012934544386 5.1119494577289695 -0.8787153200851852 0.20052611447538923 -0.43318432988855216 -6.742932554462712
-0.44261613121036214 -0.004586748859172957 0.8966994603139197 74.1567999048066 0.1809709202081758 0.9789536671404754 0.09433580248888274 5.180067587837013 -0.8782599196316417 0.20403107441543872 -0.4324706166221054 -7.14387407992392
-0.4409453328643898 -0.00639110567046311 0.8975112072801218 74.94346294170752 0.1811546569218805 0.9787607672845489 0.09597057205246529 5.2522409434264645 -0.8790621159512156 0.2049061106772334 -0.43042221376980666 -7.522897755860888
-0.43916157835639513 -0.010358865979627069 0.8983483745135494 75.7665959824338 0.18102791191417703 0.9784033884421839 0.09977827715914243 5.333001850989726 -0.8799806834263542 0.2064449160925737 -0.4278019324594238 -7.911231127988257
-0.43442315396023545 -0.0148918934557761 0.9005857842607463 76.59766546277132 0.1820786222252406 0.9777686786871598 0.10399897262436697 5.408329401927924 -0.8821133139409016 0.20915698048993614 -0.4220538577960553 -8.304207492660387
-0.4326439042411094 -0.01776106758683875 0.9013899248389601 77.41350468361509 0.1804794745773311 0.9778618276556563 0.10589336745155589 5.481118184220208 -0.8833155785897251 0.20849649995171496 -0.41986045077928486 -8.678706174098984
-0.43059056221581865 -0.02035832124623002 0.9023177414229981 78.26540560698788 0.17809950145715914 0.9781711422061885 0.10705972228505083 5.565417320920712 -0.8848007319794535 0.2068012459127752 -0.41756545520139393 -9.0654517927672
-0.429098903865504 -0.020331500324814317 0.9030286600080671 79.05160147019816 0.18273290508909218 0.9771205997029294 0.10883023033095487 5.637130482537265 -0.8845805876793386 0.21171198296442725 -0.4155661441577576 -9.437254951024633
-0.4297013529338744 -0.01780789414976819 0.9027954509149617 79.89092049565241 0.18883208034165824 0.97592696562807 0.10912837941539186 5.7187027446746255 -0.8830057716236287 0.21736935539753263 -0.4159944357962277 -9.832913296809467
-0.42883419548835483 -0.015107747241064728 0.9032568786082702 80.77301726518164 0.1920345042837428 0.9754841382769499 0.10748695332259486 5.8057243949317385 -0.8827366435944259 0.21955056807800935 -0.4154197468973649 -10.242298828105275
-0.4213513357719379 -0.014395884211570467 0.9067832212612731 81.55228978020868 0.19868676886365855 0.9741177266930723 0.10778785841104845 5.881687840875972 -0.884865311627551 0.22558238641367406 -0.40758553362231714 -10.596628041364738
-0.4121292704812431 -0.013306649941065965 0.9110282089375416 82.35427827185194 0.20573998807459987 0.972708636893719 0.10727984442301852 5.956412451356031 -0.8875925426228312 0.23164809686183369 -0.398143990913625 -10.957737904583933
-0.4025530483396212 -0.013841606633795356 0.9152920043342856 83.16577329741453 0.20616126177706087 0.9728267736461833 0.10538312303043472 6.031885941795825 -0.8918792392554997 0.2311200519274622 -0.38876078014902476 -11.30866387438438
-0.38976913162027244 -0.014869710724227964 0.9207925476126296 83.9432107857997 0.2087711356447009 0.9724108637379938 0.10407557353169367 6.1026014449248915 -0.8969362502193793 0.23280035177659603 -0.37591137154267157 -11.631522933102122
-0.37480487172096827 -0.017005994787723258 0.926947735460586 84.72170659427952 0.21423916722799552 0.9711812946519727 0.1044436314170145 6.173242654183932 -0.9020104696508149 0.23773449278427844 -0.3603601303986311 -11.944311811373172
-0.36143756200380683 -0.018127659059127083 0.9322200795680065 85.49040993870044 0.2170076747474118 0.9707192246084406 0.10301386351510788 6.239930633745865 -0.9067913529988394 0.23953199150139382 -0.34692054879166556 -12.23372564698322
-0.3499218852896369 -0.019076959074022112 0.9365846164804512 86.2848644226513 0.2190956646707618 0.9703967462088952 0.10162305186160077 6.310297213816479 -0.9107973231832771 0.24076175896449292 -0.3353833798841262 -12.528027241763288
-0.33502492871275297 -0.018515816745491034 0.9420273147161193 87.1141163608863 0.22228124939993354 0.9700328459172742 0.09811892787244694 6.379138102893587 -0.9156141891136351 0.24226729529980165 -0.32086946617261575 -12.823239595850662
-0.3239727425282019 -0.015423562072315114 0.9459406830408326 87.9283701095131 0.22469016950274234 0.970004203193622 0.09276946434864922 6.442792816012838 -0.9189972741132502 0.24259835019988865 -0.3107893991961565 -13.099030595111623
-0.31137169163320044 -0.007827761559100505 0.9502559633059154 88.70897169728634 0.22792361268670921 0.9701626361073955 0.08267579017456406 6.50125399494566 -0.922549996709836 0.24232867277753872 -0.30029704947028446 -13.35289386060649
-0.3003884561530781 -0.0037282566844653725 0.9538096641951503 89.54554459780594 0.22826326520482687 0.970653426036882 0.07568228511940338 6.555218562566586 -0.9261007813235025 0.24045379311825904 -0.29072206006259704 -13.605708723297276
-0.28936972364487057 -0.005347787364902615 0.9572024677193385 90.45557989677614 0.23031839146973238 0.9702171438727956 0.07504753351117077 6.613512320542742 -0.9290955825901264 0.2421778167083331 -0.27951977301417996 -13.872654521077243
-0.27506817637775 -0.009009792484201418 0.9613825055531282 91.32372193207235 0.23239425336619982 0.9696806887860805 0.07557957923751094 6.661223641729594 -0.9329150064966183 0.24420930660960546 -0.26463447473575735 -14.119686697424196
-0.2636287054312179 -0.008979197188882002 0.9645824379961017 92.1490699781601 0.23463562428412527 0.969327091473333 0.07315130588477423 6.702065699439038 -0.9356527291091812 0.24561018658372494 -0.2534356067265389 -14.340579920394605
-0.25649764663704716 -0.0039010805033816154 0.9665369826553782 92.97411753587835 0.23444001810991885 0.9698787185812852 0.06612979019886386 6.74477364656306 -0.9376816278344573 0.2435570832762434 -0.2478570394555934 -14.553554845883685
-0.2514877215646018 0.0022232492429068995 0.9678579353732909 93.78205777048251 0.23439595347522368 0.9703688100932248 0.058676310319409494 6.779149764282476 -0.9390487010249714 0.24161835518242974 -0.2445569617538032 -14.76194142566762
-0.24831015584712657 0.004466718410178691 0.9686702818450765 94.61253656606563 0.2350121416437091 0.9703912358363992 0.05576865330939279 6.811438247787177 -0.939740049047189 0.24149720047766643 -0.24200773206291748 -14.969621830665645
-0.2423978850849013 0.004496167851184479 0.9701665062147946 95.47842486481646 0.23781862089219652 0.9697553973463613 0.05492515702785701 6.843384615297681 -0.9405772530012093 0.2440374024453117 -0.23613592980409454 -15.183886914052971
-0.23565221820595633 0.004128889463889909 0.9718286805432362 96.3104407853566 0.2402408463588383 0.9692025370672084 0.05413665932873622 6.872052055320549 -0.9416752984948694 0.246230368586577 -0.22938665565005517 -15.386440807946267
-0.2286541973930789 0.0013017072961187537 0.973506837969124 97.1046921187759 0.24359820985278485 0.96826275741948 0.05592087938278352 6.905058140720087 -0.9425376226820049 0.24993106680150923 -0.2217144372304476 -15.580076657286483
-0.22302767668780293 -0.0026424639027830127 0.9748085313618073 97.93485906315588 0.24687748117427954 0.9672425058214351 0.05910536541900878 6.936262535592118 -0.9430324303650879 0.25384040717898676 -0.21506948403463028 -15.769405955999714
-0.21804486954467944 -0.005647884681613355 0.9759224027881863 98.74354733356505 0.2470750191005852 0.9670870567735053 0.06079933846354385 6.967037016957781 -0.9441453118041148 0.2543830301332664 -0.20947291991693934 -15.945205773987048
-0.21246470872261636 -0.006052953117063095 0.9771499932487215 99.56649416437622 0.24482051309146502 0.9677577678198606 0.05922684521357398 6.996572650579553 -0.9460029936089238 0.25180997713133507 -0.2041324851660582 -16.11884791598942
-0.20708457944064634 -0.004705462570947144 0.9783117272014501 100.4076998090506 0.24265432194667483 0.9684938784596901 0.05602220476478062 7.028441916312291 -0.947752529407593 0.2489929035296005 -0.19941834668206665 -16.288428733132577
-0.20344249044408402 -0.0021303333439934152 0.9790845799836461 101.22879247736314 0.24624109458313942 0.9677434822251417 0.0532717180993279 7.056085133087265 -0.9476162073436727 0.25192858966500875 -0.1963555685204611 -16.459025866812965
-0.19830466721499657 -0.00043797802712222667 0.9801403303282634 102.0641187006756 0.24800484046884694 0.9674359390159988 0.050609317366021644 7.080732981127912 -0.9482451466075486 0.25311561009839095 -0.1917384412676501 -16.63036107979395
-0.191998487167372 -0.0029818328423133894 0.9813906916199794 102.9231848353355 0.24746988344218457 0.9675336521694771 0.05135453931937585 7.108456513073919 -0.9496816507201519 0.25272463392493866 -0.18502708367413045 -16.793012618037512
-0.18611167637926973 -0.006361094304952075 0.9825080052572303 103.74268586990631 0.24926445057839552 0.9669578096356416 0.05347736027977609 7.135005039990124 -0.9503839632449343 0.2548570792893261 -0.17837654426231475 -16.944230229584974
-0.17890882458624302 -0.009479905743222078 0.9838199855015493 104.5819017601504 0.25105046525468533 0.9664121293898718 0.054965990062399064 7.164286480893263 -0.9512966395297395 0.2568223657613047 -0.17051972338762378 -17.093784896989206
-0.1733982954135534 -0.007596713560441268 0.9848224820193509 105.34958685002407 0.248387209056936 0.9673070022627908 0.051195290313459235 7.188291346668787 -0.9530145987992943 0.25349448379886697 -0.16584245885467924 -17.22523136212739
-0.1682316873264479 -0.0056696276670999 0.9857311777058758 106.1457640110479 0.2523548296792384 0.9664121493383001 0.048627127705530473 7.209882384268748 -0.95289828382512 0.2569346472032214 -0.16115038861168574 -17.360119987140713
-0.16255088891804814 -0.005651005435634293 0.9866839791187041 106.97328831870861 0.2543484379906539 0.965948659575889 0.04743478844959957 7.2337125291443645 -0.9533541213020833 0.2586720959073672 -0.1555784888576276 -17.49260753885019
-0.15579451817758316 -0.007022729728524149 0.9877645212159502 107.80409254101053 0.25622629300785144 0.9654599659796865 0.0472772763804931 7.253880502809231 -0.9539791165834134 0.2604567821302854 -0.14861396221441525 -17.619431044136192
-0.14784338348256348 -0.008760998850688026 0.9889719808263356 108.60531318782661 0.25707108528798617 0.9652498383478543 0.04698091823600596 7.274543351224289 -0.9550166443938476 0.26118191834156435 -0.1404536025245911 -17.740415963015153
-0.14098361543380716 -0.009075495695420627 0.9899703306448606 109.426019998225 0.25899109404380505 0.9647966365011036 0.045728146716767365 7.294890251065716 -0.9555350508407345 0.2628404184558374 -0.13367004541315547 -17.85942982268539
-0.13356055560662394 -0.010013765200587277 0.9909900617526683 110.25683869696472 0.2611578711697579 0.9642493796906499 0.04494107355500952 7.316251621238274 -0.9560115816830517 0.264807209631279 -0.12617050929264662 -17.97288541604773
-0.1254034901236486 -0.010933295180914349 0.9920455774415281 111.09526116416163 0.2615027188419629 0.9642137397228201 0.043682858972316205 7.341600883271409 -0.9570215737918709 0.26490059868981225 -0.11805668177070616 -18.082452514606608
-0.11945996510137152 -0.012452057539324338 0.9927609294291434 111.908001190569 0.2610878162869627 0.9643338721390193 0.04351247214157365 7.361139282980372 -0.9578948109915225 0.2643957815631773 -0.11194821020057583 -18.18284136880822
-0.1156422667460748 -0.013233904630282359 0.9932027637446778 112.74244042484001 0.2620019754439812 0.9640931377835524 0.04335189202463527 7.378731067731314 -0.958113683758499 0.2652343971789872 -0.10802260665165453 -18.282055145055907
-0.10982671853630244 -0.014438627991904915 0.9938458723148471 113.62439784752456 0.26262152890600077 0.9639391733274262 0.043025604933724954 7.397966264460537 -0.9586281992778132 0.26573068348715356 -0.10207438171660832 -18.379580422203432
-0.10279995460277958 -0.01335811107393381 0.9946123517241291 114.4174079081845 0.2654546738465032 0.963277618846762 0.040373817777846835 7.417270845195756 -0.9586271357867525 0.2681749240653358 -0.09547892246898426 -18.46449632162715
-0.09726036419323225 -0.015272900621723984 0.9951417788755524 115.24652260008855 0.2700429521780248 0.9619682682134375 0.041156468864772505 7.43517736853513 -0.9579233923106675 0.27273391695394056 -0.0894370449365599 -18.54870538710474
-0.09112044717143525 -0.01711878250718385 0.9956927294063913 116.06275248964054 0.2733710207013886 0.9610112991122008 0.04153995690129088 7.451705872184467 -0.9575830768909601 0.2759786771911045 -0.0828880002647518 -18.623617419965946
-0.0857546355248846 -0.019475501188920052 0.9961259194195455 116.88778099455587 0.2750192713696467 0.960500902083468 0.042454887494295795 7.465350580494147 -0.9576066744030678 0.2775945279545061 -0.07701126663295521 -18.69404672641024
-0.0813913644114585 -0.01945037091608609 0.9964924128514316 117.7606111794056 0.2762708587223804 0.9601917211974602 0.04130703529252307 7.482683348350766 -0.9576272022139096 0.27866385057105253 -0.0727777436093921 -18.761000413765025
-0.07670206387827888 -0.01712898963495718 0.9969069119586333 118.5641466482225 0.2775241554199663 0.959972884909809 0.037847105521737354 7.500551746774338 -0.9576518869376529 0.2795686998789826 -0.06887819315812899 -18.82230129570173
