1.0 0.0 0.0 0.0 0.0 1.0 0.0 0.0 0.0 0.0 1.0 0.0
0.9998568288178772 0.0020932220073179354 0.016791077627320433 -0.002468750812113285 -0.002122953541870264 0.9999962099427746 0.0017530454488189845 0.006801618728786707 -0.016787344474862048 -0.0017884411409505004 0.999857483116353 0.20263345539569855
0.9995128978163239 0.002438086819543258 0.031113065285752403 0.01330186441815304 -0.002454788825086973 0.9999968626848305 0.0004986304451467825 0.020268024841264286 -0.03111175196994457 -0.0005747635661457704 0.9995157470176265 0.4141375392299813
0.9984807426914267 0.0032459166168406026 0.05500609511402875 0.03058826547030948 -0.003273487764147263 0.9999945576035526 0.00041114612143682895 0.029831708855817977 -0.05500446120302459 -0.0005905832639962381 0.9984859340317086 0.6646690682506363
0.9969439901211598 0.003319862193891792 0.07804908120096436 0.06705441119175579 -0.0035266269726316 0.9999906276483508 0.0025114771855372876 0.031962198189663955 -0.07804001193937037 -0.0027790520814002387 0.996946354327068 0.9694818781094405
0.9943216746228754 0.0008043512284857231 0.1064131589337633 0.1120924504867892 -0.0011793986364322239 0.9999933132803582 0.003461562281408659 0.04267177710558204 -0.10640966306692975 -0.003567409939006564 0.9943159745233453 1.300422272628198
0.9901269879912665 -0.00210721956919843 0.14015743746597967 0.18253125765871375 0.001773209280184909 0.9999952829570694 0.002507945864599111 0.051193610792336294 -0.14016206112993443 -0.0022346564161590593 0.9901260540610527 1.6174365902177792
0.9846115592016725 -0.0028679814617631957 0.1747336606632689 0.2530225373015248 0.0023321193189825206 0.9999919276201065 0.0032719893193410917 0.05695737302706551 -0.1747416341514908 -0.0028141387596983054 0.9846102995180925 1.932669871544705
0.9766763447501969 -0.0037721156652613026 0.2146836946505312 0.34206165912983616 0.002731779788431312 0.9999830464648556 0.0051423887498086305 0.05937318624107414 -0.21469945268812898 -0.004435980869495547 0.9766700912227954 2.295215159794477
0.9664483586601674 -0.006403898764004244 0.2567811521971365 0.4660720145791997 0.0038880943056096686 0.9999393535134568 0.010303980675498842 0.06500460244854388 -0.25683156497155735 -0.008959875875856362 0.9664146459251071 2.7467936919448763
0.9550002446575877 -0.009477960044687792 0.29645353932334645 0.5831057337314663 0.006903213018670393 0.9999288265422321 0.00973075022254584 0.06589701363783557 -0.2965246673616994 -0.0072463869111453125 0.9549977023651771 3.0648655019713518
0.9422199543365793 -0.013451888759455317 0.3347246694505466 0.7258602771591207 0.00950800316351606 0.999864764276046 0.013418309694212163 0.07173588344098675 -0.3348599043268946 -0.009460435931312 0.9422204331398109 3.3867758582994236
0.9271463263973008 -0.016040854738034384 0.3743559541763201 0.9059745334805704 0.010272222960187836 0.999795843015 0.01739981969394334 0.07575595508466244 -0.37455863477357715 -0.012286711081441953 0.9271218182349907 3.77687566775752
0.9084107296772658 -0.017289271073459216 0.4177212315803041 1.1079167618985664 0.00961724827016658 0.9997443245371298 0.020464459228335858 0.08511264586346236 -0.41796824609403954 -0.014572805548235698 0.9083447465558029 4.172741326229408
0.8879567935265867 -0.022113204790472043 0.45939497059053397 1.3297323229148454 0.012826513341446525 0.9996456196668355 0.02332628638275959 0.0899251604992501 -0.45974798899558506 -0.01482029874204517 0.8879257544185281 4.542849794089638
0.8681767492802913 -0.026725009808446325 0.4955349693612396 1.5593874664886542 0.017127389495777037 0.9995676004409553 0.02390114385904123 0.09758167275743608 -0.4959594585630625 -0.012263196950595124 0.8682590796889974 4.899898868163131
0.8456887456244607 -0.030537903774187934 0.5328020100911828 1.7877561937031667 0.019310560901214906 0.9994587195765046 0.026634002706593815 0.10770240799372571 -0.5333269614052967 -0.012235370675742312 0.8458206949127105 5.217329407813329
0.8191816358378281 -0.03543685818736052 0.5724383605139239 2.0696094786512407 0.02265576922157811 0.9993097310457267 0.029441086228200436 0.11173796530828489 -0.5730865236829766 -0.011148565787877792 0.8194190294677289 5.573918134393984
0.7894703515949657 -0.038689025920339695 0.612568137618875 2.3598058210957777 0.02437501890071536 0.9992003547376038 0.03169399857759736 0.1273373568310017 -0.613304510342221 -0.010090112268070033 0.7897821011065689 5.921690270361169
0.7593488353317964 -0.03898416722514461 0.6495148812660158 2.6691020509776155 0.022797515153642915 0.9991847299423745 0.033318894831669624 0.14916701056256473 -0.6502842605992122 -0.010493338636792363 0.7596185031061249 6.246662594167463
0.7315703787525315 -0.0422864464534741 0.6804532587755131 2.998803597065295 0.023496276930056584 0.99904550923884 0.03682384336450444 0.1610542207089835 -0.6813609219072546 -0.0109511148311455 0.7318656756411326 6.567789575581776
0.7006549908340263 -0.04492327190894534 0.7120846041450171 3.351126463132425 0.023995954405532545 0.9989349952708723 0.03940900145081262 0.1810117759216434 -0.7130966119618984 -0.010524963856351724 0.7009867667397756 6.886222810495668
0.6727888421127821 -0.0487428810503324 0.7382271367780077 3.7373014329642715 0.02659044882704443 0.9987757497697556 0.04171270433619572 0.1963633911932576 -0.7393565594215813 -0.008434051148510806 0.6732612753021713 7.208694861606332
0.6409077934208247 -0.04993521472119289 0.765991954698741 4.143904868032156 0.027231813608381953 0.99873280537332 0.04232271020074997 0.2220461403145366 -0.7671346874311238 -0.006265604670475423 0.6414554649685865 7.524274060234458
0.6126225545576717 -0.050815050514655284 0.7887404112180547 4.581557856009346 0.02792966303850352 0.9986996722395735 0.04264854735069594 0.2449605844849247 -0.7898819782535798 -0.004098208115986199 0.6132451916814756 7.847637713489572
0.5827070095851333 -0.053125079498987406 0.8109440590500544 5.096741496579096 0.029746048881885027 0.998586675278438 0.04404343915127634 0.270926301837915 -0.8121377429699154 -0.001542039098707846 0.58346371657469 8.205490931761608
0.5562045614118902 -0.05163001715895218 0.829440068475579 5.625980839580958 0.028577383627865806 0.9986662583729664 0.043000436420170984 0.2960922511470358 -0.8305539229993394 -0.00021381184645117082 0.556938179042254 8.557155474562231
0.531588607636186 -0.0509595652300026 0.8454683169362353 6.204105102158957 0.029550489487338086 0.9986966170941931 0.04161532861426698 0.3250851548705876 -0.8464870470376259 0.002861768017121128 0.5324016242286798 8.909301528659052
0.5057602962476648 -0.05230845938638796 0.8610867249099227 6.816212280217471 0.030075251069268 0.9986223506205287 0.04299860595706027 0.3524941866843111 -0.8621496401510557 0.004150411757000219 0.5066367259384703 9.26638454740964
0.4878402795810444 -0.05276224762976222 0.8713369077706649 7.438195203726092 0.03367032291484504 0.998566214445278 0.041615198224172756 0.37643807233348164 -0.8722833088928726 0.009036625115759818 0.4889173431505767 9.608296974700739
0.4746384538564041 -0.05257912381045662 0.8786089994190402 8.056840630219488 0.0319571892803845 0.9985854488972432 0.042495168007541904 0.40209475556431445 -0.8796005207900346 0.007908033258415686 0.4756473345198982 9.947032352418702
0.46313310912821026 -0.054277662203633684 0.8846251514709186 8.679288071654208 0.03275014418575628 0.9984893690680934 0.044118113216831616 0.4260297333971651 -0.8856834374002088 0.008539042318037461 0.46421108719120585 10.27537147758142
0.45275180863601727 -0.054742882654582825 0.8899545025311586 9.337583162228974 0.030859547462365397 0.9984775720619188 0.04571899408073268 0.4447893509381761 -0.8911024004609309 0.00676423595113498 0.4537518672190387 10.6208839594063
0.44219888968602417 -0.05616519040022234 0.8951567535061968 10.009351972271627 0.031307889770213794 0.9983957884361139 0.04717696123285865 0.4710747609060154 -0.8963704357008788 0.007163869089903758 0.44324792270362545 10.956155402963779
0.4297723511080835 -0.05523573520855652 0.9012462148486399 10.737959253574132 0.031424218136659875 0.9984374805211719 0.046207315492619416 0.5043220674070898 -0.9023902951259671 0.008462331032586673 0.4308365632301477 11.3014048887069
0.41900982281827703 -0.05751309949564003 0.9061583811719677 11.50139474324211 0.032585342952446125 0.9983015095242644 0.04829380401507805 0.5323202614910302 -0.907396806147381 0.009291903356143515 0.42017222269630405 11.650927567120714
0.40899274074638425 -0.05703430166403212 0.9107535486894669 12.241762809551458 0.03130975356381238 0.9983343445935604 0.04845859817121988 0.566690690358857 -0.9120003494234716 0.008696254288059858 0.41009722970635043 11.982549503225044
0.3985634046840286 -0.05789333683131453 0.9153117359660649 13.024838466133163 0.029948484583636394 0.9982950231495253 0.050101247749257886 0.5973129641874092 -0.9166516790568918 0.007443675531938906 0.3996176810111839 12.319570961097671
0.3853110013972084 -0.05828307212373622 0.9209443608091099 13.822044307157388 0.027919387251715166 0.9982828386130145 0.05149642653846032 0.6250304741676408 -0.9223643206552221 0.005870062568800911 0.3862765878844706 12.658101533943427
0.3692307027296882 -0.06297225292427847 0.9272018030199153 14.651019043545901 0.027860860698271227 0.9980032373752246 0.05668607086157253 0.6549437972371842 -0.9289200507055989 0.00490240249392045 0.37024789782913753 12.992976598977005
0.35534320777424927 -0.06593626011284252 0.9324074293414002 15.46934858056996 0.028087110197459367 0.9978117135080298 0.059857318908596135 0.6910418013251359 -0.9343138225079743 0.004918738507094938 0.3564175740364613 13.307265877597922
0.3430519469989499 -0.06508295159759991 0.9370590008487055 16.22583378480342 0.02867671680180699 0.9978573788938363 0.05880728951917435 0.7227536908421344 -0.9388785904331288 0.0066978204266388355 0.34418328202838944 13.58274845616567
0.3295568511829262 -0.06385090601530456 0.9419741735522368 17.028580879300186 0.02656020786137181 0.9979426606336748 0.05835239023161807 0.7560879916348134 -0.9437620659873734 0.005788599865861936 0.3305747342354488 13.865627775013914
0.31445836341938393 -0.06226909887260203 0.9472267400159251 17.787167540110783 0.025816470520513904 0.998038114919783 0.05703885532888503 0.7908432222710754 -0.9489201481291596 0.006517706111827424 0.31544900060322545 14.123891897274744
0.29456158825911616 -0.05982900442912226 0.9537578104274099 18.61360399717181 0.022215478824967425 0.9981972688517393 0.0557555822990522 0.8279497100380475 -0.9553742424949735 0.004764733565376742 0.2953597028898943 14.386749329695492
0.2760147749536069 -0.05819430300558489 0.9593900495132333 19.42235366139739 0.021141989786636943 0.9982914787170236 0.05447145847910005 0.868279479411328 -0.960920839754853 0.0052484872747063475 0.27677354119596725 14.629473035909538
0.24959284738173215 -0.05774528986712437 0.9666275870437598 20.242010286664144 0.01995351032762529 0.9983151431200461 0.054486075678170896 0.8995073771097944 -0.9681452721371339 0.005688278769873954 0.25032454039336915 14.847943701296689
0.22201338471680115 -0.05638757991027537 0.9734117822578746 21.07613690411595 0.01919225982239895 0.9983857033970251 0.05345693982390691 0.9329702973578919 -0.9748547143905594 0.006813815692369638 0.22273719434843214 15.041842816872041
0.19343836431433314 -0.05762527811958248 0.9794186676457809 21.887103968505393 0.019402722709569158 0.9983030882583599 0.05490426509186222 0.9697097226665298 -0.9809205541545408 0.008382797591656388 0.19422820377506045 15.216652614966444
0.1573936516233208 -0.05752713830825365 0.9858589487278288 22.703795058965312 0.019593336837651163 0.998287241987033 0.055124256344091585 1.002227946238038 -0.9873415516325862 0.010640058457820425 0.15825122298349265 15.352472755515036
0.12198803834189087 -0.05655780313302762 0.9909188329052301 23.562353770891857 0.01838247874348965 0.9983326245686535 0.05471796046189234 1.038669709182078 -0.9923613268244298 0.011540607723588576 0.12282431109771275 15.466134048708177
0.09195767526506682 -0.0529397695338018 0.9943546483833384 24.410650215802526 0.015440041165615183 0.998541494833094 0.051734787380390564 1.071476658458608 -0.9956432047117324 0.010595465926426323 0.09264094674145618 15.549939492417213
0.06380784672478834 -0.050708034851750954 0.9966730927931283 25.243944709994857 0.01692548613846965 0.9986195987746533 0.04972348401034546 1.1019237237194557 -0.9978186641947137 0.013696428170301173 0.06457802443597505 15.601419601318788
0.036338177596447085 -0.04739808229711078 0.9982148860057766 26.066094510495525 0.016879422810173204 0.9987612078394967 0.04680955885911948 1.135022021408216 -0.9991969885535908 0.015148317053266323 0.03709321441839797 15.636655725939566
0.005841488557174979 -0.04539728790071562 0.9989519324085099 26.906278877271447 0.019164546533216448 0.9987905851399617 0.04527788855445085 1.1668213002522183 -0.999799278439234 0.01887997052520551 0.006704442210564265 15.641545851518925
-0.025108674556319766 -0.04342652380084959 0.9987410532728687 27.73069307103982 0.02113036966233242 0.9988097722566143 0.043960736147424344 1.190728019554001 -0.999461385917414 0.02220756346978487 -0.024161171014201066 15.613583898022457
-0.05540612382440874 -0.03969303421221159 0.9976746085161149 28.533314547702577 0.024114633476847412 0.9988648311359292 0.04107960043706961 1.212792400779119 -0.9981726533496257 0.02633461894199685 -0.05438604554615306 15.570171690906799
-0.0832829505642193 -0.035478069145826026 0.9958941995789522 29.37453525492038 0.026437279941593922 0.9989356518540105 0.03779727085773773 1.2332498389103819 -0.9961751956230428 0.02947660198678575 -0.08225636486439825 15.500939964413618
-0.10729545988342276 -0.028398601833686164 0.9938215150127796 30.24624133064885 0.02809147522359546 0.9991063098576782 0.03158244167785754 1.2587912247272448 -0.9938302437077304 0.03130656506972471 -0.10640181236881324 15.407364827293092
-0.13636077443596767 -0.01857759848045431 0.99048503877137 31.068422591718114 0.02715965181991077 0.9993782297375542 0.022483488155832888 1.2793262977482496 -0.9902868738442636 0.029967094642812508 -0.13577142825507998 15.299075536915243
-0.1609151747913009 -0.00896616349698493 0.9869275122490152 31.94045245623864 0.027352899474823174 0.9995341284798667 0.013540490918481042 1.2947655034206802 -0.9865891370840271 0.029174199494392032 -0.1605949584254005 15.162249314088552
-0.18676966331835532 -0.003340448150949306 0.9823980528635523 32.78403532531564 0.028137243521165096 0.9995657882899287 0.008748165942867077 1.2986818811246135 -0.9820007069197958 0.029275865255942578 -0.18659457474036345 15.008879872585643
-0.21212298042271271 -0.0002783205419280236 0.9772429399664453 33.59275807456604 0.029524829062919186 0.999541636316779 0.0066934100413367555 1.3003439268379096 -0.9767968702065906 0.030272756842613553 -0.2120175335856853 14.832255864376378
-0.23750945754706 -0.0004840271643415713 0.9713851055546433 34.356837481682184 0.027343778346610295 0.9996002754871914 0.007183803425959602 1.2950830189595266 -0.9710002962725773 0.02826756027030919 -0.23740128406335903 14.657930876342316
-0.25991455557494 -0.003257543180626205 0.9656261244460548 35.12891924779087 0.027698318735373297 0.9995576865764717 0.010827481014792454 1.2792591101192445 -0.9652342860360458 0.029560440090065948 -0.25970936340872747 14.445903619153057
-0.2758963175341491 -0.005538819465733478 0.9611714433180079 35.93011802180503 0.032302310987313045 0.9993651129616988 0.015031024580190079 1.2773971649237248 -0.9606444621585946 0.03519506320462254 -0.27554223786934684 14.209737733051325
-0.28961635572911054 -0.0018828797172430675 0.957140962062621 36.6879330471935 0.03511925504898827 0.9993037926351505 0.01259237665448216 1.280841839761451 -0.9564983034062284 0.037261035801150644 -0.2893485973562547 13.979177908829138
-0.30059698745275554 -0.0009907213085997499 0.953750737669763 37.44593084729087 0.03566988407284299 0.9992881743467799 0.012280227233646563 1.2736362212900438 -0.9530839997107067 0.037711577558738364 -0.3003476758915796 13.749605322024223
-0.31111772543860156 0.0014301649190105806 0.9503703044320229 38.228528483209885 0.03500008555987206 0.9993377372460706 0.009953940260312225 1.2761522237688487 -0.9497266738007903 0.03635988922162251 -0.3109617396514864 13.501182103163732
-0.31780287369925025 0.0026149360692689066 0.9481532025879847 38.99652277432581 0.03192250611993485 0.9994587816817331 0.007943382295258537 1.2725193220876059 -0.9476192732693448 0.03279185613257568 -0.3177143482750809 13.24897271844292
-0.33028945756360206 0.0004352613858194295 0.943879592305008 39.80677764074175 0.030916399667246915 0.999468306788035 0.010357603867401128 1.2643643437817227 -0.9433732296678538 0.03260236607648228 -0.33012730161599546 12.964410076021755
-0.33929057728982226 0.0013163767660235564 0.9406806957275935 40.611277871832854 0.032461014785114914 0.9994198283576563 0.01030966559465811 1.259609097200818 -0.9401213680591778 0.03403342236336216 -0.33913646144402887 12.6714413271767
-0.34540319165324535 0.002385112640664889 0.9384513553900612 41.39283071963114 0.0323607283210427 0.9994323275524373 0.00937048054528325 1.257550003484545 -0.9378962727606307 0.033605563241957535 -0.3452842997602232 12.381748799798833
-0.35066061871174703 0.002715434852732271 0.9364986689249779 42.18049239657993 0.032186378201083596 0.9994399650991956 0.009153863709682566 1.2581212512746602 -0.9359493402652685 0.033352399854871005 -0.35055163654008126 12.09416768771128
-0.35186839049648466 0.005793524867511418 0.9360315544034951 42.95764277383402 0.031505259592031945 0.9994875770850037 0.005657019602919209 1.2537917439354398 -0.9355191363021135 0.031480443490501525 -0.3518706115750351 11.806560394062847
-0.3535232574811868 0.0038666231886097142 0.9354177439224722 43.77825348862507 0.031875222789169155 0.9994605137173886 0.007915282175297139 1.248581356246646 -0.9348824934675113 0.0326148853269646 -0.3534557860087703 11.495063454223814
-0.35065201431552545 0.002628329636274851 0.9365021392072672 44.61613939789458 0.02907458430410015 0.9995445788133688 0.008081058863092778 1.2428561204798916 -0.9360543966052446 0.030062049965497634 -0.35056873755066015 11.192216350951352
-0.34607689705108813 0.0017514744399416277 0.9382045159051288 45.47086185462356 0.02678251551219756 0.9996091663728346 0.008013199501174444 1.2358650829530546 -0.937823799117046 0.02790066021966069 -0.3459885474534925 10.883464778368262
-0.34000917881314546 -0.001242078148210108 0.9404212968476863 46.31881049144479 0.024878321769451952 0.9996372687181834 0.010315042199924754 1.230590150205282 -0.9400929887137474 0.026903312649641388 -0.33985494602805116 10.584745573693565
-0.33387445861446485 0.0006049087638101899 0.9426173560731236 47.18626687218689 0.023678407434791302 0.9996896231770919 0.007745342690706165 1.2300851586472625 -0.942320104267255 0.02490564990984819 -0.3337851549969202 10.278118354445375
-0.3312532589404956 -0.0013556600612931145 0.9435409056459076 48.07024707740745 0.020700752170722772 0.9997478284743202 0.008703925576895553 1.223663767265894 -0.9433147710604703 0.022415210163637435 -0.33114166311784554 9.9833972587761
-0.33093465079348916 -0.0012541126407386444 0.9436528408825332 48.963101285666085 0.01724567253924242 0.9998240697595413 0.007376741024128147 1.2222879208965645 -0.9434960750754932 0.018715147099399858 -0.33085480136486956 9.675810810922155
-0.3310521544570479 -0.002986500549125526 0.9436077319754312 49.87968051620742 0.014440639250925324 0.9998618509892816 0.008230848942415419 1.2196342523655506 -0.9435019549356387 0.01635113912723817 -0.33096329295236065 9.364760968658073
-0.33456485136479275 -0.0025233092945075907 0.9423693507014426 50.80475054936342 0.013678293492694914 0.9998780683916282 0.007533434578883646 1.2136113417376593 -0.9422734552763237 0.015410426977565268 -0.334489542769258 9.046719149236342
-0.3367269363296912 -0.0025458308619484716 0.9415989003260584 51.705206323335624 0.013082350506862515 0.9998871739773714 0.007381830447909529 1.210738845107919 -0.9415114563589949 0.014803988002171604 -0.33665563931708586 8.737993364092867
-0.3364785430614575 -0.004510492696813234 0.941680330852711 52.6389530043628 0.01296044533448477 0.9998716350213478 0.009420208939754409 1.2071591141887787 -0.941601941860769 0.015374294629959172 -0.3363768930064318 8.409091374880402
-0.3371326721923831 -0.00381824912152106 0.9414494050739368 53.5680369964182 0.013212273454829771 0.9998741085848832 0.00878651305924346 1.2003187134973254 -0.9413644337718408 0.01540090761063967 -0.3370397823316864 8.085054302466007
-0.3379987117304054 -0.003453927724505902 0.9411402346366138 54.50262516570773 0.013624196834172084 0.999870524698081 0.008562423757809126 1.198659256323991 -0.941047954213392 0.015716368004677427 -0.3379078922539861 7.7497947719199844
-0.3389037255622279 -0.0027504795685514387 0.9408170383566536 55.46079678347943 0.014558143251376415 0.99986066838883 0.008167268461021272 1.1917555486009743 -0.9407084167079163 0.016464466926838856 -0.3388164636845449 7.401394464498766
-0.34002243386363895 -0.0039475764197559075 0.9404090392535887 56.42650498881904 0.014496068183732273 0.9998503789375733 0.009438418596559668 1.185516363555193 -0.9403055931327113 0.01684150761664423 -0.3399143350088941 7.055728617219687
-0.34201662927801485 -0.0019351643840731852 0.9396919071887934 57.38070872671854 0.012008145522601318 0.9999072271685792 0.006429735387409384 1.1784076538338755 -0.9396171719048206 0.013483033592285129 -0.3419616616913896 6.721876000081899
-0.34143863118472617 -0.0020238592549529323 0.9399018912250453 58.29992903608629 0.011752440807230393 0.9999103125089662 0.006422388441549677 1.1690840236474744 -0.9398305917928896 0.013238992859645572 -0.34138422312445726 6.389460938940126
-0.34051804920572554 -0.004071114038672471 0.9402291657865178 59.315599773722134 0.012566387010043267 0.9998816042293861 0.008880509061030915 1.1598811307809591 -0.9401540001949897 0.014839257196819531 -0.34042657411430993 6.027595541517058
-0.3396584703518937 -0.0035238594542431534 0.9405422403766662 60.30702190130161 0.015430157332051962 0.9998375264095551 0.009318316797052443 1.147741561069472 -0.9404222635406502 0.017677759975993787 -0.33954891111489555 5.67286319984498
-0.3394047210629611 -0.00517327212703146 0.9406262129962534 61.25986931693044 0.014275343659142589 0.9998413845683012 0.010649895208681405 1.1378776449048786 -0.9405321099694507 0.017042387157971652 -0.33927703599915343 5.336064812642998
-0.34000040088771916 -0.003486806905789866 0.9404188266797897 62.216043684826474 0.016194160399121617 0.9998231437712677 0.009561921789421375 1.126018488255847 -0.940285848327602 0.018480350563266544 -0.33988380378873756 4.995747567497163
-0.33802633907747104 -0.004309615878062957 0.9411267827986123 63.221406461790856 0.015654239269539356 0.9998254272354237 0.0102009728160976 1.1219607018010342 -0.941006449968742 0.01818082133695554 -0.33789986512684356 4.6415452353991276
-0.3383249036555985 -0.003169139702071438 0.941024025261831 64.17649174768707 0.013821889131522599 0.9998697190874899 0.008336679959087257 1.1145878119266577 -0.9409278478965676 0.015827236191233898 -0.33823702288082097 4.307106630101332
-0.3412613391275646 -0.0013227119380803858 0.9399675254230808 65.15553275567659 0.010931061248519332 0.999925804242501 0.005375677628806353 1.0976080757620577 -0.9399048942934825 0.012109353538343397 -0.3412215603387937 3.967913819188493
-0.3460618665630598 -0.0034577243938956606 0.9382053232917127 66.14356196377692 0.009218773681802298 0.9999324018891419 0.007085609643187578 1.0890684208486343 -0.93816640246957 0.011101161841347164 -0.3460065974559986 3.6132924657273984
-0.35244300671818374 -0.004344990718390281 0.9358231927405432 67.11112173875459 0.009426683358955737 0.9999220047210631 0.008192808765067153 1.0825013070963108 -0.9357858006276312 0.01170920707255946 -0.35237455897586545 3.253940534705208
-0.35848940473576474 -0.004731222063069626 0.9335218059745509 68.03500044010325 0.008412363321627302 0.9999301828242598 0.008298290208669982 1.0689860339845476 -0.9334958911722868 0.010827973717750317 -0.35842457525904337 2.910734249526772
-0.3618407557530626 -0.006688335468532992 0.9322159265131191 68.96344492050548 0.007042685130889148 0.9999261157079494 0.009907760158572778 1.060739417281285 -0.9322133168230327 0.010150334668030052 -0.36176691756423407 2.562625365370417
-0.36608747752506876 -0.005606601727416543 0.9305635522716341 69.92760736319718 0.00802419546518792 0.9999256556473073 0.009181256201580857 1.0499719815229498 -0.9305458457735808 0.01082816675955534 -0.36601527252036703 2.1851453718842198
-0.3683946501482649 -0.003687395055151281 0.929662188571658 70.82529570461304 0.009190860400606495 0.999928819642348 0.007608136023863078 1.0421082585325792 -0.9296240690877331 0.011347192003675866 -0.3683345373521163 1.8269062159519558
-0.3706685675360999 -0.0018387634656941423 0.9287633885924085 71.75802238507386 0.008792090359854912 0.999946285733443 0.005488605924620154 1.0298326943851455 -0.928723592996237 0.010200225331278597 -0.3706324907713181 1.4612671963708328
-0.373557699698361 -0.0013407586396027502 0.9276059763511334 72.62675987845546 0.00943212496417293 0.9999417674154025 0.005243738820850932 1.0246953152689398 -0.9275589900457702 0.0107081344981936 -0.37352330026497566 1.1129933622656303
-0.3751993911895045 -0.0016080904592544148 0.9269427333423031 73.46825644123093 0.008716503841116564 0.9999481607245531 0.005262929257676752 1.0140291589884862 -0.9269031445689527 0.01005434774902702 -0.37516592419825223 0.7787690166021087
-0.38120123579147497 -0.0034457020465444898 0.9244856650962519 74.34959045233599 0.01176295946189736 0.9998940275888288 0.008577084404878444 1.0052909393510319 -0.9244172491985156 0.014144282576259876 -0.3811203073238854 0.4166985342678952
-0.3839036984260723 -0.008579985261210538 0.9233332736275137 75.242781473482 0.013627891239611736 0.9997952677697696 0.014956708379058214 0.9954697391100037 -0.9232725658846064 0.01832502109391109 -0.38370817385972245 0.05202146254940804
-0.3850392190162029 -0.010203829708349717 0.9228438013438003 76.12651528839325 0.01477423298720612 0.9997425918272689 0.017218365954248006 0.991639799593149 -0.9227819470812335 0.020264055511611097 -0.38478935301693334 -0.3184226490644153
-0.38410347489863145 -0.005068811889637344 0.9232761383880903 76.97243883210346 0.017114150097973478 0.9997740383030862 0.012608655819042188 0.9900144208138706 -0.923131424249668 0.02064411492814606 -0.38392993381815527 -0.6663636967268152
-0.3843980208337867 -0.003216139266805985 0.9231618590622582 77.8644588191028 0.016821272973924606 0.9998035102623969 0.01048740399366295 0.986262835564349 -0.9230141961825965 0.019560094969250343 -0.38426839101100874 -1.0332772335377864
-0.3859925094868626 -0.001586136949404857 0.9225005511053161 78.78764683302695 0.01905162696526639 0.9997715380450782 0.00969057402608186 0.9787771600480196 -0.9223051654035179 0.021315625361606694 -0.38587410639408426 -1.422643421988349
-0.38258907728730795 -0.0019017939394105534 0.9239166526912796 79.67498032421473 0.02089584970060719 0.9997242841833428 0.010710699295229201 0.9703892375710537 -0.9236822837998659 0.02340382007098863 -0.38244385182710006 -1.7909030098118754
-0.38044045656361297 -0.0036834239009698577 0.9247980814199583 80.52133084114232 0.018380945380591818 0.9997644164182735 0.011543505132543246 0.9651233597623583 -0.9246227337982698 0.02139027938562552 -0.3802831262246848 -2.1241263240980546
-0.3786987224744392 -0.008842202656367154 0.9254777647509483 81.41781895815593 0.016468730477091083 0.9997316638800655 0.016290523382290124 0.9597576070770047 -0.9253734697475938 0.021410644263537316 -0.37845148407625456 -2.479516563011492
-0.3774454353315003 -0.010722688352775775 0.9259697442691652 82.27357631874976 0.015679470138067447 0.9997156129531763 0.01796795575028518 0.9564600203892597 -0.9258990752579914 0.02130063783420585 -0.37716996866698216 -2.82780851064319
-0.37642189919477653 -0.01248233644726409 0.926364261553421 83.12275449341197 0.01222959565590636 0.9997551595608373 0.018440659467001585 0.95284129532048 -0.9263676326365741 0.01827052840785349 -0.3761770819640762 -3.1548312603149564
-0.37582226399684987 -0.014310875269956275 0.9265812564115948 83.95448886463721 0.008032395973119428 0.9997928820325312 0.018699562883018155 0.9548502606249052 -0.9266569518970939 0.01447037961121578 -0.3756294738365112 -3.4719940534176272
-0.3752486194672615 -0.01456255509870667 0.9268098001083673 84.81501466980275 0.009042527653343659 0.9997714893306626 0.01937012687587729 0.953005842337435 -0.926880092720495 0.01564931661594847 -0.3750311888468756 -3.810747421981539
-0.37433447705749734 -0.013598724111662911 0.9271940325458446 85.66369867334483 0.010707037070224367 0.9997624214425365 0.01898578490694977 0.9511528558064319 -0.9272319335760967 0.017034534742428345 -0.3740999411692577 -4.148910489754273
-0.37120992342452647 -0.011575104725543638 0.9284768223826322 86.50793246520915 0.012491387889246388 0.9997695648776801 0.017458017438827952 0.9530881926742109 -0.9284649470926502 0.018078553451167753 -0.3709797944974304 -4.478338413750725
-0.3661094149634525 -0.010772195202820096 0.9305094605030252 87.34897023887996 0.01582904103073395 0.9997162369201201 0.017801322937407053 0.9502727526453362 -0.9304371755982056 0.021246304355978077 -0.3658350131084329 -4.806608832435537
-0.3578091135789124 -0.010631179852868669 0.933734232131825 88.20939511764668 0.01995315600939903 0.999619842044668 0.01902742641183317 0.9496910820905168 -0.9335815496276357 0.02543913138314872 -0.3574609640077267 -5.132796328940443
-0.34930318552485423 -0.009155780442677557 0.9369650240359426 89.03001702033049 0.02062355315677033 0.9996348998187952 0.017456692683816194 0.952860448053105 -0.9367827675813529 0.025421226342425267 -0.3489868301438725 -5.4317676790721885
-0.34124501557613474 -0.008464412134773988 0.9399362707501271 89.90034151248602 0.019675926606635027 0.9996760337580526 0.016145756158796893 0.9532503717316637 -0.9397684274631777 0.02400377589009085 -0.34096791855892306 -5.743527225786254
-0.3316060390917249 -0.01179630740306234 0.9433442012168994 90.73467960019302 0.019137715246343036 0.9996319578792988 0.01922749701728857 0.9546669174951945 -0.9432238242819396 0.024429406829728967 -0.33125823972982216 -6.023040447028633
-0.3218376483217944 -0.014275613795131202 0.9466872424266999 91.5575420363771 0.017336113971427345 0.99962984129075 0.02096758339435925 0.9539609053193692 -0.9466361430217349 0.023160035660637228 -0.3214710336455391 -6.297223185432076
-0.3118906181515565 -0.015334818954959162 0.9499942555808739 92.41880380891253 0.016991674712808172 0.9996198121542245 0.02171437632553885 0.9562061975571711 -0.9499660653410175 0.022914503624814394 -0.3115114768738615 -6.583073335047119
-0.2991005846253082 -0.01503990788888674 0.9541030559889706 93.23738317427315 0.019256360051722647 0.9995770310372103 0.02179338478516787 0.958012829509608 -0.9540272705087404 0.024890966102780517 -0.29868446047980635 -6.839918949830863
-0.287258595806644 -0.013789008893484299 0.9577538109393932 94.04570344613789 0.019925041259163376 0.9995939964362139 0.02036749909780687 0.9574365789792822 -0.9576458071051196 0.024934023390017455 -0.28686722122189273 -7.083419295925148
-0.27565525357390525 -0.00841126625886025 0.9612197624773582 94.89271934591638 0.022228423318075473 0.9996385451648055 0.015122044094089744 0.9639511608688976 -0.9609995204857797 0.025534870681358755 -0.2753686474626112 -7.326821568063956
-0.2651740422033349 -0.007390705347037704 0.9641722381483598 95.73687970377559 0.01887884259581258 0.9997391281490624 0.012855541606456173 0.9603513956742334 -0.9640157242720612 0.02161141185175234 -0.26496533779720594 -7.548070663941737
-0.25202142865900706 -0.009650434206221487 0.9676735341096732 96.59143987760592 0.019796303055061165 0.9996896148764087 0.015125484904965892 0.9641519664949505 -0.9675191501371048 0.0229683048545069 -0.25175216203656575 -7.772167855333317
-0.24035401748722685 -0.011886393035585946 0.9706125179176054 97.43514433879379 0.017565253002770256 0.9997080342713747 0.01659241092225962 0.9584643353410576 -0.9705263562442284 0.021037107069842655 -0.24007505485042258 -7.972966387295145
-0.23019829617372395 -0.012782855223081804 0.9730597839038773 98.22416904050158 0.017332175713294467 0.9997012626927815 0.017233138295205078 0.9537495801344211 -0.9729893833561383 0.020832282227444703 -0.2299079726617546 -8.15545585938967
-0.22507553680526904 -0.010757327720958127 0.9742819318000945 99.09325304773348 0.014653020763797809 0.9997885955540421 0.014424048757957754 0.9422121422611494 -0.9742311284876478 0.01752267389356254 -0.22487032748965374 -8.352840934714292
-0.22154200391088424 -0.0078611914338643 0.9751191425525344 99.97132941497117 0.013321544503480593 0.9998497944964444 0.011087150105406828 0.9394907401935643 -0.9750598325001351 0.015446362505722023 -0.22140400387109144 -8.545242751371458
-0.219595720879525 -0.00623383640432203 0.9755710423414001 100.77333578238753 0.010638043350022615 0.999904833097673 0.008783893305249264 0.9337894459157414 -0.9755329576211584 0.01230707242194961 -0.21950850681309847 -8.715886143668719
-0.21916584832803254 -0.005142909562033128 0.9756740651508018 101.58069671923795 0.009164049196319439 0.999931148455557 0.00732929400956533 0.9286397266474632 -0.9756445823807878 0.010547456071866874 -0.21910362854464727 -8.887636688412352
-0.215484825339964 -0.007927797781227694 0.9764750073967818 102.40842396132227 0.005216270310698588 0.9999434324037932 0.00926943992731703 0.9192499965120492 -0.9764932567981466 0.0070909812339602155 -0.2154312823451801 -9.05817228342981
-0.2151093383067348 -0.00914251265643377 0.9765471760419799 103.2344130233715 0.0024448045890334874 0.999948003891491 0.009900123430774527 0.911835019900938 -0.9765869113928163 0.0045170760177440355 -0.21507580180134117 -9.231190952679496
-0.20896239197713068 -0.012435521058041129 0.9778446075707589 104.03090266591244 0.002009182115138457 0.9999115754825554 0.013145508861293426 0.9060687237851819 -0.9779216133854617 0.004711584872328194 -0.20891892935195383 -9.39530264523299
-0.20441402326809577 -0.013245654525951042 0.978794901768256 104.84268902020845 0.0026208010958831207 0.9998974574883293 0.01407856207114241 0.8993114705294685 -0.9788810134500345 0.005443082265990891 -0.20435834791483187 -9.560772276981087
-0.20273700237641495 -0.017485299558012604 0.9790771022584444 105.64421959762092 -0.0014391148433850146 0.9998448073716244 0.017558192403171087 0.8980237920264195 -0.9792321669634292 0.0021506909042887335 -0.20273070244228214 -9.714947620097625
-0.2010005249181837 -0.015441255573491467 0.9794694260715485 106.39654535351123 -0.0055451194228078975 0.9998776722183538 0.01462505554837658 0.9008672378388307 -0.9795754389699659 -0.0024916310963745605 -0.2010615605760538 -9.860193949139475
-0.19878358018091113 -0.016085078543977185 0.9799114033925178 107.17560112438011 -0.0078090938225417236 0.9998595587193146 0.014828381276743505 0.8951297024552018 -0.9800122990575835 -0.004704581368392038 -0.19888127264782407 -10.008681884420675
-0.19665725374934961 -0.015454459417838287 0.9803504905042211 108.01785652534302 -0.010453872229552965 0.9998519832647128 0.013664849689225992 0.8915300631980094 -0.9804165650901522 -0.007561166955129865 -0.19678970412881003 -10.171873632237315
-0.19080953676554963 -0.017975415039894346 0.9814624827946608 108.8191006592426 -0.013973168057973981 0.9997807595225114 0.01559434073674203 0.8888263567175196 -0.9815276212383124 -0.010738591282544306 -0.191018877086864 -10.322068943358367
-0.18869040389934694 -0.02046404564794279 0.9818233824431055 109.67446973616009 -0.014273874178610086 0.9997343937119034 0.018094157770578316 0.8860740789065913 -0.9819328836495063 -0.010600229488661328 -0.1889323877543319 -10.483056063082648
-0.18555820890809926 -0.02236424661803281 0.9823787414129167 110.4760890961245 -0.016642948140856505 0.9996690922219185 0.019614238027173686 0.8862397173518555 -0.9824923223028256 -0.012710095570595575 -0.1858690132501578 -10.62123305351346
-0.17976153524994276 -0.022300336013174042 0.9834574141559377 111.25332418566629 -0.015835474197911523 0.999679068214281 0.01977367773466631 0.8870730313697227 -0.9835827510695331 -0.012018967839489907 -0.18005698045497287 -10.759012071270316
-0.17731927005882198 -0.021657770027124292 0.983915045856734 112.09487340225253 -0.016523346285336585 0.999682425088396 0.019027033318894163 0.8893571726778309 -0.9840146622349392 -0.01288370935855244 -0.17762081674123364 -10.900695342830575
-0.1720097161289299 -0.021102447518346053 0.984869201602924 112.91152045634085 -0.0166102532502863 0.9996905251916062 0.01851899913851275 0.8915510378819551 -0.9849552056028775 -0.01317347907222436 -0.17230700045246972 -11.037264465332301
-0.1683359415037134 -0.023282264371285416 0.9854546904671998 113.749519717634 -0.017138974406748338 0.999639030935007 0.02068969278663654 0.8933914045191141 -0.9855806747062078 -0.013406863804266391 -0.16867421156949464 -11.167058922957592
-0.16166713841882413 -0.023584224728927995 0.9865634904553301 114.60607501201966 -0.014588796026579656 0.9996622572899678 0.021506705475760453 0.8904350972129446 -0.9867375048035641 -0.010915845998440627 -0.1619566019653868 -11.305033854471503
-0.15368158208356447 -0.022558476150377326 0.9878628885032911 115.40195708416553 -0.01304589384559664 0.9996985534351437 0.0207992046350463 0.8930701514390068 -0.9880342989907093 -0.009691099703024678 -0.15392955078374 -11.427130349371998
-0.1467596728117247 -0.025308813901564444 0.988848351556037 116.1919157270177 -0.013055133721976728 0.9996351173339639 0.02364731858401454 0.8952056897954409 -0.9890860235185296 -0.009439074722055728 -0.14703653270087208 -11.54280500555261
-0.14135230129880988 -0.024250616588482057 0.9896622830605444 117.00093506204331 -0.014867700118112432 0.9996391674472063 0.02237155333575682 0.9002284063714964 -0.9898477046549781 -0.011551731495112379 -0.14166184768220585 -11.656533027911344
-0.13758778275577405 -0.022654431047193162 0.9902304675126281 117.78099970221982 -0.017061097245029085 0.9996442867524225 0.02049924203566305 0.9038482952814605 -0.9903426280823955 -0.014073973041362722 -0.13792535040987003 -11.761439500552424
-0.13580772323429896 -0.02409260867961538 0.9904422287629536 118.5775851780074 -0.018105973446475333 0.9995976734935799 0.021832656086197257 0.9031618223935469 -0.9905697532407657 -0.014967877379025975 -0.13618930432047477 -11.868272225398284
-0.1309192436318536 -0.024221696007438117 0.9910970997280674 119.37094848733722 -0.01997664337116303 0.9995629742023668 0.021789775660618765 0.9064806635492029 -0.9911917500496484 -0.01694609235906562 -0.13134589672796504 -11.971260576236846
-0.12946445919799288 -0.02257200351046041 0.9913271198056146 120.18458771182061 -0.022150895542196312 0.9995572308700019 0.019866555870925697 0.9069695993373792 -0.9913366187280939 -0.01938677056700439 -0.1299071264239663 -12.074197262048672
-0.12497719325316514 -0.022267649379443335 0.9919097000018072 120.99713444281794 -0.022287018534036186 0.9995588535199758 0.019631280006537476 0.9102337915832663 -0.9919092649892048 -0.019653247592846517 -0.12541833951870718 -12.174915819123344
-0.12040341781559039 -0.024046528614153104 0.9924337667773772 121.81794549825243 -0.022107483492742264 0.9995236120616796 0.021536204512204376 0.9105051551099047 -0.9924788542593453 -0.019347180486625943 -0.12087766731400551 -12.269671997168308
-0.11725755986969993 -0.02609750196864794 0.9927585733925445 122.6781833795288 -0.02306091148493773 0.9994566532671074 0.023549789841882673 0.9138302279004396 -0.9928337519519003 -0.020132526694615117 -0.11779568054051476 -12.362371004047448
