1.0 0.0 0.0 0.0 0.0 1.0 0.0 0.0 0.0 0.0 1.0 0.0
0.9998938540791138 0.0005982352101141217 0.014557564681260774 0.010333135724067688 -0.0006040146838324736 0.9999997405099089 0.00039261479407844667 0.013875715434551239 -0.014557326027723158 -0.00040136610244789826 0.9998939559594179 0.1382686048746109
0.9993554130378202 0.0023189305706716287 0.035824307292906 0.026003825053473727 -0.0023761410250868263 0.9999959687645871 0.0015544801073150085 0.02565957030156444 -0.035820558145247434 -0.001638601715958856 0.9993568945069522 0.34456354778978815
0.998055013958707 0.0017985817595700274 0.06231335503356537 0.05341086502926369 -0.001988090092137922 0.9999935854762096 0.0029793462739301415 0.031769166573581656 -0.062307596725203314 -0.0030974360507652733 0.9980521876536521 0.5847291343847163
0.9957990705178538 0.0009259751917056111 0.09156065599220668 0.09341635744885932 -0.0013727820242334565 0.9999874557112467 0.004817041588118444 0.041889696792689564 -0.09155504696789145 -0.004922498358767317 0.9957878500888708 0.8473975833639975
0.992225094394469 -0.0019311573216245317 0.12444128207828146 0.14729866666964195 0.0011142582611612655 0.9999773753047403 0.006633800356530995 0.052618887316066315 -0.1244512775443254 -0.006443563458367804 0.9922047974120783 1.134164248655703
0.9871672548190333 -0.005613714996959406 0.15959103112952985 0.21463856169144646 0.004488059975941133 0.9999624521313828 0.0074129376797688945 0.05910185349771276 -0.159626652945885 -0.006601555220150416 0.9871553834822404 1.4153538800737044
0.979976960283083 -0.007170753744764026 0.19898175193987155 0.2981651872452411 0.005455816031556986 0.9999431120125569 0.009165522902307231 0.06692824314800515 -0.19903615597614027 -0.007896393440987175 0.979960333679311 1.7252193078580231
0.9704252860766565 -0.008560920899815498 0.241249818189334 0.4013045690221338 0.005889418042791059 0.9999131221500762 0.011792493680476475 0.07907148779939158 -0.24132981352944533 -0.01002291302136922 0.9703913964563007 2.0788221697029443
0.9591414069373885 -0.012787372165727773 0.2826380098487503 0.5240292886122273 0.008304031634755373 0.9998200724791906 0.017054786023734052 0.0878408402432901 -0.282805241388444 -0.014010916486852064 0.9590750177449221 2.437457829301772
0.9461929267536809 -0.01985364315933062 0.3229934646623761 0.6656992693441757 0.013364946849244237 0.9996621000747727 0.02229492923989995 0.09311324017904278 -0.3233269607642093 -0.016778513861401247 0.9461385511200685 2.7411501309086113
0.9312319638496523 -0.024608762788896246 0.36359515714420576 0.8106274412546144 0.01586215821761698 0.9995089617056425 0.027022720195934692 0.10176556291663442 -0.36408161370961745 -0.019397016886839223 0.9311650413833696 3.0526187283041786
0.9127948768933019 -0.027395231989785256 0.4074984834101443 0.9972879371048265 0.015815885520200083 0.9993704462805917 0.03175797326881605 0.11765361586095296 -0.40811195826948476 -0.022543565937019727 0.9126535033364467 3.398915736559237
0.8926709887764371 -0.03045634821718888 0.4496786815607024 1.2010578910294751 0.015315773217770633 0.9991878455226085 0.03727031594486187 0.13564656122920252 -0.4504485907266667 -0.02638295307886024 0.8924124645584006 3.7447314702927064
0.8699769049282596 -0.03586414857440302 0.49178648592501945 1.4234835978900258 0.01739378420845905 0.9989627941635794 0.04208078121665463 0.15653665940464226 -0.49278559350122625 -0.02805527978701226 0.86969837306604 4.092322668745979
0.844962108707496 -0.04182155409174708 0.5331885149381342 1.6462466621329286 0.020246918936168954 0.9987246546230376 0.04625069212116296 0.17521707356519928 -0.5344427912528843 -0.02828465770423031 0.8447312478039276 4.386207792708881
0.8194213630869989 -0.04735015582483658 0.5712325204853174 1.8847155361431651 0.02286643167583567 0.9984891937141379 0.049964550818609205 0.19981939387442638 -0.5727353280696584 -0.027879970937121468 0.8192661052438861 4.666094709503001
0.7879014598996356 -0.052436033345061486 0.6135647902993282 2.1530577870538914 0.02481147625859104 0.9982621581135153 0.05345142022824481 0.2209743925250185 -0.6153012921601029 -0.026891003803923827 0.7878332271366352 4.954481278689743
0.7529743703439451 -0.05643938947711646 0.6556250398822409 2.4384311599446886 0.025556380522211146 0.9980716194879806 0.056567780469485546 0.2475415209607839 -0.6575533963259131 -0.025838685881644983 0.7529647357560422 5.2492181637704185
0.7152135713126507 -0.05806794511476775 0.6964895269566891 2.7707583467088486 0.022411676601952774 0.997935548996665 0.06018601831500886 0.2839365241891699 -0.6985465368621433 -0.027436359067365704 0.7150384479446075 5.562905822214905
0.6768773547604054 -0.06056154386988705 0.7336002630974529 3.1078695974881914 0.020691736089726704 0.9977813557564869 0.06327889191776437 0.31137085643895923 -0.7358049324856074 -0.02765258593409937 0.676628728196644 5.842989141186043
0.6408712671291542 -0.06321336456499786 0.7650412338617083 3.455808610385261 0.02110913399671199 0.9976780619572848 0.06475252235291828 0.34034546715444025 -0.7673580803185571 -0.025348673131526955 0.6407175831365095 6.095909154815607
0.6053341433388565 -0.06652062176205224 0.79318697782339 3.86243304634569 0.021371671354860487 0.9975008118076247 0.06734524561266166 0.37500358129884326 -0.7956845019049401 -0.023814645147888922 0.605242956262002 6.382404212307604
0.571657070759265 -0.06823631834210059 0.8176502909618834 4.281266191471375 0.020895064041264323 0.99742331116185 0.06863042073048267 0.4145674638044674 -0.8202265478205691 -0.0221482100867567 0.5716098906074883 6.650446974330046
0.5409664197554094 -0.06973283014376778 0.8381483550643972 4.687619497044853 0.021643424813169335 0.9973810611504447 0.06901145572127868 0.45374694386005593 -0.8407656598954142 -0.019192479218531254 0.5410589190486331 6.898737887954329
0.5085208868200155 -0.06975153215677242 0.8582198036806002 5.184612252073901 0.02263589337342896 0.9974519531902186 0.06765513585977866 0.4995966665575828 -0.8607520688322347 -0.014977477718264073 0.5088040400411804 7.176169006941482
0.4797496038670593 -0.06862529817218263 0.8747176035956855 5.690555117276564 0.023530049329281166 0.9975843271359377 0.06535936835144643 0.5445362391290358 -0.8770898781584254 -0.010773982713810543 0.48020544241868107 7.443425253828273
0.45339948168444355 -0.06715171703164849 0.8887741878047424 6.232188054914272 0.024041420635147723 0.9977164315563533 0.06311839903150855 0.5887454357048978 -0.8909831199871983 -0.0072504553069622744 0.45397853561123336 7.709451156074171
0.4295739872917561 -0.06700077647807665 0.900542661617759 6.821937011207908 0.024042248840286218 0.9977387904026216 0.06276365506099821 0.6357107941301866 -0.9027115595321489 -0.0053105627996495805 0.4302134798094861 7.988219634711125
0.4127368096430551 -0.06869690084813562 0.9082560551846235 7.443728794823499 0.02589954098904647 0.9976337517985997 0.06368760514265456 0.6865237538690195 -0.9104820370233722 -0.002762804030582062 0.4135393901089222 8.267596973425455
0.40264660430281074 -0.07110332504376857 0.9125897376209839 8.079211059556311 0.027610446338616663 0.9974682453940636 0.06553443891169555 0.7365085832886357 -0.9149390008609308 -0.0011902093129277577 0.40359039644842054 8.543611008731748
0.3935145542637359 -0.07356208931456823 0.9163705116372356 8.731256518683763 0.028249790552583063 0.9972902829995218 0.06792673088312953 0.7838292570085789 -0.9188842391271865 -0.000842882203752171 0.39452635480185877 8.820876574473004
0.3879774750186899 -0.07605069088194333 0.9185258686038739 9.37409860776323 0.0286190508808728 0.9971033969314782 0.07046818966303206 0.8300793383640869 -0.9212244182634327 -0.001052731725629176 0.3890301568659093 9.091169929334825
0.37747620540164967 -0.07803014644950658 0.9227258588555108 10.06542171113111 0.027396499425978934 0.9969483150363938 0.07309917212457104 0.8778770359145477 -0.9256139293327289 -0.002313739649114202 0.3784620198039193 9.379762517031079
0.3674260611471183 -0.07961895973298375 0.9266385006252179 10.76436818069622 0.026658750871359306 0.9968212029254735 0.07507862811873384 0.9253581669720193 -0.9296705871392797 -0.002882819670018036 0.3683806302709973 9.65615405205797
0.35590695309651876 -0.08152911168189661 0.9309582400333072 11.454864361377608 0.027226025942547884 0.9966689255965988 0.07687519926150665 0.9784131628610007 -0.9341247155754566 -0.0020141247432750448 0.3569411142647908 9.921138247659261
0.34307751169885803 -0.0823496977990067 0.9356903057309787 12.21147901167714 0.026483470085988496 0.9966015291106753 0.07800011529778926 1.0390723330573033 -0.9389336753885893 -0.001979759247013768 0.3440924785208177 10.197604252540721
0.3326030352527431 -0.08477585795039613 0.93924878219215 12.95554481333821 0.025272422602449843 0.9963949131627772 0.0809844533175651 1.0983440412987646 -0.9427282352812318 -0.0031985828293098553 0.3335464637369408 10.46853372407852
0.3244773691567604 -0.08839518947229821 0.9417540694805964 13.7215948717219 0.02383436795517621 0.996071775178459 0.08528154312048164 1.16107188466246 -0.9455931259317005 -0.005225817734077584 0.32530959257256076 10.738130027496956
0.31816826216937777 -0.09311650449865246 0.9434501966389484 14.492634778429688 0.024998552374805708 0.9956426726990577 0.08983730116071612 1.2191974004388093 -0.9477046107977327 -0.004998488834592578 0.31910967672900215 10.999697733344096
0.3115733018490684 -0.09551601290895897 0.9454093128655151 15.26518440094575 0.024346691213524736 0.9954108991123091 0.09254393851235304 1.2787343054318066 -0.9499101621742042 -0.005816631877683713 0.31246895940521346 11.252732982325663
0.2976775744020329 -0.09755638472460254 0.9496687914728943 16.05434284249692 0.02428878167482361 0.9952169292467503 0.0946219785537264 1.3463156611481757 -0.9543574365943166 -0.005100543121515734 0.29862328723157316 11.494872204918961
0.28508321059231945 -0.09724232903204313 0.953557283272903 16.834381414455958 0.022780747327891863 0.9952467827959578 0.09468304433993799 1.4117808985875098 -0.9582320181404701 -0.005269798736173455 0.2859434010984031 11.723772723574243
0.27131211957649903 -0.09685628776253885 0.957605656463958 17.61832955758164 0.022127733473912586 0.9952885548130925 0.09439839018422669 1.4795407730209558 -0.9622370275468594 -0.0044217845861463725 0.2721770575174527 11.942422325066909
0.25282144507278004 -0.09647877018728845 0.9626905857098945 18.454078663850503 0.019761861527543792 0.9953230693842067 0.09455927442915268 1.5524764489138296 -0.9673111111427789 -0.004882054357542999 0.253545616812779 12.164087851611129
0.2293585388764081 -0.09605218520382248 0.9685910583739918 19.240566785011477 0.016942350219418367 0.9953621416622844 0.0946951092428377 1.6215285142596199 -0.9731945424289645 -0.005308922964309841 0.2299221562256175 12.354892447949444
0.2056152217945877 -0.09654610303663978 0.9738589377085373 20.005262095720003 0.014586528633839232 0.9953135912984368 0.09559334788060322 1.6907695538481757 -0.9785242019228632 -0.005450226146351565 0.20605989732642527 12.522305129125282
0.17336238996671577 -0.09708199029285186 0.9800615128173369 20.816286206275603 0.012290617687586353 0.9952654357767977 0.09641396716699574 1.763533047491023 -0.984781408466816 -0.004668994409887453 0.17373479222456994 12.673794960643637
0.14074297460860796 -0.09730572158574502 0.9852527653577019 21.62722580511499 0.012420287707535345 0.9952536266673366 0.09651919528661917 1.8372949847556597 -0.9899682578505149 -0.0013472758410804433 0.1412835209648502 12.79363505806206
0.10876624059906298 -0.09678250749107395 0.9893447584890149 22.449768412595326 0.011177298916081074 0.9953053722972618 0.09613679766431779 1.9102046574790519 -0.9940045135183682 0.0006017640315091263 0.10933739060889952 12.89044721773997
0.07634965865341853 -0.09506393850777214 0.9925389550133018 23.299487551192673 0.008480948747041979 0.9954704598238961 0.09469232876189645 1.9932655904225594 -0.9970450356587995 0.001187945028842334 0.07681006219729242 12.961607687816567
0.04496519324229653 -0.09230045423129155 0.9947154153552565 24.093716109023703 0.004864450141421416 0.9957309598446689 0.09217479444857163 2.066110800044503 -0.9989767107002571 0.0006940860984499669 0.04522222598439163 12.99999773016265
0.01387569431911384 -0.08912726146178826 0.9959235896249693 24.92496664810724 0.005246183096944079 0.9960122585347813 0.08906210423831953 2.1359835434599965 -0.9998899652812182 0.003988998967910412 0.014287939570076569 13.012382794220544
-0.014503875985967085 -0.08623538829475046 0.9961692102183433 25.755775178676423 0.0073933889850558016 0.99623752046065 0.08634894687100908 2.208004840995158 -0.9998674789094302 0.008617460883016008 -0.013811733679388205 12.996064284466724
-0.04367695584480752 -0.08222133619038696 0.9956565549441225 26.596801327006588 0.010938273760352286 0.9965085191025393 0.08277152604131542 2.278404826790792 -0.9989858245717378 0.014505972257381913 -0.04262509910362361 12.954776590108917
-0.07255735054141998 -0.07885169385973581 0.9942423453353112 27.449012787932418 0.013080431610590741 0.996708884349604 0.08000188852426213 2.3436930941859795 -0.9972784632144075 0.018809844072142368 -0.07128714172059036 12.887431626705125
-0.09991589565891384 -0.07600317562518305 0.9920888725762247 28.236254188474234 0.01732464798057208 0.9967943237341517 0.07810846781063231 2.4055244870475403 -0.9948450484206202 0.0249918680026705 -0.09827886938050717 12.802858187500032
-0.12703421691608263 -0.06811111976441148 0.9895570640933021 29.054867683565355 0.020324649098979995 0.9972514032500537 0.07124989371782922 2.4635254241594913 -0.9916900808072656 0.029163574544911777 -0.12530071647138497 12.688875102058589
-0.15103711169690176 -0.05656955457360831 0.9869081397909336 29.891204223876514 0.021556123075735723 0.9979353741648489 0.06050059957063819 2.519484877395575 -0.9882930357177475 0.03041174914085877 -0.14950585629329755 12.56028169930562
-0.17138751283584813 -0.042480528103624494 0.9842874200029073 30.712643917566236 0.021597851124731053 0.9986678621138472 0.0468618609079086 2.5653087205121206 -0.9849669300391442 0.02929003094903433 -0.17024171291510387 12.41870597138333
-0.1928552854008801 -0.028137686626449936 0.9808236892960205 31.535879451623856 0.02109192864268762 0.9992389226832883 0.03281319766303171 2.60045937011562 -0.9810004941074579 0.02701566186590875 -0.19211502953925824 12.264445963994316
-0.21821892044257535 -0.017954150183628705 0.9757346725683479 32.33322767226281 0.023883656887175093 0.9994330280922974 0.023731693828238053 2.6275920059158135 -0.9756075408147341 0.028482816740014384 -0.21766638568226854 12.090221126126542
-0.2448646585632867 -0.013873598108832128 0.9694580043829643 33.16255874404279 0.02556940264280105 0.9994574418754123 0.020761202478355938 2.645456675626556 -0.9692200496456805 0.029872146815580293 -0.24437706563720968 11.883906505954329
-0.27103610810949613 -0.014193492267513166 0.9624645307117088 33.94437506141343 0.026769733525448876 0.9993933830228605 0.022276609641033007 2.664761330822679 -0.9621968662741707 0.03180268459382871 -0.2704917369991023 11.663241574053005
-0.2967407037189942 -0.018453191303369768 0.9547797832417053 34.712365902184565 0.02792425678711853 0.9992180704998994 0.027990774718564183 2.6769724364658076 -0.9545497318837 0.034967518030017304 -0.29599338175637846 11.428344044924794
-0.31762467419766033 -0.020362425939176185 0.9479978575665148 35.46276105700034 0.033064958409542565 0.998923524014917 0.032534623019103974 2.6939313464686827 -0.9476398444906197 0.04167930876935886 -0.3166094760968204 11.168718495178311
-0.33627346757057325 -0.020413581619789307 0.9415431167469258 36.2032334613252 0.03443957269966971 0.9988297765447849 0.0339557553260017 2.7139535751833614 -0.9411344594904211 0.0438447622065319 -0.3351769174432003 10.902704938973748
-0.34869271523060547 -0.017313970730814858 0.9370771669199077 36.955020780049416 0.037275642182001086 0.99878208225634 0.032324582961099926 2.732333574368945 -0.9364955508944116 0.04620149977243268 -0.3476226468079296 10.617473566723843
-0.3594137767614403 -0.014117405525611243 0.9330715063355559 37.707282082569705 0.03920981054188215 0.9987740744084121 0.030214881215877776 2.752677285887818 -0.9323541858281903 0.04744520155764266 -0.35841962141853695 10.319523671831517
-0.36821068285616243 -0.013374074378926423 0.9296461838598089 38.481521542571386 0.03443254219779175 0.9990144363003453 0.02800992862006019 2.769200191927309 -0.9291045651961871 0.04232363639871367 -0.3673872843929056 10.01818568327177
-0.3788403047480914 -0.01399370387031942 0.9253562555850385 39.26113769285626 0.034517898237653916 0.9989762846051662 0.029238630229767366 2.7872998607757453 -0.9248181108734994 0.04301812465052265 -0.37796944684977374 9.699301650686195
-0.38980682792394594 -0.014004770500692243 0.9207901516127842 40.03537044172588 0.03579620112060589 0.9988982479030013 0.030346701989626433 2.8029403946077616 -0.9202006677291666 0.04479014109753399 -0.38887603985236563 9.366535566135571
-0.39734693104867996 -0.01222395266942535 0.9175870483868718 40.815528648540834 0.03750896243784759 0.9988593069066409 0.029549327282035638 2.8250587156172986 -0.9169015727563301 0.046159072641468506 -0.39643517236724574 9.02598837600298
-0.4017741458742292 -0.009306400647427394 0.9156915018793301 41.62273238320481 0.038556038614838445 0.9988897332031781 0.027069037434211737 2.849030860613226 -0.9149267553161644 0.046181076300506815 -0.40096925143751627 8.6673968351912
-0.40210631559871374 -0.00801123577770636 0.915557934298503 42.43030046865666 0.03816915465213637 0.9989457623244384 0.02550450092019691 2.8686216714032455 -0.9147970412002704 0.04520159328343445 -0.4013766178738743 8.315389100127934
-0.4024483913088571 -0.007814033790552937 0.9154093254980711 43.22095812600248 0.04140182400949505 0.9987850257629399 0.026727537866594694 2.8841801652902808 -0.9145059766352541 0.04865607040897929 -0.4016359116298699 7.967611792542733
-0.40082489074591504 -0.008881021789434292 0.9161116386175329 44.019734546254156 0.039696393466558164 0.9988455435756642 0.027051366412517656 2.9043360241758647 -0.9152942714254656 0.047209189052680026 -0.4000096113404212 7.622810221331102
-0.3936115271851073 -0.009774371722414446 0.9192249057355005 44.83058549846993 0.03851212331121312 0.9988902528566429 0.027112342319580658 2.9287150846666785 -0.9184698046343548 0.046073033386399405 -0.3927982861081578 7.282332773494388
-0.3856805617605659 -0.009728861227989983 0.9225810823658054 45.633259139771845 0.0378800997455416 0.9989343027712898 0.026369618694719148 2.9523975553242314 -0.9218544366239836 0.04511771277495764 -0.3849010128210036 6.952689465213885
-0.38003169750088284 -0.010319427283861699 0.9249158979686375 46.45543953330517 0.03670974593223954 0.9989816938489762 0.02622918047178083 2.974648712077771 -0.92424472054115 0.04392134760186574 -0.3792658853319768 6.619696040099526
-0.37572920964595136 -0.011868185779873454 0.9266534989871474 47.283017336413124 0.03401994974386406 0.9990673814783572 0.026589665011123666 2.9973459480052838 -0.9261048558550234 0.04151521928489864 -0.3749750425421311 6.295309318492796
-0.37578433949200235 -0.013139787776837088 0.9266139844453781 48.16528136774819 0.03107953265810994 0.9991582891827495 0.026772669033077047 3.0211560318729855 -0.9261858306205689 0.03885947934006435 -0.37505965928516777 5.9510996005072485
-0.37604814997000374 -0.014498420470345677 0.9264866888995238 49.052981570514966 0.028536408730152514 0.9992220923030606 0.027219177619469206 3.0449780725313764 -0.9261606028551008 0.036674324224988786 -0.3753418863672387 5.604164233641216
-0.37689227825685495 -0.014979734808755057 0.9261359609341475 49.95276981725189 0.027923761982200805 0.9992310062274237 0.027525619166362043 3.0657271470508762 -0.9258360946231892 0.0362353934543227 -0.3761841598925873 5.25375493786013
-0.3781271547291591 -0.01630088335402726 0.9256101425861262 50.88819269676475 0.02778443401490846 0.9991947186926571 0.02894718230109863 3.0874221727029094 -0.9253366306825325 0.03666326961115494 -0.37736974518172234 4.878347698521911
-0.37696214289777047 -0.016533403319485045 0.9260810922357697 51.817035399065325 0.02837190508180861 0.9991653715315241 0.02938699260387876 3.111992075671445 -0.9257940255931391 0.037352468552249975 -0.37617843541211066 4.499196794355891
-0.37683331585929236 -0.01689578610394421 0.9261269807485478 52.73557840053499 0.029072538781097577 0.9991253024951905 0.03005690274656196 3.132246191903893 -0.925824734789103 0.038251304890480176 -0.37601249730143704 4.135676026717201
-0.3773198993278353 -0.017087795216213158 0.9259253214087414 53.69584857250348 0.02967445025357458 0.999093243440879 0.030530606167134332 3.152378304827495 -0.9256074332963086 0.03899613013406966 -0.3764706911051461 3.7500865857057057
-0.3760567493489664 -0.01728846210235701 0.9264353352216352 54.62302704717601 0.029609074345592727 0.9990911234287821 0.03066316686532603 3.1729972661283106 -0.9261234388489936 0.03896198357308097 -0.37520306482032506 3.374468333819347
-0.37608818249052145 -0.017100567689315768 0.9264260626599835 55.54349780973153 0.031286741385734805 0.9990251924082845 0.031141688249880603 3.1881584892945583 -0.9260555160488159 0.04069687356903147 -0.3751865478362303 3.0059257402406367
-0.3739998724732222 -0.017471299433497903 0.9272641743786496 56.53611430982825 0.030272226181450927 0.9990598007579002 0.031033962550788913 3.212756285481679 -0.9269345649570053 0.03967704885308064 -0.37311934294844284 2.6124954276784598
-0.373515016704768 -0.018687028633993286 0.9274358884887242 57.501082913883145 0.030201298202061116 0.9990220539520356 0.032292681901111425 3.2322091615180173 -0.9271323604981907 0.04007156945127685 -0.37258536664604053 2.2306680628639244
-0.3732938104384867 -0.020816408534573727 0.9274795998964273 58.5093602404691 0.03194051500023382 0.9988671284305455 0.035274115756966644 3.2553963513096513 -0.9271631650307485 0.04279178515366904 -0.37220602968453803 1.8279676976158699
-0.3709878225875358 -0.022420494929377678 0.9283670378136446 59.49461339711083 0.033381541822860954 0.9987404265124188 0.03745975327362383 3.2765927041145053 -0.9280375575143971 0.04488743540138973 -0.3697721054728147 1.4392157485785004
-0.3683433483103092 -0.022637582424205598 0.9294141798022763 60.457910043488894 0.03453462523296518 0.9986803768978316 0.03801137276163487 3.2983662900697666 -0.929048188963075 0.04609820670256719 -0.36707549349314844 1.0635254183599692
-0.3679457330917424 -0.022753698363854196 0.9295688283878429 61.45669528341245 0.03449586056386606 0.9986783534298489 0.03809963247334591 3.3224705465626796 -0.929207174479157 0.046084873889514585 -0.36667453046952825 0.6772161666681487
-0.36670087395862433 -0.022733763022330284 0.9300610974859803 62.43567464187813 0.03444702413250697 0.9986841100157933 0.03799277471280605 3.347692764168227 -0.9297009581399797 0.04596982076110457 -0.36543522546792934 0.29357132391762986
-0.36650659955024745 -0.0219891418994447 0.9301555730761606 63.38351877614464 0.031977208327084214 0.9988323722502982 0.03621257091740534 3.3711625961879474 -0.9298657809779436 0.0430159247647652 -0.3653755049027114 -0.07299055955180667
-0.3686169191422956 -0.020248846883055692 0.929360829345604 64.35740789509411 0.029416432513170776 0.9990079319465852 0.03343389606379882 3.395672678072956 -0.929115837998815 0.03966277987879063 -0.36765557723506154 -0.45240678814422186
-0.3713112217392648 -0.019317341199243273 0.928307501283646 65.3388394599205 0.0285736058124928 0.9990723128731573 0.03221898044867998 3.4169436643175657 -0.9280687074033726 0.038488361608051906 -0.37041479500603247 -0.839983301456204
-0.37466210035554415 -0.021205382754151056 0.9269188973688165 66.33587504620706 0.027797995268840824 0.9990320647085773 0.03409112997762003 3.438362494053692 -0.9267446153154633 0.038539141484566476 -0.3737099845567775 -1.2382251795275447
-0.3791672713648505 -0.023505776159294608 0.9250295448324247 67.28788036560042 0.03156229461076179 0.9987670616307607 0.03831681302456787 3.4600270244658264 -0.924789706844014 0.043724536459582436 -0.3779578852554307 -1.6348732517715754
-0.38483852579272915 -0.024493124505802617 0.9226588729956605 68.23533522576385 0.031055157579019586 0.9987382191441841 0.039465767551713715 3.4866651107366087 -0.922461319651627 0.04384126449644088 -0.3835923060671733 -2.021284548103022
-0.39000589965133425 -0.02218853228351965 0.9205449838396039 69.17702952636297 0.031914753897767434 0.9987832679794973 0.03759563921308841 3.5051989150085743 -0.9202591193358524 0.04404148770533278 -0.3888232254378623 -2.418229104265802
-0.3940248541058203 -0.019818080506999385 0.9188860963318063 70.08943991577766 0.03218055106143765 0.9988570207926397 0.03534210161598879 3.532560618079408 -0.9185362412448784 0.04349592737568385 -0.3929367351386988 -2.8077475551847555
-0.3993779526857569 -0.017886006447349168 0.9166118817045188 70.98532684639794 0.03330946432109901 0.9988664491860131 0.03400435673803456 3.5527491099293296 -0.916181057703757 0.04411244114636446 -0.3983294641887965 -3.195474705369564
-0.40432550782440346 -0.016720223789649123 0.9144623107810198 71.84030961343514 0.033417110156790865 0.9988952423576866 0.03303924248447211 3.5745652163546358 -0.9140044750827577 0.043917296269270656 -0.40332008456942714 -3.5715720625410357
-0.40877347018413157 -0.018160179869693857 0.9124551813326086 72.7172027740096 0.03404689614717944 0.9988025770236104 0.03513148151926464 3.5946522351906314 -0.9120005805570336 0.0454270844111266 -0.407665697680757 -3.964628976725812
-0.4120427758232519 -0.023927767210872544 0.9108502691706096 73.66329575628184 0.03683217610826817 0.9984006610032724 0.04288951983129061 3.621655201191525 -0.9104197612612542 0.05122091432736675 -0.41050246800776935 -4.386545457163606
-0.41347336365010184 -0.030620423212329658 0.9100011907872256 74.5727229792601 0.040062411785510336 0.9978546382936977 0.051779571238876505 3.6514777239639717 -0.9096344214649086 0.05786631591912093 -0.41135958572537207 -4.80015488419118
-0.41448068426595064 -0.03337650742691573 0.9094458593684456 75.45521895521831 0.040866653013983935 0.9976365414965274 0.05523810045867104 3.6799404684603485 -0.9091400766888809 0.06006113404547599 -0.4121370902203626 -5.193825006179532
-0.41415243589615675 -0.0287993228908711 0.9097518116730009 76.33957529361753 0.04120516062617255 0.9978813989943134 0.050347276777632496 3.7157166062808 -0.9092743780504603 0.05833791684813197 -0.4120883314033161 -5.594051692571962
-0.4136357455838968 -0.023596801298531856 0.9101366166371571 77.1947436217977 0.04076511595206132 0.9981814894423695 0.04440629973357239 3.746031359840374 -0.9095293702221324 0.05546985760834871 -0.41192161827250673 -5.983660658758041
-0.41389023896144156 -0.020263489141211434 0.9101012367315324 78.07265384041472 0.04511370385211596 0.9980672153917014 0.04273859245457853 3.7766259474849764 -0.9092082400732984 0.058747123913252 -0.4121761172299247 -6.387999006809663
-0.41052120422277255 -0.02028598750082798 0.911625372395153 78.95245725183538 0.047670775537542856 0.9979078948370792 0.04367299602132028 3.8049849776059887 -0.9106041060983275 0.061386579420467 -0.40869530193522013 -6.784015296078495
-0.4070346006310156 -0.02253056200072726 0.9131348244728603 79.82190414200372 0.04719408568513887 0.997841721034239 0.045657617543760506 3.836554526184649 -0.9121927165711716 0.06167879327094461 -0.4050927971405399 -7.1656498421374435
-0.4052714240088323 -0.027207467242673665 0.913791456847837 80.69995233142451 0.04643301037414709 0.9976543067422153 0.05029771154142237 3.873684233993641 -0.9130164557276325 0.06281431337640031 -0.4030574569532287 -7.548688791671291
-0.4023138554549201 -0.03173158512915042 0.9149517299913636 81.57452302901318 0.04657242485817145 0.9973958039932509 0.055069223886729385 3.908897258821075 -0.9143164501155099 0.06476663247265704 -0.39978833445502654 -7.923470748157852
-0.4009606513930446 -0.034211595413433264 0.9154562374978574 82.42186054986036 0.044329863785557734 0.9974071793084023 0.0566902270308649 3.9467440222926378 -0.9150220867340961 0.06331260066783437 -0.3984044369550319 -8.27784153201063
-0.39843098998484056 -0.036595715679706015 0.9164679480557901 83.29360094013487 0.04067640555997204 0.9975155858139855 0.05751596377443602 3.993759232200391 -0.916295899941946 0.060194764324413466 -0.3959525402084291 -8.636508816374201
-0.3960719060522193 -0.036631722847614616 0.9174885078939015 84.15212450012524 0.04300652530338157 0.9973672611026013 0.05838651609768504 4.029485608795415 -0.917211798886981 0.06258325144885957 -0.39345374902343644 -9.004493076092194
-0.39345121244978565 -0.03493997647005633 0.9186813057127405 85.03232165010606 0.047276252205598356 0.997186463259054 0.05817313357807168 4.065945141865067 -0.9181291300243046 0.06632009904373956 -0.3906923918681323 -9.376229113725042
-0.3894816046810182 -0.032695787033676225 0.9204537278567281 85.9213237948751 0.04932537631138429 0.9971951003999204 0.056293329890255456 4.108066592935987 -0.9197125022890792 0.06732694296224424 -0.3867764158845771 -9.74907814064693
-0.38303063936508597 -0.03207984121423678 0.9231784297172692 86.75406503990551 0.05261460906412983 0.9970166492199969 0.05647569469389902 4.14775094679607 -0.922235995947134 0.0702045936232029 -0.38020005630404463 -10.092171694244943
-0.37367654393754945 -0.03140376156148628 0.9270273158168956 87.602189296543 0.05834669385529675 0.9966516478235207 0.05728137748707964 4.18250514080983 -0.925722152606842 0.07549368616281996 -0.3705930376066241 -10.433488046329078
-0.3624299806155989 -0.031742573019240966 0.9314702991556388 88.46031084822806 0.05625374619296898 0.9968527084727588 0.05585869359180015 4.2252473434208415 -0.9303117892353262 0.07264355903067898 -0.3595036691622529 -10.754545977300458
-0.34820211287594727 -0.033547099508059626 0.9368190223854994 89.33193885600308 0.05619171123488682 0.9968154593188159 0.05658119521107584 4.26675724458209 -0.9357338190838363 0.07234315570677798 -0.34520818015389454 -11.07550434372195
-0.3353095725362699 -0.03505220850072021 0.9414556990346202 90.18803494405861 0.060202974832207205 0.9964679594239418 0.05854235785170778 4.306619958974753 -0.9401824782386109 0.07630824674114078 -0.3320149982943491 -11.381978910332377
-0.32373142012192513 -0.036504536924694804 0.9454445443333815 91.04189944393377 0.061213881087072604 0.9963537877480798 0.05943055108538332 4.3468195001146706 -0.9441667375988733 0.07711386661274491 -0.32031644226909817 -11.671934209396275
-0.31326301045800276 -0.037835622671254274 0.9489124047749973 91.8993796323079 0.061463498398898184 0.9963033218991941 0.0600160739902208 4.39049810666283 -0.9476753265983864 0.07712429208562946 -0.30977946821397406 -11.94832209852581
-0.299534688319458 -0.03697893541389413 0.953368516801882 92.74794276011217 0.06557124773049892 0.9960880150763705 0.05923746865187503 4.42874267198119 -0.9518294920648502 0.08025723990314758 -0.2959381581998137 -12.214800319732415
-0.28565672611723264 -0.03473417286133286 0.9577023400094749 93.59997315011196 0.06592789198296985 0.9962631099010786 0.055797212375830844 4.462300612176794 -0.956061581637222 0.07907814543772987 -0.282299307529195 -12.464283152559673
-0.2732747010633774 -0.027113786340566177 0.9615538364277894 94.4383499306255 0.06790711374594015 0.9965650178417043 0.04740030713887526 4.494968284431331 -0.9595361179556596 0.07824965050683542 -0.2704947883677991 -12.703268362681214
-0.26032741621380573 -0.023450183062625557 0.9652355801988309 95.32704823654838 0.06463598736397295 0.9970391252027198 0.04165539523855173 4.527681342327746 -0.9633544651398719 0.07323299617880576 -0.25804089359197835 -12.938042135608404
-0.24779169161576348 -0.025234914882227524 0.9684846290143615 96.20510680040904 0.06269682573423703 0.9971475170122397 0.042023057470590174 4.5560806496333806 -0.9667824913645516 0.0711338765091046 -0.24550272097013176 -13.155815799141665
-0.23394019916625935 -0.0289495693449678 0.9718198936267932 97.08396981256152 0.06208908696489028 0.9970714575428088 0.04464811119549305 4.5787177773762755 -0.97026642139874 0.07078439791507533 -0.23145764303190136 -13.367391673588392
-0.22211272591030473 -0.028646297905336217 0.9746000854735304 97.95040443276093 0.06057044967113725 0.9972323021432622 0.04311561420977385 4.601021748552906 -0.9731377896348135 0.06860849202809047 -0.21976286584930904 -13.554083161357854
-0.21583590951231235 -0.02404563919367945 0.9761335294931532 98.84317871055438 0.057603188910621037 0.9976420528566823 0.0373122901901326 4.622353573267068 -0.9747290560931898 0.06428173619055996 -0.21394187434910217 -13.746513719495974
-0.21243567454845408 -0.01879011201535646 0.9769943786274277 99.72375254964204 0.05290059464603292 0.9981277917560114 0.030699159766422606 4.6371829925539325 -0.9757420823482194 0.05820518030827311 -0.21104394262816933 -13.923304407843498
-0.21066126052806228 -0.01675964735915871 0.9774154426512426 100.57953370840988 0.04973675084274769 0.9983743088319319 0.027838733447635267 4.650362350940036 -0.9762930343540991 0.05447801102058236 -0.2094852199724529 -14.100829323675104
-0.20743528989872762 -0.01781642576137369 0.9780864867064265 101.46618751043333 0.04694981111636471 0.9985006482240929 0.028145527747838572 4.6639607156887175 -0.9771214437012263 0.05175935151406105 -0.20628779360416682 -14.277500248761728
-0.20294355720916263 -0.01878979554990748 0.979010140994711 102.36084525831843 0.04478576806883898 0.9985914395161264 0.028449462272506727 4.675446620189367 -0.9781657055763995 0.04961935618590086 -0.20181618350846192 -14.45871225067076
-0.1987277180924656 -0.02203704931904366 0.9798069516588825 103.2038395355672 0.04114254565692413 0.9986782623326937 0.03080615654409699 4.689799013323091 -0.9791907806952789 0.04643378943680489 -0.19755839187417235 -14.626388733329959
-0.193642708619167 -0.02601442520863922 0.9807271542481615 104.05553609606226 0.041369973894689424 0.9985427018164155 0.0346554167357208 4.7041444615395775 -0.980199483094429 0.04728342553409047 -0.19228429735986508 -14.78980168945543
-0.1889748704514737 -0.028715775349672228 0.9815619708321609 104.8813091940189 0.041154922541842116 0.9984625043165034 0.037133540426294034 4.721845944085734 -0.9811191419437416 0.04741341287107895 -0.1875025268936205 -14.946749753285845
-0.18568332496377726 -0.02905074267702252 0.9821801042478461 105.73200209621999 0.03691145308717688 0.9986511493908093 0.03651611221650879 4.742302009026179 -0.9819161101954635 0.04303412797221463 -0.18436056077231266 -15.096799062324951
-0.18241523142658905 -0.02851222073704342 0.9828080873762821 106.59926561616452 0.03285925746534022 0.9988442924060967 0.03507632715365099 4.760562869194971 -0.9826723525888017 0.03869280031744384 -0.18126752235627858 -15.249944491991531
-0.17877524606269984 -0.026672930551123287 0.9835283250476501 107.4286515011325 0.03224485634727382 0.9989366546362206 0.032951923515017696 4.772746734200545 -0.9833614191305071 0.03760471778927286 -0.17772508141965887 -15.397877518127332
-0.17510887873791814 -0.02414475501112962 0.9842529712388994 108.27616337437465 0.03022721649570741 0.9990961444569826 0.029886610950620895 4.783755481941457 -0.9840849536346294 0.034984638581021105 -0.17422077687028203 -15.546963708790104
-0.16868355432480425 -0.026017067579375632 0.9853268344538888 109.13196590082033 0.02777417632221627 0.9991291829825135 0.03113632673128362 4.802224522552566 -0.9852788709954017 0.032618827496784845 -0.16781405919279152 -15.687866759378867
-0.16181919147159157 -0.029216995662797583 0.9863878123922256 110.0164606401932 0.028027219128884895 0.999022310165504 0.03418916172533463 4.820305300113054 -0.9864223356450228 0.033178169871463443 -0.16084211135333443 -15.829395696105298
-0.15547199246285354 -0.031182967960536878 0.9873480045398395 110.86520102661402 0.028943864749954397 0.9989287186380003 0.03610633979760195 4.838072363866234 -0.9874161798618488 0.03419119169341247 -0.1544028826078631 -15.960900255027212
-0.15275228932261797 -0.027724955450292115 0.9878755311029721 111.70016117375448 0.02586019782639953 0.9991519809354916 0.03204011799390009 4.85466378297779 -0.9879261046632382 0.030440858035917395 -0.15190577963645235 -16.083671877051746
-0.14814336427253527 -0.02607540103692828 0.9886220800097368 112.5228377298954 0.025517629021926825 0.9992187441426442 0.030178667351237146 4.868545027095178 -0.9886366340729614 0.029698060791248117 -0.14736224399121067 -16.200708562161964
-0.14164393903458627 -0.025656112087343926 0.9895851446173435 113.33764882643277 0.02537287655687201 0.9992415682110669 0.029538203979217074 4.8801520095882855 -0.9895924472579593 0.029292529280513582 -0.1408855424035913 -16.313015496612717
-0.1345826696135829 -0.02712640960360787 0.9905310004950368 114.21334367088969 0.024451013745188127 0.9992299383439311 0.03068677637055282 4.890761290508749 -0.99060065261765 0.0283493953939231 -0.13381576444606658 -16.42628566153478
-0.12618664590316825 -0.028830094317224768 0.9915874928907529 115.09773673720743 0.026106370278580718 0.9991348892131453 0.03237175602147463 4.899845367908896 -0.991662940633856 0.029971633567361083 -0.12532483135722844 -16.538962315723076
-0.11788746515480164 -0.02952522649271844 0.9925879339181637 115.97414199582396 0.028470943786003847 0.9990464837497925 0.0330987713836869 4.911242115589973 -0.992618733915147 0.03216184552741087 -0.11693444647733764 -16.645087731802537
-0.11110292056801513 -0.029502422120168702 0.993370901592301 116.83541839422213 0.02957465264514407 0.9990184170288792 0.032977907120248895 4.926541287680253 -0.9933687537677923 0.03304254115766628 -0.11012133994674927 -16.744335728159577
-0.10381525864100677 -0.0302898597795611 0.9941352606500967 117.70134783905048 0.029042025866535696 0.999017630182452 0.03347141046035271 4.940897799322603 -0.994172496504942 0.03234654508865613 -0.10283359477310511 -16.840026925421547
-0.09752677861075237 -0.0314796700136313 0.9947349183725491 118.54697108507077 0.027257212707612798 0.9990402179925724 0.0342882952152082 4.955669643847113 -0.9948595739144399 0.03045772823416416 -0.09657512610187241 -16.92144830487489
-0.09372259771842928 -0.03193742256838984 0.9950859639833124 119.40565742284096 0.025664253635654097 0.9990757185253503 0.03448267301675596 4.967296402720714 -0.995267512160542 0.028769944260352634 -0.09281632154433783 -17.000360921675302
-0.0885904160002316 -0.03253434235967682 0.9955366667080272 120.3019199811755 0.024959618732214122 0.9990800839576559 0.034871238462468916 4.982575313819543 -0.9957553693682244 0.027937473156805077 -0.08769687547435417 -17.07906155893265
-0.08488560064620482 -0.03160766957971654 0.9958892458635511 121.16563979113928 0.025130450651723535 0.9991108581440296 0.033851936262824095 4.996500960645955 -0.996073739867172 0.027900687490463 -0.08401581032511202 -17.14998982354889
-0.07992001552132577 -0.032912356899503344 0.9962577818428274 122.01975339964788 0.02525992693928348 0.9990669291548222 0.03503151666964386 5.011486104221968 -0.9964811725316706 0.027965118138015964 -0.07901408075421568 -17.218213999279286
-0.0747707949201758 -0.03552429142645531 0.9965677864278242 122.88822382223375 0.026915613449978556 0.9989292720904033 0.03762790339028408 5.026563953081907 -0.9968374380908938 0.029636701563863218 -0.07373457764711311 -17.281412672759615
-0.06997789281982708 -0.03678079168011038 0.9968702362293106 123.78932351936385 0.027773601543646886 0.998860794242604 0.03880387586736071 5.04526827013784 -0.9971618331914794 0.030402090198194055 -0.06887663854885301 -17.343210664501967
-0.06421030626476287 -0.03544329438854501 0.9973067780037758 124.68040637676886 0.026668634611119565 0.9989512238799271 0.03721876189201644 5.060270306675769 -0.9975799820051344 0.028986638157657292 -0.06319773976142729 -17.3979343529583
