1.0 0.0 0.0 0.0 0.0 1.0 0.0 0.0 0.0 0.0 1.0 0.0
0.9999393712724368 -0.002542875833809014 0.0107138957330191 0.00764851737767458 0.002529331343666369 0.9999959851552627 0.001277558730551652 -0.0008883950649760664 -0.010717101391613389 -0.0012503822815011327 0.9999417884466637 0.3098953068256378
0.9998025964019749 -0.004660355742332353 0.019314484518737258 0.01761993891309739 0.004620145929631395 0.999987067216365 0.002125947224662178 -0.0004621113935534343 -0.019324142399044304 -0.0020362918179986462 0.9998111976949315 0.6126228069491513
0.9996776060181908 -0.007397548588380851 0.024289098390461734 0.02833014710143257 0.007354631828639347 0.9999712323359298 0.0018557724071983936 -0.0010279373626874526 -0.024302127816389893 -0.0016765367412312625 0.9997032538749443 0.908266380019034
0.9996384780896246 -0.00985886777353668 0.02501431288049427 0.039862725759703566 0.009835142516404036 0.9999510599228963 0.001071321967668065 0.00037421485028987854 -0.02502365069971533 -0.0008249153291741041 0.9996865190750341 1.2327864270782625
0.9996828546854757 -0.012730773807781868 0.021728263762974313 0.04854703694861326 0.012730440541127453 0.9999189528510306 0.00015366498395784036 -0.0003888005366806718 -0.02172845902329721 0.00012299412006830704 0.9997639015992323 1.5707865053502514
0.9998257118565567 -0.014997486212167378 0.011118512393556542 0.05232809014646525 0.015013784746631894 0.9998863291237435 -0.0013838710296592473 -0.0020946191053578637 -0.011096493955823364 0.0015505607891263397 0.9999372298215161 1.8965370276849436
0.9998699377822152 -0.014797195911411765 -0.006414866526155486 0.035298390989040654 0.014784586088495835 0.9998886843619927 -0.00200870581102375 -0.0002944784161342906 0.006443875664609505 0.0019136034078889347 0.9999774070389873 2.2369972099369453
0.99960233295773 -0.011755136421708817 -0.025631869092415625 0.0063102953926012645 0.01171263274247904 0.9999297706822462 -0.0018077437845678702 0.0007636976761424376 0.0256513192585396 0.0015068082352611152 0.9996698151636064 2.6006348178422307
0.9989553937093294 -0.009425224011118715 -0.044713382016785166 -0.031856710676713425 0.009318166319691177 0.999953199231489 -0.002602138187887763 0.0009068828883434668 0.044735815131472775 0.002182773247619209 0.9989964676341314 2.954421564239288
0.9978863851827781 -0.009586042212903446 -0.06427184501428997 -0.06845629523458682 0.009379613431422648 0.9999498403569778 -0.003512779801228286 -0.0005780562208344121 0.06430229481694687 0.002902510077032423 0.9979262449282148 3.335939560189225
0.9962905138673258 -0.011449140486887333 -0.08528850543942842 -0.11594367154034074 0.01122228352555808 0.9999321016570645 -0.003138857779226503 -0.0003828413201955067 0.08531865171492037 0.002170082440309658 0.9963513528930196 3.74024972318189
0.9944153696852867 -0.012841290745346566 -0.10475291779071509 -0.17077264703579506 0.012632161380463884 0.9999166739289568 -0.0026596424027067475 -0.0034588197987124964 0.10477834238301707 0.0013215335205115154 0.9944947222165744 4.139603024793499
0.9923873895097883 -0.012595911627652256 -0.12250964105823067 -0.2381991281522856 0.012457827075240778 0.9999206062361649 -0.001893084484235902 -0.008140393763251407 0.12252375968158805 0.0003524692460790956 0.9924655178286647 4.5561237576293685
0.9901821254918678 -0.012679812639205734 -0.13920697075880134 -0.3132995663256112 0.012672389899842507 0.9999192604753175 -0.00093971523379464 -0.012345106576539226 0.1392076466672485 -0.0008335957826756409 0.9902628621873274 4.988341044421871
0.9881018402128555 -0.012746220281100873 -0.1532719388424197 -0.39263914535157673 0.012694641801322017 0.9999185548427244 -0.001315199898810793 -0.014798576776067121 0.1532762194128787 -0.0006461809215359477 0.9881831728038643 5.433942036889534
0.9857101496879481 -0.013988934742878888 -0.167868432133389 -0.47438672087892775 0.013841675049203889 0.9999021033999286 -0.002047351516175136 -0.020966380822421554 0.16788063865137934 -0.0003054851191368658 0.9858072823046332 5.883666917127581
0.9837221053859555 -0.01621193327229674 -0.17896366277710604 -0.559459778698706 0.015785573753838128 0.9998681554221891 -0.0038062361843611667 -0.02548637966335369 0.17900177383558316 0.0009192345748509499 0.9838483216286498 6.331925631266081
0.9819980934787255 -0.01563888947189737 -0.18824231601909922 -0.6586202162708393 0.014798440865002949 0.9998732701968679 -0.005869386150724676 -0.028108947233773728 0.18831025078872807 0.002978033228002229 0.9821050762347069 6.816352711850831
0.9804469061992572 -0.016144202798634148 -0.19612044472798223 -0.7645650119512111 0.015057147963183616 0.9998619027892615 -0.007032613017389542 -0.03217259397999085 0.19620689697235355 0.003942089120521596 0.9805545948665205 7.3217639795951515
0.9789240469883237 -0.016746380505337635 -0.20353689829604138 -0.8739519160198109 0.015009446566977547 0.999836596961324 -0.010074516889282169 -0.040422479967009206 0.20367235144161244 0.006807210645325542 0.9790154417277978 7.824334875206253
0.9765593007631013 -0.019784372815919816 -0.21433737584789875 -0.9898174566708247 0.017743982972691922 0.9997771196560773 -0.011439496512628163 -0.04844711791830345 0.21451592752368653 0.0073681479679975105 0.9766926984646573 8.347140766680395
0.9744500637140925 -0.024822554187930994 -0.22322839006539535 -1.105632544308714 0.022575998122280005 0.9996655911230719 -0.01261071898593568 -0.05810289175256331 0.22346677076555227 0.007248912204369584 0.9746845928994001 8.87476375610937
0.9716632961227525 -0.026007115322379315 -0.23493417997489602 -1.2444549509829135 0.02302317682727017 0.9996157641990707 -0.015435585297885355 -0.06758280107616221 0.23524534489899818 0.009589260519795436 0.9718887147127674 9.423308001093504
0.9690662072307726 -0.021714869978651498 -0.24584375205641418 -1.3958346626394629 0.017272533949927386 0.9996465072151678 -0.020211882234572105 -0.07306231079941987 0.2461957464586137 0.01534030750427988 0.9690987201474163 9.96906416655551
0.9666120056997972 -0.019180892381528293 -0.2555255834636986 -1.561536920126796 0.013778006332690648 0.9996424098816067 -0.02291765493217638 -0.08467298510596646 0.2558737911129464 0.01863184729279955 0.9665306292549378 10.541702426054966
0.9635689552461791 -0.021739055563000726 -0.2665750962656035 -1.7264563989181887 0.015896447742973243 0.9995842228191605 -0.024055860827873796 -0.10172361481427351 0.2669872121187491 0.018941883598097613 0.9635138990231612 11.11408875201328
0.9602850627804611 -0.022812368956741838 -0.2780866663889289 -1.8930749239415015 0.016195044541612892 0.9995289227520076 -0.026070157546636805 -0.11734888693637627 0.2785503881401373 0.02053115692777129 0.9602021416671523 11.665991227010311
0.9573053889366514 -0.021534183263946856 -0.28827533932683463 -2.0682434884448035 0.01374039341522709 0.9994840280991995 -0.0290323812904461 -0.13142086815405257 0.2887517859713455 0.02383183848874887 0.9571073344053972 12.218530494313462
0.9544327259836356 -0.020358097566914653 -0.29773095142242556 -2.261573785875478 0.011172680950414494 0.9994086054862865 -0.03252092373129431 -0.1484802813443919 0.29821693910947944 0.027712580959059013 0.9540957342346527 12.797629855394648
0.9522304029948282 -0.020781777204462778 -0.30467257400122444 -2.457894520907792 0.00956446675077588 0.9992218859844797 -0.038264128702912924 -0.17274318320515078 0.3052307005988762 0.033522235991112724 0.9516882257893473 13.395935214289588
0.9502631455266443 -0.021938146024300113 -0.3106745435384506 -2.665458102462798 0.008020229068572336 0.998908968301099 -0.046005966714352794 -0.199677121862309 0.31134487337917705 0.041226093638022446 0.9494023272690317 14.011705105058375
0.9493447871537551 -0.02186804416024608 -0.3134745025494053 -2.875404555758745 0.005116254808320238 0.9985190261589283 -0.05416251780855537 -0.22706861811645837 0.31419468334255424 0.04981508850972027 0.9480507148439059 14.61622728993941
0.9484869036060857 -0.022981727657290327 -0.3159816986498207 -3.090312933684789 0.0032036041363860002 0.998010267326094 -0.06297017732415654 -0.263066278580905 0.31680014300545584 0.05871410823289854 0.946673292580993 15.231477002755001
0.9478795723339929 -0.0225470635451187 -0.31783005880095616 -3.315904449440381 -0.00019458536563937874 0.9974520234269569 -0.07134019272475219 -0.30415299233723364 0.3186287471156084 0.0676837564483657 0.9454600100610158 15.85107035195439
0.9475257754493888 -0.023132308637295377 -0.3188413416672057 -3.542386868903109 -0.0019161722275760074 0.9969496169298733 -0.07802428844515968 -0.3522794355542721 0.31967363535804627 0.07454097933679246 0.9445911333780787 16.47295471508761
0.946997733163927 -0.02237955910084405 -0.3204597458602806 -3.7753178455452283 -0.004774371069563486 0.9964796622898435 -0.08369879344177934 -0.40668624677256504 0.32120476142684107 0.0807925613975158 0.9435571330129167 17.122123231613024
0.946827559551756 -0.022550108396233205 -0.32095025328636867 -4.00840681075006 -0.00646799740601107 0.9960051855293491 -0.08906085227642276 -0.46458040842164366 0.3216764484428754 0.08640117481819963 0.9428993050730354 17.771366466248846
0.9468692690528403 -0.020606586235705538 -0.3209578725114102 -4.261581676160395 -0.010061334691855977 0.9955589898458413 -0.09360057308236262 -0.526350541692953 0.32146128362146303 0.09185677079474698 0.9424568832533418 18.459928567253243
0.9465199730584868 -0.018654966891413688 -0.3221054684596985 -4.521935999118298 -0.013002992267870966 0.9953104770788955 -0.0958539326739557 -0.5899710680920828 0.32238309942278803 0.09491599668792297 0.9418386755592993 19.172641256437664
0.9463516708184779 -0.016814848220211794 -0.3227007530490231 -4.779535029605814 -0.015382216379217288 0.9951689418641192 -0.09696475941450332 -0.6582963846905193 0.3227722146628149 0.09672661489156338 0.9415211412460588 19.87701000754746
0.9450624838115368 -0.015167353319514769 -0.32653767483285895 -5.042640947140049 -0.01729031575934289 0.99520528455176 -0.09626778579147238 -0.7305675006034771 0.3264321471192921 0.09662501225630762 0.9402689297927256 20.604972611701303
0.9439177114214408 -0.013843662929859373 -0.32989044706022325 -5.304120821050173 -0.018672113627612213 0.9952836864260279 -0.09519314947460046 -0.7998606803013932 0.3296524021413875 0.09601425170723628 0.9392074090591025 21.316190180820808
0.9420378803439404 -0.012816355361608552 -0.3352616486154369 -5.575737490068458 -0.019839554815675953 0.9953935378371952 -0.09379817107314993 -0.8728571159023599 0.33491942920919276 0.09501287211318833 0.9374441477074735 22.05331439657704
0.9390899667313503 -0.011891349833557167 -0.34346561717826674 -5.894030087999588 -0.020925591538753067 0.9955684322751484 -0.09168214807669502 -0.9580950601762005 0.34303375053085516 0.09328500659988039 0.93467949241459 22.8979271737219
0.9359134628311261 -0.011602287924050754 -0.3520388856452908 -6.181601979633312 -0.02013950582756608 0.9960595958311804 -0.0863694497935891 -1.0318349093458163 0.35165379337705444 0.08792422002812025 0.9319919211752722 23.648919649143913
0.9335579980416914 -0.010333788968900335 -0.3582773745269658 -6.438958327248204 -0.020677789340931365 0.9963667474753363 -0.08261799775709695 -1.092433772884547 0.3578294193052907 0.08453707666441894 0.9299524661769938 24.294602760151864
0.9305834311882974 -0.008479670850815926 -0.36598165634369856 -6.745843102270905 -0.022187527835583486 0.996587357647187 -0.07950693168738829 -1.1589923138505938 0.3654068844539748 0.08210806148034214 0.9272195398251591 25.047924024941693
0.9272905241529892 -0.007837907139682375 -0.37426040537003713 -7.063634584934583 -0.023402063805147408 0.9966114686908549 -0.07885381337333663 -1.2239756080189617 0.37361026113549745 0.08187885982063325 0.9239649479762415 25.805735216533982
0.9240187289111323 -0.008422906408969894 -0.3822544221707332 -7.394816038906251 -0.023309760705674948 0.996656703683161 -0.07830753513717739 -1.2935051757808087 0.38163600940857184 0.08126788819110434 0.920733124565234 26.58709936858997
0.9208500903427014 -0.008088486241667445 -0.38983289690091216 -7.729599689664139 -0.02418658531600511 0.9966745956372591 -0.07781233515360932 -1.360608246764697 0.38916592888713997 0.08108222247585702 0.917592258572284 27.357349749455018
0.9174375079137729 -0.00786415436116049 -0.39780217966867654 -8.083207516205041 -0.024583298495156072 0.9967740823712176 -0.07640085174993545 -1.4271380505820357 0.39711973069600087 0.07987229675676917 0.914284603229615 28.15776269651702
0.9139269128145538 -0.008378296537288586 -0.4057923140972387 -8.436320703229361 -0.024076062644622174 0.9969073380935645 -0.07480710168650974 -1.4951564751931679 0.40516409174653056 0.07813810467586758 0.9108987294737391 28.93799303338598
0.9106228919244975 -0.008005630671491197 -0.4131608144301887 -8.804218689955809 -0.023893928666070346 0.9971195502213064 -0.07198390611352402 -1.5621773491477078 0.41254700202033456 0.07542222778472922 0.9078086024487886 29.736166338144884
0.9067329899816857 -0.005686626271980419 -0.42166686751571425 -9.186804520231814 -0.024653403194318114 0.9974840969492896 -0.06646567568450976 -1.6265707375386962 0.4209839600148805 0.07066214414311858 0.9043115429957126 30.54829944360925
0.903488851956783 -0.00618856949507437 -0.4285669095922119 -9.569279876677875 -0.02288405151445018 0.9977730879012386 -0.06265129883977906 -1.6918930929435405 0.4280002506729388 0.06641209729885018 0.9013352421581383 31.351326250970736
0.8997912495127061 -0.005918393164381501 -0.436280506008136 -9.983621219195252 -0.022765460873484265 0.9979092202596628 -0.06048902307005886 -1.7574105453174453 0.435726337385728 0.0643596204394033 0.8977752492496744 32.207026570416595
0.8970298131221017 -0.005558151031213659 -0.4419350872325498 -10.397284155952534 -0.022805486192775018 0.998006787413686 -0.05884183949983948 -1.8180645920285752 0.4413812684852386 0.06286142882028646 0.8951150856716882 33.044465986066115
0.8944667653713184 -0.005328473529860846 -0.44710268732810426 -10.814558035901394 -0.02255643285542453 0.9981181123403822 -0.05702140961876694 -1.8730339282250246 0.44656512737002846 0.061088797564807694 0.8926632880482296 33.874608442393836
0.8916300982027242 -0.006106960381582026 -0.4527233956997347 -11.243426961608947 -0.021484829241063458 0.9982119413813532 -0.0557792272817832 -1.9308380471247057 0.45225454126131576 0.05946112274897162 0.8899046043200074 34.71794815590945
0.8898686171614048 -0.006386286771627114 -0.45617218189245173 -11.672805761043335 -0.021261623440020666 0.9982350240768186 -0.05545069950008041 -1.9869185941708467 0.45572117304328125 0.05904279843997907 0.8881622376528018 35.54632630000966
0.8887472672755937 -0.00741927496994446 -0.45833748403232855 -12.1146584782467 -0.020423520133984525 0.9982352170975453 -0.05576137705933958 -2.042930345530098 0.45794232686606007 0.0589186363143061 0.887027293581974 36.39431403700776
0.8876249014385407 -0.0066722488077870686 -0.4605187460267694 -12.577260149460068 -0.021395319546686806 0.9982182291791178 -0.05570105237786468 -2.097218043462457 0.4600698584429503 0.05929458685540736 0.8859006023939313 37.26712640618426
0.8870660918197338 -0.006568149963911633 -0.46159571937975696 -13.048439343319423 -0.02137489085601314 0.9982420087528978 -0.055281154129353964 -2.1541643448004755 0.4611473330558872 0.05890459546615553 0.885366243906109 38.15916787149954
0.8862186836001078 -0.005085654348929826 -0.4632392264887933 -13.532438043048211 -0.022261550824252338 0.998317082487783 -0.0535483535506051 -2.210426106466739 0.462731961499302 0.05776797497683802 0.8846140361050598 39.07128164716437
0.8857400248222772 -0.005847080170728897 -0.4641448266234465 -14.014498586970578 -0.02107518182045333 0.998382928610738 -0.05279549762888288 -2.271111093293782 0.46370297081112927 0.05654502199242311 0.8841844916920958 39.98284656601778
0.8851168034259287 -0.007889470992434963 -0.4653020530155927 -14.49960395493081 -0.01893275826356094 0.9984180199508589 -0.052943442482898354 -2.3299176922132 0.4649836502046061 0.05567058186211034 0.8835671968546221 40.89777542240891
0.8837817364844658 -0.009983687954116735 -0.4677928689402363 -14.986766245780966 -0.017099240937233494 0.9984153657947383 -0.05361318218805209 -2.388228670874519 0.4675868456403288 0.0553812542273435 0.8822105522290774 41.809948849005885
0.8831289653214637 -0.010715126060786706 -0.46900790684565524 -15.490953501451777 -0.015694856312638575 0.9985046614543537 -0.05236518441915818 -2.4478719490704552 0.46886768079658364 0.05360622284239273 0.8816402161749457 42.75077011665188
0.881184487636198 -0.009898770069355245 -0.4726689254652194 -15.999842760135502 -0.015142322406618693 0.9986769122368808 -0.04914402341224825 -2.5092133074958665 0.4725300083819705 0.050462256351887676 0.879868712855737 43.6949548858665
0.8788999531815433 -0.010353155568606321 -0.4768937874068538 -16.50574979016128 -0.012755095780333705 0.9988968486236425 -0.04519284613067455 -2.568545878477291 0.4768355899354784 0.04580281628381107 0.8777983379976042 44.617451010861544
0.8760441295449216 -0.010618064276599528 -0.482114031947732 -17.02197671654111 -0.011990810844554601 0.9989688127575181 -0.043789628830637486 -2.6262821940763357 0.48208184320213815 0.04414258543462182 0.8750134448144077 45.54944682730331
0.8715040579775896 -0.01336668078277923 -0.49020608806240396 -17.560789764487282 -0.011025991243284291 0.9988416322046202 -0.046838246037968566 -2.686098103495067 0.4902643210001082 0.04622472952502308 0.8703471548380228 46.50137307656932
0.866254063085919 -0.016926462041393118 -0.4993169264804652 -18.080022249480134 -0.009609733641277374 0.9986765079251538 -0.05052608769501256 -2.7418430653163197 0.4995113123909014 0.04856673142369862 0.8649449239069144 47.41132982412296
0.8603860248560061 -0.01673785319872223 -0.5093679735738971 -18.627012397311265 -0.010338348392586214 0.9986816771412197 -0.050279481848109694 -2.7991168166053186 0.5095380327168854 0.04852578708994741 0.8590787165343509 48.33177292541945
0.8550118033240067 -0.014667887022892779 -0.5184010698936814 -19.191029077335617 -0.010683270430615902 0.9988896813757282 -0.04588324502476379 -2.8577957890121044 0.518498489785203 0.04476893489217537 0.8539057667910926 49.256219872112624
0.8503864407884811 -0.01316621803233953 -0.52599387071127 -19.762711690548045 -0.010694744439832034 0.9990478088881921 -0.042297730400924764 -2.9135065636894555 0.5260499251634448 0.04159478643324823 0.8494359010408653 50.173584775894675
0.8466114402848499 -0.013180791337929234 -0.5320482458560671 -20.340494850261972 -0.011809309048121774 0.9989818952534446 -0.043539788419809634 -2.969490745714523 0.5320804538776236 0.04314440514761803 0.8455938451205993 51.086250853607154
0.8445209809684192 -0.016427089177679346 -0.5352704582220915 -20.905318578316464 -0.011273173687052412 0.9987625936752121 -0.048437558053488414 -3.023385291874841 0.5354037992573091 0.046940730888132554 0.84329077993568 51.97610729821504
0.8427765349061405 -0.01886162254993991 -0.5379330361730752 -21.48172389581907 -0.013650429726370563 0.9983154909277541 -0.056390126280788384 -3.0837734450424112 0.5380904923708325 0.05486729233761623 0.8410994009340715 52.869022440155035
0.8400456817328926 -0.019945386044495757 -0.5421489040636862 -22.050059070155672 -0.013956109572982585 0.9981987547976491 -0.05834786136620729 -3.145283980284431 0.5423361315711013 0.056581158489017125 0.838254193485803 53.75351086952063
0.838598578082613 -0.019924782666812114 -0.5443853670640867 -22.64152650915479 -0.012439599730279057 0.9983698633466267 -0.055703431849290455 -3.212532500039184 0.544607823297068 0.05348475480843498 0.8369836914819258 54.6579155409155
0.8360438749819415 -0.017707755272669462 -0.5483767632826752 -23.23626990271274 -0.012239296276430943 0.998628412684699 -0.05090670884565603 -3.2778716115069524 0.5485260602121268 0.04927198780282665 0.8346804373448083 55.55589708641048
0.8333727959487115 -0.016026172901075355 -0.552478908877771 -23.826629920661773 -0.012784867818907551 0.9987531467139626 -0.048256596272541315 -3.338252336923197 0.5525634172902515 0.04727910438135249 0.8321288098374054 56.434179602054044
0.8314873835232214 -0.015650771939954497 -0.5553231351018894 -24.42860330159227 -0.014149814011890397 0.9986821699220949 -0.049332608314634846 -3.3964765169485505 0.5553634069734309 0.048877160488103255 0.8301701689277228 57.322254971686185
0.8284265262475295 -0.017395901085885887 -0.559827538832149 -25.040874937199206 -0.013831644199154032 0.9985773405630571 -0.051497383746752015 -3.4603775341777103 0.5599269382948093 0.05040513405817214 0.827007343517806 58.22227319605617
0.825808296350066 -0.01979855464986744 -0.5636032956904864 -25.641086642492457 -0.013192463388737188 0.9984318832194946 -0.054403432616979434 -3.5248182119250733 0.5637966092387736 0.05236212184919176 0.8242521407957106 59.089406944802995
0.8231962984329543 -0.021336144317699746 -0.5673558170953541 -26.252791170562247 -0.012302536273024977 0.9983886745967774 -0.05539586661603382 -3.5900772832588648 0.5676235564593259 0.05258158786633202 0.8216073726360553 59.97052123383666
0.8200359410637067 -0.022048464856586222 -0.5718871571920714 -26.867980767576977 -0.0113573900797991 0.9984339094457519 -0.05477899377906967 -3.658224676961013 0.572199322836314 0.05141588924000007 0.8185012775062259 60.85040263768528
0.8171351271355305 -0.021581333161524035 -0.576042038448733 -27.491788231056297 -0.011986815073384515 0.9984467077568095 -0.054410366971604514 -3.7244923379606836 0.5763215250757139 0.05136553152221334 0.8156071860312681 61.728759777127216
0.8124796477247309 -0.021949437106703044 -0.5825762132492164 -28.126568318933085 -0.01265059480240787 0.9983919180253074 -0.05525884972467002 -3.7954220427262 0.5828522835884259 0.052266626373310726 0.8108954404134421 62.60558537209699
0.807580624464522 -0.023033760226290872 -0.5893072041637795 -28.773169709236193 -0.012703715398666857 0.9983257467454488 -0.056429770513547556 -3.865118923069769 0.5896203444629116 0.053057980313801115 0.8059359156412238 63.48317739026683
0.8036030723554947 -0.024469975491773287 -0.5946623599995561 -29.427134546746533 -0.012339705739865542 0.9982546423854475 -0.05775292735572692 -3.9398886437978544 0.5950376742384159 0.053748388397554366 0.801898545317051 64.37062722838749
0.7988863675054166 -0.024963240820446143 -0.6009637330336506 -30.098491711233656 -0.01300105692540621 0.9981882825984986 -0.05874627649376961 -4.0151987839804155 0.6013414540282607 0.054744763135851554 0.7971144626566355 65.25999224596562
0.7943211256925351 -0.026806160964458044 -0.6069064005370938 -30.76063353475508 -0.012537462595363006 0.998089866218885 -0.060493230884439655 -4.088701098051476 0.6073687194038014 0.05566011754852675 0.7924677848368793 66.12858540651918
0.7888244882289449 -0.026762869996468014 -0.6140355653868069 -31.449443447719734 -0.013108880840887164 0.998091652782245 -0.06034243854457728 -4.166190452278371 0.6144787091620366 0.05564891226213515 0.7869683059377923 67.01409155613507
0.784062707908202 -0.02700025298839388 -0.6200940706104362 -32.14282493055313 -0.01242424064648336 0.9981704796188731 -0.059172053046919415 -4.24062544920743 0.6205572562721479 0.054098798101176904 0.7822927915633585 67.88223274007981
0.7800646695208703 -0.027951062317605996 -0.6250742751710493 -32.82992031195858 -0.011260155180566627 0.9982128293132899 -0.05868863859101117 -4.317158254173208 0.6255975705440399 0.05281936680493314 0.7783558275106064 68.73720610099068
0.7750295794666708 -0.029439025719165752 -0.631238857102778 -33.5372818025847 -0.01035660831425492 0.9981883714363604 -0.059268168467160334 -4.389543873036019 0.6318400838946041 0.052472077278614485 0.7733206252843168 69.60342028471564
0.7708322724660407 -0.031723164728974615 -0.6362477886361714 -34.25266710734141 -0.009380857855453157 0.998085759925629 -0.06112949647736232 -4.464252552712437 0.6369690787084846 0.05308913875039235 0.76905912394042 70.46345410857693
0.7668052906687056 -0.030475451003731776 -0.6411559038865676 -34.96627881562518 -0.011361965045756869 0.9980713249874466 -0.0610289766266997 -4.541075479364447 0.6417792081025852 0.054082133130289915 0.7649801114560408 71.30847785339009
0.7626723123371781 -0.03023073105534157 -0.646078204936617 -35.70308038260153 -0.01099422512356294 0.9981568238896288 -0.05968317967820544 -4.6193427615331 0.6466916351772259 0.05262183788531283 0.7609342094881644 72.17245329086246
0.7600572064228751 -0.02962228519125159 -0.649180686084162 -36.4421340011819 -0.01197395842378206 0.9981526104705067 -0.059565010959275425 -4.69754329919143 0.6497458482239964 0.05304607837494889 0.758298388686616 73.02569457631601
0.7559632348038333 -0.029767742120353415 -0.6539368999788746 -37.19320330099575 -0.012322015624848809 0.9981414642263633 -0.059680694726122974 -4.777309679571112 0.6544980943867336 0.05317423173970488 0.7541914515048727 73.8852621140255
0.7525922491292463 -0.030456772633290587 -0.6577821003579734 -37.92592387434145 -0.014126901733147951 0.9979530780647103 -0.06237054295572963 -4.852055873342018 0.658335277193927 0.05623201029604557 0.7506214917120752 74.71002672649296
0.7497114774895722 -0.03236775453144365 -0.6609727898990966 -38.68408290989181 -0.014474713731355622 0.9977621092277784 -0.06527829694263243 -4.928629025779654 0.6616065168835615 0.058507280366868857 0.7475651911113 75.5636904169848
0.7465065097670488 -0.031992309630070145 -0.6646085486961124 -39.45006572347867 -0.016323373344376797 0.997662256259705 -0.06635939961644381 -5.008832588646674 0.6651778546810463 0.06038637726613937 0.7442391464325109 76.41631648692737
0.7439149749756411 -0.03087830444872524 -0.667560514351593 -40.21496244304207 -0.01686481322833662 0.9977463245279123 -0.06494497644787628 -5.092297953743384 0.6680614403494374 0.059571823922167415 0.7417176752058843 77.26247326818574
0.7406684002897213 -0.03072867211902048 -0.6711676910594456 -40.985476100199286 -0.01669658597762999 0.9978032255379898 -0.06410886929805734 -5.174204985270821 0.671663267440581 0.058689622726556374 0.738528254947133 78.10837378678526
0.7366984300881919 -0.03078147180443269 -0.6755204838486741 -41.77042269947478 -0.017441097872531636 0.997766193933885 -0.06448589262536551 -5.255782706533339 0.6759964727796992 0.05928847473364712 0.7345159260037617 78.95394833482692
0.7343534363207205 -0.03134238643804636 -0.6780432769199306 -42.57267912191763 -0.017388477189148176 0.9977368328680466 -0.06495269970895816 -5.33789495356486 0.6785445242760361 0.059488378283558775 0.732146475388771 79.81808414754066
0.731344758247156 -0.031925112526565935 -0.681260325994825 -43.38922791291279 -0.01694487238666793 0.9977448510926844 -0.06494677372923723 -5.426387649959402 0.6817974155746035 0.05904235181802384 0.7291544999570312 80.68962529496392
0.7285055933597829 -0.03167664818322869 -0.6843070877927444 -44.19181892555031 -0.01758536539481671 0.9977363882795434 -0.06490650527353317 -5.513216439898099 0.6848141027807777 0.05931854231830348 0.7262994941274503 81.5368353620838
0.7270735609401054 -0.03381595242231171 -0.6857262707113144 -44.999214330920545 -0.01600061924165154 0.9976803902875893 -0.06616508912929452 -5.60075453884828 0.6863730888997314 0.05907893192480503 0.7248459578675085 82.3918009574769
0.7244802738611184 -0.037454088227494686 -0.6882772145445221 -45.83702744976412 -0.01393081586392615 0.9975231273166951 -0.06894594141561886 -5.691642201391272 0.6891547468859839 0.0595382376575559 0.7221640624547501 83.27165927257636
0.7218972743400375 -0.0410125312677754 -0.6907838284003432 -46.68036736741676 -0.01085397557632492 0.9974483168939088 -0.07056235780993776 -5.781614613112485 0.6919151078814608 0.05843652457597807 0.7196100722480668 84.14982549737415
0.7180562426660363 -0.04328492214996589 -0.6946377817847271 -47.514307086007555 -0.008042438319590714 0.9974815073681566 -0.07046957956754234 -5.873249827814897 0.6959386119150239 0.056187703040985706 0.7158997069930731 85.01368590340651
0.7114817501877329 -0.04486209366843363 -0.7012710686328685 -48.35528729823161 -0.006671679655235824 0.9974837825731104 -0.07058039525404936 -5.969323558338349 0.7026729024520431 0.054895319065696384 0.7093922018913776 85.87318274658385
0.7044557112099752 -0.0457459338307158 -0.7082721655420353 -49.19418289348509 -0.004906474582489301 0.9975829657455964 -0.06931199723995773 -6.05894745291543 0.7097309894958933 0.0523023516887749 0.7025285663636776 86.7132651102408
0.6951799942291894 -0.04405182309887385 -0.7174846426963921 -50.057093763232864 -0.005390682702886999 0.9977729327015913 -0.06648394774727533 -6.148823405717961 0.7188154952166104 0.0500860424642551 0.693394312196724 87.5514041054892
0.6871974247289462 -0.043407569563034015 -0.7251727258733154 -50.91720710822534 -0.0057915621631254195 0.9978542277049741 -0.06521808076768564 -6.2391053948898 0.726447628706719 0.0490175800702164 0.6854714578962752 88.3677592604438
0.6797430612955108 -0.04381132756112591 -0.7321406546545133 -51.792072035089966 -0.007858431356750701 0.9977220446762755 -0.06699975092195158 -6.326206259126977 0.7334082189866833 0.0512960928758131 0.6778503486599806 89.17997609720429
0.6697510991108722 -0.04529020006484425 -0.7412032535127361 -52.68638163835345 -0.007778163374169575 0.9976557691359067 -0.06798872321471722 -6.419487777544267 0.742544924845833 0.051300722099489805 0.6678287733377228 89.99878479062922
0.6609896264851481 -0.046292891861222346 -0.7489657414342461 -53.5832177718228 -0.008010112917420927 0.997603129096511 -0.06873016010384637 -6.503531210200235 0.750352285110184 0.051429223015474035 0.6590345083908354 90.79239708370724
0.6528838661960946 -0.04631966162444782 -0.7560404395320645 -54.49419407029655 -0.0066819783103245 0.9977374604057223 -0.06689776729458534 -6.598009844969355 0.7574285500472641 0.04872831876985696 0.6510971836240446 91.59161112332718
0.6423732040701092 -0.045504882658117904 -0.7650398501692399 -55.422382362023 -0.006818497798974404 0.9978568745648637 -0.06507815279652263 -6.687069457833033 0.766361647514062 0.047020884061373044 0.6406862427753696 92.38293732448305
0.6332211869692635 -0.04522916739191071 -0.7726482063593184 -56.34742244491683 -0.00783930434532731 0.9978650395297244 -0.06483755232674371 -6.777051860342163 0.7739311814887798 0.04711353628604434 0.6315147195576721 93.14479166587056
0.6250336937806882 -0.045480971254638694 -0.7792716874701682 -57.29431170732528 -0.009725257296733996 0.9977700010628117 -0.06603366073169917 -6.866417670903314 0.7805371874609057 0.04885188054570218 0.6231975551602936 93.90707370025707
0.6159604925192668 -0.044993771179354755 -0.7864910884495019 -58.26586715163168 -0.012092986004288906 0.9977099289111792 -0.06654815881412349 -6.958275468812909 0.7876842205763185 0.050502062404515664 0.6140057901583404 94.66534141910729
0.6084081593099636 -0.0450610397792861 -0.7923440000271799 -59.243800938770526 -0.014029668662899453 0.9976200867856296 -0.06750800574037359 -7.050201947994363 0.7935002710032754 0.05218874529860488 0.606328009234182 95.4133944442899
0.600289268947403 -0.04411444115379029 -0.7985654072574654 -60.24307539817365 -0.01588191315464703 0.9976232466981579 -0.06704940329320502 -7.142267899637327 0.799625261245004 0.05293178373260603 0.5981619077221014 96.16660475424078
0.5937050758135838 -0.041729488663647916 -0.8035999830320167 -61.257461020612354 -0.017638456895266705 0.9977396311089874 -0.0648422189075602 -7.228397122339423 0.8044893832683816 0.0526714181541813 0.5916270395427231 96.91129736568469
0.5878421149533093 -0.03986670403556976 -0.807992756029756 -62.27271260130378 -0.017624790964471913 0.9979167750159551 -0.06206026816905005 -7.317226618557947 0.808783663676931 0.05072234272089592 0.5859148652476953 97.64867487643397
0.5816106454479909 -0.03897626795861031 -0.8125330194137284 -63.3079644494358 -0.018467859973322343 0.9979613765938407 -0.06109033454592135 -7.404494386883937 0.8132576438310171 0.05053653493212055 0.5797051521139668 98.38648134205187
0.5762222380891553 -0.040243410252963296 -0.8163016600881913 -64.33789609212567 -0.018553394786174952 0.9978854935765886 -0.062292160432249014 -7.492326211771828 0.8170824339523116 0.05103929506390545 0.5742571605874378 99.11256223265978
0.5717515021416897 -0.042182001456128576 -0.8193417471067104 -65.36371548190168 -0.01822068180831999 0.9977782113932014 -0.06408313056822157 -7.580651045599627 0.8202244976548563 0.05156859143062707 0.569712606341741 99.82519487829606
0.5667474951227071 -0.04371231012524984 -0.8227311290547181 -66.41761902080542 -0.018751236760579302 0.9976485231841267 -0.0659227980935264 -7.671726956940988 0.8236781336736372 0.052788806882189794 0.5645951416509613 100.54452601309038
0.5635983688641999 -0.04559372244348221 -0.8247897253769353 -67.44224786959565 -0.019559721005688743 0.9974590562964236 -0.06850436720697524 -7.768055151685876 0.8258173502220653 0.054741606534656914 0.5612744966468831 101.24064665373099
0.5595818972701424 -0.04579062274699891 -0.8275091051559432 -68.47299882960246 -0.018972978410001506 0.9975030380072112 -0.06802731257839055 -7.8599011012058275 0.8285578593784514 0.05376716502500818 0.5573158580440468 101.93556082766257
0.5571187915897675 -0.04441610481882907 -0.8292441508327208 -69.5114602421539 -0.017763296253403282 0.9977027669183767 -0.0653731916738778 -7.949463313125888 0.8302428062704135 0.05115074306536049 0.5550499834430143 102.62836629164086
0.5551493381051106 -0.04293220272203188 -0.8306419435417961 -70.57026240127435 -0.01546783283775417 0.997961379485182 -0.06191793926913374 -8.041809835886532 0.8316068533560562 0.04722193373282376 0.5533535311406008 103.33236801950628
0.5524172178146449 -0.042080779553521505 -0.8325049101681595 -71.63070033483774 -0.015163528435209756 0.9980523674952801 -0.060510653131998354 -8.132342477298488 0.8334298319998642 0.04605083852911218 0.5507032189877266 104.0364753853958
0.550458873577794 -0.04236721057503003 -0.8337865721919234 -72.66130930987471 -0.013388323864569023 0.9981351125584609 -0.0595571142854176 -8.219429722357837 0.8347549228866901 0.04394674670552924 0.548865103800958 104.71709424143614
0.5495136299881465 -0.04225537525275162 -0.834415516226478 -73.69370913276846 -0.010935206097473248 0.9982709172928181 -0.05775462713031273 -8.306146852587645 0.8354131862287407 0.0408614604438561 0.5481014042360582 105.39702718994661
0.5470339808603917 -0.04260231627697211 -0.8360256374249951 -74.71229683188616 -0.007828954238261368 0.9984001123882967 -0.055999313018748054 -8.389023423372192 0.8370737908091305 0.037178733583506485 0.5458252563866561 106.06538027274006
0.5460628261580456 -0.044332478766858814 -0.8365703922651544 -75.721046300237 -0.004874849351364854 0.9984137556217014 -0.056091072633451575 -8.470224970312682 0.8377300434699055 0.0347074042785636 0.5449805229144935 106.7255334986645
0.5437777515198918 -0.04520863519103589 -0.8380107017551354 -76.73820161253899 -0.0021638458248330987 0.9984691516455736 -0.05526907800402377 -8.552597284066408 0.8392264740361907 0.031867420923763864 0.5428474857272995 107.38438291668945
0.5431605498427727 -0.04515194055179778 -0.8384139307996403 -77.73012158352655 0.0011140993001195545 0.998590898524656 -0.0530563489741794 -8.629516823702637 0.839628117607579 0.02788403930795095 0.5424454852560083 108.02449090514673
0.5422959969859071 -0.045280454652427395 -0.8389664666001442 -78.70908260217243 0.003195560428486899 0.9986506374032563 -0.05183331754400942 -8.704998837645427 0.8401814328147279 0.025428032573120797 0.5417089394802816 108.65716649396994
0.5401658098104181 -0.04675594902736287 -0.8402587572542198 -79.68081384618336 0.004808476312428117 0.9986105967087942 -0.05247622982321783 -8.778491545714319 0.8415448748981887 0.024305500847688864 0.5396401265298337 109.28700094749333
0.5394489561554733 -0.04843693881192995 -0.8406239864893814 -80.65924981957673 0.006730545169515791 0.9985602300863101 -0.05321810454813835 -8.853675123264745 0.8419914034385929 0.023050593235420865 0.538998280782976 109.91264012918711
0.5397058653769544 -0.050263518189930224 -0.8403518058628087 -81.64211090927895 0.008053188327519965 0.9984785967485854 -0.054549408729496415 -8.930595023661306 0.8418151370909618 0.022673124490169352 0.5392895366965494 110.5408427382661
0.5402758786210294 -0.05119156787180692 -0.839929400818367 -82.59819380375514 0.008169385365386153 0.9984199084888548 -0.05559629012675889 -9.003982422511639 0.8414482967616171 0.023175627541301192 0.539840396936947 111.15351056785477
0.5436417386982888 -0.051935229194456825 -0.8377090138667609 -83.5829114263238 0.008229547291459506 0.9983655820060608 -0.05655474530998483 -9.081371277436693 0.8392770308405202 0.023851554125860628 0.5431806042830525 111.78365574579217
0.5466919612125897 -0.051944652773522046 -0.8357210375440904 -84.51825056503566 0.006717228861451718 0.9983138775913845 -0.05765657503596098 -9.15635733404181 0.8373068603456892 0.0259066566096968 0.5461190957669875 112.38704254028444
0.5505149564259095 -0.05236465798107494 -0.8331813880217825 -85.44007922561555 0.005923362246222207 0.9982507180312933 -0.058825315381283924 -9.22875544716234 0.8348042863636237 0.027448980755804663 0.5498621253772518 112.9873384153367
0.5564306828007206 -0.05253937694333835 -0.82923127600708 -86.37816437740803 0.005839932231476313 0.998221475700254 -0.05932773923165529 -9.306378112411743 0.8308735104872799 0.02816911999359107 0.5557478837110683 113.61381680116087
0.5617741534819117 -0.05098721060516881 -0.8257179329737157 -87.29979880498043 0.004032995191674282 0.9982558938272832 -0.05889741411026296 -9.381574570731916 0.8272808080872331 0.029756928500704355 0.5609999908883587 114.2336941208669
0.568077618146244 -0.04924575681693921 -0.8215002587929093 -88.22047741326587 0.002961497893417219 0.9983239209109531 -0.057797737561329054 -9.455782041157484 0.8229696527160145 0.030400729802224608 0.5672713163345866 114.86282421999057
0.5762953259300532 -0.04863377007387239 -0.8157931439522985 -89.14279333776621 0.0028988799487184337 0.9983430994016517 -0.0574687077647218 -9.533339637082177 0.8172363757238275 0.03075406128474404 0.5754814453205921 115.5095464120412
0.5830627743829052 -0.047743644495189495 -0.811023024050012 -90.05612051378486 0.0018346610747410064 0.9983465778103311 -0.0574521069512835 -9.609374656642627 0.812425033555497 0.03201023250021545 0.5821863188598921 116.15718880879373
0.5906701788265784 -0.0482533771115203 -0.8054690257497872 -90.94924645288145 0.001555516106465385 0.9982766174186742 -0.058663237932902124 -9.685287836724612 0.8069115938035718 0.033397705197560634 0.5897272870343684 116.80221468274328
0.5996303636140395 -0.04873370720108369 -0.798791870773942 -91.84643082011911 -0.000732649110531839 0.9981102662351193 -0.061443955449989304 -9.761052527750214 0.8002767585388043 0.03742889550198453 0.5984615171622365 117.46520901489629
0.6084096427029797 -0.048118691198347274 -0.792163050276514 -92.72222986942126 -0.003917330195550586 0.9979659647304151 -0.06362851376412207 -9.835122499040828 0.7936134834982151 0.04181536556159878 0.6069836192293645 118.12570382188768
0.6176971412291002 -0.04598698324098932 -0.7850703402178623 -93.59997853302474 -0.006819877384567612 0.9979379934530588 -0.06382202202486509 -9.91272510275326 0.786386502293787 0.04477676401076644 0.6161098200928693 118.80010072475677
0.6259920971331441 -0.04392554483577646 -0.7785913182393759 -94.4582056803692 -0.007990216913332387 0.9979986768289013 -0.06272796411043924 -9.990130098394483 0.779788465393357 0.04548832332195646 0.6243883100129525 119.48346608158518
0.638215964596859 -0.041396366569613666 -0.7687436005382645 -95.30710392702109 -0.0095444668456259 0.9980510621621936 -0.06166831009156817 -10.067588563702461 0.7697982110178833 0.04669494781827294 0.6365770151065111 120.17323922861677
0.6489134887015167 -0.040790601608332686 -0.7597679981426285 -96.13465636693788 -0.00953433341781473 0.9980475538264013 -0.061726629483672135 -10.145654096335717 0.7608024583737257 0.04729912389851304 0.6472576088474576 120.86943551871643
