1.0 0.0 0.0 0.0 0.0 1.0 0.0 0.0 0.0 0.0 1.0 0.0
0.9999439140900942 -0.0023570301337719037 0.010325361162260318 0.007211643736809492 0.002345332997514789 0.9999965943977519 0.0011448170286183907 -0.0025271037593483925 -0.010328024366421239 -0.0011205364102685582 0.9999460366994012 0.30917802453041077
0.9998165031209113 -0.004441674250130723 0.018634151897216924 0.01714750520685286 0.0044009903906426905 0.9999878430674795 0.0022237357827734677 9.523450277255582e-05 -0.01864380247305517 -0.0021413190107599832 0.9998238961848431 0.618444647285058
0.9996939931489847 -0.0072096997851120205 0.023663057512637607 0.02806911234499042 0.007161946653887634 0.9999721433013469 0.002102175405956053 -0.0015570832194594939 -0.023677554391547853 -0.001932058570306409 0.9997177804599237 0.9185773381428561
0.999655144818906 -0.010512483253650924 0.02406406310109727 0.03956204185163499 0.0104709571554436 0.9999434648175058 0.0018510064857729107 -0.0013571313101841927 -0.024082161309582382 -0.0015983943828785725 0.9997087048946088 1.2505867889365185
0.9997321496384228 -0.012905677814561634 0.019211258664779025 0.04745343956938217 0.012891055528181754 0.9999165154411167 0.0008847798960690092 -0.0017481819267043826 -0.01922107350559927 -0.0006368895052400016 0.999815055250245 1.5907819226599709
0.9998596192168909 -0.014790865845978145 0.007872239006788614 0.04823680718458958 0.014795821956498256 0.9998903723975228 -0.0005716986748612419 -0.0030327917893268326 -0.007862920073695975 0.0006880946660970075 0.9999688500216619 1.9080296385628845
0.9998531875060019 -0.014757880586049101 -0.008706801634109732 0.029886921813706092 0.014746302771983274 0.9998902978018626 -0.0013924497332521368 0.0010447759891784561 0.008726396085717134 0.0012638521711618503 0.9999611255889125 2.251316096958195
0.9995528154304667 -0.0125358854188576 -0.027148125935189768 0.003014792296469688 0.012507849117423505 0.9999210509880239 -0.001202290090568803 0.0030492765404252333 0.027161054388285776 0.0008621877819740322 0.9996306986866427 2.6190756115337357
0.9989302151201145 -0.010660002734276199 -0.044997662848051775 -0.03312029586147125 0.01059969037007709 0.9999425754233743 -0.0015787399177714214 0.0036511131083348655 0.04501190824815374 0.0011000897121116477 0.9989858447037601 2.980914881717573
0.9978591925496523 -0.010769281379423094 -0.06450623553368269 -0.06939686823997084 0.010625934835576728 0.9999402536471956 -0.0025648869083073544 0.002926388290829047 0.06453000351019837 0.0018739569240354744 0.9979140077844488 3.3646285804678886
0.9962522490536816 -0.012452119400547433 -0.08559439805218452 -0.1172385984291871 0.012319599667968084 0.9999219551986652 -0.0020762889248906145 0.0034120970561387805 0.08561357205199593 0.0010140187932839045 0.9963279018708573 3.7751056183096288
0.9944511095877396 -0.01405637995891412 -0.1042564569806809 -0.1700037536338428 0.0139675708255471 0.999901197374213 -0.0015819149310342105 0.0005199802489155281 0.10426839216630923 0.00011692761154211823 0.9945491886895222 4.172299961628298
0.99246969051985 -0.014224335996052325 -0.12166175103500997 -0.23738190681501414 0.014237237955329558 0.9998983540571663 -0.0007632883945481961 -0.0025437186474328083 0.12166024188220513 -0.0009745867028328575 0.9925713252587556 4.605623795128324
0.9902851202452091 -0.015124533642314829 -0.13822673078328326 -0.31117757857922357 0.015298144019683269 0.9998829578044928 0.00019360189029731922 -0.0065301880663936746 0.13820762428493158 -0.0023063335061054347 0.9904005923944481 5.041219613632092
0.9881879320418893 -0.015354404483198135 -0.15247574636558128 -0.38845666784342053 0.015492462895497194 0.999879944646481 -0.00028264320608360316 -0.007902839094124025 0.15246178065405888 -0.002082920237706563 0.9883071723321031 5.489157768161209
0.9858867322254985 -0.016942660727170756 -0.16655418778647502 -0.4679475008630711 0.016995053535904397 0.9998549566397524 -0.0011107827108756936 -0.013492511077669198 0.1665488498220271 -0.0017354914010223985 0.9860316773271318 5.937808770619078
0.9839291778045636 -0.019478125154089265 -0.17749359342048718 -0.5519502329385427 0.019274494906356226 0.9998101058847648 -0.002871587853483213 -0.018784319437918938 0.17751582157920578 -0.000595660286622734 0.9841177664679581 6.39867595286086
0.982122705133804 -0.019189990857559312 -0.18726114469250202 -0.6523380223417928 0.018559606122262748 0.999814650333255 -0.005119179580518767 -0.021968874372190313 0.18732467291108731 0.0015521694101879324 0.9822968276895108 6.895299535434917
0.9805491647206008 -0.02007518577797126 -0.1952442636333065 -0.7597308864891944 0.01920835554970817 0.9997954496988437 -0.006332285413895448 -0.02632942365214058 0.19533144816646436 0.0024587959384581174 0.9807342043998083 7.404578489996501
0.9790500599566364 -0.02047266780273925 -0.2025878820955126 -0.8692957520285092 0.018991278736476956 0.9997768253376783 -0.009253693839055699 -0.03365855344492673 0.2027321174132507 0.005212426570439429 0.9792203629308307 7.9088433434535474
0.9766810352230973 -0.02396907058246206 -0.21335331984984895 -0.9833923107787836 0.022189062449774644 0.9996961663654229 -0.010734079461080948 -0.04335710899055226 0.21354578184347028 0.005749661702200485 0.9769161378783603 8.43701369581803
0.9749187233087677 -0.028377370175712825 -0.22074466653559927 -1.0973402811212694 0.02645620976561955 0.9995820236172686 -0.011655343240076256 -0.05194325063586149 0.22098314846802208 0.005522945148833069 0.9752619879653073 8.965312550208525
0.9723441081831578 -0.02994716624434455 -0.2316249177343259 -1.2337298768544394 0.027356951532626933 0.9995221854316199 -0.014387426206241151 -0.0610567475503545 0.2319451066186591 0.00765297745535189 0.9726987711782753 9.511056581705692
0.9696486512801636 -0.02663516689966881 -0.2430474458923333 -1.3825754332337314 0.022637267139118625 0.9995588293230737 -0.019227606683069887 -0.06601871379447412 0.2434523509991885 0.013142092927438946 0.9698238181167005 10.061048169154997
0.966800546981936 -0.02547648353059363 -0.25425902371861875 -1.5442924009320507 0.020519181608164672 0.9995444945467956 -0.022130671190057124 -0.07883523073602158 0.25470701902688286 0.01617875792842761 0.9668829206529262 10.632739524571225
0.9636234300645031 -0.02849855649454102 -0.2657399430052795 -1.7088440946976797 0.023042669540208338 0.9994552572463471 -0.02362676751269532 -0.0948650525511899 0.2662685118657151 0.016643949061615582 0.9637551860034019 11.200332821607208
0.9608267726654426 -0.02971933214715408 -0.27555158178830536 -1.8756660804206493 0.023490276141972077 0.9993890471115761 -0.0258793245698157 -0.11209640359551301 0.27615234899613633 0.018392765157613015 0.9609378680922992 11.76086551783001
0.9582800929600882 -0.028182182681791984 -0.2844380917101211 -2.0503883339491322 0.020873872971473216 0.9993702945809411 -0.028693130473584613 -0.1261006722420721 0.28506761454710344 0.021558731142937285 0.9582649300939333 12.323814111054812
0.9557045000768987 -0.02690533508450365 -0.2930955671393818 -2.24217523867293 0.018325113891590007 0.999320453640291 -0.031981574961583485 -0.14499539854971194 0.293756870104557 0.025193925461382667 0.9555480978926287 12.912095103168
0.9536210952680052 -0.027510160688892425 -0.29974989194113427 -2.4381355792379726 0.01684554574392345 0.9991317366110981 -0.038105124131550885 -0.16831099694567658 0.30053790817206366 0.03128839969322236 0.9532565246544068 13.518409474177622
0.951671465478536 -0.029128022772614632 -0.30573351154770995 -2.6475115818830504 0.015905066455159735 0.9988307453712145 -0.045652721301593154 -0.19303641925985757 0.3067058047298626 0.03858368036543466 0.9510220023503481 14.150324040432062
0.9508125327927817 -0.02905503882609569 -0.308401251947831 -2.855641401616643 0.013012113764163476 0.9984588654205224 -0.053949781821168295 -0.22155440382463543 0.3094934771195735 0.04728317652164738 0.9497252701905214 14.761902569128075
0.9500251198251464 -0.030466375604064344 -0.3106832336299606 -3.0664136048112094 0.01151214462298609 0.9979684845834982 -0.06266078761311572 -0.2573816946566393 0.31196112294226036 0.055952691943003216 0.9484458624702495 15.378047714899965
0.9493458613029017 -0.02997381514318173 -0.31280026539760863 -3.29062576245914 0.008096609519608262 0.9974430286197913 -0.07100598264981196 -0.2988537503849614 0.3141287642692706 0.06487661414979036 0.9471610973826577 16.004725001118096
0.948562991818155 -0.030909099151912867 -0.3150759878864277 -3.5154418448276745 0.006661800964267909 0.9969509858061628 -0.07774543271493814 -0.3453841161501046 0.31651835801561906 0.0716474667363593 0.9458767200588875 16.62904850290379
0.9478441670567057 -0.029597159025296672 -0.3173569648742737 -3.747365201551868 0.003349527380725031 0.9965492778449033 -0.08293562258238261 -0.4002552968698694 0.3187165129749405 0.07754705026261759 0.9446725566844109 17.285343874512037
0.9477022031114634 -0.030172978840478704 -0.3177264949065009 -3.975012582042415 0.002089797060966495 0.9960863924781758 -0.08836023691716537 -0.4548461453469895 0.31914912966499326 0.08307520729860167 0.9440563240434183 17.930725820179916
0.9478837491161244 -0.028288967147500482 -0.31735805094449365 -4.224115064488499 -0.0012838270021251139 0.995703445302762 -0.09259050059503014 -0.5178238396989971 0.3186137943495052 0.08817246367170024 0.9437747966015377 18.62020151717347
0.947219388572367 -0.026788521087797668 -0.3194648729524423 -4.4801409615382175 -0.003938941255805491 0.9954549365529954 -0.09515226762434685 -0.5816677076393847 0.32056187336359077 0.09138842612826108 0.9428086979421779 19.32887217050731
0.9473011743002407 -0.02438834465412261 -0.3194146111473565 -4.733985713696191 -0.006843859310076927 0.9953294298055532 -0.09629375759983992 -0.6497656366297061 0.32027120813324617 0.0934052183123865 0.9427098272707709 20.037841352993826
0.946030273505844 -0.023313587143372703 -0.32323860887116546 -4.99540645388837 -0.008260941989455758 0.9953502220673056 -0.09596714160592779 -0.7199074805576332 0.3239729594393717 0.093458076617667 0.9414388506254783 20.771224729848228
0.9448646971279354 -0.022388902438534888 -0.32669472167289904 -5.250255105790075 -0.009232779823453063 0.9954418784679584 -0.09492219112996887 -0.7895293091810095 0.32733081110409823 0.09270492780742819 0.9403511772003866 21.480489220983692
0.9429807351701196 -0.02189090478711967 -0.3321266646712097 -5.5141124813554 -0.009857125174739296 0.9955605924494935 -0.0936052554342072 -0.8619925799482837 0.33270132278262804 0.09154176669266831 0.9385786779857481 22.206797255799096
0.9402472070797813 -0.020953989137448177 -0.33984720083869885 -5.827396597115776 -0.010777532310951611 0.9957729545721353 -0.09121440533143171 -0.9475901135443983 0.3403219569407146 0.0894268040461473 0.9360469071270598 23.053879793547996
0.937014662830668 -0.022318545299215876 -0.3485762530294578 -6.125109628878985 -0.008279381053399471 0.996256932764282 -0.08604403389240789 -1.0258253025356938 0.3491918863457488 0.0835105170312822 0.9333225702057493 23.849225294233413
0.9345969769340075 -0.021756340213108367 -0.3550424655817188 -6.39177563589771 -0.007989837389896722 0.9965919566919109 -0.08210136634351173 -1.0892303681796027 0.355618690740936 0.07956842035330347 0.9312380003405051 24.531248207292645
0.9315224749556268 -0.02003028303857745 -0.36313174801156956 -6.699543802758503 -0.009359500586935023 0.996831116995819 -0.0789944551068666 -1.1560725474521836 0.36356330728128594 0.07698384213756855 0.9283831157708714 25.293843611550148
0.9281128976170645 -0.020050807237263688 -0.371758543151318 -7.016952016014542 -0.009812561776360019 0.9968843362485709 -0.07826451158495305 -1.2224530203267772 0.3721695351694459 0.07628620629825701 0.9250244601200437 26.057516639423792
0.924775189164567 -0.02099022307472211 -0.37993454704845286 -7.345801373284987 -0.009255622736106858 0.9969411046952742 -0.07760648952718827 -1.2899016361691038 0.38040134457360497 0.07528508686479762 0.921752121094578 26.840944999718964
0.9214344261639331 -0.020807959600994172 -0.38797632285641714 -7.6787084873294535 -0.010068670822391861 0.9969507254895997 -0.07738134667755033 -1.3580881828594744 0.3884034244800292 0.07520824265334423 0.9184152111595181 27.611328138180717
0.918503429714171 -0.020507319463657678 -0.39488086741664336 -8.030028974364065 -0.010437791620194464 0.9970487432211939 -0.07605824180936248 -1.42334603021549 0.3952752232424878 0.07398144016882575 0.9155786391136198 28.407861530942572
0.9151578534308085 -0.020520935973002252 -0.40257296790856023 -8.381658598704016 -0.0103288639863575 0.9971816156617428 -0.07431110250149303 -1.4916285465814514 0.4029632959373174 0.07216451048145492 0.9123666289131283 29.193454792406634
0.9116091355824236 -0.020345396399443216 -0.4105543189006982 -8.752683484382946 -0.010007816410850369 0.997379787123638 -0.07164777629412872 -1.5614271623872382 0.4109362815977112 0.06942351966413343 0.9090169125951896 30.001764349025677
0.907883763370026 -0.017948161685520936 -0.41883760062963427 -9.137293186907755 -0.01086276843597936 0.9977404748906675 -0.06630192325152817 -1.62789815091149 0.4190812241928584 0.06474417546818895 0.9056374104860948 30.823607333277852
0.9048427384623674 -0.018021571408982993 -0.4253643633590792 -9.521819804147883 -0.009426988947051922 0.9980106767740891 -0.06233635315221021 -1.6936070078032992 0.42564157519128226 0.06041450164385893 0.9028728246324663 31.635161523393915
0.9010803594387425 -0.018107859176619286 -0.43327392175134016 -9.936106112030666 -0.008924153839373195 0.9981419146643045 -0.06027501695169962 -1.7604065634995478 0.43356031334982437 0.05817923707231129 0.8992444779155923 32.49969207300488
0.8983593248406847 -0.018103058507700897 -0.43888814377293933 -10.350449177404993 -0.008648744316151417 0.9982277466553022 -0.05887754265619359 -1.8210130400052753 0.43917618639168415 0.05668902080777913 0.8966106357981217 33.34749407412797
0.8961766298537822 -0.018035020204562498 -0.4433307863775518 -10.762415581342475 -0.00829690837093899 0.9983176933257019 -0.057384183398690246 -1.875096836161361 0.44361989294372467 0.05510463899774045 0.8945193510179237 34.17478409958436
0.8935377993196036 -0.019289275532508057 -0.4485734332709758 -11.184752467932437 -0.006598275649357783 0.9984046864838685 -0.05607624065059297 -1.9321079366648817 0.4489394880666377 0.053066051826748034 0.8919850504341349 35.01666271304189
0.891733640353878 -0.019743193564113557 -0.45212976120701287 -11.611197242369172 -0.0062752060468731765 0.998412487631289 -0.055974336360251564 -1.9909910211046618 0.45251711177621756 0.05275140614041714 0.8901941095625824 35.850057919458706
0.8906826117111252 -0.020661589141204882 -0.45415590266956685 -12.044572853612987 -0.005662264990545628 0.9983850851476902 -0.056525750855837845 -2.0488176368694395 0.45459039139716306 0.05291805446914556 0.8891272437399356 36.69286366202524
0.8892698973042986 -0.020556043297588783 -0.4569206701741014 -12.494730785113028 -0.005958324256215108 0.9983841548098437 -0.05651174919158085 -2.1053492298257144 0.45734401507012207 0.052976678912347794 0.8877104952465967 37.559884158585426
0.8886925329947949 -0.020131567697038107 -0.45806146070298803 -12.962987409762427 -0.006366890273456355 0.9983974527073364 -0.056231567075334984 -2.164945413415544 0.45845942514855254 0.052889000837241226 0.887140185699474 38.4576156502887
0.8882487804508453 -0.018546153428085695 -0.45898817437991574 -13.44482583528061 -0.00720230446330747 0.9984995554907558 -0.054284109048421965 -2.22610112176044 0.4593062495089783 0.05152356623706333 0.8867824374017627 39.37904604481
0.887735390149933 -0.019957246523360537 -0.45992128172824565 -13.917912716424668 -0.005253475345648038 0.9985556223126161 -0.05347027346719579 -2.287317548984343 0.4603241011202207 0.04988363919232284 0.8863483200575218 40.28662188014931
0.8867241449383808 -0.021784696370205026 -0.4617853590006461 -14.400817697843665 -0.003227381722070209 0.9985730693681535 -0.05330486975769825 -2.3484242724579802 0.4622876537292746 0.04875707268410504 0.8853885435630842 41.20427204086315
0.885203624606118 -0.023742061217110703 -0.4645975220697524 -14.896469086815408 -0.0014174624744819932 0.9985545334769486 -0.05372927016782497 -2.4061104420922614 0.46520160552638307 0.04821989425327122 0.8838904389198239 42.146604668333595
0.8845185732958855 -0.024822185681701116 -0.4658441290738724 -15.400539912745227 0.0005076953887891283 0.9986340350620674 -0.052247547895052995 -2.468786433428035 0.46650470066228034 0.04597741960611543 0.8833229540470233 43.09434893242352
0.8827258543306375 -0.024946221619327677 -0.46922569422737853 -15.903399042036426 0.002144477615525992 0.9987932254644932 -0.04906622037604285 -2.53124440549426 0.469883461415703 0.042305777302317514 0.8817140998616525 44.038681531029724
0.8807559151604815 -0.025431143627076172 -0.47288716925249963 -16.39944875011471 0.004556873240347361 0.9989659512831184 -0.04523563952555737 -2.5899541312866368 0.4735485749277413 0.037686670200931596 0.8799610571343893 44.95480574806437
0.8780465653887897 -0.02631405237257349 -0.47785123172037913 -16.91319759350145 0.006207693580178884 0.9990294568353668 -0.043607441058226525 -2.6493905650020104 0.47853494496156146 0.03532300982313872 0.8773577328705037 45.899694791044915
0.8733589007812018 -0.0299195443096662 -0.4861574346799123 -17.444283210089157 0.008470966841297639 0.9988936482369977 -0.04625713169399044 -2.7112587709658236 0.4870035658463138 0.03628085418073092 0.8726461060893425 46.85485218362009
0.8676584103106719 -0.03524551786305316 -0.49590990763214526 -17.927019889695583 0.011833622006904115 0.9986653988987009 -0.05027311839041268 -2.7677803408636232 0.4970199678155349 0.03775148358758813 0.8669175145765489 47.71404458453428
0.861337358618337 -0.03638953234390621 -0.5067284840860817 -18.44593331749607 0.012597260121391153 0.9986545417660038 -0.050303232973312545 -2.8254164012700977 0.5078772131980529 0.03694466329424527 0.8606368735815673 48.59935306934082
0.8559093304772006 -0.03473821402201368 -0.5159578223931014 -19.00636978483535 0.012647803852753296 0.9988489436526751 -0.046269004977820584 -2.8838099578589276 0.516971228464189 0.03307633973849101 0.8553634927267655 49.5280621053952
0.8515804289802809 -0.032808851877763626 -0.5231962845971138 -19.57797029284969 0.01183912280372762 0.9989887052491115 -0.04337513061585217 -2.9397893620329514 0.5240902671763704 0.030743227273123855 0.8511076581889239 50.44687905900209
0.8483118523309637 -0.0330294395885724 -0.5284657579401659 -20.1497186026872 0.011180904637503451 0.9989473996254545 -0.04448685371016197 -2.99851610264308 0.5293788705325291 0.03183000003152913 0.8477882179717389 51.35947199078855
0.8460574135278509 -0.03627984254207364 -0.5318558320068377 -20.719806987878123 0.01168633787883416 0.9987040137840304 -0.04953506191223617 -3.054730611639984 0.5329636784261617 0.035694059404748124 0.8453849132801374 52.268691038208004
0.844031601537955 -0.039159477971324956 -0.5348618428064281 -21.28512567665903 0.010159606226841205 0.9983191196512655 -0.05705889711550333 -3.1167569145901854 0.5361972006702295 0.042725526605711724 0.8430107302814562 53.15462418634174
0.8410572012855548 -0.04098161284627107 -0.5393915939039355 -21.849826424219415 0.010631174537137338 0.998185805639178 -0.05926276696566026 -3.1818522721553117 0.5408417164879857 0.04410901074591881 0.839967042732836 54.04418205803282
0.8397264573155011 -0.040736049163924995 -0.5414795020892962 -22.44060213059185 0.011826060074921587 0.9983175479875754 -0.056764581238474776 -3.25009862443054 0.5428808535834195 0.04126315158333574 0.8387954048121321 54.95314176913023
0.8370295842960332 -0.03898591925879584 -0.5457669586121505 -23.024845733417198 0.01231547175406922 0.9985480491307126 -0.05244161260604898 -3.3163344511955977 0.5470190162770256 0.037173803636362586 0.8362943884509333 55.837225069279285
0.8344287070461168 -0.038259974763042555 -0.549786237721969 -23.607400763648034 0.012781753004408869 0.9986625005181233 -0.050098271916543556 -3.3762104617063384 0.5509676575330719 0.03477620436478079 0.8338016886301556 56.70947370054463
0.8325661272004107 -0.03771070361403743 -0.5526405221040562 -24.20595376663812 0.011135370096552447 0.9986177472170197 -0.05136728994231038 -3.4369358379969293 0.553813729850861 0.036612808908069325 0.8318352329954165 57.598170948995175
0.8294566863923367 -0.039477895988898656 -0.557174210752198 -24.819771271857164 0.011454097329453728 0.9984916681843828 -0.05369536498373 -3.5035079420908626 0.5584535871971925 0.03815605187461455 0.8286577741455936 58.511263520050655
0.8267460136239414 -0.04168558632375649 -0.5610288235463191 -25.42173680405538 0.011916064014462713 0.9983248150567208 -0.05661776276371286 -3.570543925443788 0.5624491411455131 0.04012325428986899 0.8258577892651165 59.3891176811052
0.824364787482219 -0.04371833600739511 -0.5643681460324816 -26.032678655027535 0.013389669203995345 0.998240135849292 -0.05776978395488995 -3.638231219567172 0.5659005335904921 0.040066672888219496 0.8234993915029112 60.276136809999265
0.8213596863240366 -0.04475141787250926 -0.568652421326139 -26.64613516048655 0.014852044271982046 0.9982575317700693 -0.05710794205075767 -3.710880756082535 0.5702172239266574 0.03846051043251596 0.8205931432047473 61.16034235615291
0.8184603222117214 -0.04452192796245835 -0.5728354902549171 -27.275652769141768 0.014438052877732402 0.9982721256799703 -0.05695880721621368 -3.778502414843551 0.5743816184334116 0.0383478946084353 0.8176889355891489 62.055659848515376
0.813495989591519 -0.044682821249435706 -0.5798514640868867 -27.911170864096555 0.013691626852516741 0.998239215488141 -0.05771488556475035 -3.8533229536573637 0.5814093345248651 0.039011718070494694 0.8126753789678518 62.943183211823
0.808918675074173 -0.04610834384128033 -0.5861097147671748 -28.54558032241729 0.013620185546388552 0.9981220735068183 -0.059722834193731145 -3.925214948575681 0.5877627647800825 0.040327992841997715 0.8080275894617766 63.81519515160212
0.8052228153102754 -0.04736445452610602 -0.5910776819938633 -29.186246477912665 0.013525931648706559 0.9980125462191665 -0.06154678514894905 -4.001302050112939 0.5928180723264337 0.04156399928520849 0.8042631205560719 64.68869945490448
0.80065614616153 -0.04802760007867887 -0.5971960191130288 -29.853960646400903 0.012982704332636055 0.9979385238149481 -0.06285023527604026 -4.080017047130109 0.598983459706508 0.042568207816688124 0.7996291407154301 65.59000899652216
0.7957925367986589 -0.049755126773890754 -0.6035218850507984 -30.523231639836787 0.013452866011884754 0.9978255156390139 -0.06452333481619169 -4.159867905697057 0.6054199028538965 0.043228089241257914 0.7947314474266943 66.47967512871665
0.7902749622351741 -0.050119308636241394 -0.6106992213569779 -31.2134688656326 0.013150250093663513 0.9978069636098501 -0.064871675592398 -4.242570059931751 0.6126112592718714 0.043235613486064965 0.7892009419278563 67.37315407510386
0.7851381382753755 -0.05092963501986385 -0.6172230359458573 -31.908024052010212 0.014424322335760496 0.9978464183626902 -0.06398800110884349 -4.322992987267985 0.6191526812916437 0.0413363960390203 0.7841819046700031 68.25295988652307
0.7805825641061948 -0.051646121102369026 -0.6229153544330707 -32.60581093275772 0.01502152940612115 0.9978427451248756 -0.06390782155537687 -4.4074834897995885 0.6248721583393676 0.04052818990199647 0.7796744522911907 69.12395225325513
0.7754649669275446 -0.05326001352864259 -0.6291402514757667 -33.314631115899566 0.016110469545946436 0.997780542596314 -0.06460991864423281 -4.488507598818048 0.6311850266277483 0.03996698356311192 0.774601899291368 69.99585349091696
0.7711100658142134 -0.05545249064326359 -0.6342824983250434 -34.03177576489875 0.017067599645524345 0.9976424387667879 -0.06647000386487319 -4.571500591953405 0.6364730657634617 0.04043000931133857 0.7702385675261564 70.86159112041061
0.7673032857379014 -0.05427455506259839 -0.6389835212026815 -34.75127826985114 0.015353297074221683 0.9976812454983324 -0.06630541946060874 -4.653747922950368 0.6411005724258647 0.04106586238779787 0.7663573911573994 71.7176982676226
0.7632832983666508 -0.0540196164304229 -0.6438015901465579 -35.48631608681047 0.015706608638248524 0.9977553004949762 -0.06509733311945215 -4.737572464555463 0.6458729820015785 0.03957576752117399 0.762418421698675 72.58297347224462
0.7609932012261802 -0.053292435912906236 -0.6465672926788049 -36.22684303817238 0.014558632096946033 0.9977722183107423 -0.06510488920754258 -4.823076635279895 0.6485964800390118 0.04013124271349447 0.7600737394748449 73.44383559406529
0.7569800626289538 -0.05368503071079503 -0.6512289169407685 -36.9725369108082 0.014424011840526638 0.9977493198793974 -0.06548467425760278 -4.909874227972574 0.6532787557120542 0.0401772592119098 0.7560506961689338 74.30515338038911
0.7534695072563256 -0.05440512296979562 -0.6552280398682213 -37.701425103836236 0.012654876872705362 0.997585959851037 -0.0682796221388332 -4.991998739662967 0.6573610543120476 0.04315478308051832 0.7523390917472166 75.13096019239708
0.7507844856002086 -0.05645002835154056 -0.6581307244622003 -38.45711041859417 0.01253409784782301 0.997379745490831 -0.07124983982990214 -5.075590863535827 0.6604283099422461 0.04524419944872247 0.749524789345271 75.98961899146941
0.7477787665650095 -0.05625132251062648 -0.6615608097448933 -39.224105279601226 0.010952938723308919 0.9973141219576042 -0.07241943991261525 -5.166043015287039 0.6638576273628531 0.046907684442305794 0.7463864412838865 76.85258986830407
0.7450887219066047 -0.05511083968841615 -0.6646845807121001 -39.98985377840513 0.010493652342173962 0.9974256488515502 -0.07093629729261336 -5.256478619947713 0.66688280810657 0.04587886617934377 0.7437489158916428 77.70789266228923
0.7422810219435735 -0.054952514874046544 -0.6678316446316555 -40.761704802999155 0.010568668478405215 0.9974678077151405 -0.07032976481223945 -5.346529225008513 0.6700053639404671 0.04514635844638018 0.7409821985783689 78.56283688929015
0.738647410600494 -0.05511212363715161 -0.6718352898154343 -41.54276979561362 0.009741605134739827 0.9974208911908223 -0.07111024501086123 -5.437255923791335 0.6740215901160616 0.04598064423547389 0.7372792391035481 79.41281617354394
0.7364497594132625 -0.055950377715961015 -0.6741745375595174 -42.33877941181486 0.01027796570427008 0.9973843104964725 -0.07154649255175297 -5.527149907479467 0.6764141595806001 0.04576125445087238 0.7350984915709955 80.27987747189977
0.7335558723605426 -0.05637062298933784 -0.6772873356184634 -43.153530055824106 0.010506754150782446 0.9973757936426686 -0.07163193682200744 -5.623704559197158 0.6795479307911829 0.04542993637956127 0.7322231426539116 81.16071024059595
0.7308597906027458 -0.05650921356111006 -0.6801842950721632 -43.95626389117245 0.010689673550840363 0.9973921605834715 -0.07137652895743309 -5.720026683639885 0.6824439151750766 0.044895286939050455 0.729557890678439 82.01679557636557
0.7301083412151482 -0.05820824420721617 -0.680847714540027 -44.75865052566977 0.011771247816535099 0.997288826328783 -0.07263907078563511 -5.817281097304601 0.6832300109135333 0.04501996430553757 0.7288140743708382 82.87260865051269
0.7271076723667137 -0.06220383087285726 -0.6836995803788392 -45.58259526356918 0.014173554521091963 0.9970346045572325 -0.07563800412253535 -5.9170701261027085 0.6863771143749603 0.0453065198414534 0.7258331599769734 83.75585157494828
0.7244898204851817 -0.06601111208495904 -0.6861173610211715 -46.40854780586722 0.01743954520463138 0.9968405284468578 -0.07749079370380213 -6.0131368918543 0.6890648462056421 0.044175716486510745 0.7233520192800311 84.63386381828667
0.7207320699808246 -0.06828442418431155 -0.6898423883141516 -47.230848023057696 0.020137508256389387 0.9967790393017225 -0.07762749235907944 -6.113078497714466 0.6929211817099976 0.04205691646509638 0.7197856984652227 85.49776377798257
0.7145983072803823 -0.0701784132110743 -0.6960059263764845 -48.06089682473585 0.021683095107520176 0.996699112167968 -0.07823505090522292 -6.21832859433357 0.6991989006131022 0.04081507224984783 0.7137611836312403 86.35659280393511
0.7076325226940327 -0.07130340194288959 -0.7029737105305222 -48.90077617655849 0.023508857843456136 0.9967202930179865 -0.07743378519119239 -6.318601811979705 0.7061894550533702 0.03826855572804236 0.7069879569086832 87.20609023406546
0.7000572477592767 -0.06936316116558577 -0.7107099279824534 -49.74834889660101 0.022661976709878566 0.9969278824776657 -0.07497487545970744 -6.418120804102237 0.7137270379292828 0.03638061312999948 0.6994784959646563 88.04054529910849
0.6927895117739316 -0.06915771605964878 -0.7178160646610321 -50.59160616547264 0.02262861839635309 0.996985532006909 -0.07421451743677535 -6.518100313561586 0.720784737633581 0.03517185349557511 0.6922660635306168 88.8561268334726
0.6857439134770643 -0.06993547620949456 -0.7244751992280425 -51.44886219899816 0.020728312384329876 0.9968458037746872 -0.0766079667038316 -6.6126206788632285 0.7275476769221783 0.037516298646707635 0.685030587011261 89.6699595831396
0.6760358847573129 -0.07146543512415715 -0.7333949646015523 -52.33377738345285 0.021029896070179677 0.9967516088678898 -0.07774299769465379 -6.7173342542347205 0.736568548060311 0.03713383634622727 0.6753427664575501 90.49297864312915
0.6670031092885775 -0.07244454786350295 -0.7415245374795243 -53.22777072143312 0.02036361677140779 0.9966623585598311 -0.0790535650172845 -6.815670438477961 0.7447765942290057 0.037628852159047044 0.6662521250801647 91.30151151591838
0.6590027706225217 -0.07258664991857058 -0.7486297660161791 -54.128775905739595 0.021630970526912242 0.9967496622928572 -0.07760291124138959 -6.92209560032576 0.7518294018099478 0.034946945112184186 0.6584309087530915 92.10776235492028
0.6497813361073879 -0.07214007502767117 -0.7566901775637768 -55.04971667570744 0.021742134421875968 0.996842845424863 -0.07636505166660965 -7.024894384627207 0.7598101702644412 0.0331685257475345 0.6492983551977136 92.91006717628657
0.6414284542024828 -0.0718259014489912 -0.763813182669986 -55.96251949569214 0.020637459027497466 0.996862867252558 -0.07641020336249249 -7.126602294534419 0.7669052310581158 0.03324851536608664 0.6408985120919297 93.6817802494946
0.6335661471029643 -0.07274085253473694 -0.7702614527662828 -56.90464391168801 0.019705281751634468 0.9967646376977783 -0.0779227752733786 -7.228202164248215 0.7734375470044066 0.03419101355234174 0.6329497100687147 94.46007410982179
0.6248495060407567 -0.07191122765919479 -0.7774264403383577 -57.86836791189928 0.016910158036597244 0.9967621575763115 -0.07860819155147813 -7.336858703992389 0.7805620675870688 0.03597188569374743 0.6240423720259998 95.23593234990011
0.6142339071091547 -0.07203595705818541 -0.7858291978847144 -58.83443565142092 0.01476096071434585 0.9966993210866482 -0.07982842466317475 -7.444392842518857 0.7889859449928193 0.03743373126106845 0.61326983813625 95.99192868257089
0.6054013380989104 -0.07171168547323716 -0.7926831990112042 -59.83390514003567 0.013520458027491081 0.996715687071083 -0.07984382481535997 -7.55292818578705 0.7958055145842957 0.037620118460825566 0.60438258549053 96.76612903116558
0.5992166176220762 -0.06933832656626943 -0.7975786115703882 -60.85398095817921 0.01140163806913333 0.9968804205643051 -0.0780988459893942 -7.658321763397135 0.8005057450230444 0.0377044236731448 0.5981378842880436 97.53272004359833
0.5934549967169569 -0.06782613228772368 -0.8020042285739925 -61.88245709344438 0.011930855573444577 0.9970748021599339 -0.07549499044979223 -7.766268998348883 0.8047787407461521 0.03523428268912 0.5925282472308142 98.2952188235365
0.5872576747189502 -0.0667375847641363 -0.8066439848306944 -62.905500791974134 0.01054588583155009 0.9971412393565289 -0.07482067272187269 -7.875134424984225 0.8093313337414533 0.03543223891282342 0.5862826525404832 99.04177936238231
0.5819646441224141 -0.06812837075673417 -0.8103552789298686 -63.9179367788828 0.010263306608169692 0.9970205130518073 -0.07645103721584046 -7.978753921515907 0.8131493205610755 0.03617487597689992 0.5809299104187331 99.7729132842315
0.5782605978198727 -0.07027046543117242 -0.8128202400882313 -64.93743259248293 0.010470156976523783 0.996840927735271 -0.07873081102574431 -8.085165240968639 0.8157849329461108 0.03701657034317079 0.5771695736073921 100.49713984759404
0.5735090257027926 -0.07188670276256479 -0.8160390305637104 -65.98274216510228 0.010150550467363465 0.996689434207767 -0.08066683372868236 -8.195236794743607 0.8191363523630502 0.03797991185519049 0.5723400759450878 101.22877288766372
0.5703707187564107 -0.07334945245275609 -0.8181058006212745 -66.99683140123109 0.008930284708822858 0.9964997165711504 -0.08311777721183604 -8.309745005458538 0.8213388418918923 0.040102028608262674 0.569029291074886 101.92943424866596
0.5661344309394342 -0.07403435758005933 -0.8209815588687673 -68.02849641535117 0.0103116702721738 0.9965167388653794 -0.08275299763336318 -8.420574944041949 0.8242484307301295 0.03838363008910642 0.56492585476335 102.63967536251815
0.5633287039425984 -0.07299175883943317 -0.8230024146112078 -69.06227392259362 0.012057725380370633 0.9967103184056992 -0.08014457213224951 -8.529174967423293 0.826144891997163 0.03522420084453033 0.5623556464568131 103.34260326413518
0.5615076858226888 -0.07134655857199501 -0.824389948593493 -70.11080958054087 0.014106888088239206 0.9969565069198252 -0.07667280494860576 -8.640692688688363 0.8273512642587276 0.03142279252634834 0.5608052189836785 104.05503228896937
0.5585152692928539 -0.07036397433161817 -0.8265044495240121 -71.1582361439803 0.01425843973130354 0.9970628186470507 -0.07524913665968126 -8.750013092227285 0.8293716843871388 0.03024312794434431 0.5578780891458118 104.76249771047927
0.5563802842553361 -0.07114316584267649 -0.8278765785102468 -72.1819256381372 0.01613923667506714 0.9970652558955075 -0.07483582381167694 -8.85618206629722 0.8307710300266239 0.028275880886501396 0.5558956468876104 105.4532788948875
0.5552020570474451 -0.07109154625605943 -0.8286716285122885 -73.21443490701489 0.01886169916331757 0.9971602258752691 -0.07290898598290121 -8.961963553110955 0.8315016008132264 0.024849064032774863 0.5549663159703813 106.14703767562476
0.5525673343556657 -0.07160899511839422 -0.8303863515383716 -74.22740092746014 0.02211139289207433 0.9972111222537844 -0.07128158217745001 -9.062689268919613 0.8331749079919812 0.02102687498136679 0.5526096662392649 106.82565447947326
0.5516459306581686 -0.07336406483317699 -0.8308456422100536 -75.22893290462565 0.025313424210011037 0.9971378993503208 -0.07124072033600909 -9.161267457138708 0.8336941871831944 0.01826810527621391 0.5519241601765319 107.49609616846212
0.5492183702234328 -0.0742012505740018 -0.8323781329554318 -76.22312909477901 0.027890482822033876 0.9971228855744779 -0.07048455172291611 -9.261368904700168 0.8352133277056049 0.015495982604559134 0.5497077148322089 108.15331717368946
0.5483462962619639 -0.0740555664439222 -0.8329658531143136 -77.20263980247408 0.031178032215409397 0.9971890777301953 -0.06813129650004716 -9.356699891413914 0.8356699526026776 0.011389307892592519 0.5491138442825552 108.7998254667342
0.5485652255061618 -0.07384008126202837 -0.832840822585319 -78.18179831870538 0.03256605246598028 0.997223773479959 -0.06696415334471367 -9.448224737226615 0.8354733063313016 0.009611867956248372 0.5494469641396109 109.44467922374693
0.5471893374100617 -0.0753755431797592 -0.833608035299021 -79.15620151945899 0.034398960405533315 0.9971206388781517 -0.06758064106121822 -9.539861678359442 0.8363017042597464 0.008304156404049762 0.5482066220310193 110.09277668222306
0.5463024221928163 -0.07689215750712713 -0.834051113313903 -80.12445737256284 0.03633085013498842 0.9970154564906729 -0.06811937204029583 -9.631029910262416 0.836799696961424 0.006911991941139565 0.5474655162954785 110.72749473083346
0.5466881470909296 -0.07875496285028674 -0.8336244512109372 -81.10835246964527 0.03782750065257603 0.9968735240199331 -0.06937043536305024 -9.724893505430947 0.8364814104477549 0.006390065299331976 0.5479580431390754 111.37261969976475
0.5476508526094853 -0.07980727584352354 -0.8328921552989557 -82.0537126742168 0.03807046371304226 0.9967865045036779 -0.070479104931983 -9.814522520357034 0.8358404054774917 0.006889351331967421 0.5489292790601054 111.9935645858332
0.5517665480656029 -0.08109649991556124 -0.8300464048095229 -83.01333606177124 0.03855642380772693 0.9966774028922296 -0.07174647550339508 -9.905111036126394 0.8331068830701904 0.007583684160465599 0.5530600411489033 112.62330350031112
0.556089564789958 -0.08133984918173753 -0.8271325316216306 -83.93002929287591 0.03743614900071905 0.9966407550338149 -0.07284051176113365 -9.9951858833963 0.8302788270693836 0.009541191787197298 0.5572665744323526 113.23428820050322
0.5600513571362449 -0.08150737987005456 -0.8244386116604251 -84.84570255929737 0.03690371002477372 0.9966151209621007 -0.0734603080316508 -10.085092877831935 0.8276355439178879 0.010716701750829255 0.5611635757489308 113.85188899046337
0.5666491252094857 -0.08205881906838376 -0.819862866040673 -85.771324758031 0.03759448140406818 0.9965670625771328 -0.07376140423245856 -10.179556047912689 0.8231011018503642 0.01097451591129376 0.5677888129694253 114.49236792166322
0.5719397030670956 -0.0807629657197052 -0.8163101857894952 -86.69127820099257 0.03656016488408446 0.9966622733641637 -0.0729908706361665 -10.272166213117119 0.8194805247223214 0.011901941889236288 0.5729834320293163 115.13094855723979
0.5777262014974092 -0.07965106480466735 -0.8123349949244203 -87.60095440346142 0.03669751204468101 0.9967556042569752 -0.07163489367649717 -10.362058653281029 0.8154052542834795 0.011574681757838674 0.5787748249786779 115.7727833282284
0.5849569585395133 -0.07873270860479775 -0.8072338677557787 -88.5018544483427 0.03662517257888843 0.9968261343039783 -0.07068418990236584 -10.455683112637587 0.8102369736007908 0.011782129024038315 0.5859839827554096 116.42442233182716
0.5910737736753693 -0.07747507107542315 -0.8028881662068617 -89.40451265582675 0.03517806873497301 0.996905466831522 -0.07029931494334145 -10.547911877113227 0.8058500465677447 0.013308026273032694 0.5919700996532514 117.08206665887884
0.5984545847647786 -0.07785280175301428 -0.7973650677282159 -90.29135812660041 0.03466579554219182 0.9968514770247648 -0.0713120983632642 -10.639200267829017 0.8004063921492902 0.015035757804340064 0.5992691660629688 117.73916485521585
0.6072869302601137 -0.07822053410753162 -0.7906226232401781 -91.19693106187046 0.03250853853346705 0.996754606711884 -0.07364406915058219 -10.728477823030882 0.7938172203080922 0.01902109467328645 0.60785888057983 118.42703953770905
0.6168390747071232 -0.07826646857390088 -0.78318830163086 -92.05013939775985 0.030604688141449087 0.9966762739653933 -0.07549674150733475 -10.814541291738351 0.7864940616293455 0.02260010644734359 0.6171841914779931 119.0903901315685
0.6263040275915808 -0.07670275597976134 -0.7757963342576928 -92.91732425352734 0.028983687796487956 0.9967509480492218 -0.07514980641820396 -10.902888563731794 0.779039928928088 0.024581187686663987 0.6264922620014016 119.77117426747436
0.6350145255080428 -0.07439827839076218 -0.7689092589937293 -93.76435778972996 0.02770752984506056 0.996904638310274 -0.07357604844884584 -10.991965249425327 0.7720031380659539 0.02541728325278846 0.6351103183922989 120.46437895426625
0.6475126877829086 -0.07219039505498084 -0.7586276201285844 -94.59679104154726 0.026852352857726778 0.9970460803841226 -0.07195877108916161 -11.08003717346867 0.7615814272329375 0.026223280734187827 0.647538469313892 121.16124142273648
0.6587547070039036 -0.07181365022568098 -0.7489225832096833 -95.42048522883945 0.027154965610826524 0.9970549953404407 -0.07172129467145005 -11.170193996219059 0.7518675706817499 0.026909773465001393 0.6587647685245366 121.88018182740937
