1.0 0.0 0.0 0.0 0.0 1.0 0.0 0.0 0.0 0.0 1.0 0.0
0.9999328806445343 -0.001315433052581272 0.011511031309471075 0.04243616387248039 0.0013191916282492683 0.9999990790072778 -0.0003189326639586045 -0.034405119717121124 -0.011510601173327296 0.00033409651353973204 0.999933695021899 0.5430120825767517
0.9997760757104218 -0.007836492618083394 0.019656749998813023 0.0847325825901186 0.007782035727601717 0.9999656713439812 0.0028453564830071367 -0.0815539962897394 -0.019678372824078767 -0.0026917498077987843 0.9998027386069559 1.0677111139253657
0.9994554573233932 -0.013758754524151871 0.029991423781329154 0.1006412102185306 0.013659721780800034 0.9999005605372652 0.003504431214089554 -0.09517327145485609 -0.030036658059083118 -0.003092848397073223 0.9995440127685397 1.532622177353823
0.9993743050381962 -0.013794198846880946 0.0325686737156331 0.13584190165098697 0.013591934980562418 0.9998869916953552 0.006423639303156266 -0.12287462543362691 -0.03265360214290035 -0.005976948768861798 0.9994488572961139 2.025721954864052
0.9992379936337655 -0.02495221921194893 0.030013644150044226 0.17968755203545755 0.024703402369149773 0.9996575513269991 0.008632611788800565 -0.15606855097073463 -0.03021876883915893 -0.007884594555657248 0.9995122106200296 2.6090969807997757
0.9991859304625436 -0.02430900395489958 0.032195476272634325 0.18188830779744314 0.02403190207403779 0.9996709843475738 0.008966088124520478 -0.1847204065594796 -0.032402840128682255 -0.008185070572297202 0.999441374254299 3.168019008083755
0.9990122842331677 -0.03203592223606662 0.030792135971926173 0.2113192793338834 0.03176550071423591 0.9994527145039385 0.009231708134631957 -0.19459965136612994 -0.031071030166423114 -0.008244462213743513 0.9994831764102904 3.755010636281337
0.9991631034935381 -0.034040022367544165 0.022679715482754853 0.23902610395511442 0.03385119263287127 0.9993893764785556 0.008658576045546882 -0.21392078870468267 -0.022960604837282912 -0.007883594295837982 0.9997052863551763 4.3738922921880885
0.9993855873711248 -0.03379309664159088 0.009299159867638447 0.25014042212641163 0.03368636902105653 0.9993673892330499 0.01140394141053874 -0.24630492441352825 -0.009678651613163962 -0.011083679754030084 0.999891732012052 5.016547540029315
0.9992972743787654 -0.037090427986395856 0.00540902680309092 0.25549354029096855 0.037043246225035555 0.9992768579880863 0.008576654275961788 -0.26555800688955594 -0.005723227086352812 -0.008370259329552883 0.9999485903937632 5.5829019463555305
0.9992269889095389 -0.03931162566067228 -0.00014395378296233553 0.2526548180860769 0.039310444336777266 0.9991521682063299 0.01223248685407138 -0.30316236706060246 -0.00033704720973802777 -0.012228689893241471 0.9999251699715701 6.23277872661094
0.9990357887663252 -0.043459063861981825 -0.006229167864720443 0.2664514217159012 0.04354956537986415 0.9989354024908755 0.015215025652868952 -0.3306521336408085 0.005561305536618019 -0.015471632707400594 0.9998648410970834 6.867572777704001
0.9988617060799615 -0.04553170100084137 -0.014218169045233028 0.2650241238110952 0.04577243658587609 0.9988056650776369 0.01709173653586915 -0.3385265154258169 0.013422971951873894 -0.017723081357077668 0.9997528275584869 7.520759340680154
0.9986405169211189 -0.048672038638824675 -0.018658794662607853 0.2498961377639182 0.049039248862980805 0.9986014601327798 0.019755401581209725 -0.34026379033510973 0.017671163925311786 -0.02064355772198645 0.9996307185606612 8.161123392787024
0.9983068552083477 -0.052815867710695893 -0.02437020644118062 0.2415045142580987 0.053245626153151815 0.9984309562364535 0.017335770081550076 -0.34785810507248904 0.02341636478145755 -0.01860402501416945 0.9995526820101551 8.795331975254221
0.9979822557934782 -0.05897996667663921 -0.023511287761061008 0.26511525256431634 0.059470307900551675 0.9980147640820963 0.020731935567415732 -0.3727858898048788 0.022241843439213167 -0.022088327346823367 0.9995085823520704 9.424868380172281
0.9975275664390821 -0.06451594188320825 -0.027864806423968626 0.25932623192974735 0.06515938810046659 0.9976135483610917 0.022835548356992544 -0.3803794277506988 0.02632505150033936 -0.024594742716976495 0.9993508344391324 10.056723338583422
0.9975364937147103 -0.06660658287852825 -0.022011515727178618 0.24472893364906645 0.06703980531022263 0.9975584220464627 0.019566785840783005 -0.38498291243687915 0.02065449615288467 -0.020994230669814273 0.9995662229523632 10.63178738124601
0.9972407612989415 -0.0698921314434997 -0.025019072048987134 0.24140788824916135 0.07042612209251362 0.9972929980972044 0.021138525807162172 -0.40771177512729395 0.023473928749108353 -0.022842195791435083 0.9994634604429057 11.29434657646005
0.9967187529446835 -0.07658322428505938 -0.0262056727923468 0.2521315853153474 0.07714716595102615 0.996793653592317 0.021230330751195296 -0.42025467368972397 0.024495761145963357 -0.023182362178704004 0.999431106064693 11.928511510874412
0.9962987030310227 -0.08321387652544039 -0.02154866799389365 0.24217731832347245 0.0837041956761694 0.9962263502862566 0.022949218320685257 -0.43662376563908234 0.019557657449394063 -0.024667990370796186 0.9995043713191848 12.661334427370752
0.9958949480604964 -0.08767579897878564 -0.022499037779711135 0.2478546060738605 0.08821981730850254 0.9958010012672751 0.024446466189346327 -0.4541905298218618 0.02026120089322779 -0.02633097317844495 0.9994479294039487 13.415650844397026
0.9954635645433512 -0.09342393720026876 -0.018007210351565744 0.25067940193089233 0.09384528527198852 0.9952932008028624 0.024176576842308086 -0.4632464621559922 0.015663783031707047 -0.025756793154295635 0.9995455134747704 14.231956321004896
0.9952641444411172 -0.09485355261194954 -0.02126232223401408 0.25094482368959486 0.09535316425972941 0.9951574606425443 0.023862158182776597 -0.46855334707315005 0.018895948125140297 -0.025776580152822994 0.9994891250334228 14.949017503696792
0.9951759399997115 -0.09539548987919985 -0.02290303378153835 0.24079871806526482 0.09596516424312859 0.9950652899334235 0.02521420277346494 -0.4814495096206568 0.02038469272469328 -0.02729046134493755 0.9994196791248913 15.759562694478655
0.9944100633477262 -0.10124566613668581 -0.029965663705480244 0.2310935711617071 0.10198177813540157 0.9944931539759505 0.02414712453498357 -0.48944493992775656 0.027355855700615796 -0.02706809530619079 0.9992592133052274 16.47310815186854
0.9940274608065143 -0.10244929957054091 -0.03759718313995362 0.2035953938500054 0.10331462884424775 0.9944089467804927 0.021838819329039638 -0.4912716850902355 0.035149603544406875 -0.02559272514635101 0.999054311731977 17.11749159571701
0.993421345768179 -0.10661531854402517 -0.04179956487688186 0.1741288549732496 0.10760602548609777 0.9939455362010547 0.02220842959516711 -0.49888798533472156 0.03917873212887182 -0.026560213059278307 0.9988791628775826 17.816827317198708
0.9934648153218978 -0.10703675909568644 -0.03963322999352498 0.16909231712270673 0.10783930424245117 0.9939926106756749 0.018691559128667642 -0.4959543732017211 0.037394453839195374 -0.022843426285222908 0.999039455025486 18.564003619908025
0.9928968738301165 -0.11021121782115414 -0.04482505331575274 0.14521217638118628 0.11126906012500448 0.9935506513941346 0.021824284024663392 -0.5185668881730782 0.04213068000021004 -0.026656904934165854 0.998756434383304 19.400478896193192
0.992047894148032 -0.11583859156303024 -0.04921784657163127 0.1348480975995503 0.11700701710498736 0.9928972063038466 0.02155216142779829 -0.5368596454695774 0.046371690336328826 -0.02713960977446324 0.9985555106836282 20.0890204959351
0.9923323576175208 -0.11267656580665322 -0.050798460048233976 0.10359286636632908 0.11370805073674367 0.9933532061115843 0.017885388044065677 -0.5529284745327361 0.04844554905151974 -0.023524443157184945 0.9985487616292162 20.83651434428751
0.9910604562287033 -0.1192276520481887 -0.05986600944468332 0.06084266669064368 0.12057009786821525 0.9925167284697651 0.01932343674722425 -0.5676050525725368 0.0571141278477039 -0.026368744656335517 0.9980193714079129 21.651922344817578
0.9907291885906907 -0.12120541117946859 -0.06135896980269277 0.02458896869702335 0.12254549398603784 0.9922894198326071 0.01855557037620249 -0.5688943759658128 0.058636821009923276 -0.025902810447597912 0.9979432687446548 22.3941351548671
0.9910067556848331 -0.12245194924465884 -0.053954891466900495 -0.026566797791242505 0.12348323591192635 0.9922143980115702 0.016201198327805894 -0.5670462773349783 0.05155095184127115 -0.02271802158465512 0.9984119344536794 23.21113726695354
0.9907880453709638 -0.12428509514875116 -0.05377977569543379 -0.07230479819890454 0.12525536504708032 0.992010370183433 0.015050547347227715 -0.5876244182358966 0.05147953648691828 -0.021648107824804547 0.9984393906245376 24.037347868937026
0.990689117518677 -0.12602434579789237 -0.05150666652267839 -0.11491365136994491 0.12697021355439161 0.9917852451049611 0.015511043228770255 -0.6027917041339392 0.049128782806185475 -0.02190643417596376 0.9985521873400894 24.918389513012247
0.9899426226818353 -0.1310813279328434 -0.053209860600946256 -0.13956524301368065 0.1319670351294027 0.9911625410494781 0.01347289350870898 -0.6067923571013617 0.05097357586990304 -0.020359339078280133 0.9984924595986346 25.747278742869167
0.990183817748366 -0.12859130690219406 -0.054774837822275754 -0.1884167349359926 0.1294688035888542 0.9915012646516613 0.012769929186449175 -0.6237417220110787 0.052667219088742084 -0.01973620995383809 0.9984170701916693 26.568156576867025
0.9896838742565512 -0.1329270645149222 -0.053443657771418414 -0.22363302632750354 0.13387247169359012 0.9908924638948764 0.014501252324888442 -0.6343710073128355 0.05102930882533773 -0.02150629014467354 0.998465567320687 27.412156427861294
0.9897797924765604 -0.13071703056630063 -0.05700017828907193 -0.2735250025092947 0.1316948640336384 0.9911951606378142 0.013733765519310877 -0.6463887837099389 0.05470306382844253 -0.021100034315297733 0.9982797019671765 28.32202897123217
0.9892840925023577 -0.13430452747841085 -0.057264982498796135 -0.2966751340865244 0.13540006982691408 0.990666878309023 0.015683026248855786 -0.6636746137224258 0.05462422001871911 -0.02326865101926396 0.998235826078733 29.09793203530241
0.9883255103032917 -0.1384347157150932 -0.0636279433002473 -0.33872489536791506 0.13978483095223054 0.9900314687334443 0.017259546725091154 -0.6766458274108029 0.06060434571377279 -0.0259522716227424 0.997824429886453 29.977667870458276
0.9876787349863766 -0.13957591942712796 -0.07077626135776571 -0.3922820180661326 0.14116385443661614 0.9898238789173198 0.01792916410959452 -0.6945322606485363 0.06755355398725316 -0.027699303983003 0.9973310713612349 30.872802948137988
0.9868387371807832 -0.14379963281180977 -0.07396602194674232 -0.43316997524115847 0.14545615350491134 0.9892100794761576 0.01749074241791407 -0.7201186172064432 0.07065277211117019 -0.02801935520248167 0.9971073671009779 31.68640573725084
0.9853816737034482 -0.15018289768730658 -0.08042421508249237 -0.46640111774899906 0.1522067647399713 0.988153909342989 0.019620199223222442 -0.7370676928352353 0.07652488416706041 -0.03157449433343179 0.9965676060412589 32.47155640061201
0.9845186702424301 -0.15546027345973906 -0.080963518450598 -0.5364717520882037 0.15738164441166036 0.9873760252128141 0.017877439336381314 -0.7471346702559035 0.07716220542700207 -0.030342844473902765 0.996556724849556 33.27755353486644
0.983361189078864 -0.1633461857448078 -0.07949085114669047 -0.5780270869221651 0.1654556218398649 0.9860005685318353 0.02067162442773233 -0.7587119040373466 0.07500139342029702 -0.033479881384502364 0.9966212362414788 34.16454128313076
0.9825182130174468 -0.16934441651000667 -0.07733323791157505 -0.6241279660998349 0.17133346350510673 0.9850140022711061 0.019805545011471446 -0.7727862298778513 0.07282036372023389 -0.03270908018796212 0.9968085627144814 35.00336263654097
0.9831544163952092 -0.16759768746697853 -0.07292742062020852 -0.6552793548929723 0.16935426771209797 0.9853803621812705 0.01856539348377559 -0.7748342638758742 0.06874973112889163 -0.030603218510956376 0.997164438538838 35.85577950373326
0.9824144092858799 -0.16957229534932408 -0.07814835300527766 -0.7048030861295921 0.1717228502286541 0.9849079414220769 0.02162428341180134 -0.8040170212439793 0.07330205411053033 -0.034663865532976554 0.9967071913503427 36.77962481992717
0.9823950722762755 -0.1714733550392646 -0.07414047800540295 -0.7521340537633936 0.17360036915945928 0.9845424648739688 0.023217378999133603 -0.8209379534774695 0.06901328709017408 -0.03567945307131626 0.9969775036747525 37.692051643266154
0.9811614447083343 -0.17546660344134998 -0.08083124701877512 -0.8096138031863562 0.17772084832031607 0.9838452410058166 0.021536987312848036 -0.8225865810997248 0.07574641569184262 -0.03549665937750478 0.9964950916501676 38.601003037759405
0.9799797040781411 -0.18013188394991453 -0.08480733446803713 -0.8915622677653303 0.182536854855971 0.9829650127749843 0.021449482034892928 -0.8342871496298098 0.07949890700009137 -0.03650052115969766 0.9961664698938935 39.514167833473714
0.9785375200212265 -0.1854979479724278 -0.08974872260219804 -0.9450393799550115 0.18804178229387597 0.9819429295970626 0.020697128450116002 -0.840812892806027 0.08428884874317819 -0.03712942650185328 0.9957493638788795 40.44103441227717
0.9772028847515025 -0.19146511123761206 -0.09173676041865972 -1.007250955350379 0.19433881383889917 0.9806551797841218 0.02340606327987837 -0.8548886154538844 0.08548068477165716 -0.04070048576295896 0.9955081732409975 41.37152451345265
0.9772380883652333 -0.1942190375346604 -0.08535036090945805 -1.062892175125261 0.19646037445201187 0.9803350382656619 0.01861542421860571 -0.8612420781600915 0.08005647955312459 -0.03495966544138459 0.996177083591962 42.29040493901979
0.9756573225106449 -0.20037594819951418 -0.08911940537562604 -1.0959492656198289 0.20299094547475285 0.9789505739122526 0.02122380484590604 -0.8733252412908082 0.08299075301878794 -0.038797592966791236 0.995794798988907 43.23838279414901
0.9755405877114202 -0.2010204234904791 -0.08894577599507292 -1.1776283914334709 0.20385556270624222 0.9787083185406897 0.023936097697360596 -0.8817838652867458 0.08224032636960174 -0.04148272603102008 0.9957488198133388 44.27633895561407
0.9748162447405923 -0.20660019942148622 -0.0839621735595974 -1.2484616194587925 0.20923294680876414 0.9775767851635546 0.023774000063313257 -0.8899868898145379 0.07716775854960867 -0.04074293445852509 0.9961852991949529 45.20538162219258
0.972819686179843 -0.21531561373416228 -0.08521176364348253 -1.3032123636487831 0.2185350872538702 0.975357219984717 0.030343188076200605 -0.9015986202675622 0.07657854673402366 -0.04814021090487004 0.9959007210932923 46.17615450104222
0.9707164270167378 -0.22165800438137964 -0.09261396986158653 -1.361576554173708 0.22510066738930187 0.9739211224063922 0.028413674024391718 -0.9000764047708918 0.0839005831967184 -0.048429086552791635 0.9952965968568932 47.09376855127039
0.9700378129369123 -0.22627298439464535 -0.08847134002439765 -1.4096658365455723 0.229526112729148 0.9728887384212838 0.02837721319103132 -0.89692123540494 0.07965177366523891 -0.047833452584811205 0.99567442257286 48.04603775667804
0.9699655200212597 -0.2271487715084956 -0.08700761789676101 -1.4776722712033605 0.23054410590524055 0.9725659557004793 0.031062470036475075 -0.909023541220852 0.07756484514418072 -0.050188618377027906 0.9957232534108886 49.061398681943
0.9688934022934454 -0.23232028622666093 -0.08528106237491741 -1.5255720650981945 0.23587646725085262 0.9711822114833198 0.034167298629334014 -0.9093513297395608 0.07488569415776054 -0.05322026593254672 0.9957709255167977 50.02164080489029
0.9689726755622556 -0.2338282732772802 -0.08010176421209114 -1.5880360840869947 0.23722364007155852 0.9707971411264676 0.035747102985795434 -0.8965758674914232 0.0694038803304508 -0.05363999810629165 0.9961454974039855 51.1072741101127
0.9675651236027181 -0.24046082468632773 -0.07743593079977948 -1.6402726857806524 0.24382221246629238 0.9691055739400972 0.03721713672862377 -0.8909404121855601 0.06609432877107724 -0.05489060347095906 0.9963024447199228 52.14876042688321
0.966762782838875 -0.24513946962648175 -0.07263857204599879 -1.6996433289938067 0.2484680672246009 0.967777159290287 0.040877738754658124 -0.8787646033657448 0.06027720371173277 -0.057567442076838046 0.9965202699019345 53.14483442602472
0.9665699165730144 -0.24536921337236342 -0.0744079666773912 -1.764335393431842 0.24884594788558365 0.9676490858159867 0.04160457835876662 -0.8620460955515853 0.06179231826822458 -0.058729854831362824 0.9963596306326976 54.10972043282023
0.9644265513709561 -0.2534913888020529 -0.07499028479697249 -1.8175401054366125 0.2570960510276614 0.96543025589324 0.04296558566917419 -0.8461799501504699 0.061506483859075554 -0.06071685770129634 0.9962582073108225 55.01832840465263
0.9632764737156585 -0.25914750874463144 -0.07029227480582367 -1.8770132480058446 0.26260570309176123 0.9638383823107647 0.04531906318813214 -0.8307957935968223 0.056006070113943825 -0.062113939627263665 0.9964964518824804 56.04159657791601
0.9619307567780195 -0.26367201866320633 -0.07187687902612562 -1.9092968579009588 0.26716081428562466 0.9626434328775643 0.04407630256657573 -0.8152898948023295 0.05757011789729568 -0.061601036612772206 0.9964391571057027 57.01927833490093
0.9596217984771798 -0.2716170456505179 -0.0731449547098611 -1.9519673094583643 0.27503901358384253 0.9605371913556731 0.04149512054907548 -0.7963760196668366 0.0589876673063959 -0.05993733840136622 0.9964577113812257 58.01274604482523
0.958492795854107 -0.27348314508847277 -0.08061345823306826 -2.0276635871607915 0.277457006421817 0.9597806578124584 0.04288004753412082 -0.7853282376542489 0.06564426771029683 -0.06346698544599377 0.9958226608564282 59.000238436362785
0.9578325222166227 -0.27505684701698846 -0.08306979170081205 -2.0991979771170772 0.2793142546372552 0.9591588012619837 0.04469833462344332 -0.7608482403467973 0.06738253884039896 -0.06601609554303967 0.9955407920264617 59.987010728846826
0.9564057895909044 -0.2818651208812334 -0.07642001876214541 -2.140551631774357 0.28584180278597693 0.9571162458177581 0.04714823190517032 -0.7459976039928349 0.05985339937765999 -0.06693687789498931 0.9959603531067941 60.95372537721537
0.9553074709299463 -0.28637882175155005 -0.07331307139674192 -2.204180909210102 0.2903242097520309 0.9556089848636748 0.0502326714367813 -0.7198262242209726 0.055673056475180505 -0.06927220582607982 0.996043107642787 61.99051798741936
0.9545804805068389 -0.28942426608204913 -0.07077923733835985 -2.264118103129844 0.292972613182137 0.9550085696456684 0.046105095472891565 -0.6865830042003687 0.05425084479123388 -0.06474740231238449 0.9964259228528911 63.00526933893709
0.9538184638964244 -0.29322434222933025 -0.06519066692742213 -2.30836612379001 0.2964784609217842 0.9538616906294232 0.04741726857410772 -0.6562954680059555 0.048278982380696264 -0.0645550948706264 0.9967455942147571 63.99607587995127
0.9523600690259363 -0.2976422891820822 -0.06647831688125085 -2.3622514731839956 0.30109330193165335 0.9522977222193091 0.049717922199243966 -0.6397144016062418 0.04850899356622899 -0.06736553975413269 0.996548424110352 65.0188174033416
0.9518878813959478 -0.2997868098376121 -0.06353998661411199 -2.408870352899893 0.3030093026323728 0.9517246752558245 0.04904594812457628 -0.6126435300215765 0.04576924480234744 -0.06593945068457086 0.9967733769887918 66.00033333912823
0.9493805980593093 -0.3067869683391806 -0.0675147101438105 -2.420691219168534 0.31052037561198087 0.949025198128487 0.05411348858630847 -0.5967918928750108 0.047471848061166694 -0.0723389893103352 0.9962497148141207 67.05488924091318
0.949494792174369 -0.30747988236915164 -0.06257604631170235 -2.4676764088030176 0.31097739718737655 0.9487113966210117 0.056918752270002995 -0.5754673427009852 0.04186523703881685 -0.07350379486572083 0.9964158238747625 68.06319547169291
0.9492494969163799 -0.30917922071797743 -0.05773735428839966 -2.5111234362809687 0.31246437406144756 0.947981798848344 0.06079904600111685 -0.5551522456610418 0.03593615931603949 -0.07575433009724483 0.9964787373171242 69.06727404752954
0.9485712094594532 -0.3119665557409593 -0.053754336418127664 -2.5657641019123067 0.3149442511856207 0.9471677586657713 0.06069065487526025 -0.5133918351586263 0.03198091977662563 -0.07449902712909902 0.9967081396913837 70.08907281723357
0.94739120478184 -0.3157313442611664 -0.05257017550903148 -2.5876020948424965 0.3186871042272918 0.945759549273631 0.06306666755871519 -0.46815334234652217 0.02980662176827205 -0.0765022431617207 0.9966237866366566 71.09120479764661
0.9456010867325633 -0.3207016796653815 -0.05467190713701774 -2.6114253451240863 0.3238374699064121 0.9439515168765626 0.06391265032096838 -0.4328891719524665 0.03111073536272172 -0.07814068368167612 0.9964568007189029 72.0555086144423
0.945923619969801 -0.3194151836732014 -0.056590154817270144 -2.6569775552534907 0.3226379664928363 0.9444934641629056 0.06194222090724267 -0.3912779928206722 0.033663745492665695 -0.07685074230330691 0.9964741419860507 73.02665314788122
0.94406612624853 -0.32523418010757793 -0.05442313258023736 -2.6991152214811867 0.3283187549342043 0.942454351424155 0.06313945391060308 -0.3596332730694266 0.030756209593323203 -0.07747595479519331 0.9965197097900396 74.04761393603191
0.9441381785945718 -0.3257990283014275 -0.04957915769726508 -2.7131300698449325 0.328510209615433 0.9423884667087196 0.0631270147624064 -0.31997325619499617 0.026156106333873566 -0.07588788422557619 0.996773237566708 74.96270403104447
0.9437767099560224 -0.32637979023319785 -0.05255239549173828 -2.7454709565425417 0.32939372865377514 0.9418970761858628 0.06580022337413663 -0.29710541625084497 0.028023084558083125 -0.07941114783112554 0.9964479797420405 75.94735989012624
0.9426835010853036 -0.3301202212125803 -0.04866678875898723 -2.771441040471458 0.33271596598010994 0.9410117073040863 0.061620229621214676 -0.2571747919875814 0.025453934145376507 -0.07428059143010336 0.9969124790939862 76.85898616833634
0.941251370625132 -0.3333971850878062 -0.05377893892443071 -2.803685305304955 0.33646457532376534 0.9394679443355235 0.06474234408935199 -0.22930377695114668 0.02893867392450446 -0.07903352795815775 0.9964518325588941 77.83769200636328
0.9391210739550853 -0.3388181176058505 -0.05704289294447847 -2.8424726476643225 0.3422299458058348 0.9371697666349785 0.06776055415265751 -0.19539342190647715 0.030500371263028243 -0.08315715054863233 0.9960695837467629 78.89569493055919
0.9385943075474965 -0.34045823445418283 -0.05593671809979786 -2.8974957863541735 0.34362285987223834 0.9370089086271091 0.06275058028941338 -0.14732449716018564 0.03104925140256473 -0.07811847250026527 0.9964604599488962 79.86260911097897
0.9374340367529372 -0.34328197853482184 -0.05809397516361847 -2.92381086450092 0.34666849786411397 0.9357680617965263 0.06449098472043757 -0.10618853073191885 0.03222389370842402 -0.08059539524557854 0.9962258794768771 80.81944393311534
0.9364274241659274 -0.34670623339702483 -0.05383741258283354 -2.9510903221350286 0.34976055304992654 0.934579813633173 0.06502405308494207 -0.0698870329182921 0.02777111449286835 -0.07972050973890975 0.9964303314967848 81.75565849103394
0.9370394171249096 -0.34542123118794993 -0.05139361632353426 -2.9903992587105894 0.348319805693119 0.935019110098214 0.06642722870218108 -0.032755471752395536 0.02510863827684913 -0.08014634611599498 0.9964668180567468 82.72163606382067
0.9341392770238481 -0.353303555811637 -0.05060047996033118 -3.0268743774544205 0.3561095908197001 0.9321149805966624 0.06593650182948416 0.011364609617291965 0.023869864842268634 -0.07961319236242995 0.9965399987728916 83.77278281950086
0.9324135503921933 -0.3578155023668351 -0.05072511518955902 -3.0166900030430535 0.36072782724076746 0.9299964228765284 0.0705839081591292 0.04371599330887854 0.021918159119316383 -0.08411135299607743 0.9962152752281956 84.76833229630644
0.9305279344727394 -0.36325129769577946 -0.04654307562065267 -3.03235378137654 0.3658389093777521 0.9278230336881478 0.07284442698669237 0.08884377094731385 0.016722904986709364 -0.08481104220592293 0.99625670967314 85.74148892735688
0.9290535895433986 -0.36677211947225524 -0.04834914822782433 -3.061613739988522 0.3695272329613927 0.9262549980535236 0.0741707670228884 0.1417081505386404 0.017579870773785318 -0.08677494430246975 0.9960728172101075 86.74409093275328
0.9267372663969138 -0.37166653085602297 -0.054972983479386166 -3.097457114671899 0.3749304877751739 0.9242819468331478 0.07162410275177383 0.19669162677930468 0.024190254398126408 -0.08698777270269337 0.9959156384917243 87.826083817276
0.9255700987383468 -0.3751616273615824 -0.05073209710721737 -3.1336058990038445 0.37796873690655236 0.9233386883096132 0.0677148476476798 0.24137542955371843 0.02143889555812884 -0.0818499848875506 0.9964140473373283 88.75159982885633
0.9236616118719383 -0.37999640158184195 -0.04951728525458933 -3.147039508232947 0.38273145725535834 0.9212259665554754 0.06970903937883537 0.27880717523405574 0.019127424848177893 -0.08333938641951773 0.9963376376961254 89.79701258112372
0.9229977511215812 -0.3825136217019255 -0.041934241819540516 -3.1799449467280017 0.3846229037577079 0.9204210969624379 0.06993015209086322 0.3314233697580149 0.011847925113387054 -0.08067424297096647 0.9966701024870611 90.71040352390455
0.9213426507320753 -0.3862236086685944 -0.04426108955958654 -3.2117699757203293 0.38855880899890405 0.9184820897261518 0.07357107313091717 0.3745866021957153 0.012238132674001513 -0.08498220377990935 0.9963073085897562 91.65476870203119
0.9208594999201483 -0.3874622188910905 -0.04348344902152172 -3.23352527576951 0.3897750472908493 0.9175955307787865 0.07806314369927288 0.4154339368567658 0.009653699613661214 -0.08883395086783995 0.9959996662936085 92.66658852721537
0.9190761376588651 -0.39210943632834766 -0.03936042591650464 -3.2424209571909093 0.39405779361544674 0.9154893153543044 0.08122665057130701 0.47180501234361655 0.004184313203999795 -0.09016375887446515 0.9959181633591379 93.80326564942119
0.9191886540620529 -0.3924075644886458 -0.03329446764375753 -3.2611009092886483 0.3938140315604963 0.9155352681516978 0.0818882245287269 0.5225691411957946 -0.0016512993854215369 -0.08838255541954032 0.9960852358648088 94.74200464820728
0.9162010059348128 -0.3990379569886421 -0.03666640978290738 -3.269685572421255 0.400718445057172 0.9125084603122986 0.08217686809218651 0.579046703717901 0.0006667195809493889 -0.08998343592466941 0.9959430389054343 95.79261719684408
0.9146630632002546 -0.4026917508199331 -0.035083252966398984 -3.3009246758370137 0.4042153115876979 0.9109476897642496 0.08236679179886267 0.6443381874959273 -0.0012094193597489943 -0.0895190501220483 0.9959843758664384 96.88549481247495
0.9131823889092029 -0.40628541611132735 -0.03209494105504386 -3.301277445679495 0.40751423815010007 0.9092043489021718 0.08532055814586074 0.6950667514553099 -0.005483638484137002 -0.09099237656322225 0.9958364911552258 97.86446614875676
0.9119449577001848 -0.40902378918129917 -0.03249513823605544 -3.3221902127024965 0.4102674748313145 0.9078067595669628 0.0869913005999306 0.7548076185175474 -0.006082205253439041 -0.09266297625428874 0.9956789540865832 98.95108530515124
0.9091658772733551 -0.41567522905160925 -0.0251298936460771 -3.313463464836047 0.41619079163389605 0.9049158414301589 0.08895248668754958 0.8360937568231397 -0.014234906424767126 -0.09133139592516888 0.9957188074739969 100.00439693650044
0.9092282061704675 -0.4152933172505666 -0.02890553149580021 -3.3172965695820293 0.41615444467660334 0.9048972347274766 0.0893111009812024 0.8987711479870659 -0.010933767874906289 -0.09323333754396493 0.9955842493181938 101.0047182843472
0.9078289628644565 -0.4181976508899094 -0.030940248457417566 -3.3205009772934355 0.4192322181199187 0.903442684260111 0.08964186269337787 0.9744934940187551 -0.00953527528172235 -0.0943506282281518 0.9954933638544533 102.01000054409859
0.9058388156786731 -0.42249793148736015 -0.030847007938554695 -3.3323585326265106 0.42347120248983827 0.9011652767023903 0.0925920338242712 1.038325231665768 -0.01132169031857379 -0.09693627780561079 0.9952261940752585 103.0399352976094
0.9040759625253046 -0.4264986285170771 -0.027305198351162616 -3.3226837970020644 0.4270726839081166 0.8992073882836914 0.09505259341827901 1.1067509323052744 -0.01598676463397026 -0.09759606922963152 0.9950976990363625 104.03206544716727
0.9028844701288614 -0.4288766261820534 -0.029401923658576586 -3.3284511432530524 0.42963282055109503 0.8979110200550217 0.09576763320173162 1.17929128853268 -0.014672188161146677 -0.09909914014990281 0.9949693901402767 105.05044400816932
0.9005566424490451 -0.4340854450738954 -0.023823520224792515 -3.3324225962584424 0.4342507538989386 0.8955985745960512 0.09658921223265561 1.2642545536420855 -0.020591660426164875 -0.09732943828318132 0.9950391771002658 106.11035761817249
0.8983608077341384 -0.43839788423866494 -0.02748006954738157 -3.3084354203593347 0.43889825304191227 0.8933336802183939 0.09655702597024314 1.3347454201699618 -0.017781524232312624 -0.09880400236084981 0.9949480320667272 107.09340276956102
0.895354085175871 -0.44430047995594196 -0.030629163713670523 -3.29067927788167 0.44509453361893575 0.8903599583485617 0.09565563607069706 1.3978005123684674 -0.015228864088346655 -0.09927853786426923 0.9949431408970624 108.09331420419637
0.8925167574158265 -0.4496904617520052 -0.034530078789470134 -3.2906220722103536 0.45079694700127215 0.8870921694298946 0.09924512839679028 1.4627410446722922 -0.01399822511145343 -0.10414399428402715 0.9944637138419368 109.0558086122203
0.8925855673069861 -0.4495693897224795 -0.03432737770094359 -3.313071143198148 0.4506408308781138 0.8870573628068606 0.10026004506093548 1.5588006008466901 -0.014623494136119007 -0.10495998720795914 0.9943689227367054 110.21611359699163
0.8912647578573021 -0.4522971687066273 -0.03277808080918531 -3.3390802165151525 0.4532392519692613 0.8860838796959788 0.09710581144950409 1.6497773374374936 -0.014876554571179063 -0.10140330035502224 0.9947341648909018 111.25308234893694
0.8901125327307142 -0.4537934275960815 -0.042085676260616 -3.3640659090226137 0.4556933211944965 0.8848837760741338 0.0965624143210583 1.7278756304295626 -0.0065784568435785715 -0.10512957676782628 0.9944367732511581 112.29609884920171
0.8868611461208988 -0.45981898927433185 -0.04520845721607342 -3.3964729981532646 0.46201277380016303 0.8815790886521301 0.09676005010725783 1.8216503279899694 -0.00463727793053818 -0.10669961365446234 0.9942804876388671 113.41336652455995
0.8857955863176119 -0.46199310798849647 -0.04391523006164803 -3.4234856380914302 0.46404413999237404 0.8806586637354504 0.09541149892140247 1.8985612689349536 -0.0054051271008139605 -0.10489368979505062 0.9944687518681538 114.48083233888563
0.8825724379021489 -0.46846354250277134 -0.04009739643931882 -3.4466723376200354 0.4700407438024955 0.877054502390721 0.09918215062077324 1.97982201527581 -0.011295619551600635 -0.1063828425166349 0.9942610823103892 115.61431823038592
0.8823485509444171 -0.4693964348184445 -0.0335860331986593 -3.4563586915332176 0.47026489198582844 0.8767997935315803 0.10036460246787964 2.0678674091775573 -0.01766255960626388 -0.104350893828046 0.9943836910093826 116.66193962345305
0.8802303498291731 -0.4736103229408544 -0.029795859502141545 -3.4713296103549265 0.47405442240123147 0.874723229559413 0.10065622817782156 2.1528026143849335 -0.021608698282094628 -0.1027255259076849 0.9944750024437734 117.71218247781756
0.8794036893707342 -0.4748687340304042 -0.03389449161003213 -3.4818189449029813 0.47576383187876137 0.8740141459821156 0.09873220801334676 2.229770572683258 -0.017260573489284288 -0.10295124119462731 0.9945366330806054 118.69496066872183
0.8779730605696388 -0.4775625440370026 -0.03312584258381322 -3.495421879576476 0.47834552939051334 0.8725016775454063 0.09963120591743106 2.3034437611138427 -0.01867777893892075 -0.10331911349483179 0.9944728761311447 119.66415112513849
0.8740429466186123 -0.48460393624436143 -0.0347556102338108 -3.5072096211028643 0.48549705448467967 0.8684516557803822 0.1004207730452844 2.3931888380869344 -0.0184807346432359 -0.10464581476955204 0.994337827852417 120.76945125877344
0.872457791480345 -0.48729050612656294 -0.03695084199524185 -3.5254676679554096 0.48838648020469416 0.8667586333310991 0.10103522900095499 2.4767296006712054 -0.017206046568259338 -0.10619526441854005 0.9941964181068887 121.85595037223013
0.8701998945535199 -0.4911119465134849 -0.03951201729574173 -3.5486831659165023 0.49248185550189494 0.8646353795105202 0.09933419602588835 2.5616891095798526 -0.014620722295896213 -0.10589955849971656 0.9942693387554057 122.95686723331156
0.8666165789640679 -0.49769532900135105 -0.03570804608001644 -3.5523619675345537 0.4985588860132868 0.8607536266452509 0.10267536897542047 2.6428539960277884 -0.020365221378767118 -0.10678274068071637 0.9940737920551517 124.02335543322198
0.8646573185308729 -0.5011043255004898 -0.03552712309912063 -3.573876977772827 0.50194263582249 0.8588826115863213 0.10185406156963872 2.72558115114323 -0.020525882552817724 -0.10590143756984491 0.9941647618307885 125.10438880762821
0.8636652262160175 -0.5025635645559176 -0.03888753792779347 -3.590487029050274 0.5037113822340747 0.8575929893419835 0.10396686029364689 2.8104183275663934 -0.01890027600521611 -0.10938065739577048 0.9938202309042596 126.17367609251073
0.8614560432948011 -0.5059280740993736 -0.04393483024850395 -3.5909304624419063 0.5075739014947785 0.8550309908597798 0.106257890016282 2.895675626575328 -0.016193208213166048 -0.11383667470302439 0.9933675007268575 127.23660466633827
0.8619507099693864 -0.5054036124046267 -0.040101897107549966 -3.5902038292936274 0.506639516156333 0.8557032385502203 0.10530132099618457 2.9778173277139626 -0.018904344795512642 -0.1110817541408957 0.9936314556438086 128.17016026481681
0.8599157714125014 -0.5091207077158026 -0.036619271579359146 -3.6165050022479805 0.5099234751639414 0.8536248955512765 0.10631362646340999 3.0679689932006715 -0.02286734686779051 -0.11009379033366269 0.9936581111112593 129.18913221676934
0.8566369124884343 -0.5144732935541422 -0.03860609254814921 -3.6192896470014246 0.5154453194862098 0.8502412233570447 0.10679880488130679 3.157734649262806 -0.02212064153775843 -0.11138712817857231 0.9935308676101052 130.33607056180642
0.854955913576653 -0.5175042981203503 -0.03520919293699207 -3.623245376073925 0.518077436941497 0.848632564616283 0.10685756690529483 3.247103304998338 -0.02541958245998387 -0.10959959716967016 0.9936507299488117 131.29427375580175
0.8525965682538653 -0.5213278866376215 -0.03600453326573663 -3.62144243942716 0.5218437841991209 0.8457585927569662 0.11122709953288272 3.3380465974537907 -0.02753464534860935 -0.11362058524628203 0.9931425909273144 132.36573805936308
0.8523949313012484 -0.5220299794426232 -0.030126095914915194 -3.6219999366202984 0.5217287862819452 0.8452238286367956 0.11574002362763529 3.4403457292083854 -0.03495646802393923 -0.11437386094598521 0.992822574922428 133.3677293368848
0.8514553137573107 -0.523623728972735 -0.02901791052312261 -3.60962955799211 0.5230874645704415 0.8440265098888184 0.11831633451965907 3.5409131454444376 -0.0374613545364722 -0.11591997697372335 0.9925518655741394 134.37803781539944
0.8481427151463279 -0.5289956071991508 -0.02859339623438621 -3.610912301326231 0.5284043162448675 0.8408568033676103 0.11725491377421284 3.6397527028547874 -0.037984382554004346 -0.11455777491905884 0.9926901343760728 135.37532611691347
0.8466965364781917 -0.531379054548902 -0.02722637512687742 -3.6108492487698824 0.5305750565358284 0.8393609237997012 0.11816661533662896 3.727680801023227 -0.039938508958608634 -0.11449689945508316 0.9926204589455809 136.32277889871744
0.8450198901077355 -0.5342168275707675 -0.023532243040892454 -3.608115174088513 0.532869696129691 0.8375842190999263 0.12042658702054736 3.8300562512120613 -0.04462367386221619 -0.11430248052860296 0.9924432833547956 137.32702265494785
0.8437801444816482 -0.5360138713575349 -0.026910917688496 -3.603009912440148 0.5350301161112054 0.8361745469623405 0.1206436979968486 3.9180970760536553 -0.042164471211661114 -0.11619490834211635 0.992331043877399 138.32411153331813
0.8414781334188416 -0.5397321919229867 -0.024570551071367804 -3.619347693651331 0.5383739939322045 0.8337970577982876 0.12221255690151442 4.019716129530903 -0.04547519802517808 -0.1160673399752378 0.9921997676655864 139.35113320875504
0.8380220809557789 -0.5451455430708629 -0.023137171402748825 -3.6073195370709854 0.543334529226839 0.8298454163166811 0.12705972756166242 4.120825646284984 -0.05006576854893383 -0.1190500814286519 0.9916251796578364 140.39447718014662
0.8364182558930315 -0.5479680487891841 -0.011641250578605166 -3.6066366150210523 0.5444233374449096 0.8281794710392569 0.1331239775340382 4.20952541965362 -0.06330664146995742 -0.11768509359860002 0.9910310226680512 141.24944172420234
0.8351047460568934 -0.5500655746214143 -0.005284574691046297 -3.5940602563235315 0.5455291445346255 0.8269065034538282 0.13646826374320137 4.325979419021306 -0.07069664473347706 -0.11684818424852712 0.9906303479407701 142.27380732686376
0.8348520219393133 -0.5504724958613646 -0.0014603985757844634 -3.5547265256153024 0.5449933577206206 0.8261630417792947 0.14295757565930886 4.443973275966522 -0.07748768614588938 -0.12014432861414356 0.9897277397333132 143.26034977922203
0.8346187322469963 -0.5507926147634223 0.0062503843473318485 -3.528268603541427 0.544292131524033 0.8264051699318775 0.14422402945033116 4.56997340511242 -0.08460288023136103 -0.11697004160013512 0.9895253215681856 144.2291045403327
0.8353657812949171 -0.5496463960757217 0.007269850239407287 -3.4934101622822924 0.5429466202203851 0.8271048464096044 0.1452809025199308 4.687178543774449 -0.08586605285439403 -0.11741555402379816 0.9893637392993999 145.1423349806668
0.833768006090042 -0.5519349793385085 0.014095765436330003 -3.447166086544886 0.5438107707008392 0.8253712184732933 0.15176362339398253 4.8010118920921725 -0.09539789143579236 -0.11887022460865199 0.9883163016014123 146.02679346875593
0.8303834876452578 -0.5567814621333482 0.02139315008942931 -3.4043934187579885 0.5470294211075113 0.8219362721858867 0.15868073893182205 4.933075525739758 -0.10593429986967869 -0.12006318290724644 0.9870981492340577 147.0875677405007
0.8309184411349213 -0.555422063589241 0.03287667045462482 -3.3595477182336086 0.5437594577771779 0.8231516397729626 0.16354519258282318 5.0813129925619265 -0.11789909354945118 -0.11801571597610416 0.985987877472571 148.11068795688897
0.8305274500756716 -0.5558618250826294 0.03523898532323504 -3.3086145924510433 0.5437201993018291 0.8228563088951653 0.16515398809173157 5.228537671754747 -0.12079941863263283 -0.11800477247651006 0.9856380543235864 149.0931024860481
0.8292807045605615 -0.5567272746462179 0.04845879392363806 -3.2417545721560357 0.5420349385509472 0.8224251411448708 0.17267024237809628 5.37403025379026 -0.13598396388401765 -0.11692574086929844 0.9837869345994366 150.05167950174956
0.8261935710948157 -0.5603291818768851 0.05861220878602439 -3.1638705262332607 0.5433622222864173 0.8199948286878569 0.17990546494517154 5.526500269126756 -0.14886799009042156 -0.11678907852343476 0.9819361652694565 151.01858598801806
0.8230002937846815 -0.5637394258935656 0.06977374953032953 -3.088238549819582 0.5443272126446271 0.8177910574842598 0.18688411348562264 5.695048573394617 -0.16241429125806292 -0.11582592970474856 0.9799009909185581 151.98534887629415
0.8185139483542102 -0.568667720465092 0.08155942649772277 -2.968337323439437 0.545825164843338 0.81408334553125 0.19835119347357258 5.865209648500095 -0.17919209182702314 -0.11783603111817612 0.9767317257041321 152.94349420264817
