1.0 0.0 0.0 0.0 0.0 1.0 0.0 0.0 0.0 0.0 1.0 0.0
0.9998901620333869 -0.009480828896326988 0.011392003874908116 0.025276662781834602 0.009484987571796846 0.9999549681066405 -0.0003110781418575832 0.008079631254076958 -0.011388541592768132 0.00041909698883838876 0.999935060630491 0.3953940272331238
0.9994994375286576 -0.017348361705736965 0.026455788138407467 0.05240529961649308 0.017359127063820295 0.9998493032830013 -0.00017729094554812442 0.01034887380041069 -0.02644872563053887 0.0006364515882223991 0.9996499686599788 0.8225762705952122
0.9983997537524123 -0.026510365968176217 0.04995129831501641 0.10134037184771916 0.026480963159927314 0.999648535723332 0.0012504464485580775 0.016291984223060267 -0.049966892011060374 7.431306414952576e-05 0.9987508719296937 1.2555189355092364
0.9962785121444048 -0.03593584496981181 0.07834373801164364 0.16493008329016148 0.035830340679460074 0.9993540968217351 0.002752426639899427 0.017868815390532124 -0.07839204631928696 6.489930547393325e-05 0.9969226062548462 1.6771957796935115
0.9934678728078521 -0.0475512314625115 0.10373266643174715 0.2277953142303077 0.047445845100129044 0.9988677336206739 0.0034846110590701167 0.03020954241201085 -0.10378091096813531 0.0014598348869269257 0.9945991108988219 2.0775027554741246
0.9893580374910435 -0.05933451309959855 0.13285363829080746 0.3238163457384541 0.059348857457390956 0.9982298575268096 0.0038554715026598236 0.03703938637356149 -0.13284723094733072 0.004070269922142741 0.9911281683679399 2.534794808662561
0.9831339157408854 -0.06980930326107158 0.16903953649426964 0.4449839784687286 0.06976278911319832 0.997544206806783 0.006221633336478076 0.041798332578012035 -0.16905873823952786 0.005675970791846805 0.9855896338641296 3.036142880207774
0.9756467012267033 -0.07764679374175716 0.20514504577756024 0.5721016879408203 0.07719246145616347 0.9969637343575573 0.010229187170687342 0.05215446747808031 -0.20531643450973666 0.005855578319795588 0.9786781258017112 3.4852530028517665
0.9668879702940699 -0.08544363332543436 0.2404725315389733 0.7246519597983196 0.08406286928971862 0.996331771456803 0.016013593991626864 0.06531919209837918 -0.24095868298817014 0.0047314595948510394 0.970523841223238 4.020012459938467
0.9565467043267238 -0.09642656141026248 0.2751732557794743 0.8867649617990845 0.09417492781328066 0.9953252949832018 0.021415885178199673 0.07338752056482173 -0.27595196214748413 0.0054291271117309775 0.9611560951093002 4.472666955529414
0.9445138287377475 -0.10607768521850935 0.3108716005392645 1.0670411803755484 0.10278992433374404 0.9943368481499364 0.02699006977971275 0.0941412129574695 -0.3119741315856563 0.006461974151405437 0.9500686207382298 4.924103254563233
0.9311964156186749 -0.1140244909544254 0.34622485612895587 1.272918699600293 0.10954978012765057 0.9934486350091535 0.032536983148920715 0.11409466725368751 -0.3476666236683002 0.007630534780334375 0.9375871659350136 5.392316883155168
0.9147769588572319 -0.12254207088709027 0.3849240917461752 1.5086276442716091 0.11682000844569798 0.9924137657029961 0.038314530793760196 0.14521885872645307 -0.3866991093481618 0.009917585689183099 0.9221526122738233 5.879221846051246
0.896870833601876 -0.1326994313485632 0.42191654240387877 1.762592515498206 0.125274161306191 0.991082171686677 0.045414903653433 0.16785076538353452 -0.4241804950057304 0.012123938493250545 0.9054965034565874 6.330971763344112
0.8778700953222754 -0.1430438001492633 0.4570367238830122 2.0346536714821966 0.134165659223515 0.9895925890353763 0.05202003086677797 0.19910519172263913 -0.45972129777070236 0.015651803893433867 0.8879253062115657 6.788264124452439
0.8593468488885863 -0.15277905980227752 0.48803847408907153 2.335168933944813 0.14311816531671273 0.9880455054565236 0.05729982463795897 0.23360010809445955 -0.49095843414859 0.020606747271097355 0.8709392504103084 7.237005866607504
0.8379306812024231 -0.16191081311044983 0.5212073120146687 2.620560148719361 0.15124704272167752 0.9864680285037737 0.06328633982009987 0.2684338004967933 -0.5244010922639182 0.025801498750868995 0.851080358776196 7.658381302443973
0.8154395354708885 -0.16966132041575882 0.5534197325229767 2.9402792562373428 0.15827458309485704 0.984998132245781 0.06875925987437899 0.3149180213786972 -0.5567831897041892 0.031523258510255725 0.8300594941543196 8.09985029128288
0.7918605362491441 -0.1760488196310537 0.5847766276431802 3.30636571528238 0.16233315419212965 0.9837777320103301 0.076349990508482 0.35590668302786904 -0.5887315501833176 0.03447009003649035 0.8075933226021771 8.56739574461481
0.7656781281593112 -0.18278287723056127 0.6167069189248415 3.6792448452638347 0.16745569409947095 0.9823583632512853 0.08325044542775864 0.405101290873275 -0.6210439554267619 0.03952803994095036 0.7827783463320309 9.003603715852094
0.742943822163181 -0.189739233685993 0.6418983566810372 4.038045417509583 0.17370440903122886 0.9807805289635004 0.08886130929256011 0.450754581538188 -0.6464218865359337 0.045481613937157335 0.7616233763488329 9.40421272065665
0.7180143214017987 -0.19626096224505804 0.6677851967216393 4.441290699603204 0.17782934282550586 0.9793073699646141 0.09661159331694753 0.5008971936749749 -0.6729280489711833 0.049383295066595626 0.7380576746272627 9.810351348704758
0.6908184553677595 -0.20321735348299946 0.693882244308549 4.867697050754274 0.18366266253486896 0.9775318811668612 0.10343813461669081 0.5578198114446006 -0.6993124395532414 0.05598328809335375 0.7126205044344086 10.199018003549385
0.6625882806130992 -0.20920391843263467 0.7191734776162206 5.328080213592299 0.18862388460629056 0.9758592544071811 0.11008971679450072 0.623426133756633 -0.7248432937885332 0.06270913888973542 0.6860537612676562 10.60149036824376
0.6356782321557832 -0.2142537858503362 0.7416255796640895 5.8301792177621135 0.19406668617620051 0.9742119962598592 0.1151047681895425 0.7030980322405987 -0.7471621687959625 0.07075522307348402 0.6608648817481038 11.02049553388964
0.6123166827724547 -0.22017424481274514 0.7593362772314216 6.343992381455685 0.2025007465562835 0.9720778809981491 0.11856660962638699 0.7838016079684077 -0.7642393130706409 0.08116584993262607 0.6398049524363104 11.41639178494264
0.5895700158894563 -0.22434097872462963 0.7759370603528236 6.860928223339307 0.2088170479956931 0.9703299939995693 0.12188167709364792 0.8716389210134654 -0.7802580578439869 0.09017110407259699 0.6189236909020839 11.801209837583775
0.5670246698698486 -0.22860325154273198 0.7913428947953473 7.4414814820433595 0.21527720498655295 0.9684534657310189 0.12551338465182202 0.9681759176466712 -0.7950715368897111 0.09918890108106347 0.5983500757333988 12.217048511901718
0.5513110127547806 -0.23309397797115342 0.8010763787859941 8.022685833576427 0.22250847951373517 0.9664797627668056 0.1280892060507248 1.064605070410015 -0.8040809311007094 0.10762929710725969 0.5846963234401371 12.621271895307764
0.544346171660409 -0.23798717377868175 0.8043937782675176 8.663959433887296 0.23109156239565556 0.9643516260955917 0.1289287828078868 1.1690293588132121 -0.8064018447326317 0.11570672566287561 0.5799379436182674 13.059171855970249
0.5358763865789575 -0.24406411626120794 0.8082507070585929 9.287926246428402 0.24007533518370217 0.9618377816981886 0.13127038940424104 1.2701848798730204 -0.80944445871444 0.12369635747079857 0.5740199294492689 13.47803849122205
0.5278808755322957 -0.24930399830707603 0.8119047343594952 9.890909921108493 0.24772403798772982 0.9595770289642567 0.13358415507530808 1.3587788942494254 -0.8123881967694451 0.1306117985184937 0.5683009553374458 13.881610082484888
0.5198063222937781 -0.25358762010464225 0.8157785889768626 10.543062204336934 0.25324589540722237 0.9577445123763348 0.13635235778090232 1.459869699654499 -0.8158847368120153 0.13571576158530974 0.562061676592977 14.312127661909349
0.5117686672881194 -0.2589242644056704 0.8191770605211823 11.215034251668524 0.25883222476389145 0.9556691745281513 0.1403649111439771 1.5604155799704955 -0.8192061465869971 0.1401950575400741 0.556099483218083 14.745781900910595
0.5012308377805623 -0.2641906219050683 0.8239969432923943 11.858764974339673 0.26606319171740916 0.9531749031051893 0.14376363275723963 1.6649930836471392 -0.8233942101271668 0.1471764906084751 0.54805205532069 15.152058202767092
0.4882631912034661 -0.2687065891961082 0.8302986360571729 12.538196517119065 0.2721704491424319 0.9508507890094569 0.14766862785879892 1.7794561954308712 -0.8291696465316458 0.15388159721905514 0.5373994336691267 15.572021032235618
0.47619693819077125 -0.27321379636754706 0.8358173828846631 13.258750856048321 0.2777060517809672 0.9485878326637088 0.1518567500198613 1.9000750830208981 -0.8343355589101795 0.15979782600774148 0.5275877462007984 16.009656988291415
0.4657856388943463 -0.27825613651942477 0.8400102743949439 13.970163892203743 0.28208290755017157 0.9464406450224302 0.15709659040720017 2.017242362307467 -0.8387329562309013 0.16377920484240202 0.5193297605504268 16.44205008308251
0.45685695666099907 -0.2839091003583364 0.8430168111515751 14.721878011319818 0.28953611872227236 0.9435535065047788 0.16085899514102114 2.144680086836531 -0.8411008007995787 0.17059426454678056 0.5132709224162721 16.88096063828834
0.44641948972602435 -0.2903323925069182 0.8464140482376015 15.438145708285496 0.2960023086669199 0.940562480665268 0.16650781731994035 2.2733600693580454 -0.8444479098538935 0.17620817752308188 0.5058244811368707 17.2887595706175
0.43426738487894856 -0.29464916245191053 0.8512307028630881 16.15702297975722 0.30269520786198123 0.937770896355445 0.17018036633553696 2.4054062942620584 -0.8484028816357188 0.18375967189536774 0.4964322042506063 17.69463787390452
0.42276424842510896 -0.2980871779192249 0.8558121432964745 16.911877211146972 0.30988891769267146 0.9349787888627434 0.17257903426552812 2.5479457476007124 -0.8516097985256028 0.1922464531191928 0.48764951791042765 18.103923575187135
0.4078944992388213 -0.3022016796116892 0.8615661450698867 17.613399501745373 0.3163190852448312 0.9319677215171673 0.1771394997169542 2.684665579360176 -0.8564836914971495 0.20027558735395978 0.4757366659292113 18.46886840272546
0.39070285645652125 -0.3053598054375587 0.8683931524257037 18.364177815896685 0.3209111845699595 0.9293754144384664 0.18242080653048987 2.8295104823594746 -0.8627672279210775 0.20740474502880912 0.4611030060245913 18.85475800420471
0.3712577801518459 -0.308212100161944 0.8758841030584397 19.14420124569376 0.3241746519423022 0.9269694124480049 0.18878162893641892 2.9903143011796316 -0.8701025547111161 0.21385277575838085 0.44405915662851136 19.24415079003793
0.3490427479277253 -0.3104970771275079 0.8841723390913881 19.88406826188976 0.32518876578452677 0.9250153444249426 0.19646597462650134 3.1425448673564205 -0.8788750916521634 0.21894788803201382 0.4238400589841906 19.589722457352988
0.3227868047649043 -0.3136538899300785 0.8929893146065038 20.609391077373825 0.3266180855546428 0.9224477034719749 0.20593897287278898 3.298349399682617 -0.8883295024135376 0.22519207732735505 0.4001989798221717 19.905979021793648
0.2953701168958723 -0.31502432359953353 0.9019513122034777 21.367664827746715 0.32795575854796283 0.9201403119136986 0.2139785662784762 3.4681836345508277 -0.8973302148485525 0.23259725263213735 0.3750959924976974 20.217491447513204
0.26607612765983424 -0.31695247197003684 0.9103541205495973 22.14667588900328 0.32769508813437875 0.9178941261790515 0.2237996924452695 3.650761603321357 -0.9065425657420336 0.23877081822969595 0.3480934829320598 20.49933138286354
0.23388310225643955 -0.3174878981639676 0.9189668813392189 22.97279590948325 0.32636051184366366 0.9159780879637209 0.23339442726737858 3.8524752233149155 -0.9158534330273844 0.2453274890625834 0.31784730976083836 20.783580995730258
0.20404833219598617 -0.31723610365923105 0.9261347270581889 23.71781927864813 0.3244020746533305 0.9144982918198689 0.24177710441470038 4.041897894461277 -0.9236490524483049 0.25110581194717807 0.2895139014239161 21.00934692857246
0.17616129445120632 -0.31705802402666655 0.9319020376292676 24.53617582787483 0.3262425098637534 0.9120060130218106 0.24861789350298108 4.266886804051114 -0.9287265599168971 0.26022920976010094 0.26409796533210783 21.23148508256954
0.1478083656096879 -0.31605108473767923 0.9371576168883916 25.327282404586743 0.3274763398912845 0.9097541796426972 0.25515990953527784 4.4814492963128085 -0.9332266251383964 0.2691821770823238 0.23796853084813485 21.42786047607129
0.1202115496048824 -0.31404177077403544 0.9417679913602401 26.12361911580668 0.3283617632703732 0.9078303759302303 0.26081135128737876 4.705097258140004 -0.936871248231882 0.27788806154184686 0.21225100586086848 21.590684427265668
0.09251148980558377 -0.3138876269685294 0.9449424225263762 26.90887634334987 0.3298750411091617 0.9050802147064897 0.2683510055879858 4.925622807978777 -0.9394807510040747 0.28688736915890817 0.1872740129059559 21.735594306247044
0.06647172807076945 -0.3131485560316917 0.9473750530927826 27.675531609225054 0.3325213420862358 0.9021510875929006 0.2748690091882232 5.146807420714701 -0.9407502678311895 0.2967514060795895 0.1640961198972491 21.852524033898
0.04307164898392113 -0.30895398306949573 0.9501011890316209 28.482209456083773 0.3341390897755251 0.9006747745667661 0.27773371985246725 5.385824140273157 -0.9415391132277988 0.3055034972051857 0.14202715042417635 21.958364949641027
0.021581272302786225 -0.300961249562574 0.9533921412239181 29.308576855330536 0.33760794075688694 0.8997914411008852 0.2763986990915248 5.631392846357172 -0.9410393865421829 0.31590772194317596 0.12102555181855473 22.049761004784205
-0.0017237853657834923 -0.29056886962506046 0.9568525281195779 30.117295123625983 0.3392444967037215 0.8999407280920309 0.27389753079833395 5.873921506363061 -0.9406966567498003 0.32507909487692405 0.09702258527656527 22.12489635194183
-0.027355624984306326 -0.28039715770041973 0.959494191610999 30.944095475954782 0.3394750253832327 0.9002026652776345 0.2727487278945531 6.125709911421849 -0.9402171966746683 0.33318552696743814 0.07056222570652831 22.18402417828021
-0.051930012741147114 -0.2745810219402877 0.9601606824729556 31.75265006692604 0.34319928179569564 0.8979915717362515 0.2753641045335713 6.359048843841978 -0.9378259576017414 0.34382611809006614 0.047603295762928655 22.211366262984317
-0.07611872754412308 -0.2722117924390859 0.9592219135185369 32.572584150494066 0.34719901166167044 0.8945710922837319 0.28141678548276045 6.5978494340551315 -0.9346971625174769 0.35446198795835754 0.026418052055108387 22.211750150038096
-0.10231067240636993 -0.272180229588375 0.9567917479436034 33.38149400871621 0.3477092553669133 0.8913812699575514 0.2907536849311625 6.837926021335511 -0.9320036480851044 0.36243255122861473 0.0034417678559682807 22.20791271228531
-0.12306519257810739 -0.27406318653877176 0.9538051835463718 34.131035375988105 0.34961419949089406 0.8875212540531492 0.3001265318465982 7.066720636747669 -0.9287760063061786 0.3703989651553311 -0.013406592475537937 22.18690696375498
-0.1387028315175658 -0.27622893437698165 0.951030546482061 34.9183708522852 0.355000243162688 0.8826252885799146 0.30813540418727503 7.317174052965367 -0.9245195248795142 0.38035532830786023 -0.024361287822644073 22.152550125094468
-0.15485444457532527 -0.27531476965874 0.9488002311356287 35.67465801718513 0.3568682959970074 0.8799499358318612 0.31358113741374144 7.561424712345142 -0.9212302211214414 0.3871561545904422 -0.0380130458564128 22.114342292675968
-0.1691194881671692 -0.27329496746776905 0.9469469148156437 36.408128300031 0.3584605494642288 0.8779326625368744 0.3173960846146624 7.803851962794846 -0.9180983788243382 0.3931209747745671 -0.050510058329171326 22.069140280319896
-0.18335075949514146 -0.2704060785910011 0.945125944863219 37.18345566330712 0.36245873383731086 0.8750915256008251 0.3206844057428956 8.069113513574852 -0.9137867175974974 0.40136688264312237 -0.062437650978666714 21.997378372367898
-0.19529593994735733 -0.2685574879820706 0.9432583800257692 37.988906795228395 0.36433019108669795 0.8730866679866347 0.3240110832158779 8.337896670480653 -0.9105619186539753 0.40693555488892386 -0.0726666805656847 21.92151599586025
-0.2066297347060157 -0.2677991192730504 0.9410567381682683 38.777559438579274 0.36757624380091597 0.8701114949771953 0.32831949576861896 8.605024191792184 -0.906747957112963 0.41375067132891663 -0.08135431301621127 21.835628048250605
-0.22090070497040382 -0.2661226069730721 0.9382865429075676 39.569848217972414 0.3709414344639034 0.8668274247164399 0.33318563588085026 8.885772761881778 -0.9020007376612508 0.42165029801640197 -0.0927668876336763 21.742413303984737
-0.231270587616142 -0.2638118310812395 0.9364385901303127 40.33914288734996 0.3775832805712551 0.8627464842967612 0.3363024978596309 9.15570215467932 -0.896629679152287 0.4313604312116976 -0.09991694975390841 21.64432366974228
-0.24081801674891223 -0.26116232025150443 0.9347731945718017 41.13206295919393 0.38264873936497834 0.8595601174534895 0.3387275405775805 9.449471754084783 -0.8919566273488378 0.4392614790352031 -0.10706413014774047 21.527830398233924
-0.2476278482351707 -0.2570553638778756 0.9341322115632413 41.91126683325675 0.38706466730157424 0.8576274156111559 0.33860915421596566 9.733457376761592 -0.8881786937914808 0.44541862993564035 -0.11287538261780589 21.419923982432543
-0.2494851189982082 -0.2553619926425076 0.934102471954816 42.676845943129265 0.39533470931226244 0.8537032526908706 0.33897083054153276 10.014721029986909 -0.8840065853891806 0.45385130721269873 -0.11203279845601344 21.310089367735603
-0.24645542515264796 -0.25407703693699374 0.9352564261816891 43.506019054215464 0.40503779491729225 0.8497009913374562 0.33756867450739847 10.310241806047605 -0.8804567610628959 0.46200983173679533 -0.10650261629261981 21.19885942924625
-0.24300319184698127 -0.2518473469661563 0.9367616359449655 44.32236918479612 0.41368098653441954 0.8465815251918967 0.33491456012492504 10.597992369168313 -0.8773924379273446 0.46890578481169454 -0.1015375538312806 21.10196407133464
-0.23846615408154276 -0.24955313700980003 0.9385398900239273 45.11828638700326 0.42272786933635637 0.8433876152882553 0.33166018582991563 10.882022304293686 -0.8743197594952902 0.4758366969738229 -0.09562633512343743 21.007220693851288
-0.23380729465142436 -0.24706458764891778 0.9403686715845294 45.95073128273526 0.4317484775893192 0.8402061183446187 0.32809591706629615 11.173843696775425 -0.8711643938242009 0.48271396108475983 -0.08977655989607658 20.909747292923004
-0.22975479686022 -0.2451466142907838 0.9418682874061982 46.82047975271204 0.43787930682830756 0.838238779245249 0.32498840228690556 11.470295198538011 -0.8691803299495912 0.48709227716234665 -0.08524475090889616 20.819728145768245
-0.22940035263953384 -0.2437337998918918 0.9423212366274659 47.6967218440432 0.44382322041437416 0.8354390378991539 0.3241335573111027 11.767484767172947 -0.8662542509159025 0.492580398254331 -0.08347528991104669 20.72867584335423
-0.23167469123619744 -0.24254663425817874 0.9420711054111796 48.56077769224748 0.4508058844067638 0.8313879548179581 0.32491248539852735 12.062460592249689 -0.8620329993827661 0.49996519758243374 -0.08327009776330196 20.64101397958356
-0.23390832971488035 -0.2415097738727015 0.941785497028889 49.3805923767324 0.45805762335738504 0.8270450428775303 0.32585228361312435 12.339830041449014 -0.8575955381030027 0.5076115898752319 -0.08282733154074556 20.56140286336508
-0.23621065339685077 -0.23934741095370937 0.9417628916513906 50.229883038055355 0.4637459413499775 0.823923461429217 0.32571434047017467 12.630259153740148 -0.8538994256370337 0.5136759159005353 -0.0836231087707825 20.472843745006653
-0.2399369911418205 -0.23798917639613154 0.9411649123294499 51.066022366342715 0.4697991922527555 0.8199344164565205 0.3271028457056949 12.917914638457837 -0.849540440026529 0.5206425881815626 -0.08492547398240075 20.383643297753014
-0.24175195464811838 -0.23652162141018934 0.9410704091773948 51.90227897991586 0.47622405767763837 0.8160821977774273 0.3274454051591034 13.205230238105143 -0.8454387259363386 0.5273209355565727 -0.08465218018977083 20.297462360632395
-0.24369542043458503 -0.23382235783070288 0.9412436703838714 52.76681656763325 0.4831571319757764 0.812230066852746 0.32686618717959515 13.501459576084738 -0.8409350319020805 0.5344243851836055 -0.08496380782999491 20.201712727653266
-0.24754765863062494 -0.232571814605469 0.9405479826981797 53.68197575384944 0.4900838374843352 0.8073559367875899 0.32862474582791446 13.813227339895501 -0.8357858511264256 0.5422976510966584 -0.0858793844407591 20.109972774087762
-0.25121411621712275 -0.2292561957621899 0.9403898470942245 54.570573609505196 0.4980671727110363 0.8024341285022272 0.3286769856295178 14.117664059218532 -0.8299521427654037 0.5509456108542112 -0.08739779516438234 20.018779828214676
-0.2514462433507936 -0.22668343647888786 0.9409513304793694 55.52891609135798 0.506310855065558 0.7977490692101654 0.32748395474755465 14.445178441569828 -0.8248782363158559 0.5587584828890179 -0.08581872203666352 19.918889301631367
-0.25318833942904306 -0.22506655194187553 0.9408723143839227 56.39276210434725 0.5135449825843909 0.7929492586987676 0.327876537726433 14.734710487457324 -0.8198580460296537 0.5661947724291265 -0.08518370756411225 19.827879950764032
-0.2551560784603474 -0.2239352832144839 0.9406106338737544 57.347541546360446 0.520819904774489 0.7877911742305476 0.32883383736341265 15.062632633847501 -0.8146422542536259 0.5737926931707165 -0.08437975378292306 19.724285191276085
-0.25576972580764173 -0.22375695367193466 0.9404864023704644 58.26492435826795 0.5286900242403265 0.7821016134301637 0.3298543989985545 15.375920004384419 -0.8093631481782739 0.5815925480552431 -0.0817398459599904 19.637237549976657
-0.2573074457656284 -0.22130694707015738 0.9406466464789289 59.14048890208386 0.5360850335118753 0.7772035084873643 0.32949589259883527 15.672321050373844 -0.8039936039535016 0.5890483355153618 -0.08134090747245248 19.548649429271265
-0.25939989800541857 -0.21860565594504722 0.9407035984323724 60.03839011663113 0.5434058546923732 0.7721903600103869 0.3292903354079503 15.977853657505742 -0.7983869801047796 0.5966017223373267 -0.08151450731805654 19.45495704611047
-0.26223254585286976 -0.21645613304133718 0.9404152457102732 60.92339372516302 0.549998282203072 0.7672220797224412 0.3299578305784575 16.29004979306493 -0.792928736690248 0.6037524516349089 -0.08214009785509407 19.365603902714305
-0.26451956086982553 -0.21231479896650102 0.9407187826641122 61.803474931008246 0.5556850089370413 0.763693207766208 0.32861353480098776 16.596333980442125 -0.788190061317621 0.6096680330733882 -0.08403164099641952 19.272778486499924
-0.26961347589203283 -0.20892568276608373 0.940031187088036 62.69324962132976 0.5607691904585201 0.7595218928622547 0.32964285112138236 16.90481801094388 -0.7828451243061507 0.6160166826829153 -0.08761825155995828 19.17583398293514
-0.27390808416515405 -0.20475329875369475 0.9397076396829256 63.574657143181696 0.5664294044051049 0.7552956966257802 0.3296758111901077 17.21123301188141 -0.7772593461993578 0.6225789084992019 -0.09090330817791697 19.08303445117536
-0.27975080021415566 -0.2040222176006296 0.9381441384482776 64.50215214321616 0.5701246601276497 0.7509068615922114 0.33331180166334873 17.53517677451527 -0.7724618836511428 0.6281033513197147 -0.09374869794867297 18.974523989567196
-0.28607830568930304 -0.20413627677117568 0.9362091558620539 65.43552974431996 0.5754815340126347 0.7446047356031076 0.3382082076589669 17.863359860679065 -0.7661463352548273 0.6355251121894618 -0.09553860346566445 18.861577774372712
-0.2963769671242653 -0.2039364164423614 0.9330437457091012 66.30370795971452 0.5775601194924826 0.7397914760305699 0.34515631294290394 18.17747796364584 -0.7606477514132617 0.6411852384772737 -0.10147161292100493 18.74872229988953
-0.3067551154002344 -0.19997453814108612 0.9305436493099334 67.15200438210373 0.5813340120830945 0.7347609968064959 0.34953832975411603 18.498586742289838 -0.7536259453941069 0.6481793437523167 -0.10913969379494654 18.633000499849587
-0.3149436254635832 -0.19565850493588927 0.9287239967967376 68.02331555973704 0.5847762735481339 0.730723007780206 0.35225075698400843 18.83467857565676 -0.7475608488109928 0.6540348884783606 -0.11572010187554366 18.507250577394515
-0.32372501841202256 -0.19096213264884246 0.9266798672402146 68.85863772088726 0.5882953800581622 0.7264508828448921 0.35521494987697144 19.158066691237284 -0.7410200120484995 0.6601534508794775 -0.12282818502102483 18.38191878928671
-0.33032669346995497 -0.18804605481359554 0.9249448398960064 69.70697128182748 0.5920224346890897 0.7219413154817675 0.35820409521006036 19.486300644530214 -0.735114761384921 0.6659124704264799 -0.12714900441801902 18.25202206647129
-0.33673095642813083 -0.18591891759333695 0.9230636051020092 70.52633165395291 0.5963614260437777 0.7165219419284623 0.3618692529935321 19.80935130024071 -0.7286736666780459 0.67233210753019 -0.13040024798283473 18.122764411761292
-0.3438535319488423 -0.18704723070497312 0.9202054564345438 71.37059459776319 0.6003272556404128 0.7097507776164393 0.3685932986478595 20.14137529937597 -0.7220608940398011 0.679166523879424 -0.13176076100259437 17.986582073951453
-0.34605297792105477 -0.1905213792160509 0.9186669366716014 72.26054251302429 0.6062813032066601 0.7018507895497732 0.37393642586727804 20.489288829946986 -0.7160099984315891 0.6863724013026559 -0.12736800570010492 17.841905387789442
-0.34878089316392963 -0.18920703760274069 0.9179066322264843 73.09962487789956 0.6125555016395207 0.6952352822971379 0.3760633718675268 20.826337230474152 -0.7093149131203477 0.6934324762879323 -0.12658497088619802 17.700409687214016
-0.34929740963113726 -0.1831729107515208 0.9189336234961657 73.96877265729702 0.6169841946972701 0.6931342437426752 0.37268676344221136 21.177487985799125 -0.7052104814300043 0.6971460427472032 -0.1290952050355717 17.566736096422684
-0.3488700465285304 -0.17612920664711137 0.9204717231947108 74.83890286200585 0.6231011175695693 0.6900522916245831 0.3682021620077959 21.534851156097474 -0.7000247766463235 0.7020016648053767 -0.13099226958773058 17.423625415062272
-0.3524261274782755 -0.17086754345269492 0.9201087475212419 75.73470790176547 0.6287614668340702 0.6849874200628484 0.3680370255562774 21.895520220231152 -0.6931484995982717 0.708234789423737 -0.13397253656843378 17.273454130933626
-0.3528668755181497 -0.1686321464233277 0.9203521974519973 76.550825378792 0.6354386275922306 0.6788146087761207 0.36800608347665253 22.224688080826102 -0.6868061726031307 0.7146844940984685 -0.13237581036373341 17.13517183430785
-0.3528700636344345 -0.16821273838869755 0.9204277227650228 77.38286718941994 0.6419451249492887 0.6721501746059082 0.36894525248482246 22.552536261177778 -0.6807269458046099 0.7210538242191236 -0.1291983275220886 17.0032216756617
-0.35231716436915683 -0.16756770606144325 0.920757123011374 78.274771340995 0.6484864737564261 0.6656567703982725 0.36927815719034607 22.900402775370083 -0.6747873065239394 0.7272015730925281 -0.12585691497061158 16.869738009811424
-0.3520390616602869 -0.16857806689290541 0.9206790615779183 79.13617324722925 0.6545226270392318 0.6588126458908123 0.37089894622121866 23.243061820281103 -0.669080435941007 0.7331761950425006 -0.12158962646539268 16.734097351925453
-0.3510627123429335 -0.16713682588955728 0.9213144161652886 79.98702083740652 0.6595577266219859 0.6542730574357142 0.3700140153655813 23.578478370399306 -0.6646341679869165 0.7375581656691808 -0.1194544892377547 16.60689694393633
-0.34912695153587353 -0.1644141564245425 0.9225390814911173 80.88204027479526 0.6655313653654792 0.6495522976843227 0.3676272763109106 23.931698036907907 -0.6596805085994503 0.7423272847876627 -0.11735343554301048 16.483679732862463
-0.3486559208090261 -0.1617655725822844 0.9231852189089339 81.72662951779036 0.6736437517013 0.6415886735707508 0.3668352078788544 24.26661801255372 -0.6516464875057703 0.7497972215691724 -0.11472132255401268 16.35621478493773
-0.3485230385910493 -0.15790895375719255 0.9239028379080622 82.58732904952869 0.6815131138414741 0.634023361894869 0.3654507521317016 24.606552426476547 -0.6434839292735758 0.757019906538023 -0.11335472584679851 16.232482518090546
-0.34569795371148326 -0.15320806103587264 0.9257538629859028 83.39463856895456 0.6898057925858889 0.6273358493498202 0.361410709076936 24.92436064739784 -0.6361296199004156 0.7635293197737518 -0.11118491143669074 16.114147786349115
-0.3404777459693154 -0.1494103870718267 0.9283056828085788 84.18714163202651 0.6990545404777095 0.6200415053270592 0.3561899508819041 25.22985412543288 -0.6288065314046548 0.7702110541317891 -0.10666432466408582 16.01004957153908
-0.3318540280540411 -0.14733742496358582 0.9317535013453974 85.05785554404916 0.7101798478848717 0.6111011512860305 0.34957111802193946 25.551688518208152 -0.6209005457579565 0.7777191434586062 -0.0981603085543431 15.897800008045177
-0.32088277509650553 -0.14460863301782673 0.9360142028319234 85.90908291854672 0.7199883822734943 0.6048415705498601 0.34026960476359847 25.861233539826646 -0.615346222900216 0.7831060067395055 -0.08996670590248151 15.800292353131038
-0.3106700989658831 -0.14194708213339324 0.9398590934189786 86.7759625158598 0.729654808461982 0.5980813877299036 0.33151548099505274 26.169738970235098 -0.6091698860718879 0.7887646540793323 -0.08223363288992352 15.707946181908362
-0.2987530732910463 -0.1417637785915627 0.9437423548186215 87.62569575365421 0.7395217402789096 0.5906670293916787 0.32283131205702836 26.45703992565414 -0.6032032798766991 0.7943648352420014 -0.07162619406991033 15.62290002503276
-0.2897586235446314 -0.14097785539916402 0.9466600151947757 88.39335096746449 0.747599108869963 0.5842459912655114 0.31583570746040945 26.711048248139235 -0.5976081596651421 0.7992383036224129 -0.06389539517374981 15.554517144927113
-0.2784536873941178 -0.13851420375314594 0.9504090484287548 89.25081188763706 0.7571731902691392 0.5771331014051686 0.30595121048968826 26.98666984811929 -0.5908911100315126 0.8048174939830046 -0.05582559865011344 15.484679691282482
-0.26937442624157654 -0.13690639807805127 0.953254455354034 90.092018073245 0.7662675697338621 0.5690957222351216 0.2982684537591034 27.245618466168196 -0.58332789240802 0.8107938684394325 -0.04839290071733637 15.428412923809145
-0.25987474409789957 -0.13288568027153153 0.9564551810507504 90.88388865051976 0.7752002472830675 0.5618903691593773 0.28869324491267523 27.49327554984236 -0.5757861530050219 0.8164683760101864 -0.04300810368949759 15.372898040266179
-0.24933296968059232 -0.1266721995914688 0.9600975075902008 91.72728349825881 0.783317002187149 0.5565658659377148 0.27685539719777796 27.74009400753786 -0.5694273828283943 0.8210898798083316 -0.039545732532659306 15.321101415271512
-0.2389789424816054 -0.12198652468012389 0.9633319017072149 92.60051844466338 0.791376266661721 0.550415285929328 0.2660199571082834 27.980236891905896 -0.562683454186215 0.8259311719579313 -0.035000422472706905 15.274943213078616
-0.2277401122518592 -0.1222722923789783 0.9660144552686053 93.4685817594141 0.8001299626774895 0.5418763344685666 0.2572199077999784 28.209632572995247 -0.5549112398368138 0.8315164007157645 -0.02557325250081438 15.23286801483638
-0.2151210408957795 -0.1243530550948988 0.9686378350304521 94.313913388135 0.8089655153454665 0.5329460282060232 0.24807927362290577 28.42484293408387 -0.5470811025302922 0.836961676964955 -0.014050571029323167 15.194727408604459
-0.20507503266674998 -0.1234815443260352 0.9709256095023908 95.13191701158601 0.816170850079932 0.5259389098625276 0.23927684086099432 28.62103079472648 -0.540193830450268 0.8415108860279074 -0.0070749021190097405 15.173793020500206
-0.19756327560405712 -0.11870067458206351 0.973077027776506 95.96880022450492 0.8214344747378213 0.5216849912346617 0.23041305004858292 28.824859064137105 -0.5349898651795146 0.8448401741005539 -0.005560969425451201 15.15555714066075
-0.19402571888071185 -0.11224470872397613 0.9745538188198193 96.83431499182007 0.8265669012910588 0.5163304340182379 0.2240313384253102 29.024650812204452 -0.5283381285719597 0.8490017716530446 -0.007403622564084111 15.137566540494337
-0.19270988147436824 -0.10878064886325955 0.9752075020297083 97.6829476008369 0.8311300307913869 0.510210878687656 0.22115092399869907 29.21239371368862 -0.5216184175226594 0.8531422095416792 -0.00791181391960355 15.122916688706587
-0.18825217145797757 -0.10787763264486339 0.9761780249095429 98.53570896280138 0.8367628137818278 0.5027630643119251 0.21692693386391965 29.40004891436151 -0.514187819199633 0.8576664372229001 -0.0043782471495484865 15.099635863840076
-0.18519988169307627 -0.10775905529016822 0.976774789715542 99.38724981283572 0.8421048563205686 0.49492346745685356 0.2142665917071519 29.582607224897554 -0.5065179313530618 0.8622289413859033 -0.0009153438477690345 15.082491799764794
-0.18358699603728817 -0.10837695303972872 0.9770108755463418 100.20725150006652 0.8467563884541977 0.4874003557924291 0.21317718401699964 29.759433948000627 -0.4992989420157115 0.8664267592954631 0.002288510160153301 15.068839384571884
-0.17912604304709107 -0.11012690092130917 0.9776430465132763 101.02704342372931 0.8529234215910017 0.4778879709201644 0.2101064590899261 29.93070486185599 -0.4903422249855608 0.8714901909621683 0.00832763189228386 15.05502117908619
-0.17582229595019921 -0.11014467924038324 0.9782405991788696 101.81187582586443 0.8594285246167488 0.4674322871200347 0.2070982086663533 30.09576521905651 -0.4800720063926655 0.8771403574073917 0.012476461251250348 15.053253591066596
-0.1715170745574811 -0.10768257078172633 0.9792784880130279 102.63256374056158 0.866209277661687 0.4570441996048999 0.20197050997691496 30.265350869804585 -0.46932225648062137 0.8829015027495168 0.014884757793894754 15.052551463612945
-0.16832604373684856 -0.10496890418701016 0.9801264572256372 103.44078572682473 0.870661915358788 0.45037596869511876 0.1977607543616785 30.429167950638735 -0.46218413229325317 0.8866470639300125 0.01558242216797523 15.05364188512788
-0.16344384093530884 -0.102921293797899 0.9811693626195636 104.28148706464465 0.8764486261960793 0.4414262933346003 0.19230349240687528 30.59293066085709 -0.45290607911499625 0.8913753613578527 0.018056817683048232 15.057554241440542
-0.15730228469163016 -0.10099676436062521 0.9823724572785405 105.10693536932727 0.8814616696956126 0.43417807633126604 0.1857813846721577 30.742780738451096 -0.44528790247234007 0.8951475027178291 0.020727573177245884 15.059590655411176
-0.1505621477235044 -0.10086264436982467 0.9834417962663636 105.96912327991474 0.8879065237995576 0.4236085866876648 0.17938163305830607 30.898130569551032 -0.43468729526761096 0.9002124706174679 0.025777181337828914 15.065774862057172
-0.14619997035502852 -0.10243279046555659 0.983937544819603 106.79684471782707 0.8944185184053182 0.41126665880307683 0.17571354327594985 31.04679271561858 -0.4226595350892066 0.9057412758588366 0.03149061135930409 15.078212209009182
-0.14007147366067157 -0.10333812047283059 0.9847340834579004 107.59347789587572 0.9002051981751047 0.4008636329753496 0.17011451712398123 31.180283543212415 -0.4123233966743203 0.9102909318536285 0.036875953411459494 15.090376294196195
-0.13603798592432637 -0.09988263443963946 0.9856556831485579 108.42246975807613 0.9048782544707099 0.39253048366639876 0.1646668271955965 31.31976878165276 -0.4033472585399511 0.9142993375968402 0.0369825674917984 15.111015450040545
-0.13101849276327276 -0.09625022315471571 0.9866965334370583 109.24445019475795 0.9094739790744246 0.3844586238051113 0.15826764662562376 31.444111102936542 -0.39457728766437333 0.9181108109180219 0.03716588401853277 15.13290737032828
-0.12664654508201284 -0.09467350222524318 0.9874196577925703 110.10064020668162 0.9135281561636779 0.37678492198083463 0.15329523953498192 31.57099276310387 -0.3865578359249503 0.9214499718076415 0.038768401317515855 15.156937918743107
-0.1222811143014203 -0.0954046319332596 0.9878994307574445 110.95719221508507 0.9179503454289812 0.36759957029595836 0.14912316803582654 31.7002256988074 -0.37737844720123803 0.9250775708684686 0.04262622976614727 15.182092993341165
-0.11547768728338731 -0.09663034691340877 0.988598745596551 111.82822816339495 0.9229913958962576 0.35736647450230813 0.14274482828904506 31.82541406684057 -0.3670855306889091 0.9289519788219331 0.047921124795402614 15.208255219732017
-0.10927528171005813 -0.09627065708045124 0.9893386040140582 112.63695996934064 0.9274110693339022 0.3483146566807842 0.13632904466141987 31.945309783536572 -0.35772562290690807 0.9324209674426276 0.05122029079592377 15.232275040480697
-0.10257593854302222 -0.0963607458114702 0.9900468592438822 113.45863287702122 0.9322033292748344 0.3379826080953248 0.129478606395023 32.06038521016874 -0.3470952747026865 0.9362063678974522 0.055158924820262134 15.261760151311755
-0.09573999610584716 -0.09719886724823801 0.9906493998137345 114.26483570272578 0.9355114443486412 0.33122719742772694 0.12291005319701587 32.15911773262206 -0.34007674227793344 0.9385312588773128 0.05921896209656963 15.297177743336027
-0.08992486049865495 -0.09795171141256864 0.9911200642180779 115.02005077257466 0.9395472935572035 0.32179279554234985 0.11704819480185874 32.24905622730916 -0.3304003671814423 0.9417297165155132 0.06309309310835715 15.326107351722234
-0.0835342385433005 -0.09859667081580703 0.9916152114076462 115.80793153920031 0.9432415268698071 0.313151636977191 0.11059599561838168 32.34043767573856 -0.32143032367731966 0.9445711983553942 0.06684159078110391 15.36564767708629
-0.07790006705472874 -0.0988126836169061 0.9920522330549404 116.61200165812156 0.9467819037123919 0.30438403064833397 0.10466321554879388 32.431924058824464 -0.3123069105152942 0.9474103733033006 0.06984252430785076 15.40398482688778
-0.0764031268283148 -0.0982959995158883 0.9922199648717158 117.50357876163521 0.9496952100152343 0.2959453116418455 0.10244696477363824 32.523888756391 -0.30371297352101473 0.9501338163629286 0.07074009272428178 15.447107370816504
-0.07487782880206978 -0.09903228021638438 0.9922630287524734 118.39204887642322 0.9529377508034937 0.2860381120798302 0.10045815811264569 32.610534440022356 -0.29377364389520505 0.9530869875897742 0.07295368557916196 15.495296730986
-0.07054607581938627 -0.10015129707164722 0.992468119831238 119.23864123267862 0.9567843682801713 0.27459334630709636 0.09571920799183958 32.68963362496058 -0.2821115449626254 0.956330597575304 0.07645171247305632 15.540154858672965
-0.06679711791216358 -0.09999979120708735 0.9927427596296876 120.05951582973476 0.9600303963390799 0.2646036891136006 0.0912497989723931 32.77403216620791 -0.2718083573837598 0.959158448571461 0.07832807536465061 15.587926218411345
-0.06548449320512362 -0.09946053721428144 0.9928843752858212 120.88915624832197 0.9626208030799421 0.25577441053923194 0.08911027096264629 32.848776644864856 -0.26281737124359933 0.9616064956365236 0.07899352455897324 15.639691226552683
-0.06504621234858676 -0.09906640379124837 0.9929525859269276 121.7332170765403 0.9647204138271992 0.248150176797241 0.08795460704577163 32.918798186018705 -0.2551147063659417 0.9636427436531486 0.07943015296757291 15.690653377206745
-0.06522296821298368 -0.09915230984422052 0.9929324165672324 122.59541820870689 0.9672528354980238 0.23831644998920398 0.08733396753598532 32.999879844091936 -0.24529149320455734 0.9661128759710736 0.08036164660072395 15.744908857973666
-0.06359909394598245 -0.10040343016295145 0.9929120335965133 123.43158165359911 0.9699537215764447 0.22789320720734507 0.08517314194483366 33.07132183850276 -0.23482958342009386 0.968495656841198 0.08289287925076422 15.797643744752973
