1.0 0.0 0.0 0.0 0.0 1.0 0.0 0.0 0.0 0.0 1.0 0.0
0.9998942733817329 0.0007008198012608282 0.014524149201336068 0.009042945690453053 -0.0006987878307503856 0.9999997453385369 -0.00014497733971807042 0.011192109435796738 -0.01452424710558539 0.0001348127130403201 0.9998945084715428 0.15274684131145477
0.999385724617687 0.00333291701527858 0.03488646004613015 0.019793326930691378 -0.0033679043972800844 0.9999938828573635 0.0009441757382518889 0.02129084116364343 -0.03488309978129453 -0.001061090016534201 0.999390836178532 0.3233153282273179
0.9981699680946717 0.004083352913609588 0.060332752488720096 0.04564699199682207 -0.0042187804656820095 0.9999888590528669 0.0021174658268984054 0.02936947192556618 -0.06032343396446048 -0.0023681214345169788 0.9981760743053336 0.5138735506517934
0.9959901262038398 0.0035537590140212816 0.08939261323694385 0.0796305449781184 -0.003925529235270262 0.9999843613220148 0.003983381933151774 0.037276925951590434 -0.08937705927519994 -0.0043183223909967604 0.9959885006198842 0.758932059784609
0.9924343238417591 0.001212456857823466 0.12277069197947191 0.13085465995993775 -0.0018941180471072417 0.9999834323230955 0.005435751663262998 0.04749011596053015 -0.12276206733993231 -0.005627168709836293 0.9924201780469485 1.0458590933630698
0.987168496373939 -0.002009454902495635 0.15966941428404918 0.20032516121622093 0.000981513622422223 0.9999782854404553 0.006516538849446774 0.054016797382582186 -0.15967904182398357 -0.006276204152366759 0.9871490327522043 1.331892081519991
0.9800193356167974 -0.0029666106102304466 0.19888011725333044 0.28318963528588825 0.0013571527745320725 0.9999652249183912 0.00822843182253582 0.06485959309759841 -0.19889761173417286 -0.007794111584960047 0.9799892815082437 1.6413424452745216
0.9710217798755901 -0.004250703942032852 0.2389532057186898 0.37860074556321643 0.0018351716605931392 0.9999449561433087 0.010330383755361203 0.07475384080139617 -0.23898396421562987 -0.009592507469585895 0.9709761318633063 1.9738027060525078
0.9599632572035747 -0.00791291824256209 0.28001416132758433 0.4964356221803161 0.003845936839869061 0.9998790344151393 0.015070677054229691 0.08339117989829153 -0.2800995422861802 -0.013390379454506711 0.9598775672705019 2.3156090073191122
0.9474572189341371 -0.01451765308984953 0.3195529002189677 0.6263887306086061 0.008476895313932415 0.9997582684430943 0.020286619370968522 0.09085801897435215 -0.3197701683012775 -0.01651188748837355 0.9473512532509493 2.622045038127444
0.9329490098234224 -0.019101844820082554 0.35950141111540224 0.7688944404491939 0.011167985615590414 0.9996463692296534 0.02413322571190536 0.0973362422266552 -0.3598352694870056 -0.018500162443645992 0.9328324194745662 2.9228932482052725
0.9148187753508193 -0.02106935317791063 0.403314629814357 0.9421917008242169 0.010497848267507971 0.9995413767825945 0.02840477567783819 0.1099006165464487 -0.40372813061190044 -0.021751286311857403 0.9146204010934811 3.25810120953112
0.8937598095541676 -0.02436191310187116 0.44788380191263333 1.135147543380783 0.010620053281169547 0.9993933689968368 0.03316788316214159 0.12476511166377119 -0.4484201347999477 -0.024887571098225595 0.8934763519594839 3.5878797653063055
0.8698837115656985 -0.030200250919175428 0.4923314667955965 1.3604770602451979 0.013435812728200006 0.999204301184786 0.037553207987552024 0.14294111884256713 -0.49307383553481865 -0.02605205055734474 0.8695973110427264 3.931309596671547
0.8442669315461091 -0.03543820541166995 0.5347499246329239 1.5793974554393024 0.015777405622050756 0.9990223647518235 0.041296346055212915 0.1536312019157057 -0.535690602651899 -0.026428172900806166 0.8440006693762572 4.226860718950359
0.8173911592683819 -0.04159525944585037 0.5745794350144487 1.8192902025169335 0.019114390247755936 0.9987989786173205 0.04511363871883875 0.17221662943124721 -0.575765866334005 -0.025892753902005277 0.817204523029592 4.505317328461297
0.7849377555882223 -0.04639652953510029 0.6178349956899679 2.0878402661679067 0.020909887160316665 0.9986079038290905 0.048425520430996266 0.18998518479174273 -0.6192216860471432 -0.025092159276725853 0.784815192941475 4.79524759407238
0.749296883717244 -0.05065962384989446 0.6602937093165545 2.376474542870273 0.02191178937410569 0.9984203658708146 0.05173631703952233 0.2139748284026025 -0.6618716291986325 -0.024297644449130122 0.7492233117944022 5.084309438655697
0.711042157219975 -0.051795881149099623 0.7012390728930845 2.7026330903871654 0.01822606039025144 0.9983057814355645 0.05525737484696246 0.2465967893038529 -0.7029131250578661 -0.026509497322943686 0.7107815312549064 5.3837202085232585
0.6723716740321779 -0.05449589737203282 0.7382049370796594 3.0345152743291024 0.01715565871683046 0.9981656165783411 0.05806104765479239 0.27114832466513844 -0.7400148750756018 -0.02637421184409687 0.6720731995969221 5.657072638968957
0.6370008212771477 -0.057297243020348526 0.76873075887108 3.382316105277891 0.01756939972770406 0.9980538836072969 0.05983110904538344 0.298881213881115 -0.7706628769348162 -0.024606327614244552 0.6367678217026148 5.9105197517453405
0.6017329541413903 -0.06074238422432536 0.7963842129644587 3.7810867082364004 0.01823339163110031 0.9978887248593649 0.06233487168654636 0.3291369357337307 -0.7984891954997906 -0.022988161242163477 0.6015700699941794 6.187938612989527
0.5684467290436094 -0.062030664362150004 0.8203782742847423 4.206699267090076 0.01716185351070017 0.9978306581566926 0.06355665525072238 0.36548813587101603 -0.8225410549168344 -0.02204936101958972 0.5682781349435584 6.464050408468312
0.5368127606211452 -0.0631571300243811 0.8413342005180751 4.633190500711716 0.017578276060442797 0.9978150345163724 0.06368799811450764 0.4028480369926665 -0.8435182655076581 -0.019399325250484475 0.5367500367347711 6.724351187406464
0.5029700261904623 -0.06368111458615618 0.8619546788544227 5.126196322910195 0.018830775430226408 0.9978526770078289 0.06273306054232006 0.4423577945955528 -0.8640986949710446 -0.015321574115438021 0.5030891518567688 6.99655414558229
0.473895582655497 -0.06220593501522362 0.8783811236521929 5.621725181007352 0.019902202292727975 0.9980035555202085 0.05994001595696845 0.48417439298868503 -0.8803561092441551 -0.010923589973267703 0.4741875115379881 7.256591771286489
0.44815090488570075 -0.06096413228170351 0.891876752149795 6.165911021738583 0.020629937304456114 0.998111549992774 0.05785965310850622 0.52762484774985 -0.8937198510366333 -0.007530494416797602 0.448562280532923 7.520529861359293
0.42491176109215073 -0.06035328318492787 0.9032206134131167 6.761786970470069 0.020611244219887193 0.9981613487938196 0.05700086302689625 0.5711785294880235 -0.9050000949708652 -0.00560383644503688 0.4253744528292949 7.798892088786687
0.4080932563184172 -0.06208207789963576 0.9108269373218462 7.379063221649417 0.022846537298757 0.9980671887512569 0.057792062358247895 0.6175923526655823 -0.9126543320890376 -0.0027753093208982456 0.40872284959038707 8.069949796650445
0.39681406105530775 -0.0642834373873051 0.9156452591623391 8.0132692908349 0.024875717584534322 0.997931402186053 0.05927997305695138 0.6630134231907105 -0.9175618778172124 -0.0007457939734380192 0.3975923089898749 8.344953969782589
0.3885718090229725 -0.06600541392515608 0.9190512687359632 8.657657728878464 0.024613794909811325 0.9978185660424566 0.06125577818552144 0.7069866745605939 -0.9210896320840619 -0.0011809291023891083 0.3893488090051166 8.621484706118553
0.38189882150987914 -0.06810808700803886 0.9216911514240933 9.29586117706626 0.024132691713806075 0.9976757526346749 0.06372366746728651 0.7500103105642819 -0.9238890102820858 -0.0020931050953835496 0.3826548256471461 8.890342193913291
0.37229942771342844 -0.07001374987343978 0.9254681036928896 9.99188547068517 0.023235221892528333 0.9975411701835251 0.06611912168570078 0.7969289707964984 -0.9278217827728872 -0.0031126544207392345 0.37301079179374746 9.173242676302152
0.3625801065719824 -0.07188455718631107 0.9291761279522726 10.686163671697798 0.022558405222955238 0.997405623049431 0.06836037933754863 0.8409391838837225 -0.9316795504206621 -0.003825382007665655 0.36326103807103866 9.442250152176758
0.3516483148311946 -0.07353059698533013 0.9332399016241012 11.375805056304198 0.022716913230386042 0.9972870938801042 0.07001709957902835 0.8855020070856878 -0.9358565085148814 -0.003421065208004545 0.3523647141573322 9.702387823846607
0.34060146152353044 -0.07464844683883967 0.9372396992192465 12.135637497678163 0.021866691303069608 0.9972024761505853 0.07147775437573053 0.9410374065007661 -0.939953452155739 -0.003851096426984668 0.34128093535505144 9.975427992930891
0.3311197040498695 -0.07711953277192775 0.940431985448691 12.901428903203357 0.01972940356327983 0.9970024672333178 0.07481197073807688 0.9977347212148517 -0.9433824739865398 -0.006217555445445784 0.33164868427195476 10.25133042411764
0.32148928305775837 -0.08031984624408003 0.9435005899194426 13.673272525995062 0.017311227338748132 0.9967280642750056 0.07895243691379586 1.0552509181869467 -0.9467549642262432 -0.009049209132740675 0.3218278259054633 10.51926652756
0.3097884447931516 -0.08439275428661287 0.9470527875976926 14.484663631860863 0.01772576628754513 0.9963926195092706 0.08299123445866771 1.113879054872528 -0.9506402667056346 -0.008922489079489664 0.310166846239998 10.786049650447628
0.29848089338742917 -0.08736190707260882 0.9504088875190927 15.293766494260606 0.01686333933487392 0.9961291941536287 0.08626851303528703 1.1733901318747824 -0.9542666210599212 -0.009722435264863077 0.2987987452841821 11.04022532393634
0.28401052497243184 -0.0890747693489666 0.9546746603792896 16.086883056305133 0.016080261653073066 0.995977877515206 0.08814472579498922 1.233447115662236 -0.9586863130816315 -0.00968261151412829 0.2843005454518406 11.270467890624598
0.27120307560283985 -0.0882651427616857 0.9584665650698619 16.87262318417137 0.014542718472651504 0.996048592589031 0.08761113251657031 1.2937400884502936 -0.9624122823005669 -0.009821699174281523 0.2714150568821567 11.490538644851107
0.2554457158377795 -0.08792239982192371 0.9628172920495759 17.640359725337596 0.013547629342720711 0.9960841613040425 0.08736592778889574 1.3533407172727998 -0.9667284768740998 -0.009273360166416486 0.2556365717026952 11.690854403068322
0.2351205591024056 -0.08711757943402693 0.968054156564047 18.454391757310656 0.01098070405421813 0.9961496286271816 0.08697897173686517 1.4170622642248663 -0.9719041860316511 -0.009820628263238533 0.2351718699901615 11.890745008125087
0.21290297578789452 -0.08598650106627585 0.9732824073900848 19.269093099702417 0.0074205586011176355 0.9962336771760316 0.08639094727093999 1.482831968377118 -0.9770451669245936 -0.011170590615643232 0.21273918232096112 12.075836119105785
0.18981309293008097 -0.08625465660614698 0.978024091710461 20.08616865431494 0.004554536997972779 0.9962001947223287 0.0869737214791267 1.547281691923518 -0.9818096790850306 -0.012054304166988439 0.1894846901625542 12.242166904289844
0.15748970878811847 -0.08684056226849726 0.9836949264740186 20.90479334300163 0.0011965900401874827 0.9961420024458741 0.08774781555913455 1.612888499030609 -0.9875199034946635 -0.012642298367599857 0.15698602642870868 12.38266099460861
0.1258088350652264 -0.0870034373466484 0.988232026858773 21.702930934092198 0.0012619187110174054 0.996160138033129 0.08754077310021949 1.6784046092063267 -0.9920537004520962 -0.009766334198928174 0.12543553776987365 12.486502020647489
0.09204226743796745 -0.08667130903406164 0.9919759599885474 22.51553160359001 0.0003937776424615125 0.9962078388861748 0.08700452103715926 1.7427287647925003 -0.9957550230574015 -0.0076174754387116905 0.09172735755430134 12.566064332796836
0.05820169676935538 -0.08548882834596203 0.9946377344144967 23.344022605376495 -0.0018197822802995325 0.996315922461316 0.0857395535474122 1.8126670998450605 -0.9983031858536867 -0.006800211621111177 0.057831706150586526 12.617579549525992
0.027209553516082563 -0.08342059096735846 0.9961428839278592 24.149977765994656 -0.0049020193071750914 0.9964887239270175 0.08358345107146892 1.8805632667494707 -0.9996177321377246 -0.007157380034707443 0.02670508391432702 12.644145117690842
-0.004740933031012751 -0.08022794291669649 0.9967652686211286 25.000229979431076 -0.00452599181993818 0.9967679826376472 0.08020663430490638 1.9431434060513562 -0.9999785192453092 -0.004131097170295223 -0.005088721266514162 12.639128167688208
-0.03435264529777282 -0.0773722358858703 0.9964102733688902 25.8329161249599 -0.0022307474476164907 0.9970021808592107 0.07734128992848978 2.003539457790492 -0.9994072841073705 0.00043413822568912075 -0.034422260197881305 12.60388594646244
-0.06455372299082546 -0.0729395755290953 0.9952450126323966 26.664028864905557 0.0009279558599681187 0.9973203816317568 0.07315186449988134 2.0638071539875713 -0.9979138017614275 0.005645768638764016 -0.06431305894242495 12.54304077863473
-0.0944952628154786 -0.07010000520848399 0.9930541951853405 27.47759957987577 0.002164737357755714 0.9975009498148069 0.07061989118322447 2.119655709471027 -0.9955229576547223 0.008822946691953038 -0.09410736631138594 12.460317173960743
-0.12100125695165909 -0.0669274232198592 0.990393566132812 28.254048998601924 0.005874697626360073 0.9976587378194804 0.06813611949795939 2.170906144328413 -0.9926349700387942 0.014062818835184253 -0.12032478291063475 12.359268769964238
-0.14890344298758235 -0.059199371186130334 0.9870781119635925 29.081209657653293 0.008775975178498426 0.9980879492147348 0.06118355900069457 2.220429302960693 -0.988812796704265 0.017773015599268877 -0.14809919983037706 12.223908314157942
-0.17352390353818803 -0.04701065572900727 0.9837069955778494 29.916585496325503 0.010509133599828 0.9987147828150951 0.04958165686601268 2.2651775420666493 -0.9847735846436231 0.018941510882894544 -0.17280684637369725 12.077105670373005
-0.1962467934823915 -0.03223627677674254 0.9800244989322732 30.704020834391375 0.010569105136291066 0.9993318510803919 0.03498778976808719 2.3029008286210937 -0.9804975726968924 0.0172242235183793 -0.19577496280089357 11.921531340575406
-0.21841256932418118 -0.01798792864338889 0.9756907214811105 31.518772517130575 0.00972302964088262 0.9997403558559914 0.02060785208453313 2.3297324772099928 -0.9758080816717046 0.013987683727330554 -0.21818096261620057 11.748272963692736
-0.24318680591006153 -0.007779381565344325 0.969948276277515 32.31569805882624 0.011706315079434742 0.9998714733753944 0.010954401735329982 2.344259401119255 -0.9699088305704423 0.014018486101529745 -0.24306448203902226 11.550687307151534
-0.26800227318180264 -0.00407108248974011 0.9634096781000016 33.13026840402628 0.013094768283571704 0.9998833045910833 0.00786792498788207 2.3534868271421474 -0.9633292835853099 0.014724248278846223 -0.26791768866507654 11.326784093516482
-0.29167328737793613 -0.004792281830774367 0.9565059997015191 33.91109442756387 0.013703161075382221 0.9998638918076148 0.00918810295285713 2.3622507750810358 -0.9564198433777344 0.015787079976506177 -0.2915679188441784 11.090166232852905
-0.31308612625550025 -0.009249489943554836 0.9496796957301493 34.674405060291235 0.014484738057059911 0.9997897633327977 0.014512804634756116 2.3643795328477424 -0.9496142742765313 0.018299619414958234 -0.31288632763277513 10.840344073288827
-0.3331952255818521 -0.011844972541515234 0.9427834524825676 35.42884521071189 0.01928093202004247 0.9996263899428434 0.019373337097079682 2.3676897560908956 -0.9426606957489516 0.02463284708127205 -0.3328423583842258 10.566829449093362
-0.3486479451194618 -0.012120893397258066 0.9371753807624426 36.179793229388 0.020715968279353195 0.9995724384293361 0.02063465508991816 2.3750867001594385 -0.9370247910392904 0.026608725555414322 -0.3482477806133027 10.286614485832393
-0.3593698074392088 -0.008995733914616486 0.9331518731012888 36.93873107739607 0.022222059088480833 0.9995874903427435 0.018194208973301613 2.3812882820956065 -0.932930609204658 0.027275005437827526 -0.35902166019251885 9.996493305466986
-0.36812073327069333 -0.006412921024844923 0.9297558820358044 37.714818633862805 0.023510066843282648 0.999592286399529 0.016203016002792472 2.389715126809869 -0.9294807165795705 0.027823289066741714 -0.3678198772391686 9.683171404265062
-0.3769195926761805 -0.005315267189291173 0.9262307318328026 38.49311622588678 0.018608502164252423 0.9997382544908331 0.013309626396917625 2.3939070055496936 -0.9260590393187821 0.02225242553810614 -0.376722026504485 9.374970797891741
-0.3876059285520082 -0.006325379173373805 0.9218034680611961 39.27478812237458 0.018000731326271457 0.9997338505234137 0.014429199192890499 2.3987045778834224 -0.9216494007067194 0.022185979715617053 -0.3873889059859657 9.042016889999296
-0.39652834628678296 -0.0061404984626937205 0.9180019416481094 40.05032984617055 0.01909961979190463 0.9997060014282821 0.014937042280203053 2.4023342964569414 -0.9178237712735894 0.023456448727493785 -0.3962944863333588 8.700234149935882
-0.4025553360542095 -0.004624477198076543 0.9153839716888903 40.80709008562748 0.020895271151830274 0.999680262714757 0.014239381378627017 2.4081514183398034 -0.9151571389973276 0.02485933525255594 -0.4023299943989102 8.362591831270763
-0.40877482469482523 -0.0013602912001150717 0.9126342598782743 41.573320247418934 0.021972773708647232 0.9996943470100772 0.011331803547713955 2.418544824263177 -0.912370725040684 0.024685262079757044 -0.4086199920767341 8.017613505908896
-0.4095684844132494 -0.0005912006923392173 0.9122791826284185 42.35386356691553 0.0210709739465552 0.9997268869135285 0.010107701970714507 2.423187599176622 -0.9120360029255301 0.023362407066194434 -0.4094441687259644 7.672324635973331
-0.40941028630282783 -0.0009976326729535055 0.9123498354241572 43.11526949399205 0.023066075461148326 0.9996684423175015 0.011443845390462372 2.429930655344912 -0.9120587555811618 0.025729558168574355 -0.40925153170659334 7.332458118582951
-0.4064705736796208 -0.0026955609604357566 0.9136598966156215 43.91872164515686 0.020605333296410747 0.9997142659406187 0.012116382073590526 2.4367609568588997 -0.9134314933109671 0.023751219461702888 -0.4062988882605738 6.982742861605901
-0.39961808116903325 -0.0036955275169630857 0.9166742781812696 44.737799264432816 0.018410546933609696 0.9997578177933508 0.01205643076051313 2.4469476497910603 -0.9164968308534327 0.021694442547552616 -0.3994532640975232 6.635074723136005
-0.3914516116198565 -0.004581041843962439 0.920187290618514 45.53310491403389 0.016764008806395964 0.9997861496645857 0.012108796290384829 2.4561991972840795 -0.9200459791602573 0.020166035666110086 -0.3912911029355985 6.303445468390937
-0.3853647129296158 -0.00552711604786264 0.9227477927455954 46.364726943896144 0.014309491231030872 0.9998260254278396 0.011964837561710547 2.4663417241080183 -0.922653389138838 0.017814877640964257 -0.3852185790499385 5.962613369870814
-0.379600481878421 -0.0073770955705569526 0.9251211015962253 47.2173037430152 0.010543204945548744 0.9998687755311828 0.01229929051812796 2.4731128004529808 -0.925090436112679 0.014422557981024894 -0.3794728907763204 5.625067930898725
-0.3776855238777699 -0.009296111836601426 0.9258872649291034 48.08654009046418 0.007077416747322186 0.9998914067569138 0.0129261311251528 2.483891740407747 -0.9259068825888266 0.011434902640657654 -0.37757871732426795 5.281743392711743
-0.377846943911573 -0.010865347801732744 0.9258043158215629 48.96395627916448 0.004866681741812994 0.9998940177439193 0.013721103772908163 2.494896954760635 -0.925855281556199 0.009690072087987375 -0.37775402065023894 4.93629946771369
-0.37904208649065135 -0.01165148356380254 0.9253060788731349 49.86562054925064 0.0037919787316093656 0.9998927779560507 0.014144026606002183 2.505222816510301 -0.9253716645576051 0.008869922327434138 -0.37895726264552926 4.578094474396963
-0.38049888073281607 -0.012233441536587022 0.9247004621331414 50.78028734221857 0.0038314442330971213 0.9998830642768117 0.014804654926804186 2.512881271618227 -0.9247734434963857 0.009176092882266833 -0.38040751507199905 4.209491985903556
-0.3799856225120295 -0.012899634109927534 0.9249024414088091 51.71627354999661 0.003410263417369686 0.999876421946457 0.015346365660157553 2.522880734621143 -0.9249861062673156 0.00898555926924457 -0.37989467347812256 3.8280384965093393
-0.37900366757567794 -0.013722913612240262 0.925293413791634 52.64741705495669 0.003114241056652859 0.9998654644433183 0.01610448745500307 2.5284420278614292 -0.9253899294172301 0.008985246548553047 -0.378909941645288 3.452207009728122
-0.3797231529186083 -0.014297558708548541 0.9249896793762226 53.595142067895516 0.0031350213197703196 0.9998549325853074 0.016741727095942984 2.533879432130077 -0.9250948593408549 0.009257083763586336 -0.3796232443111434 3.065173902893483
-0.3792271176252033 -0.015412195408553209 0.9251752577162712 54.585603784690576 0.0009847447941374347 0.9998539845774468 0.01705988869521379 2.5412599017996853 -0.9253030981982989 0.007380633935593573 -0.3791565675381849 2.6667136828259785
-0.3800734164128846 -0.01569118945497174 0.9248232180853413 55.552707194176485 0.0006163228797525892 0.9998515785620685 0.01721746186428638 2.547092178234528 -0.9249561169495266 0.007113889261750289 -0.38000733453082935 2.2737649791124706
-0.37825057419122754 -0.01609672087780521 0.9255632872478192 56.52523745339443 -0.0015292743832530714 0.9998583075223824 0.016763836026943344 2.5563277972446095 -0.925701984681824 0.004925490377571311 -0.37822159523310284 1.885051902567885
-0.3765262042935647 -0.01798877261461934 0.9262313002377431 57.47664969143547 -0.0027314198730408338 0.9998286675807242 0.018307780565401808 2.560059512103419 -0.9264019412899338 0.004363432544828413 -0.3765108280390735 1.5078844259971678
-0.37541641406198295 -0.020030569124876725 0.9266397856521029 58.47557083945362 -0.0006950056020478563 0.9997722512282641 0.021329853285522705 2.56849039852098 -0.9268559936797383 0.007363557190810504 -0.3753448347925448 1.1061510576751714
-0.3722730520323578 -0.021473417285468 0.9278748121813618 59.45885369701445 0.0004296386838608772 0.9997282238153067 0.023308666150030785 2.5746652297578523 -0.9281231546196413 0.009075839199568525 -0.3721626512718718 0.7134860314896623
-0.3696403770308391 -0.022213088565182018 0.9289093445352428 60.41636482078584 0.0011671798484615189 0.9997023157994198 0.024370422164548808 2.583286571198061 -0.9291741652455154 0.010092496305293672 -0.36950441426135516 0.33567166905947016
-0.36872470250611583 -0.02213352527848765 0.9292750942646225 61.397615367814474 0.0013875427525378778 0.9997022511403997 0.02436152273416518 2.594066827762844 -0.9295376100443092 0.010272104144911861 -0.3685842039338499 -0.045578098689317226
-0.36653087892917996 -0.021885806886790947 0.9301484431252451 62.37724826675774 0.000676607162292361 0.9997167649506422 0.023789327005412655 2.6031991866147997 -0.9304056411018535 0.009348868035041204 -0.366412256443903 -0.42657786856819585
-0.36704174161628755 -0.02117661988921963 0.9299633921189319 63.34366244615988 -0.002342409285211969 0.9997587029988675 0.021841449053648584 2.612202803938488 -0.9302015228056892 0.005838368615467984 -0.367002779855803 -0.8009677560137306
-0.3683331790375738 -0.019422512367931834 0.9294909548959542 64.30431366882748 -0.005463766196650144 0.9998097102367478 0.018726734239032837 2.6227904873706294 -0.9296778025095702 0.001819156295802168 -0.3683692090706666 -1.1734353222588352
-0.3717005324264456 -0.01895918710269276 0.9281590722598697 65.25957278316694 -0.0075651553365243315 0.999820103558734 0.017393359207944933 2.6284285295869645 -0.9283218636974092 -0.0005565466803726764 -0.3717770940189314 -1.5489024438367516
-0.37641265924310224 -0.02079608559727712 0.9262186743881637 66.2417584882116 -0.008009307771326503 0.999783719217656 0.019192857430191505 2.6363604074584828 -0.9264174873946198 -0.00019393592295273432 -0.37649781066866445 -1.9467334528771552
-0.38071087883822563 -0.023415512625977894 0.9243976095288698 67.20220443391685 -0.0052340674189528934 0.9997178894607337 0.023167780006517695 2.6405567578761993 -0.9246793126660074 0.0039818664768190275 -0.38072603465862564 -2.343181387686506
-0.3859571868033753 -0.024780190147637465 0.9221838168885159 68.148042320601 -0.005908920617426412 0.9996850637663854 0.024389709705843626 2.6514109832280104 -0.922497769434681 0.003964272776348848 -0.38598205907709393 -2.730169443228948
-0.3905004942175029 -0.022884558080763756 0.9203182389898259 69.07993824421281 -0.006017976144300866 0.9997330821827326 0.022305791905706234 2.6554241215523495 -0.9205830478446868 0.0031719695556853035 -0.39053398140254736 -3.1194072623049003
-0.39510131594785564 -0.02072144033601113 0.9184038175261873 69.98368626510872 -0.007008342052613574 0.9997844623635055 0.01954256785046983 2.666540718418155 -0.918610817091736 0.0012848061790712625 -0.3951613796857379 -3.504976975309915
-0.4006212026040837 -0.018858176055957042 0.9160496827246329 70.8813624688988 -0.007560850986788667 0.9998221687737732 0.01727612111744417 2.673790320522194 -0.9162125766198659 -4.934729171696822e-06 -0.4006925435034137 -3.8950179089387795
-0.40451628836010023 -0.018079792388162673 0.9143520621503345 71.77611067869482 -0.00871572283287385 0.9998353739598602 0.01591418091034316 2.6780509683296905 -0.9144892610779356 -0.0015316937512257845 -0.40460727290470666 -4.2859506640124865
-0.4070079947768628 -0.01921806409978627 0.9132224034702466 72.67403005403858 -0.008596139228648035 0.9998149581020982 0.017209182016052576 2.6804470939410354 -0.9133841462265914 -0.0008459122628472204 -0.40709788239975486 -4.681898670906441
-0.41154968356053206 -0.025331632645054322 0.9110352168543004 73.61686483561387 -0.0066834961887086 0.9996706618961324 0.024776977677757633 2.6899125356861897 -0.9113628195400126 0.004108056923242493 -0.411583448438338 -5.101442698425713
-0.4121301418130246 -0.03256678472432199 0.9105427780955139 74.5070388925448 -0.004190935950811414 0.9994181838882581 0.033848630243368455 2.7017407951482846 -0.9111153506911366 0.010134014318903886 -0.41202684316528676 -5.5026290688495685
-0.4131581187194665 -0.035022052209552436 0.9099856179057023 75.39800267820969 -0.003366071467416562 0.9993121259730358 0.03693161851487192 2.7129017493494887 -0.910653083506045 0.012195521402677687 -0.41299180471124297 -5.90115214392874
-0.4125132000581268 -0.03072220095542954 0.9104334166463015 76.28082320524325 -0.004759723524363496 0.9994901856087841 0.03157077610211669 2.7295872350415054 -0.9109391883159794 0.00868995052762476 -0.41244912407477846 -6.299056000543029
-0.41202740152826306 -0.025565577388762164 0.9108127258897115 77.11777483801741 -0.005745749253420574 0.9996593246095307 0.025460186305950674 2.74286571578275 -0.9111533387720118 0.005256992866279557 -0.4120339273295582 -6.679667719963581
-0.41252845495646495 -0.022928114679883413 0.9106561235770932 77.98585705189583 -0.0028658398215027324 0.9997109138515465 0.02387206920699051 2.7526536845321115 -0.9109402070461866 0.007238113243931052 -0.41247490699837575 -7.077532556822541
-0.40943804780968557 -0.023115482212291656 0.9120450424665917 78.86491051604557 -0.0015806679465368567 0.9996954510681395 0.02462735476075112 2.763504559075318 -0.9123365533040076 0.008641735691533719 -0.4093498917913639 -7.471788601617516
-0.40654259614446503 -0.02498746803044601 0.9132900656207457 79.72212574555198 -0.0016719933270168442 0.999644603655059 0.026605841870426514 2.7755864768929093 -0.9136302982927136 0.00928939313126364 -0.4064398912715385 -7.850039682276161
-0.40371083003592756 -0.029224534069226447 0.9144197571794583 80.60203454863974 -0.0027377923917223934 0.9995237969156208 0.030735710374113295 2.79603874449286 -0.9148825444856421 0.009904847692830586 -0.40359859240049345 -8.23193114675345
-0.39988256185635296 -0.03408756087361258 0.9159322982168976 81.50738985046293 -0.0034546800055019113 0.9993571499618487 0.03568405815193852 2.8167469962164966 -0.9165598736085165 0.01110517959418492 -0.3997432589511939 -8.617435524222152
-0.3984920763189284 -0.03702186051846519 0.9164242723513932 82.3870461137673 -0.0072412827698821805 0.9992808456825355 0.03722036103859431 2.8398121406070356 -0.9171431888941203 0.008195931658329637 -0.3984735847824497 -8.98417239295994
-0.3957900065647588 -0.039098781599412255 0.9175083410960959 83.2810227794935 -0.01125500707766852 0.9992247391986775 0.03772592462772677 2.868984463383056 -0.918272070532013 0.004604981083213108 -0.39592322315074346 -9.351488655625616
-0.3930242244669498 -0.03998600931757193 0.9186583032014721 84.13667621403644 -0.00947513519535962 0.9991771329661399 0.03943702284141627 2.8878115304939787 -0.91947929873118 0.006795293696359398 -0.3930796906333343 -9.714895894480355
-0.39135425580457606 -0.038172043192215344 0.9194480635588822 85.0008122626335 -0.0061406943364748015 0.9992253930300855 0.03887037171082098 2.9063038090427953 -0.920219614188218 0.009566035877156836 -0.3912855129197662 -10.078289357011716
-0.3866394564865905 -0.03607679920217546 0.9215250377754692 85.8847307026729 -0.005544640133605422 0.9993074317565519 0.03679556769385747 2.9275188230085147 -0.922214285105985 0.009117093585696482 -0.3865717151461123 -10.446172945390487
-0.3796225640819072 -0.03506634896859795 0.9244766411380502 86.75315284755456 -0.0012292312889041826 0.9992996305940168 0.03739969632363514 2.947902181545701 -0.925140636784655 0.013061373001115114 -0.37939979270554314 -10.80285020370682
-0.3697694745729788 -0.0343688608338662 0.928487650471995 87.6348510151967 0.004063199510892413 0.999246240865844 0.038606223918097426 2.96468600082735 -0.9291146463616629 0.01804803370070911 -0.3693511099154573 -11.154152532534658
-0.35982136023073846 -0.034846628927254555 0.9323702597005695 88.49779478013411 0.001896951064124585 0.9992729260710718 0.0380791386197121 2.9914182414209005 -0.9330192872059836 0.015470348210856761 -0.35949364115081844 -11.475731093651717
-0.34844523550921863 -0.03641211860690191 0.9366216287645092 89.38200026064091 0.0012528441240720369 0.9992261982552553 0.03931202235894584 3.0158267837937482 -0.9373283033348166 0.014871527793282949 -0.348129989269192 -11.800077252342943
-0.33560895120931933 -0.0387564834250737 0.9412037860424824 90.24757673468136 0.003371448043927215 0.9990974625313369 0.04234257551840028 3.042184095350117 -0.9419953636861851 0.01738376702462153 -0.3351753860858012 -12.106103539700381
-0.3224533684911549 -0.04058954234444658 0.9457147107880771 91.09338739338823 0.003504256261540356 0.9990221986696366 0.04407229008503091 3.068522770312186 -0.9465788637703471 0.017525285091947486 -0.32199583700055034 -12.391229368622344
-0.310004178101189 -0.04124017689282454 0.9498403325662976 91.95218185565813 0.003917775977615397 0.9989948736740883 0.044653033539517724 3.095890493246712 -0.9507271220445936 0.017563888599641482 -0.3095310149662937 -12.672497338754274
-0.2941237357417913 -0.04084412461044602 0.9548942274189844 92.81101644119677 0.00673532021827785 0.9989730857202834 0.044804123337616436 3.121647887245175 -0.9557436180978924 0.019609474528947613 -0.2935465976192678 -12.942025007239
-0.27969379651943793 -0.037921771389849035 0.9593400436983747 93.65795974767741 0.007220827223844577 0.9991082942719584 0.04159899002597929 3.1452251822208033 -0.9600621020760828 0.018562208156201854 -0.2791705653997556 -13.19039847576002
-0.26722504708339295 -0.030581413396818597 0.9631487690725309 94.5200423967825 0.00898376833318244 0.9993738035500201 0.03422415352498136 3.1663319224453375 -0.9635922717196388 0.01779825644883986 -0.26678297537430534 -13.432700787660394
-0.25325434070448233 -0.02660181129544754 0.9670339097209256 95.40046805955656 0.005138256846031138 0.999570762040183 0.028842503202603058 3.1857537697076723 -0.9673860848859271 0.012273357739809962 -0.2530089473889579 -13.658077613244771
-0.23966004694732607 -0.029169226347202377 0.9704185788264318 96.32292439507651 0.0033555218438427667 0.9995176952823417 0.03087259773054213 3.205516695380815 -0.9708510711588886 0.01065518896041058 -0.2394465797998731 -13.878813610482112
-0.22489922010806618 -0.0329752469422145 0.9738238926437797 97.22896835923983 0.0027888342928043437 0.9994013103964836 0.034485405334415575 3.2209021972037712 -0.9743780391604027 0.010471574231777796 -0.22467261278366246 -14.084291834502393
-0.2132102411245092 -0.032718861847071734 0.9764583294534698 98.07588302857157 0.0007927113406900992 0.9994329673975078 0.03366177784583583 3.2347124297472374 -0.9770060208045593 0.00795108536265939 -0.21306340735376567 -14.259469777204773
-0.20618700879262908 -0.02747583135847572 0.9781267791530448 98.95776311168407 -0.0025751170450666553 0.9996174768114738 0.027536681449787315 3.2467788964062545 -0.9785092161943867 0.0031589150389739716 -0.20617889096225162 -14.439961433381239
-0.20143102278758102 -0.02157039871575031 0.9792651637620898 99.84371154707223 -0.007792386028837207 0.9997611429945974 0.020419002867767978 3.2537334489392937 -0.9794717054508143 -0.0035177915486696368 -0.20155099445027175 -14.608503118979279
-0.19700801485318148 -0.019540139094406547 0.980207133746628 100.71956265301483 -0.011100801786766888 0.9997817306252146 0.017699245965351326 3.258480033694334 -0.9803390302764139 -0.007394191789664171 -0.1971819252479246 -14.773785511675152
-0.1926987464938265 -0.020093158031598495 0.9810522198639707 101.60704288036624 -0.01338041816801593 0.9997511766322005 0.017847947562093378 3.263639255338183 -0.9811667327775421 -0.009687611823737292 -0.19291965339953204 -14.939728437527787
-0.18676311310444965 -0.020495040066045137 0.9821911692314416 102.4934930510722 -0.01620415890966528 0.9997106172079027 0.01777940032242694 3.2653692433065773 -0.9822713295304741 -0.012595045632549507 -0.18704117195940878 -15.10024494833795
-0.18073444649125742 -0.02415854041032358 0.9832351828411867 103.37630858402758 -0.019950233406177638 0.999582647624762 0.020893031242742083 3.2703192695645233 -0.9833295724417821 -0.015839680953665877 -0.1811409850606655 -15.25726399409004
-0.175654547667156 -0.028057894262835024 0.9840519470299232 104.24110660474756 -0.021661519290753994 0.9994619097323103 0.024630663333734083 3.2757529396343372 -0.9842135228017665 -0.016989572207063642 -0.1761678062824132 -15.406474948160158
-0.17119251237428496 -0.03077717499161231 0.984756766519792 105.08775464682323 -0.023921230203144496 0.9993471558785523 0.027074652038705713 3.284466248042959 -0.9849471551573459 -0.01892161560185857 -0.17181697823692227 -15.550204815845401
-0.1678665400342082 -0.03098575831238456 0.9853226413306203 105.95224810423535 -0.029571554323809552 0.9992143795095323 0.026384596950763513 3.2957501386730566 -0.9853660984181553 -0.02470843101426616 -0.16865095767589244 -15.682051165977404
-0.16418545255461564 -0.029523928876279526 0.9859875632040925 106.82124302999615 -0.03659654173104869 0.99904617313549 0.02382093777876959 3.3067707667368156 -0.9857503894509824 -0.032172683553610956 -0.1651093217543927 -15.81664764876295
-0.15835106887120515 -0.0269553983751792 0.9870148658889504 107.65485865944422 -0.03757328161363227 0.9990677699238968 0.02125651918999928 3.310349788640524 -0.9866677188882436 -0.03371939497866935 -0.1592162520163785 -15.948923718620723
-0.15287854092824066 -0.0251090738633625 0.9879259517460693 108.54141491749294 -0.03964983103777757 0.9990280849571085 0.019255554149613528 3.3120117063257286 -0.9874492607837267 -0.0362273360414096 -0.1537255265107746 -16.086127939346706
-0.14615392673842392 -0.027701727572982275 0.9888739272467507 109.41392043777915 -0.04293241427412669 0.9988436841573729 0.02163567478775128 3.3191395697351034 -0.9883298222271423 -0.03929260628157474 -0.1471742286817463 -16.21106335742615
-0.14012391912529903 -0.031752964259155914 0.9896246947958218 110.303915414811 -0.04439024295761651 0.9986821415043667 0.025758233060826443 3.3264737443631733 -0.989138409738056 -0.04032033607261777 -0.14134877742612667 -16.331241334896824
-0.13298003262290714 -0.034424155293838465 0.990520715813615 111.17231524092479 -0.04474894673751183 0.9985860133654081 0.028696788615877333 3.336968554084173 -0.9901079954679156 -0.04050865886803351 -0.13433244532583855 -16.44190851190581
-0.12726610151334405 -0.030213351318298776 0.9914083380765527 112.01303234702911 -0.04782952982351703 0.99856009353688 0.02429147324636302 3.3483357604461297 -0.9907147296181967 -0.04432711357323561 -0.12852794061918593 -16.543490155309797
-0.12248390636361683 -0.02775850561614611 0.9920822335108453 112.88151768108773 -0.04786407825501224 0.9986108498484404 0.022031808318292677 3.356374798168163 -0.9913156524007413 -0.0447865597130915 -0.12364239311158165 -16.644732396379098
-0.11649600255334885 -0.02716167617211009 0.9928196838986484 113.72676500129232 -0.0491334632959583 0.9985596382061754 0.02155346213713788 3.364591519100353 -0.9919750925167604 -0.04626977731817762 -0.11766275338139681 -16.737462971390762
-0.11024976335518644 -0.028489625079558597 0.9934955112847524 114.60451046543612 -0.04935073876633868 0.9985130239108359 0.023156978724677472 3.370802051277695 -0.9926779408566214 -0.04647668601852712 -0.1114918086380936 -16.827653142637715
-0.1020749794292018 -0.0301756400410352 0.9943189273681973 115.49076340302989 -0.04751984055392917 0.9985466446131084 0.02542564228554179 3.3740434656727056 -0.9936410636282388 -0.04465455497501968 -0.10336056981134428 -16.919562787461366
-0.09375555449334994 -0.0303872181865633 0.9951314048770277 116.37351619152719 -0.04591797129940939 0.9986024352681537 0.026167082150280255 3.3789288168543417 -0.9945357891566251 -0.04324110599181173 -0.09501984444953493 -17.004349748092064
-0.08782632288549297 -0.030860397186663863 0.995657658482018 117.25490873236045 -0.0457668386870366 0.9985895162470245 0.026914206622686985 3.3870516015665753 -0.9950838826375434 -0.04320432764220811 -0.08911482810383942 -17.083542390060604
-0.07997011551759908 -0.03121054085085783 0.9963085278988125 118.11777315239533 -0.04933515481191412 0.9984086629297573 0.027316373963222968 3.399500391339319 -0.9955756240104446 -0.04696854188295729 -0.08138263297290499 -17.153645317535783
-0.07305093125725454 -0.032199920879425276 0.9968082696977422 118.96333040598081 -0.052446832994688164 0.9982197445850935 0.028401958194778188 3.410951266395556 -0.9959482371846818 -0.050204647352903406 -0.07460966581412515 -17.214050044091508
-0.06833535480169939 -0.032745202778300675 0.9971248823387842 119.82212682895398 -0.05355294099047889 0.9981406617741087 0.029108449364660515 3.4193558690089128 -0.9962240520060719 -0.051409833768965726 -0.06996189817644427 -17.272830665115144
-0.06352742296168523 -0.033180646313574556 0.9974283489264082 120.6997581675579 -0.05537327014240378 0.9980246855051461 0.029673693334174852 3.4296691606025296 -0.9964427065745343 -0.0533457761455183 -0.0652392572141095 -17.32875554483745
-0.060253092022496735 -0.031853714134634614 0.997674749503844 121.57255385469284 -0.05667936672348618 0.9979872645520879 0.028440625514670095 3.4422657952826783 -0.9965726337249852 -0.054833937371577796 -0.061937266833278826 -17.37912679097199
-0.054780044067950284 -0.03366872531425826 0.9979306407299191 122.45543672759027 -0.05841811183830994 0.9978274431842964 0.03045846085305031 3.45637027001523 -0.9967880772667581 -0.05662870794926466 -0.05662789467070756 -17.42628300845318
-0.04922258134104657 -0.036065563340697764 0.9981364699413815 123.31850095628207 -0.05787217948345951 0.9977718544881675 0.033198452269303715 3.469790600165884 -0.997109797528817 -0.05613021942021166 -0.05120009902217554 -17.466002728292924
-0.04481129288643354 -0.03706460503550403 0.998307649516625 124.2202452383071 -0.058253819786223446 0.9977079936589242 0.03442748712000814 3.4866661413067153 -0.9972955632660563 -0.056612493697471185 -0.04686773994117194 -17.502160095048822
