1.0 0.0 0.0 0.0 0.0 1.0 0.0 0.0 0.0 0.0 1.0 0.0
0.9998281065182282 0.00019867352008333066 0.018539631738721203 0.01284516416490078 -0.00020243489231106147 0.999999959308287 0.0002010063158828567 0.011431284248828888 -0.01853959104967949 -0.0002047248325618762 0.9998281060519623 0.16645339131355286
0.9992303554667711 0.0015058770360149578 0.039197309194673735 0.02800096612870479 -0.0015310727894041547 0.9999986401560265 0.0006127823526195699 0.022020294524557133 -0.03919633311757616 -0.0006723246615576433 0.999231302276748 0.3625025489730559
0.9978425597533238 0.0010879313436891861 0.06564329630911277 0.058244101261559184 -0.001185408046185397 0.99999825192341 0.0014460144842356598 0.032457068572408834 -0.06564160839512236 -0.0015207088860130474 0.997842105090673 0.6014714456774505
0.9954312217440695 -5.617793120622223e-05 0.09548130508716991 0.09703525119226158 -0.00022521856858723644 0.9999956635300993 0.0029363578789020086 0.038880708702923886 -0.09548105599387523 -0.002944446473731824 0.9954268924342249 0.8774441506535267
0.9916608715686187 -0.003176397878790662 0.1288356561526469 0.15082671775663226 0.002669320947104574 0.9999879981277437 0.0041083240072908875 0.048435509455747414 -0.12884715955522183 -0.003730160450054139 0.9916574486069109 1.1692404452223477
0.9860632187641553 -0.0069622135597522785 0.16622531751457809 0.22191232605613453 0.006188446361199554 0.9999674740534685 0.005172423683396681 0.0493139274864568 -0.16625592239709375 -0.004071660284749747 0.9860742314097947 1.465463576691711
0.9784343478955437 -0.009216306411525604 0.20635233595564426 0.3120701210590422 0.008011668677629974 0.9999456430825746 0.0066726340508350655 0.055724155172613525 -0.20640261631874265 -0.004875507799742796 0.9784550012138895 1.779283664443645
0.9686383063722869 -0.011724160775409454 0.24819825841923357 0.42300859987043 0.009813876191408425 0.999911945224288 0.008932504233466422 0.0680403995870881 -0.24828112949301648 -0.006216578793318644 0.9686680726057709 2.1352693439720514
0.9569874883173921 -0.015566335480765126 0.2897112983707568 0.5494489249718764 0.012159992304242608 0.999834195887123 0.013554162530792085 0.07143698176371291 -0.28987425168705516 -0.009448276797947887 0.9570181023755086 2.4778413871463005
0.9450564561510789 -0.02227756741755707 0.3261472131984578 0.6789403671564289 0.017236071375561532 0.9996832359980773 0.018339724860239378 0.07660759800132314 -0.32645246595898253 -0.011710578737574563 0.9451410740280684 2.768531614605984
0.9312985645520525 -0.02781089127056779 0.3631935269109617 0.8269501273202703 0.02109696620446169 0.9995255659729221 0.022440164515391728 0.08160836930729677 -0.3636452965188119 -0.013236211438576414 0.9314434502569111 3.0722281573633925
0.9135384113603493 -0.030681006188623093 0.4055936967316717 1.0112966863810378 0.021601035837003818 0.9994034629440639 0.02694649339305252 0.09538854642368519 -0.4061784905924711 -0.015855412787657643 0.9136561933601475 3.4402404922672973
0.893074924154174 -0.03377285295054936 0.44863857864721896 1.2218573619423105 0.021765547224665845 0.999254201645111 0.03189516340454618 0.107331671000192 -0.4493811753968196 -0.018719906468047057 0.8931439549707542 3.817266523525264
0.8698734944869932 -0.04040769590203182 0.49161704781351523 1.4641305246803646 0.02510738531450672 0.9989742491150398 0.03768380033531137 0.12598704103868888 -0.4926354867360411 -0.020436920436593224 0.8699957525709034 4.181647694680377
0.8454420334893675 -0.04597339254276887 0.5320847819544099 1.6904780627198743 0.027796863784018504 0.9987255897796709 0.04212517872984779 0.13965493150949473 -0.5333433250478872 -0.020824108560929644 0.8456425096513932 4.483514808984821
0.8188139633253875 -0.05145407422417639 0.5717483464856755 1.9369035228950242 0.03049965123677961 0.9984675489504438 0.046177104362748696 0.15876240287174304 -0.5732481702873599 -0.02037233267513377 0.8191285023264469 4.767756110997066
0.7868377748956064 -0.05596696062927349 0.6146169663418449 2.237628293012326 0.032188306488073096 0.998245749408235 0.04969242109035753 0.1789842963807808 -0.6163199079396683 -0.01931639475453141 0.7872589459453136 5.10429384665319
0.7536844388791457 -0.059966582646652965 0.6544950538828461 2.5396481355463356 0.03345832650147399 0.9980384020981676 0.05291397098174806 0.20768914780653014 -0.6563842677724293 -0.017982127321834105 0.754212394566566 5.4187126331565665
0.7171312649539308 -0.06073064009844586 0.6942870718793548 2.8691523388914026 0.029928639568556133 0.997960696647771 0.056380178075911454 0.24612374611193905 -0.6962952142296763 -0.01965292089052082 0.7174864021995959 5.718630836301049
0.6809347530077767 -0.06379502557573792 0.7295601804224442 3.2066278233616154 0.02943609266300655 0.9977777850092733 0.05977464504891136 0.2724014564585106 -0.731752265862548 -0.019227232088353138 0.6812994458762223 6.00072718901143
0.6474611160698581 -0.06611274157040613 0.759225400378319 3.570655338497687 0.028891102995328762 0.9976432223530525 0.06223588242108968 0.30790152837472123 -0.7615506597366242 -0.01836045465295146 0.647845264210251 6.271014962842569
0.6133005924856183 -0.06973489198923857 0.7867651670581499 3.9506572315335604 0.029524135592722926 0.9974227970767804 0.06539181362398608 0.3382087942481153 -0.7892976046297695 -0.016876276567443664 0.6137788548124863 6.530384243486668
0.5810673171055781 -0.07098871689018518 0.8107535846766333 4.358548895743565 0.027502741875894545 0.9973324058524596 0.06761413628711664 0.37261539232044016 -0.813390663937713 -0.016990418206448126 0.581469649687872 6.800286081068242
0.5502070885707793 -0.07228234441345477 0.8318938768692564 4.754265832449331 0.02747412993264626 0.9972740535238197 0.0684809050218646 0.4092119283714684 -0.8345761390495842 -0.014823118911493398 0.5506931480187719 7.041017980350588
0.5161773831953258 -0.07276158941517587 0.8533854112787511 5.207954491836789 0.02891625760790102 0.9972973385571249 0.06754160608713006 0.4497535985104114 -0.8559934340423292 -0.010186737095503346 0.5168863233475691 7.286728043309338
0.4865026802025962 -0.07188325289835883 0.8707169115782932 5.6720022375496 0.03086848076757281 0.9974015464755439 0.06509448504516935 0.490316650225844 -0.8731335974813893 -0.00479093320182776 0.4874574524081699 7.529246008291255
0.4597268558907224 -0.0715563543936381 0.8851728114434623 6.199847717610385 0.03378095150764408 0.997436153138725 0.06308698540158711 0.533642856963915 -0.8874176385941792 0.0008991983729610374 0.46096542837203847 7.7810222194653855
0.43726320772860494 -0.07123250168218247 0.896508124821515 6.745073503379923 0.03539910654330122 0.997448989140944 0.06198723511857379 0.5747011374981984 -0.8986366286897209 0.004630849361317194 0.43866931145381705 8.030863289866021
0.41940746908037274 -0.07333355607625949 0.9048312353322066 7.330901912346889 0.03798655475489094 0.9972765187026318 0.06321840635616753 0.6177546315181136 -0.9070029749330761 0.007857149455747694 0.42105090982561744 8.289323805096403
0.4031470362027857 -0.07656847039749731 0.911926387677151 7.960544628581853 0.041378980293044695 0.9969995940970701 0.06541857045354436 0.661513633645013 -0.9141992382357457 0.011361281233430737 0.40510575668326076 8.551866201752544
0.39131929310438174 -0.07948535107192232 0.9168158429091746 8.578848998937506 0.043844648514895265 0.9967418200166159 0.06770074613007925 0.7061483279979303 -0.919209909455339 0.013704860266978373 0.39352931169630845 8.807805835422684
0.3827983294479879 -0.0829735010068879 0.9200982757849783 9.16725269680142 0.04646653045166281 0.9964271749797307 0.07052479358139233 0.7452403064437088 -0.9226626146753831 0.01575700138266398 0.38528614871003647 9.045907910254368
0.3718667635696992 -0.0859607828357571 0.9242974921346814 9.835521097136366 0.048599083974061555 0.9961405638069213 0.07308971319762628 0.7877759050690013 -0.9270130739040738 0.017740376340229062 0.3746091828268863 9.306241366643121
0.3651873329288434 -0.0887801548947667 0.9266910466628993 10.52005924229953 0.05030295174535904 0.9958697694380727 0.07558449156450231 0.834934539343023 -0.9295740018492462 0.019012796117916817 0.36814492889316885 9.567643040069033
0.3537595562717906 -0.09076812721750929 0.93092176010007 11.210800703267152 0.051018596928647436 0.995671015701426 0.0776938302539101 0.883835191903315 -0.9339439378858981 0.02000938713497345 0.35685899920369774 9.831030123567924
0.345301517425916 -0.09257231594759535 0.9339150006202162 11.889548435450292 0.051447488439335005 0.9954940269108324 0.0796542423109984 0.9361911527349738 -0.9370805824456316 0.020542850458330764 0.3485082112352625 10.081208934678504
0.33732670225539485 -0.09521620965943237 0.936559965706196 12.598355773371708 0.051423246694356724 0.9952500773923976 0.08266155787207129 0.9934759181974829 -0.9399820985768355 0.02027700344028871 0.34062075316482254 10.34118744117498
0.3284245330991142 -0.09916332697125131 0.9393103643858198 13.290184329092382 0.05099623028336252 0.9948847076452969 0.08719978778883855 1.04838604096916 -0.943152538328512 0.019262738058877286 0.3318015014537456 10.587916840909982
0.31939467617428596 -0.10414513997673934 0.941881537482686 14.03832330759015 0.052771755593219546 0.9943548392372783 0.09205213466843581 1.1045383623168135 -0.9461512472343586 0.020303780550225338 0.3230875637535988 10.849081738793725
0.31022087845017005 -0.10752120170612642 0.9445645545738394 14.771223200873512 0.053716388031856625 0.993978625394295 0.09550414606748145 1.1621814241937338 -0.9491456981045724 0.021111216045938706 0.3141285729230085 11.092133090158706
0.29787715644045126 -0.10948101594586528 0.9483053868972866 15.510003542190255 0.054474183604070206 0.9937323593966649 0.09761434939909225 1.2286712665078026 -0.9530486676931149 0.022581076931785342 0.3019740584437342 11.31871257130401
0.28575194062702636 -0.10964118693699751 0.9520108395154623 16.23920238357582 0.05423445239844968 0.9936914598812356 0.0981626544676728 1.2922212520332235 -0.956767710889602 0.023581617547271706 0.28989559277941 11.535194316778918
0.2680695422618666 -0.10965250265129492 0.9571389915648723 16.95940158653489 0.054538248442565655 0.9936356063756586 0.09855892247429321 1.3576706899235718 -0.9618546147772697 0.02578003888252519 0.2723436976081605 11.737340820489527
0.24637713076407775 -0.10901324003427529 0.9630235837889383 17.766155109288288 0.053181237004220144 0.9936775110748308 0.09887750004339133 1.4289614335349885 -0.9677138344919751 0.026853630692317255 0.25061687303826763 11.939294299078002
0.22399275074003155 -0.10788434811559308 0.9686011640750738 18.534719460394573 0.04992409520557689 0.9938195233219331 0.09914806998661463 1.4987517641872163 -0.9733112720675843 0.02614808780464961 0.22799439723454118 12.12368643991281
0.20211882848703422 -0.1085098532514848 0.9733311825470147 19.315302282676292 0.04841009499121333 0.9937351530233248 0.1007318636214522 1.572244591560743 -0.9781638113700438 0.02675924873852737 0.20610555725884505 12.288694889766113
0.17242310483737178 -0.10885208163790347 0.9789900393984282 20.06135072958975 0.04735275270741271 0.9936422251040109 0.10214130066423027 1.6405929729661706 -0.983884134301022 0.028746353045999908 0.17648132325343502 12.419014321519064
0.14215617982360168 -0.10890191425619232 0.9838353488309396 20.820242085979263 0.04752733064901914 0.9935340255801632 0.10310816095660971 1.7129519929734056 -0.9887025707356781 0.032101605657852465 0.1464128188884058 12.536309623663856
0.10973814669133192 -0.1088960658710383 0.9879773205891734 21.58683370527617 0.04697941321988526 0.9934378023183721 0.1042797567045422 1.7907609482107927 -0.9928496733616158 0.034971127557654365 0.11413389655610323 12.618868914934783
0.07781443900459567 -0.10789905802355824 0.9911118536068615 22.423645911282833 0.04349067244293138 0.993547218306094 0.104749636785452 1.8753102336349088 -0.9960188123187541 0.03495308675712748 0.08200492200646864 12.698385271441522
0.047115736130310226 -0.10614796417669858 0.9932334655608628 23.18891031641695 0.04053800950263601 0.9937217638217528 0.10427715901648335 1.9514483760180408 -0.9980665194236622 0.035350612556603316 0.05112295959165264 12.744425655957839
0.01575385158898729 -0.10421990988116425 0.9944294980261166 23.977447500269005 0.041715036497746466 0.9937555045617177 0.10348841907806688 2.0290191234392325 -0.9990053412720594 0.03985232160926036 0.020003014079089054 12.761470555480532
-0.015026852998155649 -0.1019454833661952 0.9946764861552747 24.756889658772685 0.04362264196583125 0.9937747919490754 0.10251208706534433 2.107520701823739 -0.9989350623523495 0.04493085029024772 -0.010486176390974267 12.746288859442696
-0.045780313107125326 -0.09730666868191637 0.9942009732251531 25.534225383004667 0.046099747107252204 0.9939783360901668 0.09940764910242722 2.18794330186952 -0.99788725628122 0.050383326740615936 -0.04101882662982176 12.705850909640265
-0.07457373783735671 -0.09519775754077393 0.992661142880174 26.32380991732076 0.04712117079448512 0.9939845945932002 0.09886465988586778 2.265346075117317 -0.9961015775953385 0.05414806248241362 -0.0696393167792339 12.644350401810543
-0.10072701982215615 -0.09250944785961576 0.9906038913382361 27.093708293622807 0.05062107175975042 0.9939016185186853 0.09796468649381675 2.3380888006815947 -0.9936254699692643 0.060013121587254845 -0.09542982063124827 12.561159521818325
-0.12687462684981243 -0.08429237258963992 0.9883307265206978 27.838693928400023 0.054069428255329344 0.9943136300608247 0.09174367554991034 2.4047053202924964 -0.9904440044696432 0.06507842191137353 -0.12159553039344262 12.459135138883692
-0.15150732411208806 -0.0722447962980212 0.9858124670282135 28.628555328708973 0.05622387987892956 0.9950809181801237 0.08156495328976784 2.4747387554412996 -0.9868558182793242 0.06778388954360565 -0.14670016443953243 12.334487542333624
-0.17218039068992308 -0.05758505075759143 0.9833808392434292 29.362669891044995 0.05782523353631833 0.9959775128994576 0.06844732401694903 2.5314989826523737 -0.9833667451303892 0.06864951367531005 -0.16815792828114806 12.201559512729785
-0.19559487168193818 -0.04372944641852379 0.9797093353069856 30.108927300768258 0.0589681657406068 0.9966732851622453 0.0562593820894428 2.5755064005182984 -0.9789103133591527 0.06877570908269175 -0.19236553807597273 12.055530233105369
-0.22062586715957028 -0.03362009193545638 0.9747789062953399 30.832705949028917 0.06282622617494318 0.9968404261709447 0.04860072073482381 2.6158511659340546 -0.9733329810731283 0.07196425619417539 -0.2178165599437208 11.890626569859595
-0.24696007762595917 -0.029624348457248373 0.9685727221212996 31.578516356422362 0.06625276100928525 0.9966774939226972 0.0473766267965406 2.653903584578074 -0.9667581350666914 0.07587075251014506 -0.24417685638880193 11.699753962878988
-0.2726158127653398 -0.03126453173100148 0.9616148645304597 32.340853186274174 0.06723352238491714 0.9964095025550237 0.05145635709770837 2.6884147378880088 -0.959770947725555 0.07868057113221305 -0.26953496179215547 11.486499077649913
-0.29622032310826146 -0.03608254782975566 0.9544378292585385 33.08886628457894 0.06767718445770397 0.9959814757916403 0.05865746826947672 2.7250903991373367 -0.9527189086406942 0.08196919922763764 -0.2925879893236643 11.255894181598574
-0.31682596913708805 -0.03863787726791722 0.9476963752809096 33.83701663983924 0.07189769869774076 0.9953168052824309 0.06461561765041568 2.76355916034287 -0.9457547389267018 0.08860909413037235 -0.31256423697390745 11.00383108250493
-0.330810699440214 -0.03929745355277529 0.9428785665610097 34.57666224647904 0.07290743014147927 0.9950821141834219 0.06705290942544813 2.8033500100643045 -0.9408766060254884 0.09092467308997872 -0.3263187338438276 10.740640239542822
-0.3405294513633874 -0.035792438134101164 0.9395523370874914 35.30964460498684 0.0760766546598213 0.9949498734870871 0.06547588765186649 2.8472229118460155 -0.9371510205777513 0.09377446678305398 -0.33608676559726836 10.473435583270565
-0.3495562449254841 -0.03292967696434617 0.9363365142984754 36.044418328502026 0.0782089408941136 0.9948686330323673 0.06418539220516206 2.8935661422927845 -0.9336454322695615 0.0956662917820757 -0.3451871483975768 10.193828009153785
-0.3600141274941032 -0.03104820560701343 0.9324300708006172 36.7819873986971 0.07471601406977019 0.9952762867691267 0.061988952536600125 2.9356404087466603 -0.9299501842820321 0.0919843569507532 -0.3559937258297833 9.912775042869065
-0.3702749292717739 -0.03141741567414826 0.9283907704976071 37.544420987108666 0.0757684810452468 0.995076274071812 0.06389323954422939 2.978665927513516 -0.9258269892549464 0.09400082325021407 -0.36607134713796324 9.604939420185648
-0.3793471348837018 -0.03103159536054394 0.9247339029931292 38.287130386702 0.07720673911084687 0.9948902438913159 0.06505783615943449 3.021098793369061 -0.9220275867301349 0.09607519294416046 -0.37501291525672314 9.293214198884217
-0.38766371490281837 -0.02886597803997654 0.9213487935953149 39.00225998547496 0.080146744196062 0.9946689827800379 0.06488539196225815 3.0671311412413083 -0.9183100476105646 0.09899681816664849 -0.3832835588051777 8.988264877148413
-0.39248062820006796 -0.025036048081991974 0.919419465088768 39.702503286380086 0.08320355245672514 0.9945644257854029 0.06260009441472722 3.1124574703025867 -0.9159891513256372 0.10106829007452317 -0.38826418247779576 8.687358197246732
-0.39316163400530274 -0.022439566817735748 0.9191955153215843 40.38692873527553 0.08588946316491561 0.9944347041412085 0.061013271645029184 3.1522973771563767 -0.9154490317125925 0.10293728693053791 -0.38904625084410877 8.389095819141138
-0.3941337674194507 -0.02145194300314191 0.9188026923780427 41.13333893273656 0.09073078339125001 0.9939357290124644 0.06212641578001248 3.2022971496234085 -0.9145635561976874 0.10784980636909305 -0.38979728185454143 8.061453627923385
-0.3903308676431461 -0.021347441301152376 0.9204271293887651 41.84968797141187 0.09287564870438778 0.9937183503447959 0.06243359725145088 3.2441270064120014 -0.9159781261813449 0.1098550269123406 -0.3858962884239768 7.752407980591828
-0.3806895261018336 -0.02096436367729715 0.9244652401101774 42.60758059435583 0.09523231026015279 0.9935381877909804 0.061746874281449565 3.287965631356772 -0.9197860032631915 0.11154534887937356 -0.3762330970880997 7.437909961661377
-0.37109867239345823 -0.020987415270906022 0.9283562375231071 43.37207579127086 0.0963558728106493 0.9934774245506763 0.06097665687009629 3.333247439285327 -0.9235807063395765 0.11208093195723359 -0.3666558925871602 7.140582592852954
-0.3659559149620733 -0.022018116183251876 0.9303716842552834 44.21224913590631 0.09644296482299757 0.9934400597889512 0.06144592860942963 3.3821834355567493 -0.9256214252276262 0.11221430464190335 -0.36143177363551243 6.814403735003441
-0.3621285365042296 -0.022332934106098698 0.9318605920970786 45.018841618402554 0.09693327595144524 0.9933904401827609 0.061476608289836795 3.4264532548105144 -0.9270743568142883 0.11259073411126565 -0.3575702218161637 6.5127319830794645
-0.36198901856533133 -0.023067392070705517 0.9318969073138748 45.824408641565704 0.09762677581986245 0.9932581089213524 0.06250873302985015 3.47263695562612 -0.9270560733208788 0.11360556537879256 -0.3572965329160617 6.203991932805383
-0.36165125395805864 -0.02390433428283284 0.9320069491763776 46.61706101327264 0.09792516871632109 0.9931676819946915 0.06347138546756091 3.5173557104810502 -0.9271564225320581 0.11422144388767914 -0.35683950161630074 5.901973224021087
-0.3637468438704625 -0.02374760693896929 0.9311950841466837 47.4619088826106 0.10018033459116035 0.9928794718239728 0.06445351031365018 3.5611054635274892 -0.9260950999414047 0.11673219605242108 -0.35877773101085664 5.5781718175358055
-0.3664949045793057 -0.023833488786616605 0.9301147508397359 48.34305390348364 0.10203086307634536 0.9926133714879579 0.06563838604967229 3.6146484497601 -0.9248087304395985 0.11895654482023243 -0.3613559914366031 5.229223435213545
-0.3648185739682752 -0.02374024194823538 0.9307759177159634 49.2581814556779 0.10404969206720358 0.9923735591675265 0.06609372622190786 3.668730265237284 -0.9252464913029796 0.1209591665704408 -0.3595661418350038 4.87320221194118
-0.3681071841700889 -0.02408621684020401 0.9294713309837455 50.18444178681513 0.10588258359851899 0.9920753056103646 0.06764219458743828 3.7230809616755978 -0.9237347993081517 0.12331440368598026 -0.36263973636475666 4.5086293547675504
-0.36839043731676363 -0.024714925546478625 0.9293425946058838 51.04029792836372 0.10768493832730648 0.9917834638365819 0.06906167473900546 3.7708120529251996 -0.9234134717183891 0.12551786054400388 -0.3627021187330565 4.170457222589528
-0.3669383413923321 -0.02476293929871748 0.9299156146949747 51.90678636992394 0.10894690386442707 0.9916223015613681 0.06939584414423333 3.821925424327002 -0.9238435071778119 0.12677542302600875 -0.36116639705539727 3.8316137086036446
-0.36671359138151766 -0.02430835756933835 0.9300162609591032 52.811540031207784 0.11136580315480615 0.9913235421446576 0.06982329609417126 3.8732885214154424 -0.9236443037142352 0.12917715952152894 -0.360824696596831 3.473504141423599
-0.36562951001900634 -0.024087055720490552 0.9304487493408649 53.67417698514268 0.11219863508333855 0.9912347678455057 0.06975027813351292 3.926379596574483 -0.9239732288809548 0.12989783970869015 -0.3597221477061403 3.136699435915621
-0.363400737661187 -0.025451062218652454 0.9312852126492978 54.52673191109741 0.11420587612893071 0.9908703868161828 0.07164422090002652 3.975293082956646 -0.924606360417734 0.13239380636076126 -0.3571763686365333 2.8049230411481263
-0.3646954980170248 -0.02729811021919116 0.9307266015885521 55.45652205570903 0.11794439516618618 0.9901644053714895 0.07525669394949135 4.033802550958641 -0.923626717551521 0.13721976356846627 -0.35788884183670416 2.442506665403749
-0.36329545439927624 -0.029015522721221626 0.9312220531398716 56.377024484648125 0.11972471151469258 0.989773876926118 0.07754783044912184 4.0932660247592585 -0.923949352651728 0.1396630659689826 -0.356106475283161 2.08929924842495
-0.36183208308863746 -0.028705161114878926 0.9318012434919295 57.289690343437826 0.12172249580127567 0.9895143340321584 0.07774970585669347 4.150970899453322 -0.9242625047375045 0.14155351097822605 -0.3545439688756409 1.7375436730845228
-0.3609345706970657 -0.0284852950854812 0.9321560082087216 58.179477489959375 0.12544732514911763 0.9889662834458287 0.07879504311996219 4.204758867319232 -0.924115363084424 0.14537633291302338 -0.3533787168748357 1.3929184143457332
-0.3594105910752731 -0.02732597832272464 0.9327793511499004 59.08990819838219 0.12743355929090477 0.9887699928688913 0.07806784977507877 4.262959850964285 -0.9244375127553915 0.1469258047817292 -0.3518921608957308 1.0441200960457486
-0.3608894105630154 -0.026024261778080808 0.9322454457611394 60.00248987787029 0.12721250321020364 0.9888937040316703 0.07685194306923882 4.320254504288755 -0.9238916670099767 0.14632832919646666 -0.35357065447247904 0.6974518523367395
-0.3616420707352062 -0.02390606422545575 0.932010468164173 60.91436396423883 0.127297203942197 0.9890429089451627 0.07476326727604793 4.3787475927304635 -0.9235856400696425 0.14567986943479685 -0.3546363505037374 0.35220427013223593
-0.3641807319592352 -0.02304910508812201 0.9310430351086207 61.808890387268924 0.12787363416660913 0.988988276601118 0.07450182837068384 4.4336978382315 -0.9225078472049222 0.14618798685318615 -0.3572231016397914 0.004931067300746661
-0.3699928538863593 -0.025906519093625742 0.9286733227252084 62.737901440008585 0.12737904931607333 0.9887561485200925 0.07833170851606963 4.496338961907099 -0.9202607597134418 0.147275697357591 -0.36253276141539903 -0.3586315901988616
-0.3772547716087105 -0.028205467104743892 0.925679906297994 63.6879707996795 0.13108395195281855 0.9878466771241154 0.08352209309682633 4.561111706842855 -0.9167855991663977 0.1528508885163805 -0.3689725884681166 -0.744518866219885
-0.38397371063967395 -0.029242121101373822 0.9228808633247808 64.56892903179678 0.13213957388016367 0.9874700996383803 0.08626665250800115 4.624490915621499 -0.9138398779613247 0.15507321068985463 -0.3752985168821897 -1.0999965451973193
-0.38941035578877853 -0.02705300742695234 0.9206669916933129 65.43773013648723 0.13370837959864668 0.9873199084428199 0.08556557495608946 4.683736497101256 -0.9113076560797465 0.15642101259619573 -0.38085538303773464 -1.4602040497244917
-0.3937053769875602 -0.02448442369069194 0.9189105446819175 66.30453574308129 0.1345901506977673 0.9873368756738683 0.08397252687467009 4.751620241302278 -0.909330285136394 0.15673674403629667 -0.38542447457662193 -1.8226029087886828
-0.39976046595664755 -0.0222953546284321 0.9163484528388295 67.13169961473946 0.13599699341673466 0.9871969767768114 0.08334834626033394 4.8135492326331795 -0.9064747032541685 0.15794000824590437 -0.39161022223066516 -2.1788588387215766
-0.40297807389408513 -0.021389762583934616 0.914959643928199 68.00612483670885 0.13693076983618357 0.9870648605445289 0.08338420324186299 4.879362248338575 -0.9049080816484533 0.15888813402772753 -0.39483657965353647 -2.5505562021424506
-0.4076290888427801 -0.022079795185762495 0.9128806102518335 68.82901480611157 0.13893969379772847 0.986568018621504 0.08590288773163449 4.944626562348461 -0.9025155330611206 0.16185186831728304 -0.39908606252988404 -2.904566506579086
-0.41528945546897883 -0.02761184546236662 0.9092701766617236 69.72178517209727 0.14218662701913506 0.9852839124004913 0.09486081942352642 5.021739697554293 -0.8985085593767045 0.1686807575123609 -0.4052519842910774 -3.3030495197253096
-0.4176212503540257 -0.03432838997952802 0.9079724956705207 70.61187715917603 0.14561325795082725 0.9838419930177931 0.10417155026072619 5.098940779891789 -0.8968775113479467 0.1757170862955296 -0.40587465456976174 -3.7052584369303494
-0.4187649722381194 -0.036554295930563446 0.9073586289199153 71.4708656812627 0.14752660478958518 0.9831773018598293 0.10769537588440847 5.174643256596838 -0.8960311372411481 0.1789585889434963 -0.40632748434937066 -4.094928514183836
-0.41935369629420566 -0.03207991656913494 0.9072559486480672 72.2914335585828 0.14680342720767373 0.9838257658463367 0.10264314987835324 5.249367845351358 -0.8958745621818204 0.1762320669168531 -0.40786152972025386 -4.466086939893267
-0.4204385290097469 -0.026475820898972026 0.906934658193106 73.10033882101439 0.1467783881727961 0.9844233851121892 0.09678173179714672 5.32389372509802 -0.895370062091377 0.17380917625943804 -0.41000344164226166 -4.836179925146524
-0.4218321036728084 -0.023120795565260338 0.9063791177666236 73.93652418272296 0.15181672352249428 0.9837598673900256 0.09575074815192869 5.400352976792334 -0.8938732341724234 0.1779942474497111 -0.41147137094206615 -5.226073518805935
-0.41861908818936805 -0.024428730566672233 0.9078332975422322 74.76907914173267 0.15378837254759042 0.9832941761689973 0.09737401902610565 5.471846381652951 -0.8950459180805562 0.18037682843157482 -0.40786885673252943 -5.600822855730082
-0.41502225845223667 -0.026576310763971864 0.9094230174651299 75.54751199888838 0.15531984894511902 0.9828300981622564 0.09960292500742846 5.545848098268438 -0.8964553918142668 0.18258887658493 -0.4037685384407543 -5.9480928287526105
-0.4137988893413392 -0.030289853551032392 0.9098642777643989 76.3829395607516 0.1547142772855098 0.982567784637592 0.10307298868470471 5.625339102726286 -0.897125393456175 0.18342048240104453 -0.40189918518438367 -6.314291170251947
-0.40847256267137594 -0.0353546127961233 0.9120856412084971 77.23841410995601 0.1544389514074747 0.9821655215358427 0.10723571510642299 5.706207497912552 -0.8996103466683999 0.18466439738147267 -0.39572753822156354 -6.683495020234823
-0.40618872023387476 -0.03755899613771189 0.9130170016839195 78.09539214534372 0.15298102017176285 0.9822585270014026 0.10846655521515176 5.791858953533036 -0.9008926301296808 0.18373216360278954 -0.3932365204757362 -7.047927461828438
-0.4047329746289836 -0.03941336826948073 0.9135851386978824 78.96867206709493 0.15113410762155277 0.9824476851658173 0.1093390480375803 5.879854539253684 -0.9018590248821661 0.18232699282876816 -0.3916722697927528 -7.4170742937114476
-0.40192277896009804 -0.03981023552733969 0.9148077529734048 79.77444634993813 0.15471002749365512 0.9817389674911559 0.11069510875513666 5.956103180470567 -0.9025092172082813 0.18602081834207912 -0.38842421139449906 -7.765228280644614
-0.4002598559038882 -0.03756606987751138 0.915631387702364 80.55275722636794 0.16050326447399008 0.9808413017403661 0.1104039985392582 6.030091423402548 -0.9022365265522069 0.1911521153276156 -0.3865619212503824 -8.102377815586827
-0.3959476878156843 -0.03528819207136896 0.9175947754939259 81.34736359626393 0.16450670881896143 0.9803695560001846 0.10868797735515576 6.108354176566767 -0.9034173848598263 0.19398524987311686 -0.3823699145653297 -8.444884211861028
-0.38809970509672825 -0.03395965439058213 0.9209915096120622 82.15775709175045 0.17113090294847783 0.9792865185963342 0.10822258799118856 6.184205351939427 -0.9055897707902136 0.19961126313197886 -0.37424926275276044 -8.781627159590021
-0.3776708911374888 -0.033007696861499666 0.9253513872769169 82.9895842767534 0.17762455019735912 0.9782214194625609 0.10738888989014996 6.262132497222859 -0.9087432074874625 0.20492278168264322 -0.3635827779101299 -9.11690640207304
-0.3687684932758414 -0.033870762288163006 0.928903961574653 83.81098676191529 0.1765280421492737 0.9785969585759487 0.10576314575903721 6.338710214466299 -0.912604869974958 0.202979713587151 -0.3548965865855406 -9.427158378573857
-0.35765946614723154 -0.035871842605443835 0.9331628567315395 84.65154485129642 0.17664940182338384 0.978622320939338 0.10532493434483635 6.41758691072899 -0.9169922001362487 0.20251312023519286 -0.343676797328374 -9.74120347435662
-0.3442259345667986 -0.03808616820081165 0.9381140387838751 85.48617231461739 0.18221522167480944 0.9774690785322726 0.10654488961592777 6.494382055345714 -0.921035351635112 0.20761417173461366 -0.32953032748646405 -10.043867983088132
-0.3315496343329436 -0.03949271142670603 0.9426108241039132 86.30650173054485 0.18566040443622 0.9768547669482752 0.10623077950862447 6.566905863660971 -0.9249892184227179 0.21022628293007917 -0.3165436080023283 -10.32368644748132
-0.32133636536740695 -0.04004401102461312 0.9461180779762773 87.11683807864405 0.18860610686086676 0.9763822361364769 0.10538247203363675 6.639523148031609 -0.9279928214955392 0.21230686785451286 -0.3061945739469508 -10.596839035283605
-0.30558666205489954 -0.039601088787133726 0.9513403942548738 87.92947066011911 0.19392227659275454 0.9756050808551526 0.10290226844290123 6.709915489654312 -0.9322075641268034 0.21593165579989715 -0.2904523668491737 -10.85656336221336
-0.2880823606549551 -0.036313991784487326 0.9569168446004828 88.71890582809397 0.19708871269246953 0.9756388004244354 0.09635855143989 6.773436953039374 -0.9371043660173042 0.2163567080241445 -0.2739072508793105 -11.086987497091199
-0.2730703028218138 -0.02872850271340141 0.9615650174838151 89.4871030794298 0.2028317940939178 0.9753640785910644 0.08674201691710305 6.833534874467161 -0.9403679455518708 0.21872262646111984 -0.2605159105553901 -11.306954061348275
-0.259697910723715 -0.025022018680021976 0.9653656787699231 90.3141531760589 0.20422757934590058 0.9756303113210529 0.08022837070575184 6.889574684291881 -0.9438474935074265 0.21798943601184506 -0.24825896718343615 -11.522806731161843
-0.24482430612754802 -0.02740185074643184 0.9691801678247628 91.1833527228822 0.20541353542222568 0.9754435170978935 0.07946838627425332 6.94555178727836 -0.94755809246426 0.21853851726266052 -0.23318357120116995 -11.738152727513395
-0.23196587641402866 -0.030963811145696712 0.972230977997927 92.02373161727313 0.20665655752017725 0.9751077036130777 0.0803618913934976 6.996149353974184 -0.9505182267654744 0.21955912359490842 -0.21979283844760378 -11.935694362039433
-0.22003414706563712 -0.03096705588586557 0.9750005208074812 92.83233295692206 0.20637284603260153 0.9753951940362047 0.07755297461399588 7.041888171627395 -0.9534124094774004 0.21827793498390216 -0.2082294901152611 -12.110899521728394
-0.2145456100423016 -0.02515762514499259 0.9763899196062201 93.68764664883167 0.20691652863444054 0.9758073084215786 0.07060911420565479 7.087867454143315 -0.9545447770479129 0.21718008824037827 -0.2041496458053556 -12.290233093978495
-0.2100524672088105 -0.019388416297507385 0.9774978518303589 94.4860956520705 0.20410384640951673 0.9769047116069218 0.06323609982468374 7.122367363002253 -0.9561483048671541 0.21279397020045354 -0.20124399455883518 -12.455831213350185
-0.20510506225588387 -0.01704723992124829 0.9785914903820068 95.30003198206327 0.20652567836458005 0.9765814097002521 0.06029837812013113 7.157469232417769 -0.956702178116607 0.2144717739912077 -0.19678109804552957 -12.622623437823606
-0.20144697841595965 -0.01693138450606725 0.9793530737715525 96.1284762993074 0.20990867469460606 0.9758752800101738 0.06004819858263205 7.19110053076424 -0.9567431542347372 0.21767123393726806 -0.19303308198646457 -12.785119750124792
-0.1952461926026347 -0.016801539183776693 0.9806103367572827 96.9761196883328 0.21140527891497812 0.9756276853477239 0.058808397613973426 7.223199563412493 -0.957698664675406 0.21878831747627409 -0.18693565688451702 -12.950212622610074
-0.18857298299970365 -0.02066861506258287 0.981841656497619 97.80155011446817 0.21236185012396086 0.975265467153082 0.0613165001497106 7.257585406739385 -0.9588235889330853 0.22006834604294148 -0.1795194930234661 -13.1076581990772
-0.182932586470064 -0.02456158459804715 0.9828185984043065 98.64021917908511 0.21400603164724502 0.9747208675826351 0.06419227926747512 7.296085703705348 -0.9595504610107646 0.2220719677514209 -0.1730518821424401 -13.257343731920017
-0.17787579195194803 -0.02811671672424748 0.9836511845558443 99.4861681434227 0.21405464983723996 0.9745510582509507 0.06656456824023306 7.334557880202911 -0.9604898799677818 0.22239533516375853 -0.16733052733101528 -13.404537581922035
-0.17276956374845764 -0.028297653504123874 0.9845556970777876 100.30089040560297 0.2125458078118042 0.9749654573989672 0.06531949525562848 7.370985904261876 -0.9617561839800122 0.22054840667069675 -0.16242980912142246 -13.537849235616777
-0.16589973936752717 -0.027000042365232277 0.9857729323683331 101.08156857342541 0.2112529405205224 0.9754458808955293 0.062269804603655915 7.407405518944388 -0.9632494337393711 0.2185779750025618 -0.15612237906386234 -13.660277844331919
-0.15809564800607234 -0.025361634827228433 0.9870980465791789 101.87105443803924 0.21297916776116982 0.9752635198824293 0.05916874923719832 7.439030789965244 -0.9641813315872175 0.2195856422114736 -0.14878341827392993 -13.787753408695858
-0.15233989397932762 -0.023685570896012448 0.9880443059062167 102.6964704209514 0.21412341369739066 0.9751775104299794 0.05639137219614415 7.469986403268796 -0.9648542482722164 0.2201540753266174 -0.1434868032543019 -13.91602669831372
-0.1460987071211492 -0.02513815671496647 0.988950575536767 103.55884335195356 0.21552641222906482 0.974855149739704 0.05661980799726353 7.504822008073086 -0.9655068790066678 0.22141705016315605 -0.13700714028053634 -14.042138054540207
-0.1416289932225323 -0.029348488146275636 0.9894846610849003 104.44395936183261 0.2161972237481928 0.9745136128180849 0.05984963555292312 7.5424502248809215 -0.9660227682215082 0.2224002802960729 -0.13167432020664638 -14.157217387020008
-0.13544852831539805 -0.03220564631951628 0.9902608204520338 105.27245744830483 0.21717430504167753 0.9742005770190449 0.061388573573787256 7.575383706383874 -0.9666897213723011 0.22337419743762288 -0.12495979558338227 -14.254692870313816
-0.12851262910162536 -0.029499430114345332 0.9912690289645476 106.04308667991654 0.21896729514824187 0.9740438711737855 0.057374739077824755 7.604368378930312 -0.9672320444530624 0.22442887659950223 -0.11871752832431531 -14.351061060094315
-0.1254586081633775 -0.028357503496183975 0.9916934958106625 106.88159240615644 0.22174458365957156 0.9735017394229155 0.05589009713895114 7.630230222779252 -0.9670002467710914 0.22691455514360914 -0.11584605046623975 -14.449799115917004
-0.12132232120417574 -0.028578668658609543 0.992201670062761 107.70134045302125 0.2220227049074836 0.9734784382294643 0.05518739718348044 7.6599055738624395 -0.9674641145196007 0.22698676172857346 -0.11175955044997521 -14.541824447973568
-0.11523618767892219 -0.030171703487664583 0.9928797960266292 108.53338761201576 0.22347713411187625 0.9731273011141335 0.05550879529827049 7.687835488615573 -0.9678732311508419 0.22828255328643768 -0.10539679447997463 -14.633234595471775
-0.1071337707761903 -0.03124831042433729 0.9937534393675823 109.38674584661254 0.22676281491366979 0.9723944966093314 0.055023347192929534 7.721446729124422 -0.9680397620613027 0.23124118590663986 -0.09709033427065411 -14.728400648006192
-0.09996861266436857 -0.031504427613470734 0.9944917030939521 110.21864272905718 0.22869311531283393 0.9720118607151114 0.05378105277565885 7.754156990974003 -0.9683520720742392 0.23280982296693353 -0.08996583151192888 -14.808078023775776
-0.09515738396510814 -0.03143649119984539 0.9949657377507827 111.07210076880358 0.22998036617243517 0.9717674054057011 0.05269858599871996 7.785796869295252 -0.9685319320766402 0.2338372442792505 -0.08524106836365025 -14.889121404260374
-0.08800126282742471 -0.03293668514981454 0.995575688992113 111.93263629597593 0.22822909123583626 0.9721997305884362 0.05233704001408951 7.814968896169361 -0.9696222252271463 0.23182506036905082 -0.07803769429220142 -14.958558943909864
-0.08067210885810705 -0.03428463541736605 0.9961508794488334 112.76007853416996 0.22801704135211648 0.9722713939018038 0.05192846476905216 7.841117197944783 -0.9703093525806155 0.23132855503491517 -0.07061770259676603 -15.024050280702566
-0.07569223900058852 -0.03546894718537544 0.996500195052986 113.59553885187363 0.2290487404371809 0.9720252573284864 0.051995900027129324 7.867306373055783 -0.9704675983561838 0.23218280061419566 -0.0654506504148733 -15.08751023152665
-0.07057903435423846 -0.037035661607408316 0.9968184186093899 114.45280438916107 0.23108012741928183 0.9715195413305051 0.05245717801077142 7.895655022800945 -0.9703713591308804 0.23404730415509345 -0.06001070568008243 -15.150837250701473
-0.06716807921298579 -0.03594603763403116 0.9970939431734862 115.31718540738659 0.23347933509178903 0.9710372734121118 0.050734738882430006 7.9247467788906265 -0.9700390967481334 0.23620858583630078 -0.056830051533328374 -15.206426265115628
-0.061968779682923636 -0.03758850534952528 0.9973700289311878 116.17258426752298 0.2354123921560386 0.9705457899571597 0.051204249977953725 7.952907707551236 -0.9699179738328294 0.23796632926114145 -0.051294738268142404 -15.257255102968461
-0.05642446542523122 -0.04001140173944916 0.9976048152611942 116.9848818402174 0.23846069096944295 0.9697384811437983 0.05238107531632971 7.977197899077252 -0.969511618581156 0.2408451077347505 -0.04517582889536936 -15.300767245862117
-0.05324791479792146 -0.042214664337614324 0.9976886196025972 117.80146289343536 0.24168884135134472 0.968855999927686 0.0538939270267845 8.00001295790246 -0.9688917192008185 0.24399994573562186 -0.041386748423810404 -15.340776692807806
-0.04794017254216576 -0.04153600388704959 0.9979862224688888 118.63796430138882 0.24423521095232426 0.9683189918574029 0.05203356358483047 8.023714172442642 -0.9685302791279687 0.2462378735884428 -0.03627682487402972 -15.378165502822846
-0.04306562077608633 -0.03934448269673817 0.9982972322853033 119.4171367898712 0.2466148734139973 0.9678848923696979 0.04878462189560108 8.047428454100766 -0.9681562149354662 0.2482958855958446 -0.03197962910990115 -15.406908366437953
