1.0 0.0 0.0 0.0 0.0 1.0 0.0 0.0 0.0 0.0 1.0 0.0
0.9998323313547671 -0.0021300224438800335 0.018187143318292145 0.013713018037378788 0.002142556306285979 0.9999974804718214 -0.0006697032805615696 0.007100720889866352 -0.018185671012253726 0.0007085579709297436 0.9998343759420538 0.242248997092247
0.999243525452204 -0.0034433470676562064 0.03873654866947127 0.029773793095680547 0.003406184884659472 0.9999936732987932 0.0010253130829468943 0.01955015242501475 -0.038739834103699654 -0.0008925936131342937 0.99924893221372 0.4877626879152781
0.9979223612971926 -0.007076893319061543 0.06403810118972982 0.06053214400532601 0.006926539645383642 0.999972709766502 0.0025695857215227934 0.02390816063769034 -0.06405453825902098 -0.0021206846040718237 0.9979441461450805 0.7852254327069548
0.9955655505368025 -0.010966522353799421 0.09342895681648837 0.1038840699212058 0.010662084668563119 0.999936100215678 0.003757051501149365 0.030405765813193167 -0.09346418851557008 -0.0027442435980639607 0.9956188601027005 1.0920871025846108
0.9922492058345218 -0.017106059943106103 0.123080852426296 0.16050436510729368 0.01659296019830463 0.999848843314475 0.005192705900000451 0.03930006116642653 -0.12315107467098398 -0.0031101826199247474 0.9923830609051388 1.3924401684686523
0.9872907841561211 -0.022834082244041074 0.15727527526112917 0.2403095084457823 0.022093561922863842 0.9997350665702505 0.006455322713663947 0.04150859562348005 -0.15738100915279507 -0.002898509591036885 0.987533704032525 1.7228770545115348
0.9799378866588695 -0.027718786974053757 0.19736617526626982 0.33755110718735853 0.026564142521468555 0.9996110077113959 0.008495857479207312 0.047424055414632973 -0.197524896209688 -0.0030825494148390285 0.980293024185349 2.0754726172741678
0.9712063958104916 -0.03177661329615199 0.23611095608679744 0.4464014473145672 0.029778933919940003 0.9994841997954711 0.012022872111056602 0.05215912471126142 -0.23637121616513845 -0.004645557731187161 0.9716517210204383 2.4388115614539383
0.960257005291156 -0.0365242384057547 0.2767172994197158 0.579003039497889 0.0328339798303443 0.9992994549482218 0.01795909543065913 0.060396924008833855 -0.2771793887679269 -0.00815961696812853 0.9607835381047971 2.8215598857835236
0.9470929745356245 -0.04352899430248037 0.31799390597978067 0.7268570413036479 0.03794807840111445 0.9989979860499187 0.023726930140018008 0.06654451627543675 -0.3187080810568283 -0.010404351167711285 0.947795815851628 3.186458925384779
0.932967771466054 -0.05022326796306922 0.3564390000557947 0.8883847233798374 0.0428553024297914 0.9986734649870888 0.028543534895548874 0.07228749217166436 -0.35739972084392596 -0.011354896996100261 0.9338824903888562 3.53409969126448
0.9170363766202918 -0.054421512162866635 0.39507288311023553 1.0656557210246536 0.04491321313204671 0.9984362872325071 0.03328338359485751 0.08307126477164842 -0.39626643466395467 -0.012778080891669203 0.9180466401046541 3.88464751725963
0.8975363046675944 -0.05951249031792097 0.43690599137548874 1.2718547118390435 0.04754203580683421 0.9981349304741476 0.038293803659474435 0.1002344197678522 -0.43837009094483276 -0.0135986787419972 0.8986916820030612 4.2339836711526715
0.875569092457582 -0.06610059130167305 0.47854934558786694 1.4945444189525516 0.05147699247604955 0.9977207502642921 0.04362824472379225 0.11830314118936777 -0.48034246489210924 -0.013565261576083008 0.8769761114761025 4.584010708150856
0.8519164931515564 -0.07308905176450212 0.5185520988372533 1.7249810985452847 0.055863359433071885 0.997245929898382 0.04878360763579464 0.13949922410888815 -0.520689517629466 -0.012591497658248352 0.853653255378035 4.888730349459829
0.8281925894737177 -0.07975203764259084 0.5547401619070617 1.9615469751261974 0.059931685651091915 0.9967503477224222 0.05382320475639855 0.16342731664702687 -0.5572299595282336 -0.011329466319525978 0.8302809255890912 5.173635438730454
0.7983913157854676 -0.08433687517008073 0.5962034873806896 2.243718771304919 0.06188213483100619 0.9963922517241796 0.05807824113019192 0.18742642767188197 -0.5989506726493485 -0.009474818761631663 0.8007298667730132 5.494730988916859
0.7664024866811759 -0.09005262507076804 0.6360171012848427 2.5337177295643265 0.06438333253769694 0.9959075383967163 0.06342681968957364 0.21542640277958278 -0.6391259773317389 -0.007661571800683699 0.7690639020375958 5.806691785196888
0.7327791714231882 -0.09285045852931867 0.6741019791390924 2.847172927105143 0.06329409261916769 0.9956524965023873 0.06833713520539315 0.253726870292654 -0.6775164527654384 -0.0074093562108484105 0.7354702969343349 6.1140939871081885
0.7004718059029518 -0.09752205896209822 0.7069856414035937 3.173790448182832 0.06486327656648137 0.9952193154661697 0.07301554270228297 0.28451767394599814 -0.7107263921426571 -0.00528792386875971 0.7034486714558785 6.396364091410223
0.6693727745602932 -0.10117529773131564 0.736005195502338 3.5079924670461464 0.06626513079950785 0.9948656431129808 0.07649368989347916 0.3208768224526824 -0.7399655540074682 -0.0024313128912730117 0.672640370183091 6.657367529367807
0.6379166549166172 -0.10587918951477623 0.7627921988377226 3.8833168255726935 0.06800538388098568 0.9943789951876623 0.08115221311076569 0.36096740563540947 -0.7670968707687402 0.00010562797668040025 0.6415312772574204 6.930017440334873
0.6052978029962928 -0.10884216901179536 0.7885226388206423 4.283051171413659 0.06870146230965182 0.9940543942224915 0.08447467314805732 0.40542844698583475 -0.793028800715571 0.003040324285894548 0.6091765570537493 7.209762856304127
0.5757229184850285 -0.11134511952341303 0.8100280152497187 4.685606956575816 0.07122700298607226 0.9937479828811603 0.08597476702642258 0.45056162999442956 -0.8145365769421921 0.008198224072471477 0.5800542681037304 7.479589937155079
0.542116473787379 -0.11354143249415295 0.8325971846910808 5.1248685644604395 0.0743354057870078 0.9934246862298087 0.08707261472866823 0.5016569439503011 -0.8370089463648634 0.01468795072097915 0.5469920363303283 7.736724096805293
0.512342335495954 -0.11455164834650938 0.8511070738277584 5.586106204423169 0.0773038090351702 0.9931921651784368 0.08714037030460098 0.5521642259604871 -0.8552949505095921 0.021148117865822005 0.5177096722522461 8.000355364037233
0.48963794706489283 -0.11479119392095552 0.8643365447511049 6.100153070369389 0.0807787963986322 0.9930046817126152 0.08611903476709401 0.6069401925340572 -0.8681759423333875 0.027652918381776706 0.49548546826168904 8.274093337716515
0.4681552975885503 -0.11676550158641899 0.8758975025532658 6.66122130688496 0.08538638674565407 0.992570164331092 0.08668121963995942 0.6646714142467586 -0.8795111041358705 0.03420945072668198 0.47464716493694686 8.559637188905896
0.45408693141303247 -0.11956587345886716 0.882898103194199 7.211443096637989 0.09033107482715583 0.9920263888657836 0.08788595288488422 0.7233139489608248 -0.8863663777696372 0.039845271964581694 0.46126673266300244 8.83062273788996
0.44277762061826226 -0.12423585925709753 0.8879827869695903 7.827921775343817 0.0955678308905603 0.9912518322127837 0.09103073565380373 0.7815293825364511 -0.8915238462197764 0.04455621628291701 0.450777079288695 9.124835127295357
0.43034383781978053 -0.12833732367481876 0.8934952224844448 8.430281646178738 0.09890055534999238 0.9905858671787564 0.09464840145070837 0.837574079051621 -0.8972306623171133 0.047635817382471454 0.4389851563553127 9.407589277650967
0.4225861807064353 -0.13244554689144586 0.8965930498194675 9.033354050641377 0.1032910404497389 0.9898571119607091 0.09753901200860653 0.8962896837947683 -0.9004176146870734 0.051391390421261215 0.43198037472993034 9.68614945979153
0.4128007732888555 -0.13630358338327844 0.9005647421085288 9.686187362156204 0.1060086140156054 0.989209427896442 0.10112804514715368 0.9612993485470487 -0.9046312482589873 0.0537218849043109 0.4227957707400994 9.982067332598316
0.40220687450367404 -0.13996514145204772 0.9047869303213295 10.357663281105957 0.10867912178278111 0.9885570643470318 0.10461251845788899 1.026246955035417 -0.9090756176416291 0.056255574904955 0.41281573577275826 10.280150331270443
0.39112560318225464 -0.14288112797108338 0.9091786105078741 11.000275923664926 0.11062991068643308 0.9880114362991441 0.10767740990390791 1.0977793473016215 -0.9136639346044197 0.058466956580732546 0.4022434953996863 10.557895932197225
0.38046812508220934 -0.1444291314861687 0.9134463486021384 11.708673621779967 0.1120777843721243 0.9876501716033342 0.10947926188159998 1.1777991085800545 -0.9179774376566473 0.060723673390658234 0.3919567060828029 10.853186904437514
0.36969198312152757 -0.14789911012085968 0.9173078495473208 12.465116393570232 0.11295432309441486 0.9870817631756714 0.11362620164508916 1.2618590915494707 -0.9222630636157749 0.06160719139407139 0.38162205840147595 11.16923881917049
0.3562191533992489 -0.1532635289615854 0.9217473653023174 13.198761364871322 0.11473810597561716 0.9861658713577691 0.11963294364973184 1.3431795835187441 -0.9273311607989081 0.06314400097723566 0.36887633883448856 11.456900673742304
0.3421307270452208 -0.15901244793264657 0.9261002143472249 13.962774333290554 0.11678970111301645 0.9851312492226201 0.1260023314030823 1.4266723805249495 -0.9323662002268426 0.06504969798198346 0.35561468679880454 11.74518630254184
0.3295456229561628 -0.16328887702957476 0.9299120523086336 14.749346376934612 0.11927844085342079 0.984239404647853 0.13055821646306626 1.5204175359983945 -0.9365747892923509 0.06789357095381178 0.34382863040347317 12.029316471151951
0.31526024028144284 -0.16599196323486273 0.9343755396194419 15.520483078752873 0.12184145696287982 0.9835153612987185 0.13361210070429305 1.6159878331831996 -0.9411512313453402 0.07172309412516606 0.33028799176818846 12.28992070739073
0.30430033965825753 -0.16723006397557688 0.9377821756605282 16.259202704442274 0.12433943526741616 0.9830199041609748 0.13495026069158986 1.7104631264892227 -0.9444262851706582 0.07553789596005774 0.31992658244146943 12.526915791044717
0.287633502096632 -0.16804609937447354 0.9428825361393918 16.9975728002563 0.12752710921429508 0.9824399549230665 0.13619314001156063 1.8128232402114484 -0.9492122022430349 0.0810693743394376 0.3040130781021437 12.754003765502276
0.26994831439814104 -0.16840255630677795 0.9480340113007262 17.796462450113857 0.12864130699721923 0.9820680126553372 0.13781811438720346 1.9156842941921344 -0.9542428001759564 0.08475256661918612 0.2867711295856171 12.98906179945662
0.2489219954776647 -0.16913675631901218 0.9536407068856179 18.592912853478193 0.1286468525185285 0.9816828217338516 0.14053051216636028 2.0269344430247145 -0.9599415750474056 0.0877017398604307 0.26612135825776906 13.209832459600987
0.2225487703823636 -0.1701884566139501 0.9599520477798148 19.34766785872506 0.12846237077863065 0.9811791128893298 0.14416992655766106 2.1311902129905516 -0.966420955947889 0.09123287601007321 0.24022301771416282 13.400546763313558
0.19180748092928523 -0.1716405065605054 0.9663071078943875 20.139279059963823 0.12782041711085423 0.9805711532491022 0.14880240046898918 2.245090069675223 -0.9730733945747203 0.09497236399805634 0.2100200439183164 13.574360396462126
0.16040506540640925 -0.1729888335760478 0.9717741910803992 20.91947322987035 0.12798231674337282 0.9798565844069481 0.15330231764506524 2.359869743981153 -0.9787189288007894 0.09977944403707573 0.17931347120249358 13.715533926105614
0.1270070324933979 -0.1731194872977907 0.9766774579230194 21.718031570490183 0.12798766750413326 0.9792802602609753 0.1569373404580579 2.480729826749277 -0.9836098671038599 0.10507052384444948 0.14653263921386445 13.834257749137203
0.09456677779806483 -0.17333464648209418 0.980312309861413 22.552301402191603 0.12648764507380206 0.978836598619465 0.1608719641415505 2.610435574395921 -0.9874502520028923 0.10878425222431723 0.11449011436548057 13.938391523612507
0.06592203151586035 -0.17185661875531533 0.9829138254958124 23.31582109529949 0.12455043039959884 0.9787697793202481 0.16277871291009663 2.7314524110844847 -0.9900209472774285 0.11169163656864903 0.0859273080721154 14.006317432510404
0.03636037798470737 -0.16922203909057337 0.984907013072218 24.108383373019613 0.12567354931937785 0.9785087710808311 0.16348316096574547 2.860379840328087 -0.9914051048457837 0.11783245055548322 0.05684568305342541 14.041955599743876
0.008026479031081724 -0.1654865216638374 0.9861793887432286 24.90182363394153 0.1276511498459397 0.9783121353433584 0.16312740353149713 2.9885475874577283 -0.9917866502314765 0.12457759424359871 0.028976946614580112 14.051690657559675
-0.021464613036569047 -0.16181989971305002 0.9865868387750008 25.700157975912223 0.13007298650538543 0.9779747500949615 0.16323727012624284 3.121054196343871 -0.9912720557792198 0.13183212140277722 5.654806135474422e-05 14.04118153689794
-0.049726192162876826 -0.15894992914897127 0.9860335825094994 26.474592743261315 0.1324821760271806 0.9774812594509501 0.16425242907576026 3.2510572089103422 -0.9899372600564561 0.13879952249817556 -0.027548388450046868 14.01166293210846
-0.0772507071809928 -0.15581055145094994 0.9847615956649546 27.25715860235742 0.13605200195276604 0.9768263089511733 0.16522776675084522 3.3828621233101 -0.9876852641427233 0.1467427483638563 -0.05426218570921082 13.963277785825776
-0.10574005658406366 -0.14804921829882192 0.9833109728843196 28.06311253282046 0.13806493754367197 0.9770911853500961 0.1619595274511695 3.5183342062121787 -0.9847624654984882 0.15288637765429577 -0.0828772711488926 13.889300713759102
-0.1311066749343333 -0.1363863229580538 0.9819418570860726 28.884652381786093 0.14016871917569207 0.9779909164289777 0.15455257211400467 3.6526963826386116 -0.9814090737059188 0.15790040624517113 -0.10910404096687204 13.796091343921406
-0.154422163121747 -0.12191187640337103 0.980454634304214 29.638423546685708 0.14159173129792035 0.9793839254477548 0.14407952041356978 3.771615136458321 -0.9778065131532201 0.16107334033401036 -0.1339768706485786 13.68553231322658
-0.18183197000353696 -0.10861525321240416 0.9773125710100318 30.453131145035417 0.14074489478183988 0.9807729916708288 0.13518584763909738 3.8881443012553016 -0.9732050191390721 0.16213286396859142 -0.16304884281668658 13.554620820939132
-0.20733695227285293 -0.09882301342867726 0.9732653287973843 31.234972138712696 0.1446457387066279 0.9808524187752283 0.13040760275688937 3.995361377100511 -0.9675169241394277 0.16781699735026903 -0.1890726233597057 13.401081184819546
-0.23326018866136294 -0.09426028681989615 0.9678350493313913 32.010419041945994 0.14604409046038536 0.9806059240017915 0.13070250745181589 4.102633687572183 -0.961384838671416 0.17183428104200899 -0.21497016497996108 13.227284359057435
-0.25748607516812344 -0.09508845007116855 0.9615919653145915 32.78404561526588 0.14786078355480137 0.9795492271364805 0.1364569540290408 4.212284239580799 -0.9549021467046117 0.17731750697375165 -0.23816043319480645 13.030903871810034
-0.27741185840975097 -0.09810432954687653 0.9557291464310409 33.49041453617129 0.14994985525643886 0.9781608851153742 0.14393166343400865 4.314508098111951 -0.9489771871453081 0.1832397974089296 -0.2566426989479987 12.831540022275986
-0.295342893668318 -0.10028802863573896 0.9501130914117444 34.21455828591239 0.15513298561748043 0.9762434891172306 0.15126931853360862 4.422702890115975 -0.9427122211645669 0.1920701988039085 -0.27276859569678447 12.606594584944814
-0.30762063301936876 -0.0997023124179153 0.9462711001818049 34.94114715725288 0.1584185071196463 0.9752481179484329 0.15425525935935608 4.5365348501203275 -0.9382287155820512 0.19735895555195881 -0.28421175190462217 12.368334896095796
-0.31890198390625835 -0.09626090445643537 0.9428867179751136 35.66349631722811 0.16261789927961096 0.974519380639201 0.15449076215901839 4.651455760757552 -0.9337328009096278 0.20259766788346087 -0.29512241777547854 12.125783851181785
-0.3291727590937176 -0.0931215084760337 0.9396667916499858 36.44218954415231 0.16582102596541134 0.9739607809500019 0.15460848786221723 4.775103080113716 -0.9295959778411308 0.2067094139859406 -0.30515985343944124 11.857116121421171
-0.33673982761325133 -0.09053093458071398 0.9372355298338516 37.218641784106445 0.1645623762071583 0.9743895772733049 0.15324547640372332 4.88960068123182 -0.9271059879194242 0.20583756116193397 -0.31321779256430443 11.593607689881981
-0.34751373305100264 -0.09086338795546206 0.9332620479105596 37.9924036220029 0.16722355648428394 0.9733329147845529 0.15703286010817544 5.01120086869985 -0.922643207040351 0.21063447421127787 -0.3230520558300699 11.314729210154205
-0.3574223188687943 -0.08883162101269507 0.9297086796855836 38.75308166507575 0.17178474577030226 0.9722290261689824 0.15893621926780818 5.1349024594436745 -0.9180083262667538 0.2165171212231705 -0.33223643557283766 11.028207348867523
-0.363479019690525 -0.08586190372108532 0.9276371789305374 39.48086269155411 0.1781256142463355 0.9709672391145101 0.15966804976485283 5.254418991614098 -0.9144147132424 0.2232719284991665 -0.3376320158842797 10.750572264172781
-0.3677587832826992 -0.08217377890197515 0.9262834055403335 40.24022658694953 0.18305209890167773 0.9702017866105841 0.1587464089210242 5.382548865282867 -0.9117266072711265 0.22793850775724567 -0.34175814587992037 10.457202985300327
-0.37013360166251486 -0.07928879936443123 0.92558867928237 41.01122067347676 0.18598396303110054 0.9698547518972759 0.1574538844154687 5.50735940439843 -0.9101709083548986 0.2304236240441082 -0.3442293872794687 10.160232781827379
-0.36910421666959986 -0.07739148394621084 0.9261601564790642 41.742626418588735 0.19400886382431828 0.9681565791694897 0.15821946456877245 5.63343215803966 -0.9089128880120023 0.23808275120939631 -0.3423360418977916 9.872629593834125
-0.3658381642185304 -0.07632516774820228 0.927543479503481 42.50060580802684 0.19816685548264332 0.9673884323699933 0.15776412236262183 5.756815105820449 -0.9093362056958564 0.2415245115613236 -0.33878248969763364 9.58614920451742
-0.3580383466898858 -0.0755673969351373 0.9306439226793568 43.28129221589579 0.20194655756856345 0.9668602607786774 0.15620122923074184 5.883965729021513 -0.91160634606489 0.2438663663719031 -0.33091247357388137 9.302769046894344
-0.3494973227665392 -0.074359358731888 0.9339819629671677 44.04086805830265 0.2074041104502758 0.9659751063076074 0.15451740666454516 6.004638110450751 -0.9136931412390876 0.24771511815589498 -0.3221832768621917 9.030905876993655
-0.3415435902698228 -0.07348903001422491 0.9369884409175857 44.876724924476 0.21265366994256746 0.9650424347784379 0.1532041635754799 6.141709221797139 -0.9154924317576618 0.25157993072674373 -0.3139763460039145 8.743617365515867
-0.3363630825256135 -0.0729736549355254 0.938900805409825 45.72945090922812 0.2144641925066589 0.9648599581436352 0.15182348732501558 6.271424744078525 -0.916986906583913 0.2524284192725005 -0.30889303374672045 8.463377430019895
-0.3354624457188195 -0.07256606618429944 0.9392545520522559 46.56815036515084 0.2174354790636167 0.9641435833813687 0.1521478329418769 6.402793626748922 -0.9166170192379823 0.2552671476376654 -0.3076555271406753 8.185142538203795
-0.33670461127113144 -0.07276193162944569 0.9387948157368087 47.45686710461878 0.22085364939408866 0.9630950293696527 0.15385587396255346 6.539112169554242 -0.9153434712161712 0.2591402433220669 -0.3082087993437415 7.887484324860109
-0.33835352983488204 -0.072566898879513 0.9382168907215891 48.31165285819542 0.2238689971839508 0.9621898366627106 0.15515601929296347 6.673324384727964 -0.9140019480001822 0.26253526126978977 -0.30931484872517107 7.599728906120272
-0.34049664756267894 -0.07186706624755354 0.9374951508074837 49.206083527793304 0.2273559042392506 0.9611932250371312 0.15625900598132464 6.815587763738965 -0.9123438637959537 0.2663507254198657 -0.3109436689533682 7.297907156456352
-0.34115551250615445 -0.07082768303164898 0.9373347084169196 50.09672239816766 0.23210148568152927 0.9599354988304101 0.1570119053754796 6.957153128313488 -0.9109016503613824 0.2711222554523696 -0.3110480766173133 6.987859161781134
-0.34237259431057526 -0.06992382772378064 0.9369587317387577 51.00306482052381 0.2378081747888886 0.9583069647165579 0.15841411988618803 7.102081629765066 -0.9089709999051804 0.27705309904816655 -0.31146958381065576 6.670656670482829
-0.3441533355876509 -0.06845216195082508 0.9364148563153792 51.94125636691463 0.24224712543941784 0.9570981215687486 0.158995332968966 7.250748615818226 -0.9071244742703358 0.2815625813453049 -0.31280617155985885 6.349677328306253
-0.34458899526378045 -0.067707162953009 0.9363087975812004 52.86445286190415 0.24641989252030483 0.9558958894456044 0.15981328202398815 7.392494723638349 -0.905834234787679 0.28579501154822845 -0.3127068123031032 6.034749690768537
-0.34554735838314593 -0.06661131021557389 0.9360341641552379 53.74081383359875 0.25168542829006074 0.9543526607875772 0.1608273733980658 7.526098189804457 -0.9040196172102013 0.29115963353294144 -0.31300894476050495 5.735504610658634
-0.3452742300372768 -0.0655031694600872 0.9362131385869613 54.686918077050564 0.25577764210999887 0.9532308072197051 0.1610243024015895 7.676088218639241 -0.9029748079923464 0.295059931129173 -0.31237178677536276 5.417364346490395
-0.34683760955459414 -0.0650569662482611 0.9356662138503387 55.594869022205486 0.2621848411787975 0.951097450122828 0.16331793969403224 7.820675375383929 -0.9005347198495479 0.3019623014755773 -0.31281941569069666 5.101767763087352
-0.3482096565979331 -0.06604491476720716 0.9350872174751091 56.564435902075985 0.26745771812721975 0.9490529808225229 0.1666277546090837 7.9811546726260945 -0.8984522269247989 0.30811768664793765 -0.31280519034791143 4.764594740255776
-0.34670317962363323 -0.0669074282908417 0.9355855392631764 57.478961478913845 0.2733472347512026 0.9469504110181142 0.16901540854755165 8.132544709718722 -0.8972614972753115 0.3143378995796255 -0.31002175793827064 4.439378706076874
-0.3445788761241398 -0.06628728203379894 0.9364141147855455 58.35395609328093 0.27884958718577946 0.9452538116580522 0.16952327059210553 8.276211140736217 -0.8963862481404684 0.3195328274004025 -0.30723031484239877 4.140049757469328
-0.343628183047513 -0.0648443822242284 0.936864386082331 59.30150590586159 0.2835424482850766 0.9438914322898384 0.16932998573891767 8.434129045406744 -0.8952783655578692 0.32382737707580495 -0.3059615629784809 3.8221012409400985
-0.34255739374958444 -0.06297752301887952 0.93738373336745 60.26864905696451 0.2881658650475919 0.9426145812779982 0.1686362516882921 8.592175959897395 -0.8942118687474827 0.32788958927741274 -0.30475162187365695 3.496525920808793
-0.34131580572806886 -0.06048064408093594 0.9380008595154669 61.21455376722381 0.2915420312531008 0.9418998296170605 0.1668171303558741 8.747291237352222 -0.8935920572459312 0.33040399915695307 -0.3038526494340258 3.1797448026239032
-0.34263728332965454 -0.057145291367841244 0.9377281630339142 62.15371078142136 0.29396630275852287 0.9415034484588767 0.1647879527833528 8.902745969597456 -0.8922911547891524 0.3321229775467644 -0.305795393801988 2.8693470190739854
-0.3464174002404948 -0.05493010873387798 0.9364708580436988 63.033599703639965 0.29800531543096853 0.9401284850731073 0.16538217415741457 9.049849876867293 -0.8894873898968473 0.33636455626095446 -0.3093074013111639 2.565377452738561
-0.3514369393687087 -0.05536532892358363 0.9345730351344074 63.94392764600934 0.3017821113638952 0.9382665605751345 0.16906631411152606 9.20064880235595 -0.8862390393725071 0.3414535717483287 -0.3130332625016148 2.249490656054152
-0.3589364191617469 -0.05706020879408137 0.931616219036422 64.87398465970719 0.3062333389854707 0.9356776058415178 0.17529563605662044 9.362663899490602 -0.8816948389852085 0.34821193330938727 -0.3183750310683712 1.9105902755953168
-0.3656910451031157 -0.0565376590688311 0.9290175200922788 65.76515511199773 0.30899884686833134 0.9341646660665861 0.17848274232189792 9.522890647804239 -0.8779463378620771 0.35233488300155597 -0.3241455815753893 1.5906889630416172
-0.36955343125950857 -0.05390231881433233 0.9276447603855488 66.63930919367957 0.3121833792251295 0.9330856079228047 0.17858551459429542 9.677273420666902 -0.8751981485240375 0.35559216570921304 -0.32799758003120827 1.2665041185724066
-0.37470697050897966 -0.05046585445742202 0.9257688068766765 67.52854253631659 0.315632754727723 0.9319303361562026 0.1785547890558428 9.838311533530357 -0.8717629553926756 0.35910868283246755 -0.3332721163244213 0.9361671764933026
-0.37970003436582506 -0.04696308489186177 0.9239168537049377 68.36223887473558 0.31914626564920523 0.9307493768850572 0.17846920896962862 9.99331216690776 -0.8683165004908974 0.36262937840930354 -0.3384174772226221 0.6167708222860848
-0.3843377130465074 -0.045357915773153096 0.9220776441313909 69.20025828802078 0.32202400108012275 0.9294728040725813 0.17994679551968143 10.151229733057313 -0.8652081050582741 0.366091472129806 -0.34262511433825443 0.293859079717987
-0.38972422520648287 -0.044857229753226285 0.9198384951860156 70.0242876422217 0.32618645813031066 0.9273391832720546 0.1834241906094245 10.308124685285488 -0.8612301799284615 0.37152371136602536 -0.3467747238095714 -0.03141923834365218
-0.39572841224062 -0.04926117298816668 0.9170454517532641 70.93015372431796 0.32978874103559397 0.9243316002899236 0.1919647858114279 10.480366409311099 -0.8571105004791834 0.37839718490139346 -0.34953849634485873 -0.38356843278970737
-0.39914367658885214 -0.05418493750285358 0.9152859214403694 71.79648354852529 0.3355183588900306 0.9203836757782602 0.20080169373946877 10.652847660032844 -0.8532946479891191 0.3872439565812624 -0.34918528291498047 -0.7279025580499945
-0.4001696128498342 -0.05490135722207343 0.9147951256575367 72.68927828932537 0.3386803445492882 0.9186783336559239 0.2032873421714958 10.832232114973877 -0.8515632126669103 0.39117254536374313 -0.34903314253242645 -1.0806278831619314
-0.4011643933054796 -0.049817891753201976 0.9146503742988972 73.53462466291302 0.33949508031184783 0.9193216417402527 0.19897439401103495 11.0019063387912 -0.8507703685412995 0.3903407443366281 -0.35188617949960577 -1.4138598555882838
-0.4016244096177523 -0.043014699349195856 0.914793730432763 74.34885260662176 0.34258863459897226 0.9193141779520713 0.1936348875071843 11.168285188761883 -0.8493119927581408 0.39116643242513327 -0.3544826668555034 -1.7390232763551647
-0.40254086921602694 -0.03905105594365718 0.9145686762843407 75.20979738413189 0.3492172026798519 0.9169801342109715 0.1928594794530161 11.34587280104303 -0.8461726738457495 0.3970169372862 -0.355484679760775 -2.0908180029194994
-0.4007915396086164 -0.03827577649875838 0.9153693826601215 76.06492443519119 0.35374484920824034 0.9151809311953556 0.19315394077015616 11.514719725776096 -0.8451217210773807 0.40122166954168714 -0.3532569156483523 -2.4380035182004733
-0.39856546675298515 -0.03936430246306313 0.9162947235489092 76.90636072665438 0.35781757475443055 0.9132308224275323 0.19487444205228896 11.68666003401049 -0.8444596804518454 0.4055365786953501 -0.3498970297548087 -2.772656544936458
-0.3967749355097176 -0.042319023823679636 0.9169398839476174 77.80123161699576 0.3604007315580844 0.9115366211474443 0.19802096101044056 11.86670324841483 -0.8442043373755296 0.40903555900399624 -0.34642307692564484 -3.1194589899730056
-0.3946683276607378 -0.04588966254971008 0.9176769856613766 78.69848466027705 0.36350709939597103 0.9094689344945597 0.2018138892099797 12.049835186051174 -0.8438598816333219 0.41323164939341717 -0.34225736531065587 -3.465297990024262
-0.3935967350445837 -0.04752925153822685 0.9180536914638817 79.56636404264346 0.36397648330377647 0.9089930733528299 0.20310763697703005 12.22178222632665 -0.8441580004738805 0.4140924568798534 -0.34047717602087113 -3.7889572883839278
-0.3910254158905588 -0.04767313063525483 0.9191443829687747 80.41998849468713 0.3670335547565774 0.9077364922899387 0.20322605701018892 12.397597304263083 -0.84402932046841 0.4168233836777778 -0.3374504008132781 -4.103384622592386
-0.3908169147027942 -0.04726537283980978 0.9192541126981717 81.23053306472819 0.37348464310036256 0.9046333744498551 0.20529899950964986 12.566226881255137 -0.8412914837025178 0.4235616157795488 -0.33589313343358795 -4.418387602325029
-0.388437860701937 -0.0438274006164063 0.9204320655694866 82.08589761083977 0.3817901617068251 0.9014443090147227 0.20404516698232644 12.742473243194308 -0.8386610166194557 0.4306707753031057 -0.33342222856708714 -4.744871695909777
-0.3830059759222647 -0.04055313669934363 0.9228552787472574 82.948848536156 0.3890793708887193 0.8990124537228813 0.2009822161286979 12.917233847082658 -0.8378088478624895 0.436041341107708 -0.3285487532898571 -5.061614394422479
-0.3752624706300487 -0.03859638482785488 0.9261146782201717 83.78992955942628 0.3976502805221585 0.8958164533509556 0.19846192659138379 13.086334618575714 -0.8372886793318541 0.4427450744886218 -0.3208184322615897 -5.364088094695196
-0.3662822912835747 -0.037154427279773056 0.9297617069042835 84.6449902358608 0.40688892883096606 0.8922137519267822 0.19594902517625223 13.254151204990597 -0.8368265547213735 0.450082402906675 -0.31168437225326173 -5.668772471659313
-0.3557192912231357 -0.03598613698521408 0.9338997718152584 85.49307948593334 0.4127965551514363 0.8904546938598963 0.19154488309006287 13.420989565576672 -0.8384883958092786 0.45364681871226653 -0.30189695918545256 -5.9579371454773975
-0.3447116070709918 -0.03660250542566573 0.9379947572066161 86.36144459212872 0.41697134595411356 0.8892773982355237 0.18793777066005893 13.584654895422473 -0.8410165305175334 0.455901267363913 -0.2912820451250452 -6.236436864500476
-0.3327335448612571 -0.03842543318420091 0.9422376951749855 87.19608238487848 0.42438972171669676 0.8861691805241907 0.18600416014248003 13.741833602317111 -0.8421292966197572 0.46176581680944206 -0.2785508538867227 -6.502083234950945
-0.3202914350007277 -0.03940777918144314 0.9464990351844853 88.01748365229614 0.4303710369845215 0.8840223733915678 0.18244235765854305 13.88831773743734 -0.8439159716405671 0.4657804958165667 -0.26618482775475955 -6.748553139671015
-0.3072173295018716 -0.03985958637141637 0.9508042521087282 88.83868747458864 0.4366058640318886 0.8818595316078375 0.1780423713765168 14.031973610277076 -0.8455724876949974 0.46982441388959895 -0.25351960114868527 -6.982540396467042
-0.2916940608104475 -0.03835304831675626 0.9557424436388307 89.68201556548405 0.44627777512494415 0.878317029637544 0.17145070101405682 14.175887221385679 -0.8460205212153193 0.4765377625472028 -0.23908374798188398 -7.209966917304629
-0.28033700728930283 -0.03509116066376519 0.9592600131285297 90.53992993603258 0.45250272613395215 0.8764960848152992 0.16430427914328166 14.315180902073426 -0.8465532736841898 0.4801283409118043 -0.22983544345435375 -7.4295630613220345
-0.2691967817238737 -0.02756178545209162 0.9626907295140024 91.38386460892428 0.4592790512182049 0.8749328419448519 0.1534772790950187 14.446006292015781 -0.8465198437258366 0.4834592744678683 -0.22287055460376043 -7.641351225222098
-0.25392076760867904 -0.023092258375888464 0.9669493220330219 92.22753197011889 0.4651524853568275 0.8736021652323624 0.14301196547035716 14.56623858492144 -0.8480314906554978 0.4860925884072184 -0.21108431100435904 -7.839443089443109
-0.24056676271919564 -0.02391116498530388 0.9703380281447553 93.08252261974008 0.47003868876089366 0.8717886788689518 0.138014964637417 14.679401719179369 -0.8492298062025061 0.4892982276536195 -0.19848420761431051 -8.024350659102002
-0.2271771312448997 -0.026127150778889024 0.9735029137252312 93.9398275282739 0.47722427841672777 0.8684011296734041 0.1346716973665553 14.782647477908592 -0.8489096177620862 0.4951735554067208 -0.1848123667314937 -8.203052356858379
-0.21723500829380055 -0.025374582996354617 0.9757894658733275 94.79175950395032 0.4801297490665276 0.8675933137824381 0.12944985879220391 14.880388641067249 -0.8498731524368244 0.4966265925398774 -0.17628854854846637 -8.365098851739736
-0.21086431775435255 -0.02049079243040458 0.9773005509686188 95.69150801661836 0.48244580093249895 0.8673487831997473 0.1222789329546084 14.981094419427409 -0.8501660359368584 0.49727881083703146 -0.17300721265865437 -8.5299283664299
-0.20642214827270045 -0.01400585077960792 0.9783627818178812 96.53398281548967 0.48501299138822446 0.8669466919592805 0.11474245720528559 15.07117687261591 -0.8497954429667941 0.4982040439867987 -0.17216397900859093 -8.689384416424499
-0.20367161041321696 -0.010786014182774972 0.9789798450477598 97.36880738235581 0.4899447399516383 0.8645991315801342 0.11145624013306435 15.156312348159583 -0.8476272924495816 0.5023464975183233 -0.17080974657690046 -8.848928638722457
-0.19929727073585024 -0.010354532025004415 0.9798843715172644 98.20434526000173 0.4933362383895555 0.8629243306571117 0.10945755091184656 15.234062346484595 -0.8466994471291952 0.5052270610592022 -0.16687019807202286 -8.999460992010361
-0.19569985358802056 -0.010699624158277965 0.9806054687531062 99.09423508430318 0.49670139499592947 0.8611100682999362 0.10852269109074383 15.317444078785481 -0.845570394180594 0.5083059790277417 -0.16320459604411908 -9.156315059091895
-0.1914232017181262 -0.013953353087006293 0.9814084072299416 99.95881308581757 0.499459704735561 0.8593716271176777 0.10963762971982458 15.400970795047527 -0.8449243523472665 0.511161139409819 -0.15753453071567447 -9.305516802159293
-0.18559138441391088 -0.017727727621108358 0.982467081232099 100.80538936859853 0.503214127947603 0.8570647735403087 0.11052382272719785 15.483064636094314 -0.8439972627119483 0.5149035847900958 -0.15014299485839222 -9.445167399142637
-0.18172828067655633 -0.01979978155727466 0.9831494294625956 101.63078184893763 0.5097640337750214 0.8530704784502134 0.11140641214105676 15.562984606553238 -0.8409015768041833 0.5214199147012017 -0.14493381483018397 -9.578135447101795
-0.17838773391891244 -0.019264563023478648 0.9837716671051216 102.47313351355096 0.5119535606495538 0.8520032757317945 0.10951698443865149 15.642615602542396 -0.8402864797945516 0.5231818945202582 -0.1421243720150574 -9.70358662019145
-0.17498237999803928 -0.017841661459262192 0.9844098952197681 103.3165170317801 0.5148914843274348 0.8505590502288264 0.10693952235225151 15.723225361805342 -0.8392067242684086 0.5255768042733715 -0.13964632738628474 -9.83137318312815
-0.17105885566018975 -0.015882724870492193 0.9851327864561787 104.15276923166172 0.5231688714526865 0.8458004163009227 0.10447960436424197 15.80000454844596 -0.8348851417070189 0.5332629696836959 -0.13637230408325896 -9.96416461847843
-0.16614511170751706 -0.012718733091221845 0.98601928768369 104.97317267504349 0.5282970616410776 0.8431626753638222 0.09989453205619295 15.87449599833504 -0.8326451924542053 0.537508080592168 -0.13336808756604152 -10.086506792948422
-0.16061104882743965 -0.0137952243386541 0.9869213660570917 105.80852583532923 0.5345554234175274 0.8393472094100205 0.09872568738944829 15.949788635808229 -0.8297316375126707 0.5434206049102824 -0.12743412364623902 -10.205501942549452
-0.15483734764797485 -0.01671566118004325 0.9877985535748948 106.65164913393049 0.5394066769701311 0.8362404967186673 0.0987029304922454 16.020436807893088 -0.8276870378430368 0.5481080352622377 -0.12046472125725771 -10.317816068145294
-0.14806788634438522 -0.01934711874176115 0.9887879398687559 107.5349302017416 0.5441819012644444 0.8332481820021005 0.09779327955646502 16.093891747733732 -0.8257977714729684 0.552560545267744 -0.11284894524847205 -10.432202659522272
-0.1441445343526328 -0.01662544011675876 0.9894169737563566 108.35040453019127 0.5480579665310663 0.831163038456314 0.09381081401363389 16.15832626006674 -0.8239264642782725 0.5557801707914668 -0.11069590424632997 -10.53327478911888
-0.14101504939714848 -0.015150215175084802 0.9898915227557354 109.19735973712854 0.5522262669298621 0.8286744156281274 0.09135022165321119 16.224244080459034 -0.8216817546691839 0.5595258562957843 -0.10848921688463231 -10.63761777797136
-0.1373248123937698 -0.01435415550453445 0.9904220585794563 110.0406640210131 0.5583868646009116 0.8247522142682258 0.08937502168291955 16.289474705442156 -0.8181356888329585 0.5653120760070589 -0.1052437712095593 -10.739157933894058
-0.13360707871412936 -0.015669524278908775 0.9909104977374847 110.8664136110538 0.5624888986184929 0.8220179915469359 0.08884064668887129 16.351577787149967 -0.8159383478231867 0.5692458937770345 -0.10101348904752283 -10.833518443312974
-0.12779264888677522 -0.0166444722498158 0.9916612326969461 111.74089930895467 0.5682032239937667 0.8182808490687462 0.0869571635371193 16.4184394441051 -0.8129047515752328 0.5745775957961266 -0.09511283444179447 -10.934114337318452
-0.12161238243613587 -0.01676546858305905 0.992436067211081 112.56053476388722 0.5736462737200392 0.8147785773551882 0.08405844710776769 16.482222760179642 -0.8100249262123487 0.5795297998776646 -0.08946971537024767 -11.0254353656742
-0.11471665795337799 -0.017594672689871915 0.9932424255341412 113.3984360925808 0.5789455358145402 0.8113090599402331 0.08123838882763695 16.544427854919498 -0.8072559414141358 0.5843526647084205 -0.08288430671572095 -11.110249692950687
-0.11060740111245843 -0.01738375001151299 0.9937121354067711 114.25469086259663 0.5800175901288658 0.8107891152873186 0.0787439246717509 16.605397596430684 -0.8070598478181472 0.5850801789217821 -0.07959639610311936 -11.18395212460647
-0.10479756590369416 -0.01873949962180338 0.9943170024366402 115.07054361927538 0.5828803710119062 0.8089318728226421 0.07667919027138725 16.66219329273255 -0.8057716446175577 0.5876036557796228 -0.07385120476159535 -11.263214695768067
-0.10061101288153662 -0.018758106508766414 0.9947489922222374 115.90781916397539 0.5865303497435558 0.8064907170825477 0.07453101427848774 16.71539745445737 -0.8036538887584963 0.5909491151528055 -0.07013964915411824 -11.337802873434246
-0.09788759642846717 -0.0193552906092338 0.9950092417615477 116.72818688915758 0.5913580059966385 0.8030252841743442 0.0737977080971638 16.765193024584708 -0.8004459552081813 0.5956305614238969 -0.06716030887895136 -11.405979853141082
-0.09684459251618027 -0.0182477597974241 0.9951322244620315 117.59680981285148 0.5960528026517972 0.799649998306254 0.07267005339027971 16.81579544877731 -0.7970835472842939 0.6001890531084217 -0.06656514987216194 -11.47733239068155
-0.09390841879110434 -0.019035093887393162 0.9953988517578533 118.45228558779657 0.601874105767743 0.7953394012211168 0.07199165001244967 16.866606313419 -0.7930502945503736 0.6058654158028279 -0.06323233545925905 -11.545826969914016
-0.0903709747665235 -0.02093772340562655 0.9956880528852086 119.27189790698327 0.6069561167346476 0.791491448693397 0.07173255191072297 16.91356319568084 -0.7895804957559078 0.6108214946969508 -0.05881957444624686 -11.608418657322748
-0.08679737956842776 -0.021978464480546134 0.9959835149233806 120.14905869149155 0.6124882568865404 0.787307134360455 0.07075034530810326 16.96272741856716 -0.7856999109559207 0.6161691515194556 -0.05487464477928311 -11.6751589499458
-0.08207533842706988 -0.020375020570421287 0.9964178327182012 121.03946841439756 0.6165611508133646 0.7844657109649378 0.06682735688304686 17.010846135035962 -0.783017232332585 0.6198374035640554 -0.05182284258113429 -11.737033892061492
-0.07865559137318462 -0.018411701958960858 0.9967318130654349 121.86738804341924 0.6208605544982699 0.7813508373433155 0.06342744556578528 17.056824934817765 -0.779965043969174 0.6238203893861392 -0.05002651269367414 -11.791229682412935
-0.07639668588739562 -0.018943625882517967 0.9968975300520341 122.70512503804338 0.6262078958967784 0.7771263044508119 0.0627564980472442 17.102435997275606 -0.7759041290661833 0.6290594931872877 -0.047507226071413944 -11.844488162550144
