1.0 0.0 0.0 0.0 0.0 1.0 0.0 0.0 0.0 0.0 1.0 0.0
0.9999406420612614 -0.00255060603845296 0.010592769371086946 0.007956727407872677 0.002536761268135814 0.9999959109059491 0.001320232422626727 -0.000762202893383801 -0.010596093449046039 -0.0012932827292885952 0.9999430234885393 0.3085311949253082
0.9998080485735649 -0.004764217502950141 0.019004426829160488 0.018398174277654132 0.004722258378029684 0.999986314008216 0.002252126122785254 0.00011429347043353827 -0.01901489635342407 -0.002161950010149818 0.9998168630748445 0.6111467619943778
0.9996922422821809 -0.007401823305326815 0.023677705390978146 0.028719235986410175 0.00735406034566444 0.9999707457907382 0.0021036537612359337 -0.0007772327093919687 -0.023692583591866052 -0.0019288790712631769 0.9997174305313832 0.908236262423238
0.9996610991614452 -0.009806761710271594 0.024114606529840845 0.03938722012489372 0.009777083647704929 0.9999512941664923 0.0013483063831105212 0.0006114583133952909 -0.024126654527241703 -0.001112078915772911 0.9997082913639399 1.2343971054784273
0.9997064697342578 -0.012643092455650042 0.02066704102250118 0.047657011330975316 0.012637351260002266 0.999920062094969 0.0004083786541186544 -8.305147098541929e-05 -0.020670552111619583 -0.00014708212571756368 0.9997863304937958 1.5725428000060395
0.9998359721178458 -0.014945848205016632 0.010229881748816363 0.05066400313545726 0.014957387665732907 0.9998875781494557 -0.0010524336715146594 -0.0017941790482939167 -0.010213002172679005 0.0012052733501400654 0.9999471195532154 1.8990642622443021
0.9998656282098808 -0.014729921257893847 -0.007194090922188751 0.033623895678328304 0.014718698033021274 0.9998903770596509 -0.001610525293801381 0.00025849893959325 0.007217025195550262 0.001504421232728825 0.9999728252628075 2.241490688393661
0.9995818029677475 -0.011681817623279578 -0.026452869650830015 0.00445219777305015 0.011649484078799444 0.9999311955797089 -0.0013760912876423404 0.0014064112329351074 0.02646712482392387 0.0010673535265138387 0.9996491144696745 2.6065063740889194
0.9989169121781052 -0.009369017193869783 -0.04557657382231427 -0.03368695885589748 0.00928348281642846 0.9999547275234626 -0.0020880254488740532 0.0019572014705380707 0.04559407320427697 0.0016626545940274333 0.9989586658457618 2.9609440460586027
0.9978328854701419 -0.009606144553422409 -0.06509419836782186 -0.07074225368813596 0.009432172403563546 0.9999510774010095 -0.002979417444685717 0.0008613913283645573 0.06511963450511714 0.0023589810043737657 0.997874675703588 3.34429461224254
0.9962140606242801 -0.011472010926628395 -0.08617388455780897 -0.11872589655738743 0.011291845003419452 0.9999329221145393 -0.002577888263212145 0.0018165192800846247 0.08619767775817408 0.0015950663867609044 0.9962767768608881 3.7492975062101244
0.9943125896417645 -0.012940276650519483 -0.10571198285954235 -0.17343981763071598 0.012790008875380544 0.9999160007452389 -0.0020993157492705476 -0.0006736897179623769 0.10573026885833518 0.0007353188801253168 0.994394574378445 4.1496228143387475
0.9922680675411525 -0.01275534327831493 -0.12345599765098159 -0.24168524859997265 0.012687345982429933 0.9999186185702661 -0.0013369698772923563 -0.0049171610997214505 0.12346300413512115 -0.00023969643930244248 0.9923491468004334 4.567371905068925
0.9900715353761708 -0.012845779187477356 -0.1399762151043475 -0.31709856904863537 0.012916424044629627 0.9999164979804037 -0.00040380255669604027 -0.008936510611659704 0.13996971396616947 -0.0014081987331531708 0.9901547839345911 5.0025337964422825
0.988020093644499 -0.01281372571339137 -0.15379240224425114 -0.39682413759197543 0.012847810728990368 0.9999171652490967 -0.0007722691777794526 -0.010948113479134066 0.15378955853434137 -0.0012128782102424768 0.9881028795688533 5.449243240252493
0.9856123389731203 -0.014077491433861665 -0.16843438336297228 -0.47890689120850494 0.014032957728025134 0.9999004749113515 -0.0014547747102261178 -0.017153325890583104 0.168438099494558 -0.0009297886768536625 0.9857117946599189 5.899252985155683
0.9836212097623231 -0.016328529675917518 -0.1795068099664371 -0.5648511572755074 0.016019361985534324 0.9998666508243732 -0.003171846595795745 -0.021835381837353136 0.1795346644725756 0.00024431101801624115 0.9837516173124424 6.351167748400824
0.9818743136503133 -0.015833079037391676 -0.18887071186905144 -0.6648919473667578 0.015126472675442591 0.9998721593027692 -0.005182169006999935 -0.02423190945226996 0.18892861619703252 0.0022312909746893886 0.9819882887908903 6.839650179937363
0.9802777043492508 -0.016312303193600476 -0.19695058040097987 -0.7721972501378452 0.015359575956229637 0.9998617817455797 -0.006364026319825506 -0.02818413459537615 0.19702717016241086 0.0032134357119243955 0.9803927621360318 7.347041705488649
0.9787508816509827 -0.01703790759093988 -0.2043438801930378 -0.8819711891841686 0.015476701230352113 0.9998375714935759 -0.009235927070673357 -0.0358339855572453 0.20446804979372799 0.005877102581287214 0.9788555952124902 7.851687458273029
0.9763723937586836 -0.020123242909039857 -0.2151557663665147 -0.9984877424163947 0.01828829888422257 0.9997774513503617 -0.010515982849779601 -0.043753684083016386 0.2153194994185613 0.006332682385789788 0.9765231232817486 8.376420869434853
0.9742827967873404 -0.025129754211306317 -0.22392303887165643 -1.114590541436971 0.023095230220077645 0.9996647963829899 -0.011700650137376273 -0.052947881462125077 0.22414201352115948 0.006228188005752835 0.9745365911287506 8.903849661299661
0.971515037882304 -0.02634830086196636 -0.23550859476934832 -1.2537865769600112 0.02358562078664787 0.9996160732755539 -0.014540445016274767 -0.061624547453232474 0.23580129274593525 0.008571644582585565 0.9717634883285623 9.454479040391359
0.9689151197944988 -0.022089210068613134 -0.24640527070693288 -1.4060998400112918 0.017881574721944196 0.9996538030317115 -0.019300864480634842 -0.0667430766815984 0.24674630679926238 0.014294785160364785 0.9689746741778876 10.002975139595813
0.9664257006035479 -0.019551660511731492 -0.2562012837285863 -1.5724327623134593 0.014395334101703763 0.9996546315172326 -0.02198617843660424 -0.07756505647093201 0.25654266617668475 0.01755990482263147 0.9663733803109325 10.576096670495664
0.9634131592855198 -0.022331867286410862 -0.26708869728799056 -1.7378839592298498 0.01679069304947468 0.9995941619990288 -0.023012690507146893 -0.09381280965610436 0.26749421889531 0.017686124532003567 0.9633971371436738 11.152046210698924
0.9601718262192194 -0.023345200744724206 -0.2784332338946594 -1.9063490956053293 0.017026434968146816 0.9995401658969174 -0.02509097987402346 -0.10926209758831247 0.27889095476032394 0.019350926617392548 0.9601277920110028 11.706983505515892
0.9571625728797528 -0.022142350473999102 -0.2887031787038353 -2.0818472887423183 0.014687543285114561 0.9995010557587276 -0.027962753967321084 -0.12270897874635504 0.28917829301394654 0.02252456109840182 0.9570102188570739 12.261234826612592
0.9542712121785766 -0.02099194017939621 -0.2982042790684511 -2.2766737782459034 0.01214368417914449 0.999430170838179 -0.031493881198186906 -0.13966524647157624 0.29869547124418744 0.026432405601325166 0.9539823601054371 12.844417426294054
0.9520445430814358 -0.02155401866060678 -0.30519929925941575 -2.4736104958112 0.010692289524556198 0.9992500383675831 -0.037216068668073726 -0.16312828943894103 0.3057725673332768 0.032168075820010245 0.9515610080097098 13.441874056134433
0.9500836948931367 -0.022712823057023015 -0.311167318925021 -2.6812974274218435 0.009180352185845345 0.9989499595387767 -0.04488540376581696 -0.18932929091906242 0.31186005488351537 0.03978826468014073 0.9492945802867485 14.057090512032866
0.9491379267946864 -0.022795360358204786 -0.3140343412208673 -2.8921744960714246 0.006421251366517902 0.998569759501529 -0.05307732981176045 -0.21642055893210482 0.31479511344805294 0.04836121333463408 0.9479268060320003 14.66333974263387
0.9483068734475956 -0.02385637538243469 -0.31645686455764943 -3.108962420891228 0.004488025024525725 0.9980789543353473 -0.061792058909207526 -0.25216154412139247 0.3173230710229329 0.05717756786076254 0.9465922006493095 15.282371926779767
0.9476728987582665 -0.02348929088864832 -0.3183776533814094 -3.334909776854588 0.001162052822904245 0.9975366629100022 -0.07013740645057652 -0.2920552899754598 0.31924085984150147 0.06609734763154308 0.9453657567543547 15.902185042222815
0.9472018888017332 -0.0242729121982928 -0.31971769982883885 -3.5613514994132998 -0.00041165795869894245 0.9970376066354837 -0.07691450768425948 -0.3396711817779463 0.32063750932814233 0.07298518129045745 0.9443859120740021 16.52442172403562
0.9466210134268248 -0.023509910454285306 -0.32149018810719976 -3.7962872575751287 -0.00332418810833408 0.9965718284727232 -0.08266523131252768 -0.39347474442743585 0.32233151678387206 0.07932133890047988 0.9432976828567129 17.177866023243755
0.9463926064633138 -0.023807130962728684 -0.3221401169474221 -4.030766152650033 -0.004925149996907992 0.9961008635716836 -0.08808412166363627 -0.45070707116384356 0.32298107890259337 0.0849487498852679 0.9425852388849759 17.830830582516366
0.9463542293833265 -0.021976147214247482 -0.32238288025561845 -4.286400697199926 -0.008446827558928395 0.9956612592139749 -0.09266772903568972 -0.5119314826043622 0.3230206241596354 0.0904196098977429 0.9420626149643451 18.52268902394874
0.9459219238493081 -0.020184640650038266 -0.3237658015650398 -4.54824764157352 -0.011251614581968671 0.9954202843859816 -0.09493080955217065 -0.5751460702731012 0.324199190545755 0.09344002201819351 0.9413627606479433 19.238254866322546
0.9457589426015441 -0.018393476948606772 -0.32434811930231766 -4.807206048937458 -0.013559426029216417 0.9952909395888574 -0.095979620431047 -0.643075596051334 0.32458614335021696 0.09517155866155981 0.9410559016163503 19.943767762823295
0.9444702808870913 -0.016939815048553755 -0.3281599170940592 -5.072763390522119 -0.01530010682377047 0.995320091511835 -0.09541395162162514 -0.7144216760791885 0.32824045340609714 0.09513652347544238 0.9397910654229303 20.67680333388055
0.9432547830278784 -0.015609032118498569 -0.33170283750874624 -5.3364749425624485 -0.016710935480744864 0.9953977674966646 -0.09436116308108088 -0.7833518847191586 0.33164915035378645 0.09454968312469185 0.9386528636778518 21.390257607010877
0.9414003417724304 -0.014712923852912809 -0.3369702158684797 -5.608324509822371 -0.017788754166192366 0.9954920073402516 -0.09316235047964126 -0.8549214557520107 0.336821847177356 0.09369734891327038 0.9368947913563501 22.124403771955148
0.9384844026206758 -0.014023212223008447 -0.34503677420915874 -5.927595822223838 -0.01865260740361823 0.9956578536988168 -0.09120043094696591 -0.9396131157233887 0.3448174970542533 0.09202601744514578 0.9341477965709848 22.969478977671823
0.9352453008513744 -0.013679810823616963 -0.3537359043287129 -6.215643848592575 -0.01791643197886082 0.9961432908503771 -0.08589263972499457 -1.012480993229552 0.3535466428925172 0.08666837294890746 0.9313932383423341 23.717945596454378
0.9329378248808536 -0.012399848953340379 -0.35982392729294166 -6.474216026813744 -0.01841721918909484 0.9964547202652266 -0.08209017297149414 -1.0724448993771971 0.3595661565608236 0.0832119835545538 0.9294019285804146 24.363733422806312
0.9299047800620991 -0.010497518011018326 -0.3676505162967513 -6.784157815391408 -0.019951840571736327 0.9966810542122999 -0.07892274850801097 -1.1387285402008218 0.36725879713828424 0.08072594558050762 0.9266090317035949 25.120572255133865
0.926572982710427 -0.009762832596905094 -0.3759882907894712 -7.103877737678381 -0.021219575837417223 0.9967139350362679 -0.07817327744056032 -1.203642457669726 0.37551596146153793 0.08041155889673776 0.9233210405289234 25.877753380535037
0.9232362186643521 -0.0104333537175962 -0.3840911736509344 -7.437703895023333 -0.021044038479439423 0.9967578564451269 -0.07765902432680696 -1.272513638297954 0.3836561389979634 0.07978045340256751 0.9200233944112813 26.660086876104028
0.9200937237228596 -0.010200684313121284 -0.3915654295329789 -7.774348206269246 -0.021789701738419386 0.9967799533578268 -0.07716821549134939 -1.3392003355378297 0.3910917391916543 0.07953408466508341 0.9169087091485905 27.43192928101574
0.9167708754388226 -0.010087406917718963 -0.3992861206814124 -8.130280778826434 -0.022060472922016176 0.9968762330850434 -0.07583608273527577 -1.404942419423446 0.39880383333362285 0.07833275261249893 0.9136845639423692 28.233854821710914
0.9132417861934569 -0.010609237742158151 -0.4072798595863969 -8.483836691364822 -0.021551029128700296 0.9970034334884015 -0.07429472899091162 -1.4724022797230814 0.40684762884116543 0.07662635112589831 0.9102765564483424 29.013686420346577
0.9099518967443377 -0.010072160536222848 -0.41459148229735115 -8.852740403129278 -0.021484726640172293 0.9972176660178764 -0.07138160199278404 -1.5396039166019375 0.41415691728206033 0.07386120879048566 0.9072037090441314 29.813010117394047
0.9059889103961798 -0.007654884689922414 -0.4232322022005498 -9.237953802627164 -0.02229184652776813 0.9975863069575165 -0.06576194757795933 -1.603516979167119 0.4227140497044374 0.06901422252875006 0.9036314897518937 30.626391234415216
0.9026648459675373 -0.00822995482406929 -0.4302655502105604 -9.622382311401664 -0.020504118871264385 0.997859121811926 -0.06210277067929599 -1.6682159443189364 0.429855507076175 0.0648802039171113 0.9005636025156463 31.43074550219079
0.8988663142325672 -0.008038672918351964 -0.4381492084617652 -10.039025655354457 -0.020345377265546923 0.9979880879628639 -0.06004866283398549 -1.733533984411346 0.43775040235490614 0.06289003118093406 0.8968943244419484 32.28861302232815
0.8960377933649213 -0.007802568846638287 -0.4439092168237962 -10.45736496628489 -0.02025730100582466 0.9980857819323296 -0.058432984353785224 -1.794403372285949 0.4435154051638816 0.06135056498455221 0.8941645226458016 33.13120059989841
0.8934937863458134 -0.0075494120595511315 -0.4490120935330998 -10.877682648901613 -0.02003409793421622 0.9981931270374533 -0.05664906049664834 -1.8486656760494116 0.448628452821914 0.059611135811572936 0.8917281109205148 33.96199371771828
0.8905147309395125 -0.008359096667000718 -0.45487760934413946 -11.309431940760096 -0.018908086574199234 0.9982873272852275 -0.05536150687815228 -1.9057818009119512 0.4545613250616801 0.05790110262014751 0.8888315161342677 34.80571327900496
0.8886430680642141 -0.008479702893804897 -0.4585210924485956 -11.742759520257282 -0.018828644324262955 0.9983113730538373 -0.05495347654400587 -1.96150977538519 0.45821281053057783 0.0574673565617473 0.8869828201241973 35.63616445069356
0.887452093937554 -0.009469773032809709 -0.4608026739989235 -12.18944934113402 -0.018011796694789105 0.9983125932148772 -0.055204541556041646 -2.017677971564811 0.46054788691913096 0.057291270079255656 0.8857840336261595 36.48801711664973
0.886329365783227 -0.00879559062572875 -0.4629718057677459 -12.655200924712743 -0.018922916926349884 0.9982964077928997 -0.05519243972493862 -2.0713499985400037 0.4626685407127885 0.05767945711721907 0.8846529837520257 37.36120222060873
0.885732709694714 -0.008565270319685597 -0.46411658354470636 -13.130081448544944 -0.01900748156160603 0.9983219911483309 -0.05469842442262242 -2.1283634083524827 0.4638062986005525 0.05726987108404247 0.8840836381499617 38.25418495732973
0.8849248383219442 -0.00719539349454082 -0.46567827610201 -13.618700390466627 -0.019730798150127838 0.9984037552739521 -0.05292104552283138 -2.18421853544218 0.4653157273564263 0.05601935172178806 0.8833703108591724 39.1692753715521
0.8845385138878222 -0.007868339947660737 -0.4664008004662848 -14.100869588044054 -0.018594240306249035 0.9984682878904001 -0.052108850540448164 -2.244399027070277 0.4660964188626175 0.054764653780347665 0.8830373497308946 40.07434054197472
0.8838764262610737 -0.009801873712328522 -0.4676177780748724 -14.588148246830347 -0.016578723790951662 0.9984955560561822 -0.05226634149736375 -2.302117113371595 0.4674265814193887 0.05394949311887256 0.8823841811675913 40.98832677533062
0.8825437147490994 -0.011902490716971963 -0.47007969778708025 -15.078556156357195 -0.014695596930024118 0.9984931592848398 -0.052872018045936234 -2.359432373739856 0.4700006712630638 0.05356996897620847 0.8810389477407667 41.90089389479159
0.8819972756068705 -0.01269062730670981 -0.47108359534229216 -15.586296170637123 -0.01315650003929382 0.9985845924797828 -0.05153366054048834 -2.4185895667570407 0.47107081455846356 0.05165035953939153 0.8805819257915061 42.842630138101896
0.8800639668440224 -0.011979723991304769 -0.4747040135451306 -16.09985058145661 -0.012473523471536897 0.9987535500734769 -0.048329674402295054 -2.479540499961081 0.47469129492225615 0.04845443662575175 0.8788175818088261 43.790393484526646
0.8778344403134688 -0.012499475772901579 -0.4788010636004705 -16.608693705637716 -0.00997713928301415 0.998965306056136 -0.04437086868541211 -2.5381389638743945 0.4788602636378033 0.04372734157907837 0.8768014413236102 44.71381819880689
0.87506755048342 -0.012733087797519551 -0.4838332879888361 -17.12851007095578 -0.009226555503371626 0.9990333737668073 -0.042978934068379895 -2.595120164640961 0.48391285658111066 0.04207358524361339 0.8741042046920139 45.647627011227044
0.8705449351312748 -0.015578279387995785 -0.4918422848114975 -17.669738404666113 -0.008142568144347356 0.9989059149196757 -0.046050751595389544 -2.654405362795051 0.49202155898019284 0.04409410788070396 0.8694656377045074 46.59969795428519
0.8654931609926957 -0.018994635794105926 -0.5005604779503882 -18.191769546897596 -0.006869309963959881 0.9987367750065015 -0.04977616729150589 -2.709437874106028 0.5008736376128123 0.04651943744997578 0.8642693683591054 47.51069420782228
0.8597932018076055 -0.018891337254680313 -0.5102928252505186 -18.744958593346222 -0.007464471790964151 0.9987437022059122 -0.049550973400227745 -2.7662930004457142 0.5105878296496189 0.0464126564716792 0.8585720316507718 48.438841703600986
0.8544003823560558 -0.017145696713334893 -0.5193322748626741 -19.311059060079618 -0.007486016788130431 0.9989455601781936 -0.045295997096022084 -2.8237831277438765 0.5195613016598462 0.04258864736628 0.8533711155956927 49.36529251597869
0.8497818595895383 -0.015678328406256395 -0.5269013011285242 -19.88501803884543 -0.007475561278758365 0.99909864104181 -0.041785421524450486 -2.8788963802989995 0.5270814994819242 0.039447376171224055 0.8488986967931406 50.28289702115724
0.8458497249362902 -0.01564948583773354 -0.5331916507394102 -20.466372906558473 -0.008644553837014995 0.9990361259542584 -0.0430359236832014 -2.934938673390926 0.5333512112240503 0.041011128140078804 0.8448991495169804 51.198982959193856
0.8435626002844109 -0.01876531577498266 -0.5367028994940019 -21.034406817428742 -0.008167447930755262 0.9988254390883032 -0.04776018241544758 -2.9885310848992255 0.5369687441515584 0.04467219665433539 0.842418519888051 52.091229755916714
0.8418945671169731 -0.020897018360079865 -0.5392372877338725 -21.614846088499903 -0.010726506866979381 0.998404509381994 -0.05543805278085386 -3.0487248086207566 0.5395354297072226 0.05245712791755359 0.8403271802228488 52.98946585645188
0.839073923584984 -0.021942510226663037 -0.5435747207189213 -22.186522894546854 -0.011067705899549394 0.9982909214858212 -0.05738241860632084 -3.10941606147169 0.5439048231499898 0.05416421626814833 0.8373970271204906 53.87429674799427
0.8375728342878617 -0.02189234466548798 -0.5458868678655366 -22.78118605874348 -0.00957346859637065 0.9984552330828869 -0.05473112668703734 -3.175834231853206 0.5462417925809344 0.051067335689711744 0.8360693938086251 54.77975643926392
0.8350095893931804 -0.01966210270883835 -0.5498839762518085 -23.379087610707863 -0.009342442702997986 0.9987106529142176 -0.049897399932245755 -3.240379822441817 0.5501560727518816 0.046802066970641064 0.8337492801445181 55.67834531017191
0.8322924729630491 -0.018068808066029216 -0.5540421984146383 -23.972060266232067 -0.009782905141903163 0.9988342066575664 -0.047270734897339683 -3.2999437147145256 0.5542504255442994 0.04476321911818944 0.8311454265037739 56.55776635218
0.8302791046965345 -0.01780799909026334 -0.5570632670287301 -24.576445674739347 -0.011043315766014018 0.9987675717837298 -0.04838783659272626 -3.3570991536811574 0.5572384170902194 0.04632723520385662 0.8290591859434122 57.44603618394904
0.8271836436003251 -0.01955198464811201 -0.5615914348139676 -25.19050630040666 -0.01073709904403028 0.9986621064592336 -0.05058371107901759 -3.4197132236144014 0.5618290972032415 0.047871881295044535 0.8258670283508504 58.344740352614586
0.8244963868275048 -0.021835745417288954 -0.5654457607325932 -25.792376736241845 -0.010204873770659807 0.9985189294271203 -0.053439761667157415 -3.4834150976182547 0.5657751926867373 0.0498311930199251 0.8230524184658572 59.21146427263651
0.8218526657107523 -0.023518171788272924 -0.5692144512043484 -26.40729212249733 -0.009105862519724332 0.9984776283157549 -0.05440136965846546 -3.5472500832965004 0.5696273159987171 0.049893099209033016 0.8203873472448336 60.0939835008726
0.8186809242803664 -0.024278818446826507 -0.5737352030286019 -27.025972251917214 -0.008058108454790896 0.9985217521120844 -0.05375292966103495 -3.6143703151556656 0.5741921377967273 0.048629718628009556 0.8172750695809734 60.9757162235982
0.8157779150664685 -0.023813712257703144 -0.577874813777442 -27.65531544810346 -0.008655350909750574 0.9985374285113224 -0.053367487880026904 -3.6796497401208157 0.5783005085510776 0.04853772729025389 0.8143786655107451 61.8573762215731
0.8110517545051734 -0.024241171785827312 -0.5844719130159552 -28.29389373281803 -0.009320142771648424 0.99847869421698 -0.05434548862114342 -3.749371855008834 0.584900150840121 0.04952436557094648 0.80959196559872 62.73774743863514
0.806114830375287 -0.025341804703568588 -0.5912162660003434 -28.943292653892915 -0.009355625012317431 0.9984119606943963 -0.05555203887347777 -3.8181985905436315 0.5916851802518391 0.050312520079376595 0.8045975999178789 63.615458742529675
0.8021507114061376 -0.026709700971916772 -0.5965239543091445 -29.60121573402549 -0.009094141739319382 0.9983367488636231 -0.056930066348428024 -3.8916977483473936 0.5970523702127417 0.051091366613176786 0.8005736315173924 64.50365945563208
0.7973263128175 -0.02719515167827115 -0.602935464717449 -30.277020147814337 -0.00968824883596956 0.9982789265122873 -0.05783876482055638 -3.9667985999558892 0.6034707024565009 0.05195775790650634 0.795690582242863 65.39482253726965
0.7925901655862841 -0.029066618427740304 -0.6090615413150654 -30.941824107064416 -0.009140326425271085 0.9981845760811225 -0.059531558912808896 -4.039424843039728 0.6096862175322207 0.05275114943701126 0.7908856000613034 66.26343847214208
0.7871350986438388 -0.029035816451527377 -0.6160967925950821 -31.636391504302097 -0.009725326890994845 0.9981828214403796 -0.05946825201892774 -4.115283038470582 0.6167039439632421 0.052801291123575976 0.7854223508125204 67.15109532152685
0.7823250278310572 -0.02948525541954325 -0.6221721389952944 -32.334587046266144 -0.008778121823999355 0.9982578291161792 -0.058345961175526956 -4.189476974077312 0.6228085543779714 0.05110700853207285 0.7807032587818011 68.02316850624986
0.7781025044008829 -0.030448274791994797 -0.6273989123414745 -33.02620816890064 -0.007629622108558134 0.9982926301780276 -0.05791039111175623 -4.265224801836861 0.628090981874087 0.04984703696737799 0.7765416868359472 68.87926885608589
0.7731692923915847 -0.03188857286970214 -0.633397477278707 -33.735858524126954 -0.00667625299457803 0.9982704880306487 -0.058407708164276304 -4.33680389240033 0.6341645472183453 0.04938776819602783 0.7716191906659442 69.74327710746326
0.768971158857549 -0.03415848223538909 -0.638370233435624 -34.457268948115114 -0.005676285466159786 0.9981672761860658 -0.060248390307105604 -4.411173724806631 0.6392582706767158 0.04995284619183657 0.7673679538062231 70.60554593837236
0.7649120488589122 -0.03285482222081969 -0.6432962911188745 -35.17683587364561 -0.007747007953799744 0.9981568713438276 -0.06019006609786785 -4.487308738359016 0.6440881472114087 0.05102372826382123 0.7632476909731433 71.45244701453618
0.7607064379740411 -0.032553996949925 -0.648279224183091 -35.91804054250892 -0.007481187280970945 0.9982355001548844 -0.058906010452199696 -4.564790051738286 0.6490529616770215 0.049660079672830724 0.759120629034131 72.31555304380196
0.7581339722974835 -0.031947693045481736 -0.6513157644011932 -36.65758022417362 -0.008465905669444058 0.9982327848808712 -0.058818667361449334 -4.641129042535407 0.6520438700652241 0.050106407754422266 0.7565237203236347 73.16534968107926
0.7539050032883436 -0.0319638657483822 -0.6562054230979976 -37.413977649034486 -0.008920819386065119 0.9982256365066803 -0.058872723754844154 -4.720374304976217 0.6569228759894755 0.05023833105560321 0.752282157899856 74.02592256075935
0.7504484892260141 -0.032798980232384485 -0.6601146051361902 -38.1486272125689 -0.010530072815045194 0.9980477830971699 -0.06156086598915021 -4.794365427099527 0.6608450518729051 0.05314931373536179 0.7486380753505377 74.84888453883211
0.7476576686022698 -0.0346160911565704 -0.6631815262906972 -38.91071679247301 -0.010983337721815551 0.9978593518018657 -0.06446766874991788 -4.870311852092778 0.6639935066495056 0.05548369359190683 0.7456769963413732 75.70276453766317
0.7443910538689542 -0.03423967839604954 -0.6668655061878694 -39.684358143132876 -0.012850048366789225 0.9977650075544806 -0.06557336316507485 -4.950078259593579 0.6676202776854814 0.05738147892083922 0.7422873639635922 76.55823876591388
0.7417131961768049 -0.03321136971633142 -0.6698944241735065 -40.453898642715814 -0.013239662706822993 0.9978537438501792 -0.06412969059328577 -5.032826840483425 0.670586494009981 0.056435014005014196 0.7396815823350313 77.40598020877825
0.7383595582083111 -0.03287605458689192 -0.6736054689781161 -41.23169007576575 -0.013251658480226572 0.9979110179256103 -0.06322969120750185 -5.114533243389003 0.67427706200786 0.05561263649092983 0.7363814760791967 78.25467665182461
0.7344282126688033 -0.03300226137553892 -0.6778835085619122 -42.0217652822691 -0.013867024111743858 0.9978788228549852 -0.06360472104988618 -5.195375090804486 0.6785446971853746 0.05611332855614727 0.7324127171751993 79.10079301166351
0.7317758347478187 -0.03358851483933944 -0.6807172242201756 -42.82810776613689 -0.013821352621767799 0.997848104358647 -0.06409470211772272 -5.276793953394647 0.6814052376455864 0.05631138693676735 0.7297368908109414 79.96439378465088
0.7285372269746226 -0.03417059847256287 -0.6841534032014709 -43.64915481571603 -0.013212589138281416 0.9978682559530465 -0.06390908581327467 -5.363990878846896 0.6848787749670671 0.05559958598094433 0.7265326899998082 80.83488356722332
0.7257330388214447 -0.033884208070812945 -0.6871414823792882 -44.45864689392895 -0.013899667974385015 0.9978603595885263 -0.06388663390771969 -5.450139313136621 0.6878359946914624 0.05591567942242139 0.7237092518418814 81.68268115153164
0.7243193948548697 -0.0361263227730857 -0.6885174674908188 -45.27246273097997 -0.01217677217168072 0.9978002537491242 -0.06516425275918415 -5.536553405871209 0.6893570486014884 0.055583652462560314 0.7222861739797924 82.53761345679312
0.7217152389758558 -0.03996139718587629 -0.6910356000706304 -46.11581912613773 -0.009882010142358661 0.9976355424190437 -0.06801228108075041 -5.626692177860447 0.692119541485118 0.05591432050211573 0.7196138749754739 83.4176799852484
0.7191394756553253 -0.043348507934761714 -0.6935123080479637 -46.965849013483364 -0.006875544724979921 0.9975594543053141 -0.0694828180978507 -5.716352242864298 0.6948317360619898 0.054736112265250526 0.7170863382990694 84.2968357502451
0.715086238843164 -0.04559378145127036 -0.6975477604509325 -47.80524204186293 -0.004056128166590824 0.9975832338794645 -0.06936309758716307 -5.8069070943833845 0.6990244765681913 0.052429939686823156 0.7131731084267007 85.16051353521188
0.7084213710302109 -0.04703185348316627 -0.7042209637788513 -48.651470148841476 -0.0028602508814683687 0.9975777682445084 -0.06950118897688765 -5.902324385588804 0.7057839471343702 0.051250376215633484 0.7065708873886503 86.01830670352115
0.701398795549424 -0.047785100455593914 -0.7111654616024786 -49.4971376627522 -0.0012128446118992373 0.9976687301299637 -0.06823220595007415 -5.991345081969677 0.7127680258048653 0.04872052026933563 0.6997056897688632 86.8565474773721
0.6921900975834957 -0.0458814320087355 -0.720255345696357 -50.36728459430472 -0.0019165057977467252 0.9978568340540994 -0.0654069242286849 -6.080382170593757 0.7217126823140065 0.046654398810374836 0.6906186873078114 87.69500179589706
0.6841329148086146 -0.04521292844374793 -0.7279546318123195 -51.23173923171772 -0.002350140954886625 0.9979349314995191 -0.06418994727013308 -6.169178851542178 0.729353571125117 0.04562525172084896 0.682613876721275 88.50794914487088
0.6766328665466015 -0.04554303787431166 -0.7349107398930212 -52.11257387333022 -0.0044926015482285135 0.9978113902692335 -0.06597155432690831 -6.255044511933511 0.7363068520937841 0.047940183042603966 0.674947374548256 89.31882682241297
0.6666291336827106 -0.04704610633768047 -0.7439033956125637 -53.01608020540897 -0.004346700900273181 0.99774386162003 -0.06699472211177677 -6.347349858612701 0.7453768874312662 0.047894159122113096 0.6649206307562305 90.13866457869702
0.6577783980191829 -0.04789036244153539 -0.7516874964268966 -53.92137989518462 -0.004677607390478844 0.9976976737950243 -0.06765701510632788 -6.4311089728534965 0.7531969855810748 0.048019422000017 0.6560399652630672 90.93393021900742
0.6497681399466815 -0.04809636747177995 -0.7586093222115383 -54.841217757366074 -0.00318303606342318 0.997815303522374 -0.06598854702121934 -6.524031360583311 0.7601258005038699 0.04529193628641016 0.648195501307884 91.73342033218607
0.6389593182465093 -0.04720683308444444 -0.7677906645278346 -55.7778633393116 -0.0033824580285495252 0.9979331329808697 -0.06417180904938946 -6.6126424360133615 0.7692330912042472 0.04360019505832061 0.6374789991734906 92.52476951735663
0.6297419384792837 -0.046932837934531894 -0.7753853233352855 -56.70686728669235 -0.004329415935450602 0.9979456177475394 -0.06392026420580546 -6.701956763815773 0.7767923448889106 0.043610236664034206 0.628245016040792 93.28395761973029
0.6215753804166131 -0.04720667874427628 -0.7819306720815329 -57.660530885077854 -0.006060430585584656 0.9978629170237738 -0.06506051037244182 -6.7902100335628095 0.7833309119657288 0.045178848045739205 0.6199609294529776 94.04543987914799
0.6125041607220814 -0.046632239916917416 -0.7890906711515919 -58.64055563437845 -0.008455333608148152 0.9978147629009826 -0.06553019357846498 -6.881270209676654 0.7904221406512559 0.046809541091397455 0.6107714027613762 94.8039799188191
0.6049495756523061 -0.04676499303992416 -0.7948893296202124 -59.62417261080836 -0.010314878981260704 0.9977298634676381 -0.06654864999720336 -6.972098431105977 0.7961969694677924 0.048457764814569954 0.6030938822766146 95.54952140182556
0.5969656267053209 -0.04575827657146179 -0.8009608109374223 -60.628933568393975 -0.012196410835395653 0.9977391107011133 -0.06609020003060946 -7.062936928896827 0.8021741008628102 0.04922242479359726 0.5950578667679145 96.30047504814821
0.5904273603203722 -0.043316551690078975 -0.8059275454622448 -61.649473892204156 -0.014018361450058001 0.9978576996423676 -0.06390224414446344 -7.148153107167967 0.8069690314549707 0.0490274169636113 0.58855526049684 97.04401909230637
0.5845201734904695 -0.0413549683056031 -0.8103245851997299 -62.66897727377295 -0.014055787304849519 0.9980342834595922 -0.06107375772407826 -7.236203855210105 0.811257420074487 0.04708859347805093 0.5827898958787348 97.77917751703315
0.5780567844660094 -0.040503448474373344 -0.8149906898821002 -63.70597013710755 -0.014800508969125475 0.9980826011344193 -0.060100467943327435 -7.321728929503437 0.8158623038644897 0.04680376025957611 0.5763489473908074 98.5124241830487
0.572647654031292 -0.04170863362641642 -0.8187399185415812 -64.744786434605 -0.01503878016157314 0.998002445662416 -0.06135921726267591 -7.409011252839421 0.819663650178358 0.04745006146311886 0.5708765122541273 99.23741705270118
0.5680760292203494 -0.04368705935111027 -0.8218157128398639 -65.77522298934174 -0.014669617096392702 0.997893851206295 -0.06318753088160745 -7.496482698159943 0.8228453240794932 0.047951043470621575 0.566238704143926 99.94689700707174
0.5629612791344184 -0.04510972915939443 -0.8252513014412673 -66.8376061892511 -0.015350526629711387 0.9977664464955762 -0.06501138038667416 -7.586986934859049 0.8263407042664243 0.049266931939754476 0.5610114168978325 100.66557566989616
0.5597942166627191 -0.04698341424873174 -0.8272986122171998 -67.86899207986896 -0.016122064997684794 0.9975847269949951 -0.06756324064557176 -7.682292730690237 0.8284748119352713 0.05115927337104275 0.5576846911445246 101.36006432424156
0.5557338267832657 -0.047053954979349506 -0.830027613450076 -68.90658385874079 -0.01562592124343625 0.9976294418878635 -0.06701736538990413 -7.772853189858753 0.8312134168516058 0.05021376304671204 0.5536811660572963 102.05221294666357
0.5533156564877042 -0.045671744590726586 -0.8317186279214986 -69.95258251360231 -0.014423748639102738 0.9978206649429662 -0.06438847791315486 -7.861381054934754 0.8328467684759165 0.04762365335436043 0.551451038516029 102.74379493630208
0.5513513521889425 -0.04416115602707002 -0.8331035222214451 -71.02193207776439 -0.012119112147978006 0.9980687031842954 -0.060926109713028476 -7.952868000937027 0.8341851194789858 0.04368816799056728 0.549751335075649 103.44897873969211
0.5485722326501874 -0.04314993653223177 -0.8349889751023383 -72.09424967589499 -0.011881344900880792 0.9981642521338528 -0.05938820931306758 -8.042301212448502 0.8360187433356594 0.04249951457758998 0.5470525130662816 104.15328934185268
0.5464409455762538 -0.04351478139048501 -0.8363664010457785 -73.13444445052748 -0.009899937834352949 0.9982438735354313 -0.05840513830009954 -8.128535223732154 0.837439122700036 0.04019493437631298 0.5450505325397621 104.83463671286681
0.5453984283167794 -0.04341087487407978 -0.8370519997779432 -74.17517517092871 -0.00734074113441412 0.9983722030468397 -0.05656021307418787 -8.21427768985171 0.8381447774156828 0.03699243336233777 0.5441919624220379 105.51336765033118
0.5428552704780223 -0.043782927142036444 -0.8386842138761816 -75.20516536203236 -0.004108757584955748 0.9984897238150833 -0.05478493905068427 -8.29591263379574 0.8398162140762357 0.03318624303162758 0.5418555156571763 106.18182030816236
0.5418691202334431 -0.04546357569947738 -0.8392323395949732 -76.22069479513942 -0.0010954827588272598 0.9984968212360822 -0.054798703442369395 -8.375578485562347 0.8404621683662863 0.03061308978292661 0.5410047895157519 106.83960627913464
0.5395304624643693 -0.046323885204552065 -0.840690774145012 -77.24421245560998 0.0015641944670419065 0.9985387478106552 -0.05401779721904906 -8.456589891071303 0.8419646271481085 0.027829243257489245 0.5388145319598037 107.49499663481014
0.5388432052357788 -0.04622754207003693 -0.8411367394932857 -78.24401729828101 0.004902631034736031 0.9986483767461887 -0.05174344239746572 -8.532444726739852 0.8423918116768289 0.023757819267886858 0.5383415288118361 108.13360900211254
0.537877396782283 -0.0462093938898598 -0.8417556640421533 -79.22774187718265 0.0067473016094410886 0.9987005797095073 -0.050513622013130345 -8.606897980986224 0.842996073509068 0.021490556163718998 0.537490256696871 108.76355516745427
0.5357878616553342 -0.04761164289987385 -0.8430091925733546 -80.20500557708093 0.008406033949376081 0.9986602128222299 -0.051059944370322144 -8.679196145168234 0.8443107875042498 0.02027093451800749 0.5354702450348855 109.38966008566163
0.535032499463423 -0.049262116455576856 -0.843394017289807 -81.18814619700397 0.010328872553738669 0.9986053345032656 -0.05177547965388199 -8.752528382995505 0.8447683344619937 0.018990254972962 0.534795130219387 110.01214271272778
0.5352828622102018 -0.051125360084979365 -0.8431242227455191 -82.17697165146879 0.011714548532686081 0.9985199050864715 -0.05311090753112482 -8.828311608954055 0.8445916331439294 0.018552538971406234 0.535089503280512 110.63739901731034
0.5356924307604514 -0.05204637474502877 -0.8428076853599873 -83.1392259047874 0.011814609963133285 0.9984629571462807 -0.054149221583728646 -8.900058809757489 0.8443305245088433 0.019049884057514482 0.5354839561555669 111.24742462099455
0.5389945174896142 -0.05277230035109811 -0.8406545036052515 -84.13224094003735 0.011830162890417974 0.9984112806616043 -0.05509048823201358 -8.975738132533424 0.8422261913299327 0.019748391410667837 0.5387625113856448 111.87551321371383
0.5421342722905312 -0.05264878194554683 -0.8386408865346756 -85.07232914699154 0.010141063496964264 0.998372477596054 -0.0561208945925452 -9.048586082864412 0.8402306764449671 0.021920349868724553 0.5417858512571789 112.4754690113755
0.5459522688028681 -0.05304477551380111 -0.8361353789786026 -86.00155446604705 0.009302202914798753 0.9983159780606325 -0.05725973253320886 -9.119614395578553 0.8377646383143256 0.023483179928049654 0.545526306469756 113.07287846628032
0.5519669895738434 -0.053475279062514355 -0.8321495279996111 -86.94398850247215 0.009606756895489607 0.9982831686333997 -0.05777910907249044 -9.19579043989941 0.8338106215698743 0.0238979026788126 0.5515330793386869 113.69550682210229
0.5572130254768708 -0.052011113949457774 -0.8287390954122104 -87.87417896241915 0.00812979106335526 0.9983303039431398 -0.05718837929216167 -9.268177526991932 0.8303297843243841 0.02512863415576892 0.5567054885747824 114.31466037214764
0.5635016099343534 -0.0502567510580395 -0.8245848619605396 -88.80239957894665 0.007197102707443483 0.9984086054599829 -0.055932622467311996 -9.3405785364005 0.8260836139967977 0.025583500865647587 0.5629665595481201 114.94158895591475
0.571702017672131 -0.04955831050769485 -0.8189632329044068 -89.7319737430948 0.0071224124584424245 0.9984362374412946 -0.055446830430989455 -9.416716967405268 0.8204304201030008 0.025866070897876556 0.5711609861903384 115.5860760050365
0.5784565206970502 -0.04870739175154883 -0.8142577255708567 -90.6535171276342 0.006043383564980388 0.9984441858392219 -0.055431807465931376 -9.490990784284554 0.81569083063263 0.027144018726318206 0.5778509073015596 116.23206230659757
0.5859107857970063 -0.04917211585798098 -0.8088823487434895 -91.557095152949 0.005662599107657259 0.9983814367291343 -0.056590120745727335 -9.565014098705582 0.8103557774570875 0.028576385648281976 0.5852408940984901 116.87672244590942
0.5948078228430722 -0.04948171093312565 -0.8023435761366918 -92.46353788871879 0.003110027861101622 0.9982379022626864 -0.05925722076586908 -9.638980603099611 0.8038619170052702 0.03275134759551685 0.5939136028239209 117.53753419508249
0.6036007697871064 -0.048853865299965965 -0.7957885463850717 -93.34626954834773 -8.035612150700602e-05 0.9981171796031815 -0.061335873058790916 -9.7112625352589 0.7972867139588532 0.037086326674977646 0.6024603722390798 118.19523182367274
0.6129938844680526 -0.04684675897826339 -0.7886975838545472 -94.23082811618775 -0.002827433852271948 0.9981041532676135 -0.06148255726424921 -9.786463346774692 0.7900825926588809 0.03991842185223704 0.6116992859030064 118.86735669839412
0.621559660092319 -0.04472367349053592 -0.7820891138325816 -95.09332108045592 -0.004197485084759669 0.9981644692313777 -0.06041583801459068 -9.861324609640151 0.783355583413359 0.040834855130806764 0.620231041259273 119.54570902779385
0.6339457587601101 -0.04216610501571198 -0.7722271651126196 -95.9467346738414 -0.0057843179175350555 0.9982261253169646 -0.05925491035272064 -9.936521572566498 0.7733558796675033 0.04203120653138599 0.6325773162714726 120.23187048027738
