1.0 0.0 0.0 0.0 0.0 1.0 0.0 0.0 0.0 0.0 1.0 0.0
0.9999064047259164 -0.011009553798330551 0.008122284977386847 0.01172732375562191 0.01100086768212759 0.9999388688436571 0.0011133220146166995 -0.00020550144836306572 -0.00813404563132882 -0.0010238656306248326 0.9999663939357354 0.5298223495483398
0.999662644333786 -0.022387435589026793 0.013168152920198845 0.037381426213680485 0.022377143398799117 0.999749169271759 0.0009284361784671678 -0.0022111000974242953 -0.013185635247956238 -0.000633457319069039 0.9999128650812195 1.073109919336685
0.9992883413199645 -0.03410080422340231 0.016122842594018427 0.060288932813782906 0.03408623150096439 0.9994182014719459 0.0011778746298550797 -0.006900651912560677 -0.01615362882008158 -0.0006274694400374282 0.9998693247410109 1.5973828161193693
0.9989111488676534 -0.04463779317629087 0.01356407343888567 0.08168139970270744 0.04464869484325477 0.9990026237390701 -0.0005018079790718585 -0.004006023031276694 -0.013528145353252193 0.001106879760689929 0.9999078778069991 2.1072979375239567
0.998374051618992 -0.05668800552176754 0.005976879105583778 0.10748063851241867 0.05669691867285575 0.9983905468962836 -0.0013323967665654734 -0.0025729559965285663 -0.005891728683696509 0.00166910098676679 0.9999812506417377 2.6306034607035347
0.9977412674108057 -0.06691879366334003 -0.005851355409012805 0.12129772338277818 0.06690087815873358 0.9977544761160957 -0.0032059151401598505 -0.007382817330458841 0.006052752024455189 0.0028072130198727673 0.9999777416262783 3.147565248866332
0.9967233753591299 -0.07779654496125117 -0.022140700187557306 0.12575364701774572 0.07771032319473918 0.9969647615964395 -0.0047296727079112495 -0.006456609329903372 0.02244145007953933 0.002993614378440356 0.9997436769448862 3.68444322320742
0.99554105676612 -0.0856649601957089 -0.03949074432907862 0.11596982201421567 0.08548780272384165 0.9963201979662095 -0.00615619281883795 -0.013084906519700455 0.03987279622056343 0.002752765743899991 0.9992009719782666 4.212533088519941
0.9938881373223781 -0.09425063173399682 -0.05747337564121549 0.10318792555829617 0.09390572537874244 0.9955432660521508 -0.008678718759628685 -0.015828540457837773 0.058035206822634494 0.0032285965927988454 0.9983093162607946 4.717854240380768
0.9915887453812976 -0.10199657090298699 -0.07967722106835949 0.061962308062079814 0.10137607102604206 0.9947781334876001 -0.011804971759792036 -0.028753016391344526 0.08046522389496692 0.0036283135143701664 0.9967508129339923 5.287327608611932
0.9885154529024912 -0.1117774335157214 -0.10170056405753795 0.013563381476081424 0.11104931012393847 0.993732322159453 -0.012811034953457383 -0.04016812028429114 0.10249512229360104 0.0013701285413615684 0.9947325633826412 5.880981573255943
0.9849272504993292 -0.12167710577227246 -0.12293491430311722 -0.039462384352050406 0.12085434480321237 0.9925693148760597 -0.014155652886938607 -0.051931386707332605 0.12374384253779179 -0.0009149302445869588 0.9923137731265397 6.501697358943848
0.9812030564466891 -0.13032653424550755 -0.14232201688856966 -0.11315145332986846 0.12935606682780187 0.9914676578924834 -0.01609010031153123 -0.06307310436592797 0.143204643760309 -0.0026225607234970872 0.9896896241654426 7.095155312957501
0.9773327062513627 -0.13874363049384786 -0.15990930644829363 -0.19068864469380217 0.13767559967271953 0.990317531092828 -0.01779373105795372 -0.08178656692130289 0.1608297564076522 -0.004625214329338661 0.9869713252401323 7.6438375446243265
0.9730887137218251 -0.14768074046715843 -0.1768862745446238 -0.2944725634002499 0.14633560419584582 0.989018414442353 -0.020699440537633458 -0.10061287121357736 0.17800069149259218 -0.005742367891912642 0.9840136071412596 8.25681006697541
0.969006386495997 -0.1571160382089294 -0.19063361053995914 -0.3952272552325733 0.15543989418807275 0.9875583618120268 -0.02381010940644259 -0.12270200114691332 0.1920027661904154 -0.006559920173010237 0.9813724599878236 8.868613926264343
0.9650187675565275 -0.16782332621821555 -0.20143016020629906 -0.5019985866475979 0.1657112219545162 0.9857928576402114 -0.027426861721445137 -0.13921441082715535 0.2031712804065131 -0.006911801689907496 0.979118817006076 9.504601425970488
0.9615140497287263 -0.1760218861503606 -0.2109668878528905 -0.6278602462466869 0.17335328341985115 0.984364490588302 -0.031228013007391815 -0.1629032082932813 0.21316512684259906 -0.006545629450447428 0.9769942596726331 10.15204360574398
0.9578899069402705 -0.18581411540641007 -0.2189064656370234 -0.7547711171298461 0.18265694481105926 0.9825621342530312 -0.03475763001727813 -0.18971518263496964 0.22154766235338538 -0.006690803229930924 0.9751265899655741 10.788093366869674
0.9535550415133369 -0.19625531283596437 -0.22850959495862722 -0.8818396552844964 0.19257277329209588 0.980525928025113 -0.03853091560139556 -0.21313074483061487 0.23162147955465867 -0.007263377599200753 0.9727788718690195 11.43011338860917
0.9486062771273112 -0.2082079685429851 -0.2383182175786531 -1.0273500318253508 0.20401524980775101 0.9780486012760288 -0.042411217712825966 -0.23825544448852654 0.2419171528448197 -0.008389003350047147 0.970260643220289 12.077974818894804
0.9444201471550021 -0.21835316913738523 -0.24574881317187441 -1.1713803988623162 0.21357261909088399 0.9758303424026019 -0.04628044102081409 -0.26994048950243 0.24991462946851384 -0.008777036748317913 0.9682280937896475 12.688002809978418
0.9390989191914076 -0.2283739489887877 -0.25678504511905814 -1.3262015887247365 0.22297238242979084 0.973522599915793 -0.050369277608260474 -0.30646503586449597 0.2614890755789106 -0.009954239120168334 0.9651551048802599 13.322549497528794
0.9343482980953974 -0.2365386052670377 -0.26653845138095733 -1.498789166600797 0.22980344799429422 0.9715865188845719 -0.05665696437061589 -0.3475866614151121 0.2723667254569988 -0.008314116915467022 0.962157597446358 13.982065909251759
0.9280848251123608 -0.24566572316830662 -0.279833718226292 -1.6762574322496733 0.23768047632606534 0.9693187618609868 -0.06268276539606762 -0.38765543777146233 0.28664708016927987 -0.008336088079950468 0.9579999796795143 14.625041838159772
0.9214368235552723 -0.25445377429716526 -0.2936110640665598 -1.8561363620763593 0.2455737545883275 0.9670330938414172 -0.06738342877064704 -0.4331136827239268 0.3010775834461312 -0.0100135988248111 0.9535470709853887 15.259207464319713
0.9147900492338962 -0.2634483993145981 -0.30619292402213 -2.0467983286141376 0.25357628107576996 0.9646054965270989 -0.07235541268966153 -0.486325067696028 0.31441729516428946 -0.011453251428533172 0.9492157750128719 15.905971751972539
0.9079271298551116 -0.27348178825472835 -0.31760988392374634 -2.2797184159715687 0.2625717744015923 0.9617897260444456 -0.07756665625737716 -0.5404564680213225 0.32668699111023536 -0.01297051920112334 0.9450435839002319 16.61881896624179
0.9014957563623208 -0.28246745529749057 -0.32789867026032193 -2.493544497910542 0.27022737452202344 0.9591822862853554 -0.08334571215925042 -0.5979072154603291 0.33805704743380405 -0.013471390951149742 0.9410291994971145 17.268251794992448
0.8950540437630083 -0.2918914097884009 -0.33716118346456575 -2.7258317968147545 0.27788065378808235 0.9563645788142127 -0.09027255751235617 -0.6639687928443004 0.348798797294077 -0.012891752450833974 0.9371089593664932 17.93762718730568
0.8894293052908938 -0.30154625586844086 -0.3434899801471403 -2.991170648686116 0.28529966542254315 0.9533922137623837 -0.09822111609550224 -0.7405999590649845 0.3570988823834974 -0.010636837358256324 0.934006020265111 18.67965083648939
0.8852245180822839 -0.3117520219080454 -0.3452364833302441 -3.227574314281817 0.29341047610452164 0.9501316519359537 -0.10564154723201331 -0.8089968982609449 0.3609540761621986 -0.007779513204651853 0.9325511428743157 19.340713643392373
0.8797819987986958 -0.3216416442584791 -0.3500432648523238 -3.4957108013379 0.3008824835701742 0.9468471752542504 -0.11379876007097342 -0.8931725011599252 0.3680398968460022 -0.005203786289725253 0.929795437146169 20.067678200156582
0.8753639872750317 -0.3298173554819015 -0.3534945569664167 -3.7492148745415363 0.3068073821674109 0.9440414898631686 -0.12105740648349186 -0.9766239784671075 0.37364036188497957 -0.002485445604731268 0.9275703221484652 20.750741859288205
0.8710869772398836 -0.33808317580782 -0.3562404304943245 -4.013503045625687 0.31336792887150067 0.9411155925241113 -0.12689358794981473 -1.0702281461567977 0.37816401102943287 -0.0010989739259708309 0.9257379613143459 21.473016637113176
0.8655836197730772 -0.346936953604965 -0.36110905195500664 -4.283638491970788 0.3202503532877514 0.9378884416292869 -0.13343531120831023 -1.1738395016342007 0.3849736463702519 -0.0001458817827596215 0.9229275542093746 22.181718670387266
0.8584925152895614 -0.3571194272796342 -0.368043904787552 -4.53623064097887 0.3284875754202473 0.9340585293260316 -0.14010915954290323 -1.2679865430725925 0.3938102512458632 -0.0006151851407698583 0.9191915510713276 22.853026673679803
0.853681238663483 -0.3652767554946876 -0.37121588684922363 -4.82844898741721 0.33552676290602373 0.9308980846577338 -0.14439718610266442 -1.378898926931675 0.39830909370460815 -0.0012836961621647547 0.9172503573160258 23.606006640845358
0.8480431877863506 -0.37412896129172846 -0.3753002424352226 -5.132955807085986 0.3437096563194971 0.9273695420506756 -0.147815441106311 -1.5003706776516073 0.4033440514026427 -0.003640439464192749 0.9150411594013734 24.362017141098477
0.8391911892527385 -0.38583263569599424 -0.38326404098539807 -5.433854203531795 0.3543226293643684 0.9225384126449856 -0.15289980874674464 -1.6235273762503797 0.4125695362007417 -0.007486950404062401 0.910895341613268 25.123241637692857
0.8321226973829822 -0.3944519381014128 -0.38984546300824063 -5.745290252793616 0.3630345241254214 0.9188284955487634 -0.1547906006856531 -1.7550262286027865 0.4192585727127105 -0.012722589973573464 0.9077777177873809 25.878627991037824
0.8240306791652741 -0.40268931308413897 -0.3985156921907114 -6.053906995988041 0.371262257972573 0.9151490442601626 -0.1570559218712177 -1.8762024815432752 0.42794599612512346 -0.018534937753758668 0.9036142321161948 26.602369070318414
0.8155282803440802 -0.4113316766969745 -0.407087061578581 -6.404971498466043 0.37953876052539287 0.911176371788337 -0.1603369849831635 -2.022833447399954 0.4368797926408089 -0.02374597313858494 0.8992064143131019 27.41668567403265
0.8062309373144546 -0.42034065532183834 -0.4162996627438745 -6.7816056512048295 0.3887788293618019 0.906848228745217 -0.1627185049763234 -2.178973296709918 0.4459178148012513 -0.030659802759808466 0.8945486453724061 28.2787520858084
0.7963975297208024 -0.4264979722502833 -0.4287778612766761 -7.126217399498774 0.39519481194955863 0.9036832096969089 -0.16485665628067897 -2.3203276327724134 0.45779038354115403 -0.03815935243540579 0.8882408617931027 29.030612428664814
0.7876060429876371 -0.432615172913855 -0.4387719603781353 -7.469385422088995 0.40196337768920254 0.900433928988368 -0.16626539785312627 -2.4616308701985297 0.46701409405503397 -0.0454186271400422 0.8830826599263911 29.73958129425128
0.7790872153702287 -0.43935983352039487 -0.4471979958984542 -7.854506178947281 0.4088784676744234 0.8968426546081827 -0.16879470236818309 -2.61517816618853 0.47522785010863833 -0.051343836672758714 0.8783634218914417 30.510504063335862
0.7701622496156761 -0.4479433980761259 -0.4540890016141488 -8.255256028895737 0.41722286792156144 0.8922712753441082 -0.17256027839310484 -2.773949545918459 0.4824678100663591 -0.05655690334355273 0.8740858818983177 31.319506907359315
0.7607699891929115 -0.4559470782530957 -0.4618888236100578 -8.65946663788849 0.4248050600255761 0.887862443454564 -0.17675107490354408 -2.9343927381863217 0.4906828757151449 -0.061745796094608604 0.8691477274575129 32.10545920306495
0.7531786371666196 -0.4635100933088803 -0.4667765353106631 -9.08088473542016 0.4324205254929065 0.8835909491229899 -0.17966503210244517 -3.1029745418683023 0.4957160776576369 -0.06652389066137858 0.8659331049931055 32.90654321876926
0.7436131808541278 -0.4712927364267829 -0.4742600487616064 -9.510598497436463 0.44054631903789226 0.878943879365418 -0.18269263178418865 -3.274166433975405 0.5029496774451395 -0.07308086970900457 0.8612205341493 33.72304289621928
0.735360677537235 -0.4790665840593565 -0.4793118838185406 -9.94775426976713 0.44862773581794263 0.8742515719902886 -0.18551911903460402 -3.4510379492051233 0.5079151785355945 -0.07860914011874728 0.8578127852293566 34.547225071964945
0.7259650974155067 -0.4862279369383531 -0.4863713300300162 -10.400788039361732 0.4560896244000411 0.8697023600325512 -0.188679780232118 -3.636013076939532 0.5147396738635205 -0.08485398219579254 0.8531370756545474 35.37178017882483
0.7157133329850245 -0.49204400010976374 -0.495628012670239 -10.855143151805713 0.4618195550269006 0.865800078834477 -0.19264714398342206 -3.8246623443932934 0.5239056437777926 -0.09101057875981586 0.8469002013056677 36.17518810763373
0.7073683959384842 -0.4966487045412651 -0.5029612477168587 -11.303540539663391 0.4672054461749944 0.8624744335597486 -0.19456855480836435 -4.012744520913418 0.5304234379171423 -0.09735458763342511 0.8421241362025468 36.95588678462727
0.698150964121268 -0.5035786097290353 -0.5089143494930319 -11.77870740479092 0.475425928568864 0.8575620256004 -0.19636078705426965 -4.206672368519734 0.5353087125584426 -0.10486160437219469 0.838122083104551 37.77106952432525
0.6893970451912856 -0.5103512065681776 -0.514075247445284 -12.226571788441642 0.4834871525503494 0.8526433550872448 -0.1980895816147884 -4.388186369419266 0.5394181007347453 -0.1119864053355235 0.8345580612634139 38.5434285866968
0.6794433159894984 -0.5180936638322408 -0.5195534003873712 -12.692446413471485 0.4919657357736652 0.8470273490354715 -0.20128185415138147 -4.5699584620238864 0.5443587926927158 -0.1188428604621535 0.8303914012893573 39.33121363384814
0.669368943813271 -0.5261615769744089 -0.5244990104605629 -13.16933968411595 0.4998034734064075 0.8412654791717001 -0.20607979407234644 -4.767474096191815 0.549674180791855 -0.12420301312695009 0.8260943690045285 40.117115288869655
0.6607470685925364 -0.5336786130940021 -0.5278261544035427 -13.665866835226304 0.5082608654084406 0.8355642975094997 -0.20857420123716067 -4.970253621570853 0.552344280354774 -0.13045858597087015 0.8233446139411177 40.92886328993227
0.6539023902251611 -0.5414694790545135 -0.5284150521230967 -14.173888929707024 0.5158454141548664 0.8299965546284864 -0.21215378384614392 -5.176057931199048 0.5534574714946178 -0.13385261505579849 0.822051278625311 41.73925700041773
0.645893842499487 -0.5486393577871141 -0.5308634469505235 -14.679356006751 0.5228718864784553 0.8245838272030035 -0.21602430938602493 -5.383981809622794 0.5562608511765946 -0.13804480070683786 0.8194617126175574 42.539061338754344
0.6390596021878313 -0.5556676656196181 -0.5318235329847442 -15.2055763923214 0.5301984150653131 0.8191608874510012 -0.21878089754985075 -5.608329879354785 0.5572185078708002 -0.14215796092844224 0.8181067464768315 43.3822122091097
0.6316195218320054 -0.5612556285737119 -0.53483539433646 -15.721039699666738 0.5381395178064726 0.8139927879158432 -0.21868150492442337 -5.829546834195546 0.5580883792158068 -0.1496925536401896 0.8161675688049318 44.200312892473555
0.6261343603804306 -0.5679389833667233 -0.534229420683064 -16.241191553829694 0.5467435502022152 0.8082901539411617 -0.21849145830913258 -6.052317246496234 0.555902197390213 -0.15528148058975488 0.816615214603908 45.023944955659665
0.6195751434817487 -0.5751435710412396 -0.5341689941109472 -16.780242751077992 0.5552149529381445 0.8021625281464915 -0.21970806646894733 -6.28381499159819 0.554854032709022 -0.1604529561197299 0.8163282742003829 45.872998048533944
0.6122589119763031 -0.5833000580244911 -0.5337603085788778 -17.296798190974602 0.5638319592259053 0.7953708247581679 -0.2224382450906072 -6.50399286928716 0.5542856181257734 -0.164761322621959 0.8158560903166637 46.70236139113729
0.6041708518840881 -0.5895677853156305 -0.5360852621101221 -17.834290653676515 0.5717290966081945 0.7893426842596346 -0.22374978636274287 -6.739075789138737 0.5550706457967612 -0.17131244357552608 0.8139708992654155 47.54588007830285
0.5956503247191849 -0.5941586122553787 -0.54053328680544 -18.37158888733405 0.5784289342540009 0.784204913950715 -0.22459434755427896 -6.97285511403529 0.5573335255300098 -0.17888039696488314 0.8107904445058387 48.38756407459703
0.5866670083373797 -0.6000452968485864 -0.5438450726616547 -18.894450909866645 0.586224968871507 0.7779874096968424 -0.22599972616089145 -7.198189968058414 0.5587146921283431 -0.18622897756012377 0.8081810816375508 49.1916638498186
0.5754127551340199 -0.6062911403246553 -0.5489182219537859 -19.44377226229713 0.5932569854028872 0.7714126879658283 -0.23014911278563321 -7.431210622167996 0.5629798491063024 -0.19321883450938449 0.803567154313241 50.02926063898876
0.565837251918148 -0.6126433370721207 -0.5518118754456579 -20.026600420408894 0.5984265976260865 0.7655391892475922 -0.23629506338433146 -7.68986668775822 0.5671982119113074 -0.1965143538454002 0.7997926588418655 50.89562482978189
0.5562088427472717 -0.6188371900141896 -0.5546821211334316 -20.602774138677173 0.6029723502590278 0.7598273314829719 -0.24307770600071643 -7.942848466625928 0.5718881604587085 -0.19925601267416798 0.7957643956224397 51.740854629907574
0.5441445658337555 -0.6258888958379308 -0.5587215599387315 -21.16498442666836 0.6094214799010317 0.7525622328524812 -0.24951061203749283 -8.194973141471499 0.576638666158306 -0.20472707625241857 0.7909327866135695 52.564184423348344
0.5325405213608668 -0.6298838578850017 -0.5653732560747838 -21.72244614574062 0.6143305435172817 0.7471389676426196 -0.25373479527191767 -8.451077202223532 0.582235842601997 -0.21220199953305743 0.7848386681246757 53.36747463398919
0.5211763070192592 -0.6340155447336704 -0.5713138769869275 -22.298278144949357 0.6205926055825166 0.741072314165302 -0.2562745462857891 -8.72206237845635 0.5858669429982117 -0.22098894590850293 0.7796946908169754 54.19702464660484
0.5111788287201735 -0.6399423517944401 -0.573733380106189 -22.854262272788127 0.6257453780222418 0.7347161459712327 -0.2619826458622407 -8.97712268955695 0.5891849683690797 -0.2250910287616536 0.7760123077754291 54.96880901272643
0.5030960274682637 -0.6456851582668556 -0.5744432639865822 -23.414342101993924 0.6301903845945708 0.7289358153533778 -0.26741850395896977 -9.241258376618376 0.591400428060548 -0.22747143444620097 0.7736292911988201 55.750866866862
0.495449947049897 -0.6529011328854952 -0.5729305897271424 -24.010786107645256 0.6343151665059359 0.7225555119556174 -0.27487779408875973 -9.52568210082459 0.5934421787409463 -0.22723037389264783 0.7721351809571989 56.57965795194094
0.48570341809603884 -0.659302274792579 -0.5739448580683998 -24.58220703158545 0.6406269536040288 0.7152019736887442 -0.2794337902755263 -9.800817625431767 0.5947178288615925 -0.2319625988927008 0.7697428510542322 57.370417296643026
0.4770903574213131 -0.662575916511346 -0.5773889033526309 -25.157278253068018 0.6450081103719049 0.7102223182966463 -0.2820439613744671 -10.089423369001546 0.596950021702042 -0.23786007116051933 0.7662070595716568 58.17400837354046
0.4656552295332043 -0.6657232218181817 -0.5830761520937032 -25.748915909085273 0.6500808183672437 0.7043739652096328 -0.2850477972653605 -10.382568042710218 0.6004665992370882 -0.24631262465996223 0.7607693172925464 58.99095476470016
0.45391240818306033 -0.6691059285995057 -0.5884392764002486 -26.32056161055645 0.65509488576916 0.6982422945604384 -0.28863192603394633 -10.669726095247832 0.6039985234556011 -0.25446994793092453 0.7552687132825552 59.75714922334357
0.4448125599529244 -0.6738824101151388 -0.5899358302777836 -26.9078694520066 0.6598341501921616 0.6919672703957247 -0.2929166962487422 -10.964847122721869 0.6056076954170199 -0.2589667817278925 0.752446360356128 60.52127107766724
0.4343789818557984 -0.6794157624310965 -0.5913620903322192 -27.513116656250062 0.6657521684975726 0.6843960999527345 -0.29728105979067426 -11.265804585523057 0.6067033461772728 -0.2645679499290465 0.7496097982334822 61.31061071049406
0.42341944501540774 -0.6857781960143324 -0.5919664175053955 -28.105925184031413 0.6714421676948209 0.6762257573384161 -0.3031239689522519 -11.57093584652689 0.6081787475932748 -0.2691226318677299 0.746787533367063 62.07077984258354
0.41376475557463444 -0.6905500830491098 -0.593244730145267 -28.713620902026634 0.6759524700592425 0.669538192618792 -0.30790723740368686 -11.885022667164497 0.609825372762623 -0.27360407786732455 0.7438103409534578 62.857079918762636
0.40034487442649264 -0.6952807259766829 -0.5969159853830128 -29.3216167151282 0.6814370883461895 0.6613999268714441 -0.3133586305827817 -12.208135946013169 0.6126724052433761 -0.2813091694555754 0.7385781441618153 63.64618521556796
0.3897267897281729 -0.6990867251745859 -0.5994921017435055 -29.957304334458552 0.6850789050104068 0.6551127885752703 -0.31858143096369484 -12.552132541777418 0.6154509917758804 -0.2865396742683398 0.7342445721912277 64.45264893509534
0.378581334076047 -0.703024586895942 -0.6020237567646235 -30.574947933532023 0.6896229307137537 0.648076699030611 -0.32313589340610277 -12.891166058383504 0.6173300469951012 -0.2928361698857859 0.7301716172816151 65.2397951551352
0.3668575974225978 -0.7080452408333778 -0.6033965861243524 -31.15952514670236 0.6944402488497584 0.6400256331668501 -0.3288159510529532 -13.204756286514913 0.6190058513380989 -0.29839424562577715 0.7264933793136856 65.98026388185104
0.35611559239470664 -0.7124436962480323 -0.6046533424449161 -31.797857803960916 0.6968585842484645 0.6335785297342227 -0.33610468639851904 -13.55419215724026 0.6225510408091799 -0.3016657526738205 0.7220996989690167 66.76681885900379
0.3456015795628036 -0.7162300355966624 -0.606278883281365 -32.41728606825937 0.6990661982429522 0.6275166249513133 -0.3428255181340189 -13.904383045792633 0.6259920116725459 -0.30534803342893296 0.7175629448370664 67.5176944302448
0.3314320626841704 -0.7219369176257412 -0.607420673663615 -33.054087378071145 0.704148614856953 0.6177778174769397 -0.3500361358895156 -14.265804670109134 0.6279550270679826 -0.31170122746385304 0.713102256887171 68.29167135468047
0.32034589761208276 -0.7243361191076497 -0.6105044573458719 -33.68820961281182 0.7062922201204928 0.6121089247545672 -0.3556317815284132 -14.637891046438558 0.6312921714074825 -0.31726936629916896 0.7076795486148723 69.0626710986658
0.30818340941344763 -0.7273126300577665 -0.6132204532798606 -34.29053212285659 0.7102458435738114 0.6047485052696449 -0.3603194236510925 -14.995598141170449 0.6329090201983445 -0.3244928096777875 0.7029442286689512 69.78244641476243
0.2960198054462211 -0.7301603563243683 -0.6158231311308898 -34.93209937507619 0.7136479581527283 0.5975916645269412 -0.36550074461259546 -15.3783298653694 0.6348849239098558 -0.33128546080410987 0.6979764156845023 70.54116471107491
0.2824277734373677 -0.7340310182105518 -0.6176026368920323 -35.571327802545106 0.7165966454463848 0.5894515199460059 -0.3728755199370585 -15.758379832659502 0.6377490106038576 -0.33726157495054776 0.6924816456308982 71.28011379987917
0.2718764546729706 -0.7374780361087205 -0.6182308142204502 -36.20992923229588 0.7204797640989447 0.5818747279905585 -0.3772674256410732 -16.14728825636423 0.6379593270094774 -0.3428526610413548 0.6895360395936362 72.01756521734283
0.2615424993105898 -0.7401029556064979 -0.6195507534955442 -36.867230371389105 0.7221222260799341 0.5759488653843393 -0.3831741054192634 -16.565641231207394 0.6404178414564436 -0.3471750560812494 0.6850798995586215 72.77152919017287
0.24885576265672876 -0.7432729627716343 -0.6209799611945742 -37.51763566948605 0.7264160124159735 0.5673069379207755 -0.38792088767251254 -16.973650510043605 0.6406173477968066 -0.35455343884897017 0.6811029824499049 73.51399811905806
0.23863329288303325 -0.7449775302720163 -0.6229467320065238 -38.16069237079142 0.728288988796467 0.5616218381433562 -0.39265259418256415 -17.386140485673234 0.6423778485639275 -0.35998526401824427 0.676580600789067 74.24264968535948
0.22520540269323197 -0.7474915418184005 -0.6249311334120983 -38.81330374649856 0.7308767084629688 0.5537531922114509 -0.398969471441067 -17.8085301258593 0.644283915385225 -0.36689752932607544 0.6710323683327847 74.96646442549569
0.2147944472065958 -0.7510339854999416 -0.6243486991043438 -39.4298491194455 0.7342152410728128 0.5457275038356992 -0.4038681360712285 -18.213449157791928 0.644042952935287 -0.3716576975946151 0.6686398362295395 75.64849562290922
0.20291548566932116 -0.7549904595521446 -0.6235500875317277 -40.07189184536707 0.7363051480645748 0.5374364913767021 -0.41111646363324433 -18.630466814625624 0.6455075790486029 -0.3757012426409337 0.6649575487720025 76.35283921755628
0.19245878638443714 -0.7572573041803774 -0.6241161677195178 -40.724586387337276 0.7376686571703743 0.5310772153577111 -0.41689560270690845 -19.072009844519773 0.6471511166426948 -0.38015571361399686 0.660815455051368 77.06986024882829
0.18126329168191635 -0.7590487424345169 -0.6252908328907559 -41.35741970701259 0.7415353987188835 0.5231293357044551 -0.42007255393829557 -19.50342975274706 0.6459635218303456 -0.38753155321082455 0.6576856572334103 77.7588206741883
0.1696399314074138 -0.7600286026991494 -0.6273586029945443 -42.03955016191402 0.7440459429430775 0.5162062058319627 -0.4241777785911419 -19.965776282512746 0.6462336485065091 -0.3948261340637771 0.6530653837084137 78.49876053428447
0.1583357765011112 -0.7622142448207117 -0.6276617137217967 -42.708202279685814 0.7461624552001063 0.5086889434961196 -0.4295080316065711 -20.422831112195496 0.6466617139815375 -0.4003311176478718 0.6492793111699051 79.2169381421828
0.14759329799409915 -0.7646468215177769 -0.6273208562848731 -43.378978319848905 0.748666680099751 0.5008450620250755 -0.4343413702993482 -20.88887054292914 0.646308301428693 -0.4055483475343719 0.6463869718028807 79.93609975072825
0.1373329220522313 -0.7662533528452008 -0.6276905828304933 -44.05750051734119 0.7512235361958389 0.4936008344906591 -0.43820248157164116 -21.365576900800278 0.6456027162164168 -0.4113563120259776 0.6434151982743115 80.6594455839477
0.12752430898569367 -0.7679339630350951 -0.627706124739065 -44.71598395601341 0.7535704543281484 0.4865036764488838 -0.4420924599734629 -21.836634599493344 0.6448791522303923 -0.4166432541382773 0.6407333905765156 81.36100014847057
0.11657556395603053 -0.7693008944328731 -0.6281610237137569 -45.41279665512936 0.7566019958701672 0.4785150980858027 -0.44561947976857375 -22.336242996971514 0.6433999982387419 -0.4233195421058614 0.6378377595734442 82.0873473931364
0.10591421978926852 -0.7720812337941777 -0.6266360558324833 -46.09275183262177 0.7592793511403756 0.4697142844204786 -0.45040355010058275 -22.825875928455385 0.6420880352243616 -0.4280876772744321 0.6359747601811733 82.7988462983422
0.09596992983418079 -0.7737169116771047 -0.62622033913988 -46.76927854280623 0.7614090565829429 0.46228289937205475 -0.45447856880345855 -23.318846103662644 0.6411287087013775 -0.4331935612783397 0.63348032119861 83.50207798159883
0.08442528649773634 -0.7754722274086209 -0.6257117511423992 -47.46394389803089 0.7625187246810116 0.45451408681316 -0.4604151815473109 -23.835739246736953 0.6414339915459885 -0.43824624288898556 0.6296845758656229 84.22322950356909
0.07224952447446464 -0.7760142324428202 -0.6265635779866195 -48.14221933429325 0.7626850529730657 0.44780491194913963 -0.4666714806003209 -24.3457960940216 0.6427219586918483 -0.4441538831085508 0.6242081479241599 84.92761034851561
0.057060625911292906 -0.7767677245504419 -0.6271969284581523 -48.816506183932404 0.7625150140395613 0.4394242084490996 -0.4748444149330708 -24.856928492035347 0.6444493295324772 -0.4511521551822751 0.6173708727657383 85.62079272467734
0.042013145923607 -0.7761271296694603 -0.6291753127393401 -49.510512834572054 0.7620352704254534 0.43216584430856936 -0.48221875703944533 -25.38729668186201 0.6461711400219047 -0.4591942525817437 0.6095928938223327 86.31981701819969
0.03126513190792385 -0.7763515312186805 -0.62952425807207 -50.18152868715406 0.7610624493528889 0.42677456856014456 -0.48851552259399494 -25.913716445169143 0.6479247176267947 -0.46383377152242017 0.604195161089135 86.99066401241242
0.018659435919032907 -0.7774238808449087 -0.628700194801326 -50.91076435297894 0.7592928499595798 0.4201186490974386 -0.49696548037142657 -26.497635773429586 0.6504815089235381 -0.4680944671458797 0.5981315711245916 87.7081340235584
0.003413817534094199 -0.7787924424024977 -0.6272724109241502 -51.61635226380739 0.7577009310919447 0.4113728544558277 -0.5066178773387929 -27.065048087067034 0.6525930162607042 -0.47355538881277287 0.5914961105993339 88.40030844742908
-0.007578667864319932 -0.7793644013748824 -0.6265250942005226 -52.30275430329007 0.7562437633047621 0.4054580883649229 -0.5135164155527198 -27.629633696961466 0.6542460808106177 -0.47769746539942387 0.5863166356968843 89.06014446731378
-0.02268466843368283 -0.7792568604695727 -0.6262939814728853 -52.98989200283481 0.7551046081010633 0.3972114552643715 -0.5215746261382926 -28.20540934697259 0.6552117494692792 -0.48474921889350686 0.5794098360742087 89.72669535817403
-0.03785098819081195 -0.7785717367999244 -0.6264130852315656 -53.690683466526394 0.7527374824331369 0.3900744775899855 -0.5303095176150654 -28.80325542593218 0.6572317591483253 -0.4915973480291056 0.5712954246075742 90.39290936635638
-0.05458364865375409 -0.7782566374888681 -0.6255695257156988 -54.401622348202864 0.7515679791436517 0.38045216900753753 -0.5388893391257501 -29.40677751447619 0.6573934879701586 -0.49957257060609406 0.564146300769976 91.0622439014742
-0.0687411129825854 -0.7787913264148656 -0.6235051958780213 -55.09804365871649 0.7490912936241547 0.37247924791976983 -0.547833408697948 -30.01278180666623 0.6588906534489662 -0.5047209920045895 0.5577811641024617 91.7049282956848
-0.08151676593348067 -0.7786723204199146 -0.6221128790529996 -55.80157173985665 0.747358026806523 0.3652108580970391 -0.5550468528835065 -30.639728025622148 0.6594019992687364 -0.5101866781285948 0.552176200882022 92.34135913107094
-0.09317649570598002 -0.7784191751504332 -0.6207912116050557 -56.53618924976836 0.7449026953914348 0.3592066858313239 -0.5622192910712439 -31.300726620332007 0.660634630523203 -0.5148146701602393 0.5463769214940133 93.00798953428179
-0.10569181611171946 -0.7777448898373245 -0.6196306370241346 -57.24928769681845 0.7417672192403195 0.35333989726839243 -0.5700283409259982 -31.955813423352645 0.6622768548480994 -0.519869025169119 0.539560528765976 93.64820061175296
-0.1170424109476006 -0.7761092143599557 -0.6196414781348529 -57.920530750000204 0.7406358997543736 0.3474580087617923 -0.5750925109426481 -32.58605967861303 0.6616339909909426 -0.5262389376821737 0.534147023236613 94.25281655427867
-0.1277997763375085 -0.7744604454708741 -0.6195790793507622 -58.62168659817843 0.7406403875945626 0.34095966705920655 -0.5789631436478933 -33.24529629035242 0.6596355307530507 -0.5328766497416924 0.5300221153199278 94.87215108558676
-0.14040051476032028 -0.7729065587304425 -0.6187916829810354 -59.29431978589927 0.7386468610482917 0.33441166556906265 -0.5852945007385864 -33.88799960516648 0.6593091157556847 -0.5392441834668136 0.5239534335021259 95.46469984448876
-0.15180453730834187 -0.7722032170143478 -0.6169745327688109 -59.98474779330861 0.738603928296351 0.3261791529479027 -0.5899757599150899 -34.552854069347944 0.6568254102558756 -0.545260810818897 0.5208368541369937 96.07238934521409
-0.16026131576382924 -0.771651114689692 -0.6155248718514973 -60.705246876889696 0.7391199434243183 0.3194973619991551 -0.5929781993530738 -35.2595343468153 0.6542308613189071 -0.5499781749067292 0.5191396606157003 96.69968489436471
-0.17117525912826181 -0.7706588820976437 -0.6138272705789334 -61.42202392026104 0.7396414875089583 0.3110633195652516 -0.5967998669374701 -35.957684619874556 0.6508682667160139 -0.5561694873552996 0.5167649375848128 97.32050050573157
-0.18125426234285907 -0.7708547285179016 -0.610679850579777 -62.12339043467342 0.7378996068022005 0.30389696506002273 -0.6026199506392612 -36.6530177225453 0.6501161916640013 -0.5598478562510533 0.5137307808447884 97.92705791098804
-0.19313085588481915 -0.7687616289176948 -0.6096769885841272 -62.799811755722864 0.7374701534438814 0.2961208062084232 -0.6070010221654754 -37.32858057546682 0.6471771359408919 -0.5668492092561181 0.5097486916913652 98.52048006287704
-0.20434865160237914 -0.7652095095170417 -0.6104883579012612 -63.46590629456179 0.7377895179771825 0.28948248691481987 -0.6098085904057177 -37.99932663825287 0.6433570204414394 -0.5750254744916089 0.5054081993145876 99.09883815720114
-0.21393854255597694 -0.7618061524976993 -0.6114586543877492 -64.19207237684678 0.7382382110687971 0.28383203482972824 -0.6119180661839937 -38.72864960613111 0.6397145017325832 -0.5823150024008211 0.5016717993389352 99.71725300903944
-0.2244581396328737 -0.7590396490193603 -0.6111279364986646 -64.88921744339004 0.7394588848269239 0.27578159605378827 -0.6141213796380545 -39.43176274397951 0.6346803141764141 -0.5897485247922132 0.4993771884080579 100.3091738705845
-0.23216110872283235 -0.756817419642588 -0.6110062298554088 -65.55054592144299 0.7422208954682231 0.26815561486867484 -0.6141666781458861 -40.088202787267846 0.6286567918402971 -0.5960872079989121 0.49947039805490717 100.8635711331225
-0.24122015885540782 -0.7537656519962549 -0.6112693161221434 -66.23903760149959 0.7438625886624551 0.2609243405381998 -0.6152941879321605 -40.78207317123997 0.6232826679365977 -0.6031217376163511 0.49775785826491037 101.45156264414715
-0.24966657140286075 -0.7500641174592491 -0.6124299329915369 -66.9302941657548 0.7462764469279826 0.2539724263918968 -0.6152799943059736 -41.473915399059194 0.6170397619963292 -0.6106568810164107 0.4963467596175309 102.03237620434892
-0.2578671775592854 -0.7472352598849202 -0.6124899877731258 -67.60407572478569 0.7474845949744541 0.24737608926715804 -0.616499676183827 -42.16302240335943 0.6121856736427962 -0.6168018619002401 0.49475667165073456 102.59960570827488
-0.26618694934607706 -0.744082712476074 -0.6127686553603056 -68.2812204816742 0.750673079556591 0.2387626983638167 -0.6160213482494359 -42.85180717955682 0.6046771333752028 -0.6239657769976468 0.49500734692413406 103.16578893071228
-0.2734704156546977 -0.7414998864298502 -0.6126922964965094 -68.92126625180734 0.75272679801077 0.23159137332193314 -0.6162530351724972 -43.49682632642423 0.5988458059618527 -0.6297168841847746 0.49481344611329925 103.70329344299229
-0.28124147419303 -0.7384806958919742 -0.612820932237662 -69.57841041305488 0.7529671083295063 0.22608436932998577 -0.6180019350443527 -44.159254467251394 0.5949317330313059 -0.6352417805368035 0.4924673728205746 104.24808939130452
-0.28885218954778896 -0.7360952206284174 -0.6121505033579978 -70.23894566801887 0.7552668766519018 0.21772804713151195 -0.6181961197911057 -44.81524699466459 0.5883335428359743 -0.6409043014836926 0.4930571150625158 104.80336990845971
-0.29739348042006997 -0.7335715029681771 -0.6110891652096667 -70.8856829637757 0.757360174013066 0.20846610080555733 -0.6188274813175524 -45.45961456226681 0.5813455810639107 -0.646849854949305 0.49358138187083905 105.34554055764814
-0.3052332323193213 -0.7316702096522396 -0.6095009255081955 -71.55326056202053 0.7587416325705385 0.19991348135895648 -0.6199562363386112 -46.13110327370267 0.5754509613269344 -0.6516849731874977 0.4941284112753659 105.89753063990686
-0.30840528651199023 -0.729433890847426 -0.610583637296843 -72.22856405956627 0.76309522402047 0.193523355969749 -0.6166314861984865 -46.81157971080536 0.567954098786694 -0.6561058676596263 0.49694389229972735 106.45845290780652
-0.3106281226977672 -0.7276721069116623 -0.6115582345222761 -72.87280121978146 0.7678467304035008 0.18714520387596992 -0.6126892126313922 -47.46001110844477 0.5602870407192322 -0.6599014907461295 0.5006080847460631 106.99677733379878
-0.3141373606590669 -0.7258264302546291 -0.611958913475388 -73.48566020235877 0.7722811202614264 0.17953993066166377 -0.6093827078164931 -48.06215841967757 0.5521771363665031 -0.6640341907174863 0.5041418487214302 107.51339227227723
-0.3164141101714608 -0.7243855168675534 -0.6124930479906943 -74.12565809926782 0.7774365084888749 0.1719596429579618 -0.6049978152542358 -48.68239346235156 0.5435757409533934 -0.6676043020729409 0.5087532896214739 108.05915946427686
-0.31582176576210275 -0.7225862260558977 -0.6149193103043707 -74.774256427592 0.7837038215618755 0.16666579967952247 -0.5983567759175941 -49.31127358832047 0.534850383135527 -0.6708887069637413 0.5136568996210404 108.61103155926381
-0.31447782862701634 -0.7197326168369518 -0.6189415607010653 -75.43441020762191 0.791364025047153 0.1613220584767838 -0.5896763292773266 -49.94866625659458 0.5242582142067074 -0.675248216369245 0.5188382899583909 109.17975265640887
-0.3146958782338856 -0.7172513021642908 -0.6217049732519698 -76.0650035423591 0.7985827121158602 0.15396798842214837 -0.5818586687941619 -50.53811411531291 0.5130615519918448 -0.6795913684596547 0.524331398814579 109.72682764417729
-0.3121317792483334 -0.7154323506003195 -0.6250842376014382 -76.72700902339194 0.8059317427677228 0.14898451769848714 -0.5729551810443204 -51.143804278031425 0.5030385456231466 -0.6826127490756752 0.5300868385620405 110.29999624382846
-0.31419511217944696 -0.7117882209003508 -0.6282029608892801 -77.38169599475606 0.813061995905646 0.1398647491978531 -0.5651265723231825 -51.73032342548407 0.49011388706755943 -0.688327960001143 0.5347831309831983 110.87291157458787
-0.31576292922627364 -0.7093940766986393 -0.6301220647393082 -78.04960452125235 0.8189018448748799 0.13169060359152282 -0.5586209389077882 -52.32825513269011 0.4792635402228733 -0.6923999053080424 0.5393411074101923 111.46341160557643
-0.31480985452544386 -0.7085622591974243 -0.6315332772979673 -78.70593914823824 0.8251978220631488 0.12443918031931347 -0.5509659198749897 -52.89988213878074 0.46898114029873844 -0.694589386071008 0.5455293528322703 112.03854157366496
-0.31191195094487056 -0.70710327436083 -0.6345990027142789 -79.35643002214013 0.8322711148404239 0.11883520706154568 -0.5414822111250908 -53.45361235138704 0.4582965483832957 -0.6970531923396035 0.5514355091840978 112.61453234440171
-0.30786739671112495 -0.7049393440759397 -0.6389664992909245 -80.03767714390192 0.8407645419941083 0.11278123716333602 -0.5295237270126288 -54.02012768765605 0.44534554108888574 -0.7002434674580632 0.5579663388722983 113.22333850114863
-0.30486483499741335 -0.7020070359716434 -0.6436175524551112 -80.69823870447026 0.8479501550427516 0.1076206717032287 -0.5190359578922442 -54.557049412703634 0.4336334476778442 -0.7039914150530912 0.562457216672142 113.82009889910739
-0.3031476092540023 -0.6984098572559659 -0.6483249172222864 -81.3950516911616 0.8553061390730331 0.10057021776872949 -0.5082686688769356 -55.100427146431244 0.4201820265879591 -0.7085967136429945 0.5668666174214037 114.44870737840114
-0.29989235275152176 -0.6963731828788273 -0.6520191461363449 -82.07859933984281 0.8629033487823141 0.09341769226717095 -0.4966597884183339 -55.62372819095446 0.4067706816148688 -0.7115739771370841 0.5728874999857194 115.07020290905723
-0.29744590005721416 -0.6945559604534647 -0.6550709536666383 -82.74566104532818 0.8698344820233651 0.08571176839719619 -0.4858409890502958 -56.11822412866814 0.39359104464189476 -0.7143147139439244 0.5786541100008807 115.67174338793573
-0.2942342565474035 -0.6930721667423031 -0.6580859928315799 -83.4522466842707 0.876314263245788 0.07917449164500884 -0.47518913277214836 -56.63097468463639 0.38144398580393 -0.7165070631611973 0.5840531774882554 116.31243207460378
