1.0 0.0 0.0 0.0 0.0 1.0 0.0 0.0 0.0 0.0 1.0 0.0
0.9999230063889175 -0.0020443013434785396 0.012239367882612947 0.008760688826441765 0.0020358759762050932 0.9999976820398324 0.000700802377193895 0.001006745034828782 -0.012240772163486928 -0.0006758305848520718 0.9999248505512113 0.22458215057849884
0.9997871400944469 -0.00407986755798634 0.020224469893579376 0.016667338442407326 0.004054222913439065 0.9999909250656234 0.001308840313869996 0.0018844709989296795 -0.020229626252977428 -0.0012265672049896934 0.9997946077842972 0.45584439837231866
0.9996827983790697 -0.0067330139653476164 0.02426868657210042 0.023211958822492548 0.006716330554334646 0.9999771495937068 0.0007688916246615047 0.001255771509108306 -0.024273308980798727 -0.0006056512098540732 0.9997051763683805 0.6691913906718472
0.9996120436785584 -0.007908686242156805 0.02670608197955804 0.028068279525607205 0.00792378097045871 0.9999685008102467 -0.00045943709012539325 0.004666316358850148 -0.026701607215820385 0.0006708719927871066 0.9996432234066619 0.897279018226097
0.9996310592095191 -0.00908008382623434 0.025598780075690927 0.03135337211347728 0.00911445096022117 0.99995771075242 -0.0012261690230913733 0.00369420572573186 -0.02558656380502776 0.0014590354649641022 0.9996715455429165 1.1530071333892016
0.9998291576604603 -0.010205057280262895 0.015411433998211753 0.026212457423349773 0.010252724625350559 0.9999428875962112 -0.0030171482409416224 0.0025980045890838382 -0.01537976364354843 0.0031746419731428317 0.9998766846559686 1.4158822395379873
0.9999624286004453 -0.008564894635026913 -0.0013356524212552675 0.011961643918435681 0.008559638322617486 0.9999557889006274 -0.0038926643716023835 0.003238234040470494 0.001368933630785642 0.003881085417103272 0.9999915315624927 1.6733668435882287
0.999779527203907 -0.004343604438741121 -0.02054337081425771 -0.016315789707485158 0.004279518075377806 0.9999858420631749 -0.003162498734482167 0.0021319689228766576 0.020556816606052155 0.0030738857628147304 0.9997839609222297 1.949907473825815
0.9992921474591988 -0.0011932388240089257 -0.03760026871568594 -0.04780479273885762 0.001070636578690151 0.9999940455473815 -0.003280641263230522 0.0034178232299449936 0.037603959415190354 0.0032380628299212943 0.9992874747465867 2.2362990147702493
0.998371833640351 -0.00010037865369730861 -0.0570409652594453 -0.08659711771670299 -0.00010511105796169194 0.9999935163198056 -0.003599481909421459 0.003045687121848941 0.057040956735216655 0.00359961699026995 0.9983653499657601 2.555388677674958
0.997023923550946 -0.001078843934678007 -0.07708522532134474 -0.1250561296906739 0.0008981327641313714 0.9999967670121841 -0.002378933105018985 0.0030231470165741916 0.0770875426033018 0.002302620451739714 0.9970216691298338 2.8813230886058183
0.9953980454594468 -0.0015010573685675774 -0.09581481055812512 -0.17459732728542443 0.0013497297586651314 0.9999977374686542 -0.0016441676165391888 0.0027390849321856344 0.09581706176402881 0.0015072771307796623 0.9953978193619671 3.2090922637595467
0.9934583109253718 -1.1306364352910808e-05 -0.11419537786387617 -0.231240777704929 -8.467515781108629e-05 0.999999647257837 -0.0008356520325610081 -0.0009765541296893683 0.11419534703053792 0.0008398549684313332 0.9934579595333701 3.5549805794536455
0.9913229841216904 0.0009518843418282284 -0.1314451789464584 -0.29446326743223206 -0.000989575185394479 0.9999994858566295 -0.00022142138348551002 -0.004957782271157694 0.13144490059724317 0.000349574993950361 0.9913234164006741 3.906995786243059
0.9895028077369515 0.002269921442210436 -0.14449581633160177 -0.3617146781367573 -0.0023056270394688997 0.999997338866411 -7.964955522350684e-05 -0.010711486320661079 0.14449525101069818 0.0004119669197529322 0.989505408130048 4.287407246618544
0.9873276462962108 0.0019737381150537977 -0.1586827754264394 -0.43067369296321933 -0.002103707707896523 0.9999975752503131 -0.0006510816956793349 -0.01443801922069832 0.15868110559567059 0.000976653135916637 0.9873294044418954 4.652083908197892
0.9854127349308727 -0.0006398203998645388 -0.17018029399996226 -0.5033942311254204 0.0002484862277807038 0.9999972760299366 -0.002320816085221783 -0.020603277311921114 0.17018131533941167 0.0022446742665112964 0.9854102096826403 5.025756020402853
0.9837655991178592 -0.00034104996870976524 -0.17945787716675587 -0.5871067818162842 -0.0005367643168636861 0.9999881290411774 -0.004842897974751708 -0.022758460470558878 0.1794573984998884 0.004860603012441502 0.9837537378134874 5.4319141912977535
0.9823913729784095 0.0008638694912926199 -0.18683266316974076 -0.6723783270414412 -0.002050103343162821 0.9999789497974472 -0.006156057039809835 -0.02623420953721627 0.18682341227447416 0.006430683594848485 0.9823724644627542 5.842935670280577
0.9805744730305059 0.0010432954143264998 -0.19614437125654213 -0.7606512087108459 -0.002785274230145939 0.9999590931611377 -0.008605478012183353 -0.03295852152789208 0.19612736955460516 0.008984627929621321 0.9805372666923771 6.251720886633159
0.9786810204160645 -0.0007815396791204212 -0.2053846378702674 -0.8577588323875946 -0.0013873879586520253 0.9999447884903767 -0.010416099346109514 -0.03795000598333011 0.20538143886929777 0.010478986910278876 0.9786259016607476 6.68397444220831
0.9769256263979625 -0.0046972173448188 -0.21352811673445726 -0.9550691934260698 0.0021978692757967386 0.9999262895116343 -0.011940892518649458 -0.043767023136884346 0.21356846644014416 0.011196057016242964 0.9768639406026277 7.123359356692809
0.9739529155564637 -0.004653712560441425 -0.22670258321966422 -1.0784038507726537 0.0016013236849614066 0.9999056021967407 -0.0136463349669171 -0.05025253115182376 0.22674468911425463 0.012927863511737444 0.9738684286409033 7.606564923884386
0.9712624480728959 -0.0004277230924586194 -0.23801065945961639 -1.215415804750101 -0.0038299505693900997 0.9998408226445172 -0.01742586732908747 -0.054599611795246576 0.23798022699812968 0.017836659622561264 0.9711062069266304 8.086087549468896
0.9686621360752147 0.0014417020620956554 -0.24837791292578046 -1.3599174336678104 -0.006673000381907304 0.9997732606969542 -0.020221232931830643 -0.06285224273551093 0.24829244289769573 0.021244968593632615 0.968452122776005 8.586216161307497
0.9655566028483391 1.1773621647085016e-05 -0.26019309475340974 -1.5008666157539363 -0.005617632297460565 0.9997678458001911 -0.020801363210523227 -0.07511082058290612 0.2601324449263212 0.021546562728830196 0.9653325109677117 9.077298352757529
0.9624178432643995 -0.0007678532348629444 -0.2715719156461353 -1.645758641438407 -0.005442385772749346 0.9997406451886403 -0.022113859792039968 -0.08693445264972914 0.2715184623619589 0.02276077237729724 0.9621640566126893 9.563955044113023
0.9595111589412653 0.001112245121646459 -0.28166841991600605 -1.8055823994884597 -0.008176457771854866 0.9996807778846243 -0.023905812395684293 -0.10013922350332688 0.28155191600394985 0.025240943698323807 0.9592139559846504 10.072086500245542
0.9565421964550195 0.003165492544154435 -0.2915767584324234 -1.9777037420725865 -0.011563541113636965 0.9995662924288704 -0.027083418486507214 -0.11349898010070436 0.2913645670254366 0.029278092440508413 0.9561639411654912 10.599430493121336
0.9537093044576357 0.0034917043286923615 -0.3007097780116471 -2.1512870158787982 -0.01357168106885333 0.9994135517564204 -0.031438225754365404 -0.13346692460815637 0.30042365430155205 0.034064065619037714 0.9531973916086866 11.126241545233617
0.9510010555453672 0.0031992747557748422 -0.3091710804597262 -2.3368691712066725 -0.015628278981476944 0.999165646589061 -0.037732844742223125 -0.153858142870669 0.3087924047765336 0.040715787077012906 0.950257583729288 11.676968911593098
0.9493245555931351 0.0034211370338712507 -0.31427883156409425 -2.5177973706576378 -0.018333147062794257 0.9988409349218508 -0.044504858647313995 -0.17303795786963364 0.3137623047255212 0.04801127519488433 0.9482869468612813 12.187675132007964
0.9482971475736168 0.0021084093048186793 -0.31737686512086155 -2.704321544212596 -0.019577979272770968 0.9984622086476689 -0.05186444475760113 -0.20032396563460209 0.31677945424433246 0.05539650271111582 0.946880142814306 12.711811573852714
0.9472062267876736 0.0029806365637279567 -0.3206111035824136 -2.9127483368597673 -0.022928779919725965 0.9980262917668313 -0.0584618849639701 -0.23193830786405317 0.3198040571757197 0.06272668290147877 0.9454050604191445 13.286620813845182
0.9466201271784068 0.002160019947621352 -0.3223440229546114 -3.1185412519048716 -0.024221289769690568 0.9976272696160334 -0.06444501563620722 -0.27110885176026 0.321439984977958 0.06881253688307232 0.9444263713096358 13.86612782575654
0.9458030559513158 0.003858477812095029 -0.3247178644641004 -3.3279185694699973 -0.028013094397594453 0.9971714808266279 -0.0697445651524289 -0.30937003275877795 0.3235302859013724 0.07506097504698102 0.9432359217765047 14.435573639404689
0.9450485271573805 0.004279706912401001 -0.326902073144864 -3.530025435701445 -0.03013727936449504 0.9967972084603509 -0.07407475682145952 -0.34959015736160953 0.3255380557018986 0.0798561789368608 0.9421507124528601 14.998102924132874
0.9443808473822545 0.006180016903438387 -0.32879571543535696 -3.755321019809449 -0.03379480671080247 0.9963537710401658 -0.07833947902188655 -0.3964678047262645 0.32711271167130535 0.08509389123265147 0.9411462710641376 15.601395851788523
0.943157950674203 0.00846732056410206 -0.3322369403942048 -3.985485010796324 -0.037098300201555606 0.996110015848583 -0.0799284207794132 -0.4397051695397757 0.3302677644006343 0.08771055129572727 0.9398032043939873 16.220449179242536
0.9427669260502055 0.009891619770778556 -0.33330568402617566 -4.214916034572621 -0.03930221756450835 0.9958889255993518 -0.08161239834167877 -0.4870939205520551 0.3311281607480079 0.09004112242125342 0.9392799036670393 16.83442990011199
0.9408114565158191 0.011709112988903295 -0.3387280619635702 -4.4451316808444 -0.04166637743390341 0.9958180146056054 -0.08130433431549594 -0.5386375757959906 0.3363595045187793 0.09060562046563955 0.9373648730670027 17.455080050207542
0.9388807059227818 0.012605652376764613 -0.34401179859722164 -4.673644835526292 -0.043021742815516684 0.9957911545945992 -0.08092654741350759 -0.585401525818072 0.3415437741945456 0.09078036108824046 0.9354714193120142 18.047571504298702
0.9367805905905272 0.013077007473507781 -0.3496728713646527 -4.913351239545516 -0.043821852242875374 0.99581841408012 -0.08015816517958961 -0.6378502703423471 0.347162455284074 0.09041392621987275 0.93343642075218 18.668587233140155
0.933684991301912 0.013914123360103604 -0.35782500497962516 -5.21034851042492 -0.044670195785028316 0.9959653087990521 -0.077831081691932 -0.7044032945510382 0.3552983403086429 0.0886538258617685 0.9305394072977218 19.426126826548852
0.9305365889610773 0.01462636680584765 -0.36590671761904586 -5.483944315521096 -0.04429924789234349 0.9963600678819307 -0.07282988237315438 -0.7626219794944533 0.3635096054313504 0.08398026270723138 0.9277974359927756 20.11666943526379
0.9280599330466694 0.015861346705412983 -0.37209297004122827 -5.717693035742999 -0.04503628026503911 0.9965405219301312 -0.0698478461451086 -0.8074868243124145 0.36969784166708436 0.0815806707003111 0.9255636661163764 20.682492233998392
0.9246633045274976 0.018067128853720762 -0.38035687467859924 -5.999899563323087 -0.047208450211452965 0.9966067636732843 -0.06742641047316413 -0.8564739839154359 0.3778480322681612 0.0803027861013919 0.9223786245655485 21.34946419343796
0.9213405649260455 0.019314325511480587 -0.38827634521277743 -6.283448617711894 -0.049009702202796435 0.9965672149429318 -0.06672207423995236 -0.9023184431588219 0.3856547841162463 0.08050306162454365 0.9191243901438622 22.006896079935892
0.9177844100501377 0.01942573956427641 -0.3966036022419636 -6.589386829064393 -0.049767809253342746 0.996554037088376 -0.06635673533999822 -0.9532443687843015 0.3939478922789709 0.08063926962244006 0.9155885355134782 22.708021578026052
0.9142122870308711 0.019988864239784958 -0.40474231252512693 -6.897729895340759 -0.0510081078069052 0.9965150068548488 -0.06600010644718474 -1.0008117617001426 0.40201252117284014 0.08098324777065949 0.9120458576194361 23.3842643910129
0.910199646922139 0.019924177851857634 -0.4136902583814866 -7.229874937224777 -0.051158061036987564 0.9966016964733413 -0.06455936320468271 -1.050857330025824 0.41099812108299166 0.07992550108310757 0.908125794558697 24.106958983472147
0.9062390691071942 0.019639800231256877 -0.42230916148078396 -7.550681435703842 -0.05119920028383233 0.9966664737461695 -0.06351835955589985 -1.100358890015957 0.4196538949110595 0.07918471037550667 0.9042236394436528 24.78931513826658
0.9031097290181787 0.020785053964816988 -0.42890651532052054 -7.88776220300593 -0.052006340447747476 0.9967696697028529 -0.06120103033200505 -1.15277327698242 0.4262489388912836 0.07757710417478642 0.9012733408916018 25.494472570555786
0.8996040968939071 0.022943347877170076 -0.43610328093226414 -8.245091768127775 -0.053138727006111344 0.996949485984385 -0.057166406985576526 -1.2026261669959306 0.43346135299916655 0.07460110712085817 0.8980790222872788 26.2295537887536
0.8963155180823622 0.023913760506111752 -0.4427715258496225 -8.600074651097954 -0.05333449597046243 0.997109404522139 -0.05411346369511125 -1.2548328408401748 0.44019759606831493 0.07211773340837693 0.8950000608624085 26.94313950060645
0.8929179751460756 0.024879973654943224 -0.44953139664762193 -8.984379090838573 -0.05413708444526104 0.9971605659254833 -0.05234483595290557 -1.3025854561462304 0.4469526437429349 0.07107596410953039 0.8917295226564509 27.704048103131665
0.8910649990462105 0.024890189680612327 -0.45319272493326723 -9.356697087175649 -0.05380317970906162 0.9972474627234683 -0.05101682021450384 -1.3485405048194543 0.4506754767323947 0.06984251247820147 0.8899514807689017 28.43749019745799
0.8894994929542074 0.025618927322491748 -0.4562174071613809 -9.741880019928876 -0.05415321670958242 0.9973009601581644 -0.049580479904985916 -1.3908806926097983 0.45371585949161325 0.06880745185260528 0.8884860457065932 29.186011982293948
0.8876282766990861 0.02464071544053232 -0.45990094318971536 -10.141083048640754 -0.05314941258537372 0.9973766185193728 -0.04914286085172175 -1.4376442044082456 0.4574835323222474 0.06806405786786945 0.8866093286676601 29.957098954719626
0.8868679780974374 0.025030009098367126 -0.46134443539496495 -10.536916074070263 -0.05376109342689209 0.9973391519781944 -0.049237798132746646 -1.482161909919217 0.45888444543142703 0.06846980776920429 0.8858537978499275 30.710770165601005
0.8861812318726273 0.02389873549234191 -0.4627220274836505 -10.940209438419547 -0.05305397089745491 0.9973342932432843 -0.050095745257766305 -1.5256357046117046 0.4602913212832989 0.06894315022383359 0.8850868553924464 31.47607736780434
0.885428005648059 0.024255819930642422 -0.46414319128216586 -11.367914654752774 -0.054084190337653895 0.9972300661340734 -0.051059725359152985 -1.5703525436374965 0.4616190498339744 0.0703125194949232 0.8842872850112993 32.27914125348334
0.8851229675493133 0.023944646690558506 -0.46474077313225015 -11.80084974692927 -0.05370101681270397 0.9972591935825047 -0.05089500573193924 -1.6200023768466034 0.46224834570821227 0.07000539057841737 0.8839828687140856 33.099731077657154
0.8849814048593924 0.024875811667010236 -0.4649614038250957 -12.244787190482958 -0.05411841336282357 0.9972994096710389 -0.0496496203901681 -1.6677690365852336 0.46247065894842115 0.06910196425359176 0.8839376720946497 33.933608525709666
0.8852931190615962 0.024827741472066282 -0.46437019348315905 -12.66965772667599 -0.05412286698582628 0.99728859893329 -0.0498614651500513 -1.7149537853496748 0.4618731520790366 0.06927505821774142 0.8842364829034728 34.74125181874452
0.8853377387258508 0.02329991259515369 -0.4643642992962054 -13.114207719515308 -0.052669369915020144 0.9973406253171396 -0.05037474133702243 -1.766343813235383 0.46195565356487667 0.06905643463918004 0.8842104856731641 35.58001506254775
0.8840136660678888 0.021613654837321847 -0.4669611205762042 -13.552308145242197 -0.05160955399829281 0.9973364620714174 -0.0515406185349526 -1.8151658990290858 0.46460337078125946 0.06966226630997097 0.8827745332253588 36.40912603114017
0.8832426758972508 0.021135647784791704 -0.46843960108703586 -14.007839465654495 -0.05053828280259375 0.9974553895576361 -0.05028546324525173 -1.866353720069682 0.4661847889466463 0.06808840015113982 0.882063326705985 37.26632550693792
0.8818298413498113 0.022736728830945654 -0.47101929054661296 -14.466555414223272 -0.051112381643669866 0.9975608732508425 -0.0475376545669668 -1.9178965259614689 0.4687895640345232 0.06599504012487957 0.8808410749569057 38.11531012535911
0.879976964429132 0.02254761397500163 -0.47448092393490876 -14.931138597643244 -0.04960839476228779 0.9977729138485062 -0.04458945569717733 -1.9694632164479504 0.4724188282056499 0.06277593085168737 0.8791357308530379 38.972282865204505
0.8778949391490827 0.02254880079517184 -0.4783220958717337 -15.39671926903781 -0.049626113560865326 0.9977962419775612 -0.04404439065647437 -2.0200572569964734 0.4762748415245891 0.062403614303625767 0.8770792804829971 39.82293375316227
0.8740846890858798 0.020030910315481258 -0.48536040108106665 -15.887475996114663 -0.04829211487505267 0.9977830936225806 -0.04579049816116039 -2.0770265894748543 0.4833671771505958 0.06346385359309395 0.8731142601862477 40.705592555654796
0.8701634696992805 0.017617267871817777 -0.49244813724253456 -16.37158798913179 -0.04719792153050535 0.9977457426339222 -0.047705233036674434 -2.1312045759585 0.49049759653244973 0.06475387964142204 0.869033395714615 41.55821862234389
0.8649863360671881 0.017599761764390376 -0.5014866765955984 -16.87138843488424 -0.04776140116101457 0.9977351243804761 -0.04736528408668962 -2.181840781345583 0.4995172539324325 0.0649220298767135 0.8638678388853755 42.42120790462431
0.8607488650750335 0.020196219082319944 -0.5086290436131433 -17.373172225130354 -0.049067728670757066 0.9978514366873515 -0.04341507001124729 -2.232493913675851 0.5066594016448671 0.0623267441454106 0.8598904742402359 43.26951430920444
0.8569913149058512 0.02208264145777232 -0.5148574978789643 -17.876865278395524 -0.05008751969472586 0.9979204892247451 -0.040570155980425245 -2.2816637645425906 0.5128909499560025 0.06055620638459001 0.8563152569711323 44.10356565063185
0.8542912512952925 0.02240461109663248 -0.5193115551977754 -18.39446062867731 -0.051172057520811304 0.9978425220335414 -0.04113054522892244 -2.3317978683241196 0.5172696380896624 0.06171170572387631 0.8535946267914528 44.952373558971864
0.8525449869678965 0.019956876452198347 -0.5222726953213052 -18.895978153463428 -0.05093491004572802 0.9976866660040911 -0.04502167718193875 -2.3802538622671885 0.5201660120908927 0.06498491794187941 0.8515892673733885 45.763314169907865
0.8517987187375793 0.018981385507433265 -0.5235252140644582 -19.401860586994747 -0.053388115048082066 0.9972856024061358 -0.05070637440247273 -2.433758400315797 0.5211416812428566 0.07114164910689932 0.8504999787382241 46.57504101023179
0.8497895083955598 0.017688677701320724 -0.5268253051078806 -19.904621522360543 -0.05346932449999331 0.9971743469219139 -0.05276697052483599 -2.485701259419603 0.5244033016279999 0.07300981113544462 0.8483340997034243 47.39222019800126
0.8484444658042761 0.017568360262278773 -0.5289927609748472 -20.4259837427609 -0.052049212676897244 0.9973740638501258 -0.050357285657596805 -2.5416291335682573 0.5267189648245182 0.07025901704963193 0.8471309241300354 48.22599668308572
0.8469563986154759 0.019799975652723328 -0.5312935345065425 -20.955744791779825 -0.05240137647814294 0.9975494678402528 -0.04635897922543651 -2.5945262755885308 0.5290736759540197 0.06710454661034594 0.8459184507012014 49.066381545870016
0.8457224020322286 0.02170236718596704 -0.5331816069214721 -21.46818361100715 -0.05380867578873572 0.9975481799359514 -0.04474656541382479 -2.645673190478123 0.5309032351669185 0.06653296900782676 0.8448166185180683 49.864397336817945
0.8444761544086665 0.022176062173817422 -0.5351338588630078 -22.003185699411453 -0.05497115235619376 0.9974546615401366 -0.04541333042713449 -2.696077543648906 0.5327646732317962 0.06776739952451288 0.8435457204668297 50.7042237033945
0.8422592829386037 0.020745946000558985 -0.5386732831951953 -22.54004975512813 -0.05473181663429258 0.9973865191311438 -0.04716523829443342 -2.748950111887107 0.5362869833882409 0.06920792714712966 0.8411935177284346 51.540582979484995
0.8401784668126727 0.01937554622671574 -0.5419637738010938 -23.069487775784783 -0.054589340276235826 0.9973072149324468 -0.048972675768147025 -2.8040735579848035 0.5395555095006557 0.0707312325080167 0.8389737450691678 52.35463107523195
0.8390095003827505 0.0174549176679809 -0.5438367256049296 -23.60718114780466 -0.05295249041579359 0.9973603914295511 -0.049681821285635586 -2.859315921639378 0.5415340174229618 0.0704810290553178 0.8377191250753744 53.18393207668114
0.8363778548052802 0.01677265797801794 -0.5478966708565316 -24.14710857705838 -0.0524114059663435 0.9973992964848812 -0.04947411339372855 -2.9145710047542943 0.5456419416759943 0.07009508767250962 0.835081762564741 54.01390962233371
0.8337514143054585 0.01718662724012571 -0.5518724481143779 -24.69125404260108 -0.05301099566133853 0.9973897246425083 -0.04902623294252877 -2.9676458251643765 0.5495893134720155 0.07013099900650578 0.8324861737564825 54.830452089347695
0.8302315806508561 0.016680120969986088 -0.5571690013401749 -25.242698410705064 -0.05331701995991055 0.9973455746403654 -0.049589314654206955 -3.0247167802252584 0.5548628820461643 0.07087720585425242 0.8289171272314974 55.64873669748241
0.8265164507977595 0.015652934960019623 -0.5626948926263792 -25.8014838618698 -0.053075522294513205 0.9973270622560506 -0.050216728536221195 -3.0824822298977232 0.560404805023868 0.0713702775590322 0.8251380114788721 56.467200507451544
0.8228089263460618 0.01445567158157425 -0.5681342308683458 -26.36624138123709 -0.0528335628719311 0.9972929029634631 -0.05114176701060139 -3.140128296934757 0.5658569477876002 0.07209645801171233 0.8213452473732753 57.28431611293304
0.8182250166475895 0.01411695637580138 -0.5747247460086745 -26.9511171753939 -0.05357268852535631 0.9972207584349698 -0.05177572781283481 -3.199519632856847 0.5723965314152567 0.07315374555733506 0.8167072549786218 58.1150988832302
0.8143270237073237 0.012314230345771154 -0.5802756743057248 -27.539314581752944 -0.05285420731828329 0.9971942028805942 -0.053010890485754615 -3.2597708883445007 0.5779947501740205 0.07383821146485084 0.8126930461736116 58.94000274634515
0.8092800461275594 0.011659612256273297 -0.5873072963805311 -28.14042760422942 -0.052784673951132746 0.9972017830822818 -0.05293752934724781 -3.3216976595741112 0.5850466521019057 0.07384211034058734 0.8076309538426574 59.76838252435084
0.8050170203474889 0.011705832046586376 -0.5931362157607205 -28.74729171525249 -0.05254633195819691 0.9972826559593568 -0.051635134553812384 -3.3795907837482067 0.5909200283867435 0.07273429465354322 0.8034446106811981 60.587501764018334
0.8011976041800177 0.01096665953976677 -0.5982993660658005 -29.339362555352025 -0.05183843997095621 0.9973453636793651 -0.051137087213223735 -3.437754989009398 0.5961502958127065 0.07198581753244263 0.7996392104421898 61.3797312970464
0.797055134718986 0.010262011460099939 -0.6038193466086459 -29.954714403157126 -0.05199458311434906 0.997309012743672 -0.051684585971133956 -3.496530462872869 0.6016640886282514 0.07259079983741236 0.7954438385166489 62.18857771951096
0.7930820697320025 0.008372386028239729 -0.6090572500363145 -30.573532257009838 -0.051467843239245206 0.9972507722232664 -0.05331002168822972 -3.5530720979623474 0.6069364808461459 0.07362608540655395 0.7913326151283057 62.98727313268841
0.7894689613972684 0.009556328152146288 -0.6137160871140394 -31.21446964925394 -0.05366901569305946 0.9971239150692217 -0.053512005676912534 -3.611466964879745 0.6114396092377862 0.07518360585444328 0.787711260339642 63.798851342408405
0.7860962417512273 0.010083424172100623 -0.6180218630935005 -31.856472007865893 -0.054501746208018176 0.997103145633732 -0.05305541091720381 -3.6708835476615103 0.6156965635480457 0.07538992985990947 0.7843685996461389 64.60731647151452
0.7837178007249023 0.010619560260246987 -0.6210262746187164 -32.50285812369473 -0.0557951845587608 0.9970151900034102 -0.053362986071975226 -3.7312529637336493 0.6186059377398315 0.07647179769263296 0.7819710723234465 65.40871590357801
0.779717500884971 0.010735306624585078 -0.6260394332670839 -33.146769922433165 -0.056857818934899176 0.9969359994559025 -0.05371965575864265 -3.7932934197451105 0.6235445511265908 0.07748139247933652 0.7779388321582884 66.20354367292495
0.7764947809451277 0.010265527840183739 -0.6300400575385193 -33.799051986310175 -0.05853421659353707 0.9967190475031087 -0.05590067828100818 -3.8555330551546714 0.6273990760694178 0.08028548612705974 0.774548023084807 66.99375663825661
0.7741551685923737 0.009382461531294243 -0.6329263340684501 -34.45652527264037 -0.058765465369955916 0.9966372176964233 -0.057104083761011455 -3.917459304410047 0.6302621637236097 0.08140163215775151 0.772103218009411 67.78830017692256
0.7714500195596793 0.010374810625662628 -0.6362053368416933 -35.13402590957257 -0.06113705389025144 0.9964495399362435 -0.05788415156560046 -3.9830896575309316 0.6333459780901678 0.08355044982123408 0.7693453024303707 68.5992326688758
0.7692085077196624 0.011344596632708186 -0.6388971527397281 -35.8039669602409 -0.06196070482237709 0.9964550736362042 -0.0569048089583076 -4.048517242705194 0.6359867472751336 0.08335818107365572 0.767184639404679 69.40167365226662
0.7674241290948856 0.010764569729423815 -0.6410493975673771 -36.47509552456441 -0.06112143011767664 0.9965335183846307 -0.056436845378877304 -4.113165267829499 0.6382196932587764 0.08249285286914076 0.765421813356651 70.20133630556482
0.7639722637437782 0.011130109190613711 -0.6451530833062897 -37.16553815916718 -0.06260453693551585 0.9964125604764984 -0.05694454565415613 -4.177271603513027 0.642204836625587 0.08389356348417712 0.7619283547818848 71.014751546429
0.762929408362415 0.010564525855892546 -0.6463954738774211 -37.86568829567599 -0.06246156887746074 0.9963932381376058 -0.05743750871183969 -4.243436033861224 0.6434572792883315 0.08419563995300831 0.76083758052804 71.83027596866701
0.7610822804128414 0.010572441978542634 -0.648569183597401 -38.56774916270017 -0.06298770902279709 0.9963465053926372 -0.057673128092195464 -4.314424408069753 0.6455898937821505 0.08474588286453619 0.7589676043045988 72.64633838057965
0.7606995672619176 0.010530473189175986 -0.649018703507028 -39.25183009323591 -0.06315216977963067 0.9963256335627693 -0.057853568238019355 -4.378894166790792 0.6460247455164981 0.08499612367725076 0.7585695005338571 73.43811787479459
0.7600922896966276 0.008341746615775976 -0.6497615919759616 -39.9535187878913 -0.06158365696983179 0.9963417852843612 -0.05924947333600379 -4.447378456645023 0.6468903804648511 0.08504976284370185 0.7578254241593311 74.25449602488366
0.7579507652259536 0.0052531071230882825 -0.6522906118893211 -40.68050903473156 -0.05977910273356715 0.9963191019153191 -0.061438636337583515 -4.522270005320848 0.6495668528871846 0.0855608089267836 0.7554748517363324 75.09876234000858
0.7562209070966545 0.002295860308411335 -0.6543123632450771 -41.394633409406744 -0.05715854741475918 0.9964028065971441 -0.06256474616562777 -4.596446019560028 0.6518150352111773 0.08471231333624982 0.7536318622788405 75.92431513677418
0.7533086941923274 -0.0009143895650877282 -0.6576664619288214 -42.11057337267334 -0.05373503870640433 0.99656997490589 -0.06293513113750497 -4.670684649535685 0.6554681966880406 0.08274931424366595 0.7506756917089638 76.7502497647914
0.7478832347015438 -0.002850408452206552 -0.6638241803550176 -42.833181353003205 -0.05219079484767601 0.9966429364332365 -0.06307914228097515 -4.746780423129151 0.6617754817047268 0.08182134458313002 0.7452237780593729 77.5753535167674
0.7414709401217501 -0.003800992056886242 -0.6709742151635575 -43.560552371673644 -0.05103111162435324 0.9967682511417062 -0.06203933560482079 -4.8180471582156805 0.6690416060316063 0.08024092456650954 0.7388807234076153 78.38256496838656
0.7346519761049066 -0.0019244937247937417 -0.6784414273384688 -44.324371552440375 -0.05289727650854999 0.9967893303815638 -0.06010747853180563 -4.893931200309777 0.6763788525250723 0.08004578165885258 0.7321914508484031 79.21085246092335
0.7271779596150145 -0.0007014119626756708 -0.6864486310507166 -45.07656588788322 -0.054558254185702065 0.9967769679132368 -0.05881388558752511 -4.969536245736676 0.6842774378498481 0.08021960021685963 0.7247959739062397 80.0063642609776
0.7200796553182485 -0.0008313110863778783 -0.6938909128376237 -45.844651043878116 -0.05636328491055132 0.9966247718125926 -0.05968454007186577 -5.040639190355708 0.6915984890894752 0.08208759425988679 0.7176023667448287 80.79866639457285
0.711023625924709 -0.0021546966210538934 -0.7031648175636709 -46.62793016793535 -0.05692275792053334 0.9965369587512254 -0.06061261810529846 -5.116593586375058 0.7008603305991856 0.08312308419043181 0.708438670505126 81.59811260548831
0.702787973660403 -0.002545659968132826 -0.7113948156218398 -47.42963017704666 -0.05726035944012156 0.9965466353303408 -0.060133641570797466 -5.188874473219094 0.7090911897034774 0.08299592295470727 0.7002152250971152 82.39146661390602
0.6953738830634861 -0.003087655921314946 -0.718641516428129 -48.23491673506634 -0.056518226337224656 0.9966585033367374 -0.05897048260162929 -5.264816040527799 0.7164222587586901 0.08162287735363405 0.6928757847172972 83.1800170965159
0.6848472239710496 -0.002909211873245339 -0.7286808741180353 -49.04980487605591 -0.0569763205501957 0.996716709712175 -0.05752824938321699 -5.336377914900725 0.7264557651472723 0.08091561695255636 0.682432915543703 83.95418237502062
0.675988527375727 -0.002660437902552635 -0.736907343515155 -49.86951162488172 -0.058419328977605225 0.996652749718024 -0.05718809737443735 -5.409440543053012 0.7345928755836135 0.08170813025439057 0.6735704035898024 84.70853009613576
0.6681953180993341 -0.0026033195163340656 -0.7439813435816963 -50.69824604831996 -0.06072040415673667 0.9964670047410954 -0.05802190087676044 -5.481494771473559 0.7415039105690359 0.08394481038042752 0.6656765125952858 85.4533686205185
0.6595609635309535 -0.0016274748754944411 -0.7516493109899393 -51.549090158335396 -0.06387774900257927 0.996258681692967 -0.05820886817105556 -5.5578120155654 0.748931885132743 0.08640596320232463 0.6569893765918858 86.20163054571348
0.6521637185481689 -0.001900021889941192 -0.7580757707025352 -52.4020907755406 -0.06589581823507233 0.9960696599000054 -0.059185925403070355 -5.627519665046857 0.7552087296559509 0.08855293639120751 0.6494752898362952 86.93502682276697
0.6447978991545606 -0.0008230006076983334 -0.7643526620061352 -53.2611157202346 -0.06859738382990666 0.9959018300741135 -0.058940171247837056 -5.70051456580897 0.7612687227106849 0.09043709153346112 0.642098952107392 87.6667390910768
0.6384846960277127 0.00087994450409698 -0.76963401603364 -54.157721745421355 -0.07066400592893683 0.9958424545144453 -0.05748394604339776 -5.767648385036615 0.7663836449223552 0.09108804248810484 0.6358923472658016 88.40565086279553
0.6331563771604134 0.0021918733309338537 -0.7740207993021901 -55.052831088893505 -0.07131206603490864 0.9959080351742056 -0.0555137344563142 -5.838511234716924 0.7707318543429569 0.09034589734323567 0.6307218305515613 89.13590790125177
0.6281700638008356 0.003935120753241997 -0.7780661191499805 -55.97150303516196 -0.07379873355010541 0.9957803908146866 -0.05454502906178286 -5.909948072386832 0.7745683429309869 0.09168384859727255 0.6258098385576387 89.8716786810739
0.6250538917801323 0.003146547384367579 -0.7805752568523223 -56.879808245443 -0.07529138149869836 0.9955722422521234 -0.05627715637003281 -5.981472396006052 0.7769419799718178 0.09394684505952072 0.6225232124674823 90.58731497746733
0.6211991411834629 0.001419474669906294 -0.7836514608450557 -57.78675775650341 -0.0752214324246539 0.9954888442783629 -0.05782470943561102 -6.056154288563128 0.7800342063633566 0.0948680452470225 0.6185035900413978 91.30206527361064
0.6169300150242543 0.0007441560580599207 -0.7870176635844552 -58.696587046064714 -0.07725790405758884 0.9952269355666237 -0.059620155847631896 -6.12913035023815 0.7832168108658049 0.09758479878766349 0.6140428602489971 92.00524198689537
0.6148441774726809 -0.0016510173315793242 -0.7886468864895833 -59.60421631731892 -0.07721116148692925 0.9950677519504221 -0.062278451892875036 -6.208011653127756 0.7848599072253482 0.09918388563725783 0.6116841365117405 92.70647573077127
0.6126630461522313 -0.0013831929685343206 -0.79034301329023 -60.505252351230006 -0.07818214711137861 0.9949876353789362 -0.062347071431526443 -6.283661835764908 0.786467763962722 0.09998846043541677 0.6094840145789153 93.4034065610179
0.6105685500217038 0.0002878350346354752 -0.7919633595535762 -61.39959128515055 -0.0793648072248963 0.9949882073172324 -0.06082511548526148 -6.355767861496161 0.7879766957839232 0.0999919219268896 0.6075313510024134 94.08876067819209
0.608787207264261 0.002270328562784675 -0.7933303107026726 -62.30245031146044 -0.07955291641750825 0.9951302112445621 -0.05819962334776832 -6.430936800213359 0.7893348274090348 0.09854292606052531 0.6060031534262666 94.7779910502605
0.6069176386204438 0.0037992422357000163 -0.7947556515620502 -63.194571002134424 -0.08174487628964361 0.9949834872791354 -0.05766832095909606 -6.503273550015169 0.7905496538053605 0.09996712359713532 0.6041835971523389 95.4543799012349
0.6043754225816004 0.004327015331959415 -0.7966879097348154 -64.09544653279524 -0.08251602896179291 0.9949472291077918 -0.0571936732087049 -6.575303047933863 0.7924149503534679 0.10030597304769324 0.601678700160864 96.13192354377396
0.6033732987719818 0.004841435513470167 -0.7974441816398099 -65.0002987455777 -0.08230994343263814 0.9950187997161692 -0.05623754460776288 -6.646750622001408 0.793199682010232 0.09956981828628152 0.6007662738081293 96.80785702408664
0.601153253795742 0.005269256307608335 -0.7991163872608026 -65.88539608250701 -0.08187894465818463 0.9951216722085772 -0.055033589038580785 -6.71835452225837 0.7949280494940748 0.0985144275665762 0.5986520723164463 97.46982025526856
0.6002263847191704 0.004944766339266576 -0.799814876313766 -66.77373121623758 -0.08194504549676386 0.9950990093843082 -0.055344114781086376 -6.793411895472714 0.7956213273948154 0.09875986435905439 0.5976898799430133 98.13218328590862
0.5978832173441566 0.005055284546866143 -0.8015672788458562 -67.66089880760748 -0.08156675192935396 0.9951731825543058 -0.054563739831779146 -6.866300156772027 0.7974224246896343 0.09800398370926086 0.5954096873407585 98.78656594294647
0.5972009970038381 0.00586916769586502 -0.8020701478350756 -68.5266990381527 -0.08047325573389566 0.9953660840638189 -0.05263472054686297 -6.936822709160915 0.7980445001935728 0.09597870371086048 0.594905928819653 99.42384954442484
0.5968567940434998 0.005640593522127237 -0.8023279573271979 -69.38640225763275 -0.07992684652711496 0.9954193324860829 -0.052460001116968 -7.004030667471518 0.7983568541750904 0.09543865159189649 0.5945736263693289 100.05256328672888
0.5960000930993904 0.0038331631687350473 -0.8029752149883831 -70.24846457472009 -0.07835399310734623 0.9954941137658364 -0.05340525462635608 -7.072192947545402 0.7991523889657417 0.09474585118987448 0.593614928124836 100.69195143719257
0.5948753052336869 0.00239589046651556 -0.8038144256804554 -71.0820742864045 -0.07721406963091346 0.9955415295660768 -0.05417610506735146 -7.137946049670466 0.8001008428155543 0.09429381007313639 0.592408067726741 101.30522576744147
0.5948261339337243 0.0008382881171609749 -0.8038539467232165 -71.93297539379483 -0.07678256627344385 0.9954864116225883 -0.05577850653474828 -7.2094653262062405 0.8001789224329291 0.09490048233710607 0.5922056995219325 101.92840389085225
0.5945068175858867 0.00021019826921006568 -0.8040905419544425 -72.76790352368916 -0.07826852159649492 0.9952664811732118 -0.05760789859205123 -7.27836001641752 0.8002722551550819 0.09718326640826944 0.5917091602799631 102.53924083798765
0.5958571166015179 0.0004745297679159752 -0.8030903258144906 -73.61262590415157 -0.08009592142891803 0.995049014027503 -0.05883963845357121 -7.3499434746062295 0.7990863157167554 0.09938427694758234 0.5929450442746179 103.15645809826691
0.5981372273596384 0.0011061225049876985 -0.8013929334225054 -74.43079652708599 -0.08260793086521873 0.9947571873604963 -0.060283231107842734 -7.419660434294564 0.7971246997833472 0.10225905675116653 0.5950926804353001 103.75804250514815
0.601778780712606 0.001501595453331818 -0.7986614077912765 -75.22745041145785 -0.08444240187448249 0.9945127717240577 -0.061756195182350246 -7.485422534756445 0.7941862375096395 0.10460445539663536 0.598603481497941 104.34570979819875
0.6070812033917602 0.0022473612599923642 -0.7946366225236411 -76.03179807767972 -0.08605023130569348 0.9943014732766262 -0.06292803772697601 -7.555434075867102 0.7899669424606636 0.10658109404250903 0.603815120887224 104.9501744048282
0.6113139151654481 0.004852894479582023 -0.79137332943451 -76.84657266281637 -0.08933496893103365 0.9940126688520186 -0.06291325367343893 -7.627225815070693 0.7863298038680606 0.10915705921678757 0.6080873094975425 105.57025857911592
0.6159802608867664 0.006607168701451609 -0.7877338786161365 -77.6479771674765 -0.09137878772051564 0.9938137991725469 -0.06311932928159017 -7.6998233236644404 0.7824437585875426 0.11086242779219399 0.6127734383533774 106.18044938069869
0.6216429212445245 0.007932684495502398 -0.7832605894485366 -78.44882017724623 -0.09290049566794081 0.9936376953928128 -0.06366810974978884 -7.77509713868571 0.7777721879645897 0.11234412673190824 0.6184247899442745 106.80343491184696
0.6268086394235297 0.009029409806663072 -0.7791209144302101 -79.22686071620521 -0.09453742166301123 0.9934268341578121 -0.06454301728689923 -7.84707399018979 0.7734168380953014 0.11411220326385033 0.6235421394075433 107.42317879205498
0.6345979093009259 0.00835681897657329 -0.7727972936595255 -79.99687423570882 -0.09448020744509786 0.9932801572862096 -0.06684324605084888 -7.922622423704546 0.7670456204894369 0.11543263281271823 0.6311230651544111 108.0417157119125
0.642349052964622 0.008152576923404958 -0.7663688600438835 -80.76782831623805 -0.09696809710028871 0.9927721732665442 -0.07071492156802578 -7.99995543216563 0.7602531698718543 0.11973699293506174 0.6384968051781205 108.67640494205153
0.6492682908944967 0.008759235138819037 -0.7605090152251465 -81.51221585082322 -0.0992810744980544 0.9923537894863899 -0.07332956251412967 -8.07294148874213 0.7540516923165487 0.12311471192259987 0.6451734751388686 109.29653793643568
0.6567925799341563 0.01144008924289705 -0.7539845033563687 -82.27868301209203 -0.10233515919436566 0.9919868067323441 -0.07409244537489028 -8.153911651015127 0.7470950556228432 0.12582249253246341 0.652700297408251 109.94383467972975
0.6649058284257563 0.01324649577290652 -0.7468097278927193 -83.00158297112294 -0.10334166509553333 0.9918583122088894 -0.07441497670103824 -8.230631004685414 0.7397436985745411 0.12665551252066293 0.660861287690077 110.57589779239538
0.6761156476831596 0.01532865301154994 -0.7366360453811865 -83.71869947998704 -0.10441205196362129 0.9916871571154328 -0.07519777800611734 -8.308740950945385 0.7293598250265284 0.1277560754295574 0.6720957006469461 111.21709342641385
0.6852280765461369 0.015545530372265096 -0.7281626326572427 -84.4358557311807 -0.10397583735546227 0.9916198676678423 -0.07667505000090603 -8.39059797182715 0.7208685791176587 0.1282512164926944 0.6811021341245614 111.87596548545349
