1.0 0.0 0.0 0.0 0.0 1.0 0.0 0.0 0.0 0.0 1.0 0.0
0.9999054985194742 0.0002278708348363353 0.013745621317507041 0.0024536410346627235 -0.00024126317365462624 0.9999994978736767 0.0009726481766306596 0.013863228261470795 -0.013745392777316737 -0.0009758725721608538 0.9999050514174433 0.16298332810401917
0.9994333872056776 0.0022914838058348632 0.033580554500395654 0.01663169902018268 -0.00236954491151138 0.9999945820462344 0.002284980325900924 0.02524588329382628 -0.03357513656709049 -0.002363256258855637 0.9994334020955856 0.34227263682835585
0.9983371414050751 0.00266652104516089 0.05758334617455956 0.040693496955131664 -0.002863852033090504 0.9999903058730599 0.0033446242594423036 0.033712938611502055 -0.05757386944331614 -0.0035039728052598616 0.9983350999198136 0.570761351871128
0.9963488416589934 0.0016357462133873542 0.08535988553827624 0.07782122379822437 -0.0020607696715226292 0.9999859140214779 0.004891317510717725 0.04471407839675579 -0.08535068220666527 -0.00504936559927188 0.996338178006796 0.8472035947093226
0.9930790160653352 -0.0013388074901593112 0.1174405187540068 0.12908478055677663 0.0005644035260788348 0.9999778817875804 0.006627019260864144 0.05530985112128661 -0.11744679348269019 -0.0065148699241357 0.9930578065603766 1.1340183376472315
0.9881549340162129 -0.004489288507396313 0.15339384820817145 0.19381459582473892 0.003347516394500952 0.9999647447807524 0.007700865506785769 0.061783832074565274 -0.1534230116814382 -0.007096159825033177 0.9881351243642416 1.420607823394573
0.9815744365916126 -0.0055759806709242184 0.19099877975897123 0.2731295587097131 0.003916775009265645 0.9999512554345065 0.009063422558917527 0.0691645305151358 -0.191040007075443 -0.008148324644501012 0.9815484300339453 1.715349079121137
0.9726102714385154 -0.007012187187013559 0.2323361554367978 0.37581550489334337 0.0043827990259759295 0.9999204007604333 0.011831450282728967 0.08034562874260492 -0.2324006259995775 -0.01048910739524893 0.9725635854076873 2.0661199605545564
0.9615159876870859 -0.010757575992593605 0.27453830330373136 0.49997162376589255 0.006429619519739723 0.9998405473378716 0.01665952856286436 0.08808210345784293 -0.2746737435849292 -0.014253226226685846 0.9614318385237571 2.4258819946022294
0.9489272701858995 -0.017335729675041617 0.3150182667309485 0.6363604485398514 0.011133141063666708 0.9997073211230066 0.0214784837248422 0.0927920982982007 -0.3152984127260929 -0.016874376127599344 0.9488425403420269 2.7464644335569166
0.9357790160451199 -0.02266345596322821 0.35185792714308733 0.7937758066684049 0.014635036348770813 0.9995686932450568 0.025460620484189084 0.10056854981062982 -0.35228319409347003 -0.018676060831250448 0.9357070887361761 3.0960224141473334
0.9192860965895507 -0.02493814080633481 0.3927991366465447 0.9628615593810423 0.014395145476093961 0.9994532943910884 0.029763939885751926 0.11315560680437405 -0.3933266484791866 -0.021707175401787807 0.9191425058891612 3.437067289585432
0.8991409780782471 -0.028633298768092497 0.43672146242445037 1.1476404041446258 0.015116212175450523 0.9992939579967997 0.03439601198623884 0.12802791040355768 -0.43739799001591245 -0.02432528957171686 0.8989389738003867 3.7687353788675084
0.8759169382163953 -0.03487880005539843 0.4811995289402425 1.3755149349824998 0.01835405155278911 0.9990703915668975 0.03900617240852793 0.14774771309501256 -0.48211269028849807 -0.025334206146271573 0.8757428457382481 4.13215712894447
0.851259009591598 -0.04068025575584756 0.5231665273894831 1.5992779411553537 0.021298108128912023 0.998847455450044 0.04301338548756186 0.16031073855172276 -0.5243133501821798 -0.025473074659554888 0.851144308145292 4.4499919160535155
0.8251380151886705 -0.04678832143388811 0.5629903275082981 1.8299562713830313 0.02459145881989277 0.9985945895365882 0.04694790625110628 0.18279109510749672 -0.564395708739543 -0.024893748726383357 0.8251289506681587 4.7212011219710615
0.7937562367490475 -0.051583305311544106 0.6060447171910056 2.096419262814624 0.026411803950894066 0.998380600057757 0.050384462291192415 0.2009325827651926 -0.6076622855123145 -0.023986246922957304 0.7938332360921287 5.01195033625106
0.7594341028725745 -0.05604691372965305 0.6481655551288641 2.3913856247056513 0.027702512817876793 0.9981645157982049 0.05385322817538937 0.22383523926451931 -0.6499941647258867 -0.022942163427105297 0.7595928139204456 5.320931762415203
0.7222555766099974 -0.05779662725163373 0.6892071038041439 2.7186219497039317 0.024888627681369988 0.9980287517240872 0.057612211762771745 0.26148847968953914 -0.6911782970174183 -0.024457322224561328 0.7222703102867414 5.638693470658711
0.6872295696015781 -0.061535035957958784 0.7238293707876757 3.0488112486504826 0.025463548395548513 0.9978340626004581 0.06065303963835925 0.2860943349938959 -0.7259938886577058 -0.02325129811252568 0.6873079737408443 5.91897745783872
0.6545569861815057 -0.06439713853945606 0.7532650001088027 3.385204401576821 0.026091491032293666 0.997696251272801 0.06262127667104836 0.31603611992958675 -0.7555622978528614 -0.021335387133360133 0.6547292687204184 6.169911780612173
0.6192761920301983 -0.06735374855968099 0.7822790234561683 3.7717684368628195 0.026298970479223426 0.9975342187970024 0.06506801426805106 0.3469493010783189 -0.7847326692169188 -0.019721939154495778 0.6195205266814624 6.445400562247259
0.5869640651932194 -0.06935676071346814 0.8066367372709881 4.192980639762425 0.025311982981999562 0.9974088813084385 0.06734112417065952 0.38545165202733095 -0.8092172079790253 -0.019109244631432775 0.5871987287794882 6.735173163073927
0.5554296471495211 -0.07091125782181679 0.8285345500228019 4.613578569834057 0.025848298426630868 0.9973482857820346 0.06803133334049438 0.42674494206037034 -0.8311617005949004 -0.01637041116665854 0.5557897418110812 7.009481218160128
0.5215044961881568 -0.07146155038395513 0.8502507320033652 5.093438415258574 0.02752090976506284 0.997376902280468 0.06694710093141637 0.4677520339884882 -0.8528045848734869 -0.011513540469352733 0.5221032258132683 7.284184149244214
0.4930311019237408 -0.07067197884746583 0.8671365543797845 5.602054796073134 0.028928038483914956 0.9974758345582353 0.06484695877082479 0.511314242564196 -0.8695306211545025 -0.0068870079232753074 0.4938310115783836 7.559419727961911
0.46827011428194254 -0.07008126589453506 0.8808017462749471 6.142771960948604 0.03060934797440224 0.9975379352735472 0.06309624003671507 0.5564122971613275 -0.8830550197394038 -0.002585316384562438 0.4692623448053693 7.839004077691715
0.44761613334099726 -0.06992286981784887 0.8914878515433011 6.756128753389312 0.03142661490727402 0.9975523991290552 0.062462619760431486 0.6042456450773829 -0.8936734107314175 5.716906945108652e-05 0.4487179868061598 8.143311316035062
0.43380954467948085 -0.07214969525110429 0.8981111848875697 7.403393470314404 0.03465434647674872 0.9973872236981001 0.0633861362922967 0.6580861019872597 -0.9003379116838582 0.0036259452517844216 0.43517639791902785 8.446089307554578
0.42445731999658376 -0.07533235859146944 0.9023087161555984 8.03140364561826 0.03690700255891302 0.997144210867409 0.06588851110572233 0.7069958230115999 -0.9046954496754332 0.0053346492535841575 0.42602545094619304 8.737521045398603
0.41615256974694803 -0.07777425276994354 0.9059625843814351 8.670815814092885 0.03798601518095601 0.9969525857415507 0.06813665998497907 0.7524224487840591 -0.9085010189007406 0.006058662336968251 0.4178387144186173 9.02980068948306
0.4085173656360928 -0.07904800988235257 0.9093211611457125 9.296394623712327 0.03667756908788179 0.9968598158267796 0.07018022168391179 0.800557094594087 -0.9120133320843237 0.004681850428926118 0.41013383471375614 9.309779667054428
0.4003710248962987 -0.08139319970861587 0.9127311704246114 9.959659560568754 0.03760840676494026 0.9966677263235539 0.07238128933391766 0.8464502879364674 -0.9155810451096563 0.0053469941304326515 0.40209794763176665 9.600730595200847
0.3905293754224455 -0.08245133468234146 0.9168907155933336 10.636223557307384 0.036217577714723684 0.996586100254286 0.07419185834330341 0.8967239322056716 -0.9198777603554903 0.004233460647669329 0.39218233490853727 9.891110735727496
0.37842870306433535 -0.08443300710249063 0.9217715465388785 11.339466093661022 0.03731660480765758 0.9964131069863296 0.07594992581614961 0.9513987963575669 -0.9248779312442665 0.005655752600696701 0.3802220729519073 10.179758600769585
0.3664435426568355 -0.08594626532808539 0.9264622871554257 12.099418966985754 0.03731085282834526 0.9962810566551112 0.07766567073937203 1.013616602984174 -0.9296919007425685 0.006107014518513414 0.36828748833939645 10.479073845668895
0.35606104914147135 -0.08839853350441111 0.9302721260784633 12.83772717890247 0.0365051998842897 0.9960714395674197 0.08067873114703852 1.076602393236676 -0.933749377330814 0.00523321625366021 0.35788924792728777 10.767848502221895
0.34773758174939223 -0.09194254502466506 0.9330729567689079 13.618953242721451 0.03538681426369683 0.9957582165214652 0.08493142884855803 1.1376775479893304 -0.9369238750375356 0.0034846297333416196 0.3495161079839814 11.065150647973944
0.33761965988402537 -0.09696005471526262 0.9362754472105997 14.464643843487458 0.035559364734169284 0.9952842680303688 0.09024830962935224 1.2029144633744067 -0.9406107041914299 0.0028237565168390613 0.3394753740105993 11.378609124996004
0.32748285692315665 -0.10081112721514948 0.939463727373792 15.2422417043647 0.03576346229091144 0.994901866368626 0.09429343063645478 1.2645233171508719 -0.9441800427812559 0.00271899353369999 0.3294186605032415 11.647362295379398
0.3147656046681625 -0.10269448544644987 0.9435976138040912 15.99735742362955 0.03593820382175229 0.9947063971139574 0.09626852573212227 1.332026233094106 -0.9484888294671435 0.003609182658026504 0.31679001590420863 11.888873618163085
0.3012897638034107 -0.1019584064751003 0.9480659057134919 16.773112678873407 0.034686086657003845 0.9947807282922647 0.09595925182458657 1.3989150309565987 -0.9529015445573106 0.003973155845147319 0.30325378878576664 12.130441104013743
0.2852234259976234 -0.10168074929800307 0.9530522663969563 17.54308914019749 0.03450097156274419 0.994801577083487 0.09580973433547176 1.468578432517362 -0.9578399032319571 0.005554048469684894 0.2872487986436 12.356853427343037
0.2671209978555346 -0.10093325483364532 0.9583625882584056 18.376085090932214 0.031769463701187606 0.9948815076864695 0.0959243808405174 1.541367842580391 -0.9631391766929652 0.00482324913145829 0.2689603364569086 12.593140291485732
0.24614209540518955 -0.10003672366645357 0.9640574271212398 19.18861825276773 0.028575905935858778 0.9949759773786678 0.09594905960617908 1.6164856534326657 -0.9688124103609986 0.003931711770560231 0.24776411195543585 12.8108548216654
0.2238670622571805 -0.10071301200010424 0.9694020980223876 19.971289589600058 0.025868236707771115 0.9949101301221985 0.09738925664497566 1.688210075965317 -0.9742763328573525 0.0032744761561317517 0.225332876074337 12.999590878481019
0.19383365256871798 -0.10034237740131538 0.9758892982451041 20.80752768195865 0.023970660647135413 0.9949428537219976 0.09754037756574246 1.763773884680428 -0.9807415166903101 0.004486103540904805 0.19525868051129225 13.175923323268433
0.16565178815530746 -0.10076862448876192 0.9810225121777748 21.609939033860048 0.02334987393324999 0.9948877867121264 0.09825006482617749 1.8373043277462175 -0.9859078397437818 0.00663145306020007 0.1671578755609795 13.317116671088801
0.13753780533546928 -0.10065746664952058 0.98536867542621 22.43097548727583 0.0231133711755616 0.994878221956079 0.09840272125511529 1.9121348402185674 -0.9902268044122032 0.009241097619430982 0.13915990061215505 13.43280291796797
0.1075930213290438 -0.09906531130842744 0.9892470903958486 23.264086939649694 0.02095385159697083 0.9950281131228784 0.0973652412228119 1.9923955735503436 -0.9939741837012368 0.010252716249296308 0.10913388082979258 13.528963294571096
0.0756187840610908 -0.0963226697732789 0.9924735476499463 24.05475065992165 0.017383548710736635 0.9952994395800387 0.09527243990726034 2.067708590797717 -0.996985261541686 0.010048326199370065 0.0769377632196796 13.595619838290347
0.0439486520207259 -0.09300288258262607 0.994695420627281 24.908141556066315 0.01811728740518477 0.9955678935669539 0.09228398125209207 2.1454050491047076 -0.9988695009272429 0.013965426236990222 0.045438826870641214 13.63520706605452
0.018930398780840574 -0.09040996340798364 0.995724700164943 25.727030066913674 0.019271493484486132 0.9957511390527747 0.0900459805542669 2.2161177696440415 -0.9996350581791718 0.017484495751066517 0.020592301169494842 13.648755107379865
-0.007526485271374228 -0.08664678851165566 0.9962106634944621 26.49799710793488 0.023526813164101913 0.9959477692275366 0.08680167068112926 2.283722561410599 -0.9996948739899596 0.0240909736480324 -0.005457463411565944 13.637301793444752
-0.03604719070944634 -0.08436760870534021 0.9957824594977057 27.29261046216266 0.02569875223650916 0.9960222767155855 0.08531821856900525 2.347653983140152 -0.9990196065020164 0.028665848803840415 -0.033735662686718404 13.606649395121737
-0.061186883983573914 -0.08220161003910681 0.9947356737019939 28.087854304024162 0.030328777114959855 0.9959896811072244 0.0841707811930052 2.41526627984274 -0.9976654401687433 0.035319264359670394 -0.058448430757377656 13.554830089347178
-0.08795802348274634 -0.07451180749324961 0.9933334669933845 28.900794414544375 0.03288378229580603 0.996437720041462 0.0776564674737086 2.4793032736040455 -0.9955812588467757 0.03949507086538827 -0.08519446232242606 13.480028368178354
-0.11005128116375662 -0.06266486044859945 0.9919485020802107 29.756077318217965 0.03480587287105408 0.9971554127843572 0.06685532116849464 2.5423977800720032 -0.993316297423887 0.04188314720524358 -0.10755712553003671 13.381306604654126
-0.13451086607242185 -0.047699761816223686 0.9897633856791849 30.576798012776198 0.03549570467499396 0.9979677471848585 0.05291909417596165 2.5956030369763825 -0.9902761644400379 0.042250542025567134 -0.13254436932768282 13.274252825141076
-0.15798188991171275 -0.033664125980418694 0.9868679998266728 31.404650103772013 0.03660103264706914 0.9985322514883967 0.03992126183728749 2.6344663987257535 -0.986763440176566 0.042427224272718875 -0.15651787045389015 13.148761941335493
-0.18191787894084 -0.023721927684387613 0.9830275456306412 32.20136875956812 0.0398218626657554 0.9987111054495306 0.031469780831879006 2.6617694212841263 -0.9825070506492539 0.044870903698426536 -0.18073875463162548 13.005686332932848
-0.20533072674956487 -0.02012818433844909 0.978485640593531 33.047650261479 0.04198943955884922 0.9986867223230038 0.029355027189035966 2.689856229756969 -0.9777914806429994 0.04711355273138192 -0.2042158993100146 12.831295734472807
-0.230523557425168 -0.02051421488635493 0.9728504800120323 33.855518751932415 0.04220135712586103 0.9986262906467236 0.031057641344783192 2.717062472665265 -0.9721511893367105 0.0482151285050875 -0.22934115734960686 12.640482945701843
-0.2566170292042007 -0.024682927558863532 0.966197936972303 34.6247989979223 0.043903447459142014 0.9983442664224343 0.03716467412280222 2.7405411682790013 -0.965515503564605 0.051956508625730646 -0.25510847415915383 12.435085927623243
-0.27655853972020783 -0.027524491669973547 0.9606028193099038 35.380744727848054 0.049113531534592914 0.997878651210498 0.04273240548480448 2.7645264225114756 -0.959741233420773 0.05899660851800515 -0.27462003760713916 12.210117255775518
-0.2926526096512337 -0.027320253175775924 0.9558284646476763 36.149101118757045 0.050813479369339457 0.9977350844064614 0.04407597598253575 2.7944351071999782 -0.9548677606761601 0.061467919363216286 -0.2906015390710324 11.973035965254907
-0.3026686708474209 -0.02458310401465188 0.9527787501222206 36.95572149306677 0.052682871085376705 0.9977074365054345 0.042478067705068026 2.819231024370209 -0.9516386870980275 0.06305190035803497 -0.3006796752020051 11.715836030989513
-0.31127924987218997 -0.021992812758531256 0.9500639687862996 37.74333713613745 0.05387772126748751 0.9977157704076092 0.040748406483861396 2.8470091351516458 -0.9487899766281417 0.06387141510033466 -0.3093832939624424 11.453943772358596
-0.32040294515994133 -0.02038234844940054 0.9470620426373993 38.5317915798968 0.04935124539095065 0.9980516305692408 0.03817587322435729 2.8713687208650236 -0.9459949298549112 0.05897035348178987 -0.31877278757609623 11.196764831564405
-0.3319527710426233 -0.02126551086506801 0.943056273954408 39.34234203865843 0.049918854549834545 0.9979489640921568 0.04007459329580098 2.8972961867480818 -0.9419742383725557 0.060379161264786284 -0.3302103740457056 10.909845803474694
-0.3429048676765485 -0.02049347349997746 0.9391465643165793 40.14619927152031 0.051442311822714484 0.9978520891228259 0.04055732717458979 2.9234118366374844 -0.9379605217055054 0.06221917531692164 -0.3411141069273136 10.612618265677732
-0.3506139079424156 -0.018160895885467522 0.9363439909659187 40.93778856011001 0.05449828338005442 0.9977220154359729 0.03975823214137614 2.952397759602114 -0.9349330589223886 0.0649689293048414 -0.34882547722178764 10.310551512588352
-0.3590659148387231 -0.014598472306325012 0.9331980247553852 41.72013157234692 0.05537814978779962 0.9977827540318867 0.03691661255618886 2.9866889490686153 -0.9316678213435897 0.0649342772568171 -0.35746134100070714 10.006819455319276
-0.36177092614205686 -0.013059359466196022 0.932175546841179 42.476663112532634 0.05499057231464674 0.9978619442092627 0.03532105965876321 3.0123947885527795 -0.9306437739300821 0.06403899928358484 -0.36027929806738956 9.715866903062585
-0.36267832364660285 -0.012259019538008013 0.9318337566309007 43.26671007536719 0.05867744445360244 0.9976290203926883 0.03596241347183847 3.0379430493352624 -0.9300652617259095 0.06772041132695375 -0.36109909279922564 9.405037435601987
-0.3598370618140177 -0.012603849789327284 0.9329300251977868 44.06228271659832 0.058946000762548606 0.9976041076296194 0.03621344273349912 3.0652599049593885 -0.9311512540608837 0.06802343280810573 -0.35823198440374454 9.09713338158602
-0.35218528758422557 -0.012610770909280037 0.9358453353339378 44.865452944252624 0.05810057874808701 0.997686121722982 0.03530899701907533 3.098482864781738 -0.9341251768143037 0.06680846487107293 -0.3506376806095102 8.801641719396313
-0.34272305637546746 -0.013374158294546856 0.939341279045359 45.66211991408401 0.05745427164277944 0.9977285321054126 0.03516792420341213 3.12601024660442 -0.9376779368731336 0.06602202748092212 -0.3411761694325272 8.516633251612086
-0.3371699808670044 -0.01373421519818225 0.9413436011016564 46.49759244294155 0.05607678821481447 0.9978252343204761 0.03464383894429249 3.158847739105147 -0.939772205284693 0.06446838827035503 -0.33566654448748384 8.221970847477005
-0.33395962543476104 -0.014712253982890788 0.9424725556546554 47.34571548677005 0.05362413536250711 0.9979622664619083 0.03457986155025686 3.1887051443687637 -0.9410607954250874 0.06208755351078292 -0.33249017280657794 7.930259534269244
-0.3344112046492269 -0.015778783460656344 0.9422951640529387 48.23775365348139 0.05073114166966768 0.9981087395301758 0.03471736364379936 3.2213505412353434 -0.9410608362215191 0.0594135848605806 -0.3329782702580899 7.621170360589677
-0.33556203581798094 -0.016516458201938936 0.9418733071523769 49.147744890217915 0.0492634729347618 0.998170461579691 0.035054812282945595 3.2502527325834083 -0.9407290950917263 0.05816301434975809 -0.33413445408944553 7.305019993546861
-0.3377838232185211 -0.017707507846465742 0.9410571358518813 50.05912071808719 0.04804120362099368 0.9981954349695217 0.03602660628831787 3.2813327866473276 -0.939996878466373 0.05737872229210576 -0.3363235803532072 6.992140819646301
-0.3397637271539949 -0.017754792111904175 0.9403432230135385 50.97997094256494 0.049023098290573816 0.9981283429716921 0.03655881276214486 3.308830411253361 -0.939232317131613 0.05851989673305903 -0.3382574110672723 6.66704681433735
-0.3389074548779227 -0.018248075659324875 0.9406427296072088 51.90231091660654 0.04882898023789238 0.998123233568933 0.03695593726081351 3.3372346710125456 -0.9395517376478513 0.05845526789459803 -0.3373803698176207 6.338990069669746
-0.34083453544196174 -0.018959192141267532 0.9399321084436965 52.82892502369493 0.04993147396896341 0.9980204367202725 0.03823683820562695 3.366499172485989 -0.9387963929187995 0.059964630591933625 -0.3392131715022635 6.00141984136124
-0.34281852635005006 -0.019136342148264724 0.9392067176081976 53.76228496619205 0.05014070997576629 0.9979945759906856 0.03863593529730825 3.3961394660713475 -0.9380625603840643 0.06033760603766316 -0.34117152006481666 5.6642871017769085
-0.342299398734297 -0.019510462689962337 0.9393883453991551 54.75426341892166 0.05052793475250703 0.9979554625909426 0.039138503989605396 3.4292156671567504 -0.938231341107184 0.060862439406595865 -0.3406137314226973 5.308780070636502
-0.3417661733167691 -0.019851183229793967 0.939575336681838 55.744262127726465 0.05189143148812003 0.9978530247571109 0.03995773168234475 3.4538956748037535 -0.9383512999482262 0.062412110262846106 -0.340002303489274 4.954620500520889
-0.3407178856401708 -0.02006613000708053 0.9399514204635423 56.73924059840628 0.05136813228117361 0.9978814913130434 0.039922979357770436 3.486377243043396 -0.9387612249080358 0.061886022019484 -0.33896531221906556 4.60153175806518
-0.3403862228958637 -0.020951496624420373 0.940052261340764 57.70256409861214 0.05267489322612165 0.9977568710445515 0.04131079649441678 3.5144164801161923 -0.9388091259070206 0.06357877847665316 -0.3385190748556313 4.2578005030181725
-0.340160084240809 -0.022836190665321318 0.9400902219921147 58.71467013599596 0.05643914001852357 0.9974071250472503 0.044650312193185285 3.5497317763887626 -0.9386723286446957 0.06824613762607017 -0.337989236716006 3.8924148715145535
-0.3386302205203108 -0.02462567274806415 0.9405972304828839 59.68298838276767 0.05743217875982913 0.9972525579523199 0.0467854731776263 3.5789066590788963 -0.9391651178537591 0.06986352338137986 -0.33628554757449003 3.5407355937402873
-0.33721264756530167 -0.02456732696347803 0.9411078985790468 60.653879371874496 0.05923935691273699 0.9971246530831241 0.047255949957912484 3.6127632302270007 -0.9395628392580057 0.0716859306958411 -0.3347876915684118 3.1952396413826025
-0.33695258388596006 -0.024638882740610723 0.9411991721574504 61.63536438819722 0.059613879506113784 0.9970933986980546 0.04744406857546577 3.6460424471653154 -0.9396324502606357 0.07209493553681415 -0.334504377680079 2.8505353016326227
-0.33403024484953 -0.023827501592371826 0.9422611345553996 62.63090063588249 0.060062564226678695 0.9971106377314607 0.04650660707121516 3.6802560836298053 -0.9406467370401491 0.0721292332596557 -0.3316339696187575 2.500885556207955
-0.3330272261893347 -0.02332465641065305 0.9426286792899753 63.59670002407983 0.05720340092785814 0.9973528923935331 0.044888516978629556 3.7111894738930866 -0.941180448978263 0.06887066456466771 -0.3308114176135652 2.1702523057380705
-0.3337295812271977 -0.021413757930875844 0.9424256032097162 64.51982797896531 0.056050056796018474 0.9975224069910253 0.042513982217554896 3.739897753713063 -0.9410010402476092 0.06701118206769167 -0.3317024928016193 1.8503547165196481
-0.33512528385544416 -0.020630427403602415 0.9419476787942908 65.45612350822088 0.057007787093410416 0.9974844672653943 0.04212896598522853 3.7647944192647667 -0.9404473171483451 0.06781683441017314 -0.33310617022064126 1.5211023137058912
-0.33830915928864347 -0.02220279834238221 0.9407730589718113 66.49143859805432 0.05757315208013502 0.9973605035805836 0.04424203947652723 3.7965756190359814 -0.9392721889319247 0.06913075757759682 -0.3361379083884747 1.1487790482101106
-0.34220641467996704 -0.024367956967860916 0.9393087737400814 67.49266171226182 0.060009844829885556 0.9970560621663271 0.04772868551375394 3.8313484559119297 -0.9377065576582986 0.07270083610654177 -0.33973666295240235 0.7825918079014325
-0.3464058924273146 -0.025615277159107743 0.9377349387048017 68.45976056228524 0.061002279376153185 0.9968962165787649 0.04976600528331014 3.8703585626736188 -0.9360991825669702 0.0744432061843577 -0.3437681332678229 0.432522212737919
-0.350244552465702 -0.023109077104895917 0.9363731756214828 69.37887182236373 0.06242068145438198 0.9968973745101568 0.04795084171865245 3.899309772486425 -0.934576060037315 0.07524357281599979 -0.3477153904488736 0.09384859109856936
-0.3555549526293581 -0.02049306676626877 0.9344306875714476 70.29898066646284 0.06207646456474418 0.9970343525486924 0.045486397801452416 3.936976017906085 -0.93259165137153 0.07417906748081406 -0.35322836485735387 -0.2514230840556607
-0.36057217369177713 -0.01860908607500135 0.932545660798784 71.1896841598772 0.06178735641295466 0.9971283370678607 0.04378814912486874 3.966210170708132 -0.9306825614282702 0.07340831922702237 -0.35838692571239 -0.5955005830528262
-0.3635305010823071 -0.0173547462944661 0.9314206286978519 72.07640116208337 0.06297199094912029 0.9970817882428367 0.043155948725192655 3.9984621376941885 -0.9294515066095439 0.07434191506493669 -0.36137677917338173 -0.9370180092123241
-0.3666447012929213 -0.01892034899035503 0.9301686317049762 72.96323271191179 0.0634173273096435 0.9969595344541053 0.045276144468749134 4.029727079591419 -0.9281971264826918 0.07558906703443738 -0.3643300527463214 -1.2816473857312212
-0.37075099474912876 -0.02546523744119608 0.9283831221939546 73.91310311377882 0.06595718570789773 0.9963780094267034 0.05367040138078231 4.067572216847864 -0.9263872567916863 0.08113189269913462 -0.36772852274610246 -1.6535037105434958
-0.3723420147756637 -0.032009990916342476 0.9275434138164829 74.83018542125741 0.0697208938145502 0.9956163066330208 0.06234714854845268 4.108647508216585 -0.9254730795644461 0.08788361876913285 -0.3684780163775609 -2.025739282017654
-0.3742229848870472 -0.034199417737334634 0.92670791375096 75.75316690679884 0.07099498354812236 0.9953303043915354 0.06540105099198193 4.147639909799889 -0.924617147739123 0.09026618960763363 -0.3700474903583161 -2.3940486195540727
-0.37450397760746545 -0.029452884480205704 0.9267574107348606 76.64516480314501 0.070369379418867 0.995710033820361 0.060080604105314406 4.193266420652401 -0.9245511998782929 0.08771576907974782 -0.3708247870064214 -2.750268849617829
-0.3741232649214371 -0.02436248364450512 0.9270589258699772 77.49860497207975 0.06986638670243123 0.9960735123269826 0.05437137160064154 4.2343164025878135 -0.9247434620767377 0.08511185247226105 -0.37095215583019525 -3.0904181133903115
-0.37500141843957696 -0.020556194167157503 0.9267962985735688 78.36704810579091 0.07521953804377388 0.995782852651679 0.05252172370901508 4.275332746670092 -0.9239675087711617 0.08940891032915557 -0.37187375477299606 -3.450044777331321
-0.3735837316585219 -0.021431262709452184 0.9273488536784698 79.24290236502982 0.07738887191681541 0.9955275757472093 0.05418310096632879 4.313520966307155 -0.9243625684457026 0.09200840671136028 -0.3702543654717668 -3.803537422569027
-0.37220573967790643 -0.023695521849858302 0.9278477297461506 80.0849833143951 0.07724661323022966 0.9954150091206917 0.05640851320246945 4.351063889749766 -0.9249301855249844 0.09266866709690363 -0.36866878094463257 -4.137352647212997
-0.369122839109996 -0.02820140653871576 0.9289526415897713 80.9835560354127 0.07625528797181239 0.9952502883899761 0.06051441577017473 4.396296619156578 -0.9262469760834375 0.09317480415277345 -0.3652191056987303 -4.4801208543148245
-0.3654558308796306 -0.03247171583901409 0.9302621261486191 81.88373635654479 0.07657275388996394 0.9949553042907734 0.06481169512797706 4.443484283878135 -0.9276737837396215 0.09491854473244497 -0.3611257687123547 -4.823934273641546
-0.3632581253236215 -0.03523473348384558 0.9310220448210078 82.78708115297285 0.07358100844903126 0.9950784401925559 0.06636816299682947 4.493810828413874 -0.928778428680378 0.09261431541760974 -0.358877721512127 -5.156971265978003
-0.359643897212263 -0.036344253451752885 0.9323815541070136 83.68788870212352 0.07060699052818467 0.9953162181594093 0.06603240687271794 4.548778934267014 -0.9304143808467967 0.08958080770949811 -0.35539324529819905 -5.484172493104912
-0.3567939718017568 -0.036828379939430306 0.9334568721247728 84.56822541552452 0.07399719371107782 0.9949687857932537 0.06753910437653297 4.594189844696324 -0.9312478064451012 0.09317073428999022 -0.352273668137503 -5.818040005761021
-0.35461931505222555 -0.03515472831565479 0.9343496596397642 85.4275938156364 0.07938765877864591 0.9945524390289044 0.06755031943153939 4.637216672285599 -0.9316344460278054 0.09813047996779709 -0.3498966531359712 -6.143548225013382
-0.3498616793466909 -0.033201121679024545 0.9362128448403001 86.31645392301787 0.08130412611209119 0.9945247173910714 0.06565230822567328 4.689656483697593 -0.9332665452065999 0.09908719401347604 -0.345246699594179 -6.471669013700241
-0.34410765089369094 -0.03120225018687827 0.9384116070145878 87.19684507677515 0.08728083634080205 0.9940571221633845 0.06505761664786311 4.73702460591978 -0.9348646855048466 0.10429217352958775 -0.33933930266975937 -6.792764280127217
-0.3359213074851807 -0.030769080257986622 0.9413873479485075 88.0990076324973 0.09340267997091717 0.9934516915017614 0.0658002737573321 4.782387352759581 -0.9372474670820388 0.11003181518255073 -0.3308476765762999 -7.11369754984535
-0.32650472820349424 -0.031161036966530827 0.9446817729986817 88.97348192468519 0.09104535030773074 0.9937720900812665 0.06424777943908862 4.83311981562306 -0.9408004074446955 0.10698608671543082 -0.3216342186416323 -7.402448648285289
-0.31635134363063244 -0.033410759193720205 0.9480535578506064 89.85408296827099 0.08949373183852452 0.9938714188884245 0.06488817055769416 4.8817440576233935 -0.9444112977642252 0.10537231081650145 -0.3114225052376318 -7.687716118266703
-0.30510060665860156 -0.03535217236243619 0.9516637240778961 90.70827878397316 0.09217400902595128 0.9935226748345183 0.06645785619284031 4.925505395039528 -0.9478489182758175 0.10799499293449208 -0.29986581936666573 -7.957824067983941
-0.2937535397128593 -0.03657127679098612 0.9551813438400286 91.52742619920276 0.09276576633128136 0.9934603717259711 0.06656577504292731 4.96886676555276 -0.9513692083009287 0.1081620613892532 -0.2884399382417278 -8.203346070525733
-0.2831113472266022 -0.03738354135929253 0.9583581981216504 92.35161628097373 0.09212051312349964 0.9935601306406996 0.06597028015022546 5.013531713421443 -0.9546526992228125 0.10696138385732565 -0.2778443561239358 -8.441504700346426
-0.2656265865125204 -0.037693686651148 0.9633388305909565 93.21960579699994 0.09603438835724401 0.9932309087570428 0.06534338637160542 5.060579326752501 -0.9592809352794189 0.1098705960496435 -0.26020864576938924 -8.682455396616563
-0.2511318455850315 -0.03414773878333942 0.9673503646916359 94.06757795581113 0.09730401360753872 0.9934245484267719 0.060329060318626004 5.09712487508451 -0.9630497002070662 0.10927762130943972 -0.24615782825665095 -8.905210391898532
-0.23786452015171244 -0.026962302824554682 0.9709240466068356 94.92108461210444 0.0991200900272327 0.9937222033341186 0.05187861171791256 5.130001405137852 -0.9662275497034789 0.1085781599916929 -0.23369874917686118 -9.115949077366594
-0.22437403016174223 -0.023178191443435144 0.9742274200772576 95.78307867730494 0.09622142135618811 0.9943049221363689 0.04581658965466811 5.163814446247408 -0.9697410647493343 0.10402159995309052 -0.22086596406424114 -9.306147219394349
-0.21219938887576245 -0.02589491338560078 0.9768832442116638 96.68922839452924 0.09361378401677088 0.9945128659347491 0.04669709768618801 5.196819297351271 -0.9727321721845198 0.101358832624514 -0.20861090155162415 -9.494202401449268
-0.19813060879819394 -0.02961304237532563 0.9797281916830475 97.5958134981021 0.09457877103000645 0.994301846327861 0.04918022427216162 5.221895880481685 -0.9756019259553103 0.1024055960887083 -0.1942008649877895 -9.673269561145949
-0.18399124377474446 -0.029347672113194057 0.9824896622131752 98.45235557206702 0.09475548632835303 0.9943692171243732 0.04744742191245512 5.245059012449826 -0.978349947628608 0.10182619592716638 -0.18017437608634151 -9.82715148349348
-0.1775920345747764 -0.023612662172423485 0.9838208736557295 99.32261898521641 0.0930305371620138 0.9948322772429774 0.04067012799217052 5.271068855799006 -0.979697090130893 0.09874807512394035 -0.17447758953051268 -9.975499950044325
-0.1737563046509113 -0.01737964728027286 0.9846353103837345 100.21729317940473 0.0896226575257616 0.9954160897359688 0.03338543923290639 5.291897817249877 -0.9807020576363038 0.09404656376055077 -0.17140221116646337 -10.125189178204186
-0.17163262161874898 -0.014012096257321187 0.9850613708570399 101.07577667380052 0.08861534686471093 0.9956259456311438 0.029602308797415114 5.305824307482663 -0.9811674492645597 0.09237227692639235 -0.16964020443017508 -10.267977880605978
-0.16778760596459497 -0.014151175661813481 0.9857215953361571 101.93713929115462 0.08751277175070146 0.995735602013826 0.029191191525415106 5.321409225109421 -0.9819311758291309 0.09116114912369379 -0.1658336842299183 -10.411058815034735
-0.16218006164263132 -0.015368027856659132 0.9866415009137766 102.81042568689023 0.08574959522314277 0.9958767142678508 0.029607041360749826 5.335541175820088 -0.9830282979266975 0.0894057811266527 -0.16019354474033454 -10.5472079333692
-0.15859068296667783 -0.01905523975785875 0.9871605204392715 103.6969447002297 0.08193453214099951 0.9961112139916395 0.03239107597685357 5.350288894764326 -0.9839388841381351 0.08601945825145205 -0.1564126755833059 -10.684006376216365
-0.15269150650151048 -0.02296561711201048 0.988007026428944 104.56394403108023 0.08110148458227887 0.9960667660687978 0.035686786515427144 5.366010243353319 -0.9849405327433987 0.08557790581634854 -0.1502283894450001 -10.81485175593225
-0.148912065782418 -0.02555975494199697 0.9885200532066702 105.42066564409176 0.08117730351739963 0.9959757396632181 0.0379811979267342 5.383741985500674 -0.9855127812758477 0.08590125103635476 -0.14623793287766473 -10.942195058211784
-0.1458965472110978 -0.025575481303479274 0.9889692069361794 106.29361840138691 0.07645497148088695 0.9963845732817119 0.037046180128023215 5.402821121091617 -0.9863411351290875 0.08101652227981995 -0.14341369624253741 -11.05834852135769
-0.14264077481078852 -0.02390094374219015 0.9894859040176421 107.18074571572237 0.06895708618674998 0.9970392607498173 0.03402400311678246 5.427395953782461 -0.9873695000484929 0.0730852749306613 -0.14057031323255487 -11.174813972360644
-0.1390565477282476 -0.02237206869442939 0.9900317000360309 108.00125299216839 0.06852309767521911 0.99713114031271 0.03215702261819847 5.43996801968497 -0.9879108571216809 0.07231168343363803 -0.1371246105558711 -11.28801036536209
-0.13494064379022114 -0.019343046581359224 0.9906648622023655 108.88498637660314 0.06675738656903633 0.9973602062109821 0.028566946026122936 5.454534454416853 -0.988602283019796 0.06998903925428997 -0.13329313707880303 -11.40628688068456
-0.13014466016614257 -0.021644417371386424 0.9912587384870273 109.76575692336903 0.06545934777546451 0.9973928889002975 0.030372667975163664 5.46754430274803 -0.9893318155295776 0.0688399910500573 -0.1283885291339456 -11.517976532481802
-0.12536996873148787 -0.025252208642026777 0.99178863519349 110.66198390995712 0.06495628541916029 0.9973221375994055 0.033604089612686475 5.482236723395152 -0.9899813391800932 0.06863584932710039 -0.12339395553404231 -11.625682910710117
-0.11838614273938891 -0.027836825152732305 0.9925773684568397 111.5438405280915 0.06504926414880323 0.9972423144607296 0.03572617363651265 5.496990677039049 -0.990834655450135 0.06879591132053735 -0.1162489059930823 -11.727266934727258
-0.11409928448558554 -0.024817203906645005 0.9931593324689316 112.37230439505005 0.06435438318235859 0.9974037041005426 0.03231662748084635 5.51066644923917 -0.9913828053003018 0.06760146031539285 -0.11220595313142151 -11.815474539900807
-0.10921195363036701 -0.022976903503212586 0.9937528923679382 113.22515789217785 0.06618135569948362 0.9973464411829969 0.03033322299707107 5.522584133966535 -0.9918128741562178 0.06908066419060888 -0.10740151066427023 -11.908010801446782
-0.10318940491069423 -0.022568680133698688 0.9944056523326886 114.0680823934857 0.06654079048506654 0.9973463243535063 0.029540353758435646 5.537774329332196 -0.9924335090653679 0.06921678969421971 -0.10141383588360559 -11.990914096017217
-0.09673088952669473 -0.0246781966100118 0.9950045837198198 114.95832478614598 0.06575000593256448 0.9973504707500964 0.031128366716371498 5.550543718806676 -0.9931364819254411 0.06843263188449479 -0.09485200663201132 -12.073526094520023
-0.08832581160379754 -0.026182231821613482 0.9957474789028442 115.85187811613189 0.06854135722954284 0.9971253196279872 0.03229828642384498 5.559247719321711 -0.9937306643923509 0.07110265602369453 -0.08627733742248617 -12.157070812401926
-0.08108733487443992 -0.026274900528695983 0.9963606142984417 116.7224395007262 0.07008502729526 0.9970277470136857 0.0319962596851108 5.570374450710071 -0.9942398770276636 0.0724244522728444 -0.07900484568047311 -12.229155359316335
-0.07487105275380446 -0.02713418164101024 0.9968239872947531 117.59328164640459 0.07145988620783977 0.9969137264717611 0.03250394799635631 5.581655629968941 -0.9946294838394345 0.07366653350647026 -0.07270097467324954 -12.296548183679661
-0.06790385669178495 -0.02830209557377864 0.9972903577356568 118.46214398494331 0.06953122311260658 0.9970328432943092 0.033029053951493 5.596656986737915 -0.9952660324048271 0.0715856185179566 -0.06573449598616482 -12.355517680855765
-0.06278011894696744 -0.029164244580476534 0.9976011745698051 119.3125222883049 0.06635949515181311 0.9972389615779492 0.033329730183877915 5.612146811692644 -0.9958187957998187 0.06829275473272223 -0.060671456079569586 -12.406390318375657
-0.05897683661703029 -0.03024339016960489 0.9978011175047345 120.15313188377729 0.06649917054226664 0.9972017064338305 0.03415577553865759 5.6207005159378145 -0.9960419635034654 0.06836734627368296 -0.05680064175390692 -12.458070374333271
-0.055378334794492334 -0.030605480864892554 0.9979962648108549 121.0088765384204 0.06676221495443392 0.9971796941956053 0.0342850424870241 5.635596157756859 -0.9962309203642332 0.06852708971631426 -0.053178861263147914 -12.50540483828205
-0.05344629977744325 -0.02937395684035818 0.9981385994438049 121.87661035953634 0.06792729804549186 0.9971449610061716 0.03298194839968259 5.649691602965889 -0.9962576851499508 0.06956362123654275 -0.05129841498643245 -12.553550393395144
-0.04878555533947637 -0.030025491730800106 0.9983578714251433 122.74988369029023 0.06918235754216902 0.997045869437275 0.033366684626679924 5.664816039524941 -0.9964104430379717 0.0706965634553228 -0.046564202135128796 -12.599812491470415
-0.04523427129136315 -0.03321234804215102 0.9984241586812024 123.59479942863351 0.07148382191000163 0.996777497859156 0.03639619439968525 5.676960287115464 -0.9964155377681938 0.07301753008125882 -0.04271435818262903 -12.636897579166543
-0.041758052700254844 -0.03493704914786089 0.9985167337764166 124.51237098269206 0.07173910115920913 0.9967041082900399 0.037873762456691176 5.694616755304736 -0.9965489282516699 0.07321422754217287 -0.03911407017751328 -12.665486047300135
-0.037620142466461226 -0.03458604109308123 0.9986934117347078 125.43761082460088 0.07132710588943805 0.9967588302470416 0.03720589052806049 5.713412133870534 -0.9967432813148228 0.07263360163214286 -0.03503128698325425 -12.698183810267674
-0.03300030232486301 -0.03189884352540789 0.9989461666317206 126.2875845334636 0.07018148124024556 0.9969493947735246 0.03415353497997216 5.733214963417148 -0.996988234502992 0.07123459863328119 -0.030660923341651658 -12.720906149748465
