1.0 0.0 0.0 0.0 0.0 1.0 0.0 0.0 0.0 0.0 1.0 0.0
0.9998852586962352 0.0005510658461319987 0.01513822210155103 0.009900053031742573 -0.0005510264791829083 0.9999998481619713 -6.771519950044922e-06 0.012063474394381046 -0.015138223534546599 -1.5708182486891676e-06 0.9998854105275017 0.15151095390319824
0.999333918689839 0.003045063260952084 0.03636545814020677 0.021258671816164837 -0.0030940461719022997 0.9999943803906077 0.0012907615932532558 0.023402774807718848 -0.03636132332983039 -0.0014024182476282965 0.9993377243898892 0.3265217491801603
0.9980464601283032 0.0036055682048494607 0.06237197530368336 0.0456560849580351 -0.0037807161086058434 0.9999892341081483 0.002690325910555268 0.03224635258598692 -0.06236160366017888 -0.002920880983377341 0.9980493468978434 0.5395763098695109
0.9957792122912424 0.0024735490418722555 0.09174770800281891 0.0839231309002245 -0.002879016585245114 0.9999866651253977 0.00428728759099636 0.042306974482843956 -0.09173587974252469 -0.004533335033226714 0.9957730550890308 0.7899819252115347
0.9921303304587762 -0.00014829322340498063 0.12520936623463721 0.13676825542863008 -0.0005997829681063597 0.9999821966771064 0.005936883797101376 0.0533109195901678 -0.1252080174914961 -0.005965260928828468 0.9921125782984007 1.06603542764931
0.986810962996963 -0.0036498809063010415 0.16183572435768465 0.2070144676335815 0.0025973913927196243 0.9999740839373069 0.006714537340515056 0.060328704417711376 -0.16185603747454 -0.006205628341591533 0.9867948689114301 1.3487354701009684
0.9795681982552821 -0.0045483514732116564 0.2010608302623278 0.28952113009616837 0.002939096231290086 0.9999612216869483 0.008301616450369248 0.06926441237458233 -0.20109079213192155 -0.007541062340410551 0.9795435802957082 1.6578542778643288
0.9700466604108443 -0.005834124496431962 0.24284859401925427 0.38874388208225086 0.0032593539063173168 0.9999341553131654 0.01100280192768807 0.07927692179277288 -0.24289679544588852 -0.009881701751555486 0.9700018034687419 1.995144464405601
0.9585108238403807 -0.009493349280638943 0.28489801140104615 0.5117545003324182 0.005217421892131036 0.9998621305124268 0.01576383443044425 0.08741427059430835 -0.285008384244454 -0.01362337280510006 0.9584282052526307 2.339988851807629
0.9457636843877709 -0.01612243175256998 0.3244551132092891 0.6430636228583462 0.009836519153810036 0.9997309872173249 0.021004668252789797 0.09403786789185702 -0.3247064769668224 -0.016673943500466543 0.9456678504760208 2.6380141876375345
0.9307041393019044 -0.020786328049760747 0.36518178165471143 0.7884297509044219 0.012468408399870127 0.9996066582669201 0.02512105770892355 0.1028256147846702 -0.36556031496632074 -0.018827036799474017 0.9305972269500248 2.9443870843810633
0.9120643428960895 -0.022653071117214464 0.4094208993034953 0.9656293184630065 0.01150394680729838 0.999493420900138 0.029674244475543104 0.11523937550384171 -0.40988570800331553 -0.022354864041140458 0.9118629098874035 3.2814447989672355
0.8909052426582107 -0.02607783688057691 0.4534399574670772 1.1609043537146781 0.011728387169866537 0.9993383091664864 0.03442947525975209 0.12924910311855142 -0.45403776664338014 -0.025355280631422596 0.8906215897931026 3.610380529423015
0.8669004947326742 -0.03227082097752059 0.49743554994157935 1.3893844464943768 0.014603246373103599 0.9991180832629301 0.0393675106194858 0.14847894959904906 -0.4982672750920043 -0.02686354054188888 0.8666072194263923 3.954161932204469
0.8407951094606448 -0.03799419847349114 0.540018541153375 1.6091033892098998 0.017318531335502374 0.9989112992952537 0.04331610107857732 0.1615815258370639 -0.5410763831285225 -0.02706763792105377 0.8405377389492581 4.243625442586391
0.8133508729998807 -0.0437346272342247 0.5801272617029953 1.8455597612119292 0.02012510121384547 0.9986886822647139 0.04707330684689518 0.18218284636307655 -0.5814252640636324 -0.026611995360229658 0.813164475374744 4.515942403817768
0.7804644531304892 -0.04842813134473139 0.6233217094680596 2.113917695011821 0.021633557421041748 0.9984902929854825 0.05048885032436452 0.20030453426156344 -0.6248257569859275 -0.025920086964033112 0.7803338532312565 4.803543481608218
0.7448790953741393 -0.05248145494365543 0.6651321899905319 2.40099084915406 0.022583965638199324 0.998313556900577 0.05347902957768712 0.2240673195310488 -0.6668171396797301 -0.02481408864970798 0.7448081385389314 5.087197331748567
0.7068761290548244 -0.05345734425309512 0.7053144337938033 2.7235647077551293 0.018934380506870022 0.9982128105063335 0.05668045673658592 0.25600921656667835 -0.707083889936186 -0.02671136998457785 0.7066249891606288 5.380022331149594
0.6681741528266428 -0.0561554027994951 0.7418826539492785 3.0566714589144555 0.017436973235583356 0.9980555904742207 0.05984137604982509 0.2819358330691211 -0.743800546826083 -0.027048272765215316 0.6678541288946553 5.653586826893572
0.6327440411534553 -0.058829717607970074 0.7721230748468545 3.405995722580305 0.017581149283333812 0.9979443323243463 0.06162801937099831 0.3105122502906868 -0.7741614053765996 -0.025419950981099615 0.6324776237286556 5.907686443583302
0.5974265157023149 -0.0622777063890772 0.7995017483550038 3.8026968106829275 0.018263947903700714 0.9977779520751 0.0640748512272227 0.34027916839550226 -0.8017156519257702 -0.02367795683195042 0.5972364421378703 6.18148459601831
0.5640242684975235 -0.06335446592746102 0.8233242594463495 4.222917076224981 0.01679848459409998 0.9977264486176436 0.06526671926921476 0.3783871210493646 -0.8255873275802963 -0.0229814137047938 0.5638061893620483 6.451597805444043
0.5326780252910281 -0.0645056463267888 0.8438561150836168 4.639970260671887 0.017127284518203393 0.9977085316161443 0.0654548857258959 0.41671763436259546 -0.8461446551843743 -0.02041341549865723 0.5325622169949684 6.704246000754345
0.4990881166431273 -0.06476502528189941 0.8641276198142559 5.128843488504412 0.01840337902707626 0.9977704176433096 0.06415223547376378 0.4574860790553639 -0.8663557972715378 -0.016114750265840184 0.49916725389178696 6.970815500396081
0.46999931862534644 -0.0633786923590326 0.8803884266882258 5.628572024613716 0.0197335636731961 0.9979239768437073 0.06130516214150665 0.5002413261887222 -0.882446160939276 -0.01144018335952747 0.47027427661762916 7.224984901261941
0.44435631401286985 -0.06208197656330593 0.8936964218250453 6.175112828979554 0.020761876395158262 0.9980416164563992 0.059007425885644255 0.5435464587172443 -0.8956095190904617 -0.007665507621205676 0.4447750322437864 7.486075075567457
0.4207549292155237 -0.061699323505903694 0.9050737445201653 6.766900869532119 0.021007537711405122 0.9980795975581269 0.05827349566922635 0.5871041007136211 -0.9069310739522289 -0.005505489725836449 0.42124306128734657 7.758215573569301
0.4042388203609174 -0.0632853873432756 0.9124614708917993 7.37644904884181 0.023151724222864167 0.9979917935624257 0.05896081450897357 0.6341807945180662 -0.914360417876191 -0.0027091937665504016 0.4048921911946597 8.023479160935565
0.3927546007218375 -0.06569692543547144 0.9172937030200069 8.005921648055912 0.025253162729179126 0.9978394069519935 0.06065307663975575 0.679647926956169 -0.9192965252757154 -0.0006572077453827346 0.39356507301077387 8.290927802727259
0.38370058255037753 -0.06751468322803597 0.9209862270952367 8.639400672731544 0.024959362493265715 0.9977176889958305 0.06274108134826023 0.7229971008051166 -0.9231201943270608 -0.0010865603697929223 0.3845099819408231 8.560288317866506
0.3769150082484914 -0.0694305219497256 0.9236419648212333 9.270843819450981 0.024408490521399782 0.9975848533395064 0.06502834749601343 0.7663426196139814 -0.9259261861225798 -0.001965453989339519 0.37769939746193587 8.820990598348102
0.3664876411947524 -0.07143815580934708 0.9276763437460643 9.977710888847845 0.02356202915810575 0.9974408709726661 0.06750214585657391 0.8148296383088908 -0.9301245290999799 -0.0028807651499301937 0.3672329799441929 9.103814429920766
0.3564583687630958 -0.07331897413945292 0.9314299540866672 10.672111376339954 0.02266732636857866 0.9973013852343073 0.06982935861822046 0.8582221666684274 -0.9340362003980643 -0.003778232506071365 0.3571583700616253 9.368649435540666
0.345792536398562 -0.07494294810744716 0.9353133572765943 11.35881967369578 0.023107843534823636 0.9971831228460459 0.07135717958396329 0.9052587356702737 -0.9380264118553484 -0.0030617054026082086 0.3465502512216784 9.622878591289039
0.33524132569878423 -0.07605101674157647 0.9390577705318743 12.105391125719652 0.022444585113251078 0.9970984394355527 0.07273886632523105 0.9592894736301246 -0.9418649022778245 -0.0033083119197346647 0.3359755362067692 9.887291468495647
0.32546788708890384 -0.07859370893856026 0.9422811063526455 12.857641631827406 0.0207613219308269 0.9968933485627899 0.07597775400044861 1.0138496349475967 -0.9453251408830559 -0.0051653176619635005 0.3260884811027245 10.153679709086349
0.3156186627182072 -0.08183207248292697 0.9453509251368615 13.617379752521003 0.01880184003002225 0.9966181157729722 0.07999263794010332 1.0723015774238656 -0.9486998211001498 -0.007472832547300329 0.31608987047715403 10.413260402778349
0.3035760092214725 -0.0860025584023642 0.9489178924297996 14.414178841445846 0.019126037178883948 0.9962674003073438 0.08417518510035464 1.1297935889938924 -0.9526152430687831 -0.007404527877923867 0.3040877696322373 10.671936989956759
0.2924839977284762 -0.08897617350378464 0.9521220255940902 15.210124842121772 0.018407031877518666 0.9960012735297158 0.08742221859827434 1.189105605861981 -0.9560932445374922 -0.008043859509517963 0.29295222148664857 10.915418368287678
0.2781589720017645 -0.09076978938635316 0.9562365981438268 15.99778102798842 0.017922558171077803 0.9958420889497029 0.08931582046253753 1.250616221263938 -0.9603678296379601 -0.007705790747807313 0.27862923856879246 11.139389813738761
0.26510342237161966 -0.09007536234987798 0.9600034398607084 16.78106853846298 0.016201056210812505 0.9959025544086433 0.08896981454399683 1.311196214928505 -0.9640838662816159 -0.00803313263162516 0.26547649153100916 11.351157173283394
0.24850052714905568 -0.08951788232464614 0.9644864108688894 17.546821751735653 0.015395081468017331 0.9959596429385041 0.0884724878388777 1.3720482880410787 -0.968509411143348 -0.007137112996027338 0.24887463138063592 11.545965593924725
0.22761544340190537 -0.08874295120816084 0.9696988700291552 18.367529751935376 0.012770539631607958 0.9960249389429634 0.08815460465105683 1.4376893454749127 -0.973667357593173 -0.007681771575137192 0.22784395349228798 11.741695846825948
0.20463781114882307 -0.08764184032459307 0.9749062898928992 19.174970020616193 0.009273420332801867 0.9961124176446745 0.08760168428411061 1.504451580215878 -0.9787938342284089 -0.008885901113581403 0.20465500442903872 11.919574557352435
0.18095820155361242 -0.08766174874326338 0.9795762079071514 19.97374101364822 0.006338171751406621 0.996102972023847 0.08796986247635345 1.5681337655809247 -0.9834703640015451 -0.009710145855332405 0.1808086175992072 12.075439784058085
0.148594799926983 -0.08812014264568549 0.9849641749296084 20.77974341076687 0.0031968852032938297 0.9960594438850101 0.0886304923402875 1.6325425063468795 -0.9888929999548269 -0.010021212880128041 0.14829096375961115 12.204839241455126
0.11634428343888198 -0.08850299522387926 0.9892579176066751 21.577945212147274 0.0028622241200956106 0.9960476982066658 0.08877381691855554 1.6987750448863461 -0.9932048204595967 -0.00749684824475446 0.11613777112643281 12.30332545589523
0.08200541391013205 -0.08805186082092556 0.9927345979139645 22.38435193210627 0.0016982134623262507 0.9961004424090021 0.08821011678728981 1.764182665557164 -0.9966304371031746 -0.005547831879508247 0.0818351599312448 12.37453936641885
0.04864552152348395 -0.08649067831558194 0.9950643073692368 23.22568693295428 -0.0014809277357137468 0.9962364138991624 0.08666495528400447 1.8358369808950714 -0.9988150079412853 -0.0056894802792017 0.04833435347041187 12.421478853752411
0.017547950014314473 -0.08416891536099705 0.9962969753729298 24.01757540080292 -0.005516285412945902 0.9964270904456909 0.08427706699439647 1.902435953224411 -0.999830805709415 -0.0069747482311825135 0.017020953016020413 12.439206333136402
-0.013984866908222204 -0.08078885436020045 0.9966331243284691 24.848894917717516 -0.004943787928641162 0.9967240013036588 0.0807268492271352 1.9661844430803614 -0.9998899851776074 -0.0037981885669774035 -0.01433845546541701 12.42623773432886
-0.04379384484710519 -0.0776575755226417 0.9960177709847616 25.659513661396815 -0.0029958868060578903 0.9969800043967183 0.07760087303223462 2.024965442420208 -0.9990360973537208 0.00041448409488115817 -0.043894240934114814 12.384779461677152
-0.07428477335128553 -0.07326208241243382 0.9945423267658055 26.47813114810986 0.00014136457558684007 0.9972970077881054 0.07347556242009073 2.085280232647043 -0.9972370593114784 0.005598708555161071 -0.07407362552426783 12.318084663046074
-0.10467305737888949 -0.07032763098175783 0.9920169229299718 27.288433658194993 0.0013358241695802797 0.9974856407211417 0.07085627797818449 2.141710792736231 -0.9945057901454089 0.008741903432747566 -0.10431592635656767 12.229237341970046
-0.1310315665362735 -0.06708636327026637 0.9891057316759518 28.05051494793722 0.005426338549349728 0.9976442933223282 0.06838434653734994 2.1923397438542507 -0.9913633458127237 0.014327730614524331 -0.130358861280849 12.121118676892678
-0.15930868521713237 -0.05900222803608196 0.9854640936640802 28.85393935578542 0.008245245609544437 0.9980981092308183 0.061091572861598054 2.241760472161407 -0.9871943875140432 0.017857811642075273 -0.15851920963759958 11.98160431364968
-0.18451580841588755 -0.04698975725685903 0.9817055969880041 29.672368060610232 0.009668403135834277 0.9987212998354671 0.04962143927536122 2.287829585735944 -0.9827819892658977 0.018647465455038023 -0.18382555210489282 11.82903553831878
-0.20702333054330851 -0.032139763596850786 0.9778079444383213 30.454236273957996 0.009547955881371029 0.9993462732573359 0.03486922231943199 2.3241346895701094 -0.9782894137980048 0.01655480965197506 -0.20658112481091645 11.664662131353948
-0.22992053629483006 -0.017950508718974054 0.9730438459939139 31.261928844085215 0.008519696252123118 0.9997544455116525 0.020456379334083664 2.350656768918938 -0.9731721131257662 0.012993379715008807 -0.22971114539332277 11.482729744988763
-0.25449244088826045 -0.00792868604210065 0.967042260435593 32.04556177523072 0.01068578520557226 0.9998822892335153 0.011010071375130239 2.3674647483217695 -0.9670157245491284 0.013135585818336674 -0.2543777601519705 11.278429645291652
-0.2800929720159223 -0.003650229992806199 0.9599659383792152 32.84683149087942 0.012129803297803693 0.9998994820169373 0.007341235196947239 2.376815877422041 -0.9598962417361807 0.013700426389712271 -0.2800205410635007 11.048261335381257
-0.304265990572686 -0.004492706863773413 0.9525765179584571 33.613062415508345 0.012801667744759881 0.9998792888284178 0.00880483247601098 2.38526643739122 -0.9525010888622518 0.014873579159504494 -0.30417174812794656 10.805846339015005
-0.3260072620552233 -0.008995867053672802 0.9453244625329497 34.364049603368265 0.013746742696450364 0.9998038911782543 0.014255042969399565 2.3882759253361083 -0.9452673125378318 0.0176423796800342 -0.32581966528546263 10.549524302231369
-0.3455100855035473 -0.011140822077122022 0.938348902540402 35.10219222650388 0.018813576314904382 0.999646318197865 0.01879595327978044 2.392624568735848 -0.9382264279807803 0.02414789011276825 -0.34517828616749185 10.269387961690619
-0.3609968425364592 -0.011335263764461014 0.9324981455606746 35.83882194056289 0.019985579800186733 0.9996024437395199 0.01988796294320182 2.3994401345772416 -0.93235286039072 0.025816007928606968 -0.36062678416317456 9.982495294159717
-0.37262341018589895 -0.008413030144336042 0.927944510789962 36.59259323113109 0.02204058310905549 0.9995965832645111 0.017913219200586535 2.4050578250492225 -0.9277208668978207 0.027127322936588073 -0.37228765957609977 9.67735347163972
-0.381838999431279 -0.005906956348269458 0.9242099795933928 37.36027269627035 0.022819970356596456 0.9996144613368181 0.015817004748921903 2.4128133119340447 -0.9239470912699731 0.027129993604919963 -0.3815569891651223 9.356676669653954
-0.39013581631365635 -0.004770684028222181 0.9207449621926694 38.13451488558179 0.018288923210148467 0.9997491418893487 0.012929368867986596 2.4156143158176957 -0.9205756677846154 0.021883643787405108 -0.38995069690602646 9.036718381697408
-0.4007967202315155 -0.005950731017809804 0.9161476834288313 38.91082996888981 0.01793099935856794 0.9997364138493074 0.014338133969570725 2.4190596986824526 -0.9159915219660406 0.0221741205931599 -0.40058437321275614 8.6932989402354
-0.4100337152234708 -0.005472933620018015 0.9120539454317537 39.67486865959455 0.018915051388107375 0.9997159068163377 0.014502637324735106 2.4205989097319462 -0.9118742090941178 0.023198117509367414 -0.4098137066192378 8.3458644556629
-0.4166528273759589 -0.0037921556274506316 0.9090577764891056 40.425434890035845 0.020768177127151177 0.9996905990316156 0.013689011163140988 2.4261658512488538 -0.9088284239934591 0.024583038126043705 -0.41644515842792407 7.995014620226147
-0.42263978691532883 -0.0006225509726476355 0.9062975355513508 41.18381200373582 0.021709275456522938 0.9997058764702056 0.010810546243876423 2.437274261213763 -0.9060377022372293 0.024244029805802404 -0.4225019634788187 7.638168563310428
-0.4237864141291435 0.0001834310462068521 0.9057621329866984 41.949685726674545 0.020475451618372584 0.9997463765146093 0.009377554421745777 2.4427270113419457 -0.9055306903029768 0.02251996889341563 -0.4236826877752427 7.285193251795713
-0.42382337069142234 0.00027901257836502984 0.9057448164951 42.706787707550504 0.02279840592936168 0.999686401732578 0.010360061681810657 2.447830553691911 -0.9054578859023986 0.025040374257426532 -0.4236968214587014 6.93251728143948
-0.4218337947991528 -0.0009441484752321008 0.9066726852337635 43.48532253590987 0.020760577461547844 0.999727216931275 0.010700007023856588 2.4547651921217906 -0.9064354626716727 0.023336673081316144 -0.4216991246145602 6.576845999524777
-0.4154615555273184 -0.0019854870136113284 0.9096085717055111 44.286314088165746 0.01856305597724337 0.9997708525682987 0.010660924333447489 2.4631366899288896 -0.9094213043642683 0.021314319040882927 -0.41532949687232285 6.219939026945172
-0.4078791420625246 -0.002870064072419163 0.9130314168759799 45.07600223265143 0.017195192790979655 0.9997935573702192 0.010824416191333917 2.4721571323229754 -0.9128739950372231 0.020114804826852767 -0.4077455871147567 5.8726244608073985
-0.4027130811373343 -0.0039382093747095115 0.9153177944232243 45.89366501560309 0.014679092513074986 0.9998343572499101 0.010760218661896432 2.481545316266328 -0.915208554660558 0.017769315394246015 -0.40258856529533027 5.5195222685854795
-0.3976616974215939 -0.005395112941158013 0.9175162489896997 46.72605692091454 0.011293033094413363 0.9998781874210845 0.010773937212321498 2.4878319182503295 -0.917462610577295 0.014645923524268134 -0.3975523300357025 5.1719690781614664
-0.39640412390472324 -0.00721635439503569 0.9180477627991773 47.578422875147226 0.008062966744016013 0.9999031771292797 0.011341293315039866 2.4969359374681144 -0.9180407175711839 0.011897924021362938 -0.39630755769398107 4.8164085281880435
-0.39693378184294487 -0.008802819690470599 0.9178050355044665 48.43816280600252 0.0055770572500475415 0.9999124167813067 0.012002299737819327 2.5046141044664716 -0.9178303052657868 0.009882769453135536 -0.39684992327534735 4.457291140553552
-0.3980203829694618 -0.009568735731864498 0.9173266670261673 49.323932475017514 0.004891955689684337 0.9999092445949749 0.01255274245082739 2.5125306835840338 -0.9173635285481831 0.009483768765653168 -0.3979374506371905 4.085534930921442
-0.39960595723748016 -0.010223681878555442 0.9166299991104172 50.226555824882695 0.004704293562911794 0.9999017664144119 0.013203300474243163 2.5186628965205653 -0.9166749416027424 0.009588214129090993 -0.3995186073106278 3.6972646903581046
-0.3990145958758376 -0.010993634141522263 0.9168786682470067 51.14223632601855 0.0045195734619431875 0.9998923979755592 0.013955856348087601 2.526436362866845 -0.916933435824959 0.009712490877664398 -0.3989219745604236 3.300739358749341
-0.399315411854548 -0.011627589573196906 0.9167398764186874 52.05942716636928 0.0045462383408003005 0.9998821659976354 0.014662395330435358 2.5309283531732096 -0.916802341604984 0.010022638404862162 -0.39921549712783444 2.909574849873456
-0.4004814912169136 -0.012108028744721978 0.9162248473123799 52.99650000336417 0.004144699975252022 0.9998785254950295 0.015025169416701182 2.536853230518076 -0.9162954745358028 0.009814779355768164 -0.40038265877957974 2.50370164811978
-0.39986958930557515 -0.012958798121492896 0.9164804313785633 53.95747727709044 0.0025508983641114287 0.9998804422717582 0.015251035373686843 2.542432296037969 -0.9165684941487608 0.008436273684504668 -0.3997887252289557 2.0929677853047277
-0.400483074878162 -0.013350396254831502 0.9162068945691099 54.90213997027678 0.002652815053347886 0.9998727709787658 0.015729094937021033 2.546511189413944 -0.9163003161128046 0.008729763747322764 -0.40039670567637126 1.6854704272936714
-0.3988918152795397 -0.013478436414581092 0.9168989319738637 55.87224600616157 0.0015174802730672917 0.9998809006216773 0.015358444765163574 2.555479806421752 -0.9169967377022749 0.007517733953913448 -0.39882385425095096 1.272505327996319
-0.3975261920800501 -0.015259767163579314 0.9174639317795817 56.81213478158347 0.0006956465857348298 0.9998564085322292 0.01693157975087258 2.5578652479770625 -0.9175905637517004 0.007368977075941376 -0.39745849530572536 0.8743680885865387
-0.396705795000684 -0.017265357254766578 0.9177834274226904 57.79803102410697 0.002892542382361264 0.9997946250919119 0.02005843552947112 2.5653013286386694 -0.9179412537910265 0.010612025074837718 -0.3965743808068915 0.4505827881643151
-0.39428518345497376 -0.018877846687246576 0.9187942212554076 58.77156484520075 0.004316790627015387 0.9997399152682959 0.02239346194815236 2.570220069053196 -0.9189779972483348 0.01279565253489047 -0.3941011441871821 0.03529581310101071
-0.39252696676281773 -0.01918573505188864 0.9195403677569031 59.72267405491523 0.005327267633382544 0.9997182101703721 0.02313267112354327 2.5769953405202815 -0.9197250679325556 0.013978834867986293 -0.3923141491103648 -0.36930974956812207
-0.392060791257352 -0.019471713208714568 0.9197332158530412 60.69219426711111 0.005168544585926979 0.9997135654168905 0.023368210635659806 2.586478741659751 -0.9199247915484846 0.013915441285379696 -0.3918478510701709 -0.7722979389712377
-0.3898428285535013 -0.019255789413055474 0.9206800658206332 61.64868717091044 0.004869889246039916 0.9997242699163285 0.022971032170873755 2.594473834948146 -0.9208685319871327 0.013438702107870121 -0.3896415635959788 -1.1725655395785552
-0.3898737214961662 -0.01871373632270263 0.920678161661052 62.585016156039245 0.0019072150280426726 0.999774936582803 0.02112909632920716 2.601483959200555 -0.9208663550252918 0.00999361064362964 -0.3897502840649855 -1.561355800737974
-0.39160871007820275 -0.016812290499402603 0.919978241633491 63.53433475438553 -0.00041084533249745835 0.9998361554289743 0.018096781568024765 2.6114546384379116 -0.9201317565419633 0.006708888519846834 -0.3915514543681703 -1.9600744413146647
-0.3950330244354322 -0.01627096349809821 0.9185228170014281 64.478194986665 -0.0022726963194913087 0.9998573885561188 0.01673431806731545 2.616875482421113 -0.9186641086146965 0.0045230848524281855 -0.3950136671642933 -2.358659667453507
-0.39950531202810186 -0.018238887045813456 0.9165494251051927 65.44455070081924 -0.0031097798475651535 0.9998232738357273 0.018540506080154597 2.6209786192142674 -0.9167256050370955 0.004556763735221527 -0.3994914279100777 -2.778088830075981
-0.40425840439526023 -0.020520722464876177 0.914414590011182 66.38454401012365 0.0004648372822189037 0.9997435488276027 0.022641124174650026 2.6246312830104737 -0.9146446995429971 0.00957791872540108 -0.4041451930566418 -3.1949575726523456
-0.4096291191666667 -0.021650431244969532 0.9119951993062505 67.30870734527598 -4.4253086878481146e-05 0.9997188043839145 0.02371308083865966 2.6357246858051835 -0.9122521486806183 0.009673209813880463 -0.409514891352551 -3.6018883898943597
-0.4143560948992606 -0.019624088457088337 0.9099032485775965 68.22313019124036 0.00038681959008899335 0.9997636208582775 0.021738279116600773 2.639169405936172 -0.9101147603409362 0.009359356846220274 -0.4142505587793279 -4.011409214225919
-0.41914902590023045 -0.017400369612415624 0.9077506933207156 69.11563413437379 -0.0002227692536447487 0.9998182726572973 0.019062319754907214 2.649444383358759 -0.9079174216087871 0.007787733812221519 -0.4190767313289088 -4.418440368437166
-0.4244743232336561 -0.015472748953863212 0.9053077614574726 70.0045570763754 -0.0008124459711204507 0.9998600845068888 0.016707822761242087 2.6558847037413726 -0.9054396108227613 0.0063565281158659125 -0.42442750347195757 -4.831511568998448
-0.4287987303724588 -0.014750324381254044 0.9032796226870256 70.87670104577673 -0.0019729316040346086 0.9998796019940686 0.015391200637664571 2.663166868857075 -0.9033978948236779 0.004817618377458658 -0.42877620524151766 -5.239770299153527
-0.4317744814884301 -0.01596527331441218 0.9018402891772986 71.74293674864914 -0.0016263154338992105 0.9998554933805878 0.016921804122823843 2.667522023773941 -0.9019801285136536 0.005839726419779875 -0.43173805178815927 -5.652053738676546
-0.43605348130247457 -0.021754620237035407 0.8996577671216622 72.66201472196371 0.000340930774334813 0.9997037026853216 0.02433907564936081 2.676478524512794 -0.8999206882888068 0.010919859687769186 -0.43591686300738575 -6.089338223913867
-0.4372527596615533 -0.02886733701956351 0.8988752421897908 73.53774479916869 0.0029633309602906093 0.9994330417875089 0.03353824165020207 2.688226702736987 -0.8993337772139862 0.017328353550366632 -0.4369193121449976 -6.5162960069684575
-0.4383737472630176 -0.031206589787641032 0.8982508594287043 74.41646744895631 0.0037199009521463565 0.9993255053753567 0.03653350028664255 2.6996868551796345 -0.8987850800093903 0.019356731648545143 -0.43796198110383977 -6.93580925838969
-0.43827835939978993 -0.026809249495735772 0.8984393935170608 75.27374586121307 0.0025250810068951825 0.999514422436071 0.03105709754945045 2.716326672962204 -0.8988357489818356 0.015880286010108734 -0.43799784573499895 -7.350618583618874
-0.4380555505656621 -0.02168345484367653 0.8986863537434275 76.09082857276393 0.0014634660663522588 0.999690521700328 0.02483382953953507 2.729375353628385 -0.8989467130401487 0.012193793854592183 -0.43788824887834604 -7.750513217063638
-0.43822427055530955 -0.018781558892669425 0.8986694285118575 76.94332028404025 0.005004138525373952 0.9997152115458152 0.023333546698376693 2.740036543531542 -0.8988517382159786 0.014722392790156351 -0.43800548382029036 -8.170452563966235
-0.4353162701333775 -0.019229241731957905 0.9000722088919192 77.80469990115608 0.006541372308537836 0.9996779151750721 0.024520937166895535 2.749797405502922 -0.9002538283203719 0.016562070330597953 -0.4350502757393435 -8.585310396506998
-0.4324655103241051 -0.02137779194906672 0.901397011527936 78.64933674868252 0.006127965176705807 0.9996261108049517 0.02664745090547815 2.762079137338881 -0.9016296525863071 0.017047832951704017 -0.43217281377794503 -8.984788786726433
-0.4297989712347 -0.02571476544473905 0.9025583610845979 79.51531488436063 0.004681686682280778 0.9995174753856406 0.03070664762757568 2.7819967027990704 -0.9029124687008162 0.017423181019469398 -0.42947119417693236 -9.390445104779873
-0.42590834428019914 -0.03060511361233626 0.9042485329229325 80.39179054400849 0.0037097600255118907 0.9993602454442707 0.035571582845308536 2.8017473332518246 -0.9047587081388345 0.018504779013636556 -0.42552232984956734 -9.793200158404508
-0.42447542088768103 -0.03374788706895234 0.9048103100543271 81.25520526652124 -0.0002693670929605138 0.9993098058589818 0.03714618897617321 2.8231315861490125 -0.9054394206702044 0.015523918077134425 -0.4241915410094114 -10.180595356326116
-0.4223299193767734 -0.0360601993779491 0.9057246276987454 82.1324382066369 -0.004486981361044785 0.9992793032415512 0.03769271960665771 2.852269070085682 -0.9064310818796286 0.011854793709847575 -0.422187349015367 -10.56985074629069
-0.419877416404842 -0.03668287019790069 0.9068391931468549 82.97566664057791 -0.002390450944037663 0.9992240797207941 0.039313156200138206 2.8698338583407783 -0.907577677632873 0.014338951850685776 -0.41963931360436746 -10.95686843023333
-0.41786003884386386 -0.03461691479196821 0.9078516713360668 83.82076019172777 0.0015199927101180906 0.99924578459282 0.03880143806149973 2.889491706269451 -0.908510141693292 0.0175934983378754 -0.4174922649063924 -11.342363389644659
-0.41305449750703316 -0.032147529420057316 0.9101387358207533 84.6811231977499 0.003240025641716259 0.999318578076569 0.03676794452869644 2.9110054271669057 -0.9107005459112525 0.018136037693245635 -0.4126688742972213 -11.729924922338261
-0.40630473809463846 -0.03140995650517938 0.913197609739639 85.53031175792412 0.0069898937257953445 0.9992729106753022 0.037480546637044254 2.9325511522872385 -0.9137108958459177 0.021611677927738555 -0.4057897659990927 -12.107354132486208
-0.3976025320189398 -0.030501243058498596 0.9170506532923984 86.39089947423935 0.012046276912797537 0.9991876818494494 0.038455996318703826 2.9510333309075576 -0.917478672092528 0.02633724762024978 -0.3969121258454087 -12.479624351496929
-0.3867207288567696 -0.03083069138790586 0.9216813692057754 87.23152449580947 0.010134208770340066 0.9992385753069997 0.03767714733146611 2.975338177658506 -0.9221411907539366 0.023911045292532677 -0.38611382548146406 -12.820716609472786
-0.37556174890514776 -0.032538494899731436 0.9262260086549969 88.09353209431912 0.008788067722054758 0.999213549567199 0.038665905227097196 2.9998108248383457 -0.9267557081696443 0.022661171880077914 -0.37498043770842543 -13.164256254842194
-0.36292729043741273 -0.03502099516953187 0.9311591226815606 88.9497591657604 0.010796257779711141 0.9990683767350053 0.041783004033166114 3.0238473939016717 -0.9317549155618724 0.02521722636249226 -0.36221108323858736 -13.494442370196808
-0.350048781251862 -0.036706924763939025 0.9360119937364374 89.78647911427277 0.010749911477504903 0.9990087093160607 0.043197663291946825 3.0486774100759537 -0.9366697871434265 0.02518333546282386 -0.34930718496425883 -13.805707885532716
-0.3382446763807581 -0.03752872307808636 0.9403095946783722 90.62147104141664 0.010968964562136902 0.9989793987061999 0.04381601051024333 3.0754406483616146 -0.9409942724142963 0.02513475491679753 -0.33748781219291707 -14.105637394202047
-0.3231773033414895 -0.03691450529007713 0.945618183996116 91.45850263265486 0.014179168556609967 0.9989378561415021 0.043841883473037906 3.099312957879953 -0.9462322028888928 0.027576781295304546 -0.3223106255608474 -14.395948342049968
-0.3095431515401168 -0.03371315419118776 0.9502875673021791 92.3007930967339 0.015255985587221006 0.9990665822745279 0.0404131053750713 3.1205771039991186 -0.9507630052954179 0.027007173431799758 -0.30873989108123023 -14.671120466526315
-0.29694428827068 -0.026207491506880287 0.9545350999582657 93.14335731080871 0.01704519934719155 0.9993185573661708 0.03273961030326889 3.1391287125130307 -0.954742662104629 0.02599208134244365 -0.2962952258556556 -14.937570332878899
-0.2828325319920884 -0.022260302663019704 0.9589109644655731 94.02123240523655 0.013352830082579696 0.9995424030408424 0.02714196846443686 3.1581842739329415 -0.959076358157019 0.020480806836877502 -0.2824058706464519 -15.190746253538974
-0.269637884699931 -0.024390645907998814 0.9626528489163356 94.92979460397757 0.01190312255122684 0.999518379753009 0.02865875449928357 3.17591478523747 -0.9628882213466302 0.019186060776260252 -0.26921769678795715 -15.439369482749225
-0.25532261907864484 -0.028327859021786646 0.966440837604694 95.80942464642314 0.011037203409022698 0.9994201658564453 0.032210436513383775 3.1888299681591312 -0.9667929149139067 0.018890857119692843 -0.2548619139643158 -15.668221802969663
-0.24394407181293892 -0.02826065618955914 0.9693774420415712 96.64921095816602 0.009637080269151785 0.9994553129130987 0.031562702255452574 3.200955440902087 -0.9697414173434123 0.01704150232567418 -0.2435388484149386 -15.870940468076014
-0.2372188199444022 -0.023230280891331636 0.97117845194068 97.520519951436 0.0065756995784116735 0.9996527471399561 0.025517549071059825 3.2127922022809003 -0.9714339872782093 0.012439420615499018 -0.23698368968245676 -16.077116552656456
-0.23247599030200183 -0.017570400291548233 0.9724434147891066 98.39705388482129 0.001531850021519135 0.9998289534623447 0.018431420289937397 3.2171949545216747 -0.9726009291423772 0.00577450015044644 -0.23240931087070804 -16.27497832836293
-0.22930867887776707 -0.015280570705318804 0.9732338023056191 99.26010672234308 -0.0013813182635487769 0.9998808667563517 0.015373491939754213 3.2210087725358387 -0.9733527735364953 0.002180929500615268 -0.22930246792244835 -16.470939925082853
-0.22589761565468264 -0.015724198721028128 0.9740241356435223 100.12976069468219 -0.003784587647227929 0.9998763387668246 0.015263815728401874 3.223643520964554 -0.9741436978895205 -0.00023822013301991098 -0.2259291904852015 -16.664588910323594
-0.2214020976354324 -0.01635777824149453 0.9750454011242928 100.99571035353839 -0.006402058916457895 0.9998621398593106 0.015320408532126567 3.2238957947550277 -0.9751615890734526 -0.0028503275185744453 -0.2214762985711477 -16.85333449240218
-0.2166280016743929 -0.01975338549933012 0.9760543594758819 101.86103014147496 -0.010204860186019838 0.9997864690336709 0.017968783090923222 3.2264148473292713 -0.976200885944662 -0.006067956698899204 -0.2167833254250826 -17.040909750345413
-0.2117504549355862 -0.023658186582007665 0.9770373764816899 102.7150268619091 -0.01141034729871156 0.9996986736292383 0.021733980732137167 3.2302138548394037 -0.9772571559262665 -0.006546155481886772 -0.2119565970648516 -17.22019493922394
-0.20736618993910677 -0.025955311537778768 0.9779190074198963 103.55954574953893 -0.01299668380659482 0.9996328337472624 0.023775699872967723 3.237766221643914 -0.9781770542596927 -0.007779427832102425 -0.20762738504936057 -17.394348219564993
-0.2041030898546478 -0.026660496657132007 0.9785863000419435 104.41972584661431 -0.01867751859084575 0.9995531871785339 0.02333615864968772 3.2478569375734576 -0.978771208715844 -0.013514581726040826 -0.20450984589915472 -17.558535309063064
-0.20162411683041137 -0.02547231546406807 0.9791316952572088 105.27646721009341 -0.025106686462921295 0.999467712733493 0.020831358528247357 3.256114849462858 -0.9791411388595667 -0.020382648213095815 -0.20215632031824282 -17.72507456963796
-0.1973032337046614 -0.0230281213497965 0.9800720073529204 106.10552208978406 -0.025423578603601147 0.9995080329222976 0.018366648436387748 3.2581207120487465 -0.9800127936005073 -0.021293138587310165 -0.19779162426258434 -17.891145426953372
-0.19190569320303014 -0.020813984848050818 0.9811926329477866 106.9871509448028 -0.02661130265006454 0.9995178355500731 0.01599796826362312 3.2572645594524987 -0.9810525182106876 -0.023040712923916563 -0.19236705035017448 -18.063564302972082
-0.185171087729253 -0.023421380664444186 0.9824271510890448 107.85448674005153 -0.02968617437149154 0.9993930056532603 0.018230504725001574 3.261032144392033 -0.9822578069531192 -0.025788741324735222 -0.18575398111624747 -18.224877890252436
-0.17928135830768727 -0.027202544119061395 0.9834216878617237 108.72076547366632 -0.03044308829735285 0.9992923381160292 0.02209165809801195 3.26628620368897 -0.983326707121428 -0.025977770806025622 -0.17998261717643554 -18.37814819512353
-0.17204245045368033 -0.02997215914385715 0.9846334672953935 109.57452645129814 -0.03139743098458159 0.999196038724651 0.024929450947319028 3.273607973592422 -0.9845890495884372 -0.0266260375050748 -0.17284518378397745 -18.52121324339261
-0.1674099618265945 -0.02658324911012844 0.985528911573865 110.40571093858208 -0.03429551292600908 0.9991884260495391 0.02112598025624225 3.280702910381659 -0.9852906791776528 -0.030262519977590243 -0.16818578242600002 -18.65567403254842
-0.16347710529010367 -0.02424533085032354 0.9862491571494125 111.25488478464966 -0.034645474727056216 0.9992224178823783 0.018821548348381237 3.2860758471661677 -0.9859386021081156 -0.031092178007529368 -0.16418997941361352 -18.789323733523574
-0.15865951278301405 -0.023628326554926388 0.9870505869445957 112.09283993133586 -0.03557219522051138 0.9992013471614418 0.01820128451385314 3.291209808612852 -0.986692342085744 -0.03222374923832053 -0.1593733103577114 -18.917430830944955
-0.1522766930336774 -0.024762657479020487 0.9880276410876895 112.95820774172013 -0.03617260235281608 0.9991559414722789 0.019466572879402087 3.2931484566573213 -0.9876757320081083 -0.032775225631881455 -0.15304389235453675 -19.043379967742073
-0.14376462029728726 -0.026080325473289243 0.9892681894076977 113.83047716211068 -0.0344778038444939 0.9991777942722797 0.0213311151898564 3.2938807888011525 -0.9890111298629746 -0.031041134908208833 -0.1445456085489038 -19.171004377196482
-0.13564178404790328 -0.0265277253105393 0.9904027393995591 114.70402619205056 -0.03294737370502963 0.9992093633966128 0.022251262132232753 3.2945876575669972 -0.9902099661113513 -0.029612968280548733 -0.13640855956783693 -19.292958932033898
-0.12912968884521187 -0.026974036881982015 0.9912607753729732 115.56926716772267 -0.032416395304650986 0.9992105230518777 0.02296754096209107 3.2982450335031066 -0.9910977251382385 -0.02916730972651067 -0.12990214497507885 -19.407464310615815
-0.12160774569150051 -0.02741438041482437 0.9921995806964963 116.418668640883 -0.03555830866697185 0.9990971889665017 0.023246799435175172 3.3076422488905033 -0.9919411085707539 -0.03245394807579195 -0.12247276587763539 -19.511079284959372
-0.11538886828815742 -0.028360934652398306 0.992915437719054 117.25783233614554 -0.038998448345573866 0.9989509806539892 0.02400123490720678 3.31446181833618 -0.9925545476707142 -0.035952686075948585 -0.11637385557808266 -19.605625710718012
-0.11165457167567605 -0.02874227913931476 0.9933313334501229 118.10882668326929 -0.03970875256090105 0.9989123509258399 0.02444033833377092 3.3199037890239844 -0.99295340857161 -0.03671507262269502 -0.11267445073454674 -19.69989402408636
-0.10658460504736589 -0.029233171957867086 0.993873806689853 118.99221870510428 -0.040967300852011994 0.9988480244586149 0.024986082046284948 3.3274486246827095 -0.9934593108063351 -0.038053195561013255 -0.10765942633971959 -19.794344589880314
-0.1039310312090434 -0.028251202047498227 0.9941831875135975 119.85310156953157 -0.04267389987985254 0.9988026361117404 0.023921378833231186 3.3358612174430218 -0.993668596173226 -0.03993950023610801 -0.10501217691306458 -19.880676362077892
-0.09911825529761553 -0.029817069911756755 0.994628832182455 120.72562463691706 -0.04455897066587794 0.9986813031012555 0.025498097363844324 3.3460411140535986 -0.9940774967777686 -0.041792310032541455 -0.10031616630528606 -19.966812085721315
-0.09400167147864136 -0.03226678632285944 0.9950490139986155 121.57444185117122 -0.044943689890023314 0.9985932280698907 0.028135912852172984 3.355393938923317 -0.9945570624646387 -0.042076351473845586 -0.0953196210040641 -20.042852447875248
-0.08976002676243583 -0.033340985250921495 0.9954052020650206 122.45185552451437 -0.045621015589757924 0.9985281027245714 0.029331740586380044 3.3642506970684316 -0.9949180169904281 -0.04277857842151215 -0.09114895883151192 -20.117036386539457
