1.0 0.0 0.0 0.0 0.0 1.0 0.0 0.0 0.0 0.0 1.0 0.0
0.9999403699381676 -0.0025262860853570365 0.010624238633216302 0.007784689776599407 0.0025131170830323644 0.9999960574947488 0.0012526920954089053 -0.000951468653511256 -0.01062736140570957 -0.0012259174416984508 0.9999427765207259 0.30795326828956604
0.9998048607682306 -0.004835124948503558 0.019153640670943623 0.018329418010474753 0.004796164001544456 0.9999863360646563 0.002079541981987444 -0.00022965416963344155 -0.019163433802154465 -0.0019872721798781484 0.9998143895514776 0.6086634683760277
0.9996822387916526 -0.0074710840742254 0.024074973463432865 0.028556816815499816 0.007428531926375722 0.9999706848509623 0.0018564353250742124 -0.000954174034652305 -0.024088137286389696 -0.0016770037129423387 0.9997084321444022 0.9040030796701626
0.999643676246959 -0.00984702061978498 0.024810415643000377 0.03928053832598465 0.009822191583800795 0.9999511311689699 0.0011224198806782629 0.0005953015975021115 -0.02482025567869963 -0.000878327280094614 0.9996915441521115 1.2281932284325603
0.99969013962867 -0.012775467478949542 0.02136380490233036 0.047683852155454814 0.012776148305371052 0.9999183762126981 0.00010462619400402763 0.00011712389698312055 -0.021363397756201993 0.0001683533653064831 0.9997717624005266 1.5655699459098675
0.9998268115242691 -0.015089351317706487 0.010893045213557209 0.05121873831112459 0.015105713092781997 0.9998848920103657 -0.0014213238118154466 -0.0017859557872731402 -0.010870344482688974 0.0015856248706136555 0.9999396588817735 1.8905863192051358
0.9998663544663227 -0.014961943330526863 -0.0065888889807203645 0.03469542640667217 0.01494891750467227 0.9998862146778166 -0.002021772169637163 0.0001883419337009413 0.00661838890249421 0.001923005210996345 0.999976249207597 2.2337115231175257
0.9995944229088176 -0.011982720615666905 -0.025834165290073468 0.0060854641057267456 0.011941628886949506 0.9999271748201656 -0.001744292317387923 0.0009458497825400678 0.02585318527985166 0.0014350828578854951 0.999664720467856 2.5977455866186205
0.9989421275234088 -0.009684966505755664 -0.044953612566604774 -0.03210387138458378 0.009581276411844307 0.9999509193864605 -0.0025214996514886507 0.001292235813193352 0.044975826855388125 0.002088119238696008 0.9989858931720305 2.9516371422900005
0.9978632324634197 -0.009805627121337389 -0.0645973604291453 -0.06890983457018632 0.00959601392121823 0.9999476400425584 -0.0035543902630460126 0.0002576004656156918 0.06462883113966553 0.0029269181873675687 0.9979050793213978 3.3304174673531177
0.9962596343744524 -0.011598171010715265 -0.08562840267860225 -0.11649558171126306 0.011363000100984478 0.9999302115287562 -0.0032333111143824514 0.0010642665363137104 0.0856599272985197 0.002248221800349417 0.9963218969559733 3.730393949650435
0.9943719729229176 -0.012974548094146122 -0.10514770833041297 -0.17043728660376486 0.012757323149561925 0.999914872767316 -0.002738233879731333 -0.0020622128932330256 0.10517428474414532 0.0013814197317058578 0.9944528452913606 4.1288596465485305
0.9923210273751326 -0.012809976447941481 -0.12302391284853671 -0.23867121972773475 0.012658669136608234 0.9999178526406752 -0.0020114835695965085 -0.006805890384748929 0.12303957381611437 0.0004387184336896536 0.9924016680766335 4.546211743244028
0.9901362635175818 -0.013018970203743714 -0.13950156301015526 -0.31342686940642756 0.012997989994119389 0.9999149591140779 -0.001061506479011497 -0.010883416079206043 0.13950351939487066 -0.0007622038613418655 0.9902212818969904 4.977363074046892
0.9880920380657701 -0.013101904105197116 -0.15330513500809853 -0.3924955424232907 0.013022762668981544 0.9999140442774725 -0.0015204305759892122 -0.013390642143279482 0.15331187809005695 -0.000494131042579948 0.9881777288883881 5.420047209102703
0.9857056653595406 -0.014244431670167847 -0.1678732779345751 -0.47407534508556803 0.014061107737073912 0.9998985366233538 -0.0022807252534663485 -0.01998180109640989 0.16788873257997863 -0.00011236044374345901 0.9858059448227217 5.865641411727497
0.9837185949974664 -0.016398437656161575 -0.1789659663138442 -0.5591611567475924 0.0159370782282628 0.9998649338695658 -0.004015414742658837 -0.02489611388018003 0.17900764060161584 0.0010978435436400842 0.9838470711171512 6.316924262539144
0.9819963064195377 -0.01593154041736489 -0.1882270974071358 -0.6591969256880496 0.015066790057713563 0.9998683419818281 -0.006024163001361747 -0.027315227579420495 0.1882982899968619 0.0030797276568003545 0.9821070559067467 6.803467946301225
0.9804144240631247 -0.016340893824984958 -0.19626648281857015 -0.7654883561259739 0.015204618459883213 0.9998577919535542 -0.007294891860239243 -0.031836105597857316 0.19635777719881867 0.00416786021403965 0.9805234582990737 7.309043494515655
0.9788838045898499 -0.017044130111327056 -0.20370565711449645 -0.874494761631424 0.015283015120395189 0.9998310222824071 -0.010215494630550211 -0.03987656360777451 0.20384534961713113 0.006886545611929286 0.9789788807369669 7.8099005019891745
0.9764894712043979 -0.0199989139991666 -0.2146354026385425 -0.9909169224013128 0.01793297216671547 0.9997722636924542 -0.01156845973038213 -0.047865720035960235 0.21481787899572777 0.0074474284232614665 0.9766257290659801 8.33113596427723
0.9743818484251329 -0.02500191743863998 -0.22350596766979897 -1.1069075397391106 0.02272713911767481 0.999660467235518 -0.012744700623868248 -0.05740498022124168 0.22374872202349594 0.0073385537306476355 0.9746192359183123 8.857048210961349
0.9716173946752857 -0.026247086486954844 -0.2350972752189114 -1.2450400209322516 0.023219321862556336 0.9996080777991568 -0.015638218917704935 -0.06669455734811605 0.23541559306183027 0.009735566219864341 0.9718460357966819 9.40465232014114
0.9689970280277213 -0.021948769527630207 -0.24609553264873973 -1.3968670424115426 0.017456062587206358 0.9996390312406029 -0.020422857275627218 -0.0729317629665357 0.24645495643706478 0.01549382898356881 0.969030389467241 9.949478384754812
0.966510589658035 -0.019401020840487615 -0.2558923220208538 -1.562896923524588 0.013953599451078345 0.999636088995966 -0.023086503399344125 -0.08452433942760354 0.2562471017226073 0.01874273104955697 0.9664295798926933 10.521482291631479
0.9634725967852935 -0.022006702693278816 -0.2669012182069855 -1.7274719877600018 0.016144756305716473 0.9995782693108344 -0.024137737370891886 -0.1019126189855474 0.26731984978230156 0.01894699337960399 0.9634215636751343 11.093806091477823
0.9601780444725903 -0.022913137570370754 -0.2784476809734175 -1.8945229827018888 0.016266598228448625 0.9995254846131189 -0.026157281796554493 -0.11794665769180245 0.27891489866062563 0.02058625113009635 0.9600951440193528 11.644137733410837
0.9572280740577642 -0.021589574242185276 -0.28852782278266476 -2.0683582230979387 0.013767372306138528 0.9994813168429273 -0.029112827786260127 -0.13238074287157867 0.28900670181753185 0.023895346115288638 0.9570288076847964 12.193383559573352
0.9543963372087104 -0.02033156434306896 -0.29784938981633174 -2.261698612646677 0.011127086265939569 0.9994076346474958 -0.03256635932258667 -0.15008264453539125 0.2983350791875267 0.027767018198955672 0.9540572169563579 12.772823492053199
0.9522154492545748 -0.02090918978598622 -0.30471059053370997 -2.4585272147036537 0.009655914215095963 0.9992161217745938 -0.03839147439746335 -0.17424262144471853 0.30527446916108025 0.03361469571830132 0.9516709256408893 13.369645222651293
0.9502475031727822 -0.02206519665106592 -0.31071338852814673 -2.665934484590461 0.008116596215448708 0.9989032109405842 -0.04611394624694592 -0.20119119395648433 0.3113901147752906 0.041297727169187455 0.9493843763991963 13.982887770793313
0.9493112073716371 -0.021963257339060016 -0.3135695248037715 -2.8759594265371056 0.005198538412421587 0.9985165367367642 -0.054200563295902095 -0.22899244177509745 0.3142947768528446 0.04982309896299846 0.9480171159070622 14.588035171273843
0.9484714585880634 -0.023171052981952538 -0.3160142315585477 -3.090227556194537 0.003405614995473684 0.9980105259542484 -0.06295547530618097 -0.2658617501643051 0.31684427410059735 0.058635248683979374 0.9466634109235624 15.202597358294392
0.947929382195741 -0.02282273399262237 -0.31766178426606967 -3.3147551564641207 0.00013656369571814382 0.9974580603438887 -0.07125587137467614 -0.30695583866490667 0.3184805609772094 0.06750215306276815 0.9455229196648449 15.81971920353674
0.9475891617826462 -0.023477975808584278 -0.3186276276847215 -3.5405564345051603 -0.0015436708564106894 0.9969482002936311 -0.07805064388957413 -0.3551893068168545 0.31948771111319607 0.07445180040282155 0.9446610671899364 16.44016630066657
0.947041075693927 -0.022651786265548136 -0.3203124997989772 -3.773314251336396 -0.004490049609635359 0.9964771859377901 -0.08374399894921464 -0.40960429084110966 0.32108104958560363 0.08074722586245903 0.9436031184309028 17.089348472030963
0.946863441842359 -0.022996622905079547 -0.3208126834110571 -4.006545428314026 -0.005987344768844136 0.9960075894223888 -0.08906757836396609 -0.4678127295613304 0.3215801209730797 0.086255649948069 0.9429454855117424 17.741866427722837
0.9469240271620345 -0.020979698259548936 -0.32077209829436987 -4.260433686990518 -0.009647065518669024 0.9955639062122957 -0.09359189481036245 -0.5300944047649029 0.3213126528945182 0.09171892339236065 0.9425209908440413 18.43060601011883
0.946568703767916 -0.019162803662122252 -0.32193240905962583 -4.520930590159712 -0.012473445975559952 0.9953108406590792 -0.09592050673350304 -0.594731298185284 0.3222609225342441 0.09481095623568074 0.9418910660925995 19.14378666869055
0.9463765635763908 -0.017254861042776175 -0.3226045097076856 -4.778009934949601 -0.014884698726849022 0.9951834474905802 -0.09689350641077375 -0.663039942471869 0.3227225521359681 0.09649961456481677 0.9415614577560454 19.84540279790389
0.9451111101009284 -0.01564975026793192 -0.3263741332893013 -5.0409383348379695 -0.016761842004691958 0.9952151093278964 -0.09625968428201653 -0.7348830528603938 0.3263189087631929 0.09644672872635504 0.9403265381247008 20.573846285023194
0.9439455028795554 -0.014393550626737332 -0.3297873758860684 -5.302333860405808 -0.018114253384662462 0.9952849852397392 -0.09528731280001705 -0.8043718570129204 0.32960394630189066 0.09591988248891674 0.9392340574774387 21.285045053305453
0.9420485728188291 -0.013258924610787603 -0.3352143901567665 -5.573441469993601 -0.019388399719555267 0.9953967452319081 -0.09385845480317054 -0.8770857900803235 0.3349157750932646 0.09491849398241373 0.9374550139040212 22.018701449156065
0.9390833686412504 -0.012438333139505328 -0.34346428432969905 -5.89165125379175 -0.020404344630355384 0.9955644921545181 -0.09184228155551441 -0.9620519428778953 0.3430832106961916 0.09325572277253219 0.9346642609560748 22.863565620979898
0.9358782396934219 -0.012063438288318067 -0.35211701737491474 -6.177821012040584 -0.019715000857216468 0.9960546478407329 -0.08652431598154167 -1.0355741250136345 0.35177157248638213 0.08791821183086956 0.9319480397634411 23.61151354811116
0.9335758582544113 -0.010745530947181123 -0.358218718730893 -6.4346429364737645 -0.020267411046919093 0.9963676867559265 -0.08270831178363654 -1.0961294486554427 0.35780630085843185 0.08447464917540161 0.9299670342075025 24.25814878055989
0.9305559229418986 -0.008869326272309373 -0.3660423600202947 -6.7414701696732475 -0.021839991339988058 0.9965820662211206 -0.0796693169589884 -1.1629375583216117 0.3654978646394818 0.08213111674583412 0.9271816384107602 25.01070980568688
0.9273036930221437 -0.00804634122728633 -0.37422335215797026 -7.058418469467016 -0.023205206987878677 0.9966100641874347 -0.07892970498467032 -1.2282643391005434 0.37358985435386743 0.08187573726795659 0.9239734760103695 25.76637431353108
0.9240343092039235 -0.008565623326904102 -0.3822135862460277 -7.388495545182827 -0.023220995755230275 0.9966456704203597 -0.07847415490776208 -1.2978717622779081 0.3816036959597792 0.08138819158436597 0.9207358912850433 26.54385780893729
0.9209305887634089 -0.00832627594454789 -0.3896376827371502 -7.72258928170134 -0.023980078227152785 0.9966667699771126 -0.07797631352923108 -1.365264585451679 0.38898818301858545 0.08115431444035835 0.9176612505274563 27.31554530102165
0.9176138633022786 -0.008119011418228227 -0.39739008483989363 -8.076425008116628 -0.02432965307664394 0.9967692883074303 -0.07654445680955003 -1.431680903833735 0.396727697365129 0.07990661762763833 0.914451784733713 28.115447933042812
0.9141201357943386 -0.008495785557173232 -0.40535441155007407 -8.427917709159946 -0.02393938482863002 0.996905151555172 -0.07488006848812763 -1.500164003848921 0.40473606608426566 0.0781533136247367 0.9110876886338146 28.894156642532533
0.9108822857084883 -0.008078279868534231 -0.4125872065113577 -8.795000796744516 -0.023799878354262338 0.9971158068095806 -0.07206686895378334 -1.5676875668681984 0.4119794016365411 0.07546395964197147 0.9080628631445913 29.690853243888203
0.9070210460346433 -0.005770285205191421 -0.42104575269069344 -9.176679933962546 -0.024543415750466882 0.9974817329446822 -0.06654181531167905 -1.6322331973551152 0.42036941229533054 0.0706887278872991 0.9045953023071445 30.503015554374908
0.9037749520579096 -0.006364607778483803 -0.427960661510552 -9.55739923028139 -0.0226736029964063 0.9977734911810654 -0.06272135221365735 -1.6971424406887696 0.4274070001297178 0.0663893972270751 0.9016183805668233 31.304862792895946
0.9001652622224594 -0.005945844013874322 -0.43550791913228587 -9.970135068428235 -0.02273049674452205 0.997902893890427 -0.06060642608551129 -1.7629319394471543 0.434954969170049 0.06445511076768037 0.8981423681634264 32.15972437701711
0.8973975785765874 -0.0055352670419392 -0.4411881081620992 -10.382812482541961 -0.02284723250189786 0.9979968792562385 -0.05899349931825877 -1.823429419278286 0.4406308998832038 0.06302055072421692 0.8954735173384719 32.99732555004823
0.8948730576555946 -0.005241185387146416 -0.4462899737366557 -10.798675207648836 -0.022696833095278174 0.998102881714405 -0.05723190789101669 -1.878284709472353 0.44574327190611907 0.0613446614558944 0.8930564193046762 33.82651567316669
0.8920631010949187 -0.006234244313835646 -0.45186785442511046 -11.225549531130062 -0.021369662509977908 0.9982043438181077 -0.055959141405770324 -1.9361762835719434 0.4514053180780295 0.05957534876521296 0.890328038775808 34.670090637553685
0.8902716078128273 -0.006409962871900499 -0.4553848665671096 -11.65556652229901 -0.021259826447682397 0.9982259976964845 -0.055613643130734046 -1.9928768351165325 0.4549334941524726 0.05919265071644516 0.8885559892316203 35.50075526677222
0.8891995218628679 -0.007523436964122698 -0.4574577665917301 -12.09585194056909 -0.020324135838244044 0.998228215393416 -0.055922799419416656 -2.0495348834360114 0.45706798161900986 0.059023960293448426 0.8874711444830202 36.3488598390968
0.8880280849600961 -0.006739904358210442 -0.45973981120993535 -12.556579366662518 -0.02132765549223401 0.9982124564616892 -0.05583030427935374 -2.1034600415351137 0.45929429719223536 0.05938405050148415 0.8862969497367845 37.220060101840225
0.8874450380192226 -0.006481696941739506 -0.46086797686519326 -13.027096989967559 -0.02145193701225829 0.998236704634813 -0.05534704977007823 -2.1608556216045236 0.46041407330085266 0.059003975498137906 0.8857411653422982 38.111846704409935
0.8866086534769689 -0.004963120157009695 -0.4624937437609974 -13.511523897249283 -0.022344884288540114 0.9983152036330695 -0.053548672637094154 -2.21737381206003 0.46198030447832705 0.05781108573076627 0.8850039980930833 39.02600733441338
0.8861937489793799 -0.005448262391868956 -0.46328280316323134 -13.992169978343258 -0.021441989865366728 0.9983771797279052 -0.052756497885736185 -2.2778469924808933 0.4628184096819027 0.05668618381460797 0.884638794211542 39.93550721983809
0.8855575689426219 -0.007279275309282744 -0.4644726087073439 -14.476371122969045 -0.019535237470407935 0.9984090958739481 -0.052892832909010604 -2.336615874146577 0.4641186988103458 0.05591323123498956 0.8840065293805552 40.84976784516485
0.8842114373636791 -0.009361749605244673 -0.46699303172487 -14.961844789686639 -0.017676991175733767 0.9984121833407141 -0.053484915067720615 -2.395027242328814 0.46675224479184857 0.055547005330233226 0.8826419841479406 41.76130375869467
0.8836004382096101 -0.009976266162302865 -0.4681353860895838 -15.465186898094682 -0.01636605701334928 0.9985041278965466 -0.05216951937091846 -2.4549129049992144 0.46795557243569674 0.0537585405960367 0.8821154128227007 42.70080119089474
0.8816576645014966 -0.009074477589323305 -0.47180230656732397 -15.973765343932698 -0.01588455940583059 0.9986777664776565 -0.04889171213694617 -2.5158202952882465 0.47162214048775203 0.05060012450261599 0.8803477631039173 43.64614426036769
0.8794115479824707 -0.009481967721568828 -0.47596787870947954 -16.47861203528392 -0.013598102055173136 0.9988933697708068 -0.04502363211047613 -2.575674195529145 0.47586807089315397 0.046066561799742854 0.8783094278148099 44.56859069354884
0.8765827645874398 -0.009711981371700842 -0.48115312972698954 -16.99153701088223 -0.012884038208819278 0.9989643914872816 -0.04363652254567518 -2.632692641545179 0.4810786405440125 0.044450218877765596 0.8755498384752542 45.496973163873676
0.8720371902245762 -0.012462225215548954 -0.48928093341954726 -17.527444223280686 -0.01185768110700662 0.998844423884515 -0.046574802990201204 -2.6923224457613264 0.4892959577433591 0.046416697615065776 0.8708817117832482 46.4455555325489
0.8669022637653657 -0.015869021448028472 -0.4982254903522767 -18.043889276087054 -0.010599164356736183 0.9986803574177509 -0.05025138229832522 -2.7470166852294446 0.498365451043131 0.048843810930716214 0.8655900642569444 47.35357779192865
0.8611488564923446 -0.0156887088257283 -0.5081107274771012 -18.59153547113133 -0.011293050064449995 0.9986865944460973 -0.04997552494870189 -2.804060481611565 0.5082274234849683 0.04877448604586228 0.859840645427275 48.27590501365594
0.8557546250721384 -0.013728226581618822 -0.5171997268585588 -19.153544234152218 -0.011578617049135913 0.9988893950920313 -0.04567178560014324 -2.8619754309106145 0.5172523149246154 0.04507229933783861 0.8546452659071639 49.199359448874446
0.8511367487182897 -0.0121972010121999 -0.5248023087494252 -19.72431009432641 -0.01167823039329857 0.9990426481531526 -0.042159294420299157 -2.9174255837779124 0.5248141136784911 0.04201208705366136 0.8501794696564107 50.1183315589309
0.8473611704738728 -0.012334009350971892 -0.5308737316787094 -20.30170030475338 -0.012656470606508563 0.9989771070305373 -0.04341144296939605 -2.9728541442377905 0.5308661418144266 0.04350415890726631 0.8463383056631885 51.031532691550474
0.8453109808989453 -0.01567115699391418 -0.5340447176128003 -20.863345863061745 -0.01196489096400114 0.998763789740408 -0.04824659249727553 -3.026551520682954 0.5341406059792524 0.04717316124504159 0.8440784951071001 51.9198984816288
0.8436370109038226 -0.017976649945269287 -0.5366129274346723 -21.438711386896028 -0.014441882173589566 0.9983179630783323 -0.05614870109284465 -3.0865046127564875 0.5367196902225106 0.055118823026936166 0.8419583656426115 52.81475885531646
0.8407906503215838 -0.019109265362387627 -0.5410230293703938 -22.00530116745448 -0.014687305227494023 0.9982037485520644 -0.05808235051856618 -3.147873096301312 0.5411611270194513 0.056781267632177876 0.8389997152854823 53.698620729977534
0.8393158166947848 -0.019079812955531114 -0.5433092310862649 -22.593303010378328 -0.013174544362376035 0.9983765928165944 -0.05541308777510938 -3.2144846922047448 0.5434844903277464 0.05366693258898013 0.8377018975266081 54.59957935004633
0.8368281278669063 -0.016815724223302107 -0.5472073791805213 -23.185578893671156 -0.013036498747812344 0.9986326755623185 -0.05062439135084574 -3.279593140714417 0.5473104549624165 0.04949758295201038 0.8354646941497539 55.49650116453492
0.8341962848498816 -0.015164905625716475 -0.5512590897028535 -23.77368433796487 -0.01354307826326569 0.9987569819334117 -0.04796953273087433 -3.3393401112671763 0.5513013181317552 0.0474817509852625 0.832953984292988 56.37354279450891
0.832187483031262 -0.01471821431287072 -0.5542989872384159 -24.372706191501784 -0.01504290566509743 0.9986804708950637 -0.049102220336404094 -3.3970916155561226 0.5542902705940671 0.0492005205282851 0.8308679827171713 57.25982457015715
0.829055301304178 -0.01649545253240976 -0.5589232571875943 -24.981121228512528 -0.014749336290637603 0.9985718709111153 -0.05134857061360826 -3.460032748590226 0.5589720605347143 0.05081455176252221 0.8276280063354247 58.15602691459096
0.8264192573967166 -0.018916776402030915 -0.5627373868639042 -25.57856511247446 -0.014120829662873948 0.9984248092646866 -0.05430011431301662 -3.5235071805161784 0.5628781512667657 0.052820978931956 0.8248503688616368 59.02113335247948
0.8238636174494304 -0.02055400565207336 -0.5664152828930317 -26.190113828136415 -0.013100562459014482 0.9983847052290692 -0.05528431629243561 -3.588592520589056 0.5666366693979451 0.052967095600185 0.8222635658213763 59.90411122860174
0.8207412949753554 -0.02140605200944447 -0.570898859395905 -26.80339544068723 -0.01198336916031027 0.9984328819486907 -0.05466423974774864 -3.656437844347381 0.571174339046971 0.051706490704751716 0.8191985798530508 60.78429112256982
0.8178504167829519 -0.02105124295597876 -0.5750456859571771 -27.427724340368314 -0.012441342591687755 0.9984501058031648 -0.05424572993485496 -3.722368003084198 0.5752963660257799 0.0515192332207819 0.8163209294425047 61.66579485050217
0.8131110296367647 -0.021491127515276893 -0.58171177134485 -28.064277558676412 -0.01304918007918342 0.9983941695456782 -0.05512532191703849 -3.7928731872223698 0.5819623461894264 0.05241386892148098 0.8115248695895773 62.546840419098395
0.8082557902728282 -0.02265411642724932 -0.5883955884431382 -28.70854516807065 -0.013009026255076932 0.9983287387181733 -0.05630714595214774 -3.862522604359824 0.5886878143178615 0.05316503040798887 0.8066102756693452 63.424195991345435
0.8042952424412108 -0.024136508026826858 -0.5937394984054079 -29.35852298618291 -0.012647262231428692 0.9982531034190559 -0.057712981834882195 -3.936337152187168 0.5940952867549816 0.05392745585038188 0.8025849610857542 64.30850572975363
0.7994598808237793 -0.024623306298150287 -0.6002146213981931 -30.028647873990845 -0.013275095658233156 0.9981914049135833 -0.05863182575966718 -4.011706567141142 0.6005727855876368 0.05484169894883532 0.797687104865004 65.19824094383816
0.7947682962211485 -0.02653050332597142 -0.6063328192626581 -30.686209626951403 -0.012714870688625368 0.9980969702373256 -0.060338794041999384 -4.084785970592537 0.6067797684375315 0.055664803927992994 0.7929184965799158 66.06362503081684
0.7892412544244078 -0.026442920041416733 -0.6135136626793819 -31.37211849491037 -0.013386016338577904 0.9980942352368969 -0.060238792762283985 -4.161855585374225 0.6139373395397697 0.05575544427728393 0.7873831808924244 66.94562740148751
0.7844384938780018 -0.0267664499865281 -0.6196287650501155 -32.06337492119494 -0.012624602933941687 0.9981721684111914 -0.05910111344180348 -4.235732054156395 0.6200781150171104 0.05418375554000758 0.7826667566163827 67.81261748644579
0.780360520876475 -0.027835722947993746 -0.624710036725327 -32.74839614258896 -0.011382871342618677 0.9982109400640762 -0.0586970985346892 -4.31146451961526 0.6252262691997149 0.052915892360954814 0.7786475586799524 68.66800898464555
0.7753628761307914 -0.02942867144077387 -0.63082990069861 -33.45351763394575 -0.010372527600071322 0.9981854179776077 -0.05931510775556729 -4.384138448385924 0.6314307729192274 0.05253403310331104 0.7736506668881812 69.53341358627424
0.7711877055943946 -0.03174753293011967 -0.6358157098506647 -34.16663227867258 -0.009294298471981668 0.9980877852512251 -0.061109646932530716 -4.458801453632379 0.6365399742011237 0.05303646938810886 0.7694179580428814 70.3922230764927
0.7671993700457141 -0.030615000133838215 -0.640677647782615 -34.88126532042451 -0.011158062277804442 0.9980720471109441 -0.061054782138453105 -4.5353567516602284 0.6413116436239592 0.053989911488855215 0.7653786417256243 71.23871629388171
0.7630643174781867 -0.03024486523564454 -0.6456145099968144 -35.61619067275415 -0.010938337056669157 0.9981571178693571 -0.059688531806142066 -4.613420045709993 0.6462299901536478 0.05260813790295029 0.761327251352794 72.10138834476344
0.7605856697535993 -0.029682074793645256 -0.6485587200874054 -36.35319085894975 -0.011859344364893963 0.9981525175651261 -0.059589492610995005 -4.691194711421747 0.6491292590206545 0.0530143953501822 0.7588284911420703 72.9541730804717
0.756557508395255 -0.029718141811834665 -0.6532515354272161 -37.104670344019205 -0.01233859939948683 0.9981402315654992 -0.05969788183202669 -4.770924375320848 0.6538107489599898 0.05322508973804857 0.7547838063755437 73.81583356194976
0.7531382343257942 -0.03046312754783253 -0.6571566007099294 -37.83482533207809 -0.01404006086960629 0.9979554696428458 -0.06235188289622846 -4.845589419428722 0.6577124574518889 0.056186105666185156 0.7511707161775314 74.6395725628881
0.7501993072121225 -0.03216414917225163 -0.6604290022148308 -38.590774345156646 -0.014549062970754973 0.9977713690746792 -0.0651200416270875 -4.921707436281902 0.6610516804495129 0.05846163325520206 0.7480594316042073 75.49264322556435
0.7468858971337697 -0.03168753011309041 -0.6641967758864956 -39.353832644726815 -0.01653295390541347 0.9976701832614653 -0.0661881172582788 -5.001205611418836 0.6647466570791051 0.060416106017900394 0.7446219013941159 76.34221073489962
0.7443250907658856 -0.030681035564283213 -0.6671123093700636 -40.11509776506871 -0.016983693316519638 0.997751342938848 -0.06483680918317883 -5.084230913549784 0.6676014630134409 0.05958969475025631 0.7421302815960852 77.18602817447135
0.7411863135728041 -0.030414554219758055 -0.6706100233846573 -40.88384914554254 -0.016999829222212985 0.9978023469232425 -0.06404281599746316 -5.166383922620514 0.6710840889030023 0.05886791457222454 0.7390404009627245 78.03044199545039
0.7372946536895494 -0.030532325113730486 -0.6748810048919418 -41.66486789073614 -0.01771014258237587 0.9977613337683955 -0.06448776385039878 -5.247555797756092 0.6753391329476766 0.0594987223380666 0.7351033652144563 78.87283090830965
0.7349362369784734 -0.0311128002680499 -0.6774221145160539 -42.46360814130976 -0.01773156745198633 0.9977237583049527 -0.06506069189254142 -5.329193022746583 0.6779043583659992 0.059827215991728876 0.7327116657560887 79.73491014164682
0.7319888586660832 -0.031673514999703174 -0.6805799726970291 -43.28001849791021 -0.017284356392443374 0.9977340296409483 -0.06502351205936756 -5.41744235777346 0.681097321836479 0.05935987318045158 0.7297827372877334 80.60945156500847
0.729325873174978 -0.031495355645455574 -0.6834411556895902 -44.082584384232035 -0.01787717682536905 0.9977214722989276 -0.06505590105759161 -5.504871663181861 0.6839328748249428 0.05966495023401034 0.7271010359277881 81.45806083612588
0.7280038402954024 -0.03371990534590426 -0.6847432924086295 -44.88775659268236 -0.01620579123920278 0.9976641861400699 -0.06635920451439872 -5.591787646867232 0.6853814856307822 0.0594065625746489 0.7257569010885165 82.312234695581
0.7253625784110731 -0.037438556938422365 -0.6873481536275545 -45.72099089039015 -0.013984881583197465 0.9975123380975841 -0.06909094318501577 -5.682134388511333 0.6882249290224409 0.05972846722844677 0.723034547773892 83.19032415322303
0.7227701136374237 -0.04097497030272107 -0.6898727524995005 -46.56031238273851 -0.01089582442220545 0.9974410627772358 -0.07065838447048671 -5.772656055034954 0.691002636639475 0.058586500958068596 0.7204741342080118 84.0670929299767
0.7189141577409116 -0.04331204421740158 -0.6937481536014244 -47.38892067781843 -0.00807639333441764 0.9974689455464731 -0.07064329084290095 -5.863683031647435 0.6950519445842759 0.05638944489988148 0.7167447417550405 84.9288319884524
0.7123181748557189 -0.044707015411197204 -0.7004313674752443 -48.22667186388675 -0.006946390011962945 0.9974712604134796 -0.07073070277430166 -5.960431032355771 0.7018223175676443 0.05524823456154846 0.7102063553234461 85.7868366618657
0.705248092320412 -0.04564160649034235 -0.7074899094936978 -49.06394453311573 -0.005204998550935817 0.9975653434180183 -0.06954346555483233 -6.050415469207668 0.7089414900176917 0.05272788036961218 0.7032934909148694 86.62624014775014
0.6960367325216443 -0.04376943297794855 -0.7166708475425676 -49.92515573942175 -0.005942407318945582 0.997754880332641 -0.0667074701038298 -6.140352867185521 0.7179815838695649 0.050689599615566835 0.6942139509653813 87.46394967849518
0.6879951958528674 -0.04316090549629774 -0.7244306362379455 -50.78135952251447 -0.006351454263873641 0.9978335363835916 -0.06548200284772591 -6.230644914758941 0.7256874461585433 0.0496524914274734 0.6862305447755412 88.27749716466303
0.6805264887225493 -0.043455361557502646 -0.7314337493572913 -51.65412022384188 -0.00855026617467776 0.9977008813736736 -0.06722978695888432 -6.318268361238186 0.7326735910999524 0.052005604102841954 0.6785903226885852 89.08869265403891
0.6704482275305309 -0.045034851292507005 -0.7405883042353771 -52.549882569800424 -0.008361019411022502 0.9976342500944974 -0.06823486200468662 -6.411806826687124 0.7419092043879616 0.05194001547412073 0.6684855774337769 89.90977789030843
0.6616338983302106 -0.04590098392993909 -0.748420793574465 -53.44370574121271 -0.008685574841584325 0.9975884578081914 -0.06886094421038425 -6.496506892582403 0.7497767303471347 0.052061199776204624 0.6596396638376306 90.70176410599673
0.653584907941432 -0.04586754908907992 -0.755462067910594 -54.353714693220766 -0.00749886910662962 0.9977205101297024 -0.06706378030388847 -6.590984595450849 0.7568160510145855 0.04949698583840664 0.6517511130175391 91.50085784917057
0.6431073716198652 -0.04508191237374632 -0.7644478594024022 -55.28135676935445 -0.007635648329023262 0.9978384688802943 -0.06526934117352516 -6.680086905941784 0.7657379482843882 0.04781224946973737 0.6413730453939108 92.29243864258474
0.6338753802040822 -0.04478955097819365 -0.7721372277609094 -56.2047234656455 -0.008507837945764693 0.99785762622462 -0.06486736065892992 -6.769983341839106 0.7733884011702136 0.047687041306196346 0.6321363199712877 93.05425247389317
0.6257729889541768 -0.04512793099636711 -0.7786986812235804 -57.14894690940391 -0.01025428587370945 0.9977627068790832 -0.06606383566328258 -6.85842770886537 0.7799378282379797 0.04932596279153702 0.6239101966454081 93.8154925778766
0.6166777202923575 -0.04456053152520932 -0.7859535280951488 -58.1203495469041 -0.012584150161490826 0.9977110506814113 -0.06644018748398811 -6.950054897670006 0.787115130371494 0.05086274057092546 0.6147054198247164 94.5747641174282
0.6091685667421236 -0.044712976854865236 -0.7917792665851533 -59.09593382253204 -0.014381696708804428 0.9976222390403057 -0.06740203982064087 -7.041688837247631 0.7929103506028428 0.05244633326538262 0.6070770610341767 95.32221351515577
0.6011092474568787 -0.04373683002071136 -0.7979691487279218 -60.09207735687856 -0.01631094260260637 0.9976218696361776 -0.06696684534179533 -7.133269565375078 0.7990003915976759 0.05327001899151957 0.5989663423794392 96.07427462298793
0.5945499728308992 -0.041246776350778475 -0.803000020702021 -61.10398697447473 -0.018296109319717244 0.9977307955052107 -0.06479592644835633 -7.219463939357562 0.8038504725323848 0.053216192471922566 0.5924461618309745 96.81900376296556
0.5886270981359908 -0.03925774575753721 -0.8074509079430401 -62.117679465496984 -0.01841324206466575 0.9979099551352437 -0.06194089084477527 -7.308799435648007 0.8081949590641302 0.05132787585720756 0.5866739787167286 97.55723793586876
0.5822106827881757 -0.038398838780139596 -0.812130685313431 -63.14921487081396 -0.019178781211596503 0.9979575153819334 -0.06093415991014984 -7.395230481338644 0.8128117218634116 0.05105219557526245 0.5802850834963632 98.29433755982943
0.5767386360517782 -0.03956202873519729 -0.8159702148776572 -64.17704992621356 -0.019550425725737508 0.9978722076331269 -0.062199984624855084 -7.482797538420115 0.816694757261902 0.051825699375360204 0.5747380014799595 99.01896758565609
0.572305790900332 -0.04152835392547983 -0.818988081428653 -65.20116881891708 -0.01917863322768619 0.9977658772271844 -0.06399558007069923 -7.5707349939411825 0.8198159926041109 0.05233211309805358 0.5702307324313809 99.73036170626915
0.5672742762413514 -0.04302302141527638 -0.8224043501484851 -66.25350426158741 -0.019792217127931073 0.9976337430920758 -0.06584210495765849 -7.6615648102494065 0.8232910564654593 0.05362773790115668 0.5650804385851567 100.44923862849075
0.5641191573144668 -0.04497017871728548 -0.8244678643688614 -67.27542537867622 -0.020537267198062082 0.9974426562643421 -0.06845705310900156 -7.75699036915223 0.825437942553437 0.05555025193884058 0.5617529461450825 101.14518623487531
0.560071929175279 -0.04511124251694558 -0.8272148511411405 -68.30153610947927 -0.020057921126538248 0.9974852339739197 -0.06797711235464901 -7.848147467196847 0.8282011313382537 0.05466428269512302 0.5577586415713026 101.8374553099877
0.5576180913494483 -0.043699592461713684 -0.8289465663228714 -69.33921307496377 -0.018973567989767494 0.9976814808623358 -0.06535798697997622 -7.937613964980222 0.8298807552398937 0.05217286999022774 0.5554961059444492 102.52918052712027
0.5556448041129955 -0.042129715884455174 -0.8303516957902392 -70.39887226961714 -0.01673487247504474 0.9979462998450161 -0.06183143754503255 -8.030327558925487 0.8312513432804033 0.04825214674122133 0.5537986408699365 103.23504765043165
0.5529318074334798 -0.041194324986505576 -0.8322075726147002 -71.45811851339353 -0.016416075427653474 0.9980446741980651 -0.06031037035561861 -8.120555120619468 0.8330647806718869 0.047009104371222084 0.5511743964575249 103.93867575337913
0.5508756846795335 -0.04168682473365169 -0.8335455528478821 -72.49043936687649 -0.014349393650630668 0.9981310468289387 -0.059401247950077625 -8.207173179905288 0.8344639446559179 0.04468357639886456 0.549247943163643 104.62224521674639
0.5498921019756489 -0.04165641137682849 -0.8341962716147846 -73.52346302973739 -0.011695462280522054 0.9982735824251012 -0.05755928069564213 -8.293837220193492 0.8351538135857657 0.04140770487915588 0.5484555675985003 105.30365957711118
0.5474073969204657 -0.042057205232205054 -0.8358087899064092 -74.54429377507994 -0.008484037287132554 0.9984061695880102 -0.055795534229078896 -8.376874114520778 0.8368232566725607 0.03763392109060593 0.5461781074661229 105.97388839417825
0.5464586397750767 -0.04370746419237212 -0.8363447928869084 -75.54914750220485 -0.005596415594627171 0.9984243588415058 -0.05583439624837552 -8.457876793671272 0.837467393483272 0.03519172126794745 0.5453530119166244 106.6317295715541
0.5442101646014028 -0.04465719241526614 -0.8377595310768479 -76.56372589297285 -0.002876220369417041 0.9984771000973374 -0.055092721276029676 -8.539390778282009 0.8389439934232205 0.03239159994192382 0.5432529430682376 107.28995616054934
0.543542893537467 -0.04464965760373166 -0.8381930153376295 -77.55509181749622 0.0003500232797350941 0.9985961920042592 -0.052967186052277564 -8.615964585980512 0.8393813200021917 0.02849655050111278 0.5427954920970844 107.93008104765524
0.5426435541002422 -0.0448304953442894 -0.8387658790631886 -78.53556456572844 0.0024141939300918076 0.9986538169333289 -0.051814337708413295 -8.691027300953314 0.8399596090652964 0.026091772873441117 0.5420212860462174 108.5641472726702
0.5405285750521325 -0.04636666947439199 -0.8400470174424548 -79.50276543959697 0.00420273859161472 0.9986165604496456 -0.05241471343096224 -8.764270540280156 0.841315158867616 0.024801152343627637 0.5399756534344733 109.19176060397015
0.5398628538165429 -0.04801549950179912 -0.8403824194238304 -80.47735020248531 0.0062139310676480285 0.9985718930783363 -0.05306186403278921 -8.83893755217452 0.8417300553798376 0.023424050920803997 0.5393902369423411 109.8167588313922
0.540187241302062 -0.04985701414149758 -0.8400666773985042 -81.45927261215805 0.007572029432958639 0.9984910420073754 -0.05439028774783512 -8.91545468157329 0.84151078941671 0.023019929885219153 0.5397496402253041 110.44504114033423
0.5407617783465183 -0.05079137422432163 -0.8396409562330296 -82.41467156514983 0.00761826748488947 0.9984301592331425 -0.05549035172181428 -8.98850392237806 0.8411412848505535 0.023610451882310476 0.5402998107364775 111.05897562447603
0.5441234803064479 -0.051505005207780896 -0.8374227562096371 -83.39896036488106 0.0076894150941482775 0.9983781806863258 -0.05640816629684456 -9.065503502327118 0.8389699107087863 0.0242537165813623 0.543637053701532 111.68907503054582
0.5473009834234877 -0.05140446067077648 -0.8353557415657296 -84.33327590616261 0.006121280989849966 0.9983311816338384 -0.05742283253747851 -9.139391696238775 0.8369134742987034 0.026314125498115903 0.5467022986384297 112.29282604077713
0.5510891977992193 -0.05166543138796717 -0.8328453513519233 -85.2531720696425 0.005120440736688069 0.9982719622528807 -0.058539477845685056 -9.211381418797453 0.8344306305233978 0.027995938621140068 0.55040144464295 112.89154225762721
0.557043581928522 -0.05207475377305032 -0.8288490018403344 -86.19084171354449 0.005247126396776672 0.9982329242772477 -0.059190341724569204 -9.289302699712422 0.8304666853624044 0.02862252449332886 0.5563324865535092 113.5187619021393
0.5623710009682477 -0.05047100194385562 -0.825343283266275 -87.11344018610583 0.003555223126085614 0.998273831984358 -0.05862351715642486 -9.36447572144887 0.8268773897371333 0.030033886495910187 0.5615796898067591 114.14102090638016
0.5687482378912994 -0.04862310496814615 -0.821073221801076 -88.03292771008547 0.0025305826220168547 0.9983498735023226 -0.05736833821446971 -9.438260945571436 0.8225077738520988 0.03055034764373854 0.5679327761379084 114.77076824178985
0.5768842942618867 -0.04798121630034979 -0.8154154241344128 -88.95439515454758 0.0024351302273340272 0.9983698407478357 -0.05702395308918213 -9.515862455904177 0.8168222457638755 0.030910580186731658 0.5760607215023246 115.41814674075651
0.5835941849912366 -0.04698624863006765 -0.8106849694450292 -89.86802466014632 0.0011755246456718396 0.9983724506254894 -0.05701813723599023 -9.59162300113657 0.8120446080026774 0.03232247316849784 0.5826995901337584 116.06616592994223
0.5911517125530866 -0.04740977020592792 -0.8051658005867947 -90.76048924129869 0.0007564660941046415 0.9983031008001043 -0.05822668367634694 -9.66708286368726 0.8065600290769445 0.03381172314328282 0.5901844515687283 116.71165134282464
0.6001260206981291 -0.047805738541708206 -0.7984756543837205 -91.65957241578782 -0.0016368293792581 0.9981370386955761 -0.06098993993774099 -9.742875340630206 0.7999037942594173 0.037908618367172006 0.5989297593064484 117.37549330477344
0.6088643835407082 -0.04721193060933581 -0.7918681683612071 -92.53424436150634 -0.0048445156683846816 0.9979874837063052 -0.0632258889498314 -9.816466080061238 0.7932595370517347 0.0423322096481733 0.6074103151106103 118.03532980365841
0.6181435333394099 -0.04519719100905578 -0.7847647966846888 -93.41115269825671 -0.007608464397065723 0.9979548362978896 -0.06346854322552949 -9.893015541269046 0.7860284240790459 0.04520352458097983 0.61653544740369 118.7091104544385
0.6265045043942458 -0.043032644985188134 -0.7782289492426376 -94.26678382038841 -0.00897642225127633 0.9980101065479944 -0.0624119465457401 -9.970421230332104 0.7793661076909156 0.046087077295488055 0.6248715479913232 119.39091173835754
0.6387873763134883 -0.040385354298069685 -0.7683226607492126 -95.11121869692268 -0.010586032463642718 0.9980655429692006 -0.06126261383808136 -10.047304706986207 0.7693104859412805 0.0472672729889779 0.6371241489105375 120.07774099927863
