1.0 0.0 0.0 0.0 0.0 1.0 0.0 0.0 0.0 0.0 1.0 0.0
0.9999239511434149 -0.0025269456627853818 0.01207089372660283 0.008026539348065853 0.002511794435525918 0.9999960387548739 0.0012701823784001024 -0.011600786820054054 -0.012074055592685932 -0.0012397661787882648 0.9999263373675916 0.3381059169769287
0.9997739114732241 -0.0048829120645006606 0.020695001988416735 0.01859787560773709 0.004875131242231699 0.9999880255630917 0.00042641036670839483 -0.016044978324144244 -0.020696836301745132 -0.00032542310946500616 0.9997857445807572 0.6776430582957573
0.9996559449569723 -0.0070760111307642485 0.025257113426919407 0.02598711887283691 0.0070790267992803 0.999974942926234 -2.9987503563935582e-05 -0.01811505498330214 -0.02525626836565615 0.00020877296903373138 0.9996809877766455 1.0334966984641731
0.9994978701999214 -0.007368732701470611 0.03081735297191076 0.02959412506576801 0.0074145372987542155 0.9999715702938737 -0.001372312154644811 -0.025899879242059113 -0.030806364642171624 0.00160011948887606 0.9995240905126574 1.4256186289610018
0.9994415551438751 -0.009812041447963174 0.03194216170229992 0.03462362344122644 0.009890670482198823 0.9999484305617813 -0.002304529115234879 -0.026355308412132943 -0.03191790232776873 0.0026191715586912456 0.9994870621730634 1.809509333282211
0.9996254282119681 -0.010370377276278608 0.025327031945869827 0.028446287764593167 0.010504559048057631 0.9999314568248266 -0.005170676105279799 -0.03299931338646805 -0.02527167408869735 0.005434788618473141 0.9996658469515837 2.1408315744677857
0.9998806255114405 -0.009962614768947699 0.01181020888114544 0.02155504141418115 0.010057394145899071 0.9999174756694275 -0.007993164196632568 -0.037702050982934686 -0.011729601435887603 0.0081109899424077 0.9998983089756226 2.4792549161369886
0.9999587401879699 -0.008758632405404506 -0.0024092073541348647 0.004928480880737832 0.00873606278559273 0.9999192937208807 -0.009224275133659459 -0.05028234409765599 0.0024898049510757225 0.009202847555092097 0.999954553201386 2.8517964904813597
0.9998593362679743 -0.007430539875347794 -0.015036447550105853 -0.022718047991774615 0.007269819365882389 0.999916162447187 -0.010715306961463823 -0.06113882757588368 0.015114807446793997 0.010604487448802987 0.999829529190749 3.2620340831354167
0.9995285302688316 -0.007334458055191707 -0.029814810139694923 -0.05645846688813283 0.006966177354495777 0.9998983861305526 -0.012437434887553936 -0.07162362520502827 0.029903002385966732 0.01222387575824734 0.9994780574428594 3.6508829569706145
0.9988306600630761 -0.008282961970401277 -0.04763092544720162 -0.09473651605072694 0.007713597607570376 0.9998967360744719 -0.012125081425153401 -0.08610414553338924 0.047726438479195964 0.011743497290628617 0.9987914083238185 4.100879659391733
0.9978156971266572 -0.008871629320980056 -0.06546089489790496 -0.13527850937049196 0.00798289790936134 0.9998725545864996 -0.013825625686969729 -0.10282816458680126 0.06557520803331202 0.013272858692030508 0.9977593514036986 4.505228039938197
0.9969388527124554 -0.009389150238265965 -0.07761937780075608 -0.18094816795188162 0.008266066189637582 0.9998566344974955 -0.014777773888188538 -0.1146825001231222 0.07774700059887689 0.014090930031235224 0.9968735374102039 4.947026641801612
0.9959885783972111 -0.007961140657951457 -0.08912559644528063 -0.2333120463071699 0.006497973602636729 0.9998395130905134 -0.016695041239382404 -0.1322533843531985 0.089244204525348 0.016048934617274607 0.9958804665502223 5.372917646236561
0.9944671191383647 -0.009097143671131494 -0.10465367136258716 -0.29369254062708927 0.0071504666697751 0.9997946485335172 -0.018961318259696314 -0.14888045172273842 0.10480467441410254 0.01810808495583809 0.9943279526796912 5.828940643307696
0.9930376357337367 -0.009886759716752484 -0.11738188104922191 -0.36218104683793056 0.007519603500786432 0.9997596824841916 -0.020592057748063258 -0.16856911602508554 0.11755726085419584 0.01956602313736269 0.9928733359089904 6.318008886266775
0.9921106296694827 -0.01248392920903472 -0.12474233446719861 -0.4237026386280916 0.0095341876211046 0.9996612904703936 -0.02421577175051128 -0.19019218883451364 0.12500239103004476 0.02283540773822736 0.9918936164681174 6.7878761554948275
0.9908105042570821 -0.010839028795295967 -0.13482232793050888 -0.5064125262434913 0.007425182361430473 0.9996395947698985 -0.02579820216939102 -0.21252632628826243 0.13505336471456916 0.024560049329103856 0.9905338927347341 7.298475734257948
0.9895345728921467 -0.010729224921290944 -0.1438965349956175 -0.59568645502751 0.006765238041229639 0.9995847901777949 -0.028008548685344276 -0.23362885098305947 0.14413729775947004 0.026741932948127566 0.9891962941786608 7.820054239780898
0.9883137444275547 -0.010778765957503478 -0.15205183583245382 -0.6839643216217683 0.0061315934816660415 0.9995006100873913 -0.0309989354060462 -0.254887067299495 0.15231003294911902 0.029704353878951793 0.9878862815241805 8.31834049462445
0.9869854046446309 -0.012154015153713844 -0.16034990157189918 -0.7775349114714063 0.006902756948209527 0.9994227211317442 -0.033265243605511564 -0.2803789576058126 0.1606616412370682 0.03172545352336791 0.9864995350398035 8.852132998637778
0.9862685763572603 -0.015430676391594626 -0.16442685156725775 -0.8725341699217355 0.009749936357502834 0.9993291990041131 -0.035300010748192945 -0.3102892897197369 0.16486125691395107 0.03321214000777091 0.9857574345267991 9.410442913771014
0.9850875259468176 -0.015582385297165872 -0.17134688643926027 -0.9776741087279827 0.009097135692899494 0.9992145303087342 -0.03856895827061988 -0.33771262717745903 0.17181329502155257 0.0364350338046572 0.9844555246254096 9.975427211957088
0.9835543855109165 -0.013766172383386715 -0.18008682139499993 -1.0907408915272492 0.006174827981835949 0.9990711343948826 -0.04264668707317546 -0.36018275708855474 0.18050662658650085 0.04083333095442369 0.9827257994178885 10.535598217679569
0.9817783454452005 -0.011943312630978585 -0.1896539946805326 -1.2161062292991853 0.0033388507973864372 0.9989530976018348 -0.045624125931922256 -0.3895319857351651 0.1900003486582 0.04415955247845948 0.9807903962797886 11.10987353475345
0.9801151291046717 -0.013218629283790768 -0.1979888924661954 -1.3566251598999013 0.003921532912953326 0.9988741501049168 -0.047276355948751805 -0.4303781205099209 0.19839091531555975 0.04555985175610393 0.9790635038792002 11.735203853884272
0.9781353194518043 -0.01476409638837444 -0.20744473552913173 -1.483871720341507 0.00456927394638411 0.9987617757049627 -0.04953823903079825 -0.46858125346923096 0.20791925975368303 0.04750722943410189 0.9769916297363944 12.324650525499983
0.976645772658052 -0.014197544697184983 -0.21438625066390882 -1.6190502615469273 0.0029484370265091646 0.9986060319175759 -0.0527000923806989 -0.5067285765527616 0.21483561499029352 0.050837218082866446 0.9753262201896029 12.912660219192833
0.9747712764809946 -0.012107710671127876 -0.2228774593580896 -1.7689458994979796 -0.0007290596923362836 0.9983496454623698 -0.057423461034021406 -0.5401906738140598 0.22320489918363717 0.05613723138403799 0.9731537310378857 13.507311934180189
0.9729511895787918 -0.01176331295661127 -0.23071109025250347 -1.9159019963628925 -0.00292836487868891 0.9979944066680315 -0.06323439679842809 -0.5789388073918539 0.23099222362744432 0.06219958784114741 0.9709653978881225 14.103065916741675
0.9711563194448385 -0.012288207134709808 -0.23812686359957264 -2.0785269860912767 -0.00425545696983204 0.99761892457048 -0.0688358367771988 -0.6268930470255819 0.23840573459615627 0.06786369651185907 0.9687916310576871 14.743227979800203
0.9707462283132005 -0.011450373917086497 -0.2398346287608498 -2.241506944049809 -0.006826559991090605 0.9971422902813895 -0.07523729800486789 -0.6755394056414192 0.24001074620604754 0.07467356874787867 0.96789395071778 15.382787062203564
0.9707666727471521 -0.013414488674644854 -0.23964999181519142 -2.40337357342302 -0.006417075233848385 0.9966296840501773 -0.08178076800499506 -0.7245828070494983 0.23993934281160856 0.08092789607818504 0.9674088005633874 16.00944688564324
0.9707531754658637 -0.011208598707823574 -0.2398179301844406 -2.581814133640574 -0.010270689223742916 0.996056198731243 -0.08812809944584099 -0.785501445662782 0.2398599284286801 0.08801372781602723 0.9668095978268497 16.65215536014509
0.9709206769072968 -0.010765929586894036 -0.23915922293318886 -2.7592168688039846 -0.011540357174688527 0.9957222129973062 -0.09167384959751562 -0.8491593232937119 0.2391231049274773 0.09176801896018755 0.9666430423822258 17.3270723825686
0.9710156476282856 -0.008783337972374294 -0.23885448506378187 -2.934421895478467 -0.014283284397709765 0.9954062667049386 -0.09466969943625612 -0.9180457738981188 0.23858876722896133 0.09533738604870588 0.9664296058035292 18.004225375807234
0.9712529610517612 -0.008021799444793216 -0.23791455689354885 -3.1034100545498315 -0.016182218771726688 0.9948952938371391 -0.09960667696664029 -0.9869431021205662 0.23749909777472872 0.10059326535300546 0.9661651895622247 18.646461123845114
0.9711380119885502 -0.005842992142279804 -0.2384466840066182 -3.2863060603650665 -0.019405132949410986 0.9944504369892998 -0.10340101153763735 -1.058122617229765 0.2377275804069491 0.10504374238676088 0.9656352363595901 19.330312038703934
0.9713655882519308 -0.0035017134506911216 -0.23756395341652772 -3.484687743158472 -0.022221865574770086 0.994169258779431 -0.10551622428960421 -1.1334386968167434 0.23654826706268164 0.10777394351542706 0.9656239922706851 20.070741176601555
0.9712746750155753 -0.003465203038095027 -0.23793591162599576 -3.6782631412673963 -0.02268187590963818 0.9939932182117585 -0.10706546900962816 -1.2160771038173597 0.23687768611375926 0.1093868114396642 0.9653618426809996 20.813038384349593
0.970954268733198 -0.0030191234245152635 -0.2392460928051456 -3.8704840305098713 -0.02357813382322546 0.9938461306156668 -0.10823095798190634 -1.3045854626154596 0.23810056621981154 0.11072828705445888 0.9649079576891211 21.566689565001838
0.9700231953907773 -0.00294181021248972 -0.2429945393553934 -4.058619011265336 -0.024191386236355614 0.9937908892096289 -0.10860223458059587 -1.388012490662199 0.24180524650186896 0.11122506136932 0.9639290474342816 22.29020523444004
0.9692583522909899 -0.0015584792639779365 -0.2460402764925681 -4.258820830177182 -0.02626512506258591 0.9936106594875447 -0.1097633844147193 -1.4693022458568505 0.2446393053448328 0.11285135575220387 0.9630244969808854 23.02209670526205
0.9669295915245134 -0.000991697153743476 -0.25504152911044314 -4.488629991873517 -0.027888313581102338 0.9935849719991313 -0.10959537117546295 -1.572251260771265 0.2535141159774735 0.11308368562370369 0.9606990543588141 23.865464596154485
0.9654280981285288 0.0005052739441865264 -0.26066900859552405 -4.696165704928999 -0.029609199645703993 0.993738518912826 -0.10773602612535878 -1.6597099838375218 0.25898239832133946 0.1117295875190832 0.9593980491081597 24.600695801580727
0.964520752254512 0.0011599556578231057 -0.2640044942292883 -4.88852837254877 -0.030498130176904538 0.9937850985153243 -0.10705625635431079 -1.7402192121544957 0.2622395517958781 0.1113096243447044 0.9585617272779765 25.258855989666912
0.9625798045373283 0.0018749776627725624 -0.2709918898337053 -5.119289309445278 -0.03178833605419995 0.9938538665390411 -0.10603769922203704 -1.833613595553599 0.2691275191944968 0.11068412905273298 0.9567232630118564 26.03315587255095
0.9609955381768652 0.0027636892923872964 -0.2765500635068679 -5.350542859631279 -0.03309556142913935 0.993913700827336 -0.10507254218586033 -1.9272203324913229 0.27457650922438287 0.11012682384053614 0.9552380976766727 26.797981382750418
0.9590641251162995 0.002330208711018217 -0.2831794025741817 -5.599828964802909 -0.03347411880710471 0.9938885177608072 -0.1051907678140697 -2.0221643299768757 0.28120364024136535 0.11036387266940563 0.9532808234326421 27.60246689670277
0.9568280144816728 0.00248066289912147 -0.2906441071390248 -5.84801974466563 -0.03501796817400163 0.9936635144418315 -0.10680150734925388 -2.113700159505297 0.28853750641472 0.11236844031439185 0.9508519553607104 28.37445810400416
0.9546997291378558 0.002739898541234305 -0.29755826343774877 -6.100125959044038 -0.03613533456562104 0.9936248474224042 -0.10678904522765895 -2.2097004733919454 0.2953686929583696 0.11270383995582448 0.9487123798492758 29.16558807831739
0.9525500237420312 0.0027792208756439625 -0.30436939432272164 -6.365584405402474 -0.03717406291740216 0.9935350032061855 -0.10726735966871913 -2.312117676590313 0.3021035274790234 0.11349217301386784 0.9464951058242834 29.969992652783553
0.9503420297881332 0.003679708480188504 -0.3111856136836535 -6.661483009490749 -0.03810317930632008 0.9937827526590564 -0.10461351845789033 -2.42196651649369 0.30886594850342697 0.11127578471028532 0.9445737269224614 30.832272987347405
0.9482734168596543 0.0033418737484791176 -0.31743717292901574 -6.943764764248562 -0.03788114710707709 0.9939911039254727 -0.10269714704348995 -2.5259454540760737 0.3151865250469452 0.10940985877364726 0.9427019344585871 31.663981546080784
0.9471497419871708 0.00355341184176914 -0.32077209903281567 -7.22628470540809 -0.03834754851272029 0.9940226030817145 -0.10221805166269286 -2.632263605264049 0.3184914940413641 0.10911662488793887 0.9416245166712497 32.4719082300112
0.946013773049946 0.002824081210237705 -0.32411412459984446 -7.529345920232429 -0.03761544829032126 0.9941620229427771 -0.10112838468127372 -2.7444585848379472 0.32193635900550854 0.10786054284882629 0.9405971954277947 33.33791614796405
0.9450916144205623 0.0020540116113875496 -0.32679905353020167 -7.828437735045058 -0.036920035680976196 0.9942495480029259 -0.10052237194422527 -2.8435584071152897 0.32471333714100936 0.1070682835029964 0.9397327446409811 34.1878326726729
0.9436230631711167 0.002538903820109753 -0.33101218802175714 -8.140932863100618 -0.03775641627172785 0.9942701310170002 -0.10000679775771784 -2.9382347747500694 0.32886162391175244 0.10686655480003698 0.9383120865593152 35.051051910225425
0.9427042068451071 0.001196987364525729 -0.3336275552435483 -8.453628208587078 -0.03671414414744337 0.9942924479175853 -0.10017284878437245 -3.040645655990243 0.3316034529616036 0.10668221611545743 0.937367619852871 35.920505431580516
0.9421417928541089 0.0002296576177285535 -0.3352145423680541 -8.745464076273253 -0.036179187838507626 0.9942280973311709 -0.10100275661874719 -3.133228046250521 0.3332565206038605 0.10728670809852689 0.9367121509516092 36.722398919751654
0.9415885621145295 -0.00039268551341519256 -0.33676523795246566 -9.054432379136777 -0.03656328511786014 0.9939687116449922 -0.10338919891451206 -3.2341941009440336 0.33477470913508883 0.10966333055712849 0.9358952121122508 37.56865331398795
0.9411651118937199 0.0010187359893077778 -0.33794554935827414 -9.379729799089972 -0.03813392678265583 0.9939288055613835 -0.10320529590799354 -3.3400050129050762 0.33578867726922634 0.11002041470702406 0.935489963904198 38.46065124263201
0.9414414982788207 0.002226781319849328 -0.33716901809549854 -9.710708457752384 -0.03981759380591038 0.9937153162076379 -0.10461562769424973 -3.4477266765593564 0.33481706130667327 0.11191475228631798 0.9356135012272191 39.35780106770889
0.9414959113030761 0.0022250758434350752 -0.3370170589704346 -10.049487033135902 -0.039912401756006105 0.9936773773464997 -0.10493936313819184 -3.5576162767725714 0.3346527292368278 0.11225114158561193 0.9356319960470941 40.277991959986345
0.9417399578518176 0.0013477038559199656 -0.3363391673290126 -10.380241957702903 -0.039691783684719144 0.9934497185582687 -0.10715511655736455 -3.6713531979126084 0.333991637759364 0.11426215642466082 0.9356247888528842 41.17994220934749
0.9421905655534466 0.00012768913866158596 -0.33507748637824086 -10.710218798801309 -0.03862744545557373 0.9933744551667647 -0.10823637225863579 -3.7879440340393398 0.33284359486048853 0.11492247612028368 0.9359529720251599 42.10081443386048
0.9416293683801767 -0.0024003863223211117 -0.33664279399602953 -11.0536184920083 -0.0370105590181735 0.9931751338026551 -0.11060457548058628 -3.9069645830557196 0.33461074568087595 0.11660785454497491 0.9351140342938429 43.043354577432034
0.9407100747588611 -0.0024957024779302915 -0.33920248630621785 -11.407023433998395 -0.03719550689376597 0.9931841265020106 -0.11046169078623756 -4.030460803771698 0.33716620458476276 0.11652923381529721 0.9342054849722978 43.986947142791145
0.9398653449826347 -0.0024207061712373107 -0.3415366356370952 -11.749406888868778 -0.037471492553254125 0.9932076675800937 -0.11015632667233398 -4.1521711113195705 0.3394834613740481 0.11633000146885185 0.9333907596562934 44.91588778130336
0.9389929489050605 -0.0016174208198829233 -0.3439325891166319 -12.108047926561165 -0.03716404722240979 0.993656777594492 -0.1061369018512452 -4.278068941723701 0.341922616246175 0.11244372944020388 0.9329765978892232 45.88484928120695
0.938100433345502 -0.0030279087554847053 -0.346350124477457 -12.469438935069457 -0.03649276529998813 0.9935321281362559 -0.10752761711208127 -4.405285729880496 0.34443556006565507 0.11351097801363015 0.9319224231837367 46.85823221771199
0.9344064923592252 -0.0039210540259316425 -0.3561869345894862 -12.836506155411529 -0.03729912709376429 0.9933653543040837 -0.10878441058518269 -4.523317213698374 0.354250310028054 0.11493432126065788 0.9280607844540031 47.80283665923504
0.9310730073908848 -0.00502641321096162 -0.36479828683578824 -13.207719354968594 -0.03836828862080789 0.9930111726809454 -0.11160952181209298 -4.6480102985216325 0.3628097701777114 0.11791329908473576 0.9243730440479915 48.74683991959417
0.9276568474511351 -0.006489547931801742 -0.37337736828129064 -13.593745995545357 -0.03804689219021125 0.993003614905518 -0.11178664848379831 -4.771406568818198 0.3714905212407016 0.1179054983968716 0.9209196957803093 49.69743457895291
0.9253426974248831 -0.006100862577179185 -0.37908267145605024 -13.994891237402218 -0.037990014726563395 0.9933461709451636 -0.10872048311913152 -4.896211379203383 0.37722360888936535 0.11500506138599395 0.9189538534399249 50.65554553629263
0.9224915765929274 -0.0057662964507537336 -0.3859741454298948 -14.395006863421678 -0.03913022554139148 0.9933410037765915 -0.10836270421687343 -5.018691172153486 0.3840287965298636 0.11506693722071422 0.9161230721876122 51.595623848099876
0.9198117102810706 -0.006430249427452753 -0.39230736613287376 -14.820027048840576 -0.039661915263288015 0.9932203164698941 -0.10927184188568985 -5.149150742719586 0.39035029154268563 0.11606918128316486 0.9133206419701659 52.57516619589634
0.9193857777701402 -0.008473935994153994 -0.3932657931256693 -15.211002583692201 -0.03999445553108094 0.9925730702355028 -0.11488752660772321 -5.2655520153545465 0.3913185852483461 0.12135440928138912 0.9122186537158721 53.480123297493165
0.9191648271592537 -0.008921408032593774 -0.3937720520707575 -15.617094674770122 -0.04134988344767277 0.9920332161367339 -0.11899699668593441 -5.391921984082261 0.39169657600260344 0.12566028234937393 0.9114731404642227 54.40313897770749
0.9183335513033932 -0.010141927621410175 -0.39567743157099566 -16.04146155067972 -0.041011326999883246 0.9918528509001302 -0.1206067710329428 -5.5261055075995404 0.39367697368300136 0.1269845008865496 0.9104358170274208 55.368361425646285
0.9173887099343694 -0.009759234937059172 -0.3978727336955837 -16.450363105093544 -0.04145432964227513 0.9919185545033111 -0.11991296754718125 -5.66265241569814 0.3958276057058971 0.12650035006080038 0.9095703205336197 56.30384234853098
0.9162270215882947 -0.011881505836615536 -0.4004833014377721 -16.857005805955943 -0.03973872540696564 0.9919366793841395 -0.12034308370403705 -5.796851954952346 0.3986839332284068 0.12617628109681137 0.9083670334584507 57.219759102200804
0.9149425956204011 -0.011545648304851297 -0.40341882048886124 -17.266551582356964 -0.040062274863024244 0.9920553984321074 -0.11925225605627865 -5.923356490295487 0.4015906633030739 0.12527084436106206 0.9072111963048428 58.12080357785442
0.9129763450637949 -0.01277615730264847 -0.40781241172692706 -17.690450155974517 -0.039732514386716045 0.9919752315946933 -0.1200269436550149 -6.0551374160517 0.4060732946827015 0.12578517284335503 0.9051422924813001 59.05807215099658
0.9106036248624588 -0.01488589797694232 -0.41301264923579595 -18.14628878254595 -0.03888638276964307 0.9918313941440484 -0.12148388710181464 -6.199982293463174 0.4114473084399063 0.1266842359241816 0.9025864040333552 60.046897956152755
0.9093995422980776 -0.01666283053687523 -0.4155897286345589 -18.572875208796717 -0.039015954820976445 0.9913736831670606 -0.12512384102633686 -6.335046334374057 0.41408963732198667 0.13000219383639597 0.9009046574750681 60.961377469153106
0.9080852558191689 -0.018955599386453775 -0.41835613227934776 -19.019399279479046 -0.03844362948949836 0.9909839125367562 -0.12834707805406875 -6.476472783962097 0.4170170925939476 0.13263321735237865 0.8991691576890568 61.90368714530481
0.9062386746834571 -0.020636440199305148 -0.42226247979647896 -19.46207532916308 -0.037387511249099344 0.9909824916588013 -0.12866963599976697 -6.627752703546643 0.42111000761151446 0.1323927436138951 0.8972951147352892 62.842777185671295
0.9039908676595638 -0.020192095264233587 -0.4270746895765999 -19.912293323505 -0.038291107519729146 0.9910466307961748 -0.12790764899904464 -6.776505264726881 0.4258336556368244 0.13198050945647385 0.8951239259737102 63.779298845992415
0.902369727781415 -0.021996752096322653 -0.43040099591068315 -20.36495498502523 -0.03830557866132956 0.9906499361858819 -0.13094039322657008 -6.9214387531763615 0.42925698250245814 0.13464340619622273 0.893089914925011 64.70299427036899
0.8998255347931001 -0.022899931875908285 -0.43564848221288494 -20.826479851350296 -0.038394208959124425 0.9905892081068637 -0.1313731536525632 -7.067234693113395 0.43455712127718565 0.13493929710168068 0.8904782391754387 65.63508103984152
0.8962755234732104 -0.024975485424089817 -0.44279386982054547 -21.302163570456468 -0.038149362537600214 0.9903707118098756 -0.13308072485215716 -7.220490443867228 0.4418538357429953 0.13616930020027235 0.8866922293119358 66.58133083084296
0.8930511767497529 -0.026990263929614854 -0.4491448779167936 -21.791951722722587 -0.03743572774491986 0.9902816452245917 -0.13394338139484238 -7.380783284557601 0.44839509586311255 0.1364323597402233 0.8833617884092704 67.54532636090825
0.8900592565362755 -0.027663106320512904 -0.45500469492390155 -22.27434043388033 -0.038845965981583915 0.9899231191515749 -0.13617345224446178 -7.532919790864597 0.4541866475151492 0.13887753856515853 0.8800156353730499 68.47737207290942
0.8872168867569918 -0.028253899850879564 -0.46048660457873036 -22.755154068312862 -0.03928196809482884 0.9898720301960386 -0.13641953972276055 -7.685796746559613 0.45967719416545816 0.13912253943480712 0.8771213121258555 69.39201041344178
0.8851717473075496 -0.028045461731115655 -0.46441837802221864 -23.23140213492234 -0.04095372902537577 0.9896105379763044 -0.13781790596713395 -7.840667624554734 0.4634584877283142 0.14101218104312196 0.8748267228143217 70.27966972969759
0.8826376722033794 -0.02841385542000296 -0.46919440792444533 -23.725244651592117 -0.04154403073491081 0.9895497274061216 -0.1380776249099299 -8.002474368861026 0.46821451613303966 0.14136474033733334 0.8722334418443619 71.19600575020672
0.8805201234059411 -0.02927306179374866 -0.47310400561653 -24.209472055230563 -0.0423016981072901 0.9892560019009873 -0.13993973360026674 -8.15537856203687 0.472117441548632 0.1432328543180415 0.86982151665125 72.08693070375335
0.878825368996571 -0.03208734848965552 -0.47606341266153224 -24.718492878218818 -0.04082747070529754 0.9890200301706956 -0.1420299178235507 -8.31658245301126 0.47539361422283427 0.1442559599741373 0.8678658476792892 73.0229307229697
0.8773282711229748 -0.03201409051774398 -0.47882168152318844 -25.243601738197334 -0.04132939422932379 0.9890246105148107 -0.14185274395888187 -8.480522045689076 0.47810771365980814 0.14424083265271542 0.8663761286731314 73.96482484438702
0.8758479236864251 -0.03231380028651555 -0.481504135896278 -25.738272121940152 -0.04206123567916879 0.9888472676441402 -0.1428703388596095 -8.635670872490136 0.48075073273716346 0.14538534858699284 0.8647206678395741 74.8406863417972
0.8740463374331943 -0.03185610835103354 -0.4847970589642084 -26.25448655903342 -0.042548741444855466 0.9889949892612027 -0.14169867966107777 -8.799035456659084 0.48397583061665156 0.1444787166919789 0.8630720107858679 75.7525159412715
0.871196245163247 -0.03326767341448034 -0.48980645597934647 -26.78407550981095 -0.0425128957364298 0.9888413078833989 -0.14277787475499434 -8.963047620376004 0.48909074424851207 0.14521063917301955 0.8600605293590678 76.67691256657825
0.8680025399424298 -0.03524849266250679 -0.4953071112133479 -27.30279333268681 -0.0424275624366135 0.9885650241561642 -0.14470347252505683 -9.119144323825486 0.4947438656508819 0.1466176550765419 0.8565814442425649 77.57800538276645
0.864806849204814 -0.03721133764069885 -0.5007239058797092 -27.87426879861748 -0.042913705653990566 0.9881232825670816 -0.14754928775123946 -9.29648101691239 0.5002674559028247 0.14908955295340218 0.8529389062322518 78.54879963351937
0.8639668433503589 -0.03855712103395353 -0.5020703556363285 -28.415998187669576 -0.042719251576228 0.9878573080451793 -0.1493753811258688 -9.465442878612826 0.5017333546177524 0.15050344633696822 0.8518288287588722 79.46231635758036
0.8630505258529909 -0.03796034030889571 -0.5036891922490586 -28.961283559144654 -0.04367386254023753 0.9878298673950454 -0.149280765047289 -9.642265112709229 0.5032259766304724 0.15083489531908817 0.8508892118239526 80.37112177626821
0.8617114007403212 -0.04042415448181931 -0.5057858732394409 -29.536543608797995 -0.04185887899369568 0.987759900002462 -0.1502604878087303 -9.826700328206687 0.5056691567453417 0.15065280509023538 0.8494718572353641 81.32644894034948
0.8590437609277971 -0.04002683413272386 -0.510334860028528 -30.09521898246587 -0.044048247552044145 0.9874607117313121 -0.151595167055828 -10.004927823542934 0.510003498712136 0.15270623869509056 0.8465088516755028 82.24787684087518
0.8586238717504056 -0.04154913768227269 -0.5109194809538999 -30.65769871259326 -0.04272821163988969 0.9874399100800872 -0.15210760635512643 -10.183653452537449 0.510822226210254 0.15243389760446607 0.8460641583654938 83.17154164411058
0.8574586963394604 -0.04263300159558807 -0.5127835910467337 -31.252014328650837 -0.04249520186181681 0.987289977648847 -0.15314260626247328 -10.37864733467287 0.5127950291203657 0.15310430173280587 0.8447486791350155 84.14151045859009
0.8550692353375073 -0.04210663479346096 -0.5168013487653654 -31.84149238694709 -0.04433590927567658 0.9871098120614294 -0.15378083782041496 -10.564835161918968 0.5166148758292096 0.15440612111707197 0.84218039625341 85.08682141353411
0.8529052911294365 -0.045153626823176515 -0.5201093292261972 -32.43041812696141 -0.04240398935764665 0.9869692897163601 -0.15522088404380593 -10.75369131434218 0.5203407211145098 0.1544434237560712 0.839876635470076 86.04297371889143
0.8513554020618157 -0.04864203261699737 -0.5223293329337838 -33.03105857979415 -0.040259005514197824 0.9866971519531846 -0.15750537388445573 -10.945205937612256 0.5230422467212111 0.15512151040510586 0.8380716706550023 87.00627019538705
0.8498501726893218 -0.05185844406460143 -0.5244667632549543 -33.642366936508864 -0.03807748853730054 0.9865044913606107 -0.1592450733681719 -11.136955261934741 0.5256470192502013 0.15530483026790026 0.8364063730321746 87.97523431192532
0.8471188342108478 -0.05315815126180014 -0.5287380180010531 -34.268256853525116 -0.03674035286259292 0.9867443544098121 -0.15806873666824645 -11.339691923546537 0.530131896037945 0.15332902528481307 0.8339366779368939 88.96342929287361
0.84167486701485 -0.055542828877340994 -0.5371204821972785 -34.8709088286401 -0.03659580310390362 0.9865415421767626 -0.15936289641781498 -11.531261601768842 0.5387431349267616 0.15378810005913113 0.8283145868868227 89.8962499149193
0.8361187649791049 -0.05715951774423688 -0.5455622791039195 -35.47050264667094 -0.03635509439052131 0.9865953753926128 -0.1590844818508898 -11.717246169086476 0.5473424138157695 0.15284748864523773 0.8228328671444592 90.80207099233715
0.8312861255935211 -0.05684264769652325 -0.5529306383250633 -36.088943344148255 -0.037390179096265186 0.9867857952140471 -0.1576571243900202 -11.903272082447147 0.5545857480163571 0.15173235570118201 0.8181759837165279 91.71588352213942
0.8254794425490418 -0.056741510985499496 -0.5615728722614775 -36.73667550768608 -0.03925360478763368 0.9867540801296321 -0.1574024772953082 -12.098631400195854 0.5630655773887261 0.15197626880077758 0.8123178991511233 92.64579247087916
0.8199599929466992 -0.05697249162651474 -0.569578568034925 -37.371218479008526 -0.041986459676736074 0.9863683784012364 -0.15910549737180418 -12.28568790609211 0.5708789251414548 0.15437473008229707 0.806390535374365 93.53554723706964
0.8141723588138559 -0.05819507204448522 -0.577699492585219 -38.021566120269355 -0.04323568109828567 0.9861255610325168 -0.16027181211389482 -12.47558818265125 0.5790112658864677 0.1554661103521968 0.8003600705360738 94.43534353114755
0.8091261118606741 -0.0586537040736474 -0.5847005029103951 -38.66522048225176 -0.04599178791363915 0.9856331701088344 -0.1625177203437099 -12.661721652582141 0.5858324765235663 0.1583887526930194 0.794803945932967 95.29700391071329
0.8022886438306628 -0.05900449712123703 -0.5940129639156253 -39.372184799425085 -0.04563170987788991 0.9861289074933599 -0.15958547822271454 -12.868499438171138 0.5951896160333916 0.1551394441314727 0.7884675477409337 96.23815707499905
0.7952757024725062 -0.05976358192297615 -0.6032950118578784 -40.09052235234701 -0.04585388086673242 0.9863490066189797 -0.1581551730143893 -13.070638552387003 0.6045113552831918 0.15344038391990428 0.7816790069563024 97.17923984594562
0.7897554055670847 -0.05961992451423625 -0.610517701609451 -40.78802755543788 -0.04881343472893695 0.9860013770390171 -0.1594319073056774 -13.26485529829288 0.6114766127723394 0.15571367659290264 0.775789664119333 98.05882950492422
0.7815130772277101 -0.06024769489776552 -0.620973047226352 -41.52827588578069 -0.05154196684559201 0.9856891756371534 -0.16050007690165488 -13.465383375274136 0.6217561706776727 0.15743908120684327 0.7672236961492925 98.97124544952614
0.77568917890666 -0.059833804768032066 -0.628272403925314 -42.2701564041712 -0.0539116142413091 0.9855749555947952 -0.16042301815579324 -13.669222462540578 0.6288082661487588 0.15830957870987689 0.7612740910550505 99.86480774780384
0.7702294929874344 -0.06036245303199708 -0.6349038528755987 -43.011620044087074 -0.055805672135509465 0.9853136888277125 -0.16137738864608622 -13.86825810811395 0.635320592370359 0.15972886048765852 0.7555490957161489 100.74064045012797
0.7648477447033274 -0.06097076361791846 -0.641319338088352 -43.78864670734022 -0.057580460690352574 0.9850564525778288 -0.1623215197731671 -14.07848319171661 0.6416326191590642 0.16107871125208267 0.74990748150185 101.65429749331301
0.760562496211492 -0.05810809888374821 -0.6466592133424381 -44.54858955341462 -0.0610216721973533 0.9851807481243634 -0.1602973769197688 -14.282802126181986 0.6463907834110748 0.16137639966623435 0.7457456756508755 102.51721854415912
0.7561547629897959 -0.058612979793698526 -0.6517626047937619 -45.27395788696593 -0.06194702202826582 0.9850967297844717 -0.1604587156553657 -14.473702185707316 0.6514541740365745 0.16170637454238915 0.7412546846817776 103.33560074346128
0.7524972857723485 -0.05956951199811432 -0.6558958058606222 -46.04277259646079 -0.0625542510504416 0.9849339431895051 -0.1612206352446584 -14.672622839050035 0.6556178769533111 0.16234716133483634 0.7374337927066767 104.18783343816301
0.7494294507195809 -0.06121462499659643 -0.6592482598237732 -46.7936326842779 -0.06335350335320131 0.9845174137674503 -0.16343743635265154 -14.865820856918614 0.6590461531691261 0.16425051499212165 0.7339481836736158 105.0253114365506
0.7484741653723891 -0.06205414564585231 -0.6602542743354781 -47.56940879664622 -0.0646016975385439 0.9840546155281892 -0.16572004807145732 -15.0711539411082 0.6600098820815065 0.16669072159490758 0.7325306538902825 105.87452756471392
0.745320340668801 -0.0627097052346427 -0.6637507684776921 -48.376400904254396 -0.0661663741213698 0.9836943039186234 -0.16723494662804791 -15.2857656593991 0.6634151043810906 0.1685615890629871 0.7290180998929913 106.75170478107988
0.7421991926700371 -0.06450010655875164 -0.6670682833517533 -49.16363455552472 -0.06762841852893274 0.9830688025269129 -0.17030010718016983 -15.496889426494553 0.6667583935783793 0.1715093751146319 0.7252708313730587 107.59720166853728
0.7399410779983768 -0.0640526989324312 -0.6696151527930587 -49.948966857222366 -0.06929904927248107 0.9829008783602753 -0.17059749437940042 -15.712724052867815 0.6690925517897581 0.1726357873619217 0.7228499443600996 108.44024978519819
0.7394116104295518 -0.06401433288356365 -0.6702034284808225 -50.738086771595995 -0.06803070398066674 0.9832700829652226 -0.16897268199759197 -15.926229247396583 0.6698076542395373 0.17053477396424682 0.7226863754015926 109.28690604971464
0.7387885566319237 -0.06355427829575079 -0.6709339179830046 -51.54001650861096 -0.06736644051931902 0.9835931986986927 -0.16735047703974723 -16.13822535350212 0.6705618772950607 0.16883504726205448 0.7223859740710251 110.14459550772283
0.7382803356416477 -0.06523502161025871 -0.6713319134082375 -52.32391355776178 -0.06616365211591793 0.9835074001399363 -0.16833171123905125 -16.34628967285733 0.6712410276074757 0.16869376344575585 0.7217879862057608 110.98675846645632
0.7376014302585943 -0.06594199511805433 -0.6720087673240036 -53.092593171680015 -0.06582106259199645 0.9834588411014429 -0.16874920912012506 -16.554792692102417 0.6720206230464485 0.16870198913841447 0.7210602756087772 111.8014578922844
0.7364362040345147 -0.06675564215901349 -0.6732053190722518 -53.8641495847305 -0.06401229854705322 0.9837786158114604 -0.1675770291740783 -16.76254609795053 0.6734717091474278 0.16650321111625654 0.7202170073429381 112.62257715576577
0.7342751146913351 -0.06837132446402829 -0.6754001909505662 -54.628285924432625 -0.062156875778003454 0.983964671045523 -0.16718268130339825 -16.966319583060088 0.6760004280609182 0.16473884825781182 0.7182510237626849 113.43271370850894
0.7344468752935343 -0.07009967747841563 -0.6750361639119684 -55.4077967727305 -0.059511452260726225 0.9841675753403478 -0.1669508032281369 -17.176871091587103 0.6760519021653464 0.1627888782015617 0.7186470668641834 114.25485963257516
0.7325230303692969 -0.07224906912411816 -0.6768973939891338 -56.19923343540393 -0.056579669721297965 0.9844497720692229 -0.16630510288949038 -17.38597151548744 0.6783868741012102 0.1601209489215997 0.717044301813797 115.09188409364013
0.7306516096282007 -0.07482404983807955 -0.6786380382159166 -56.95041473011642 -0.05358270690136718 0.9846266303074189 -0.1662506914589518 -17.58432303192528 0.6806446347903151 0.1578345984101268 0.7154097571852599 115.87906139142386
0.7286378177883936 -0.0750506578563194 -0.680774800682209 -57.69610126502539 -0.05297122848534311 0.9848255357503901 -0.16526558349127216 -17.783420970665315 0.68284769856925 0.1564802316246073 0.7136056037261674 116.66743647782816
0.7272509166475365 -0.07642120095911895 -0.6821040274615626 -58.43914249778388 -0.05189397060035983 0.9848157866992833 -0.1656649693906381 -17.981292356810783 0.6844071303329964 0.155877087193205 0.7122423840502018 117.45007247077432
0.7282564629947843 -0.07574732240742901 -0.6811056212177606 -59.18106049932687 -0.05279732917898872 0.984717249960841 -0.1659649952885379 -18.182073125422974 0.6832678582648917 0.15682563813887032 0.7131274451908608 118.21826287084252
0.728107477168775 -0.07790584188945449 -0.6810214251331723 -59.95488071197303 -0.051725275687554965 0.984443092695606 -0.16791751873749428 -18.38791582850974 0.683508593615302 0.15748802190454236 0.7127506754894213 119.02132412446798
0.7279374433955594 -0.07863587630523555 -0.6811192828429135 -60.70409397506878 -0.0516672177346196 0.9842857061231757 -0.16885540362441784 -18.585530846320008 0.6836940669000283 0.15810770910777674 0.7124355235432821 119.79706130902107
0.7305024556984501 -0.08018983001582551 -0.6781856334224184 -61.44990432943255 -0.05008369183936791 0.9841167693728867 -0.1703109158298777 -18.78384768180048 0.6810710579890128 0.15837858252019263 0.714883513985755 120.58078965977045
0.7338225095789667 -0.08007803696294469 -0.6746050936891813 -62.173624985344524 -0.05043368381952699 0.9838663419604603 -0.17164924903341466 -18.98266289847776 0.6774665807046277 0.15998290269120785 0.717944637750625 121.33955992138914
0.7362632179500621 -0.0794705687322739 -0.6720125762210024 -62.87664249204654 -0.051828995000541556 0.9835404065764485 -0.1730954185086027 -19.175107068874773 0.6747075137947208 0.16227352629681593 0.7200257450203731 122.0858677068816
0.7406491928918895 -0.08084293210577638 -0.6670106396431272 -63.593522280215325 -0.050047108999573944 0.9833392153763123 -0.17475489802544492 -19.374292708668953 0.6700254173905478 0.16281402836254533 0.7242634411724664 122.85384293438031
0.7464342324449897 -0.07992290906997762 -0.6606423126322226 -64.2950651323435 -0.04976987595386409 0.9832763174260098 -0.17518745113929196 -19.573788910230224 0.6635954310284212 0.16364599657473117 0.7299733500089349 123.62216397929656
0.7509239648685769 -0.0784097736005506 -0.6557172457622011 -64.98067481053523 -0.05075073002959635 0.9831379758405652 -0.17568176872282304 -19.77068977008948 0.6584356934337017 0.16520177923989454 0.734282513579381 124.38306225508377
0.7540396672965913 -0.07717007380855112 -0.6522798171426348 -65.67244333016113 -0.05158777103081926 0.983048491443193 -0.17593852719440004 -19.97160503806505 0.6547998793702684 0.16631429036509657 0.7372765253261742 125.15512992159631
0.7583331223697005 -0.07544478264109845 -0.6474866487343646 -66.35452584412478 -0.05201559696671136 0.9831093725965551 -0.17547176178805723 -20.170470424796534 0.6497886219296377 0.16674545356634307 0.7416000947449622 125.91909328454312
0.7633676957303364 -0.07602089873680076 -0.6414753183643199 -67.01952635538838 -0.05195465796409637 0.9826080616237064 -0.17827537897291415 -20.37139642732873 0.6438714736895791 0.169417296010034 0.7461416120157475 126.68415113619994
0.7700540550153947 -0.07793147741270466 -0.6332009453424879 -67.68328757114811 -0.05082501508119008 0.9818628774899938 -0.18265297054542018 -20.56783280375278 0.6359509180717834 0.17283510822556403 0.7521266217654534 127.46309915600666
0.7760503904672763 -0.07608569004818536 -0.6260645008507345 -68.33371012857762 -0.05158468499141616 0.9817119363188553 -0.1832503597906971 -20.760720500322126 0.6285577234669256 0.1745068533295327 0.7579330751531435 128.22793729419791
0.7841995815012541 -0.07430461320639523 -0.6160437004218987 -69.00156224233191 -0.053130980056218635 0.9811174918847094 -0.18597194970242978 -20.96736047454311 0.6182298240391867 0.17857013068849273 0.7654440496171951 129.02954422633792
0.7912321452951161 -0.07214789445084357 -0.6072449041185923 -69.65366633206025 -0.05342127511578418 0.98106430072936 -0.18616929177341734 -21.174449546448045 0.6091780196434309 0.1797429252035307 0.7723953788200613 129.83512172450915
0.7991003159863677 -0.07036790825675353 -0.597065358631747 -70.2970128533833 -0.053721482672313116 0.9807958420660194 -0.18749271581983257 -21.383861750314413 0.5987926914132936 0.18190072477474423 0.7799739989489696 130.65997892892648
0.8081705240989113 -0.07059939153169542 -0.584701744390288 -70.91740204003735 -0.05132837923196003 0.9805683791831215 -0.1893437382952143 -21.594515526348804 0.5867075945163072 0.18303382108654367 0.7888427085771587 131.4840937360499
