1.0 0.0 0.0 0.0 0.0 1.0 0.0 0.0 0.0 0.0 1.0 0.0
0.9999249129362692 0.00443580443475133 0.011423315123534209 0.05023326724767685 -0.004445286696577327 0.9999897957913214 0.0008048225996740232 -0.037015724927186966 -0.011419628521986061 -0.0008555420786576464 0.9999344279162369 0.29314836859703064
0.9994659042545703 0.00547300461880387 0.032217269484501265 0.07330354142811456 -0.005517010138712238 0.9999839655999326 0.0012771617604406915 -0.034601710758283326 -0.03220976298769941 -0.0014542226361658325 0.9994800730403788 0.6996075574203523
0.9982995670188374 0.010789846404623599 0.05728484707639893 0.11263921597937782 -0.010841611428714924 0.9999410522132617 0.0005929251756313049 -0.04577351443593663 -0.05727507268987564 -0.0012129769988629732 0.9983576987909543 0.9817924141683854
0.9967628890361554 0.01203874855724009 0.07949095277748601 0.17902137067590362 -0.01217966357067702 0.9999249955041856 0.0012880843372043253 -0.07224159110137704 -0.079469483675195 -0.0022520877270163584 0.9968347552454558 1.2545464560106887
0.9944027718980691 0.013846985724534465 0.10474439473203898 0.2274334269408737 -0.014280673735809919 0.9998922740172186 0.003391565763317614 -0.07741452005637094 -0.10468614807646714 -0.004868402922940762 0.9944933931675424 1.6428931546905854
0.9902840030087182 0.013868349876830966 0.13836640580980286 0.2894413046695225 -0.014548100641794454 0.9998865551999219 0.0039024989622147488 -0.0965910020536721 -0.13829658763955627 -0.005877550691203774 0.99037341858772 1.9264880062105736
0.9847866852771407 0.014526381995428914 0.17315937377741056 0.3743016664179627 -0.015251134999196506 0.9998796168450189 0.0028556433766889697 -0.08750150978027377 -0.17309704613914814 -0.005453076561118767 0.9848896773618457 2.2806080658243495
0.9763392718994854 0.015896862088908913 0.2156592588378924 0.48833511221352854 -0.01695801128605849 0.9998514866397947 0.0030709147520907223 -0.10130833950809948 -0.21557841264840216 -0.006655406818437633 0.9764638516402318 2.725210981491118
0.9668725726054997 0.019025286069061714 0.2545495370909425 0.620198614124484 -0.020929606845346272 0.9997695510312296 0.004774556326303126 -0.10964637572064515 -0.2544000391126582 -0.009944009292240883 0.967047949575756 3.212664401717943
0.9580058036729902 0.017965277983364156 0.28618547991791726 0.766588036918745 -0.021298638638136774 0.999736694039979 0.008538769359549649 -0.10755885065018947 -0.2859567242102033 -0.014275551722927132 0.9581361909989496 3.6643387528042277
0.946571629068732 0.01692943433155798 0.3220489796527549 0.902252037655163 -0.020510716547120205 0.9997597485807875 0.007730176220789387 -0.11328017735593474 -0.32184073941763613 -0.01392262083424792 0.9466914487203396 3.9977185958053223
0.9299445313136991 0.01938326593470888 0.3671885859901547 1.0907529455220035 -0.02414514482430478 0.9996733479551657 0.008379103145559796 -0.13375957917712272 -0.3669062287031364 -0.016657922734090717 0.9301087747941243 4.367407766574451
0.9132124629645715 0.018776615190636687 0.40705090124966403 1.3125761275981818 -0.0254529132246407 0.9996155828257438 0.010992532935015422 -0.14550018419773642 -0.40668802133153603 -0.020399149343324093 0.9133393279671629 4.817868612290288
0.8963126114934223 0.01747968379610521 0.4430780553494269 1.5216113370559103 -0.02584767240062703 0.999583253183355 0.012853707124840158 -0.15460357845629574 -0.44266872524418477 -0.022973476223015966 0.8963908852062917 5.179821214985116
0.8729216989692647 0.01673899740890626 0.48757308522349485 1.7587014152685359 -0.02739289892439934 0.9995162411541819 0.014727958362691028 -0.17994237777623978 -0.4870906861736636 -0.026212394678093574 0.8729579450397996 5.5244787796107575
0.8487040384385189 0.01794248003544094 0.5285636409632497 2.022416186338763 -0.03037992536124688 0.9994280440640734 0.014854119741878887 -0.21752714153719702 -0.5279948061043729 -0.028664475373514357 0.8487637083301613 5.845462269033108
0.8197529118600657 0.013817453585121087 0.5725506453348617 2.3246975274614785 -0.02865828828894482 0.9994461918817454 0.016911890652000845 -0.22413289451639232 -0.5719998828752426 -0.03027189306106458 0.8196949106107763 6.213773682538608
0.7919001676543214 0.014392308900462579 0.6104809463968319 2.65066325819623 -0.03201969688089128 0.9993255798210935 0.017975664852553787 -0.21777722781651557 -0.6098105144064947 -0.033782346865621427 0.7918269315699848 6.607543531677204
0.7628326258806009 0.01707877471256404 0.6463704049122493 2.9398658739982766 -0.034721981981764266 0.9992907352739404 0.014574304886547129 -0.2389123451443897 -0.6456630459143265 -0.033561016819898 0.7628845845150164 6.913092827786691
0.7329027711578767 0.014473338414013805 0.6801794252285635 3.2866844124183014 -0.034916500568882444 0.9992563155004666 0.01636013204273474 -0.2591964745749784 -0.6794368006055668 -0.03573987139856433 0.7328630810562679 7.248027223636696
0.7081272769168454 0.012684304015181452 0.7059708691709481 3.700725215815598 -0.034857117267911235 0.9992475387079467 0.017009931272101715 -0.2913803654840611 -0.705223894279047 -0.03665330568667704 0.7080365768236374 7.611485852639004
0.6771218301309465 0.010508924801242199 0.7357958885857133 4.137261652592232 -0.03639588506790753 0.9991525429405179 0.019223305793231033 -0.2954913035921532 -0.7349703168905811 -0.03979646259428394 0.676930480075126 8.004313042627379
0.646742730408973 0.012078323287409137 0.7626125849798912 4.579453500816048 -0.039175506786258266 0.9990808421120861 0.017399729671603918 -0.2936675625358713 -0.7617014640468972 -0.04112888317435681 0.6466214461627791 8.361001892054142
0.6191971114658364 0.013730279260610498 0.7851155434608273 5.019485548588273 -0.04045901411000553 0.9990768984671886 0.014436728383861584 -0.28329121246169114 -0.7841925817869045 -0.04070418136517021 0.6191810432254692 8.700234895695996
0.5937928385443653 0.014532716588598261 0.8044867090524123 5.528862498030121 -0.043727140857405845 0.9989421683922088 0.014229594523678736 -0.30657924591794006 -0.8034289029191456 -0.04362733496819626 0.5938001798565834 9.062106942023851
0.581908618689575 0.015588746026419633 0.813104759850854 6.051177231644701 -0.04277734017542102 0.9990188902242281 0.011461070747023532 -0.31027924499682424 -0.8121283511011713 -0.041451754757497954 0.5820045475468529 9.4141623677428
0.5634424521845733 0.01618494406296413 0.8259967618955377 6.601828620458459 -0.044542331983379244 0.9989490089173522 0.01081009919114307 -0.3193179537196217 -0.8249536858137658 -0.042882690782163425 0.563571194343327 9.786741147016194
0.545430190630651 0.01787738723138297 0.8379655757693101 7.170729895558923 -0.046343853766145714 0.9988863013726295 0.008854611691719583 -0.3164626636075133 -0.8368740373357955 -0.043664126647491995 0.545651252795591 10.141987686947918
0.5350609395871617 0.0181221997176985 0.8446190720114576 7.718154328825281 -0.04960768575749547 0.9987187420517982 0.009997589122359218 -0.3291152867153056 -0.8433557188054691 -0.04724891693854773 0.5352743888943734 10.485417862633659
0.5238910615009058 0.01913664260872028 0.8515702816498004 8.290246026737016 -0.04947838355605165 0.998743191350664 0.00799545441929651 -0.32728908265378764 -0.850347014600589 -0.046323068123311106 0.524179480826471 10.834694443948171
0.5156307307261689 0.016795750526915884 0.8566462819011326 8.88771698551901 -0.051751354317525464 0.9985929618434748 0.011571252437772812 -0.355594597327533 -0.8552466000266233 -0.050299098609362075 0.5157744214499074 11.177705672213373
0.5089405285705825 0.019022753965644228 0.860591467079391 9.555137088815457 -0.057613570335444626 0.998266766467591 0.01200581024098657 -0.36050328555488226 -0.8588714775165716 -0.0556919904286278 0.5091543845540355 11.589656940929304
0.4973468929545722 0.019173015578077587 0.8673398777538575 10.176761775370695 -0.06397583124563337 0.9978442497111198 0.014626904487372895 -0.35806808414039243 -0.8651896676942368 -0.06276343515212726 0.4975013468555047 11.95099855007973
0.4909061260962544 0.020280129150986186 0.8709764013581469 10.901985734919126 -0.06701600289762318 0.997645914597906 0.014542504658194448 -0.35294715585655984 -0.8686311246534943 -0.06550836166266996 0.4911095843449593 12.342669102777146
0.483358509424863 0.02119293295521731 0.8751659333859668 11.554253285615598 -0.06828515163105799 0.99757372840581 0.013557081590624333 -0.36773058346621174 -0.8727552288203712 -0.06631376921339255 0.48363291304398925 12.698056432208753
0.4780667036860509 0.0228036293451436 0.8780274604563589 12.267136500117845 -0.07273436102072313 0.9972572216098599 0.0137020682340348 -0.37079028367996986 -0.8753067688265987 -0.07041326888926787 0.4784140800715077 13.076945373973128
0.47070683432891525 0.022992498050815963 0.8819900346089146 12.98889252841877 -0.07730785272109633 0.9968903204244655 0.015270394613753749 -0.3773926606825641 -0.8788962236940744 -0.07537263480461397 0.4710205875531407 13.460522790364852
0.46659663544385116 0.024903715712477813 0.8841195534180827 13.682457048711543 -0.08157949627503835 0.9965542101260727 0.014983059350821004 -0.4019646864750739 -0.8806999293629975 -0.07911707289650767 0.46702047406543096 13.821591574275562
0.46095195985635756 0.019907661624712254 0.887201767194599 14.433583765717168 -0.07975081696468062 0.9966323633025532 0.019071958772867586 -0.4057776143177624 -0.8838343158635839 -0.07954632252093058 0.4609872933990124 14.21237788108333
0.4507114681165898 0.017246475337766215 0.8925030709171886 15.204909784660908 -0.08385366116138764 0.9962104031769574 0.023095369922032587 -0.43319085972040294 -0.8887225303873081 -0.08524899817844289 0.4504496334681075 14.588993650050632
0.4390521197583852 0.017399324827965038 0.8982931034084585 15.944231791600782 -0.08357611058459706 0.9962683131440087 0.02155184365066211 -0.4420839698861735 -0.8945659673133222 -0.0845382263873707 0.43886788262990706 14.924056912480992
0.42849124367804964 0.01935126564688696 0.903338686545142 16.653129872885106 -0.08726323790350457 0.9959833613170095 0.020056701879130633 -0.44948592255329767 -0.8993221788668593 -0.08742237984369661 0.4284588032712478 15.257317095645405
0.411139283507032 0.018036087073338418 0.9113940910058652 17.468959641402108 -0.08733728158354034 0.995984214669627 0.019688661064778866 -0.452254556428719 -0.9073790215796934 -0.08769346436314002 0.4110634592189738 15.634859283375606
0.39185587067732014 0.0180659693888899 0.9198492253438927 18.284595901855702 -0.09091031208619682 0.9956745080705088 0.019172614191625165 -0.4541313695656748 -0.9155240530822278 -0.09113668157547929 0.3918032841864652 15.981171427719978
0.37745906802210594 0.019738868599031317 0.9258158721010964 19.105205344339467 -0.09296533705664939 0.9955296672689862 0.016677160826875446 -0.4646451283287978 -0.9213479788189841 -0.09236373018524138 0.3776067309681346 16.294014107922102
0.3531699049420276 0.019046134064529513 0.9353653099299947 19.88368823303874 -0.0920071483946379 0.9956532655441955 0.01446580296653574 -0.4668309871266782 -0.9310240076859061 -0.09116918113252703 0.3533871496306823 16.600208138475878
0.3236688769243789 0.01988826724452286 0.9459613707422317 20.699889466989408 -0.09271777470280573 0.9956339467465202 0.010791586542652394 -0.4707424105222017 -0.9416166270646836 -0.09120033394652804 0.32409971725283987 16.8964228708487
0.29173067245287243 0.019778393623615755 0.9562959949178206 21.496234113851802 -0.08967765762635552 0.9959479080221514 0.0067588629924271795 -0.4818943849971811 -0.952287316135653 -0.08773015246749294 0.2923222329471117 17.133949544534392
0.2591950698526853 0.018657989549955872 0.9656447562069685 22.314299384228026 -0.09108861624574581 0.9958291699050075 0.005208488911313133 -0.47903798632550043 -0.9615200360650302 -0.08930925927504806 0.25981354170490306 17.36699507602455
0.22679947220847207 0.017096085546824666 0.9737914167135252 23.197318386631988 -0.09159737424636967 0.9957886774920521 0.0038510790436534006 -0.49488617295417503 -0.9696246286254951 -0.09007015952914496 0.22741030303235021 17.575376908907693
0.19208918559781124 0.019534190687862968 0.9811830411144193 24.014954617093792 -0.0933729819429715 0.9956300059695036 -0.001541900205677807 -0.5221984232635858 -0.9769253968545641 -0.09131980402594476 0.19307372263779427 17.729600853702273
0.16232068799386873 0.020987914567551107 0.9865148258851979 24.826043585154164 -0.09306031964462397 0.9956431689163134 -0.00587001685873359 -0.5283500948329343 -0.9823399468396048 -0.09085255985599185 0.163566626213222 17.865085042684502
0.13619374648470567 0.021131102172227766 0.9904568339606966 25.6875824950551 -0.09128701129338995 0.9957866867211488 -0.008692302228844012 -0.5465933092409964 -0.9864674069565506 -0.08923200698126174 0.13754891472678304 17.991577515649876
0.11005155129336425 0.022595875934211314 0.9936690004466728 26.52634148534951 -0.08941840667997633 0.9959126217418168 -0.012743563165590034 -0.5756898133438166 -0.9898954513506659 -0.08744984989184801 0.11162221619890406 18.088185403600633
0.07516246428891565 0.025540627204536287 0.996844160500535 27.313269474491754 -0.08885619253864886 0.9958667295830396 -0.018815790100759573 -0.5854699780631945 -0.9932045011021408 -0.08716153550494726 0.0771212403872486 18.160716605531615
0.044024465568680005 0.024744079029357605 0.9987239743714883 28.059519364352134 -0.08572157581918306 0.9960998869771035 -0.020900397203829177 -0.6079943376825234 -0.9953459990729195 -0.08469206407444965 0.045973866623780446 18.196849865425406
0.014438627616707778 0.02447244613913587 0.9995962311916314 28.839541463503135 -0.08533979055888216 0.9960828400963728 -0.02315374295681139 -0.6529957852996845 -0.9962472816424205 -0.08497102474085541 0.01647054263152159 18.194725974995848
-0.011553592349724251 0.0316081993800766 0.9994335576894374 29.644000010198123 -0.08253499434865083 0.9960595404831052 -0.03245560845915489 -0.6848572344890083 -0.9965211935587145 -0.08286322190534903 -0.008899283329589724 18.18924319667773
-0.0366966929044506 0.03977990768885636 0.9985343818187447 30.469157661998814 -0.07987829538244212 0.9958934796389978 -0.042610270350287346 -0.7204117336192031 -0.9961289126697768 -0.08132488030606205 -0.03336844597120031 18.165864012795918
-0.06190093569985705 0.047286648966588726 0.9969615072754782 31.274809532288263 -0.0827615281686112 0.995193902278287 -0.05234143982841972 -0.7521328436250909 -0.9946450641382979 -0.08575004196865749 -0.0576899184233704 18.133720522676526
-0.08701434931910618 0.0506826407384596 0.9949169678623183 32.13530610379591 -0.0845078316628205 0.9947296072130118 -0.05806405877559558 -0.8042360306783247 -0.9926162044819847 -0.08913068193177734 -0.08227266944833728 18.072057689531366
-0.11635065810980577 0.05184936120550278 0.9918539046149875 32.95330840991695 -0.08764637943183527 0.994204500171755 -0.062253706803065814 -0.8485316680852955 -0.9893334304115606 -0.09417566342114413 -0.11113193910519842 17.997790548730844
-0.1408387667818618 0.053175613660355295 0.9886034573494111 33.73878636107295 -0.085030089964562 0.9942171215198841 -0.06559115090722697 -0.9031532852940893 -0.9863743333907178 -0.09329881772327431 -0.13550278609481214 17.89597642167982
-0.1604851204258883 0.04685485467889822 0.9859255289903532 34.600176406324096 -0.08887746557618387 0.994128987971231 -0.06171184155452486 -0.9820383419555851 -0.9830286477181847 -0.09753039458710222 -0.15537856961962854 17.752127706728484
-0.1795939353116725 0.048311945415190696 0.9825538022568873 35.41609623099116 -0.08718807261053264 0.9940810969245253 -0.06481521990854378 -1.0376901506974507 -0.9798695109011849 -0.09730739266639526 -0.17431871081080402 17.599151614855522
-0.20148306475238792 0.049273089664144926 0.9782518782261216 36.190471386677714 -0.08572383813292311 0.994014602447989 -0.06772291854259492 -1.1209943756697258 -0.9757335692666036 -0.09750452684422238 -0.19605323014716908 17.441729598089882
-0.21339185412000838 0.05149206423650467 0.9756087760551813 37.0050685276131 -0.08568445606967669 0.9937755369537028 -0.0711923882196927 -1.1883666112179616 -0.973201978308341 -0.09878638303452289 -0.20765153489364785 17.264369773298323
-0.22042792505223652 0.04898236665890053 0.9741726015515211 37.85379621322112 -0.08642656229343022 0.9938292094469054 -0.06952662641232185 -1.2694364469078299 -0.9715667651722681 -0.09951999902849565 -0.2148343329313609 17.071166808429442
-0.2261431700359372 0.05361806390622731 0.9726172782081578 38.67491789844453 -0.09048394077945118 0.9930105439700538 -0.07578071011358144 -1.3330133668403217 -0.9698824274658852 -0.10514353421511764 -0.21971097857329858 16.886932232745767
-0.2335202863885229 0.05273792296007822 0.9709206905442272 39.56288589581406 -0.08976287612854962 0.9930949600170966 -0.07553162554699874 -1.429988631044676 -0.9681998254049383 -0.10479080050509315 -0.2271739118282486 16.675132415070795
-0.2418760035270519 0.053335446859749516 0.9688401978789136 40.3410859725978 -0.09078548351071965 0.9928641103519211 -0.0773230519238159 -1.5016009410452322 -0.9660507206671431 -0.10665921658890577 -0.23530791872594187 16.49415756932527
-0.2515356036523375 0.05559475787554439 0.9662500002545996 41.10650352826363 -0.09150205798967567 0.9925111621001161 -0.08092568498524375 -1.5701845523375502 -0.9635129544945974 -0.1087695545795627 -0.24456485953148577 16.306859850859446
-0.2578243901981643 0.057417182317080206 0.9644842409255384 41.923682612608246 -0.09027978128360004 0.9924338297262109 -0.08321451019114377 -1.65063351722291 -0.9619647316353809 -0.10852815666790717 -0.25069003629968245 16.08845348610531
-0.26079026568650165 0.0602558760449571 0.963513189699663 42.72533686071569 -0.09328238631673849 0.9918072891042337 -0.0872736941051884 -1.7257509990269155 -0.9608781575861837 -0.11263893945597145 -0.25303287452822276 15.893683214932564
-0.2613695676070668 0.06271433776883388 0.9631992841396382 43.51693451427433 -0.0936530657511123 0.9915311812156593 -0.08997232881557098 -1.8167511375913465 -0.9606846789682413 -0.11372259456808047 -0.25328268610465904 15.69031241635218
-0.25874419606515403 0.05930632124301083 0.9641235404569365 44.284227320693546 -0.09713861913334443 0.9914560877360405 -0.08705696275434704 -1.9436330446438848 -0.9610491817152046 -0.11617911323368552 -0.25077257420373994 15.462321073252953
-0.2540699890964119 0.05490949786371306 0.965625904626064 45.15541681700727 -0.10163290859299325 0.9913440268601202 -0.08311300920848622 -2.0413849922510567 -0.9618311663340287 -0.11925589064325723 -0.2462901541178738 15.247907254055557
-0.2477461535712493 0.05420677924315466 0.9673073288643766 46.00963508233951 -0.10599738511678182 0.9909232433355433 -0.08267817224499369 -2.135520242558028 -0.9630090330516407 -0.12301524662192123 -0.23975164516535075 15.034750283337162
-0.24416567099187975 0.053200824458943044 0.9682731006208806 46.90153885871069 -0.10970629394595212 0.9905684006075706 -0.08209002854429917 -2.2225116303622956 -0.9635079938317738 -0.12626922029793416 -0.23602633291144087 14.83196630664579
-0.23944959862927112 0.053245457349509195 0.9694476834713273 47.81175531685774 -0.11226712621281434 0.9902790236468326 -0.08211910677176393 -2.308399070498427 -0.9643961748618652 -0.1285004925932891 -0.23114420026270405 14.635085512284071
-0.2384899745238579 0.0534566588566105 0.9696725827182585 48.69464610253838 -0.11716360597761033 0.9896069014762122 -0.08337187766251833 -2.396916890599358 -0.964051462052692 -0.13349369338863395 -0.22974814980654024 14.450728201498437
-0.2380121411967675 0.05065487088878417 0.9699403614130978 49.591952824935156 -0.1227021969480882 0.9890697070420514 -0.08176359505222021 -2.4935423918628388 -0.9634803534618871 -0.13847454158433414 -0.22919513482176268 14.252388322054198
-0.2411745475167857 0.04930299223810825 0.9692285863440282 50.51383596093454 -0.1285791725676968 0.988281126966349 -0.08226670325186394 -2.5804479129721374 -0.9619263142319585 -0.14446324459353954 -0.23200891566840065 14.04870439806512
-0.2431921532293746 0.048341412361499844 0.9687727723561165 51.472429283051476 -0.12924486212441344 0.9882365790439556 -0.08175713702143196 -2.673814011577454 -0.9613289458983859 -0.14509159758716306 -0.23408350238216924 13.833780260093828
-0.24331599264238785 0.0472690412224252 0.9687945940530234 52.45452004456178 -0.13289479492440864 0.9877676977291774 -0.08157174023398231 -2.775222545351281 -0.9607998236919328 -0.14859546784715066 -0.23405786833353331 13.610169781286926
-0.24492599013891564 0.048473797208254746 0.9683292571944138 53.368481361053625 -0.13469516405262516 0.9873629716558228 -0.08349595788910907 -2.872416807588897 -0.9601398190551773 -0.15087959831334544 -0.23530166739208497 13.402865697221385
-0.24406213684175126 0.05096747821889523 0.9684193252533971 54.29254224152447 -0.1345490816236225 0.9871797761721895 -0.08586404457551355 -2.960818510524921 -0.9603802465661601 -0.15125609303638796 -0.2340755782325219 13.186435456086656
-0.24307397038638362 0.045029353163429375 0.9689620231331476 55.26271678945348 -0.13871075567722982 0.987042162481065 -0.08066657141688022 -3.0623700595035968 -0.9600387342081834 -0.1540133982430942 -0.23367820176807835 12.959298408081429
-0.24487390005774623 0.04536983143734536 0.9684928246847551 56.25813603143082 -0.1401584441242007 0.986755671835386 -0.08166305554765316 -3.1542323269352166 -0.9593708269544119 -0.15573959835585374 -0.23527174478199697 12.734094496632672
-0.24309055203575725 0.044451468008544125 0.9689845460598618 57.276840256483005 -0.14370479682182868 0.9862757587400235 -0.0812961197855604 -3.2561385325466157 -0.959299700240414 -0.15901004595206125 -0.23336642947299768 12.500459438544299
-0.24399581330923992 0.044750139972820346 0.9687432415557673 58.15487166011479 -0.1457137167379584 0.9859023908134897 -0.08224347112479521 -3.3456328140540066 -0.9587666847789262 -0.16122624091833807 -0.23403534647007795 12.290828183163025
-0.24235662469948127 0.04396871749840267 0.9691903932385114 59.142951325048216 -0.14484334285299966 0.9861370798028342 -0.0809571854075158 -3.455407573611484 -0.9593141677758351 -0.1600012866182149 -0.23262827812859 12.065853266641405
-0.2394948237061087 0.041799290834928164 0.9699974477820429 60.17903000906952 -0.1456618942142915 0.9862181494395807 -0.07846256616930888 -3.5630863814949496 -0.9599087675356884 -0.16008304407920818 -0.23010557795596748 11.824024302483734
-0.23544667972843308 0.0366482907447423 0.9711960480718327 61.09537045377586 -0.1529880036160155 0.9854328960733107 -0.07427434339092898 -3.6816135502784806 -0.959770562037846 -0.1660689920546772 -0.2264101546386576 11.592081153361914
-0.23666107850341894 0.03400478276651147 0.9709970178484593 62.09881642424951 -0.15847480077261894 0.984652704017076 -0.0731080706347752 -3.7993380936861434 -0.9585808632774167 -0.17118039379807173 -0.22764006970974987 11.359252507461182
-0.23304304547294358 0.027917982556860926 0.9720655971726654 63.08514679950487 -0.16434667599468006 0.9840791744630042 -0.06766349442433817 -3.904898102427164 -0.9584785386466385 -0.1755242565521005 -0.2247445801696611 11.119402947614232
-0.23257642049758426 0.026652056759523438 0.9722128761228263 64.03435863211183 -0.16740319916794866 0.9836084880163101 -0.06701127674208529 -3.9866598536912075 -0.9580628254644196 -0.17833678861288088 -0.22430250174792438 10.89834334879225
-0.23707886062907924 0.027747861601400747 0.9710940582762141 64.96613616906352 -0.17232342941912465 0.9825397101763158 -0.07014523219630217 -4.069637897813866 -0.9560848547676349 -0.18397221013835405 -0.22815778834122602 10.695036965578067
-0.24160014173401373 0.024078663408572315 0.9700771049161818 65.9049308157373 -0.17626190104280143 0.981972821148253 -0.06827240120955638 -4.1680391243109876 -0.954233259614693 -0.18748225647937364 -0.23300062178140252 10.473014625222396
-0.24560506836355855 0.0226696850825633 0.9691048631455677 66.92804372852565 -0.18040710687103717 0.981191709991326 -0.06867389631235538 -4.2513109336314026 -0.9524344734335031 -0.19170006161333225 -0.23689588471075373 10.23043703353081
-0.2517533310263935 0.016880415581148972 0.9676442072822651 67.92834324099786 -0.1821295359050422 0.9811566893304824 -0.06450103203098277 -4.35067374180774 -0.950499391092982 -0.19247494006196136 -0.2439350425420983 9.984843235523096
-0.2584196917014289 0.01285588349039074 0.9659471979361086 68.82486199130389 -0.18472651835587847 0.9808023154270515 -0.06247344611152507 -4.4256092785090875 -0.9482063996604609 -0.1945804314740201 -0.2510838093751377 9.767403226382937
-0.2663315152311344 0.014269610851588607 0.9637758568260738 69.68788045121242 -0.18649636462564406 0.9802328818634676 -0.0660500060186262 -4.501238675276757 -0.9456672934896856 -0.1973318917959942 -0.2584056781576348 9.54745133874927
-0.2729869830808915 0.015862206902516163 0.9618869462990828 70.57673359656525 -0.19028811679361288 0.9792185983219568 -0.07015247185611151 -4.58254766366388 -0.9430103603224799 -0.20218636722727856 -0.26429554145293993 9.315512413399556
-0.2778137931179895 0.013991740877331196 0.9605330434402645 71.49533366113643 -0.1919133718017204 0.9789289466277065 -0.06976657636765636 -4.68105635864571 -0.9412697562745177 -0.20372125230714394 -0.26927476168649644 9.064999429598513
-0.2793662790499253 0.014895910534694343 0.9600690568803589 72.42535502785 -0.19362214250413734 0.9784656272953686 -0.0715225987614323 -4.761962807411393 -0.9404599662196722 -0.20587163002906372 -0.2704661233634805 8.80248970544242
-0.2811004069281279 0.01397864004819313 0.9595765518431785 73.27814384611871 -0.19708599668312599 0.9777403910833212 -0.07197803523056846 -4.83698100921078 -0.9392229081193983 -0.20935215610697006 -0.2720882275974156 8.559504670201747
-0.2841997803321697 0.008406330983627378 0.9587282297181723 74.19847381216984 -0.19629285821020515 0.9782696311640169 -0.06676557913990518 -4.924364189471662 -0.9384559652294908 -0.2071662673835013 -0.2763739115466089 8.301545046827565
-0.28737762866198113 0.002986814916147662 0.9578127048026005 75.05510721668476 -0.19674019962382605 0.9784882885358163 -0.062080295184755496 -5.025294822427048 -0.9373939366118141 -0.2062807507619312 -0.2806080174701009 8.065251446368642
-0.28768768600609346 -0.0009884594947382752 0.9577237692927366 75.89053299915881 -0.1993862790728198 0.9781502168093845 -0.05888348727147631 -5.108364238772731 -0.9367395086351143 -0.20789703293597472 -0.28159885770092047 7.834896554293841
-0.28721519508095167 -0.0012268433017220137 0.9578652966728273 76.77201325847481 -0.20304583364922468 0.9773517753192391 -0.05963134006562691 -5.169715852933929 -0.9360981899097455 -0.21161758465648378 -0.28095938623198485 7.577933021078712
-0.28618859026371263 -0.0026334957233039163 0.9581696903488153 77.607634659656 -0.20620178057031446 0.9767349192065247 -0.05890435715849765 -5.242928643065646 -0.9357226707163298 -0.21443405117401318 -0.280073421096326 7.335870517937825
-0.28862518895517403 -0.0012018546500149607 0.9574414111819014 78.43192564992644 -0.20402256066711982 0.9771087332333712 -0.0602770120187487 -5.304286827497534 -0.935451920217935 -0.2127371123816369 -0.2822633982224782 7.094156396673827
-0.28870317931674316 0.002017653556143459 0.9574165255135991 79.24069074807483 -0.20449356045628408 0.97679161247591 -0.06372228439583832 -5.377388092022735 -0.9353250012612284 -0.2141823402403648 -0.2815902468922602 6.864661745450791
-0.2858757467591113 0.0010671667856384792 0.9582661000838818 79.99616816403129 -0.20754928332470812 0.9761934896003559 -0.06300449073899453 -5.452040728832038 -0.935520364506471 -0.21689889814596028 -0.2788485531193372 6.648483550110354
-0.28233365555734635 -0.006233675665697477 0.9592960169975278 80.85846973267145 -0.21079882784128262 0.9759413235889709 -0.055699076223481886 -5.533115997635488 -0.9358694145661388 -0.21794419973723286 -0.27685513302182096 6.405323621592633
-0.28398956607618353 -0.010349291352129045 0.9587715152883767 81.70860549382927 -0.2121444884387252 0.9758375923793329 -0.05230400868364388 -5.61336857493127 -0.9350639776961429 -0.21825188537058698 -0.2793232395402352 6.172223523145691
-0.2817576063983144 -0.011143228464539412 0.9594209085151729 82.52407131989331 -0.21396931144153566 0.9754814713414252 -0.05150759973832536 -5.668597734423465 -0.9353233585225634 -0.21979928919119712 -0.277233633372859 5.94082837339014
-0.28097631076340523 -0.014543936593800127 0.9596044949343152 83.51154368351327 -0.21828627800025127 0.9746466245572134 -0.04914324038998191 -5.733042757033181 -0.934560545725414 -0.2232765799352589 -0.27702735465262374 5.6807940764784215
-0.2794421445975454 -0.018036618438689936 0.9599931084221501 84.26767720047621 -0.2199166542147662 0.9744473050768427 -0.04570683567544451 -5.794044728739065 -0.9346383006391873 -0.22389088865734633 -0.27626819750835646 5.465955984784949
-0.27783783324594247 -0.018086882240560542 0.9604577050073658 85.17775848451906 -0.22164038154165716 0.9740536048965452 -0.04577243775585467 -5.859893176869922 -0.9347094092215337 -0.2255935271209284 -0.2746377265305523 5.2151629861977264
-0.27308255374113927 -0.020970604053648617 0.9617620041402359 86.06612376195461 -0.22283366317673686 0.9739498020716357 -0.04203500445888653 -5.93229466857944 -0.9358264141375017 -0.22579197685092162 -0.2706416556857028 4.968835299707229
-0.2689216370164309 -0.02172885276951475 0.9629169279339335 86.89289500599054 -0.22235150170945686 0.9741409208906419 -0.040115781606268414 -5.986161890241946 -0.9371451130064931 -0.22489402660731825 -0.26679901417433016 4.745652986387055
-0.2626042252030211 -0.02275775735779402 0.9646352188187848 87.75445338923399 -0.2210456999514635 0.9745543385991433 -0.03718386277074867 -6.036526037585202 -0.9392432163388185 -0.22299310661459934 -0.2609525914105499 4.521821654308637
-0.25361083085754593 -0.022903553061470322 0.9670351460670423 88.61791664907001 -0.22613157040126997 0.9734220476050575 -0.0362495531590844 -6.070349543417482 -0.9405030884264023 -0.2278704555082519 -0.25204959068973126 4.313617671446018
-0.24373128862008292 -0.02451185538024027 0.9695329947420108 89.413665911225 -0.23101594248925122 0.9723733604403755 -0.03349152462481787 -6.120390978491115 -0.9419271167470427 -0.23214051100940997 -0.2426604415327996 4.122712920705572
-0.2327111427463992 -0.02899201351136861 0.9721136698937126 90.20628971850606 -0.23439217328305068 0.9717635188866449 -0.027128812445336256 -6.182111169990462 -0.9438780817167617 -0.23416901271005625 -0.23293570001415448 3.9286970821468734
-0.22371961611812746 -0.02791839895477352 0.9742536098797683 90.92831620287139 -0.23664597535605456 0.9712342277553285 -0.02650956778773346 -6.201639953395504 -0.9454883477398013 -0.23648390608308406 -0.22389092534523997 3.771774874719005
-0.21458736345618745 -0.026725301457689546 0.9763390915593404 91.70056129148111 -0.23969669937046695 0.9704964674515577 -0.02611702461904694 -6.244802932022043 -0.9468356540370808 -0.23962964116745558 -0.2146622447430624 3.599259500579255
-0.20217588258234537 -0.0250297421701611 0.9790293277062465 92.51243147799077 -0.2404775999120791 0.9703364717481344 -0.024852676634677565 -6.277526415331607 -0.949365807496023 -0.24045923480348408 -0.20219772490101667 3.4350378950360767
-0.19021195619860853 -0.026558376608143114 0.981383749789571 93.24730016152513 -0.24369966359592263 0.9696235015593544 -0.020993789248518926 -6.32425899203669 -0.9510151868831187 -0.24315615940320562 -0.1909062504528075 3.2906378899119963
-0.1769460616440202 -0.021768396655768546 0.983979790532157 94.01188358305505 -0.2452543087536754 0.969193869186725 -0.022662038050937958 -6.351720660868968 -0.9531738641540835 -0.2453352417364909 -0.17683383119660695 3.155528115544275
-0.16408593850855857 -0.02131118094071939 0.9862158173293906 94.7687212857289 -0.2503818747230119 0.967924928921326 -0.020742439172773935 -6.3917553294501515 -0.9541408290152747 -0.25033410782304144 -0.1641588038043843 3.0263056137670623
-0.15528184207887596 -0.022966634663780613 0.987603201297369 95.56370361892141 -0.25149841950471874 0.9677077060958353 -0.017039382305853237 -6.423301806435658 -0.9553198911920653 -0.251026550896428 -0.156043507515768 2.9015629324682433
-0.14080124939287703 -0.027571759537101517 0.9896538820443405 96.34701209206659 -0.2515029006249584 0.9678163670894617 -0.008818762440901434 -6.452066950429401 -0.9575600759987007 -0.2501425147186799 -0.14320413116798641 2.794481412070475
-0.12831257545712432 -0.028916219619978353 0.9913121280517299 97.11486085128602 -0.255353855875292 0.9668355007961664 -0.004850019571839115 -6.469214403054928 -0.9582955135391069 -0.25375769277623056 -0.13144102132783292 2.7077541882692047
-0.12175551518985622 -0.025209809712372647 0.992239920591345 97.91460023178777 -0.25701011325443573 0.9663834755866041 -0.006984253581983901 -6.488764383816504 -0.9587081913730553 -0.25586606575984494 -0.12414169399031044 2.6146500681133658
-0.11969973328375794 -0.02263949153132519 0.9925519771150528 98.76755547748556 -0.2642678007938839 0.9643988059384857 -0.009872819657395893 -6.501263969474608 -0.9569924259446161 -0.2634813020455653 -0.12142116848808637 2.5300090029121063
-0.11861813924975867 -0.022781366252884475 0.9926785715389331 99.4952276762103 -0.26810514713588823 0.9633384928556885 -0.009928658609014901 -6.540033576923787 -0.9560592905882818 -0.2673199534905365 -0.12037722104139487 2.4369779517599564
-0.11376863078706062 -0.024276007986090004 0.993210639333418 100.33148363491665 -0.2693988014248685 0.9630008766582316 -0.00732102085243036 -6.556602486618518 -0.9562849912236843 -0.2684026583171946 -0.11609921863897926 2.3499440687434188
-0.11119016832402118 -0.02418283188766794 0.9935048752321093 101.13055941203531 -0.2733779908970718 0.9618798698886644 -0.007182617631958266 -6.5701928210045955 -0.9554586440873077 -0.27240100320090455 -0.11356263863606053 2.2664668081394157
-0.11111498930959846 -0.022423888723333257 0.9935545422196265 101.88611707928847 -0.2758004046361716 0.9611713633411156 -0.009151343917972399 -6.582618458498795 -0.9547709651813109 -0.2750395962538932 -0.11298506334575215 2.1879020507969202
-0.1114217293750151 -0.024915584150146497 0.9934608255434827 102.65840862714708 -0.27666202500297665 0.9609423044224521 -0.006929032581819428 -6.607381859859457 -0.9544858941568144 -0.27562492854915094 -0.1139630493534734 2.1069804088562916
-0.10969320642414443 -0.02632581027529446 0.9936168034900272 103.3838339650109 -0.27838794674146994 0.9604541667349775 -0.005286275672749807 -6.6272252564174225 -0.9541842335594624 -0.27719081029999715 -0.11268408544143432 2.0254752705359027
-0.10933471739648398 -0.025833698807507993 0.9936692304674396 104.14793616452359 -0.2819448183397283 0.9594113594456368 -0.006079702135201426 -6.632965501970479 -0.9531804860482659 -0.2808246131887269 -0.1121806473692914 1.9517768667466209
-0.10574140447905855 -0.026134906960097293 0.9940501607147315 104.95312155320177 -0.28802064526525845 0.9576086274270283 -0.005461188360372071 -6.660294701092806 -0.9517682823459609 -0.2868844424424412 -0.10878627397199225 1.868179881079592
-0.10348573725315091 -0.026086655589521085 0.9942887853060224 105.69899121076142 -0.2898268332036844 0.9570657511430147 -0.005055170044674873 -6.703719500557589 -0.9514678706820822 -0.28869470793419577 -0.1066032676351617 1.7822622480280208
-0.10060610007236326 -0.022400571245588502 0.9946741310781645 106.51272371955028 -0.29379641999335804 0.9558329275572461 -0.008190127986236112 -6.722992127334249 -0.9505588231284355 -0.29305567560655754 -0.10274383080004434 1.702829001702846
-0.09439096347056325 -0.025734875521194328 0.9952025232067128 107.27524353333327 -0.2995323275560202 0.9540788291696638 -0.0037379779449497053 -6.748472430759612 -0.9494054617306413 -0.2984481595053864 -0.09776484707641936 1.6364136522975805
-0.08497714109112448 -0.028627133309104352 0.9959715722501732 108.07216125263128 -0.305014410060947 0.9523467800517058 0.001349140585835712 -6.774670380784197 -0.9485489418828907 -0.303671035437446 -0.08965939487414448 1.5656275637645165
-0.07873945129577109 -0.03152286445296143 0.9963967120712117 108.83899867054193 -0.3050344057756301 0.9523222826775115 0.006023388498339777 -6.789697544202643 -0.9490806657512042 -0.30346100067813314 -0.08460089222151823 1.5046361227973557
-0.07687139588153097 -0.0314132692260673 0.9965460325603408 109.59671055437052 -0.30946351797365673 0.9508917324402719 0.006102804282225011 -6.800723588589533 -0.9477990923917334 -0.3079255099748469 -0.08281763561064331 1.4519342190979876
-0.0777127434708707 -0.03180594570124887 0.996468319275771 110.37929647249157 -0.3135053501189836 0.9495683569999613 0.005859251758316031 -6.815621354110778 -0.9464011437804817 -0.3119428107882005 -0.08376489627852962 1.391684004440487
-0.07702766428999763 -0.029569439698448385 0.9965903808335436 111.14376670514227 -0.31432179199029187 0.9493085993174862 0.0038722528177028426 -6.825240388708757 -0.9461863188685616 -0.31295180379379883 -0.0824173433700004 1.3417541100209323
-0.07356769983111955 -0.03370369423295194 0.9967205498717331 111.95338393970867 -0.31619235054527584 0.9486548396288619 0.008740292065585797 -6.84688603781686 -0.9458383535246453 -0.3145124103176058 -0.0804472047867314 1.2850633054545513
-0.06721792861251008 -0.03649413688875658 0.9970706735461575 112.741374897327 -0.3185519820317112 0.9478132589141718 0.01321593621979203 -6.8548505660328525 -0.9455191086470499 -0.31673049142645227 -0.07533532361413342 1.2346656641520342
-0.0629385198182908 -0.04200384132175214 0.99713310046217 113.50441117235918 -0.3222821462302736 0.9464422563518109 0.01952622884485805 -6.870544569984828 -0.9445490781025045 -0.3201292437530666 -0.07310476283935641 1.1884225061657514
-0.05694506957047124 -0.040977036744861445 0.9975360351943307 114.32523812670692 -0.32472309622044304 0.9455911219839819 0.02030617655009756 -6.869355427346706 -0.9440933056815007 -0.32276665330341225 -0.06715294247232811 1.142657151035334
-0.050949611883395474 -0.04304322301016872 0.9977732297480368 115.15780425139701 -0.32843011434755437 0.9442242647035837 0.023962427561280114 -6.862164241266754 -0.9431531143131449 -0.32647789955504514 -0.06224455047264904 1.1048647577330226
-0.046105327887679126 -0.04477320124789677 0.9979326927154885 115.90797920953811 -0.32963456669610713 0.9437192488467594 0.027111469808521832 -6.859746285909513 -0.9429821584629478 -0.32770312755011055 -0.0582692801949421 1.0633117451758471
-0.042068428229572796 -0.04760923765460309 0.997979763239837 116.72284447556763 -0.3308309352455353 0.9431791122236871 0.031049227840674265 -6.859569865027924 -0.9427518971770134 -0.328856386215754 -0.05542867140981367 1.0245394160108259
-0.04032863691491706 -0.04780651017667917 0.9980421527316932 117.47593941744199 -0.32891045280774756 0.9438215427135825 0.03191879608562517 -6.852205075896118 -0.9434996105343063 -0.32697925483810186 -0.053787097217942725 0.9821340554444632
-0.04020189470561808 -0.04748632274538547 0.9980625515538593 118.30026808035693 -0.33103159654749614 0.9430925191831481 0.03153699966705539 -6.838267053519653 -0.9427629021919004 -0.3291223927551956 -0.05363357938643165 0.9496595200197512
-0.03726832874751901 -0.04715358043676937 0.9981921716404915 119.09537081877387 -0.33228321476446887 0.94263247484153 0.03212292888144874 -6.823718049178696 -0.9424430682317936 -0.33048533587154194 -0.050798680255666306 0.9150054494567764
-0.033485925597675104 -0.0495750536499954 0.998208899400555 119.8666797864628 -0.3353254464056661 0.941433021023967 0.03550650529871782 -6.821638272549392 -0.9415070566807814 -0.3335358766029334 -0.04814853309297262 0.8842096532607596
-0.030537660856166993 -0.049652598171403745 0.9982995896845108 120.65568206122676 -0.3352820471947441 0.9414078915093624 0.03656679686269809 -6.824355389263469 -0.9416227482905959 -0.3335952657019064 -0.04539601968167839 0.8474377700294927
