1.0 0.0 0.0 0.0 0.0 1.0 0.0 0.0 0.0 0.0 1.0 0.0
0.9999100407416281 -0.0015743364485504318 0.013320356182277445 0.012103020213544369 0.001568678842927939 0.9999986749354361 0.000435171299555709 0.0030157864093780518 -0.01332102363798374 -0.0004142367909449332 0.9999111854245444 0.23480723798274994
0.999422925034394 -0.0007801695796069222 0.03395892005236856 0.02341252502482115 0.0007206632631114986 0.9999981835768594 0.001764507705566447 0.011828108468860704 -0.033960234983835214 -0.0017390165062062635 0.9994216718990208 0.4539797491403737
0.9982259457667457 -0.0020037714448577007 0.05950584927620834 0.0591546129387706 0.001864135904720284 0.9999953776736181 0.002402005147115541 0.020756940388135886 -0.05951038729007554 -0.0022868168695393486 0.9982250669429167 0.7064191567743547
0.9959703527064866 -0.005240359146412321 0.08952985628120701 0.10614689978262976 0.004913295635953379 0.9999804290455441 0.003873119141409729 0.025600259473413163 -0.08954840063178511 -0.0034176251851901042 0.9959766080497992 1.0200066774019416
0.992158208806962 -0.009718802190432065 0.12460992569191216 0.1747297397341383 0.009187217443154962 0.9999460835383825 0.0048399433780036095 0.03351924143335736 -0.12465024561794015 -0.0036571710697401996 0.992194003895989 1.3274957255810287
0.9861640530911975 -0.015359331569837983 0.1650592358048163 0.2659626346486788 0.014584432970635108 0.9998762009826336 0.0059056772229123455 0.03750704980821064 -0.16512950888822753 -0.0034166712256160072 0.9862659740922167 1.690397692604316
0.9782615484963265 -0.01737522017180772 0.20664569789267445 0.36932890363140974 0.01624227867177901 0.999842320579978 0.007177907828380021 0.038418473176959275 -0.20673783184777172 -0.0036654742156578693 0.9783895099507439 2.0638747865290092
0.9693117165869352 -0.019229355225891094 0.2450816761508003 0.48694288514694073 0.0173559218927887 0.9998013288152166 0.00980177915373752 0.04549579094665756 -0.24522146737702366 -0.005247360948488326 0.9694528854671256 2.4339897667585215
0.9582108063160681 -0.022904072717583535 0.2851446196442397 0.6183991636277466 0.01983161004983731 0.9997100380762602 0.013658221421310608 0.052936545902028204 -0.2853747674584101 -0.00743257845636369 0.9583871863060087 2.804014879124983
0.9446658063935525 -0.028663540772267123 0.3267796132888588 0.7652437596923832 0.024073160841312325 0.999546624765449 0.018083911277912975 0.05847486813794512 -0.32714980843327396 -0.009216634439734576 0.9449275403392986 3.1613309512385346
0.9301897582835735 -0.03378941502942703 0.36552057263075716 0.9158306624963477 0.027695954303684104 0.9993764106597938 0.021902601031743966 0.06788414324597977 -0.366032713974524 -0.01025013408286157 0.9305455319605419 3.465822693159418
0.9132380831801501 -0.03681266883300628 0.4057598191576354 1.0996034228746887 0.028385324765844613 0.9992385377329284 0.02676972258535514 0.08130358814644437 -0.4064363132981392 -0.01292950589739424 0.9135876263992778 3.817921649685893
0.8948698496672397 -0.04166842823327005 0.44437787326227324 1.3194498000295243 0.030747244267737256 0.999022514479025 0.0317588182076492 0.09297253239296185 -0.4452668403625765 -0.01475661385871553 0.8952763166871738 4.208580100820467
0.874136944246573 -0.0479746192882901 0.48330429193977514 1.5455302281519228 0.03441385019220446 0.9987264431795487 0.03689415412875321 0.10703723276669165 -0.4844587594607123 -0.015618181650605538 0.8746746725404345 4.567597409651027
0.8496045525966351 -0.05362836703098697 0.5246866707442274 1.7980955316526992 0.037459579981718505 0.998440440572594 0.04139403938730711 0.12468982507158488 -0.5260882854375916 -0.015514022005735562 0.8502884399111521 4.915993953910319
0.8253516006023252 -0.0586269020080648 0.5615671124132152 2.057420787661523 0.04004298336270846 0.9981680569318561 0.04535514969986211 0.14708225960193466 -0.5631973853513471 -0.014947122860932655 0.8261871995205363 5.245346471058177
0.7960866838384019 -0.06266125542872104 0.6019298620963018 2.358806296140862 0.04080691519262113 0.9979195033721785 0.049914531570342695 0.1648456401321049 -0.6038052562603597 -0.015173393078711413 0.7969874407133655 5.587384411807711
0.7645253997196704 -0.0655474440149718 0.6412522481571373 2.6576018477051075 0.04095041811931938 0.9977457427351417 0.05316480141741928 0.19061311606254733 -0.6432915174625976 -0.014386293372681047 0.7654861580222493 5.901037094669586
0.7321054926681154 -0.06704911020595195 0.6778834445727129 2.9874571831015486 0.039027561578460025 0.9976380067798047 0.05652660316751763 0.22121437369175828 -0.6800723469178964 -0.014927298784730408 0.7329930277353093 6.222438803342393
0.6999414964228609 -0.07055208106202826 0.7107069054421405 3.3111992130522943 0.039679276278217115 0.997413313523876 0.0599352737489324 0.24716606803287375 -0.7130970877933548 -0.013750849542466127 0.7009304227364491 6.493526180859564
0.6689970868768931 -0.07357808284640213 0.7396141990760311 3.660042127770895 0.04045457576190929 0.9972176569899363 0.0626128731765764 0.27776251377503847 -0.7421632738489253 -0.0119670511050168 0.6701122776353939 6.76773479809703
0.6362435302169862 -0.07691963232641255 0.7676441496030546 4.058281623431562 0.040720283850359765 0.9969784927524311 0.0661494026597155 0.3037110462702694 -0.7704128949726721 -0.010828441802057862 0.6374533050412134 7.057331969510808
0.6040776992600607 -0.07857146033722502 0.7930426589264588 4.486317606147476 0.03943141461047525 0.9968558227378513 0.06872868553565144 0.33888190645782557 -0.7959493054199422 -0.01024667234362163 0.6052765557225838 7.370623194365785
0.5740225266276169 -0.08113983022300145 0.8148094666088691 4.930569762116018 0.04064894744948888 0.9966751629518371 0.07061361501989606 0.37631573323710454 -0.8178299346412407 -0.007412658518500592 0.5754122439594005 7.66743004652813
0.5407506827757171 -0.08333267869387813 0.8370450189442015 5.376256931483201 0.044358051751315394 0.9965212593087808 0.0705531217627493 0.41573571777533375 -0.8400125370031232 -0.0010219624966573346 0.5425660266458194 7.92746734105976
0.5092238975721806 -0.08377621897011381 0.8565468856265074 5.834486897986768 0.04677524063366961 0.9964739955133499 0.06965380915156573 0.4562962196151051 -0.8593620302323463 0.004595802512291053 0.5113470246263376 8.170338969499811
0.478476634639918 -0.08416631548339759 0.8740572872767596 6.343334061969553 0.049436994488088554 0.9963989878700894 0.06888425471358703 0.49800782607399263 -0.8767075302971017 0.010251258918338772 0.48091456414933625 8.425467445518649
0.45336223361030575 -0.085145242556998 0.8872502312232916 6.880006908932381 0.052306756558696335 0.996252871266463 0.06887829637583681 0.538651518813655 -0.889790249639871 0.015182363559021757 0.4561170984326041 8.68162889690019
0.43761889833452555 -0.08779615406630295 0.8948639757815945 7.423399539025303 0.05714966161799884 0.9959251997025631 0.06976326235460938 0.5839056361480484 -0.8973425299167673 0.020611451394208582 0.44085320921367893 8.927933961383594
0.43019580656759765 -0.09165097926426143 0.8980710807121874 8.031777679884646 0.06327753884038902 0.9954473934470982 0.07127720503555991 0.6282426059526611 -0.9005151420658941 0.026164572981038848 0.4340367427197411 9.201721789703774
0.42132355660384757 -0.09529697510960858 0.9018896535528298 8.651077845428581 0.06578066855197384 0.9950557020847075 0.0744113794628567 0.6743025935234475 -0.9045216217954881 0.027975637323723917 0.4255091061549584 9.482759069631665
0.4087656680932565 -0.09856479087013928 0.9073012788423697 9.277004222782896 0.06682509244021312 0.994714798973475 0.07795431818389821 0.7192329013162321 -0.9101895602612847 0.028765442876569496 0.41319186062588914 9.754887131578691
0.394205743236782 -0.10178158586351418 0.9133686773577494 9.948959023618528 0.06993137767287039 0.9942889505158945 0.08061690454722073 0.766500322354071 -0.916357700036351 0.032093483156389026 0.39907214125140317 10.036246223326573
0.38186970898437234 -0.10509242250926253 0.9182217096602137 10.640870193471677 0.07183170366408333 0.9938835762604343 0.08387874098056783 0.8185702829819422 -0.921420496683738 0.033926679338015436 0.38708299978194516 10.318918010441292
0.36907316069654245 -0.10789127787490528 0.9231167175455031 11.266980601335447 0.07434811175774177 0.9934833071980925 0.08639025753404661 0.8687004874086149 -0.9264218047582442 0.03674765948003393 0.3746895370719831 10.553810606510318
0.3559938845526439 -0.10958598679133524 0.9280405517325676 11.964188516739894 0.07572277972748023 0.9932173018050519 0.08823520853625488 0.9256934299965289 -0.9314152751546769 0.03886261563588045 0.36187744101349484 10.818702993155233
0.3456423567088407 -0.1122076023957262 0.9316334124608032 12.71918620961461 0.07520299909935606 0.9929437299790225 0.09169110110478698 0.9888396611252459 -0.9353479941579075 0.038369298403132635 0.35164175913112283 11.110200999562341
0.3335672385520068 -0.11754699954739056 0.9353692320480689 13.462723927262871 0.07655427206028176 0.992296615513198 0.09740056606802938 1.0490360328803638 -0.9396128675119924 0.039116872810309844 0.3399963668444607 11.385205842167695
0.3225237645548039 -0.1227160023769791 0.9385729614995368 14.228424582348056 0.08037503590496786 0.9915299592677871 0.10202055419226057 1.1119081411165523 -0.94314276485624 0.042533782279902024 0.3296552782290818 11.648985970290344
0.31361763866137393 -0.1267240675262171 0.9410552520601939 14.995940940493544 0.0826694331167308 0.9909354043015928 0.10589045910655714 1.180610459277291 -0.9459438363606069 0.04458738847757121 0.32125102838765807 11.90078907679452
0.2976900170559551 -0.1300639404147151 0.945761082488079 15.74664040674517 0.08546652307549245 0.9903286683269418 0.10929136344273908 1.252791562457425 -0.9508291787585254 0.04829596353303252 0.3059270709299923 12.129203562458779
0.28575288891438677 -0.1312167340202906 0.9492773331277485 16.50518941704487 0.08724339922536441 0.9900297695646163 0.11058772385503005 1.3243748334816732 -0.9543237793163731 0.05121741977961212 0.29435166067551444 12.349179970973458
0.2738977207304048 -0.1317734679974649 0.952688717111004 17.27049961790136 0.09044852203508641 0.9897082770537289 0.11088999591039816 1.4039636196475622 -0.9574962681077969 0.055796769290530866 0.28299755669684074 12.559633029533854
0.25843658331340935 -0.13212571418003413 0.9569500133537316 18.00093037192449 0.09162172189573112 0.9894895080003363 0.11187481233107756 1.475554296421359 -0.9616735373723 0.05876486373393923 0.2678258731119513 12.755001248169881
0.23875912589908482 -0.13184612408754598 0.9620866277851472 18.773802480100237 0.09135821119617256 0.9893955543394723 0.11291640403556949 1.5531704490009435 -0.9667718226380724 0.06093469140300847 0.24827244377231966 12.955601354199779
0.21642006613810644 -0.13290720717677948 0.9672114708031779 19.559336147497906 0.09164206768994046 0.9890818807296025 0.11540695231183097 1.635352357664529 -0.9719897563258012 0.06366087882570794 0.22623705732007854 13.140297975639422
0.18743304307511605 -0.1344383592741193 0.9730340086139254 20.321656915378295 0.09277093625102374 0.9885847967225766 0.11871669249137051 1.7165903721543716 -0.9778867049667411 0.06801784504573022 0.197765429245419 13.292733623194101
0.15789510321633393 -0.13536187273653638 0.9781340909044941 21.091184403187512 0.09251468359510134 0.9882305989921328 0.12182494217092386 1.8041634447248767 -0.9831124908674499 0.07125620411520943 0.16855973325646334 13.420529249804234
0.12597818032003316 -0.13555620398756446 0.9827278431202281 21.856329575944244 0.09210113627829986 0.9879397657363573 0.12446846979471617 1.8898653550101643 -0.987748388396306 0.07483003967173844 0.13694373437009377 13.526399182731272
0.09484139893608762 -0.13461734259778296 0.9863484577570734 22.70392623604914 0.09171562771359015 0.9877822162813868 0.12599419364134887 1.987937170823952 -0.9912584691597586 0.0785141023647517 0.10602916131380685 13.611721195225863
0.06422679011499505 -0.13328390959946926 0.9889946000223686 23.476758561875705 0.09049886807562704 0.9877351314196141 0.1272370427057617 2.082401088815245 -0.9938233617240815 0.08133086499821626 0.07550109992634074 13.658678343840041
0.03061772322623796 -0.13002134394274084 0.9910383469592714 24.2129726722873 0.09310015238970114 0.9875637743715682 0.12668919912130142 2.168225193766167 -0.9951858704028389 0.08838688629149591 0.0423419612469505 13.679392126738433
0.0007277122470860098 -0.12733927233021566 0.9918589517453058 24.9826222726848 0.09541198495096456 0.9873430628264241 0.12668950002369161 2.263948237432646 -0.9954376040529123 0.09454303787665813 0.012868194374131559 13.678634618201052
-0.02709757740177393 -0.12340701817100695 0.9919861033124888 25.717645906902415 0.09928044307964863 0.9871119336319387 0.12551264519291996 2.353879214026979 -0.9946904618628167 0.10188590848373451 -0.014496438582650317 13.649968742119599
-0.0545278988052566 -0.12082222795004392 0.991175412066437 26.496592393794757 0.1018764001714456 0.9867989029946844 0.1258933045741307 2.4475571523677098 -0.9933015188451043 0.10784208029185541 -0.04149913707938818 13.607988551647134
-0.07976347839233217 -0.1174661115187719 0.9898684256806133 27.294039200610737 0.1064991251656287 0.986344331389087 0.1256295995200622 2.542270328028597 -0.9911083310383947 0.11544077521081927 -0.06616421665079536 13.54299390086058
-0.1111718945472831 -0.11013027028825008 0.9876801777037975 28.072386856195937 0.1082379551431895 0.9865869382773547 0.12219148205556861 2.6329501701845315 -0.9878893434637247 0.12048874132777897 -0.09776046380852993 13.45966331129465
-0.13703935035938808 -0.09896788627971294 0.9856092399822571 28.82535408959286 0.111210665635236 0.9871686555916548 0.11458722994440773 2.724810986288991 -0.9843030043142429 0.12531321918572935 -0.12427466674775167 13.355967247814787
-0.16239762322095108 -0.08529427026556584 0.9830319930867208 29.530347376523153 0.11323872204347905 0.988063612631968 0.10443796829996395 2.8040539875943242 -0.9802061027162328 0.12827776445093358 -0.15080056812003428 13.24303315672723
-0.1840246803212991 -0.07157805509849943 0.9803119396707154 30.29960394940128 0.1149385704633114 0.9889356284656754 0.0937840485959652 2.881541028909036 -0.9761782839484263 0.12993423251597763 -0.1737614835571733 13.104565518884222
-0.2093009622476426 -0.06231760275039519 0.9758635271336126 31.08598714418746 0.11836542309732762 0.989014438840854 0.0885441493228169 2.955938301382805 -0.9706609777966774 0.134040874929085 -0.19962542431024122 12.932751902494529
-0.23552675803092282 -0.058056455373194274 0.9701322560563297 31.813204982506512 0.12239583003648703 0.9884944736277035 0.08887033474207824 3.0208493776760683 -0.9641298704226122 0.1396714845521088 -0.22571103066063802 12.75492399680614
-0.2611105216368873 -0.058540380900452965 0.9635322097857146 32.57083320698758 0.12424438934295148 0.9878190084829247 0.09368531473293265 3.0916836968901813 -0.9572798061211307 0.14417569241672276 -0.2506566227109287 12.554165567443548
-0.28550063435987827 -0.06180663564328312 0.9563834626187162 33.26553308243354 0.12647899186282482 0.9867600814162454 0.1015263824863678 3.1641564063996164 -0.9499960275693107 0.1499482627904145 -0.2739033882387478 12.343419218461827
-0.3045970218206284 -0.06400481115770218 0.950328384531721 33.94644008567122 0.1290770442362714 0.9857617921122235 0.10776272947046794 3.235275501655229 -0.9436947445806994 0.15548978538915187 -0.29199855426081167 12.12247453672456
-0.32158771845551076 -0.06330706263556635 0.9447611101008739 34.67774146001053 0.1324249491651486 0.9849495945632452 0.11107623061801672 3.3118771274879446 -0.9375739822420346 0.16083069355740373 -0.3083642583579645 11.873311730935876
-0.3326207256109746 -0.06007830876559755 0.9411450736788108 35.37429845988369 0.1367438083404404 0.984349327004518 0.11116444263479798 3.3848054529877087 -0.933094091597724 0.16567135914701103 -0.3191996506636566 11.62435913256383
-0.3460689508658287 -0.05718527547445888 0.9364646952851639 36.10820241822058 0.13923113503810802 0.983958302831587 0.11153810705217806 3.468167378245116 -0.9278205496121676 0.1689849181367771 -0.3325554467448729 11.35087769797253
-0.36120217700752644 -0.05489741561783776 0.9308701633866593 36.881715888596126 0.13507807620471024 0.9846559624384572 0.11048325195806771 3.5504740892084845 -0.9226521016362873 0.16564694199675936 -0.3482444399459441 11.064886159205063
-0.37373266104645364 -0.05504106466062383 0.9259019274567698 37.64294790814759 0.13717633067847398 0.9839805455071897 0.11386369203992597 3.636291402639269 -0.9173366625011378 0.16956640959930175 -0.36019533640356205 10.754171554628149
-0.3829495638223652 -0.054425487893521036 0.9221645719912539 38.38307059804638 0.1399482722321546 0.9833225688211117 0.11615165408329364 3.718324708458229 -0.9131068462493834 0.17353556383232388 -0.36894619583064214 10.444354993337878
-0.3919555624999285 -0.051102123075580694 0.9185637757077803 39.05832897354258 0.14514060573132231 0.9825174084576773 0.11659222377823894 3.796420714162759 -0.9084630105806784 0.17901987346319484 -0.3776861704006545 10.152270693362365
-0.3959167886178004 -0.047061547883078814 0.9170796624074795 39.71593354416521 0.14947700428995483 0.982063259102661 0.11492771775842707 3.877751542546924 -0.9060389184130386 0.18258413357000253 -0.3817807125686455 9.866801829127397
-0.3978278045417815 -0.044384970235735774 0.9163858425088415 40.39891671298355 0.15257290052559286 0.981720115509026 0.11378543329509525 3.9535226011082 -0.904684778228679 0.1850826551087861 -0.3837836145788515 9.570252346320974
-0.4000158303567893 -0.04299452074671347 0.9154992117144226 41.14081040096993 0.15629557231797211 0.9810669224797768 0.11436515067911868 4.0392988304678425 -0.9030830690129045 0.18883634396434495 -0.38572244640468306 9.243721547473402
-0.39746362816485203 -0.04203462648825089 0.9166546538702706 41.896897499476644 0.15941826963392403 0.9805962878930569 0.11409090882836781 4.124623768554096 -0.9036639196033877 0.1914784853354305 -0.3830502709314949 8.920507072630532
-0.3925109421860989 -0.04147276598458522 0.918811825101184 42.67114374161611 0.16229380123623238 0.9801845173012735 0.11357391480073137 4.2127894627639195 -0.9053153496679901 0.19369646802267027 -0.37800237556273025 8.590486961889845
-0.38678835039069526 -0.040075247668514294 0.9212973171166583 43.4344830604032 0.16607207532883445 0.979694010955289 0.11233748570407204 4.303723797411183 -0.9070914164504145 0.19645258823096706 -0.3722788508354127 8.27317109893658
-0.3794410811281086 -0.03905194580106751 0.9243913735434157 44.19312882704604 0.1706509502711725 0.9790130594225265 0.11140773156155132 4.390174326623788 -0.9093419154112925 0.20002093642740337 -0.3648135220449302 7.960785820683364
-0.3733232814037782 -0.038381548629823584 0.9269069987257041 44.980182568683965 0.1745726959986258 0.9783875946379474 0.1108245842326652 4.474281447262874 -0.9111279281054265 0.2031860511534889 -0.3585544968940773 7.648493855781804
-0.37055478941935366 -0.03849362244617395 0.9280126017836987 45.800332873739926 0.1776647966442948 0.9777542355994793 0.11149831747887186 4.5637449675915205 -0.9116602262201197 0.2061914057332394 -0.3554725532724445 7.332758760023062
-0.3693539054899038 -0.03839841264321256 0.9284951558332639 46.62139809979305 0.17926355199345012 0.9774355667936225 0.11173312710884736 4.659103507530184 -0.911834563627661 0.20771440651363549 -0.3541362081186297 7.017326969651879
-0.36926642099039986 -0.03850378162343428 0.9285255888394437 47.46039956801596 0.18087958184524355 0.9770555158137703 0.11245041524768698 4.751254476648039 -0.9115508143819688 0.20947548261928475 -0.35382924551397255 6.696820810033559
-0.3732617246104184 -0.03661345263744402 0.9270033117669118 48.328844903398895 0.1851573377794017 0.9761776881536695 0.11311004118734136 4.84590430889659 -0.9090612989272512 0.21386111436379251 -0.3575905179891885 6.358901669964362
-0.373060865050539 -0.036946713994773034 0.9270709418877998 49.203284222121866 0.18887880754434425 0.9752583633219412 0.11487349925563989 4.945654333881803 -0.9083778877914028 0.2179588610164711 -0.35685227738664144 6.017832335120402
-0.37610369035589913 -0.03643457204482185 0.9258609701572829 50.07340119485875 0.1921034635755034 0.9744492088185261 0.11638298292810648 5.044953558036035 -0.9064448540220025 0.22163316853047824 -0.35949473601733234 5.671633186604612
-0.37845322121636066 -0.03551676434771177 0.924938764892698 50.94722779711904 0.19644052273305967 0.9734191593596826 0.11775508999551235 5.137122061831343 -0.9045353947631473 0.22626024759501626 -0.3614166846991424 5.3177044239050195
-0.3804056985736431 -0.035604797940093094 0.9241340827262806 51.82832814805309 0.19898693778687038 0.9727030300216353 0.11938598735586228 5.236441438427604 -0.9031587363708017 0.22930572114619183 -0.36293688592746004 4.967494403316399
-0.3841885815437938 -0.0341384447936226 0.9226232711125602 52.68259496446054 0.2037582577653905 0.9715405742464303 0.1207952192155356 5.333543742277661 -0.9004897035523396 0.234400254223389 -0.3662988050980103 4.616796779537707
-0.3837845917130596 -0.03336880449990244 0.9228195435998783 53.54084256481709 0.20685898452878881 0.9708428436377767 0.12113436125655586 5.432669768714741 -0.8999548586920116 0.2373830150696607 -0.3656918873492803 4.26832391077357
-0.3805854846161079 -0.03425057434394199 0.9241112417109925 54.39136404394031 0.21180558070665775 0.969520064392166 0.12316347154300931 5.527772974623169 -0.9001628102077077 0.24260614769234573 -0.3617308007632774 3.9185624040331706
-0.3768113944321309 -0.03546781738173353 0.9256107210681438 55.298080271572736 0.21810202192660405 0.967774677576742 0.12587168654133538 5.634495493233014 -0.9002470111350774 0.24930745550706876 -0.35693292306951835 3.551636184774897
-0.37442050773159746 -0.03653734884529723 0.9265388850606161 56.21182887736455 0.22202603986492359 0.9666236633166667 0.12784025632861765 5.738949643230976 -0.9002853553245836 0.2535817731139688 -0.3538114799331185 3.194116310080976
-0.37240033358647817 -0.03495585773855879 0.9274136507268166 57.11380820570299 0.22800415494863963 0.965218465767144 0.12793521277692788 5.846989257759487 -0.8996288661836261 0.2590972816373856 -0.35147759783132815 2.8457331773069763
-0.3708676452769787 -0.03475651885049377 0.9280351146826851 58.047109635214824 0.23159492693322356 0.9642661036421676 0.12866495710000914 5.954688834237413 -0.8993447500850293 0.262645894245746 -0.3495656658345444 2.4854797776300614
-0.3683031222195091 -0.03382292167929794 0.9290903186087118 58.938237087559386 0.23370738968293514 0.9638801204759012 0.12773397887387306 6.061324245966026 -0.8998520245967947 0.26418009637449685 -0.34709539107947196 2.1410726611547677
-0.3681437610117895 -0.03317583668120741 0.9291768050745758 59.78227178107484 0.23481248111806277 0.9636503748217427 0.1274403931926389 6.15618188328622 -0.8996295181569322 0.26509869665167507 -0.3469717727630151 1.8151123177944792
-0.37120806712822385 -0.02922872475710181 0.9280895714035375 60.65911128729838 0.2376883721943539 0.9632124890112661 0.12540310497081147 6.262315701103094 -0.8976128389358782 0.2671467436855551 -0.3506049182708053 1.4769478679936174
-0.3746957825106826 -0.027710116578962038 0.9267336294793062 61.5291499775608 0.24022212124704984 0.9625180045403167 0.12590640730040215 6.3656800730125545 -0.8954866850111592 0.26979851811102934 -0.3539948539072534 1.1393764100738766
-0.38083099096114953 -0.028413764143647796 0.9242079930030564 62.398920402635504 0.24275768583336246 0.9613925368063407 0.12958817902069078 6.465056633083937 -0.8922087548844042 0.27370978824341896 -0.3592304128652854 0.7942531716340124
-0.385673984135248 -0.0305150622405905 0.9221303643941553 63.29778910278397 0.24725237761074856 0.9594776673251559 0.13516237520149482 6.57708595661941 -0.8888879792904597 0.28012753681266456 -0.3625006529541609 0.42742478977380877
-0.3899231357359086 -0.030487026597768543 0.9203425935091255 64.17040590668091 0.24931203979513988 0.9586291042004524 0.13738175786116885 6.689399154314336 -0.8864555572791356 0.28302081511624755 -0.366190883529167 0.0695512055731366
-0.3962693809820596 -0.028003207855325146 0.9177071417646846 65.05340250857932 0.2515165221267077 0.9579875227988144 0.1378381125054921 6.804945238406391 -0.8830119007088074 0.2854395321457818 -0.3725778531998602 -0.30675337715249823
-0.4046845805490605 -0.025239167501402343 0.9141079666481783 65.89233848596584 0.25304700974744554 0.9574941634366676 0.13846348920416598 6.918053322956872 -0.8787477460134433 0.28734632659658643 -0.38109642804379656 -0.6610520250679672
-0.4148613624962952 -0.02162310953703557 0.9096276661588891 66.73370266910071 0.25592647577418315 0.9565835268046294 0.13946180568106648 7.03659698287532 -0.8731504388738085 0.2906551175877804 -0.3913156190525871 -1.0314344765977137
-0.4225945769086648 -0.020746810081645875 0.9060813393061478 67.53773688756566 0.25676682552200264 0.9560372103841821 0.14164621305274905 7.147845259770244 -0.8691861830924028 0.2925105506341052 -0.3986890478668715 -1.3829067766928815
-0.4275713262794357 -0.02043418700221769 0.9037506320579827 68.34026811638758 0.2606857944718257 0.9544856815513252 0.14491376840761466 7.263375022371491 -0.8655782330351416 0.29755592367664463 -0.40278380650257206 -1.7523140271114628
-0.43179369188002664 -0.024278966806533922 0.9016455730626218 69.21265196192297 0.26511880092894174 0.9520635733543257 0.1526007001484354 7.397532821633615 -0.8621288935226661 0.3049352128938207 -0.40465823467561307 -2.1548198977684527
-0.4353111663887056 -0.02939374158641278 0.8998000868931143 70.07629785209596 0.2695982736749559 0.9493438954846065 0.16144020235863255 7.5320193537242 -0.8589650512382844 0.31286127286972387 -0.4053354964588568 -2.549487360342944
-0.43735896726313295 -0.03127803247744647 0.8987429100910148 70.9411944322727 0.2711582009775119 0.9482944166737322 0.16495735615020563 7.668423958069064 -0.8574324252074711 0.315847089569884 -0.40626377172111783 -2.942823944819066
-0.43895367917501577 -0.025139722410372406 0.8981579270350213 71.76968510375792 0.27331053426280105 0.9485051127425892 0.16012308691175828 7.800728344799838 -0.8559328357994567 0.31576264101108864 -0.40947885799147526 -3.3304391075401014
-0.4394060304284875 -0.019329746581404073 0.8980805650498058 72.53324279461289 0.27561016094817814 0.9486471083845383 0.15526655446609872 7.922769762537557 -0.8549627942812477 0.31574518943406465 -0.41151378560632473 -3.694017407223223
-0.4399635546575124 -0.015357221939965499 0.897884305635984 73.33980682628244 0.28107475604511234 0.9472607943748135 0.15392845401217553 8.05125533964599 -0.8528945140445605 0.3200955219535014 -0.4124436988705353 -4.077196999233931
-0.43895053379947835 -0.014978364875305378 0.8983863742637772 74.1534751876151 0.28459767972270766 0.9460616574985135 0.1548273261011019 8.177421978929768 -0.852247962493079 0.3236402150487916 -0.4110114616766396 -4.462360954434163
-0.4377116395504013 -0.01707737278318322 0.89895321565748 74.94859783567925 0.2861480439938849 0.9451882320550353 0.1572847828086068 8.301537813140499 -0.8523660114766269 0.32607908446188494 -0.4088332339180923 -4.8285512313922245
-0.4364787399709207 -0.020235589973719992 0.8994869818134184 75.8106329040741 0.2874132019732899 0.9442276603808268 0.16071022588252004 8.443304794771999 -0.8525725546162379 0.32867103046992935 -0.40631932374054824 -5.229383597878668
-0.43361956211753894 -0.023295655464550313 0.9007948644311151 76.66125572948097 0.29030571537541616 0.9427539887284331 0.16412650108071392 8.579555424282338 -0.8530513858903003 0.33267435905567877 -0.4020337098522109 -5.6144981674398995
-0.4318027593297467 -0.02490097284848894 0.9016242668575507 77.47668366679044 0.2899777874875117 0.942718000523747 0.16491104951565985 8.708695020916606 -0.8540838716420447 0.3326600562732287 -0.3998475048830841 -5.975684073159025
-0.4320486507424582 -0.02605130689882368 0.9014739556972708 78.35365971999119 0.2887416246082656 0.9429703989483185 0.16563544586177484 8.853994215163903 -0.8543782754788427 0.33185562540977487 -0.3998869918785635 -6.364498920020213
-0.4322523424661272 -0.025825443810009813 0.9013828037435382 79.1739965808589 0.29318116136652606 0.94125878137997 0.1675610727313145 8.984431830871696 -0.852761818477071 0.33669712343159375 -0.3992897795092797 -6.736924529239023
-0.431124451195737 -0.023836863969818878 0.9019775559831069 80.03585672877094 0.299959692886802 0.9390082764345455 0.16818929642126254 9.124492056121303 -0.8509734956063144 0.343067428800095 -0.3976793294503271 -7.126512615740019
-0.4263999715081822 -0.02030674233047941 0.9043067513370365 80.85674333614037 0.3052535232894642 0.9378684776861976 0.1649939546830203 9.262000062783985 -0.8514712859616523 0.34639623955594195 -0.39370838752090676 -7.495736797968256
-0.4192238097455552 -0.019060944566989257 0.9076828067858489 81.65231524594802 0.31213753834347563 0.9358068802022487 0.16381587262231212 9.391887980285155 -0.8525383008987326 0.3519973911243498 -0.38636288918884754 -7.849485217348614
-0.41089849437683296 -0.01750563546615705 0.9115130169371023 82.52277187571627 0.3195739616764457 0.9336122020966777 0.16198993522627947 9.527309451671337 -0.853835411737692 0.35785724643091776 -0.3780255028957808 -8.221339091036876
-0.40257035790170576 -0.017526411179839108 0.915221247486119 83.38571461112164 0.32228119646882564 0.9330883496605329 0.15962757321467108 9.65781491671498 -0.8567799818748771 0.3592199279535285 -0.36998527811190957 -8.578521871365313
-0.3939478181816616 -0.01762600891172056 0.9189637862069172 84.22136249020602 0.3255793355875851 0.9323124152982726 0.15745366467328817 9.788164749486885 -0.8595366267869308 0.36122414660504854 -0.36154377759989065 -8.914757043692621
-0.3811564004315034 -0.01891111833964848 0.9243171360595039 85.00956287041862 0.3318996770870659 0.9303431137511471 0.15589834843679973 9.907576708161857 -0.8628802945713856 0.36620221230757777 -0.34832963833333924 -9.224901330791726
-0.3694322862714294 -0.020598926047863675 0.9290293160637825 85.80606476814968 0.33527081256158925 0.9294616402286517 0.15393031406372304 10.023851934592471 -0.8666679110850687 0.3683432415412822 -0.3364669200773002 -9.52108837895167
-0.3547743687205466 -0.020413538369128487 0.9347290702391735 86.61390669875615 0.341426205033897 0.9278861060601193 0.14985166230889946 10.140247288777093 -0.8703811198636429 0.3723045280839883 -0.3222204905853595 -9.817751626924371
-0.34054013094249247 -0.019793455405184873 0.9400216158901843 87.43752659611765 0.3480497554164549 0.9261023493859667 0.14558779556109472 10.250421361145749 -0.87343791248847 0.3767527804607633 -0.3084859080134259 -10.106913632851143
-0.32799865522263993 -0.015861849981184256 0.9445450142197112 88.21938351553464 0.3539935682220573 0.9249419843718879 0.1384589441083889 10.350181512848796 -0.8758455547809532 0.37977720740108767 -0.2977647341594969 -10.36633321205807
-0.3148426237520509 -0.007328410708902805 0.9491155971036438 88.99926172807842 0.3619825256840681 0.9234645563731765 0.1272079565981457 10.44247338801272 -0.8774068459775703 0.3836137478232165 -0.2880932472528958 -10.615096806694813
-0.30232074743390663 -0.0028392881333210163 0.9532020269144944 89.83391543180706 0.3647150764947443 0.9235574563333389 0.11842524151770292 10.536659933825614 -0.88067308273186 0.38344955769173783 -0.2781750493081178 -10.868757187090198
-0.29068868784365876 -0.005390496384332255 0.956802502770798 90.7282817911917 0.3685776224662174 0.9221826240636191 0.11717399068175896 10.62977190273052 -0.8829782686889203 0.38671714524167267 -0.26608124060002547 -11.129845479229473
-0.27966400920880774 -0.007273584552262402 0.9600703812330726 91.54983581380534 0.372534949029659 0.9208033982329162 0.11549378145243758 10.710131550254982 -0.8848761233668392 0.3899592244972224 -0.25480590559247174 -11.35960932481824
-0.270582368081487 -0.006156798008185499 0.9626771400223968 92.4033331070042 0.37421810512742326 0.9206650432529728 0.1110706438571537 10.787356251517686 -0.8869870302762357 0.3903049730278725 -0.24681174232895847 -11.589789163009259
-0.26542214104312584 -1.4508857062195402e-05 0.9641322973708409 93.26036584181665 0.37652664088035204 0.9205868574169838 0.10367027856854547 10.866073209134075 -0.887569025908093 0.3905378825935001 -0.24433867174056617 -11.818793038130192
-0.2583150428748405 0.00585262987203139 0.9660430038813752 94.0222216233111 0.3771344356855288 0.9212462489680033 0.09526261692049853 10.923693930553087 -0.8894059568300223 0.38893585009094356 -0.24017899256452063 -12.015237401535732
-0.2494308234882761 0.008065997376007272 0.9683590263844764 94.80609933417183 0.37949580270750255 0.9207976650400591 0.09008105119370874 10.982838500403474 -0.8909361368927342 0.3899571768067688 -0.23273633200586824 -12.211178176270078
-0.24707962902166425 0.007754735821366321 0.9689641484569271 95.63526408756499 0.38264532129892836 0.9194803440262803 0.09021338613173435 11.042390040399074 -0.8902439075953044 0.3930594878916604 -0.2301521756746806 -12.420654652466341
-0.24343421222437994 0.008557874237750174 0.9698796559920341 96.44247060665882 0.38557718024718957 0.9184046842503788 0.08867397599966081 11.099735099655591 -0.8899831584874637 0.39554974242880375 -0.22687084183117306 -12.618816270102055
-0.23766382238392758 0.00579661157618902 0.9713301739491552 97.28701856174814 0.38827543701037026 0.9171841134434885 0.08952925254512212 11.162048227752646 -0.8903696381527547 0.39842151214651683 -0.2202321641237175 -12.820513735411309
-0.23298284590352758 0.0028007022263413783 0.9724768118478366 98.12914691407241 0.3914230894678641 0.915686462268025 0.0911387285982273 11.226565499581124 -0.8902285990385423 0.40188363849018316 -0.21443549745265156 -13.012589415167739
-0.22943341625372804 0.001488368610142149 0.9733232208598663 98.93420762755885 0.3967665074187021 0.913284411481715 0.09212992095547867 11.293033230045314 -0.8887838016620853 0.4073197374340925 -0.210128497352723 -13.195156122686875
-0.2304015429528985 0.0018788727006157357 0.9730938283856798 99.7458147988657 0.3992599792414675 0.9121319720685345 0.09277248787474324 11.355240487286231 -0.8874156849983139 0.4098923460711865 -0.21090677241670552 -13.375061161951894
-0.22452642269163353 0.002993208017447818 0.9744634042482366 100.60896443973567 0.4002720646411859 0.9120226816444761 0.08942540150259823 11.421013381120643 -0.8884650582781409 0.41012884423286167 -0.20597128767630918 -13.565143238296013
-0.2188581706708141 0.006365633922132602 0.975735917057169 101.38789530025237 0.4076595514443587 0.9091216648741534 0.08550724280803534 11.475831779986533 -0.8865183535871152 0.41648202501574716 -0.20156371596091754 -13.738112776710334
-0.21555215936894284 0.00901743003072858 0.9764506913034712 102.1999544283548 0.4127285068582885 0.907088966959855 0.08273321972600267 11.530884843911043 -0.8849816078416057 0.42084236000591035 -0.19924673600022208 -13.915756544400404
-0.20897082808081535 0.007868946156517509 0.9778902150536145 103.03666070730011 0.41748715356842986 0.9049814781275894 0.08193290457034882 11.587322830562083 -0.8843278066512151 0.42537818930028537 -0.19239991281459035 -14.091677953384142
-0.2012939339785786 0.004808266357382018 0.9795190823654556 103.8933290361908 0.42238861495541563 0.9026643163682715 0.08237105020240224 11.646681927075297 -0.8837808609035802 0.430318501263933 -0.18373180827088492 -14.26522796221894
-0.1915526762014222 0.0024422946247128763 0.981479295470383 104.72802391854219 0.42530333462660275 0.9014402606689527 0.080762181747292 11.699706508908834 -0.8845477069076406 0.432896629280082 -0.17371201041487644 -14.422612718176978
-0.18831562867285562 0.005421977133993228 0.9820935933817642 105.5488851288653 0.4290198675024058 0.899981861569511 0.07729555054526613 11.751296230811258 -0.8834473256995946 0.4358936235021522 -0.17180678596725613 -14.571345612033157
-0.18464901801877148 0.007913064746135873 0.9827726713492937 106.36435946982775 0.43469925191621495 0.8974932564557112 0.07444739753682594 11.800352899644043 -0.8814427380880658 0.44095718388846616 -0.1691610518085263 -14.723050949185366
-0.17778536468637357 0.008546479475302432 0.9840321751812344 107.19200790968736 0.43769012522184414 0.8962949537635512 0.0712931282893387 11.846289021808873 -0.8813737676982563 0.4433760407899506 -0.16308883489316023 -14.866085224381298
-0.17340735793229445 0.0059774548233091085 0.9848320457056506 108.00340478814817 0.4413589608079749 0.8944144166305923 0.07228498487142579 11.890016738726755 -0.8804158994074597 0.44719919650776774 -0.1577362441335578 -15.00398687384879
-0.1670933434728854 0.0045163686350295495 0.985930736401602 108.84476831456541 0.44650339546848505 0.891913707320507 0.07158670636999037 11.93429428878514 -0.8790418263098557 0.4521830836156325 -0.15104941737620803 -15.147447286118705
-0.15878739980447282 0.004432144341292965 0.9873028500717868 109.70400141730228 0.4504158604079862 0.8901915403663332 0.06844394898856379 11.980985505501748 -0.878585291452269 0.45556489939058475 -0.1433475081296442 -15.28485509465499
-0.15172267537791873 0.004318272670182671 0.9884136696228522 110.53170308982817 0.45319704132524985 0.8889872128128817 0.06568239634197326 12.023179393855663 -0.8784034787671361 0.4579116595767466 -0.136836546702492 -15.415391914370534
-0.14771436956741257 0.004360947636214307 0.9890204483017611 111.38684085826598 0.45237116845750475 0.8895561409936972 0.06364116567752026 12.065065819873132 -0.8795116775641436 0.4568050504932229 -0.13337299153948057 -15.530034690559367
-0.14288305171565036 0.003745426406265878 0.9897324917943527 112.19818374126487 0.45508544267501005 0.888263093556748 0.06233711968230879 12.101479047234049 -0.8789093658607315 0.4593197670534457 -0.12862223056787464 -15.648985004470555
-0.13846313557551976 0.0026012651219486926 0.9903641721641392 113.0210210792172 0.46032219241570893 0.885582035412182 0.062031747716892266 12.139125638186988 -0.8768873583626293 0.46447571731467563 -0.12381788549651157 -15.768991578406327
-0.13375758771253865 0.0018941870683383821 0.9910122702493005 113.82839017844378 0.4647200590330186 0.8833515579491327 0.06103516856032995 12.17603646257369 -0.8752966208444257 0.4687071976449586 -0.11903524021960654 -15.88365935319923
-0.12910949092549995 0.0035276493773269413 0.9916240694148308 114.65326740791583 0.46852130595945274 0.8815550921946991 0.0578654066575616 12.210899585832106 -0.8739671190697094 0.4720679772188183 -0.11546990806927204 -15.990220527672333
-0.12143947038713049 0.0014469461122040284 0.9925977842908181 115.46947945177035 0.4736386555294012 0.8788944016103237 0.056666169857614246 12.241367653427332 -0.8723066427698428 0.47701418968934156 -0.10741780026897946 -16.095355548369668
-0.11484033408401201 -0.000596864056336438 0.993383783550331 116.28545251967198 0.4776164583951953 0.8767983659699383 0.05574176264235675 12.271673617268124 -0.8710305484525231 0.48085784717080826 -0.10040674517557274 -16.192721536605134
-0.11099218217296086 -0.0013307088721638272 0.993820388556394 117.11796424676011 0.4842756332095468 0.8731689901127434 0.0552541924652267 12.303957062844612 -0.8678466722733785 0.4874157813606258 -0.0962705017366891 -16.289809398721832
-0.10528321721557832 -0.0002137487829959317 0.9944422549772287 117.94990921233243 0.4882160715237803 0.8711796610164657 0.051875483006168926 12.33533931040357 -0.8663489549128716 0.49096430882773345 -0.09161624189346307 -16.382634896679697
-0.10077600201083897 0.002044711699987295 0.9949070391613357 118.73733141743253 0.4908900975595507 0.8699017828676099 0.04793537609875059 12.360288177486941 -0.8653733931296284 0.49322074907470975 -0.08866895254538648 -16.461777864042535
-0.097096942129417 0.000740267869699357 0.9952746534663675 119.5576913131201 0.4944101018114505 0.8679251267622153 0.0475880821381123 12.382717824704113 -0.8637886518448294 0.49669450000807713 -0.08463887171872364 -16.543227959489855
