1.0 0.0 0.0 0.0 0.0 1.0 0.0 0.0 0.0 0.0 1.0 0.0
0.9999400026378314 -0.0025576025163804423 0.010651281332399632 0.007492562290281057 0.002544443334641777 0.999995983116205 0.0012488232748455413 -0.0006318741943687201 -0.01065443254099051 -0.001221646766951617 0.9999424936697142 0.3089253902435303
0.9998024169812985 -0.004754553592449471 0.019300808752235436 0.017714927338318358 0.0047155433595565885 0.9999867471889866 0.002066179376024822 0.00010338071468234383 -0.019310376722839563 -0.001974757333520852 0.999811587092436 0.6101717657795206
0.999681041503241 -0.0074061776780446455 0.024144643115955294 0.027733506613809994 0.007363818898223007 0.9999711886839411 0.0018428166648919624 -0.0007935350065889673 -0.0241575957046596 -0.0016644321035906044 0.9997067771279451 0.9063249887057825
0.9996370604910558 -0.009777559258461983 0.025102721520753598 0.03929511323478033 0.009755789240396443 0.9999519215163011 0.0009895615970503386 0.0006333755903974197 -0.025111190117121217 -0.0007443055855333989 0.9996843872643492 1.2304017481118303
0.9996828223261093 -0.01269619300804022 0.021749975384064844 0.04848957659598007 0.012700317644772734 0.9999193463866423 -5.151147743732488e-05 -0.0005215420364560263 -0.021747567170300002 0.00032772673529034394 0.9997634399783584 1.5674706161184067
0.9998260901780269 -0.014998777553714688 0.011082692417190789 0.0514841420198362 0.015016884022560411 0.9998860352078487 -0.0015523500190725414 -0.002405986460347315 -0.011058146027831414 0.0017185075568437484 0.9999373801084767 1.8924941839138933
0.9998696582463283 -0.014794775217764866 -0.006463833585913375 0.03442706890646258 0.014780469158511318 0.9998882191101105 -0.0022554414791825295 -0.0004419664177416809 0.0064964798025443716 0.0021596090080224866 0.9999765656449693 2.2329744752674676
0.999600854665127 -0.011702611889385818 -0.025713425048295924 0.005014286258510709 0.011653695482330974 0.9999299891114941 -0.0020514036883596183 0.00032804143828672793 0.025735631609755085 0.0017509284548268855 0.9996672503964473 2.594592555344029
0.998949692509895 -0.00936328022280944 -0.044853548553663976 -0.03334741382628398 0.009243649138344908 0.9999531469547424 -0.002873820786869903 0.0003251632766456969 0.04487835541766121 0.0024561919259324457 0.9989894395519051 2.9475049126933075
0.9978742843382337 -0.009697094722481672 -0.06444283521386385 -0.06963914821764444 0.009467825186661949 0.9999477206401101 -0.0038621590960580014 -0.0010771166927747281 0.06447691790627713 0.0032438157456415517 0.9979139265070488 3.32818415665717
0.9962625492395503 -0.011579190536341698 -0.08559705210599108 -0.11666162685631863 0.011320129053082157 0.9999297602724054 -0.003511296027299732 -0.0011758045403457758 0.08563169775809787 0.0025292030548891196 0.9963236499606807 3.7302230890850483
0.9943674779853405 -0.01300212442289163 -0.10518680281083376 -0.1711136629584463 0.012754592758092544 0.9999140793097919 -0.0030256175612145557 -0.0038884288230442887 0.10521710454412245 0.0016669608703151055 0.9944478780473155 4.130098766113346
0.992344875501314 -0.012826563829854693 -0.12282966794142311 -0.2389329898688972 0.01264134857253371 0.9999174792575697 -0.002287133895362461 -0.00857202475128651 0.12284886801492842 0.0007168929531521979 0.9924251315298018 4.545225139129735
0.990114731917795 -0.012832773364950662 -0.13967153456276307 -0.31354122096189896 0.012764853573527978 0.9999175707000811 -0.0013821427186787468 -0.012977301945289685 0.1396777582602173 -0.0004144068197068833 0.9901969259265494 4.975655950359387
0.9880363717474991 -0.012871952917370116 -0.15368292335887745 -0.3927551532429584 0.012764127417093946 0.9999171099014985 -0.0016883061080944744 -0.015757939848161456 0.15369191636295576 -0.0002935205741433902 0.9881187725624662 5.420670777676809
0.9856208777307433 -0.014088139955408014 -0.16838351966233592 -0.47445290388952327 0.013872791439689608 0.9999007537011223 -0.0024552811648433136 -0.022145566969886798 0.16840139856589761 8.402692661216749e-05 0.9857185003339064 5.866652048008605
0.9836257971422124 -0.016268944730355006 -0.17948708208032058 -0.5597980072040684 0.015777049559453145 0.9998668482271692 -0.004167795996137611 -0.027130097153433057 0.17953098869984993 0.0012677750697641264 0.9837515015708117 6.3141624926210085
0.9819320145743382 -0.015588341388519427 -0.18859088622395564 -0.6593271379079263 0.014682645415070559 0.9998729904942016 -0.006198613054367516 -0.03004582858124924 0.18866355948512503 0.003317603493101631 0.982036177963656 6.797679764402533
0.98038638362346 -0.01605362977119241 -0.19643019059422487 -0.7651019691710251 0.014862647759775001 0.9998611468950751 -0.0075358231955090955 -0.03435247967848063 0.19652389296796172 0.004468545718083515 0.9804888533746228 7.300044127158468
0.9788674356333502 -0.01682200108834435 -0.20380275693908814 -0.8741027997293962 0.014977884305650474 0.9998317673621402 -0.01058772663162261 -0.0425319406103009 0.20394657741260538 0.007311446702477086 0.9789547161686292 7.800307737329262
0.9765219290999783 -0.01977999254946094 -0.2145079809275187 -0.9903829854750822 0.017625622963605397 0.9997732234032198 -0.011951534674710666 -0.05085017684143188 0.21469573680444212 0.007890098901741038 0.9766491114711152 8.321935716879338
0.9744110039960566 -0.024663124681923908 -0.22341648455814755 -1.1059605039703666 0.02227201879577493 0.9996645862851484 -0.01321635752027914 -0.06076576863483313 0.22366750427846632 0.007902228057141008 0.9746334707578923 8.846467383084095
0.9716572150391024 -0.02584511487972733 -0.23497720421204618 -1.2438663986494864 0.0227037206978352 0.9996131553721523 -0.016064889461316966 -0.07079350129702049 0.23530150345658787 0.010274708939105783 0.9718681149349877 9.391928020437566
0.9690356643281133 -0.02162779046178953 -0.24597178687791274 -1.3951254094383114 0.017018069285697796 0.9996377380131031 -0.020851332279593165 -0.07688237584908077 0.24633364889506995 0.01601971971626658 0.969052682779555 9.938753786184693
0.9665216192244864 -0.019036014874290977 -0.2558780758669696 -1.5601093786645446 0.01345209637425935 0.9996320283037253 -0.023555234928091102 -0.08869172096545394 0.25623231777981187 0.019324547267289268 0.9664220409314451 10.50691261989169
0.963437165001647 -0.021364049911030976 -0.2670812731454385 -1.7248832153063764 0.015329032409457854 0.9995783398786514 -0.024660965326385495 -0.10673472773082142 0.26749551371748115 0.019665193028251066 0.963358412183224 11.07988542734674
0.9601415020508645 -0.022338334175590654 -0.2786203418018322 -1.8928344545599316 0.015509445439630684 0.9995234322217244 -0.026690176879505846 -0.12337311176123458 0.27908377441489735 0.021305099529545228 0.9600303847235103 11.633630146576163
0.9571621306263189 -0.0209903745988129 -0.28879068521870144 -2.0680277809711827 0.01297662678335642 0.9994765151846012 -0.029636173028432106 -0.13783290949264612 0.2892615820537029 0.02461909357891147 0.9569334550422729 12.185514716341906
0.9542999836265458 -0.01982929492106987 -0.2981917844497196 -2.2618522357208604 0.010403732501951169 0.9993957954525099 -0.033163328872011684 -0.15585138972226542 0.29866922104629845 0.028545456639868134 0.9539296899168298 12.76330934215741
0.9521090428499879 -0.02028761202179106 -0.30508487888083474 -2.4581685977045993 0.008834120234571016 0.999204996835031 -0.038875861657167235 -0.18027101889595956 0.3056310338348536 0.0343189029305912 0.9515313363513992 13.357997110985815
0.950147048463273 -0.021483449274869292 -0.31106116392726524 -2.665435275200761 0.007326242693601601 0.998886303689903 -0.04660985377275412 -0.20737232288603288 0.31171607668602097 0.04200730541200173 0.9492462661646333 13.971235634336152
0.9491901534299807 -0.021413705236162324 -0.31397373434672593 -2.874889096681542 0.004405407846736292 0.9984886791142151 -0.05478092790793016 -0.23504146339128493 0.31467228192720376 0.05061433501300478 0.9478499586315957 14.574405621350449
0.9483440300977172 -0.02248704344885439 -0.31644578280481084 -3.0889059113490593 0.0024667620226788856 0.9979771990197681 -0.06352499761339411 -0.27120657253115676 0.3172341653465838 0.05946295580937424 0.9464811890488204 15.18582325884541
0.9477008156939173 -0.02186722548806714 -0.31841009466180237 -3.313771162271703 -0.0010969047011801392 0.9974210401367717 -0.07176395677885325 -0.3121475632735309 0.3191582064324219 0.06836002590648 0.9452327470654542 15.803596764146086
0.9472310745216013 -0.022598117974717884 -0.3197539937587233 -3.5388581892525868 -0.0027489351602435676 0.9969026080655288 -0.07859792228571923 -0.3602814146028817 0.3205397554378204 0.07532937737793878 0.9442350078702414 16.42107949788012
0.9467269713811874 -0.021605428335748706 -0.32131176001795125 -3.7737265635795305 -0.005838152034361714 0.9964315048542994 -0.08420315976624831 -0.41526661260041586 0.32198440589604393 0.08159326933163966 0.943222445004118 17.072215515551825
0.9465484422562226 -0.021891904560958988 -0.32181794694673654 -4.007327761603445 -0.0074090836912556095 0.9959554342516768 -0.08954260697238088 -0.4734590650614661 0.32247659130729883 0.08714079124754472 0.9425578658944911 17.723053359306686
0.9465660576788296 -0.019896664675997367 -0.3218956681676993 -4.261735909173798 -0.011046890513770766 0.9955092255486175 -0.0940178071301836 -0.5355645636754138 0.32232074810712297 0.09255001124993209 0.9420954467341948 18.410134317482306
0.9461952158494529 -0.018110691047464662 -0.3230891771220306 -4.521783195562576 -0.013842408362576518 0.9952534426464938 -0.09632742408590712 -0.5996182328476755 0.3233001720295417 0.09561688015243862 0.9414533504086027 19.119857845255165
0.9460489999996392 -0.016267168252677915 -0.3236150009451382 -4.778918460256966 -0.016220349713514385 0.9951092709586418 -0.09743941249480058 -0.6684795090842122 0.32361735097929156 0.09743160723912787 0.941158271522886 19.822281486719465
0.9448100859846594 -0.01483159583552759 -0.3272826380769873 -5.043113472678143 -0.017888653292804868 0.995149005219072 -0.09673910013464769 -0.7411295223534232 0.3271297869424772 0.09725472315760882 0.9399614999128989 20.554142004788552
0.9436774319376375 -0.013635584882955337 -0.330585806223566 -5.305550588317762 -0.019171532688125176 0.9952182900791383 -0.0957758185887448 -0.8110507879390064 0.33031100009835207 0.09671931511779706 0.9389036251379429 21.265767554046622
0.9418148310789524 -0.012750361107264001 -0.3358902383984372 -5.576117288530409 -0.020192390769611292 0.9953294723451999 -0.09440078832315665 -0.8836141633535903 0.3355250978909505 0.09569048945773284 0.9371585985907657 21.997386431123314
0.9388987691662298 -0.011709513201254832 -0.34399416936734334 -5.894462606669512 -0.021356223322656034 0.9955136027912662 -0.09217688638127294 -0.9688820833500082 0.34353022135400507 0.09389118147165312 0.9344364253700331 22.83890946563611
0.9356670177241833 -0.011323050086832483 -0.3527024531809555 -6.181191973846644 -0.020724342185532662 0.9959967596209586 -0.08695376050250785 -1.042572748464437 0.35227508226400284 0.08866929209868334 0.931686654972909 23.584515526971025
0.9333864210721089 -0.009914950263119815 -0.358735951250331 -6.4395686313703715 -0.02139497627284468 0.9963028849363508 -0.08320346421747812 -1.1030419003039367 0.3582346213705264 0.08533613085197037 0.9297234539489316 24.231763875782594
0.9304210739666994 -0.008260546124408777 -0.36639922010885934 -6.746485907748241 -0.02270753556905744 0.9965257737475824 -0.08012958308366663 -1.1701390447444568 0.36578818043648403 0.0828742760723058 0.9270010040007818 24.983522656651182
0.9271483841122559 -0.007551630139104686 -0.3746182680012749 -7.063634192754157 -0.023977579614763423 0.9965519382037561 -0.07943116603799012 -1.2358349271529416 0.3739263958506414 0.0826269165864202 0.9237704493766675 25.737227123544084
0.9238232018149339 -0.008121071027382071 -0.3827332491354416 -7.39375816640965 -0.023936115421497144 0.9965933729802373 -0.07892218515982849 -1.3060264569852573 0.3820703523788944 0.08207129301553437 0.92048169384069 26.513914889838883
0.9206482927427211 -0.00789336970038391 -0.3903132277859492 -7.727254690462737 -0.024716830643776902 0.9966111826506179 -0.07845526686376039 -1.3730759911356054 0.38960980397423267 0.0818770134440068 0.9173332847535023 27.281438912120237
0.9173106209708289 -0.007645131601389922 -0.3980989532979332 -8.080232830373147 -0.025141053458513273 0.9967085310762794 -0.07707159989750997 -1.439432812199191 0.3973778454885334 0.08070722422784166 0.9140991149062165 28.079077876174047
0.913799458420759 -0.008290723149974297 -0.4060810432654768 -8.432823683244223 -0.024515665553560224 0.9968429262003167 -0.07551928645621671 -1.507460535028535 0.4054251249397274 0.07896483010835025 0.9107112734964721 28.857098066515253
0.9105263164632227 -0.007808327810397057 -0.4133773784869227 -8.799895852950474 -0.024442353818584138 0.9970563805937431 -0.07267148861219194 -1.5752471930560674 0.4127279956190545 0.07627321898353431 0.9076552196171008 29.652653910270807
0.9066221076869653 -0.005301979896008641 -0.4219102308103314 -9.182348024106641 -0.025406408857873042 0.9974207948290701 -0.067128774988769 -1.6400218677819396 0.4211779531767913 0.07157965529204864 0.9041490389897454 30.463078122530444
0.9033806456466328 -0.005725709885442069 -0.4288013821309124 -9.564074461935569 -0.023703507183457585 0.9977155569926383 -0.06325986944401242 -1.705514957802277 0.42818401747178375 0.06731183834347025 0.9011812046422993 31.26496873369431
0.8996156284451039 -0.0054657538327324735 -0.4366484244702604 -9.9767803361792 -0.023610700526204082 0.9978502044590332 -0.06113513132175108 -1.7725466311423548 0.43604386921270044 0.06530769476949722 0.8975525885015939 32.11734073762335
0.8967750410267202 -0.00526030437998303 -0.44245548362445963 -10.390801438795876 -0.023486334041201387 0.9979539409118726 -0.059466998677991156 -1.8339154814680976 0.44186300807470824 0.06372017746595679 0.8948166410381948 32.95436580028004
0.8942249275368415 -0.004910552362065055 -0.44759095773622415 -10.807137073830942 -0.023424061686244384 0.99805636427667 -0.057747788364182574 -1.889098826380555 0.4470045774998842 0.062123910069592524 0.8923718549415459 33.78069225420909
0.8913961720420682 -0.005943112062294871 -0.4531859925988032 -11.234641104287434 -0.02203635318413806 0.9981630871631633 -0.05643448026913295 -1.947553332716143 0.45268892587194076 0.06029204627410015 0.8896277904545193 34.62078754839414
0.8895641266580154 -0.006064080239476188 -0.45677006413950944 -11.664874368228407 -0.02194915634241216 0.9981895814159253 -0.055998161474787804 -2.004345154445467 0.4562826964711885 0.05983967315710586 0.8878205417861383 35.44974370140909
0.8884409434510967 -0.0070643477981274 -0.45893658057504233 -12.107181770153097 -0.021159657614848105 0.9981881111387547 -0.056327290640217145 -2.061513895246069 0.45850295406828906 0.059754412150335695 0.8866817080211028 36.296984368959336
0.887303217608935 -0.0063621420953650365 -0.4611426277940365 -12.56942133905061 -0.022057328289563957 0.9981751384688475 -0.0562126961764288 -2.116976861604249 0.46065873951283864 0.060049280517384014 0.8855436802438303 37.16821559522273
0.8867150608289475 -0.006154943562434692 -0.46227536984881573 -13.038671716942178 -0.02215141987369718 0.9981973131012867 -0.055780271736083235 -2.1741276169078483 0.46178535652042424 0.05970126286030603 0.8849802504667489 38.05432965998442
0.8859376410873115 -0.004661442208656863 -0.46378094728134917 -13.52278500102134 -0.023026578305521662 0.9982743117253634 -0.0540201373636897 -2.231112561236981 0.4632324176870504 0.05853776136638279 0.8843014518239936 38.963500806626236
0.8855067797421455 -0.0053362302894428195 -0.46459581108420883 -14.001745199019792 -0.021936948784003596 0.9983387387183023 -0.05327788520951102 -2.2919501542403915 0.464108299116428 0.05736974307636267 0.8839186610037196 39.86846334257311
0.8849327330538678 -0.0071295881820457735 -0.4656642856631446 -14.484840858046635 -0.020139908798113965 0.9983615829229302 -0.053558695066488304 -2.3507431594420423 0.46528318478472436 0.05677427864778081 0.8833392548962197 40.77743045793209
0.8836039113554742 -0.009234415320922115 -0.46814405198719367 -14.970969487381634 -0.018275401680375336 0.9983635274093597 -0.054187423191750454 -2.4095091118948475 0.46787833624856845 0.056435739672849504 0.881989155124285 41.6868780066624
0.8829964533641784 -0.009885197475636109 -0.46927555467672744 -15.472108943789934 -0.016917473160705184 0.9984583825057924 -0.0528645202926668 -2.4696250985324495 0.4690746874945816 0.05461814052844199 0.8814679780213666 42.62177330560271
0.8810483199526442 -0.00902619831131297 -0.47294015018040897 -15.98122067768703 -0.016379727231928293 0.9986361646068915 -0.04957333229716341 -2.531591647492101 0.4727425963930377 0.05142313179185228 0.8796988684045735 43.56566496504636
0.878796750830233 -0.00947706806308451 -0.47710214410663987 -16.485718883618183 -0.013985975407231769 0.9988617487002108 -0.04560262575187103 -2.591832488239062 0.4769912611590841 0.046748178194284395 0.8776639132454871 44.48479866515578
0.8760268434043241 -0.009821082381307723 -0.4821623336345503 -16.999656940621477 -0.013164752873856645 0.9989330468290554 -0.044265756907461845 -2.6500239482689616 0.482082626649028 0.04512553926192783 0.8749628716634176 45.41127529582394
0.8714809495304982 -0.012581599504488852 -0.49026794506609345 -17.53561736735759 -0.012162199697212984 0.9988089940837392 -0.047251182376254884 -2.7105681864677256 0.49027852849573833 0.04714124193673342 0.8702899906380148 46.3567784234584
0.8663063219664452 -0.015857813339006537 -0.49926134065945393 -18.05266168515017 -0.011035045797616595 0.9986444569903488 -0.050867241783844906 -2.76615935858542 0.4993912136644122 0.04957598489749709 0.8649570147910408 47.262194123216396
0.8605113072273596 -0.015698285932056685 -0.5091894087200326 -18.60060586954406 -0.011771121804963477 0.9986455233555371 -0.050680956713524704 -2.8245591620245887 0.5092953277081125 0.0496052668649292 0.8591609783235884 48.18351620467624
0.8551639009595879 -0.013825825936338076 -0.5181732808942954 -19.163548254006542 -0.011933817771524455 0.9988541511648418 -0.046346183167114204 -2.883501166927484 0.5182203069052547 0.04581736830004244 0.8540190175125388 49.10627444433353
0.8505612173105641 -0.012366190853990775 -0.525730627727674 -19.732432841542803 -0.011967841491673478 0.9990093635241549 -0.042860965470844475 -2.939532280137995 0.5257398466705768 0.04274773578595033 0.8495706237317607 50.01970403767268
0.8468091793963435 -0.01251613943169141 -0.5317495274504885 -20.309513350392546 -0.012948663304890033 0.9989417254084804 -0.04413344940682721 -2.9957163838434386 0.5317391708429123 0.04425805566961615 0.8457509554825446 50.92999284204391
0.8447694316901052 -0.015720189985325452 -0.5348995072990834 -20.870405752809898 -0.012494420575576393 0.9987165097450686 -0.04908383254299818 -3.049924500866313 0.5349845761668812 0.048147780732384196 0.8434887636916624 51.81446543279508
0.8430798660466451 -0.018002904622593737 -0.5374869625320423 -21.44555440004799 -0.01505093235781159 0.9982581792184861 -0.057044518216509424 -3.110669480003001 0.5375777235916047 0.056182764692945544 0.8413404115157702 52.705416404433755
0.8403479477093077 -0.019071418461108255 -0.541711738638398 -22.010926555299378 -0.015361247341379183 0.9981415557713085 -0.05897004936871597 -3.1727882023383103 0.5418296400722942 0.05787672796827001 0.8384932471396624 53.58611326490514
0.8387922825128408 -0.01896861378764465 -0.5441210329401668 -22.60068769478175 -0.013967722880049573 0.9983142560699783 -0.05633425995779411 -3.241060780147363 0.5442723670318429 0.05485287429498443 0.8371133451732411 54.48794572732059
0.8363014919270816 -0.016817136316948603 -0.548011859841222 -23.19240787128511 -0.01372536255799632 0.9985740485935584 -0.05158957160242635 -3.306909310224958 0.5480980104171056 0.05066609716139079 0.8348781453453213 55.38212517613405
0.8336900100216593 -0.015159761144016069 -0.5520245907857202 -23.779812245631437 -0.01426774264944843 0.9986981377916377 -0.04897408591494097 -3.3679021626729226 0.5520483662776066 0.04870535097472649 0.8323883649334931 56.25696367694521
0.8317504741157304 -0.0146328891891709 -0.554956779724543 -24.377447034562085 -0.01584291743784437 0.9986197427949768 -0.0500760548281516 -3.4264794454269265 0.554923553992183 0.050442916787908326 0.8303706168757496 57.13952373008357
0.8287046206033635 -0.016365518506457923 -0.559446888984692 -24.983685663262847 -0.015589875123832643 0.9985095860779677 -0.0523026032242085 -3.4902889762217266 0.5594690407737133 0.05206511609917397 0.8272143713097112 58.032310147553545
0.8260525141230911 -0.01868732434021786 -0.5632832571805452 -25.58071113847988 -0.01505788009753272 0.9983615650001975 -0.055203675396888974 -3.555408326582178 0.5633919631640915 0.05408298659800749 0.8244176892830182 58.89493911078468
0.8234990234489094 -0.020307704624409822 -0.5669541035318298 -26.190392203531683 -0.014136030099494979 0.9983143206869012 -0.056291116212751256 -3.621042987104801 0.5671415440890565 0.05437015950260785 0.821823797856902 59.774413770934736
0.8203357019735522 -0.02108127102151121 -0.571493583585745 -26.802919093565585 -0.013136705758709986 0.9983619985509493 -0.055684349786661876 -3.6896622981914 0.5717313731372177 0.053187403221738754 0.8187150524505823 60.6507022809135
0.817428575500457 -0.02052656043778079 -0.5756641245308657 -27.426931933554158 -0.01385328227814125 0.9983753059414913 -0.05527056229455318 -3.7569687722197895 0.575863360985413 0.05315457461807101 0.8158161439146421 61.52927291837803
0.8127446483861243 -0.020998050600797187 -0.5822415464312742 -28.058679320186595 -0.014357076225214321 0.9983250337254468 -0.05604463756104667 -3.827686160433235 0.5824431396127683 0.05390926551208112 0.8110818578971973 62.402670912685586
0.8078703415245566 -0.02215082352638792 -0.5889438447781752 -28.700695883630623 -0.014356285523945278 0.998257309388152 -0.0572384601389873 -3.897662066342244 0.5891853768984354 0.054696300334028974 0.806144469917656 63.274869143590124
0.8039772093915731 -0.023505520914849427 -0.5941953696095756 -29.349498855995424 -0.0141538521401431 0.998179001866652 -0.05863743430684556 -3.972090866851816 0.5944916443891652 0.05555331420371099 0.8021804747265109 64.15484016260504
0.799300529656063 -0.024000529842214305 -0.6004520279413088 -30.01936748617361 -0.014699330013971626 0.9981222810256992 -0.05946294490853654 -4.048320557039557 0.6007516899590692 0.05635500587657036 0.7974468761766982 65.04400175095827
0.7945894419801836 -0.02594353333198024 -0.6065925747747601 -30.67873784620305 -0.014098444264637092 0.9980288381944091 -0.0611528576734968 -4.122725875947023 0.6069834038612073 0.05714342666108207 0.7926574141623177 65.91078185385119
0.7892014061302731 -0.025825221950387937 -0.6135912307662269 -31.366688327852064 -0.014831118271383835 0.9980226068253083 -0.06108120984751816 -4.200294757839525 0.6139553554557694 0.05730562081357749 0.787257827735203 66.79559760703724
0.7844125201697579 -0.026254269480443317 -0.6196835575799776 -32.05650292927244 -0.013906985826014791 0.9981080476502501 -0.05989090883465673 -4.275625501825977 0.6200835378770865 0.05559710918612947 0.7825633313055126 67.6619249106408
0.7803798123692598 -0.02735291050785858 -0.6247072648315115 -32.74019830522753 -0.012642893518533451 0.9981483879529544 -0.05949750306019377 -4.352577044818053 0.625177979210719 0.054328757704072535 0.7785890317724327 68.51428427129377
0.7753015833030309 -0.02877277637047737 -0.6309354818582866 -33.445899444798904 -0.011819878683258234 0.9981258496402339 -0.06004230798257724 -4.425940450023607 0.6314805977983227 0.05400847729658836 0.7735084608356765 69.37970228528783
0.771133790405009 -0.031028403633144394 -0.6359165947383216 -34.15924509121493 -0.010883016575151441 0.9980234013498106 -0.061893863252993016 -4.502267434526882 0.6365801106269573 0.054649140214040805 0.7692718857647388 70.23758503842737
0.7671845471176857 -0.029679474436715245 -0.6407394161911627 -34.87053929572097 -0.01301662213503312 0.9980028345588626 -0.061813507914284624 -4.579708916937528 0.641294346000357 0.05576263094255801 0.7652660261492985 71.0801004300407
0.7630567404374542 -0.029458600714299833 -0.6456598188805953 -35.60372483396579 -0.012661595981677074 0.9980877606700195 -0.060502115565513395 -4.658614054261938 0.6462074704459586 0.054341630861259704 0.761224600426953 71.94031468447666
0.7604006955058846 -0.028884376291106868 -0.6488115867341157 -36.33841504472404 -0.01365665151019119 0.9980784768031981 -0.060438812130429724 -4.736839815011064 0.649310617612015 0.054818308515330254 0.7585451040695088 72.79121028805899
0.7562482745593558 -0.028900379881819694 -0.6536461697804737 -37.08900166362393 -0.014160359816030536 0.998067038858555 -0.060511735671658226 -4.817314973832213 0.6541315092822527 0.05501776064874504 0.754377236253401 73.65050917536361
0.7528434059664998 -0.02982044082997331 -0.657523799874549 -37.818676829808574 -0.01571678167938944 0.9978738601021728 -0.06325141973451347 -4.893056084745613 0.6580119975094697 0.05795257227677864 0.7507740742061505 74.47333673866896
0.7500107265207121 -0.03163926622895388 -0.6606685000333883 -38.5743574292026 -0.016147483510816827 0.9976816852771263 -0.06610986037544704 -4.970180315702468 0.6612285299955998 0.06025123812077709 0.7477610710813795 75.32437500729509
0.7467333916804282 -0.03130538929200579 -0.6643863441934373 -39.33724179703587 -0.017999397301203396 0.9975747769521017 -0.06723530386454891 -5.051039784082619 0.6648798864804365 0.06216540026607055 0.7443589185087538 76.17418630763395
0.7441437822843916 -0.03010512521690023 -0.6673407770570857 -40.09886040450311 -0.018524340426611587 0.9976698799388914 -0.06566322771899807 -5.135600733187374 0.6677625926174954 0.06122493036658149 0.7418521603408379 77.0176614106461
0.7409945933239233 -0.029674122512712075 -0.670855020938067 -40.86791543408789 -0.018749880450543533 0.9977193367565211 -0.0648426329294082 -5.218565730160584 0.6712491747837044 0.06062649185981489 0.7387482479417247 77.86152053995697
0.737094741214321 -0.029756580339209776 -0.675133978111537 -41.646521793702675 -0.019513624295169132 0.997676355978615 -0.06527715670966878 -5.300564586151076 0.6755076320376107 0.061289759729891466 0.7348013366966557 78.70238416859776
0.7348231874818754 -0.030378286681193956 -0.6775780713964198 -42.44487928109772 -0.01942541130705622 0.9976440885328023 -0.06579457432878337 -5.3830549228152424 0.6779804838891222 0.061509611556807134 0.7325018983945383 79.56326257834516
0.731901137663302 -0.030833246780032963 -0.6807128877729335 -43.25817345055691 -0.019096722861525937 0.9976552130898373 -0.06572207369386582 -5.472827842063245 0.6811431860212028 0.061101445872200476 0.7295961714874964 80.4338434702237
0.7290847336326919 -0.030565808814961737 -0.6837405812991021 -44.057536659839904 -0.019831340004059235 0.9976393839216453 -0.06574479144451965 -5.560652980982334 0.6841360750153366 0.061493015700380085 0.726757483540887 81.27848132085776
0.7275985374682461 -0.03277317654233754 -0.6852198823541201 -44.86029461471513 -0.0182082104909314 0.9975836302558367 -0.06704745868639772 -5.648538253105545 0.6857614959625448 0.061260260731660694 0.725243649479471 82.12923840585353
0.7249442637207187 -0.03648901463399271 -0.6878403639722415 -45.693977155808575 -0.015996952881378673 0.9974346609014277 -0.06977244965575563 -5.739476013960499 0.6886217481295056 0.06158448703605698 0.7225008228089222 83.00615751109119
0.7223687599489009 -0.03995228601703098 -0.6903529455951504 -46.533637985811076 -0.013000818006501375 0.9973684908619953 -0.07132371391639734 -5.831050278976479 0.6913858209285529 0.060497175782672816 0.7199484275566351 83.88261154021286
0.7185280453379216 -0.042195120628222116 -0.6942168392210287 -47.36549454359957 -0.010312363213905561 0.9974018586982196 -0.07129647558106554 -5.923315458483032 0.6954215291661673 0.058387533434002596 0.7162260765370687 84.74549104721099
0.7119635434064802 -0.04368331098286319 -0.7008563912825964 -48.200728438840805 -0.009016064786088837 0.9974122980694105 -0.07132613991848151 -6.02000966595166 0.7021585457970746 0.057100577943416796 0.7097273424088054 85.59933051982253
0.7048186761079869 -0.044462073210706166 -0.7079927668099376 -49.03662466390541 -0.007360940196773504 0.9975217630698905 -0.06997248574516196 -6.110286913159057 0.7093493147729152 0.05452940718312619 0.7027446857738966 86.4352206001141
0.6956019717940276 -0.04265509667814474 -0.7171599818475923 -49.899447290811004 -0.007952440505569161 0.9977175591112435 -0.06705543177929446 -6.2012171527566124 0.7183833625065842 0.052347062653795164 0.693675089292713 87.2737635350156
0.687562792296669 -0.042086464957680744 -0.7249042254784929 -50.75650523106186 -0.008295114309087734 0.9977984860975726 -0.06579796516603963 -6.29170952565876 0.7260775425034208 0.051253396070485964 0.6857000012129466 88.08756819996862
0.6801195910168917 -0.04247350300658619 -0.7318697585345125 -51.62688829960908 -0.010358782687358944 0.9976638077306185 -0.06752497586582219 -6.378653383319515 0.7330279923278867 0.053506338753397345 0.678090727098487 88.89518238154918
0.6700372311389514 -0.04411920433617862 -0.7410152526745927 -52.51889564070129 -0.010081686377134021 0.9975993550606512 -0.06851194335564012 -6.471820634411207 0.7422590305866551 0.05337623620409974 0.6679839136695161 89.71276826365303
0.6611163600284622 -0.04503903266222635 -0.7489303332350533 -53.4140449182956 -0.010403482158973382 0.9975503522530373 -0.06917414458314092 -6.556589436759869 0.7502112542888736 0.053523642035013544 0.6590282950538793 90.50564002018417
0.6529675971788538 -0.045134007002659154 -0.7560398391925905 -54.32181802765327 -0.009068509948087156 0.9976853664036405 -0.0673919267520616 -6.651158907362556 0.7573315516745592 0.0508608992834152 0.6510469182495888 91.30115631263054
0.6425391202021521 -0.04420850631488007 -0.7649765270773031 -55.24618288802048 -0.009295041269368885 0.9978111462819784 -0.06547150955373876 -6.740397774210734 0.7661965030053618 0.04917849453624811 0.6407217761692693 92.0892425789956
0.6334077161397216 -0.04394085693029692 -0.7725696513757793 -56.16200199082407 -0.010277988166604381 0.9978206612161763 -0.06517891537422218 -6.829770235753098 0.7737499777666615 0.04922528966236819 0.6315756825304051 92.8434945768621
0.6252739916329533 -0.044320047121810584 -0.7791457943225479 -57.10635880214624 -0.012022626329002452 0.9977205500089418 -0.06640151011843132 -6.91896266330335 0.7803126885060545 0.05088651602316128 0.6233158674728871 93.60421835689456
0.6163296685253543 -0.043620526167279135 -0.7862792057483884 -58.07278656001067 -0.014560241083162702 0.9976627784826322 -0.06676061570952281 -7.011315828047638 0.7873536302545553 0.05259496294517299 0.6142540441851148 94.35855691381602
0.6089038873170145 -0.0437137390908563 -0.7920386133421305 -59.04661913694664 -0.016420940186901385 0.9975718349793903 -0.06768150987699932 -7.103533413207768 0.7930740247502793 0.05421755315899724 0.6067075475019613 95.10335927944467
0.6007941190869567 -0.04288297283852846 -0.7982527651759547 -60.04486137900749 -0.01824484077756379 0.9975644753192888 -0.06732193822189965 -7.196022414285241 0.7991955657131294 0.055010619170138025 0.5985484771703867 95.85627934323504
0.5942004364844322 -0.04039902906875768 -0.8033017862123873 -61.05188032562433 -0.020106037199375155 0.9976796308821304 -0.06504691684494826 -7.282254143671985 0.8040656618397827 0.05480212197714558 0.5920094077605139 96.5963002932049
0.588350970188011 -0.03856133832027834 -0.8076856808596867 -62.064364333213526 -0.020102557745894888 0.9978559870904786 -0.062284156892102066 -7.371247999542836 0.8083557527789974 0.05288149217482481 0.586314356582256 97.33165001965311
0.582000322040177 -0.037652139029966065 -0.8123164048396404 -63.09431001031389 -0.021023867363622224 0.9978968963172021 -0.06131705571512841 -7.4584199410495895 0.8129167375237191 0.05276457852540327 0.5799847214425822 98.0673965715296
0.5766549924205145 -0.0387411767523271 -0.8160687109185976 -64.12271962085562 -0.02145750513734506 0.9978123005093006 -0.0625314994672134 -7.5468868672048925 0.8167059416887925 0.05356989990827171 0.574562155588097 98.7917999374677
0.5721493209790006 -0.0407299665283032 -0.8191374880506153 -65.14385920010592 -0.02112205803338682 0.9977030534183953 -0.06436206851900392 -7.63480151674474 0.8198774378940445 0.054126583359879805 0.5699748238353017 99.5013823658029
0.5671982643329222 -0.04218298634226794 -0.8225002885111765 -66.19331023975718 -0.02182990811853164 0.9975665242004595 -0.0662154431092214 -7.7255367023237325 0.8232919190962931 0.05551239012925048 0.5648971503671097 100.21746237323215
0.5640148167493056 -0.044208739672444486 -0.8245804228962881 -67.21393316854916 -0.022381787180415016 0.9973805897097504 -0.0687823732713635 -7.82184606081754 0.8254612904854217 0.05724986119463175 0.5615479599315962 100.9120464981978
0.5599517875002425 -0.044413071643295235 -0.8273339559950932 -68.24018793036737 -0.02176057133199799 0.9974293992779489 -0.06827203667194132 -7.912964871481788 0.8282393815863796 0.056232308535550966 0.5575459212174136 101.60301734919464
0.557571314688621 -0.042961635566968095 -0.829016602310119 -69.27355970402574 -0.020717141763724568 0.9976287274422165 -0.06563324020011238 -8.002349404257417 0.8298704893376706 0.053770066500190714 0.5553591188366501 102.29210499193297
0.5556931337036095 -0.04141346765224074 -0.8303553852728837 -70.33129868606001 -0.018523590274697202 0.9978939292055384 -0.06216576757401911 -8.094898546585474 0.8311810980514399 0.04992625313148015 0.553755678517389 102.99498453125432
0.5530173394096103 -0.040499626449899864 -0.8321848367819102 -71.39265724504806 -0.018259703821587415 0.9979888427097066 -0.06070299039823944 -8.185820227695938 0.832969630616065 0.048765254888695236 0.5511656233719379 103.70072348193281
0.5510250594070534 -0.04073928915614208 -0.8334936677770898 -72.4221260876893 -0.016524610764425192 0.9980790818953573 -0.05970832037501117 -8.272968496464543 0.8343250692293368 0.04667393921636544 0.549293384498202 104.38114392096058
0.5501151371569738 -0.04071807850761407 -0.834095542461061 -73.45164425699852 -0.013918810635531784 0.9982247548469532 -0.05791032309729016 -8.359823670323301 0.8349728154744058 0.04346696324092711 0.548571800701928 105.06001103652825
0.5476163234648505 -0.04107428363506906 -0.8357208059505916 -74.46907979993165 -0.010782858596622832 0.9983650392010293 -0.05613357695366189 -8.442950417690806 0.8366600816552239 0.03975112231111648 0.5462780940507144 105.72826621556418
0.5467305002320485 -0.04281276303628155 -0.8362133863059198 -75.47335119353873 -0.007777177524115098 0.9983891982063614 -0.05620075101470818 -8.523853377992763 0.8372725217190473 0.037230044669030786 0.5455168633032068 106.38625875250054
0.5445109963069857 -0.04377478526984249 -0.8376106154266153 -76.48448715907922 -0.0049582050503727375 0.9984517192672907 -0.0554037949500764 -8.605469413999415 0.8387390482763114 0.0343210207711081 0.5434508960612513 107.04235767090903
0.5439432392855079 -0.04373907628215182 -0.8379812919400842 -77.47269341714596 -0.001652838122825226 0.9985827933165291 -0.053194670957698705 -8.68198627022285 0.839120385023346 0.030319929058990273 0.5431000656786275 107.68070821714132
0.5431221679480663 -0.043948285083701716 -0.8385027483089095 -78.44730818025074 0.00044080147334626604 0.9986440584640771 -0.05205622141933036 -8.756968823037468 0.8396535692638089 0.027903274585591806 0.5424050985102808 108.31139254958431
0.5410736767914577 -0.04539793303844569 -0.8397489529372516 -79.4154555841869 0.0021045357107583283 0.9986118498950189 -0.05263025915469761 -8.83086439517349 0.8409725603209749 0.026709566171791148 0.5404181268814912 108.93995685626425
0.5404081965031933 -0.04694256828356551 -0.8400924808823781 -80.39006136515809 0.0038968824178463243 0.9985714067300173 -0.05329127478917978 -8.906052807652495 0.8413939597237358 0.02552530008006129 0.539819102659618 109.56433737560715
0.5406270082193811 -0.048756169542871736 -0.8398483636438594 -81.36848240785379 0.00518445480106965 0.9984932764258667 -0.054628732007557586 -8.982509885090957 0.8412464320353323 0.025179612067000305 0.5400652069185521 110.19077670133689
0.5411569663589626 -0.04971343384835744 -0.8394508396899545 -82.32184692945991 0.005352217978378957 0.9984344136486651 -0.05567832077890091 -9.055626966609127 0.8409045674295488 0.025637787288517323 0.5405758155329113 110.80285443173459
0.5445972067176889 -0.05045925064318968 -0.8371784436186941 -83.30479353575554 0.005527238993926688 0.9983827708448911 -0.05657996561665565 -9.132525221593763 0.8386795168980791 0.026186005892569447 0.5439953685749535 111.43249697905775
0.5477036731205667 -0.05039129793688263 -0.835153520942393 -84.2377886998436 0.003966514072241807 0.998329801481957 -0.05763570281614744 -9.207378764497193 0.8366629866417867 0.02825463794198904 0.5469887770497791 112.03669702705572
0.551514419169659 -0.05075718067379778 -0.8326196935324081 -85.15633507929363 0.0031136935454680013 0.9982653622266277 -0.05879261425591619 -9.279446217328204 0.8341595473052253 0.029832451937236028 0.5507157837314579 112.6360144914802
0.5574501414377369 -0.05102938904695087 -0.8286406587083102 -86.0905427962447 0.003208362315484027 0.9982341625984748 -0.05931494780048714 -9.357634445442923 0.8302042195883492 0.03040654657827593 0.5566294958973009 113.2606878561415
0.562967234376017 -0.04928355406096459 -0.8250084995429675 -87.01050650941083 0.001179369358002797 0.998267392670826 -0.05882874992814597 -9.432661471730992 0.8264783736474514 0.032145668904393805 0.5620499567331653 113.88084629473846
0.5693081310216793 -0.04769337626842757 -0.820739662629217 -87.92491296449292 0.00033827190572492324 0.9983293689982792 -0.05777851302704093 -9.506593501731153 0.8221241618665155 0.032616144094854804 0.5683731605377434 114.50784652834452
0.5774306109985774 -0.047099824815319914 -0.8150800549542211 -88.84314859608084 0.00040350116002643016 0.9983509278270825 -0.05740437347117137 -9.584349368109251 0.8164396650510212 0.03281815669976058 0.5764973910801389 115.15292893777179
0.5841672310012945 -0.046128258253801145 -0.810321436230556 -89.75423116676257 -0.0008336484604439254 0.9983490219530863 -0.057432877305255293 -9.660183351855236 0.8116328919249913 0.034225928121626385 0.5831643289757087 115.800151771954
0.591707494425807 -0.04663088166674366 -0.8048029584409565 -90.6435842502971 -0.0012213849651844973 0.9982726479494712 -0.058738646347341245 -9.735652286225687 0.8061518152675095 0.035739071489524654 0.5906284530142162 116.44462768235832
0.6004011560838085 -0.04700878022380197 -0.7983161193130807 -91.5405960309657 -0.0036490872502768362 0.9980993392913168 -0.061517420853586004 -9.811520738557702 0.7996906501488351 0.03984825577246306 0.5990884580564261 117.10762122582327
0.6091941168780333 -0.046414028868094134 -0.79166171177178 -92.4135513176712 -0.006825827740085218 0.9979418845548251 -0.06376051385322286 -9.886197258904216 0.7929917629060569 0.044246276401478865 0.6076235108911998 117.76735828315451
0.6184940763516756 -0.044333215357094245 -0.7845378534742535 -93.28753735955225 -0.009683620428156549 0.9979013601160626 -0.06402423739425589 -9.963755901667092 0.7857297913489669 0.047195778355846076 0.6167667739851871 118.43998993279284
0.6269272013656738 -0.04213806061692463 -0.7779374448085451 -94.1399322840954 -0.011041723437404822 0.9979553479604737 -0.06295398176939712 -10.041101903975777 0.7789995921252691 0.04805733372269112 0.6251800765732463 119.11875594881923
0.6391976207569279 -0.03965251044334787 -0.7680195831059405 -94.9823142201136 -0.012451214393217407 0.9980053507982942 -0.061889312793953585 -10.118538839545296 0.7689417200794978 0.04912227797561795 0.6374289238241934 119.8045115963423
