1.0 0.0 0.0 0.0 0.0 1.0 0.0 0.0 0.0 0.0 1.0 0.0
0.9999257895247199 -0.006685920951629517 0.010184002375990073 0.018514713272452354 0.006678874620250962 0.9999774327021003 0.00072575500237862 -0.008797829039394855 -0.010188624891150796 -0.0006576834687533809 0.9999478783293069 0.4317501187324524
0.9997629408483977 -0.014165169951361486 0.01653511615963028 0.045603143418721195 0.014161468646070091 0.999899663256512 0.00034091831927769337 -0.008328955828448283 -0.01653828624585373 -0.00010667597241642855 0.9998632275007854 0.8192489048280113
0.9995712163925281 -0.021111380413751463 0.02029021874175083 0.06556440616919254 0.0211321782901399 0.9997763615450961 -0.0008111327656714351 -0.007704594454661295 -0.020268556936199607 0.0012395614852346482 0.9997938032849818 1.2153924560728346
0.9994651781424974 -0.02669720487177938 0.018884303869094825 0.07374983866527778 0.026742360554198166 0.9996400628074404 -0.0021426577714701153 -0.012080634975461801 -0.018820303732281694 0.002646522694143158 0.9998193797306861 1.6116738126520314
0.9993487698840046 -0.03320534086067378 0.014122374788020035 0.08841516627061191 0.03326524542768611 0.9994384407792708 -0.0040282178858380285 -0.014409170896547283 -0.013980685890278913 0.004495378852382232 0.9998921601807922 2.037894647841923
0.999236122327787 -0.039044906397331734 0.0016331318842587263 0.09941509513379158 0.03905336336545192 0.9992219116765866 -0.00551416677601751 -0.01882853291030315 -0.0014165610377801102 0.005573733920036112 0.999983463285776 2.4722529725171074
0.9989053794237569 -0.043805153635350924 -0.01640583656091859 0.09364437710274033 0.043689403513446606 0.9990181338040101 -0.0073487652971278745 -0.02469106347366357 0.01671164201745331 0.00662395997393803 0.9998384090318516 2.911283146665916
0.9982237035902168 -0.04631454532225108 -0.037475331649288526 0.07336207415323102 0.04603136453389301 0.9989048046890395 -0.008384786717606485 -0.029428609103286436 0.03782262642623953 0.006644852198886264 0.9992623753897052 3.3745692664889395
0.9970907371599371 -0.0494067621094625 -0.05804337798330088 0.0397502733770474 0.04884696215622497 0.9987454256308698 -0.011024929456525688 -0.03331700580612314 0.058515264315917456 0.008157612351173744 0.9982531829164215 3.843000958442267
0.9954513006195268 -0.05386328871650092 -0.07858405832950713 0.00024912851824571147 0.05303692676857939 0.9985134764050431 -0.012566695526668975 -0.041397441154836706 0.07914412482197816 0.008341676459712382 0.9968282820726971 4.325421019735654
0.9930604571924087 -0.05964034350516091 -0.10136053367751507 -0.04914232914934404 0.05844334572064189 0.9981818893462306 -0.014740797880946167 -0.05225325518320621 0.10205539526052401 0.00871465477088951 0.9947405446097201 4.826308232619054
0.9901245830230572 -0.06494077209567184 -0.12424172492779986 -0.11310711282763786 0.0634883965350512 0.9978603626481524 -0.015617943562000983 -0.065991549033402 0.12499013400594933 0.007575801958588949 0.992129060972341 5.332938881168475
0.9870938537265387 -0.0695348575683443 -0.14425889060380678 -0.19226560937658116 0.06783500396992007 0.9975571986845018 -0.016674759042659845 -0.07817338599233199 0.1450659717910853 0.0066737497465750575 0.9893994769013316 5.868046791143096
0.9839376414853456 -0.07394591830551711 -0.16247682552970322 -0.2754531291180659 0.07205053401057332 0.9972468247716647 -0.017535422196920055 -0.09779706265402197 0.16332617125570248 0.005547219915129426 0.9865565316463961 6.373012772205974
0.9811008548855141 -0.07876572673749349 -0.17674012796880093 -0.3633065570911279 0.07651885769450437 0.9968773632793927 -0.019503512459405528 -0.11200546818308502 0.17772444108799954 0.005610960046239866 0.9840642967648597 6.876331017277076
0.9777125993557072 -0.08551304874704531 -0.19174355674987378 -0.4631075349724518 0.08282481099386631 0.9963211163347491 -0.022006449720708005 -0.12808893847580577 0.19291999311874583 0.005634859311924126 0.9811983105446106 7.413227941864623
0.9740774522559088 -0.0933367488311532 -0.20606156440313683 -0.5612451993668531 0.09011030249129942 0.9956177497512254 -0.025008593827580514 -0.14505448253283784 0.20749277190197352 0.005792037459875438 0.9782194037691642 7.941086229410321
0.9707881857817638 -0.09653615281693341 -0.21966126091292895 -0.6817721256919472 0.09267270787234312 0.9953070642240366 -0.027849903434973546 -0.16467291043710774 0.22131892725693283 0.006679753366380868 0.9751786058629492 8.501026407410073
0.9684551563826891 -0.10118998777176126 -0.22771736088961675 -0.8085581607050681 0.09708084965120563 0.9948479527737065 -0.029203758199332117 -0.18440324457657994 0.22949927822714639 0.006175535338402212 0.9732892396695357 9.070497043060271
0.9657152838930556 -0.10608522233622104 -0.23693863352612946 -0.9436532307094883 0.10120432404329431 0.9943279668285019 -0.032704421377507994 -0.20643456364151994 0.23906416555037022 0.007603945329384491 0.9709739979861114 9.648480041587614
0.9619743809734043 -0.11461202281205846 -0.24793018085292434 -1.0796275619044275 0.10913740132026947 0.9933831921528715 -0.0357611686222572 -0.2267942763356992 0.25038833436063673 0.0073428724011288075 0.9681176396704104 10.241606071965089
0.9584271009227338 -0.12296228821132646 -0.25748352936581953 -1.2199331544614451 0.11728166976102106 0.9923954588103335 -0.037366606357743026 -0.247697532750342 0.2601201686815364 0.005615069942788424 0.9655599250355343 10.830850666582167
0.9530691928775366 -0.13030902023398738 -0.27327398857816587 -1.377615973806278 0.12341389840774414 0.9914512184211322 -0.04234963011710667 -0.27833275899044585 0.276456367746457 0.006636319530508274 0.9610035567028484 11.426482166756216
0.9487189760110915 -0.1342382463093115 -0.28620342028750606 -1.5580674565678583 0.12574120412255638 0.9909034952869025 -0.04795219091980471 -0.3054782944518169 0.29003698754171997 0.009505590775980392 0.9569682281046346 12.022546758130769
0.9445469805111328 -0.13749786066568653 -0.2982035209712679 -1.7446986514449478 0.12775010020724992 0.9904403652980452 -0.05203647456652555 -0.34156014702029047 0.30250770817342754 0.011055365242021845 0.9530828218969358 12.616788522884223
0.9396786896791854 -0.1433215462783904 -0.31058476223920056 -1.943812367942384 0.1326508910872884 0.9896173345984387 -0.05532876427348141 -0.38260739738938837 0.3152898686233953 0.01079191524490998 0.9489340510851053 13.255465569897753
0.933788766043282 -0.14979431553724262 -0.3249618492132482 -2.1452582733479253 0.1377169732113198 0.9886529503181978 -0.05999482574885935 -0.4209395200837885 0.3302613748243617 0.011269732022207244 0.9438222382627305 13.847336603354263
0.9290355669577943 -0.15400859339094922 -0.3364138351631082 -2.357791701353121 0.14058737336959257 0.9879940189063626 -0.06405473483118021 -0.4611949002929362 0.3422398366298822 0.012213589439444221 0.9395332471267615 14.46007884234135
0.9235078809761385 -0.15954965427458712 -0.3488224499596065 -2.5819550252032646 0.1445705252425672 0.9871035433536922 -0.0687456029842913 -0.5038357595682048 0.3552922135454853 0.013057661331390333 0.9346640789473531 15.07550094618289
0.9179738576688519 -0.16716266861222193 -0.35969520271892313 -2.820353016599859 0.1499591628655966 0.9858105446448341 -0.07543089247586365 -0.5540621625597758 0.3672005529805425 0.015303995866972155 0.9300158824457181 15.723293176483944
0.9126784114299187 -0.17570404409663318 -0.3689799536531061 -3.073153569286102 0.15584634128818634 0.9842703263279895 -0.08320963055607807 -0.6062742656419918 0.37779628798711895 0.01843945764607062 0.9257051102726357 16.367830969901764
0.9096423625432077 -0.1821819424700907 -0.3733102089477811 -3.334476110044352 0.15926550562176453 0.9829744985649215 -0.0916276917208152 -0.6629165735774087 0.38364732631136 0.023892990789468126 0.9231705443769743 17.018134470707373
0.9068194954894766 -0.1894500677494943 -0.3765462447428247 -3.6140442125883734 0.16356873891476537 0.9814624437249938 -0.09988362832415025 -0.7312899928235315 0.38848895769383784 0.02898522704888988 0.9209973867296692 17.701981021714307
0.9048782797966048 -0.1954939651966179 -0.37812353579755015 -3.8918861230525255 0.1670234007267201 0.9801257488539373 -0.10703597546241253 -0.7995416773595259 0.39153350094470735 0.03369905050906094 0.919546568496 18.373615707068108
0.9032130053221944 -0.20271670925153162 -0.37830173513622656 -4.163505296203833 0.17219727193771517 0.9785333810816991 -0.11322774238686868 -0.8764685905404984 0.39313403128457136 0.037126242727328576 0.9187313402441942 19.050757348204716
0.9011890959663326 -0.20832983571262334 -0.3800748516586381 -4.457925519175616 0.17624800292543039 0.9772748120988639 -0.11777343971340778 -0.9612179168864883 0.3959733005850039 0.03914870609715717 0.9174271219201755 19.758605039745742
0.8989888032353708 -0.21421151989182247 -0.38201119931629157 -4.754554934663927 0.1806273743429601 0.9759332844655738 -0.12218009621131382 -1.0601186707297443 0.3989898285613359 0.04083685857008454 0.9160455598313454 20.489289763678567
0.89744593430546 -0.2193695675619967 -0.3827111023033728 -5.064180017999571 0.18470658045049335 0.9747366247438005 -0.12558658973532622 -1.1622538124122077 0.40059240399299323 0.042017915354361404 0.9152924235742304 21.245132625077474
0.8945539204983974 -0.2242029386967217 -0.38666047845713597 -5.39459010001966 0.18855769225494018 0.9736419211857231 -0.12832539110116084 -1.2759894377779895 0.405239780885883 0.041886174204964995 0.9132503864757098 22.03423359930688
0.8921692320670553 -0.22710151293111033 -0.3904599392732647 -5.725979974144498 0.1907058862545111 0.9729794590346079 -0.13016234956623704 -1.3869967167186739 0.4094695670019475 0.041663834690562764 0.9113719320771928 22.80868951968899
0.8885834208823116 -0.23256621168476577 -0.39538899999328003 -6.036612216300345 0.19620252030705543 0.9718165182032479 -0.13067986062311354 -1.4967773347196007 0.414637281437944 0.03854363929254205 0.9091701230857941 23.546766798682935
0.8844593724634653 -0.2367674218321543 -0.4020855710175239 -6.355283181487193 0.19976758440634648 0.9708742241789272 -0.132273024632461 -1.6070200294341634 0.42169245983534825 0.036666453113453686 0.9059972629837755 24.265278754438004
0.8800559050224439 -0.2422373909724019 -0.4084392861246466 -6.698709097149899 0.20508652611997832 0.9696405690785648 -0.13317914101328554 -1.7266649574769266 0.4283002694829489 0.03343969515233104 0.9030175335778108 25.039314469503108
0.8747072615102005 -0.24738439584212674 -0.41675912390150704 -7.0933932138836555 0.21002083145843048 0.9684607409340278 -0.1340710394642466 -1.8623002555225256 0.4367819330224584 0.02974481405791559 0.8990755190871481 25.914989709539206
0.8687061240805564 -0.25242376703194574 -0.4261829558092851 -7.46906478598035 0.21649822199975044 0.9673641841293893 -0.13166265656832188 -1.9925402864705675 0.4455089110847098 0.02210830389430786 0.8950044877222869 26.729928689521717
0.863234386766967 -0.2546124634662358 -0.4358886175971028 -7.813343530341031 0.2192124087726166 0.9668896173083528 -0.1306536940978493 -2.1067579826093024 0.45472223757274705 0.017232567683368956 0.8904665772884867 27.436112286769717
0.8575216035723738 -0.2584638597465725 -0.4448068486563227 -8.183153932620444 0.22334406908319576 0.9659369769206951 -0.13070265269943548 -2.2252312941724695 0.4634372948005213 0.012735376799006617 0.8860381955456333 28.179384825485233
0.8522095900885852 -0.2626976997327808 -0.4524695935818796 -8.585127866604306 0.22772712466201162 0.9648378918274696 -0.13125623485037474 -2.351158447501411 0.47104051975835176 0.008818222555018518 0.8820674961116932 28.97979331359547
0.8456438956108168 -0.26850570707436955 -0.46129284308848206 -8.988026475218234 0.2329660483696788 0.9632622535962551 -0.13361381329668182 -2.480362493948282 0.4802220550153632 0.005524134788084403 0.877129558167814 29.77419039925731
0.8392321853981805 -0.2745643807422805 -0.46936525203662244 -9.419256244916403 0.23831420054954344 0.9615652156840975 -0.13637696947368733 -2.613799456666774 0.4887695579802675 0.0025955373245409447 0.8724090682574149 30.59780342712504
0.8333401203597175 -0.2780120386251543 -0.4777588828879452 -9.85286694131531 0.2411949324446297 0.9605775898539719 -0.138259532884229 -2.74988765638731 0.4973622908523344 -1.5805708357991e-05 0.8675429392187441 31.40339456889126
0.8267271884855386 -0.2838550048863922 -0.4857452954169942 -10.280434023646018 0.24713951163361841 0.9588564102018217 -0.13970127560037726 -2.8798414344011554 0.5054148965041427 -0.004552012282740367 0.8628644514498697 32.18528383935188
0.8206143022543155 -0.28862360989824914 -0.4932429206232628 -10.739557208375121 0.2529585042747448 0.9573861384215527 -0.13936921135369723 -3.0172362328530244 0.5124491799688501 -0.01040162331421876 0.8586545546269945 33.007627452843664
0.8148035054834042 -0.29162211684365097 -0.5010506844817041 -11.212868969522507 0.2574782755727231 0.9563891442612704 -0.13793020824783714 -3.163231014970348 0.5194229346689007 -0.016623649022488113 0.8543555871141267 33.83212342012383
0.8082626371582846 -0.29574419554676756 -0.5091629210521229 -11.688824492781396 0.2625033757580153 0.9550112156580894 -0.13800563641715652 -3.308128715922271 0.5270706661251234 -0.022112185953755782 0.8495337333754118 34.65660086780469
0.8020383627560398 -0.3002838873784642 -0.5162984133701065 -12.191670211748297 0.2676747348768744 0.9534695545819472 -0.1387301149494906 -3.45246317889755 0.5339332364408556 -0.026933166657147498 0.8450975704364628 35.50201367468854
0.7969737811412246 -0.3036921144577951 -0.5221148262495647 -12.678296010247728 0.2707106953673052 0.9523225163446106 -0.1407037464917665 -3.591099979470481 0.5399523234390327 -0.029204870813319912 0.8411887801995268 36.3037840848636
0.7921694507720408 -0.30827195794677603 -0.5267219012032676 -13.184150387475277 0.2759208611664063 0.9507158228566664 -0.14144646529044327 -3.7402715347568565 0.5443668245188278 -0.033283991852435364 0.8381866953427828 37.14131911358609
0.7861347666464555 -0.3141913083594621 -0.5322367428326348 -13.6890880193994 0.28249621515483936 0.9485924577389059 -0.14271733442035942 -3.8870847207969037 0.5497163060096667 -0.0381598070256055 0.8344793658532577 37.96209647882835
0.7806860234644785 -0.3207400513639731 -0.5363349254134546 -14.19710167641881 0.2894277780519662 0.9462192852418416 -0.14457048636675623 -4.034049850872154 0.5538599949979433 -0.04236606764209466 0.8315312515194025 38.7782346550572
0.778082515795878 -0.32626380427272206 -0.5367862969881483 -14.743371151484618 0.2949510203836023 0.9442339202133436 -0.14637690901646028 -4.190525277442868 0.5546093167153157 -0.04443235240263797 0.8309237461238779 39.634266297551726
0.7750636610125353 -0.3317993947419815 -0.5377596889194102 -15.279662407826597 0.3002916985082459 0.9422103352607822 -0.14854150913060427 -4.348716005989426 0.5559687196100863 -0.04635564449578252 0.8299095957021477 40.47746742353881
0.7719381033242795 -0.3357482613247061 -0.5398005832282429 -15.835461190429445 0.30476620391062853 0.9406606159839908 -0.14924867332919461 -4.509095746801063 0.5578791317032925 -0.04930223680581143 0.8284564948480544 41.34101602185802
0.7683326496264078 -0.34082869023002826 -0.5417570889560628 -16.409820227263598 0.3107700897995672 0.9386133368209542 -0.1497563194920442 -4.680019704090267 0.5595416792375996 -0.05329922943080658 0.8270866347233824 42.241418424423706
0.7647583252909474 -0.3476392813012548 -0.5424865288599641 -16.950971729596265 0.3191997815562709 0.9357902183114153 -0.14969357623860416 -4.838384228868209 0.5596929545318705 -0.05868217283827251 0.8266197428312275 43.08388376852201
0.7619437070379024 -0.3529101721482601 -0.5430434583894966 -17.526031016412134 0.324768774896707 0.9336499760135561 -0.1510727147501439 -5.006016719146667 0.5603276096690503 -0.06125465438782345 0.8260029280567939 43.9859688126858
0.7588756270546457 -0.35849914188603593 -0.5436783496971295 -18.098227525806553 0.33082624483072387 0.9313156317557653 -0.15233249744739882 -5.177525016341742 0.5609472153363632 -0.06426164730487144 0.825353658919644 44.87899627784793
0.7549504370364959 -0.36392550686914626 -0.5455346579901581 -18.672583199175776 0.3372944592032865 0.9289000962581776 -0.15289558189271107 -5.351116011140399 0.5623897984575879 -0.06857723107258867 0.824023590663065 45.77607270106121
0.7501303270684414 -0.3679965080051293 -0.5494388614834448 -19.26078351614348 0.3429666440003387 0.9268774346204233 -0.15255196588247522 -5.5303646526804675 0.5654010731466098 -0.07400534634398917 0.8214894005385389 46.676612318394696
0.7451810876609648 -0.37208503152869565 -0.5534057064258652 -19.83154156119754 0.3483020795531201 0.9248414298123158 -0.1528201265595711 -5.703517275826555 0.5686746064063292 -0.0788736902585448 0.8187723328334964 47.54442904468291
0.7380346296635467 -0.37744066366720697 -0.5593240838975647 -20.444565366340008 0.3544356212202363 0.9222054329737449 -0.15463676730950182 -5.884688769898076 0.5741779130440466 -0.08411708984603673 0.8143979612991532 48.46826411329505
0.7300229382588507 -0.38415526881654793 -0.5652355606792626 -21.040860345145543 0.3595949053300652 0.9192336492747646 -0.16031532085755518 -6.060488336285404 0.5811695223225114 -0.08622196635130291 0.8092019271121016 49.34597640032593
0.7214271210801939 -0.39184403026460385 -0.5709651170745335 -21.657524045608422 0.3646443956025876 0.9158973052407275 -0.1678290529330284 -6.248270793770103 0.5887082246117911 -0.08712279953471379 0.8036368857112441 50.235980292403006
0.7108342141026149 -0.3972160237180758 -0.5804602919775986 -22.28577544566564 0.3683744972388007 0.9132771483523189 -0.17385361682035108 -6.443758873161096 0.5991785625714415 -0.09024566914294394 0.7955128970392396 51.11905143003684
0.700071250337446 -0.40036782529851134 -0.5912747660070621 -22.921404349745362 0.37244145779777094 0.9112081731593059 -0.17603132017101977 -6.644591756230483 0.6092516762097882 -0.096980769400029 0.787024221610836 51.983325278722376
0.6921260303911564 -0.4028686782642925 -0.5988809448701488 -23.568141291449134 0.3763050934576886 0.9094518145632764 -0.17689509214606344 -6.848866979263915 0.615918853983851 -0.10292825200665748 0.7810568098711346 52.83961426264849
0.6848247302561306 -0.40877493455248115 -0.6032562819492499 -24.202120208451536 0.3812732208087146 0.9064861182599289 -0.1814211908686401 -7.046633626714662 0.6210038807638542 -0.10576374749251813 0.7766390473009787 53.68015252050157
0.6794684732277898 -0.4153517309575012 -0.6048185955144763 -24.821115781722654 0.3851184285031226 0.9035468709953514 -0.18784793834853494 -7.2382631076978505 0.6245049158467701 -0.10529003516533389 0.7738912188273628 54.48371928237098
0.6750884563924127 -0.42145626560250515 -0.6054999522957043 -25.4849846508537 0.3875791796689002 0.900976050084228 -0.19499881194972746 -7.455397299674605 0.6277244264268294 -0.10303772784283145 0.7715862045864316 55.347402436876145
0.6684317016025223 -0.4279028068527141 -0.6083570071761529 -26.148193440356074 0.39373621818208415 0.8974996264814952 -0.19866104539452936 -7.676527156324242 0.631007805644611 -0.10674084669490827 0.7683980354363403 56.213971694544
0.6614576362134272 -0.43140273326373063 -0.6134863301064892 -26.794871868089846 0.39862967675294997 0.8951179378832055 -0.19964533075320554 -7.8995781480759275 0.6352701600947304 -0.11249692890164018 0.7640525274357224 57.057072274953946
0.6539846347607027 -0.43469358284917153 -0.619149082634111 -27.44684896306463 0.4046283496834933 0.8925161494782617 -0.1992255544675684 -8.12635245924569 0.6392026252522148 -0.12023482004081792 0.7595811950808348 57.88468940287967
0.6478537153582961 -0.43707345484402155 -0.6239009204730855 -28.09754971630468 0.4087686801935004 0.8905808835569615 -0.19943383849228313 -8.349390285555993 0.6428014698095487 -0.1258272025979012 0.7556280735236556 58.70069180868566
0.6432205966217015 -0.4412312766958866 -0.6257653110767171 -28.761133280546797 0.4123418458180911 0.8882467005695631 -0.2024648145101135 -8.570995981934622 0.6451677814870734 -0.1277996846342082 0.7532766917530669 59.52430587561917
0.6370731213559988 -0.44679526528617935 -0.6281017664069871 -29.41608341067089 0.41718853202511236 0.8850638208926933 -0.20643585370172055 -8.795314749772583 0.6481447113048572 -0.13052212021216555 0.7502482318158866 60.32464620256621
0.6315159015112305 -0.45110405772250645 -0.6306288886855307 -30.079163036678644 0.4206851480673333 0.8825576863702229 -0.21003794044030516 -9.024019010236108 0.6513153401648266 -0.13265390810348887 0.7471219902605246 61.125175333040374
0.6238384507861947 -0.4555826374386047 -0.6350354697063508 -30.797469290722177 0.4250463885292347 0.8796308831055453 -0.21350662070580811 -9.275907378255214 0.655866720392898 -0.13672589349294362 0.7423913221001583 61.98980089842615
0.6167470484849491 -0.459489280439907 -0.6391343202691594 -31.507645467075818 0.4291835082591344 0.8769354630234506 -0.2163000460707944 -9.531247465624649 0.6598671036076017 -0.1409034948206141 0.7380525799181599 62.83559495672522
0.6106396082941467 -0.46355988610283627 -0.6420525685476981 -32.2177986243092 0.4335584068424404 0.8741601775808285 -0.21879463381924907 -9.784106596520974 0.6626812028710458 -0.14476261923638922 0.7347771141191076 63.66853321045993
0.6037575716265485 -0.4677845020414612 -0.6454877646814348 -32.94203121545755 0.43725052881598564 0.8713800290473426 -0.22250577526795423 -10.045034462620542 0.6665499004228821 -0.14790031990254326 0.7306413111910462 64.50910290518463
0.5961076137126495 -0.47243161514437154 -0.6492026508617252 -33.61443574578591 0.44099979886451585 0.868335431057605 -0.22696421870299302 -10.291734023293985 0.6709507361015914 -0.1510031396431343 0.7259636089657999 65.2789065737141
0.5887378340707076 -0.4765511877862582 -0.6529063701276308 -34.32762676950683 0.444262733126577 0.8655595479587752 -0.2311650771468405 -10.554414417338853 0.6752913346761056 -0.15396634163643477 0.7213015866851097 66.09436090810264
0.5795166540831068 -0.48199271317762205 -0.6571479833979526 -35.04620986314151 0.4493064935761317 0.8616986834903634 -0.23579451584228242 -10.819174343805022 0.6799147905955882 -0.1586140073090944 0.7159311937712369 66.899564235664
0.571168035055945 -0.4869659666012278 -0.6607807678061332 -35.78333397107913 0.45260359022946883 0.8584170813718347 -0.2413920142019121 -11.094640834808757 0.6847751936524321 -0.16119634543373795 0.7107029424288894 67.71988008426774
0.5593730700721185 -0.49183302489603026 -0.6672346244760639 -36.51475069775965 0.4572624013488053 0.8544833571177277 -0.24651427691219444 -11.37693672710655 0.6913847444012755 -0.16720785875801072 0.7028717288230792 68.51234591628756
0.5490579012211623 -0.4953803887124961 -0.6731520568086148 -37.231505210990576 0.46041580301728235 0.8514609465182804 -0.251060839013465 -11.65766897847261 0.6975333034619661 -0.1720829074407165 0.6955823197351888 69.27981170490295
0.5384221183732599 -0.49955085557797735 -0.6786387589415758 -37.96982501907161 0.46439622311709 0.8479092732736634 -0.25570688737519387 -11.94322386145524 0.7031626912749519 -0.17747903253015257 0.6885226376896607 70.06116896105567
0.5293457643324468 -0.5046723896099736 -0.6819815546982605 -38.71229776895613 0.4684511162526167 0.8440562513743279 -0.26100305783188554 -12.239406469257803 0.7073518314565778 -0.18131415742096982 0.6832119457779913 70.82354494850482
0.5227050527294304 -0.5094101990532779 -0.683579312846449 -39.43574969462386 0.47226011990622 0.8405879247732359 -0.2652966638907994 -12.52522984541566 0.7097533423642938 -0.1841553415622932 0.679953677228669 71.56287767292517
0.5156071671647333 -0.5131944395135352 -0.6861346197509259 -40.22423400570042 0.4761574792713531 0.8373681721102351 -0.2684932015353744 -12.839468649013373 0.712336510437525 -0.18827111193476498 0.6761144017905087 72.35894476619845
0.5084947936738664 -0.515133218336336 -0.6899788490765647 -40.997145978715466 0.47897268319536995 0.8351135565932859 -0.2705004923225473 -13.153685906140586 0.7155544797981491 -0.19293292865802242 0.6713856354437728 73.13384310483919
0.5022292775248453 -0.5179510640902442 -0.6924539320450538 -41.775132529940734 0.4824022812448287 0.8324030973792055 -0.2727510266218816 -13.468982235494119 0.7176724822972227 -0.19705780543101814 0.667917981096522 73.89691683391642
0.49416734941589335 -0.5222894599848592 -0.6949908997677554 -42.56052083699975 0.48687675369404293 0.8285596985298287 -0.27647758079907586 -13.798727388710025 0.7202427767660156 -0.20174871984942896 0.6637377468213601 74.67333218892992
0.4865049540255427 -0.5273324042235845 -0.6965870119119211 -43.30222122673611 0.4899194936131069 0.8248153577362939 -0.2822384017461601 -14.103434368821794 0.7233891203816116 -0.20396117546759734 0.6596271821380578 75.38750838615005
0.47881611606935187 -0.5321465640972862 -0.6982515029068778 -44.08765548545588 0.4932334752078076 0.8210204416252619 -0.2874824748882771 -14.433209990725103 0.7262615685320887 -0.20674977328382416 0.6555903182021509 76.14083423682968
0.4702696706655867 -0.5350613413821438 -0.7018231955488661 -44.91061727132538 0.49566376729189104 0.8181050741320179 -0.2915844945696803 -14.78474808535274 0.7301807082127623 -0.21074498484610935 0.6499405239836353 76.92634334282977
0.46098106839130826 -0.5387394368697673 -0.7051640048570645 -45.699306041361886 0.5006643999260783 0.8139776373270735 -0.294576924721023 -15.123663274759945 0.7326879371406821 -0.21725612785990916 0.6449559377785825 77.67302468992234
0.4524327915280113 -0.5419563768803264 -0.7082286740233842 -46.493914106820625 0.5048688658681986 0.8102951300055773 -0.2975386202935746 -15.463528015065119 0.7351271981277324 -0.22294637886270907 0.6402209889755844 78.41663966964076
0.44392244334396086 -0.5453819981477788 -0.7109791420230726 -47.299931232705624 0.5076575790456122 0.8068993232546303 -0.30198884841789775 -15.815296901249056 0.7383878701150747 -0.22687432253905723 0.6350680239465438 79.1525039738593
0.4366834971572507 -0.5494495520500741 -0.7123290763842838 -48.12632108379471 0.5124361963196019 0.802723114618257 -0.30503236870709927 -16.176486552319993 0.7394029131752271 -0.23182060091704146 0.63209377546251 79.90586444262578
0.42747236216044615 -0.5530727041076859 -0.7151069595242242 -48.95314207577219 0.5167990073385826 0.798527633966823 -0.3086622811507799 -16.546518751493316 0.7417453509141961 -0.23762197238967547 0.6271759184111076 80.64939727275748
0.4184029987336801 -0.5558339991695779 -0.7183226962986885 -49.771782196068514 0.5197122006538445 0.7951206186315639 -0.3125418857025362 -16.91722754510965 0.7448745928961481 -0.24255260706517437 0.6215545620970736 81.37969347294631
0.41116848736962547 -0.5592126659075386 -0.7198761485719318 -50.639469093493894 0.5225223061807099 0.7916861913333012 -0.31654922839230626 -17.308965350816308 0.7469343441948342 -0.2459962779002065 0.6177175055974031 82.1396082090668
0.40364835411476085 -0.5637447631329277 -0.7205968694496555 -51.487672215479776 0.5263260760803604 0.787315709893719 -0.3211149865583976 -17.696293437265197 0.7483641278537442 -0.24965138692734815 0.6145122595579002 82.88410095135048
0.39610165964918886 -0.567933499206187 -0.7214949866094528 -52.30591919251394 0.5310236399020968 0.7827207093810217 -0.32459541736013287 -18.069322064683195 0.7490776789414345 -0.2545581104295964 0.611623085998417 83.60085646424251
0.3858293615259486 -0.5719200416745392 -0.7239082605658487 -53.16809712672425 0.5361309589021935 0.7775660569476988 -0.3285644868049846 -18.46860824394858 0.7507991067463344 -0.2613398037303192 0.6066318556547331 84.35319215296136
0.37312111979616547 -0.5761777810044622 -0.7271862173053268 -54.03308759519628 0.5404153682115029 0.77207034806586 -0.3344526983570145 -18.87226765002703 0.7541431294939188 -0.2681912420535697 0.5994510805085619 85.10212800325866
0.36100925804632067 -0.5789450983967812 -0.7310915733662826 -54.909960925879446 0.5427045005752504 0.7679614583810372 -0.3401573510842277 -19.28923757606786 0.7583825819863041 -0.27396673426460366 0.5914373067842229 85.84094261440252
0.34821493222572475 -0.5791784097310383 -0.7370880074159798 -55.78736532377124 0.5441986376654887 0.7651317003550301 -0.34412399491294815 -19.711162799253017 0.7632785885494628 -0.28129317590948794 0.5816183847237756 86.55823947561105
0.3344507320369461 -0.5816315297882731 -0.7415170068151532 -56.644731946200025 0.5459300442339902 0.7609339782702699 -0.35062781908521456 -20.128523919723428 0.7681816807517766 -0.28754868156528457 0.5720250528494727 87.24533979093678
0.32405972066622346 -0.5844271331054168 -0.7439289102675827 -57.530923943043604 0.5462732666478621 0.7576147878339292 -0.35721891243497256 -20.560876387020155 0.7723799684013065 -0.2906282149852873 0.5647693556372041 87.93933744619234
0.3109591274231212 -0.58812039441106 -0.746604863867113 -58.41326058109165 0.5486157669358935 0.7525356144281965 -0.3642950580045223 -20.99444335738555 0.7760961031609375 -0.296318326626883 0.5566599392478783 88.6286337487668
0.29648372896957015 -0.5917031796565668 -0.7496564183948585 -59.271595090598666 0.5498704553819214 0.7475512006697898 -0.3725717174923968 -21.42362336194607 0.78085842555125 -0.30175246405201794 0.5469968644189459 89.27683493880546
0.2840081266695368 -0.5927561306223814 -0.7536441823534784 -60.161058994733615 0.5507324794314117 0.7442659895641986 -0.37783842165316406 -21.8813924251661 0.7848777739782101 -0.3077471468391004 0.5378276429558109 89.93447981739385
0.27098351906624607 -0.5944241630196371 -0.7571181194588315 -61.07639482268894 0.5523278604327214 0.7401999347646886 -0.3834553313805442 -22.357000755633653 0.7883538970438884 -0.31426735591332855 0.5288990092852884 90.59849985434408
0.25862125417740234 -0.5962105598947933 -0.7600315882630435 -61.95828362990978 0.5527661985344381 0.7365884305298912 -0.3897268450688223 -22.81697346464299 0.7921897352563296 -0.3193281263519529 0.5200624684353388 91.21701975812657
0.24560809385448013 -0.5986415795779557 -0.7624335534547119 -62.859228997714396 0.5522189061839283 0.7328310705204101 -0.3975083668716113 -23.29240642828656 0.7967000338183717 -0.32339895064814284 0.5105704406186138 91.83869044577278
0.2307991707542275 -0.6011682466788506 -0.7650676322811191 -63.79999116733921 0.5529505000549284 0.7280232627050005 -0.40525038365110827 -23.79685987391167 0.8006106964487582 -0.32951307735117646 0.5004434479403161 92.4728125692717
0.21891740351215538 -0.6036381908663557 -0.766613399939689 -64.75287484132699 0.5527708107754832 0.724158697602995 -0.4123573831527081 -24.311947066709 0.8040644260220143 -0.33348930299715385 0.492204513990233 93.10094004282408
0.20955901605567623 -0.6040919234590341 -0.7688679774846531 -65.70123520239056 0.5527611782041768 0.7218127003147539 -0.41646309024288486 -24.831727493635455 0.8065606602482586 -0.33772677370307413 0.48518092260929363 93.72037753468462
0.19945077772470937 -0.6053420881888437 -0.77057143960322 -66.63567443754943 0.5536213913024722 0.7184535994597065 -0.4211030521329747 -25.346441098662805 0.8085312253446516 -0.3426155012409129 0.47842645824840674 94.3195237993735
0.18827063859492726 -0.6060962176107282 -0.7727881609089438 -67.57834686864597 0.5548172651225928 0.7149106762323395 -0.4255355770448649 -25.876543378889526 0.81039001040545 -0.3486403591195206 0.47086933540852577 94.91260912834302
0.17645448972822741 -0.6075354517791053 -0.774444631904896 -68.52173642417272 0.5560143682620046 0.7107608625689972 -0.43089095897498203 -26.411095249494483 0.8122264680130508 -0.35456969846806424 0.46321538574113785 95.49536385027268
0.1663291087154426 -0.6102375579424606 -0.7745610050024133 -69.44958765498741 0.5565156354334462 0.7065396117870024 -0.4371408520076561 -26.941130611106434 0.8140177977857942 -0.3583460615833441 0.45712484622438976 96.0561001615048
0.15771152542581557 -0.61379635300795 -0.773550975554942 -70.41031908683321 0.5572188128697821 0.7020403584726759 -0.4434484520883433 -27.48948058968348 0.8152510468143254 -0.36110022446641726 0.4527387310121037 96.62930693588285
0.14962471984854075 -0.6162479266660665 -0.7732082100508378 -71.37017640793796 0.5590704839874903 0.6977271848302008 -0.44790285719441064 -28.04339508860149 0.8155075947802323 -0.3652605486891482 0.44892326117841486 97.19729247525862
0.14167780211840908 -0.619313020182684 -0.7722556464145143 -72.36474784167963 0.5606596503254375 0.693140900085017 -0.4530082219190843 -28.6299016423387 0.8158358639357888 -0.3687913714575419 0.4454265006200353 97.78830507905661
0.13371239681686464 -0.6197717037108152 -0.773307203003362 -73.31336547332671 0.5633560872260248 0.6895085248406084 -0.45520095909115954 -29.193637118030622 0.8153225827381901 -0.37478130883426075 0.4413479994580305 98.3456347318393
0.12695481864150737 -0.6191468554618517 -0.7749449305566192 -74.23496817723726 0.5669581709403996 0.6863587446937846 -0.4554888648323791 -29.74520470952619 0.8139047281025089 -0.3815348541798949 0.4381669186717634 98.88369278147267
0.1207372177511431 -0.618138258288996 -0.7767416674089009 -75.17898190454595 0.5700788301739212 0.6837483246980215 -0.4555198742757362 -30.312659964364993 0.8126700755148097 -0.38780577885340434 0.4349414055371803 99.4315858435982
0.11235074866437994 -0.6178558755804838 -0.7782232496432031 -76.12498921963036 0.5729443886447393 0.6801634389147826 -0.4572881191154247 -30.880735309225727 0.8118571529493717 -0.39450198145800325 0.43041392848123544 99.97682209816335
0.10613682595872465 -0.6188166236440378 -0.7783321659016803 -77.06628110603715 0.5760583098694125 0.6762827708994125 -0.4591279096450232 -31.442104465480064 0.8104886167034077 -0.3996343329675342 0.42825296508931565 100.51149251881694
0.10011272716105196 -0.6193312273051956 -0.7787209209627134 -78.03673513135996 0.5805950032328655 0.6719507934508967 -0.4597733935339658 -32.028984006064064 0.8080141608173742 -0.40609230732106977 0.42685144236987665 101.0616614084871
0.09394949669885977 -0.6193061388439581 -0.7795084338608655 -78.98293059085042 0.5853042759703883 0.6677276989049259 -0.45995502459035337 -32.599909010191844 0.8053523431398277 -0.41303707642936976 0.4252152124440851 101.59390145174538
0.08998094053360411 -0.6200250927873778 -0.7794051030463498 -79.90785049662676 0.5898043057204339 0.6637658910056821 -0.4599409993586894 -33.15017850284489 0.8025174834820266 -0.418310561964955 0.425419748547524 102.11619950880002
0.08159536982220661 -0.620922120909074 -0.7796139527928904 -80.80749792223551 0.5951151180806523 0.6578223607417567 -0.4616359365777254 -33.689559552665585 0.7994874557211195 -0.4262926946053849 0.4231954001057332 102.62678382661142
0.07561243257750982 -0.6208885004537623 -0.7802436991376414 -81.68006529035395 0.5987202778760712 0.6539987853311112 -0.46240633391577957 -34.216541739510234 0.7973812067635604 -0.4321840566121219 0.4211889745833556 103.11405913242928
0.07027263544117685 -0.62105176464966 -0.7806128761003722 -82.58338001808016 0.6022182386329631 0.6502625691027557 -0.46313257743511826 -34.757022303288664 0.7952326387705445 -0.4375537645243469 0.41970436426681274 103.61180809596038
0.06551282910234968 -0.6225762402072706 -0.7798120891294166 -83.47222643352443 0.6075261711467795 0.6448406764618515 -0.46378060907281965 -35.29745590885307 0.7915933429449368 -0.4433726729395944 0.4204766964953697 104.11180725784952
0.061178193647522194 -0.6241514073113564 -0.7789045187783157 -84.34528463189727 0.6121547179520596 0.6398328051409617 -0.46462951128235763 -35.82880600213226 0.7883678265321719 -0.4483848817887388 0.42122104395701554 104.59791641234588
0.05746119098478353 -0.6257040085829364 -0.7779413250199883 -85.24504487109779 0.6166924454264424 0.6350341407430421 -0.4652118526485545 -36.36849252447102 0.7851042219250668 -0.4530189110114398 0.4223567532092326 105.09752525377876
0.05503554723528142 -0.6269890433587822 -0.7770816096450566 -86.13236454496163 0.6221999354623896 0.6302186399291727 -0.46442621178872123 -36.90626669580781 0.7809214613846334 -0.457940176653963 0.4247969700398366 105.59882613509572
0.053725301467539954 -0.6275065796038247 -0.7767554856813894 -87.0120541353042 0.6283640378103207 0.6258007564536157 -0.4620952815262161 -37.437267058505746 0.7760620000804912 -0.4632590050673508 0.4279239024114877 106.10078548794638
0.05480141082997547 -0.6283797840067828 -0.7759740024141487 -87.8800017460967 0.6336289769574952 0.622503437035427 -0.45935148899168526 -37.958176678131025 0.7716936729887335 -0.4665065036316957 0.43227370627703987 106.59605715899053
0.05697699866886263 -0.6303372857277201 -0.7742276976730418 -88.70226291814353 0.6395182635903849 0.6185468077315502 -0.4565262721678211 -38.448223316400345 0.7666616021146666 -0.46912125603783844 0.4383551470856175 107.07338158418214
0.059543114575465905 -0.6312041425589655 -0.7733278398732676 -89.58876255597156 0.6449215898365347 0.61563967094028 -0.45283985969353463 -38.979394561017706 0.7619256922229157 -0.47177232430585087 0.44373428259453385 107.58751617645639
0.06062224366171398 -0.6307615286750988 -0.773605091449683 -90.41955182937393 0.6518352399668274 0.611968171732425 -0.447890362392251 -39.471857243553416 0.7559337031187381 -0.4771109417419871 0.44825147602575255 108.08706557763254
0.06219090250148729 -0.6309950790738049 -0.7732900502597286 -91.2471866006463 0.6584713465647124 0.6081842807389533 -0.44331407197978373 -39.95432079666058 0.750031850923216 -0.48161923845158544 0.45331570869980875 108.58952856226982
0.06578984462199006 -0.6315707884019377 -0.772521867381092 -92.09762628165151 0.6667299461664407 0.6038293052113232 -0.4368768122170209 -40.43904944911109 0.7423899751677078 -0.48632140545668545 0.4608129939195775 109.11029830756527
0.06995194344970246 -0.632866773954151 -0.7710942692255438 -92.96618742716154 0.6749546223646322 0.5992089312565703 -0.43056348480912304 -40.93294251612619 0.734535896574311 -0.49033488875178427 0.46907218369516324 109.6518819008924
0.07570990931603983 -0.6341443137335422 -0.7694991871280776 -93.82551633405627 0.6821626010185934 0.5958003973901691 -0.4238821442821864 -41.413868604214535 0.72727037297205 -0.49283148826868983 0.4776975285344942 110.1948995692958
0.08118910112544375 -0.6360590479433644 -0.7673572944774967 -94.68100733696744 0.6888514986124353 0.5922361885456578 -0.41801903047147787 -41.889141701928864 0.720341545877957 -0.4946566329346986 0.48623335218376607 110.74118247756027
0.08827221534848745 -0.6382971746114177 -0.7647121895723589 -95.53523768029295 0.6965612210629055 0.5883421114391627 -0.41067751973861666 -42.35876420095991 0.7120466847818506 -0.4964174420690606 0.4965473209078733 111.30062188723662
0.09438038829632023 -0.638885411816085 -0.7634905191773028 -96.38516331269784 0.7036926720356739 0.585301265432923 -0.40278909122009815 -42.81491159300914 0.7042080414396937 -0.4992472926829053 0.5048199432673596 111.87509452064434
0.09922381799849245 -0.6384478518488953 -0.7632424086824143 -97.24334187453393 0.7099327520945201 0.5828790500391896 -0.3952815458997714 -43.27154868159006 0.697244663977648 -0.5026294395426351 0.5110905253081433 112.46139250844749
0.10679178825461522 -0.6370796959716788 -0.763364247880404 -98.10019994363992 0.7158520788957127 0.5820910756894111 -0.3856498162108093 -43.716421326764824 0.6900371838546587 -0.5052716502866332 0.5182173716834996 113.05729874371664
0.11031981850261091 -0.6374814658817706 -0.7625266672732046 -98.95862861032357 0.7231310758077386 0.5778118506243477 -0.3784374617809522 -44.148657623356115 0.6818438126482443 -0.5096575771390984 0.5247267567201146 113.66128242971494
0.11475272609339798 -0.639292622029567 -0.7603530464676883 -99.7588552391816 0.7310562322162494 0.5725828175680652 -0.3710871897055959 -44.54170114687407 0.6725983922014048 -0.5132775666677599 0.5330642947747564 114.2381334810821
0.12136485704891498 -0.6410864573705587 -0.7578118009437192 -100.59701384799722 0.738818988134618 0.5681956701121191 -0.36235367148350955 -44.94945324621068 0.6628854156226668 -0.5159087464289656 0.5426058340202928 114.84514784600088
