1.0 0.0 0.0 0.0 0.0 1.0 0.0 0.0 0.0 0.0 1.0 0.0
0.9998796964720312 -0.0020009971725518053 0.015381436646622827 0.0033548851497471333 0.0019959789831307494 0.9999979496885373 0.00034159423386446097 -0.005559025332331657 -0.01538208863898308 -0.00031085211459597705 0.99988164035553 0.35401490330696106
0.9995984400421276 -0.004470295811033532 0.027981692599035726 0.015963111440696266 0.004433084152298108 0.9999892053385733 0.0013917511370434333 -0.017195755108397236 -0.0279876120854159 -0.0012671470675002107 0.9996074669129206 0.7252881702521508
0.9994358901344033 -0.006770588205448182 0.032894690249426366 0.02586241046697061 0.006853653197421027 0.9999736018936743 -0.0024130797005306615 -0.02165765913343623 -0.032877483922936386 0.0026371672574712754 0.9994559101830123 1.0485303373280561
0.999349471779769 -0.007750575545916904 0.03522161030112438 0.02791979275951536 0.007867987799875185 0.9999639390600741 -0.003196145716642253 -0.02183815423944326 -0.035195568207918616 0.0034711897337988107 0.9993744157323392 1.447489293558747
0.999372177472164 -0.01198191865902497 0.033341933354170274 0.038149934805209125 0.012105758531321198 0.999920545091622 -0.0035148419672643622 -0.027110221429707326 -0.033297169623359386 0.0039162646644485205 0.9994378226613956 1.8351884337598292
0.9995913012828305 -0.012803260832231439 0.025559869165545798 0.04536460279652989 0.012967082401333199 0.9998963664036765 -0.006253896922879795 -0.03363402522056813 -0.02547715003086109 0.00658277789286703 0.999653730979642 2.1902021874516646
0.9998752159310086 -0.010058216952970725 0.012181331562926709 0.02752523130213516 0.010126961449538462 0.9999330683139513 -0.005594957019171292 -0.03997180576221219 -0.012124240954325512 0.005717618732810414 0.9999101517723019 2.5781548278483033
0.9999431748850056 -0.010351722962058307 -0.002547318710285609 0.015140801214559163 0.01033850625781165 0.9999333041103763 -0.005148069469510652 -0.05451482760316761 0.002600440203535876 0.00512144145944412 0.999983504138006 2.976456594441957
0.999821647840289 -0.006950456743258827 -0.017560286472295707 -0.012685529311194576 0.0068114490629253045 0.9999450921155193 -0.007963473849320833 -0.06661322126726672 0.017614672054630413 0.007842442549724585 0.9998140924308189 3.361721048961676
0.9993399347091372 -0.008084014102524491 -0.0354167137313411 -0.04779257791224346 0.007847632352807577 0.9999460298268994 -0.0068082376483907395 -0.0823764886846794 0.035469840174333286 0.006525806418518894 0.999349440530486 3.854775606384122
0.9985755741286232 -0.009889841612126731 -0.05243103838927421 -0.07994062964197167 0.009504907013609901 0.9999260518752887 -0.007586008420777422 -0.09391658770585651 0.05250218563405841 0.007076850569605322 0.9985957333624365 4.328204419149668
0.9976594623147964 -0.010814705245217347 -0.06751769697057536 -0.11755953809459388 0.010181619830019053 0.9999009846523894 -0.009713676380187114 -0.10974399548959271 0.0676160622292391 0.009003501632204586 0.9976707899337188 4.739465735982318
0.9966007337351175 -0.009772214189434959 -0.08180147522179129 -0.17650082305319714 0.009192783818399369 0.9999299404064137 -0.0074570104260513765 -0.11947380609397174 0.0818686157467787 0.006679678784333143 0.9966207461452147 5.2038923896505915
0.9954793616900669 -0.010200954987489545 -0.09442870838087546 -0.2428721685719566 0.009567550585233694 0.9999286094351976 -0.007158072980298183 -0.1334169951520348 0.09449498624231976 0.006222262477225841 0.995505892009047 5.705512179494427
0.9944960696223348 -0.011820402305360612 -0.10410497392088287 -0.3035343437248018 0.011049927488747918 0.9999071481350328 -0.00797459785563391 -0.15541466305690432 0.10418957053477902 0.006780353811202873 0.9945343433959298 6.1865577723144165
0.9933067518056877 -0.012571752953625863 -0.11482006725702268 -0.36602463849288636 0.011606588876283774 0.9998914998544608 -0.009070590579118024 -0.17127586094632372 0.11492164248691861 0.0076772095497034815 0.9933448930465385 6.67145477238488
0.992219384633549 -0.014174676385773233 -0.12369224432752436 -0.433966495816574 0.012896172617943857 0.9998548870797881 -0.011130746357386527 -0.1825698430865458 0.12383206971229051 0.009448985766889535 0.9922581998546284 7.134509622771119
0.9916899841211891 -0.013567583522057947 -0.12793317033157564 -0.512083211311014 0.012187521726434086 0.9998588585913624 -0.01156404819023409 -0.20632353738683323 0.12807200985337763 0.00990876247320224 0.9917153708188485 7.683077674135031
0.991233152096324 -0.012972148356851081 -0.13148597473568807 -0.5918982680188565 0.011408957956669243 0.9998550851641942 -0.012635044505072137 -0.2195635043611506 0.13163082413906368 0.011024157033988851 0.9912375064020535 8.22530692832856
0.9902544698495418 -0.011912099062538747 -0.13875945675494555 -0.6778526435178285 0.009880465694421397 0.9998338067202839 -0.015321074925984285 -0.24314812900305088 0.13891890202799873 0.013800754876111885 0.9902075932975798 8.781313630542405
0.9884950624618557 -0.014801492197209632 -0.15052716471543684 -0.7572663377596339 0.012241962329640933 0.9997645428037824 -0.017916286185030165 -0.2567180997253059 0.15075690978144904 0.015867412551521836 0.988443513495874 9.329988118308677
0.9873314065577551 -0.017048045331049217 -0.15775315456457742 -0.8541835825230588 0.014275282457512844 0.9997233540305608 -0.01869309275225308 -0.28157641994046034 0.15802819348281874 0.016204306720023584 0.9873016309660794 9.914107433073958
0.986017429531499 -0.017013831726802396 -0.16577140341466512 -0.969054506781365 0.013603012283409198 0.9996722148026717 -0.021689191048508038 -0.30192587293113804 0.16608608224927524 0.01913092996937982 0.9859256669757582 10.548329140679202
0.9844809943574493 -0.014564272008137197 -0.174885830557656 -1.0824050064630801 0.01032311557784458 0.9996307316607604 -0.025136300526119263 -0.3181974384972183 0.1751873426755901 0.022940843494647537 0.984267805358897 11.150774860511206
0.9825242972767522 -0.012218485964318477 -0.185732910012104 -1.2206902338168368 0.006927662850512214 0.9995522492924391 -0.029108562689619873 -0.33906969364506606 0.18600541053489333 0.027313175120546672 0.9821690168787551 11.78678682061148
0.9806405570482427 -0.013507276840788006 -0.19535007382762593 -1.3537811191887004 0.007712008214380844 0.9995081730390525 -0.030396331315427138 -0.3722657440676913 0.19566456705651614 0.02830133389934485 0.9802624198132377 12.453066782810437
0.9786495708368521 -0.014111522592984267 -0.20505092643280812 -1.493488619665337 0.00779021305187253 0.9994701515137574 -0.03160267098954339 -0.3993587773238849 0.20538824231550265 0.029330549997819463 0.9782409666106678 13.068929733097056
0.976473911416946 -0.01281639744448291 -0.2152543618109412 -1.634339844789082 0.005459412113702532 0.9993815432093506 -0.03473796067517117 -0.4180013329648203 0.2155664517995861 0.03274555006473448 0.9759399744910005 13.639497564637326
0.9744410491220841 -0.012051675943880943 -0.2243198584450249 -1.775244350746317 0.0036907961839552734 0.9992840134746592 -0.03765419548344729 -0.444741878403835 0.22461304461090592 0.03586387487320413 0.9737878427407577 14.229558845953198
0.9729109099938147 -0.011620461505617664 -0.23088812461753835 -1.9328321195082272 0.00244798966161086 0.9991977317267408 -0.03997374461759881 -0.475088643780721 0.23116740376104958 0.03832568050971595 0.9721588212076477 14.845564948386397
0.9713796296340624 -0.012393659645251024 -0.23720879480447077 -2.0843801720121484 0.0015702258267848582 0.9989510932474432 -0.04576295106951709 -0.5099268891018448 0.23752715533775237 0.04408072708492674 0.9703802038257064 15.469376366864063
0.9713967553751768 -0.010467864630791093 -0.23723146388422067 -2.252547347892219 -0.0013311548861757961 0.9987721637678884 -0.04952164081570197 -0.5494139758434046 0.23745856832982015 0.04842095303153193 0.9701901048940204 16.128229254624646
0.9707800923542006 -0.010380821553730418 -0.23974622172755847 -2.4228108655283584 -0.0027134259030345215 0.9985251886265943 -0.05422255064171268 -0.5878164133403797 0.23995551589542333 0.053288706327832364 0.9693202072428221 16.78678859001116
0.9697754351153293 -0.007602565075017474 -0.2438807217702012 -2.6220018155692424 -0.006737957073139526 0.9982988778930334 -0.057913300130378535 -0.6344458312739183 0.2439061405158851 0.05780615366715639 0.96807450292674 17.52412550081131
0.9682400885367497 -0.007081791587995947 -0.2499219461717025 -2.8073991032900167 -0.008895107324283212 0.9979902512384493 -0.0627402223354872 -0.6733331287754474 0.24986397902866403 0.06297068096281852 0.9662311759217057 18.195074029543992
0.9671960948421688 -0.007326695953769958 -0.2539252520889947 -2.9932556241085897 -0.009816710396676942 0.9977593600819725 -0.06618074920851673 -0.7247545151040243 0.25384118326041244 0.06650247285036719 0.9649570326111625 18.889787743190904
0.9674414850238099 -0.005645979039472868 -0.2530318082289483 -3.1900509626682743 -0.012590459109354388 0.9974397674961446 -0.07039453499138171 -0.7744157881946587 0.252781434038066 0.07128838010449545 0.964893524420045 19.591467339214407
0.9665801975796454 -0.004947797498033911 -0.2563166809765071 -3.399227329414323 -0.014413506291700967 0.9971834596237645 -0.07360298016493196 -0.8345605649146871 0.25595892733654196 0.07483760520419343 0.9637864703159246 20.339972188343214
0.9652974131806888 -0.003979125666195553 -0.26112271189156133 -3.611212418219166 -0.01636338178523221 0.9969976084556393 -0.07568360767224686 -0.8856770090112072 0.26063987385513643 0.07733004133367882 0.9623341004371144 21.06710484977143
0.9649637580934588 -0.0017532644167760972 -0.262377345878096 -3.8212500889979566 -0.019453550360699845 0.9967473857954028 -0.07820619085721146 -0.9458535614367234 0.2616610497275299 0.08057031074729536 0.9617909960493349 21.799224419760193
0.964704686711561 -0.001960734935185301 -0.26332683675475055 -4.043338179796611 -0.01863776500541752 0.9969561909313854 -0.07570328314667611 -1.0163826055152614 0.26267375421300077 0.07793913575410576 0.9617317661206535 22.580384680530226
0.9645855471582544 -0.0013243045552062318 -0.2637668827409087 -4.257756774817345 -0.019137539460255384 0.9970005584614183 -0.074990939526234 -1.0830785994465344 0.26307504023912714 0.07738302556158667 0.9616669852699097 23.31790244442837
0.9633607605823462 -0.0016314918247524336 -0.2682039955045958 -4.478344303837829 -0.01945503735468701 0.9969222105288795 -0.0759447672703004 -1.1516564726954188 0.2675024233380536 0.0783801275109841 0.9603639982421408 24.062274684726745
0.9616443481496215 -0.0013920422174462915 -0.27429584373510757 -4.7339136069484 -0.020322177746660945 0.9968773306329439 -0.07630594185100958 -1.226715493343667 0.27354552959886375 0.07895346660281222 0.9586131614722782 24.91803413984325
0.9599000580647497 -0.0024102950127158507 -0.2803320691701935 -4.970387091637865 -0.01892754823512456 0.9971241252088969 -0.0733841048470255 -1.3036639825471266 0.2797027465812545 0.07574740526476055 0.9570938847106687 25.735053139205327
0.9575124097979891 -0.0004448767569185351 -0.2883917252063923 -5.18671693005207 -0.02150236774770759 0.9971052508596955 -0.07292987652030167 -1.360580639918364 0.2875893483147289 0.07603236674400751 0.9547310856692657 26.407780680286113
0.9541840991734102 0.0022073005006426945 -0.29921201966018635 -5.4142529072081205 -0.024209225537632807 0.9972639739698164 -0.06984611385608853 -1.4355350374323597 0.2982391964237698 0.07388974249805934 0.9516268636761337 27.13431281840788
0.9525418492029837 0.002785424286134708 -0.3043949193539649 -5.676688255403033 -0.024738464409242166 0.9973589281925892 -0.06828745663152624 -1.505150415659228 0.30340078097400025 0.07257692309595476 0.9500950248992418 27.91794483967397
0.9505007642626094 0.0012374827202281079 -0.31071975439729027 -5.948616479085745 -0.02430986123182599 0.997223072506421 -0.07039299899665424 -1.5725820907415962 0.3097697980486229 0.07446215345644214 0.9478913755908662 28.718017970521256
0.9474730480395095 0.0013775238585891688 -0.31983265259622984 -6.222406500752291 -0.02452959950885769 0.9973583696101826 -0.0683709098700137 -1.643793605482964 0.31889359038189635 0.07262496124981759 0.9450039645508405 29.52367495078209
0.9452321586027673 0.0017160313562653781 -0.3263942732027288 -6.517786670095824 -0.025094944404415606 0.99740831998539 -0.06743060869709921 -1.7184399487629038 0.3254326506490898 0.07192842595459972 0.9428254830196314 30.36885569732423
0.9438831767230285 0.0001660456952704021 -0.3302794591373668 -6.80501091533405 -0.024028267461275114 0.9973845089362992 -0.06816732132559522 -1.7892174529283296 0.32940429727320475 0.07227803098262017 0.9414184484995085 31.18362406464158
0.9408028385300532 0.0015566662386306308 -0.33895072769359297 -7.112171377529493 -0.024736092349536415 0.997638371587695 -0.06407655789075602 -1.8587510833004552 0.3380505062103441 0.06866772404902984 0.9386195176560396 32.003289761728524
0.9383553745011052 0.0013448318967950058 -0.3456694701185808 -7.424039415191861 -0.024860428235433316 0.9976654717196545 -0.06360476119246501 -1.9315331634643589 0.3447769572532972 0.06827736056387208 0.936198190439177 32.83953348368711
0.9368999694763135 0.000667986903867504 -0.34959691215567 -7.737499391537836 -0.02386472229451972 0.9977877139973584 -0.062049599722570854 -2.000557450045853 0.34878205548033636 0.06647730130971077 0.9348432201099228 33.64830772318621
0.9342974105455092 -0.001534653048742259 -0.3564912249803301 -8.0817189637551 -0.02209544609856956 0.997818875444122 -0.062203561547013786 -2.074375233228023 0.3558091341009412 0.0659934591262491 0.9322256826771566 34.540137328757716
0.9326638023802288 -0.0017608620316392851 -0.3607424719859849 -8.430045494551408 -0.021200663780743242 0.9979921827461696 -0.05968362449442829 -2.146710806740209 0.36012326165482483 0.0633127360208163 0.9307538524618897 35.425496756930116
0.9311637641553354 -0.003992488019566125 -0.3645793526291368 -8.768694195849179 -0.020324819023060537 0.997816748550624 -0.06283818937191481 -2.2173266837253855 0.3640342649473353 0.06592265430998977 0.9290496529211875 36.28160152856784
0.9295435141632497 -0.005389224971785059 -0.36867304150322705 -9.119409576320916 -0.019368187881293894 0.9977990191830374 -0.06341916599549142 -2.2849839370059053 0.3682033793642198 0.06609140315935412 0.9273932271982561 37.15258417067256
0.9286459580232386 -0.005623046366235973 -0.37092460958618617 -9.470348549372511 -0.019340747805638756 0.9977913858785206 -0.06354750774766833 -2.357590080602292 0.3704627108379737 0.06618709554123407 0.9264861835248248 38.00807176416563
0.9273089359416941 -0.006967562608396034 -0.3742320007615349 -9.827474363088083 -0.018568026454536837 0.9977393901337797 -0.0645858945053586 -2.42378684294222 0.3738360144719433 0.06683982680088099 0.9250832783252335 38.88396513993171
0.9274369408200582 -0.007028793251667785 -0.3739135152247872 -10.205627147340092 -0.01837880041693083 0.9977586731940115 -0.06434166427254341 -2.495009058861815 0.3735276970956324 0.0665449181497083 0.9252290707553898 39.805031565590554
0.9286446784333616 -0.007072861867488101 -0.3709030005842521 -10.554694799363448 -0.018707124316017038 0.9976533451123114 -0.06586232979511401 -2.5637972831623093 0.3704984544059845 0.068101230614569 0.9263331569535649 40.67621053474177
0.9284590650921485 -0.006270010429550823 -0.37138181352541616 -10.922695384181015 -0.01911377143027712 0.9977262803922604 -0.06462919739820244 -2.642062014577807 0.37094262115578575 0.06710407129107757 0.926228165964649 41.56887135705615
0.9289417577659623 -0.007160855217963756 -0.37015663283430655 -11.301200493822993 -0.01903618438491925 0.9975665623782258 -0.06707143437375451 -2.719978788989669 0.36973616858882985 0.06935182605697462 0.9265449205838947 42.49292859563789
0.9289116258445792 -0.009911238629577913 -0.3701688246187247 -11.69218769368593 -0.016268125029904396 0.997584342061927 -0.06753390689782326 -2.7989093835282177 0.3699439680259593 0.06875498397716362 0.9265064558326122 43.45904736257844
0.9282959456686302 -0.011373132498100222 -0.37166825141833754 -12.065720233975426 -0.015614009542865005 0.9974583054720546 -0.06952072749053283 -2.8732276915098014 0.37151425270261057 0.07033904109382118 0.9257589207438526 44.37936623908372
0.9276190434083295 -0.010483258081281796 -0.3733805185145809 -12.462801307493052 -0.015604662517468091 0.9976457975374743 -0.06677841839646337 -2.9550867806217047 0.37320156057274456 0.06777140957526581 0.9252716526676098 45.35056807806167
0.9266465763696908 -0.010399846421454039 -0.37578978923959777 -12.84453519104688 -0.015545168799233459 0.9977022730930372 -0.06594332408963335 -3.0373998635597412 0.3756121273725523 0.0669478712088536 0.9243557282298134 46.28560737036605
0.925364210632795 -0.010443165669352421 -0.37893537439878433 -13.22893785702615 -0.014595678904531395 0.9978976851054902 -0.06314409092242854 -3.114540748542842 0.3787981571196727 0.06396210090285157 0.9232663785770785 47.19792378750177
0.9235729071543964 -0.009748471248035236 -0.383298907484359 -13.63164802165833 -0.015628484110431596 0.9978888278911582 -0.06303679603549639 -3.191133534576854 0.38310420991524874 0.06420945785736723 0.921470731964329 48.149155267112576
0.9211892467716843 -0.012263610624978176 -0.3889215544125269 -14.031695134726846 -0.01425729836343225 0.9977683042949689 -0.06523143711216849 -3.277062310153173 0.3888535727952018 0.06563546906042221 0.9189585867304496 49.07922275357833
0.9186161791715755 -0.013780543056300637 -0.3949106379895196 -14.441245046751098 -0.01427023857735554 0.997582883091907 -0.06800552663558898 -3.3492175013431447 0.39489324589711744 0.06810644606138169 0.9161991248357132 50.023409586288686
0.9158427370629536 -0.012548523062878642 -0.40134102149914613 -14.847676825721654 -0.015562305919671133 0.9976513336608201 -0.06670555508538768 -3.428714671617102 0.40123546154783013 0.06733758990138809 0.9134964440996869 50.94119838796955
0.9128985398298803 -0.013530354095581067 -0.40796223537788506 -15.241592715513569 -0.014324778960386671 0.9977728905405246 -0.06514644740999044 -3.503934032770634 0.40793511332589255 0.0653160655616578 0.9106715955246089 51.816367701249135
0.9117827935477534 -0.011287073412943775 -0.41051764805429025 -15.68395735915352 -0.015835167374060582 0.9979125555747055 -0.06260813765475004 -3.5833369282890937 0.4103673779243311 0.06358563831661565 0.9097007649416252 52.77416971983406
0.9104952049666101 -0.011218871448967611 -0.4133674136361289 -16.12408605266294 -0.01666070032224916 0.9978249959822157 -0.06377851094109652 -3.662143836729745 0.41318386076610386 0.0649570189933536 0.9083279599824692 53.72000904044566
0.9097837476955003 -0.014651415727492111 -0.41482390052444024 -16.549743037397562 -0.014092207879844979 0.9977104705573866 -0.06614549581966736 -3.7368579531186885 0.41484327414844485 0.06602388171971255 0.9074943002225743 54.65992606626978
0.910187340946844 -0.016480822561412412 -0.4138688039316479 -16.999682588193004 -0.014487237667670494 0.9973299603464946 -0.07157562532049497 -3.82106359069698 0.41394338299443073 0.07114304381286121 0.9075183430609913 55.63041196566244
0.9091170117077053 -0.017372128277711153 -0.41617840907807224 -17.429894819262355 -0.014311786053067288 0.9972372978977556 -0.07288994760290826 -3.9093440566578446 0.41629488563231676 0.07222174769891845 0.906356766045077 56.57948907778129
0.9078630656742286 -0.017507635671964714 -0.41890110608324893 -17.86361193773965 -0.013906873156774613 0.99732051912357 -0.071821870026438 -3.9976683656092926 0.4190360997140855 0.0710300276521903 0.9051869874827722 57.5290397466247
0.9067253576681498 -0.01754024014027801 -0.4213566965616984 -18.31733200825937 -0.012527548650776354 0.997573470602496 -0.06848526319503563 -4.088046158356747 0.42153551011316737 0.06737589128102316 0.9043054257206021 58.498454833719755
0.9061065069974138 -0.016431470785867628 -0.4227304161575777 -18.732219417662677 -0.013676378517893339 0.9975853848788028 -0.06809079634463247 -4.165255439344172 0.42282851683345696 0.06747893481690481 0.9036938855101294 59.358154779017426
0.9042878973816689 -0.01843263865714056 -0.42652507133951206 -19.170123759300722 -0.012444732211505544 0.9975048519451044 -0.06949243833799246 -4.2495263493717825 0.42674175714268286 0.06814916124290199 0.9018021759414117 60.279819955557734
0.9036086262077326 -0.018818333535885426 -0.4279454649437316 -19.616800053230037 -0.01244273680009726 0.9974599134478268 -0.07013486554900933 -4.339683689715618 0.42817826771556017 0.06869928229309444 0.901079230516671 61.208677261250905
0.9014219097999077 -0.0211190480294104 -0.43242632475719944 -20.03860178482928 -0.011893053006381932 0.9972246822330529 -0.0734948191056645 -4.418258291792619 0.4327783449098105 0.07139270940031911 0.8986690076004664 62.080760660922756
0.9000560338974029 -0.023084699898247504 -0.43516230589917293 -20.48124599895525 -0.011322032833697643 0.9970200090535352 -0.07630801477827644 -4.505837000319066 0.4356270737883381 0.07360841105129791 0.8971125093348733 62.98639040438209
0.898873856134262 -0.0218213510522246 -0.4376638200680718 -20.947207791269047 -0.01207665867701704 0.9971464301677759 -0.07451946805271344 -4.600265391319127 0.43804103126707294 0.07226911817585797 0.8960453278068934 63.92049384580235
0.8977175324664672 -0.024126802230682587 -0.439910365093207 -21.42126787041962 -0.010184399257142367 0.997096161848568 -0.07546868250225028 -4.694143782717462 0.4404537545691809 0.07222978222987986 0.8948649890597663 64.87355805498525
0.8961217159648085 -0.02633352352148309 -0.44302642778420176 -21.876522343018003 -0.008988157983772178 0.9969565166890989 -0.07743976270106467 -4.785463761564684 0.443717346057539 0.0733774445594963 0.8931576946080532 65.79722282978867
0.8933398578293621 -0.026549771632456448 -0.4485967097958695 -22.3662340399559 -0.009308973170694172 0.9969456830851489 -0.07754126640952809 -4.884562560105746 0.44928525619245785 0.07344667864614794 0.8903641636790685 66.76588795291474
0.8908531775151094 -0.02895373488927612 -0.4533677286124305 -22.84443399948275 -0.00799443351072847 0.9968132495315646 -0.07936897751114855 -4.9812779208328255 0.45422098712419207 0.07433052397423401 0.8877827820258964 67.7080506522318
0.8887267513525902 -0.028316837041394014 -0.457561928235122 -23.345305124386893 -0.0081298947196678 0.9969600602060035 -0.07748898738459145 -5.079964695804668 0.4583652105495343 0.07258646632818952 0.8857948626312235 68.65779137318336
0.8862147915851243 -0.030971411383980126 -0.46223815815293645 -23.804469527455797 -0.007325027853872321 0.9967013218647902 -0.08082585576360979 -5.164574632909467 0.46321667407669476 0.07501497630382967 0.8830645877779615 69.55240147814325
0.8817885606779841 -0.031780189073324805 -0.47057300585553463 -24.301445515361703 -0.006660306118386684 0.9967887474078241 -0.07979870527490132 -5.258940780541344 0.4715978950121159 0.07349974573836912 0.8787452490890272 70.4718072985667
0.8776472577119112 -0.032697387922329325 -0.4781905183646149 -24.79874930262755 -0.006578157809327537 0.9967547800301881 -0.08022865028658523 -5.355117457333739 0.4792619522459487 0.07355806760667603 0.8745840107270278 71.36349777592682
0.8762945869272277 -0.03280790356358738 -0.4806572982758108 -25.314169634892277 -0.006846124269034644 0.9967299331150193 -0.08051441495174778 -5.451520054756742 0.48172702592291033 0.07384498558664389 0.8732044380322264 72.28894088142953
0.8736419909233739 -0.034529293128896785 -0.4853425590358446 -25.829990747385388 -0.006225768380029299 0.996603887473537 -0.08210926428066498 -5.554173462654143 0.48652945594642244 0.07475573147694148 0.8704600330330082 73.20997270262752
0.8729795793383198 -0.03484939657606122 -0.486510198882382 -26.331884942506967 -0.006251125630296742 0.996563008516683 -0.08260201864683515 -5.650634838708756 0.48771669797808315 0.0751511118644446 0.8697613080028872 74.10120377365136
0.8717903298991362 -0.0374947894273738 -0.4884421782157562 -26.86575636175356 -0.003333371256819463 0.9965894827521402 -0.08245175258226026 -5.751955454560439 0.4898678488433589 0.0735087997019333 0.8686920898891399 75.0544769262695
0.8696801575597276 -0.03814624602718163 -0.49213950000068185 -27.41097625601927 -0.0027932983515660294 0.9966132025223328 -0.08218468252964765 -5.865729446788231 0.4936077603028609 0.0728490801054726 0.8666281731495808 76.01244569347841
0.8677489683867771 -0.03900701789982232 -0.49546965640516016 -27.94256023968352 -0.003174236244480124 0.9964600312395601 -0.08400791847391338 -5.965706656975713 0.4969926076793786 0.07447052233346017 0.864553346656777 76.93070666473203
0.8667044175350501 -0.039725455277983344 -0.49723771058537675 -28.477858384354615 -0.0024734250415332087 0.996469300684106 -0.08392148093720155 -6.072564321565595 0.4988159327786091 0.07396499845931258 0.8635460869051057 77.8544091819191
0.8648905255569838 -0.039527086349921664 -0.5004018267816879 -29.02164289398058 -0.003495187215977552 0.9963963639738281 -0.08474709154926743 -6.171992883833604 0.5019483663367077 0.07504595461729088 0.8616356203334967 78.79329281694483
0.8632894511033211 -0.04253878045347191 -0.5029132885212502 -29.58783377952472 -0.002872730512231768 0.9960115065896125 -0.08917861941348282 -6.280594063067942 0.5047009718963607 0.07843169575255937 0.8597240243637765 79.76394699842982
0.8621962845203973 -0.04295522627606451 -0.5047498543781807 -30.152447373658543 -0.002736211271543977 0.9959889419440252 -0.08943456084254621 -6.390112329794592 0.5065669552064168 0.0784912483070165 0.8586204305932318 80.71161935796238
0.8614161302765608 -0.043238256115594106 -0.5060560282295211 -30.68675879220729 -0.001999775431038315 0.9960732649125561 -0.08851017921497285 -6.506562061195509 0.5078959060649938 0.07725609448142902 0.8579471105306526 81.62198065269513
0.860847842533209 -0.04162915395576666 -0.5071567859615472 -31.226933987220285 -0.004048379605394486 0.9960562658168406 -0.08863140498481413 -6.608051775871912 0.5088463448119581 0.0783513169508885 0.8572843568522474 82.5121327240649
0.859205542996824 -0.043652453514472764 -0.5097649440533348 -31.814731325699096 -0.002353740595297433 0.9960057851399028 -0.08925769363509078 -6.7239256666967675 0.5116251506608552 0.07789055956926019 0.8556709448971869 83.48889470815939
0.8591278127718943 -0.043896172837564945 -0.5098750114802606 -32.389355309435196 -0.0030361246512166963 0.9958598327789123 -0.09085139186968696 -6.830295751601388 0.5117520720709234 0.07960100167568102 0.855437605710285 84.44572768142554
0.8573602034410707 -0.04191607863897228 -0.5130073331902945 -32.99240586650634 -0.004613727455396316 0.9960127630335879 -0.08909146644413087 -6.953458249842463 0.514696216300891 0.07875035381336305 0.8537483157815404 85.43695619685653
0.8545365212526104 -0.044269461551944334 -0.5175012547032019 -33.56469004826724 -0.0035710146834706698 0.9958366985132223 -0.09108522244807934 -7.073463015528545 0.5193790347132021 0.07968365370756153 0.8508207411859422 86.38552391777733
0.8537933137497499 -0.04272542500768062 -0.5188559679276457 -34.15369338138278 -0.00452602705322196 0.9959799411188532 -0.08946212588575657 -7.192581046466001 0.5205924437363016 0.07873052106266358 0.8501676379267015 87.34620353924625
0.8527517838777933 -0.04565585518089825 -0.5203171513422773 -34.76338702798783 -0.0035041675359957294 0.9956498948184778 -0.0931075064526701 -7.312111624916478 0.522304619837046 0.08122087069008296 0.8488822381586411 88.32366757150959
0.8524331306059993 -0.0482008805333501 -0.5206096742868547 -35.366391022079696 -0.0014425823946367829 0.9955207042300058 -0.09453277952873239 -7.426788902530172 0.5228342727875535 0.08133389554916788 0.8485452967482097 89.29962569598158
0.8516451837107798 -0.04967777685665565 -0.5217591394013262 -35.971597916289134 -0.0010406245089234975 0.9953356824924987 -0.09646655512571854 -7.556463396565287 0.5241177331123835 0.08269823241020448 0.8476211442580726 90.27954547197596
0.8475819681149588 -0.05250468135415827 -0.5280606648504236 -36.588192583644854 0.002186843544008634 0.9954304004086477 -0.09546483990241383 -7.6871455815343905 0.5306599900517157 0.0797594908344943 0.8438236774232726 91.28740920927252
0.8432497252606558 -0.05534015448061237 -0.5346656601558499 -37.20966773441117 0.004790689214684538 0.9954203423015212 -0.09547455906769588 -7.813013317084246 0.5375006512969795 0.07794747869164596 0.8396530476458348 92.2683379839577
0.8375912723406317 -0.05322629369069291 -0.5436982822841674 -37.82983963919242 0.003425845460752884 0.995734476104134 -0.09220150042436925 -7.936101735049314 0.5462866684092529 0.07536454575978038 0.8342008518101268 93.2146669488448
0.8348450253921507 -0.05754243179079885 -0.5474693161461937 -38.396381720898326 0.006106332080806815 0.9954285197725153 -0.09531408464659495 -8.04256393832077 0.5504511752067558 0.07622945996857526 0.8313799210628081 94.08181202018389
0.8316644523033427 -0.057994270522405716 -0.5522417073723741 -39.01551858522719 0.004122833466528853 0.995148512262868 -0.09829771505588263 -8.166519263074106 0.5552632177798095 0.07947391476185282 0.8278687431309613 95.00267881470833
0.8258628553317547 -0.05838930220555974 -0.5608397574808949 -39.67505738792879 0.0035938712285271852 0.9951490227095376 -0.09831330881343023 -8.296462881402926 0.5638595820529025 0.0791777240655473 0.8220664570087544 95.96561443362573
0.8198110149898222 -0.05865321381098727 -0.5696224189855946 -40.32202209173278 0.0035389290744914544 0.9952404718289234 -0.0973852104518322 -8.42119189318949 0.5726232406062152 0.07782161488548371 0.8161166709326872 96.90578536339594
0.812871593620943 -0.06031886833471121 -0.5793111481811554 -40.996319530299445 0.004695564745876214 0.9952693592517399 -0.09704047715437365 -8.550877247080134 0.5824240070222605 0.0761612543059199 0.8093094212887202 97.85506904913478
0.8051078013035873 -0.05864369433957475 -0.5902222847320409 -41.68793921293696 0.0022513512202528736 0.9953951580279292 -0.09583011422427266 -8.68012704448828 0.5931242363095499 0.07582477490082386 0.8015324346609143 98.79387265463423
0.7984125052434864 -0.06134193806570881 -0.5989779946752325 -42.39749856317213 0.004086391212027533 0.9953260163326665 -0.0964853492412564 -8.811903317192181 0.6020969796284337 0.0745874509933655 0.7949314053908239 99.7347677714797
0.793493028573123 -0.06211475331385513 -0.6054011653660835 -43.09083725019482 0.00279119231007725 0.9951386956989833 -0.09844381934897999 -8.93718873930223 0.6085729396311844 0.07642469328224592 0.7898089917222856 100.63369927476079
0.7865660122907698 -0.06184495096995328 -0.6144014244356215 -43.7747479099335 -0.0007951381334674566 0.9948698096437487 -0.10116041525596882 -9.054990882830028 0.6175056890947204 0.08005787843139124 0.782481603641082 101.49845854326584
0.7791288578663335 -0.06218224546553899 -0.6237720666948514 -44.49926191166258 -0.0016082389368622975 0.9948663804839704 -0.101184477812785 -9.19053462733748 0.6268617362763695 0.07983892115746227 0.7750291028477497 102.40142681953581
0.7732363612222432 -0.061864027596012464 -0.6310929977217183 -45.246034619829615 -0.0015382963398156424 0.9950437967068135 -0.09942573248239436 -9.320151811384665 0.6341160487861475 0.07785039964502138 0.7693088794151247 103.31016416060774
0.769066157198058 -0.06035291995475153 -0.6363134219121481 -45.985253899154486 -0.0030561475110673086 0.9951734716098922 -0.09808374669794065 -9.452534171194733 0.6391618776296054 0.07737755783720845 0.7651697901303651 104.19067964263756
0.764669448989385 -0.05959717794522951 -0.6416609775911535 -46.73851589551942 -0.002887489526629594 0.9953875397021787 -0.0958921697005402 -9.582191426331402 0.6444162445085504 0.07517860191975005 0.7609703552878311 105.08137849003354
0.7621075479728348 -0.06132765073331789 -0.6445393739550482 -47.48415150382615 -0.0012796334965766466 0.9953591670187327 -0.0962210536727215 -9.703699580546266 0.647449185543505 0.07415556545065573 0.758492257212785 105.96307671724456
0.758576177287645 -0.06167914834040762 -0.6486585125562339 -48.25924436728072 -0.002116744758443992 0.9952711092504565 -0.09711301912202071 -9.82965296325837 0.6515809256288059 0.0750406673169179 0.7548583944060904 106.85813960681216
0.7559194210546272 -0.06321241931676788 -0.6516057235142726 -49.05910711266778 -0.0014510362057703757 0.9951632395910166 -0.09822434046936945 -9.963258605157462 0.6546630609453744 0.07519519007778475 0.7521714964174054 107.7839742319973
0.7537606660007692 -0.06502521799036101 -0.6539239859611997 -49.86581186403637 -9.679383809918507e-05 0.9950813613068605 -0.09906096613014864 -10.102349917013454 0.6571490310584275 0.07473155561736677 0.7500468955831886 108.71031606402171
0.7537954874580105 -0.06591183264803194 -0.6537950698842246 -50.66593770944427 -0.0018567822122855376 0.9947390366458593 -0.1024246129242574 -10.240118879606582 0.657106471926549 0.07842116608317966 0.7497074131035373 109.61585591204494
0.7521296994594739 -0.06722285822107979 -0.6555776098400479 -51.43660487801981 -0.0009110830510349541 0.9946768658140803 -0.10303932522077262 -10.377819494938503 0.6590144802040965 0.07809622235976997 0.7480647665372684 110.49880227231925
0.7524000713585097 -0.06502280378730999 -0.655489258193715 -52.19210051025991 -0.0016206277784667905 0.9949302135936913 -0.1005546798712818 -10.508203665941902 0.6587044148822091 0.07671965241089984 0.7484801859425789 111.3516792293555
0.7537210247517317 -0.06422380003519114 -0.6540488669482115 -52.94380814272623 -0.0021070636234278017 0.994972266595486 -0.10012866217386476 -10.637519706594736 0.6571911267889169 0.07684720043619606 0.7497961927450905 112.19000036039321
0.7526074332142525 -0.06579872695743977 -0.6551737013963816 -53.73701969057686 -0.0009930064795438745 0.9948802489750015 -0.10105594558248872 -10.77288778637177 0.6584687277379133 0.07670604754658934 0.7486889319744177 113.09635686731303
0.7532636881329571 -0.06680425309866231 -0.6543172074065188 -54.49410756208325 -5.05752942044288e-05 0.9948225443719765 -0.10162727316723029 -10.909695974182242 0.6577186431769096 0.07658522688611098 0.7493603201666926 113.96945445775388
0.7537247832345322 -0.06799607388422232 -0.6536631281282346 -55.26249270969238 0.0006642803370531178 0.9947114296317799 -0.10270701286443071 -11.047580534518822 0.6571898583131752 0.07697860544483712 0.7497838251350031 114.8396684308177
0.7508459017323532 -0.06811561094471685 -0.6569556266578113 -56.02553450482621 0.002379995561198084 0.9949403722657832 -0.10043899271076671 -11.18787450244197 0.6604731391001893 0.07385065457565519 0.7472090158355219 115.70776336766144
0.7504012235620314 -0.06790696671971704 -0.6574850930230537 -56.77863303008368 0.002225430203950815 0.9949625422435617 -0.10022268701564542 -11.320362545963542 0.6609788583131943 0.07374403978055392 0.7467722313127548 116.55319126588118
0.7497696591140477 -0.06864744773062434 -0.6581283964334588 -57.494656984648365 0.0037139658987871693 0.9950249273154088 -0.09955702124043299 -11.446794547787832 0.6616884952372282 0.07220056745647209 0.7462944548431645 117.37063445995845
0.7489744745842859 -0.06956157488258904 -0.6589373443060024 -58.242616966869335 0.006526323848722003 0.9952002511053548 -0.09764152444969723 -11.578073547484102 0.6625667087306869 0.06883057096736286 0.7458335665428932 118.21720938802613
0.7484082255061998 -0.07012620185871063 -0.6595206166660244 -58.95349092475887 0.00775822891927995 0.9952521582616809 -0.09702036569454099 -11.69944808406743 0.6631929869040367 0.0674941278063343 0.7453989568230994 119.02641902570369
0.7488076775209253 -0.07045003371141684 -0.6590325142478014 -59.688714864327736 0.009469735984923046 0.9953705050422568 -0.09564455965865984 -11.823109399659424 0.6627196889983685 0.06537851667010591 0.7460082193728986 119.86375003820639
0.7490243969806331 -0.07094706126131807 -0.6587328496637934 -60.39526393716401 0.009825523993604018 0.9953302253317138 -0.0960270879459064 -11.942419246521256 0.6624695553805098 0.065454236222742 0.7462237138783834 120.66529301197336
0.7502717006746497 -0.0741380694652235 -0.6569596044071042 -61.10929979468619 0.011664063190488527 0.9950222781332014 -0.09896775054785505 -12.060797234016777 0.6610267201835773 0.06658988417608087 0.7474018079512244 121.47048564924795
0.7480438611470899 -0.0733664128685076 -0.6595814970592802 -61.82798738236125 0.011411372193066344 0.9951455817837431 -0.09774994445505916 -12.185378646393422 0.6635511754076131 0.06559451592247267 0.7452497548446909 122.28870500851355
0.7485673220037584 -0.07499494202730245 -0.6588040096253537 -62.55225803755908 0.012524285198629616 0.9950050674706125 -0.09903563998917463 -12.308522008812885 0.6629405001268099 0.06588379450307612 0.7457675367790499 123.10500376996534
0.7504991797487829 -0.07306402639468756 -0.6568200889462812 -63.26933182613702 0.010540343416245483 0.9950667071744582 -0.09864658855555486 -12.429797569178891 0.6607873200637797 0.06711107449577688 0.7475668674593268 123.90903850663675
0.7542781825372634 -0.06918470909220452 -0.6528996089569283 -63.97508552541648 0.007333349589024846 0.995258259491317 -0.09699081862794938 -12.546639698157268 0.6565140100044233 0.06837011731847224 0.7512089467822988 124.69582552395077
0.7583676631874745 -0.06934097273997562 -0.6481283182603915 -64.67358821430877 0.006885497722148252 0.995122331886092 -0.09840800019665492 -12.658521654724442 0.6517906698877237 0.07016675908904803 0.7551460445279786 125.50303978364614
0.76260420255574 -0.06830290541224508 -0.643249207816512 -65.3713444091309 0.006282227421142924 0.9951448210476538 -0.09822076542494754 -12.778074827720229 0.6468348814519462 0.07086253067933315 0.7593307170678449 126.3069658345007
0.7670536755526377 -0.06794617622800754 -0.6379749022941117 -66.07665183937776 0.005644202099897289 0.9950525237096625 -0.09918980815430159 -12.90157709609771 0.6415581047760557 0.07248304763890784 0.7636421976299709 127.13178830661968
0.7714546482092947 -0.06852801391223552 -0.6325833044473416 -66.76571347656358 0.008488896641223136 0.9952034023844897 -0.09745833220484652 -13.023990868664024 0.6362276828228147 0.06981474909773756 0.7683360179103488 127.96902774416941
0.775855667411845 -0.06715490568623389 -0.6273262325036261 -67.44318168169657 0.006338863805314406 0.9950985301834344 -0.09868502435742743 -13.144611171598976 0.6308785954132364 0.07258879988704456 0.7724785200770183 128.78424306366932
0.7801518389435796 -0.06689909072564477 -0.6220029098428986 -68.12549373372391 0.007451763593430704 0.9951889528969822 -0.09769042558590947 -13.268782092647937 0.6255458251897289 0.07157834652945293 0.776897007907619 129.60689503958574
0.7856525257861784 -0.06338370273863128 -0.6154125567072378 -68.79683868568074 0.003643231176589549 0.9951947145285657 -0.09784787703880285 -13.387751382959229 0.6186572844413879 0.07463234152529039 0.7821081626003275 130.4381268315602
0.7906622718390425 -0.06305210645766479 -0.6089972116205259 -69.43511264088725 0.002015725484026974 0.9949457180594907 -0.10039399865458998 -13.502931514797725 0.6122492211028915 0.07815017585607903 0.7867931375352526 131.24787623531225
0.7972685569932014 -0.060079640733976925 -0.6006274092973568 -70.09330698685109 0.0011300169515461277 0.9951812277152345 -0.0980461476289998 -13.618564707948046 0.603623699908865 0.07749039148484582 0.7934945923797199 132.084115550308
0.803440775649715 -0.059288372473754083 -0.5924253614699475 -70.72093926237291 -0.00025191656853225733 0.9949956238011648 -0.09991819231037785 -13.734876608990348 0.5953846290940228 0.08042759169554034 0.7994051200315324 132.89958835134885
0.8131531411897539 -0.05811049160928995 -0.5791417268149162 -71.3177968709789 0.00023294906923177275 0.9950361508802359 -0.09951383911886819 -13.845254263409021 0.5820497527771724 0.08078508034514464 0.8091303084705586 133.71407416156515
0.8199859061274339 -0.05910054964897755 -0.5693243704458469 -71.92493651975627 0.0033651389467167572 0.9951356635386132 -0.09845652336657788 -13.966571953205873 0.5723738197998233 0.07881710591459791 0.8161961003478311 134.57428651714787
