1.0 0.0 0.0 0.0 0.0 1.0 0.0 0.0 0.0 0.0 1.0 0.0
0.9998951109472722 0.0006147026711497531 0.014470288330519833 0.00851035863161087 -0.0006136357931816215 0.9999998086703634 -7.816872812229621e-05 0.012412049807608128 -0.014470333612450802 6.928104222118522e-05 0.9998952968412652 0.14698675274848938
0.9993516418185681 0.0032962431420308306 0.035852904703543485 0.019093992960936494 -0.003347879052734988 0.9999934432507156 0.0013802758515363471 0.02358349854530966 -0.03584811990022648 -0.0014994121270320673 0.9993561247437734 0.3215535222601105
0.9980793442279683 0.0040039679313106265 0.06181901702772386 0.04254018608973342 -0.004183319911087523 0.9999874076053321 0.002772086811263693 0.03240198776348791 -0.06180713923156835 -0.003025371311545002 0.9980835258977262 0.534018108669011
0.9958277527205346 0.0029482606408922068 0.091205233790409 0.08113591075947568 -0.0033582738552457737 0.9999849328335522 0.004342361407035535 0.04194757266058033 -0.09119105717274568 -0.004630536153568484 0.9958226494846598 0.7858271335485045
0.9922228071661445 9.673264783339021e-05 0.12447446156594116 0.13359282649447635 -0.0008387803370733344 0.9999821896178929 0.005909051916396914 0.053369594981958465 -0.12447167302998005 -0.005967502811007133 0.9922052164362564 1.0638696765324873
0.9868892512230186 -0.0034577864541271296 0.1613618589794614 0.20455859452262992 0.002398034225689474 0.9999742631367778 0.006761841162793812 0.06043044423962604 -0.1613810870341452 -0.006286237101484943 0.9868721436796064 1.350049175613971
0.9795384410413486 -0.004382278680012436 0.20120943853570938 0.28852114391497374 0.002767529330706264 0.9999616763338222 0.008305819950858759 0.06974003496019829 -0.20123812587004575 -0.007579016903471803 0.9795130296219079 1.6593538744925125
0.9699849568892126 -0.005664175145114418 0.24309895213381325 0.3890919346995194 0.003077793052460126 0.9999345665870117 0.011017700956704011 0.08021278430245733 -0.2431454515275965 -0.00993879592156899 0.9699389206218455 1.9997478446862602
0.958468143513896 -0.009458072116448692 0.28504273844612454 0.5118512731458956 0.005154754435321385 0.9998611954427257 0.015843558771790885 0.08872169646131373 -0.285153022736455 -0.0137162210423904 0.9583838578067658 2.344712509666268
0.9457293047430736 -0.01601087008226262 0.3245608328024067 0.6439585807933441 0.009679396314575745 0.9997302382649196 0.021113028815231336 0.09592482981245251 -0.32481131667041446 -0.01682565713356596 0.945629158721777 2.646402771872651
0.9307466764498477 -0.020579248783595707 0.3650850843256479 0.788484961166184 0.012240846095713204 0.9996090058585079 0.025139552371247268 0.10457930266351137 -0.3654596912990865 -0.01892960448790455 0.9306346673692679 2.9505739005093328
0.9121127514323848 -0.022511157126924943 0.40932087227412634 0.9650427937780064 0.011345122954421336 0.9994948397208455 0.029687599373316373 0.1176445225105458 -0.4097824018422385 -0.02243464232405698 0.911907380145702 3.2855718108130025
0.8908817634098439 -0.02607113092306004 0.4534864714147047 1.1617603358740614 0.011652949393033029 0.9993346944164027 0.034559764265962405 0.13242043745934617 -0.4540857764720346 -0.025504208830468424 0.8905928603675878 3.6163644901377263
0.8666966038607228 -0.03209463307306953 0.49780210062252106 1.39151642779195 0.014318634174209957 0.9991175122250198 0.03948637082175248 0.1518715824075565 -0.49863009693727345 -0.027094857320030877 0.8663913060131274 3.962156842823119
0.8404950622712 -0.0378571493490668 0.5404950384054366 1.610918188881026 0.017006933705679482 0.9989078536427681 0.043518549340815185 0.16531094352225145 -0.5415522269399902 -0.027384962551750797 0.8402209526799347 4.250723325408343
0.8129220360321489 -0.043641724041570115 0.5807350198292033 1.8480644970702653 0.019843631804450756 0.9986848887771229 0.04727285907404892 0.1858024030475404 -0.5820343577574739 -0.026905256938095576 0.8127189634424313 4.523927871564282
0.7799570689869825 -0.04840022843933632 0.6239586432002171 2.1165710221500444 0.021421902918402954 0.9984854543016981 0.05067444743937869 0.20447659807788782 -0.6254662841533429 -0.026157512017619226 0.7798126133581439 4.810477164344304
0.7443296972153672 -0.05256529987385118 0.6657403330822401 2.403663385435169 0.022407348892377898 0.9983018486444284 0.05377108617772374 0.2284840749329839 -0.6674362985026324 -0.025105940378504908 0.7442435617449545 5.094939216312038
0.7061983238589079 -0.05361504106282193 0.705981129174641 2.7264813681110813 0.018780098420268634 0.9981963209958566 0.05702115970113044 0.2612453985912248 -0.707764957653453 -0.027009852316677276 0.7059314645173689 5.387520590483423
0.6675494907775796 -0.05634124488046812 0.7424306981044854 3.059743155457532 0.01725942714271058 0.9980359122091093 0.0602198481867644 0.28678559949032983 -0.7443653602481107 -0.027385800449331605 0.6672107825840721 5.66008119068895
0.631967659056848 -0.05896618268967242 0.7727482560350529 3.4079115857883235 0.01735537817687521 0.9979280098254286 0.061955452174905445 0.31536598242508823 -0.7748004057526978 -0.025742503857774355 0.6316816086768613 5.912598588034278
0.5965369867876247 -0.062342469338075565 0.8001606338174685 3.8062009974919864 0.017847866935969996 0.9977624730948491 0.06443214205260311 0.34599585849067355 -0.8023871117111601 -0.024154995352556462 0.5963148993269753 6.185968606305425
0.5627304152080497 -0.06358256658560843 0.8241915657334544 4.227662093602243 0.016480901668090152 0.9977022862019093 0.0657155079695094 0.3839986887707508 -0.8264761700617769 -0.023396694934767603 0.5624853197961229 6.457587706303401
0.5310497962701368 -0.06472027518459098 0.8448653146280045 4.647915763197284 0.016807539389280625 0.9976871438661699 0.06586250514399197 0.4220851473662182 -0.8471739021600724 -0.020776162884310632 0.5309093430659143 6.712040575214183
0.49739337894495306 -0.0649997108284806 0.8650866223528927 5.134359215546047 0.018150997612771044 0.997750585244997 0.06453147239082081 0.4637440916007007 -0.8673352107849558 -0.01639534188359579 0.49745434453539206 6.976542392444156
0.46843241334780195 -0.0636945475502215 0.8812003624247591 5.633368177264282 0.019573518286780275 0.9979012550862751 0.06172489351237516 0.5065861063237596 -0.8832824868110039 -0.011665749423399551 0.4686960195941068 7.23021965953109
0.4428878116592596 -0.062412222942185375 0.8944020911821973 6.175300040190508 0.02071240245233912 0.9980201616851581 0.059386473666850556 0.5502403516592814 -0.8963377614874455 -0.00777632929769231 0.44330367248008373 7.487433384181261
0.4197081839892652 -0.06213341997891633 0.905529943411126 6.767742850184786 0.02107365539846667 0.9980523651971707 0.05871437108988185 0.593810514136952 -0.9074144264560599 -0.005560076083767029 0.4202001240044592 7.75907020235007
0.4034058315183036 -0.06367419525846946 0.9128030082965398 7.380499966972449 0.023323057051363186 0.9979672590789463 0.05930754434500217 0.6416963711661736 -0.9147238764276383 -0.0026356526026481246 0.4040708888654975 8.024476177994963
0.3916879103914706 -0.06616187548383874 0.9177162889943845 8.011978486802455 0.02539804065547893 0.9978087085667504 0.06109599527969609 0.688241328127047 -0.9197475307844137 -0.0006223671063166833 0.3925099900323035 8.291790012080112
0.382692742144448 -0.06807327160002444 0.9213643659289374 8.652449567632123 0.02513089710795863 0.9976797617373371 0.06327346229091643 0.7323569297020175 -0.9235338126568582 -0.001059581709984457 0.38351554618566325 8.563012620826214
0.37608663633829514 -0.06999421095674019 0.9239370391970929 9.285626821159292 0.02470897618327114 0.997545757404984 0.06551281080286253 0.776788732523023 -0.9262549910600868 -0.0018089543555526721 0.3768931137874743 8.824009659294482
0.3656712395703637 -0.07200020184388958 0.9279550180291677 9.988299022094463 0.0238959017308362 0.9974010139224477 0.06797207740641506 0.8249449412819387 -0.9304372791497254 -0.0026811118799151754 0.3664413748576209 9.10411177330863
0.3554106441127012 -0.07388999977487457 0.9317851372417701 10.684426756075455 0.022931696945414113 0.9972597893673075 0.07033526701646664 0.8692427862119876 -0.9344289225653276 -0.0036304881686918603 0.3561311671688655 9.369304546964594
0.3449365476812297 -0.07556703772228017 0.9355791793769432 11.370193164344823 0.023372232940409018 0.9971363837375751 0.07192197824122236 0.9169812301035313 -0.9383349704669086 -0.0029419443623371344 0.34571495218204684 9.622780226002023
0.3342273518600482 -0.07677069685462902 0.9393606002878097 12.119182047899141 0.02271848285480842 0.997043665713426 0.07340162939274572 0.9715719289629133 -0.9422186305764684 -0.003191984522028936 0.3349833778404771 9.886896435865117
0.32444332469724424 -0.07937502956718323 0.9425689013226606 12.870214655302235 0.021005845418812046 0.9968318299987682 0.07671412620598778 1.0264324085473886 -0.9456718688412169 -0.005089929519751353 0.3250827726900404 10.151742653435537
0.31465383637638766 -0.08268085412170417 0.9455986673083498 13.629780713350884 0.019011110182054237 0.9965482280753571 0.08080969502177413 1.085905899030005 -0.9490160909822698 -0.007450200102804415 0.3151395779256565 10.409166320804776
0.30299321899537224 -0.08692278939012132 0.9490203042756585 14.430703160806798 0.019420587957444904 0.9961880345352672 0.085042581170546 1.1451564988923455 -0.9527948100227089 -0.007336793127952414 0.30352631098537086 10.667715791627419
0.2919523629505587 -0.08999884803764624 0.9521890700483188 15.229216131140031 0.018759442201890554 0.9959102183858223 0.08837941074129106 1.2055291790002314 -0.9562488698533763 -0.007940041977254564 0.2924466697323467 10.911947787849101
0.2777244783080369 -0.09180556039320309 0.9562640081219301 16.016962257694747 0.0182996548390228 0.9957481470485212 0.09028150575953738 1.2677557060851683 -0.9604864584060003 -0.007574082804319732 0.27822364473274364 11.135180727237314
0.2645417056110875 -0.09115848883844188 0.9600561524749833 16.803072632633267 0.016534391890626804 0.9958047910963403 0.08999684391344553 1.328614091828847 -0.9642324926474859 -0.007933973926448963 0.26493914807093066 11.347708222833475
0.24781189741155746 -0.09076613141422177 0.9645469262246292 17.5710384963287 0.015710791257892813 0.9958471478561239 0.08967513113943394 1.3902285230318232 -0.9686807701917773 -0.007068768981936077 0.24820877898604915 11.542104735584292
0.22711009754961214 -0.09005604943193811 0.969696298617107 18.39525026036318 0.013215706635208976 0.9959085539978771 0.08939517420973703 1.456797900995107 -0.9737794148004656 -0.00748732492746626 0.22737104317896945 11.737981674219442
0.20398681611882535 -0.08896785267015217 0.9749226123344186 19.20272405052334 0.00977463921521448 0.99599742297684 0.08884587695389426 1.5247025742561569 -0.978924836378114 -0.008593870766786443 0.20403997183720363 11.91539083113787
0.18016079020199205 -0.08905432714064634 0.9795975788512958 20.0023821223295 0.006690901414190306 0.9959811167589734 0.0893131955413877 1.5893738566743194 -0.9836144170924193 -0.009536345058527906 0.18003259874496425 12.07055158314626
0.14789378980052792 -0.08961664042577823 0.9849346601157023 20.809054813202337 0.0036504375670233374 0.9959288522002299 0.09006883845538297 1.6552967709678377 -0.9889965122506785 -0.009725179377748396 0.14761883227442252 12.199353450782445
0.11579039099219318 -0.08994325260437638 0.9891930027374942 21.603111872123712 0.003050027011448693 0.9959191992092156 0.09019781583666112 1.7227565339540298 -0.9932689880838446 -0.007426974984483421 0.11559220282300792 12.29766269770507
0.08158135001661526 -0.08949058007946424 0.9926408813898949 22.406587291223552 0.0019269235744380497 0.9959730319243523 0.08963262042890235 1.7891633357517454 -0.9966648234461798 -0.0053996070648155495 0.0814252660329754 12.368773480941654
0.04847562647648562 -0.08788630026731264 0.9949503062279224 23.249119216910678 -0.001162367767108534 0.9961157423646232 0.08804587846429926 1.8626751779577135 -0.9988236894161484 -0.005424577283063517 0.04818517845161352 12.416037209961328
0.017514831722411972 -0.08565508856293025 0.9961708871840276 24.038026528417905 -0.005172099304232951 0.9963026276307175 0.085757352832951 1.9301776000209567 -0.9998332261224985 -0.006654320356330283 0.01700705624358856 12.434765884288074
-0.014268739975799694 -0.08248321525923236 0.9964903021404686 24.87003452501994 -0.004545789838125987 0.996586810955889 0.08242611251004764 1.9947861835163145 -0.9998878631397877 -0.0033537187226393567 -0.01459498943058235 12.422261092751203
-0.044117161887864076 -0.07934724734212145 0.9958703180465759 25.677222861549016 -0.002561068302794567 0.9968465853221466 0.07931157709139723 2.05520279078336 -0.9990230812929742 0.0009485097808799581 -0.044181255902103644 12.380451626774665
-0.07466482009793923 -0.07488812460680969 0.9943927460679797 26.491799479686943 0.0002817335599313159 0.9971745533455825 0.07511877785374055 2.1165032286650165 -0.9972086468066469 0.005888883842746211 -0.07443276013384886 12.31401056586144
-0.1050702259891142 -0.07211341232993687 0.9918467136471892 27.30200785192966 0.0013879760642717606 0.9973557312487799 0.0726609858703883 2.1741692299018855 -0.9944638360106625 0.009011165703962432 -0.10469230038362054 12.22555245774431
-0.13176866920068647 -0.06885687274253365 0.9888861152292507 28.06547307974441 0.005507397918939491 0.9975183106806316 0.07019179741979606 2.22619426032375 -0.991265194781519 0.014695269067892432 -0.13106243810405677 12.116605209565966
-0.16036188380732974 -0.06094005137211095 0.9851753023500586 28.8690798208449 0.008227394744100346 0.9979751278398525 0.06307102495405585 2.2766876486515724 -0.9870239998082567 0.018219614479863838 -0.15953579363489534 11.97743850143618
-0.18577348070096944 -0.04886891302014028 0.9813766062060357 29.687153136276688 0.00953009415335131 0.9986258762533375 0.05153189869083178 2.324410681400321 -0.9825463811819138 0.01892587164396544 -0.18505247960738425 11.823684902671872
-0.20812252006937332 -0.03390674733908717 0.9775148843495205 30.46667302456586 0.009519849691661822 0.9992814004341892 0.0366886250510106 2.362004758485214 -0.9780564345178766 0.016941523873866292 -0.20765017617861475 11.659396658432547
-0.23068485187584736 -0.019699674517310736 0.9728290815651691 31.266372796327637 0.008366556092806373 0.9997179160674736 0.022228113569387392 2.389907431093435 -0.9729925487146159 0.013266918165861938 -0.23045496095379697 11.478361435749065
-0.2550383416508033 -0.00962197733870692 0.9668830652359683 32.04963803586662 0.010453107779181937 0.9998646174651084 0.012707449748460798 2.4080364667879826 -0.9668744369491651 0.013347819801235736 -0.2549032343474458 11.274096766241685
-0.2805387186125391 -0.005563310025006507 0.9598265869107817 32.84688958732783 0.011682313864832214 0.9998893432831969 0.009210034281198562 2.4185636394433776 -0.9597716139280211 0.013796766659727408 -0.2804426827851617 11.044311014410736
-0.30449426685435566 -0.006371344463282392 0.9524928595126365 33.61251558747083 0.012408502127393896 0.9998662410951492 0.010654998508292155 2.428884849331002 -0.9524333417766218 0.015063395632706715 -0.3043744791933608 10.800940076365888
-0.3264340620029052 -0.010934689303053385 0.9451567254874341 34.36440139751418 0.013210761025285303 0.9997826364566591 0.01612934074612091 2.4329775842858297 -0.9451276522022917 0.017751405849040894 -0.3262186515712527 10.543550190411393
-0.34604153836719115 -0.013014514626361025 0.9381289229810093 35.10373232844401 0.018291676373689 0.9996201521160872 0.020614704917884388 2.4384952624711085 -0.9380408670734492 0.024293494858736445 -0.3456720379313903 10.262955083525766
-0.3615299512250985 -0.01331944469446692 0.9322653521182739 35.8414213911317 0.019331615260145055 0.9995759165817346 0.021777870447295518 2.446769909365746 -0.9321600629820029 0.025895547548111388 -0.3611191459872654 9.975950647742234
-0.37318894626332577 -0.010448222039460182 0.9276965263722201 36.59155596889883 0.021176017144218632 0.9995801471558718 0.01977639273865809 2.454276393541691 -0.9275136584896078 0.027025248714119696 -0.3728110100938056 9.671418001250718
-0.3824361402822243 -0.007906763063245236 0.9239480947022386 37.35343379611928 0.021971373300316455 0.9996028162612288 0.01764846956306368 2.4643421696406214 -0.9237206598108182 0.027049821080405406 -0.38211052042332594 9.351318690646815
-0.3907555142880122 -0.006708730045829733 0.9204700543715063 38.12479335684355 0.01736191736770617 0.9997418358234038 0.014656927705613654 2.4692559579571567 -0.9203307513491161 0.02170840034693537 -0.39053815879571757 9.032223296179003
-0.40140461842686437 -0.0077369118025892945 0.9158681523567367 38.896766052935675 0.01728479351612317 0.9997222460465713 0.01602081997601784 2.473655247044977 -0.9157377180277597 0.022261423030838355 -0.40115939578421156 8.690047797369951
-0.41047655959821866 -0.007326986472281763 0.9118417128480389 39.660500680708935 0.018328585335029447 0.9996994053981361 0.016283789676553237 2.476455168531322 -0.9116869292580798 0.023396882609627252 -0.4102188792634058 8.341348118035508
-0.4169926222238683 -0.005565613119462027 0.9088928302948962 40.41238022361136 0.020475153414153714 0.9996699669895106 0.015515321197371014 2.4831034304146344 -0.9086792179331105 0.02507949460804968 -0.416741044110939 7.990157188988183
-0.4228257437559531 -0.002362204835007079 0.9062079289023809 41.16635116527972 0.021604100806865402 0.9996861137398674 0.012686087813347315 2.4952893881389473 -0.905953449822645 0.024941811963019662 -0.42264199125317586 7.635548946057409
-0.4236742842436876 -0.001572938640258469 0.9058132405383758 41.92801483072384 0.02041524539592931 0.9997278984544136 0.011284804267077685 2.5024913622963783 -0.9055845176602918 0.02327348095915713 -0.423526889887786 7.283661038191333
-0.42358085949405205 -0.0015760417951647884 0.9058569266515215 42.68242632029238 0.02250319030469826 0.9996715732975692 0.012261809282218351 2.509196009174455 -0.9055787441721403 0.025578538523982473 -0.4234062782607109 6.9330493972889276
-0.4216310174716905 -0.002873437052089131 0.9067629395080584 43.46241878775175 0.020469699432058654 0.9997099853813387 0.01268607638337933 2.518294584259457 -0.9065364176418663 0.02391000812110775 -0.42144991992014946 6.5765075522618135
-0.4151347626011398 -0.003905147368881744 0.909751547788803 44.26294372754241 0.018334431682387096 0.999751783762158 0.012657783347307359 2.5285045287285297 -0.9095751631915745 0.021934463485820826 -0.41496012075452515 6.221017449013566
-0.4076232040681536 -0.004859067044268777 0.9131372914149725 45.05074877208738 0.01679555900601132 0.9997767840624456 0.012817614732470676 2.539911414679441 -0.9129957462676859 0.020561408444310387 -0.4074506053252323 5.874680057024172
-0.40236641105023707 -0.005923707141640842 0.9154595463220928 45.86355044706139 0.014240840832582456 0.9998175719532643 0.012728757435843688 2.5510438557895223 -0.9153679422565185 0.01815853813443051 -0.40220864956125413 5.523961205134118
-0.39708679007356606 -0.007458404164472803 0.9177507577531012 46.696695586662244 0.011016078376836496 0.9998562104433504 0.01289203068016919 2.5592011898599263 -0.9177149487538423 0.015229269358127562 -0.39694753077522804 5.176982895936556
-0.39573858839623194 -0.009208428503025851 0.9183170337626664 47.55320152112874 0.007833299172077694 0.9998795060474068 0.01340197039522898 2.571211171704948 -0.9183297931997189 0.012497128906213947 -0.39561877191415357 4.819517645892942
-0.39616255647016435 -0.010827563205632643 0.9181165463741802 48.41413708120303 0.0053844368804357255 0.9998858773397443 0.014115244808734273 2.580646128940148 -0.9181646021768127 0.010535472061465798 -0.39605904501467665 4.460246633778437
-0.3972642503355297 -0.0116239138909133 0.9176306446665817 49.3025731353801 0.004707302427038226 0.9998808140604082 0.014703706259174595 2.5911649929076734 -0.9176921906114327 0.010160821804968481 -0.3971621847445168 4.087971512014438
-0.39870468681420285 -0.01240546083980526 0.9169954619591859 50.202858434343455 0.004661968553145262 0.9998681672086345 0.015553592898618752 2.5993069219585894 -0.9170675213753882 0.010476294392510034 -0.3985942905940872 3.701517680229816
-0.39791018821581925 -0.013153733620884844 0.9173300722236694 51.12165243234253 0.004509635022397325 0.9998570864696192 0.016293244871708364 2.609796318901642 -0.9174132903473856 0.010620071954346033 -0.39779400292823486 3.3049433867219427
-0.3980633589829968 -0.01374678347533645 0.9172549199536932 52.04081897212399 0.0049913053634449665 0.9998404596574528 0.017150571498999224 2.6161133653876805 -0.9173443459824357 0.011405313500980833 -0.39793123742425857 2.913378093944404
-0.39921908362103264 -0.014290740226412572 0.9167441835193527 52.97576688912246 0.00476969770981072 0.9998326192345763 0.017663054613635463 2.6247682329413458 -0.9168431563013056 0.011424021109418352 -0.3990840995143149 2.5100885069848458
-0.3985780088853486 -0.015223712384738904 0.917008074890411 53.93951387733188 0.0030871381115778118 0.9998342888873384 0.01794057812419333 2.6330996427878683 -0.91712923866338 0.009981650483611808 -0.39846496237731116 2.100089249564284
-0.3990849329188919 -0.01573641788084025 0.9167789163530122 54.885014588008104 0.003022879413434699 0.9998247014412202 0.0184777863400111 2.639477413940401 -0.9169089804976149 0.010145518234907436 -0.39896740461166713 1.6933863642818996
-0.39752670585223554 -0.015886199276010975 0.9174530760790075 55.850078844747514 0.0021058413755398603 0.9998316918219319 0.018225077793929793 2.6511082470873957 -0.9175881884409648 0.00917696578704513 -0.3974263450409045 1.282433133269972
-0.39621643666501694 -0.017669340588064693 0.917987107599916 56.7909258723804 0.0012697975901230524 0.9998033089714127 0.01979219502465267 2.6568098215455875 -0.9181562628063682 0.009007650803441361 -0.3961160679604483 0.8842625527317156
-0.39541709720074675 -0.019719847231289323 0.9182899579471128 57.78043262248679 0.003449498821486423 0.9997305686945852 0.022954105852381272 2.66737747940957 -0.9184951933457334 0.012244086032708656 -0.3952425358662804 0.46048902007227377
-0.39291466889919086 -0.021423324566638965 0.9193253527061852 58.751101871824844 0.004834219487282137 0.9996666526498308 0.025361662047893037 2.6752493611352977 -0.9195622291535185 0.01440918958148583 -0.39268012678236824 0.04691239578463419
-0.3909890667848629 -0.021723515804171284 0.9201389234869961 59.700786181327274 0.0057723293171546754 0.9996438882884671 0.026053345692429838 2.685351648605337 -0.9203772215070061 0.015497918202805699 -0.39072443571195137 -0.35477229549109807
-0.3902560300714243 -0.02198348149525868 0.9204438915731038 60.66704466335492 0.005605522742050249 0.9996396501973465 0.026251626008980636 2.698387294121648 -0.9206893119330105 0.015404424516178794 -0.3899921724825325 -0.7552777810786717
-0.38791619338419464 -0.021725239281462062 0.9214385714134606 61.62708664235031 0.005339740224431535 0.9996524165889693 0.025817303929134804 2.7098760511049536 -0.9216791817572162 0.01493519286775197 -0.3876653530164274 -1.1548813325540288
-0.3880246931693299 -0.021102312941896934 0.9214073636993301 62.56034236971358 0.0024443156842423857 0.9997107681982971 0.023924992564402062 2.7202774229077753 -0.9216457360676515 0.01153569836954731 -0.38786088337372165 -1.5409190313376144
-0.38972035565907354 -0.019319843855860917 0.9207305729790612 63.505977158397314 -0.00011507032069806022 0.9997809397656636 0.020929864789521337 2.732468240808934 -0.9209332392436417 0.008050845587359367 -0.38963720656726547 -1.93616259138276
-0.39334117799219664 -0.018842254368953124 0.9191994816937218 64.45253039764056 -0.002066892196214448 0.9998055669959811 0.0196101035309308 2.740116541524132 -0.9193902575361349 0.0058135749879281344 -0.3933036443938695 -2.3342689975642905
-0.3979391765167499 -0.020906248267535656 0.9171735607705593 65.41857979858072 -0.0030130078172318723 0.9997647041160305 0.021481577867539542 2.7471153019581114 -0.9174068528069017 0.005784910298529039 -0.3979085337559045 -2.7520238179724026
-0.40277821602852293 -0.02315460138394468 0.9150046847572045 66.36111781020284 0.000681240836489452 0.9996721103438199 0.02559702544548146 2.7539434543273225 -0.915297353106521 0.010933262801403493 -0.40263037535773716 -3.168828162677765
-0.4083174182656976 -0.024445154473457936 0.9125126412075638 67.28308523632147 -2.9397740615602283e-05 0.9996417236802575 0.026766087000838566 2.76702554714365 -0.912840010668139 0.010902233731322776 -0.4081718464361052 -3.572850369574857
-0.4130700665053059 -0.022450155164407938 0.910422490215612 68.20081196889352 0.0003323601754546806 0.9996923213722277 0.024802260504246543 2.7730088860310595 -0.9106991872698778 0.01054765957455699 -0.41293551213656027 -3.9816329043956467
-0.4179394478859724 -0.020213083625215074 0.9082499926513232 69.09311843656145 -0.00016563287725476078 0.999754128690741 0.022173288695351165 2.7862282915978853 -0.9084748705751406 0.009116655975601887 -0.4178400365179287 -4.38952523928052
-0.42345916647615495 -0.018371028768871756 0.9057288996323863 69.98073068717022 -0.0008962758140213262 0.9998023671320488 0.019860094834040942 2.795961930911824 -0.9059147482059143 0.007598156297759714 -0.4233919425353883 -4.800725458825075
-0.4278182819427661 -0.01768974383829549 0.903691645750073 70.85671684860317 -0.0019473977148566184 0.9998241842938713 0.0186496150961687 2.8067096782383145 -0.9038626694789869 0.006218799243468057 -0.42777751373615863 -5.211071878323796
-0.43078598079329156 -0.018962685108395202 0.9022548727080626 71.72495786393036 -0.001667251567453414 0.999794232864081 0.020216631864263188 2.8144531378840227 -0.9024525799310306 0.007204755735218527 -0.43072895476229955 -5.6218074839562995
-0.4350922036178006 -0.02459610460562984 0.9000498908334111 72.6425526472383 0.000650382662342441 0.9996179669828282 0.027631451056898307 2.8261675134724737 -0.9003856681186118 0.012607605773744547 -0.43490998715050794 -6.0581434340667855
-0.43630468028435543 -0.03188121487909869 0.8992340152039398 73.51927918100678 0.00322298598120669 0.9993103245683751 0.03699307465478072 2.841136714690732 -0.8997932197584797 0.01903847023481589 -0.43590101895704103 -6.484079677598305
-0.43760182416588556 -0.03425547786713113 0.8985161132237887 74.39372097109091 0.0039954872025256705 0.9991901079079829 0.0400395347231737 2.8560442070241345 -0.8991599855246586 0.021111383065262876 -0.4371105465856068 -6.901074988475925
-0.43755840624704984 -0.029874742634756313 0.8986935745152789 75.25136389571618 0.002826938008742187 0.9993972853320927 0.03459876431808871 2.875986584731774 -0.8991855478954478 0.01767953119714981 -0.4372102293320829 -7.314647140357994
-0.43728658715590263 -0.024724134470368614 0.898982290074857 76.07111552642377 0.0017772446392571323 0.999596314881696 0.028355752087106438 2.8924295696389 -0.8993204557303449 0.01399730151223228 -0.4370661202327861 -7.71551616606828
-0.4375358967242968 -0.02178677581549454 0.8989369696909962 76.92559506477835 0.005309678916173101 0.9996264067067987 0.026811458823815117 2.906502392747963 -0.8991852681107898 0.01650404235390133 -0.4372567554635469 -8.136296590677652
-0.43460221521342024 -0.02219396251329032 0.9003490115280556 77.78624983310355 0.007052914277910629 0.9995817920435967 0.02804456123922413 2.919456248157322 -0.9005948983487396 0.018538312837764172 -0.4342639289940541 -8.5504127314622
-0.4316455834086607 -0.02438764176560633 0.9017135538811146 78.63354258348487 0.006682185894114781 0.9995205830323737 0.030231647098705926 2.9348899722483255 -0.9020185356828726 0.01907477453960215 -0.4312756824361767 -8.95036798318251
-0.4289643488165039 -0.02884026611605676 0.9028609120428173 79.49352330294651 0.005112067762392609 0.9993966954383782 0.03435275694965545 2.957653382066957 -0.9033069545883201 0.01935159417733905 -0.428558119273419 -9.351387920964715
-0.42487279868239763 -0.0338456222741664 0.9046201295530966 80.36996777038877 0.003980706352368725 0.9992213094156854 0.03925466579324073 2.981418295583382 -0.9052443089667689 0.020279266813109004 -0.4244072247509458 -9.752883239400184
-0.4234001617458115 -0.037021270895902354 0.9051860187469054 81.23023531578923 0.00016315586173171887 0.9991615483884949 0.040941099180044536 3.005958540168973 -0.9059427555942956 0.01748215441979832 -0.42303912096052876 -10.136634886535546
-0.4213267180800908 -0.03938172799367763 0.9060534620716882 82.10109298674494 -0.00398166463533459 0.9991274241727546 0.04157567332766686 3.038324029615081 -0.9069001835806363 0.01390934096746253 -0.4211158834041522 -10.52196422653295
-0.41867172169920425 -0.04016226197950054 0.907249129050072 82.94162220801962 -0.002010582388562592 0.9990601468078084 0.04329873691944632 3.0591355040262576 -0.9081354232755615 0.01630385761255867 -0.41835898128170573 -10.906152397392876
-0.4167216694935888 -0.03824626176602215 0.9082291966433368 83.78896923807173 0.001803142610576177 0.9990777740283063 0.042899302084885814 3.0828436651107576 -0.9090323420270602 0.01951473554956038 -0.4162683944827287 -11.291087182086455
-0.41187101948141713 -0.03591118086757755 0.9105342664611995 84.65073488895271 0.0032370465544837544 0.9991591975613634 0.040870765323602024 3.10864155100801 -0.9112364044752288 0.01978092559080533 -0.4114084711595384 -11.67789039897834
-0.4051318222345775 -0.03522434681449581 0.9135794721885903 85.49710382267423 0.00707210525464394 0.9991068934817231 0.041658141155941006 3.133982052569782 -0.9142309292187386 0.023337968823211392 -0.40452088607518016 -12.052820311024213
-0.39625881274947755 -0.034491040994522056 0.9174907745636951 86.35330397484373 0.011687485549609342 0.9990236808843296 0.04260384623309468 3.1563370389995002 -0.9180644617889873 0.027605309696500463 -0.3954688241526228 -12.42124538718404
-0.38520457064014285 -0.035002028063464356 0.9221671739925401 87.19523341080007 0.009402851164697053 0.9990796974666429 0.04184906808921762 3.1847155464208794 -0.9227833034618247 0.024791452991018318 -0.3845209470375786 -12.760701944407494
-0.37392589775337753 -0.03681223127869031 0.926727728417368 88.05912581775185 0.008084049662056959 0.999044658173649 0.042946700871640944 3.212946770181381 -0.9274233505419153 0.023550596658705344 -0.37327107879746985 -13.103007018768785
-0.3613158352597673 -0.03945845795082423 0.9316082316546371 88.91627972961905 0.009914397249820964 0.9988851721936824 0.04615319597568997 3.240619150413777 -0.932390782836097 0.025912214643691454 -0.36052182349276707 -13.432210688104394
-0.34854385085003864 -0.04119743276284012 0.9363866485423514 89.74961087048038 0.009949955744595744 0.998814648814506 0.047647620026981086 3.269356239247567 -0.9372396611407919 0.02592429068087014 -0.3477207913504558 -13.740362662304976
-0.33686727309362774 -0.041927242780634345 0.9406181726031434 90.58274247456427 0.010308912053615574 0.9987839299927921 0.048211902269296905 3.299881408418356 -0.9414957071865669 0.02593776206551293 -0.3360253946479326 -14.039345697356225
-0.32183518815997747 -0.041306904130096384 0.9458942072627461 91.41804276211224 0.013679892930329517 0.9987406794993414 0.04826919973035104 3.3279365019269633 -0.9466968745017841 0.02847445845632235 -0.3208648204839113 -14.32824047055299
-0.3081536439279821 -0.03814127608850798 0.9505717094424003 92.25778091399317 0.01471361786527427 0.9988853875274111 0.044849660350207085 3.3526876078981402 -0.9512228136368585 0.02780693515212465 -0.307248975871726 -14.602302987073097
-0.2958238575081134 -0.030687597525520152 0.9547494523104644 93.1026415369621 0.016091056640581206 0.9991819446606387 0.037101473830216794 3.375628389809865 -0.9551069695197546 0.026338428622382615 -0.295088061352022 -14.868124643624604
-0.2819348460205466 -0.026806339879527095 0.959058998571847 93.97953025838066 0.012548338860414336 0.9994210846541667 0.03162332589297709 3.39856212647732 -0.9593514902220224 0.020950314817503222 -0.28143525457524426 -15.120302486317353
-0.2686320961186002 -0.02907193652895085 0.9628040400005519 94.88621845758462 0.011257890929872252 0.9993814120939839 0.03331745867929402 3.41964710834723 -0.9631770641095742 0.01978928163153017 -0.2681386348622104 -15.366871294789737
-0.25415937550146545 -0.03303150409509001 0.9665981231007649 95.77132661705195 0.010551184258669718 0.9992624438571456 0.03692209104838173 3.43687837839245 -0.967104794919064 0.019582850503985432 -0.25362339720675203 -15.596051677451516
-0.24282706961143474 -0.03313779070751206 0.9695034301594546 96.61012112341325 0.008538573204307684 0.9993046404447223 0.03629501829836759 3.453311596937395 -0.9700320134055155 0.017091588945129913 -0.2423752680365152 -15.796131911604535
-0.2360573041202489 -0.02810711530415644 0.9713325585198714 97.47678289016132 0.0056827976556119535 0.9995245750394286 0.030303955237812236 3.4693593871616892 -0.9717225195405764 0.012673356363994937 -0.23578534953678848 -16.000471957429863
-0.2312332134254419 -0.022425853634723374 0.9726398522051716 98.35454658563363 0.0007854362433522052 0.9997296716693902 0.023237182998822187 3.4782197115740265 -0.9728980337624553 0.006137155087423374 -0.23115309045864219 -16.196849172304503
-0.2281836526413743 -0.020189755512316263 0.9734087499296448 99.21967169048116 -0.0020092835419705905 0.9997926049036955 0.020265980349626185 3.4859210822092965 -0.9736160349166857 0.0026685112396922176 -0.22817689541422692 -16.39097817132628
-0.22446741066587628 -0.020707341486560473 0.9742615601354269 100.092048800292 -0.004213862929539475 0.9997854802852127 0.020278973595273333 3.492986472466018 -0.9744724854546526 0.0004465640219627094 -0.22450651587962078 -16.58327737351015
-0.21997393748324734 -0.021285293782544755 0.9752735016889916 100.96204034042381 -0.0065470808852042305 0.9997716176099969 0.02034326309551064 3.4979510940094856 -0.9754837787272524 -0.0019102068163770816 -0.22006305584972619 -16.77155013721843
-0.21484835050839357 -0.02485954359174261 0.976330983517492 101.82904665402111 -0.01032285893770934 0.9996779557641164 0.023182392944430207 3.505302449868877 -0.9765928654598983 -0.00509782813441784 -0.21503578139727653 -16.95799969161751
-0.20992101206269076 -0.028909116068973426 0.9772908634089886 102.68780971913877 -0.011361987732158647 0.999567407523393 0.027127533093474918 3.5140450881979524 -0.9776523277368853 -0.005409327599057269 -0.21015866683431395 -17.13639504346636
-0.20549807402995118 -0.03133354054719989 0.9781557906625904 103.52980246521734 -0.012747309609922567 0.9994882382896759 0.029338841461600637 3.5261484067232525 -0.9785744977607425 -0.006439779295685634 -0.20579232632664762 -17.308043457804455
-0.2022057820447215 -0.032034428937224683 0.9788189909632672 104.38962251757472 -0.018590879724387544 0.9994103406518557 0.028867805410439415 3.5402878355144014 -0.9791665848560989 -0.012359868964011736 -0.2026820977305014 -17.470368673405194
-0.19950911626069523 -0.030955000014212097 0.9794069126277375 105.24973185640644 -0.02564388900300966 0.9993235229248211 0.02636071861550727 3.5531700919106135 -0.9795603623491907 -0.019856598481229365 -0.2001679595017083 -17.63653526126614
-0.19528979417033732 -0.028495272282545683 0.98033153358976 106.07514581480058 -0.02582958336452571 0.9993805355035048 0.023903511874678776 3.5592061757877516 -0.9804053900892846 -0.020653443157775814 -0.19590484008723785 -17.799541450324018
-0.18977562010240845 -0.026323686264826122 0.9814745424901135 106.95227315914049 -0.027404256653627116 0.9993930770279482 0.021505448283441232 3.5638103014878406 -0.9814449657173898 -0.022815370477829985 -0.19038182197350373 -17.96902591606829
-0.18285702645054136 -0.028964226534803676 0.9827127665085598 107.81415449586899 -0.030316701913201315 0.9992566979103489 0.023810696470539832 3.5712555189356654 -0.982671972462211 -0.025438656854218093 -0.1835992082626754 -18.12822651053595
-0.17684136520476884 -0.03281528797696708 0.9836921715798609 108.68294718274508 -0.031156557527964014 0.9991298025017987 0.027729166516932295 3.580895132545731 -0.9837461056977662 -0.025744798070791115 -0.17770988969884022 -18.279292148730445
-0.16947296639317616 -0.035700063268338036 0.9848880236577833 109.53139153662838 -0.03211100413570182 0.9990131204189165 0.03068661995489516 3.593598927030447 -0.985011572051463 -0.026425190888542158 -0.17045208186235156 -18.418778747801415
-0.16476049262299003 -0.032335613191537264 0.9858034226914395 110.35944468940426 -0.03530649014142593 0.999015293860418 0.026868092356482673 3.6052364407301085 -0.9857014922503279 -0.03037845869214517 -0.16573990896270746 -18.54963146518222
-0.16069428504557898 -0.030030825392885367 0.9865472600336553 111.21212068137724 -0.03532633223510435 0.9990715876091045 0.024657921304093673 3.615818801697252 -0.9863718350624706 -0.030888709238909302 -0.16160597339532007 -18.682349161789563
-0.15589576588690862 -0.029510595037886403 0.9873325857881142 112.04771675885193 -0.03659053769958376 0.9990401094643839 0.02408302788785052 3.6261148873097957 -0.9870955590667955 -0.03237258812485527 -0.15682593155696217 -18.807638715135074
-0.1495689678990993 -0.030841120314283068 0.9882701802338055 112.91747832331333 -0.03729138403846041 0.9989782267765914 0.02553145320567615 3.633562604514219 -0.9880478108462639 -0.033035249719920196 -0.15056625039446342 -18.931652621040666
-0.1409887350229852 -0.03219904544572476 0.9894874420976766 113.79540359409472 -0.03539085234534187 0.9989960563108649 0.027465743128668816 3.6392418370130923 -0.9893784231359045 -0.031146443580671614 -0.14198674193525024 -19.058351412094343
-0.13278821913557287 -0.032734781493329854 0.9906037163969187 114.66641062568435 -0.034519224531729786 0.9990008571116991 0.028385042325466885 3.6453388910439015 -0.9905431398967594 -0.0304256728877846 -0.13378552400313887 -19.176603022556634
-0.12631664607713594 -0.03307204147660309 0.991438523054452 115.52577513739975 -0.03407131166750503 0.9989990559524173 0.028983304287722784 3.6546580276837335 -0.9914046856077892 -0.0301185371283009 -0.12731701801476453 -19.288930371818434
-0.11843074149470423 -0.033572989255812945 0.9923945857679008 116.37505856843609 -0.036843976261767615 0.9988885870439613 0.02939578348234701 3.6695243697032605 -0.9922785298907948 -0.03308239812570711 -0.11953607845339154 -19.389931383282658
-0.11180339840400749 -0.03472838722937549 0.9931233252853148 117.21388124306277 -0.0400582587146963 0.998734332806845 0.030414936817499745 3.6820370283621258 -0.9929226233770992 -0.036382297801439 -0.11305305123094272 -19.481298239689515
-0.10791407251807156 -0.035181487467153875 0.9935375261620282 118.06306675752795 -0.040956864245013026 0.998682527976706 0.030915102866904458 3.692639770465618 -0.9933162075712748 -0.0373560069286615 -0.10921282215273903 -19.572402903432817
-0.10282216452901233 -0.03574641125434387 0.9940572400842941 118.93651905366447 -0.04194385472121384 0.9986210106289648 0.031571984123755795 3.70565588640963 -0.9938150308446206 -0.038448292716586244 -0.10417971613747684 -19.662804033669996
-0.09990943828172166 -0.03476435154087103 0.9943890305127935 119.79535175380524 -0.04329635646342282 0.9985947300023135 0.030561261894737738 3.7213093941940802 -0.9940540878942267 -0.04000006341931551 -0.10127420830215189 -19.746233567423786
-0.09492768879324959 -0.03634192443722409 0.9948205860498522 120.66353528982064 -0.04529415595579962 0.9984561305442079 0.032152679747414085 3.7379517888992027 -0.9944532031908913 -0.04200737919565043 -0.09642720962720613 -19.827789072477582
-0.08978639795346255 -0.038855556363270774 0.9952028177624113 121.51487422043063 -0.04554457801117487 0.9983535466861825 0.034869574601714 3.7531684052046974 -0.994919139506486 -0.04219527886886375 -0.09140822875897081 -19.90046557903363
-0.0858826627526249 -0.04008128712346823 0.9954986984728031 122.38853412948497 -0.04607612592326904 0.9982811360925946 0.03621828186954558 3.767842436717122 -0.995239247044861 -0.042758200900001625 -0.08758183257601526 -19.970828959302256
