1.0 0.0 0.0 0.0 0.0 1.0 0.0 0.0 0.0 0.0 1.0 0.0
0.999912693106526 -0.009460940914541709 0.009224790591997595 0.01986152119934559 0.009460671043618215 0.9999552441934821 7.289278544993042e-05 -0.008864536881446838 -0.00922506736339093 1.438628782987726e-05 0.999957448057254 0.47288209199905396
0.9996623825190607 -0.018729358744628458 0.018009222563181066 0.048282350282462416 0.018725319436972386 0.9998245886332268 0.00039290760015660774 -0.010162166328521384 -0.01801342244823356 -5.554650237530489e-05 0.999837743599574 1.0004684713964236
0.9992754894666022 -0.028746732752122205 0.02494236370836964 0.07819268109094625 0.028735116054750497 0.9995867215766047 0.0008241074295344782 -0.014210416431070346 -0.02495574596365636 -0.00010678863918133044 0.999688551169605 1.4901845572211232
0.9989277238340684 -0.039894074423156546 0.02349181520459689 0.11760313108631225 0.03991450294017695 0.999203018172444 -0.00040116096193461206 -0.017291127203513206 -0.023457088709511433 0.0013383949336504034 0.9997239487419893 2.009196515287361
0.9985943902250108 -0.050749148299981325 0.015289465587958108 0.14560594888710854 0.050795676509226506 0.9987054970679179 -0.0026700888174783066 -0.018840467462745602 -0.015134168596552196 0.0034429744625412402 0.9998795441790684 2.481007752130041
0.9981792326717902 -0.06013610608056165 0.0046763456056550055 0.16238455570835586 0.060157798132831536 0.9981780711628978 -0.004645166662945858 -0.02402125703559796 -0.0043884834015390055 0.004918027550196225 0.9999782768732779 2.987439058312577
0.9975545442271516 -0.06835385604723984 -0.014583609129192132 0.16143992776643093 0.06826130544369693 0.9976446224445141 -0.006752887283618571 -0.032272477640956115 0.015010845108858953 0.005740877199188181 0.9998708500892012 3.5137667214785364
0.9966295151110482 -0.07522406489402264 -0.032725367382766345 0.14425908345243477 0.07500280736158915 0.9971517222391013 -0.00793862226553509 -0.04128125470199927 0.033229331883104514 0.005457370833503149 0.999432853475504 4.05307409132315
0.9952070398319585 -0.08341541558482302 -0.05103740110666088 0.11987003400714831 0.08306158284554849 0.9965036059684288 -0.009018688768928043 -0.046947479683438896 0.05161125191373494 0.004736215232648208 0.9986560203299069 4.616603810059772
0.9932826129988438 -0.09179659635324587 -0.07044881554823067 0.08884101852980282 0.09121300553259344 0.9957654230290998 -0.011463416654267068 -0.05571505988110695 0.07120279724772376 0.004960564245879436 0.997449524771285 5.148751235564955
0.9908876894819793 -0.10026329230846481 -0.08993808452781286 0.04161516709869275 0.09946636524225741 0.9949518895829514 -0.01331088279597024 -0.06869662391989786 0.0908186600790747 0.004243775533831925 0.9958584042677251 5.662501236881722
0.9879950389686315 -0.10798370075231635 -0.11047770519524168 -0.0058108482995670035 0.1070229614960612 0.9941492434282196 -0.01460710456289175 -0.08001614334964267 0.1114086562435125 0.0026080956525495547 0.9937712559493166 6.14627717517765
0.9850959974837793 -0.11643427273145046 -0.12660543382863299 -0.06866696283995107 0.11531944509934897 0.9931975684232223 -0.016125001090767574 -0.09521442970855122 0.12762171180256282 0.001284605658256414 0.9918220850862752 6.733454432616654
0.9814179916748615 -0.12663170874368318 -0.14416357361531001 -0.1390197334822711 0.12557669126980164 0.9919478313889288 -0.0164315067029983 -0.1132913028071788 0.14508349398401887 -0.0019774082675924898 0.9894174395218294 7.327637443166694
0.978231640453928 -0.1337575922847019 -0.158656119078391 -0.2236854513346196 0.13246407357976736 0.991010468321633 -0.0187488903029394 -0.13182734751586725 0.15973768129490018 -0.0026754781137451646 0.9871558716795397 7.859393264292491
0.9744988373856335 -0.1448884563004536 -0.1713457065844388 -0.30213623448089355 0.14334778792556263 0.989441038229186 -0.021397279378429977 -0.1437396612597148 0.1726366925971908 -0.00371040413192621 0.9849785811225953 8.415096474050092
0.9709188268750482 -0.15375002051671902 -0.1835144757524293 -0.40503004365355805 0.151731009999266 0.9881035970584996 -0.025079515239678333 -0.1599659898366088 0.18518728958593006 -0.003494663240298526 0.9826970311874632 8.984168717007043
0.9672537943422412 -0.1612358762727568 -0.19601808470927817 -0.5161891403580091 0.15864222210166337 0.9869111004365959 -0.028967657856203907 -0.18256731954278652 0.198123049383922 -0.0030776675557709094 0.980172324270193 9.608256443761155
0.9638592055431285 -0.17109123941223667 -0.20421366184992149 -0.6220988042281909 0.1681152994955171 0.9852489000686557 -0.031966404067973075 -0.20206386023806658 0.2066704574081694 -0.0035203280939486385 0.978404277037263 10.220888007743834
0.9599532076429582 -0.18112442682696625 -0.2137376455905664 -0.7487066349507893 0.17754867319696807 0.9834542601523516 -0.03597480832731406 -0.22929481867724585 0.21671711464947074 -0.003414702738703125 0.9762284732700713 10.878531135234988
0.9559196142260682 -0.1911114431293271 -0.22292175183887086 -0.8628069155795403 0.1871069778926761 0.981558998059904 -0.0391524220388364 -0.2501693742386256 0.2262933272585711 -0.004283647121731533 0.9740497833301858 11.483351061198496
0.9518735962357129 -0.19985791062710037 -0.23236495507942087 -0.9919250711722232 0.19538009977479567 0.9798117946369366 -0.04237291236552967 -0.27423085103419037 0.23614248537965846 -0.005065831631225731 0.9717052351143335 12.08198297068016
0.9468517152044973 -0.2080219858805169 -0.2453541986692463 -1.1432121496525338 0.20263372527693907 0.9781117094425616 -0.04729753938356695 -0.3078832766929176 0.24982274274911792 -0.004933278998404962 0.9682790196857682 12.751203555824898
0.9428888237023072 -0.21384521716627342 -0.2554033853189673 -1.3220600617677263 0.20719606775065097 0.9768630966166046 -0.05299320689754439 -0.35124913348720166 0.26082648570639283 -0.002951874612455732 0.9653811841911595 13.446696233874485
0.9390201136097577 -0.21971379377133216 -0.2645129015056289 -1.5083829885002318 0.21183144213569982 0.9755635699889588 -0.05833661828652478 -0.39190832071793574 0.2708665102204916 -0.0012528914584141182 0.9626161041162599 14.139276556040812
0.9341195629640302 -0.22869207627758797 -0.2740813316074903 -1.6914078841477371 0.21988199006629527 0.9734976160069816 -0.06288324159272532 -0.4394727715685621 0.2811984219948163 -0.001525082479517069 0.959648436455276 14.827487873024413
0.92816983384439 -0.23828099619882478 -0.2858722203918618 -1.8797410337148057 0.2288471845558838 0.9711891711003975 -0.06648729245628932 -0.4859290690429724 0.29347866304404957 -0.003709553587499248 0.9559584266849991 15.501564736290499
0.9225454444363668 -0.24663280051335368 -0.2967863956798678 -2.072690549621701 0.23631737035054895 0.9690967876618878 -0.07074967571665514 -0.533039661421564 0.3050639333325201 -0.004865989555133461 0.9523194415348988 16.142789186925754
0.9159800380626386 -0.25627281791560214 -0.30871477559126265 -2.2951710383625747 0.24449295955581812 0.9665916658217636 -0.07696586445655819 -0.5936285445217941 0.31812538817014296 -0.004979393688475997 0.9480355705563431 16.853248854086793
0.9098100725870213 -0.26643852000827967 -0.3182077102695607 -2.5196056496471417 0.25309185676952134 0.9638406652218012 -0.08340074401198103 -0.6553808116414946 0.32892270194706114 -0.004656943267148966 0.9443453653315886 17.575115191695645
0.9060223272852352 -0.2744733791975236 -0.32216130520678365 -2.7394875234744784 0.25918627082614804 0.9615932792330698 -0.09033738068499689 -0.7191088560798473 0.33458335206026113 -0.0016521034119576367 0.9423647123478444 18.26017096094548
0.9018660143916875 -0.28567806207774693 -0.32407674543656395 -2.9552794752215368 0.2683080996449668 0.9583244295684048 -0.09810734609242042 -0.7815349365608285 0.33859777871415375 0.0015272654957069615 0.9409299717353818 18.949531096118154
0.8969912445017812 -0.2951554723750487 -0.32907439039555775 -3.1898276590978965 0.2751074726372489 0.9554333753608922 -0.10706513786306907 -0.8498690202058199 0.34600951690132953 0.005505667403183846 0.9382148484436571 19.651592346310903
0.8926029611848645 -0.3039450847546514 -0.33298249073712455 -3.422674737459232 0.2814526924779421 0.9526468407489092 -0.11510160167451955 -0.9233482261638951 0.3521992839017825 0.009021211925821795 0.9358815534855152 20.335065109212767
0.8877165914315429 -0.31307435481861234 -0.3375554793690555 -3.6782405927725152 0.28859434237639914 0.9496678904086221 -0.1218367903187338 -1.0095676851569315 0.35870957451049024 0.010739938628643239 0.9333874302093188 21.059645807464047
0.8842125973212034 -0.3209970921936899 -0.3393065716158285 -3.9321048795867135 0.2947430025737917 0.9469909456015381 -0.127807321318032 -1.1099143826624391 0.3623460296074423 0.013000605828214107 0.9319529704206228 21.786305142175127
0.8804447431714246 -0.3297717079035427 -0.34068706298916723 -4.180738027339742 0.3025063508313365 0.9439695862444731 -0.13195199108822328 -1.2066641236280247 0.36511225935116537 0.013116436704330187 0.9308710958879692 22.486780527689245
0.8772244061252643 -0.33826572101022345 -0.34066646927399674 -4.43986081240486 0.31020587929224097 0.9409577555166084 -0.13553897884252394 -1.3121805154888753 0.3664009467109834 0.013221358575434487 0.9303631236924187 23.236373363720393
0.8735993834766812 -0.34659358336672824 -0.34160943364926744 -4.7114166016428864 0.31898205045166267 0.9379645347615068 -0.13591535240466052 -1.4208088353984953 0.36752492252745994 0.009768290466652771 0.9299623711863527 24.008947279012492
0.8690532471112995 -0.3531464280624934 -0.34645931078845194 -5.021690536821138 0.3250041666726833 0.9355368664454282 -0.1383584589638956 -1.5507513439626486 0.37298625354120185 0.007640148439095926 0.9278054121426147 24.858792222364468
0.8626679290898009 -0.36198428493136964 -0.35322998398018207 -5.30149911364416 0.3335206806856476 0.9321772146306334 -0.14074656684429898 -1.6670019197814836 0.3802209879463481 0.003608044650419917 0.924888632397925 25.62505090479637
0.8558490475280376 -0.3711296673181565 -0.36025709969640524 -5.594169307173978 0.3424292064158739 0.9285806324363183 -0.1431092158372837 -1.7853899632679582 0.3876398411396151 -0.0008826666879007822 0.9218104872807492 26.3961282997447
0.8483356042705132 -0.3783135728172968 -0.37041266602155376 -5.887325601214367 0.34878615362052395 0.9256649253843129 -0.1466037685595252 -1.9087386753647277 0.39834020832648 -0.004825612444702171 0.9172250497533035 27.16543586257699
0.8393936805168996 -0.38664743358500686 -0.38199739686340906 -6.224401760865633 0.3567261949028844 0.9221648783297107 -0.1495271180932049 -2.046207820112888 0.4100788594629118 -0.010756359852550593 0.9119866390163399 28.027586674836197
0.8298485349304382 -0.39461251570772143 -0.394502688863623 -6.536259060766961 0.3651432443572394 0.9186533714915794 -0.15081907753140378 -2.1746736640948776 0.421926320788446 -0.01889300119032228 0.9064332486906842 28.784070941789416
0.822533348493331 -0.40017040318581526 -0.4041070885674372 -6.857053311309879 0.37086072799135056 0.9161111722005469 -0.1523241300748684 -2.3016050724562476 0.4311626271490538 -0.02457577228576975 0.9019394771083502 29.51620667799008
0.8134954919421132 -0.4071573529322601 -0.4152685571326756 -7.184631086862653 0.37725226557764546 0.9128737372175009 -0.1560200884985225 -2.4320527327966692 0.4426124859359402 -0.029739365355504158 0.8962197037790783 30.245824950562035
0.8053629194013836 -0.4143118253373936 -0.4239531571280929 -7.53456023984448 0.38434358756018866 0.9094552351351782 -0.15865428448857338 -2.5717936474670364 0.4512987644062899 -0.035169399636824514 0.8916796165521231 31.009697917718906
0.798133560977348 -0.4224602895402097 -0.4295464149579418 -7.887240479575207 0.3923868565799424 0.905513332645767 -0.1614873344385507 -2.712714743673944 0.45718199179859426 -0.03965990623234994 0.8884884457395671 31.770962070400163
0.7906184844806737 -0.4302351337927485 -0.4356835338268118 -8.287946794283876 0.40022421682410453 0.9016115278986084 -0.16406470987957544 -2.8717359455610483 0.46340369901956435 -0.044658508827242656 0.885021259249919 32.61090845095333
0.7817341879277332 -0.4372717562607368 -0.4446178928041678 -8.679287107990401 0.4070064895197565 0.8979370187075388 -0.16749575494149613 -3.0283647020156916 0.4724800280580885 -0.05002520975736267 0.8799205086114086 33.411484087534596
0.7730289731289054 -0.44567365187602254 -0.45144346570391314 -9.052530612412431 0.4153505688328412 0.8934765643306033 -0.17083188801338212 -3.178283738062868 0.4794894281144325 -0.055449301307332624 0.8757940758597442 34.167124205914504
0.7646994235007485 -0.4522405063980106 -0.45903520134135034 -9.435216842872691 0.4220211169519983 0.8898095978998606 -0.17360027745333978 -3.3347494976994865 0.4869630053137619 -0.06097051630222315 0.8712919301804819 34.92438586384893
0.7564847711378626 -0.4572500240046727 -0.46760368538348995 -9.84401495652238 0.42817052687132234 0.8867122640762278 -0.17438853361257478 -3.501720566616214 0.49436908373727206 -0.06829184639864487 0.8665653078448468 35.71147139822249
0.7478872676858732 -0.46443655322823424 -0.47430298634821694 -10.255093367368612 0.4360528190019584 0.8824409186722965 -0.17651052119700691 -3.66573722383424 0.5005223010753912 -0.07481118284234847 0.8624851958427602 36.50199731900303
0.7409907584661803 -0.46982983718755283 -0.4797839304895821 -10.68446312818936 0.4419192467184347 0.879138881161542 -0.17838779949829328 -3.8360521694413396 0.5056086186444273 -0.0798420422982127 0.8590606340847685 37.29800465605955
0.733069013492071 -0.477490339732944 -0.4843684516145528 -11.105605789330976 0.45012113514095203 0.874469567414458 -0.1808146547307251 -4.004482611630222 0.5099027212686578 -0.08547485669884569 0.8559750368527865 38.080144103577986
0.7252376462592875 -0.48432467854369926 -0.4893464643806383 -11.58152687403263 0.45735779221781564 0.8701644289066383 -0.18340587930388116 -4.1898824004762165 0.5146398802521374 -0.0907935703622609 0.8525856679741568 38.9513338776107
0.7170597432034305 -0.4921372294552584 -0.4935851213935982 -12.047977137363125 0.4660963806853766 0.8650853598951135 -0.1854224474197628 -4.372060985581193 0.5182465519316295 -0.09709926611074168 0.8497012674650618 39.809938925778084
0.7110257275147751 -0.4985587548981366 -0.49586448020250923 -12.503112997093679 0.4736247699882933 0.860790409941294 -0.18633155236469057 -4.553779481141078 0.5197326159340216 -0.10236717280221647 0.8481739030805299 40.615626837443386
0.7045755031685473 -0.5060210091626222 -0.497509898012924 -12.984676810653852 0.48095697510069624 0.8560143302739887 -0.18952533990884518 -4.744442066278311 0.5217794059147762 -0.10574594390148723 0.8465010613765389 41.45586469669841
0.6984716848133457 -0.5124282327512171 -0.4995544132459152 -13.4629770694585 0.487003334946995 0.8518389090743573 -0.19286841301134228 -4.9361011700165065 0.524371106435615 -0.10857153985494157 0.8445396162815665 42.29612617476753
0.6925111313692194 -0.5199319651241531 -0.5000990747560533 -13.948931202034032 0.49542694521382574 0.8466634074698798 -0.19419890938825984 -5.135202194086244 0.5243858072886994 -0.11327765045951982 0.8439121393963653 43.150254475766
0.6868616995333051 -0.5256199662769869 -0.5019408897123235 -14.43674631394606 0.5026890726877986 0.8423670288380742 -0.1942201970104972 -5.332423163141833 0.5249044693222767 -0.11891778579125308 0.8428130624925108 43.99469997287996
0.6827090137050829 -0.5314790022964908 -0.5014364094516468 -14.926600337143688 0.5098262743983095 0.8380804550508621 -0.1941605541681407 -5.525508915174654 0.5234363118269239 -0.12309029604183469 0.8431270405350316 44.8453762376032
0.6772189194879207 -0.5386843948956134 -0.5011922363560315 -15.42958519942125 0.5173872696604239 0.8329628690619092 -0.19617153707274831 -5.731334174992393 0.5231490688904503 -0.12645940637255776 0.8428066624433834 45.725139118545414
0.6708531899032057 -0.5454688879868964 -0.5024138630999665 -15.927496634729497 0.5248806701055725 0.8278422452080125 -0.19793306747100667 -5.933493553861668 0.5238857506615527 -0.13092329543398853 0.8416666863827307 46.59859509285143
0.6626238422265526 -0.5534937500869033 -0.5045535772617784 -16.45799285215379 0.5345921869440227 0.821357762037654 -0.19895381473825502 -6.15007648609143 0.5245386900613986 -0.13789885915131178 0.8401446704427987 47.5169684249216
0.6552274155438782 -0.5598896533992407 -0.5071494946622427 -16.97086246801066 0.5431509521604726 0.8157504167924253 -0.19884240159019492 -6.363704737818663 0.5250372149541992 -0.14517173801901825 0.8386066356723368 48.41374244481514
0.6468864388176834 -0.5645717092007841 -0.5126370260173185 -17.456077185320453 0.5495113582826704 0.8112029520411483 -0.19996759166940262 -6.565358991755238 0.5287487138444029 -0.15234354521879687 0.8349947555751821 49.23594065391148
0.6387782336043627 -0.5697238406853866 -0.5170852092527715 -17.96945598659694 0.5546247768556745 0.8067705962048263 -0.20374631775102675 -6.778046420479816 0.5332482772321759 -0.15663955584079398 0.8313304543771478 50.08807499310981
0.6276369701052591 -0.5781415511936788 -0.5213676059561593 -18.499821686668962 0.5618072314133734 0.7999698386719876 -0.21076264362252295 -6.999158077176168 0.538929001343155 -0.16062566419623364 0.826894749960833 50.96845086315609
0.6170795219602432 -0.5857912187702649 -0.5254155608553724 -19.044484970664108 0.5673281015426951 0.7938894198065651 -0.21881136697885845 -7.2284511100119655 0.5452996321081459 -0.1630589989262875 0.8222287237088459 51.854211415607686
0.6066697866277826 -0.5912594374823833 -0.531379381968304 -19.60122917860594 0.5722584042632949 0.7887918827832497 -0.22433832576107812 -7.468508956986091 0.5517898954702128 -0.1679870329616903 0.8168893854211229 52.743113880826854
0.5967143599959425 -0.5959273788618773 -0.5374035091971819 -20.142084838575517 0.577931930317821 0.7837627547783272 -0.22739971007326562 -7.711848815742682 0.5567105679738354 -0.17488997497026668 0.8120879510010904 53.59880719692842
0.5868246616897836 -0.5994645234840795 -0.5443152593090487 -20.69106221218389 0.5820891795872148 0.7796081401670509 -0.23104833864963245 -7.954694881297215 0.5628578892048636 -0.18125515956594915 0.8064350957706194 54.4393506823622
0.5789961175583174 -0.6055262621160405 -0.545986668097465 -21.23980779807974 0.5884771948376709 0.7738545261695242 -0.23418745372655445 -8.195052162199064 0.5643209078249547 -0.1857070763722196 0.8043971623376736 55.28017293444671
0.5737805905866631 -0.6128745918098095 -0.5432868198106594 -21.788291599884758 0.594684418335115 0.7678726666386633 -0.23816383104630864 -8.440230501523585 0.5631396598140167 -0.18643042279410318 0.8050574023020756 56.11380941826511
0.5684498855937484 -0.6212323521048493 -0.539383993335667 -22.34988387140615 0.6003046984228184 0.7615099684140901 -0.24441120485251996 -8.692258821345202 0.5625824353994207 -0.18485922401721785 0.8058089542042882 56.98182645889358
0.5597235010857879 -0.6275204477307208 -0.5412279464441059 -22.89694205807971 0.6062270584217344 0.7553570979680517 -0.24884615365043244 -8.941598397364082 0.564976420720015 -0.18882198555549434 0.8032109945719629 57.82650126810957
0.5511126543717649 -0.6321103975272999 -0.5447121143587562 -23.451105458117567 0.6126310420070378 0.7497258492914564 -0.25018864337450625 -9.20160499636183 0.5665315953772384 -0.19582542286966653 0.8004338543547728 58.66563662807426
0.5435965921197043 -0.6351964999814991 -0.5486603242873477 -23.991143183563448 0.6185680926664691 0.745012703713181 -0.24965893943727063 -9.457197335848308 0.5673413961371149 -0.20367002164587095 0.7978986542863448 59.48090192721426
0.5360328300235333 -0.6389876432317801 -0.5516915777262302 -24.510051746030722 0.6233840403688139 0.7402856035558755 -0.2517331193573193 -9.702946372668048 0.5692636852552734 -0.20897850838066717 0.7951520858833085 60.254867225692934
0.5273633769032773 -0.6440265970405603 -0.5541819295191136 -25.07091402110428 0.6268366648429218 0.7352240621088935 -0.2579173784464717 -9.969178786208658 0.5735535409268907 -0.2113653727564044 0.791429728333332 61.07810080047104
0.5178037923793353 -0.6510912668751397 -0.5549408930656528 -25.611977651674188 0.6332652864838159 0.7278511512891994 -0.26307371305692606 -10.230077774264082 0.5751993650310727 -0.2152042373326158 0.7891975840700086 61.87125437889932
0.5104647424937753 -0.6563162838406837 -0.5555849910106635 -26.140561436664427 0.6376765853811883 0.7223796791967005 -0.2674624675356531 -10.486250197002223 0.5768832803326441 -0.21775338033938113 0.7872668837334776 62.64612249212663
0.5021667537713388 -0.6615863303215439 -0.5568950340400145 -26.7100492403313 0.643205840889026 0.7161939631604883 -0.27083658057713383 -10.769994203297356 0.5780266409543742 -0.22219301218568138 0.7851849894660856 63.459758993665154
0.49301362414011185 -0.6658700813992866 -0.5599594638092475 -27.273041500504235 0.6475810925692156 0.7106711581949876 -0.27492768768651893 -11.054487107019773 0.5810131624663022 -0.2270760656852731 0.7815754380952641 64.28108306170765
0.4836861250948106 -0.6700216378073537 -0.5631329658799232 -27.86250282898313 0.6520351831705761 0.7050540648785966 -0.2788348713950269 -11.351599465210533 0.5838645838706785 -0.23231394807053501 0.7779025499594407 65.12210026651105
0.47304421874762925 -0.6754207913804703 -0.5657171746380205 -28.439821259449435 0.6573672719066338 0.6980929103807706 -0.28378611365275697 -11.643827519986514 0.5865981903615756 -0.23764057533822988 0.7742283384231297 65.94179766721894
0.4619474939007863 -0.6805827198486265 -0.568692952587096 -28.977622512532 0.661864223842805 0.6913598195923 -0.2897539457026663 -11.920333059331721 0.590372985557219 -0.2425464106037202 0.7698252896777992 66.69874785799797
0.4506170658866657 -0.685589866318371 -0.5717611346823521 -29.56702582240186 0.6654187391437307 0.6849126865370045 -0.2968375202312389 -12.235193919576945 0.5951152506263475 -0.24670052092004482 0.7648376896111477 67.51845430771472
0.44065996547096054 -0.69027887059209 -0.5738761849434428 -30.164688265823774 0.668777152561964 0.6788894579458453 -0.30306141968437345 -12.547252507653598 0.5987953866240483 -0.2502482461559025 0.7608021426452817 68.32667044358756
0.4293158869686728 -0.6940721014019035 -0.5778856177928708 -30.759959033593802 0.6712999387511301 0.6732765120973452 -0.30992762137435026 -12.870247243664123 0.6041889285885922 -0.25487772816309295 0.754978862126212 69.13747316777417
0.41889484798816223 -0.698175649686633 -0.5805840753186587 -31.351612677190758 0.6755828728721679 0.6668515188843588 -0.31447866961594023 -13.193771107212664 0.6067247219380157 -0.2604991630433218 0.7510161768184266 69.93505878139072
0.4075700627263825 -0.7012671114629703 -0.5849026263828834 -31.925775913586357 0.6771358225469415 0.6618316587208002 -0.32166120894281236 -13.52408590972493 0.6126775022741491 -0.26495904192017405 0.7445958530047383 70.70465438723234
0.39626532507791984 -0.7049063261555716 -0.588286378804359 -32.521408489466566 0.6794560306714338 0.6560851692073573 -0.328468800847772 -13.86348992719113 0.6175057040425703 -0.26955393169458425 0.7389366572196031 71.48314871943823
0.3841359944823107 -0.7099683626491882 -0.5902410200759662 -33.10266690061302 0.6829017718788384 0.6487198581964944 -0.33586859863086826 -14.196622556551716 0.6213571498806698 -0.2740574202950017 0.7340353006997823 72.23846921035359
0.3739054036380547 -0.713997294053892 -0.5919481507817925 -33.707210163533034 0.6853116372917444 0.6427434263236037 -0.3423869853109243 -14.552571328282477 0.62493416367068 -0.27764861246099265 0.7296358948651811 73.00382971352425
0.36467328302837565 -0.71660424575996 -0.5945517232370161 -34.30906103079406 0.6853904964363997 0.6387962295631348 -0.34954147749671804 -14.917571474664102 0.6302803059274278 -0.2800316625932181 0.724105657970787 73.75866358318221
0.3544256321507598 -0.719101483661194 -0.5977252943207304 -34.9244563805703 0.6884665548648741 0.6332354433343272 -0.353591114336417 -15.284120540170845 0.6327687366700613 -0.28619211991501003 0.7195121933584774 74.53301408072367
0.3477389593981314 -0.7215145268974944 -0.598744021759374 -35.55151420039192 0.6902909350041412 0.6291702498136447 -0.35727191577360895 -15.667640209539298 0.6344888030279285 -0.2890702063951266 0.7168419453456011 75.30430084503571
0.3358959357124033 -0.7251290626956387 -0.6011337312163022 -36.15814225192244 0.6927454691999738 0.6226106540388469 -0.36395011798353294 -16.03771821709094 0.6381830734787607 -0.2941833032506499 0.7114622609905173 76.05791381192113
0.32536413063548153 -0.7296673983250793 -0.6014346766834512 -36.767015914773864 0.6944416521115341 0.6160769697688975 -0.3717525509434684 -16.42145607188247 0.6417857697927093 -0.2967063449639781 0.707160781258192 76.7951644102602
0.31489956807341585 -0.7336112730876403 -0.6022065775345765 -37.42638355220865 0.6972091543253942 0.6093067101219757 -0.37768337019943504 -16.841875607726365 0.6440012866074453 -0.30093160850775785 0.7033509151546536 77.5858682474398
0.30550831977696125 -0.7364663606872605 -0.6035577570731072 -38.074230321139304 0.699434741443487 0.6036785483166908 -0.3825745061607415 -17.26069671722637 0.6461081248590985 -0.3052695691979709 0.6995389775507472 78.35271710706827
0.29461285457242414 -0.7388210151289045 -0.6060913904062513 -38.73525918028527 0.701922532744153 0.5976921105000395 -0.38738727272852236 -17.68925469503649 0.6484659003731204 -0.3112999335848049 0.6946828970137201 79.14109792917854
0.28619423750872475 -0.7415692605098125 -0.6067683992131842 -39.37252827942839 0.7060138353466787 0.5913349300203643 -0.3897017639642965 -18.109651640201285 0.6477941978096694 -0.31685648550209783 0.6927948071971861 79.8922728301313
0.27783838578587866 -0.7446051793765569 -0.6069340641531854 -40.03085809276225 0.7089901923645388 0.5852574744164378 -0.3934546934153754 -18.548861860225877 0.6481811000907013 -0.3209934819981525 0.6905247613228002 80.66352997954775
0.267893941818127 -0.7468890825198621 -0.6085963640622453 -40.658938789739544 0.7113072422590353 0.5793865175472599 -0.3979362642362533 -18.96098499774652 0.6498267792627451 -0.32629428695136176 0.6864817515825968 81.3935112691084
0.25639260753950255 -0.7496783372425577 -0.6101190223786903 -41.29114355264433 0.7150141327946642 0.5718460462775539 -0.4021776836929474 -19.386577315903597 0.6503980478929725 -0.33312833867139546 0.6826477050946902 82.13007285648987
0.2457391457604386 -0.7529955257291957 -0.6104178982244398 -41.93925477602631 0.7194878119058029 0.5636872499203355 -0.4057018274499755 -19.821222647186307 0.6495764472022753 -0.3394914174306354 0.6802911264532325 82.8787748638694
0.23663770426276953 -0.7563769594511066 -0.6098331674587284 -42.60369906091194 0.7213579079943345 0.5572467704748579 -0.41124056873000575 -20.275895678306345 0.650880454073775 -0.3425929538196027 0.6774840975977785 83.6382434101387
0.22572487069710734 -0.759364863409774 -0.6102567385678173 -43.28950192137103 0.7242401813717969 0.5497679191272838 -0.4162107576517009 -20.746459652176 0.6515554024296943 -0.34802333157004195 0.6740588388616885 84.42089077252187
0.21550902439869046 -0.7619244019859582 -0.6107594174968283 -43.92768055859168 0.7268502164904814 0.5428428241515583 -0.42072607603392137 -21.185333649670056 0.6521078309531831 -0.35326034864601025 0.6707924439676064 85.14066309048422
0.20445871273033644 -0.7637594395021982 -0.6122647739009172 -44.61023579853731 0.7287920577138379 0.5363404138565624 -0.4256772217037233 -21.664303252745167 0.6534973384811015 -0.3591802876487779 0.6662812841155433 85.90893875211985
0.19141466720227607 -0.7663858746690879 -0.6131990837301852 -45.283634834885014 0.730792244836002 0.5283390766057814 -0.43220425150489555 -22.14241028697493 0.6552122709987952 -0.36539090196534324 0.6612007022784792 86.66015550442005
0.17896642325265044 -0.7678013419750456 -0.6151846215645124 -45.98508210078808 0.7309750751696691 0.5222823191161498 -0.4391999756595542 -22.648305712967012 0.6585183815421175 -0.3710825762549023 0.6547146422458985 87.43043371043025
0.16304252684573783 -0.7684899586318983 -0.6187409134053607 -46.674622733857824 0.7307315023391976 0.5154287486923159 -0.44762113054521085 -23.150012755943887 0.6629091988567184 -0.3791521970177895 0.6455966275994068 88.18112658464503
0.14991656638261802 -0.76974734728949 -0.6204949995486181 -47.32096961578667 0.7308435766883523 0.5089500255209835 -0.4547939510762725 -23.632655539436854 0.6658773832601786 -0.3853036372304104 0.6388649447258737 88.87982798383392
0.13830561912289085 -0.7720116966057773 -0.6203785102845705 -47.996146380695826 0.7301481632700184 0.502699641367463 -0.4627923186942957 -24.141387353421816 0.6691451377634394 -0.38896145165413665 0.6332091074318612 89.59168828801336
0.12320312935056921 -0.7740237200763851 -0.6210541600193504 -48.67745903709143 0.7290544086730864 0.49518145697141813 -0.47251983436253775 -24.665963081043863 0.6732760638197108 -0.3945663511131907 0.6253133106344844 90.30773373577087
0.10886352621931722 -0.7752442975150331 -0.6222097812068845 -49.352391627571166 0.7278195780002561 0.4884954613009869 -0.4813012010870793 -25.18260156959214 0.6770726656265376 -0.4004603144616943 0.6174173159238536 91.00656240809616
0.09355576103732377 -0.7753662230155547 -0.624543465087355 -50.0470741121637 0.7278333772326462 0.4812883432414463 -0.4884875695921284 -25.72504053034658 0.6793422514188617 -0.4088627530926447 0.6093647139198786 91.71096726902252
0.07971268136283682 -0.7758117734660491 -0.6259089235515107 -50.73341983174305 0.7267533509417022 0.47499319752233693 -0.49619656307003324 -26.27090186820782 0.6822576165386167 -0.41532824905003773 0.601686787470089 92.40233226571713
0.0659885423609669 -0.7768212078753206 -0.6262542002032425 -51.39914010474038 0.7255792046428186 0.4681965961598354 -0.5043082045081548 -26.807806587938707 0.6849673934334173 -0.42111846117152363 0.5945409250788025 93.05075851301521
0.05322896617142703 -0.7777826950906174 -0.62627530398212 -52.10791363757836 0.7237368269956229 0.462162580450597 -0.5124556122061239 -27.39071013472594 0.68802011773685 -0.42598101888326095 0.5875104161974918 93.73353464168291
0.040390115041369135 -0.7787210055729163 -0.6260688732770947 -52.80515755246808 0.7221220780819009 0.4558103211037998 -0.5203620427374845 -27.97660014331063 0.6905855073440377 -0.4310806730239211 0.5807418620967678 94.40037735676955
0.027987685736326595 -0.7791539088842495 -0.6262075340632043 -53.513754728436886 0.7204105956824828 0.4500133850033491 -0.5277277015149364 -28.587367804869395 0.6929828735802457 -0.4363566655709777 0.5739055648242514 95.07567393961224
0.016338120610049134 -0.7792716618745478 -0.6264732578603913 -54.22537345718082 0.7194583289348567 0.4442661957605485 -0.533860712387336 -29.197888895087335 0.6943434155669623 -0.44199912251466156 0.5679119623278542 95.74461160130937
0.00390879926381088 -0.7787951847651406 -0.627266116951128 -54.89036938861348 0.718555490767419 0.4384317365080464 -0.5398662974390356 -29.770218582305553 0.6954586457700482 -0.44861528352160485 0.5613212978451123 96.36138778315022
-0.00934438977378288 -0.7777445074181225 -0.6285110687654577 -55.625059136129615 0.7176549935209479 0.43247713017781503 -0.545834079320456 -30.411717743537846 0.6963361204577888 -0.4561545933717027 0.5541109945594769 97.0356079197831
-0.021893704966367167 -0.7775733495980203 -0.6284109735497629 -56.33156719759896 0.7165820801294264 0.42610760081572974 -0.5522159314656248 -31.03572946493321 0.697159083796683 -0.46239809528368303 0.5478660542119688 97.66988294061431
-0.031331662860700216 -0.7786999331129862 -0.626613709610805 -57.034625321300716 0.7168368903667084 0.41938170203159986 -0.557013339706031 -31.662308963733057 0.6965365744250415 -0.4666319772271391 0.5450609124834761 98.30056182504325
-0.041051567956752466 -0.7796678198697575 -0.6248462686355994 -57.747745173044265 0.7165169287478075 0.4128809395609223 -0.5622568990818162 -32.30470034370125 0.6963607251892526 -0.4707944566441171 0.5416957817881444 98.93910607623273
-0.050685971022913334 -0.7800743794632456 -0.6236304152673255 -58.486861971749875 0.7157023419678958 0.40714631015367364 -0.5674522357255436 -32.981268200903656 0.6965637731343295 -0.4750956163061086 0.5376644542124627 99.59340831504876
-0.06086526776580481 -0.7807529365917301 -0.6218683712677362 -59.238906243830584 0.7158230884976431 0.4000521381446436 -0.5723247266540162 -33.67198536327322 0.6956239825893673 -0.4799824358966577 0.5345316979162403 100.25750245243479
-0.07212528468525076 -0.7799460167204262 -0.6216768889954107 -59.95147339512278 0.7156382929335097 0.3936926789747876 -0.576947058410793 -34.33622178921517 0.6947371999513801 -0.4865082584330871 0.5297640394365408 100.8885603069505
-0.08378879329806183 -0.7779540454292517 -0.622709355412231 -60.64246935686803 0.7168322544126848 0.38702623979254047 -0.5799674204174532 -34.98061216255449 0.6921928612397578 -0.4949729213929875 0.5252340906076155 101.506035033015
-0.09090638799125011 -0.7758125492185599 -0.6243804265809301 -61.335149879048515 0.7177430982073647 0.38359021203587695 -0.5811225294255631 -35.63743006011559 0.6903483711852139 -0.5009724919646497 0.5219633020593034 102.11138617199103
-0.09998210244646483 -0.7746697025366525 -0.6244120683988732 -62.02690402856172 0.7192329954462797 0.37737210089809226 -0.5833474056898958 -36.28831191569611 0.6875372553191257 -0.5074220624248956 0.5194375545844843 102.71124575731645
-0.10935342886050115 -0.7732492352267064 -0.62460183142364 -62.705430085325965 0.7219421165388362 0.3701448259934428 -0.5846301293618982 -36.92890553819769 0.6832579366270669 -0.5148576774328978 0.5177645835942483 103.30175067362858
-0.11919139250635924 -0.7718131879154639 -0.6245781095364804 -63.41127596705378 0.7237532232941437 0.36309550803220136 -0.5868073992530896 -37.59727406624918 0.6796871954978498 -0.5219828110260012 0.5153244233195837 103.90664413074384
-0.12906587137070114 -0.7697002917235539 -0.6252227297275733 -64.13070609248038 0.7248601897493051 0.3570249831235739 -0.5891611551538454 -38.276993836695176 0.6766976475235623 -0.529239664373607 0.5118453589608767 104.52219608938013
-0.13530606603974682 -0.7692124182159636 -0.6245034220524315 -64.81943234286071 0.7279009792287912 0.35044762894672454 -0.5893611997776799 -38.93785170885581 0.6721996972110409 -0.5343207978620791 0.5124927824286081 105.10813784656551
-0.14314537276868916 -0.7682525680655923 -0.6239370111762372 -65.48279940422307 0.7305574248642115 0.34328300032688813 -0.5902902935525385 -39.567388911008216 0.6676790031374997 -0.5403191402747014 0.5121132447243699 105.67618981341445
-0.15027923516472946 -0.7663337367758027 -0.6246188880890002 -66.13837834019127 0.7331384210340077 0.3374800205421382 -0.5904365260878094 -40.19849497749212 0.663267824549078 -0.546662454915383 0.5111124663944531 106.23183958260913
-0.1565327340299672 -0.7654466784667018 -0.6241705581020284 -66.83095699894619 0.7373327494509623 0.3299080186813453 -0.5894922525333424 -40.846649273356334 0.6571437588261707 -0.5524962277102381 0.5127474998493593 106.82099238368106
-0.16092870254716818 -0.764753212368368 -0.6239026180973656 -67.51157573685173 0.7404024779104355 0.3244488126104019 -0.5886740513219414 -41.49629753276491 0.6526148354125675 -0.5566735957165226 0.5140120469711438 107.3994740088502
-0.16861972341387627 -0.7639121184515585 -0.6229010067086745 -68.16872766287413 0.743116058404206 0.3166535523873649 -0.5894989834615997 -42.11432983525973 0.6475692338411584 -0.5622888964254181 0.5142813280093501 107.96705901466594
-0.17577991331250165 -0.7629014098731233 -0.6221598354839781 -68.83800866728784 0.7462570836311924 0.3089148302200526 -0.5896371704704378 -42.74795195317802 0.6420294286137649 -0.5679375550918581 0.5150195591530148 108.53690103512396
-0.17958183790259274 -0.7621630901237616 -0.6219789285406104 -69.50201309117163 0.7497453918783333 0.30329686576025255 -0.5881265668010687 -43.374496160534086 0.6368926211322686 -0.5719426853042238 0.516961656096719 109.09954947322395
-0.18212119206531302 -0.7610756005297665 -0.6225719249042351 -70.17679741400696 0.7548392161237898 0.2975362066169097 -0.5845425250173353 -44.00738649885483 0.6301187421449482 -0.5763992852444169 0.5203020610831688 109.68054809543416
-0.1854211464825824 -0.7605814996885476 -0.6222015595999454 -70.83452382252827 0.7596445926700561 0.2907101101057784 -0.5817454122805185 -44.6170303289214 0.6233450820085366 -0.5805199516070104 0.5238678216133961 110.24851239672967
-0.1861665873254411 -0.7593800569877883 -0.6234452107545797 -71.45166727966989 0.7668180410142259 0.28441730602572235 -0.5754101910882145 -45.18620581342047 0.6142736309973788 -0.5851911867777008 0.5293573284455428 110.79403876669441
-0.1907029338507265 -0.7580513076814882 -0.6236911142088775 -72.11000480053359 0.7714495387561277 0.2771626651412794 -0.5727534078508313 -45.795420196118684 0.607040361239418 -0.5903719776328892 0.531942598268035 111.37669999454789
-0.19288977739091534 -0.7562685842364127 -0.6251810635928883 -72.76787318791929 0.7763247490438181 0.27204192005273004 -0.5686062589842614 -46.40890050704776 0.6000945073904076 -0.5950218670192516 0.5346359134670884 111.96307608471153
-0.19424512115331682 -0.754819130191461 -0.6265117026880981 -73.43202244912031 0.7826650386435935 0.26576606816809045 -0.5628532973124492 -47.00969647999291 0.5913579881874901 -0.5996803129230444 0.539146781590472 112.5544573040552
-0.19532508537257676 -0.7531309545455099 -0.6282052819975051 -74.09263100963884 0.7891848785572547 0.25959413819596955 -0.5565951049648776 -47.60016978595828 0.5822674114878549 -0.60448709557745 0.5436543136953593 113.14747278288311
-0.1943231840861297 -0.7515186029257155 -0.6304429312659549 -74.72028072292063 0.7978425990755453 0.25281858959096426 -0.5472932923557666 -48.151801531171955 0.5706887831620727 -0.6093460020495883 0.5504650420863948 113.71603508048365
-0.1926039378573116 -0.7511361645079582 -0.6314255185610815 -75.40981086412224 0.806054000617614 0.24586937394054506 -0.5383541576382819 -48.739124007756935 0.5596254740540287 -0.6126521960512002 0.558100900790749 114.33554798706463
-0.18957235335069883 -0.7512554835088839 -0.6322005388663561 -76.08510839334872 0.8140429486945814 0.23975801946931224 -0.5290086670185888 -49.30387919685031 0.5489958110274695 -0.6149238087747019 0.5661027370330449 114.95047631812224
-0.18429193333854227 -0.7508157382625554 -0.63428086088388 -76.73787153506593 0.8234298027380772 0.2344148987105674 -0.5167330212258993 -49.837058157429176 0.5366561685745105 -0.6175154916597382 0.5750432803634508 115.55484511952702
-0.1815313850861381 -0.749644302324306 -0.6364587781006819 -77.39866764684233 0.8317567953212461 0.22823182148605145 -0.5060542155718989 -50.37158740495496 0.5246208055973753 -0.6212436363085451 0.582090503857001 116.17234084339472
-0.17897724573738466 -0.7485937829540067 -0.6384156119886715 -78.07766777112066 0.8391027191865136 0.22265364922402364 -0.4963184251476312 -50.908577639824834 0.5136864531619061 -0.6245259807324556 0.5882971419513321 116.81900210247065
-0.17836203253934174 -0.746413698897858 -0.6411346001005191 -78.75594777377167 0.8463976987201023 0.2159039976617345 -0.4868227597339679 -51.42168748652654 0.5017947000016536 -0.6294855470074747 0.5932537611839901 117.46608832370026
-0.17694202498462552 -0.7441906937851571 -0.6441053726510182 -79.42852572035041 0.8542089175203996 0.20896132976310036 -0.4760906299143729 -51.927987091816945 0.4888953313573036 -0.6344409932745548 0.5987202861352111 118.11146342849123
-0.17555936470624878 -0.743313523307654 -0.6454950933445585 -80.11068529544526 0.862190454739332 0.20039786491339195 -0.4652615560032207 -52.41552923901735 0.4751910449706755 -0.6382207312569186 0.6056961028218375 118.76600175253441
-0.17321476908476946 -0.7425027857692134 -0.6470597011836448 -80.78034191439826 0.870328292388629 0.19212694548342593 -0.4534488949011803 -52.88425702734269 0.46100467160192965 -0.6416984104267098 0.6129419571354459 119.41849556605442
