1.0 0.0 0.0 0.0 0.0 1.0 0.0 0.0 0.0 0.0 1.0 0.0
0.999881488097286 0.000304460602722129 0.015392110449795918 0.008637947030365467 -0.0002996020270293592 0.9999999045704902 -0.00031795854509273936 0.012561991810798645 -0.015392205786784638 0.0003133093557295575 0.9998814838960992 0.15006890892982483
0.9993235304911502 0.00209270427464673 0.03671650848762801 0.022748749530485047 -0.002126795552594743 0.9999973427909467 0.0008894671008512243 0.02299254778556057 -0.036714549532585135 -0.0009669539104366678 0.999325325833762 0.3161053571325838
0.9982231602088593 0.002595322429449028 0.05952971295181437 0.04051366471350392 -0.0027351010876094798 0.9999936906572795 0.002266686496591939 0.03136562273461848 -0.05952345457614817 -0.0024254787404703404 0.9982239605460295 0.5066369092446847
0.9962855750302799 0.0011248981046266817 0.08610335412072528 0.07471772357811393 -0.0014540267541115804 0.9999918745807823 0.0037598641746005874 0.043112929083794854 -0.08609842503079335 -0.0038710950217379723 0.996279115424262 0.7496411718968932
0.9927325686336741 -0.0021985154429734984 0.12032129364262568 0.1344398207787199 0.001624281367624313 0.9999868205067107 0.004870371948701085 0.05369314376151092 -0.12033041545688579 -0.004639541219443249 0.992723055929118 1.027570993330376
0.9874180887128007 -0.005591396002709935 0.15803244721733856 0.20545813776620764 0.004756074257678832 0.999972652154952 0.005663452996802483 0.05531771141751551 -0.15805979197890735 -0.004840581879529117 0.9874176780505058 1.3110679353341053
0.9797394945019078 -0.005568355246495308 0.20019869213607525 0.28560228610046445 0.004342491557937512 0.9999690420128537 0.006561842954896811 0.060322471890195614 -0.200229033060182 -0.005559535569120469 0.9797333442748798 1.622418349279635
0.970572358963665 -0.006197260281303808 0.24072991085594786 0.3825975233022539 0.0041622632624456705 0.9999511868538906 0.00896099737918889 0.07011621145587196 -0.24077369370477525 -0.007695315100859048 0.9705507769020938 1.939837929489693
0.9589591896337012 -0.009808203071017369 0.28337443739616536 0.498401748984503 0.0064016536861494 0.9998957186741889 0.012944906608790371 0.07831676091253023 -0.283471853006887 -0.01059957213973188 0.9589219768173513 2.2667386127350575
0.9457002045700218 -0.016456299102455923 0.32462334065200776 0.6339791081488403 0.011256429619140643 0.999776600715021 0.017889702483467298 0.08502511666434802 -0.3248452183247405 -0.013264195511532208 0.9456741749931546 2.5719604562210643
0.9301089833337095 -0.020963718925462938 0.3666848805319736 0.7829124273951489 0.013838620740377927 0.9996611004049641 0.022049419791471202 0.09185911627627708 -0.36702284901343346 -0.015433950432430676 0.9300838787314357 2.87406400422046
0.9115792806753683 -0.022165292245299627 0.4105263875356353 0.9611389770246237 0.012426111196496791 0.9995748306186213 0.02637706872051672 0.10180206344587521 -0.4109364997221717 -0.018943542789959446 0.9114671334626688 3.206065274870171
0.8902288221021085 -0.026004222864762713 0.45477073860561007 1.1670107315421832 0.012869710915589708 0.999406476074502 0.031954125262555214 0.11570252191085112 -0.4553317634864073 -0.02259371535506434 0.8900351168278771 3.546993703545698
0.8659916637691304 -0.03198612157602091 0.4990343939137838 1.3960836645731076 0.01555374325302427 0.9991922406747494 0.03705330277036878 0.13611339210414933 -0.49981648567568526 -0.02432599847688942 0.865789654849785 3.879463634458344
0.8395935260465455 -0.03806591387197762 0.5418797811524433 1.6214231907789767 0.018753034958183656 0.9989782129745375 0.04111999127014271 0.14925520762193845 -0.5428913654688071 -0.0243621879824176 0.8394494916885252 4.172100427872373
0.8125206353969585 -0.04418647524661202 0.5812553418760155 1.852550712906964 0.022055863974279714 0.9987393336357105 0.04509193179766453 0.1679886298567562 -0.5825150263456481 -0.023818036320773853 0.8124708888491645 4.4368678559993615
0.7800311301289534 -0.0489424386922157 0.6238237521324486 2.1129851008562195 0.02370209094451383 0.9985320262863394 0.04870321719717728 0.18327373357499663 -0.6252916494841474 -0.02320409824483892 0.7800461030670163 4.709074811741721
0.7461378956475844 -0.052677286374459835 0.6637042595756167 2.4021248192044444 0.024906499130681096 0.9983757578844501 0.051239753802134795 0.2053796276966891 -0.6653254143497359 -0.02170137251127572 0.7462379938407578 4.9930732726204194
0.7098109229864571 -0.05275338168567921 0.7024140761188082 2.7300607374890715 0.02086583163485356 0.9983287440870067 0.05389188992646043 0.2343120969694422 -0.7040831418797782 -0.02359659827993916 0.7097253904647313 5.290026670757322
0.673150829284962 -0.05532640126895523 0.7374326751342081 3.0735820932013262 0.019780754115723845 0.9981877089833538 0.05683325963884531 0.25572981712406734 -0.7392406122498826 -0.02367038143312605 0.6730252820238101 5.575276218610612
0.6404876706686611 -0.05760412512976233 0.7658050068323318 3.4145581824745674 0.020023899242900794 0.9980965148974619 0.05833001293203048 0.28499367780172824 -0.7677073577741346 -0.022025251816389518 0.6404219711267577 5.827887835462775
0.6069799203611977 -0.061107837428141354 0.792364315503399 3.808621755043187 0.02061873622807374 0.9979146589593799 0.06116535907146902 0.31323338770538756 -0.7944496484955301 -0.02078859396016155 0.606974126603835 6.10454794811901
0.5745316815877567 -0.06226408259463307 0.816110611909068 4.238753073644491 0.01940939731299491 0.9978583242441699 0.062466311181016074 0.3473229706917126 -0.8182521751562235 -0.020048659687518757 0.5745097293317522 6.381707629362401
0.5428130112140578 -0.06332284885848408 0.837462985253183 4.641067118308208 0.01973960444061363 0.9978400230676201 0.06265489909767194 0.3801829380600059 -0.8396215712291195 -0.01747870638396698 0.542890515619759 6.6272661251547715
0.5093460087726038 -0.06359819253342446 0.8582085488119425 5.12249368177009 0.020072905457134905 0.997872116142949 0.06203481515167193 0.41740893459369655 -0.8603276828127336 -0.014370446439643275 0.5095387801288513 6.896491645446016
0.4776031050352584 -0.0626962536157275 0.8763358111153694 5.613962838934606 0.021237135715020235 0.9979829370244753 0.05982509067794363 0.45521618939562647 -0.8783189956543704 -0.009961786514212336 0.47797123834195665 7.147003037501815
0.4543888358256052 -0.062171031709573894 0.8886312782550582 6.1357784405902684 0.023161993156877246 0.9980488650178092 0.05798262765401267 0.4919554526006514 -0.8905022784642677 -0.005764187091885628 0.454942266883522 7.407096936167491
0.4305060200593264 -0.06247602408441686 0.9004228523906321 6.71355222174978 0.024340804511718404 0.9980422948628739 0.057611655943659495 0.5287286057947264 -0.9022594371512005 -0.0028851480814078324 0.4311839329012008 7.671855527727018
0.4133802424081759 -0.06407425702226716 0.9083013072618591 7.321212744279861 0.026491211625109198 0.9979451320279213 0.05834148754024218 0.5706179792009458 -0.9101730554642844 -5.5216111801644624e-05 0.4142282052902598 7.943844987711199
0.402141883749461 -0.06668283444721346 0.9131458289476663 7.943391273898086 0.028279392517839234 0.997773049205161 0.06040875961859783 0.6154292833856435 -0.9151405254348958 0.001530316934847429 0.4031320836113419 8.213417282798693
0.3940690531033519 -0.06773941735286002 0.9165811217360538 8.578795149942813 0.027802560577539 0.9977023996061299 0.061781384295777744 0.659224848395947 -0.9186602195651883 0.0011371705524438475 0.3950469691461697 8.486100616596921
0.3865119100004574 -0.06909388078575855 0.9196926546764205 9.216453990310157 0.027126520172522806 0.9976100873815745 0.06354734815755114 0.7045418319507183 -0.9218854024937849 0.00038625443776182933 0.38746245686050834 8.751373693602703
0.3781983339059399 -0.07126302207147653 0.9229775738965771 9.922574210541953 0.026656179995528585 0.9974574816342656 0.0660910008993259 0.7512832699251291 -0.9253407309195987 -0.0003924500846775869 0.37913635763945647 9.035774750676417
0.3695902035627425 -0.07251072177818563 0.926361309996082 10.60140674500384 0.025645843606059558 0.9973667667295055 0.06783674026120079 0.7955947653758954 -0.9288408755735206 -0.0013144773633061158 0.37047658497275815 9.30941803543196
0.3602767868672772 -0.07416923021832764 0.9298922314620179 11.267626127114413 0.026072880033404647 0.9972453702310689 0.06943973271450647 0.8388882050330265 -0.9324810141613362 -0.0007725551884008031 0.3612181631467702 9.5652319132752
0.35053007494733124 -0.07511640179636841 0.9335342482943971 11.99190621043651 0.02493318305341832 0.9971735395816119 0.0708750191612291 0.8869315025383246 -0.9362195271090235 -0.0015678454791196936 0.35141220656134087 9.830229002534454
0.3416888985598915 -0.07793079896186961 0.9365764716103502 12.714475891661 0.023574797530776372 0.9969532217153421 0.0743539012613538 0.9346731152994461 -0.9395173896859554 -0.003326301935319971 0.34248505105058824 10.099516520120018
0.3289082612532673 -0.0813893995476418 0.9408480862076656 13.447944972737751 0.022294438639749146 0.9966707303410824 0.07842457068490723 0.9879105296395432 -0.9440986779384299 -0.0048188092562245766 0.3296277679326503 10.357440177558413
0.3168811176164858 -0.0860592632433567 0.9445528892063895 14.219566842361004 0.024472477889145316 0.9962853603146569 0.08256257414022308 1.0427720193205674 -0.9481494898612204 -0.003046971070616168 0.31781010185833086 10.612779070457565
0.30776357787793673 -0.08810619109211323 0.9473747300952304 14.970924113053039 0.02280716596976566 0.9961003584135866 0.08522857002643779 1.095233399490468 -0.9511894728770911 -0.0046233169439129085 0.30857286275406237 10.866665322055951
0.29361304026578233 -0.08877716113167329 0.9517930438111454 15.738782369936214 0.022108441603345075 0.9960425185702728 0.08608436565404398 1.1522652905471726 -0.9556686661159063 -0.0042328313914663795 0.2944137967939951 11.0977269701243
0.2805225683411054 -0.08826247547555668 0.9557807405855366 16.48396694343376 0.020981003004203316 0.9960891274662094 0.08582684694513579 1.2069221038286346 -0.9596180939124938 -0.004023128948083633 0.2812773155965828 11.31674298172527
0.26532586923305695 -0.08800523122862858 0.9601339814797302 17.199256955844152 0.020584875421246755 0.9961156395827873 0.08561480878017996 1.262476318612858 -0.9639390260901438 -0.0029515851623573217 0.2661068246502048 11.511813378656699
0.24618203537821853 -0.08724836254298192 0.9652886245525771 17.9367314914985 0.0184748109841069 0.9961815375665912 0.08532892575535939 1.3206408003060408 -0.969047515252033 -0.003172923735373874 0.24685389553100118 11.700846709184868
0.224604257149157 -0.08715631315304045 0.970544540321589 18.690331682777842 0.01634398720331779 0.9961889113570381 0.08567687536072399 1.3777384815336624 -0.974312989625394 -0.0033808233979903263 0.2251727520824366 11.88212541791769
0.20121277268975918 -0.0874645888211005 0.975634852703026 19.447009744559555 0.01333106994750402 0.9961578689975864 0.08655508424259195 1.4390431647438477 -0.9794568406420744 -0.004409732026240794 0.20160568340923007 12.046317913823033
0.17166032405579668 -0.08803202367699692 0.9812151119669895 20.230674012841956 0.010732248168294885 0.9961075346254359 0.08749056127200452 1.501526673150904 -0.9850977372800697 -0.004488014011664841 0.17193692371308178 12.189700421041863
0.14052868551377146 -0.08845909145575878 0.9861169695764256 21.016833906351035 0.01056234763704849 0.9960779420601265 0.08784742542418342 1.5660838558254169 -0.990020265126005 -0.0019293729771705861 0.1409118595425854 12.30788820845956
0.10553588685431392 -0.088053563405319 0.9905093369360528 21.81908835719608 0.008033931318834175 0.9961148963738466 0.08769589026679248 1.6280483892351814 -0.9943830411533766 -0.0012973795691763115 0.10583328527838387 12.398015731794263
0.07257848800700228 -0.08656872807374714 0.9935986203685627 22.63916085385006 0.004367012233885692 0.9962439968375683 0.08648021721328233 1.6943361134853285 -0.9973531432159657 -0.0019375460771357128 0.0726839296710935 12.464587224030375
0.04107705138345402 -0.08413913127691398 0.9956069919589795 23.42557550968686 0.00026518592720074785 0.9964488952603284 0.0841993397295675 1.7614798975162622 -0.9991559465499192 -0.003194639641234155 0.04095349498513606 12.504114212293537
0.01135134161680812 -0.08178283855739205 0.9965855278705357 24.234541274513063 0.0015390503067584452 0.9966499890027269 0.08177059829191646 1.82331591470352 -0.9999343870312952 0.0006055892669578483 0.011439182400327319 12.509775714839174
-0.017160685644104612 -0.07824602506384032 0.9967863715109336 25.009717369134858 0.00261472897713394 0.9969262544066981 0.07830202083603824 1.8820027824163232 -0.9998493256789246 0.003950042574467211 -0.01690334591314796 12.49252315911356
-0.04764122130083087 -0.07406673402382909 0.996114668571851 25.82259311244505 0.004930757084261328 0.997217441494439 0.0743845549416074 1.9419553547483313 -0.9988523422746433 0.008455370502134206 -0.047143451741788855 12.454172940137097
-0.07651437911512565 -0.0714732454635754 0.9945034564904893 26.617071576997144 0.007056757486657891 0.9973636367881333 0.07222172932382065 1.9972021494976961 -0.9970435055514888 0.012543970489929217 -0.07580829006082695 12.389793258585701
-0.1017574917591127 -0.06816706288306443 0.9924709892026016 27.364020138582955 0.01103831052181151 0.9975107689434779 0.06964496781976122 2.0468449543067373 -0.9947479924944398 0.01804210020169077 -0.10075174464292896 12.301528590572875
-0.12875640728401955 -0.06037448507405941 0.9898367083187783 28.178544401680398 0.01385398039502115 0.9979380977925834 0.06267072842511884 2.0978569611096503 -0.9915794747827965 0.0217824361852114 -0.1276544972310461 12.183844788550728
-0.1544465223844827 -0.0477399955348064 0.9868470826575293 29.004402720775026 0.015524387493849906 0.998591343186898 0.05073778380189964 2.145993813937414 -0.9878791753632024 0.02315647077004995 -0.15348782604882888 12.05780018191643
-0.17768204166135015 -0.03240581456229694 0.9835542462180763 29.809255751328468 0.01513886611800516 0.9992493857852964 0.03565781457645835 2.183919502049732 -0.9839714969467944 0.02122564934841791 -0.17705808370707798 11.916471825610419
-0.20023675947908282 -0.01788112498692632 0.9795843534492159 30.601549306550034 0.015219993068836441 0.9996560212813654 0.021358626521741565 2.2070043988429813 -0.979629313548906 0.01918604923147521 -0.19989573169676955 11.760156747085736
-0.22517061892947132 -0.008087094793941655 0.9742857852133082 31.37761569420698 0.0180219130308076 0.9997599051989111 0.01246365144628192 2.2216620080775966 -0.9741526589922285 0.020364941798546837 -0.22497081171546007 11.5804397817252
-0.2494356767531276 -0.003964020204624684 0.9683832555897105 32.19049556660135 0.019638858605737684 0.9997652592247768 0.009151048020789605 2.232826384271886 -0.9681922114928281 0.021300539688756285 -0.24929927519668937 11.372032216315844
-0.27222950102006277 -0.005088836568216591 0.9622188953230704 32.961383300665915 0.019599962938787276 0.9997492176136198 0.01083251280882011 2.2422679959393976 -0.9620327126595882 0.021808384244071548 -0.2720614896480153 11.154450522153025
-0.2942431738630826 -0.009536060274409588 0.9556830113533582 33.712670826061476 0.020729401560144897 0.9996513075034794 0.016357118252994646 2.246901890762091 -0.9555057543238231 0.02462370729656718 -0.293942896653474 10.928422916032197
-0.314091096950581 -0.012023705673489045 0.9493167086479929 34.46672133675035 0.025638896444422007 0.9994476886854734 0.021141536613442112 2.2525314328745134 -0.9490465899024626 0.030979801212122328 -0.3136093463393024 10.670035819985374
-0.3294230947140418 -0.012125010709550087 0.944104553947452 35.22855452119696 0.027594412729440677 0.9993667769749324 0.022463157944812642 2.261989892512861 -0.9437790912364721 0.03345189372860097 -0.3288799138756116 10.40318532586095
-0.3400863668608356 -0.009365760836854637 0.940347566381359 35.995278257917334 0.029546055797807967 0.999350318917488 0.020639056817305303 2.2712581928342535 -0.9399299408265438 0.03480262351406828 -0.33958869788959123 10.12195296264277
-0.34871672430450124 -0.00681713725336032 0.9372033785843964 36.769878715016134 0.03038138967242352 0.9993657937406495 0.018573676606802765 2.2812141555398218 -0.9367356176381417 0.03495049271169982 -0.34828845187186247 9.823380988973392
-0.35719887681224743 -0.0055831731793125495 0.9340116651205802 37.55173111456664 0.025259932789458477 0.9995586395965979 0.01563527432669483 2.2862826177017217 -0.9336867237995522 0.029177974313662813 -0.3569001927926215 9.535156100620535
-0.3674915269050126 -0.00663672824489318 0.9300031889683098 38.31564321362306 0.025565757285224363 0.9995245572954543 0.01723517965554345 2.2959045087142917 -0.9296754109405365 0.03011001829174633 -0.3671471327560863 9.234313929468184
-0.37568133729081254 -0.006111589865385568 0.9267287528078022 39.05731449928631 0.026256433860697204 0.99950664703338 0.01723549294362062 2.3016026438386943 -0.9263768846923514 0.03080764524283022 -0.375335525233472 8.931585743502376
-0.3817833555975432 -0.004716974631737248 0.9242398062943424 39.806949875233045 0.028465379756665073 0.9994525938990382 0.016859261662163602 2.3078294326152835 -0.9238133964951953 0.03274542256267285 -0.3814400945852483 8.616353348333154
-0.3872775293064621 -0.00120160397873402 0.9219624024016168 40.54768783017773 0.030508872384359426 0.999434784732847 0.014118065442641539 2.3167321097366846 -0.9214582594996462 0.033595642781261516 -0.3870219745518291 8.301179402305234
-0.38932829188926377 -0.0002460049216629241 0.9210990286696469 41.33379483974246 0.03054088548693467 0.9994466720308568 0.013175890107279447 2.323114088724036 -0.9205926001485468 0.033260926746314194 -0.389105352448041 7.971803938230147
-0.3903924945717404 -0.0006265297927645005 0.9206483083362901 42.09775213149858 0.032676824719806444 0.999360254399933 0.014536404367395601 2.330885277646651 -0.9200684351222385 0.03575876656318237 -0.39012226968681907 7.649234130396469
-0.3890301261514399 -0.0017101440943924576 0.9212234453995247 42.89637841744912 0.030773434735317892 0.9994160536900207 0.014850836382393144 2.3395787787257905 -0.9207108974380536 0.034126632324943756 -0.3887503264371263 7.31681921357697
-0.3822337121598082 -0.003128063530387016 0.9240603900758233 43.700655236101184 0.028587670524077177 0.9994755854416322 0.015208523929478864 2.347941129639038 -0.9236233725835112 0.03222994453387385 -0.38194383918686764 6.993915627291964
-0.3735274261848342 -0.003755191288630222 0.9276115353024231 44.46292057108115 0.027541471145191142 0.9995060542357102 0.01513654231717654 2.3580143417801604 -0.9272101861255039 0.031201700026550927 -0.37323950040230364 6.692231714756698
-0.3661125404069553 -0.004900737160018478 0.9305576771657167 45.27947184010962 0.024949002812365777 0.9995749803146184 0.015079986329540634 2.3689029376125124 -0.9302360748839158 0.028737458209086304 -0.3658346668650293 6.377468737060827
-0.3599016482670325 -0.005998076841176881 0.9329709677416981 46.11344756544214 0.022404703854758137 0.9996354036652105 0.015069471930770162 2.3789164409195314 -0.9327211977969913 0.02632646602373781 -0.35963604430986496 6.068270811415777
-0.3581147650200434 -0.008253229720453718 0.9336410976782358 46.98289172934899 0.01848075197981554 0.9997023706821286 0.01592582364566334 2.3915948544803607 -0.9334946581962321 0.022957662156971585 -0.35785565367531463 5.745921278664106
-0.35793093996936814 -0.009975355682676709 0.9336947758725271 47.85936145783578 0.01599619640200904 0.9997306862354043 0.016812991998933005 2.4035029218726938 -0.9336110345927329 0.020953455044262312 -0.35767497649177965 5.417370955372863
-0.35924311268130127 -0.01033446629565312 0.9331867898751215 48.76239773418788 0.01546991370606958 0.9997353497892795 0.017026806853723396 2.41667149135215 -0.9331157847560917 0.02055308220416712 -0.35898816561403823 5.081866853169439
-0.36106080900338944 -0.011017136086125763 0.932477192704614 49.65720617924026 0.015497604661359719 0.9997212327436863 0.01781238477028721 2.4266573450058098 -0.9324134900630612 0.020882516943710204 -0.3607894178527379 4.740355493655527
-0.3605701143114684 -0.01142955916689514 0.9326620812720251 50.57977069997625 0.015477722290341544 0.9997139215144193 0.01823500049260291 2.43967306910055 -0.9326036847332945 0.02101048089674787 -0.3602900594165342 4.382333946013295
-0.36083850612171364 -0.011609087676984374 0.9325560581451166 51.51245853843616 0.016041999276695865 0.9996973305847279 0.018652117332239936 2.449367794412816 -0.9324903360137607 0.021690465764414687 -0.3605430583659408 4.027068365386704
-0.3614511556882635 -0.011629189847382605 0.9323185206758001 52.45768820390738 0.016135793688313728 0.9996944530947272 0.01872529342048009 2.459639004491278 -0.9322514136292136 0.02181197824885293 -0.3611530691980959 3.6614412073739735
-0.3610252851023302 -0.012276956998984914 0.9324752113829227 53.4249795339336 0.014602938313128058 0.9997163149086645 0.018816054263925134 2.4706654834076973 -0.9324416859565021 0.020409949345480353 -0.3607435879656223 3.2911604229016325
-0.3618586331606909 -0.012133720397277885 0.9321540121870407 54.38758598981979 0.015172009650480874 0.9997062048441026 0.01890275427993372 2.477904100473952 -0.9321095105888807 0.02098277449534546 -0.36156822792418486 2.9202571145136873
-0.36054176510902414 -0.012299078931411135 0.9326619796418787 55.37056610474536 0.013580150135179119 0.9997378615730357 0.018433330129948418 2.490064441580123 -0.932644206079883 0.019311675090799042 -0.3602802299194505 2.546372024303117
-0.3593834100663355 -0.013840567096085226 0.9330873502901812 56.31344862583813 0.01292296256710068 0.9997203149348206 0.019806285495084328 2.4960043681052912 -0.933100509917116 0.01917630332160597 -0.35910403476337643 2.191061920153019
-0.35817514204341455 -0.01525235490102393 0.9335298245327533 57.30117024365557 0.016511038834129733 0.9996067219426474 0.02266687106093067 2.5066758687157096 -0.9335084108987973 0.02353225694760721 -0.3577824473952769 1.810015224810868
-0.35502438310682755 -0.016481425659189915 0.9347117470150128 58.24657132411154 0.017728913967061406 0.999546072432181 0.024358462491507075 2.5142645990777654 -0.9346889177738043 0.02521927226630892 -0.354571029974521 1.4464086220685333
-0.3538005567082505 -0.016998373779401277 0.9351664137263419 59.20741922354049 0.018242392659367244 0.9995192462869107 0.02506973099391647 2.5229038821370766 -0.9351429736585702 0.02592935770322194 -0.3533203747678655 1.0834276398857412
-0.3531831077751359 -0.01698332641629295 0.9354000529218149 60.194280670270366 0.017901668085280195 0.9995294779679831 0.024906885650671135 2.5353361936351417 -0.9353829283571842 0.025541912553463834 -0.3527128974691031 0.7180479055009454
-0.3506994964543995 -0.01676204729858666 0.9363380249445126 61.15831381460675 0.01733975094611658 0.9995521745188298 0.024388182626130978 2.5434388879865018 -0.9363275047886597 0.024788791520338607 -0.3502517945581492 0.35840457291048516
-0.3517382030330071 -0.015507336986058601 0.9359699562628666 62.10250337467146 0.015479595424276996 0.999629705793984 0.02237930784751846 2.556026637677156 -0.9359704154793634 0.02236009377963602 -0.3513679091117374 0.008391122926400041
-0.35394619037405073 -0.013783681550372063 0.9351642125544659 63.07259763753001 0.01328121191018642 0.999716498456693 0.019761885630824098 2.5661438520792803 -0.9351714835953313 0.01941475821139636 -0.353662782087259 -0.3550058423414239
-0.357897690252486 -0.013182411680772638 0.9336677499700919 64.02491336266323 0.011613154460562405 0.9997601685927691 0.01856717368996036 2.5722006642493347 -0.9336885872470598 0.01748797637340198 -0.3576587657627766 -0.7168776521187232
-0.36317697706214064 -0.015375990975514228 0.9315932922866751 65.0003110361373 0.010389582265680847 0.9997348213977251 0.020550996696115844 2.57721453776124 -0.931662245619275 0.01714251400407826 -0.3629209201758283 -1.0947183388241184
-0.36772662733481165 -0.018164742350239117 0.9297565109663466 65.95575871178221 0.013848907236787469 0.9995913585350019 0.025006473371835175 2.581414403494326 -0.9298308100495012 0.02207165778773483 -0.3673247971553102 -1.4748726304639967
-0.3731200776247057 -0.01912044077000618 0.9275860156438833 66.90085007446731 0.012952183286265559 0.9995828388426347 0.025814516060124644 2.593400265741144 -0.9276926477133753 0.021646178324594284 -0.37271677496792016 -1.8464784344146408
-0.378572169164786 -0.016967425825432172 0.925416241047631 67.82339553212647 0.013851689339183508 0.9996161268571238 0.023994366622470596 2.598277898051029 -0.9254681212426064 0.02190217770043058 -0.3781918179649836 -2.2175369099642595
-0.3837670524172887 -0.014706779135343616 0.9233128181317589 68.7194603555031 0.01368665593432933 0.9996727491823333 0.021611802136127112 2.610543543378563 -0.9233285032577958 0.020930962464732538 -0.3834401777096639 -2.584579630789189
-0.38963864607406773 -0.012769481927758763 0.9208792894928544 69.6259851542513 0.013195630823388432 0.9997238247097536 0.01944606990820845 2.618918236028333 -0.9208732816260554 0.019728523487547958 -0.3893625361385724 -2.964766673861331
-0.3938619528592563 -0.011908943159087967 0.9190924540886664 70.5236755176501 0.012247533910297263 0.9997593018332256 0.01820264571588685 2.6287522065406037 -0.9190880044930462 0.018425945587013635 -0.393621295824064 -3.342735424071219
-0.3969055565343297 -0.013443259627459368 0.9177610026378126 71.41342608288592 0.011990430252406759 0.9997314747138529 0.01982947424485491 2.633255442001952 -0.917781133372514 0.01887477780144488 -0.39663778688925977 -3.7256458915364927
-0.40092774718508334 -0.01928323039973121 0.9159067084383894 72.34824177557658 0.014047548878739668 0.9995314938981188 0.027192996824442164 2.6459251977797167 -0.916001969379757 0.023768671211188558 -0.40046902796753353 -4.129181404134575
-0.4026348095717391 -0.026410716923040135 0.9149796085994161 73.25426722373119 0.016422730040771095 0.9992143546992058 0.03606892431245593 2.6607460177489735 -0.9152133653193323 0.02954906757684177 -0.40188474535145263 -4.524642587629268
-0.40380122665007007 -0.0288377049473841 0.9143921238337887 74.13610786733383 0.017064230469840583 0.9990917533533106 0.03904459527105266 2.6761411139869753 -0.9146875867717739 0.03136965340541336 -0.40294238229659246 -4.907809288870289
-0.4037517381940202 -0.024400210480003612 0.9145431447634599 75.00340452810373 0.016528190267093283 0.9992865808968925 0.03395803536562528 2.6930110918811794 -0.9147192754237784 0.02882635890864152 -0.4030604026697092 -5.290011323599679
-0.40418699301619865 -0.01888239618768817 0.9144814540441675 75.83403212605705 0.015629613869266906 0.9994983435829125 0.02754589525341785 2.707373655671669 -0.9145428310619581 0.025426684589734225 -0.4036891054561086 -5.65896954132894
-0.40435350999750364 -0.01635598872503098 0.9144565165088636 76.69778387967364 0.019034498766846493 0.9994730375192075 0.026293252534136332 2.718305035346738 -0.9144046843763398 0.028037990387251483 -0.40382910282154094 -6.043412977317226
-0.4020710745988972 -0.01682997586671444 0.9154537688399201 77.57807203717732 0.02063576715485635 0.9994105204746242 0.027436776023635815 2.730592052912506 -0.9153758878650992 0.029922624834168788 -0.40148676246946785 -6.430339031311248
-0.3999446410885754 -0.018609725448330696 0.9163503490386572 78.43832973384943 0.020054899873549133 0.9993767867584966 0.02904890840160691 2.743992179891239 -0.9163198595772074 0.02999526974375764 -0.39932217411184 -6.804014193321241
-0.39729872209692124 -0.022856375406087943 0.9174046607269061 79.290726909222 0.018118037996310076 0.9992995689307784 0.03274306390558345 2.7612258628978164 -0.9175104697600557 0.02963034994826817 -0.3966063290501371 -7.167287495148967
-0.3927113111854991 -0.0271369227027081 0.9192613412371878 80.14740963710982 0.017560578528769508 0.9991610527118124 0.036997524586896056 2.783443882311954 -0.9194941283927273 0.030672107362395305 -0.3919053070337894 -7.527504641626509
-0.39093094986599813 -0.029345196156727392 0.9199520921762132 81.0082671094912 0.013948564571880893 0.9991879648265443 0.0378001123301624 2.806638662669532 -0.9203143104305467 0.027609244979028648 -0.3902041768208478 -7.8758697598597465
-0.38815405451457086 -0.032151417694011045 0.9210335044417033 81.86457602470341 0.010572859611391431 0.9991701511798851 0.039334763642401974 2.83174994038217 -0.921533854290518 0.025005905931020644 -0.38749201290482305 -8.2237267960575
-0.3846054131540085 -0.03340876255176198 0.9224763036292013 82.70911276041807 0.012445640312532244 0.9990663165591396 0.041371501715122536 2.8495684052525516 -0.9229971734571268 0.027392511781749795 -0.38383052000647516 -8.57197187064096
-0.3826527181016466 -0.03133170765487582 0.9233608294837135 83.57983307775622 0.01597219505888047 0.9990510941937685 0.0405191334462528 2.8658552818342717 -0.9237541806749363 0.03025285582657551 -0.3817891805694782 -8.936586325729186
-0.37704989554878515 -0.029278444893017046 0.9257300626701591 84.43148575514277 0.01764681133690819 0.9990916966806609 0.03878623046130811 2.884859625521222 -0.9260248194925932 0.030960527909011826 -0.37619074868383656 -9.28835160401299
-0.37102608787703334 -0.02862719687732572 0.92818108454849 85.29411270860875 0.02213747427251935 0.9989679940817271 0.039659538993344984 2.907041498648469 -0.9283585376068332 0.03526230847913875 -0.3700094529241443 -9.6363964787228
-0.3636398322958239 -0.027574974664696227 0.9311314048726455 86.1635697032925 0.026662634048520022 0.9988441656872058 0.039992957107774035 2.9284754433352695 -0.9311579760241867 0.03936944811488871 -0.3624843034417758 -9.977845357426407
-0.35349384882871676 -0.027958952991598042 0.935018928037221 87.00711133082385 0.02452445298828968 0.9989326644569623 0.039141832948131006 2.955464369287209 -0.9351153137693156 0.03676722492285535 -0.3524308742513725 -10.286881409724161
-0.34293018050942436 -0.0285626379729457 0.9389265503796344 87.86077529400262 0.023567821936406965 0.9989613660279114 0.03899675567047926 2.9794661083214553 -0.9390651995814495 0.03550161821207144 -0.34190084240811236 -10.596072070055083
-0.33078632652865037 -0.03119295731457411 0.9431900156361138 88.73651284694131 0.025377466387184376 0.9987981172056247 0.0419321507469727 3.004172719887845 -0.9433643995728526 0.03780635502757008 -0.3295971619084135 -10.9052249140437
-0.317928573922863 -0.03272998562183587 0.9475495606692926 89.55924876169902 0.025345160631140763 0.9987534207660029 0.04300264341630193 3.028255895432391 -0.9477758409644955 0.03768756491738834 -0.3167027040216761 -11.176187471526536
-0.3060539286647735 -0.03387749820687624 0.951411219118264 90.38670978907172 0.025271633673696125 0.9987253763983048 0.04369172770133152 3.0512278157612376 -0.9516786943503153 0.03741574071574541 -0.3048076853794402 -11.442921156791083
-0.2903634099261356 -0.033475779886831133 0.9563307285333017 91.24132980966436 0.028550408042932802 0.998639927464976 0.043625330638629875 3.073946100008303 -0.9564904413409728 0.03997083228700865 -0.28901274745179467 -11.705043612592059
-0.27503728071062344 -0.03006748533889791 0.9609632878235782 92.09399529900381 0.029794372093569933 0.9987642521455231 0.03977768253360628 3.0936194134964428 -0.9609717943888135 0.03957164340268955 -0.273801562134979 -11.951669768963592
-0.26334988217139 -0.0227863467827941 0.9644312427335654 92.95832598139212 0.030421567354005814 0.9990276439865908 0.03191073158558467 3.113705389246412 -0.9642206012111755 0.037743197412193265 -0.2624006159464256 -12.190118705478673
-0.2499930064914015 -0.019441176111545153 0.9680524455714111 93.85490630302652 0.026400243358951622 0.9992898276923086 0.02688619387835716 3.129042562694904 -0.9678876607623316 0.032278180588074745 -0.2493022166005458 -12.416149424733797
-0.2363243677273435 -0.022106714171569355 0.9714227125236512 94.77455077832977 0.025022862785522453 0.9992711375466055 0.02882793791325589 3.1434779049268897 -0.9713519699657218 0.031120521442452653 -0.23559894649353091 -12.63672379921536
-0.22220037145565652 -0.02612768061812174 0.9746508806903555 95.67571686166019 0.02419241360632065 0.999185362357656 0.03230075500821115 3.1560423783461893 -0.9747008372053803 0.03075639698854844 -0.2213872670128384 -12.838686995098922
-0.21098549952789203 -0.026093961843785398 0.9771408415086644 96.51732418190994 0.021161105177519384 0.9992874278595356 0.031254506067753554 3.168284844444459 -0.9772601120564739 0.027271627695617168 -0.210282980067812 -13.013597381988026
-0.2050136453238709 -0.020674823237208106 0.9785407282863235 97.39288462823417 0.01846395644632259 0.9995172646559123 0.02498639564065884 3.1780760906926506 -0.9785849414043558 0.023190285441827406 -0.20453293895546554 -13.193217732301166
-0.20061591044701033 -0.014634112666698373 0.9795606664326489 98.2904429842792 0.013480446472313211 0.9997525235172673 0.01769658960825056 3.1796903016315543 -0.9795772220904405 0.016755132566295072 -0.20036898835463945 -13.366742478433991
-0.19760211223094343 -0.012356938176402014 0.98020442323057 99.17948700301957 0.011526645661712588 0.9998221307509974 0.014927936907849191 3.183723189413407 -0.9802145385994125 0.014248260926863397 -0.19742453084381645 -13.5367189741853
-0.19403826868063273 -0.012920488335225902 0.9809088700121954 100.06980888550333 0.010455505537373228 0.999829228908782 0.015237959956260426 3.1861045222221067 -0.9809382410179454 0.013212645490208607 -0.19387004231641763 -13.705851354712983
-0.18945437549743693 -0.013495145540056805 0.9817967817485085 100.9476444792057 0.008140354972983606 0.9998495950520606 0.01531410771621357 3.185624692978157 -0.9818557807671091 0.010893499028441495 -0.18931602534684533 -13.869250668887425
-0.18457190749679903 -0.017184629042852895 0.9826687638709459 101.82972414899004 0.00333453889066347 0.9998304207230355 0.018111064220104008 3.1890141850153615 -0.9828133555326668 0.006619540879669489 -0.18448330511231265 -14.030355510857916
-0.17963052066214535 -0.0210315319356999 0.9835093038253806 102.69625401333724 0.0019833539348552785 0.9997616622594334 0.021741319725908273 3.189500718077145 -0.98373214970022 0.005856051629955915 -0.1795459949580931 -14.179328349814739
-0.17565211550109472 -0.0238471535068742 0.9841634252448166 103.56105015766721 -0.0004927191739148538 0.999708565644902 0.024135886228362973 3.193988172304148 -0.9844521783955815 0.0037546032856218547 -0.17561267438986816 -14.328479676402225
-0.17254483327719317 -0.02461062951785349 0.9846941644104938 104.4228141368472 -0.0064654918692647004 0.9996945785689048 0.023852609811686992 3.201587756067754 -0.9849804454527178 -0.002250887530524973 -0.17265125421233074 -14.463195615476849
-0.1697267812026539 -0.023634982409319247 0.9852076975689428 105.29526961180724 -0.013310310980780189 0.9996761580796607 0.021689043055978727 3.208721159615215 -0.9854012661673321 -0.009432209370044024 -0.16998640552178962 -14.603489270523502
-0.16559546966995675 -0.02146033537567622 0.9859602397816812 106.13436885148224 -0.014354438554513915 0.9997097462868321 0.01934872794017386 3.211565436920395 -0.9860892913517373 -0.010948843988370642 -0.16585545603551066 -14.738530238573382
-0.16074594027468364 -0.01939550630884937 0.9868052274994452 107.00217529291984 -0.015983933924858862 0.9997269404624372 0.01704577278684459 3.211126205550581 -0.9868663823139858 -0.013032990778726498 -0.16101206355384684 -14.875576383533074
-0.15376769246847355 -0.021624303510382057 0.9878703792758501 107.85394464465085 -0.01962290217114895 0.9996301687446387 0.018827305860015884 3.2148470536157183 -0.9879121613095481 -0.016489852432813003 -0.1541351559620373 -15.004640020916725
-0.14764727131471478 -0.024812874041349218 0.9887287821011014 108.72305419448259 -0.018557273196800925 0.9995787678511732 0.02231399723558658 3.216504051010413 -0.9888659721543757 -0.015053509323031946 -0.14804553681973354 -15.131111816702472
-0.14080794383819856 -0.027077206268303032 0.9896665841851805 109.58420848412685 -0.019192297799899817 0.9995127366079188 0.024615951407768247 3.2221431300656715 -0.9898508870820993 -0.01552785430294275 -0.14125900708814249 -15.24593317714019
-0.13717728453437117 -0.023611769960344337 0.9902650538755351 110.43616695556663 -0.020975805475103436 0.9995609264803672 0.02092772893509779 3.2284581798641914 -0.9903243954343683 -0.017900798112097945 -0.13761232951484803 -15.359251684724176
-0.1341604326085477 -0.02081140281388203 0.9907410680067754 111.28989283839552 -0.020308037213562988 0.9996272263497296 0.01824806742861508 3.231932311833367 -0.9907515137242133 -0.017671837857593783 -0.134533059877173 -15.468655689589415
-0.13046328910329347 -0.020198890326091987 0.9912473631873859 112.14776581307692 -0.0223044093490302 0.9995992132837157 0.017433477168017537 3.2384840734678715 -0.9912022213049876 -0.019834758182831525 -0.1308615254682874 -15.570381879714954
-0.12398735811037759 -0.021596156092459167 0.9920487594220556 112.99820365845598 -0.02350769078280183 0.9995464696289103 0.018821358251800917 3.240775245984793 -0.9920053041707336 -0.02098716499226609 -0.12443880183736206 -15.668847223075488
-0.1156668238181755 -0.022730019503930016 0.993027961379319 113.86879287741618 -0.021856056895306734 0.9995543287087448 0.02033363559720052 3.243281084322437 -0.9930475812592287 -0.019351748576332477 -0.11611206303495836 -15.769821491421716
-0.10758623172038112 -0.022955367392050886 0.9939307087780841 114.74331039805234 -0.02119808642087199 0.9995590944877148 0.020790809483823298 3.245207293828874 -0.9939697399198336 -0.018832624214255463 -0.10802540621956919 -15.866970093370526
-0.10181628739660925 -0.02365783833537257 0.9945218701999812 115.60744805805413 -0.02164212217710986 0.9995332535418155 0.021561391694033046 3.247838598769125 -0.9945677765584615 -0.019328262969285255 -0.10228077083278192 -15.955849794731495
-0.09469132947677333 -0.02407167206341617 0.9952156081603587 116.45846870711563 -0.0253178014726715 0.9994424912709541 0.021765007941627466 3.2581944967923544 -0.995184686905155 -0.023135713651842756 -0.09524798004844187 -16.037536921590398
-0.08934599605254984 -0.024682816071087278 0.9956947582367696 117.30309394447691 -0.027915092962509616 0.9993622196855056 0.022268844832045734 3.265089975030916 -0.9956093815218258 -0.02580527961600415 -0.08997803604028959 -16.1105146167788
-0.08529545587842319 -0.025180167484791762 0.9960374713693906 118.1538677353945 -0.028578733710027285 0.9993311171185266 0.022816098224035252 3.2667331367380483 -0.9959457521301164 -0.026519380160088774 -0.0859580205094404 -16.18296837211437
-0.0805675651061677 -0.02556167059039516 0.9964213307880816 119.03706743478047 -0.030471689036256345 0.9992670258814702 0.02317082547685128 3.2729870916670145 -0.9962832647496098 -0.02849582395069728 -0.08128741844362963 -16.252231735217762
-0.07804889278332727 -0.024815092000078483 0.9966406481497354 119.9109528319189 -0.031018638286006726 0.9992666216771933 0.02245134474215832 3.2815167331699953 -0.9964668656880564 -0.0291621331674657 -0.07876138378002528 -16.31916372191841
-0.07288721757617705 -0.02615737441802165 0.9969971139765444 120.79584045187504 -0.03232804717695262 0.9991926738835086 0.02385157905148673 3.2909453059046467 -0.9968161068520752 -0.030492494504058235 -0.07367399065608043 -16.382184586751098
-0.06825947769176 -0.028380688938755175 0.997263846833229 121.6620214211058 -0.032556507449348286 0.9991262962492643 0.02620530415637418 3.3007288738900433 -0.997136258255585 -0.03067866748392394 -0.0691238152409297 -16.43906766782777
-0.06505831228966669 -0.029498526080821093 0.9974453633964516 122.56109532084976 -0.032928659994032765 0.9990820733841357 0.027399160451626926 3.3094308491621547 -0.9973380165986944 -0.031061996096769583 -0.06596994046887322 -16.493129821443564
-0.059435328187998016 -0.027947310807346495 0.9978408638564683 123.43012577473841 -0.03548257792924989 0.9990354699012403 0.0258672871152579 3.318777375682009 -0.9976013374222591 -0.03386853551374863 -0.060369643658665595 -16.54118611092266
