1.0 0.0 0.0 0.0 0.0 1.0 0.0 0.0 0.0 0.0 1.0 0.0
0.9999253543865012 -0.0020262052498226553 0.012049072467024134 0.011104252189397812 0.002014408940043267 0.9999974799573509 0.0009910779837694267 0.0009972172556445003 -0.012051050230261333 -0.0009667322448485006 0.9999269161379318 0.22397208213806152
0.9997909668183974 -0.003829340663744337 0.020083794920673192 0.017002491403193425 0.0037950929551095773 0.9999912794367796 0.00174307769625043 0.0004320333348992553 -0.02009029461697219 -0.0016664934665584893 0.9997967807818395 0.45717996451741294
0.9997049781422587 -0.00585129050709153 0.023573694597746022 0.02302862968881422 0.005811549838409639 0.9999815745812134 0.001753963099084751 -0.0028413343075381877 -0.023583523190182174 -0.0016164459406026001 0.9997205632257743 0.6778006660624118
0.9996530990131889 -0.006615111838042843 0.025493566417790776 0.02770380252927047 0.006597783491020666 0.9999779427111752 0.0007637696850437639 -0.0029363084096330474 -0.02549805652071819 -0.0005953037009477868 0.9996746944517354 0.912028940981503
0.9996806607154133 -0.007540490616565711 0.024118822377062664 0.030698826897808427 0.007531691220125136 0.9999715325969694 0.0004556567053438647 -0.004112514621233894 -0.02412157165193645 -0.0002738556735204825 0.9997089950501149 1.1579109319006244
0.9998674812976431 -0.008291870139375572 0.014009451563113475 0.026640473310892143 0.008314323751755366 0.9999642414490804 -0.0015452649340560176 -0.0058638398058812645 -0.013996137469262274 0.0016615392734324196 0.9999006687782465 1.4187729653897505
0.9999774752041093 -0.006270503655714059 -0.0023937143352362827 0.009065829059799812 0.006266168989193236 0.9999787218958957 -0.0018140787331329508 -0.007772836881948599 0.0024050385888613247 0.0017990384528433125 0.9999954896148439 1.6798463952888547
0.999778589402423 -0.002091032279916698 -0.02093799791063635 -0.018253473704772864 0.002073395221997408 0.9999974772474383 -0.0008640202618501029 -0.009294456673239637 0.02093975178350651 0.0008204162137815027 0.9997804027447635 1.9547843143566954
0.9992895501734306 0.0013473965009581604 -0.037664033730498855 -0.05176333194801508 -0.001366736537930776 0.9999989470672922 -0.0004877453669877926 -0.010424216449476961 0.037663336886405 0.000538875659441736 0.9992903395248075 2.250324353526307
0.9983769670082688 0.002383290663800396 -0.05690124491592323 -0.08949237136052501 -0.0024243188504633035 0.999996848766784 -0.0006520234758598609 -0.01107679987066073 0.05689951164536762 0.000788911980911659 0.9983795987460907 2.568781024462383
0.9970284400812562 0.0019190780220899146 -0.07701043311579533 -0.13159151697010008 -0.0018909097429280592 0.9999981160044616 0.00043868880958860423 -0.011091299861787786 0.07701112990653594 -0.0002917654412194622 0.9970301904874528 2.895600383372836
0.9954184615746463 0.0013422419051307476 -0.09560483639979954 -0.18079254804355588 -0.0011749152685889598 0.9999976781331 0.0018064613254719605 -0.012259616604474747 0.09560703912618547 -0.0016858573714583212 0.9954177273659773 3.2193912479224647
0.9935101264295556 0.002787924181117336 -0.11370952537359834 -0.23641352052067746 -0.002560398037942722 0.9999944174951415 0.0021469374560178474 -0.014830691329859582 0.11371487608846946 -0.0018418624577026803 0.993511718350051 3.569671119559086
0.9914209061113202 0.003552884698027986 -0.13065972576020354 -0.29967694924681515 -0.0033161150856748627 0.9999924419453956 0.00202963859428991 -0.01960219050699117 0.13066594929876582 -0.0015789434465458571 0.9914251946725205 3.91909137622505
0.9896206703797428 0.005305420255941379 -0.14360634133998512 -0.36704695895736783 -0.005035663650179252 0.9999848080012022 0.0022418426352339297 -0.026225001850278033 0.14361605358994772 -0.001495420578545094 0.9896323523756398 4.292206867379804
0.9874726717346008 0.00465402065096428 -0.1577214718074556 -0.4359939856094455 -0.0044298514987002715 0.9999886167134376 0.0017728111137956218 -0.03146528298714457 0.15772792711827882 -0.001051919828757086 0.9874820476705615 4.65936815019747
0.9858040850092786 0.003022166849815799 -0.16787248877213537 -0.5050203752947152 -0.0029948803801076607 0.9999954289243139 0.00041571863828651054 -0.040075811774929464 0.16787297778537105 9.294089114617493e-05 0.9858086298523984 5.033262932665733
0.9841049361877516 0.003097966763347501 -0.17756091116243614 -0.5881129800159979 -0.0033387506852815573 0.9999938674227126 -0.0010572893776557978 -0.04405346655994179 0.17755654680907398 0.0016333153093527478 0.9841092444268256 5.443526158084607
0.9826489396735271 0.0033495767590394753 -0.18544498293032396 -0.672330970881982 -0.003884359083626549 0.9999892792725911 -0.0025205345451290865 -0.04719882232547158 0.1854345521012799 0.003197135502139967 0.9826514159210166 5.857654727090867
0.9809820037893087 0.003701865039456375 -0.19406340313604425 -0.7622861125735628 -0.004655475993518396 0.9999792258205137 -0.0044580792590790085 -0.05463523782561361 0.19404286842032342 0.0052767530391432185 0.9809788586369113 6.270343254265494
0.9790142231665382 0.0019457411737236311 -0.20378264138268748 -0.8571503736131058 -0.0031619200874908986 0.9999790814352508 -0.005642601640437656 -0.05887390043574739 0.2037673994999702 0.006168531688921178 0.9789998958722226 6.696025151953892
0.9773408023239754 -0.0017726801653081756 -0.21166438934728668 -0.9507837933357561 0.00042622152516191825 0.9999793857593193 -0.0064067457906588285 -0.06502875118838505 0.2116713831578084 0.006171358152478185 0.9773214107398928 7.1308184658196385
0.9744412319605367 -0.0018174073188685109 -0.2246352209380108 -1.070696994171166 0.00012954741537378445 0.9999716536193635 -0.007528291653700278 -0.07209564215479904 0.2246425353148837 0.007306776881315486 0.9744138455188883 7.60789998045338
0.9718370773810405 0.0025005928822241963 -0.2356404932576635 -1.2067624201737837 -0.005222453717780703 0.9999266550227146 -0.01092751354383763 -0.07431705143161882 0.23559588494844985 0.011850384395558062 0.9717788572432693 8.09043403566127
0.9691225216901302 0.004506599628384278 -0.24653849296357938 -1.3491317630912456 -0.007890849542729738 0.9998876964907957 -0.012740835915470016 -0.08101377265598671 0.24645338797926358 0.014292829185307417 0.9690492467297123 8.594393532906661
0.9659025743233484 0.003387247403385211 -0.2588836485190925 -1.490912488134498 -0.007183211554561842 0.999880097791406 -0.013718291162209482 -0.09090086421836402 0.2588061405517481 0.015110148764224847 0.9658110917860863 9.075810726465177
0.9631284497260937 0.0027129216555295517 -0.2690283059165011 -1.6313030560926025 -0.0069126103564208 0.999868575438568 -0.014664503691198202 -0.10072739636249166 0.26895316533975183 0.015983488559755052 0.9630206243623178 9.556157143803851
0.9600527071744507 0.004835115701786603 -0.27977744923985415 -1.7860215543776308 -0.009878682071913825 0.999813079575862 -0.016619793908269516 -0.10919349228299045 0.27964479449389157 0.018719710606247116 0.9599210182860295 10.051943471475987
0.9572628965603571 0.006794004373424558 -0.2891393926351948 -1.9550513632709894 -0.012878482496178158 0.9997337499124114 -0.019146121661163303 -0.11984402759386209 0.2889323304122802 0.022051548486270115 0.9570955216967045 10.574282483105943
0.9543900996171226 0.007106493618438867 -0.29847786434050705 -2.1277881351242374 -0.014540821414165784 0.9996367038356027 -0.022694159100816864 -0.1358256596134317 0.2982081525804088 0.02599919408641235 0.9541467076091794 11.10085852625836
0.9516238116651492 0.0071163374715932926 -0.3071831356257749 -2.3113227949257613 -0.01650705903868947 0.9994720928224572 -0.027983078297263937 -0.1519031785936557 0.3068218344150006 0.03170005378683104 0.9512389124274333 11.649287327333491
0.9501618858668794 0.008414509985387064 -0.31164336454928954 -2.4907104265732687 -0.01953320193076999 0.9992784554407586 -0.03257334054505445 -0.16639163433573667 0.3111444112759014 0.03703733945139885 0.9496406640504265 12.164191737434956
0.9492830967188182 0.007291215149491743 -0.31433809897238785 -2.675885228625747 -0.020529710766656092 0.9990350910089433 -0.038825480146289046 -0.18833831699109607 0.3137517063854288 0.043309642279707905 0.9485168114618925 12.697379931471174
0.9482390876545093 0.007216939151151462 -0.31747527216057747 -2.878573662738332 -0.0226641597653592 0.9987303041861203 -0.04499016961993063 -0.21290202288295496 0.31674748381995776 0.04985674768362286 0.9471986783162957 13.269707532658693
0.9476729461114455 0.0072392268784723865 -0.3191607444574843 -3.0814230472931188 -0.024340700766702306 0.9984711965790112 -0.04962660464170129 -0.24567607805173 0.3183135521693028 0.05479838680362655 0.9464003483246828 13.848436829328142
0.946802434742709 0.00855125795912785 -0.32170176491992586 -3.2896374497661953 -0.02748503112194776 0.9981430902198865 -0.05435940130760793 -0.2756842788984826 0.32063955250328113 0.06030959653000885 0.9452793396329381 14.424851286301328
0.9458628795235614 0.009136425876553758 -0.32443788136036006 -3.489559966378846 -0.029824983895923647 0.9978210808090401 -0.05885202654698546 -0.3079893041813097 0.3231932602561581 0.06534230188232906 0.9440744144979853 14.981924009646129
0.9452879756087473 0.011748146363441252 -0.3260254962829438 -3.711941142893277 -0.034017450951949434 0.9974532373072401 -0.06268853496484535 -0.3451977593383772 0.3244587126280451 0.07034927463968683 0.9432801934512469 15.5826634429717
0.9444114344997273 0.013623051184053624 -0.3284835686341157 -3.9367628369508263 -0.03705808115855423 0.9971846103803256 -0.06518858367447675 -0.3788611530523567 0.3266706919927363 0.07373781456671266 0.9422573924867408 16.192966158774944
0.9442122416176616 0.01481416331918323 -0.32900422997965173 -4.163786429188039 -0.03895322043696589 0.996999011598683 -0.06690005597037041 -0.4190317004164672 0.32702582374629097 0.07598362610722206 0.9419557310015466 16.81580720235492
0.942282608412945 0.01639916884020912 -0.3344167357412709 -4.389505403915319 -0.04098821669273263 0.9969372365380162 -0.06660414774091064 -0.4610142540312194 0.3323002437177052 0.07646707569466596 0.9400687923550382 17.43592737956697
0.9403092827790371 0.01747191899089414 -0.3398723065599029 -4.615525844354732 -0.04253619453621098 0.9968836184572466 -0.0664358593378952 -0.49872218704283267 0.33765237282440447 0.076927129794128 0.9381221092308224 18.02655989277466
0.9390307081103832 0.01803932691113003 -0.3433597412486003 -4.850497251766338 -0.04306257785356514 0.9969300081415352 -0.06539245564684451 -0.5423473343026087 0.34112599375350744 0.07619147952043107 0.9369247114011723 18.647448893845677
0.9361926328674552 0.018032327424713588 -0.35102448537438297 -5.137805430930879 -0.04314681707510616 0.9970259566632071 -0.06385604056081229 -0.598048751291245 0.3488290503111658 0.07492714399644965 0.9341863929385537 19.402762734249904
0.9336875069475424 0.01871664437473717 -0.357599394005964 -5.404814146046497 -0.04280389754159969 0.9973064866654555 -0.0595617159780845 -0.6463960997204707 0.355521399813473 0.07091867792306474 0.9319737525254204 20.085433622037783
0.9312280153330563 0.020514656432760712 -0.3638592204827342 -5.630761365846283 -0.04429516332202435 0.9973835274496641 -0.057131757178828804 -0.6813964433247648 0.36173515445023086 0.06931989644763802 0.9297001828500179 20.635277172233323
0.9277574330306333 0.022340758446803465 -0.37251447752863454 -5.901515970129151 -0.04635996459047793 0.9973737230238272 -0.05564539787583179 -0.7198165851082917 0.3702929909403898 0.06889518948091784 0.92635660181531 21.290430901316142
0.9243960823549077 0.02327767632216914 -0.380723039376315 -6.182028543064205 -0.04777065998553871 0.9973424553616917 -0.0550090063322192 -0.7601828930339813 0.3784307690601345 0.06903750081044654 0.9230514484634119 21.954204042191776
0.921542154371462 0.02352014684363636 -0.38756529825160885 -6.4803972615662735 -0.04847611705700616 0.9973231779443464 -0.05474070523901828 -0.8049736949176377 0.3852403454876971 0.06923352820305657 0.920215515399016 22.650333259417987
0.918174368164905 0.023756307724330884 -0.3954636108269436 -6.778011833580052 -0.04945544842212599 0.9972654428961765 -0.05491625466525792 -0.84558125620894 0.39307758555575745 0.06998052763733582 0.9168384467752518 23.324998065589707
0.9146768260747694 0.023530798879212618 -0.403500440329242 -7.0942684906058515 -0.04952288820605639 0.9973066234470322 -0.054101593067209595 -0.8864981849982326 0.40114060799863754 0.0694679806298236 0.913378570080171 24.039031745436308
0.9117419097464641 0.023184575837875025 -0.41010872394413717 -7.406314146060994 -0.049353969290486806 0.9973560711991111 -0.05333903783859905 -0.930150045729383 0.40778778270951715 0.06887192959030289 0.9104755798962233 24.725102894619287
0.9091653673240679 0.024010408399593723 -0.41574251063245543 -7.733584832081541 -0.04969796197395194 0.9974574647782593 -0.05107561584321302 -0.9785213211667421 0.4134591242603412 0.06709773652376483 0.9080470507188817 25.434393965210646
0.9065226157453999 0.02605884802180429 -0.42135220846922683 -8.080946848929122 -0.05102085557369562 0.997539771061365 -0.048075746976702305 -1.0213311312468178 0.41906278698859245 0.06507950207720027 0.9056219072939532 26.172990450012733
0.9040482880226666 0.02705829647933205 -0.42657302014417453 -8.419172114301796 -0.05103078502296494 0.9976887891655971 -0.04486578822694214 -1.0655729853263185 0.42437312815872974 0.062329195124928814 0.9033396479352896 26.8847203224785
0.9018629943605668 0.026809640845057214 -0.4311894972755617 -8.781704706431489 -0.05069791896023665 0.9977442064750479 -0.044002493776814644 -1.106321968046752 0.42903713174513686 0.06154463098627186 0.90118777065641 27.642155051261856
0.9002633304534127 0.02644609381822833 -0.43454175859482974 -9.130159951807927 -0.050349198249850284 0.99778012412667 -0.0435864902620599 -1.145483915935151 0.4324244374182929 0.06111814803742694 0.8995963972270834 28.36318059224989
0.8995769835919117 0.02695260809382802 -0.4359298194762756 -9.492265003973804 -0.050657980927543936 0.9977965981982415 -0.04284527502959924 -1.1803451689985827 0.4338144990200562 0.06062594775306958 0.8989602187522093 29.10242839371335
0.8983587404465662 0.025929216884134777 -0.43849657829341737 -9.868910893070266 -0.049376530654267635 0.9978903761694511 -0.04215157611454061 -1.222340161103678 0.4364785581031533 0.05951867656599265 0.8977438362116587 29.880376905831902
0.8977709770148405 0.026339504540078898 -0.4396743150678714 -10.243127080186314 -0.050060550503175996 0.9978440297706959 -0.04244094172255816 -1.263876518047116 0.43760851695680886 0.060112583970095446 0.8971539796129204 30.638107986059488
0.8970650091099802 0.024713692770571397 -0.4412069841017405 -10.621668373137215 -0.04894907036266087 0.99784787696781 -0.043630298434299226 -1.3030109043485398 0.4391791865982983 0.06073588577172926 0.8963441271288506 31.400003426462536
0.8968878177344506 0.024788336126250914 -0.44156288430033036 -11.024922402125098 -0.04952538770364242 0.9977773990331633 -0.04458136327457467 -1.3417567569580269 0.4394763683889486 0.06185305465947251 0.8961220459607907 32.20736130871621
0.8967304311976735 0.024517956510470902 -0.44189750346950996 -11.431989733407521 -0.0491878182031343 0.9977997706108568 -0.044454204630576685 -1.386039983650486 0.4398353013395472 0.061599412152003805 0.8959634033363626 33.02892861856613
0.8964576859848559 0.02457449233153166 -0.4424474110731409 -11.844635406292234 -0.04924758842228746 0.9978009183861342 -0.04436217197541339 -1.4272187886362533 0.4403842552513275 0.06155827803337798 0.8956965368540278 33.85579247263645
0.8968852683438144 0.02452703982482063 -0.441582653356397 -12.24362362780589 -0.04922702366422428 0.9977930007253749 -0.04456262834050812 -1.469195966819976 0.43951509140074607 0.061705364603768596 0.8961132363770274 34.66554168129202
0.8971740608952199 0.022597331746217267 -0.44109870216849606 -12.656922524324377 -0.047561651724988316 0.9978259942137496 -0.04561989211443647 -1.5168288376083072 0.43910886320133774 0.06190836671479315 0.8962983657179876 35.50513075200916
0.8965120863118786 0.020322836186355074 -0.4425528911057587 -13.068694054742616 -0.045802500186357335 0.9978460027641706 -0.04696259941960084 -1.5607305555166662 0.4406452201867186 0.062372566861639854 0.895511838464288 36.338968755237445
0.8960127092208883 0.020100485914042704 -0.443573213100908 -13.497240706971315 -0.0448356766435532 0.9979647322591341 -0.045344848294705364 -1.6075540171362215 0.44175896936514936 0.060517465520083344 0.8950903023452254 37.19919639010895
0.8952526133700237 0.02099972273428963 -0.4450637818327008 -13.922009703061715 -0.045161474591569564 0.9980211113199994 -0.043752743597498076 -1.65435265588116 0.4432642546685419 0.0592694947226341 0.8944293865523794 38.04620142185098
0.8935670764036867 0.020830852829404032 -0.4484461567878217 -14.353667697864976 -0.04368851017786353 0.9982164425375959 -0.04068473824452181 -1.7031973441104158 0.4467988295036219 0.05594648709245515 0.8928834171022593 38.90430391405444
0.8913872706073342 0.0200536822768764 -0.45279861265947485 -14.784341416885656 -0.04324695955739653 0.9982257668042386 -0.04092699570125808 -1.7494607480636706 0.45117450536155956 0.056063966281632106 0.8906730025079485 39.74871917229934
0.8879482290717755 0.01816811504204462 -0.45958444499799694 -15.242205062749115 -0.04227071680930247 0.998214204590747 -0.0422088646339879 -1.8027198069425465 0.45799686569749104 0.05690625052735063 0.8871305144465458 40.636347056790804
0.8842774141503349 0.015995597897011257 -0.46668789964119983 -15.695277816017938 -0.04091429828658639 0.9982235397947361 -0.0433103312776912 -1.852876381872568 0.46516607251530473 0.057392555680891674 0.8833609791773136 41.49381928788405
0.8800724139695688 0.01587173148687686 -0.47457416102163036 -16.16043005873579 -0.041346503518438736 0.9982065825524842 -0.043290705650178125 -1.8991887917839494 0.47303595298515694 0.05772093804243927 0.8791503173490443 42.36075583584406
0.8764440775158483 0.018433620455490532 -0.48115068390712773 -16.631828766038723 -0.04257397217762361 0.9983199223621123 -0.039303810348682786 -1.946180621880043 0.4796178018802187 0.054932087633815754 0.8757563758647596 43.217241070644214
0.8730989113914462 0.020557217125365044 -0.4871095274690614 -17.102266964969807 -0.04382996258543237 0.9983746720405541 -0.03642730579765356 -1.9913148336237303 0.48556897070017896 0.053154633400831236 0.8725808613768652 44.05661206297048
0.8709547875709145 0.020115009808789885 -0.4909512647785886 -17.585356497507963 -0.044195923364307624 0.9983187617891697 -0.03750160286861898 -2.0376297062597266 0.4893715136430397 0.05436024503377124 0.8703795065341261 44.91281706663708
0.8694594350093956 0.018700022745563316 -0.49365028109225106 -18.056249763907534 -0.0442487571652278 0.9982145726932792 -0.04012124564500875 -2.083215958353303 0.49201863619427644 0.05672720698297993 0.8687345311574962 45.73446184846087
0.8689727046881932 0.018149770843162768 -0.4945270713775199 -18.52923685911706 -0.04677118857879459 0.997865984150359 -0.04556241427495047 -2.1325407774413323 0.4926447953909721 0.06272211327734466 0.8679671895182508 46.55492745373736
0.8674240605094969 0.017579696303762354 -0.49725894011780625 -19.001290398235533 -0.04702376089459971 0.99779902137524 -0.0467533833421789 -2.1809448434265764 0.49534257353930733 0.0639379951240317 0.8663415421293009 47.384996051058664
0.8667682247477282 0.017385451026256354 -0.49840805637578306 -19.485449562937724 -0.04581449112559878 0.9979419827145329 -0.04486459114590992 -2.229153384775048 0.49660233282836536 0.061721513497328226 0.8657809063504605 48.22766282805511
0.8658337587268785 0.019019474873909262 -0.4999701609340366 -19.97574212417522 -0.04625885326096062 0.9980401194795384 -0.0421430706552067 -2.2766044591012227 0.49818874008137387 0.05961693957919649 0.8650166471064843 49.07340249405588
0.86485431311137 0.021039311957678365 -0.5015818621571239 -20.453614873092395 -0.04768871728197114 0.9980463800120047 -0.04036346849483011 -2.3238843649848127 0.4997527422002412 0.05882831543806441 0.8641680542383285 49.881682709481815
0.8642905842807039 0.02195842735478945 -0.5025132967313642 -20.94811951310106 -0.04940880779417042 0.9979213370447217 -0.041373600075820686 -2.368995097108052 0.5005602417652429 0.060587395875542134 0.8635789551771987 50.722436769083494
0.8626659163275591 0.020462713708490034 -0.5053600638697295 -21.447501005334534 -0.04913614153174478 0.9978455542569931 -0.04347285871583251 -2.4178085663802724 0.503381720369448 0.06233399712226678 0.8618128082133939 51.57085601300927
0.8609340726067987 0.018623751468331562 -0.50837552901956 -21.933381931236827 -0.04850611465758829 0.9977817787346267 -0.04559253081360364 -2.4684209206482666 0.5063987356476085 0.06391148493354162 0.8599276961629352 52.394624452580636
0.8601246592191841 0.016727095349814616 -0.5098095476589672 -22.42963599541594 -0.046854130309024064 0.9978276454178971 -0.04631069544673939 -2.5201405445529144 0.5079274171336565 0.063719654118128 0.8590398969797612 53.231057681367936
0.8587854614731594 0.016217315786213445 -0.512078636374359 -22.928116229685127 -0.046348713284753464 0.9978597269918862 -0.04612767092024064 -2.572801103304599 0.5102345812850992 0.06334795905448358 0.8576990778498313 54.06866998168925
0.8576608489500208 0.016660307724427247 -0.5139458165262727 -23.428830744354933 -0.04707682072909735 0.9978216074015641 -0.04621485424189399 -2.623327639514313 0.5120562870704453 0.06383160619228116 0.8565768412247342 54.89629629138158
0.8546046842623857 0.015693759060359226 -0.5190419439345375 -23.93440255769497 -0.0468055912090063 0.9978025854061225 -0.04689602529461445 -2.676435974810803 0.517165418670239 0.06437162793819276 0.8534613191283033 55.727936104908586
0.8513005225543653 0.014935378207727432 -0.5244657803674677 -24.448492079771405 -0.04678556811046441 0.9977736540430215 -0.04752731755756825 -2.731990067749087 0.5225882996348521 0.06499745976135514 0.8501039932321959 56.56431215288567
0.8482466259771706 0.013265002751915222 -0.5294352663171747 -24.966196253783416 -0.04605094148761518 0.9977472277801337 -0.04878299135110825 -2.78782770320176 0.5275954627424787 0.06576100028930325 0.8469465854081354 57.40126142827042
0.8451033932991003 0.0128271492322188 -0.5344489862249907 -25.5037808870871 -0.04644286640349779 0.9976940958050552 -0.0494929424863803 -2.844164362398394 0.5325817447064561 0.06664799650632929 0.8437503954174596 58.24814970101752
0.8420138718658876 0.011646183688088198 -0.5393301456352317 -26.043411461805533 -0.046277441838879455 0.9976408422324147 -0.050706491563187545 -2.902244121333004 0.53746724361794 0.06765438873644332 0.8405663838879309 59.091307465747576
0.8370966255164386 0.011576745745846134 -0.5469325538920934 -26.598277545254618 -0.046870666460294655 0.9976175041835588 -0.05062070695017146 -2.9624671360862154 0.5450434663167328 0.06800951627899848 0.8356448560967377 59.94054033125584
0.8335821821839904 0.011624099450909985 -0.5522731442477825 -27.153068292349033 -0.046859263914826726 0.9976628757504191 -0.04972922415204571 -3.018016415815698 0.5504043558428088 0.06733250820635707 0.832178693795932 60.771134575704906
0.8307378292864436 0.011064485438834398 -0.5565538933063194 -27.69969444371208 -0.046451012895833754 0.9976933457030802 -0.04950041758152769 -3.0753165001586575 0.5547224192273099 0.06697436152564913 0.829335560858711 61.5864731514583
0.8267759565624891 0.009451324637275212 -0.5624519447141968 -28.267183261915537 -0.04560657963373427 0.9976936058532075 -0.05027433474185992 -3.132314481423138 0.5606795497824876 0.06721712060350074 0.8253001279252788 62.42277060640844
0.8229895161010006 0.007776300603155883 -0.5680033323289313 -28.837118204630308 -0.04488160902432063 0.9976706170394255 -0.051371013884875985 -3.188390471076334 0.566280758598797 0.06777070934483022 0.8214214712287898 63.24197905251624
0.8203177077109711 0.009263078875300569 -0.5718330646137627 -29.421730036232706 -0.047392937294767415 0.9975308269480623 -0.0518281659224929 -3.243857368214895 0.5699410214315092 0.06961641083871797 0.8187312058493574 64.06739387070796
0.8179236940826096 0.009285563365389288 -0.5752517787640862 -30.01223411809591 -0.04781676338320916 0.9975075460651889 -0.05188692207637144 -3.302228537740541 0.5733361909018234 0.06994622117021472 0.8163290625392408 64.9004089166869
0.8169890230789445 0.010039328673323411 -0.5765658228236399 -30.61050334820808 -0.048821297836742064 0.9974628179575415 -0.05181126971747059 -3.36197748536324 0.5745828200060006 0.07047793038951518 0.8154063062559442 65.73393850226643
0.8143122109525001 0.009334995650576189 -0.5803520319167106 -31.197785011478118 -0.04875902360762142 0.9974365976615116 -0.05237166468863786 -3.42109904108235 0.578375466898867 0.07094428448882563 0.8126799663999883 66.55068509147823
0.8118354763321863 0.009040748544768055 -0.5838162589670167 -31.795629661042362 -0.05023182297539412 0.9972545190168827 -0.05440761216020269 -3.4814948611550083 0.5817215169899262 0.07349618470476303 0.810060730750962 67.36598630039148
0.8104994344019449 0.0074499217161690424 -0.585692039813203 -32.39754331499485 -0.04964675781886785 0.9971946229568162 -0.05601859855519609 -3.5413484578449883 0.5836316186364497 0.07448075330202084 0.8085955423543723 68.19151145855142
0.8086767826245421 0.007444946722110993 -0.5882061152456035 -33.017625669804815 -0.05095965629390875 0.9970474854809204 -0.05744062261658539 -3.606675167385844 0.5860417857750639 0.076425679352422 0.8066685446086856 69.03762297062313
0.807016197919056 0.008485992753967185 -0.5904683261812192 -33.626887735751374 -0.05173729675669913 0.9970678680685804 -0.056381899484546215 -3.6712671315680474 0.5882585387570506 0.07605034117054202 0.8050889622813517 69.86828359495391
0.8058047980408246 0.008938785287509542 -0.5921137775562818 -34.23860987389684 -0.05216502313482293 0.9970705308877799 -0.05593895598332632 -3.7352521761918567 0.5898791722172682 0.07596350803342966 0.8039105097158052 70.69576091014531
0.8032648910055852 0.00968562436694392 -0.5955432004132091 -34.86549230104124 -0.05368223986542585 0.9969757687050353 -0.05619193659267005 -3.7993279355096305 0.5931978860387284 0.07710710275730914 0.8013555781945725 71.53862628833286
0.8024017587132235 0.009238132233358252 -0.5967127236172908 -35.503990495676696 -0.05375868247228228 0.9969340420851734 -0.056855252972458664 -3.863405599943535 0.5943579911743179 0.0776992448132987 0.8004382585075959 72.38867164636744
0.8005294725580919 0.008931677037195513 -0.599226825760635 -36.14094298109736 -0.05404438076110621 0.996890778686508 -0.05734091277575116 -3.9332696104192397 0.596851546428433 0.07828793339404844 0.7985231562145692 73.23807093872193
0.8000114891047888 0.008500702840579088 -0.5999244580374723 -36.771584839182715 -0.05365738042704056 0.9969067043025996 -0.05742741890628082 -3.99821506756449 0.597580540869636 0.07813296978706098 0.7979929424538841 74.06952235167783
0.7997620397030863 0.006363908843516643 -0.600283416824245 -37.41796203409863 -0.052146265677390266 0.9969006097680214 -0.05890620697388331 -4.0664120964418125 0.5980480305342222 0.07841348677605377 0.7976151191306241 74.92196888316533
0.7980244949764516 0.003604982238818992 -0.6026142294375709 -38.09091739473951 -0.050386004863222256 0.9968797989032205 -0.06076114755827164 -4.14311754015883 0.6005149090001871 0.07885220758946776 0.795716138724586 75.81152541635315
0.7964406170117235 0.00045781950150530076 -0.6047165732599772 -38.74800967271962 -0.047833212376222935 0.9969140800802359 -0.062243881077166816 -4.2163384811722215 0.6028219698781362 0.07849909132646933 0.7940047640242232 76.67765488928336
0.7939088951073012 -0.0034962162324005813 -0.6080266793008021 -39.407474023828875 -0.04399986734859625 0.9970314735851026 -0.06318427299593611 -4.289933411452321 0.6064426419232162 0.07691564959600448 0.7913983225307055 77.54404319840152
0.7886974151511651 -0.0047835145257395205 -0.6147629667787847 -40.077258635974054 -0.043061751449409325 0.9970838663972534 -0.06300356285491773 -4.368091808622718 0.6132716142917266 0.07616351724471707 0.7861914816028813 78.41480746738283
0.7830582793090696 -0.005959806769976192 -0.6219197793194744 -40.74763823946692 -0.042054935376746795 0.9971580909368096 -0.06250699232658077 -4.44172682050048 0.6205248694580878 0.07510141398483869 0.7805822595995255 79.26079557178187
0.7762178666412914 -0.003219628567426292 -0.6304565468759368 -41.45230638528845 -0.04466356500049551 0.9971937067071877 -0.060082254160658995 -4.518794906749261 0.6288807434389202 0.07479535610896793 0.7738957715585761 80.12882536075625
0.769385707069541 -0.001864377683749096 -0.6387817763939065 -42.14834304395878 -0.046305717957227474 0.9972020840104578 -0.05868376376533552 -4.593810549741628 0.6371039273474683 0.07472969785200756 0.7671466991504164 80.96270165201008
0.7626559234903313 -0.0019459537328675794 -0.646801480849557 -42.8558359517683 -0.04807927446013052 0.9970583623370903 -0.059690916068252976 -4.666020228704667 0.6450149810140053 0.07662137663700203 0.7603189060583416 81.79393302109055
0.7540011028973405 -0.002612387414052692 -0.656867956488664 -43.58626211582439 -0.04881260109588073 0.99700443041103 -0.05999579747809277 -4.744313045067403 0.6550569950804656 0.0773003310004349 0.7516149226987012 82.64078740727503
0.746583922186261 -0.003394535989903427 -0.6652825897754971 -44.329072976236766 -0.04918530392183223 0.9969687912096997 -0.060282959714893974 -4.816670078120061 0.663470612017666 0.07772841487695337 0.744153909154296 83.47638239580412
0.739172420998929 -0.0036651350881735864 -0.673506272294006 -45.081619655045564 -0.04860348130201619 0.9970877540564276 -0.05876829345857919 -4.894993779218674 0.6717602501189743 0.07617465126598584 0.7368416307895468 84.31094185423557
0.7294665729555925 -0.003069288555480283 -0.6840095747927705 -45.8447705853758 -0.049584655436365074 0.9971217883681477 -0.05735417253141959 -4.9679337921518 0.6822168869836632 0.07575433076247254 0.727214824164806 85.13422781863957
0.7205826035859899 -0.0037104139590145926 -0.6933591740486952 -46.59752891235419 -0.050656666080730266 0.9970316428066979 -0.05798107815281396 -5.0381849536982815 0.6915161701586027 0.07690342040787314 0.718255699830324 85.92179657837511
0.7125844542558172 -0.003366895119360898 -0.701578263325051 -47.372789518668505 -0.05254490575474603 0.9969238712388362 -0.058153485135434724 -5.111045602854568 0.6996159149363058 0.07830363319430073 0.7102155395345897 86.71117929789305
0.7043744444111291 -0.0018468255129514104 -0.7098261979499193 -48.171219757271245 -0.0559966393275422 0.9967355747980449 -0.05815986860398173 -5.187131952715574 0.7076164345494912 0.0807142067267961 0.7019716507010305 87.50502118191632
0.6977235852167591 -0.001716379188403009 -0.7163650275346739 -48.965579343451914 -0.058265561168335006 0.9965480090553138 -0.05913704447831041 -5.25839260521679 0.7139936435389403 0.08300072102320719 0.6952150439221068 88.2795135972711
0.6904587318235944 -0.0003409590626229607 -0.7233717048623561 -49.76838591300107 -0.06076284210380169 0.9964383518059665 -0.05846783790835347 -5.332048339704765 0.720815244475325 0.08432374989957839 0.6879788430866541 89.05435381585197
0.6844203280452527 0.0007664624194389826 -0.7290872561592258 -50.59846768440813 -0.06258604386549534 0.9963700111772641 -0.05770431474235711 -5.398485135586561 0.726396449379879 0.0851246930213455 0.6819838597549993 89.83289969701391
0.6789402542700177 0.0024143552610848863 -0.7341895545568851 -51.43815264179013 -0.06376764268313218 0.9964095800599029 -0.05569233799621472 -5.4693531608572625 0.7314190446511497 0.0846293072967132 0.6766565313865509 90.60668534953746
0.6741751088869321 0.00411924446669399 -0.7385600546890666 -52.300884413490074 -0.06651743703874757 0.9962592871022837 -0.0551621557976629 -5.541165376238157 0.7355700871617127 0.08631607432844124 0.6719272149462601 91.38856262192235
0.6709586714903466 0.0031860529531422058 -0.7414879029481797 -53.150865351672074 -0.06782428488365752 0.9960623742029132 -0.057093021265968255 -5.613843151046192 0.7383862996642948 0.08859794446732731 0.6685327790798554 92.14647208679733
0.6674278737498078 0.0014874060892256374 -0.7446729624237316 -54.00685198304312 -0.06789057071944517 0.9959550663854255 -0.05885895130386518 -5.6905720252785565 0.7415732625635842 0.08984037713816931 0.6648291531562622 92.90822941503478
0.6638081630400894 0.0010079370859134296 -0.7479022039974031 -54.8621432876577 -0.06957441712477111 0.9957459966278595 -0.06040952475677565 -5.767778532747704 0.7446597364992219 0.092135195568371 0.6610544475113131 93.660088955144
0.6620122114232123 -0.0013024113598559608 -0.7494919183361471 -55.71393216113212 -0.06969524399481214 0.9955585787343451 -0.06329051487351287 -5.847561280635138 0.7462455392771549 0.09413511583410555 0.6589811644317671 94.40680514283324
0.6600797162560008 -0.0019563556725483502 -0.7511930117219409 -56.55645002582843 -0.07020041714425274 0.9954597996354939 -0.06427821359088352 -5.924077078791895 0.7479081959840862 0.0951628077672408 0.6569454851033568 95.14507745400408
0.6579935799049003 -0.0006647445740149208 -0.7530232446070872 -57.38459987671056 -0.07138106579290862 0.9954415936598187 -0.06325169609005853 -5.997529035442682 0.7496327048963394 0.09537081171224239 0.6549467276222898 95.86693002533676
0.6572771435539894 0.0001970623443488806 -0.7536489353325866 -58.22701717443489 -0.07074895457818692 0.9956000714764152 -0.061441704910029364 -6.07563444982002 0.7503208260388368 0.0937041025920953 0.654399113057015 96.6001919510499
0.655277216748008 0.001252528354630085 -0.7553874505071587 -59.06018829455737 -0.07276727665024565 0.9954526598991646 -0.061472964371215195 -6.15340866494035 0.7518754502308815 0.09524932058759752 0.6523885914604196 97.31871379776219
0.654157725828612 0.0017523611635532343 -0.7563561323669501 -59.90069430909671 -0.07326924747068571 0.9954410801029845 -0.06106286447984079 -6.2288952776448685 0.7528009611536228 0.09536238919907815 0.6513038673402958 98.04248998713031
0.6532223768807821 0.0012426752519429374 -0.7571650956696561 -60.73738368242515 -0.07261945730485102 0.9954915360198684 -0.061016523446946025 -6.305276258516875 0.7536756203851696 0.09484227681272209 0.6503675897260015 98.76017786421943
0.6516236688377544 0.0013204395593022361 -0.7585412649617652 -61.563592592757495 -0.07208120061082576 0.9955810788320623 -0.06018817151308848 -6.38078811822145 0.7551098560666035 0.09389660223329327 0.6488393740827665 99.46576253207034
0.6503950902122339 0.001194783087109387 -0.7595951547509997 -62.398067356697574 -0.0721996917941812 0.9955684957920112 -0.06025425039993055 -6.461900904327101 0.7561570148670483 0.0940316046859089 0.6475991246037532 100.1768938753889
0.6480097292636545 0.0008110410044448527 -0.7616316255199322 -63.22582700067045 -0.07188646504405893 0.9956003587603071 -0.06010209463752002 -6.53936108670712 0.7582319743476362 0.09369774729862627 0.6452170218058791 100.87719105633312
0.647687581488751 0.0011761561552708216 -0.7619051210235769 -64.02711086203946 -0.07102431983490944 0.9957376216916677 -0.05883990771415405 -6.614098240926843 0.7585883882430849 0.09222367052183562 0.6450104276817847 101.55047733927977
0.6480489312589759 0.001371337832916479 -0.7615974672533039 -64.83488430389673 -0.07026074917246716 0.9958415151989388 -0.05799227303706546 -6.688559352744778 0.7583508487631718 0.09109223918001964 0.6454503808515006 102.22967650080798
0.6465802696662319 0.00010993217832494517 -0.7628459495817349 -65.63930377112818 -0.0690109369224465 0.9959080451376678 -0.05834943200370532 -6.762377523640739 0.7597180039089694 0.09037230518795616 0.6439420789105073 102.91115788790107
0.6454257527007683 -0.0014110714564475046 -0.763821711283459 -66.41540280421826 -0.06807642048272386 0.995912398835208 -0.05936408695972153 -6.831897178642887 0.7607832797353701 0.09031335850053857 0.6426914489484414 103.56389210319419
0.6457756713354877 -0.0022601723704560595 -0.7635238528900431 -67.21118278715863 -0.06830614297684628 0.9958149195334312 -0.060719987370328674 -6.908653093179445 0.7604656817653425 0.09136486006929616 0.6429186645305074 104.23081370939087
0.6456012257012324 -0.0019861765790823507 -0.763672123673284 -67.99427679559234 -0.06995600167014818 0.9956382933661588 -0.06172962508592831 -6.9834011653897345 0.7604638158409598 0.0932761699766867 0.6426463575801917 104.88522125965852
0.647090488834978 -0.0016597423363734903 -0.7624114010917505 -68.79014272311795 -0.07111333201495296 0.9955067240831247 -0.0625240458944929 -7.059283056134895 0.7590894501104862 0.09467633051963112 0.6440649029176309 105.5505638634145
0.6503887557009569 3.559675038258131e-05 -0.7596015173698856 -69.55833443669641 -0.07403829023092073 0.9952414420984094 -0.06334669296467325 -7.134449448046574 0.7559846546309277 0.09743957441794375 0.6472964786709464 106.19687182665774
0.6537168089400487 0.0003485020162415295 -0.7567391969863758 -70.30230603484601 -0.0758805062129636 0.9949900456219922 -0.06509191877653116 -7.203633027570258 0.7529252834684891 0.09997343476889654 0.6504681620605307 106.82759386399235
0.6589413078706232 0.0012855699400149065 -0.7521932598020818 -71.05338152323043 -0.07797567901971475 0.9947276393832324 -0.0666086850829277 -7.2763260526354765 0.7481417955596167 0.10254399425120686 0.6555673748592448 107.47231536597764
0.6627867940218171 0.003920770720933407 -0.7487978987866054 -71.80801979307198 -0.08131850594252707 0.9944490749103443 -0.06677078703471673 -7.351259228544058 0.74437958479633 0.10514592225528377 0.6594265453949584 108.12947494393379
0.6672368778516606 0.005461495176974578 -0.7448255640787314 -72.55716095527278 -0.0826585902759939 0.994339513316371 -0.06675694504205458 -7.426116525762872 0.7402448961582604 0.10610892671304527 0.6639114318818828 108.78702176205852
0.6725068184464145 0.006449617663565013 -0.7400628227218788 -73.3083985173502 -0.08365537392485739 0.9942158525292967 -0.06735441331446854 -7.507726981994138 0.7353477800038384 0.10720653436912228 0.6691564850107847 109.4556690885828
0.6771051898043782 0.008758308319582297 -0.7358341212361358 -74.04367022459624 -0.08578259878069378 0.9940514869485007 -0.06710429972740357 -7.585684894572749 0.7308692822156418 0.10855843279475728 0.6738287311941652 110.12396852358523
0.683290533332915 0.008565155663017354 -0.7300963533439192 -74.7628405688992 -0.0865293133499406 0.9938345079768164 -0.06932278619377064 -7.661626099942955 0.725001189646478 0.11054233968461011 0.6798188480383902 110.7814461867945
0.6900887842543468 0.009401090629370737 -0.7236636576071345 -75.48747576217556 -0.08914397860487885 0.993405526262869 -0.0721027840577951 -7.742740874016206 0.7182136318149708 0.11426758020265629 0.68637606251222 111.45891318653565
0.6966895680282943 0.009864793842096861 -0.7173049084197051 -76.18404649712153 -0.09120940466867554 0.993008608982012 -0.07493161540761872 -7.8163634183512425 0.7115507643875695 0.11762902843287631 0.6927185008135722 112.1176792315306
0.7039838662444351 0.012997938402579429 -0.7100970142627133 -76.89989970180596 -0.09419511474802543 0.992708543959661 -0.07521321098780406 -7.898515696342802 0.703941756415361 0.11983655680455926 0.7000751411299246 112.80509282329314
0.7113344021550184 0.015041611603996322 -0.7026927623301078 -77.57163006112147 -0.09585297535497428 0.9925062283863356 -0.07578650097431643 -7.975863507606259 0.6962869921421493 0.1212647373917327 0.707445607830703 113.46984839811104
0.721491325063836 0.016654731868082785 -0.6922231488212689 -78.23682473078816 -0.09674877806819582 0.9923286643001207 -0.07696425112121502 -8.055069718953911 0.6856310537015817 0.12250078332296788 0.7175678478620109 114.14371488181634
0.7303526783366296 0.01715957180447441 -0.6828546802519543 -78.90076058495477 -0.09623262826930262 0.9922987084869246 -0.077990732728726 -8.138580286025508 0.6762575297199239 0.12267364114050108 0.7263793301481243 114.83965313037214
