1.0 0.0 0.0 0.0 0.0 1.0 0.0 0.0 0.0 0.0 1.0 0.0
0.9999294016029915 -0.002331287549339306 0.011651476655152747 0.009683933109045029 0.0023203310564359407 0.9999968531769158 0.0009537819742434244 -0.0002756977337412536 -0.011653663530058382 -0.0009266793556286581 0.9999316643609703 0.22403015196323395
0.9998012422754747 -0.004071396602390921 0.019516651201573993 0.018701191467522554 0.0040342600172745885 0.9999899770108408 0.0019418094580920544 -0.00197725748260464 -0.01952436146282074 -0.0018626882628490979 0.9998076463509894 0.45961505974026473
0.9997080183400079 -0.005906256598901382 0.023430625251632465 0.023379033512215867 0.005864094743045027 0.999981061799183 0.0018677354799648224 -0.004158728192651933 -0.023441212842749724 -0.0017297907290946 0.9997237205170708 0.6793933971188642
0.9996380822491422 -0.0071667862862174825 0.025929552475601064 0.0309681592350905 0.007145431090806319 0.9999740514077932 0.0009161471555684149 -0.0029437848528280756 -0.025935445471088458 -0.000730537755220563 0.9996633528257423 0.9172250067337102
0.9996632918473828 -0.007953836445251746 0.024698976064946636 0.03341353132265419 0.007947884663479744 0.999968357558708 0.00033913229882344837 -0.005534091879247779 -0.02470089193188467 -0.00014271349714337604 0.9996948762350577 1.1705926712799615
0.9998392812056011 -0.008942058679102945 0.015538704735165845 0.028055003797342905 0.00897525283805409 0.9999575836171554 -0.0020678014974582415 -0.007559348538298595 -0.01551955523718988 0.0022069329666684952 0.9998771288774039 1.4217017915051566
0.999971810735923 -0.007503359508032215 -0.00027808202510672873 0.013040533220927885 0.007502559656052217 0.9999680087265959 -0.0027736477739959613 -0.007581331782726339 0.0002988848053055798 0.0027714832599237643 0.9999961147666591 1.676370977199239
0.9998239705835529 -0.0033277621797875878 -0.01846493556484001 -0.013839500131436417 0.0032836588626617377 0.999991684681666 -0.0024182952667551453 -0.00911833708646455 0.01847282953455104 0.0023572370263345763 0.999826583964734 1.9569481515404503
0.9993521255432517 0.0002725123149596623 -0.03598965002918405 -0.045347119893769806 -0.000374062990768373 0.9999959680301391 -0.0028149600963350762 -0.01057028876529777 0.03598873780870746 0.0028265987517185186 0.9993481981223726 2.2473703708371637
0.9984731646332269 0.0014749198376820937 -0.05521923685439481 -0.08304713091633864 -0.0016727620949779178 0.9999923464196178 -0.003536802109408468 -0.012826372993164034 0.05521359772993377 0.003623770641186184 0.9984679899285993 2.5619897897798816
0.9971769389281574 0.0013808578469518887 -0.07507493390923735 -0.12362254006324436 -0.001540421670925641 0.999996676204007 -0.002067530414316082 -0.01303582591777407 0.07507182940987643 0.002177340704825675 0.9971757516187955 2.886685054699032
0.9955717393775521 0.0006730857813185355 -0.09400243990603015 -0.1742593227303451 -0.000757979909629357 0.9999993365386209 -0.0008674034671050417 -0.0143630594643686 0.09400179370210134 0.0009348143393927974 0.9955715890396525 3.217293285655305
0.9936888190731651 0.0019798999444700046 -0.11215440626737985 -0.230486460293721 -0.001975447156484461 0.9999980374274182 0.00015083051363888304 -0.0179942684702647 0.11215448478554277 7.167650797007796e-05 0.9936907800744493 3.569523825225281
0.9917026929934716 0.0030154189303180706 -0.1285172204732548 -0.2909778262661573 -0.0030384351746864883 0.9999953838012355 1.6967884258780756e-05 -0.022893216826587515 0.12851667837749986 0.0003736641467250414 0.9917072772516696 3.9203667857580267
0.9900115439303415 0.004600356250920499 -0.1409112472694296 -0.3552879838263142 -0.004555209369222384 0.9999894182908283 0.000642941656499061 -0.03136516522918141 0.14091271394826044 5.360571782751127e-06 0.9900220235020029 4.294859614934914
0.9879390308276869 0.004267222592357839 -0.15478456699102233 -0.421089999591106 -0.004294330125194061 0.9999907666441467 0.00015923324988988276 -0.03596215165511866 0.15478381729375607 0.0005073832863729116 0.987948233697583 4.6592981864561045
0.9860309859928607 0.0019919424547601935 -0.16655007303271901 -0.49144239509337007 -0.002198947097884795 0.9999970220990015 -0.001058501199732781 -0.04293239847890867 0.16654746858961206 0.001409949781394938 0.9860324298662829 5.030278817209729
0.9843839105753603 0.0023543096788540027 -0.17601924277276393 -0.5723846532682152 -0.002849940678038869 0.9999926543195581 -0.002563034345572486 -0.04677393943339467 0.1760119156150879 0.003024654172129302 0.9843833892486434 5.430130839944891
0.9828567325903409 0.002607762591702869 -0.1843524959855559 -0.6533966877024298 -0.003385257980954842 0.9999866538977291 -0.0039028265175015666 -0.05072128886658015 0.18433985795329635 0.004460000077202577 0.9828524432329961 5.833295920697582
0.9812071074447808 0.0028201337901855514 -0.19293693048572053 -0.738744287133525 -0.004116501779544162 0.9999715645830181 -0.006318578834666199 -0.05859745762970238 0.19291362500597337 0.006994059679208893 0.9811908154973008 6.237474284610281
0.9792347230046017 0.0013430748612132943 -0.20272531517306477 -0.8349571153944844 -0.0027753378967924985 0.9999731578082663 -0.006780941123686882 -0.06392366257808013 0.20271076626972703 0.007202764252803046 0.979212165684975 6.664077309330918
0.9775531635295754 -0.002443635833746632 -0.21067472823580746 -0.9286335648963937 0.0007269218770756947 0.9999659041164501 -0.00822570295811618 -0.06942207954210321 0.21068764571731285 0.007887917880059473 0.9775216093230951 7.091715191291263
0.9748486185289824 -0.0023243996000330024 -0.2228559357940325 -1.0439466351210318 0.00019355270790880627 0.9999540641375602 -0.009582909376885723 -0.07563374477486656 0.22286797322514473 0.009298751597698994 0.9748042879107788 7.560984541392086
0.9724097826007939 0.0018685417163826722 -0.23327177980658267 -1.1785572422571984 -0.005023852400965833 0.9999037458278347 -0.01293290325171997 -0.08116937196110743 0.23322516075528807 0.01374800463046099 0.9723255713799523 8.042724130557074
0.9698848657903847 0.003126454466875002 -0.24354377921276135 -1.3176498054033041 -0.007035286126401453 0.9998600010546672 -0.015181667895219558 -0.08939786827911114 0.24346221854712355 0.01643787010009613 0.9697710784338153 8.548010234837465
0.9669437417949378 0.002347525754896137 -0.25497899781439853 -1.457246081072417 -0.006531472031381278 0.9998575479730896 -0.015563535406344657 -0.10013987300289748 0.2549061397391366 0.01671445135418327 0.9668213314978217 9.037710764326016
0.9639290685829217 0.002218840472635767 -0.26615000937031413 -1.5997322839870236 -0.006808591199030078 0.9998435806219447 -0.016323522137506586 -0.11104601590123651 0.26607215905980425 0.01754682410141992 0.9637933985752384 9.524289488815507
0.960956395323387 0.004619732932508386 -0.27666128090991543 -1.7543861906491298 -0.00988062775121888 0.9997958513375566 -0.017624665768542658 -0.12078320084159984 0.2765233796305923 0.01967012241556451 0.9608058632220311 10.029197970145367
0.9582419334212121 0.00682674471202252 -0.28587723342339494 -1.9215610313544025 -0.013118899241484825 0.9997118888455694 -0.020100591621038486 -0.1306983614820409 0.2856576473960904 0.023011624398570088 0.9580554126075747 10.546830406109269
0.9555886827739153 0.006938271761039563 -0.29462201163420154 -2.088060533905173 -0.014647085088179128 0.9996054573825968 -0.02396648637888858 -0.14764850747474678 0.2943394846989328 0.027217456822777767 0.9553132877707015 11.063075878607805
0.9530013241135399 0.006903496527109746 -0.30288746750821477 -2.267670614614212 -0.01644638447944282 0.999445058837005 -0.02896706412203457 -0.1650830576925121 0.3025194087581721 0.03258705420862561 0.9525860020085378 11.609202899164831
0.9516354626560853 0.00780999754523931 -0.30713018437412193 -2.4446345440938635 -0.019314074321185395 0.9992202922013907 -0.034435072035401755 -0.17987442634584017 0.30662177474611046 0.03870157091528633 0.9510443079374561 12.124418865346058
0.950687280601004 0.007003361983617115 -0.31007200361270026 -2.6249645619553363 -0.020659647333838727 0.9989545272748515 -0.0407802821118227 -0.203373118226406 0.3094622327126678 0.04517527374576564 0.9498380499677227 12.647060977215396
0.9494976598518046 0.008119300895974065 -0.31366904674976687 -2.827128464463635 -0.02394759345482014 0.9986245874764865 -0.04664167723334792 -0.2295167147784934 0.3128589246028783 0.05179778219555142 0.9483861465963919 13.213204364804078
0.9488804942508672 0.007702810049609335 -0.3155415572433678 -3.0264829205381245 -0.02529673047472151 0.9983422128209793 -0.05170011147956628 -0.26245428916229063 0.3146202203570508 0.057039397060715175 0.9475023082427984 13.786566137857482
0.9478556851137162 0.009489945085398332 -0.31855853644170934 -3.2298721222031124 -0.028970074229128673 0.9979839692951818 -0.056468857160318006 -0.29384010758252044 0.31738042629747426 0.06275299173832072 0.9462197033623448 14.355685598099136
0.9469501164595914 0.010068308911807058 -0.3212228293456478 -3.4288163959352427 -0.03140304875122707 0.9976249218654554 -0.061305495692249835 -0.3268916064684783 0.31984265735873124 0.06814062245533742 0.9450172115390834 14.91541835287427
0.9462918147776821 0.011957949380847425 -0.32309256991049257 -3.647297165876537 -0.03484970030419378 0.9972660958911564 -0.06516005198523876 -0.36590728107939763 0.32143008520278454 0.07292010307601211 0.9441214746492714 15.519319092412493
0.945328131307861 0.014291484648595214 -0.32580742413966957 -3.8711001079158467 -0.03821615348201151 0.9970107185997024 -0.06715022420174493 -0.3997654607521755 0.32387381766828094 0.07593010248803989 0.9430484450785808 16.133694798376975
0.9448159212392618 0.015521156382287142 -0.32723381346884306 -4.095017321405423 -0.04025724980948967 0.9968072511495514 -0.06895402739109208 -0.439265350359616 0.3251187918447368 0.0783223962875991 0.9424242003626535 16.748986428987024
0.9430881527899088 0.01752585858300444 -0.3320806834915972 -4.320403375240002 -0.042762454949655485 0.9967107794289016 -0.06884035601963483 -0.4824714343012023 0.32978191053178846 0.07912310946341732 0.9407355765755028 17.370470137822885
0.9411599020493929 0.01873739589906951 -0.33744177093136984 -4.547100561601878 -0.04426387586430192 0.9966952560515219 -0.06811222986998139 -0.5229757862842863 0.3350503664642783 0.07904098025273376 0.9388789993246415 17.967320458235392
0.9397316190210494 0.019210888403065396 -0.341372854777357 -4.7806132847874325 -0.04480897448010597 0.9967288477178725 -0.06725890225868596 -0.5668401041792355 0.33896406891899133 0.07850188465105297 0.9375184339990943 18.58988413083392
0.936798689143259 0.019135174073325583 -0.3493451890790184 -5.065789477105134 -0.044759051654247414 0.9968532689011275 -0.06542314251202713 -0.6231454173904571 0.3469940104879103 0.07692467350805027 0.93470730781951 19.344847050920034
0.9335387538762913 0.01934421445485983 -0.3579541819538165 -5.329711556157015 -0.04432376866793167 0.9971094093857006 -0.06171085192712272 -0.673006115297159 0.3557257350012412 0.07347535016333015 0.9316976840028116 20.022420315716936
0.9309985544080003 0.02058284729266974 -0.36444209154204554 -5.55878415916593 -0.045140773683976634 0.9972371735776464 -0.058994323337753694 -0.7091316318406012 0.3622209301537199 0.0713748277209414 0.929355492654119 20.581492496970487
0.9276396408486612 0.021921052946968392 -0.3728326221830154 -5.827985064163837 -0.04696661912902758 0.997198022574429 -0.058225771452489895 -0.748464090994755 0.37051158337325396 0.07152322148327028 0.9260699732606059 21.231842369906428
0.9248683226285621 0.022695400371068604 -0.3796096740076931 -6.101273274158627 -0.048112161204483424 0.9971796762909562 -0.05760132929453899 -0.7872016360039804 0.3772317666136614 0.07153748663645526 0.9233518193317622 21.88013693863778
0.9217650070236476 0.022414754476704834 -0.38710056911407964 -6.3993356014990646 -0.04852598472332713 0.9971474799959908 -0.057811174908288215 -0.8330218650304352 0.38470053370553925 0.07207275434860466 0.9202233519354306 22.58066867916925
0.9186725955850094 0.02175068069500307 -0.3944205496806752 -6.694876811912463 -0.04890876674169536 0.997063110927577 -0.05893288863808348 -0.8738282713500495 0.3919803498351778 0.07343065243293385 0.9170383550464862 23.255874293739268
0.9150494304934705 0.02158454392532566 -0.4027637610524451 -7.010524425392239 -0.04897286928949339 0.997124787531752 -0.057825739626160895 -0.9184932983681865 0.4003575874479333 0.07263790713734837 0.9134755260101808 23.97177862522118
0.9118673920484184 0.02088250331551181 -0.409953388050512 -7.318729601296769 -0.04862615106596982 0.9971683323278364 -0.05736562067154142 -0.9655838900980314 0.4075945985306056 0.07224429429234766 0.9103007223939104 24.658255520992753
0.9091618984946932 0.02136343232807286 -0.41589451316973275 -7.638706479319884 -0.04883720770520081 0.9972617408367146 -0.05553329998194259 -1.0149870100975917 0.41356930431196687 0.07079988716438185 0.9077157079771323 25.35774950288818
0.9061624635550172 0.023749332530089214 -0.4222624288854946 -7.98314962660973 -0.05031326650936304 0.9973853747936814 -0.051874746850711875 -1.0612018156724112 0.4199263802823775 0.06825235052394078 0.9049880948337923 26.090129045103705
0.9033570728542176 0.02432102568553219 -0.42819912030953955 -8.321773157886065 -0.050227610661476206 0.9975199806704607 -0.04930593565122799 -1.1088390299603832 0.4259380072868574 0.06604828440472589 0.9023383168610837 26.79556714662161
0.9006118495575756 0.024599143039329315 -0.4339276190774377 -8.684568422901227 -0.05067736523987145 0.9975303759009301 -0.04863079073276651 -1.1543391142335695 0.43165970519476093 0.06578777482693936 0.899634296586392 27.54799738503791
0.8988913735805996 0.024016946305691702 -0.4375128395744893 -9.035037636521293 -0.05025763849889081 0.9975581465506146 -0.04849653619607949 -1.1964408598082712 0.4352797586321906 0.06558148016515304 0.8979034475846775 28.270441718999827
0.8979314007086625 0.024836172071643375 -0.4394341408882646 -9.400420531060128 -0.05057434324133013 0.9976157072275309 -0.04695888093451085 -1.235930337303606 0.4372201223949872 0.06438994680647875 0.8970465424509317 29.01076182602465
0.8963629881542744 0.023975996096025562 -0.4426720513860612 -9.779961823185351 -0.04950689512216663 0.9977042875734055 -0.046208461270707886 -1.281105204341914 0.4405479097697583 0.06333487324410686 0.8954921736278045 29.77788159827237
0.8955104343650079 0.023620301113688284 -0.4444132573615392 -10.156577442725784 -0.049673019249773985 0.997655835670258 -0.047068298372588066 -1.325231731329175 0.44225971227549826 0.06422550060823262 0.8945845024197633 30.532504848982963
0.8951450049417002 0.022264437155455126 -0.44521872710621063 -10.536658134863796 -0.048629046410794595 0.9976685950767558 -0.04788100085367206 -1.3672500063362656 0.44311469843946777 0.06451100088917663 0.8941407578179045 31.29067967270497
0.8950133571259509 0.022502705344120758 -0.4454713445535312 -10.942033758429455 -0.0496542268773959 0.9975454287316494 -0.04937180743904366 -1.4111767277400946 0.4432669041552091 0.0663079623332341 0.8939338374912716 32.09209458961721
0.8949115282945399 0.021301167830461154 -0.44573491760752776 -11.351514426454791 -0.048341612622528424 0.9976094025160208 -0.049381864086741147 -1.4602240465055694 0.44361745346028086 0.0657399441792165 0.8938018878502826 32.912363020767756
0.8945311771837613 0.02189920580029165 -0.44646880947223067 -11.772116829447882 -0.0483163020686408 0.9976843735850782 -0.0478688380740784 -1.5073627395473175 0.44438666496717294 0.06439188993551093 0.8935178658034135 33.74674072305622
0.8949656681009095 0.021809846491578758 -0.4456015973004436 -12.175571482480018 -0.04816938670388338 0.9976893160446054 -0.04791386892142487 -1.5522075393689188 0.44352695871306924 0.06434562336679558 0.8939482522206048 34.55370919317519
0.8950640420232817 0.020339765640072893 -0.4454735172944088 -12.595754555651475 -0.046553752024448156 0.9977627764723137 -0.04798114274072713 -1.604318040701586 0.44350096826206725 0.06368465921999389 0.8940084760955245 35.39384381808149
0.8941500079121378 0.018902498167215384 -0.4473683704887535 -13.012068467431462 -0.0453129595429204 0.997799335970123 -0.04840682632690745 -1.6526782120019277 0.4454688530617891 0.06355454901594489 0.8930388122871225 36.22502333402278
0.8938713737751324 0.01769409109175009 -0.447974202701221 -13.441593250887562 -0.04380018169359816 0.9978873699628267 -0.047982715140773485 -1.7000608447530132 0.4461787884121853 0.06251172697270228 0.8927579586662473 37.07728656765353
0.8925298836917127 0.01907079372698218 -0.45058485498725004 -13.870118348538252 -0.04433093755878397 0.997976891220022 -0.04557293677151026 -1.749739583213418 0.4488041607342978 0.06065005702753933 0.8915696248135303 37.92169295369632
0.8912369109294204 0.01903430363090492 -0.45313845994604257 -14.303389115088402 -0.043267169231265695 0.998130347111372 -0.04317131272089494 -1.7997962846325972 0.4514695124409817 0.058081885821818925 0.8903941677008469 38.76923577851449
0.8895652875084519 0.0190682166614732 -0.4564099060859181 -14.74527143959771 -0.042912177429780235 0.9981983985852367 -0.041934497613586724 -1.8500922680970007 0.4547880212673158 0.05688901629682101 0.888780904124599 39.62771349193641
0.8864937299098749 0.016470817120888145 -0.46244737972427546 -15.20342664175826 -0.04142400416184218 0.9981786731074297 -0.043856452577594206 -1.9038104292856246 0.4608827602652085 0.05803489240845843 0.8855614222364596 40.50600926839859
0.8832139420989462 0.014309920852912798 -0.46875191588645576 -15.6601983464036 -0.04011984419116258 0.9981755789112825 -0.045121078967631546 -1.9550520900967188 0.4672510359369108 0.05865781985643325 0.8821766997521382 41.363794175238816
0.8789549011979294 0.014334619474117162 -0.47668941706804313 -16.12787226197913 -0.04077562740093376 0.9981468093742418 -0.04516962636641442 -2.0043137574335153 0.47515853130318386 0.059139374536373995 0.8779105333171758 42.23071050209952
0.8752975622870591 0.01666799229221607 -0.48329737790234106 -16.601755963484017 -0.041943897357511056 0.9982561953545936 -0.04153646483072198 -2.0527596744369268 0.4817622722139979 0.05662814202424315 0.8744703348896907 43.08476689843727
0.87220351398534 0.018961169932648313 -0.4887755151666359 -17.077004359181075 -0.04314755271981563 0.9983355882385488 -0.03826672119063239 -2.1011712581660813 0.4872364096472223 0.0544658359999743 0.8715699362775821 43.92534732986611
0.870023657448425 0.018973432081645 -0.4926447445727081 -17.561258401122636 -0.04400016323607308 0.9982598420021007 -0.03925905603984587 -2.149305971980447 0.49104258584695537 0.05583275670235207 0.8693445129312956 44.77760110214131
0.868545463260528 0.01645681922532314 -0.495336200323114 -18.031464402403746 -0.04318854147466606 0.9981597325621886 -0.042566397271456696 -2.194904493360116 0.49372414173792045 0.05836369926902733 0.8676578533458846 45.598335680871365
0.8677150046536577 0.01651892278967062 -0.49678747557559444 -18.508994972176463 -0.04617550344100194 0.9978046082408372 -0.04747406297463568 -2.2477283447603114 0.49491261206487047 0.06413336856285157 0.8665727998592552 46.420966445438786
0.8661207486748432 0.01537122420192318 -0.4995984129092718 -18.980863230668056 -0.045888736503877564 0.9977511140836802 -0.048856301608417654 -2.2974942906351985 0.49772389190896466 0.06524139645431565 0.8648783079784601 47.249212931341276
0.8657636679252844 0.015136045853448691 -0.5002241211861745 -19.47005616185441 -0.044251870834867785 0.997942627426715 -0.04639271809539964 -2.351190023657198 0.4984927714903924 0.062300982982512736 0.8646522678460056 48.09708785573862
0.8649826138238608 0.017590394124393817 -0.5014934254972746 -19.966453981819722 -0.0450203783280814 0.9980755081046451 -0.04264323694152565 -2.399849809079812 0.49977819411978996 0.059463082296523875 0.864109887992354 48.94649161672387
0.8639341465021454 0.019698454441268318 -0.5032193968839386 -20.44668725580037 -0.04675229760549772 0.9980566591269217 -0.04119621148861463 -2.446614604181041 0.5014299683666869 0.05911747681551513 0.8631761759680062 49.75234489472315
0.8631183023521247 0.020307139651880753 -0.5045933176568487 -20.94370753566411 -0.04800829543207041 0.9979653540296338 -0.04195659335807325 -2.4931636028877646 0.5027146304957648 0.060438168698817143 0.8623370733360824 50.59643650475683
0.8611479614986765 0.018445085022422453 -0.5080196524202482 -21.443687091531583 -0.04735950332020375 0.9979062488916495 -0.04404765451486742 -2.5417157110431345 0.5061435229773644 0.06199110630980155 0.8602184820651956 51.443263068200764
0.8591632565785174 0.016911925883523138 -0.5114220227056191 -21.935775746021353 -0.047029592115384794 0.9978332754381332 -0.04601056285101582 -2.5941201701049796 0.5095357848187477 0.06358255414275964 0.858097047424023 52.26471530036102
0.8578517480304649 0.0145025704653013 -0.5136925674476661 -22.438509508260903 -0.04486289957279532 0.9978988086490622 -0.046747063423320565 -2.6457489559878478 0.5119352484865612 0.06314778813768258 0.8566998647194485 53.102049943372904
0.8560974023298604 0.014178177860031116 -0.5166199928348056 -22.943914929666207 -0.044325817008004274 0.9979545322440388 -0.04606488380702434 -2.6992028956585616 0.5149101471816595 0.06233563063089245 0.8549747420147632 53.94406232675399
0.8546462349361382 0.014240314740876288 -0.5190154396022958 -23.446076100570775 -0.04478909642766214 0.99791959104878 -0.046372692850745495 -2.7488713134185385 0.5172753134943492 0.06287847992053228 0.8535060320889398 54.76534474596391
0.8517793205368872 0.01353594403344788 -0.5237258513047092 -23.956857065610865 -0.04475225269435484 0.9978922092502283 -0.046993346300082846 -2.8035332147604852 0.5219858474944503 0.06346587222139366 0.8505897119520541 55.595746319824386
0.8486226817343049 0.01257244594042689 -0.5288492012371314 -24.476965243403644 -0.044323894002436914 0.9978920167742447 -0.0474016379325813 -2.857944827635695 0.5271384414615744 0.06366676103985373 0.8473910591174283 56.428892008001135
0.8453281688924266 0.011603560298727885 -0.5341213759674586 -25.001476538406965 -0.04413840599966619 0.997863077894268 -0.048177576642945925 -2.913320653176111 0.5324209687763866 0.06430112879080804 0.8440339310972291 57.259517762892195
0.8415802595897933 0.01060575410113716 -0.5400279480255836 -25.547805751197426 -0.04420688548258411 0.9978054247283991 -0.04929589900294959 -2.9697214139655292 0.5383199958618534 0.0653594091353764 0.8402021957200354 58.10896815722497
0.838359605535764 0.008966379981377198 -0.5450438292797635 -26.09582928689426 -0.04349647984298497 0.9977769387769867 -0.05048996619224937 -3.028030021710685 0.5433794512559222 0.06603623607425882 0.8368858867718811 58.95098194845434
0.8337006765136159 0.00900002454628623 -0.5521432617889181 -26.656121658852165 -0.04354425899994076 0.9978252356435322 -0.04948430681616166 -3.087629111770288 0.5504971203275142 0.06529776926585004 0.8322794733982202 59.79432042349622
0.8302686890253688 0.008828943258954908 -0.5572934180349033 -27.218822357122022 -0.04344514619403578 0.9978575285433263 -0.0489169909293639 -3.142346101881959 0.5556675474564573 0.0648259399494891 0.8288734367883862 60.62212988517248
0.8266636665387261 0.008045394199985938 -0.5626388309181269 -27.7703933180923 -0.04287791341023767 0.9978912301580769 -0.048729634876367264 -3.19872659959461 0.5610603059977901 0.06440779770933595 0.825265392845174 61.431250661759506
0.8222814845311007 0.0071986275181557605 -0.569035447014669 -28.34716381912018 -0.04291627432993702 0.9978569932197804 -0.049392453674795354 -3.254285459435119 0.5674604423173186 0.06503538147988422 0.8208282680078697 62.262857733072785
0.8184192607984881 0.005976606023285976 -0.574590457399441 -28.929225539861406 -0.04265847181909578 0.997818581272558 -0.05038187818332089 -3.3104298517959787 0.5730359223784455 0.06574465033492836 0.8168888985757012 63.08433962952966
0.8157655425936347 0.006836426971972308 -0.5783423231816687 -29.519112444429968 -0.04449031195277977 0.9977091708503644 -0.050960990408574824 -3.365722239369248 0.5766690486399084 0.06730285036560787 0.8142009178780183 63.90518406567223
0.8131763820935691 0.006800772142258209 -0.5819775950184707 -30.11538287541487 -0.044897363093094854 0.997685111447776 -0.05107489777499255 -3.422672296446247 0.5802830330041546 0.06766215998405771 0.8115993061319061 64.7309213815525
0.8117183043400461 0.007095123388840861 -0.5840060390299212 -30.720297455717027 -0.04573975435133977 0.9976273603917183 -0.05145410255491783 -3.4812822206417073 0.5822553299637537 0.06847852964214426 0.8101169185412995 65.55932276245545
0.8089971685227056 0.0075439064455579685 -0.58776412853949 -31.316017817622527 -0.046624669383006564 0.997590724880304 -0.05137008699345561 -3.5422525865223524 0.585960511917971 0.06896256309281534 0.8073998039165597 66.37428521746736
0.8061341351332212 0.007509978143957565 -0.5916851835235449 -31.92635930023075 -0.04837122945331285 0.9974093403603158 -0.0532431396817937 -3.6016663986956834 0.5897524737838652 0.07154165213550297 0.8044089828411505 67.19060853561668
0.8042576794347699 0.005762191375152596 -0.5942527931955852 -32.53812635231285 -0.047836326510570085 0.9973359055229689 -0.05507065843671953 -3.66180381756186 0.5923523199382046 0.07271787060438319 0.8023907030609161 68.01151147760802
0.8023910009825865 0.0072607862881245745 -0.5967545245112441 -33.17005298935054 -0.050229344789614494 0.9971997346797147 -0.05540489217309878 -3.7264142508965667 0.5946811704301463 0.07443097565654273 0.8005087978271359 68.8524814187667
0.8007539582719247 0.007482345818287998 -0.5989466694229966 -33.78003048553144 -0.05078996664715814 0.9971690617784048 -0.0554458431260325 -3.788495520150187 0.5968362234313742 0.07481895971631515 0.7988671013799125 69.66767962110367
0.799654640299827 0.007030143769243869 -0.600419048103521 -34.404768949090425 -0.05056907481247072 0.9971675913475906 -0.055673723053659245 -3.8536762485607747 0.5983270217193648 0.07488238674500547 0.7977451994439116 70.49803674784934
0.796752687525371 0.0077993172323138 -0.6042551824947869 -35.0413508402975 -0.05215998391348736 0.9970725842899434 -0.055907045490871596 -3.9164929567735784 0.6020502395973638 0.07606202934502458 0.7948270734522531 71.33263257759366
0.795165611667223 0.007403804031840058 -0.6063471231132784 -35.69011613983443 -0.05230066300466892 0.9970367198799741 -0.05641294053897663 -3.9813223047810276 0.6041326763809116 0.0765699869194201 0.7931965370776631 72.17591745442971
0.7939148384153527 0.006592211725698158 -0.60799323358775 -36.339911056158684 -0.052308875986332645 0.9969744806056537 -0.05749492598598534 -4.050748063621336 0.605774719542646 0.0774495175301372 0.7918576648599027 73.02129440046605
0.7932126892162887 0.006500809389545843 -0.6089099844341069 -36.97653115009577 -0.05235304002528065 0.9969686792948319 -0.057555292590953384 -4.116685638125656 0.6066900270042149 0.07753187720157229 0.7911485443020329 73.84001057485229
0.7931040306543491 0.004105972834281685 -0.609072358219374 -37.62685982986464 -0.05032991584332569 0.9969992860092171 -0.05881601200621389 -4.185344296197421 0.6070032093251476 0.07730177672081984 0.7909308055606227 74.68459920534433
0.7914441608407025 0.0013889574543016342 -0.6112398964959228 -38.30364580259621 -0.048655179482378984 0.996967422307802 -0.060734112049772776 -4.25938926442026 0.609301906923566 0.07780764521643749 0.789111624908149 75.55858820045941
0.7899754732004323 -0.0018142762631978178 -0.6131357599613596 -38.96500623428977 -0.04578060246040325 0.9970296971705478 -0.06193479957478089 -4.332479145420883 0.6114269279154425 0.07699669708270969 0.7875459481568284 76.41134078853077
0.7873571660287253 -0.005218804785518071 -0.6164750255929476 -39.633196643317255 -0.0421171752066333 0.9971725794233316 -0.06223335439162495 -4.407069470535774 0.6150567751483016 0.07496406420966306 0.7849111748607873 77.27089693935928
0.7820561791156051 -0.006627725571665157 -0.6231726935295282 -40.30231202319359 -0.041467960203712836 0.9971739508822814 -0.06264598916422945 -4.482625831557675 0.6218267773131388 0.0748343833780179 0.7795712116803621 78.12075796612704
0.7762019135235595 -0.008126064527536444 -0.6304320395710065 -40.98179747430093 -0.03974850259537584 0.9972971216618804 -0.06179407468644353 -4.554783624572218 0.6292302011059149 0.07302340857713145 0.7737809352885268 78.96089857021816
0.7697036732306533 -0.006052299336070023 -0.6383726381103644 -41.68710607977728 -0.04212074385629958 0.9972947532851727 -0.06024133138351512 -4.630404337680153 0.6370102811982171 0.0732567044209135 0.7673665075471793 79.81380557611101
0.7631018496329811 -0.004991885973200331 -0.6462589636988829 -42.39075627042897 -0.043850740411439895 0.9972657601847734 -0.059482065603465875 -4.705712371446885 0.644788864398333 0.07372980833772098 0.7607964482766671 80.6408865376458
0.7561068635049673 -0.004119336937725208 -0.6544352084231673 -43.108123686404156 -0.0460748499496198 0.9971638371609196 -0.0595095795702778 -4.779158568368181 0.652824263613724 0.07514860558722761 0.7537726234850232 81.46635451846763
0.7478944498651134 -0.00531423140851045 -0.6637963925824667 -43.84446741189697 -0.04647846207928047 0.9970946250584187 -0.06034949247803509 -4.857397482789555 0.6621885263455599 0.0759872859375062 0.7454745387685267 82.30450246396236
0.7400993755379426 -0.006024882030217043 -0.672470531045688 -44.59577695404012 -0.046792454326602034 0.9970749791079221 -0.06043138468569002 -4.930630589877248 0.6708676326567264 0.07619177667871353 0.737652650385058 83.13388606578367
0.7331080852463364 -0.006517644206044233 -0.680080918465188 -45.35360856535479 -0.04621137845329057 0.9971657780397093 -0.05937103340778202 -5.008373936663165 0.6785403774631965 0.0749528613227316 0.7307291048888351 83.95856373463997
0.7231129309214518 -0.006360013582653503 -0.690700542464979 -46.11976383003571 -0.046849553884192166 0.9972032610878772 -0.05823036472971242 -5.082411667423366 0.6891391792918466 0.07446614199038128 0.7207926090506398 84.77244222121028
0.714087251854788 -0.006465625719219128 -0.7000268512153912 -46.87890399314307 -0.04839666211439772 0.9971089948046115 -0.05857828587388168 -5.154959631274741 0.69838181522335 0.07570897016732138 0.7117099071964239 85.55190383291418
0.7060164109585456 -0.0065212637405459226 -0.7081654471777343 -47.66531519902602 -0.050008127775404226 0.9970023911432894 -0.05903743906168665 -5.229985928052906 0.7064276428719456 0.07709542900710625 0.7035739337216789 86.33998518078742
0.6974635952076821 -0.005303356438193754 -0.7166005915225472 -48.47370097194968 -0.053162180270390276 0.9968343076411103 -0.05911975726072676 -5.308166993632632 0.7146455876508814 0.07932992827526189 0.6949737020427238 87.12884167706062
0.6903745876642591 -0.0054701280412961205 -0.7234314109897471 -49.28298558811717 -0.0552987480088445 0.9966468805267552 -0.06030790996993885 -5.381139478163138 0.7213355510274388 0.08163989977639463 0.6877571879583969 87.90259378374914
0.6829448255918433 -0.004016980549752136 -0.7304589167534268 -50.09835745919866 -0.05828357179628422 0.9964970329714798 -0.05997239813201259 -5.457057676492211 0.7281410512091693 0.08353159370142628 0.680318368411221 88.6728081843046
0.6773939620582268 -0.0023783024745332275 -0.7356165875266798 -50.94107366558773 -0.06043728076557302 0.9964341575651487 -0.05887533211027928 -5.52630459804566 0.7331335180311436 0.08434046072183869 0.6748347437888087 89.44638376318622
0.6717507340404969 -0.0013927929543119458 -0.7407759522580629 -51.79030147712047 -0.060922466583074944 0.9965068154123169 -0.057119347880002405 -5.59952320459915 0.738267840543991 0.08349986206329348 0.6693193323473656 90.21328564169657
0.6673579538212611 0.0006097355024354337 -0.744736859363169 -52.661679244988576 -0.06402072014501792 0.9963448631839781 -0.0565531696637187 -5.672337079628306 0.741980261774943 0.08541979764385495 0.6649577049007478 90.98378299390995
0.6654827580404248 -0.0003772997081514101 -0.7464131271593768 -53.51570883061246 -0.06516877060827343 0.996151759690269 -0.0586063392764564 -5.7464062932953635 0.7435628622304344 0.08764433416320253 0.6628972323073714 91.73471296699175
0.6624565858528387 -0.0013708503551743897 -0.74909905395048 -54.374961105103274 -0.06530192780949642 0.9960857690190079 -0.05957179686877753 -5.824437854777708 0.7462485712445712 0.08838134151004551 0.65977405859 92.48998074282572
0.6591957573697907 -0.0020138397319945725 -0.7519686814723083 -55.23429361789502 -0.06705747753385494 0.9958549217963617 -0.06145135833127751 -5.901211553560244 0.7489754656679113 0.0909335976605807 0.6563282963914013 93.2341771858696
0.6571484229989991 -0.00445727831824911 -0.7537480234268759 -56.09164494911412 -0.06679606726436099 0.9957039948449551 -0.06412363096248348 -5.982836931628428 0.7507957349026055 0.09248614663716657 0.654027581323804 93.97634478879836
0.6551103466383457 -0.004240309001342167 -0.7555213124108147 -56.94009520527282 -0.0676019701904694 0.995644330649637 -0.06420545515455417 -6.060336317075826 0.7525027623562279 0.09313638722223294 0.6519702493376802 94.7108298957255
0.6531727201966576 -0.003019239521778287 -0.7572029330262854 -57.77258602003917 -0.06871073374661443 0.9956301785226002 -0.06324067269611691 -6.1357257246609445 0.7540850301251848 0.09333505133531378 0.6501110178525924 95.42704851341198
0.6523626369059804 -0.001891527905303024 -0.7579046193890491 -58.617915586237274 -0.06844879771429666 0.9957632958953455 -0.061402122431604714 -6.212825793824365 0.7548097456051712 0.09193411048039753 0.6494692966335166 96.15264956523882
0.6505408889775476 -0.000495579962672979 -0.7594710700012233 -59.46382110111168 -0.07009663241089134 0.9956921647409347 -0.06069246409698721 -6.290494553458915 0.7562294717167235 0.09271929396847402 0.6477037275120726 96.87322554758154
0.6484633294964895 -1.6844593140351305e-05 -0.7612458932661555 -60.30727734505958 -0.07104887564898812 0.9956336692618488 -0.06054464386881909 -6.366021911810094 0.757923061772989 0.09334664615532362 0.6456307273389418 97.58745227849086
0.647248763300702 0.00014673132271300626 -0.7622788314492477 -61.15287221709405 -0.07047406374624249 0.995728659521995 -0.059647656664964896 -6.44144875589757 0.759014126841393 0.09232775897014893 0.6444944842112674 98.3033487734894
0.6457403100419741 0.00028962839680692076 -0.7635570496710034 -61.9816505547639 -0.06966225794975317 0.99585177038956 -0.05853564067575614 -6.515527422611525 0.7603726861245328 0.09098993091200228 0.6430818071352911 99.00095740999919
0.6450703909633997 0.0003046241598024732 -0.7641230908083122 -62.81807937046462 -0.06991537058513744 0.9958287551353702 -0.05862534777280157 -6.594334263097916 0.7609178875925245 0.09124142507469016 0.6424009423187905 99.70453595352167
0.6431076755244711 2.779036463887441e-05 -0.7657757615054209 -63.647388802033376 -0.06958541336639822 0.9958649583805289 -0.0584025249143809 -6.670253856105097 0.7626076238329506 0.09084593495277059 0.6404503323243871 100.39838018040636
0.6430399094707269 3.188493450246438e-05 -0.765832666978388 -64.44997024077315 -0.06813821259363811 0.9960364447225047 -0.05717153810330179 -6.743721963109008 0.7627954239587597 0.08894604975997565 0.6404933578263496 101.06749528163098
0.6429632642957245 0.0004051827880911796 -0.7658969098991681 -65.25712685956859 -0.06742821798259306 0.996146903087702 -0.05607836381771629 -6.815224407979529 0.7629231128926939 0.08769939164947767 0.6405131852807038 101.73534393192736
0.6415632835402151 -0.001418557270944594 -0.7670687980281604 -66.06510299858367 -0.06591738084899107 0.9961971739021988 -0.05697446455458431 -6.886411285977464 0.764232590325162 0.08711589065458476 0.6390300223622923 102.41231070785717
0.6408329879570813 -0.002099559162733286 -0.7676774540113326 -66.85525248553621 -0.06492823403610032 0.9962649716093143 -0.05692478167938782 -6.955187495252886 0.7649296738726724 0.08632321933069205 0.638303137884683 103.06611948874163
0.6399425170724509 -0.0032105227854703385 -0.7684160769963239 -67.65664023454347 -0.06476004631852604 0.9962083711540578 -0.05809490204313622 -7.028889683542974 0.7656890434398279 0.08694005858074405 0.6373081789606803 103.72726478221998
0.6399828681866193 -0.003280308066326877 -0.7683821757476019 -68.44556805188519 -0.06623236143817973 0.996033587958336 -0.059416882762111385 -7.099688285585462 0.765529361112917 0.08891755303557425 0.6372271698823075 104.37519608119933
0.6412433549695141 -0.002222088274282781 -0.7673343612996508 -69.24836457346572 -0.06781046727648812 0.9959193444986039 -0.05955165641034381 -7.174697500481578 0.7643354631542265 0.09022040554759551 0.6384759809011152 105.03810871360568
0.6441800574047416 -0.0006070694134424764 -0.7648736399620208 -70.01903242758924 -0.07101863353553538 0.9956323109034818 -0.060602435394444584 -7.244796373963196 0.7615696995894528 0.09335916104871424 0.6413233659516165 105.67817056989485
0.6468295969156113 -0.0006135508082664998 -0.7626343134880528 -70.76654236745037 -0.07293941109264297 0.9953657649995662 -0.06266447299935354 -7.309708693624252 0.759138534698013 0.0961593335159617 0.6437872845236381 106.3009678910116
0.6517618035458064 -1.2034657250678538e-05 -0.758423728066234 -71.52301089837229 -0.07463475342330964 0.9951451622063605 -0.06415418707082629 -7.380342656281249 0.7547424759612775 0.0984180166049074 0.648596707505825 106.94181903284861
0.6552671748057857 0.002628413640398612 -0.7553926270912226 -72.28643902609763 -0.0783527324017434 0.9948366015417737 -0.06450570174794619 -7.453326368473667 0.7513226862987865 0.10145554531196983 0.6520897126762744 107.59347238730261
0.6596538981284833 0.004654308925851863 -0.7515551024990249 -73.04358321718581 -0.08003253411983262 0.9947300170071889 -0.06408577648149436 -7.525834864479421 0.7472961448891965 0.10242329165429592 0.6565500294421169 108.24241179918768
0.6648288614985077 0.005369360191864847 -0.7469764085228717 -73.80246463803098 -0.08096862761449115 0.9946004900338863 -0.06491491790474242 -7.603101286351569 0.7425945503845447 0.10363896562337742 0.6616738611609896 108.90638772517426
0.6693106299926915 0.00714641004918605 -0.7429483221612361 -74.54122777644426 -0.08317603270629548 0.9943887089972172 -0.06536698709661933 -7.677110912868433 0.7383122836320877 0.1055463132575327 0.6661493433125302 109.56305244057472
0.676488672746721 0.006925197990498511 -0.7364204758683538 -75.26588067444239 -0.08312553240712646 0.9942835334325251 -0.06701045446021861 -7.751900529099293 0.7317466921738779 0.1065471575300142 0.6731972086356737 110.21502180157538
0.6836015773112522 0.007032710103515409 -0.7298215017976439 -75.9925816100969 -0.0854867609346463 0.9938422061874153 -0.07049597793799334 -7.828000555811838 0.7248316336932812 0.11058123796165117 0.6799933033555536 110.88333240142371
0.6902858325437646 0.008352520057696239 -0.723488565768698 -76.69752248809642 -0.08811545683395608 0.9934609047169636 -0.07260232135335377 -7.900470877707986 0.7181511927556099 0.11386687932686225 0.6865079738328295 111.5373669714987
0.697650284281175 0.01084264180644081 -0.7163564182451729 -77.4148603412415 -0.09116293548733259 0.99310125781714 -0.07375100619887959 -7.979932206870431 0.7106148042615832 0.11675756438309237 0.693825821891633 112.21605362144054
0.7050257289740518 0.01300081650994471 -0.7090625503118055 -78.09664937338549 -0.09268642952852052 0.9929452135163 -0.07395288186625432 -8.054363326928756 0.7030988175682431 0.11785916054827608 0.7012569222538871 112.88159659179409
0.7150314804810373 0.0156951958015005 -0.698916048427741 -78.77089600641575 -0.09404852949486782 0.9928194372229019 -0.0739218450273894 -8.132142942809226 0.6927372200343713 0.11858847288481693 0.7113732621331069 113.55076222773172
0.7234820460600392 0.01548512080686823 -0.6901695009650717 -79.4318386866737 -0.0935745286769216 0.9927212498060201 -0.0758177272573217 -8.211425740168188 0.6839718829101613 0.11943505020374187 0.7196650138579465 114.23075808204214
