1.0 0.0 0.0 0.0 0.0 1.0 0.0 0.0 0.0 0.0 1.0 0.0
0.9998778155065172 -0.002210920660273957 0.015474685384500695 0.013405262492597103 0.00221535803136904 0.9999975097453956 -0.00026961416971167413 0.006861412897706032 -0.015474050753056046 0.00030386319559037476 0.9998802235370247 0.22152885794639587
0.9992760647123989 -0.002661777511887275 0.03795077645291054 0.033860654834016096 0.002672668643643021 0.9999964005076344 -0.000236250071760873 0.011093037002671068 -0.037950011004252236 0.00033750889222482693 0.9992795818751251 0.4387634697463677
0.9980239511378903 -0.0046238365409819815 0.06266428879957385 0.06646422343242919 0.004596441767543623 0.9999892673380615 0.0005813189870378281 0.018287921213145545 -0.06266630416892079 -0.000292137517943192 0.9980344928796194 0.678357418549619
0.9959084189871678 -0.007744439618763351 0.09003579646713633 0.10625671119439506 0.007721065978476156 0.9999700073492942 0.0006078996701176754 0.024830794299670174 -0.09003780389723134 8.975992557769513e-05 0.9959383443830847 0.9497757384404126
0.9924215467023885 -0.013018645506175793 0.1221883321353702 0.17418700847540447 0.012978208485744819 0.9999151445644753 0.0011268429815372851 0.0347026365243358 -0.12219263376054856 0.0004674823943503046 0.9925062930354001 1.2476039177180986
0.9877421478669401 -0.01882129647213702 0.1549555036980347 0.2613297516093541 0.018855108361603815 0.9998214431850564 0.0012516533159696562 0.04087663311257882 -0.1549513930749766 0.0016853920787526986 0.9879206573595195 1.5883419871999536
0.9810684159516001 -0.023231336556222656 0.19226301834734041 0.36774625400473177 0.023161875827867495 0.9997283230552839 0.0026091357198268347 0.04570090528007909 -0.19227139862796208 0.001893431509598858 0.9813399636144274 1.9461749250856957
0.9723638016632116 -0.027862905366156477 0.2318022772097445 0.48519774536640503 0.027503679043106948 0.9996102644036423 0.004781938725451285 0.0523887133122381 -0.2318451743171731 0.0017256313154377734 0.9727511692834929 2.3250937742133706
0.9614072808183274 -0.031810294081168665 0.2732840016905118 0.6141158374031656 0.03046623545750972 0.9994938082512844 0.009161646380019914 0.06593493611017442 -0.2734371022494162 -0.00048213879176039944 0.9618897642950714 2.6967916092548383
0.9491799076366565 -0.03867391816561755 0.3123488930548457 0.7599025964033239 0.03627510880918362 0.9992507982233587 0.013489207940518583 0.07432392250342125 -0.3126365612332477 -0.0014731950650804949 0.9498716809530381 3.0553410537976005
0.935171901424444 -0.04501363447189767 0.35132219898238765 0.9239493864771648 0.04171028645996987 0.9989856332286678 0.016969284196593257 0.07655475200551318 -0.35172967857378373 -0.0012154482086379672 0.9361008257105827 3.399689177763794
0.9177134871273417 -0.04871790901779348 0.3942442401424636 1.118631534969943 0.043678025858227984 0.9988088108021254 0.02175291983095769 0.08466505656310123 -0.39483437743147753 -0.002743137797869718 0.9187482188245697 3.7841581133476465
0.8990432009401015 -0.05314787760288121 0.434622394671151 1.320646363098757 0.046403260123871776 0.9985811390370052 0.026123671438636642 0.0998763276561807 -0.43539414361386725 -0.0033184131549139073 0.9002338184276797 4.134697696782752
0.8781149273620671 -0.059767934990394976 0.47470197839370337 1.5561280590750257 0.05141576216897894 0.9982093232395302 0.030570678734084325 0.11566858439508824 -0.4756790869320356 -0.0024374053137551106 0.8796155212994151 4.499786034038879
0.8541126313589135 -0.06658766414583375 0.5158078091079612 1.8001975742283556 0.05704591568020893 0.997780574618327 0.03434659253154526 0.13315219596103176 -0.516950071532406 8.887026023552194e-05 0.8560155463802731 4.8338456970835715
0.8305251644242757 -0.07214591215397284 0.5522888000109192 2.0392586079886326 0.06156175507008688 0.9973904947365312 0.03771407326063208 0.15070530728541456 -0.5535685156967658 0.002677380938328762 0.8327993336095981 5.123312156751374
0.8020787015599713 -0.07700342505277163 0.5922332555961484 2.331330195082608 0.06553319269680116 0.9970126430565561 0.04088019374151989 0.1715195602337479 -0.5936119584028227 0.006021803344717941 0.8047288864739746 5.443294353717973
0.7700749924926467 -0.08215300831280206 0.6326415961368707 2.634847225339507 0.069436754445761 0.9965757853663637 0.04489143741800794 0.19180291277196854 -0.6341632621569068 0.009358805830473608 0.7731425286995524 5.769806362958633
0.7371659883496182 -0.08525305032606775 0.6703120340786307 2.959751181460663 0.07041402964031496 0.9962999890973349 0.049276730354835166 0.2197305763861579 -0.672032863817197 0.010874241801212804 0.7404414769682378 6.09074534604231
0.7043298123304179 -0.08854629102925629 0.7043288080204875 3.2955325448041797 0.07216762752622147 0.9959809929799837 0.0530442754672211 0.24768128201081618 -0.7061949794496098 0.013469074488179258 0.7078892816200829 6.39460074481956
0.6727999750760718 -0.0922326419020256 0.7340526774730884 3.659766624370117 0.07484940397826548 0.9955934451243538 0.05649122719076645 0.273470642417786 -0.7360283691962801 0.016936109151546242 0.6767388033392732 6.69361900200134
0.6388444876062047 -0.09712126243774472 0.7631809621824069 4.071316410602336 0.07776330424801156 0.9950708837430966 0.06153702007055662 0.3033327436398066 -0.7653957075706638 0.02003488730269324 0.6432480191366091 7.003781235560832
0.6048055846741777 -0.09942465972962508 0.7901423553920993 4.47587218551097 0.0790558994255448 0.994770895236827 0.06466089046510227 0.33955363012390105 -0.792439505270241 0.023358146916441735 0.6095030988105685 7.28431558489132
0.5739892540927385 -0.10191231448254703 0.8124962869717449 4.892874044171429 0.08172189069586447 0.9944008422573678 0.06699624988706925 0.3778074442307036 -0.8147747349833294 0.027943605255011075 0.5791038647412028 7.55346168289251
0.5429770962313841 -0.10275091074710842 0.8334375341372466 5.380112848248011 0.08389246193483836 0.9941580614855859 0.06791026147596427 0.42443772017248504 -0.8355464845229414 0.033045410027141404 0.548425084289087 7.850862947126724
0.5145928576678688 -0.10424309058584623 0.8510743615585702 5.905391421449416 0.08929270633185347 0.993700385123961 0.06772264909485767 0.4660974013399051 -0.852772539094189 0.04114514150665797 0.5206592685214075 8.15105666296179
0.4907923426018895 -0.10480250489335871 0.8649504676057626 6.460349998667357 0.09206359204556247 0.9934196732221534 0.06812964020790209 0.5177703628578463 -0.8663989678335368 0.04619294127101526 0.49721126366335944 8.458148242584645
0.4682986327219923 -0.1053552384468638 0.8772665868038729 7.055456483450125 0.09578330152914684 0.9930677843758657 0.06813174577967 0.5695094622585578 -0.8783632219867183 0.05212148661169899 0.47514355819530735 8.768365581452155
0.4522898385667082 -0.10704069120925083 0.8854243007478094 7.688557999101023 0.10035073565534089 0.9925751536415649 0.06873350148840204 0.6269356212062077 -0.8862074428612826 0.0577655156548445 0.45967326811377335 9.088232874146382
0.43984221134875656 -0.10969987493826923 0.8913499686174696 8.350334452526292 0.10506568873534182 0.9919816628667253 0.07023945890121185 0.6788278070934672 -0.8919080839225554 0.06275601942997062 0.44784110112728726 9.404723275001587
0.4312091411127468 -0.11189441799155614 0.8952867227001295 9.009743271420549 0.10733716469645566 0.9915952466349591 0.07223295595419744 0.7265443108534795 -0.8958445231711436 0.06495002750796948 0.4395953642055166 9.72164550629848
0.4239522731907454 -0.11477683222409056 0.8983822954850583 9.670713589866644 0.11031641898698379 0.9910956926094759 0.07456283117500088 0.7740319906443996 -0.8989409089357808 0.06749523594703856 0.432839040944975 10.033546133193216
0.4152729214724814 -0.11656517794870916 0.9021978496879142 10.392775966690314 0.11209352198386044 0.9907554409691692 0.07641137689664454 0.820745046529868 -0.9027643341542488 0.06939895878017938 0.42450010777296965 10.365766111784524
0.4039256500307774 -0.1186464565449073 0.9070650955673203 11.138295797843952 0.11398591891812818 0.9903538022141547 0.07878170300493213 0.8731076254586055 -0.9076625361529496 0.07157069784000188 0.41355332869545536 10.697277102698653
0.3913178693747168 -0.12065250086394688 0.9123120623686324 11.852872656285404 0.1156424857305931 0.98995663069593 0.08131841633487275 0.930028194624692 -0.9129606457028044 0.07368068523322396 0.401340274606824 11.004630795772602
0.37931205612074914 -0.12285358311179378 0.9170765296299123 12.619792444032337 0.1178044457765301 0.9894921615252661 0.08382943895399447 0.996434726745121 -0.9177387845333412 0.07623817545462694 0.3897990045736588 11.324337328284113
0.3683363760644355 -0.12563771833458287 0.9211641969808634 13.40945982454051 0.11951854963766849 0.9890040183984994 0.08709975823232294 1.0637215654258012 -0.9219781073107035 0.07801419949791805 0.3793021939252027 11.649806111769058
0.3596917481188512 -0.12837778927033675 0.9241974840678081 14.186964537287986 0.1201518178064709 0.9886160830391286 0.09056368496352106 1.1303317004534323 -0.9253028623175258 0.07846899756230023 0.3710218718735624 11.962947056183584
0.3489978238009287 -0.13255646102815483 0.9277010852758055 15.003888474407827 0.12259244149276564 0.9878961161035579 0.09503871356636034 1.196403694719518 -0.929070294580049 0.08056083680794981 0.36102401485461344 12.278300927531609
0.33655788122636504 -0.13654494908297557 0.9317103999979542 15.831144843259256 0.12571844953570063 0.9870889965933093 0.09924809444394181 1.2665548347588946 -0.9332329098519617 0.08373045852222305 0.34937880056594567 12.581465508064037
0.3187725179834489 -0.13825872761465177 0.9376932366274534 16.644540907683766 0.12893902627840256 0.9864328472306372 0.10161183694253385 1.3403549744121084 -0.9390201325215924 0.08851419175949242 0.332274628246417 12.851236892270549
0.30387568411169164 -0.1388541393510735 0.9425386446139618 17.47063008181476 0.13082077474760895 0.9860321755932749 0.10308478835031133 1.4201588221294175 -0.9436871798960113 0.09197867513649995 0.317796208001366 13.116921861233633
0.2890585241484023 -0.139072445950611 0.9471557550870194 18.287480519503898 0.13251826099992423 0.9856791058521303 0.10428619653674716 1.5029612023182695 -0.948094974208124 0.0953706195002396 0.3033485863119144 13.373885996956814
0.2705273362264508 -0.1384486857106616 0.9527050549772533 19.156844208082706 0.13293761816260535 0.9854971415104454 0.10546550977449717 1.5924972542351288 -0.953489669598719 0.09811903739709063 0.2850089550677209 13.629593831897711
0.24878453662202 -0.13790120490945246 0.9586915625070912 19.9810169652055 0.13238449866129004 0.9853644563354922 0.10738357744487084 1.678523864544359 -0.9594689150003587 0.1002005283178731 0.2633994215499598 13.854202836948222
0.22369593709644936 -0.13851229473934645 0.9647665375273861 20.77526738773708 0.13167428903906797 0.9850704629487745 0.11089663940779562 1.7603041082929143 -0.9657235677628443 0.102227820244428 0.23859476824833264 14.05476629824899
0.19009632394573384 -0.13894946442478182 0.971882932229178 21.61341650391183 0.12954014543311856 0.9848287631603447 0.11546279908798429 1.8517561985010367 -0.973181760178172 0.10394880272582277 0.20521186142224546 14.237529603615615
0.15814512627878474 -0.13979644323745996 0.9774697302179864 22.453826151183897 0.12801079075653157 0.9844756103454998 0.12008751011134863 1.9490992969042384 -0.9790829160414123 0.10613541865471393 0.17358547296025062 14.393766181305962
0.12576883079387569 -0.13970537092800836 0.9821734116410449 23.307065338099697 0.12795964891188008 0.9840491074771025 0.12358674008107265 2.0505237200494877 -0.9837726004779205 0.11013520512254846 0.14163935590620402 14.518015160214121
0.09244362102879622 -0.1389415412035648 0.9859763815929175 24.144209338489386 0.1266029001556984 0.9838199474777227 0.12676756926397648 2.1566968020028434 -0.9876365134011857 0.11310861626290421 0.10853828045367453 14.61712793497262
0.06124375179458241 -0.13715338112125725 0.988654718753282 24.949760845179842 0.12414096315476898 0.9838697662989597 0.12879947294083527 2.262606306466445 -0.9903727702906265 0.11484438606147811 0.07728222859773326 14.684592671240763
0.03208064723366455 -0.13377170098921276 0.9904927885085899 25.79989095103348 0.12463132188747218 0.9838035571991647 0.12883165157231893 2.377057504955896 -0.9916843578869492 0.11931342278521201 0.048233198791151954 14.718633011621339
0.006409292961444046 -0.13068721750095372 0.9914029312774867 26.653583749461347 0.12901541858037688 0.9832452891880328 0.12877780499011404 2.492965866752563 -0.9916218748758342 0.12708088948146418 0.02316257318035614 14.72527996956494
-0.022699631128642372 -0.126292165157688 0.9917333390415023 27.499439962075062 0.13219257836876944 0.9828996306199878 0.1281929730964555 2.6076136293335006 -0.9909641007477722 0.13400972034473868 -0.00561657211158334 14.710877896897218
-0.04954981977871009 -0.12401627504224363 0.9910422689696661 28.341316837407366 0.13401687425810352 0.982462281981291 0.12964313286172233 2.7194603136159086 -0.989739507534172 0.13924018101381905 -0.03206055547325848 14.680632932531816
-0.07506095670075524 -0.12126020527167493 0.989778669903852 29.189951869664448 0.13798967014110072 0.9817663008242281 0.1307431891161508 2.833028954314202 -0.9875852893363273 0.14639294102989603 -0.05695966206974751 14.625100853545602
-0.10239460008742557 -0.11454695481056636 0.9881266826761448 30.07318885805996 0.14033359262579229 0.9817498724567162 0.12834979825445644 2.9562092515445344 -0.9847953232289817 0.15180969361291644 -0.0844510998831755 14.543290732981324
-0.1252400662490527 -0.1031731658888544 0.9867472947246445 30.950686584636472 0.1434196960625183 0.9822487190899272 0.12090593297077214 3.0742849291742305 -0.9817055141880728 0.15666126415508366 -0.10821983055828222 14.437094792648733
-0.1490265112581179 -0.09012944825937257 0.9847171073454019 31.808063090905172 0.14526084793889543 0.9830383308271169 0.11195948455003446 3.1848468334930176 -0.9781055081116289 0.15972577337767813 -0.13340649279774736 14.32013450840363
-0.1744838998853519 -0.07907714101775651 0.9814795843262644 32.70516308134137 0.14486644491475942 0.9838617296249181 0.10502290282230868 3.292426574291554 -0.9739451123233577 0.16050826379947847 -0.16021240723963776 14.174195272465926
-0.19826582494093792 -0.07081896869548429 0.9775864853471519 33.58011077220318 0.1494800385977832 0.9835344623295152 0.10156613348452517 3.3951020035531965 -0.9686828070742737 0.1662667588037343 -0.18441524935754705 14.00566188308548
-0.22244735882941924 -0.06588301740852937 0.9727160945347636 34.46743546242989 0.152529026827723 0.9830765596835366 0.10146612132022133 3.4899317242019787 -0.9629392860013571 0.17093830997739956 -0.20863371169891776 13.809560130748215
-0.24623946263811658 -0.06540963120060514 0.9669993315333224 35.30704886196223 0.15532849142094257 0.9821606316292586 0.10598845894959505 3.578904711160686 -0.9566813402552522 0.17630108854972124 -0.2316867268179117 13.6023061677452
-0.26853534168308846 -0.0679535554571844 0.9608699623611275 36.10602651583595 0.15783120211763962 0.9809237319712758 0.11348102790178614 3.6693606771662757 -0.9502515887412387 0.18212892784034207 -0.25268749818398173 13.391310164904278
-0.2876848853488845 -0.06912527810441076 0.9552272518457519 36.945580742026316 0.16330841832024645 0.9792441717056075 0.12004671043530721 3.769313886521543 -0.9436989812686771 0.1905322757634175 -0.2704250074325125 13.13848893936204
-0.3048983380103078 -0.06862419331408443 0.9499093238675697 37.747556499697666 0.16532402986208483 0.9784445398512005 0.12375074781807666 3.8652062956906352 -0.9379258865329992 0.19477423476261918 -0.28698088585117215 12.886356794377665
-0.31700763270688387 -0.06569568079177496 0.946144935161037 38.56388440130149 0.16925106321353942 0.9776660227924789 0.12459223682968001 3.968683121202932 -0.9331989275640346 0.1996327262811431 -0.2988085276408528 12.616868956708425
-0.328315726053039 -0.06264195629890974 0.9424886043540854 39.396479103293245 0.17108431317640077 0.9773514669111165 0.12455628411143468 4.074207733759188 -0.9289450693185393 0.2021388024050175 -0.3101628003985007 12.33474025819011
-0.33775564615976533 -0.06120099198368322 0.9392420146412812 40.23798135054332 0.1693260523137144 0.9776527819034431 0.12459424563081684 4.179321527689451 -0.9258778599227075 0.2011205524472131 -0.31984482470140924 12.048585863713194
-0.3500360398872552 -0.06183981592980449 0.9346927880035324 41.06966801862596 0.16983347909310942 0.9770923358838948 0.1282464679283015 4.285718352810043 -0.921211897534535 0.20363301383302854 -0.33151506077115 11.743809390207838
-0.3608223473210916 -0.05971125603738047 0.9307211180456454 41.890928723457534 0.17209481189021864 0.9765485143364219 0.12936914186852144 4.389172594396164 -0.916619119042456 0.20685155317223453 -0.34208452984031074 11.431756117614468
-0.3706410910681017 -0.05668775171864149 0.9270445946214955 42.67485851463634 0.17610284157727535 0.97574013244335 0.1300729915387626 4.491163794022994 -0.9119281609865199 0.21146558288411757 -0.35166651312745745 11.120795503789482
-0.37850711997708675 -0.05278966075296168 0.9240917767431103 43.49944937006573 0.17883454578803776 0.975389563272383 0.12897055901288512 4.6098766364371775 -0.9081577865984729 0.21407580801411702 -0.3597512794468777 10.79132156661795
-0.38150613331919425 -0.04945952490923991 0.9230421581030791 44.29899001600233 0.18238395132704266 0.9749097820866331 0.12762057471320465 4.720732544558009 -0.9061948822070075 0.2170361080270884 -0.3629134377152241 10.464254612313374
-0.3819467017513671 -0.0471940723483216 0.9229785677665726 45.11045162633303 0.1873914888270762 0.973995211519632 0.1273489609380431 4.830440026198764 -0.9049868214158835 0.22159884357100973 -0.36317049108038385 10.134030529279402
-0.3790297934374862 -0.0457439611523406 0.9242531610467071 45.978998010173314 0.1910821936318201 0.9733837726060302 0.1265370558536281 4.94447079333859 -0.9054413349099921 0.22456963562633694 -0.3602005938238666 9.791774058287267
-0.3727697860494884 -0.04471544908982503 0.9268458422096492 46.81106564485744 0.19473583242335524 0.9728253556683726 0.12525487191757137 5.053854219484094 -0.9072599639458371 0.22718132841719094 -0.3539321994953254 9.468298056815303
-0.36541729134141093 -0.04473666453579077 0.92976816144398 47.63488177357738 0.19785020805195935 0.9722883738730657 0.12454161234329089 5.1610627082760585 -0.9095743501014654 0.22946448282355655 -0.3464398255974837 9.159443653189424
-0.35774952725306913 -0.04316140378420984 0.9328195800762237 48.50283240288942 0.20114552161203814 0.9719202422148603 0.12211274261283557 5.274805562804734 -0.9118967896015574 0.23131825694567199 -0.33902228410237206 8.840301921102725
-0.352921527062303 -0.04184689869415595 0.9347166591035452 49.38308437216975 0.20321131274447732 0.9717251771797109 0.12023037223483038 5.387797832525618 -0.9133189793870915 0.23237688590894898 -0.33443897019722596 8.526670881817182
-0.35139776792751115 -0.04148829545027266 0.9353065433515336 50.317394155993746 0.2039265558922918 0.9716388658054822 0.11971580621682629 5.504041694611097 -0.9137469937009212 0.23280170917943796 -0.3329711634746489 8.198810487473295
-0.352327374204414 -0.0409474588345797 0.9349806024732346 51.20720977545166 0.2056696705693683 0.9712317121810081 0.12003727696775976 5.61095277194014 -0.9129980328533627 0.2345895711001185 -0.33376986852763096 7.878420113983472
-0.35401134547191965 -0.0402093246009043 0.9343763575199772 52.10364169543181 0.20771863753889513 0.9707415191213491 0.1204735268553248 5.720387105518311 -0.911882083877157 0.23673637926840618 -0.3353012851671449 7.554517306381736
-0.354872993111959 -0.03940930939812308 0.9340835428871033 53.02453576587654 0.21011747541955839 0.9701895562979053 0.12075956017552106 5.833627037767029 -0.9109971488885522 0.23912158242876577 -0.3360134871306391 7.221974373659318
-0.3554488939485785 -0.03785801517622911 0.9339287202338564 53.98580685346704 0.21358033448935504 0.9694547486047588 0.12058578327107794 5.951274113490096 -0.9099667711021913 0.24233089174638994 -0.33650589058031666 6.864720280707008
-0.3557369656028348 -0.03620022421487941 0.9338847654129926 54.929869152322574 0.21699730782510396 0.9687422931233534 0.12021039019470736 6.067790465462631 -0.9090453122371539 0.24541375935529608 -0.33676209260953976 6.517089577951711
-0.3567383400254174 -0.034409566404751735 0.9335704250327056 55.874135979532326 0.22018703534730238 0.968070725045237 0.11981961765652123 6.182342187508942 -0.9078851393325454 0.24830435568114007 -0.3377714030655916 6.16797965632354
-0.3562865536872262 -0.0335882630857921 0.9337728418863762 56.83812898587183 0.22257682934297923 0.9675353778245301 0.11972822431477988 6.2972263760673535 -0.9074797224738997 0.2504937548938567 -0.33724387623479674 5.811182695324047
-0.3565060601722728 -0.031943613183958 0.9337467722231748 57.83382225107134 0.2252356104735126 0.9670003591931986 0.119076551406434 6.417375114159277 -0.9067371994327066 0.2527645364701676 -0.3375466490249214 5.455854162020925
-0.3558015021160449 -0.030365528160958236 0.934068105542349 58.81953346250171 0.22906481451490962 0.9661513385521805 0.11866297554452415 6.53014600250718 -0.9060544143942 0.2561826022846523 -0.3368024234524559 5.0999579185998165
-0.3545944380613626 -0.029199947863246117 0.9345641484353712 59.76941109320605 0.2333567727830871 0.9651196922647013 0.11869539249335372 6.638843932477297 -0.9054321626119813 0.2601755996393058 -0.33541206934175527 4.7546886701846525
-0.35246939524923643 -0.029266923099973682 0.9353655823392787 60.775268594670365 0.2375890628092202 0.9639633974537765 0.11969129292813664 6.754797599831796 -0.9051611804789653 0.26442014972696926 -0.3328140949122996 4.3877885838693
-0.3494800679672933 -0.02861972386228981 0.9365065902061889 61.79359798272697 0.24248175589304102 0.9627172551217635 0.11990865168888054 6.871857746153466 -0.9050228064267796 0.26899144614069775 -0.32951073085793786 4.022183179440495
-0.3479984080395232 -0.02742924446098513 0.9370937757504622 62.77985076778695 0.2478106829933268 0.9613272873143729 0.12016535298982935 6.98541014386936 -0.9041498622442735 0.27403920013948535 -0.32774310578648735 3.6677912229916716
-0.3472024128750985 -0.026220321634028376 0.9374235858069274 63.77514296151451 0.2499005553600666 0.9608772792628415 0.11943436116616289 7.097303470490085 -0.9038806320109088 0.2757305730778639 -0.3270664368988551 3.3146927568925655
-0.34467704833484375 -0.023727159469684234 0.9384214161317294 64.7667584640594 0.25392861155412555 0.9600543940834059 0.11754071905232989 7.211938218308636 -0.9037245114443749 0.2788056353530985 -0.324883710133305 2.9600169924732933
-0.34521669259403825 -0.021028255446710747 0.9382874014007123 65.72021671519637 0.2564814168687747 0.959578701722203 0.11587060887954724 7.319759066685227 -0.9027971632406802 0.28065375050763003 -0.3258692289409692 2.62024435820455
-0.3455802017422486 -0.017388718357320032 0.938228094142185 66.72318757520509 0.25912713023366607 0.9591839651737883 0.11322213268771103 7.433577125738019 -0.9019021313538691 0.28224768099557307 -0.32696909950631386 2.268490333086724
-0.3484572393145036 -0.015342114703956605 0.9371991100538484 67.68954350174069 0.26041790537423937 0.95891664034416 0.11252284848670709 7.54471280558562 -0.900422160394672 0.2832728303023066 -0.3301460838518491 1.9241057019487209
-0.35223084673424016 -0.016445309601663946 0.9357686585908856 68.704601718109 0.2615912738061553 0.9582664504951848 0.11530574714138264 7.655544917290997 -0.8986119496631196 0.2854031563376005 -0.333229053768098 1.5604775338538837
-0.35661676150711014 -0.017673033822555154 0.9340835879554292 69.6763270936333 0.2665502469456861 0.9563393463730454 0.11985833484564375 7.763867676116966 -0.8954191483687264 0.2917237022497204 -0.3363358890757003 1.1951197201582895
-0.36225385422699835 -0.017206949676321442 0.9319206328762774 70.6244603965101 0.26825136697730567 0.9556030304054368 0.12191822010984557 7.87858747620481 -0.8926440215519799 0.2941543288187043 -0.34155509310318605 0.8394452393887115
-0.36683069948922964 -0.014569721411813119 0.9301736188100719 71.57349920088392 0.27050222373235944 0.9550042997872326 0.12163607336537377 7.989470716641571 -0.8900920092148291 0.29623387822104374 -0.34638375326511595 0.48085725983308336
-0.3702229757366458 -0.010803567404449016 0.9288800951511667 72.46981915586149 0.27437811443532656 0.9540478270104147 0.1204549463310686 8.09981834274985 -0.8874973794640848 0.29945955771696997 -0.3502461630572687 0.13364212995454683
-0.37401358196415285 -0.007997438858957984 0.9273887434501464 73.42755234253978 0.2775120943574781 0.9531807101844689 0.12013979864123961 8.21410684338683 -0.8849298717930536 0.30229550890466217 -0.35428314566798297 -0.23865800157762068
-0.37889049422328536 -0.005552184955830319 0.925424857365227 74.36297149477872 0.2809297734284278 0.9521041859269741 0.12073144388180732 8.330099220329531 -0.881771203764722 0.30572339194531717 -0.35918345149625597 -0.6068694873303769
-0.3819800996495634 -0.005142104529746311 0.9241562434094762 75.2809476748477 0.2848934522532103 0.9506292123580813 0.12304398187112768 8.44166116785725 -0.8791626267846909 0.31028641506269616 -0.36165648935499956 -0.9697494791025787
-0.38611139764063085 -0.009111089555542295 0.9224071642496657 76.2443964173169 0.2904144232169863 0.9479015643150026 0.1309277936754323 8.560935989056343 -0.87554408878111 0.31843305798280785 -0.3633496060052549 -1.361304778824465
-0.3872938681262472 -0.014541825297332778 0.921841632293113 77.19306674606867 0.2965594105081936 0.9447714234094794 0.13949721698965595 8.686134864799303 -0.8729581752586099 0.3274072278155269 -0.3615916639295076 -1.7480623034795293
-0.3885807702429678 -0.015407946901212555 0.9212858297888182 78.13599805196748 0.29925359406803625 0.9435482842449678 0.14199972442135395 8.814025984847483 -0.871465588210312 0.3308764580181958 -0.36203383556594293 -2.1271419830674687
-0.38981665058507037 -0.011089033492580919 0.9208257230675287 79.05681906688338 0.3002601248403207 0.9437523112491422 0.13847538569282586 8.941372959172613 -0.8705669625924888 0.33046725760368795 -0.3645607703722186 -2.494689982477741
-0.38964267233054845 -0.00563554558223503 0.9209488740017545 79.94794976088424 0.30231936825520356 0.9437859056592981 0.13368307243863364 9.06550669835302 -0.8699319441639578 0.330509311373899 -0.36603552780880105 -2.851766387074115
-0.3892841490011392 -0.0012818903017040861 0.9211168265175237 80.88330517911957 0.30932319629753746 0.9417458767289764 0.1320373579569324 9.194046593543751 -0.8676272307671852 0.3363228514704679 -0.3662102237923453 -3.2429448757307555
-0.3892135282541796 -0.00015797806164641326 0.921147547609429 81.80537432389595 0.3148312267010795 0.9397566051310331 0.13318716832521565 9.316097201656794 -0.8656755328169018 0.341844260088608 -0.36571624755627924 -3.6265079861626375
-0.3883897689950337 -0.0009007414729577112 0.9214947509371842 82.69991821430678 0.3182014277831061 0.938357168689822 0.1350321270113656 9.436436632930933 -0.8648128344889299 0.3456660420597021 -0.36416170675951526 -3.9922315785179774
-0.3865935926105101 -0.003345937112437497 0.9222441102318513 83.62174915261849 0.3201897966639766 0.9373041955657772 0.1376202713522724 9.560648452738208 -0.8648837426294824 0.3484962692477947 -0.36128446140899595 -4.354004840575124
-0.38390908704887694 -0.006205140150344651 0.9233500469036715 84.53668938475758 0.322174783047638 0.9362343346994189 0.14024507013846818 9.682673027546548 -0.8653422571731402 0.3513214578781818 -0.357429729016549 -4.710245258797667
-0.38160703275021224 -0.007022231669271239 0.924297982697118 85.4308067416394 0.32171766737424806 0.9364372576460362 0.13993929037852193 9.805919829430787 -0.866529754281324 0.35076480831855794 -0.35509186725465025 -5.047817703858778
-0.38014138577459416 -0.007223683256173369 0.924900181220431 86.33743042640948 0.32181529463016734 0.9364569458268595 0.13958260906978837 9.926598129619345 -0.867137499456384 0.35070815076477085 -0.35366134934946586 -5.3894786177735226
-0.3787457424381611 -0.005786502219010142 0.9254826735153043 87.23574801120995 0.3272956187509062 0.9345252656805976 0.13978592830134898 10.049848005986256 -0.8656958129339818 0.35584974946833636 -0.3520535687532434 -5.74116926211174
-0.3761037982188733 -0.0030397715521181257 0.9265725512631205 88.17289857827315 0.33306220911676476 0.932714180753623 0.13825274637184756 10.179442688650196 -0.8646476148255992 0.36060368385529407 -0.3497849130056836 -6.101954099329234
-0.3711049790897779 0.0006921275235078628 0.9285906608696141 89.08050567043318 0.3374728013160445 0.9317238733752562 0.1341742604023255 10.30198070738046 -0.8650972216269551 0.3631668277005771 -0.34600094276059756 -6.449294596898805
-0.36483548820857176 0.0026747599731331284 0.9310681565829109 89.9597816592882 0.3432285425422872 0.9299555538917907 0.13182122503645075 10.41585673891125 -0.8654994131297322 0.36766222738391185 -0.34019884248361304 -6.776683301243039
-0.35496848505098755 0.0028892233201610884 0.9348738027184276 90.90563563594475 0.3506657953317298 0.9273944591972904 0.13028053206266407 10.530707772831693 -0.8666203751383719 0.3740737486629765 -0.3302089580193972 -7.125866292386418
-0.3455650253093089 0.005133029714842252 0.9383807677531137 91.84295376258818 0.35480593618138223 0.9264661048981273 0.1255918155189462 10.644327807068214 -0.8687333082905417 0.37634320570569446 -0.3219755124007596 -7.450640472348828
-0.3340045110445412 0.004993501558325536 0.9425582483560813 92.76080271609852 0.3581881608572389 0.9256411308212847 0.12202351557631164 10.75035811327018 -0.8718613582580697 0.3783696101354873 -0.31095692644209383 -7.760369555868339
-0.32024178953344096 0.004191854101552678 0.9473265670272373 93.64882914554852 0.3647486524610484 0.923442407495513 0.11921636031493499 10.852106915057394 -0.874301788151133 0.383714149332654 -0.2972538222422868 -8.050251844901725
-0.3061675864324234 0.003277800541899578 0.9519719875299651 94.49975072498854 0.3695140176167936 0.9219982077570767 0.11566631176550154 10.946823838026022 -0.8773373352381856 0.3871802692756253 -0.2834971592111882 -8.307330685299977
-0.29250266119724894 0.0030991329124878397 0.9562596867837306 95.41113134932827 0.37486399164794026 0.9203283301091614 0.11168147816113352 11.041100825903193 -0.8797267649436958 0.39113445280833237 -0.2703602390663726 -8.568864468428078
-0.28107311652231715 0.004476262926394525 0.9596759172963788 96.33262048673853 0.3806857567668142 0.9184682033453514 0.10721247146876436 11.131101419925002 -0.8809519043417241 0.39546949631264416 -0.25986076988055296 -8.833052721881895
-0.2687931098076836 0.007606119615526402 0.9631679038798525 97.20247774832507 0.38445567538550796 0.9177064333498492 0.1000436697256338 11.213895836428614 -0.8831444376679204 0.3971864160978986 -0.24959738196447384 -9.063350665358524
-0.2533107645466517 0.013439487747853474 0.9672915986060594 98.12650920536747 0.3887901456757879 0.9170103796651266 0.08907404903685501 11.294970668932546 -0.8858193264939472 0.3986368569958073 -0.2375137407694845 -9.294336199188198
-0.2381284187623936 0.017635771070110356 0.9710735480675422 99.0469591534432 0.3906554642009029 0.9171286624496275 0.07914117009076058 11.367418206582096 -0.8892036687214576 0.3982009493862618 -0.22528390852473362 -9.512074327366703
-0.2245709059290258 0.016671686989550183 0.9743151251331057 99.93564806439993 0.39287167734954487 0.9165403875632061 0.07487030854780455 11.42663000991246 -0.89175094804927 0.39959451049584105 -0.21237813878744066 -9.710244449078807
-0.21027703698257982 0.013941626378967287 0.9775424281184609 100.85937318586915 0.3963097151496634 0.9152739376316591 0.07219576698277311 11.480523500255057 -0.8937125809765799 0.4025906731981598 -0.1979862936115354 -9.90392754774842
-0.19791077507448757 0.014874239094517183 0.9801071788946221 101.75716704325555 0.39747860157112447 0.9152078655300759 0.06637261607730949 11.529705132476753 -0.8960145570259888 0.40270748674843604 -0.1870416897760479 -10.07451259803713
-0.19073004168775554 0.01952541212814221 0.9814483223680263 102.66780312979704 0.3976001988065576 0.9156566137202939 0.05905122910888663 11.577036952632573 -0.8975166478159461 0.4014868914815408 -0.18240653185046996 -10.245453036103866
-0.18578511859546654 0.024879612788847538 0.9822753659620838 103.58663704787654 0.3971785443514705 0.9162718975462028 0.051913521108936156 11.617105768009443 -0.8987397251792733 0.3997834596810603 -0.18011133154281722 -10.40920506054921
-0.18241726193816815 0.028405858035660897 0.9828107904252169 104.46055604281653 0.3988949726424652 0.9157619201088396 0.04757001659804269 11.651266779162885 -0.898669429405245 0.4007158755375546 -0.17838173601751467 -10.56659991626059
-0.17910234763968458 0.0274911080438712 0.9834462812215389 105.37227961297407 0.39845028269719474 0.9159870100840133 0.0469592331269979 11.681384481383946 -0.8995330573628072 0.4002649576666315 -0.17500926368524172 -10.72670566987598
-0.17508559939874607 0.027666504478749104 0.98416441584377 106.29402944058275 0.4003638132525488 0.9152260988573673 0.045497307702794226 11.710780466427176 -0.899474207479603 0.4019897417848518 -0.17131957733629893 -10.889608400471682
-0.17041593444347386 0.02651260427809085 0.985015477595226 107.19103655065749 0.40186829107721656 0.9145955514615309 0.044909396271336666 11.736653462076566 -0.8997001088776388 0.4034997633966738 -0.16651623051340397 -11.043098673821516
-0.16493110382938442 0.02378122482487785 0.9860183488837565 108.08464725432417 0.4051298020664873 0.9131141289822329 0.04574309708127364 11.764239334194354 -0.8992594589256148 0.4070098780113901 -0.16023540412144804 -11.190816070095753
-0.15885897412481476 0.022014385815642273 0.9870558206895755 108.96039172976893 0.40858178063400896 0.9115905524878335 0.04542678889013782 11.791406851864053 -0.8987907180617488 0.41050947788338166 -0.1538090169462094 -11.335653653452292
-0.15546726613953982 0.022835178219522273 0.9875770773943574 109.86852247527975 0.40994926726603753 0.9110719101317373 0.04346921711909804 11.817414802618849 -0.8987611069840177 0.41161453959328376 -0.15100312370369223 -11.478873532551772
-0.1519679584967613 0.02556171782155034 0.9880548254891213 110.77425365436001 0.4087011855637356 0.9118229782259415 0.03927081992995843 11.845147913323268 -0.8999272640103329 0.4097870849126235 -0.14901498089014648 -11.616776161017764
-0.14655644447128924 0.027621809352128573 0.9888165877613748 111.64053975238825 0.41230103318396716 0.9103487648962686 0.03567890535416937 11.865845112737194 -0.8991824434559248 0.41291907427479446 -0.14480597874631984 -11.749131233852495
-0.14192714028905085 0.030678609101528365 0.9894015917679576 112.55019129082527 0.4137991684404615 0.9098352130776919 0.031146962000393796 11.883436278323307 -0.8992368625936967 0.41383415517265737 -0.14182509286151845 -11.88446872169584
-0.13721483736748208 0.029761654865565174 0.9900941027528034 113.4684540285151 0.4156271857360815 0.9090310307535413 0.030275858439679004 11.89818515902843 -0.8991252031187429 0.41566432253299973 -0.13710229790146522 -12.01526073803245
-0.13197507276062953 0.02837262774511745 0.9908468974390863 114.38011252559502 0.4191776312947183 0.9074134561684835 0.029848500574013365 11.91340557944541 -0.8982609273434838 0.41928011347928806 -0.13164912779361498 -12.136639998020406
-0.12595190230092274 0.02648331138463994 0.9916827882568514 115.26109886838869 0.4211636262721214 0.9065118513797483 0.029282472801626325 11.923934805899021 -0.8981967035188315 0.4213489023673437 -0.12533069959805937 -12.247149271361472
-0.1215616046869677 0.02817494410509694 0.9921839289116732 116.10869367457302 0.4213722622005316 0.9065183068036227 0.025883896111283777 11.932368640841869 -0.8987036179486183 0.42122527459136155 -0.1220699599880995 -12.351582410642449
-0.11692499403618078 0.030102067497583068 0.9926844469931068 117.00900471322433 0.4250335475936743 0.9048948379930934 0.022623341782084416 11.940131398738465 -0.8975940224787456 0.42456942624949356 -0.11859921207411511 -12.462054747750233
-0.11151519229178825 0.031566222182346615 0.9932612624608194 117.90606553889783 0.42962567578992644 0.9027955608431992 0.0195436440783939 11.952080952501861 -0.896094939495908 0.42890995434816925 -0.11423708010482775 -12.570663898226831
-0.10564438213283839 0.031094436252821878 0.9939177031112235 118.82266127316738 0.43188407561513203 0.9017555443005318 0.017694167211672107 11.954508762960977 -0.8957206092045856 0.4311265178081382 -0.1086945991703146 -12.67489649592312
-0.09871477123460443 0.029860052021472072 0.9946676687383457 119.73846036155614 0.4355741193595882 0.9000069052493269 0.01620978246766397 11.951775598245462 -0.8947237453450197 0.4348516388342175 -0.10185024162453576 -12.779669370173602
-0.09122452224045813 0.02983480267254096 0.9953833287188864 120.6353380647566 0.4389660901216315 0.8984051562169236 0.01330214291656262 11.95041824683439 -0.893860648124375 0.438153009612322 -0.0950530478329687 -12.87431170433043
-0.08486879975009287 0.029581873846230927 0.9959529103169106 121.55697185378415 0.4389771453760264 0.898434257800006 0.010721485385303736 11.947903880054403 -0.8944810521562173 0.438110485096052 -0.08923480364974423 -12.963142058381868
-0.07802383255327672 0.02939799055983988 0.996517957542533 122.43531808810624 0.44001668727356585 0.8979543029028954 0.007961458344552419 11.942662503098347 -0.8945935370180668 0.4391057139792406 -0.08299744258883024 -13.045399151742068
-0.07135949751810972 0.02871269485924896 0.9970373128764454 123.3025626126734 0.4410810098299499 0.8974490389291536 0.00572409752979211 11.932645146967625 -0.8946258239517539 0.4401826935251528 -0.07670613690955158 -13.112871430107514
-0.06690728093484671 0.027896122670994672 0.9973691503640117 124.21067163771515 0.44364612046172097 0.896189753378839 0.0046952889197881265 11.924579316802564 -0.8937010325367035 0.44279310324202314 -0.0723376261991599 -13.189779727627089
-0.06255131263326774 0.027918870107268873 0.9976511765039866 125.12151966325219 0.44642005833498477 0.8948186611409217 0.0029487607833316998 11.913666789846756 -0.8926345639756754 0.4455559452705148 -0.06843562544504178 -13.26214799738562
-0.05785536210286346 0.028714192238475322 0.9979119461355489 126.05597004586126 0.44863260677528016 0.8937162288204854 0.00029407636242378965 11.904569464535678 -0.8918416570299706 0.44771285162141816 -0.06458839895100854 -13.332667635567047
-0.052560824023256514 0.02777936972796538 0.9982312689930694 126.95574802815159 0.45257107711906586 0.891727788180795 -0.0009858709225738227 11.890401362486871 -0.89017794846496 0.45171878243405417 -0.059442086630692614 -13.393827006629147
-0.04636966530127318 0.025693210045756476 0.9985938679450183 127.84428023490541 0.4559543582029986 0.8900014835953507 -0.0017269724278092258 11.872859853956685 -0.8887943954456169 0.4552331470308587 -0.0529840020085407 -13.453232771440568
-0.04201056803318404 0.024913254481606473 0.9988065087516522 128.74008278257264 0.45806967170325114 0.8889115448867327 -0.0029053799679382986 11.85578279408457 -0.887923019207862 0.4574009128961344 -0.048755685233395796 -13.506545805968567
-0.0391580312229034 0.02591186207442625 0.9988970036968686 129.63946587211223 0.45912775777526077 0.8883559197185249 -0.005045982690734752 11.837656217658253 -0.8875068172307227 0.4584237508080156 -0.046683123975402196 -13.55443036707405
-0.035506031440540486 0.027766907991147893 0.9989836437860004 130.5356157192608 0.46060754207444043 0.8875651065279222 -0.008299027546686266 11.818027372073814 -0.8868934625508781 0.4598447352038394 -0.04430356181871681 -13.597411217865865
-0.03288154301248114 0.027163886161883616 0.9990900497040807 131.45457215325368 0.4623919967666851 0.8866310619240207 -0.008888270788017044 11.796336903225788 -0.8860657117027135 0.46167898297417376 -0.04171416096119285 -13.642308946776907
