1.0 0.0 0.0 0.0 0.0 1.0 0.0 0.0 0.0 0.0 1.0 0.0
0.9998448948215212 -0.0007652214421534846 0.017595474858216824 0.007733185775578022 0.0007171726039660784 0.9999959975195319 0.0027368975816972605 -0.010547704994678497 -0.017597498765386868 -0.0027238540821872856 0.9998414417577126 0.41511788964271545
0.9995301868438815 -0.003756246396402788 0.030418681773619338 0.022147792028079885 0.0036787287496623544 0.999989843226411 0.002603919892061754 -0.020943457738942704 -0.030428153782666764 -0.0024907944570715414 0.9995338530536877 0.792958124202966
0.9993830043515255 -0.005944361794633352 0.034616111511457985 0.033718775313911854 0.005939230338135347 0.9999823310985007 0.0002510653291031526 -0.030352739000828875 -0.034616992305943665 -4.531736321048557e-05 0.9994006512855729 1.1549491672067516
0.9992430339988676 -0.0073690516607510465 0.03819759262518306 0.04004206653006113 0.007404537355435459 0.9999722758599514 -0.0007876154020414803 -0.033895535261119845 -0.03819072965118915 0.0010698547054410405 0.9992698952633464 1.529148308403193
0.9992563376425786 -0.00805419164336245 0.03770811156916823 0.042052171627674884 0.008201998358541204 0.9999592687563994 -0.003766702947326578 -0.03466964831326175 -0.0376762379234888 0.00407318366132707 0.999281697155909 1.8876787869466842
0.9995133127501834 -0.008774990220631038 0.029935550467328202 0.038815113852242504 0.008955102240907894 0.9999425677146392 -0.005887904220440458 -0.04797834970481222 -0.029882164898296953 0.00615311456760101 0.9995344893509723 2.256707984534892
0.9998348894505129 -0.00880489594145847 0.01589552279545329 0.03552817070075296 0.00895092996786085 0.9999181721423607 -0.00913946782864841 -0.06270944736450484 -0.015813750035685324 0.00928023851743784 0.9998318871104623 2.6512083700012843
0.999974401612467 -0.005786847612052905 0.00420814858382022 0.012258277306458967 0.005835030534695297 0.9999165112086976 -0.01152922507741757 -0.07798751946836924 -0.004141079381973261 0.011553484623327209 0.9999246813908589 3.0712170076553775
0.9999459037740998 -0.0038343073521227016 -0.00966889924077803 -0.0128904198799519 0.003697920232154255 0.9998939719469067 -0.014084397402637583 -0.1002133035162319 0.009721877974727124 0.014047880671768887 0.9998540604194576 3.4506436589781213
0.9997206478145949 -0.004415997309115188 -0.02321907192230014 -0.04490215219730791 0.004010404140609646 0.999839069706927 -0.017485746944755343 -0.11257836768354142 0.023292552281706708 0.017387744400954575 0.9995774724116442 3.8627824741499626
0.9993017278562798 -0.004146265320674867 -0.037133074035749516 -0.0748897009504141 0.0034761666642523417 0.999830278294329 -0.018092287616746243 -0.12909479339720106 0.03720178717180435 0.01795057352218301 0.9991465377718368 4.363892449808714
0.9988930814783142 -0.004255384959501503 -0.0468455277865954 -0.10818985563811837 0.0033897121827183552 0.9998223129001695 -0.018543259645328006 -0.14722236486663065 0.04691611264881783 0.01836394091153007 0.9987300155938649 4.80672344227794
0.9985512323458248 -0.0033322442306971036 -0.05370598224613347 -0.1406941506650915 0.0022692467672512104 0.9998005579189804 -0.019841746495838673 -0.1703501866224884 0.0537613885585588 0.01969112828871906 0.998359640894489 5.229724570224107
0.9978765383624619 -0.003568799524566715 -0.06503597355082393 -0.19341331573301282 0.00225987252763433 0.9997936341631307 -0.020188661744626142 -0.19466563099314593 0.06509460163415136 0.019998818885962735 0.9976786757675327 5.732661821730294
0.997245593359653 -0.0024183678964803273 -0.0741308169486296 -0.2492810911956403 0.000788603969987978 0.9997575196506836 -0.02200636284559025 -0.21624513894052272 0.07416606116366485 0.021887288517094327 0.9970056880343449 6.2368516155424505
0.9963501888247328 -0.0021343199669095546 -0.08533314659145144 -0.30549334410916573 0.0001115129992730426 0.999719048556496 -0.02370256353531051 -0.24291839572367482 0.08535976097535819 0.023606537898923034 0.9960705008053679 6.75121263765677
0.9956278205871976 -0.004840926667852451 -0.09328348354228469 -0.3572105302427715 0.002525655533367672 0.9996862125988701 -0.02492182585312246 -0.27026520586686575 0.09337485709179957 0.024577261212817603 0.9953276316341082 7.271012076748938
0.995233219614327 -0.004671781706086124 -0.09741156518500078 -0.41685559572044506 0.001929741531825074 0.9995997536335103 -0.028224256118562194 -0.29809599497117667 0.09750443412338398 0.027901738145078434 0.9948438964655522 7.806652445824113
0.9948008528647316 -0.00570235748800834 -0.10167962558291511 -0.4809443755061437 0.002448279069095321 0.9994816839137949 -0.032099368380783366 -0.3189406880976198 0.10180996547098266 0.03168353894255439 0.9942991925426035 8.333065586481695
0.9942475413613148 -0.0068577447745068396 -0.10688684593339165 -0.5474642045529141 0.0031320157857865605 0.9993829043262524 -0.034985725911325455 -0.34861679185787986 0.10706080970223633 0.03444970068131986 0.993655474069795 8.8967841534274
0.993563760522633 -0.007705389662222637 -0.11301186108669001 -0.6162575529942728 0.003460771043406933 0.9992828358709407 -0.03770725391109518 -0.38182275562340784 0.11322136211823774 0.03707345281847915 0.992877878823074 9.442164081123453
0.9929000576436836 -0.011881284205049367 -0.1183567092175553 -0.6839818017921706 0.007131153973438576 0.9991550235597694 -0.0404769754092883 -0.41682734533111654 0.11873761903532178 0.039345571299904424 0.9921458077545393 10.01796831193675
0.9911390874213938 -0.012115707139801306 -0.13227440805382334 -0.758231887950273 0.006349818738233235 0.9990146310983639 -0.04392546702531033 -0.4590627717706294 0.13267625706010244 0.04269632878717573 0.990239382331676 10.57692269658851
0.990432698091429 -0.011213521563995138 -0.13754027586662215 -0.8374335743655147 0.004588169382279789 0.9988178323427523 -0.04839304181228367 -0.49688275755042 0.13792033661883302 0.04729899288842988 0.989313290125372 11.153104995593827
0.9893634898512763 -0.007099943655080106 -0.14529100367675343 -0.9431103878402103 -0.00019404398943519488 0.9987428343435453 -0.05012697072786292 -0.5439170443594812 0.14546424748450684 0.04962198754097371 0.9881183183486933 11.777110674230846
0.9885628804336625 -0.0072101679303255015 -0.15063679798481208 -1.0397123546876301 -0.0007655953168237235 0.9986036494291655 -0.052822014450069614 -0.5898129938829625 0.15080731180056037 0.05233320958214784 0.9871769800204621 12.367850582397319
0.9881780382030997 -0.008659000064435332 -0.15306595483959679 -1.1332586122861532 0.00012615124029434575 0.9984493130842071 -0.05566824307933122 -0.6320958568201689 0.15331062878658464 0.05499082577629696 0.9866467757923821 12.931247122619489
0.987679977452549 -0.008165711941190971 -0.15627406466789687 -1.2236888815195635 -0.001054142741069472 0.9982677910531801 -0.058824366795452006 -0.6762594750861793 0.15648370816929782 0.058264384441079585 0.9859605015330423 13.50865017928806
0.9866691156432388 -0.006652467759283058 -0.1626032007941442 -1.33214926647501 -0.0035139432838671826 0.998060299425935 -0.062155377180183574 -0.7218863758972226 0.16270128591497623 0.06189816946020957 0.9847318965988094 14.12028321314196
0.9858519611249499 -0.005148186036509162 -0.16753926980449632 -1.4499185908862768 -0.005878663891677152 0.9978513664676614 -0.06525405542546626 -0.7682652901353587 0.16751522932837784 0.06531574556838975 0.9837034620879945 14.744020998153747
0.985417765847655 -0.005920993575645288 -0.1700493122211728 -1.5647428228839941 -0.006154386607999463 0.9975001211351601 -0.07039624891157749 -0.82212943362142 0.17004102527712545 0.07041626353633558 0.9829179007182064 15.375847501940695
0.985240940269481 -0.00758748274613716 -0.171005028354392 -1.677391195483039 -0.005180844453363779 0.9972376057472193 -0.07409667019714149 -0.8794917562841849 0.17109485225353624 0.07388902346851646 0.9824800067905758 16.03296418557647
0.9848687805211783 -0.005386205966623351 -0.1732179954277621 -1.8176821090132165 -0.008192710894028095 0.9969523403453143 -0.07758163808664674 -0.936655664654332 0.1731079566135941 0.0778268582514139 0.9818231080453242 16.754288765388623
0.9844652887881542 -0.005206762069845326 -0.17550209343481984 -1.9464972356354946 -0.009342093857304218 0.9965909775518165 -0.0819704138374096 -0.9965932658418419 0.17533060330021547 0.08233658415955142 0.9810605824592687 17.437138686476384
0.9846208228495759 -0.0034914365978604344 -0.17467010357101 -2.083916683607386 -0.011519242201262558 0.9963271763108613 -0.0848496600083609 -1.0612332225955776 0.1743248182850993 0.08555680928429314 0.9809642654627936 18.118730390671193
0.9847277914678845 -0.004350960235307947 -0.17404667723290052 -2.220641269161124 -0.011607285742850387 0.9958227634165763 -0.0905665212926802 -1.1234808890555947 0.1737136944183345 0.09120358000870604 0.9805638476739438 18.832573811415266
0.9845541572013711 -0.003813027669875199 -0.17503877386878333 -2.3589558959733723 -0.013030290647461808 0.9953942736111377 -0.09497605797146239 -1.1914789335051545 0.1745947395059226 0.09578987880848727 0.9799698852794991 19.514191657234296
0.9848300065038568 -0.0009760458037500934 -0.1735191794131198 -2.5134742027810457 -0.016337262429591423 0.9950206217590407 -0.09832118861445298 -1.2682401696944643 0.17275112777032783 0.09966448519327815 0.9799102194819884 20.27866599377049
0.9849628599343944 0.0005427154401660937 -0.17276536113992788 -2.664663673682198 -0.01833070790863034 0.9946787141059628 -0.10138165934761989 -1.348543379131852 0.17179100586883814 0.10302408050771125 0.9797315393198861 21.066186191103096
0.9856946671377388 0.0013670813228612733 -0.16853532052623021 -2.8146479657253622 -0.01915027402822151 0.9943995985513062 -0.10393606402806099 -1.4342383703414372 0.16744936602109456 0.10567672160725775 0.9802005612778825 21.826879623314273
0.9856449035659728 0.0007613278335084003 -0.1688299276027639 -2.9543786589321632 -0.018918458254626798 0.9941899307444518 -0.10596449189993076 -1.5160933311562985 0.16776834031393564 0.1076373633376091 0.9799326415637125 22.575804123223058
0.9854397306666681 -0.0009663954761730108 -0.17002236118637024 -3.0841037422366724 -0.017556564175198644 0.9940601109924243 -0.10740699599230644 -1.597750132422445 0.16911624486715351 0.10882812969776165 0.9795693614586567 23.276154811633827
0.9848289714698534 0.0011150362944573559 -0.17352421631487866 -3.2181511846963735 -0.019967288608113323 0.99406541483537 -0.10693576770110247 -1.6832353919601826 0.17237518481286992 0.10877825022607177 0.9790066843175705 24.0006515942046
0.9840241611982826 0.001485799444396186 -0.1780287689617254 -3.37994160997452 -0.02088289454367557 0.9940256101744817 -0.10713071936996937 -1.7800442847718534 0.17680598093247327 0.10913697227457081 0.9781762450546657 24.818372712141638
0.9839538523883481 0.0018055465067069731 -0.17841400273504654 -3.530412901728634 -0.021077665390403295 0.9941231945418036 -0.10618288984431379 -1.8703499367768988 0.1771737802041241 0.10823961417065195 0.9782094037231339 25.594469560860496
0.9834993035054082 0.002366352850323222 -0.1808964355054156 -3.678773543428226 -0.021860113290502782 0.9941423699647852 -0.10584462049498117 -1.964572094902245 0.1795863453921361 0.10805252711060473 0.9777900571869754 26.305383031179154
0.9823201632526598 0.0015626216866827698 -0.18720217701921185 -3.8378803489461615 -0.021390860785273323 0.9943529080502627 -0.10394578070730556 -2.0561095837126975 0.18598260118122092 0.10611245198114361 0.9768063367896508 27.057795227912354
0.9808357504404199 0.002105699458592526 -0.1948250412235767 -3.9962791427686613 -0.022745103458563155 0.9943420534011295 -0.10376194440489553 -2.154805905352703 0.19350424007405503 0.10620474032648192 0.9753341284942033 27.820442472524604
0.9792513538586907 0.00037192486299921987 -0.20264907509736535 -4.16039029333326 -0.022129860560598513 0.9942140919293667 -0.10511236216845853 -2.2483520766592013 0.2014374722773541 0.10741601873538699 0.9735937261925783 28.58495551611636
0.9779536575351044 0.0008487818653762375 -0.20882031338702906 -4.344847140328526 -0.023383567213326524 0.9941475424429032 -0.10546977121012585 -2.3463970397452876 0.20750868053672322 0.10802751234792671 0.9722500728093709 29.385049559835725
0.9770078585096656 -0.001924511756522633 -0.2131946074947872 -4.524881870736057 -0.021009603511696364 0.9942232343478328 -0.10525567368658072 -2.4450531290131456 0.21216559799043455 0.1073147545188156 0.9713234798417713 30.211800296164096
0.9753880373952332 -0.0010971548352566671 -0.22049256848597598 -4.717583647679292 -0.022731991646272896 0.9941588249764584 -0.10550586371013489 -2.5439204377606273 0.21932038907057666 0.10792139256280588 0.9696656846383891 31.015972238958526
0.9745089486030742 -0.0020099214330139923 -0.22433962937556048 -4.917649286290451 -0.021969778427067793 0.9942987100693257 -0.10434272370577843 -2.6509877164854725 0.2232703247823057 0.10661160992269078 0.9689088330185125 31.83225226324395
0.9739068520038452 -0.001064817776527881 -0.22694560974617503 -5.123649369303019 -0.022640382737650365 0.994544707754281 -0.10182454197021641 -2.7601226620395645 0.22581597970350345 0.10430575459222972 0.9685697976240496 32.686640948451256
0.9735754927030019 -0.0007172383067348843 -0.22836428262168898 -5.329540478926116 -0.022834771948260175 0.994677556260259 -0.1004745353917627 -2.865318037723814 0.22722089076090304 0.10303419161293485 0.9683773139435325 33.52080963986028
0.9726003318653744 -0.003188193974942565 -0.23246167399066395 -5.543901174705771 -0.02099648595521196 0.994615104986243 -0.10148862256793925 -2.9789304276578945 0.23153345769649833 0.10358874626320749 0.9672960403179167 34.42300565487557
0.9717238373968445 -0.005412109110557578 -0.23605824050375 -5.759347525510588 -0.019081965864194212 0.9946673170455441 -0.10135485671726155 -3.0902255125278413 0.23534796029179558 0.10299338559535903 0.966438668571419 35.300027515259536
0.9713897955981087 -0.0047843664453370354 -0.2374425716790935 -5.977271622147214 -0.019795210123806237 0.9946868600109784 -0.10102574017375349 -3.192958194772665 0.2366643502178118 0.10283559869625461 0.9661339580910941 36.15791942499496
0.9702187867955252 -0.005262169321632053 -0.24217311023945276 -6.19723950109435 -0.020195238501687834 0.9945260981287738 -0.10251825438729027 -3.2981106218031933 0.24138694681129635 0.10435588011601306 0.9648016335984995 37.00781176478681
0.9694461135176365 -0.006123275350392124 -0.24522793169729495 -6.431869100949647 -0.020061908868696098 0.9943604383056835 -0.10413855455628929 -3.4114999230164766 0.24448262269145843 0.10587645739970897 0.9638560177590809 37.91498364595269
0.9699155924900416 -0.006806071671529468 -0.2433462981701056 -6.679654787750052 -0.01978785335058641 0.9940972500908573 -0.1066728560673775 -3.528826608625651 0.2426359089344931 0.10827896725679348 0.9640557457664649 38.87679926430033
0.9691900437759292 -0.00849407290512095 -0.24616764566265673 -6.920120024482542 -0.018297565627572905 0.9941610977405569 -0.10634336289301763 -3.640043448017303 0.24563358511758424 0.10757119718946084 0.9633756169830692 39.80428375110181
0.9687940885651954 -0.010767681896571207 -0.24763293599137137 -7.165273141339381 -0.016322687834803538 0.9941159293894689 -0.10708449372322885 -3.747914888713659 0.2473288980749721 0.10778485960786392 0.9629178782307104 40.73263958972722
0.9688616345312544 -0.011206592868394117 -0.24734903559486243 -7.403168917482816 -0.016043014706035284 0.9940348247874877 -0.10787672959842086 -3.858437574279288 0.24708248584747644 0.10848584878218419 0.9629024175904021 41.65206569863188
0.9689247275286353 -0.01093045628551063 -0.24711413862616347 -7.647313169520514 -0.016100375402779254 0.9941177586204907 -0.10710116669421349 -3.9727399830439634 0.2468312182351531 0.10775159915640539 0.963049293953216 42.56881469172028
0.9690054025387196 -0.013801808358965226 -0.2466536842149265 -7.895042698397477 -0.013728606411673614 0.993886645570315 -0.10954844190119964 -4.095559617172792 0.24665776942307666 0.10953924339253743 0.9628920494739911 43.5217110296351
0.9690413008862642 -0.015774906685447215 -0.24639421562959343 -8.155477445172764 -0.011375283323794897 0.9940445109114223 -0.10837948724816336 -4.220370242366453 0.2466364938648791 0.10782700332447732 0.9630907419595014 44.5213939205428
0.9696923624893129 -0.018936524627223415 -0.24359419156650183 -8.41804610403469 -0.007858495310684757 0.9940589445007663 -0.10855901118504377 -4.34584616370392 0.24420271534392687 0.10718312783766423 0.963782553756597 45.53750374762422
0.969335553193434 -0.019542086108702998 -0.24496263426428833 -8.672801147477763 -0.007231076008749265 0.9941331033397854 -0.10792165854805648 -4.471106836386257 0.24563447814778594 0.10638364401790172 0.9635072513637546 46.50429382591872
0.9689113817534685 -0.020608702945454832 -0.24654820151745302 -8.912314660342417 -0.006143843383837953 0.9942131066063176 -0.10724995030623624 -4.5888620864521945 0.24733173572564335 0.10543045108089633 0.9631777782360946 47.420703666623176
0.9686484755836661 -0.022324861185052405 -0.24743025547112923 -9.159324645827478 -0.004501191171824575 0.9942136700363344 -0.10732622042594052 -4.706498598190234 0.24839458534250464 0.10507511068731275 0.9629430674170589 48.36854637062547
0.9671027317514719 -0.0226917088591828 -0.25337204381677736 -9.42191379120569 -0.005669462682104085 0.9938435525764802 -0.11064741386520298 -4.833049280204149 0.2543229510518803 0.10844389955738114 0.9610201648337311 49.34591896716762
0.9648865303476353 -0.026197244805470876 -0.2613573949944864 -9.69317001734137 -0.0038277274395113574 0.9935059567424761 -0.11371570876473472 -4.964088620873815 0.26263916702645584 0.11072316054836667 0.9585202395681741 50.34112964000262
0.9618229289025975 -0.025869412021798432 -0.2724471085529736 -9.967370445128196 -0.005985771463979961 0.9932955957090586 -0.1154470878150153 -5.08908698793755 0.27360706127073975 0.11267046226333359 0.9552196307426668 51.29236494704442
0.9605715807111394 -0.024128008427963546 -0.27698389400722134 -10.260269508832712 -0.007767380787502054 0.993509751267912 -0.1134814607381931 -5.223145620517523 0.27792428128144087 0.11115850549945441 0.9541498207982448 52.29219003340947
0.959880487301252 -0.02452424982701777 -0.27933494458934677 -10.551446570716784 -0.007623492687252839 0.9935175792726454 -0.11342266984809744 -5.353872139343685 0.28030578384606836 0.11100171551217185 0.9534711776953703 53.26129784406422
0.95934602323107 -0.02368716002078051 -0.2812367795308453 -10.853997598377989 -0.009210131816852398 0.993313630567325 -0.11507912408893278 -5.495275865052408 0.28208222415219214 0.11299092786285864 0.9527133194398212 54.264142105794086
0.9583747005689276 -0.02388233113270693 -0.28451286011195714 -11.155523131257876 -0.009841464840299333 0.9931400500855567 -0.11651603531641104 -5.628171639916004 0.2853437906792708 0.11446604376724885 0.9515652610016082 55.24511223730894
0.9577282380998745 -0.024026514887301263 -0.2866694063350334 -11.471629058553528 -0.011826521705395072 0.99237524658018 -0.12268456854584082 -5.7616983072104855 0.2874313054113313 0.1208887776317454 0.9501416463413445 56.24151447513703
0.9570556118647218 -0.025251903992164672 -0.28880252274350654 -11.77915743013951 -0.011216611873035031 0.9922278825968933 -0.12392746513737633 -5.904684796341458 0.28968732008207193 0.12184486177946295 0.9493340224818717 57.241502450151586
0.9566408985756145 -0.02579452327279419 -0.2901255482400169 -12.080064056691846 -0.010533740570676534 0.9923555054090006 -0.12296174687290694 -6.043590781616453 0.29107942469716197 0.12068634327701057 0.9490561495846244 58.20664060238722
0.9554297498394788 -0.025314126265156774 -0.29413124304144034 -12.369548853362339 -0.011016635979467612 0.9925657883664781 -0.12120969225325133 -6.1817031480655125 0.2950129265868989 0.11904768278241999 0.9480480063640077 59.13898757525746
0.954703906466032 -0.023572075620771123 -0.2966223326545503 -12.654623062669138 -0.013445739986137854 0.992421517952487 -0.12214230545190559 -6.313662096999237 0.297253533292244 0.12059804291865635 0.9471517560504582 60.024437118871106
0.955109323287073 -0.02489360559599364 -0.2952058416944705 -12.95529620951356 -0.012014638331736122 0.9923887972067529 -0.12255661403731805 -6.449903827964169 0.2960098461806081 0.12060175611891263 0.9475407048698052 60.961200102085975
0.9544945065821582 -0.02792073220240432 -0.2969186245720606 -13.253963262632926 -0.010061916685218957 0.992026032360718 -0.1256308439487369 -6.5906218964994885 0.29805871021847746 0.1229015208690836 0.9466024621935886 61.90210599179546
0.9535187921200747 -0.02923035893524633 -0.29991248588611713 -13.5498943534811 -0.009783467147335296 0.9917563028752041 -0.1277643122232625 -6.725750912178073 0.3011746948939282 0.12475985661991985 0.9453722977386878 62.81909213350064
0.9539627891304217 -0.029971716309388753 -0.2984236806555008 -13.858492847440296 -0.009730344673226775 0.9913778758697849 -0.13067221444688848 -6.87266544865923 0.29976710517841515 0.12756019542703328 0.9454459684167944 63.775380809885945
0.9534799776908799 -0.03040563466157873 -0.2999190382810431 -14.163084530528797 -0.009805848806242272 0.9912456384709175 -0.13166597716028375 -7.022267733600481 0.3012968261893714 0.12848183370893276 0.9448347161990831 64.71741407407625
0.9530129547941132 -0.02891424178731855 -0.30154647173604615 -14.478300221508126 -0.011016668623559017 0.9914677728571052 -0.12988567433789763 -7.1725937785588565 0.3027291545375706 0.12710476783990518 0.9445630931734161 65.68036813382554
0.9506605383861628 -0.031696455021734966 -0.30860958425555474 -14.793682700684725 -0.009484914608683413 0.9913323690950285 -0.13103499677301558 -7.320255381297089 0.3100880151669799 0.12749693613374932 0.942119925554231 66.64431455103428
0.9485752106078866 -0.0334169661598267 -0.3147830621124275 -15.104786361263919 -0.009873564461624806 0.9908051417045688 -0.1349358510426767 -7.468541162730519 0.3163978232305424 0.13110483417655616 0.9395232513942974 67.56495868825333
0.9466735234000881 -0.033516618809219176 -0.32044637048476715 -15.43515208472504 -0.010684654862567023 0.9907617749602374 -0.135192246183382 -7.622708705510011 0.3220172017823442 0.13140677890138636 0.9375698268475963 68.52185050515061
0.9449148541034743 -0.0362324499395191 -0.32530466960372734 -15.7850293780769 -0.008938812163082389 0.9906271785454952 -0.1363007364767506 -7.780738003985705 0.32719415662832835 0.13170042785948619 0.9357344608220354 69.50398219359492
0.9433865548018059 -0.03757352410476106 -0.32956037156419227 -16.129140061749748 -0.009034305814961263 0.9902841866133115 -0.13876458864585778 -7.936772637487965 0.3315722991107992 0.1338859963923087 0.9338813363765323 70.47327415615962
0.9407365284480024 -0.04110822916754727 -0.33663763535634167 -16.478089828631937 -0.007281046904781208 0.9899494916357022 -0.1412338145281968 -8.092015888287342 0.33906012800028734 0.13531488279166906 0.9309823371554938 71.44083041468335
0.9390373229522793 -0.04134165060223963 -0.3413206322918368 -16.82502812839115 -0.008360867644627103 0.9897049947949201 -0.14287798700365376 -8.25181051728003 0.34371354642324753 0.13702149905569402 0.9290242767558254 72.36707690536663
0.9371115517863535 -0.04236876790122117 -0.34644888081087105 -17.182312466792812 -0.007706531438529108 0.9898511812954826 -0.14189872536821782 -8.415909525668345 0.3489449080897437 0.1356448539181284 0.9272744602995222 73.33461969154901
0.934396329923061 -0.043387026206447396 -0.35358317915771337 -17.56477907970628 -0.008510017980927157 0.9895536274700747 -0.14391385602081957 -8.585894852346732 0.3561335117905627 0.13748157810331513 0.9242660533969337 74.31684249666104
0.9316504955707547 -0.044602207719516264 -0.3606078162898195 -17.936502264440175 -0.00887817434414255 0.9893469548751262 -0.14530581853329208 -8.751989340884993 0.36324720525157805 0.13857577690873726 0.921329594624561 75.26542142925399
0.9307696237155141 -0.045706221476648295 -0.36273798930744505 -18.323136789577976 -0.008755181385153535 0.9890838667707629 -0.14709334210870725 -8.925934268080681 0.36550137396102034 0.14008585157725137 0.9202090522378504 76.22386123378556
0.9304171724820509 -0.04577347126623723 -0.3636326092070744 -18.713943728835062 -0.009037409787394833 0.9890031803530055 -0.14761786638471458 -9.098680249139797 0.36639078915120216 0.14063249475096323 0.9197718690225745 77.18393283747008
0.9291165262747454 -0.045051225206664255 -0.36703251587635805 -19.12119486369567 -0.010450435500146734 0.9889555700766811 -0.1478433928593505 -9.279450452404834 0.3696393769622061 0.14119938923977465 0.9183841589864815 78.1894837765676
0.9283452373779606 -0.046881813126269975 -0.36875088587778554 -19.51540516170896 -0.009400237240446443 0.9887366422803905 -0.14937030411672425 -9.4521647525094 0.3716002634249355 0.14213355624233448 0.9174482527164275 79.16357037675803
0.9282068643048348 -0.04591820466575636 -0.3692201721705628 -19.914772588451687 -0.010802035845018067 0.988611058749159 -0.1501049317659824 -9.629220780867636 0.3719076942992565 0.14331675756568388 0.9171395607659012 80.13791529258947
0.9278311224022182 -0.04545340377848049 -0.370220740081901 -20.309482032865446 -0.012614420417288798 0.9881559902299962 -0.15293336905368773 -9.800501025093912 0.3727871841941136 0.14656645952442862 0.9162685131789142 81.10407805280177
0.9277905120692166 -0.046598635711555106 -0.3701801356963427 -20.709586554726833 -0.011609192393011912 0.9880839700876574 -0.1534773426528995 -9.982345162234287 0.37292089290669 0.14669231474632635 0.9161939600477848 82.06965824219509
0.9283974391669455 -0.04631094236893513 -0.3686915941069977 -21.102951485509628 -0.012040346213617964 0.9879332044082192 -0.15441183144683002 -10.157987104736804 0.3713936254317166 0.14779472333141397 0.9166370572609842 83.02422299844994
0.9284594560893972 -0.04683431828880419 -0.3684692457025471 -21.496420118901348 -0.01134898680574677 0.9879785322420349 -0.15417399368037885 -10.341351603071935 0.37126033843741507 0.14732605492341636 0.9167664886131248 83.9880235845834
0.9276899271218478 -0.04754041919255126 -0.37031244599615804 -21.915733175353303 -0.011688932957876569 0.9876753208255967 -0.1560795613729136 -10.53107972689761 0.37316855168002466 0.14912199426996456 0.9157007496240143 84.99421165824626
0.9265186647917144 -0.05076827873475798 -0.3728079206064278 -22.315407001583008 -0.010041714493175726 0.9871652029857454 -0.15938640464026269 -10.721057241646342 0.37611478003744575 0.15141810951277238 0.9141171852388302 85.9834745651268
0.924938889050549 -0.052049426866252774 -0.3765354016355312 -22.7320684292386 -0.009387325911749275 0.9871507474326469 -0.1595157671059298 -10.916335829114933 0.3799999074133608 0.15107699694546894 0.9125655107222582 87.00143180492326
0.9239248333560116 -0.053022898934462444 -0.37888187406717166 -23.171640739089884 -0.009443666752198862 0.9868864638591395 -0.16113945702365062 -11.124305449552251 0.382457474062594 0.15245878013479353 0.9113081810745863 88.05007076870265
0.9226753310324356 -0.053607177427059935 -0.3818330839941575 -23.60267592285283 -0.010300844104137567 0.9865075578095779 -0.16339134308562658 -11.323034169600554 0.3854401719008125 0.15469036464139063 0.9096739882904128 89.0708143749214
0.921566925789822 -0.05724114637585763 -0.38397636965297055 -24.012824206485764 -0.008005926173653938 0.9860577216683953 -0.16621093431009812 -11.517282371476961 0.388136968654622 0.15624858623268048 0.9082599148172784 90.02185896250863
0.9208819190397509 -0.06122911997000599 -0.3850032286271954 -24.420336340830133 -0.004916988860343627 0.9856860110700133 -0.1685197638303386 -11.711950165847483 0.38981061351150137 0.15707986009856403 0.9073993625439697 90.99545402612898
0.9200744217857744 -0.06437830489468722 -0.386417510258606 -24.824560874486206 -0.0027045933678923884 0.9853366977471988 -0.17059975746571251 -11.904590284427794 0.3917342767109964 0.15800957544254166 0.9064089753076039 91.95929988523662
0.9156818129770581 -0.06601022674182172 -0.3964460459489303 -25.260594401624196 -0.003290238025578124 0.9851554968119274 -0.1716328099023594 -12.107219456032444 0.4018905220539334 0.15846544439321048 0.9018717820269571 92.94883104345712
0.9119106024825268 -0.06755126127725367 -0.4047911562519709 -25.677194363631408 -0.0033506483991722624 0.9851014889956312 -0.17194135492631066 -12.299846319098204 0.41037522614707195 0.15815145740220868 0.8980981518109794 93.877082769503
0.9088944045341062 -0.06915504364656044 -0.41125240588333944 -26.120289902947295 -0.0037033695614030887 0.9847771772817516 -0.17378203635265985 -12.501848677736309 0.41700988772508063 0.1594725400914773 0.8948023594606174 94.82299466641203
0.906721481436807 -0.06880033139120482 -0.41608012389623084 -26.577456189670077 -0.00474059380301195 0.9848781126046209 -0.17318380433156796 -12.704560033881242 0.421703310244818 0.15900194248128033 0.8926839868709098 95.80097057489675
0.9033766345959258 -0.06916091048877641 -0.42323447936870984 -27.064845392326355 -0.006724257484222538 0.9845044015861889 -0.17523089801375294 -12.922541099278329 0.42879533629393085 0.1611454365403621 0.8889132172798373 96.80080615214736
0.9008029931983585 -0.07087319615573869 -0.4284051324523883 -27.5385119637214 -0.006968740007358032 0.9841036528498291 -0.1774582686445832 -13.126830203113345 0.43417209042911553 0.16284038354871744 0.8859896192270645 97.76234175828577
0.8977805770682583 -0.07345061439369616 -0.43427530747692034 -27.99993959644838 -0.005903018493046704 0.9839014607606067 -0.17861430481855364 -13.329739252266194 0.4404034398272292 0.16291998882375666 0.8828940408848681 98.70674092037326
0.8937146567786235 -0.07301201630565468 -0.44265489688249265 -28.507994938275097 -0.00725032116577598 0.9841892471467999 -0.17697163231322818 -13.54525640263643 0.44857724541271654 0.16137153180037098 0.8790549946518372 99.70985466504392
0.8897106902555705 -0.07410186350962647 -0.45047064440355866 -28.99639172513892 -0.008242456860662543 0.9839703893240668 -0.17814133388504977 -13.751270965933504 0.4564503801618056 0.16220723398740683 0.8748381928632849 100.65273742441632
0.8843771887489104 -0.0734047775732724 -0.4609649950375763 -29.498289373409207 -0.01100410653721023 0.984004018783526 -0.17780607598501288 -13.95687737978023 0.4666432230943594 0.1623201455374189 0.869422953856648 101.58919353714748
0.8794620311825972 -0.07528896149340816 -0.4699767100457472 -30.03778230157001 -0.011956447262366644 0.983604079064971 -0.17994459985121056 -14.176938277536024 0.4758188511156766 0.1638736950336879 0.8641422527564332 102.57453108335788
0.8744377464620454 -0.07497549902439982 -0.47930919259745247 -30.57480078038028 -0.014773907198211863 0.983412144672972 -0.1807824255169849 -14.399929036435347 0.48491273362170867 0.16516424629969947 0.8588250185665146 103.5248903166034
0.8693253578031813 -0.07470652443048775 -0.48856151863187924 -31.111650922332004 -0.018377538950636024 0.9829406050042634 -0.1830028226448185 -14.610537070216242 0.4938984595465843 0.1680675526131382 0.8531222710820187 104.4484815239521
0.8669535903501451 -0.0759191116624109 -0.49257259430807077 -31.68373581106483 -0.01828443749364696 0.9828195110854563 -0.18366134044835267 -14.844217984400695 0.4980533621255194 0.1682322713219291 0.8506707655499459 105.43640277156433
0.8630119416867167 -0.07577593536231551 -0.49946811322254575 -32.2674559469445 -0.019321364219613817 0.9830121591807359 -0.18252062838901517 -15.068636608571676 0.5048138997599181 0.1671678872355397 0.8468871377500014 106.42125204525648
0.857514717344369 -0.0755807960330229 -0.5088772472893845 -32.864565456445625 -0.02175049303021443 0.9829387560574765 -0.18264259605339442 -15.299722923671418 0.513999441235834 0.16768704515017077 0.8412405299901183 107.40163623566534
0.8539638664848841 -0.0772627371392402 -0.5145640719948681 -33.48800725927794 -0.022330903884935735 0.9825612398256922 -0.18459344713147363 -15.539908918308408 0.5198529075323797 0.16912681467452478 0.8373464486627862 108.40801276469365
0.8521414086701425 -0.07726896990022537 -0.5175756233829252 -34.09778032529991 -0.023624541614198514 0.9823506049356119 -0.18555099034000558 -15.773229665568902 0.5227780606176817 0.17034316914157696 0.8352761843029046 109.37313959755906
0.8496404502932959 -0.0777926978119229 -0.5215931377928089 -34.6964895601918 -0.02508725164072349 0.9819781542216196 -0.18732200734728466 -15.995102724925594 0.5267653510155355 0.17224169297427377 0.832376756145218 110.31335694405685
0.8477272480836522 -0.07870101417654729 -0.5245614008141479 -35.33880877087598 -0.025993514143721017 0.9815798672737553 -0.18927572846325882 -16.238081325415866 0.5297951019771496 0.17408938661049964 0.8300662837331738 111.31463110138029
0.8465016307729756 -0.08103454559750341 -0.5261828498901299 -35.972356166197365 -0.025199645557403227 0.9811416426771244 -0.19164043119502502 -16.479963202164356 0.5317894009497314 0.17548355884424047 0.8284959587184996 112.30134378341727
0.8462643778197678 -0.08147158959038546 -0.5264968973535713 -36.55348898265727 -0.02533511856900736 0.9809659862937261 -0.1925197795081625 -16.705550027239532 0.5321604406571532 0.17626149274414124 0.8280924776709371 113.20351114756734
0.8460797599726124 -0.08092181513468943 -0.5268782588036763 -37.144205370056774 -0.02538553521276456 0.9811719677392484 -0.19146055553208036 -16.94297913152914 0.5324515136297839 0.17536598746050636 0.8280954993690967 114.12998513281404
0.8448911198872195 -0.0806744679457853 -0.52882003153945 -37.76866888526696 -0.02478659808281333 0.9815968676990362 -0.18934944911174734 -17.182259025997727 0.5343637525985474 0.17308731768996127 0.8273428312155084 115.10004627420204
0.84432824417 -0.08271784226641313 -0.5294030361337133 -38.38915361967365 -0.022995045529435043 0.9815085244689532 -0.19003221904687004 -17.42303224854202 0.5353326479656403 0.17262321676288847 0.8268132685537459 116.06324306930316
0.8458695453473011 -0.08357510553977072 -0.5268015888244515 -38.97870152023712 -0.021603795781213565 0.9814698089145543 -0.19039508973991937 -17.65187394929304 0.5329521444386858 0.1724303219368465 0.8283898815261819 116.9834146835184
0.8472862149500591 -0.08511529838346261 -0.5242723108621096 -39.5604258694034 -0.01914781898723536 0.9815397134261048 -0.19029753544234954 -17.88263480956518 0.53079132527165 0.1712751498276803 0.8300152962854789 117.91374973948004
0.8478774593647275 -0.08635609239342508 -0.523112262528564 -40.13491177337167 -0.018315195260631453 0.9812869468862713 -0.1916780673243171 -18.111326512467233 0.5298758038670761 0.17210041597032452 0.8304294547395712 118.81018106269738
0.8466610708478522 -0.08939806275844962 -0.524569363846007 -40.70730377730892 -0.015826664630521486 0.9811204989301118 -0.1927487568463198 -18.340150499474575 0.5318971214412062 0.17149505227313416 0.8292616590970512 119.71442851939014
0.8464011347797535 -0.09195153461770045 -0.524547456694812 -41.29142101263183 -0.012817623596349532 0.9811779772999022 -0.1926797482534565 -18.574939305944252 0.5323916110992811 0.16980780942913934 0.829291553247704 120.64214910484736
0.8463462744747525 -0.0938985395419076 -0.524290995492583 -41.85441150186067 -0.011890020324405087 0.9807620810846158 -0.1948444705996518 -18.805720652899257 0.532500339060354 0.17113972238633016 0.8289478779284846 121.52897304495028
0.8462105142375617 -0.09810195382429163 -0.5237401762798597 -42.43315526706668 -0.006732102925587381 0.9808591508411348 -0.19460217111175201 -19.045288136756245 0.5328061977717613 0.16820027606120289 0.8293528939775482 122.45349513859142
0.8448471162888296 -0.10023704082549531 -0.5255339054190482 -42.992502236452374 -0.0049203778280177135 0.9807947516348362 -0.1949806273648483 -19.27033725798523 0.5349851773465117 0.16731464613747435 0.8281284134766862 123.33374015826946
0.8437898295129513 -0.10069679072036103 -0.5271421819102742 -43.543015641780755 -0.004676079109711649 0.9808227805193394 -0.19484559912523536 -19.492491267361036 0.5366533871081636 0.16687369341190966 0.8271374205973296 124.19368916345312
0.8437562664385853 -0.10274887668886148 -0.5267998018078563 -44.14351587513021 -0.002166903427471452 0.9808449437358394 -0.19477808110096576 -19.73647161023835 0.5367221510010143 0.16548675078995154 0.82737142078865 125.13640659749488
0.8449324716198332 -0.10344580589766014 -0.524774316868293 -44.706104326660544 -0.0020797729806401113 0.9804766678436541 -0.19662446022444435 -19.960559690094026 0.5348689493200638 0.16722580260351189 0.8282214305346502 126.02254309085694
0.8469509780562333 -0.10645459584702657 -0.5209044632105161 -45.24711073013386 0.0003907641268449946 0.9798740191712296 -0.19961651699350413 -20.17822121892295 0.531670845611255 0.16886185352609095 0.82994685754616 126.86967193989231
0.8486837938721308 -0.10752497627590302 -0.517855382800713 -45.80682980742195 0.0017488613982416176 0.9796818515036487 -0.2005502712992238 -20.412989604731347 0.5288976833969082 0.16929810781945856 0.831628156802146 127.75505498729486
0.8511031772915176 -0.1068401050526193 -0.5140122309406936 -46.346357309565406 0.0010039931905054672 0.9794032313807163 -0.2019116201675499 -20.636917035712116 0.5249974986625718 0.17133155667697877 0.8336804688156526 128.61239314551915
0.8525429726698782 -0.10794185020109869 -0.5113893201137182 -46.88506253371101 0.0017926045747096442 0.9790394230726912 -0.20366294370437332 -20.866075662257362 0.5226540598905226 0.17271469261373096 0.8348666771618678 129.47792066656092
0.856347494462437 -0.1075620473535733 -0.5050736329457463 -47.41165354421944 0.0023392744078624544 0.9788646394582254 -0.2044958322645317 -21.08807564167394 0.5163947100069398 0.17393798776410638 0.8384998985625595 130.31963636545768
0.8604673280380465 -0.10529600079860962 -0.4985064990497961 -47.93512804381345 0.0022421025733061622 0.9791852300494028 -0.20295629635256218 -21.319569070571085 0.5095006872960192 0.1735195593266577 0.8427929829892788 131.19912100349322
0.8643492141664079 -0.10534803721899455 -0.49173389859152333 -48.464850543361834 0.002938386535703816 0.9788532745584047 -0.20454249624675883 -21.5473071986922 0.5028834873551526 0.17535124162775093 0.8463806119028993 132.0928673445884
0.8695167145098428 -0.10445071218064864 -0.4827325676945402 -48.98855614874165 0.0039429658543868665 0.9788191875959326 -0.20468866850490242 -21.788755087706395 0.49388777693751407 0.17607682050455703 0.8515114896892034 133.00084026543223
0.8755285050167474 -0.10258235304932789 -0.47215113866854386 -49.47893588334031 0.004671494228911409 0.9789533512385445 -0.20403066740196749 -22.01119926512478 0.4831438854469844 0.17642901388854973 0.8575807769612757 133.86648139988628
0.8807015720255766 -0.09971478533212064 -0.46305691077646993 -49.98670072912601 0.0032957477475519456 0.9788570401927613 -0.20451902823906581 -22.245085609794398 0.4736600881206512 0.1785941109086086 0.8624095688652237 134.78948643143468
0.8847705012077636 -0.09939852212759534 -0.4553032989024055 -50.4564058051141 0.0031212887120601607 0.978231123967389 -0.20749488104113592 -22.46443898645994 0.4660165423558902 0.18216421684938325 0.8658202933347727 135.65314096539794
0.8890049867368953 -0.09794554656094472 -0.4472994561429853 -50.91827731318512 0.003840875407889452 0.9784156700633123 -0.20661080380914423 -22.68784167390228 0.45788140520557685 0.18196001341898563 0.8701926064289037 136.5241204876042
0.8969448211246884 -0.09625996330101239 -0.43153679718291554 -51.361126192726715 0.005672249966505623 0.978437814820875 -0.20646372104771601 -22.912875580605476 0.4421061110614945 0.18273878076051445 0.8781507413697506 137.40372211067907
0.9051455097510073 -0.09577591663705795 -0.41417216223440334 -51.78330379417045 0.008355603070759561 0.9781093224508499 -0.20792387364625448 -23.135670919501123 0.42501975257029345 0.18474070241035412 0.8861315268051441 138.26895366408792
