1.0 0.0 0.0 0.0 0.0 1.0 0.0 0.0 0.0 0.0 1.0 0.0
0.9999265567028233 -0.0024834715113576673 0.011862275063739124 0.009854580275714397 0.0024777965197923376 0.9999968086934585 0.0004930794102453498 0.0005417666397988796 -0.0118634617562513 -0.00046365089299793923 0.9999295191677298 0.22323188185691833
0.9997983231540761 -0.0045765487896189125 0.019554237890397 0.017798721684389344 0.004558162550314376 0.9999891266659362 0.0009847355297083423 0.0011913427465416336 -0.019558531960832633 -0.0008954055365006954 0.9998083126662144 0.4520141568298557
0.9997044118542584 -0.006785257517285489 0.023346288774779938 0.024172901613537464 0.006774054439560281 0.9999768996316278 0.0005589182115359277 -0.00010300532391531187 -0.02334954187090549 -0.00040060397081610413 0.9997272820178899 0.6718067513222007
0.9996364799856029 -0.007950011698680795 0.025762476511087675 0.028745132210657526 0.007971903472327633 0.9999679447404387 -0.0007471590265025611 0.0029122981908515522 -0.025755710765214702 0.0009522633951969887 0.9996678131046357 0.9034620971703254
0.9996484191874312 -0.009607406405556568 0.024713068571677887 0.034303801559015176 0.009647409965648003 0.999952337603107 -0.0015000010122670426 0.0014549283849162207 -0.02469747956826158 0.0017378907447124432 0.9996934601360233 1.1530441113807095
0.9998352460057343 -0.01054646156275017 0.014773388005410249 0.0294806015232881 0.010595020035192262 0.999938710867832 -0.0032124847754093095 -0.00011961482423074603 -0.014738602210075441 0.0033684798476160335 0.9998857069427532 1.4175773401161462
0.999958549486781 -0.008934900197222614 -0.001751247200966437 0.01393933194093766 0.00892746394019789 0.9999512909388816 -0.004209054200303034 0.0021198274099424284 0.0017887693785638996 0.004193245536609263 0.999989608443998 1.6754120191892459
0.999792480495175 -0.0048262778139131325 -0.019791487760353724 -0.013302766348533161 0.004757732463158884 0.9999825252968858 -0.0035090002382876 0.0015585761688708252 0.019808077319979984 0.0034141094484840726 0.9997979715570339 1.9514886398050204
0.9993193552408691 -0.0019844252072314943 -0.036835964729740364 -0.04430507084435484 0.0018404468593312229 0.9999905361281091 -0.003942132617646781 0.0021588352061674594 0.036843438986225885 0.003871654790143494 0.999313550039653 2.236129126435774
0.998433939552864 -0.0010567262245221106 -0.05593345759591841 -0.08201365079724038 0.0007964462710328693 0.9999887527511663 -0.00467547265035984 0.000753712160135227 0.05593776919296437 0.0046236025838422 0.9984235515435628 2.552122237768185
0.9970712404127341 -0.0020675645727747795 -0.07645042000243715 -0.12154947175451347 0.0017740996532139685 0.999990796472828 -0.003906346126452677 0.0008672384494600574 0.0764577930117794 0.003759274714169264 0.9970657319060721 2.877489577450846
0.9954456600689279 -0.0028754440095961746 -0.09528730068421663 -0.1704841930314687 0.0025719137029556814 0.9999912208802471 -0.0033080843909564675 0.00027214004213331846 0.0952959763570382 0.0030479475357719824 0.9954443163261208 3.206818058038886
0.9934776862332063 -0.0013437702432156124 -0.11401877581455033 -0.22703027368662204 0.0010205348617832732 0.9999952937831912 -0.00289325423448931 -0.004154160957024504 0.11402212708641743 0.0027580233869482656 0.9934743820761994 3.553794973641792
0.9913526567488806 -0.0006785713934241224 -0.13122290005102116 -0.29060684736814457 0.00032274916299396695 0.9999962137147133 -0.002732835380274787 -0.008114519713811316 0.13122425762759737 0.002666851533535639 0.9913491222132516 3.9083365032051667
0.9895175706282145 0.0007958116065260817 -0.14441033239323123 -0.3596718528391513 -0.0012122205505283297 0.9999953577132066 -0.0027955452729291072 -0.014333378952249839 0.14440743727167757 0.0029412983396857008 0.9895139417030483 4.285205967842116
0.9873558242161588 -0.00011209912965328499 -0.15851960074456198 -0.42837380294665206 -0.0005016393621239591 0.9999925333026406 -0.0038316702517497106 -0.01988703340653664 0.158518846653578 0.0038627416109425178 0.9873483956956972 4.651591172140494
0.9855016974870022 -0.0027636733299874145 -0.16964305573751728 -0.4993183150852519 0.001780307616188104 0.9999807226647626 -0.005948512725973953 -0.026852030843729408 0.16965622521743498 0.005560252564807441 0.9854876198290807 5.025304455346707
0.9838469738793416 -0.00240153634534877 -0.17899543181780955 -0.5861251487771135 0.0009510394385893635 0.9999660180619719 -0.008188909895116198 -0.030308964041889326 0.1790090151708801 0.007886402504694596 0.9838158248082237 5.439701398166884
0.9823008316238027 -0.0011815768127026744 -0.18730638021012966 -0.6727922132181546 -0.0006429851474300124 0.9999529409626086 -0.009680001566649592 -0.03421274991484307 0.18730900341757775 0.009629108809533597 0.9822538457558964 5.85622783995566
0.9803804751713722 -0.0012404864308543677 -0.19711059102993272 -0.7614160072497211 -0.001181695448664902 0.9999252402965584 -0.012170349778730695 -0.04319211583505725 0.19711095225436137 0.012164497987377523 0.9803057163406189 6.262608669247076
0.9784579644663861 -0.0028755669447570794 -0.2064261196821827 -0.8597248035483369 -1.075329950056764e-06 0.9999029172175506 -0.013933992201662701 -0.04882035160020416 0.2064461473874973 0.01363404762271835 0.9783629699525026 6.693050885190267
0.976688529671321 -0.0069602195977957375 -0.21454852912948066 -0.9553699833864694 0.003677600474955598 0.9998700549332412 -0.015695493064696097 -0.05689414166467418 0.2146298936849659 0.014540584271196843 0.976587210722029 7.127177639627493
0.9738350660925705 -0.007082386218041898 -0.22714555653575388 -1.0774375336483402 0.003112879751035139 0.9998362036546096 -0.017829072920199307 -0.06530162137193457 0.2272346233040521 0.0166554996021338 0.9736976020843787 7.6080942817393264
0.9711779425579367 -0.0028976568120389562 -0.23833801097167234 -1.214135256790563 -0.002365911262303814 0.9997596518026595 -0.021795437396949467 -0.07114604158969555 0.2383438825580222 0.02173113463271266 0.9709376660912599 8.088292296015213
0.9683475496734402 -0.0010108186894447718 -0.24960368844835065 -1.3585757183401663 -0.005307311658783519 0.999682341938904 -0.024638337170039933 -0.08216888227860672 0.24954930471632406 0.025183197992413513 0.9680345815385285 8.58993212663033
0.9650813846199543 -0.002424556556840375 -0.26193900546794224 -1.5009950938186085 -0.004407203806475472 0.9996653398212834 -0.025490879047346062 -0.09645748421384759 0.2619131489914933 0.025755191428155234 0.9647477247964148 9.081297999143242
0.9617677997766539 -0.0028778530055904106 -0.27385108594791585 -1.6470197225434053 -0.004689634177024944 0.9996251100294747 -0.026974927800584345 -0.11115203674073869 0.273826051799423 0.027227878371978834 0.9613937465967318 9.56745055251847
0.9587817768746184 -0.001178352640724144 -0.2841410139670152 -1.8043087353214982 -0.007480363148894914 0.9995401397004409 -0.02938627732095014 -0.1255357612738905 0.28404497619269753 0.030300505155479374 0.9583320566938229 10.068478375110008
0.955907293866929 0.0007042794445687372 -0.2936677536306445 -1.9775124156620425 -0.010685161322699116 0.9994183808888523 -0.03238405887181583 -0.14286511429094242 0.29347414342580996 0.03409404540340288 0.9553588452558118 10.593671761932848
0.9529163247557921 0.0006133236529506673 -0.30323275193819427 -2.1520964364376476 -0.012564671977875932 0.9992189931930757 -0.03746375128446624 -0.16556094155237427 0.30297294769005717 0.03950984024661069 0.9521797968302442 11.119330339422751
0.9499863978533749 0.00015612151714516475 -0.3122912415032502 -2.3407218640981373 -0.014590084713881658 0.9989301123230867 -0.043883483478724214 -0.190049304429109 0.3119502737963396 0.046245068064146994 0.948972296939237 11.674962698436833
0.948379410818041 8.071906578563728e-05 -0.31713796149445395 -2.5225491576652197 -0.017245268671239624 0.9985335259145278 -0.0513166477194065 -0.21139807635617233 0.31666874466053974 0.054136781481108814 0.9469900290108574 12.183258642814932
0.9473039820420258 -0.001732211338957939 -0.3203313363553412 -2.7072700892938313 -0.018131901070012914 0.998092232559647 -0.05901804357725847 -0.241200257756297 0.31982245038600526 0.06171624379348682 0.9454653380643387 12.703758102309084
0.9461806006868103 -0.0014666260209008856 -0.32363578277449745 -2.913959871845085 -0.021162565801495704 0.9975692018323112 -0.06639151575572658 -0.2779492353120024 0.3229464610313051 0.06966732780694507 0.9438495890466847 13.272937410989856
0.9454229286640196 -0.0021017914812623984 -0.3258390222624015 -3.1224577653697816 -0.022737943144622894 0.9971160193229913 -0.07240600769980594 -0.32176000563610957 0.32505149114855697 0.07586320901492206 0.9426485567909486 13.851042418528415
0.9443523722210074 -0.0011619972709251622 -0.3289334991193484 -3.334921046684978 -0.02601838631488434 0.9965966915850293 -0.07821814300623502 -0.36400659909883165 0.3279049262425398 0.0824238077506539 0.9411082165520382 14.423080957993175
0.9433263820852645 -0.0009349003212556217 -0.3318651274589046 -3.539778732044318 -0.028435016963155514 0.9960908774114986 -0.0836326117486247 -0.40878177117471043 0.3306460141484103 0.08832943959394544 0.9396122197102318 14.983149461534545
0.9424864649235899 0.000949227158131092 -0.33424296911623647 -3.765773841392533 -0.0322344602413049 0.9955929333897576 -0.08806617146969518 -0.460292578828851 0.3326863432856643 0.09377531632674073 0.9383634621185083 15.582971352870075
0.9412995681997104 0.003444870357249233 -0.33755481891873584 -4.002099135040269 -0.035802296213894344 0.9953269284383879 -0.0896799928145458 -0.5097648387712476 0.3356684651450764 0.09650097612784114 0.9370241422255472 16.202946175263378
0.9406890625594253 0.004923314730537826 -0.3392342089959883 -4.236568746371218 -0.03804410800258329 0.9951190600152732 -0.09105329340889891 -0.5635283712474582 0.3371301431604085 0.0985587001049797 0.936284918818123 16.81751574563703
0.9386767080556618 0.007181742729860389 -0.34472374493955027 -4.473340841526496 -0.04077893569052393 0.9950785231889545 -0.0903095293534283 -0.6214758164378068 0.3423786152167424 0.09882891914541873 0.9343498962288241 17.445550220362637
0.9365451243913829 0.008217779801916562 -0.35045070705286996 -4.708594957679419 -0.04228559661927947 0.9950734332184216 -0.08967045679294333 -0.6746243059216768 0.3479872961722609 0.09879944634475818 0.932278666013917 18.0433437067107
0.9343611028934532 0.008864266018720816 -0.35621728507707107 -4.953814330015042 -0.04318459728143459 0.9951387087660354 -0.08851011734885576 -0.7331251655295221 0.3537010318862107 0.09808351086404511 0.9302017012128136 18.670044557125355
0.9311672229678606 0.00935101097151747 -0.3644724426676632 -5.257087899267143 -0.043713984173418007 0.9953230616900641 -0.08614575123360947 -0.8079435988535121 0.36196227767269984 0.09614864253710152 0.9272209812554201 19.429889860498413
0.9278899670451191 0.010002306804847809 -0.37271995239803 -5.5395016153389856 -0.04325788497509906 0.9957775337258276 -0.0809682574493839 -0.872761416145008 0.3703362856168555 0.09125271056516793 0.9244046615903777 20.123340849676588
0.9253549664928203 0.011261854533311348 -0.37893450175398646 -5.7788842197348425 -0.04393998417315778 0.9960080312715944 -0.07769993200347904 -0.9221506564517015 0.3765467617413992 0.08855039398530735 0.9221558241138603 20.691061944864725
0.9218864411041032 0.013656788488571232 -0.38721942337205795 -6.067697338830949 -0.04624680901058069 0.9961126618581424 -0.07497197838009058 -0.9776010387269697 0.38469029408700905 0.08702331304923024 0.9189343396680668 21.36070346907721
0.9186108796204948 0.014682097798352115 -0.39489047576144526 -6.358784689730639 -0.04781059462428901 0.9960978324844405 -0.0741839279188664 -1.0300741077614906 0.39226037128995433 0.08702611173687631 0.9157282659126713 22.01901290227202
0.9149177560430354 0.01484010080405554 -0.4033674145060584 -6.670141897779115 -0.048633356695611474 0.9960966444279532 -0.07366323082711682 -1.0872577054125947 0.40069975829003723 0.08701290920028557 0.9120682306378227 22.716418710645225
0.9110345070267863 0.015342378812640202 -0.4120445830475511 -6.98433349213994 -0.04999047549308288 0.996045802158444 -0.07344189786843584 -1.1400779995649573 0.40928850382882276 0.08750640785057819 0.9081990691575567 23.392102533372622
0.9069622431414137 0.015401209482272256 -0.42093027007139594 -7.320591862264194 -0.050218529567169747 0.9961572022807602 -0.0717560285431132 -1.1949023788355762 0.4182075905623982 0.0862185078196784 0.9042503967957889 24.109433559931905
0.9026464964652661 0.015191418199284962 -0.430114546640863 -7.652705662546352 -0.050172319057189066 0.9962771121875947 -0.07010459422584624 -1.250350382238242 0.4274482902286595 0.08485951062928283 0.9000482335054909 24.799928774184735
0.8991247940243402 0.016359695696261164 -0.43738651685598806 -8.000619277806038 -0.05090685364899247 0.9964279492640474 -0.06737829158568119 -1.3089489680391828 0.4347218616796812 0.0828474639453179 0.896745895276684 25.50952183551785
0.89577774861657 0.018595763395093615 -0.4441130741907772 -8.370139619738795 -0.051495965263669244 0.9967385446399701 -0.06213243267857147 -1.3651988344427919 0.4415092192072461 0.07852688210255097 0.8938138162627942 26.25302260554787
0.892153514598102 0.01997794342040661 -0.4512903590449781 -8.73124271168676 -0.051951939520383156 0.9969305117418297 -0.058570903512273294 -1.4210651993645798 0.4487350023904138 0.07569964686089764 0.8904529527688764 26.96060110065031
0.8889125148403678 0.020675732181547522 -0.45761015620168416 -9.126519002724134 -0.05263254184833006 0.9969747565515182 -0.05719397116501522 -1.4734855281124901 0.45504324684446934 0.07492562243850716 0.8873115544178637 27.723543951165826
0.8869143437226059 0.0212032926458371 -0.4614470362675161 -9.505319691522045 -0.05292720377884695 0.9970317394386747 -0.05591441363408052 -1.522967174871687 0.458891771553219 0.07401439679458065 0.8854039818455092 28.44876886315531
0.8850410299927328 0.022097410616478113 -0.4649882575651233 -9.897487299664478 -0.05360663637932429 0.9970655596161242 -0.054649779171376325 -1.5681257302872158 0.4624161586336464 0.07329375329065944 0.8836284977087772 29.192790050646256
0.8830863768304031 0.021483233913505578 -0.4687183820986424 -10.305185361912917 -0.052796828387596695 0.9971567110959977 -0.05376791262847962 -1.6194800174900217 0.4662305716796808 0.07222855513459174 0.8817097537480275 29.962449609750927
0.8820152075809793 0.021874163906237074 -0.47071296407607593 -10.711965211304305 -0.0534927390434143 0.9971126071730568 -0.05389782450324242 -1.6695373875464818 0.46817486099267996 0.07271842661906412 0.8806385921389844 30.715318475788326
0.8812441415153951 0.020980588999928086 -0.47219548698606884 -11.123747954324358 -0.05282109363670808 0.9971280073415452 -0.054274018112737646 -1.71811222099235 0.4697006441466913 0.07277054253127259 0.8798214324667749 31.47561302479202
0.8810113049872973 0.02171111006749801 -0.4725967712376133 -11.563041781270474 -0.05411585546047892 0.9970144048832257 -0.05507949385323272 -1.7675503132521588 0.4699899516716933 0.07410063532106007 0.8795558772316033 32.27576010403441
0.8810142619668889 0.021213968220877025 -0.47261383577214705 -12.003502601347712 -0.053445205266919454 0.9970618949303242 -0.05487429008131677 -1.8207443937318668 0.4700611452193377 0.07360397564177681 0.8795595343834378 33.09147127574598
0.8807991309258971 0.022191843041940322 -0.4729697802847309 -12.454594641406773 -0.054186587137839685 0.9970626805451086 -0.05412785640089814 -1.872226090057141 0.47037932005407934 0.07330438708975628 0.8794144427395183 33.92039521423664
0.8809183124198158 0.021977667564216385 -0.47275776986937096 -12.892432217978358 -0.05375727969606103 0.9971028172399029 -0.053815673664172274 -1.9234445081925902 0.4702053612232678 0.07282138408933198 0.8795475906943357 34.73268804132512
0.8810772786487372 0.020169791660662493 -0.47254207067022186 -13.344497418159362 -0.0520913678530153 0.9971505217577862 -0.05456488205225621 -1.978931657701853 0.4700950100183338 0.0726912406176993 0.8796173401504329 35.567559926124076
0.8795939561000874 0.018392741892336285 -0.4753695188354843 -13.794374218495761 -0.05063068027530052 0.9971962846381993 -0.05510085406445276 -2.032401234626647 0.47302326222613855 0.07253466033182843 0.8780590620473594 36.39820942485551
0.8786156537052193 0.01732116595765086 -0.4772153709532183 -14.259833165410292 -0.04909953796175026 0.9973222391153405 -0.05419950865004768 -2.0866115552690543 0.4749987036151708 0.0710515909451116 0.8771133923205573 37.254801858017935
0.8769482494312943 0.019107926980486294 -0.48020480520908687 -14.726361771754673 -0.049894935264208885 0.9974294714211338 -0.051429028529988444 -2.1410246923724303 0.47798772291175956 0.06906038420879487 0.8756474176736689 38.0986510299899
0.8750750681993886 0.018869146932453937 -0.48361925138467854 -15.19903138356206 -0.048275100317493005 0.9976595190547574 -0.04842518692546596 -2.1956222628420172 0.481573607774732 0.06572244162743648 0.8739378816376808 38.95243238891164
0.8725806459743547 0.018939002171415004 -0.488102786785457 -15.67620671270751 -0.04830578303862525 0.9976956293703981 -0.04764433292880413 -2.2504514312828166 0.4860756809345675 0.06515171012303976 0.8714847600916726 39.800828938902285
0.8685886805787518 0.016557074616165637 -0.4952570718835 -16.176924317235123 -0.04715616466590687 0.9976677254970188 -0.04934982913453331 -2.311612293666343 0.4932849076390493 0.06621912700844432 0.8673436614824452 40.67967354048588
0.8646903649948622 0.013765678148300844 -0.502116598799691 -16.6683847945148 -0.04582368624195045 0.9976179093590365 -0.051562551384749904 -2.367778354606204 0.50021071806215 0.06759447485721806 0.8632613882854518 41.52233990284986
0.8596871286178929 0.014006445174082179 -0.5106288871404633 -17.180065588316896 -0.04663080694561261 0.9976021105593197 -0.051142906166856794 -2.4214135365937874 0.5086881252126135 0.0677779352088594 0.8582788257707982 42.38187841332049
0.8551848968507182 0.01670029035345565 -0.5180539474808938 -17.696658695646132 -0.048066483242480584 0.9977291080695229 -0.04718304885755871 -2.475841790319858 0.516089532336325 0.06525126215564504 0.8540455885958129 43.232673243824046
0.8513663156788007 0.01879384637372932 -0.5242348594532659 -18.210817233280938 -0.049319671715358275 0.9977990171507244 -0.0443248390288994 -2.5279144461135368 0.5222479933033674 0.06359176606707205 0.8504193793529619 44.05993302429874
0.848441117217059 0.01893267075338473 -0.5289510606791642 -18.743349715680715 -0.05037582805365268 0.9977118663880287 -0.0450922123700461 -2.582237769510216 0.5268870339677926 0.06490443472260157 0.847453519545445 44.90979782027174
0.8466237282680278 0.01623233432504666 -0.531944333606351 -19.25655588494249 -0.0501590528236836 0.9975191740168798 -0.049391971903467384 -2.6342281875432114 0.5298229252810562 0.06849823932804336 0.8453376006398761 45.71949372901095
0.8457055145892832 0.014525134194612065 -0.5334521563082337 -19.7711306068747 -0.05231053504206142 0.997071734393144 -0.05578139831396344 -2.6933696793620006 0.5310798344099397 0.0750798038814453 0.8439888817586608 46.524092901385885
0.8436253760156358 0.013794328263743376 -0.5367550106428716 -20.286787909098404 -0.05296339366710174 0.9969325497357664 -0.0576226536060894 -2.7509334624458663 0.534313675544376 0.0770402997469237 0.8417681915712683 47.34059958924981
0.8423515704453646 0.013554695067795244 -0.5387579252408705 -20.82057151188654 -0.05141492857650351 0.9971451185756337 -0.05530024973052702 -2.8120396676177504 0.5364702572255999 0.07428245245281484 0.8406436702729012 48.17204219014356
0.8410918744054149 0.015771484359968217 -0.5406622967160457 -21.363136299536002 -0.05155329316879632 0.9973617282632634 -0.05110617339587053 -2.871049938419271 0.5384298624450898 0.07085790906313792 0.8396859174420886 49.012113683558454
0.8393302115175643 0.017914181043863938 -0.5433266771946766 -21.887220208943994 -0.05313297223595949 0.9973749242899856 -0.04919499627927665 -2.926605686939565 0.5410191154619709 0.07015940788713194 0.838078739850662 49.80457238283978
0.8379663442038884 0.018365809993657445 -0.5454127822162289 -22.433314068043938 -0.05446323860266736 0.9972583235134935 -0.05009582641263971 -2.9808502682612876 0.5429973863864168 0.0716835630136594 0.8366691730733166 50.63900989328559
0.8355583891363824 0.016714219571930117 -0.5491473510888633 -22.98296853462577 -0.05423916318742979 0.9971637852193646 -0.052177568204319916 -3.038818116220702 0.5467177439232619 0.07338269762750892 0.8340951313659423 51.47164929960189
0.8330230818704989 0.01450916872303766 -0.5530479446611685 -23.52500278805949 -0.05349770296276783 0.9970838701162109 -0.05442197838912827 -3.098379668903321 0.5506455673558845 0.07492155882685375 0.8313700855661519 52.28321889137944
0.8313400821006209 0.012408798934287077 -0.5556254940172755 -24.07433434212682 -0.0518901133632919 0.9971165999233553 -0.055370590501025815 -3.158403049086259 0.5533363209008403 0.07486326112517415 0.8295868900275766 53.1019895013983
0.8285457141477948 0.011594706346062751 -0.559801359726885 -24.628892999996687 -0.05121517394033195 0.9971637939275074 -0.05514865400316732 -3.219289726079708 0.5575742152624906 0.07436350492579066 0.8267896126642917 53.92663016505428
0.82635645734136 0.012270273227560698 -0.5630137172442234 -25.187878188078958 -0.052120475843633086 0.9971378844736527 -0.05476764871018489 -3.278537820830415 0.560730292928847 0.0746021430143261 0.8246308621738576 54.73829461633157
0.8223748041173996 0.012026315207065132 -0.5688189951956678 -25.751978160361134 -0.05277575941431097 0.997078458965021 -0.055220158331734485 -3.342072301564186 0.5664930721298466 0.0754315213321286 0.8206069002990465 55.55116184828999
0.8186088417818064 0.010776821934134935 -0.5742503149895956 -26.32266351010746 -0.052589842625028076 0.9970303106547383 -0.056257160329961114 -3.405007652585376 0.5719386965482617 0.07625234255231847 0.8167445791959439 56.36561725666039
0.814854926213293 0.009358271546514335 -0.5795893994713761 -26.90246798458089 -0.052315846605022885 0.9969764623021707 -0.057454206194569146 -3.4691632403996877 0.577299317009754 0.07713855306596082 0.8128807675243409 57.17695258092691
0.8101016606792242 0.00872163326273629 -0.5862245580645644 -27.502046915568222 -0.052983791158526285 0.9968870045268396 -0.058386797137493535 -3.534667312756972 0.5838904154370348 0.07835964087931671 0.808041923072084 58.00158036982512
0.8065265116277963 0.006848639848969624 -0.5911582547623925 -28.105917722094663 -0.05235002145323868 0.9968323003378037 -0.05987353553189196 -3.603411310957785 0.5888755906771345 0.0792367410704301 0.8043302043123793 58.82549664650408
0.8014583947054925 0.006459716952152927 -0.59801564662891 -28.722377139029316 -0.05252889121525467 0.9968374125526631 -0.05963127135159947 -3.6715993781924126 0.5957391687171419 0.07920508185849072 0.799263034215895 59.6490173949588
0.7966534800907481 0.006126138031425834 -0.6044052474061752 -29.34673706591974 -0.05219477689357642 0.9969106872703657 -0.05869230674591845 -3.7366889259267295 0.6021784934089973 0.0783042274653618 0.7945121207613658 60.466281829290914
0.7926348176853937 0.00557895208961913 -0.6096711581552997 -29.95575569303059 -0.05181706047298758 0.9969566503145996 -0.05824456744995281 -3.802138615800191 0.6074907719766461 0.0777580393726275 0.7905116376601571 61.25530532625582
0.7879041420677461 0.0051609255012244615 -0.6157762806088427 -30.587504707410705 -0.052229555713261294 0.9969216999182583 -0.05847390650611468 -3.8682750394466128 0.6135789569586663 0.07823355469401423 0.7857482895288124 62.0588609524459
0.7837179770628879 0.0032522048874953115 -0.6211083283871057 -31.220661687050974 -0.05154749701332252 0.9968771475489583 -0.05982314139456747 -3.931949763806751 0.6189741416086108 0.0789010510577816 0.7814381844790164 62.85011856954315
0.779998359615345 0.0043874882988811335 -0.6257661775326294 -31.872283662406808 -0.053801789607821726 0.9967429529060308 -0.060073731923044466 -3.996436831505152 0.62346445482671 0.08052475258324801 0.7776939229472223 63.650341023071356
0.7768066777979414 0.0046688149948328 -0.6297218334273232 -32.53082458155129 -0.05431995518570267 0.9967422361320274 -0.05961759118875331 -4.063143312462306 0.6273920048878122 0.08051780472088199 0.7745296348919011 64.45420491427677
0.7743467284592491 0.005760827599607214 -0.6327352977271187 -33.19576570225178 -0.055793901970095774 0.9966853171183166 -0.05920658023996888 -4.130149994152591 0.630296901965581 0.08114919288648614 0.7721014336642968 65.25218165492107
0.7704498990708967 0.0055603063384011865 -0.6374763023164615 -33.85465164331638 -0.05648911090203575 0.9966239350953546 -0.05957946243923354 -4.198171158628751 0.6349928608820282 0.08191346036198 0.768162906967255 66.04267003109764
0.7668619911349596 0.005056376515156544 -0.6417921155709707 -34.52220740474937 -0.05820031768011151 0.9963969175998098 -0.06169202233297477 -4.266297070817719 0.6391677476018791 0.08466177209422876 0.7643932069108186 66.82546766436306
0.7653389737582716 0.003138033666729479 -0.6436197697331415 -35.19140677136315 -0.057641888707518935 0.996303964262455 -0.0636853473033378 -4.33450407756283 0.6410410812989021 0.08584033748549236 0.7626911357473032 67.61320683132163
0.7625333325822549 0.0038551975367070584 -0.6469374422252536 -35.882225486031196 -0.059901153447369196 0.9961073459228396 -0.06466844063553073 -4.406728808814982 0.644169828940067 0.08806414054829242 0.759795984875424 68.4162875814239
0.7598431393775439 0.004668784814606815 -0.6500896907267749 -36.56748389392336 -0.060364333325141704 0.9961608384662329 -0.06340134989464688 -4.478996193780842 0.6472978841330242 0.08741731152699189 0.7572078069079209 69.21402748329722
0.7572154200801905 0.0044420569573497375 -0.6531501172952268 -37.25295479583752 -0.060083592250620696 0.9962107662264772 -0.06288140581059305 -4.550095444488184 0.6503958560254224 0.08685837544211263 0.7546130485755698 70.00247243627203
0.7530109439786006 0.00459127177210969 -0.6579919744738316 -37.95636633143306 -0.061210404602759366 0.9961284092936888 -0.06309895852065664 -4.622244140156218 0.6551547943935261 0.08779016130261796 0.7503766274089545 70.80413036464783
0.750895162142948 0.0035741222963880034 -0.6604117511977861 -38.6719409919776 -0.06064859370340018 0.9961330115881032 -0.06356706148797556 -4.694716926965438 0.6576307501570435 0.08778524291830969 0.7482082247433917 71.60929791822163
0.7487598182827426 0.0036340856173329994 -0.6628314476146405 -39.39018151035031 -0.06120941338092356 0.9960912859541142 -0.06368326122178497 -4.772080047071761 0.6600091986016235 0.08825499117899666 0.7460555705128391 72.41323735059348
0.7481343364766219 0.003393434326895206 -0.6635386192137982 -40.096320170458945 -0.061023122572388636 0.9961010789723176 -0.06370886109247348 -4.843838868905228 0.6607353427025076 0.08815398501289604 0.7454244977394734 73.19854480495829
0.747520636469832 0.0009467697884828728 -0.6642379104497912 -40.81600558767654 -0.05937938252772816 0.9960905185818707 -0.06540464602706429 -4.919216556909301 0.6615791615387859 0.08833335960025217 0.744654437037321 74.00339423312909
0.7455439308446374 -0.0021966044048150543 -0.6664528656325333 -41.56504378859097 -0.05757342208668639 0.9960439349134995 -0.06768885278434582 -5.002770283660588 0.6639650203511891 0.08883498551314868 0.7424680444968146 74.84234127960161
0.7433798083087519 -0.005174010464331625 -0.6688495273337332 -42.30031979620003 -0.05503061021802855 0.9961068180513859 -0.0688682725975794 -5.0835989204820375 0.6666018995906586 0.08800248091535874 0.7402009665049536 75.65882832259648
0.7403723895394098 -0.008324606550799193 -0.6721453903237596 -43.038383696412694 -0.05169633331315564 0.9962566988048456 -0.06928260393812166 -5.165027673464583 0.6702060980994428 0.0860423791642578 0.7371706010538365 76.47784654100207
0.7346380462300655 -0.010160406771573476 -0.6783831566051065 -43.77958019164881 -0.050207925725495955 0.9963320352157303 -0.06929386550932273 -5.249386602433903 0.6765989249367866 0.08496612111375446 0.7314332867987808 77.29272985245863
0.7284523261088189 -0.011433471559555562 -0.685001083440565 -44.527416122355994 -0.04874581625475286 0.9964615926517544 -0.0684699917305906 -5.328853719776609 0.6833601202764973 0.08326806169250073 0.7253174311414727 78.09050647352761
0.7209197231819817 -0.009490802051472645 -0.6929535896462582 -45.311782154265686 -0.05078009178824356 0.9964949113108736 -0.06647762036589402 -5.4126565413273555 0.6911556517928452 0.08311327455920703 0.7179108918151706 78.90573475373292
0.71320443958799 -0.008356504563572124 -0.7009062677587213 -46.08178933615185 -0.05261527520989438 0.9964697749862561 -0.06541880733724452 -5.494018455762837 0.6989785834820467 0.0835353599999392 0.7102469876480381 79.6860437864445
0.7061785660325921 -0.00883428830233941 -0.7079786636801586 -46.86489388849869 -0.05463850511057622 0.996260438419709 -0.06693110337541652 -5.571954219597264 0.7059224225334066 0.08594820643829809 0.703055075491676 80.4613687827987
0.6969457530222523 -0.010320255158648744 -0.7170495866240397 -47.66629884602832 -0.0549107160667148 0.9961929010562747 -0.06770906251104059 -5.656188240709657 0.7150184827018714 0.08656324981505581 0.6937257189813348 81.24761856115039
0.6888995850142907 -0.011137290240044697 -0.7247712208229898 -48.483299167150435 -0.0554909445263871 0.9961373964035033 -0.06805176384208725 -5.735761991310773 0.722729629144058 0.08709907147931481 0.6856206202447048 82.02459447006076
0.6817652313345779 -0.011984786096870873 -0.7314728527057733 -49.306599336628814 -0.05440970804464569 0.9962659380773311 -0.06703554502942513 -5.821258321773806 0.7295448944470834 0.08550172822293078 0.6785673890315436 82.7997032030169
0.6712351334999329 -0.011680672868473185 -0.7411524522233377 -50.139579796971134 -0.054993929648681175 0.9963354428193217 -0.06550841994600297 -5.902744525857138 0.7392016391060852 0.08473043882434274 0.6681329878695642 83.56227365564172
0.6621824954285818 -0.011342268585801021 -0.7492567621925771 -50.971456081231196 -0.05692720236092004 0.9962344691583305 -0.06539247733630127 -5.984117506857021 0.7471771117876506 0.08595484514643353 0.6590433432002158 84.2983615823734
0.6540727310552787 -0.011665534770084848 -0.7563417070269346 -51.81828522673951 -0.05894296867629946 0.9960548647183436 -0.06633575894302786 -6.0665720624266735 0.7541316787760041 0.08796943656435831 0.6508047243966776 85.02921060289198
0.6457584943941439 -0.010730946595004686 -0.7634663147140047 -52.68498480933276 -0.06243231219656675 0.9958109782042872 -0.06680345860515818 -6.152503967680162 0.7609850020280288 0.09080386816097549 0.6423834401783761 85.76265909323537
0.6382279080846276 -0.011112907197883406 -0.769767263941207 -53.554832496859525 -0.06468107286819391 0.9955863552964117 -0.06800123499045388 -6.232081694539892 0.7671254761475075 0.09318965844566002 0.6346922020981837 86.4832206238862
0.6309993126785065 -0.009803652084246692 -0.7757214421459957 -54.43083885133967 -0.06769542256776452 0.9954101436964742 -0.06764595767328896 -6.315783096779773 0.7728241696289164 0.09519734361827356 0.6274394541351382 87.20142627060847
0.625429541129241 -0.008027674633867894 -0.7802393514318796 -55.33668036078881 -0.069793472271827 0.9953633565415688 -0.06618655212763153 -6.392439589105999 0.7771529838526704 0.09585063846566033 0.6219693680516882 87.92059992463304
0.6199296876326108 -0.006627608959509659 -0.7846293756871543 -56.25262553094422 -0.07034048142478398 0.9954688662074667 -0.0639840064746702 -6.474218766455013 0.7814981759829407 0.09485679317318738 0.6166545140710769 88.64170448462687
0.6146777416152089 -0.005399197741935133 -0.7887598637269586 -57.18427827981337 -0.07250619754715168 0.9953561085519491 -0.06331720528872223 -6.555044757283576 0.7854388106530517 0.09610965524890963 0.6114317696095418 89.36118098062555
0.6109033325425577 -0.0061160310715702645 -0.7916815726365803 -58.102959659636255 -0.07407493998346776 0.9951420216939646 -0.0648479754911044 -6.636073878334225 0.7882322129644558 0.09825960931522583 0.6074825327714175 90.0594557504329
0.6069788690143652 -0.007856395160215773 -0.7946791362714445 -59.0228277483002 -0.07428365735647338 0.9950124109713245 -0.0665750723828254 -6.7202304664867345 0.7912386434065191 0.09944133480660303 0.6033679061004926 90.75673089727005
0.6024191988183117 -0.008274860174769978 -0.7981369779581645 -59.94939784872111 -0.07616272813716088 0.9947876208323635 -0.06779991357952304 -6.80501973853513 0.794537820206067 0.10163225928696988 0.5986489256103428 91.44539458467754
0.599475997547777 -0.010835524648831217 -0.8003193861013753 -60.8692993744827 -0.076197592210512 0.9945943144652782 -0.07054131112095813 -6.892299267280559 0.7967574632881818 0.10327023307288438 0.5954097779308415 92.12751982073742
0.5970679720511858 -0.010519179889411652 -0.802121676309236 -61.79074055655912 -0.07707157432493769 0.9945361625057855 -0.07041160344248382 -6.978307813668069 0.7984796861422088 0.10386129366958699 0.5929949599242137 92.81187805779606
0.595331807734276 -0.009397415035707894 -0.803424997924813 -62.700178909286684 -0.07795724066395537 0.9945383414086795 -0.06939853093643511 -7.060090377958177 0.7996891316804934 0.10394794879515348 0.5913477121063198 93.48124051357703
0.5938759082731857 -0.0074466650383401695 -0.8045221890989119 -63.62371056736118 -0.07796609310427059 0.9947182788685995 -0.06675952374565998 -7.146067848357775 0.8007700630635207 0.1023723247000765 0.590158633959334 94.15659940426073
0.5918978462000082 -0.006108041746660908 -0.8059898457733898 -64.53942973915208 -0.07979274427618992 0.9946151278431681 -0.06613520565019412 -7.229477706289272 0.8020536500912308 0.10345742743534636 0.5882231745551973 94.82242971685679
0.5899344042326982 -0.005521126922115448 -0.8074322980040627 -65.45585702097893 -0.08086979476145531 0.9945446427926448 -0.06588649169359856 -7.310375763225582 0.803391234080788 0.10416559244760445 0.5862696089276571 95.48405261338722
0.5891309538490859 -0.005509092965626239 -0.8080187925485166 -66.37207921393842 -0.08031809975933225 0.9946252855052192 -0.06534174993609704 -7.391396852779004 0.8040358960070854 0.10339338145334823 0.5855220632937124 96.14488544063357
0.5868894540530453 -0.005199362789345262 -0.8096503784646206 -67.26902733810917 -0.07978378942175252 0.9947412996178936 -0.06422066474281993 -7.471778542849788 0.805726576244587 0.10228740617050075 0.5833883533908498 96.79078674036542
0.5861231889604176 -0.005554762448566862 -0.8102029079045636 -68.17315252612266 -0.0793510468071987 0.994775637417748 -0.06422493729631161 -7.556676431114494 0.8063268684184304 0.10193417392736055 0.5826202926883634 97.43939351531296
0.5832110772385735 -0.006082537674231531 -0.8122978777035333 -69.07380580024497 -0.07843462992316609 0.9948779656295794 -0.06376395795091215 -7.639936233674644 0.8085251067314106 0.10090013003059643 0.5797467684642753 98.07923968111014
0.5823036453937487 -0.0055480656079013035 -0.8129524485043156 -69.94747502648991 -0.07694080474977485 0.9951121456684012 -0.061902585630066086 -7.719399859241054 0.8093222949638843 0.0985953168829081 0.5790305573656286 98.69981702523101
0.5820725420832755 -0.00577485270816664 -0.8131163550371574 -70.82389708030071 -0.07625152384455527 0.9951807028145773 -0.061652849543773924 -7.797106220750241 0.8095537418010597 0.09788779199513586 0.5788270202005261 99.31624005933828
0.5808314025778404 -0.007326844601543182 -0.8139909085042927 -71.70216675821533 -0.07501093304168652 0.9952232117401657 -0.062482947576159464 -7.875783785174059 0.8105604491360743 0.09735027561221543 0.5775073005032502 99.94057660163347
0.5793250351641838 -0.008540806496381628 -0.8150518745800225 -72.55174154361966 -0.07424950072391129 0.9952347666099434 -0.0632042005969674 -7.951522556297737 0.8117077770197026 0.09713297048501689 0.5759302655447878 100.53985039619184
0.5789654163431944 -0.010338947879962264 -0.815286546457923 -73.41492922534239 -0.07394287189001428 0.9951334749173186 -0.06512924685300195 -8.032391272984933 0.8119923019186873 0.09799221017875731 0.5753833751239896 101.1465825228172
0.5781706772559831 -0.0107184397007948 -0.8158454406391803 -74.26773498768345 -0.07548776958580988 0.9949222876077379 -0.06656754663006145 -8.111504174978117 0.8124163123696603 0.10007375615897585 0.5744257817367849 101.74202565238231
0.5796812878234225 -0.01078272030162921 -0.8147719542855383 -75.12777841482306 -0.07713217899310265 0.9946964846965096 -0.06804065179128212 -8.193475088594754 0.8111844620745361 0.10228702887122766 0.5757752445299662 102.34192092149557
0.5825758070377371 -0.010133485617210287 -0.8127131975817639 -75.96391118067777 -0.07972643133638119 0.994387574234989 -0.06954889182021348 -8.273075587728588 0.8088566777870445 0.10531222472391444 0.5784982369229877 102.92912134988268
0.5864048394008134 -0.009833406159370936 -0.8099584362488061 -76.77405604370199 -0.08167389982750008 0.9941125974001088 -0.0712005461873486 -8.34861052839537 0.8058900287348603 0.10790480903886594 0.5821493053951127 103.50292277452883
0.5916695208211775 -0.009447488955786815 -0.8061252527266893 -77.59359384638029 -0.08327271420701102 0.9938664855526534 -0.07276719016022994 -8.428864745226894 0.8018683390681016 0.11018236631897087 0.587253789219377 104.09342773802571
0.5961538512812894 -0.006908183132153377 -0.8028404963679266 -78.42364415538074 -0.08676368129061965 0.9935524931389623 -0.07297607132651031 -8.51113586570478 0.7981683088242643 0.11316236292674685 0.5917107658353438 104.69929145284354
0.6007942197363398 -0.004931244905690781 -0.7993885090211661 -79.24440836020503 -0.08843091739930581 0.9934337713005181 -0.07259004675261732 -8.593751841818348 0.7944975005494479 0.11430233971056811 0.5964131929772933 105.30128616641346
0.6070682063634697 -0.003672720392687172 -0.7946412422895989 -80.06461679004833 -0.0898414774214712 0.9932605695030554 -0.07322533718046897 -8.681438033395874 0.7895547490563065 0.11584451732983839 0.6026469497535433 105.91479227945503
0.6125041637138704 -0.0021703520362625836 -0.790464381870057 -80.86163235241887 -0.09170785394762701 0.9930483449032128 -0.07378790015517885 -8.764418344043222 0.7851294918403544 0.11768718816009081 0.6080472076948289 106.5222645668614
0.6200207414832735 -0.0025091957225958778 -0.7845814069090331 -81.65054036261337 -0.09181748905173377 0.9928916307853999 -0.07573478870733123 -8.849063091940181 0.7791943459976893 0.11899543458946256 0.6153830170813122 107.13103187432793
0.6279192120099706 -0.003138692722850618 -0.7782721964690562 -82.43682831360417 -0.09416965709504713 0.992338351775158 -0.07997919278639971 -8.935485770568267 0.7725603787869133 0.12351009757972979 0.6228127462764926 107.75291389173735
0.6348334782298011 -0.0022371266730660186 -0.7726457468872145 -83.20021089696098 -0.09669672596104406 0.9919036842834684 -0.0823214692124503 -9.018556958770102 0.7665743265379215 0.1269727386848465 0.6294773431377829 108.36386378944489
0.6432085824125966 5.2076983074342276e-05 -0.765691006084547 -83.98101999471571 -0.09922137877622325 0.9915741016672017 -0.08328216433683318 -9.10844539486988 0.7592350344290779 0.12954072020360968 0.6377941394404678 108.99886707723385
0.6520247783350368 0.001968832033594263 -0.758195101631216 -84.72582547747623 -0.0999795889257033 0.9914876319152036 -0.08340478138230042 -9.195427455943095 0.7515768558407009 0.13018601867944743 0.6466713464388236 109.6279267094302
0.663415842535992 0.004471870488589054 -0.7482375439969535 -85.46082554557815 -0.10106579565672216 0.9913539772123507 -0.08368391012331823 -9.28285130412784 0.741394041532931 0.13113845446545117 0.6581318871927413 110.26247357202794
0.6724273019020148 0.0043318965219484445 -0.7401504970810326 -86.18874946430543 -0.1006279926811968 0.9912332523362685 -0.08561919499631139 -9.37310164160469 0.7332908909469213 0.13205254308564648 0.6669682114755424 110.90656773309546
