1.0 0.0 0.0 0.0 0.0 1.0 0.0 0.0 0.0 0.0 1.0 0.0
0.999928137452228 0.0023252901038254012 0.011760652926244203 0.0013313581002876163 -0.002305293714695209 0.9999958746760065 -0.0017135494909355962 0.010734375566244125 -0.011764588909414193 0.0016863145916318613 0.9999293729013519 0.06625551730394363
0.9994556109470591 0.006357620639605958 0.03237379196578198 0.0023329921499682885 -0.006300292936210044 0.9999783997778704 -0.0018725081061479946 0.019284223562763252 -0.03238499738086782 0.0016675243603931147 0.9994740773562608 0.1741879540445696
0.9982259642262095 0.00818665331435383 0.05897374883933496 0.018626031774816892 -0.008095000713022889 0.9999656277067858 -0.0017928659821947312 0.022443770018256384 -0.058986399348583234 0.0013122928349006565 0.99825792387509 0.30528698904227447
0.9962954028781117 0.009350384108075007 0.08548707809354925 0.043973909924789015 -0.009242741159512409 0.9999559155722618 -0.0016548860679638218 0.027645864589840134 -0.08549878326502305 0.0008586204464976906 0.9963379049454706 0.47748091206196436
0.9931403715138407 0.008141752164263792 0.11664439266868487 0.08215019190486743 -0.008112337313492382 0.9999668302272883 -0.0007269308784388234 0.03254974539787919 -0.11664644209174474 -0.00022431425637821383 0.993173477913326 0.6652179989711757
0.9882863149211238 0.007015113859482063 0.152449820981082 0.1306030210777976 -0.007042944582571335 0.9999751342702573 -0.00035745319674965913 0.03378468178683225 -0.1524485377799088 -0.0007204295382201853 0.9883111475188613 0.8433798315223058
0.9816710842123457 0.008659329842784409 0.19038618234533589 0.18271115666996732 -0.008581626934170382 0.9999624174860039 -0.0012325967343618858 0.040463314196298 -0.19038970061565919 -0.00042381861769097884 0.9817085016832945 1.033732799830351
0.9734434411912373 0.009366911664617134 0.22873593457878333 0.24927153741271255 -0.009653710950196941 0.9999533927414046 0.00013494385628187635 0.04791173467380668 -0.2287240098167489 -0.0023395108081733776 0.973488497118752 1.2651265327561703
0.9637976262584693 0.006923078133740767 0.26654494294151204 0.3328277113501028 -0.008108252563413944 0.9999615289773658 0.0033461628198027103 0.051498344812850844 -0.2665115229383294 -0.005386237499670737 0.9638166820441995 1.5021594307002357
0.9520949194564976 0.0005907735306688382 0.30580208523121777 0.43968239276549115 -0.002657867105054272 0.9999763491162993 0.006343260241320054 0.05169946442799409 -0.30579110531141585 -0.006852167151544276 0.9520739717678192 1.7366794985031893
0.9388529219230408 -0.0027914716252424353 0.3443071284227706 0.5422636661074919 -0.000269600140081291 0.9999608694918061 0.008842330063718675 0.05581448212568806 -0.34431833862333455 -0.008394472666983992 0.9388154315499453 1.9507525160564008
0.9228726279768945 -0.0025864583612710186 0.38509664081132433 0.6718331639452284 -0.001965865652245482 0.9999327764082252 0.011427074725233214 0.06086234184751418 -0.3851003088849164 -0.011302782740730424 0.9228055045344377 2.1984622494002224
0.9050837977743191 -0.004189015913819151 0.4252126187592381 0.8259777027634644 -0.0023345248544455 0.9998874582465831 0.014819609809019306 0.06468056520054553 -0.4252268441668745 -0.014405658154398046 0.9049721586949618 2.4750005619694853
0.8842728777663565 -0.009020941868828061 0.46688339042485305 1.0051390385503804 0.0006499249029320014 0.9998361965580418 0.018087499826387084 0.0706131539937071 -0.4669700796029945 -0.01569084638087534 0.8841338937601165 2.767692825995102
0.8608560527471479 -0.01235464240927971 0.5086985544107024 1.1721586056888829 0.0024762802162624055 0.9997950838556084 0.020091250196226876 0.07438061680642198 -0.5088425340760049 -0.016035994172350725 0.8607102430005199 2.9973391732433807
0.8366566282990981 -0.01581524768977409 0.5474993737564418 1.3602979639312123 0.0039796139391316855 0.9997321897651905 0.02279718009300071 0.08036554674382117 -0.5477132908703972 -0.016894575691870292 0.8364955016711755 3.234713540015512
0.8091688769714303 -0.018461946130245717 0.587286033450378 1.5722471411989305 0.004538403062674913 0.999672815681668 0.02517269323546202 0.0881331444427677 -0.5875586195763238 -0.017703619182807724 0.8089879173568633 3.4892540825681584
0.7792116430022075 -0.020895626814254373 0.6264124744845364 1.8015007120123792 0.004840841347830537 0.9996149326574557 0.027323115914468697 0.09493609734441687 -0.6267421971312014 -0.01825812663637133 0.7790127464598282 3.73715813279527
0.7469299408946231 -0.019977515711597532 0.6646025596257872 2.0636266294349785 0.001139598112400433 0.9995855199963373 0.028766117739356865 0.11068356102556025 -0.6649017707235387 -0.02072889480037955 0.7466431197091805 4.000764130432988
0.7139547327837955 -0.021351049374348854 0.6998662530985714 2.345812501057941 -0.0004589302209682105 0.9995204920495147 0.030960868142685772 0.12130250938865199 -0.7001917086903212 -0.022425848115748267 0.7136025871713316 4.2568149337627
0.6811315452258726 -0.02155892238727248 0.7318435836732567 2.6341871852309486 -0.002304643816437234 0.99949830045966 0.03158854214950261 0.13474122255990997 -0.7321574330122552 -0.02320259131543515 0.6807401362055527 4.496685503189279
0.6488309350358735 -0.02349075850198567 0.7605699192089281 2.939289339581001 -0.00301458211905211 0.9994361799620883 0.033440013119552456 0.14494678523619403 -0.7609266259207399 -0.02398971545870724 0.6483942963329402 4.734387870577401
0.618407204561216 -0.0230399935151395 0.7855200112317986 3.2688317160313947 -0.004958498473010525 0.9994358313262938 0.03321795228507741 0.16011992697805327 -0.7858421868541265 -0.024437220790074658 0.6179440748161452 4.977382735927776
0.5904476474605392 -0.022722494080514417 0.8067560126029901 3.6091362818083454 -0.005578610209667247 0.9994648114389244 0.03223305451681539 0.17440343001896735 -0.8070566614039213 -0.023532508538538433 0.5900048866962377 5.219614176357653
0.5601584106206774 -0.022242560956778276 0.8280868453809664 4.0049091051368775 -0.005564112254391943 0.9995158860817103 0.030611013134394315 0.1874817423514024 -0.8283668243391553 -0.021754584628936 0.5597634700316603 5.4741456104218145
0.53399499477948 -0.020505032172087052 0.845238953909535 4.393054095774648 -0.005742862165560327 0.9995948424329806 0.02787777816707224 0.20056002516565585 -0.8454681336896209 -0.019740684816054097 0.5336608850931298 5.713218396687939
0.5117095566320293 -0.01904623077800249 0.8589473620336717 4.812938113825035 -0.005243453082262082 0.9996663988333238 0.025290259852137217 0.21656611198687453 -0.859142500317163 -0.017445117849002288 0.511438981709459 5.959734811677415
0.4898044015475933 -0.018126962498861542 0.8716438845395343 5.282111197859189 -0.005286067468304109 0.9997037031844002 0.023760541452534183 0.2335199926083185 -0.8718163256760708 -0.016245586168615943 0.48956345371638355 6.21987300862237
0.47397338006397904 -0.017738350659051647 0.8803604863387634 5.771296059674843 -0.005183636774375898 0.9997235382595014 0.022934187574339286 0.24768749121759473 -0.8805239150077179 -0.015433663395323961 0.47375039539158337 6.482144918192135
0.46256931873244883 -0.019015870040649193 0.8863791638198608 6.290052364119837 -0.003434175926283571 0.9997240238149635 0.02323967820186144 0.2620764785156354 -0.886576466980207 -0.013793944099345912 0.4623763567734391 6.745675475343599
0.4523969607906857 -0.019328015649569995 0.8916072104230656 6.8321820862281 -0.004766762073285326 0.9996984338469497 0.024089818249472743 0.2760017304094549 -0.8918039402507075 -0.015148239996973862 0.45216840112761814 7.0220263818416875
0.44572816575697677 -0.01936950472315964 0.8949587837088929 7.3702397789515945 -0.006954720829282972 0.9996607706807508 0.025099311149006986 0.28695155812749545 -0.8951413486757877 -0.017411658414620508 0.4454422521967856 7.295317753365529
0.435927167749463 -0.02056175708403716 0.8997470303166045 7.946328598342173 -0.00818394901120313 0.9996070740839176 0.026808961560862956 0.3012861311003898 -0.8999447357457645 -0.019050238502623735 0.4355876042961732 7.576588601733093
0.42456681549771036 -0.020952584066069944 0.9051541351610164 8.558128152840276 -0.010178668634176434 0.999558553957825 0.02791221801608964 0.31241004376651077 -0.9053393915449437 -0.021063865521227527 0.4241661227471317 7.876417021426788
0.41375774765621015 -0.02116135856778978 0.9101410457495177 9.154393810348303 -0.011194857112759755 0.9995359603129366 0.028329123098340816 0.3230924758496044 -0.9103181869152593 -0.0219102931258686 0.4133288492549893 8.147996076137442
0.40313442918893866 -0.021602518266995763 0.9148857651133462 9.841288505952996 -0.012049379758809407 0.9995093889108069 0.028910100770724104 0.34123959631315925 -0.9150614429916368 -0.02267846299178017 0.40267635002119734 8.454039172922208
0.3918928290748638 -0.022886731474368753 0.9197261592681379 10.525367504061428 -0.014502108513729607 0.9994126522814197 0.031048982406427644 0.3603858397826822 -0.9198965699296612 -0.025505842119772894 0.3913307458524127 8.753325858194763
0.3814251257652191 -0.024173629743952405 0.924083605016337 11.179205417715544 -0.016377243429856258 0.9993244013559827 0.032901774300886366 0.38138709602940457 -0.9242546506956979 -0.02768350554950612 0.38077153804855796 9.030281309705307
0.36927266825154825 -0.026853396327391362 0.928933039345714 11.892827334495355 -0.016013082063645257 0.9992501688506368 0.03525168442495798 0.39875723528962714 -0.9291831238702115 -0.02789256455864011 0.3685657704632067 9.309510408625828
0.3575006477040442 -0.028021323953946214 0.9334924168385392 12.627166057104628 -0.017913183563139368 0.999160143572674 0.03685275227804593 0.4169919596761636 -0.9337410801425747 -0.029896703826705475 0.35669844736762746 9.591616709749038
0.34352152280768133 -0.027910888676923262 0.9387299641862703 13.335376508068093 -0.019100254326965396 0.9991438978102343 0.036696753987482476 0.43459633079683013 -0.9389505544236807 -0.030536105872179708 0.3426943282075531 9.85126759126324
0.32990961484864 -0.025980457462760297 0.9436549485169078 14.045447635645614 -0.021182121732707653 0.9991658097669697 0.03491421360444386 0.4542287125029621 -0.9437748480169 -0.031507148756142335 0.32908408625750285 10.10464913307504
0.31588078799218083 -0.025026882293021243 0.948468756965737 14.737981739860494 -0.02236293332558086 0.9991779609415411 0.03381274289051204 0.47218073985538855 -0.9485353061381082 -0.03189133944185329 0.31506144714656853 10.343035893014193
0.2968915794071626 -0.02276923940281541 0.9546396973801885 15.471915921438406 -0.0261319639727104 0.9991475462257577 0.031957805462461214 0.4875602887169178 -0.9545535660904785 -0.0344346135169952 0.2960434881159958 10.570432171799538
0.27511215203652006 -0.02072209659736292 0.9611887944178523 16.19775624965422 -0.030291063947279713 0.9990845144065321 0.030209013853578746 0.5038474641030138 -0.9609348340271449 -0.03742629804927895 0.27423259647159026 10.787773982462546
0.2504561250559174 -0.019398622220867003 0.9679335839188073 16.92389164710956 -0.034013139679527564 0.9990056945350362 0.028822363118088 0.522827877402647 -0.9675302764002353 -0.04014119757184702 0.24954728711485197 10.990350820530574
0.21929090136490897 -0.019691678060787386 0.9754607826015951 17.674080634236752 -0.036958639147454876 0.9989110622479915 0.02847364941411123 0.5388458514775426 -0.9749592604672948 -0.042295715311835146 0.21832432960008424 11.167932137243831
0.18809978065271393 -0.01947785449506286 0.9819567636625708 18.408785210716804 -0.038417223792686195 0.9988922634253974 0.02717283542343754 0.5518363131093187 -0.9813982827753793 -0.042835257127227744 0.18714313055087195 11.31162411185404
0.15394664838551148 -0.018195862123461012 0.9879116053840301 19.15039190626793 -0.03884302287413251 0.9989461036877658 0.024452024477144715 0.5641404508849875 -0.9873153746523283 -0.04213778030004976 0.15307762229182104 11.426198123155151
0.1206583753101253 -0.017002164890000997 0.9925484788445219 19.918311230257192 -0.04020800273135356 0.9989491135400754 0.021999660766775862 0.5760795617377279 -0.9918794649471662 -0.04256283527387444 0.11984795396489928 11.524623703771335
0.08955839562890944 -0.015514644901769351 0.9958607279966151 20.64582035555209 -0.042689296835252716 0.9989000062135907 0.01940107013029662 0.5877478192436049 -0.9950662880974753 -0.04425012293837168 0.0887975726686917 11.598848897297204
0.05651102440675587 -0.012810039171655335 0.9983197919589293 21.407697454285394 -0.04224544679793468 0.9989914803627447 0.015210009450853188 0.5936382098012316 -0.9975078076613446 -0.04303399887383032 0.05591286610061458 11.643564313755189
0.026129395641444675 -0.010580584739477376 0.9996025739812716 22.13223228782167 -0.0397737421617622 0.9991411974408865 0.01161537820482766 0.5983333857267388 -0.9988670102260172 -0.04006143785440388 0.025686126200251014 11.655541709499714
-0.005068278242751134 -0.0073755818630627246 0.9999599558721517 22.863841761101256 -0.036187973519253076 0.9993191538829341 0.007187437322612324 0.5982939683866813 -0.9993321485513333 -0.03615009647121156 -0.005331734886338868 11.641979954953383
-0.03641285154271884 -0.00595424058819766 0.999319093814156 23.587766244895715 -0.03443152947452495 0.9993960070414922 0.004700094421029831 0.5964794722593195 -0.9987434976111599 -0.034236940992727956 -0.036595872047098854 11.607539876049039
-0.06464194560613623 -0.003081190490392318 0.9979037654670991 24.268339213906554 -0.029733026661973753 0.9995572024290347 0.0011602576266424164 0.5922431308397358 -0.9974654710784588 -0.02959569795432674 -0.06470493542864086 11.555819655553822
-0.09326270426551275 0.002335512683091713 0.9956387966394192 25.00415419670361 -0.026578572919888185 0.9996350367708395 -0.0048345342800168965 0.5815639061605588 -0.995286716205248 -0.026913540099169225 -0.09316659221365087 11.48159695372396
-0.11640781382730414 0.010976124401371636 0.9931408488090063 25.7699481374726 -0.024428025478863573 0.9996048022927728 -0.013910816095072377 0.566426235496384 -0.9929010486705874 -0.025879797648987648 -0.11609368467964032 11.392411215949032
-0.13733578174857347 0.022055118018767476 0.99027897827869 26.49641144257039 -0.026316454973434895 0.9993179264915613 -0.025906099479423086 0.5530321233130973 -0.9901748973030671 -0.02961846656707314 -0.13666169612980733 11.29389350500192
-0.16005811867778746 0.032725696777304386 0.9865649636064354 27.244567098897967 -0.028113770647076666 0.9988937103224247 -0.03769577401120218 0.5280259233270519 -0.9867071574410166 -0.03376957578560892 -0.1589610052998192 11.182731561150423
-0.1832646728419366 0.041015809019402424 0.9822075967424716 28.00200381044829 -0.02554812476587093 0.9985930691558318 -0.04646692969073357 0.4977388567756297 -0.9827315772931514 -0.03360930889530446 -0.18195895511486804 11.042516659101308
-0.20748763875601778 0.04508841317605252 0.9771979915865148 28.737255589578055 -0.02371578374305442 0.9984117724790207 -0.05110278051880604 0.4615781848424466 -0.9779501221253082 -0.03377821150632698 -0.20608879412168174 10.88833034323832
-0.2302678425658377 0.04479616606102804 0.9720956867440095 29.43048753745713 -0.02190811441941626 0.9984480887561396 -0.05120008380655157 0.42618238703754385 -0.97288064797418 -0.0330865163691335 -0.22892908778024407 10.728900317329492
-0.24991121391519489 0.04149255858880356 0.9673793220558257 30.126836091868178 -0.02030415137818732 0.9986371660337634 -0.04807860285892004 0.3847715727477058 -0.9680558489034844 -0.03165719819896897 -0.24872815523367242 10.555566973931734
-0.26746347843485796 0.04025338696382042 0.962726831734458 30.821404149526998 -0.015707914830659142 0.9988121151825646 -0.046126131164495016 0.34301329116326046 -0.9634399561546113 -0.027459486566073523 -0.2665134658555335 10.362709306170236
-0.28184832308992497 0.0402001777345437 0.9586164344937492 31.527613477288654 -0.014313196778568444 0.9988345100606655 -0.0460950529867203 0.3002512113991723 -0.9593522060064154 -0.026712679049127053 -0.2809444386504974 10.15612080974283
-0.2922526919208758 0.04323944068209362 0.9553631324446751 32.2341909172232 -0.012951729863609086 0.998706780445452 -0.04916319137138938 0.25707437826791424 -0.9562534270571489 -0.026741680234784536 -0.29131471946964627 9.945565871219749
-0.3002468131625259 0.04490443522633505 0.9528039897495977 32.94988508107012 -0.013446192306033854 0.9985927876148972 -0.051299555904295885 0.2121604498666156 -0.9537667697598908 -0.028214113853047076 -0.29922050845700887 9.72063237890444
-0.307561222238469 0.04657429910746794 0.9503877783504096 33.664296965203235 -0.018342856047783327 0.9983255817315373 -0.05485957065451526 0.1674692210898954 -0.9513514777447867 -0.034305502809834534 -0.30619193044522747 9.497294554351043
-0.3168496596307133 0.04581983349392748 0.9473683739974064 34.37369035913163 -0.01844296518948422 0.9983459590408594 -0.05445367849655273 0.12019637209836666 -0.9482964463852643 -0.034725911440525455 -0.315480523721678 9.263850293019859
-0.32485794687035746 0.04641666739041225 0.9446231033293352 35.09478431413793 -0.01818605834342484 0.9983036722861729 -0.055308635689835385 0.07095403560029817 -0.945587955526669 -0.035146420704094815 -0.32346274511075485 9.020764745676756
-0.33156594697623554 0.04852855042298537 0.9421831046031319 35.78380833145893 -0.016305829947022964 0.9982322265282172 -0.05715366856342021 0.02450501745571817 -0.9432911229919909 -0.03431328772301314 -0.3301885152002515 8.780776605322423
-0.3376567476154357 0.049994830377478885 0.9399406564912983 36.49629967272201 -0.017630875787393033 0.998077320574587 -0.059420656119086604 -0.02339322521696064 -0.9411041775535455 -0.03663576244846477 -0.3361260892895465 8.531481076269285
-0.3391381533931514 0.049555507199323875 0.9394304469301075 37.22710393371523 -0.02130062601680328 0.9979510605274631 -0.06033211519087069 -0.07284687083993033 -0.9404953993743809 -0.040471378754991356 -0.3373877165180949 8.283044698717207
-0.3395556311000633 0.04932593063869378 0.9392917150464306 37.92945411696674 -0.02116472198094005 0.997970457916858 -0.06005846875076435 -0.11932094048048986 -0.9403478228462634 -0.04027303926752728 -0.3378225190487589 8.03840551406558
-0.34014541734143217 0.0474219860242201 0.9391763680497618 38.67782134182158 -0.025776260814178113 0.9978822074284923 -0.059721725327377725 -0.17050118657966926 -0.9400195101379878 -0.04452252619919447 -0.3382026984232675 7.782095191432813
-0.33707515858092946 0.04671988456977001 0.9403178132171212 39.428094229645595 -0.029713816301542254 0.997742499053935 -0.06022453571765385 -0.21869028167764093 -0.9410087282211784 -0.04824062569449249 -0.3349259850238026 7.527314891938599
-0.33226130181321656 0.04604422627315784 0.9420628198502968 40.15486351865563 -0.033631260123794596 0.9975941848957659 -0.06061996869545601 -0.26238009813049123 -0.9425875904444491 -0.051824429461969426 -0.3299134172037703 7.285324352265875
-0.3292706232236287 0.045795241992842954 0.9431244098700554 40.936121606071076 -0.0365814976338903 0.9974546341962358 -0.06120495691784426 -0.3142970118029159 -0.9435267090616911 -0.05465389767683954 -0.32675725050248655 7.022881429043757
-0.3268419226931356 0.044632645965869064 0.9440245147687322 41.737795885166676 -0.040781231780318075 0.9972877463480152 -0.061270238440676285 -0.3680671935988621 -0.9441987336915544 -0.05852416507890346 -0.3241352702145863 6.758545213207465
-0.3265682968149529 0.04322090627007074 0.9441848869668349 42.550618520605425 -0.0453058000247974 0.9970898315537823 -0.06131274171135618 -0.422597683968729 -0.9440871421640559 -0.06279984930908807 -0.3236597703256646 6.491019001881599
-0.3270835408355048 0.042075110654417644 0.9440582833585686 43.36654345598892 -0.049057490218000044 0.9969052460844612 -0.0614271355574282 -0.477994315551564 -0.9437212088154104 -0.06640493500259105 -0.32400719843744547 6.224730429083997
-0.32809567733370354 0.04148255536983951 0.943733237792824 44.196615220004105 -0.05123244999025407 0.9967835783754508 -0.06162575718827366 -0.5346486418865205 -0.9432541876837519 -0.06856891045525039 -0.3249151303587529 5.947611253687718
-0.33030318559751354 0.04141361870620272 0.9429659154867644 45.04212573259561 -0.052365152041839655 0.9966942944992983 -0.062115812513248325 -0.5929028602189932 -0.9424211884480154 -0.06989560428384076 -0.3270426700998314 5.662435009295088
-0.3302280675894079 0.04110077084581143 0.9430059119708878 45.923181823063295 -0.053752970627837016 0.9966113685034675 -0.062260728539976454 -0.6568323138049877 -0.9423693763725818 -0.07124960916051291 -0.326899757830479 5.360231547083255
-0.3310662326036833 0.04040257157914761 0.9427421608474907 46.797606305746946 -0.055577991875068185 0.9965135184256991 -0.0622245483227405 -0.7197806097413626 -0.9419693394419689 -0.07299616294454159 -0.32766648248887953 5.063688692951048
-0.3325460117087213 0.03952869219566706 0.9422582621499921 47.68937034339882 -0.05754588948584561 0.9964089787257828 -0.06210972321565409 -0.7869860011993656 -0.9413297088161544 -0.07487743056450673 -0.3290771181534073 4.756096816079612
-0.33336911852108186 0.03880460081604764 0.9419974701515837 48.60772977743409 -0.06029199166063133 0.9962299644903376 -0.062375745231420636 -0.8549757040007746 -0.940866572133409 -0.07758905081960937 -0.32977269843763724 4.44458974414578
-0.3343387809452488 0.03854971186901282 0.9416642178987483 49.5304179339154 -0.06122259802427875 0.9961642921382775 -0.06251796989508009 -0.9297451721051925 -0.9404623187811422 -0.07855331172815473 -0.3306962415409901 4.126614192774446
-0.3334019821916526 0.037902339940301955 0.9420225745159865 50.43303451562044 -0.06503775395837756 0.9958865487923627 -0.06308781573716922 -0.9969646816305319 -0.9405387864573831 -0.08230063524352206 -0.32956546634589345 3.8215123906336643
-0.3331268688306938 0.0369878832878766 0.9421562427500763 51.309707333153014 -0.06739823299270122 0.995740068218997 -0.06292213229611046 -1.0655304610571343 -0.9404700779145074 -0.08446071887635154 -0.3292148531193126 3.5257776945407047
-0.33118567670368265 0.03631558974698768 0.9428664939892883 52.23077567365322 -0.06647321030914846 0.9958783230129444 -0.06170638592659407 -1.1360797984467388 -0.9412212066552261 -0.08311163392843705 -0.32740662248681834 3.2110371975913
-0.3290999930359621 0.03499155671607742 0.9436465363377938 53.13431012731192 -0.06732652452715734 0.9959005094316338 -0.06040955560924609 -1.2104982122924763 -0.9418918906534995 -0.083413226004022 -0.32539499081697326 2.9065856390729037
-0.3273523457211576 0.03505429774945815 0.944251893278562 54.00943559713172 -0.06781015019509667 0.995863501129866 -0.060478679283564894 -1.2823553798754797 -0.9424660340199931 -0.08382770023481621 -0.3236212159175718 2.60783895088412
-0.32637204915449664 0.03467331202270668 0.9446052333986251 54.92774593503225 -0.06994900645165891 0.9957010469964578 -0.060717061083219295 -1.3525384049277087 -0.9426496814973847 -0.08589054920964022 -0.322543627327135 2.3051593374338277
-0.3238589483849264 0.03480073942956213 0.9454651183868 55.82653358119804 -0.07266260005042062 0.9954567434986956 -0.06153062958303899 -1.4253846884743502 -0.9433109392479887 -0.08862719874918906 -0.3198588619015417 2.009998450289009
-0.3244209888597256 0.035595181458495696 0.9452428286129522 56.711536456223335 -0.0767364436495466 0.9950076792728176 -0.06380624110650958 -1.497557242256909 -0.9427950679778179 -0.09323465688819173 -0.32006992759652286 1.7197689402785867
-0.3254643717286331 0.03652057631672014 0.9448487658037031 57.622900698471476 -0.0809782350695421 0.9945060806659138 -0.06633385985712867 -1.5705447716999683 -0.9420803936927614 -0.0981014934851546 -0.32071892491038645 1.418779033271303
-0.32829197553882333 0.0369510375025513 0.9438532722962302 58.51328781112039 -0.08460638668001555 0.9940677803416038 -0.06834476878056384 -1.6466725533340745 -0.9407795374739866 -0.10229305408580827 -0.32321818166066957 1.1240759388338564
-0.3314287610393674 0.03555731864088048 0.9428099773798435 59.42490700889398 -0.08515343514215921 0.9940838597362978 -0.0674253090113415 -1.7246211473696718 -0.9396296445086225 -0.10263019488852049 -0.32644015417491806 0.8112950075454003
-0.3355028078103723 0.03414336150633336 0.9414202551551588 60.30232145147669 -0.08388691239616809 0.9942900673218285 -0.06595640949742378 -1.803379230206664 -0.938296782409486 -0.1011013990516554 -0.330722928188845 0.5095464807810859
-0.33995091002519506 0.03348046632236933 0.939847028589163 61.15321520892429 -0.08560843199472434 0.9941151969949673 -0.06637899875007539 -1.8743852587724323 -0.9365386138032147 -0.1030244314640685 -0.33508415566400485 0.21591284577258057
-0.34364993977619124 0.03479051745077704 0.9384531628095923 62.03374579514658 -0.08651830351250112 0.9938906106890211 -0.06852763779325367 -1.9541330248632676 -0.9351038990663759 -0.1047428941728832 -0.3385404319592407 -0.09029245566249261
-0.3475982187414721 0.037427706730342875 0.9368962829986378 62.874091488878776 -0.08743992673748563 0.9935548283876408 -0.07213225491934398 -2.025155830874277 -0.9335575705546495 -0.10699518566979323 -0.3420852126350795 -0.3945202479838093
-0.3522403629927735 0.03927151946742223 0.9350852765590097 63.693261739150884 -0.08912695601980604 0.9931709957921218 -0.07528451917844346 -2.0988312190562146 -0.9316561127311748 -0.10985955068179433 -0.3463347610833072 -0.6899195568528906
-0.3555073408355736 0.04056222131004971 0.9337929303729032 64.5123347739882 -0.09064378162267603 0.9928525614811305 -0.07763695005278555 -2.1740104082009264 -0.9302678299635861 -0.11224302812537022 -0.3492896608433858 -0.9900196440540245
-0.35704244722108397 0.04007039964208732 0.933228296803576 65.33370990528017 -0.09047233162023456 0.9928986790100331 -0.07724616774526677 -2.2529803821896635 -0.929696427923426 -0.1120115007160202 -0.3508817117117495 -1.295709262326522
-0.3591049255178111 0.036388956521980785 0.9325875274268299 66.18428225454552 -0.08897140629364758 0.9933540275129213 -0.07301961987020061 -2.3293508272255714 -0.9290466841504671 -0.109195328961908 -0.3534807474275263 -1.6133327417238497
-0.359821651283929 0.03103378968202396 0.9325048435076777 66.98166019301983 -0.08643944749625126 0.9940394970843678 -0.06643568433304622 -2.403619024593345 -0.9290083967240821 -0.10451020110127646 -0.35499438964851443 -1.913763091212436
-0.3601831210842368 0.029623024359643847 0.9324111730957574 67.78098676808648 -0.08562317095141456 0.9942270536885971 -0.06466249538887925 -2.4791828995321183 -0.9289439121293832 -0.1031263406772486 -0.35556738598510007 -2.212356445739234
-0.3597669478171556 0.03431075211176682 0.9324111301072362 68.60334384380276 -0.08522868412464628 0.993937317550212 -0.06945991781935038 -2.552899229679531 -0.9291414395347513 -0.10445755631171222 -0.3546615348027979 -2.5246103043959858
-0.35834518692852885 0.03931879620182124 0.932760826402137 69.4040793496174 -0.08559328379545837 0.9935211541263396 -0.07476299935513904 -2.6289202673916017 -0.929657203905971 -0.10662902310677917 -0.35265809881105264 -2.8252125208322996
-0.358138999969446 0.04249836956196465 0.9327005657152032 70.22333368503524 -0.08226872222185233 0.9936416200296295 -0.07686474021862834 -2.7061435725728002 -0.930036727255902 -0.10426034495179938 -0.35236552956505673 -3.1378695485772696
-0.3544424241379866 0.04351857633670704 0.9340646131209628 71.02309307818841 -0.08101848087708853 0.9937306218154238 -0.07704191730934468 -2.780092482686441 -0.9315613633720307 -0.10298341992746826 -0.3486944815916741 -3.436493367906232
-0.35036037719569163 0.042428308588121036 0.9356534853895666 71.79929438155703 -0.08250455127206514 0.9936920690442943 -0.07595440038513032 -2.8527348726038686 -0.9329740645434299 -0.10380708332681679 -0.34464979956543057 -3.7174091211152587
-0.34609653947860936 0.04000726217778129 0.9373455095822296 72.61737076817278 -0.08436512158355766 0.9937157302187754 -0.07356339970363968 -2.924074618037274 -0.9343980477404279 -0.10453930595141805 -0.34054635791632376 -4.003092721983983
-0.3424362478838343 0.036942212384801096 0.938814512605849 73.42323096354048 -0.08722407903195077 0.9936613690673752 -0.07091575043795148 -2.9976278996310852 -0.9354834986103547 -0.10617135473971337 -0.3370434204378787 -4.278097923838589
-0.34104329677897915 0.035287834661862916 0.9393850320539511 74.22370999500306 -0.09164187220689798 0.993287359440473 -0.07058320504332259 -3.06880070856194 -0.9355700064562461 -0.11015893200576234 -0.335520152477925 -4.54725243720023
-0.3389001431149297 0.03390369043699931 0.9402112702852653 75.0312399989157 -0.09732194738521077 0.9927259783175157 -0.07087715097745759 -3.137158817316584 -0.9357751501048904 -0.11552346838752364 -0.33313540294884053 -4.8159874558071785
-0.33581331335375897 0.0326542167550038 0.9413623748071132 75.81606848073964 -0.09834280505506646 0.9927215013563737 -0.06951772032114366 -3.2085252179429897 -0.9367807167465989 -0.11592119250967349 -0.3301577893354387 -5.0785760916979905
-0.33374590006253657 0.03484383764399406 0.9420188857818543 76.59522403797621 -0.09699291558243744 0.9927434278220744 -0.07108347798818043 -3.2823253456337738 -0.9376598789103998 -0.11509297760644197 -0.3279444434464739 -5.342936887200541
-0.3300331044330622 0.03600483742287158 0.9432824612280395 77.41927713758149 -0.09823996060405385 0.9925360799562915 -0.0722567652577405 -3.356498680541131 -0.9388434694446084 -0.11651515638384069 -0.3240326499198187 -5.616003955422843
-0.32418334376709007 0.03804012010191715 0.9452291303629086 78.194104496019 -0.09635899415429619 0.9926662812811788 -0.07299724825613597 -3.424430700167547 -0.941073909886764 -0.11474582027258053 -0.318140366600046 -5.876893107796346
-0.3177065938067039 0.0383155047230959 0.9474146095293002 79.00538578908672 -0.09435526950125829 0.9929461831014903 -0.07179805416253703 -3.4986944030623204 -0.9434826990300812 -0.1122042760414954 -0.3118502798923178 -6.137035968598103
-0.3092596063062588 0.03831701601962616 0.9502054000007838 79.79551197081702 -0.09909338338857705 0.9924501245615618 -0.0722720667086876 -3.5633828841530857 -0.9458007175276948 -0.11650989889744229 -0.303127772041767 -6.3823940789064455
-0.29969236970985236 0.03866392492756646 0.9532521095947749 80.6079425809854 -0.1016307069936759 0.9921990967695671 -0.07219523367661418 -3.6345192592009807 -0.9486072332286207 -0.11851604650363104 -0.2934250565093077 -6.6289343565439856
-0.289944055328492 0.03595522448432644 0.9563679556593007 81.41521157529986 -0.10409745692134667 0.992180363919973 -0.06886105513378629 -3.7017519948262625 -0.9513654209830084 -0.11952132564488932 -0.2839339509004015 -6.859912431713118
-0.27833329668295514 0.03448618378197129 0.959865240065372 82.17044756724253 -0.10865456528686379 0.9918096226053728 -0.06714058347758645 -3.764220559286225 -0.9543190040022889 -0.12298120033380794 -0.27230656063439806 -7.0671917053387645
-0.2673881143200516 0.035052507881320166 0.9629511503765897 82.95815170465877 -0.11012429661443723 0.9916787828271496 -0.06667706491469806 -3.8295272795375785 -0.9572754230708855 -0.12387297276522187 -0.261302986976353 -7.284711935453479
-0.25304286677518584 0.035561615325438306 0.9668012614232778 83.73335207814655 -0.11123616502571845 0.9916272576126138 -0.06558885233069865 -3.8967347698379458 -0.961038929057802 -0.1241400558850068 -0.24696846632779001 -7.4821229166764205
-0.24071494916363484 0.03854326388702781 0.9698302583741565 84.48954022447722 -0.11153428996980846 0.991493512920262 -0.06708737584649091 -3.9621715856346396 -0.9641661762424976 -0.12431826352540717 -0.2343684149879161 -7.664848975099463
-0.2293369584469614 0.04446188795639726 0.9723310650234567 85.27806507830446 -0.11139109255605735 0.9911941408639171 -0.07159748330918507 -4.033879711965037 -0.9669522139120756 -0.12472896871374327 -0.22236479121961167 -7.8467518197537185
-0.21619854549300704 0.047104008038059246 0.9752124903596442 86.09640765316578 -0.11645957595647508 0.990460266575071 -0.07365885896535404 -4.1040413399325395 -0.96937885065373 -0.12949777126572626 -0.20865035620018352 -8.018893161008517
-0.2050363127575454 0.04604701045898826 0.9776705903721253 86.93100272030868 -0.11973527246499341 0.9902098939329057 -0.07174838315333296 -4.170455244785998 -0.9714028901431805 -0.13177267844729235 -0.19751553416453782 -8.182822886285553
-0.19228875580991572 0.043113157126314985 0.9803908863671044 87.73841021105555 -0.1215441792351289 0.9902958650354554 -0.06738777476470298 -4.237254389416104 -0.9737823406096117 -0.13211871697939379 -0.18518260647421875 -8.330041342790622
-0.18194706324841142 0.044395688594784315 0.9823055985840017 88.5022379247994 -0.12402432713243397 0.9899660331406823 -0.06771424892184018 -4.299504542814702 -0.975455397470651 -0.13415019963420433 -0.17461526704007752 -8.454893776661347
-0.17578351152220867 0.04941695048933049 0.9831877349119327 89.31940920485414 -0.1265327681257557 0.989320594152322 -0.07234791342209179 -4.369684437519743 -0.9762630873219347 -0.13712303595833855 -0.16765338452358464 -8.58695033170506
-0.17219581117002186 0.05524665926676491 0.9835122822086975 90.16164625589582 -0.13010571518719594 0.9884035162881815 -0.07830065047486554 -4.445585672173972 -0.9764328474048416 -0.14144361289581367 -0.16301103913493947 -8.715216413362842
-0.16936469685969469 0.057519338235940014 0.9838735310935665 90.96831705910711 -0.13384506485307965 0.9877041709872332 -0.08078347126050772 -4.521286323804566 -0.9764226021923594 -0.14536848469775665 -0.15958353794981317 -8.834390907671333
-0.1686709288400558 0.05739823772528524 0.9839997764584422 91.78037567338765 -0.13825228660505492 0.9870565846930293 -0.08127486611866365 -4.597455324753933 -0.975928492776344 -0.14974892627382874 -0.15855231334524528 -8.953942694668518
-0.1663002197885678 0.05763787871308675 0.9843892074965723 92.56594700395307 -0.14329082217118766 0.986281388647599 -0.08195585817297686 -4.6687419822150416 -0.9756085163526296 -0.15468321610575442 -0.1557598326764681 -9.06806021671881
-0.16414367423824006 0.05471147704688273 0.9849180212012161 93.3380422636889 -0.1488679198676988 0.9856511617772654 -0.07956211234872809 -4.740064548561437 -0.9751385525359129 -0.15968231450751097 -0.15364361943045157 -9.177750430096788
-0.1610942657212367 0.051355763460274 0.9856019597744049 94.10245259714759 -0.15116792136095492 0.9855773705806163 -0.07606251475468348 -4.8111904289544185 -0.9752932364694956 -0.1612446345116968 -0.151007518812957 -9.286444962762953
-0.15867170098056238 0.048964429052675514 0.9861165123835421 94.8441425119483 -0.15349019938317532 0.985403421565063 -0.07362645897488174 -4.87520278879142 -0.9753276628914246 -0.1630416555835114 -0.1488400770738162 -9.38735404202443
-0.15730094184182902 0.048891309382230325 0.986339725227857 95.61203421422941 -0.16023981673748638 0.9842744464147011 -0.07434389865328958 -4.940164839926157 -0.9744637575752164 -0.16974526208977042 -0.1469929629964129 -9.487945845379341
-0.1552611004007709 0.04914936561387743 0.9866500547621205 96.37705801984373 -0.1688108851259056 0.9827510796251364 -0.0755195375954947 -5.008241614620656 -0.9733431438939458 -0.17828251556275068 -0.14428606612998895 -9.585299298050781
-0.15070703861703866 0.050454678173654254 0.9872900860242018 97.13932057308986 -0.17119714438227157 0.9822754655802051 -0.07633116974439468 -5.080179864402697 -0.9736420935162153 -0.18052488795062277 -0.13939812969970938 -9.68620276014331
-0.14767170291845505 0.051856029512296994 0.9876760705617927 97.95741507710244 -0.17295733328998808 0.9818824925119822 -0.07741144462980383 -5.158354781643349 -0.9737960921149661 -0.18225729917256261 -0.13602737915560786 -9.791944305235436
-0.1424157493365405 0.04953800481327085 0.9885665078385127 98.75382044037357 -0.1777858848597958 0.9812236099463685 -0.07478239383997251 -5.2285711100592716 -0.9737093680793728 -0.1864033619947282 -0.13093453765730118 -9.89002836696556
-0.13824876495648292 0.04609098981011438 0.9893244663134191 99.56426776866422 -0.18008455019619535 0.9810946011208719 -0.07087269172333929 -5.298936204178468 -0.973887485168919 -0.18796011361403628 -0.1273348417423818 -9.981345086430418
-0.13330922717623972 0.044080814025171056 0.9900936984874472 100.34700762654569 -0.182004655113574 0.9809311861119473 -0.06817854229885864 -5.363654608720642 -0.9742191516628395 -0.18929049090719416 -0.12274426497987911 -10.06650601136422
-0.12946995220123264 0.047997512724301694 0.9904210065670512 101.11751596674505 -0.18468397911521747 0.9801831536922119 -0.0716436534255445 -5.424716554051015 -0.9742327028668153 -0.19219059287662887 -0.1180398944194268 -10.14944618615929
-0.12651678346170625 0.049866055571208906 0.9907102906522539 101.9215140449935 -0.1848326988165848 0.9800599723358829 -0.0729336964178175 -5.495523093999743 -0.9745924158081068 -0.19234299344337402 -0.11477715766894026 -10.234145582404455
-0.12336217332230631 0.051549346511228195 0.991021916542446 102.71715392560256 -0.18560792214559663 0.9798281022008328 -0.07407151526942445 -5.559513406916283 -0.9748494619324523 -0.19307914183510283 -0.11130575707585316 -10.313753652934798
-0.1183750425437281 0.051336866063751124 0.9916410013132388 103.51971629462577 -0.1860275328165956 0.9798339869119159 -0.07293226396094968 -5.630560422208882 -0.9753876697687647 -0.1931058887632681 -0.1064378193501131 -10.392501846063702
-0.11056893608234464 0.05000738445041715 0.9926095767591842 104.3398312601629 -0.18661164591595952 0.9799256638043081 -0.07015544901305101 -5.703389809488876 -0.976191888914344 -0.19298952022872753 -0.09901737776638309 -10.467993948398032
-0.10388377177999997 0.0502052363631697 0.9933214968994073 105.11214029607159 -0.18652712390326295 0.9800209455414528 -0.06904041098091428 -5.770971510042496 -0.9769420627699157 -0.19245358022586906 -0.0924436339025424 -10.53698842049712
-0.09920049797584513 0.05008381758127611 0.9938062549701676 105.90135909089778 -0.18696176016995636 0.9800073483318112 -0.0680506976437685 -5.839462473691317 -0.977345671415951 -0.1925544297910005 -0.08785345828347685 -10.599952974494482
-0.09222283229825662 0.05001271439022867 0.9944816125008091 106.69860982141901 -0.19298532315860745 0.9789028602372429 -0.06712566770403708 -5.899323908056909 -0.9768580317775228 -0.19811087455933954 -0.08062547446730567 -10.656286994194957
-0.08684650479085992 0.05035033681655131 0.9949485052946565 107.47251674136992 -0.19759962880159465 0.9780081915963039 -0.06674102087921052 -5.958226447376936 -0.9764282212754214 -0.20239767971245876 -0.07498738523198284 -10.708092816683148
-0.08324274582209368 0.05008456628819545 0.9952699038390148 108.26453478887444 -0.19961100878707422 0.9776571520682483 -0.06589338495485399 -6.025395740853041 -0.9763329813332154 -0.2041519758158744 -0.07138543500931949 -10.762050700695092
-0.07869470441277526 0.049622920198840834 0.9956629496412557 109.07633868787124 -0.2030462268413032 0.9770264360681039 -0.06474235854191118 -6.087012352907547 -0.976001728104462 -0.20726048589878104 -0.0668110598786249 -10.810639245067277
-0.07633342520889497 0.05112912023580733 0.9957705665763529 109.85966005151721 -0.2057233416369964 0.9763885212050795 -0.06590419079744536 -6.144398660984285 -0.9756285742543552 -0.209883941079042 -0.06401262668836138 -10.858279187529543
-0.07344017294630906 0.050130495161880576 0.9960388920380774 110.67434792454632 -0.20827592778610826 0.9759426323585914 -0.06447570278654847 -6.206043065596458 -0.9753090171337759 -0.21218603111375683 -0.06123242031587345 -10.898464132978631
-0.07026399661044175 0.048511576885411634 0.9963481307697721 111.47002730028568 -0.21017096564524357 0.9756759478467425 -0.06232663951398944 -6.265697529226873 -0.9751364704389196 -0.2137827675502676 -0.0583591665334125 -10.936730702128532
-0.06854527273853622 0.0477200448018571 0.9965060676731017 112.27856311833087 -0.21145874331087244 0.9754653681240597 -0.061257778836482785 -6.32970917096346 -0.9749803820911405 -0.21491885192951696 -0.05677271900052111 -10.972842866791584
