1.0 0.0 0.0 0.0 0.0 1.0 0.0 0.0 0.0 0.0 1.0 0.0
0.9998776166235271 2.637325007653506e-05 0.015644522354694455 0.007065086159855127 -2.1505457677919663e-05 0.9999999513092758 -0.0003113181032046339 0.0020942436531186104 -0.01564452980342152 0.0003109435604306164 0.9998775685059307 0.20433825254440308
0.9992397831547103 0.0010948003279309313 0.03896995218331431 0.012505851911303354 -0.001125563672620999 0.9999990720394277 0.0007674807507215755 0.013693752384538106 -0.03896907578255761 -0.0008107604614277571 0.999240088167067 0.4178171776027109
0.9977870589607455 -0.0003672585084764173 0.06648947354020668 0.04587009381283297 0.00023281906018759706 0.9999979130479408 0.0020297031921800665 0.01824427511510532 -0.06649008020562996 -0.002009731561946586 0.9977850621317689 0.6821402948058275
0.9953430614126558 -0.00216486006633723 0.09637169438468647 0.08763041818184732 0.0018245465135982963 0.9999917860216522 0.003619242910646868 0.020581647804086414 -0.09637873794412306 -0.0034265536796801647 0.9953388355741871 0.9839030587667785
0.991382033724823 -0.005470342149830026 0.13088826748184004 0.1539758500039669 0.004856424458916661 0.9999756615558523 0.005009135395518443 0.03138112688846034 -0.13091248354954063 -0.004330317852028036 0.9913844713319812 1.3415446531360629
0.985772240437025 -0.00868258576042712 0.16786215382950703 0.23727056366631702 0.007851859266658458 0.9999534259947301 0.005611964670123513 0.035860552779377886 -0.16790306218120277 -0.004214088978053622 0.9857945035169655 1.6795565489443947
0.9777841920567202 -0.01099763628032647 0.20932540638974684 0.3289399118668401 0.009527169692403073 0.9999223583425392 0.008031831942146206 0.04488148290513063 -0.2093974851846105 -0.005859119638680434 0.9778130516184679 1.9954916156628604
0.9677859528608721 -0.01199509782390138 0.2514885028651785 0.43245401883605944 0.009700068054568956 0.9998992482562905 0.010363494403044566 0.049181524001348335 -0.25158747608915394 -0.007590188713084909 0.9678048000037969 2.322193590875888
0.9556252997250466 -0.015688891024511344 0.29416686629162714 0.5724521567123169 0.011742731412845228 0.9998158778339548 0.015176254151942169 0.053644842662263416 -0.2943508022485769 -0.011048489921232285 0.9556335783583998 2.6724380613839918
0.9414895059209432 -0.021858898953915382 0.336332720348855 0.7254544535495513 0.016079831384023083 0.9996714929680272 0.019958586366200754 0.0570853345688427 -0.33665850540777953 -0.013382626184655442 0.9415317074071388 3.0145149803817857
0.9255792692907348 -0.025089358658653093 0.37772151162109807 0.8856228569207005 0.017527992558959305 0.9995714973745137 0.02344335968512124 0.06115533647191469 -0.3781478358209695 -0.015077987882020917 0.9256224222356257 3.360415524710864
0.9066087935314864 -0.02739071178979225 0.42108222997299644 1.0779099469373583 0.017431053745503557 0.9994702517151622 0.027484073601846886 0.07507254303604106 -0.4216119707227302 -0.01757739582756519 0.9066059680474297 3.721996590666567
0.8870036889328715 -0.030894042286291015 0.4607277004594912 1.280455919626047 0.01830088038477072 0.9993274396063581 0.03177650432226644 0.08917445460209308 -0.461399537924151 -0.019754154019182048 0.8869725135551644 4.072522701413467
0.8651781447301 -0.036791618135421415 0.5001131419152665 1.5180516963730537 0.021319226262574098 0.9991018662048684 0.036619005140969066 0.10605813739579555 -0.5010112458547684 -0.021019937700347217 0.865185467831104 4.426072337224493
0.83950239267838 -0.042280413329963275 0.5417085003356717 1.7606914702519805 0.02436695502861528 0.9988944299997657 0.040201607157880306 0.11931971584350184 -0.5428093442359928 -0.020549558732258867 0.8396045089481123 4.751695771032117
0.8131887903327035 -0.04633621290613101 0.5801525201623724 2.0183977288193753 0.02606627221815678 0.9987250200540312 0.04323058836893137 0.13650741623771545 -0.5814159790802823 -0.020032216342500256 0.8133598032719124 5.0545743736385225
0.7829591046854967 -0.05117663522180615 0.619964508982135 2.301088080486987 0.028746870093666534 0.9985221436240312 0.04612099470184269 0.15519255559439094 -0.6214086078015845 -0.01828881351656609 0.7832731716650666 5.3579761954637934
0.7515777564566024 -0.054926778590359805 0.6573537289719636 2.6054812182009295 0.02991189378520582 0.9983399920984617 0.04921929283346396 0.17731647000577647 -0.6589659737876022 -0.017329430761837027 0.7519730954094224 5.669396143067363
0.7154803510940629 -0.056702255133281115 0.6963280271977548 2.9645909227770186 0.0278590346344912 0.9982237980498065 0.052660451918434326 0.20961606554606219 -0.6980771743779846 -0.018278492000704225 0.7157891835887362 5.998913687584641
0.6790753312010339 -0.059387469554625955 0.7316623695490321 3.3133611371967726 0.02744871509587357 0.9980793114416849 0.055536079368981243 0.23765113932481707 -0.7335552212299983 -0.0176299895629747 0.6794011487142319 6.283596287255679
0.6471438501374613 -0.0623439229390676 0.7598144987441545 3.6645854648300835 0.028389692958014492 0.9979301216712521 0.05770179888833599 0.26154330464660536 -0.7618391316826755 -0.015770463968061 0.6475742659365175 6.543988580540993
0.6163480137513258 -0.06648043742007931 0.7846626519627596 4.064239782419186 0.030041353490180327 0.9976897466583279 0.06093181839826979 0.28699043049165285 -0.7869006563888951 -0.013982877145874473 0.6169212560136421 6.832143627293706
0.5869858348015055 -0.06812866209847374 0.8067255513141082 4.474149526101325 0.030188246856828763 0.997601879473423 0.06228290152847041 0.31698002963796135 -0.8090341769629333 -0.01220555085876758 0.5876348568917122 7.117700216272914
0.5589510195773723 -0.06964994863474233 0.826270320396778 4.865034716710247 0.03216093693445167 0.997537244752097 0.06233072651504554 0.35178596416720354 -0.8285767507291734 -0.008266195471493099 0.559814467626117 7.364418982930657
0.527061192526455 -0.0703230471128965 0.8469127277218997 5.352624957698325 0.0345736948562472 0.9975196545746844 0.06131230187482472 0.38933643117772154 -0.8491237595053964 -0.003034432724558188 0.5281852262809534 7.647799672812303
0.4968176619470288 -0.07050800300853419 0.8649860301121841 5.839273512584963 0.03785857710682237 0.9975062276790404 0.059565542732164425 0.4222234293699608 -0.867028799358438 0.0031539266445265307 0.49824804448164806 7.902737339769394
0.4692140591376193 -0.06964528793772785 0.880333857451632 6.340932343987128 0.04027387211401463 0.9975356278517875 0.05745160042404994 0.4585298090515947 -0.8821656204662156 0.008497354553723167 0.4708626264984785 8.151315302360889
0.4438243491500481 -0.06927196606320199 0.8934323375719478 6.926281270680925 0.041641254783635256 0.9975249375570066 0.056656904715441936 0.49737237330523365 -0.8951457719285617 0.012057929740584988 0.44561042776038196 8.428204906171167
0.42412282640647647 -0.07068413628430513 0.9028419468537799 7.5068044300037045 0.04422038870310763 0.9973764955224713 0.05731215754322741 0.5386017945114041 -0.9045243973182414 0.015616627582657722 0.42613581825401237 8.692179960869918
0.4107373688059205 -0.07353606750285131 0.9087833958884841 8.129660308721006 0.04841371060813145 0.9970950738665713 0.058800733806380776 0.5750739219405379 -0.9104674219825448 0.019845917646529845 0.4131043609806435 8.955798762265717
0.39643159659010746 -0.07563243921349366 0.9149435629390675 8.744890770756474 0.04890031194699292 0.9969256131196111 0.061221576242155136 0.6161956322570605 -0.9167610095965605 0.020470858426173 0.3989112623614311 9.219332494070017
0.3875380154604063 -0.07811616760190158 0.9185380508896742 9.328272906888586 0.05043139739196008 0.9967076403357382 0.06348664311065243 0.645886768779315 -0.9204732265145491 0.021719669784708295 0.39020160842100476 9.455044140121657
0.3739762826748676 -0.08143853238020035 0.923855781732434 9.985578864761937 0.05152854711415997 0.9964230704644798 0.06697666368551293 0.68811991673617 -0.9260056958944645 0.022557262464615892 0.37683500511644497 9.720107952300605
0.365494801959123 -0.08410555809282703 0.9270058278343 10.643529096050285 0.05226032236342672 0.9961927079012938 0.06977784340862264 0.7295129520244594 -0.9293451503329279 0.022942184337626535 0.36849864006599287 9.969667317411973
0.3550767813118118 -0.0872583254004454 0.9307558562918388 11.281361901026598 0.05470625329315093 0.9958674935776748 0.07249248985891943 0.7670279694940755 -0.933235075007294 0.025177765660000642 0.3583830002839152 10.205025525425933
0.34521979175985634 -0.08964118817358656 0.9342311024367094 11.962111238556043 0.05690092955548097 0.99559609084121 0.07450307455013687 0.8100267689759549 -0.9367953776535214 0.027438682266623216 0.3488001420906644 10.449999769186803
0.33703140486620825 -0.09279877049564031 0.9369088644731715 12.670162376207662 0.05690297465859164 0.9953191217192425 0.07811464276970836 0.85736304289731 -0.939772250925145 0.02698581357922993 0.3407343279690988 10.700656171704559
0.32440921231206654 -0.09670392340007739 0.9409606868334601 13.393077403092372 0.05676724708075481 0.9949578717040961 0.08268200041682999 0.9106301315083162 -0.944211916163918 0.026592945175141998 0.3282631149565465 10.955293397646304
0.31350511273285997 -0.10199321999167611 0.9440931772691117 14.142547141429281 0.060344876490990365 0.9943453325660947 0.08738338220342387 0.9638458789148385 -0.9476671568497264 0.029576049089628225 0.3178871138448428 11.196756388631652
0.303940027725742 -0.10598949842006906 0.9467769989658269 14.89890472407874 0.06225689052300755 0.9938776234778205 0.09127622435489928 1.0192555793266516 -0.9506547949326724 0.031200893813187983 0.3086777690355701 11.439686169783473
0.290109286795569 -0.10847857940926976 0.9508254306255766 15.664022469074384 0.06408991929420889 0.9935264787707635 0.09379561944051241 1.0780582619306842 -0.9548450575668432 0.03372734485123895 0.29518364156818977 11.662588583671575
0.2759922592384264 -0.10890973271094471 0.9549696031609068 16.42535657273823 0.06505386909900422 0.9933978987103522 0.09449131681327375 1.1381637310320873 -0.9589558211699426 0.0360455955518483 0.2812551298831609 11.875010879078518
0.2616875805776461 -0.1094144657344321 0.958930698674032 17.13501253719121 0.0672056293625062 0.993207522097654 0.09498537482490581 1.195606114331249 -0.9628099571324591 0.03958904819122565 0.26726334150029885 12.062034516812531
0.246831103819814 -0.10952389296727533 0.9628493771387014 17.875360007928602 0.06801070961383421 0.9931004725208866 0.09553007304830655 1.2553312915198978 -0.9666689968985844 0.04190427601194038 0.2525768835166833 12.246701708881503
0.22712021535825244 -0.10930085053444051 0.9677136621170898 18.615261021504562 0.06646272736338606 0.9931046928363296 0.09657005197202506 1.3200433147793846 -0.9715961679870097 0.04238387829006807 0.23281858433993508 12.428389929048809
0.20064031736609855 -0.10971459704123784 0.9735020134767622 19.347244270558775 0.06522047916866613 0.9930004727725104 0.09847004707311033 1.3869516050990192 -0.9774915611626736 0.0437352062948122 0.206391568592589 12.585926306595
0.16964496186967415 -0.11140943928034196 0.97918768566168 20.105107658297264 0.06504823649136758 0.9926886421855394 0.10167588998968104 1.4531669882721672 -0.9833561480163738 0.04644562966599124 0.17565161440570276 12.721419929409514
0.1371668905129652 -0.11212805454334324 0.9841811538184064 20.891253028308764 0.06521074721778869 0.9924392374572276 0.10398037508402552 1.5263886029687652 -0.9883991109841723 0.049916523713516125 0.1434417584459146 12.837453505680926
0.10100276975195638 -0.11105220898899244 0.9886687247916254 21.66028639884937 0.06613712653213256 0.9923018763612097 0.1047037089318983 1.597583313674617 -0.9926854088766018 0.05481234394448149 0.10756991194012339 12.918708012054578
0.06744152527764963 -0.1094007319459204 0.9917071747839282 22.489128635086114 0.06389647783343952 0.9924033735712332 0.10513222267657084 1.6769458918503848 -0.9956750879622854 0.05627631805770676 0.07391951864807361 12.981832065345689
0.035571938949046866 -0.10752501114519836 0.9935658051370481 23.232763474061898 0.06215551400867018 0.9925083141277271 0.10518525783423818 1.7537870798868191 -0.9974323682524663 0.05801394974971217 0.041988717493090744 13.018271203208423
0.005401759330988909 -0.10331628403761664 0.9946338856326928 24.0293132157735 0.0632702627055044 0.9926908025600936 0.1027708342370241 1.831750702774189 -0.9979818108829974 0.062375603926983714 0.01189912523833242 13.018265731869807
-0.021365346773971616 -0.10032844518010942 0.9947249494432971 24.830308199083497 0.06590688191498006 0.992646487073722 0.1015344011478081 1.9089857632212426 -0.9975970152689276 0.06772853747085433 -0.014595901431095681 12.99586550241675
-0.04925283944530101 -0.09587202851061999 0.9941743870950581 25.55049124865577 0.06875892263319416 0.992695471046983 0.09913582763628431 1.9790324138290813 -0.996416764393744 0.07324108076801927 -0.04230101326250535 12.953954502344875
-0.0787939502267686 -0.09334243365843906 0.9925113115155825 26.351188276922173 0.07142059572027049 0.9925197653884488 0.09901320023219408 2.0557790397425295 -0.9943292271248106 0.07868739029843842 -0.07153798077523599 12.886375421446122
-0.10937249718176145 -0.09013820044024799 0.9899054306758902 27.068283144179308 0.07534804220049247 0.99226274047655 0.09867789214672175 2.125714269495736 -0.9911409230764204 0.08538008364578313 -0.10173451685569013 12.793971589054523
-0.1388659826272633 -0.08344245472954051 0.9867895396778756 27.84490346092999 0.07953878542540446 0.9922850018168445 0.09510024596391245 2.1996483620623457 -0.9871118581407157 0.09169423056034531 -0.13115772032148992 12.672489213475222
-0.1649019847124945 -0.0711515208821381 0.9837402078364182 28.592470607961054 0.0820097074248796 0.9929516925616114 0.08556485334012326 2.2654432261875166 -0.9828945738612896 0.09478606076417473 -0.15790458941666097 12.545073433415675
-0.18808018639573226 -0.056868296339935516 0.9805059104139761 29.305850350607237 0.08316198529526203 0.9938150014930915 0.07359230264801683 2.324315531698735 -0.9786265516973763 0.09538207210309471 -0.18218763029970725 12.411704023079743
-0.2079633487198862 -0.04274295429339566 0.9772022745816159 30.072198654107236 0.0863018224725145 0.9943467388482561 0.06185918185492578 2.3748267483312566 -0.9743219391079797 0.09719877982830277 -0.20309888274620214 12.245400899719675
-0.23176783154962943 -0.032539840844592466 0.9722267384805828 30.848647910862926 0.08942711627632136 0.9944954704524511 0.054603572447777 2.4179477749105303 -0.9686518792286961 0.0995987851701361 -0.22758211454187083 12.065634479711514
-0.2559225187066424 -0.027964807539756435 0.9662927268473632 31.592641338608153 0.09229721521754045 0.9943082034285217 0.05322049095820732 2.4556897121930747 -0.9622810860044665 0.10280644986580359 -0.25188478593208974 11.868724379683666
-0.28131934931023755 -0.029003318597954394 0.9591758082927081 32.31460891548236 0.09276394714251919 0.9940400512608611 0.05726453177879424 2.495821660279998 -0.9551200311030045 0.10508655479941373 -0.27695223809564223 11.65581445916081
-0.3003723912777075 -0.03345871913624176 0.9532349871211578 33.04625529588214 0.09453180488728344 0.9934199573693163 0.06465698852481849 2.53243449432492 -0.9491260002880884 0.10953219807028444 -0.2952330150288541 11.430367008419251
-0.32077707899030267 -0.03549336419348928 0.9464894540842376 33.77576698887955 0.09935221503949623 0.992523829776272 0.0708913583801857 2.5804057969708047 -0.9419295106116993 0.11677614664164321 -0.3148525505920741 11.176571196648311
-0.33888875121029477 -0.03562550044726192 0.9401517101090702 34.54390144285777 0.10126298399814201 0.992096615424765 0.07409530170340146 2.633077169220354 -0.9353610117889879 0.12031263184141637 -0.3326028385995417 10.900515995256137
-0.3542367266142726 -0.032632980303900605 0.9345862347125015 35.25450483132998 0.10416462163525084 0.9917949015350027 0.07411211027058769 2.6807729939840534 -0.9293363616673948 0.1236040528690704 -0.3479309773462976 10.628027375628871
-0.3644815580551009 -0.03023583106309769 0.9307196078076628 35.98480712664421 0.10650205689677233 0.9915609711044735 0.07391990570279475 2.729859237337928 -0.9251002679247707 0.12606599502751412 -0.3581855094545841 10.342829852574864
-0.37341302311537006 -0.02790803119936895 0.9272453051714069 36.70673437297347 0.10457494282245579 0.9919096248174207 0.07196789234265612 2.7800007880437785 -0.9217520249511366 0.12384037301760313 -0.36747349089334413 10.054664547141492
-0.38472483803505836 -0.027522237236129586 0.9226209001840445 37.438414992329236 0.10733881195821007 0.9914397431044049 0.07433448217665989 2.827748856777221 -0.9167688795145145 0.12763135292940506 -0.3784772903400038 9.74398887720811
-0.39548173139690496 -0.027159373878138098 0.9180722022487414 38.188809586357394 0.10910258925827993 0.9910964401885298 0.0763182236609517 2.875242744242355 -0.9119708466548947 0.13034651762195834 -0.3889973781343303 9.414971239613328
-0.40273284648878116 -0.025230294622453846 0.914969773594903 38.91027303464281 0.11294761552690225 0.9906104426884452 0.07703107803600925 2.929842099423639 -0.908322129261327 0.13436659953227534 -0.3961016617287818 9.08959653392644
-0.40964635078660405 -0.02141566845179168 0.9119930024029689 39.627418927296866 0.11652099350865985 0.9903072868528484 0.07559322507940071 2.9835017492762836 -0.9047721952839695 0.13723281951090643 -0.4031803912519972 8.761644509269617
-0.4131689672797054 -0.019495001834344605 0.9104456872216491 40.34542657775833 0.11863459676779231 0.9900985391832794 0.07503809137284739 3.0350729982033404 -0.902893812652831 0.13901376770167542 -0.4067652092578955 8.441290796443125
-0.41542962573374004 -0.018740633048039988 0.9094322485681293 41.08244933905513 0.1222082729974843 0.9895737015355104 0.0762169747515685 3.091165369998731 -0.9013785908671769 0.14280293380133194 -0.40880797206516833 8.09848617760813
-0.4114555401496773 -0.01850336052563486 0.9112419898849019 41.83099434622951 0.12509198446172554 0.9891861074708501 0.07656918577401138 3.144568266134506 -0.9028047041877688 0.14549388453102086 -0.40469148207061306 7.764115714232559
-0.40477554234653057 -0.018367952700080743 0.9142315782293235 42.58371436941466 0.12729278000065547 0.9889316989628983 0.07622757339742989 3.1980741740012326 -0.9055127323664627 0.14723013652090194 -0.3979572570292692 7.430757520598034
-0.3982811961414539 -0.018675028223745796 0.9170732425062761 43.37315121505847 0.1292825618998994 0.9886695089109825 0.07627988816401898 3.2557445238949136 -0.9081068813684495 0.1489424233405609 -0.3913541191053312 7.091675949625035
-0.3966906143092849 -0.018598497995492458 0.9177639415401075 44.22165677903115 0.130122822700157 0.9885594972333281 0.07627693912535702 3.3188071923691105 -0.9086828971271914 0.14968038048489044 -0.3897321851816099 6.728210627301051
-0.39431881099921917 -0.01873119383136642 0.9187827913439682 45.02810680389782 0.13059532148647263 0.9885030559928278 0.07620085497345336 3.37647708118469 -0.9096469300217568 0.1500361645420603 -0.3873391434279537 6.390686176917186
-0.39341555475916845 -0.019896680748844098 0.9191454310220526 45.84435600574597 0.13133207186716464 0.9882960482833589 0.07760675129507154 3.435248729000995 -0.909931914031272 0.1512449769171716 -0.38619796579566623 6.047593399001153
-0.39356300975926467 -0.019991178294354782 0.9190802522846591 46.68602400018361 0.1332847052983853 0.9879589688306378 0.07856375271475796 3.498510110899444 -0.9095841603077484 0.15341912754772913 -0.38615958698411484 5.691050759912276
-0.39461536673509384 -0.02070606192099636 0.9186130694347056 47.51095060636695 0.1355525686551456 0.9874953259375441 0.08048902026050155 3.560430928173628 -0.9087927230493867 0.15628256541030816 -0.38687407031391136 5.34441540393321
-0.39562836935334067 -0.020661583321025877 0.9181782464954642 48.31238951769359 0.13793467504247042 0.98707041523998 0.08164570275833288 3.6199187003974127 -0.9079935125229393 0.1589499743084039 -0.3876631100370693 5.003598388637495
-0.39361213317125227 -0.02064220787770181 0.919044823648069 49.16361931821748 0.142319392683317 0.9863257592170445 0.08310648092160469 3.687753668848791 -0.9081930846943442 0.16350962038624814 -0.3852919995983785 4.64176291757058
-0.3927948525818309 -0.019818323458922524 0.9194125504040586 50.02713557244962 0.14655267422316098 0.9856421085389985 0.08385670845458533 3.758152565890935 -0.9078736241698279 0.167680851411468 -0.3842507184204961 4.269947310153829
-0.39431421198008304 -0.019541969905931586 0.9187678779989654 50.89599654902463 0.14946116929395697 0.9850988102723299 0.0850981367206303 3.821355183331903 -0.9067401287600594 0.1708755260774217 -0.38551769542260333 3.901787698985835
-0.3944315991288176 -0.019128873052438794 0.9187261832692196 51.74432132582215 0.15233441862355415 0.9845888619384613 0.08590109341184082 3.888421157109765 -0.9062107583290478 0.17383572464389974 -0.38543897354344286 3.5452364507759837
-0.39330519552574134 -0.018134554839896774 0.9192291124051813 52.57449792406586 0.15723894158595852 0.9837488226016369 0.0866843081464074 3.949849265274769 -0.9058625383695841 0.17863200147412714 -0.38406206481239663 3.1917300768132737
-0.3902191248380804 -0.01791888916698782 0.9205476348465755 53.46348573515354 0.15970360860298694 0.9833380346893559 0.08683931674339306 4.018719304174708 -0.906765566180028 0.18090114135708651 -0.3808555960543534 2.8120680781788225
-0.38700547477397834 -0.017759485337005124 0.921906374408775 54.29459253387288 0.16496446924062114 0.9823502769695627 0.08817401672819375 4.082045466220344 -0.9072009073976546 0.18620562295051224 -0.37724525126034897 2.4623924658529406
-0.3868011655218022 -0.018224891889401518 0.9219830322010244 55.185565904070856 0.1708341983916585 0.9810826252705332 0.09106348912796045 4.150773467331463 -0.9062011559310962 0.19272969596794973 -0.3763704681311313 2.0884266186465776
-0.386273746481359 -0.018435774909563232 0.9221999322179212 56.049909586484915 0.17509980253879343 0.9801544774138067 0.09293685790117204 4.22889364546104 -0.9056117556271727 0.19737609432033812 -0.3753798415747955 1.7196219848270182
-0.38574691757577206 -0.01836089963822432 0.9224219169909535 56.89149258141286 0.17775834494434367 0.9795901572443528 0.09383546575059991 4.297459454695113 -0.9053183342799582 0.2001649349772815 -0.374610080513195 1.3708259265730796
-0.38559201164669343 -0.01763227125391835 0.9225008962405861 57.75123378456935 0.18110328309945128 0.9789221103397296 0.09440923015579683 4.367361188538105 -0.9047211732931071 0.20347138594514574 -0.37427128355873795 1.0179385012162685
-0.3854903081504972 -0.016830750437833608 0.9225583711406744 58.639722385555295 0.18341026207040556 0.9784848114927986 0.09448888529963581 4.43920827793453 -0.9042996727243133 0.20563122213711113 -0.3741094791542953 0.6492613903629968
-0.3857867713456135 -0.01636114128319921 0.9224428871809023 59.54558842415738 0.18366939994036027 0.9784669852857713 0.09416958230406822 4.507664618106955 -0.9041206327588569 0.20575391068382123 -0.3744745781198488 0.27521314948329584
-0.38659822284238093 -0.014473797171061065 0.9221346557258133 60.455247970230715 0.18422530736035436 0.978512861472058 0.09259382302156263 4.5843277713822985 -0.9036608048505236 0.2056771478050405 -0.3756248935410002 -0.10576247750026702
-0.3897306784256445 -0.012991845024230633 0.9208372333136587 61.30844370836149 0.18726845231881006 0.977891210880506 0.09305539451732775 4.65154863309659 -0.9016875983731865 0.20871030555658798 -0.37868124233248107 -0.46223880068019846
-0.39560985336897275 -0.014276096224638157 0.918307702784837 62.19662737655592 0.18904579590284534 0.9772019813204884 0.09663319696031739 4.7239959805170955 -0.8987516514415088 0.2118312554367193 -0.38389189656889583 -0.8382453676464201
-0.402157021916573 -0.016084365492275363 0.9154294199499511 63.11361945469179 0.19317281081799254 0.9758475837332112 0.10200861964917145 4.8091399134182815 -0.8949603314582546 0.21785955684514774 -0.389336896026265 -1.2411568375473967
-0.40812477673027625 -0.01631269234867125 0.9127804022256394 64.0200316012428 0.1937090290656232 0.9755261636892968 0.10404574001898026 4.897222620116633 -0.8921384302210706 0.21927744988024028 -0.39497648195392987 -1.6321381943395892
-0.41310878078149166 -0.013583392490296706 0.9105803790383826 64.92432515270336 0.19555036507162687 0.9752417594537905 0.10326454056368392 4.977321234883609 -0.8894386937622982 0.2207238139982404 -0.4002246968547633 -2.030403381514387
-0.41712370962925793 -0.010677018549210646 0.9087870004242065 65.71526538852844 0.19764118635011008 0.9749355740158009 0.102169408222825 5.05502721703545 -0.8870996405834284 0.22223102347192886 -0.40455852467025255 -2.3886543576318124
-0.4220650735474753 -0.00741019918111685 0.9065352517356732 66.49194284505174 0.20107592227899002 0.9742944910917426 0.10158109129132205 5.132631219829509 -0.8839850378660364 0.22515624258807154 -0.40972566340492217 -2.752352715333977
-0.4253171446865899 -0.004967361008671262 0.905030746306586 67.29310674000763 0.2042167827954552 0.9736686886860448 0.10131530139654038 5.214958256822627 -0.8817033696546249 0.2279136020447386 -0.41310356805851034 -3.122902549813709
-0.4286218010079536 -0.006142734331022512 0.9034631251554416 68.1205524957578 0.20625487020293548 0.9729057907626726 0.1044665057232678 5.294644347471829 -0.8796262161954184 0.23112029144018872 -0.4157416633756276 -3.5129180000743903
-0.4307250455948892 -0.01137941795645886 0.9024114604459839 68.96069113507784 0.20943615848934816 0.9713622287064856 0.11221370753876055 5.3828958406047285 -0.8778453341076125 0.23733084394857334 -0.4160067786661086 -3.903615652295538
-0.4325063759515072 -0.017473043958270942 0.9014615507586144 69.82853823003424 0.21339653687017723 0.9694218221664888 0.12117445588580013 5.4780633663067695 -0.8760137857437568 0.244777497826571 -0.41555243200425906 -4.31411833961656
-0.43188459797326917 -0.018669801514943435 0.9017356223111408 70.67732054724509 0.2162130226461626 0.9684902190191946 0.12360673324039609 5.569151439998738 -0.8756298435250351 0.2483508288199278 -0.41423935466439843 -4.713290561475861
-0.43047814894656605 -0.014335598201017846 0.9024871488856544 71.50139862841183 0.2172961569375689 0.9688201281520659 0.11903755486223021 5.65586436434563 -0.8760541897963287 0.2473500554106144 -0.41394082503259394 -5.09533026933387
-0.4306051156205728 -0.0077011045068563905 0.9025075774699998 72.28043440864965 0.22013526236903125 0.9688673413843643 0.11329846009770694 5.7420455930072585 -0.8752826404442802 0.24746063886640313 -0.415503948896663 -5.458385144209867
-0.43109943278108176 -0.004483289476331101 0.9022932888874333 73.0811603896928 0.2258204555875053 0.9676278411106666 0.11270085601166628 5.830491321756589 -0.8735893777365207 0.25234155667068037 -0.4161313949739154 -5.842026158611387
-0.4309446036131633 -0.00429125955682684 0.9023681807932448 73.90384052708917 0.22931219053192148 0.9666410381258024 0.11410969583923772 5.918831169610321 -0.8727557893764702 0.25609898184586277 -0.4155847008822234 -6.22529517024098
-0.42989254169713487 -0.004773490533004313 0.9028674412012588 74.74033659296242 0.23114516097984322 0.9660791012357504 0.11516546666048433 6.013405894825258 -0.8727911073955666 0.25820221521833636 -0.41420683107303335 -6.614036773789607
-0.4288296211725869 -0.008406866028439208 0.9033462683869102 75.5714218543431 0.2304804435815323 0.9658468322684544 0.1184004295746105 6.107589192262782 -0.8734895083121696 0.25897726000668875 -0.4122461129810591 -6.990262562719446
-0.4260953560416781 -0.011609134758589865 0.9046037671543674 76.43678203766036 0.23248389460327895 0.9649321311131422 0.1218902009824485 6.2055936118188395 -0.874296280622197 0.2622426554464531 -0.40845416310105814 -7.383661212309618
-0.424263711335344 -0.014144285939976381 0.9054282094231483 77.27246239281746 0.23106892028647877 0.9650864825027541 0.12335005216092382 6.299174467479756 -0.8755612241994282 0.2615492696715284 -0.40618286794581726 -7.7537214741574365
-0.42000911208398534 -0.015488379902581673 0.9073877097770368 78.1240771824619 0.23138785669842418 0.9649812042604056 0.12357562541475278 6.395706977420194 -0.877526071144859 0.2618613860654737 -0.4017170757497584 -8.125411922052155
-0.41964711290602685 -0.01515999120562761 0.9075607281588828 78.88075859663539 0.23614307626448733 0.9636076783931407 0.1252864305267176 6.481605414047065 -0.8764318274469388 0.2668902711011153 -0.40079525325232135 -8.468370338469779
-0.4188942657731441 -0.012903532649727711 0.9079433313525334 79.67083549986188 0.24130367589992074 0.9623647761303742 0.1250062944844025 6.572767600685585 -0.8753857036184478 0.27145448330925126 -0.40001541644259536 -8.829375547899694
-0.4143783994106991 -0.010123456318525889 0.9100483820841583 80.49438986256173 0.24677120763528787 0.9612289018703835 0.1230567726347423 6.672384590825166 -0.8760105668221412 0.27556580673447845 -0.39581431628318775 -9.196920340647154
-0.40667621483360133 -0.00889426672134977 0.9135290626510488 81.27213218092828 0.25379813945326923 0.9594910354051054 0.1223252115767538 6.76325537097022 -0.8776109392542195 0.28159873046007894 -0.3879448340996416 -9.536723967870893
-0.3949984447188916 -0.007843340713734492 0.9186483063044885 82.07214909950459 0.2626382730963915 0.9572646020502409 0.12110168936286438 6.848966201071641 -0.8803393471693756 0.2891071837018975 -0.37605806753393195 -9.880584562139079
-0.38308201185010404 -0.006235262753003401 0.9236932898399112 82.89101294621322 0.2664778906774265 0.9567165593210676 0.11697418048855061 6.939066861260306 -0.8844420308742608 0.29095454390550335 -0.364839344648784 -10.211796019816823
-0.3714114937503286 -0.007563972029486277 0.9284375523627247 83.69934343872397 0.2686478599607618 0.9563175589395037 0.11526080774700578 7.0247810023697586 -0.8887529632291827 0.29223195032563853 -0.3531552881668643 -10.526423432780472
-0.35924826068024124 -0.00860511697885366 0.9332023570266 84.5205373885819 0.27638105973282123 0.9541193586893086 0.11519444081753857 7.111200015503356 -0.8913776960521193 0.29930285888391206 -0.34038742874074074 -10.840825968590028
-0.34616563125181776 -0.009234288282492148 0.9381279676355176 85.29157741322172 0.28072018930633813 0.9531184295037318 0.11296652006746938 7.185992587416107 -0.8951902205988651 0.3024565873976894 -0.3273445916521298 -11.11834778505635
-0.33293621645904387 -0.009765706880211583 0.9428987786284732 86.1480302349535 0.2837291850691126 0.9525684735421727 0.11005022832121861 7.267655450119626 -0.8992503685347891 0.30416760870063875 -0.31437372744455144 -11.4142535517437
-0.3178968652540536 -0.009342213491054824 0.9480792720594273 86.9582364839555 0.28842380184415606 0.9516076928055492 0.10608727314368353 7.340206337750684 -0.9031906186356284 0.3071734396727476 -0.29981858576179665 -11.686268278980116
-0.30478658690217086 -0.0059589945230393015 0.9524020300423555 87.72629674228178 0.29334646945833764 0.9507800850053685 0.09982524136466019 7.404434637527206 -0.9061197411495094 0.3098091676200988 -0.288036966998487 -11.936050818174651
-0.29039065365910144 0.002068926977283808 0.9569059451213598 88.53154597363903 0.29831591381654543 0.950357748066563 0.08847466447323198 7.467017753742988 -0.9092199314969066 0.311152487104015 -0.276592201512889 -12.17499444295385
-0.2771552900071096 0.006081432295938133 0.9608058916359252 89.35961383143447 0.299898365809676 0.9505692714110392 0.08049242469805622 7.521813438580119 -0.912823047148658 0.3104530180724877 -0.26527911369710744 -12.406885647490364
-0.26288552991230096 0.004707465003535277 0.9648155460687651 90.1777304439885 0.30202351750937073 0.9501321751155649 0.07765722555842662 7.572637578969373 -0.9163367247000394 0.31181194586385874 -0.25119776548090234 -12.628008273928241
-0.2465386390501378 0.0020343293314879496 0.9691308275766884 90.99583509007978 0.30683547758395646 0.948718149676899 0.07606485502166291 7.62052170286529 -0.9192772645677317 0.31611664615741497 -0.2345198858754977 -12.837319634367946
-0.23390772879876576 0.002341881775676291 0.9722559796668528 91.79112804261842 0.30951245419914225 0.9481519755078605 0.07217944330739567 7.6589710758838825 -0.9216773920975967 0.3178086640264712 -0.22250491672294037 -13.02759283450788
-0.2275787090717052 0.007390742489150837 0.9737316407012333 92.64140638618142 0.31037209963432616 0.9483668419171973 0.06534135689272239 7.699439077511936 -0.9229718798239936 0.3170894354554583 -0.21812198187414 -13.227412092608441
-0.22303722709931967 0.014468172069269342 0.9747025532565414 93.4276370719215 0.31305668350247895 0.9479883520183259 0.05756385456176241 7.73050943980256 -0.9231738234169531 0.3179760312264952 -0.21596605132096974 -13.41003228626844
-0.2180294212480991 0.017791024963737245 0.975780021777941 94.23941656848133 0.3159730821727365 0.9472681244590067 0.05333021400835719 7.760825610830707 -0.9233765119454146 0.3199477766990353 -0.21215380593537359 -13.591586740483438
-0.217273840920103 0.017000340083496296 0.9759626358057316 95.06156877605684 0.3161631602385926 0.9471731864888395 0.05388701981483071 7.792788848043031 -0.9234895419872233 0.3202716709820327 -0.2111708374908921 -13.774972385731825
-0.21319716658553628 0.01629765907427627 0.9768732540450672 95.9061891948542 0.31756540202378014 0.9467252292376738 0.05351220199496151 7.82500631431475 -0.9239584317475406 0.3216297974901786 -0.20701470906448333 -13.958579869878811
-0.20639538547024472 0.01382653042020418 0.9783709786748217 96.7264591449607 0.3226672761795948 0.9449296567797868 0.054715378285045 7.854934601860566 -0.9237352292401922 0.32698130037446127 -0.19949048966303162 -14.13340958021502
-0.20089893442231443 0.011386089978562941 0.9795458004110777 97.55903451275196 0.32719831491966195 0.9432864691415869 0.056141783442745896 7.8875026725157795 -0.9233530640343988 0.33178455975135207 -0.1932307559600417 -14.306042194435596
-0.19665693401833995 0.009367305649220448 0.9804276127728044 98.37407642029187 0.32931621953714973 0.942494610898664 0.057050293397455626 7.91993584340328 -0.9235133338789787 0.33409005075256293 -0.18843290619178976 -14.469483901357105
-0.1925935278396989 0.009568134010158241 0.9812319724946912 99.20468154235425 0.32941278235681515 0.942555475981744 0.05546524602640027 7.952360009454702 -0.9243348699763525 0.3339126016016635 -0.18468194995019976 -14.627855193910825
-0.18814295979639006 0.010924815535788501 0.9820808902959894 100.04948529911445 0.3330524351619188 0.9413988082830785 0.053332534122386865 7.985776528599567 -0.923947131664886 0.3371185728622923 -0.18075609455706176 -14.788311239327333
-0.18476151222881082 0.01329944997382565 0.9826933948232872 100.89416220851399 0.337576815923181 0.939928953010148 0.0507489570771085 8.013458895829451 -0.9229870405103693 0.3411109613067882 -0.17815228072149142 -14.950828486904415
-0.1789561657767459 0.016178699636631905 0.9837240163829253 101.71836472230306 0.3408954968592761 0.9389468939249686 0.046572423275168306 8.037098989931636 -0.9229111284146234 0.3436815096375157 -0.1735455818559638 -15.108369521145827
-0.17181254199841428 0.015244730778712329 0.9850116997252003 102.54086405182441 0.3442364360916419 0.9377783642365394 0.045530381469584685 8.062119077335183 -0.9230285621143957 0.34689960760042016 -0.16636987638303508 -15.25876761528115
-0.16686937153523296 0.011655790608199962 0.9859101152684936 103.33605573832888 0.3457231637961867 0.9371367718077209 0.04743590349681176 8.084534491879413 -0.9233797197568244 0.34876756367400563 -0.16040910095972416 -15.391489074475938
-0.16241922599494385 0.009097924319666995 0.9866798988528536 104.16318848611019 0.347399525154768 0.9364594747267552 0.04855123187656371 8.105091958432139 -0.9235440243699515 0.3506577818437283 -0.1552596376492975 -15.521802124001205
-0.1598088068921411 0.013086900865499518 0.9870612332907454 104.99221229614791 0.35078113642614434 0.9354047560806333 0.044390726839214356 8.129534353188676 -0.9227208351214864 0.35333649022916896 -0.15407655598837638 -15.65497357359079
-0.15649823698944104 0.01598762442251414 0.987548833063217 105.79295641952058 0.3544104822884484 0.9341889080723214 0.041040152030827615 8.146277570469037 -0.9219010314905101 0.3564203696479323 -0.1518650988106392 -15.784928778665419
-0.15075166827950964 0.014996606333948309 0.9884579082132983 106.57804442354815 0.3565933936038328 0.9333933871877145 0.04022358005383603 8.163455536478937 -0.922016857844284 0.3585413317216161 -0.14605830102477363 -15.90601129711667
-0.14491049387246085 0.013504530371061918 0.9893526046992027 107.4185076512776 0.3597089477955592 0.9322084031613094 0.03996205639420858 8.181792942177756 -0.92174314298586 0.36166990576338987 -0.13994448050441127 -16.028934301506027
-0.13667484205478536 0.012038047377394695 0.9905428173302955 108.26725826093787 0.3638452555717703 0.9306470618562677 0.03889313893490132 8.196561445272845 -0.9213775651421152 0.3657200181472651 -0.13157602661256868 -16.152451129207254
-0.13104146956127383 0.011178857000110759 0.9913138586801826 109.12995119385096 0.36713243761334846 0.9293900836211391 0.038050567916566774 8.209103544656806 -0.9208919081560565 0.3689296757145778 -0.12589276337357092 -16.27266729573846
-0.12610641359714403 0.01100568916202821 0.9919556679891168 109.96171168557255 0.3698338414175396 0.9283721427787556 0.03671640307448837 8.22625863715538 -0.9204999197132027 0.37148894912022745 -0.12114395770956488 -16.38617777882479
-0.1193207307279549 0.01018052951358131 0.992803565685262 110.80672859500719 0.36931312065820254 0.9286508272697124 0.03486344677422315 8.244773075063458 -0.9216129242411085 0.3708153149886103 -0.11456709842555557 -16.49276724843862
-0.11371380485768479 0.009178002886574554 0.9934711545121996 111.64479575330685 0.37018285869075734 0.9283439747739661 0.033795201322273316 8.260505794469902 -0.921972787947848 0.37160897293242023 -0.1089630649338783 -16.596802541454082
-0.1095092281414321 0.009262849038037008 0.993942618353578 112.45568228946364 0.3740548824240436 0.9268343093371247 0.032574652266908255 8.269070925459546 -0.9209183861160568 0.37535631427121835 -0.1049617237383405 -16.695428189854944
-0.10373598340661189 0.009080331926550805 0.9945634184499081 113.29772569844168 0.3783953578767657 0.9251241127278593 0.031021431088933876 8.277779440363618 -0.9198129151539338 0.37955621931618333 -0.0994046150559807 -16.795045156302624
-0.1034671699309484 0.009932339888142572 0.9945832762372523 114.15543263969059 0.3838844788536818 0.9228699876987512 0.03071958170522182 8.292859469316834 -0.9175659385797389 0.38498355085542696 -0.09929961696315615 -16.889874492629627
-0.10137504508119938 0.007895332558284063 0.9948169499755113 115.00799699591161 0.38464342802737056 0.9225147285777041 0.0318748934517111 8.300807010951365 -0.917481625707097 0.38588112065893954 -0.09655685997826974 -16.9775732042704
-0.09615448446952751 0.005850285772843633 0.9953492298046831 115.81654630256554 0.38838054542404404 0.9209396022351791 0.03210608931390743 8.312214199898285 -0.9164686939838818 0.38966142122525627 -0.09082460985983892 -17.063120338931103
-0.09132873651753581 0.004104850929511877 0.9958123377850655 116.63214115009313 0.39062864695927346 0.9199908289103946 0.03203334037425315 8.323045025908783 -0.9160067259910695 0.39191839063714773 -0.0856250723766715 -17.145447908425243
-0.08435740966842875 0.003998618947721577 0.9964275379978936 117.46553927219867 0.393391756659215 0.9188937689198542 0.029617009181254095 8.332250549195537 -0.9154926287123287 0.3944847937332648 -0.07908852183859372 -17.223581389054925
-0.08177352280464201 0.004778610070670292 0.9966394813842725 118.28091240940364 0.3966519785211863 0.9175374813984483 0.028145659775909382 8.336011069620387 -0.9143195824783299 0.3976205919149376 -0.0769257172983625 -17.293510094339837
-0.0811687695864578 0.0031919108374384997 0.9966952606233395 119.11384396247763 0.4003536139756749 0.9158802454712521 0.029670856612769164 8.340494875862916 -0.9127587932309593 0.40143889654681586 -0.07561876565270098 -17.363807621507345
