1.0 0.0 0.0 0.0 0.0 1.0 0.0 0.0 0.0 0.0 1.0 0.0
0.9999089818618733 0.0030711841146481805 0.013137572838472554 -0.0005575186805799603 -0.003055175925095951 0.9999945661173 -0.0012384005571187471 0.008681755512952805 -0.013141304806561381 0.0011981502439554871 0.9999129314815236 0.0758441686630249
0.9993985423915079 0.007008602649474256 0.033962228351968944 0.0032669709120230496 -0.006957286975517177 0.9999744710863241 -0.0016289056347426481 0.015032720871479506 -0.033972777685520504 0.0013916409480824229 0.9994217896923211 0.1987917550367491
0.998120985232416 0.00880002256745048 0.06063875362739285 0.021988010799725236 -0.008722415568762562 0.9999607663576714 -0.001544413165023042 0.017422332163984047 -0.06064996541892745 0.0010125947811687839 0.9981585827645285 0.33814224489211175
0.9960551686748352 0.00971915952897429 0.08820226127598017 0.047704163655419234 -0.00966237184953819 0.9999527448884371 -0.0010707755702565847 0.023399855576647123 -0.08820850030687051 0.00021430849482617203 0.9961020101101504 0.49524484903932486
0.9926135115578876 0.008625054307923945 0.12101249981264356 0.08564682161851575 -0.008687337664053952 0.9999622642870619 -1.2891978491736105e-05 0.028812004575957333 -0.12100804451370331 -0.0010384796954020891 0.9926509833385005 0.6659608521257256
0.9876897034078413 0.007539363102878865 0.15624406480290215 0.1385821693401968 -0.007604990389697814 0.9999710658423316 -0.00017776198649879343 0.03151781415340266 -0.15624088422465848 -0.001012660927551211 0.9877184622221773 0.8626505175390455
0.98107550115428 0.008594147373528848 0.19343474782417092 0.19380943072923446 -0.008722428991943332 0.9999619411293402 -0.00018848162412496785 0.03930227174131867 -0.1934290057549773 -0.0015023061486240203 0.9811131243688859 1.0682913134671022
0.9727725329163903 0.009106411892978866 0.23158297101873876 0.26247601221500827 -0.009466846165807764 0.9999550893320761 0.00044513206239129525 0.04798297651172885 -0.23156851691692354 -0.002625372605069794 0.9728150540527122 1.3036664744867799
0.9630158310114603 0.006367710060477745 0.2693695630354184 0.34356720925828416 -0.007592978772273114 0.9999650232998902 0.0035069716585469837 0.05226574446143817 -0.26933780999828144 -0.005422586600113679 0.9630304977828552 1.5372805144663277
0.9514834662022279 0.0001311009260009002 0.30769984783282106 0.4547024828052454 -0.0021759185635116824 0.9999777722167901 0.006302416262875634 0.05242969146455714 -0.30769218209470156 -0.006666174682139354 0.9514626020989518 1.7845237927407611
0.9384084031066121 -0.0027190292040316392 0.3455174031204307 0.554965812899043 -0.00036548864960964556 0.999960666846075 0.008861781920154046 0.05644716883280104 -0.34552790827507057 -0.008442253309453921 0.938370498770136 1.9960672452096078
0.9219451198533538 -0.002689744436652396 0.3873111943301546 0.68153523178241 -0.0021007978432288836 0.9999264511205127 0.011944831432841706 0.0630125459647321 -0.3873148365696919 -0.011826141568686544 0.9218716612135284 2.238347464052282
0.9034310880611223 -0.005165164995907025 0.4287022162238747 0.8442022367084556 -0.0016925771264662752 0.999876665190107 0.015613762870680978 0.06710256260087533 -0.42872998997897005 -0.014831570344233599 0.9033109211194983 2.5227868426530877
0.882067369987667 -0.01026400465401537 0.47101147014855477 1.028183666201746 0.0012144062918149892 0.9998088654320549 0.019513016702340527 0.07353083345253512 -0.4711217252689574 -0.016639796030293495 0.8819112410938369 2.822684787732647
0.8583663161965787 -0.0137288129048189 0.5128535725870881 1.1997057600649603 0.002662252453645324 0.9997476260347407 0.022306874495847066 0.07867645660848775 -0.5130303886038216 -0.017782124004878917 0.8581862364515566 3.0583059318692665
0.8331862307501607 -0.017501664352478984 0.5527154752974021 1.3897105053936705 0.003939446662205049 0.9996615352974535 0.025715668506455396 0.08675104210670898 -0.5529784676172623 -0.01924854777980476 0.8329731734936204 3.3016784261846426
0.8052341396578527 -0.01973200990566331 0.5926285751755147 1.605535899179651 0.003960390745883256 0.9996028364025681 0.0279013397721453 0.09529766562936522 -0.5929437541914222 -0.02012007060185376 0.8049924764395993 3.5567370963759246
0.7752794030661166 -0.021492062735585703 0.631252673991022 1.8360174559446134 0.0034777621552274495 0.9995510184553086 0.02976015247519821 0.10575650402202223 -0.6316088602543806 -0.020877086586136174 0.7750060612045802 3.8045722633997867
0.7423058030300415 -0.020262981262137533 0.669754810642145 2.104885911001095 -0.0010847486403579559 0.9995050018799388 0.03144160519710568 0.12042779997467871 -0.6700603839269358 -0.024065801614608327 0.7419163828116574 4.076555103944322
0.7091060629662737 -0.020926748334853564 0.7047912192050927 2.3766417911228546 -0.003200523735159567 0.9994536550184135 0.03289601979198648 0.13266472449254393 -0.7050945667868189 -0.0255824681073541 0.7086516698726141 4.319790722656882
0.6768953754971245 -0.021302856167955908 0.7357709147212156 2.6585040937187534 -0.005029415272514113 0.9994239357121428 0.03356339833311372 0.14776078694930997 -0.7360620596203987 -0.02641940659322313 0.6763982993345257 4.5472273964765195
0.6440396961263398 -0.023096576210797318 0.7646433272976563 2.969705451624043 -0.005768459794803383 0.9993690784197184 0.035045256028718406 0.15976522128069542 -0.7649703227479401 -0.026981350334286794 0.643500125912226 4.787437350739658
0.6123620008155901 -0.02217469142299465 0.7902664506465035 3.306890600651382 -0.00850211671460029 0.9993640347913834 0.03463004442472494 0.17484652479992555 -0.7905317792274381 -0.027925060891286813 0.6117840280734039 5.030744018637187
0.5842221774072105 -0.020984596831779515 0.8113224353617897 3.646438861991224 -0.009282705791338088 0.9994275139434317 0.0325342242268527 0.1907702461507342 -0.8115406821587993 -0.02653848278744171 0.5836929245181677 5.262890844368368
0.5533123403097139 -0.020624811673696463 0.832718482564433 4.047386833915676 -0.009435280473771176 0.9994740916083402 0.03102443691777039 0.20357167051523906 -0.8329204220952736 -0.02502313623645118 0.552826747823876 5.514434870092915
0.5270101206255096 -0.018507054663591208 0.8496574731537202 4.434502056459381 -0.009090543942208377 0.9995829066525885 0.027411215565842403 0.21666805531888644 -0.8498103875389619 -0.02216983661737608 0.526622069016518 5.743985691041497
0.50431170961564 -0.016979582383169073 0.8633547320346626 4.85824184736819 -0.00896605181685564 0.9996498024235075 0.024897438210793873 0.23139365171610937 -0.8634751354030805 -0.020296952892885512 0.5039828610616597 5.988506285262448
0.4827399666550563 -0.015902212833617837 0.8756193489301557 5.336962394287524 -0.00928861032702058 0.9996859178525073 0.02327632629052903 0.24951383126114268 -0.8757144776193141 -0.019369699904353874 0.48244063719129987 6.252718873986269
0.46807289878102987 -0.015515183738694068 0.8835536432499606 5.836193635517102 -0.009013428378500611 0.9997100257606791 0.022329856749388005 0.2658141786788255 -0.8836438872846853 -0.01841584826004799 0.4677973247008511 6.515489769489808
0.45759615596478637 -0.016918709959408404 0.8889991649599907 6.367225690772182 -0.007094840617721048 0.9997176514842245 0.022677754462819808 0.2816049025280658 -0.8891318357155256 -0.016684560652777857 0.45734691881870565 6.783465944200584
0.44774073491646343 -0.017044849585003193 0.8940009549206814 6.913666616339658 -0.00891743028928993 0.9996834563207406 0.02352587077355211 0.29513982148535584 -0.8941189594978408 -0.018505681863763772 0.44744700915891295 7.059806155835445
0.44142496210395427 -0.017382298628866626 0.8971297891196679 7.4454529741377735 -0.010535201768412853 0.9996430334671224 0.024552294482368002 0.30791222985935623 -0.8972363191240209 -0.02028943900227379 0.4410842621424524 7.32827521827036
0.4317479416725033 -0.01870441488226895 0.9018003436046522 8.01216400102831 -0.011218837450856022 0.999596278596218 0.026103974847587096 0.3229556808152333 -0.9019245270796266 -0.021387488877943225 0.4313637939972337 7.6017223058789405
0.4206679081243384 -0.019073746713021512 0.907014169272245 8.627787121123296 -0.013290548850544572 0.9995421014694041 0.02718361089661321 0.33426521009822413 -0.907117342125893 -0.023489988855993127 0.4202217843448871 7.900533056905137
0.40989589207033106 -0.019413813950948124 0.9119256885798018 9.241304370213 -0.01415135399460191 0.9995177864625311 0.02763935102642061 0.3469776818420805 -0.9120225308861548 -0.024234239681083573 0.4094235029686166 8.17598520148678
0.3990986158890855 -0.019491120977645344 0.9167008186962915 9.91718124459519 -0.014775187412610486 0.9995075136550441 0.02768436352951336 0.3644748791201108 -0.9167889553394164 -0.02459321756393023 0.3986140803051427 8.476401414518364
0.3884262419418837 -0.0213464904377004 0.9212325341176886 10.605024957818946 -0.01679771195872143 0.9994015001997809 0.03024034178674319 0.3833442610315895 -0.9213267017968474 -0.027220741070374713 0.38783519671597955 8.769385030685136
0.3781349608115901 -0.022885275874889043 0.9254675659147367 11.27022315149909 -0.018905775988704517 0.9992950039021938 0.03243557939022044 0.40396321971236326 -0.9255574120746277 -0.029761709027617867 0.37743571324064346 9.049709808611162
0.36541815774768227 -0.02555008548194089 0.9304927528574072 11.99251675197687 -0.018633521756044498 0.9992221397826493 0.034754959864040466 0.4211251699346879 -0.9306569517578738 -0.03003845036032253 0.36465782542637615 9.333190843249614
0.3539723957512212 -0.02600143046960803 0.9348943622996533 12.71917633376075 -0.020405526894578776 0.9991608039513828 0.03551481830703075 0.43825715825813316 -0.9350332387237879 -0.031648277374304645 0.35314477062664207 9.609407231080661
0.3404894889884587 -0.025966068692227125 0.9398897122349242 13.430572619211734 -0.021911524091197773 0.999128001833745 0.03554041451233969 0.4572322860408034 -0.9399929749739512 -0.03269555364844903 0.3396236266387282 9.867471016543249
0.3270621672782943 -0.023814913948061803 0.9447026985294746 14.141165770238702 -0.024440312116017472 0.9991348511527997 0.0336484822175453 0.4765757404948346 -0.9446867257873885 -0.034093974328599834 0.3261971658914039 10.118119827977853
0.31152947153844324 -0.02238273509195637 0.9499728425238175 14.839330806527416 -0.025900316393593224 0.9991511036432832 0.032035069831688405 0.4946576038387279 -0.949883446520514 -0.03458446556205099 0.3106852953844087 10.354109247008806
0.29187241111076695 -0.020426403491857224 0.9562391215970906 15.575682865267964 -0.029092265012316224 0.9991197418644285 0.03022220265319579 0.5099903944646255 -0.9560147152365598 -0.03664018909811351 0.2910212377027042 10.580092351417184
0.2694161466827161 -0.018311759429511444 0.9628497387304175 16.30986161929634 -0.03275949757188385 0.9990662814951722 0.028167010814912036 0.5271779429106488 -0.9624664956378873 -0.0391311211953521 0.268564703802491 10.792431850404435
0.24563297924413402 -0.01728809262690393 0.9692087295113341 17.01896399533566 -0.036628051546280516 0.9989614027731119 0.027101690159464106 0.5419541315735318 -0.9686706485424104 -0.04215729620006679 0.24474463636518368 10.985287862493331
0.21365492516569162 -0.017565247635986443 0.9767512656904672 17.77342613630509 -0.039494529849029666 0.9988656148332675 0.026601985184630403 0.5565022094766338 -0.9761105240004574 -0.0442599771717707 0.2127188269907192 11.157756621345834
0.18119430892117944 -0.017407027498356653 0.9832932511759898 18.508934483305488 -0.040687837479174226 0.9988545733976364 0.025180172435757667 0.5695905789664742 -0.9826052728821706 -0.044570579941230745 0.1802785098336956 11.292453852751995
0.14732483824741827 -0.016765746216864476 0.9889460560562259 19.253533884286416 -0.041390934227439224 0.9988759548161565 0.023100161339077177 0.5816359637148169 -0.9882217274474144 -0.04433662869347747 0.14646528857358954 11.401827761311864
0.11441382149222312 -0.014922882897229092 0.9933210885799122 20.017481550567062 -0.042543085217258886 0.9988962918156201 0.019906885673077072 0.5955025167521582 -0.9925218200884771 -0.044536566583421096 0.11365267654225197 11.495704079525327
0.08300670609814098 -0.013111611023893611 0.996462730060234 20.74939553563736 -0.045008302206255235 0.9988437848346085 0.016892194344868793 0.6058373631847253 -0.9955320886215808 -0.04625126110315835 0.0823206011343468 11.568308262633947
0.04942389856865165 -0.010036826063946975 0.9987274605080397 21.5182053651946 -0.0442478265454445 0.9989457385614073 0.012228706227937858 0.6110227157442155 -0.9977972780561591 -0.044795909774967446 0.04892768511950146 11.608575361183583
0.018757094448291656 -0.007596704708427243 0.999795209773197 22.247986942280182 -0.04126142036889388 0.9991133626762887 0.008365626744023805 0.6136054830114935 -0.9989723052202195 -0.04140988528421513 0.018427012881876648 11.615505267120636
-0.01222585605381471 -0.0032561128636145603 0.9999199598831754 22.979928128488616 -0.03772202110926957 0.9992843685695549 0.002792822224584518 0.6121762828570388 -0.9992134794763248 -0.03768485719179145 -0.012339934005133835 11.596980586784978
-0.04289355398438033 -0.0008394227675680398 0.9990792953494764 23.708060765901337 -0.03534014122894272 0.9993751124026728 -0.0006775898930933243 0.6085495461771337 -0.9984544143046828 -0.03533666763522174 -0.04289641565364677 11.5580626406018
-0.07081199994889575 0.00194835392147002 0.9974877766570547 24.400126131583164 -0.03042497948065819 0.9995285940236844 -0.004112219916081489 0.6010926216234638 -0.9970255670176362 -0.03063973965348566 -0.07071934012084313 11.501359380128283
-0.0999856463131405 0.008217514599205725 0.9949549452036285 25.13460138437641 -0.026416868202555874 0.9995914714831655 -0.010910509268069774 0.586558941334922 -0.9946381350047425 -0.02737448797569892 -0.09972771832522759 11.41784291750699
-0.12317397349611553 0.01752852384390006 0.9922302772567626 25.900778690073793 -0.02422635690722168 0.9994929076842904 -0.020664247380595545 0.5686976969642642 -0.9920893386606784 -0.026583422290148505 -0.12268686064596107 11.323280078054031
-0.1433826252758177 0.029597557163440952 0.9892246496013791 26.62411334665183 -0.025135817095451957 0.9991213453853321 -0.03353696310562379 0.551205627000331 -0.9893480749806706 -0.029673587672555398 -0.14251268268712347 11.221705839289587
-0.1670695086830421 0.04155932375916933 0.9850688310352164 27.37819913584577 -0.026625308774104742 0.9985566703418962 -0.046644067665560236 0.520304073645992 -0.9855855478856671 -0.03402056325792276 -0.16572184247866423 11.103265940945047
-0.19020674297071538 0.05036011718419489 0.9804515559300555 28.12601701870777 -0.02332770734194776 0.9981696512050937 -0.05579574789596642 0.4826538272437844 -0.9814668680086154 -0.03348441443860058 -0.1886838122125568 10.959696909443068
-0.2146773266621807 0.054571913070482606 0.9751592442883403 28.85881043765692 -0.02104447093717286 0.9979475407672074 -0.060480047285511165 0.4404211237061729 -0.9764582815769212 -0.03350540524319724 -0.21308827316240403 10.799498055372295
-0.23721260784660125 0.054708070859360816 0.9699160817624699 29.55462816932331 -0.01882435375109104 0.9979667064638755 -0.06089414171740281 0.3996337179193023 -0.9712753586828344 -0.032702901591334495 -0.23570044090548303 10.632865713273615
-0.25691376029561963 0.05152417960415312 0.965059883471945 30.24875426498171 -0.017458727687329274 0.9981674209444898 -0.05793955982371192 0.3506647674731961 -0.9662766232287237 -0.03173418789168525 -0.2555433988984076 10.456178459725018
-0.27480254352274536 0.04949055913018225 0.9602261434841335 30.943186872724752 -0.01310312043798418 0.998388927356723 -0.05520740861768257 0.30090369440814857 -0.9614113949336243 -0.027753095115212373 -0.2737113359057469 10.259836062886484
-0.2892835728956838 0.04960213755971926 0.9559574480081291 31.650537387582727 -0.011767229563691486 0.9983968337260953 -0.055365103757723175 0.25189544639608763 -0.9571711167607929 -0.027265185772606722 -0.28823612348850763 10.04809175438152
-0.2995019819266843 0.052243226002586504 0.9526642683331996 32.35844990388114 -0.010877514494801229 0.9982478550337772 -0.05816269937750647 0.20126033969634494 -0.9540336694794389 -0.027782463125242712 -0.29840893458857953 9.832331599916044
-0.3073221614410878 0.05400592611434826 0.9500718125656133 33.07807998415822 -0.011439978366201212 0.9981064595123271 -0.06043692889904703 0.1483471092445917 -0.9515367654390234 -0.02944240860220466 -0.30612240785924516 9.601146755055991
-0.3139377342398288 0.0552891316227689 0.9478323749190904 33.79235379715651 -0.016449982316785263 0.9978364119417891 -0.06365448204890457 0.0961942735381091 -0.9493010571479106 -0.035575369675338565 -0.31234899706950053 9.37325100543305
-0.32356619713123164 0.05510282449966493 0.9445997008289768 34.507233409763586 -0.016644624121685627 0.9978169323450332 -0.06390873190257855 0.041268739203924945 -0.9460591274132295 -0.03640121231095177 -0.32194266443019354 9.129873747859058
-0.33105415340405936 0.05566940604385444 0.9419681866945646 35.21999419112355 -0.016728399232276578 0.9977550882482742 -0.06484554366958421 -0.0157895449522637 -0.9434634641431787 -0.03722500645269047 -0.3293797059952996 8.882446251132814
-0.33789739530962976 0.05669816281095849 0.9394736124962902 35.91071886337087 -0.01577287418801357 0.9977025317580368 -0.06588531371597556 -0.06854503818388172 -0.9410507779513372 -0.03708067498664857 -0.3362267937861551 8.636283294864652
-0.344579007669386 0.05866559289740285 0.9369224384566618 36.62636141010161 -0.01659089299017015 0.9975089639541181 -0.06856098818548628 -0.12233517743324761 -0.9386107019118043 -0.03916905719031111 -0.3427473343666616 8.378426931645803
-0.3455610976648579 0.058553370830040086 0.9365676860457542 37.35634448422256 -0.02020985105371725 0.9973555307917953 -0.06981050866025196 -0.17766950595398676 -0.9381786022400241 -0.04305168943788804 -0.3434639170793615 8.123428806960225
-0.34609127837679493 0.05785665414795049 0.9364152041708423 38.06735065411505 -0.020259838132942094 0.9974031165979564 -0.06911267582368878 -0.23234435365007672 -0.9379820712520804 -0.04289091478958865 -0.3440203532324351 7.871683425686204
-0.3448314176067485 0.05599140950129689 0.9369931992780836 38.81670714169833 -0.024905263945793128 0.9973221674292932 -0.0687620693546048 -0.2920608077458949 -0.9383341735539161 -0.04704738479655574 -0.3425135359729513 7.610615032047598
-0.3419125503184871 0.05537587583615649 0.9380987796123003 39.56420720421742 -0.0294300194439436 0.997141631723591 -0.0695876442994293 -0.345173129444757 -0.9392708245709741 -0.05140115425740335 -0.339305525228767 7.354463344181795
-0.3358716193361573 0.054548331257034205 0.9403269297864333 40.2961578657048 -0.03420752538567058 0.9969566594562067 -0.07005186916070993 -0.3966348858065834 -0.9412864072807466 -0.05569469205403138 -0.33298348419330126 7.110771702292923
-0.3309958293926559 0.05372246322362633 0.9421017237378638 41.088139412650975 -0.03806366016962585 0.996805396955157 -0.07021508652393368 -0.4567737293950205 -0.9428642101061847 -0.0591007406574433 -0.3278935555246284 6.846962860087538
-0.3268654855517547 0.0524728147947573 0.9436130340677427 41.90091794196343 -0.04288516829617881 0.996605384245723 -0.07027496305686082 -0.5174399694388732 -0.9440973555175463 -0.0634374636941755 -0.3235055973315239 6.580091568238109
-0.32648719099185447 0.05142117265121246 0.9438018738704764 42.70942875266056 -0.04709581787622742 0.9963938423684369 -0.0705782886504921 -0.5797239893683505 -0.9440275939064587 -0.06749202836955756 -0.3228881045342879 6.315293089889803
-0.32727993503429176 0.050280923093788794 0.9435887202042988 43.529705425908396 -0.0506204815512322 0.9962164230989271 -0.07064280002591183 -0.6438674428782372 -0.9435705649136535 -0.07088488640617338 -0.3234964016920633 6.047697205242785
-0.32883142087139966 0.04973143307324497 0.9430783006793115 44.35743947980941 -0.05282090032224847 0.9960807743402433 -0.07094394603409529 -0.7079376748475041 -0.9429103081082759 -0.07314284349287284 -0.3249157972597417 5.771217537193637
-0.3312798573023497 0.04981334895147191 0.9422166876106441 45.20108379107916 -0.05372646174845372 0.9959892588718722 -0.07154623344279729 -0.7767042811297732 -0.9420016578826851 -0.0743237948311185 -0.3272748845667431 5.487488978068536
-0.3309362768743979 0.04947822091372306 0.9423550744298697 46.083906022113446 -0.05570753400046133 0.9958584917440769 -0.07185078341118013 -0.8482947440329769 -0.9420073520435495 -0.07627430810191392 -0.3268093918777046 5.185816555416175
-0.3311402281029249 0.04879793884655889 0.9423189006362287 46.96107660859995 -0.057699802751983054 0.9957457574610289 -0.0718409302608511 -0.9203429255725253 -0.9418157368054143 -0.07816103672988046 -0.3269158458120151 4.888361430897403
-0.33242346444080795 0.04813180012681485 0.9419012528422094 47.85462538364899 -0.05957576290729903 0.9956307711996577 -0.07190337901926823 -0.9963585839261836 -0.9412467098286105 -0.08001685608000102 -0.3281035415534068 4.581539537399747
-0.33341615990074996 0.047682331873469874 0.9415731833182942 48.77392570680958 -0.062302833861705 0.9954226721983135 -0.07247110159484349 -1.07474593206693 -0.94071888532645 -0.0828257140064462 -0.32891926044165315 4.268976654686325
-0.3339470347467935 0.047161283613637923 0.9414112763886667 49.69565908299731 -0.06325256684106237 0.9953750522002054 -0.07230226998826408 -1.159971618649582 -0.9404671662380572 -0.08369180835274684 -0.32941947489911133 3.95268759497332
-0.3333597225725428 0.04629642608658217 0.9416623260479138 50.60054240642021 -0.06708744938244753 0.9950969145648767 -0.07267327403399693 -1.2373226232473307 -0.9404097880720486 -0.08740006610450879 -0.3286193222304687 3.645690241322177
-0.3323654789512642 0.04562171229064543 0.9420466271736057 51.47820580150311 -0.06895796270426197 0.994980631981495 -0.07251442174755629 -1.3140780751312358 -0.9406263805471196 -0.08906290669731379 -0.3275512339611182 3.350059385131118
-0.3308091339735118 0.044949487721800324 0.942626575284849 52.394995155945224 -0.06834645611622985 0.9951007202638926 -0.07143751442088954 -1.3937947636586814 -0.9412194636831772 -0.08805736814049268 -0.32611626929689114 3.0374866915781724
-0.3293263645124604 0.04297792355478586 0.9432375330339252 53.30456003512543 -0.06923092569444939 0.9951756613653742 -0.06951605536478525 -1.4775521616149732 -0.9416746914749784 -0.08819467735021908 -0.324762181176619 2.730498248610751
-0.3276926983061941 0.04265120655845256 0.9438211536387145 54.179956007912786 -0.07046442362478968 0.9950948565857108 -0.06943335941670808 -1.5576727814606872 -0.9421529920772062 -0.08925861849576094 -0.3230799259381436 2.4359454605861437
-0.32667710961572466 0.04289851860466978 0.9441619475252327 55.10009316226495 -0.07160351146754579 0.9949751151476958 -0.06998183608870268 -1.6370528663594017 -0.9424197595544315 -0.09046677477590218 -0.3219639101871719 2.1310843819219993
-0.3237650079111373 0.04316101432342194 0.9451525519697201 55.99500837834993 -0.07429226468371798 0.9947148466771032 -0.07087336035713016 -1.7177493386739076 -0.9432162419405561 -0.0931638376341411 -0.31884733070360455 1.8395621790525385
-0.3244909260695876 0.04388842666866759 0.9448700677357976 56.88351371640689 -0.07826703867113927 0.994251663958895 -0.0730609291798264 -1.7989666681150185 -0.9426451663039238 -0.09765979069974606 -0.31919062599695813 1.5494141295620518
-0.3256709287219091 0.045855476191103084 0.9443705424719139 57.78344728590267 -0.08261414286287033 0.9936228412820054 -0.07673690560420451 -1.8801262969101629 -0.941866948981884 -0.10300934222662778 -0.31980576265851585 1.2534010334297112
-0.32774490162318065 0.04507970919735082 0.9436901500379743 58.67371989900016 -0.08682630814397849 0.993196610998911 -0.07759951104462696 -1.9652485073015025 -0.9407680222425182 -0.10736997587296261 -0.32160102084250425 0.9620046025910641
-0.3310184008999695 0.04400802821546669 0.9425975343264026 59.582134759167516 -0.08782116533284869 0.9931396130888859 -0.07720849586178072 -2.0511795777264035 -0.9395287442038203 -0.10833744674047308 -0.3248826502732143 0.6521980898144492
-0.3350201070659625 0.04299846448023558 0.9412293343887307 60.45994521570623 -0.08626733997993741 0.9933624064046708 -0.07608597501976073 -2.137779585197653 -0.9382534166813873 -0.1066876824861412 -0.3290870165950631 0.350539350617306
-0.33918339974562195 0.041463424087054966 0.9398060469054128 61.324835553821224 -0.08848941362538709 0.9931922060076877 -0.07575530081663248 -2.218409528270777 -0.9365491151099536 -0.10885782649199069 -0.3332052349501773 0.05564611430401922
-0.34296784924126866 0.04256718591185289 0.9383821657887388 62.20628062004092 -0.08996543698109448 0.992891990976903 -0.0779212063736324 -2.308227037844537 -0.9350290233653815 -0.11114643016069947 -0.33670045519261427 -0.25002267934564815
-0.34633133360299057 0.0455267378065228 0.9370068961909889 63.049949993543486 -0.0905138966279985 0.9925399641295602 -0.08168019418994753 -2.3877052643960557 -0.9337354239194261 -0.11310055592430864 -0.3396268869916253 -0.5532021960455282
-0.35150800158275475 0.04734054845798994 0.9349871642407691 63.87138405460253 -0.0920819704785874 0.9921295546434675 -0.08485197414165122 -2.4710747835320443 -0.9316453378491617 -0.11592160831636003 -0.34438226607836486 -0.8481783487848559
-0.3538794938621359 0.04842057924221899 0.9340368040552398 64.68807977486992 -0.09393025941255509 0.9917701062248225 -0.08700093542884758 -2.5523253865955575 -0.9305624160638386 -0.11852216630087552 -0.3464189456493092 -1.1442704741557614
-0.3550099869236671 0.04817211272887599 0.933620563580138 65.50280235078881 -0.09418962250796402 0.9917467358038003 -0.08698693599796867 -2.6400566039535014 -0.9301054908967399 -0.11881859946045453 -0.3475426825959526 -1.4442710745410772
-0.3576287626387731 0.04373725593039076 0.9328390646714684 66.36042612590894 -0.09244405217185181 0.9923383342565777 -0.08196784481080899 -2.725756419349972 -0.9292770121721017 -0.11554948207828725 -0.3508454814301183 -1.7625783471974297
-0.3577056109455286 0.03840671760044693 0.9330442754453007 67.16204563681686 -0.09000602891360032 0.9930841567117397 -0.0753841657600412 -2.808238997854424 -0.9294867458212036 -0.1109449491022135 -0.3517749388620755 -2.061963932133573
-0.35768417604255537 0.037387989420428716 0.9330938690484771 67.96161990358289 -0.0900292978334974 0.9931633048279738 -0.07430595854159286 -2.8907778496815055 -0.9294927410907339 -0.11058385139917767 -0.3518727839281675 -2.3576474502035674
-0.35757302143623476 0.04191440196515195 0.9329441126074304 68.78855761435422 -0.08958122506394964 0.9928462710594548 -0.07893976285356911 -2.9730031751164216 -0.9295787962604375 -0.11180100603858355 -0.3512602974885671 -2.6671133057646124
-0.35585715043589167 0.046693010107832285 0.9333731575799236 69.58961142806008 -0.08995824478231795 0.9924016434372152 -0.08394338746321221 -3.054566445731619 -0.9302006249618044 -0.11383646564341444 -0.3489527996885596 -2.9630394502173663
-0.3542297250093684 0.050070067182172176 0.9338170539737213 70.40664544238928 -0.08644650594648988 0.9925367262573022 -0.08601074723591677 -3.1407784285567812 -0.931154285566807 -0.11119278485050206 -0.34725762924341813 -3.269954631525279
-0.3504411073769354 0.05095983659688306 0.9351973723842718 71.20954911334525 -0.08565253868421308 0.9925905883466968 -0.08618333100146403 -3.222961650218565 -0.9326599985403988 -0.11030421106910426 -0.34347970557668456 -3.5652384251489977
-0.3467304024857534 0.05012806732462287 0.9366243670001149 71.99186824823649 -0.08667602467163472 0.9925857889920061 -0.08520984824678003 -3.305059416483138 -0.9339514413175827 -0.11072772172051222 -0.339814768518667 -3.8456306872515165
-0.34311465461011165 0.04832140842731812 0.9380497722825716 72.80892557394877 -0.08880347525788636 0.9925337775471994 -0.08361006643944749 -3.384906969364831 -0.9350862401799664 -0.11198991881186077 -0.336261775274275 -4.127823403170192
-0.3398719889377101 0.044512089331720725 0.9394177478836827 73.62793955170586 -0.09151204650746449 0.9925740769578846 -0.08013892372137014 -3.4668728513652853 -0.9360088549151344 -0.11320501603077861 -0.333274733314619 -4.403416683211644
-0.3391524703737796 0.04162145513734217 0.939810223561977 74.42946409603881 -0.09631062438628327 0.992235208247408 -0.07869914322626269 -3.545407356357889 -0.9357883657482002 -0.11720471827735333 -0.3325104337368068 -4.669204355895002
-0.3366452666934134 0.04020085125925427 0.9407730098014888 75.23914183635921 -0.10197516823387875 0.9916558084255689 -0.07886585242995799 -3.619287686397398 -0.936093493982622 -0.12248530186868585 -0.32973674552519044 -4.937091101447153
-0.33272698117354005 0.0396704686414417 0.9421884152954286 76.00903741753758 -0.10218416013456377 0.9917152407781666 -0.0778413683454816 -3.6966959611711587 -0.9374706146950614 -0.1221766554054886 -0.32591672472763955 -5.192633191377075
-0.32938698670095273 0.04132844340116833 0.9432900787976638 76.79108576486965 -0.1008352189742558 0.9917884093110731 -0.07866390386082378 -3.7756128016796247 -0.9387952234680789 -0.12102772790665564 -0.3225148329476835 -5.453711170249062
-0.3256871443966106 0.042225898189277786 0.944534201337829 77.62007437036019 -0.10256413365883081 0.9915289957559562 -0.07969221456327383 -3.8585829259100124 -0.9398981234482783 -0.12283006186310472 -0.318597384548447 -5.724402646669766
-0.31976002554154803 0.044006656225967285 0.9464760642897834 78.40125694013243 -0.10067818258238237 0.9916876230415343 -0.08012216833149263 -3.9331206756688886 -0.9421345071790848 -0.12090935660254376 -0.31267154950264 -5.9832020927200436
-0.3133166916811589 0.04479531517645558 0.9485916036167599 79.21282633347076 -0.09834186022608532 0.991985978602673 -0.07932652004828472 -4.012482778338239 -0.9445430266754644 -0.11814058571862518 -0.30640051038601984 -6.239324944935454
-0.3021515766601249 0.04482513310234606 0.9522054043976845 80.00231693557258 -0.10328856256064559 0.9914733159379379 -0.07944895611136844 -4.079466098494559 -0.9476475597847317 -0.12235755483576609 -0.29494530206235897 -6.481179252815709
-0.29215749779611094 0.045076734732884996 0.9553073246172337 80.82924582078803 -0.10584935407249925 0.9912276645672828 -0.07914310607326894 -4.158038402042343 -0.9504945611227611 -0.12424091508963997 -0.2848232509710868 -6.724385904682868
-0.2805388287672879 0.04247171113295603 0.958902559860655 81.63752872580247 -0.10841289266497198 0.9912255669697787 -0.07562089717435247 -4.230868708989105 -0.953700482467054 -0.12517199822196443 -0.2734727785415377 -6.947827437633612
-0.26959706085330687 0.04145406378859729 0.9620805503567097 82.38834917290485 -0.11276127554690515 0.990840882804136 -0.07429158566725796 -4.2986371288230085 -0.9563484299753376 -0.12851422317911548 -0.262453376667886 -7.146454243822408
-0.25858760108328754 0.04136301610028928 0.9651018358002837 83.18413835328823 -0.11451860002383438 0.9907246276611616 -0.07314507771705228 -4.369587523503324 -0.9591756579556071 -0.12943652129418415 -0.25145227010446464 -7.353348495227067
-0.24422039530361056 0.04176991066615575 0.9688197319835562 83.9586037135862 -0.11556034552346499 0.9906988890884385 -0.07184370328310744 -4.4420936718279735 -0.9628095372711291 -0.1295028405938463 -0.23712192901096113 -7.544503995293868
-0.23188656313561035 0.04455506546513236 0.9717219087673966 84.72016891914382 -0.1163356774778116 0.9905104489214984 -0.07317828040553018 -4.513363598935211 -0.9657611671541434 -0.13001498651589966 -0.22450272002436228 -7.7201028177321
-0.22020778117109485 0.05106317239865452 0.9741155401369432 85.51429015734294 -0.11627317180510258 0.990134970282048 -0.07818753188935758 -4.589104714160209 -0.9684983648050649 -0.1304810064689627 -0.21209814784849546 -7.894303459172455
-0.2076144857086673 0.05404703318159246 0.9767165113420544 86.33103391781475 -0.12152921251870721 0.9893119048607311 -0.0805767051039864 -4.662493704980828 -0.9706322041991542 -0.1354284796676819 -0.1988271889515914 -8.055263467857136
-0.196003967757288 0.05259094498383436 0.9791918285653264 87.16913405210767 -0.12470777250014066 0.9891159962191726 -0.07808660257308579 -4.734129839974349 -0.9726409492209617 -0.1374181157237327 -0.18731216022854902 -8.211495119268054
-0.1834321796605453 0.050045618114864285 0.9817576440102123 87.97940670249982 -0.1260610656515529 0.9892600079088292 -0.07398137927220744 -4.806249691956321 -0.9749160185327639 -0.13733198046967973 -0.1751533155509743 -8.350479486794203
-0.1726348134368702 0.05121279994754364 0.9836536333034867 88.75101135123452 -0.12890449354221714 0.9888840113213655 -0.0741083240775969 -4.875057350583923 -0.976514645427421 -0.13959105012320275 -0.16411424676505088 -8.466770204040506
-0.16588134259318948 0.056102234648936926 0.9845485866359651 89.57345435124988 -0.13173960777112947 0.9881708761619623 -0.0785047466692851 -4.948975992236268 -0.977306531198779 -0.14272651741248116 -0.15652822526149984 -8.58806871358859
-0.16226973656360533 0.06277205983309583 0.9847477855267758 90.41750563375646 -0.1352212217339772 0.9871448648464367 -0.08520702435880083 -5.029173137648673 -0.9774373400829074 -0.14698532005483045 -0.15169562254735747 -8.70712597983574
-0.15981030716357753 0.06548776074052216 0.9849731056823202 91.22221591290149 -0.13875838919353145 0.9864001269101783 -0.08809596506083921 -5.109648027884562 -0.9773468039302627 -0.1507519247796733 -0.14854993107546127 -8.817601718233758
-0.15917349273231918 0.06553938569389656 0.9850727831659248 92.04424767161089 -0.1434220345350823 0.9856737772684534 -0.0887542946293694 -5.191889218792228 -0.9767773130152092 -0.15540847379794293 -0.1474933457840797 -8.92828653449026
-0.15658635504296492 0.06557005074383097 0.9854853027112125 92.84360009452183 -0.147955406837654 0.9849772269055362 -0.08904526975075172 -5.270344401449135 -0.9765192834767078 -0.15975115311925384 -0.14453255022729627 -9.035876191482043
-0.15412641564244206 0.06309895396011242 0.9860342641157827 93.62246012258062 -0.15366996079913078 0.9842841672274805 -0.08700701864389279 -5.347241453219218 -0.9760279663765823 -0.1649339266325904 -0.1420077768868609 -9.136161483860352
-0.15117382840089433 0.059891956308953505 0.9866911508552734 94.4006932983951 -0.15598756554687257 0.98421141271791 -0.08364074647309336 -5.424375078752705 -0.9761220994329436 -0.16655584242320218 -0.13944460675594583 -9.238591513693216
-0.14940270783248288 0.05724682734140883 0.987117840813175 95.15190034686007 -0.15810997107828778 0.9840934667195405 -0.08100176421251301 -5.495464895092589 -0.9760533120367682 -0.1681750561743907 -0.1379749344728809 -9.331973854361475
-0.1486266269270451 0.05715275094282287 0.9872404412441567 95.92156651497697 -0.16483237824862557 0.9829305152400654 -0.08171835345136555 -5.566591119148699 -0.9750591842802114 -0.17487471306500532 -0.13666902312243656 -9.42248202361969
-0.1464035658369966 0.05765435163423041 0.9875434024121921 96.6910404499301 -0.1734129028346886 0.981345401683483 -0.08300101038620002 -5.640699342222145 -0.9739065463588685 -0.18340441197615653 -0.13367445764625802 -9.51149010604149
-0.1414833860054373 0.059482416456727895 0.988151958767934 97.45828768399186 -0.17601603270932586 0.9807761809694907 -0.08424036486252102 -5.7193678250999245 -0.974166724803155 -0.18584919955536405 -0.12829367603636788 -9.605053056943484
-0.1377683423736859 0.06160642383783754 0.9885466768855781 98.28449241616939 -0.17789843172409528 0.9802938045338097 -0.08588483441642303 -5.80360085334666 -0.9743572403537185 -0.1876931147765994 -0.1240937663049359 -9.702979648698388
-0.1320527187492474 0.059286636477016874 0.9894681269278838 99.08933621579277 -0.18321218980664106 0.9795511381673514 -0.08314361804313278 -5.881017389479767 -0.9741639353708327 -0.19226196308757768 -0.11849035645369377 -9.791427225747233
-0.12718844348413583 0.055462545381588804 0.9903267167474976 99.90788828323419 -0.1855757434890125 0.9794742361220111 -0.07868839940997155 -5.957760190069577 -0.9743637633207545 -0.1937888717986618 -0.11428530043019014 -9.87414190752987
-0.1217910771859273 0.05331113774284463 0.9911230277369478 100.69541487618827 -0.18755281236214377 0.979331333202301 -0.07572372404507025 -6.02860715466742 -0.9746747540040943 -0.19511038516892662 -0.1092751641787425 -9.950607519968209
-0.1174440306812336 0.05660331687653421 0.9914650594831471 101.47185396672613 -0.19065253021903794 0.9785180310971688 -0.07844791608959059 -6.096288031288549 -0.9746068501598091 -0.19823856167833562 -0.1041295360850149 -10.023993743276668
-0.11366798101765913 0.059350077571197105 0.991744502572947 102.27863130188145 -0.1909100356717448 0.9783071438032369 -0.0804269274768458 -6.17120270510454 -0.9750040760792655 -0.19847594482920486 -0.09987167242502865 -10.097172671094368
-0.11025374398320226 0.06015071113458491 0.9920816518249345 103.08034439095384 -0.19216414903782164 0.9780427595237129 -0.08065544227025884 -6.243339560455167 -0.9751497586331326 -0.19953509088189203 -0.09627406579395464 -10.16572783170052
-0.10571502159127172 0.05928684558442386 0.9926275253843236 103.89728910617264 -0.1929632793390501 0.9780233479622371 -0.0789652054227496 -6.321915310568075 -0.9754944935962874 -0.19988847085659045 -0.09195157520095748 -10.233473012284117
-0.09783753797199468 0.05863302264184096 0.9934736960883566 104.72085112193929 -0.19338526420517127 0.9781146783091055 -0.07677119032925983 -6.400616684148555 -0.9762325315988374 -0.199634277447929 -0.08435756940529227 -10.298132322606733
-0.09135410987723003 0.05861298702033152 0.9940920200671031 105.49596189381532 -0.19350215035916707 0.9781937570876441 -0.07545787832385535 -6.472444123454166 -0.9768374196430629 -0.1992523308453728 -0.07802028093879698 -10.356080566506439
-0.0864506429491333 0.05824068557021825 0.9945523158074654 106.2903175338588 -0.19400932870335838 0.9781935539720155 -0.07414682288318088 -6.5468082127858604 -0.9771830262083729 -0.19936246766106336 -0.07326622535887706 -10.408912465207097
-0.07971688004095517 0.05873813065416057 0.9950854491167033 107.09671610732673 -0.19955452121845152 0.9771139377442364 -0.0736637341385011 -6.613490677141119 -0.9766387316187143 -0.20444604342761918 -0.06617101502154471 -10.455290368387926
-0.07322195674199156 0.05862753736166765 0.9955909586340066 107.8784248719272 -0.20448221336346512 0.976179995912775 -0.07252337552619158 -6.678607854383592 -0.9761278448383963 -0.2088909462916977 -0.05948952082935971 -10.496745014311616
-0.07001738359096571 0.05852392306816023 0.995827553557235 108.67138950577576 -0.20673036677368972 0.9757540062133272 -0.07187958550421686 -6.749227497028057 -0.9758894002133087 -0.2109006159008417 -0.056221070462544154 -10.53815502119894
-0.06615817140470381 0.058744655406296406 0.9960783914017919 109.48312906192508 -0.211028062988093 0.974860782179217 -0.07150952384416062 -6.815178747964183 -0.9752385620902606 -0.21493143285736646 -0.05209823588184259 -10.574199500868591
-0.06363322723610243 0.060025819109373324 0.996166508888834 110.26651602249738 -0.21380765163021748 0.9741921850893809 -0.07235934366168018 -6.877561392248037 -0.9748010568807822 -0.21759248045607266 -0.049157013264472305 -10.609069149796907
-0.0595349079993186 0.058732944365173886 0.9964968820702402 111.08589064341632 -0.21695360785022516 0.973643841694049 -0.07034771902502848 -6.944726024442492 -0.9743647811627243 -0.22038173875675596 -0.045223472359667394 -10.63597683913167
-0.05524342126868875 0.05726596495241755 0.9968293603544185 111.88708595731151 -0.21824285301280077 0.9735209784883442 -0.06802177263149158 -7.008944447017321 -0.9743296267256598 -0.22130863901159797 -0.041282741956790936 -10.661424020402572
-0.05243213679496306 0.05628343725097969 0.9970371335724308 112.6972399130908 -0.21956066262513202 0.9733303687223835 -0.0664914186219693 -7.076570462588504 -0.9741888864377006 -0.22239642086590342 -0.03867616226189863 -10.682721651465002
