1.0 0.0 0.0 0.0 0.0 1.0 0.0 0.0 0.0 0.0 1.0 0.0
0.9999333793398179 -0.0028228518957991652 0.01119233618270564 0.010085929185152054 0.0028180721249966264 0.9999959311881575 0.0004428054066480204 -0.00211904919706285 -0.011193540617277259 -0.0004112350960494233 0.9999372657992828 0.2298748642206192
0.9998169061399185 -0.004542284078666398 0.0185882181004624 0.015822642272491666 0.004535646385199405 0.9999896342081135 0.0003992345075825357 -0.005417573778099559 -0.01858983885540947 -0.00031485182596080414 0.9998271444403066 0.45390835898403126
0.9996897866937746 -0.006623184065433891 0.02400966082623194 0.022873876751291423 0.006616546030793711 0.9999780470838839 0.0003559057796701064 -0.009457364282917668 -0.024011490973650552 -0.00019693434692098208 0.9997116631899846 0.6811067782160064
0.9996531353694954 -0.0071987892150449685 0.025333503109022822 0.025982088640503182 0.00722318154682719 0.9999735327435946 -0.0008714703880022758 -0.01161777359145968 -0.02532655906907 0.0010541565979217285 0.9996786754550625 0.9244096801955344
0.9996683245715058 -0.008517591815384952 0.024304145285629186 0.029960973416263782 0.008551788355117773 0.9999625832893313 -0.0013034328737751622 -0.01597365398058708 -0.024292133795279412 0.0015108444637529739 0.9997037609135411 1.1806898803305472
0.9998490332740555 -0.009013950564807634 0.014854607236541941 0.023347752349471416 0.009062922362148156 0.9999537053844925 -0.003232727344112451 -0.019890318127490588 -0.014824779903742077 0.003366865461954423 0.9998844383816395 1.4505318531039202
0.9999688652190708 -0.007692151286252813 -0.0017605115942103497 0.005987013710043447 0.007684374058681149 0.9999608711501069 -0.004382529411846508 -0.02067600518703885 0.0017941537866688207 0.004368864533128796 0.9999888469552454 1.713479014004606
0.9997916347016201 -0.004054090098931898 -0.020006287365033976 -0.02253592189442921 0.003966484191892122 0.9999823799075167 -0.0044166591055716025 -0.024821448595339614 0.02002384038635061 0.004336384204507369 0.9997900987648424 1.992352243877013
0.9993119925800665 -0.00017012590097974326 -0.03708790291773324 -0.05923573112230031 -4.79199475264724e-06 0.9999888788158019 -0.004716166001376416 -0.03013015146768367 0.03708829279832353 0.0047130989692099985 0.999300878232083 2.289134468130601
0.9984230243449571 0.00018217833320582422 -0.05613761011055008 -0.09560645877534485 -0.0004818499749685061 0.9999857077403991 -0.005324672340595946 -0.03368102600309399 0.056135837737321136 0.0053433253679703065 0.9984088424065269 2.606330182089174
0.9970297607261267 -0.0001536910714145731 -0.07701709294343098 -0.1354613702303473 -0.00017668672154959753 0.9999908130065498 -0.004282836011585915 -0.038178599771854685 0.07701704362155787 0.0042837228615162 0.9970205738650737 2.932824779941963
0.9952846997770428 -0.0011008438872420385 -0.09699048681421094 -0.1855220968809241 0.000767269670144607 0.9999936626841393 -0.0034764764939740644 -0.04254507734016759 0.09699369921275805 0.003385666004761819 0.9952792369876552 3.2550785133514832
0.9933713509759542 0.00023259310864525332 -0.11494914075648223 -0.24057780883918245 -0.0004967035042032504 0.999997302479414 -0.0022689908603741402 -0.05042969142247208 0.114948302927171 0.0023110461573408493 0.9933687868660974 3.598704889869144
0.9912303720389731 0.0005292601319086856 -0.13214412371040962 -0.30143244750574794 -0.000888411497419052 0.9999960703917173 -0.0026589332701369445 -0.05656218375353948 0.13214219716839326 0.00275301377340534 0.9912269470926793 3.952661806102467
0.9896003795185876 0.0021151099767102513 -0.1438284226655284 -0.36744610147840845 -0.0024603713720142547 0.9999945030943375 -0.0022226906714756796 -0.06527478975651756 0.14382293081904304 0.002553446865652989 0.9896001437346931 4.329562924116347
0.9876124814117898 0.0018728660870428314 -0.1569014943595737 -0.435084178050431 -0.002243882756876658 0.9999950897974457 -0.0021875491245386893 -0.07257331973173647 0.15689662695488624 0.0025125193768174704 0.9876118345263794 4.704741066614938
0.9859755834233922 -0.0007926915072930009 -0.1668877483012932 -0.5024608238194606 0.00016822962255950633 0.9999929323890138 -0.003755911449377089 -0.08296107746265272 0.16688954608271786 0.003675161519679641 0.9859687482857197 5.083940776604953
0.9844079865125093 -0.0007536440730286499 -0.17589868706445427 -0.5862461888466545 -0.00020411303061118168 0.9999852540902363 -0.0054267798883359235 -0.08850520164091243 0.17590018313878575 0.005378068677220599 0.9843933166925937 5.501285295529575
0.9830792595576249 -0.00023183725917418383 -0.18318055486081813 -0.6706872433461626 -0.0010136720282298763 0.9999770028360265 -0.006705689233524445 -0.09515041211138471 0.18317789685617403 0.006777909011094789 0.9830564165157492 5.916556672499492
0.9815502183241201 -0.0003294980667271299 -0.1912042372409575 -0.7548486199556178 -0.001390219308352295 0.9999597837158095 -0.00885992332395843 -0.10537339754224197 0.1911994670446208 0.008962275495417513 0.9815102859470182 6.3250228159621456
0.9799282989419543 -0.0026018734911640905 -0.19933328670110254 -0.847321170842313 0.0005503635678430186 0.9999463212922782 -0.010346575954541705 -0.11185145353457392 0.19934950722956693 0.010029196796149087 0.9798771296335848 6.747137436327802
0.9783599729427436 -0.006513073881721808 -0.20680750279447155 -0.9375076493547022 0.004221075748382576 0.9999247092972542 -0.011522076910350225 -0.11999483093941753 0.20686697625044106 0.010399788719625151 0.9783138037110519 7.175153915472802
0.9760428895367081 -0.006774478683882205 -0.21747272064191153 -1.0508702792253404 0.003993704271771276 0.9999045867828811 -0.013223753504409476 -0.12821697494750045 0.217541554906236 0.012038428847543673 0.9759768174090303 7.646126776021569
0.9739400352543617 -0.003460701547851269 -0.22677925670909468 -1.178578913878472 -0.00015241759682975463 0.9998733706447819 -0.015912870398479863 -0.13429447220556764 0.22680560949325954 0.015532746706212006 0.973816178383863 8.12980196354364
0.9717660836353159 -0.0014176503013845951 -0.23594208815661394 -1.3135171561460066 -0.0029519074527126024 0.9998306385675182 -0.018165363306568146 -0.14392870715003733 0.2359278807993473 0.01834896316667448 0.9715973191668641 8.63351858511451
0.9688464392322584 -0.003010917143881342 -0.24764392091252047 -1.4492917463696486 -0.0016750284002933396 0.9998235636190139 -0.01870924669873407 -0.15802438015589435 0.24765655950697574 0.018541197645474856 0.9686704561010621 9.129746843903481
0.966231842870646 -0.003910991176374065 -0.25764458071306995 -1.5823929625600448 -0.0012354320321830952 0.9998029997579521 -0.019809981895359367 -0.17029880942901635 0.257671301332704 0.019459337681918522 0.9660366631999491 9.605624887724357
0.9635430746180323 -0.002301315223238404 -0.2675433559329632 -1.7297031467808692 -0.003747780544747522 0.9997488085018382 -0.02209692377104186 -0.1823486810147092 0.2675270033036242 0.022294031654191977 0.9632924159651547 10.10375995860516
0.9609702233807702 -0.0005736921293580436 -0.276651225648566 -1.8912223107754358 -0.00658276723747561 0.999667306824971 -0.02493878186293281 -0.19511969196133 0.27657349285679983 0.02578655740207369 0.9606467386642915 10.628915804465958
0.9586090536445759 -0.0007936531992823385 -0.2847245201686181 -2.0547761000304154 -0.00779438490735682 0.9995482012547314 -0.029028278149879464 -0.2142035055993522 0.2846189203734821 0.030046022748944166 0.9581697692384181 11.15450705901634
0.9567826200611186 -0.0006366180135649446 -0.29080339177266507 -2.2274880977996974 -0.009934884213680507 0.9993423052720927 -0.034874847227198386 -0.23518398430882823 0.29063433387100374 0.0362567457304771 0.9561470244498979 11.704600385104397
0.9554050823949607 -0.00048038095643672743 -0.2952979813138163 -2.3973934295729875 -0.011938094503443703 0.999118330593141 -0.04024976238938196 -0.25539966165402805 0.2950569613371377 0.04198012275960555 0.9545569961293999 12.225663704245097
0.9547112869842849 -0.0016684537877443319 -0.2975291158303146 -2.5734611857719902 -0.01284209239100826 0.9988213142932971 -0.04680878952110951 -0.2823263030944305 0.2972565208163337 0.048509776080382865 0.9535645559985961 12.762476253230725
0.953950992185731 -0.0008837523724479403 -0.29996120330736703 -2.766734820849322 -0.015753319116294323 0.9984680602371424 -0.053041169133970875 -0.3139750549457304 0.2995485560717654 0.05532406048025128 0.9524756746958413 13.33839282302331
0.9537097747889524 -0.0007787578911050211 -0.30072754946654456 -2.9574934541128135 -0.017460475958354926 0.9981663219049254 -0.05795796402653272 -0.3515909129491795 0.3002212471683403 0.06052592296644631 0.9519473805824282 13.916383706174367
0.9529297396068103 4.4276986501936774e-05 -0.30319120932580723 -3.150570257997243 -0.0204254782436247 0.9977375396153682 -0.06405155642754592 -0.3879798982399257 0.30250241521583954 0.0672294584376548 0.9507746782002368 14.487963937399336
0.9524695097859665 0.00013966436564351835 -0.3046339006446035 -3.3385162953639256 -0.022413752092871886 0.997321635597201 -0.06962168402763201 -0.4262654677954422 0.30380825638089637 0.07314051998440481 0.9499215797586719 15.051454232710256
0.9519089631528305 0.002244290668920514 -0.30637279420453895 -3.545734359004251 -0.026216026027567445 0.9969023569416396 -0.0741512690621398 -0.47055056261593003 0.30525734364405593 0.07861713479641282 0.9490191253435188 15.655182911941386
0.9511403233051153 0.0035622679677826986 -0.30873839351458493 -3.758667233819716 -0.028917607132076553 0.9965659723272218 -0.07758888320664431 -0.5140172534367594 0.30740178493430365 0.0827258910282937 0.9479770933797818 16.275393146914038
0.9510016642167032 0.005253517757044529 -0.309141125067885 -3.972398640411811 -0.03125535427905841 0.9963672277981778 -0.07921773916658469 -0.5626162865989983 0.30760191398291364 0.08499851716913019 0.9477110923657577 16.892336921380515
0.9495914680039442 0.0057651423622752836 -0.3134370862352716 -4.182714049149396 -0.032912405560524105 0.9961388149175258 -0.0813894033331554 -0.6143335662936169 0.31175762613660946 0.08760265149098036 0.9461146642967838 17.507500998891725
0.9481215135872169 0.006640787368410188 -0.3178387884072881 -4.396053843864284 -0.0345445174542364 0.9960139382087393 -0.08223692119584677 -0.6641718177911796 0.31602574544954287 0.0889501817707278 0.9445716454435923 18.103401844717983
0.947112972752263 0.006463994805369416 -0.32083521255549124 -4.60945673464905 -0.03496059839542703 0.9959245095284112 -0.08313920784098991 -0.7157589280997858 0.31899024029616446 0.08995881330781219 0.9434790079827137 18.713789566622218
0.9445684601080571 0.005271787897720898 -0.32827219258026624 -4.875703173862372 -0.03448470215610087 0.9959333352530955 -0.08323218757698575 -0.78556498863058 0.3264984371881418 0.08993886803827905 0.9409090128857807 19.462844816537512
0.9420486645239389 0.004341352428083627 -0.3354481574368217 -5.120332239716338 -0.03358278052974693 0.9961139534207508 -0.08141982960172153 -0.8469816052585251 0.3337911180971633 0.0879667235923772 0.9385336142194739 20.13495860871211
0.9403390019694388 0.005442711988292241 -0.3401954412706506 -5.330397016781079 -0.03455105336005877 0.9962307478579601 -0.07956457587444396 -0.8963763630769337 0.33848011180397375 0.0865717847140873 0.9369826786043526 20.689709379958263
0.9376905829068511 0.007432940613213049 -0.34739188551497624 -5.582534569422264 -0.03715793285738629 0.9961831983625242 -0.07898305720835279 -0.9527931276447111 0.34547888322381715 0.08697003331063181 0.9343877966628052 21.345498012314497
0.9358675475532311 0.007389092093697399 -0.3522745161869243 -5.833280648443718 -0.0381671727139869 0.9960232326612404 -0.08050457705045902 -1.0083090546188584 0.35027874666288483 0.08878694339306573 0.9324278408108561 21.99497350585525
0.9332632649101957 0.006432940472654386 -0.35913548369109566 -6.106942205414625 -0.03813772790495991 0.9959625092639554 -0.08126619131528794 -1.071844767126879 0.3571626969315373 0.08953936239174938 0.9297405608572049 22.694869695966982
0.9310769112878311 0.005833322501080936 -0.3647763117518885 -6.374516347025968 -0.03880469371946566 0.9957834627909811 -0.08312334796759313 -1.1331569325296957 0.36275333356435335 0.09154926313521858 0.9273773511399487 23.360092619904904
0.9282077671278992 0.004141345328941535 -0.3720392322085215 -6.657547761177576 -0.03822485171119587 0.9957083071200162 -0.08428420874546193 -1.1981247440354421 0.37009350407038594 0.09245440168568488 0.9243824867736544 24.066222489950096
0.9255357658534964 0.00286324094295292 -0.37864937340141547 -6.936476629060094 -0.037771072365824665 0.9956822495951558 -0.08479507021912062 -1.2645205562066517 0.37677167119930555 0.09278286313987384 0.9216476811066417 24.739340125652063
0.9231342013665742 0.0027433954071989647 -0.38446810017079086 -7.230179895991578 -0.038321567300418816 0.9956515755307496 -0.08490817170788563 -1.336512175001522 0.38256333298806483 0.09311505745461406 0.9192251532286784 25.436108849269857
0.920799319294825 0.004194657774464372 -0.39001412593948714 -7.543868800922646 -0.03973597288968181 0.9957482864536235 -0.08310476811340743 -1.406644096788225 0.38800730153529006 0.09202040464390425 0.9170510231630924 26.172702279567268
0.9194033036883348 0.004414200170127756 -0.3932913423962369 -7.84666014274526 -0.039686761836638884 0.9958747797622165 -0.0815989213683557 -1.47773201999067 0.39130873501865243 0.0906307777215623 0.9157857478841256 26.872951162925805
0.9174119384732164 0.0036989376202024964 -0.3979216669236509 -8.177102529231254 -0.039544233848630664 0.9958547084497972 -0.08191247296776034 -1.5512227889149839 0.3959691764722854 0.09088298806075375 0.9137552701708531 27.632763191162894
0.915818167997509 0.0027028754439938803 -0.4015840853794141 -8.495438957101296 -0.039143224739896024 0.995816722481087 -0.08256429727180968 -1.6214495813716345 0.3996809866914465 0.09133317957544247 0.9120928457048612 28.358996818462327
0.9145782160067858 0.002836837720787508 -0.40439910874974877 -8.827655528944813 -0.03964212980050416 0.995788367850583 -0.08266818008370634 -1.6910762625866018 0.40246141225057236 0.09163775862174957 0.9108388072782456 29.101578581729456
0.912988508324816 0.0010314367795462714 -0.4079839700343595 -9.176751252934672 -0.0383687404638285 0.9957818885643032 -0.08334428692195395 -1.7683316081090592 0.4061770838218802 0.09174620725392094 0.9091769959872906 29.883624468951908
0.9121878067773672 0.0007090158009924324 -0.4097717687485201 -9.518861214026158 -0.0387683657970752 0.9956622946496732 -0.08457900937213574 -1.8445004227319313 0.4079343317007296 0.09303812288272802 0.9082584922313348 30.637883689656547
0.9115813604612671 -0.0008225527572174561 -0.4111188960222424 -9.868988566018189 -0.03796178757328188 0.9955573589250846 -0.08616523530027514 -1.9210692728874157 0.4093633177799725 0.09415343061764853 0.907500306093117 31.40524623121729
0.9108662061740939 -0.001333802196129389 -0.4126996188775981 -10.241892793895433 -0.03837683603970145 0.9953881684361261 -0.0879182153649402 -1.9996605832986958 0.4109135832575932 0.09591983689037285 0.9066142575458039 32.21468231466445
0.9106350516636401 -0.0032535230958903594 -0.4131987624243615 -10.615675078486866 -0.03692097749377113 0.9953286434420293 -0.08920612627367112 -2.08347817367728 0.4115587978678914 0.09648992761586166 0.9062610273901344 33.035185533861046
0.9103038115301061 -0.0035769072972562516 -0.41392532713999014 -10.999409527674201 -0.03667092131064818 0.9953341577193822 -0.08924773390555223 -2.1681624583278833 0.4123132477182722 0.09642157544468376 0.9059253090320283 33.86779510566784
0.9104035520116422 -0.004866702036826294 -0.413692745519993 -11.366639620656649 -0.03604866753188084 0.9951946564291022 -0.09103894432679407 -2.2504893349180977 0.4121478691607672 0.09779525053010468 0.9058533120323583 34.67169625515926
0.9105777965702627 -0.006518083161323159 -0.4132863305084592 -11.752320887361575 -0.0343683043476008 0.9952193288702802 -0.09141830833733294 -2.3435279478781834 0.41190641661609984 0.09744743216160737 0.906000608120984 35.517076164419336
0.9097270958661056 -0.008882128542842949 -0.4151116944143711 -12.131116135506682 -0.03281929078749011 0.9951048104675317 -0.09321647030747436 -2.4318686758660863 0.4139076046646497 0.09842522022798068 0.9049823041495595 36.34455581644403
0.9094694729507298 -0.01019202957963599 -0.41564576300471245 -12.527132872447426 -0.03167087267712881 0.9950966705223442 -0.09369937107160518 -2.523349751777091 0.4145627016442638 0.09838058166321793 0.9046872540038442 37.200408000643286
0.9086179209300702 -0.009637197465028243 -0.41751718310715874 -12.9216586429673 -0.03224152558946784 0.9951313164703711 -0.09313510083534494 -2.615773297536127 0.4163819854321034 0.09808561262981556 0.9038834298750329 38.039610478203635
0.9076475155532064 -0.011184592496352688 -0.4195841898842027 -13.32662469604589 -0.030036299966722857 0.9953513219385781 -0.09150719424960242 -2.7108197521089306 0.41865714874393484 0.0956590341045526 0.903092210684924 38.89981595739682
0.9064815079409765 -0.011378732218165674 -0.42209217028293794 -13.723353018759521 -0.029773250177432292 0.9954262296955375 -0.09077540860827332 -2.8068957192647463 0.42119452671529983 0.09485328506295515 0.9019966878973782 39.746061352903304
0.9043893463151956 -0.014181210217476922 -0.4264725120665352 -14.139114431836779 -0.028363844643166904 0.9952392679130493 -0.09324318699484743 -2.908484231959536 0.42576449193025895 0.09642454501145195 0.8996815572916358 40.63032734807294
0.9015218121870794 -0.017054019763946035 -0.43239748213977314 -14.55829977039783 -0.026840537018508283 0.9950954822203099 -0.09520801876568519 -3.0084283645897147 0.4319004604344415 0.0974378862384643 0.8966425433816407 41.49831114442919
0.8979674570229517 -0.017609875712168897 -0.4397093794827846 -14.988398123420316 -0.027256572701580946 0.9950548707468744 -0.0955137866880206 -3.1058674785757923 0.43921694567980524 0.09775324281231407 0.893046907025258 42.3773503501933
0.8949407073929008 -0.015941683029572763 -0.4459002051953769 -15.42057172902026 -0.028648597419632705 0.9952463230590767 -0.09308068705846477 -3.2038303310895984 0.44526440248124755 0.09607611138869364 0.8902297415293678 43.23638552526964
0.8931619504819345 -0.014634092526300057 -0.44949702284580056 -15.849125996052333 -0.02964526705162306 0.9953809605870159 -0.09131211005287031 -3.298562591175547 0.4487570482485422 0.09488196159861596 0.8886025686494803 44.0790840043662
0.8916457009712043 -0.014925132349299191 -0.45248777261261497 -16.291900570344886 -0.030393034600413846 0.9952284394935991 -0.09271794147258446 -3.3981893410992203 0.45171252737482015 0.09642403044620908 0.88693753949484 44.941416558371955
0.8903953267542885 -0.016807789400708026 -0.4548776322370504 -16.721475462400065 -0.03057292708931609 0.9948531782975464 -0.09660460527563744 -3.495179897728038 0.4541601680281035 0.09992322976531434 0.8852987574429059 45.76605711380898
0.8900467015500153 -0.017425782860420465 -0.45553617984924066 -17.15421784614625 -0.0328876769633568 0.9942108942441134 -0.10228928815020048 -3.5991373385294327 0.4546815036527131 0.10602377024998842 0.884321033549517 46.59452244769209
0.8885731420396351 -0.01818661555322179 -0.45837432111815535 -17.586350097444797 -0.033363890728969454 0.9940054438163086 -0.10411545734889116 -3.6996874340583616 0.45752007829300334 0.10780734983414952 0.8826397641623118 47.43186425001607
0.8876295177998029 -0.01943045619776311 -0.46014812452343706 -18.028640331781883 -0.031637321854500466 0.9941771291444907 -0.10300929934667828 -3.8044761473298947 0.45947025909885014 0.10599194902428032 0.8818462381536082 48.27583746554889
0.8870699969795514 -0.01779308336828233 -0.4612919104460303 -18.473537655834733 -0.03253115820840297 0.9943632910480873 -0.10091268087627511 -3.906754757875433 0.4604872899487226 0.10452297163909205 0.8814910119765346 49.123164233325134
0.886513304669799 -0.017354930478927992 -0.46237751570713687 -18.907607714020784 -0.03276227182707237 0.9944338081356259 -0.10014007580187986 -4.0076813958810344 0.4615417577946345 0.10392404738533234 0.881010214575796 49.936636528226416
0.8861680492932615 -0.017300823303871886 -0.46304089444106744 -19.363069097843077 -0.033686129953820615 0.9942530701751998 -0.10161730706884327 -4.113332609468993 0.46213789398891525 0.10564806652370633 0.8804925059188707 50.7964873491475
0.8846455635151762 -0.01912674633387621 -0.46587165027247146 -19.817877553588673 -0.033594889545617124 0.993946709266074 -0.10460077693573978 -4.2202434580773796 0.4650522662554546 0.1081855198897808 0.8786479857922874 51.654843312699015
0.8828987514555418 -0.021618523156370906 -0.4690654902407373 -20.263155506961454 -0.03266120316832306 0.993692837029899 -0.10727437458716914 -4.330977954023354 0.46842613130123656 0.11003265466218749 0.8766240781670035 52.490659757392535
0.8824483392077488 -0.023885551649818294 -0.46980252133409195 -20.712806884926287 -0.031099155112635793 0.9935629218166815 -0.10892916479244263 -4.441580853481139 0.46938019896536565 0.11073482204565449 0.8760251297798203 53.326517444499906
0.8808410295909181 -0.024682432633283655 -0.47276829219874167 -21.169104738931512 -0.030810898034315467 0.9935337917369894 -0.10927622449114799 -4.554376273673395 0.4724084770106591 0.11082139773538399 0.8743848401318756 54.17220861346345
0.8800468638552931 -0.02465902994692989 -0.4742461909815827 -21.62449089440081 -0.03137244121780539 0.993450423792741 -0.10987276913803008 -4.664913123158038 0.4738494353172733 0.11157144665235781 0.8735093158870153 55.00782722301726
0.878079471715002 -0.02566788058633922 -0.47782591103759586 -22.08777755346941 -0.031281890913639976 0.9933451695701339 -0.11084591734723034 -4.783450096988152 0.47749124039459634 0.11227882257080951 0.871433061886306 55.85610794702397
0.8748808823723361 -0.02659869862127685 -0.4836072279144074 -22.560203655556652 -0.03190170430390085 0.9931579527589369 -0.11233682447970486 -4.901923307821692 0.48328637775330435 0.11370923490786503 0.8680463622265568 56.70446643771091
0.8723757673521129 -0.027755469248880216 -0.4880472871183558 -23.037892905761282 -0.03192151777012414 0.9930213192077251 -0.11353271027418166 -5.022390451765488 0.4877925145387781 0.11462239539341379 0.8654017386360002 57.552777835748664
0.8694582922372256 -0.028929451344522506 -0.4931585595980592 -23.528391296586328 -0.03241308425101502 0.9927919505609194 -0.11538429213191026 -5.142369077715501 0.49294185258432277 0.11630661952937293 0.8622535011377952 58.407052815937405
0.8670379903944497 -0.030845315450893376 -0.49728632569927894 -24.022385969121146 -0.032023034722366325 0.9925683016893361 -0.1173997092360867 -5.264601057175494 0.4972118748178935 0.1177146252437753 0.8596066650182473 59.25849921841391
0.8633895300126906 -0.031520904715534655 -0.5035523329609143 -24.520608606692804 -0.032500958650942775 0.992498976152048 -0.11785359571903754 -5.389755225087901 0.5034900268637256 0.11811949417031391 0.8558887649371933 60.10996992504642
0.8601654526857838 -0.03260708532156125 -0.5089716809339135 -25.026399016236986 -0.032129493784629544 0.9925074974439839 -0.11788368481950313 -5.512719812894352 0.5090020526825059 0.11775247557615477 0.8526730116877648 60.952837667591496
0.8573093119001515 -0.03319698047155651 -0.513730186203673 -25.52882065088757 -0.032071722782118485 0.9925361170012906 -0.11765823832519158 -5.637240129566545 0.5138016624409425 0.1173457154546843 0.8498457711475373 61.781647935796585
0.853937325471877 -0.03425999423935016 -0.5192468555134997 -26.045428677320224 -0.03250055670862662 0.9923710337630219 -0.11892621730190778 -5.762784503528273 0.5193599503038013 0.11843134780467093 0.8463091975617435 62.62362130622318
0.8515365893969596 -0.03657463733142414 -0.5230179087012882 -26.56267680115586 -0.031665120071878376 0.9921551244354302 -0.12093605429048014 -5.887089302947799 0.5233380906154527 0.11954290008441 0.8436982505317772 63.45156717390622
0.8497740608599248 -0.03536241517829398 -0.5259596420661866 -27.097544492737484 -0.03389545008985321 0.9920172961094599 -0.12146103359877505 -6.013782838367501 0.5260562174833022 0.12104207455440633 0.8417919411794856 64.29541427397605
0.8479684125586294 -0.03549558844285606 -0.5288569130718567 -27.63414306852096 -0.03468393296777771 0.99190098806977 -0.12218614757860474 -6.140863110090639 0.5289107638313714 0.12195283132141402 0.8398695796586552 65.13970016133064
0.8471382460770485 -0.03442070899216027 -0.5302565481217364 -28.176604803550017 -0.0364636709098985 0.991781853901124 -0.12263423248108359 -6.269601680317252 0.5301199795680945 0.1232232488815599 0.8389212347996661 65.98579497690918
0.8450496702216734 -0.035570423792479294 -0.5335033268963417 -28.71348613942129 -0.036760027846497276 0.99155887544856 -0.12433702936741028 -6.401068556810223 0.5334226796930986 0.12468256281618101 0.8366089309340555 66.82395595397954
0.8422484167158921 -0.03547615362472777 -0.5379210416627774 -29.26049441661372 -0.03887630509035928 0.9912372701025328 -0.12624304837178002 -6.535171362410239 0.5376860026466136 0.12724039014272553 0.833488839561894 67.65770063940425
0.8410042667177152 -0.037746864708733764 -0.539710105118719 -29.81017522734825 -0.038089150260971476 0.9909571285431228 -0.12865918553281014 -6.6672900455788895 0.5396860568839956 0.12876002327675107 0.8319614272373301 68.49928677971033
0.8393446329628526 -0.03750442966031328 -0.5423043470896292 -30.377823013170875 -0.04019811890452593 0.9906035502638759 -0.1307238212459468 -6.808516262345193 0.5421113339093659 0.131521952389931 0.8299501657849999 69.36522331845923
0.8380368258483026 -0.037260515340567534 -0.5443399053152886 -30.93627069082197 -0.04119816786671692 0.9904959585019331 -0.1312267775866002 -6.949085234604111 0.544056053625477 0.13239867895070764 0.8285370241127308 70.21266052669259
0.8376735408026831 -0.03856624187236374 -0.544807933153454 -31.493303563808276 -0.04027058178612772 0.990427441812604 -0.13202940107092853 -7.089558309555642 0.5446846053283522 0.13253726831492962 0.8281017770938026 71.06058704548606
0.8359851677478857 -0.037945316581323454 -0.5474385374223144 -32.066329358220685 -0.04216114390361085 0.9902162256253564 -0.13301978970443593 -7.231328959747511 0.5471300003201055 0.13428320616449577 0.8262062595332385 71.92333464991194
0.835430588406652 -0.03933600682825443 -0.5481864742232543 -32.64650739891658 -0.04151939047893957 0.9900679432053208 -0.13431905319590035 -7.378335356232059 0.5480254302208725 0.13497461392422386 0.8254998373272003 72.79258450642004
0.8346456425579454 -0.03987689692183415 -0.5493418648263756 -33.229715035058014 -0.041910057653356654 0.9898861094596383 -0.13553242182722697 -7.531792070033408 0.5491904937510542 0.13614449452969624 0.8245328848400933 73.66854693539464
0.8345920801804545 -0.04097819619454021 -0.5493421949356372 -33.801788035115464 -0.04149878414480891 0.9897186325888093 -0.13687541496207425 -7.679223332936734 0.5493031136035589 0.13703217046802998 0.8243107870471285 74.52253424802396
0.8344332534194029 -0.04367768277884348 -0.5493754687051304 -34.381397026492756 -0.039699414852656 0.9895008081493284 -0.1389680075851391 -7.831179285051773 0.5496772708128541 0.13776941133247717 0.8239384001567323 75.3919283006097
0.8329601480837634 -0.0470666892562007 -0.5513275963224906 -34.98538151565725 -0.037883425960391896 0.9891870820676463 -0.14168190677711523 -7.994112109874296 0.552034634549118 0.13890156022505978 0.8221703709239744 76.29606143386928
0.832161785882985 -0.050747774318089786 -0.5522059629502396 -35.57463260825868 -0.035120651639030914 0.9889814045660383 -0.14381349467638962 -8.15291805009887 0.553419643620003 0.1390699278217485 0.8212102369254555 77.17460068663907
0.8305081264058927 -0.054792004901126776 -0.5543050497448934 -36.171315240876545 -0.03162997932894368 0.9889050963869669 -0.1451421880348173 -8.316478871042706 0.5561077201239202 0.13807442391260796 0.8195606488111645 78.06495498344741
0.8263961699698563 -0.05708483221640234 -0.5601880864405969 -36.766811594506116 -0.030787092759302945 0.9887792621215071 -0.14617703553526457 -8.481510885114055 0.5622468543074141 0.13804670488379328 0.8153659191382385 78.94964505592687
0.8213623657358915 -0.05907135269379122 -0.5673397918740282 -37.37884582664534 -0.02998190684123358 0.98877731202818 -0.14635748180564973 -8.646625585112991 0.5696182488429453 0.13722245628632812 0.8103734003999906 79.83435758452909
0.8158189211316516 -0.05781209367937369 -0.5754105054202567 -38.011887098947945 -0.03228654611237648 0.9888856167068344 -0.14513034145373316 -8.817040285379058 0.5774054614079445 0.13697809640504977 0.8048850441159454 80.72813421185971
0.8104433369360583 -0.05724084102633155 -0.5830137937772532 -38.6413402940418 -0.03455779839362064 0.9888102409048475 -0.1451208670449702 -8.984506035090329 0.584796850355859 0.13775991289303388 0.7993965537914027 81.58934230889649
0.8045287679650652 -0.05674293116502853 -0.5911968380154071 -39.28306850375298 -0.03724082206249864 0.9886469218048135 -0.1455691766067824 -9.152036555045251 0.5927449558526197 0.1391312465575872 0.7932817365492592 82.45156756807052
0.7971187561408029 -0.05809688941950661 -0.6010211643929997 -39.944413282988634 -0.038555324476560696 0.988432270398603 -0.14668037970079748 -9.325458820244924 0.6025903878780732 0.14009424782781274 0.7856579574869161 83.32759519573668
0.7904816734273463 -0.05909027091147076 -0.6096286278211609 -40.61992125837266 -0.0397956847108019 0.9882770110837836 -0.14739353052865628 -9.496672930091398 0.6111914818237416 0.14077247332810655 0.7788633277406164 84.19640052934518
0.7843845455409364 -0.06098450673345042 -0.6172696126126869 -41.305261368772214 -0.039207173455888075 0.9882902990278699 -0.14746213885944895 -9.670942668897826 0.6190344758300128 0.13986841954451776 0.7728086069318717 85.06492832504512
0.7759187316739622 -0.06115476611824654 -0.6278616220302787 -41.99528229821576 -0.04082164159970954 0.9883363558619043 -0.14671346652136705 -9.843047781089728 0.6295106952344615 0.13946806897148176 0.7643722537630414 85.92005056727572
0.7688256164528487 -0.06108852773317867 -0.6365338665501545 -42.68472309962037 -0.043192258186147546 0.9881920689996949 -0.1470063386350513 -10.012351321119034 0.6379981193692332 0.14051557403183063 0.7571088251604434 86.74652672850847
0.7620317535094232 -0.061047381861610246 -0.6446555854184438 -43.39103384304067 -0.04562975899285212 0.988008948099986 -0.1474999781986884 -10.184100541338385 0.6459299743297319 0.14181514602538778 0.7501086138821431 87.57705283345362
0.7554195977384527 -0.05964568371354765 -0.6525209757295299 -44.118683134730645 -0.04973299224777775 0.987756407812881 -0.147864493055892 -10.358619133984215 0.6533512537944325 0.14415155649155126 0.7432041899278463 88.4095229875379
0.7490641936499315 -0.06034571877159664 -0.659743304640159 -44.848591324491146 -0.05214206018884188 0.9873835118024054 -0.1495159061103961 -10.529351897892338 0.6604423058457426 0.14639738674815533 0.7364670839911788 89.23021839609713
0.7432011679833644 -0.05917325692348039 -0.6664462090620898 -45.578096383697684 -0.05566661017666664 0.987159101235282 -0.1497268758766757 -10.703122604719177 0.6667482676539941 0.14837599035362226 0.7303638223974267 90.04227636355854
0.7385224107560375 -0.05853047033914597 -0.6716835809017289 -46.333926148409134 -0.05805719916903183 0.9870039337316833 -0.1498419047624221 -10.87216309757577 0.6717246537352476 0.14965767217240072 0.725526409391278 90.85928474504166
0.7342418790517888 -0.057872956481515754 -0.676416723591742 -47.096413004517565 -0.059154152205970055 0.987116470959307 -0.14866693996190555 -11.048446089045424 0.6763058844363927 0.14917035117251848 0.7213588268038149 91.67257776004126
0.73129699465498 -0.057708343179798643 -0.6796134583246839 -47.87216131282577 -0.061374048206830886 0.9868043710083603 -0.14983444051852818 -11.227504707164185 0.6792922285845023 0.15128410520024022 0.7181052761945583 92.4911247257798
0.7292851752888274 -0.058263306485151684 -0.6817246659916021 -48.642877997996436 -0.06335678693410596 0.9863364082217088 -0.15207369057692066 -11.408998693518985 0.6812701744927121 0.15409697250016297 0.7156291444686651 93.29657196192181
0.7267775408754014 -0.06057871231948722 -0.6841963356324098 -49.41061766745421 -0.06296385438444714 0.9860336155217988 -0.1541858038279256 -11.59203933159401 0.6839809640042319 0.1551384177910882 0.7128128170881325 94.09641998486428
0.7235037678980472 -0.0612038486299655 -0.6876019100833047 -50.18761499298804 -0.06541306556150539 0.9855017375932884 -0.15654857410546974 -11.776360856777668 0.6872142523923489 0.15824163204886954 0.7090106890557683 94.89152891979381
0.7215189484973263 -0.06361101491123669 -0.6894664935595309 -50.96492164035984 -0.06552388449994348 0.9850290968134767 -0.1594499889961242 -11.964646728504594 0.6892873330617286 0.1602227112889695 0.7065491173781628 95.68654484227736
0.7197151697862012 -0.0651439040151356 -0.6912064424969481 -51.72778558329959 -0.06566520051236562 0.9847377853674147 -0.16118180887231265 -12.14714192125212 0.6911571137022977 0.1613932025809845 0.7044530348712843 96.46950481919312
0.7181025654065449 -0.06541662498248335 -0.6928559523684849 -52.48476148214386 -0.0657292082976606 0.9847468932611608 -0.16110005396974525 -12.32598095985344 0.692826368387565 0.16122723525630905 0.702849487357361 97.2397573784672
0.7172154000882255 -0.06458572946090121 -0.6938521120716505 -53.25171539299038 -0.06564664950636478 0.9850056638201373 -0.15954422474925076 -12.5124430923526 0.6937525403808447 0.15997664139571818 0.702221394520895 98.01670952997026
0.7152901632849493 -0.0641327187079664 -0.6958785646209513 -54.01296028281825 -0.06743277844238997 0.9847990840518701 -0.16007368441482628 -12.696547558684081 0.6955665336251668 0.16142415693359746 0.7000924502227882 98.78113196511751
0.7139946183532652 -0.0640004869510246 -0.697219924150628 -54.77877350080092 -0.06869066952080545 0.9846061932996399 -0.16072409911639274 -12.880307183132476 0.6967734760188272 0.162648645201933 0.698607286914914 99.54471071498772
0.7131482660461415 -0.06471728404316673 -0.6980195010037025 -55.545749480596506 -0.06810287130438816 0.9846233855287546 -0.1608688521435753 -13.064135114231634 0.6976973194412315 0.1622604752118322 0.6977750272319515 100.30870644077781
0.7115543594932774 -0.06538977744871712 -0.6995817110897907 -56.30119394662506 -0.06720443702668562 0.9847615869580362 -0.16040006388968997 -13.247711890017461 0.6994097205001074 0.16114835977166392 0.6963169170807675 101.06238739925146
0.7105837590592086 -0.06701282812962538 -0.7004141647820624 -57.06025252898022 -0.06666903161140923 0.9845630113725063 -0.161836080220386 -13.43547559219741 0.7004469727147672 0.16169402432734362 0.6951468052947858 101.81538278766082
0.7091780095455475 -0.06859803621233536 -0.7016843023788025 -57.810615207240545 -0.0659790095660996 0.984430147340133 -0.16292346456100482 -13.62080636974901 0.7019354108988177 0.16183817360467084 0.6936101819398361 102.55839403573444
0.7085942806839621 -0.0686339965919243 -0.702270261291049 -58.541148313822674 -0.06483905438200781 0.9847140408145438 -0.1616606162599293 -13.802227147600275 0.7026308009252267 0.16008632775634776 0.693312573992901 103.27671764243314
0.7083486669433365 -0.06984676312002197 -0.7023984593670847 -59.280492251367576 -0.06325616086313418 0.9848069784682726 -0.1617215918578871 -13.982879980192656 0.7030226341679588 0.15898630394423058 0.6931684723108066 104.0012388062473
0.7075732963265384 -0.072423826159099 -0.7029187860130596 -60.01038464047416 -0.06126291375856242 0.9847014706370799 -0.1631253172348891 -14.16273692039473 0.703979321943058 0.15848597139699422 0.6923115708602187 104.72652336609107
0.7070788980048693 -0.07387668669344401 -0.7032650049301604 -60.717544940242284 -0.06024091954417492 0.9846192251111616 -0.1640000401035564 -14.336811761242204 0.7045640237825744 0.15832629820940858 0.6917530771067184 105.42397819113526
0.7064447521451326 -0.07583508323438325 -0.703693720532901 -61.442212992874275 -0.05962242514116277 0.9843327604781684 -0.16593427334253602 -14.521273295355243 0.7052524218936713 0.15917932277862973 0.6908552414311179 106.1371252585409
0.7063750751818363 -0.07640211973099355 -0.7037023300106843 -62.159286526269085 -0.06061153539948184 0.9839775087981368 -0.16767380223496492 -14.70136444645276 0.7052378995334642 0.16109307334588813 0.6904263369698493 106.83696742442166
0.7076270103765433 -0.07614881077620753 -0.7024709053070632 -62.88913123991897 -0.061076869421280926 0.9838628097561164 -0.1681772505438711 -14.88730075203397 0.7039414962958581 0.16191148877139486 0.6915569677160222 107.5514365877032
0.7106591791010912 -0.074468263241049 -0.69958416858104 -63.586300082947155 -0.06347653460420741 0.9835396771577768 -0.16917574593013351 -15.064698906977469 0.7006670112928137 0.1646334754120135 0.6942345122937623 108.23738456800508
0.7142291112092862 -0.07345337754758804 -0.6960469653895811 -64.27019713832556 -0.06478467258124038 0.98327055865938 -0.17024087250778625 -15.237964609935197 0.6969072555941247 0.16668416181665952 0.6975218041751405 108.91223722666152
0.7183550261399438 -0.0737270067842731 -0.6917589066214561 -64.9499962501679 -0.06473329225657998 0.9829701791595212 -0.17198612664026977 -15.414213596121659 0.6926583987024953 0.16832692997179763 0.7013489768675539 109.59639218803925
0.7218395736577146 -0.07089649783898476 -0.6884194335547305 -65.64028689163952 -0.06725932426322236 0.9828432433798386 -0.17174208058089396 -15.594579978062264 0.6887843009254087 0.17027285613616283 0.704686697236389 110.29751897661315
0.7257582821538957 -0.06925119508976675 -0.6844553950869736 -66.32083794002324 -0.06776821126326192 0.9828849045309627 -0.17130304722140274 -15.772604192526787 0.6846038163983634 0.1707089230936664 0.7086438302483107 110.99120181780042
0.7305019570994642 -0.06811727211622928 -0.679504913825718 -67.00423117462266 -0.06832504526216734 0.9827303818265845 -0.17196710390332934 -15.95668946169392 0.6794840534286112 0.17204950995111626 0.7132323515249468 111.69805081519218
0.7349881059295426 -0.06595312135610217 -0.6748649271709792 -67.67109077996508 -0.07001369029338385 0.9825576834650392 -0.17227443755623825 -16.135570179159135 0.6744557563796205 0.17386944656035278 0.71755058932398 112.40146509122017
0.7410260574053303 -0.06600970931291786 -0.6682238401334814 -68.3183057999779 -0.06956794360512847 0.9822536846275793 -0.17417807054304466 -16.31308644460012 0.6678627729323338 0.17555744732698828 0.7232834155565617 113.09443892316634
0.7469853830654541 -0.06586075649503449 -0.6615702519313114 -68.96462524311127 -0.07113217597357539 0.9814522283616616 -0.17802173177787467 -16.494509444443448 0.6610242439032181 0.18003856308533184 0.7284456498424217 113.79891554083976
0.7531651484724666 -0.06461815498650221 -0.6546500998033894 -69.59229293489366 -0.07259824864420895 0.9809203337136281 -0.18034631463087436 -16.66935145641726 0.653813240474863 0.18335700955590734 0.7341038438984461 114.49252434629231
0.7594261980449964 -0.06233236962281275 -0.6476005909664744 -70.23565285970318 -0.0743743313849068 0.9805564970101627 -0.18159684744567275 -16.855097309149524 0.6463283287571184 0.18607426439022653 0.7400243641784141 115.20943532308995
0.7661396015145892 -0.0606059326945769 -0.6398101530245415 -70.84175919421136 -0.07470162406491587 0.9803975302982566 -0.18231936251298983 -17.033139913932125 0.6383179288983905 0.1874769412682515 0.7465940115883398 115.91002712229805
0.7747701747522309 -0.05870421798539422 -0.6295117084734175 -71.43749856705197 -0.07441410215776928 0.9802924356300029 -0.18300077061763914 -17.21100654440357 0.6278484830868437 0.18862808761507394 0.7551329199870903 116.6101368897685
0.7822416738821282 -0.05873966684413254 -0.620199657514519 -72.02677608545163 -0.07271693576007127 0.9801302928944395 -0.18454499777649322 -17.39244959557551 0.6187165836598789 0.18945780662115916 0.7624273923558541 117.3202898891758
