1.0 0.0 0.0 0.0 0.0 1.0 0.0 0.0 0.0 0.0 1.0 0.0
0.9999403772044188 -0.0026722075674494483 0.010587792168397796 0.007817142643034458 0.002658429994952236 0.999995601581983 0.0013151298984711872 -0.0011918689124286175 -0.010591259898928835 -0.0012869045824692987 0.9999430829253978 0.3090808391571045
0.9998022113557786 -0.004948821427546909 0.01926258898937657 0.017471134423833704 0.004906265763688842 0.9999854196952844 0.0022558708079804257 -0.00033903023492990727 -0.019273472036751803 -0.0021609172414731887 0.9998119141680222 0.6108511073705402
0.9996750408589005 -0.007709071416675283 0.024297796230279133 0.027541713582261183 0.007660047216384786 0.9999684351410583 0.00211007065895902 -0.0011420749467887625 -0.024313295959172677 -0.001923262705831991 0.9997025381082945 0.9094533077450937
0.9996296565334468 -0.010264078533835574 0.025203144063283573 0.03931995569553663 0.010231655505779582 0.9999466539506321 0.0014150895894117753 -2.8672446666663494e-05 -0.025216324165794283 -0.0011566956325096977 0.9996813487560822 1.2364146414222916
0.9996711256124036 -0.013270227000072918 0.021944058243561586 0.04832186031594937 0.01326107177700007 0.999911909803578 0.0005626795596482045 -0.0007899942035638504 -0.021949592072645446 -0.0002714927773060718 0.999759041819336 1.5746222026171175
0.9998120886123656 -0.015552297950320456 0.011572099768132428 0.05130724300822421 0.015562890269038987 0.9998785498422724 -0.0008258400500387814 -0.002649229977473677 -0.01155785062427284 0.001005780184162831 0.9999326999829379 1.90109643765228
0.9998650078921237 -0.015365416888156935 -0.005819790093863569 0.035364092005163356 0.015357740224946277 0.9998811360492704 -0.0013614653882897357 -0.0011454752930310933 0.005840017813890464 0.0012719027767818974 0.9999821380681057 2.245308243215319
0.9996063794097526 -0.012328293381963272 -0.0252011790520637 0.006191533391591904 0.01230461352040794 0.9999236963743308 -0.001094493128740488 -0.0003861121154375908 0.025212749343126544 0.0007839715452148872 0.9996818007041927 2.6109819654108875
0.9989858028739711 -0.010069062313921037 -0.0438859845550478 -0.03179058355733623 0.010000515219990817 0.9999484071645913 -0.0017812086715841534 7.315208177507222e-05 0.04390165545377818 0.0013405197183815373 0.999034958174789 2.9657135916101947
0.9979406276346986 -0.01037766703943483 -0.06329935025640318 -0.06751248273878137 0.01022731509619473 0.99994405764672 -0.002698815098618035 -0.0013925309506553933 0.06332381654628319 0.002045874832928253 0.9979909361583306 3.3497868272728333
0.9963970073273543 -0.012114622750284349 -0.08394188289948597 -0.11429752957247602 0.011974270277158477 0.9999259397261642 -0.002175296319420166 -0.00107785800545819 0.08396201903493199 0.0011623159493084289 0.9964682776592599 3.7535770924867546
0.994537667540336 -0.013597803710330264 -0.10348877996035942 -0.16797563133618026 0.013499629891639926 0.9999075160760932 -0.001649026175229966 -0.0034969370185206645 0.1035016320461523 0.00024295841862395694 0.9946292541117973 4.15389090675805
0.9925324191009647 -0.013414904530601566 -0.12124123626069735 -0.23483186683872925 0.013406536733574835 0.9999097368984966 -0.0008847758986936381 -0.007939512895962408 0.12124216183489428 -0.0007472563244604374 0.9926226774568407 4.571437670651349
0.9903662220595192 -0.013631257657425098 -0.13780034476819158 -0.3086075048471245 0.013773014968814709 0.9999051447022024 7.521128217071306e-05 -0.011514502426993815 0.13778624845108595 -0.0019724129245797914 0.9904600240923562 5.006236842001326
0.9883339538783935 -0.01362939347452848 -0.1516912497298975 -0.38698678016719545 0.013742760109901343 0.9999055184880695 -0.0003010675453367967 -0.014044446433241058 0.1516810210793142 -0.0017871011783419397 0.9884278800771027 5.453266832411134
0.9859781733463769 -0.01476060202163431 -0.16622023436543726 -0.4679179535999263 0.01480530638202937 0.9998899247408146 -0.0009702086076940567 -0.019646198353089082 0.16621625849319377 -0.001504336985893908 0.9860881767787082 5.902944138199801
0.9840055752803173 -0.017082393245877587 -0.17731672131597015 -0.5523556516767296 0.01686454413734006 0.9998540407557874 -0.0027357513344838757 -0.024039283387150688 0.17733757348145918 -0.0002983711072089036 0.9841500373451147 6.354153082681572
0.9823111427584652 -0.016620919312476834 -0.18651692645378426 -0.6515119814028085 0.0160198329618296 0.9998604884492451 -0.004729544366219207 -0.02600580164388184 0.18656951456342835 0.0016579141247641703 0.9824403633586731 6.8422115373208365
0.9807406528458147 -0.01703834902974889 -0.19456995276225408 -0.7579730710037959 0.01619429406654597 0.9998512907080443 -0.005928010555342741 -0.029974656032045174 0.19464202191523688 0.002662917910577818 0.980870731632334 7.3486001624372745
0.9792633611677383 -0.01767847636217385 -0.20181858424826973 -0.8662549504577581 0.016241394463906902 0.9998295979262114 -0.008774520874575623 -0.03730251839975229 0.20193931410285534 0.005314751567350029 0.979383615768329 7.854538019360454
0.9769342038949119 -0.02069786205044865 -0.21253507890876616 -0.9818540388989029 0.018985375382298553 0.9997687930831872 -0.01009534043906462 -0.044134137783907706 0.21269489129221714 0.005827425119896334 0.9771012866303391 8.378382702917634
0.9748540415324762 -0.025787034427587622 -0.22134729852254212 -1.0961513759616819 0.023870643538936694 0.9996508624096072 -0.011328974391595258 -0.053129978125494234 0.22156215851276137 0.005760394010726352 0.9751292364481783 8.906377896577984
0.9721169144417652 -0.02697662595336329 -0.23293983409540436 -1.2345585663845475 0.024349907900182776 0.9996034196399624 -0.0141451556847669 -0.06143382635998479 0.23322904330609168 0.00807868159206704 0.9723882703232591 9.45771569596007
0.969562114960894 -0.022857596680211437 -0.24377619963106167 -1.3852200548263456 0.018790992278468033 0.9996429904464571 -0.01899447973636504 -0.06599411981288796 0.24412333735583125 0.01383553126083037 0.9696454889458217 10.006593890663227
0.9671124579784993 -0.020266227798080915 -0.25354047730810547 -1.5505083990215311 0.015286853462725607 0.9996499380744531 -0.021594291350991394 -0.07688056000883334 0.25388935726807216 0.017008272063282617 0.9670837155838303 10.580299689625052
0.9640645143868026 -0.022731142778826707 -0.26469398793343824 -1.7149824090396875 0.017362829004861753 0.9995937236126747 -0.022603536959857742 -0.09319101865666561 0.26510025324221487 0.017195431431526166 0.9640675146839028 11.15502622720728
0.9607953745269465 -0.02367140368251061 -0.27624610935780464 -1.881597747901759 0.01756170983740509 0.999543844074749 -0.024570106224038574 -0.10798305994109246 0.276701706961145 0.01875549039543816 0.9607728123468187 11.709894824383266
0.9578957089999764 -0.022403679174601454 -0.28624095765434054 -2.0561414464002943 0.01510986653465383 0.9995030451015254 -0.027665045925912603 -0.12111574538988507 0.2867185076215649 0.02217516611481038 0.9577581946373745 12.266056461491894
0.9550586454418334 -0.021114727400262108 -0.29566391740221426 -2.24971313481544 0.012457530262447334 0.99943758596433 -0.031133931675155154 -0.13765703894335773 0.29615501634544533 0.026051488414400453 0.9547845444103208 12.850267473646483
0.9528966170879297 -0.02162155122020097 -0.3025236282758949 -2.445556828421691 0.010977562722471197 0.9992608663322355 -0.03684038726213935 -0.1606343438345854 0.3030965691971023 0.03178410828987364 0.952429651051018 13.449839074307576
0.9509170063170246 -0.022903762123468653 -0.3085972533540431 -2.652372321031641 0.009593627483168393 0.9989597623549448 -0.04457976567307958 -0.18705668803945752 0.30929728322243977 0.039431090225151656 0.950147556811506 14.068880625871769
0.9499028132295277 -0.022975017416854572 -0.31169984599502837 -2.8613988507833708 0.006843409859205257 0.9985843426302325 -0.0527492027925107 -0.21396254519396773 0.3124704996637732 0.047973526329025636 0.9487153037721223 14.675990697143131
0.9491135910982273 -0.02405524879660624 -0.31401391083511004 -3.0763403344171376 0.004952913570816243 0.9980954416964568 -0.06148949432150896 -0.24940461856314458 0.31489499811808236 0.056805231009901126 0.9474250924955095 15.294596659187693
0.9485048780003149 -0.023669924811478983 -0.315876923926118 -3.3013317307815324 0.0016346160230825604 0.9975566880836347 -0.06984255214457023 -0.2893700552300974 0.3167583060316883 0.06572966391994457 0.9462260759675282 15.915914412815637
0.948129977096354 -0.02436130600272699 -0.31694806088870286 -3.5263938283128975 3.694263203084247e-05 0.9970675674377049 -0.07652623471137256 -0.33656814189139955 0.31788291109543676 0.07254510826857756 0.9453505498489919 16.53984001632117
0.9475781755566268 -0.023453989302427685 -0.3186620648815556 -3.7599831522083322 -0.0029543573568592343 0.9966166239920518 -0.08213754656242148 -0.39026867196051396 0.3195103644349947 0.07877318813205159 0.9443028708259495 17.194664856199843
0.947348311965212 -0.023693957584282985 -0.31932706147562556 -3.9928653082129 -0.0045826201539213764 0.9961531453548376 -0.08750948858374714 -0.44726881924102946 0.32017210279658753 0.08436532091836253 0.9435954203031898 17.848686239417045
0.9473640356096039 -0.02175399990891428 -0.3194184520678918 -4.246074129356654 -0.008154098202079319 0.9957257878081441 -0.09199818572320588 -0.5081504821782639 0.32005451834960247 0.08976034192121592 0.9431374164469303 18.53994118858948
0.9469791570775515 -0.019890037990343105 -0.32067875272526736 -4.505659884119606 -0.011007462852971764 0.995487661106275 -0.09425047663910854 -0.5711196166761001 0.3211063870779136 0.09278309638022114 0.9424871273412004 19.254797836589603
0.9468058871195993 -0.018133756436154884 -0.32129391371948346 -4.762164441350689 -0.013274337084915206 0.9953605229010516 -0.09529544283490884 -0.6385102212397702 0.3215313423145941 0.09449125000580502 0.9421724892936091 19.961074180157603
0.9455413955267208 -0.016571940923485188 -0.32507974424656166 -5.025089883706217 -0.01510176151198493 0.9953942576684667 -0.09466894210815682 -0.7096535950258994 0.32515135882326646 0.09442268040397356 0.940936209995509 20.693403507844764
0.9443670784024267 -0.015309660940211245 -0.32853680997958307 -5.286841890047356 -0.016445752064706026 0.9954683025014216 -0.09366106957516812 -0.7782181016074643 0.328481899758101 0.0938534655558016 0.9398357135874732 21.409162835874607
0.942473883464846 -0.014320040962353321 -0.3339729261684673 -5.557914863278827 -0.017561343570302812 0.9955813179683076 -0.0922466179569389 -0.8499384828079116 0.33381818134831687 0.09280504156199802 0.9380579118913598 22.14797730264214
0.9395242270874743 -0.013422328551961593 -0.3422193270578496 -5.87588258417775 -0.01858602072302386 0.9957610050130428 -0.09008096762967499 -0.9337111567976805 0.34197775738981556 0.09099374699207866 0.9352921209221076 22.99573765360896
0.936297660638302 -0.013031224982791365 -0.35096563629320043 -6.161994213473735 -0.017905955833208042 0.9962405672417088 -0.08475912297574464 -1.005864956138079 0.35075071978392625 0.08564414374238366 0.9325443760023925 23.745347991676237
0.9339664490840422 -0.011772658303931417 -0.3571667348757499 -6.419361830313956 -0.018399252593179583 0.9965474951729258 -0.08096022090249028 -1.0650979569137518 0.35688673201641685 0.08218573100621862 0.930525317296427 24.39369701320483
0.9309476253763983 -0.00994307667519449 -0.3650173338791961 -6.726713521117628 -0.019870690185790695 0.9967685555897622 -0.07783059976024605 -1.1304554659358292 0.3646116762770848 0.07970935838237876 0.9277417440800452 25.15022735552933
0.9276609138245131 -0.00920435265717234 -0.3733102045945596 -7.044200110995847 -0.021127703166685673 0.9968011331199624 -0.07707866870710546 -1.1943007342632965 0.37282549419422745 0.0793900554409789 0.9244989832205921 25.908412395465426
0.9243888809644187 -0.009817998992186374 -0.38132506296484003 -7.37511527144325 -0.02101039530684598 0.9968406602657133 -0.07659805043254603 -1.262651330456099 0.380872367123686 0.07881817643669656 0.9212621424029069 26.691583839200216
0.921225215256787 -0.009629468205574369 -0.38891049885181095 -7.708664816934618 -0.021714799244882527 0.9968622607862758 -0.07611898918029274 -1.328232998449656 0.3884231845150866 0.0785678455995384 0.9181255488052852 27.463646606326193
0.9178432859594828 -0.00948810572737786 -0.3968295330098373 -8.062662188436661 -0.022003519886160578 0.9969610215049807 -0.07472995860005005 -1.3933604476391008 0.39633262234103167 0.07732203728208381 0.9148452082285995 28.267150654103073
0.914322601902941 -0.010008300662757685 -0.4048629565263782 -8.415752223195513 -0.021464828708520775 0.997091883022525 -0.07312344315682395 -1.4604380128725727 0.40441740909356266 0.07554873081951308 0.9114488183620685 29.05007833570503
0.9110332530034769 -0.009533157024547751 -0.4122226714277712 -8.78353996140996 -0.021347937228881203 0.9973013916370128 -0.07024385962452076 -1.5262827218360016 0.4117798896230542 0.07279459565120852 0.9083712178102092 29.850394905930347
0.9072068137067671 -0.0071514110010069305 -0.42062412494376733 -9.166272589164974 -0.02211343892621537 0.9976625232197577 -0.06465667468748486 -1.5889421859907364 0.4201033122731501 0.06795842172594489 0.9049280965544428 30.666044618728527
0.9039455594026073 -0.007676138229754808 -0.42757865070438794 -9.548558605367695 -0.020286781543177375 0.9979435446238254 -0.060804014984659115 -1.6525487021174694 0.4271660943133557 0.06363771401859866 0.9019309115578423 31.47239081596664
0.9002592865062252 -0.007437361872280083 -0.4352905957032417 -9.962626259447326 -0.020133354228092745 0.9980730658915589 -0.05869244576050732 -1.716659747233791 0.43488833636558755 0.06160227909911052 0.8983748071395184 32.33176667461209
0.897469527936264 -0.007194101298388247 -0.4410177902674317 -10.377092589640563 -0.020050537588342923 0.9981679394914275 -0.057085379160139546 -1.7761089559443168 0.44062049699063965 0.06007503206779814 0.8956810638579868 33.174275069550475
0.89486335767635 -0.006872768972793025 -0.44628727982640914 -10.795639492930206 -0.01990380501648702 0.9982723241311604 -0.05528295776853015 -1.8295846661029855 0.44589618705935874 0.05835350821002998 0.8931805295938259 34.00875193141852
0.8919691029607911 -0.007787883883128738 -0.4520292780649777 -11.225303872147604 -0.01867646476615244 0.9983633408336554 -0.05405394845246395 -1.8859017910490705 0.45171042607754885 0.05665676079768298 0.8903638034133878 34.85567199468851
0.890137796608068 -0.008060355435900486 -0.45562016386457366 -11.656995794255517 -0.01844849753612729 0.9983864142617607 -0.0537049416367243 -1.9406532275654917 0.45531786258436374 0.056210305885944147 0.8885527815069938 35.68969659262138
0.8889767700191264 -0.009109483846711796 -0.4578616818105747 -12.099413147035428 -0.017589093465493963 0.9983852368725726 -0.054014281314847506 -1.9954200450397304 0.45761438587245434 0.05607081325381204 0.8873810555469577 36.54082397381352
0.8878196702927411 -0.008410695204643043 -0.4601146522851267 -12.562749988353259 -0.018514438589590433 0.9983706552273232 -0.05397453422381467 -2.0481762030183197 0.459818930237763 0.056438417652695146 0.8862173866540078 37.417368755214596
0.8872476555132283 -0.008204438387356159 -0.4612204299215592 -13.034716761287186 -0.018575741066857786 0.9983953759710553 -0.053494065871198065 -2.103871529781982 0.4609192333045963 0.05602999580905839 0.8856715530824845 38.31220745843303
0.8863969519802336 -0.006687570594148789 -0.46287765113440094 -13.52066746424914 -0.019442823516675114 0.9984755405128387 -0.05165821920367028 -2.158762361113968 0.46251748089542666 0.054789336527679366 0.8849156504825789 39.228670487067
0.8859068378997327 -0.007437385691234759 -0.46380357896050883 -14.00276760057254 -0.018251517234678216 0.9985382781976286 -0.05087424783471231 -2.2176571921348045 0.46350399856002256 0.05353496304468046 0.8844761449867801 40.14055143925839
0.8852522564514018 -0.009421666566022429 -0.4650157789224149 -14.487878571254894 -0.0161556694503073 0.9985686067228896 -0.050987567230840226 -2.2744878050698163 0.4648305463201768 0.05264950015551658 0.8838328989922588 41.056737717450375
0.8839107257144245 -0.011558008618612243 -0.46751282485486073 -14.97628501399767 -0.014240228566709558 0.9985657628915211 -0.05161039692971317 -2.3308485835533856 0.4674388140252877 0.052276472888353534 0.8824783994665173 41.97196549996774
0.8832861636781038 -0.012319126692583495 -0.4686723718893084 -15.480778781480078 -0.012770461524498454 0.9986516161323941 -0.0503176401335452 -2.3888632133775953 0.4686602910075372 0.05043003781170237 0.8819378339310775 42.91455483703777
0.8813265614984734 -0.011560785625577085 -0.47236621411040536 -15.991654003952757 -0.012125723427967411 0.9988180357296328 -0.04706908043022231 -2.4482519097571727 0.472352049671245 0.047211012877481716 0.8801446821031507 43.862682046424275
0.8790466609306359 -0.012075469642814033 -0.47658278498032786 -16.49864546738227 -0.009679018522492588 0.999021046844386 -0.04316554832720977 -2.505744094785025 0.47663747702750064 0.04255738472759943 0.8780692367336451 44.78855874681408
0.8762234439658547 -0.012360858022044181 -0.48174649498836575 -17.015889931420734 -0.008880640170007576 0.9990870513552249 -0.041787534558681984 -2.561747661149339 0.48182321496041214 0.04089343472100453 0.8753137246278796 45.723240656657
0.8716845737834269 -0.01512734450516228 -0.4898338159786718 -17.55565043346915 -0.007835040240452737 0.9989655414150851 -0.044793517496355045 -2.6197493484086642 0.4900047101533165 0.04288368586639814 0.8706643288398097 46.67798388204054
0.8665560003899362 -0.018561192230042454 -0.498734579040993 -18.075387992248164 -0.006505348314748092 0.9988032046228548 -0.048475136703468105 -2.6734487237092015 0.49903745213310485 0.045250862733383634 0.8653981631540385 47.58935784314523
0.8608433806957313 -0.018422952519444348 -0.5085363986312197 -18.62476990929222 -0.007135430282768687 0.9988091742779845 -0.048263019101695566 -2.72878752510573 0.508819967716504 0.04517552654476959 0.8596868105620667 48.51503262433458
0.8554512842798951 -0.01653952795711315 -0.5176191111607394 -19.18809737500674 -0.007263460918843736 0.9990084058374429 -0.043925473265651084 -2.7852673060300495 0.5178323496647911 0.04133580870246608 0.8544828895651186 49.4413038389614
0.8508222441424711 -0.01509236990322009 -0.5252368315751227 -19.75910812402509 -0.007237216490406729 0.9991560171118827 -0.04043360194924927 -2.838916371259143 0.5254037795542018 0.038203060608068114 0.8499949379792423 50.359717401677784
0.8470406584761776 -0.015200313647985016 -0.531310712627975 -20.338644128282677 -0.008242486771988744 0.9990951852126745 -0.04172376177510492 -2.893390374506094 0.5314641891040801 0.03972104416874003 0.8461489551787487 51.27736854142655
0.8449222988102341 -0.018525881589500623 -0.5345681440981698 -20.90473740259488 -0.007600532753444424 0.9988833017100703 -0.04663026342036431 -2.9456785031147903 0.5348350595044173 0.04346195205142712 0.8438379689542217 52.17215295107928
0.8433709624706837 -0.020850817955047285 -0.5369270556154517 -21.481762494184633 -0.010012719127911802 0.9984634970000869 -0.054501290021642515 -3.004659916664549 0.5372384620603206 0.05134090522150071 0.8418663470730366 53.06990501849407
0.8406021742449459 -0.021895186519572347 -0.5412102968920146 -22.050455778030322 -0.010295399916700186 0.9983562892580808 -0.05638017771690963 -3.06401372536908 0.5415551582204944 0.05296527641869002 0.8389950477199892 53.95643297237325
0.8390529839778118 -0.021954537892063423 -0.5436065565681453 -22.642313468780305 -0.008718548925176265 0.9985145392629458 -0.05378384316081214 -3.128928440305024 0.5439798497946128 0.04986695445336002 0.8376151920010628 54.862700160177376
0.8365495219628624 -0.01974161084209504 -0.5475355386685559 -23.23737505532966 -0.00847370011381707 0.9987649236124291 -0.048957366839320914 -3.1928293963836545 0.547825787737386 0.04559491378232903 0.8353490349112127 55.76366694469648
0.8339910184242074 -0.018106154571946205 -0.5514808685297887 -23.82644301536848 -0.008955778783171369 0.9988856292878961 -0.0463388997334928 -3.2517081268246266 0.5517053336828821 0.04358516684309689 0.8328994885441575 56.64261614918104
0.8320648783647921 -0.017789522540534154 -0.5543929753158525 -24.426220890421188 -0.01024637682195746 0.9988220644956709 -0.047428843952053934 -3.3080142499003933 0.5545836726354338 0.045144394606480856 0.8309024814512279 57.53061386825379
0.8289335226232704 -0.01952374703237297 -0.5590062954682997 -25.037618061698893 -0.009946159638523182 0.9987181519747865 -0.049629898493875634 -3.369496911157544 0.5592586959358086 0.04669985243963084 0.8276767695195363 58.432738650549204
0.8262459943905773 -0.02185010995532136 -0.562885538496475 -25.636952630358095 -0.009378014325993021 0.9985753903992767 -0.05252849261338146 -3.4317423667089972 0.5632313996936142 0.04868020525709569 0.8248640057702237 59.300435559044075
0.8236831226152884 -0.023605655370096814 -0.5665588112043413 -26.250038914786316 -0.008229408421164552 0.998530296450508 -0.053567937308606296 -3.4948832262691916 0.566990643975512 0.04878544972642281 0.822278292027234 60.18588529179893
0.820480894989157 -0.024430557755689142 -0.5711516863369467 -26.86594138033495 -0.007157509261945907 0.9985691247699819 -0.052995029175172674 -3.561217180211469 0.5716291376574126 0.047569432452554884 0.8191320272564031 61.0702211512597
0.8176639026021841 -0.02391948936003516 -0.5751987486166164 -27.493171419584293 -0.007760752107648868 0.998587707344003 -0.05255817223012602 -3.6259930383843364 0.5756435642896478 0.04743889511996597 0.8163234886500004 61.95568485551347
0.8129474141541997 -0.0244725484132686 -0.5818226501212895 -28.130184860786503 -0.008258823642363699 0.9985315688294867 -0.053539685122052226 -3.694432178742407 0.5822785361423213 0.04833011923308684 0.8115515423698431 62.83786613199267
0.8080753090091914 -0.025567946384470526 -0.5885240650027664 -28.77642206678172 -0.008266311083820857 0.998467099823489 -0.05472767737750535 -3.7623160246232206 0.5890211906805775 0.04908900780981065 0.8066252576267886 63.71706236970987
0.8041022483159572 -0.026923823663332708 -0.593881033518135 -29.43056220649328 -0.007993640617074471 0.9983939532224289 -0.056085790344575025 -3.835063105583471 0.5944372767272486 0.049845981665890916 0.8025956031208096 64.60678549324507
0.7993119955114866 -0.027470276942116238 -0.6002880289629045 -30.104859738829077 -0.008511556875377985 0.9983367957056658 -0.0570192576214486 -3.9089241447252125 0.600855962133191 0.050685562292109916 0.7977487615434637 65.5015172411388
0.7946321123366918 -0.029401763476142227 -0.6063788768977859 -30.766892542830167 -0.007892054530061664 0.9982418611317182 -0.05874437981269349 -3.980722363216597 0.6070399669862124 0.05146574578082442 0.7930029984133741 66.37229680199772
0.7892277910284121 -0.029327017650155607 -0.6133998858038374 -31.457919171058872 -0.008467759761951523 0.9982443577112494 -0.05862166273886415 -4.056132424017638 0.6140421735622295 0.051459968260801715 0.7875938552030294 67.26227834815239
0.7844288749438286 -0.029747226621888893 -0.6195049980933691 -32.15249478001269 -0.007540430980713008 0.9983179051279741 -0.057484799743223715 -4.128906492258662 0.6201729452781575 0.04976407146927806 0.7828850842466066 68.13521452616204
0.7803676886256 -0.03071132760445109 -0.6245663174602923 -32.84113055619236 -0.006339415570953896 0.9983533608909205 -0.05701209177027402 -4.203957705458229 0.6252887991635204 0.048449779716480436 0.7788880128016268 68.99462134332428
0.7753201210601992 -0.03216113603736111 -0.6307490556536607 -33.55029027400976 -0.0054139879811806214 0.9983274598151026 -0.05755842000319829 -4.275008090453201 0.6315452466873123 0.048041068971363426 0.773849246997599 69.86512956537848
0.7711249918224603 -0.034401536664929684 -0.6357537111664409 -34.267484347921815 -0.004435435506970892 0.9982246908677018 -0.05939523090236358 -4.3484786196947685 0.6366683390107242 0.048620991528074406 0.7696034207851165 70.72847502472234
0.7671197593402034 -0.03317818940028802 -0.6406453641274144 -34.98416933393604 -0.006391872450687187 0.9982167657488625 -0.059350084620453256 -4.423471571733468 0.6414720717197304 0.04962354608448928 0.7655397343558321 71.57821982964818
0.7629991641773404 -0.032879892532510155 -0.645562691093383 -35.72233448274098 -0.00608015860439531 0.9982962317629024 -0.058031588978202264 -4.499839113403776 0.6463708742943369 0.048203177437179306 0.7614992754749897 72.44448413134195
0.7604483245324036 -0.03226177581848144 -0.6485965799608401 -36.461752348535164 -0.007057960911647782 0.9982956258558267 -0.05793124014634434 -4.575957441242655 0.6493600934024434 0.04863148381616391 0.7589245337174234 73.30076225236971
0.7563551099150796 -0.032377100997873255 -0.6533595266285795 -37.21479193087243 -0.007404785061543547 0.9982866815582724 -0.05804197258506218 -4.6539391367816805 0.6541193445110306 0.048738329416859204 0.7548194872829619 74.16430520847429
0.752947006885111 -0.03315139104715155 -0.6572456086535624 -37.947994936526825 -0.009100764799802773 0.9981102762842463 -0.06077049000826352 -4.7274258070917385 0.6580182223182057 0.05173839625872285 0.7512224420567879 74.99177459793759
0.7501285563053348 -0.03492997064363261 -0.6603688712879409 -38.70741117756367 -0.009576288052345873 0.9979255171740219 -0.06366283751215701 -4.802383228687171 0.6612226884510336 0.054079194925551285 0.7482379280374603 75.84876113218859
0.746886789194303 -0.03448827112750913 -0.6640562350295797 -39.47700814054901 -0.011496489098455907 0.9978350429140848 -0.06475382514613134 -4.880852324880992 0.6648518292562892 0.055998091818222594 0.7448733173146183 76.70718376670312
0.7442665589717739 -0.03340123802309991 -0.6670469597373481 -40.24290774520059 -0.011917332288875261 0.9979255219744056 -0.06326634004924446 -4.962679799578201 0.6677763595601687 0.05503644147866327 0.7423245406976211 77.55674119149087
0.7410582273864158 -0.03314003641263609 -0.6706224285016662 -41.01565452192903 -0.011901224472101377 0.9979760048133678 -0.06246802920545521 -5.043079302179941 0.6713352846968257 0.05427367504894157 0.7391639220888111 78.40612760494741
0.7371229499103369 -0.033193456821690004 -0.6749429243570969 -41.8001380029342 -0.012613880950012306 0.9979429891255375 -0.06285443868627406 -5.122901315883071 0.675640915518637 0.05484509895527831 0.7351879816738872 79.25301455696292
0.7347632157231062 -0.03376138127806774 -0.6774829783503328 -42.60397467253012 -0.012575287701470605 0.997911000089812 -0.06336795750990211 -5.203272720152063 0.6782071062437091 0.055079987599385434 0.7328037363486803 80.12116430377047
0.7317876282145803 -0.03437586969848538 -0.6806652384061874 -43.4220365624937 -0.012083324788785385 0.9979157455972488 -0.06338894186792865 -5.290034612165489 0.6814256088922165 0.05461194257266141 0.7298470218301315 80.99696217194915
0.7291130228281674 -0.03415491280900029 -0.6835405195548998 -44.228122855303276 -0.01269848321115357 0.9979068858087164 -0.06340816808334584 -5.375578016107998 0.684275491645367 0.05491164891495589 0.7271531904261523 81.84917918314744
0.7276950895854368 -0.036348454305287416 -0.684936965320795 -45.036140980949696 -0.011049164826680264 0.9978440526760303 -0.06469283187269606 -5.4610690399743715 0.6858117617465279 0.0546446375108528 0.7257245972415649 82.70687219264218
0.7250853765761389 -0.040122513970878695 -0.6874891857681079 -45.87545271261066 -0.008759101204801958 0.9976832709222431 -0.06746383525992845 -5.550203595091185 0.6886032782535408 0.05493882775006556 0.7230541130399064 83.59118901504557
0.7225151374552102 -0.04354873996064934 -0.6899821616505158 -46.72077052366697 -0.0057522602756702665 0.9976009190058811 -0.06898780979522788 -5.639086440738189 0.6913311707494462 0.05381369385631633 0.720531261434047 84.47397945407786
0.7186394817019883 -0.0458725848727191 -0.6938681440275184 -47.55610184136744 -0.002885550566018174 0.997616470756949 -0.06894237356213263 -5.728965720515752 0.6953768538979629 0.05154690321973644 0.7167942158188965 85.34231230900457
0.7120678940272704 -0.04733593651667144 -0.7005131143737837 -48.39761491753899 -0.0016129575674092705 0.9976117982491557 -0.0690514182473601 -5.823732026953295 0.7021087612780899 0.05029919589989257 0.7102909813790195 86.20423834213634
0.7050861463308534 -0.04815468453054685 -0.7074847366622621 -49.24011174742006 9.114990528112654e-05 0.9976977671819008 -0.0678170852510232 -5.9119898220032265 0.7091216524292581 0.047752400128300294 0.7034672631601172 87.04813263541203
0.6958668166125281 -0.04635607786411304 -0.7166732083611069 -50.105912097522605 -0.00046367774961049435 0.9978854330356978 -0.0649957501541652 -6.000436421107914 0.7181707029254889 0.04556069117358118 0.6943738653487003 87.89150891215827
0.6878789898842029 -0.04563972352087278 -0.7243890604591066 -50.966105267650825 -0.0009008500799604739 0.9979666576357167 -0.06373177164122863 -6.088872353287191 0.7258248299314527 0.04449231264313611 0.6864391818439878 88.7093364272976
0.6804530620395706 -0.04593536412001651 -0.7313505128760996 -51.84306575364423 -0.0030572706514878298 0.9978466899211988 -0.06551821509680107 -6.1743728442653465 0.7327852915125522 0.04681800654095218 0.67884739876234 89.52472113357636
0.6704861474748356 -0.04749188228769722 -0.7404004640470753 -52.742051493905244 -0.002839553627000467 0.9977775584331063 -0.06657237281687177 -6.2660073258133675 0.7419166145730612 0.04673826060136052 0.6688611754440581 90.34955601137345
0.661748741244718 -0.04838813496886331 -0.7481625437398389 -53.64212906955028 -0.0031069415931889444 0.997729484786011 -0.06727720343903837 -6.348870188424386 0.7497192477020767 0.046845102015859806 0.6600958915507322 91.14821819477486
0.6537654922516472 -0.04848080294806994 -0.755142564610466 -54.55489557100734 -0.0016868774926303426 0.9978496189169054 -0.06552322085880352 -6.4414171786612355 0.7566953386834666 0.04411065373463764 0.6522778661290115 91.95121808934475
0.6432986293886119 -0.047599532350825854 -0.7641342538760555 -55.486076822271784 -0.0018124691679958609 0.9979679967040794 -0.06369138489593185 -6.529092386245389 0.7656132106894763 0.04235755038277537 0.6419051717686362 92.74662294308939
0.6341358605704633 -0.047292239786777254 -0.771774030655676 -56.41128992145682 -0.0027704337675111684 0.9979824421961958 -0.0634300383482205 -6.617737547174442 0.7732166805206016 0.04236141078938298 0.6327254347982507 93.51139414469384
0.6260054201033126 -0.04757851900707399 -0.7783659155759383 -57.360386648973886 -0.004485189545014055 0.997900829740407 -0.06460508554403982 -6.705360388659462 0.779805807285391 0.04393425238354358 0.6244779294670699 94.27807356523289
0.6169562816047736 -0.046960737578553485 -0.7855950838151228 -58.335096288729865 -0.006919701614528515 0.9978558356385477 -0.0650834004309993 -6.79583283676949 0.7869670033222343 0.04558969629394501 0.6153084716415407 95.0413580599818
0.6095056017501217 -0.0470491654802767 -0.791384418258808 -59.31438373266103 -0.008763214228874217 0.9977765909986966 -0.06606875609089909 -6.886197504190179 0.7927333268581568 0.04720434813266039 0.6077381195924522 95.79293276482896
0.6014592012494564 -0.04610794939222834 -0.797571869009439 -60.31587668683426 -0.010590889987050076 0.9977852491779722 -0.06566909145202317 -6.976529048691274 0.7988333132022275 0.047944275212956244 0.5996387947695314 96.55129622489446
0.5949642634636079 -0.04361920591791464 -0.8025676856666342 -61.33174292386544 -0.012490780797161854 0.9979039613617884 -0.06349538797052758 -7.061400077131861 0.803655091190421 0.04780218377376838 0.593172357439366 97.30035861770646
0.5891434851711865 -0.041706793311094795 -0.806951359917098 -62.348541830357284 -0.012445163528230854 0.9980802185375999 -0.060671206257112 -7.148829428794034 0.8079325911145706 0.04578668753735141 0.5874934105666663 98.04150732270328
0.5827939477906457 -0.04081435565560056 -0.8115943585258665 -63.38265906663333 -0.013248786141323488 0.9981279168734821 -0.05970871982872397 -7.2339512455664385 0.812511959348523 0.04555052063612147 0.5811621684051731 98.78153149017302
0.5773904978205703 -0.04199639659495463 -0.815387340899743 -64.41756109425343 -0.013527214315905828 0.9980471296213863 -0.06098312493931178 -7.320632104649285 0.8163560666151541 0.04624099617819065 0.5756948347632476 99.51301010450639
0.5729089120006026 -0.044029349979745246 -0.8184355777278057 -65.44227399551296 -0.013044438184521613 0.9979397923416786 -0.06281730250096479 -7.407323646780095 0.8195152354793266 0.046664624732324064 0.5711542625384629 100.2277079147921
0.5678666199122863 -0.04548673407015528 -0.8218627981682989 -66.49814472710648 -0.013646407932144458 0.9978144341301038 -0.06465392944106518 -7.4971005855612125 0.8230074589819611 0.04793028338380345 0.5660047794805304 100.9509236341742
0.5646462984598231 -0.04739800797658993 -0.8239708650647011 -67.52498314525754 -0.014359529749265375 0.9976343000187478 -0.06722802489649315 -7.59166350770923 0.8252080716649592 0.04979188955999418 0.5626299016165466 101.65135815246
0.5605988783011553 -0.04754542749579575 -0.8267214343246029 -68.5578855997826 -0.013790389075966619 0.9976758717992562 -0.06672840473687236 -7.682073055799434 0.8279726582542567 0.04880867908309359 0.5586403046948399 102.34979195954604
0.5581612775089877 -0.046233965908235544 -0.8284433648028882 -69.59903849685324 -0.012501735975716442 0.9978643945726533 -0.06411206315308876 -7.770321948347805 0.8296382915988922 0.04614185129086476 0.5563912604205097 103.046767697489
0.556207520315852 -0.04474323148106609 -0.8298380791339495 -70.66282804917753 -0.01019897690411345 0.998106870647345 -0.06065192195366578 -7.861573045945713 0.8309808512921346 0.04219855451548005 0.5546982123484838 103.75691803413099
0.5535250936421774 -0.043816592049927154 -0.8316790708978729 -71.72982011215701 -0.009898590218420024 0.9981983920017803 -0.05917759809884094 -7.950864844725771 0.8327736719061828 0.0409887358452344 0.5520941359167864 104.46723105011876
0.5515068593768413 -0.04418241419181549 -0.832999458785224 -72.76503682464177 -0.007979853635776198 0.9982712010747616 -0.05823170133788384 -8.036602034606172 0.8341321873637563 0.038762396480813394 0.5502008457125631 105.15390671160614
0.5505339289553226 -0.0440715818548739 -0.8336486602531218 -73.80165832996447 -0.005433554094550659 0.9983952001933554 -0.05636932428876047 -8.12228322018891 0.834795106333834 0.03556290066458302 0.5494109668885429 105.83955969845944
0.548046631554397 -0.04442672553076894 -0.8352671163768468 -74.8255752556559 -0.0022431600184520395 0.9985068245599429 -0.05458103645361958 -8.203672920266893 0.8364447727584954 0.03178659097533822 0.5471286455296925 106.51402162014367
0.5471124351147725 -0.046106566158124904 -0.8357883511391447 -75.83658964069285 0.0007242266257467163 0.9985075555387495 -0.05460894640831041 -8.283361577273869 0.8370588144441097 0.0292719334711189 0.5463292917941376 107.17814331222844
0.5448501094107585 -0.0469023048039898 -0.8372207188544479 -76.85538604088606 0.0032881045189375804 0.9985463095701397 -0.05380014881510764 -8.363812138265052 0.8385270100859944 0.026560147739213003 0.5442122857013741 107.84005910219491
0.5442179449506013 -0.04683079833510099 -0.8376357828561538 -77.85064479064087 0.006579612379322759 0.9986483314855569 -0.051557916191905376 -8.439123268880474 0.8389180753176573 0.02254742442965001 0.5437904711898758 108.48485319823165
0.5433109845021558 -0.046952394729518857 -0.8382175414225485 -78.83321185930821 0.008638814598686016 0.9986946752467298 -0.05034199555200846 -8.51319829338163 0.8394870725637339 0.02011015323144904 0.543007400258394 109.12233650271358
0.5411870309901442 -0.04840659018863562 -0.8395078317171214 -79.8079452605895 0.010278142650471871 0.9986479613305494 -0.050956933914771296 -8.585247863273628 0.8408394360826148 0.018948650523119153 0.540952855036022 109.75555130477947
0.540519462344484 -0.05006393267053229 -0.8398406476662049 -80.78706370427663 0.012245769247310984 0.9985903800913826 -0.05164585099008473 -8.658562566105914 0.8412423859758683 0.01763109283365138 0.5403706067164642 110.38454599545028
0.5407664582878745 -0.05188377172784203 -0.8395711475640892 -81.77241112871825 0.013563207410173611 0.9985040190883536 -0.05296945600205342 -8.73385261079238 0.8410634203171228 0.017256827509656604 0.540661192345784 111.01655028210328
0.5412736644546828 -0.05280671144953723 -0.8391866725548522 -82.7307187505602 0.013642570007488797 0.9984461743608706 -0.054028855139941726 -8.805663662325255 0.8407358089503445 0.017795733478206333 0.5411530388148832 111.63284011359171
0.5445776255218063 -0.05352674004925179 -0.8370006558424739 -83.71997447806959 0.013695560796920324 0.9983958741359542 -0.05493732904648809 -8.88142194115631 0.8385986175730851 0.01845444683549386 0.5444371331903316 112.26783330493919
0.5477141295642995 -0.053343460685562644 -0.8349632970841947 -84.65803555933171 0.012013904292391572 0.9983639855672714 -0.055901864243389214 -8.954364736238201 0.8365792839768833 0.02058707177626034 0.5474589245746243 112.87527925300864
0.5515324853179683 -0.05370622364488753 -0.8324227046283579 -85.58276864346281 0.011173416935106272 0.9983113136667859 -0.057005927401370726 -9.024998508692331 0.8340785768696972 0.022139614872472207 0.5512012019764827 113.47924585828414
0.5574483670855515 -0.0539452117174148 -0.8284571396073642 -86.52477000958189 0.01119203192570321 0.99828434104306 -0.057472713957128815 -9.10153325635538 0.8301361674177475 0.022765951791814062 0.5570957323333096 114.11085606127465
0.5627969160646527 -0.05234437121290113 -0.8249361781801321 -87.451106868122 0.009444138949837911 0.99833499112282 -0.05690389915722205 -9.174893529627687 0.8265412509413022 0.024234527066257144 0.562354201718332 114.73677043424271
0.5691538560971345 -0.0506030163574493 -0.8206724211433514 -88.37308839908722 0.00852843590536672 0.998414025945314 -0.05564798807394504 -9.246924659827881 0.8221868120267866 0.024673214853309977 0.5686827574298627 115.36926899705595
0.5773116317402425 -0.049909833653014636 -0.8149971094195042 -89.297251695987 0.008417784955422718 0.9984408851494272 -0.05518097279382423 -9.322683789818516 0.8164805084959855 0.024996147038232087 0.5768316668486397 116.0197107557583
0.5840256728813047 -0.048998790490881 -0.8102549795872718 -90.21353715945818 0.0073225199057562786 0.9984538919226094 -0.05510178224725836 -9.396589335821062 0.8117021585025934 0.02624774723714824 0.5834815006897868 116.67157574523907
0.5915067428166167 -0.049502783965339345 -0.8047790054307814 -91.11159753129996 0.006989846566907081 0.998390863211615 -0.056274561753399725 -9.470226673237415 0.8062697533998456 0.027661500957956782 0.5909009444207252 117.32169640956134
0.6003500199492698 -0.049836840714246114 -0.7981830259123117 -92.01449427322481 0.004514336519454768 0.9982517174206007 -0.05893326253152929 -9.544018989073981 0.7997246240504918 0.0317773185533943 0.5995254187379011 117.98960252460351
0.6092243518651321 -0.0492598509190441 -0.791466459290565 -92.89333821172114 0.0014409799961536476 0.9981359002448369 -0.06101350849672685 -9.616008214277237 0.7929966031901782 0.03603042783347188 0.6081596793597687 118.65500299792261
0.6186276074513982 -0.0472721980481598 -0.7842609403703938 -93.77547280729362 -0.0013437684878681473 0.9981232110110729 -0.06122295261743174 -9.690531562359308 0.7856831916142853 0.03892807383676769 0.6174030510793977 119.33431120965881
0.627118305347549 -0.0451248537306658 -0.7776158297474433 -94.63258071136775 -0.002739192164015844 0.9981865806561557 -0.0601335765131331 -9.765444139075074 0.7789192050041566 0.039840905784862074 0.6258574712360114 120.01891243027696
0.6393892303128779 -0.042595294198864486 -0.767702450870139 -95.48125087830142 -0.0042876104520227325 0.9982512519089919 -0.058958073736702074 -9.840259671474454 0.7688712691709306 0.0409887664396341 0.6380884675883429 120.71097056403448
