1.0 0.0 0.0 0.0 0.0 1.0 0.0 0.0 0.0 0.0 1.0 0.0
0.9999418374158053 -0.0022169433065898528 0.010554948975639043 0.005706499330699444 0.002201690995558513 0.9999965156645927 0.0014564392997692935 -0.001905278884805739 -0.010558141042013684 -0.0014331158533776524 0.9999432343071719 0.30561789870262146
0.9998008990849538 -0.004176369099917417 0.019512050893211657 0.013660555407130844 0.004129777922151665 0.999988526023551 0.002427499857781425 -0.0016455450351394387 -0.01952196514779533 -0.0023464361033437814 0.9998066748698876 0.6051643435442593
0.9996802462104508 -0.006277473229174535 0.024494870207242173 0.022496125142073557 0.006218770175589362 0.9999776078420158 0.002471985449629427 -0.003477259221289004 -0.02450983953672164 -0.002318867054614467 0.9996968993757396 0.900722130681247
0.9996387007277403 -0.008115635442216305 0.025624294501983 0.03094458718477748 0.008074685022561923 0.9999659521485387 0.0017011776665044993 -0.002287526356721865 -0.025637228187573784 -0.0014936549252227286 0.9996701963776967 1.2248845328322129
0.9997007007905185 -0.010823003457444552 0.02194017855684615 0.03580641016252287 0.010805260144988501 0.9999411916861227 0.0009271043824263046 -0.00289633944409938 -0.02194892234587547 -0.0006897575638833166 0.9997588554458309 1.562508450505476
0.9998467924207122 -0.012715682455774379 0.012029260396931819 0.03572625093045151 0.012724307827750643 0.9999188374104979 -0.0006407666836461151 -0.004435234261371444 -0.012020136285330727 0.0007937325255643556 0.9999274405237412 1.8882336626145917
0.9999069265519128 -0.012497119260652645 -0.005473595134188668 0.01872931079473418 0.012490714737789897 0.9999212646751934 -0.0012027034968685427 -0.003658374499739301 0.005488194497933488 0.001134222441695757 0.9999842965070032 2.2356899453461647
0.9996461013374048 -0.009587001055760273 -0.024814541939838668 -0.011400951549899924 0.009566111885291623 0.999953782513853 -0.0009603851499811003 -0.0037316994951892427 0.02482260228753712 0.0007226665863821874 0.999691610532308 2.6059792212512876
0.9990775832896294 -0.007126573318536052 -0.04234612757843765 -0.05114287207766658 0.0070692402395827955 0.9999738823122435 -0.0015035078365839558 -0.004934555068826785 0.042355736454332264 0.0012027660267633193 0.9991018691521382 2.9657994968671404
0.998131463792177 -0.007062160890899202 -0.060693548846951134 -0.0878414243830843 0.006937456269117989 0.9999733700638357 -0.002265140986618184 -0.008060521485188528 0.060707929371707825 0.001839849647725564 0.9981538770473587 3.3475313434602993
0.9966608424073352 -0.008729353774207596 -0.08118474976611004 -0.13603099282619435 0.008603401977475406 0.9999611828759924 -0.0019011090605651245 -0.007499858717099982 0.08119819386116386 0.0011962959211324574 0.996697257039345 3.7523086594349575
0.994923458424299 -0.009966175737550133 -0.10013983831722735 -0.1907214064716499 0.009874868144783618 0.9999502517921667 -0.001407451564178673 -0.010411490766462195 0.10014888344936905 0.0004114388783747646 0.9949723774366271 4.154015040050593
0.9931082348742082 -0.009754778095612775 -0.11679416992872622 -0.25477847709941187 0.00971652121027954 0.9999523912307822 -0.0008969322222081572 -0.014293503435502924 0.11679735887683852 -0.0002440822533505174 0.9931557367217132 4.572896639713152
0.9910987218476511 -0.010150834507535681 -0.13274141821885413 -0.32565542798691466 0.010204370981307845 0.9999478956903602 -0.00027697887344637435 -0.0171438331940157 0.13273731338560366 -0.0010800292686386193 0.9911506642140492 5.006190170700955
0.9892791825782836 -0.009987836734647247 -0.14569468773639346 -0.40209537316579547 0.010006317017326237 0.9999497519179399 -0.0006060189761172587 -0.020163983367840182 0.14569341967635993 -0.000858345275910496 0.9893294146574212 5.451704346243619
0.9871586834953654 -0.01108784194628254 -0.15935743898755217 -0.4799911265095075 0.011009372273396621 0.9999384492611469 -0.001375285918839303 -0.025234458931868674 0.15936287937233978 -0.0003967999332779304 0.9872199933287262 5.905023736854619
0.9853608140218569 -0.013602305150106112 -0.16993835201268412 -0.5615352012200048 0.013204442670742588 0.999906792246892 -0.0034712407415489954 -0.03011528480249457 0.16996972931654217 0.001176483376046592 0.9854485816129259 6.358064880887687
0.9837920470907037 -0.01314163868421081 -0.17883094087371107 -0.654672569428471 0.012320465781485452 0.9999078437737928 -0.005701761356973608 -0.03331180764807763 0.17888939097668796 0.0034060669896943292 0.9838632956379925 6.842588200049805
0.9824045994606553 -0.013564445376382126 -0.18627186792476444 -0.7564426830413344 0.012508380434380817 0.9998983473959755 -0.006843631616788033 -0.03745344277577817 0.18634576297157532 0.004393255789121232 0.9824744047180635 7.352492725550025
0.9810353676341609 -0.014227124778111644 -0.19330596569028863 -0.859431571904721 0.012497394882896312 0.9998702388353122 -0.010164674739355582 -0.04485127813667303 0.19342549617888527 0.007556084433354229 0.9810858693386569 7.854084284930199
0.9789449596800228 -0.017126602551064296 -0.2034046346623808 -0.9692232458364355 0.015095656422811826 0.9998195489130982 -0.011532162345953917 -0.05294666327171767 0.20356543683602857 0.008218825723112472 0.9790268453058324 8.372192204623902
0.9771381339892806 -0.022365859965643137 -0.21142572079088215 -1.0755148016532277 0.02006007863422854 0.9997136733396127 -0.013044714753755307 -0.06173548851878284 0.21165694023380235 0.008505271648543356 0.9773070142002713 8.893744899741513
0.9746363189977202 -0.02331835177578343 -0.22257650406328822 -1.2055309932978617 0.020349274774697147 0.999670844728695 -0.015623994865628238 -0.07059993871000156 0.2228675676421269 0.010698442404299839 0.9747900238632953 9.444025692506196
0.9722751645396573 -0.01904077710311782 -0.23306319577893855 -1.3492970633090766 0.014677098663560173 0.9996832781030347 -0.020443244752017767 -0.07740826848585639 0.2333786348280463 0.016455767635700433 0.9722466870693453 9.991680281780411
0.9700132897148663 -0.01643422224047983 -0.24249563731311422 -1.5068477161640708 0.011235458938309377 0.999676772210913 -0.022806042278661703 -0.09054780350719445 0.24279205555163555 0.01939761432035031 0.9698844004930127 10.568397077421402
0.9671381892613798 -0.018782299745063742 -0.25355659740678443 -1.6629867319146663 0.013176387747899561 0.9996301546623089 -0.023789424030980076 -0.10748144465956436 0.25390964077430495 0.01966670043742337 0.9670279805754166 11.142118346157186
0.9641811845873655 -0.01951199030577413 -0.2645258503851981 -1.8204799874392266 0.013291171147904093 0.9995918858395388 -0.025286489144829047 -0.12378090203958189 0.2649112833709088 0.02086489870720229 0.9640470257952753 11.695264101556868
0.9614013725411271 -0.01810841192801347 -0.27455324855751156 -1.9862125105535815 0.010828202846333812 0.9995490177754542 -0.028009125071012487 -0.13850345521706056 0.2749366306972499 0.023955093019446854 0.9611638791690386 12.249393262015037
0.9588264102449247 -0.016457510557326506 -0.2835155469512865 -2.1707031784689113 0.007913125023069598 0.9994800786172248 -0.031256277764245485 -0.15652267052269694 0.2838825416773651 0.027725850637300268 0.9584581262304772 12.834607192100814
0.9568233644372984 -0.016691227937631867 -0.29019037230208555 -2.359108964416948 0.006366019678230203 0.9993137953157444 -0.03648852264889808 -0.18029273016055164 0.2906002805579262 0.033065713383757196 0.956273044448121 13.435108084259713
0.9549539973242658 -0.01759450922415602 -0.2962318285390133 -2.556926087934636 0.004894111245622479 0.9990388121494048 -0.043560297223754665 -0.2073367225014538 0.29671351615577235 0.040148288435093535 0.9541222166296155 14.05249800237961
0.9540737049668143 -0.017087015656551373 -0.2990842680363664 -2.7570723257323793 0.0018856799252057388 0.9986947655895961 -0.051041251896494146 -0.2341138841812406 0.2995660356284003 0.04813313910285157 0.9528606357794352 14.659117338625375
0.9534329341958662 -0.018039885437295025 -0.3010651134290895 -2.9607687071558972 0.00010333884814815904 0.9982290846352376 -0.059486838118849306 -0.26812445014831743 0.3016050883386149 0.05668559889164963 0.95174634938441 15.275810739320999
0.952954173727658 -0.017369793782457166 -0.3026163132400362 -3.1755962968237874 -0.003177587169807777 0.9977294249419829 -0.06727479130193227 -0.30664950156224174 0.30309774943871665 0.06507138287215956 0.9507352257154933 15.899662651945082
0.9527715756269055 -0.018431519841066474 -0.30312803194982246 -3.3889037811792977 -0.004143035002884811 0.9972747469293785 -0.07366080638921407 -0.3517578727582419 0.3036596119644314 0.0714377926121236 0.9500986695329693 16.52611129013444
0.9522305555588708 -0.017291134700974167 -0.30489012073335053 -3.611141105451865 -0.00717383820699588 0.9968535947136958 -0.07893951324756482 -0.40281467345278993 0.3052957666025262 0.07735584895232797 0.9491104085023199 17.17689792131791
0.9519564702682313 -0.017579475740491592 -0.305728377399187 -3.8330223077568952 -0.008627819749070616 0.9964149945246724 -0.08415889384239005 -0.4572817846060907 0.30611180872489685 0.08275337285625643 0.9483920285620739 17.8303274885362
0.9519287422603415 -0.015865345978357894 -0.3059084184124905 -4.072808306443517 -0.011901033787059177 0.9959882886905416 -0.08868874892615033 -0.5141683546637521 0.30608827983678766 0.08806599564118639 0.9479210649406853 18.517656365997656
0.9515743749747959 -0.014203147550218028 -0.3070903441839119 -4.31949414865331 -0.01442757747544996 0.9957681507617343 -0.09076141766602173 -0.5738665003975272 0.30707988195177593 0.09079680902004701 0.9473425386692296 19.230111311169487
0.9514699294589327 -0.012862977956335628 -0.3074727908832077 -4.559953218080385 -0.016327268430297876 0.9956089252622419 -0.09217531255042714 -0.6373189259404658 0.3073083038920669 0.09272222892197295 0.9470819365940428 19.927011604042775
0.9503191758544011 -0.011759811688064803 -0.31105493217834257 -4.807466153697885 -0.017687842255945295 0.9956314115060371 -0.09168005594907358 -0.7054686615787915 0.3107742013741501 0.09262720578511327 0.945959616743073 20.652706137700523
0.9492318754183042 -0.011052872117437188 -0.3143830159340746 -5.052120218446312 -0.018698617998339093 0.9956330465626038 -0.09146145787937333 -0.7703212049034791 0.3140210317395974 0.0926966591114468 0.9448799505835517 21.354280141298776
0.9475084015417 -0.010656156968281545 -0.31955324333600515 -5.307726595976192 -0.01927351592287044 0.9957233427897092 -0.09035240012118342 -0.8395294253391459 0.3191494330119727 0.09176857273792 0.9432508512934307 22.08372567620158
0.9448258046295853 -0.010449644733104262 -0.32740648104612813 -5.606437111790246 -0.019659766965596844 0.995880466199887 -0.08851887145888244 -0.9208004432580955 0.3269827097400032 0.0900716490714344 0.9407281252118687 22.922605551455423
0.9418384997433116 -0.010615819024468422 -0.335898116677822 -5.8755388956803065 -0.018538520383484976 0.996337880586296 -0.0834694613065094 -0.991148143671346 0.3355541143590093 0.08484180629411123 0.9381925731114553 23.666248984015823
0.9396782301569477 -0.009945114846960111 -0.3419150749232726 -6.118892790361473 -0.018537023661689633 0.9966278337540736 -0.07993334561012962 -1.048853518388158 0.3415570267508375 0.0814497125675913 0.9363251261179443 24.30949162961586
0.9369992185722874 -0.008784129875385693 -0.3492209951552958 -6.406326563878412 -0.019336690413932548 0.9968469081153971 -0.07695670331172472 -1.1122413302723233 0.34879586694621045 0.07886114913634881 0.9338749179403718 25.056124710551153
0.9338827225937881 -0.008191138262564849 -0.35748561606696533 -6.706527257723619 -0.02050448642518108 0.9968658892558572 -0.07640657612122853 -1.1760788148448402 0.35699107338595143 0.07868484029400499 0.9307878756358258 25.811167888323993
0.930590381635907 -0.00911660386601746 -0.3659486700900651 -7.019279746242715 -0.020142100472825903 0.9969001280221246 -0.07605544384207136 -1.2440849004389076 0.3655076434156744 0.07814743939133259 0.927522043037953 26.589280044889705
0.9276576534277517 -0.009094810740240551 -0.3733209911785255 -7.33562734618584 -0.020690998270448614 0.9969158338574178 -0.07570140550175948 -1.3092551683249603 0.37285809717302615 0.07794937217174193 0.9246084223878461 27.358866655045215
0.9244518895991828 -0.009060965336043371 -0.38119103179859776 -7.671089173379361 -0.020880894041183647 0.9970144064990997 -0.07433882900133061 -1.3744077697967134 0.38072653188416145 0.0766822804853066 0.9215026509886076 28.15820863240127
0.9210409333290069 -0.009674529753543945 -0.38934560817669395 -8.00707320142101 -0.02022194739972126 0.9971550360592957 -0.0726147843413983 -1.441663203014884 0.3889404478526177 0.07475451515214764 0.9182249672539801 28.941333683694694
0.9177226255899451 -0.009478267681537283 -0.39710873186327056 -8.358510853409136 -0.019881065550155175 0.9973663240051747 -0.06975069155926564 -1.508529023380853 0.39672399185439766 0.07190673252319635 0.9151172034799421 29.740273195763653
0.9139326977047942 -0.007131154990397371 -0.4058031181429493 -8.724294925051847 -0.020808034239997428 0.9977074861249772 -0.06439563526548907 -1.5717585368752243 0.4053320241198623 0.0672972418356186 0.9116891089972579 30.556406081143972
0.910592404165939 -0.008068169344380588 -0.413226787755496 -9.090517906566589 -0.018794103500222502 0.9979669157914588 -0.060900054674083944 -1.6361581992900307 0.41287801485295655 0.06322135421765249 0.908589459118896 31.362877644948245
0.9070453630865145 -0.007996344218748145 -0.42095696666332594 -9.485364551090877 -0.018576506563617937 0.9980859220175529 -0.05898648721752607 -1.7007340458906572 0.420622898457924 0.061323329569640955 0.9051606633870852 32.21945223690907
0.9040799625292617 -0.007850255444313687 -0.4272912295408697 -9.883487468138501 -0.01857767107770214 0.998164230969784 -0.057645799064882666 -1.7594577276166616 0.4269593557827464 0.060054487775345666 0.902274441069691 33.06043656089133
0.9015469800306014 -0.00751461443946071 -0.4326159652249661 -10.284422812275658 -0.018607797687236454 0.9982507649936572 -0.05611737747622875 -1.8141552830229457 0.4322809186893792 0.058642482548106 0.8998301320680819 33.89333950232422
0.898799462130933 -0.008318993036723104 -0.4382810984151617 -10.696126557452772 -0.017634148123023607 0.9983244397085377 -0.055112157466476415 -1.870898563178297 0.4380052096643612 0.057263491296718726 0.8971467710867547 34.738407301121626
0.8970333043405203 -0.008418838045609195 -0.44188276054841674 -11.110190643257742 -0.017684240667781972 0.9983341474169332 -0.054919921097077794 -1.9275416925860218 0.4416090109315383 0.05707935938031442 0.895390098335246 35.57494735582912
0.8957925546923299 -0.009197736238129264 -0.4443772053176032 -11.533556513540752 -0.017206802235404644 0.9983187733702491 -0.05534936940339228 -1.9831680818731665 0.4441391954270881 0.057227863708296044 0.8941282607661856 36.42315654643783
0.8945575496697393 -0.008487987639842674 -0.44687217903411497 -11.977841748659156 -0.01821735833911368 0.9982963854673347 -0.05542972684398976 -2.0369554431612267 0.44658136793200026 0.057725911241667476 0.8928789397154033 37.30116900791925
0.8941858107469176 -0.00825121172620653 -0.4476199876724979 -12.431589669642275 -0.018449196561032225 0.9983016946912132 -0.05525715811462081 -2.0950678544450776 0.44731573078210685 0.05766839586550956 0.8925149820104807 38.19807103355544
0.8935502782161194 -0.0070897143893257734 -0.44890715771724293 -12.895477851492235 -0.019181846308971042 0.9983594431640705 -0.053948855569939294 -2.1520752092280624 0.448553181988574 0.05681688301028967 0.8919483643871546 39.11055195386669
0.8930041099222144 -0.007972887324700001 -0.4499778802671766 -13.359502244850491 -0.017966223637231663 0.998414495570549 -0.05334519512405387 -2.2126255340608427 0.4496897535748962 0.05572188171907012 0.8914450052737046 40.02602766010536
0.8926110681265119 -0.010322384619972026 -0.4507093624874073 -13.824021698660626 -0.015621492026002971 0.9984293012449904 -0.053804269368907434 -2.271554338893751 0.4505568222154996 0.05506703906328894 0.8910477939840675 40.94114569096918
0.8915341487511932 -0.01272752807892205 -0.45277463670073836 -14.292806959224308 -0.013526585549407279 0.9984112150162145 -0.05469988311889505 -2.33136566047077 0.4527514694552188 0.0548913085911282 0.8899455326857333 41.85910202912427
0.8910888454159545 -0.013590912564138238 -0.45362534835581575 -14.77495960401663 -0.012036100946443648 0.9984921537919761 -0.05355885631590429 -2.3932087880556865 0.4536692648276586 0.053185579921014414 0.8895816388838054 42.7991663791219
0.8895526285742182 -0.012939654672708972 -0.456649412934748 -15.26143961726388 -0.01139477714292037 0.9986593029316059 -0.05049510592148814 -2.4558981552471613 0.4566905736388283 0.05012147249543022 0.8882125634916046 43.74387051202503
0.8877216618722055 -0.013417391574567387 -0.4601849895924298 -15.747090448791315 -0.009135662799651178 0.9988650029094632 -0.04674661087062099 -2.5168445172052336 0.4602898985509687 0.04570207397933839 0.8865915236036978 44.6719437587663
0.8855488213908356 -0.013950181061035481 -0.46433681458793097 -16.239142246963286 -0.00813018234875194 0.9989305073497788 -0.04551638848689436 -2.5751863559050925 0.46447517163813856 0.044082127152375195 0.8844883159191216 45.604835377681034
0.8815343134082596 -0.01670482052695658 -0.4718243351661619 -16.751940846602405 -0.00701842420136974 0.9987997308049719 -0.04847514276044551 -2.6366307514405016 0.4720677875110291 0.046043965023422076 0.8803589934108494 46.55704017743024
0.8769970081613914 -0.019954316090785865 -0.4800813190963772 -17.24774435312058 -0.005671122000877334 0.9986378646195814 -0.05186765584922781 -2.693474617938664 0.48046236694586153 0.04821037873105516 0.8756892561470585 47.47017344934152
0.8717291391599615 -0.019839455226279605 -0.4895862579318962 -17.77045355265267 -0.006389976146673028 0.9986346897737384 -0.051845198286383544 -2.751665657488372 0.4899464012974049 0.04832341458169035 0.8704121848060772 48.39686006541054
0.8666985429420994 -0.01833199858993933 -0.4984953093959268 -18.307576578849833 -0.006308324685234649 0.9988417910195266 -0.047699911452437176 -2.811689134763266 0.4987923823613468 0.044486114020030464 0.8655790807070658 49.32957441974974
0.8625979704507278 -0.017050950018390208 -0.5056026171587286 -18.847937184713334 -0.006152703679972145 0.9990043117577507 -0.04418743403785152 -2.8692473714576514 0.5058526323067934 0.04122681400367218 0.8616341823508367 50.24746252075733
0.8592312494355413 -0.01732006632129342 -0.5112941181903671 -19.40000742164099 -0.0069081637961672495 0.9989428042755849 -0.045448333951821934 -2.927792962490872 0.5115407483929354 0.04258273228266364 0.8582032239772459 51.170710163247264
0.8576446317461374 -0.020225674822658895 -0.5138449257460862 -19.939620251912224 -0.0065198290188524565 0.9987182530564719 -0.050193055708874244 -2.9831382610339485 0.5142014950061871 0.04639798583772022 0.8564134804191287 52.07001356530278
0.8562187187990254 -0.021897728922015604 -0.5161491984360853 -20.488232662330663 -0.009120653290104596 0.9983048136941257 -0.05748315091136338 -3.0451453011464564 0.5165329798393488 0.05392576771075951 0.8545675469587457 52.9706102683647
0.8536255416190719 -0.02269182778914034 -0.5203926552586368 -21.028888253796534 -0.009500695760025137 0.9982061783176494 -0.05911144008183801 -3.106732590472051 0.5208005102490029 0.055403127349106226 0.8518787014618437 53.86203112814067
0.8524856725307771 -0.02278423275878573 -0.5222538241768485 -21.592314204784262 -0.008015537623421547 0.998362533649516 -0.05663923164668552 -3.1740208913980528 0.522689132550464 0.052470278658616476 0.8509071280528393 54.77554157151418
0.8503438514068592 -0.021018282562880304 -0.5258075371965073 -22.15781039011665 -0.0075897272496569575 0.9986082309599693 -0.05219192561380013 -3.240334508582484 0.5261727191852742 0.048371818831914444 0.8490008461291821 55.68378305866683
0.8481311858674102 -0.019501615357145 -0.529427217431823 -22.71725459151434 -0.00798299613220622 0.9987383793651614 -0.049577427886130156 -3.302619757392356 0.5297261210586975 0.046274578134362525 0.8469054847423018 56.57106782353274
0.8467622869223143 -0.01918650913555895 -0.5316253448748317 -23.287482130401504 -0.009098883334561943 0.9986808321207954 -0.05053519443496747 -3.3609897894531904 0.5318936357657954 0.047628493800529206 0.8454706895038624 57.46932047108133
0.8440112432386988 -0.02081297125861757 -0.5359214881995813 -23.872674682293002 -0.008818120671407182 0.9985731478019392 -0.052667914680108424 -3.4257604041678986 0.5362529832406442 0.04917813250129205 0.8426234326490066 58.384300296372324
0.8417365305700891 -0.02287046992063956 -0.5394038882965517 -24.441249133334985 -0.00828741474345715 0.9984372878833166 -0.0552657300782085 -3.490868805335999 0.5398249085219204 0.05098944763200119 0.8402316016251019 59.26166335073626
0.8397264709026412 -0.024698955542237465 -0.5424476155911446 -25.02133842464583 -0.0069869096639525365 0.9983908523436057 -0.056275119279805434 -3.556173187104157 0.5429646739510254 0.05104573980001798 0.8382026576488084 60.15550317820634
0.8370559821149253 -0.025414696838885698 -0.5465266470998515 -25.603909242630703 -0.0060067773980800685 0.9984334230367324 -0.05562929433709835 -3.6241820389308526 0.5470842726956315 0.049847697516947974 0.8355920090698278 61.04952155081022
0.8347627148079403 -0.02502587854203093 -0.5500408306386688 -26.19944467434139 -0.00652109661319214 0.9984471467689668 -0.055324229844349496 -3.6911718259204416 0.5505712354141274 0.049769473697322875 0.8333032546573023 61.94825015297867
0.830378151578328 -0.02566708346679411 -0.5566087730243463 -26.802136200714685 -0.006909838072284319 0.9983873107450106 -0.05634742124676761 -3.7618946503684123 0.5571574100011365 0.050635743992307365 0.8288616542651562 62.842548077488225
0.8259945410077885 -0.02710272098645604 -0.5630261634599795 -27.413560351816386 -0.006567054932187953 0.9983129079614715 -0.05769065424337365 -3.832152680311415 0.563639860207607 0.05134958921589515 0.8244230271362563 63.73595591335641
0.8225287577969221 -0.028799202827259084 -0.5679938807008107 -28.033835419684547 -0.005948013157148659 0.9982268223299451 -0.05922695602968953 -3.906747702127129 0.5686924157543642 0.05209430964678181 0.8208989701332866 64.63968941318404
0.8183587202110916 -0.02937775866660723 -0.5739564028305556 -28.66969070026282 -0.006435015813514898 0.9981616262584373 -0.060265731859753216 -3.982721244876926 0.5746717285772324 0.0530124057258152 0.8166652246870914 65.54625886532031
0.8141971168838475 -0.03147570047342236 -0.5797347109995553 -29.296099666125965 -0.005563196436173368 0.9980605760630121 -0.06200110768511352 -4.056700479834543 0.580561887918457 0.053706301198983106 0.8124429380012366 66.43202566605092
0.809229207665084 -0.031868810847355294 -0.58662804941199 -29.950460466753455 -0.005751409392069124 0.9980500423497168 -0.062153312508132635 -4.134571160065274 0.5874649017190265 0.05367021390775582 0.8074679544027432 67.33794273942354
0.8049244391207071 -0.032842394595298835 -0.5924677412513377 -30.60658409379486 -0.004440128023458143 0.9981057895193146 -0.061360558921518676 -4.209833939125275 0.59336071033508 0.05202124609496153 0.8032539183753646 68.22641654782144
0.8011624177002874 -0.03405568256245022 -0.5974771886439147 -31.25901715737592 -0.003044533969188851 0.998134634900612 -0.060975252559810726 -4.287988581531236 0.5984392293938801 0.05067012035734545 0.7995642736049626 69.10274939730564
0.796783534120471 -0.03573067939369688 -0.6032075250728866 -31.929823945806596 -0.00185787133475028 0.9981006655110743 -0.06157604908122964 -4.362428174586386 0.6042619862845882 0.05018346397385631 0.7952037926688912 69.98943947670543
0.7930643415272128 -0.03808487073188628 -0.607946126576479 -32.6116583324764 -0.0008051004879720026 0.9979771420018216 -0.06356867038943423 -4.439792228835586 0.6091373424862516 0.05090350344732449 0.7914294228328738 70.87455896067725
0.7894919403001605 -0.03730765891079016 -0.6126259991117616 -33.29297308730005 -0.0023126785261432005 0.9979629496823934 -0.06375423577497698 -4.518032025779263 0.6137565704081079 0.05175026229704327 0.7877974248708005 71.74626558862566
0.785567305361227 -0.03754297404135313 -0.6176362471937923 -33.9928916292585 -0.0016842961349802163 0.9980242653765939 -0.06280707656020908 -4.59758212174757 0.618773926320454 0.05037946823499191 0.7839519993509354 72.63113611839934
0.7834332937728176 -0.037049671110952594 -0.6203705312785616 -34.69436310498027 -0.0024795626019648506 0.9980271191001258 -0.0627353274479905 -4.67726732321654 0.621470937355543 0.05068719178721483 0.7817958062123056 73.50449601572512
0.7798037991025802 -0.03734105387356547 -0.624909337904943 -35.40977972630278 -0.0026401786276569264 0.9980144321701065 -0.06293029983238636 -4.758604443972657 0.6260184217433197 0.05072315916611922 0.7781568587130823 74.38504964433527
0.7771072768990311 -0.038122409508971576 -0.6282125134727921 -36.10495303056673 -0.004254105962140382 0.9978228264629706 -0.0658142049402051 -4.836459757514085 0.6293537818850663 0.05381718018141334 0.7752532027307503 75.23330520853345
0.7748137919975489 -0.039790497045394516 -0.6309360538717531 -36.8249687433351 -0.004512524265607706 0.9976437409708351 -0.0684587702669983 -4.916824389132958 0.6321734135940323 0.05588991363920506 0.7728085744207751 76.1115919844318
0.7719480355116323 -0.03929215226515822 -0.6344701389664477 -37.55785166002005 -0.006370989691428124 0.997559557873815 -0.06952941093487384 -4.9998716477541905 0.6356537115128672 0.05771529489633108 0.7698138111095085 76.99591516597465
0.7696622169250589 -0.03840797443222713 -0.6372949861233941 -38.287002827311845 -0.006703079051400825 0.9976477331287649 -0.0682207396197622 -5.085733669703236 0.6384161186633952 0.05677876436705988 0.7675943143013213 77.87064785029958
0.7669470127754373 -0.03854183847137238 -0.6405519543972057 -39.019254416263145 -0.006422224778220808 0.9976837071214796 -0.06771983146198661 -5.170254323693302 0.6416782952724295 0.0560512910786942 0.764923014521514 78.7440458894728
0.7637250348819226 -0.038594991082646204 -0.6443869161908371 -39.76388495906469 -0.007033375490441706 0.9976544201334231 -0.06808957054831521 -5.255064480754334 0.6455033715820677 0.0565339247848051 0.7616622037521682 79.61679978130815
0.7617567529359225 -0.03923991230048667 -0.6466737033768809 -40.52673181646792 -0.0069154342983525005 0.9976147041470436 -0.06868099328105214 -5.339572777988692 0.6478262314270588 0.0567902399383633 0.7596683766767958 80.51184273287899
0.759076265714788 -0.039842114695852984 -0.6497813699430413 -41.302300915459284 -0.006537036887971737 0.9976086318903231 -0.06880613872790435 -5.431130148428876 0.650968885567673 0.05647675162826575 0.7570005855666834 81.4146994313985
0.7564874901506929 -0.03967401482524745 -0.6528036839610751 -42.065947777622405 -0.007082357094284078 0.9976028252446874 -0.06883635145623937 -5.521089444847379 0.6539698138778993 0.056697227546538026 0.7543930718962376 82.29274271320824
0.7550218465155082 -0.041981058231222626 -0.6543543398145222 -42.830389565398015 -0.005330768181236362 0.9975223252283817 -0.07014836834567559 -5.610533125357899 0.6556779653114098 0.056451761892339185 0.7529273566449424 83.17541960199075
0.7526894683457738 -0.045793696714962806 -0.6567811671953867 -43.62602328578207 -0.0028848452469812484 0.9973391002092779 -0.07284501947044222 -5.704691743088468 0.6583693810538711 0.056724391005335106 0.7505545293686638 84.0871374110193
0.7503920211653132 -0.04956239189243956 -0.6591322961904815 -44.42740359866061 0.0004296896159726171 0.9972212746725038 -0.07449526634210521 -5.797864976166878 0.6609929121694653 0.05561743117447541 0.7483281842956888 84.99892393496587
0.7469392552817998 -0.05216302984632369 -0.6628429431142208 -45.220238315683574 0.0034708010559710185 0.9972100997956201 -0.07456520908332154 -5.892375541676679 0.6648832246786652 0.0533950857557241 0.745036416799903 85.89700547148321
0.7412045048784568 -0.05384983636883536 -0.6691158921075865 -46.015628758490685 0.004900479705643113 0.9971847088329993 -0.07482407211787395 -5.991593163338052 0.6712614000868337 0.0521809504771222 0.7393816884132092 86.7855768049114
0.7346870773828101 -0.05478891865175058 -0.6761901158103961 -46.8120788059066 0.006452903660164433 0.9972527642248314 -0.07379216950521048 -6.0857706158291345 0.6783754553055835 0.04985076367424008 0.7330222663739743 87.65615469377228
0.7261494216629338 -0.0532574335293506 -0.6854711249881018 -47.63174446632853 0.005885191547845826 0.9974403178069583 -0.07126132845800393 -6.180628571294212 0.6875117322191908 0.047712243575639565 0.7246041401164824 88.52897618809455
0.7188974775046504 -0.05291950360245003 -0.6930987974134142 -48.44919517301149 0.00561565204053352 0.9975074758293534 -0.07033704654527134 -6.274950829721904 0.6950934334962533 0.04667292366053678 0.7174027856841423 89.37913867185068
0.7122367624438933 -0.05333607552346782 -0.6999100351267985 -49.280968122237766 0.0036720731260701557 0.9973785134911998 -0.07226767399772718 -6.3660972437060535 0.7019297045305878 0.04890157332683599 0.7105654973496547 90.22426601069573
0.7027397051622817 -0.05486478838272994 -0.7093283878318616 -50.13826867688033 0.003722650528275688 0.9972919542142414 -0.07344998252269391 -6.465156757938289 0.7114373118282974 0.048975637364489434 0.7010408962986884 91.08472689185932
0.6948384767425585 -0.05579937645414279 -0.7169978527341696 -50.99259972630967 0.00345609210852001 0.9972329989694474 -0.07425901422547809 -6.555604168068179 0.7191575256266312 0.049120009708174824 0.6931087057459677 91.91708217504174
0.6873295325811364 -0.056261153332223375 -0.7241635148690694 -51.86218706846827 0.004908886582810981 0.9973326683077015 -0.07282480043747135 -6.6553134791619835 0.7263291378392539 0.046499799483099694 0.685772376356556 92.75630210278447
0.6775943744773838 -0.055649330415431256 -0.7333273591656847 -52.75140720973515 0.0047822781866480625 0.9974453542808267 -0.07127338240143727 -6.750942452237507 0.7354202835739224 0.04478746753177898 0.6761294914882365 93.59081075214044
0.669022331761388 -0.055461965401510896 -0.7411700816940447 -53.63667900627627 0.0035534378227698345 0.9974392052154355 -0.0714311205206812 -6.848236997965116 0.7432338075492766 0.04515531300967784 0.6675061835090392 94.39459310103592
0.6613920300846788 -0.05569459464693597 -0.7479697150737998 -54.54630398269578 0.0015504182766736749 0.9973386418121991 -0.07289190456673382 -6.945423732877712 0.7500387848262482 0.04705045882148193 0.659718178907519 95.20236830688806
0.6531919809835111 -0.05524706019723335 -0.755174150986645 -55.474307308468525 -0.0010340376190545938 0.997268630888497 -0.07385261411747836 -7.045792721081948 0.7571916314547058 0.04902081379726429 0.6513507450441851 96.00267033154813
0.6465025786425944 -0.055443543736853625 -0.7608944928611164 -56.41026679909165 -0.0029479953639217626 0.9971667809261354 -0.07516462160313821 -7.146753988156966 0.7629061050560614 0.05083723512651188 0.644507447895586 96.79346473256801
0.6393157546781199 -0.05451297274109096 -0.7670095837884136 -57.363318956710955 -0.004985997906390708 0.9971690522508329 -0.07502680226461357 -7.247620109268535 0.7689281537603002 0.05179012488983813 0.6372340836134485 97.5912528046734
0.6335959452845891 -0.052245078978279076 -0.7718980695930528 -58.33640151997711 -0.006735616867099156 0.9973069683394339 -0.07303042083287736 -7.343447202691968 0.7736348037571394 0.05147098817937052 0.6315377485087423 98.38399542273814
0.6281921249866004 -0.0504738736193338 -0.7764193726245368 -59.30918947726697 -0.006978734374205514 0.9974879585078358 -0.07049162998827954 -7.442798582346696 0.7780269605684329 0.049700711400640425 0.6262618365467567 99.17001538927711
0.6228038685146978 -0.049385819678785345 -0.7808177650244529 -60.301095344338506 -0.008077160538887487 0.9975467245203188 -0.06953626303169018 -7.540424726118569 0.7823363092946384 0.04961424405791004 0.6208770618615299 99.95645747558191
0.6180236445483056 -0.05032179788344646 -0.78454731625123 -61.29090349943557 -0.008715283882547276 0.997449402621613 -0.07084301685158821 -7.638531144501356 0.7861111998986381 0.05062021204583564 0.616008746306705 100.73396470748835
0.6143034691067227 -0.05218951779726401 -0.7873420489695281 -62.27213417833273 -0.00844971475154047 0.9973180163835584 -0.07270059502770268 -7.737036393054637 0.7890246194917262 0.05131304345732664 0.612214930728648 101.4949443515178
0.6099333042356185 -0.05361725211900181 -0.7906368032538253 -63.28057871493928 -0.009088064048287065 0.9971695603438108 -0.07463427507242017 -7.83848738577458 0.7924006382355298 0.05270728791105499 0.6077196478023288 102.26562470190139
0.6073347491607718 -0.05552035887426872 -0.7925036228385931 -64.26462558086637 -0.009719740803975061 0.9969610623258264 -0.07729273474825181 -7.943739429149301 0.7943865740938263 0.05464549347048191 0.6049494532131107 103.01605822215136
0.6039671222995251 -0.05588829374783476 -0.7950473028714622 -65.25672422615467 -0.009054991384665343 0.9969928381024399 -0.07696289952610855 -8.046014232834358 0.7969577920519093 0.05368220742851376 0.6016448273635766 103.76811910858812
0.6019813597942721 -0.05464895188867527 -0.7966378942265478 -66.25217754813185 -0.007855323842875642 0.9972017594517085 -0.07434342495298756 -8.146749629417144 0.7984715000221126 0.05101120468961891 0.5998675859292208 104.51604128025672
0.6010433294912986 -0.05358807999974065 -0.7974178539234972 -67.2709576650209 -0.005228075769059898 0.9974645917214846 -0.0709722162937396 -8.248980294497013 0.7991993388997313 0.046826338142479024 0.5992392767154027 105.28084775570927
0.5990444223272133 -0.052875802287042126 -0.7989680404191127 -68.2910993830911 -0.004957503041941768 0.9975532195685383 -0.06973519407037465 -8.349696076540422 0.8007004453865655 0.04573536553855569 0.5973165602064037 106.04352906831681
0.5976041721213072 -0.053523679790761246 -0.8000027932231633 -69.28277673272888 -0.002889751549841786 0.9976191285696787 -0.0689037273872423 -8.447335522945313 0.8017860704696655 0.04348896427291957 0.596026683284634 106.78550726613467
0.5969512149792482 -0.05362731803764869 -0.800483202631316 -70.27554878643922 -0.00031984458978006475 0.9977474616310014 -0.06708129775378677 -8.546455319185378 0.8022774735926705 0.04030029241807917 0.5955894070555483 107.52856098366915
0.5945792572221541 -0.0541791072321695 -0.8022095307465977 -71.25932525943848 0.0027962729407681117 0.9978604296023996 -0.06532031759992532 -8.639953230432003 0.8040321434736253 0.0365949091164258 0.5934586126158826 108.26062896102655
0.593630386891643 -0.05607538331323625 -0.8027817356823409 -72.22888649434515 0.00572311675210202 0.9978382380096457 -0.06546828774641601 -8.732439298613315 0.8047174719698337 0.034269551384273206 0.5926680252505618 108.97965805897432
0.5917824648298954 -0.05688852204933492 -0.8040878126043796 -73.20561436440471 0.008038662285904094 0.9978735160680752 -0.06468250024999238 -8.825670616668239 0.8060576246326976 0.03181417905556287 0.5909813565439386 109.69826895922634
0.5911349944108935 -0.057186734824372004 -0.8045427867695788 -74.15838162377716 0.011392426333701754 0.9979758448705489 -0.06256537122998009 -8.91322043312241 0.8064921766545935 0.02781888594176621 0.5905899411435103 110.39757080901447
0.5904582132809498 -0.0574079098676009 -0.8050238693689163 -75.0977140337296 0.013222994194590606 0.9980211952851115 -0.06147232048822954 -8.999692453529876 0.8069598817745517 0.025652010570541884 0.5900489162434676 111.0877562076894
0.588589039509182 -0.058806402288698066 -0.8062907351690942 -76.03184962406664 0.014868527559360363 0.9979695888905085 -0.06193243526558659 -9.084176821010203 0.8082956572058737 0.024464396570717594 0.5882683263975339 111.77467265518538
0.5878563752686454 -0.06043721239133179 -0.8067045465437607 -76.96922886864323 0.016561275748659374 0.9978954693420885 -0.062692554678444 -9.169878973319296 0.8087957753361391 0.02349416150659301 0.587620130844337 112.45591855234022
0.5882905364357593 -0.062193807936861426 -0.8062544108371994 -77.91703574096287 0.017652468678013237 0.9977880949024649 -0.06408828302023456 -9.258531110831933 0.808456946961122 0.023470149663406877 0.5880871678459572 113.14375103478382
0.5886661396145555 -0.0626764469916597 -0.8059428261755288 -78.83564128762036 0.017076443346431328 0.9977314028381647 -0.06511868298134078 -9.34359658374626 0.8081958742495121 0.024570526715760755 0.588400984077166 113.8109119342329
0.5917178614380603 -0.0629731742406579 -0.8036817478213777 -79.78576625402177 0.016475401951193267 0.9976806882244809 -0.06604396622306287 -9.432667545981342 0.8059767574723947 0.025838414618203503 0.5913829915919993 114.49891312766896
0.5943395360546387 -0.06248472959039567 -0.8017831218293211 -80.68723963429811 0.014245215440952176 0.9976385950143102 -0.0671885970601726 -9.518826093704725 0.8040880484868543 0.028511266297527166 0.5938261681457916 115.15397925001375
0.5977121998661262 -0.0625833056024599 -0.7992643217303432 -81.57629274892346 0.013198862225015293 0.9975815336430403 -0.06824129080230726 -9.601239682810036 0.8016020934149071 0.030239272383262017 0.5970926814478384 115.8075938354201
0.6029560258711335 -0.06258027115173752 -0.795316126158815 -82.4800509737557 0.01299661521709702 0.9975567924304893 -0.06864061384262601 -9.689937861773359 0.797668552005523 0.03105085406826658 0.6022962108489838 116.48736271977369
0.6077253869377766 -0.0606820181166685 -0.791825452198032 -83.37000590992076 0.01090147559642167 0.9976198727035385 -0.06808632327271198 -9.776310158099658 0.7940724223275545 0.03274572131231704 0.6069404466952139 117.16206696197386
0.6129111650978987 -0.058914606125015756 -0.7879523925234765 -84.25042797332793 0.010005793572241722 0.9977151846933467 -0.06681537493205282 -9.861654964440554 0.7900884683333419 0.03306780031171354 0.6121002636735411 117.83686700726804
0.6199548672328504 -0.058229585327405964 -0.7824738193619628 -85.13499030678264 0.009960305998879163 0.9977461635467371 -0.06635800955556807 -9.950204548377823 0.7845742507237335 0.033345292326901574 0.6191375748417519 118.52989664376594
0.6257986579060929 -0.05713821702650153 -0.7778889791724559 -86.01185874255948 0.008917628431451 0.9977721467803518 -0.06611519501965443 -10.036580564233613 0.7799336610674601 0.03443787543331865 0.6249140077399031 119.22487266529787
0.6321135722523483 -0.05741918048896847 -0.772745410524288 -86.87308996570758 0.008592470081276136 0.9977088217561021 -0.06710645608250161 -10.123201912937615 0.774828110765399 0.03577910985513204 0.6311586599783741 119.91733118279737
0.6393047711367974 -0.05736930055729544 -0.7668103891805941 -87.73532975005699 0.00620102831744692 0.9975652261873936 -0.0694634202260503 -10.21028563054005 0.7689284471584684 0.039653283032572914 0.638103957279067 120.62466612206654
0.6467764689814252 -0.05651146737167411 -0.7605831008032062 -88.57520664855987 0.0032644821112632824 0.997447108040589 -0.0713344924844297 -10.29501411852516 0.7626726311652106 0.04365456123896023 0.6453097992085421 121.32749256272893
0.6544025799262956 -0.05441700035538271 -0.7541856889772777 -89.41745050806017 0.0007639789729687249 0.9974541428534734 -0.0713067264749378 -10.381638036280924 0.7561459381111145 0.0460871237632054 0.6527781378855282 122.0417195706946
0.6615196244059975 -0.05229028292858541 -0.7481026084949823 -90.23625714300253 -0.0005473593827212131 0.9975321727485729 -0.07020872260067054 -10.467822306608454 0.7499276544597181 0.04685392878681838 0.6598584866725483 122.7581124525286
0.6726382173484933 -0.05004019578964295 -0.7382775950599988 -91.04589750348654 -0.0017389970590479462 0.9976011909563867 -0.06920144284354024 -10.553799061189702 0.7399694618370883 0.04783139771879288 0.6709376669563253 123.4805348711052
