1.0 0.0 0.0 0.0 0.0 1.0 0.0 0.0 0.0 0.0 1.0 0.0
0.9998639885645153 -0.0014033547643806698 0.016432740710681785 0.007719748187810183 0.001400446590451995 0.9999990016117443 0.00018848040271413514 0.018180185928940773 -0.01643298880929759 -0.00016544159152394523 0.9998649556354466 0.20178665220737457
0.9992352730586059 -0.00102335333266308 0.03908736142860178 0.027420315984438833 0.001017981567476991 0.9999994694799145 0.0001573321908238013 0.022158850758826936 -0.03908750169839326 -0.00011742166120310204 0.9992357846990528 0.4593978208070149
0.9977232560873107 -0.0021691851923954474 0.06740622299265862 0.06160991542685945 0.0020942924212244314 0.9999971087451469 0.0011817108790369527 0.028826713660987734 -0.06740859145382976 -0.0010378520840296573 0.997724914323213 0.7480335729424232
0.9954532272782426 -0.002302523055343774 0.0952237926618725 0.09918301997989527 0.0021433057152214726 0.9999961290802837 0.0017742787435562218 0.03187817264341293 -0.09522750937592966 -0.0015621178023269703 0.9954543089695422 1.026172774567641
0.9928723527603611 -0.002876410251106236 0.11914788033436621 0.14583207079086546 0.002401815385001389 0.9999886009643064 0.004126648071463302 0.03628740449697819 -0.11915839209624093 -0.00381106356765039 0.9928679435793675 1.345537874097831
0.9881042929232345 -0.0061756082525389255 0.1536612123126256 0.21833552309511506 0.005861190352227745 0.9999797002542921 0.0024991052381133244 0.04418207983843009 -0.15367352652402297 -0.0015687389991283379 0.9881204310728643 1.6927455524348431
0.9819383613661739 -0.007604957586388022 0.18904819252672814 0.30914775498514996 0.007259664059357268 0.9999704758152866 0.0025188837795103347 0.05393679605587841 -0.18906176703728048 -0.0011009622421514712 0.9819645798738785 2.0521417873316015
0.9742733627757438 -0.010684106251994544 0.22511611328210182 0.4010229350399339 0.010034420890262146 0.9999415331350175 0.004029976301150472 0.06066694322359472 -0.2251460081436957 -0.0016673887329758813 0.9743236088855551 2.3860458105562166
0.9645980087684923 -0.01302253851300385 0.2634029137472421 0.5025356817607399 0.011258514200736135 0.999902953673863 0.008205430657598205 0.06786150859001419 -0.2634842069989235 -0.004949416628468568 0.9646510125103205 2.7451239260132763
0.9522408194872981 -0.017821666071662988 0.30482750847092077 0.6323912262700936 0.015336248223964009 0.9998267733861058 0.010546217840618573 0.07189241923821174 -0.30496265540648104 -0.005367628783639661 0.9523491835291661 3.075407159946284
0.9384951519991184 -0.021842872762171426 0.3446008394993363 0.7782917884101646 0.01757670523922453 0.9997253711255458 0.015499734217828165 0.07492002714273606 -0.3448447608810161 -0.008489478039637422 0.9386213398679627 3.435894334814494
0.9227193124663082 -0.024448865594427414 0.3846964041589796 0.9382124429550783 0.018200188003830272 0.9996367780406747 0.01987624574923551 0.08320841179626819 -0.38504262563816044 -0.011338648932055072 0.9228291345000259 3.7890672624416037
0.9033473175621093 -0.02590797389951566 0.4281266176515584 1.1272455575955498 0.01824320065758048 0.9995915782355381 0.02199687137648137 0.08618943108872547 -0.4285216557924569 -0.012060414960034575 0.9034510152232289 4.13309057694962
0.8811014150733566 -0.029023343512584156 0.4720359540194787 1.3454272841251376 0.017981393888316287 0.9994493252028566 0.027887556819989265 0.09290447735132568 -0.47258540585756775 -0.01608390135835977 0.8811380949020039 4.509217800438618
0.858178485124782 -0.03321088645654033 0.5122760239262668 1.574670481503067 0.021285692055278273 0.9993489839611605 0.02912949655459482 0.09795116875183353 -0.5129099404209886 -0.01409415753307286 0.8583267138687755 4.840227698113021
0.8341635566687058 -0.037498599195577596 0.550240870695902 1.8507128612939021 0.02384732612412167 0.9992051660072159 0.03194278105021578 0.11199824370993923 -0.5510013300914479 -0.013523730360431894 0.8343947764425385 5.224185786902731
0.8072992999104975 -0.04149959989722303 0.5886812580441058 2.1356628470878567 0.02601573822816847 0.9990572873495994 0.03475223673525785 0.11540483479038603 -0.5895685046951405 -0.012740478877593187 0.8076178913753123 5.574845896519959
0.7769991998197814 -0.043689563740545605 0.6279836506626431 2.4634334674994114 0.027003282550023454 0.998983667990472 0.03608952507066643 0.12386905493650696 -0.6289221463829551 -0.011083912146145184 0.7773892722958 5.942513240791025
0.7439883094648823 -0.045592664712407194 0.6666353608262979 2.821820182087868 0.026273830563314143 0.9988939631603972 0.038994053254888944 0.14204714978519145 -0.6676758803544701 -0.01149605524242448 0.7443633249339641 6.313733202788398
0.7099811870779829 -0.04873263585687038 0.7025324506368229 3.1918694449481926 0.02651762667545124 0.9987452912101558 0.0424812754168548 0.1536255656590501 -0.7037212015214831 -0.011531413095668153 0.7103826412864952 6.659894918337985
0.6782144901033202 -0.04925836018601371 0.7332112378882898 3.551536784240138 0.026673905897776455 0.9987435591326869 0.04242411855454128 0.17269779940530167 -0.7343797438369675 -0.009215044370926594 0.678676266565431 6.9635568235793
0.6498563146271379 -0.05224082406054488 0.7582596301008709 3.9490583120240523 0.02865461958227976 0.9986098191161031 0.04424185734684469 0.19074430564548117 -0.7595167431438422 -0.007023209122539429 0.6504498377413833 7.289444052717468
0.622428977686107 -0.05242057146681972 0.7809188507288833 4.348298973736429 0.02945501337399463 0.9986166426570646 0.04355689607250003 0.20548939356210552 -0.7821218382859321 -0.004109099101362434 0.6231119846229968 7.600357063955485
0.5907206081741647 -0.053665170472186004 0.8050895680336048 4.753225196603542 0.029727220731977068 0.99855585382492 0.04474929205627051 0.22461396608949127 -0.8063283794000415 -0.0025012537208964035 0.591462837635575 7.886281593030517
0.5601028914047472 -0.05603820376811161 0.8265255415040031 5.267262084592969 0.032241572353858994 0.9984281531528676 0.045844345386372345 0.24760053062906925 -0.8277954047058929 0.0009709326432487744 0.5610292552421927 8.214566017904376
0.5347015202913896 -0.05666409071536918 0.8431390543804012 5.820325056742599 0.033485922906857035 0.998386402668523 0.04586157360669213 0.26471854751222124 -0.844377271819388 0.0037110362442887047 0.5357361767183927 8.55168968808962
0.5078653243470378 -0.053920648772945654 0.8597472744718548 6.3649597452877735 0.03279903343533516 0.9985257641084141 0.04324952967854791 0.2891912962952951 -0.8608118468815273 0.006233943183288071 0.5088851562197523 8.873979486843977
0.48967047917020773 -0.05427368898896757 0.8702167480074998 6.997779085408419 0.03403230863223198 0.9984899266948248 0.04312387109391176 0.3054309564809036 -0.8712431484943683 0.008498998322898434 0.4907780997855627 9.235395437541506
0.47339007152912116 -0.0548665113539051 0.8791424833947598 7.612084435722182 0.035120068571334075 0.9984402614970643 0.043400748901586544 0.3340989065729254 -0.8801524986962194 0.010330060673857413 0.4745786224486688 9.57107306382662
0.4605036817059071 -0.055344242183163396 0.8859307952613884 8.265254137880989 0.03382857441855957 0.9984236016250538 0.04478771339177492 0.3565277501723618 -0.8870129574522081 0.009344868925092231 0.46164996126574115 9.910828774929598
0.45025760349360894 -0.055874666809082985 0.8911487598067822 8.905731894418238 0.032967811911412306 0.9983999427683081 0.04594211203256682 0.38287881099175053 -0.8922898709914653 0.008693439435179907 0.4513792310649894 10.245061654840937
0.43811223952280703 -0.057350406599044904 0.8970889568171235 9.549447481406634 0.03112529298339808 0.9983321610468003 0.04862213854123831 0.40221739944331764 -0.8983812563255137 0.006620202606413814 0.4391665870719696 10.56890004873763
0.4308212353511727 -0.05665929411244831 0.9006568644945582 10.23793469123803 0.03191320455810968 0.9983593902229333 0.04754024956313974 0.4243661715493314 -0.9018728350190631 0.008261497707585594 0.43192260546341615 10.902796914254644
0.42472233867108306 -0.058708951829128324 0.9034180615910283 10.940461297595064 0.03157118807873854 0.9982486437539613 0.0500290448307176 0.4490184964676033 -0.9047730075091005 0.007273528614236913 0.4258320099105222 11.237939205912205
0.41562043765257056 -0.05763866997371791 0.9077099952788592 11.613195135615953 0.030682447996211844 0.9983105059446069 0.0493428931618617 0.47085653535243027 -0.9090204833723197 0.007342849874808304 0.4166867448878961 11.555637638992886
0.4045271155774493 -0.057089867607952774 0.9127423293455256 12.376065276249744 0.0299738443588706 0.9983410816725977 0.049159468051822766 0.5010164183400909 -0.9140346718899343 0.007472058705230159 0.4055672409376359 11.897071995736178
0.3955444005388909 -0.05819570472042766 0.9166012694484024 13.153536530303295 0.029813912507619028 0.9982781638555923 0.050515722207007195 0.5337344375486295 -0.917962830305954 0.0073462589935473985 0.39659837954217897 12.232017817104833
0.38423761101126597 -0.06010965489346047 0.9212753593106375 13.908798425396142 0.029242458613156677 0.9981699439427724 0.052930535832737366 0.559397582398225 -0.9227710100011883 0.006602453928045149 0.3852921887392933 12.555521547825865
0.3691229803015512 -0.061171910026185494 0.9273652046723819 14.715623790692126 0.026692933879660097 0.99811766448754 0.055214265537399596 0.5922272169532917 -0.9289971542982232 0.004373243840291176 0.37006102475688607 12.895549351303064
0.3554487751230256 -0.06355166054809627 0.9325327633413854 15.546987321666883 0.028053683613566853 0.9979617682677706 0.05731753581212533 0.6238759250214959 -0.934274670051185 0.005787531204574342 0.35650714632852093 13.213704742412231
0.34103807784432005 -0.06362490068360645 0.9378938647167133 16.309708754470396 0.027466809280746327 0.9979553685301787 0.05771184288974022 0.6518082913756688 -0.939648127677689 0.006079015939785666 0.34208835367053525 13.49020089332233
0.3290949440004938 -0.06263059221577362 0.9422175580788195 17.141423050670127 0.02788521856502904 0.9980074781936218 0.05659936444155758 0.6832558161642697 -0.943885020762006 0.00764737787147789 0.3301856829009981 13.781523406308503
0.312197836672142 -0.06304762115971049 0.9479227332664496 17.95360286607253 0.02806375332521955 0.9979720275337741 0.057133685417881136 0.7166100728049123 -0.9496025150169601 0.008765256769188327 0.31333406094332356 14.048008436532418
0.28982189848747597 -0.06290315718851422 0.9550112355217776 18.789253577031463 0.025354757151672826 0.9979922532371764 0.05803963101504988 0.749815935128123 -0.9567446908381018 0.007392921905479348 0.2908349037835807 14.31427525656182
0.265516628362809 -0.060944431440929134 0.9621781001141047 19.60571165130864 0.023746688691217533 0.9981106646001894 0.05666741557165676 0.791518059241629 -0.963813786391878 0.00780240268829634 0.26646220683849575 14.554179889604573
0.24021974931407303 -0.06115539859481236 0.9687902194294662 20.408904727854786 0.02201834612311985 0.9981000225088144 0.05754595990950786 0.8296695089562999 -0.9704687859346566 0.007507482308591544 0.24110987793099597 14.767405757787522
0.20540894154013234 -0.06144371627537162 0.9767455331178302 21.160403153191684 0.01991607389289455 0.9980829955035364 0.058597645749471974 0.861171125618267 -0.9784735646587778 0.007416455821986714 0.20623888926918044 14.935453694088915
0.17190253387017163 -0.0596150353551599 0.9833084797806929 21.92982056872963 0.01869120324298847 0.9981849285713388 0.057249343178420675 0.8928969099159139 -0.984936626271124 0.008537911491361402 0.1727047952345907 15.075762800600954
0.13783915375627181 -0.060399430014311556 0.9886112868795811 22.73717245114704 0.020289922181890473 0.9981016300511933 0.05815028071302745 0.9271007768954336 -0.9902467807317568 0.012043460594751941 0.13880298378383288 15.18627074242636
0.1079342181158 -0.06006136753637829 0.9923420966024729 23.600459057683757 0.018988629164888745 0.998115843221423 0.058345483739761964 0.9734855429752802 -0.9939766780574731 0.012545741909053224 0.10887133616238104 15.28861680793877
0.0747605423952733 -0.05884823895267649 0.995463583499132 24.451546219686566 0.01918837526291814 0.9981572595708691 0.05756640878795683 1.0047101372563545 -0.9970168842880917 0.01479763285601491 0.07575198021388363 15.354306545997996
0.04424760354085838 -0.05734862312176847 0.9973731924444975 25.329319782748563 0.021882401525923283 0.9981670960261638 0.05642347839466847 1.0388840546639748 -0.9987809119543432 0.019328316965858967 0.04542142753060502 15.388536422309516
0.017355578333278388 -0.05669527202484145 0.9982406673897568 26.166285452980507 0.02426660788610324 0.9981208371905721 0.05626656296321926 1.075327397867503 -0.9995548587458418 0.02324737611045673 0.018698766311161186 15.404177694753896
-0.005413996717583136 -0.053951624972240916 0.9985288732943063 27.045751994492186 0.02501245192986097 0.9982237877399536 0.05407075770281648 1.1074070127839581 -0.9996724793090979 0.025268394348572355 -0.004054917884081521 15.399841837042212
-0.03322208751507977 -0.05411527040414404 0.9979818787985215 27.8662732997139 0.02730671210895643 0.9981111658201236 0.055031301447380186 1.1464603724811067 -0.9990748902734665 0.029079858567060267 -0.03168162639103006 15.377632111984424
-0.060286677742142525 -0.05076356269116868 0.9968894508368092 28.655540667528893 0.031253078587029824 0.9981203536558265 0.0527162659603346 1.177421529267966 -0.9976917166969205 0.03433395288730358 -0.05858684249457752 15.32791390680028
-0.08818455975390965 -0.04814948930854446 0.994939751995233 29.48357779874134 0.033745672276207714 0.9981132950209115 0.05129405331152862 1.211210857303615 -0.9955323766827657 0.03809825431467324 -0.0863933446194704 15.254348650279006
-0.11479587026676358 -0.0395514011186862 0.9926014279856972 30.269140891697393 0.03376640084223308 0.9984743191848113 0.04369054935096367 1.248090849081696 -0.9928150574723662 0.03853207232911486 -0.11328521994578927 15.165632104972845
-0.1432309475262284 -0.030219934370121958 0.9892278055318726 31.019734755342686 0.0347513174948468 0.9987637594323342 0.035542914581711355 1.2753611629308672 -0.9890789865339933 0.039467814878150986 -0.1420036970843817 15.062086634663626
-0.16672350138518577 -0.025159602678634905 0.9856826408529864 31.886899695411717 0.031193527638135318 0.9990394157393253 0.030776770992365553 1.3017203096086922 -0.9855101409520619 0.03587812972105504 -0.16577853265234999 14.928624927853392
-0.19425245055105295 -0.018211130303433923 0.9807825142140241 32.67803715992365 0.03227788662127881 0.9991675856240521 0.02494541788519347 1.3206792820562265 -0.9804203810050947 0.036503295348151936 -0.19350293521947143 14.774740197446361
-0.21772287234977672 -0.01662613928157991 0.9758690088061781 33.50209680808359 0.0335644055756785 0.9991359478134793 0.02451098662257099 1.3411990864774632 -0.975433330132877 0.03809106561189904 -0.21697670194386254 14.600697155184493
-0.24539245652044633 -0.016770966729652597 0.9692787405890083 34.280500256962426 0.033581033165161686 0.9991032259339803 0.025788721175635392 1.3479097482836448 -0.9688420183365406 0.03887773917381565 -0.24460920853948148 14.40805378894076
-0.26924296933862973 -0.019559585744234713 0.9628736397197878 35.025139344309586 0.03434233680295804 0.9989628892170916 0.029895649682738227 1.356508284846238 -0.9624597796088051 0.04111652432483493 -0.2682920126705514 14.202750877801098
-0.29477511333804707 -0.01985380546240205 0.9553603817226267 35.72203736248134 0.03733000660780108 0.9987816783852688 0.03227428587231197 1.3649253189433828 -0.9548372129128627 0.0451772656384523 -0.293674839756881 13.988075915919493
-0.3172999029493672 -0.01983859594305758 0.9481177151067954 36.45143132689591 0.03666973073988426 0.9987767730217416 0.033170597217130886 1.370691905775247 -0.9476160100144926 0.04529224860044866 -0.31618429717639146 13.746086628980137
-0.32874191006125303 -0.020953462432051588 0.9441873272721826 37.21095188319763 0.03688611365323895 0.9987061550178762 0.035006150159225695 1.3849507843779605 -0.9436991952888587 0.04633538973094454 -0.327543677193809 13.47669406257383
-0.3389246095326171 -0.018572658401253387 0.9406301958862866 37.9826677594537 0.03591766119692011 0.9988208182219858 0.032663354091497385 1.4032726051618296 -0.9401276672172278 0.044855651218922585 -0.3378578693569532 13.208591756762498
-0.3468102497460991 -0.016587308913343167 0.9377886285587292 38.75624661774667 0.03420815372677134 0.9989547049657277 0.030319954575198777 1.4111330626921053 -0.9373112892148768 0.04259528858747014 -0.3458803095009836 12.927208311646547
-0.3578700338761312 -0.01950380812036977 0.9335676945579794 39.54340200913267 0.03413361619985743 0.9988404030163214 0.03395210666974559 1.4178082061907025 -0.9331473276490792 0.04401648294669566 -0.356789313363483 12.625516336699812
-0.3654993796867939 -0.016694212027282367 0.9306618648754 40.30201722386383 0.03456932775081467 0.9989059208755497 0.03149480621669252 1.4320265864208241 -0.9301694281298575 0.043683687167618994 -0.36452238675836635 12.327481594396673
-0.3714730567741946 -0.01569991585568299 0.928310982770839 41.09002918628533 0.03492148034751693 0.9989132332286992 0.03086815010532378 1.448252346073166 -0.927786752600604 0.04388467981780527 -0.37052108789664695 12.014861517090319
-0.37856537073372193 -0.012569288415464425 0.925489207430302 41.868383158448 0.03629304826700302 0.9989372148842204 0.02841223973652407 1.4678627694366833 -0.9248627329116081 0.04434471454509094 -0.3777068593012122 11.701712431726518
-0.38230658762036746 -0.013650838306330019 0.9239346988156711 42.67061454684513 0.035715955669122654 0.9989253793244164 0.029537383977126914 1.476797581252691 -0.9233450295380983 0.0442915472195926 -0.3814082003211036 11.378458494605326
-0.38228749625927105 -0.013883703738134105 0.9239391283923035 43.45855584666255 0.03520327338714552 0.9989424238618443 0.029576398561238323 1.4921401327652812 -0.9233726223722727 0.04383236908421731 -0.38139444630699226 11.058615681445959
-0.3808140718496947 -0.014801657968121745 0.9245331544096461 44.26804949112128 0.032288733600628006 0.9990491876436951 0.029294339913046266 1.5051609809351796 -0.9240877016624144 0.041007701592117515 -0.3799740623337449 10.737495953725874
-0.3744635234296327 -0.013136482647055761 0.9271485870367968 45.12640934292467 0.031600113511450235 0.9991380188631511 0.026919362701992564 1.5242358334581034 -0.9267030281847193 0.03937831999821184 -0.3737256285932102 10.402680062756131
-0.36614392303998367 -0.014641807395585182 0.9304430369974732 45.95033059410763 0.02887896781740639 0.9992158052718032 0.027088368589181396 1.538132415472629 -0.9301100111485157 0.03678847606537583 -0.36543395462120865 10.094163722263048
-0.3623807398549487 -0.01224112378591072 0.9319497595206719 46.751922257982315 0.0282230726219864 0.9993110816255754 0.02410021394296865 1.548555503510458 -0.9316027359094402 0.03503593910231021 -0.3617856069791404 9.79358380991162
-0.35821768645712243 -0.013275647610347663 0.933543703470723 47.6308403089789 0.02654858750633645 0.999349728224505 0.024398631089201987 1.557164858359735 -0.9332605539776797 0.033524287884076645 -0.3576322979138495 9.46270406905454
-0.35648461505835455 -0.012714601153069096 0.9342146745498141 48.550737274092214 0.02358868859668628 0.9994661781101268 0.02260381791256877 1.562874801357802 -0.9340033688359937 0.030094812367821404 -0.3559943950002025 9.127150019032534
-0.35648143916418407 -0.014316194205547719 0.9341927157256693 49.45537715095965 0.020435822014062566 0.9995239111499328 0.023115540619916913 1.5695002600122767 -0.9340788835585792 0.027331257252649663 -0.3560191591290388 8.795374463596769
-0.3609141129357862 -0.016242701208619308 0.9324576010421183 50.377978012300666 0.01855808776119306 0.9995252534846435 0.024594003844578178 1.5839712552655827 -0.9324143931012768 0.026180953074836425 -0.36044133674381856 8.458366089194492
-0.3633124702244209 -0.01538430039780178 0.931540322412669 51.302212504524306 0.01933767366511399 0.9995237371377292 0.024048976598784647 1.5966538933906866 -0.9314666410326518 0.026751115855185012 -0.3628419414067944 8.108009164885596
-0.3646553856417069 -0.014597499111520836 0.9310281213487525 52.24888620411237 0.019168458327611014 0.9995475378945229 0.02317951022648671 1.6076044860481697 -0.9309452292846453 0.02629890698653293 -0.3642105813447393 7.744362528089615
-0.36689743809904085 -0.01735724792841727 0.9300994548222852 53.23037395455852 0.019400396976040773 0.9994657025579555 0.026304638516895646 1.6198109150723152 -0.9300590811951317 0.027695403132721796 -0.366364668236149 7.366705309103478
-0.3657853958153272 -0.015207026637364346 0.9305749784671168 54.19122177087861 0.02099096424416897 0.9994773662966179 0.024584012709001242 1.633060843909888 -0.9304624783559649 0.028526138919012616 -0.3652750138868641 6.995399500421458
-0.36568869716663405 -0.015355252202079802 0.9306105485080106 55.17833943728907 0.020866977816656477 0.9994773162806174 0.024691364427540802 1.6417422906817394 -0.9305032756532182 0.028448382560437142 -0.365177139931193 6.620068068262718
-0.37263152256958604 -0.016095790715179685 0.9278397889230259 56.153555427551275 0.01932935368311163 0.9994980121766057 0.02510178760978839 1.6488510865695951 -0.9277780577668697 0.027288260777610627 -0.3721333448511002 6.2428621079859905
-0.3740216407514912 -0.014439131567266453 0.9273075669534602 57.13459140525139 0.019459177807899613 0.9995364900974955 0.02341250440726393 1.660649642239885 -0.9272158069449655 0.026801426140464525 -0.37356730438869273 5.851177696207895
-0.37349428456001726 -0.01528380983421914 0.927506563080797 58.09681310931232 0.019686964155656086 0.9995084607473164 0.024397957637157186 1.6641725218017318 -0.9274235509427906 0.027372286193923054 -0.3730098056421349 5.467579624608659
-0.37257884395535656 -0.01638986262306706 0.9278557956062393 59.08092789277693 0.02115139777681891 0.9994343020375667 0.026147548312776395 1.6720229178283925 -0.9277594641980093 0.02936747033503541 -0.3720214083586373 5.071844565002526
-0.3720795283350831 -0.018832872107223692 0.9280097777082604 60.04511162530607 0.02211713441728228 0.9993303901295414 0.029147962685347095 1.6778023561518127 -0.9279373130546641 0.03137027720201839 -0.37141385104645536 4.689157412125673
-0.3716191458258036 -0.018137260530703116 0.9282080856338958 60.987316516801 0.02343643817302389 0.9993072442259047 0.028909600540138494 1.6855598042414406 -0.9280894050798459 0.03249725246955112 -0.37093663173171243 4.3102397012701115
-0.37137116804499726 -0.018736529020124553 0.9282954260499037 61.950276967183804 0.021556933767212776 0.9993528713179909 0.028794742489613237 1.6898782989859635 -0.9282342129826127 0.03070474016768692 -0.37072694099536985 3.934997072967221
-0.37197999922719627 -0.017097447156330946 0.9280832707659759 62.90880910868692 0.019686059619425104 0.9994601694491476 0.026302637535840372 1.6946773195306495 -0.9280319710180225 0.028054357690345175 -0.37144261169524795 3.555530062774065
-0.371836411536072 -0.01704980382746457 0.9281416848980666 63.848120238770925 0.01850663985218811 0.9994964553505721 0.025774794335230028 1.6994220753831215 -0.928113779305834 0.026760790927903788 -0.3713336407215951 3.1978193276215787
-0.37584268807435245 -0.01684174981542305 0.9265304254498067 64.83077212602186 0.015204259727611302 0.9995881790170908 0.024337272966205227 1.7085807683647924 -0.9265587430417893 0.023234195326090903 -0.3754318418306693 2.8195083545844795
-0.3807110111991129 -0.01659780477829022 0.9245450983204069 65.82902119501568 0.014091875032821787 0.9996186450953387 0.023748335432588485 1.7125051973444927 -0.9245866887479013 0.02206982678457559 -0.3803319309969787 2.412661607410077
-0.3857836160268698 -0.015702992924223124 0.92245564533936 66.80614387589368 0.015381542703302609 0.9996066963445389 0.0234491101584602 1.7135902852420415 -0.9224610613729447 0.023235073410233106 -0.38539034966423574 1.999911192272444
-0.3925693713915325 -0.017601282133911902 0.9195539589999597 67.76099427492026 0.016241846714883126 0.9995282735467762 0.02606593170963557 1.7168671028249938 -0.9195789748904373 0.025167940874127517 -0.3920983087079172 1.6014639292334583
-0.40016780614136227 -0.01854124679960523 0.9162543037252953 68.68410208163961 0.015495718357020677 0.9995154923761372 0.026993762477435096 1.7248334968622838 -0.9163108695418871 0.025000053344031478 -0.3996866118500675 1.2079807688940727
-0.4108422457388039 -0.016999437075855613 0.9115479517038041 69.5693607605003 0.01543857860458999 0.9995530724496224 0.025598938399669185 1.7314559421988058 -0.9115757233532311 0.024590130044881562 -0.41039618187479476 0.8174435456805228
-0.4186638949100758 -0.014182095308127708 0.9080305123019801 70.48955771366273 0.017973081767856402 0.9995528185412306 0.0238983530404875 1.7462511776707725 -0.9079633866134091 0.02632548421117857 -0.41822178022020323 0.3909524009375019
-0.42420042659516743 -0.015055497096494563 0.9054431677823049 71.40831550741417 0.01596084008766688 0.9995821701966237 0.024098477310896954 1.7513293418512164 -0.9054276611967262 0.024674217965020354 -0.4237828846327335 -0.03468637984705225
-0.4287723792186861 -0.012500266784595726 0.9033260707792404 72.26236556709408 0.015946592394173675 0.9996437600287911 0.02140231825094916 1.7608552978769032 -0.9032718046137395 0.023581695567002008 -0.42842029669942566 -0.4392767187489754
-0.4338969894652247 -0.014558915160531344 0.9008448481966046 73.15279653401889 0.017168195026793738 0.9995542770562671 0.024423355585294234 1.7643559817759924 -0.9007988985409213 0.02606310050381955 -0.43345364132694875 -0.8625845436394339
-0.43719412334415464 -0.01614838925520563 0.8992221794627837 74.0765019771909 0.020173325127377236 0.9994111557124182 0.027755698349600507 1.7711037673967316 -0.8991408874401394 0.030274929595809883 -0.4366109173753304 -1.310320244466734
-0.43814974572014764 -0.018771015420085 0.8987059860184914 74.86764564595725 0.023039763411317127 0.999218976096168 0.03210307012227918 1.779428792147615 -0.8986066823851915 0.034771925305113215 -0.4373750605410135 -1.6945384917463024
-0.439680810014894 -0.020036026062231094 0.8979305891683836 75.72453944712866 0.024783919520558757 0.9990997896677889 0.03442916814241566 1.7802850866933715 -0.8978120864846081 0.03739208399399342 -0.43878843354940533 -2.1132702479076673
-0.44162604621779894 -0.016582966879775906 0.8970459522853323 76.53651549598307 0.024421783884937365 0.9992365179606599 0.030495206930484426 1.7942353130351907 -0.89686677481882 0.03537494004687368 -0.4408838870300979 -2.5138482185154007
-0.4419675065337643 -0.014601631441653707 0.8969122117172728 77.36907224549502 0.021698036188675603 0.9994009385214777 0.026962182922473932 1.7990953472980895 -0.8967685980195128 0.03137764238485949 -0.4413859140984065 -2.916608859470308
-0.43996707941367835 -0.013237201041581617 0.8979163354905528 78.26586164478577 0.022697816479276794 0.9994079879587132 0.025855032999197947 1.8004546498396918 -0.8977270064776215 0.031756103553510696 -0.4394061580449545 -3.3533528516946127
-0.43706557256123274 -0.01309970660509636 0.8993342442988492 79.12214738533578 0.023780481063948554 0.9993760807181558 0.026113942804285157 1.8055029055861274 -0.8991152173120467 0.03280010633029544 -0.43648136159821577 -3.7650664448682365
-0.43451447794953824 -0.012772158576647435 0.9005742836754408 79.95630529895487 0.023254591341312712 0.9994070125568313 0.02539384243824519 1.8125472444796065 -0.9003645886160722 0.031976479129554744 -0.4339598049919928 -4.15703501581017
-0.43271483744298295 -0.015661827914619727 0.9013947950831899 80.86892317773913 0.023381076247296236 0.9993178118557842 0.028587343025995873 1.8148254406208453 -0.9012276042877355 0.03344574792317662 -0.4320534541184093 -4.590260806459459
-0.43051590037563775 -0.017965894559903186 0.9024041700681665 81.72242113216903 0.022166475470969272 0.9992898644148243 0.03046989076116357 1.823874906341119 -0.902310759599457 0.03312089235610605 -0.4298119351537208 -4.989750778270004
-0.4285124684693818 -0.018070777365140418 0.9033551413324092 82.56685496710357 0.0223210812941714 0.9992831243572409 0.030577879336061015 1.8393511841464927 -0.9032601140846066 0.0332668661020428 -0.42780191902750114 -5.385600205262577
-0.4270415895813647 -0.019977769561599884 0.9040112662412816 83.41739085831614 0.0192471730197079 0.9993285678531585 0.031176269874777635 1.847516845072831 -0.9040271163513687 0.030713225097653823 -0.4263703445427814 -5.764685632153478
-0.42777598887875307 -0.01861458577008891 0.903693089790673 84.23176130900818 0.022108706703337384 0.9992733229139972 0.031048851835853007 1.855021249147912 -0.9036143582451039 0.03326143876964662 -0.42705358945249755 -6.155589196878019
-0.4267617661206776 -0.01768173900060313 0.9041912137836082 85.036266754959 0.022540661899605963 0.9992902848291133 0.030180212180785915 1.8627044962100514 -0.904083134196567 0.03326082909465963 -0.42606032872029764 -6.527254321292705
-0.4264613697672254 -0.016154899622924105 0.9043614981380155 85.88055115709882 0.022319130568825046 0.9993481028055786 0.02837650136191672 1.8689917674572825 -0.9042303669457878 0.03228604399836513 -0.42582279748273455 -6.915894105961356
-0.42417600487688994 -0.01595740677510838 0.905439163089213 86.72903194983765 0.025876909151055894 0.9992228669126775 0.029732941522786927 1.8811728526307305 -0.9052099769995184 0.03604196731344159 -0.4234334353032459 -7.315106169320954
-0.41358704949159547 -0.01569693184659566 0.9103292584682974 87.5430209076581 0.028433224262603515 0.9991410071533979 0.0301463029661422 1.8899930922519579 -0.9100204966103067 0.03835171645568514 -0.4127854667912057 -7.685010029716866
-0.40690978958294083 -0.017055066918080924 0.9133091195394837 88.35517772442483 0.02549761334791479 0.999224050327258 0.030019476363686032 1.8970679777278008 -0.913112421805293 0.03550242160767978 -0.4061591845629782 -8.037902271109923
-0.39859202149930234 -0.01861300910042509 0.9169394507214352 89.20715450187107 0.02640100958513697 0.9991468372676036 0.031758215803642825 1.9086458676858946 -0.916748268113982 0.03686669866387192 -0.39776055540946004 -8.404402660973211
-0.3866315139358817 -0.018326820756799332 0.9220521677609117 89.99467944350604 0.02817284236878318 0.9991011967794938 0.03167158895045663 1.9216660529243328 -0.9218038638368315 0.03822206476279298 -0.38576768965370467 -8.728429805464748
-0.3761671472925336 -0.02000359913344929 0.9263358642088224 90.79259473530723 0.028088762671991972 0.9990612179928471 0.03298035952208118 1.9283509028598025 -0.9261259626580793 0.03842575600241962 -0.3752521319943282 -9.044619151933365
-0.36357383332367255 -0.01894542672744899 0.9313727172987438 91.59202332288122 0.027444837575469665 0.9991413618264882 0.03103739644311932 1.9355832683840717 -0.9311610218500272 0.03684575814969925 -0.36274170079215795 -9.347547725966152
-0.3513376198562585 -0.01721434427024051 0.936090563580835 92.3816455570391 0.03085839123745201 0.9990748156102525 0.0299545072330816 1.942249250219892 -0.9357401544039756 0.03941039411990231 -0.3504813608044492 -9.645890825268417
-0.3417203335637645 -0.015997627489028166 0.9396655200356092 93.17932240542336 0.033497219236112694 0.9990124626249138 0.029189652679555166 1.943247056221339 -0.939204530404596 0.04145087978351667 -0.3408469959272856 -9.93785666423663
-0.33101604849924293 -0.011978761346375566 0.9435490898265727 94.0057641988792 0.03635051557828099 0.9990153548652496 0.02543542334330423 1.9496642052477817 -0.94292471367185 0.04271802921561964 -0.3302546810066339 -10.227407362769064
-0.31531696011197013 -0.010665670433368853 0.9489264766776999 94.8518354903581 0.03505385897092472 0.9991235313534248 0.022877851015973418 1.9610166115597212 -0.9483387799921466 0.04047730932348785 -0.31466672177549687 -10.501717428239814
-0.3025692827111001 -0.012338403466574275 0.9530475292237984 95.67093320953057 0.03378283807210571 0.9991490889511778 0.023660471251131937 1.9666030543090978 -0.9525285029916347 0.03935558216984961 -0.3018949968790274 -10.760928246596661
-0.2905385144787775 -0.013078071808675455 0.9567739208623071 96.47172303415223 0.033010469296474824 0.9991744008496373 0.0236817567674984 1.9605211450144293 -0.9562937208417147 0.03846401856976975 -0.2898669328401788 -10.99842045560131
-0.2797252307709248 -0.014310929405331184 0.9599734332624568 97.26491401749107 0.03112254911476399 0.9992282379513442 0.023964878828216706 1.963677987110737 -0.9595755218880648 0.03658040158619959 -0.2790639568504689 -11.22016781288658
-0.2722024558785465 -0.011880031730305697 0.9621666632448743 98.06244005159543 0.026467588246341087 0.9994530041424469 0.019828244578395236 1.9704408597063583 -0.961875922240551 0.03086352793712091 -0.2717391264745739 -11.432951088918674
-0.26975128424477224 -0.010238395136561051 0.9628755993965803 98.91634407127536 0.023895086991651313 0.9995643784727773 0.017322762654725845 1.9664228645697561 -0.9626335073463617 0.02768083368249936 -0.26938912743591614 -11.660025651424403
-0.2665793389516058 -0.00862686153644535 0.9637743684619116 99.71975221753394 0.024205958638893747 0.9995846016119243 0.01564275508672751 1.9665261630611162 -0.9635089660249652 0.027499117810616654 -0.26625978087037616 -11.879886054820386
-0.264805863789644 -0.009722116663414122 0.9642527339604506 100.51874643053092 0.02331940251175831 0.9995921836745142 0.016482469575613282 1.9675351552936369 -0.9640197404457626 0.02685045221964395 -0.26447115768356566 -12.089635571819475
-0.26165160970340107 -0.01145437131412402 0.9650944163745937 101.28035359267487 0.02142681301362848 0.9996142003178843 0.01767320590374403 1.9572683015768806 -0.964924518718277 0.0253031203734896 -0.2613052339232159 -12.293162490825246
-0.2590569286862314 -0.014884638466789788 0.9657473558013867 102.09319461311841 0.01908837395456084 0.999607063703735 0.02052686467457343 1.9548845863558553 -0.9656734135718079 0.023752173191318074 -0.25867101227091904 -12.503545374787318
-0.2549326993974507 -0.01606522810332941 0.9668253343928868 102.85914105166508 0.019882846717486725 0.9995634874259349 0.02185193381172444 1.951777195109318 -0.9667543592786836 0.024794012399993945 -0.2545019956007634 -12.70301268727196
-0.2525553604807073 -0.019057281690529993 0.9673947539174628 103.64097926077952 0.018655886553653984 0.9995242526247206 0.024560665949671046 1.9537058996906862 -0.9674025779319371 0.024250534624249594 -0.25207967744560617 -12.901020284366439
-0.25050464697917757 -0.01857073346446573 0.9679372653743783 104.38291550710854 0.013560121907562658 0.9996506147605013 0.022688576482548236 1.9605441111026718 -0.968020425887641 0.01880894115957021 -0.25016530294340605 -13.081287312985424
-0.24743968574125802 -0.01806615719052251 0.9687348532413991 105.20085649157598 0.011461408964726768 0.9997016151854452 0.02157120071196226 1.9671438786354394 -0.9688355061747123 0.016440637456613783 -0.24715878988053303 -13.281825156281744
-0.2435135272027702 -0.018426968061966687 0.9697224391119911 105.99365247918854 0.009768114776057425 0.9997222027756552 0.02144996995601441 1.9655892689541208 -0.9698483108213304 0.014695717928546802 -0.24326588308181885 -13.476305188350246
-0.24034249034247623 -0.020347960285391414 0.970474856886154 106.83632382479257 0.006619303240486264 0.9997226626574806 0.02260049985394278 1.9655249275213553 -0.9706655820418212 0.011855727782878342 -0.2401411450754558 -13.67891844835428
-0.2352563313065686 -0.022246142354591738 0.9716787368932764 107.62765140062515 0.0038985755391554924 0.9997083815164705 0.023831765240634843 1.9670786907512126 -0.9719255422556501 0.009394736614640789 -0.2351009979455681 -13.865698485986094
-0.22897580103836906 -0.02561018847202291 0.973095165328276 108.40650041477612 0.006147711132460976 0.9995958722737099 0.027754238977009564 1.971492928120602 -0.9734127018827468 0.012337357082803688 -0.22872582152774606 -14.045650390999214
-0.2232928875876401 -0.029355695400467192 0.9743092576283615 109.19158053085319 0.003789967047119692 0.9995127058663428 0.030983656361435498 1.9762141701837104 -0.9747440292212902 0.01061103007708323 -0.2230728211552182 -14.222444817295521
-0.2213636256605211 -0.027108872752441556 0.9748144717086019 109.95901630351472 0.0005276613637121425 0.9996100706199538 0.027918242936408787 1.9831857834336504 -0.9751911950012234 0.0066944554119827745 -0.22126300517443726 -14.389428642869742
-0.21766206845580083 -0.028782200189265313 0.9755997175623861 110.7959186587074 0.00016763220894766562 0.9995639809862706 0.02952659503432374 1.99012576908752 -0.976024177904925 0.006590361685331385 -0.21756233883159037 -14.563814461603572
-0.2110908395153181 -0.02884733008789113 0.9770406793064037 111.59804800663977 0.0006919005733634475 0.9995597556099782 0.029661696487518294 1.9985343763491685 -0.9774662033780581 0.006937327419210309 -0.21097794847320855 -14.73330560838384
-0.20749728372365345 -0.02648210080778685 0.9778770759068403 112.42551767004949 0.002302596506356218 0.9996175142370256 0.027559449920474606 2.005482701597632 -0.9782328839783678 0.007970167338045465 -0.20735694137397237 -14.903540388016468
-0.2017682769832922 -0.028706788106768594 0.9790125038628397 113.25695728311646 0.006496851419861612 0.9995091632066764 0.03064675492638356 2.010432204302469 -0.9794117384046517 0.012544041712409195 -0.20148273795215216 -15.077834096562388
-0.19483853425358194 -0.028281931877956867 0.9804274975229766 114.08439117194234 0.00809691510319999 0.999503760459765 0.030441300770502437 2.0136081884812205 -0.9808019094270398 0.013869576635183489 -0.19451285126755363 -15.242764999711683
-0.1890284371366523 -0.02926154705720113 0.9815355377251981 114.89641153167257 0.007621461467217178 0.9994820929284423 0.031264344555492055 2.022125613479517 -0.9819420366186481 0.01339058546890336 -0.18870752221896614 -15.395349194682096
-0.1850654646945925 -0.028933744541423917 0.9823001640049677 115.71536884302768 0.00797690271896507 0.9994893225164654 0.030942902232812194 2.028871770678024 -0.9826938194577123 0.013562175429805796 -0.18474015426329082 -15.548707442084647
-0.18010683424221724 -0.0293974588386407 0.9832076676232122 116.50319935125657 0.006653490898689702 0.9994940323974837 0.03110321945842855 2.0383464303754533 -0.9836245520106275 0.012143665659451467 -0.17982011029427142 -15.693855360601772
-0.17577618854574611 -0.03135518236717383 0.9839306805253364 117.32597854591903 0.006122728167027821 0.9994384718935667 0.03294317985326761 2.047362513860158 -0.9844111152054934 0.01181496668523972 -0.1754855060171741 -15.839275532615341
-0.1705882489638662 -0.030444574002579612 0.984871959814698 118.13128393230802 0.0019448779578723468 0.9995102091416441 0.031233944217090095 2.057324724117797 -0.985340482658239 0.007243599618198614 -0.1704454854180662 -15.97113244102201
-0.16851666055852343 -0.02863772900208851 0.9852827084607781 118.92436608296902 0.002543534419311823 0.9995619043349981 0.029487791284699943 2.0685311995717117 -0.9856955237530814 0.007475284596267137 -0.1683699930906445 -16.108333544354313
-0.1647153042908885 -0.030929367110220148 0.9858560963865475 119.77090877704418 -0.0002681882946444225 0.9995095945828929 0.03131291126324594 2.0731125790683302 -0.986341115744142 0.004893320641704427 -0.16464282190760354 -16.24076443431761
-0.1602934157548755 -0.0330050022782348 0.9865174558467016 120.58625977507558 0.0031717809252051962 0.9994184322402015 0.03395198233241378 2.088105378419767 -0.9870643143541344 0.008571296468548316 -0.16009550963550195 -16.37268190778099
-0.15826846494346192 -0.03484390678764507 0.9867811282975646 121.45586517441409 0.0005758596827534351 0.9993737332847683 0.035380921498611634 2.0933836327047386 -0.9873959496524515 0.006167931601358905 -0.1581492814706883 -16.50835017977062
-0.15411559644223483 -0.03191501420528936 0.9875372472983136 122.26502166149152 -0.001603005406197535 0.9994849501590318 0.03205097158068097 2.104167171008253 -0.988051523609433 0.003356527055469136 -0.15408737916910653 -16.63004189036534
