1.0 0.0 0.0 0.0 0.0 1.0 0.0 0.0 0.0 0.0 1.0 0.0
0.9999241981188509 0.002236021227146822 0.01210777541270955 0.005479990504682064 -0.0022159051191765543 0.9999961427637415 -0.0016745811838658805 0.006892262026667595 -0.012111473109232924 0.0016476245659431438 0.9999252959858621 0.08964512497186661
0.9994097432545599 0.00652474510190608 0.03372821947879502 0.012188058430563274 -0.00646068109904704 0.9999771133946694 -0.0020080554277240015 0.011564765384667337 -0.0337405496041637 0.0017889628893714086 0.9994290244555585 0.21183084069270117
0.9981514128021313 0.008559585532687757 0.060170512849885636 0.031076623963749658 -0.008497004236800908 0.999963060150685 -0.0012958599760315515 0.012221751324197939 -0.06017938218451097 0.0007821953632536673 0.9981872720738851 0.34832175145966426
0.9961544591978326 0.009141267810457324 0.08713627627510358 0.05509404376946866 -0.009065308862681986 0.9999581060516621 -0.001267405537746078 0.015583870995964609 -0.08714421148589195 0.00047261442045998004 0.9961955947704807 0.5299071009800211
0.9927689777965476 0.007792931863327803 0.11978742395498516 0.09411880448348359 -0.007734244996757823 0.9999696344151617 -0.0009548308424916396 0.018298531699750775 -0.11979122747149705 2.146115507068927e-05 0.9927991042302017 0.7281401211988746
0.9878829107053927 0.007309499880040939 0.1550287907059363 0.1450467788971813 -0.007222124589008983 0.9999732852280415 -0.0011268303594181507 0.02002539085560647 -0.15503288571352256 -6.460786028463254e-06 0.9879093097575284 0.9370426116139536
0.9811045204513096 0.009089446569629695 0.19326484913471415 0.20247679897791226 -0.008910676683620257 0.9999586893965376 -0.001794252323065414 0.023467994207855752 -0.19327317400779126 3.822848004165721e-05 0.981144983551125 1.1484197157723082
0.9728038259631576 0.010477121764570333 0.2313934876157346 0.26584416984632286 -0.010239258464767326 0.9999450932519841 -0.0022289161879562747 0.027271048007349086 -0.23140413517812178 -0.00020099953136636334 0.9728576904263306 1.3633301223240863
0.9630675856777723 0.00719488905409622 0.26916362865046667 0.34636641380665034 -0.007433520821371281 0.9999723622028347 -0.0001326600212200104 0.026699229936217372 -0.2691571440348283 -0.0018730728715767738 0.9630944519687739 1.592062102666128
0.9517714078091962 0.0017636060923186452 0.30680299374427894 0.44508136571234364 -0.002770111558131446 0.99999211558282 0.0028452160114395817 0.0220575286306487 -0.30679555694119237 -0.003557873767769473 0.9517687890319773 1.8246262148935801
0.9390095535005818 -0.0006682991417692752 0.3438904066863383 0.5430341803796126 -0.0007701019594342337 0.9999915178364754 0.004046133719263799 0.02299623766336045 -0.34389019377936636 -0.004064188893149333 0.9390010740095193 2.0435582175870124
0.9227754764344479 0.0003273601925027911 0.3853379204367021 0.6687926058114607 -0.00264537996555684 0.999981455932616 0.005485412994802179 0.025349999755862683 -0.38532897899848595 -0.00608116980441088 0.9227592304159273 2.286203085931655
0.9044146272335882 -0.00148101969456727 0.42665206975543185 0.8256198787168179 -0.0022768344371684288 0.9999629826523572 0.008297550840290002 0.025811528379925282 -0.4266485650636544 -0.008475842475280982 0.904377776166276 2.5672075614756746
0.8824824870914367 -0.005528158592632201 0.47031276767645525 1.002054944781676 0.00019795226386435088 0.9999352030785371 0.011382023510185121 0.02802073293103701 -0.47034521448805444 -0.009951336938315507 0.8824263992545365 2.86127534835969
0.8584099451653134 -0.00829786021861017 0.5128971744483257 1.1784413121254627 0.0024654567893974116 0.9999243461034387 0.01205087517279772 0.03009222613161687 -0.5129583682562391 -0.009080065275268955 0.8583654611239281 3.104792176978744
0.8333569954814666 -0.01056246889875387 0.5526341939591379 1.3676756705839952 0.0031058960424962916 0.9998910978274445 0.014427262221273784 0.03354944635372173 -0.5527263984032935 -0.010306635541778172 0.8332990470244959 3.349836209474633
0.8061658771075366 -0.012491788140304166 0.5915577180770224 1.5853200458887724 0.0037974542633714605 0.9998657576368142 0.0159388219915162 0.03671175573244476 -0.591677410358511 -0.010602921032309672 0.8061050924892044 3.6162435053882236
0.7767806831312376 -0.014210161751690684 0.6296108652311828 1.8261666780845667 0.004902567453756029 0.9998515513265047 0.016517873420726727 0.039971293664622556 -0.6297521219865235 -0.009744055263213848 0.7767350373457464 3.878056848468679
0.7446530452247835 -0.01288232817844651 0.667327421778964 2.101780550472277 0.0016435998646946483 0.9998460834936224 0.01746733814721654 0.046260198722540516 -0.6674497290560102 -0.011910287283152892 0.74455960422245 4.160594751577375
0.7116690856296468 -0.013676875181074077 0.7023817022419818 2.381323888461482 0.0005852968859705824 0.9998216680730132 0.01887563189016526 0.05036518996095486 -0.7025146048208664 -0.013022101864870763 0.7115501773426827 4.411135110655902
0.6782903461390214 -0.013605026388025705 0.7346680267927741 2.6730726013232537 -0.0006691534832233099 0.9998167232194562 0.01913301346692555 0.056638515679716256 -0.7347936843551548 -0.013469343996304667 0.67815692741731 4.649947399198401
0.6460728433520689 -0.015060256983500239 0.763127164856922 2.9825897361898384 -0.0010112055306551685 0.9997875573604186 0.02058683100096841 0.06320709914280405 -0.763275087073034 -0.0140722708501007 0.6459203609167106 4.896939048126836
0.6156434246061671 -0.013807603395937038 0.7879038798150773 3.3169417971167374 -0.003640287879463984 0.9997859819210851 0.020365133396240322 0.06975734140787643 -0.7880164478253902 -0.015405857410496283 0.6154614021318494 5.144763755908815
0.5878464021212274 -0.01271614110365564 0.8088726149824584 3.659441807383533 -0.004028950668326083 0.9998180307359881 0.018645990768082085 0.0763541092883459 -0.808962530077655 -0.014219886449726916 0.5876881994388831 5.383172537707684
0.5586133693302506 -0.011636102712381281 0.829346552846982 4.072396576279988 -0.003341441004352275 0.9998619022432845 0.016279165041697928 0.08114971169872663 -0.8294214479849912 -0.011864971812327228 0.5584973447263409 5.651334694487534
0.5336749335647436 -0.009426313411073056 0.8456371620855737 4.461550202551001 -0.0022567334707979054 0.9999184441208768 0.01257029279399342 0.08173859326928877 -0.8456866869229457 -0.00861682785955288 0.5336101365593897 5.890651360028272
0.5108494988152383 -0.007781106302072194 0.8596349480709448 4.901633707248556 -0.0014772204475067595 0.9999496147022094 0.009929042081311543 0.08630110307586823 -0.8596688940400073 -0.006342116493635222 0.5108122651017807 6.149282980800879
0.4900396924398586 -0.006097394706741496 0.8716787949762455 5.375959097979147 -0.0016170222254017408 0.9999674568225964 0.007903830392404913 0.09340522247954473 -0.8716986205521791 -0.005282714599478906 0.49001388536845475 6.418601106870892
0.4750439505649315 -0.004586374315575448 0.8799501180193686 5.876344931153618 -0.0010121947290615348 0.999982907815365 0.005758431987779677 0.09501166308011025 -0.8799614880740484 -0.003626189151830609 0.47503118872211086 6.685621097006629
0.4640974876142735 -0.005637184760565269 0.885766190446494 6.417452451974243 0.0008559369857452509 0.9999821363154231 0.005915608330447807 0.10008640206371792 -0.8857837147757888 -0.0019872589207450687 0.46409402219807383 6.9629748124299224
0.45438063704172743 -0.005072834431413924 0.8907931875763228 6.98105283033266 -0.0007075075504727251 0.9999814148695398 0.006055522155817641 0.10322731021084154 -0.8908073507300106 -0.003381754920900629 0.45436860324964684 7.2533955218900825
0.4471804376327761 -0.004655821065981716 0.8944316516809769 7.535651999092355 -0.002671198728235298 0.9999750416328188 0.0065407039985577705 0.1037978496298422 -0.8944397804748585 -0.005314079566965135 0.447156840115907 7.536939740462288
0.4357362926447369 -0.0045877305961344724 0.9000626844838074 8.122137289569507 -0.003837195793236498 0.9999684541171114 0.0069546171051510005 0.1047682510958976 -0.9000661971214478 -0.0064840958207125834 0.4357049429381348 7.8295852613529515
0.42417461708339443 -0.004203175149049318 0.9055706640239748 8.746741639853509 -0.005475202569540413 0.999959047795578 0.007205892629244285 0.1032715927335907 -0.9055638665378488 -0.008014739573318231 0.4241342329623885 8.132091730545012
0.41371913252565945 -0.0038643839666112328 0.9103963674788991 9.373368786049488 -0.005140985268115312 0.9999651307972006 0.00658084038786955 0.10310005206364145 -0.9103900535774152 -0.007402953889913928 0.4136848397282827 8.415499963421961
0.4044927897690218 -0.004502900228350007 0.9145301016994508 10.070063675072637 -0.005572517113011997 0.999957179705732 0.007388220894379627 0.10487795612219063 -0.9145242096729312 -0.008084716723082183 0.40445037678015383 8.72622302138097
0.393749508848372 -0.0051129472934094995 0.9192035585503576 10.758225576100202 -0.007627289836723748 0.9999319324370899 0.00882920961207037 0.10718341178394895 -0.9191861338876978 -0.010487528908283477 0.3936837093479809 9.024510946739532
0.3838676248502706 -0.005435760688769558 0.9233721346767761 11.416074857326478 -0.009719520477756139 0.999903488890225 0.009926924339298425 0.1084762406964107 -0.9233369793924072 -0.012785359239775152 0.3837777443724629 9.307092802008693
0.37291047892952467 -0.007583328434648004 0.9278363367719573 12.150888977348044 -0.008505966168585071 0.9998966438178387 0.011590954290359452 0.10414264074328841 -0.9278283371637728 -0.012214532806234347 0.37280743279102413 9.598675539169495
0.36259151026219755 -0.007229638363727243 0.9319201301693769 12.8686231576678 -0.010134602626369667 0.9998801923920224 0.011700029559689028 0.10164198938458462 -0.9318930660303166 -0.013686971586941328 0.36247479952873135 9.879922879685333
0.3489551795061358 -0.00719520683942429 0.9371117925276464 13.57542423307419 -0.011085741650056501 0.9998688644775895 0.011805091289942652 0.10045803156263523 -0.9370738439567656 -0.014508026979351095 0.3488296548822329 10.140584909347991
0.33669540676994714 -0.005184680145477288 0.9415993426887093 14.279900920026567 -0.013039756541898786 0.9998632765910986 0.010168228648131819 0.10066071050601608 -0.941523323029944 -0.015701822069485262 0.3365817656593274 10.39904783221685
0.32319245105236416 -0.00373205489571228 0.9463259012354153 14.977187286396035 -0.013604299724123789 0.999870564176971 0.00858940751404389 0.09934867032202857 -0.946235468903899 -0.01565013286465959 0.3230998463780772 10.64495658020223
0.304772516576729 -0.0010980299986570541 0.9524245416145103 15.711925040656704 -0.015349846200881787 0.9998637920344575 0.006064618708944574 0.09715677442691709 -0.9523014729386368 -0.016467899337731413 0.3047141495406894 10.883273374485178
0.2840343478121463 0.0011552606582083177 0.9588134097079265 16.432316899235826 -0.01804902133038281 0.9998285233094011 0.004142077492949042 0.09549692944808312 -0.9586442103783571 -0.018482135962972594 0.2840064938664293 11.102160952478556
0.2613761739266111 0.0026836750316791037 0.9652332845441098 17.13988324256184 -0.02026598067096823 0.9997909563112131 0.002708081563444988 0.09210089718465381 -0.9650242410068932 -0.020269227085280547 0.26137592219337163 11.305412207517358
0.23168320919733992 0.002249704817489354 0.9727886869224249 17.897011892094845 -0.02228875296733441 0.9997470847717735 0.002996328002968658 0.08454282544221904 -0.9725359129961129 -0.022376445619767177 0.23167475610053595 11.494252529277045
0.2009007669225628 0.002237561627045581 0.9796090419998642 18.638758390535745 -0.022600985135515388 0.9997417995759155 0.0023515211277993116 0.07875147508424916 -0.9793508448563419 -0.022612551794864887 0.20089946535641717 11.649816119577697
0.16807314060372114 0.003092467999719446 0.9857696769779807 19.378635751265197 -0.022483908316873462 0.9997469618916197 0.0006971766452619644 0.0733449613568618 -0.985518083687154 -0.022281131707051628 0.1681001424611318 11.774302529505094
0.13518022010413178 0.004040889870574665 0.9908127872114147 20.151796812621757 -0.02294416427692423 0.9997362995587428 -0.0009469267264034121 0.06673019501243989 -0.9905553358688408 -0.022605365594158176 0.1352372878614565 11.886422897280124
0.10293451513088658 0.005142407328872172 0.9946748419667772 20.887006161667315 -0.02487086894532347 0.9996873052184485 -0.0025945448505184203 0.06064774649862767 -0.994377154540808 -0.0244713594215926 0.10303022418390351 11.972952487217615
0.07010105925576215 0.006584616456108321 0.997518162399736 21.653659312864267 -0.023567773675920105 0.9997100221026876 -0.004942848511179156 0.04705489686976384 -0.9972614509421192 -0.023162783372682273 0.0702359162483801 12.02887567773929
0.03957977828283371 0.008892324100376072 0.9991768450695682 22.3825490983271 -0.020410023789049627 0.9997589703343106 -0.008089015082800754 0.035582724884120634 -0.9990079439524053 -0.020073061753833686 0.039751730928534734 12.05236336402108
0.009255303200453702 0.012645112906638506 0.9998772127027628 23.112425668120036 -0.016385760142137926 0.9997877020288128 -0.012492307093161827 0.02112460076880849 -0.9998229074327273 -0.016268128089116506 0.009460538105419969 12.051691297363698
-0.02114668948356513 0.014612317189799821 0.9996695942711425 23.83763037438659 -0.013210084096373725 0.9998018161733635 -0.014893691772386352 0.003970230129030191 -0.9996891072738828 -0.013520671684084174 -0.020949468612802336 12.029184094832038
-0.05023330897092276 0.017205260999525275 0.9985893017971753 24.53399816884252 -0.007742324658728256 0.9998148520016137 -0.017615848712744887 -0.014216146608709228 -0.9987075002615685 -0.008616304946418851 -0.0500907996578181 11.98694780025203
-0.07849024310788244 0.022239360713971573 0.9966667911453154 25.271001681583527 -0.004206595162683482 0.9997348526678025 -0.022639101537490824 -0.036966060579580226 -0.9969060067498857 -0.005969522285860842 -0.07837587964211834 11.923077785799682
-0.10144560423279553 0.030245572760234457 0.9943812119656369 26.03927059659646 -0.0029169556239458452 0.999524400026577 -0.030699594808394168 -0.06614360846653566 -0.9948368111161404 -0.006014904813628786 -0.10130913171255601 11.84519577011223
-0.12154195032768367 0.0402749194891635 0.9917688668085342 26.766589475150703 -0.00429684963864909 0.9991457546677138 -0.041101070699769544 -0.09463615250212422 -0.992576995196708 -0.009256985990375673 -0.12126506841068563 11.758257610189037
-0.14502096096093026 0.05127177308794931 0.9880992491477698 27.5176246726181 -0.0053662700746596355 0.998601016963345 -0.052604297022767726 -0.13162878717866353 -0.9894140306400827 -0.01293113313641131 -0.14454294091498981 11.655583659577827
-0.16811562608913405 0.058702138918454924 0.9840178835524571 28.26164691221917 -0.002475949168388638 0.998197048426434 -0.059971011234353076 -0.1750341911302306 -0.9857641735934484 -0.01251844236132301 -0.16766717824449778 11.529233310617187
-0.19168351101794917 0.06325142126720182 0.9794165045125138 28.989037373394186 -0.0009491107339912215 0.9979087529532804 -0.06463141626209284 -0.22098614510580927 -0.9814563315770328 -0.013318351508661515 -0.19122262083876312 11.389164531336046
-0.2138072644577777 0.06331599884183745 0.9748217980511836 29.68279204007899 0.0004646234326954532 0.9979037894248892 -0.06471329984255401 -0.264713811413154 -0.9768757535071427 -0.013383248563295518 -0.21338849750571226 11.242762806102089
-0.23331612985257283 0.060658234800847255 0.9705071674652707 30.375445214111107 0.0021372984225304613 0.9980820588858152 -0.061867888970817575 -0.31701355404052256 -0.9723985888030026 -0.0123605129787418 -0.23299828800407935 11.082911953204578
-0.2507666834987537 0.059711256609755126 0.9662042414940645 31.064330450225405 0.0064989550471117735 0.9981771932406791 -0.06000045397708363 -0.3686271868091076 -0.9680257403759117 -0.008766796920454217 -0.25069764506557296 10.90443826792658
-0.2648110295089951 0.06108084238130967 0.9623638861389053 31.77086677540977 0.008008658844182816 0.9980967595797268 -0.06114507257307604 -0.4207836577334459 -0.9642670688320242 -0.008484645569429999 -0.26479620608244664 10.710954864637623
-0.2748703466318026 0.06419310017070201 0.9593359882924163 32.4823932356143 0.008898608647048285 0.9978958546455636 -0.06422365643084371 -0.4776062581999134 -0.961440121539901 -0.009116423184264304 -0.2748632087451249 10.511730384101659
-0.2827044767534408 0.06702912077615555 0.956862203136658 33.199332297501435 0.008905946858414383 0.99769584808453 -0.0672582993053322 -0.5356817225031029 -0.9591657119257957 -0.01049245838047987 -0.2826500404794161 10.299756206438134
-0.28982936832541967 0.0691729441658038 0.9545753197372762 33.91535729383312 0.0037836662275576374 0.9974597527869933 -0.0711317470612711 -0.5946589816344697 -0.9570708548095939 -0.01700427491970176 -0.28935485741298433 10.08906917513946
-0.2998790271098287 0.07012201279471494 0.9513965905032878 34.63309478044196 0.003954775674535178 0.9973776643843019 -0.07226447492841223 -0.6560189824125422 -0.9539690397748907 -0.017908040343176758 -0.29936996048708775 9.865918758306966
-0.3069782992745591 0.07231374827358304 0.9489652499354887 35.349881065651886 0.004002832897240849 0.9971984388489004 -0.07469438323002106 -0.7199622837464417 -0.9517080965838719 -0.01913100540853386 -0.30640774064759313 9.636174153222218
-0.3133250665137781 0.0737820627504768 0.946775374579642 36.03982224380294 0.0043735382863898595 0.9970787702253708 -0.07625482364231032 -0.7817620875914755 -0.9496358643485378 -0.019751789340388137 -0.3127324606766284 9.411816831903321
-0.31947362294042336 0.07632609281451683 0.9445162422113187 36.7566731756086 0.0030814249543004366 0.9968292078975289 -0.07951122626797187 -0.8461368836293702 -0.9475901588057845 -0.022491283601772688 -0.31869583162691884 9.173651608226733
-0.32114971049680774 0.07750801951739213 0.9438513497147251 37.48380017516534 -0.00044732402114326664 0.9966326759933181 -0.08199456715916151 -0.9132224806651051 -0.9470283329177839 -0.026754738886591672 -0.32003362416795156 8.935453737524883
-0.3207809349193166 0.0779977653878016 0.9439364069611889 38.18563196248612 -0.0001877016729837852 0.9965982437287477 -0.08241301696248081 -0.9785891211019981 -0.9471533965310854 -0.026613703073523 -0.31967507605120427 8.704730574179148
-0.32075584718456884 0.07749856297442498 0.9439860482198922 38.93559577537414 -0.00430902121020682 0.9965172567625877 -0.08327538238025016 -1.0523383039886027 -0.947152109659858 -0.030778721728914892 -0.3193047939753091 8.461248110746018
-0.3185186638888683 0.07731936972147874 0.9447579456243402 39.68850613146932 -0.008947977502282371 0.996378148812741 -0.08456073714859824 -1.1196614555118665 -0.9478743558368214 -0.03538784585657841 -0.3166731847071397 8.222508146359731
-0.31406117405023487 0.07741160834892939 0.9462415240555767 40.41328694271341 -0.013579962081249064 0.9962020555912179 -0.08600609900294395 -1.1853064746743918 -0.9493056218015673 -0.03986110044472335 -0.3118171404642081 7.995448831985688
-0.3123311244658421 0.07797529969957756 0.9467677230063685 41.19806429512276 -0.016330666450267744 0.9960376325235993 -0.08742050062813278 -1.2621660930082852 -0.9498329211093879 -0.04276549115284805 -0.3098201651656375 7.7451723482350445
-0.310370869230774 0.0776322030959552 0.9474403224348233 42.004788242909804 -0.020999906279050316 0.9958566764640489 -0.08847871991756014 -1.3401934688538102 -0.9503835686022801 -0.04735737518536383 -0.30745463331416517 7.4931128482814895
-0.3104368414265051 0.07784729676020594 0.947401058618927 42.81336876036341 -0.024757547045918524 0.9956409142046214 -0.08992348873378278 -1.4204110114242494 -0.9502715566349464 -0.051370890092678534 -0.3071563124887422 7.240157350068046
-0.31024318588086486 0.07618412763392546 0.9475996751324629 43.63861187356299 -0.028281294150550498 0.9956029300338892 -0.08930271053615899 -1.5039922789158708 -0.9502364621585837 -0.054504902573921904 -0.30672443916281933 6.984636138233159
-0.311609190715491 0.07690768855914012 0.9470928780759189 44.46007913821259 -0.029905139906272925 0.9954316757974248 -0.09067227484913554 -1.5865890306876762 -0.949739645833964 -0.05657725920916673 -0.3078857237215713 6.725124470543245
-0.31388752933411673 0.07626332033467124 0.9463923736485071 45.313057956675564 -0.03078394930078161 0.995427401930121 -0.0904247529833319 -1.6742965638852458 -0.9489609936103649 -0.05751689715362786 -0.31010456163663264 6.453089322325876
-0.31303129392488677 0.07594049024228691 0.946701880723532 46.19600439769073 -0.032719018013410046 0.9953441801706342 -0.09066106584795033 -1.7662512215996922 -0.9491790531211429 -0.05935490663971566 -0.3090891783512347 6.16906977883648
-0.31292689618855374 0.07673579288857099 0.9466722641609188 47.07192238886472 -0.03405855738297789 0.9951831908632638 -0.09192622744463651 -1.8588757204546813 -0.949166356499633 -0.0610084806643714 -0.30880607665043847 5.888332344709185
-0.3133342022689974 0.07670380558120461 0.9465401227089172 47.96405400005802 -0.0361600234863787 0.9950461472253578 -0.09260463051832916 -1.955803154494138 -0.9489542298709226 -0.06324311109783014 -0.3090083793503858 5.6039090494249795
-0.31489590069039064 0.07674013160526377 0.9460187756749833 48.87182590835 -0.0390316883018548 0.9948357983163905 -0.09369237800641515 -2.056365364055496 -0.9483233093395388 -0.06642805574000289 -0.3102744178528236 5.312986830383275
-0.31451231348776704 0.07714194029466509 0.9461136959753552 49.78802636529337 -0.03984812049238705 0.9947409599996877 -0.09435332422402541 -2.163579526097729 -0.9484166447072705 -0.0673761348436832 -0.30978431931866585 5.017083172759054
-0.3130920112400326 0.07762656562261581 0.9465450379180639 50.687352700428654 -0.04409583456952469 0.9943909670276991 -0.09613616420127423 -2.2636729639093285 -0.9486985558496904 -0.0718381584073184 -0.30791285962972803 4.733877664296825
-0.3120667792036422 0.07833890406546196 0.9468248736842985 51.55877088387841 -0.04595849613975093 0.9941831377119839 -0.09740485266005489 -2.363936544016731 -0.9489479131912552 -0.07391146595066864 -0.30665119150426506 4.460117731628518
-0.3111403818322358 0.07704800903053387 0.947235592182706 52.469606339981155 -0.0451770878844623 0.9943823542597445 -0.09572232898925884 -2.4691786931863122 -0.9492895730616504 -0.07257642758691768 -0.30591170071631923 4.169761704121339
-0.30795419938818325 0.07652493042213696 0.9483185889262481 53.36637671789976 -0.046191442536697915 0.994381865006582 -0.09524209774259927 -2.5775942784844985 -0.9502792019799035 -0.07313440756524249 -0.3026892741980115 3.888804437605995
-0.30575702831894847 0.07801069209434738 0.9489083051341298 54.23468406348072 -0.046602444703028476 0.9942169298194602 -0.09675178865565108 -2.6809193957504798 -0.9509683758050353 -0.07380398620215257 -0.3003533250014149 3.6191007760835237
-0.3039268587302729 0.07823743385823027 0.9494774186285991 55.150496081678 -0.048388973847898684 0.9940681827236748 -0.09740100259442047 -2.7897630433631666 -0.9514656965715035 -0.075547018734891 -0.29833819099802483 3.340966653175721
-0.30155618584107374 0.07943693809323404 0.9501334851731916 56.05231883130154 -0.050432905445315916 0.9937992055518006 -0.09909420312487384 -2.901072068144103 -0.9521136428123104 -0.07780046215146562 -0.29568006233036875 3.067115605544918
-0.3028854201185032 0.08183990552816259 0.9495065308584136 56.942030640456814 -0.053421667611129486 0.9932815645771089 -0.10265407396151816 -3.008242313421737 -0.9515285322623195 -0.08181664460482516 -0.29647847975245006 2.795348388605304
-0.30433938457862 0.08400198600220157 0.9488525730280721 57.8513819408244 -0.05715410388267833 0.9926991761531683 -0.10621560183979245 -3.120229933524955 -0.9508474890347427 -0.0865564094247632 -0.29731639810783705 2.5157851488043925
-0.3075021730883408 0.08563687643044368 0.9476859917405053 58.74745284816584 -0.06006720720834139 0.9922086914795787 -0.1091505527726377 -3.2357240320852756 -0.9496495901984786 -0.09048888300569914 -0.2999623607858869 2.2421866918940827
-0.31192839062620004 0.0850967774362041 0.9462870693353693 59.65253123786718 -0.06057848187561611 0.9921730582959903 -0.10919189496124414 -3.3542660796651815 -0.9481724139917775 -0.09138468614354851 -0.30433191170735063 1.9561243178806922
-0.31623370715105525 0.08467436788399932 0.9448949644722138 60.53877855126736 -0.05912291679310979 0.9923136924547256 -0.1087107008382521 -3.472519351115773 -0.9468372210530045 -0.09024293429578889 -0.30879684201479507 1.6741052657689934
-0.3204421629141846 0.08503416367311518 0.9434436979678719 61.39550929113807 -0.06027464147961338 0.9921141227574177 -0.10989328923907693 -3.585154244780116 -0.9453485007241421 -0.09208017394473803 -0.31278979162517995 1.3975525069701091
-0.32472266745467987 0.08707734343824408 0.9417922942458468 62.26948633273792 -0.06074682604852058 0.991776776593503 -0.1126439014542362 -3.7069465860484327 -0.9438564575009001 -0.09378892082511123 -0.3167627281804361 1.1121730131664493
-0.32941296215915533 0.08982717160556342 0.9399032820470813 63.11861008087484 -0.062061657766315476 0.9912514554112515 -0.11648563336468531 -3.8188741641029407 -0.9421440712528139 -0.09670383335948898 -0.32095625498929375 0.8274663671734606
-0.33496440086263296 0.09285475293222546 0.9376443062337835 63.94900582116155 -0.06323360458657427 0.9906735231335604 -0.12069582351153732 -3.9337091752468116 -0.9401065691748604 -0.09971943351240398 -0.3259688223960063 0.5452068019630215
-0.3388673853042028 0.09511591577881613 0.9360138127947953 64.757510019627 -0.06473103745048352 0.9901619691805149 -0.12405308371479197 -4.044358511692098 -0.9386047027197749 -0.10262668928754469 -0.32937664561744606 0.27112595992664895
-0.3413572417089549 0.09571964498732176 0.9350470486004197 65.56502747823934 -0.06406603046562152 0.9901181930736288 -0.1247457714112615 -4.162619265753817 -0.9377477151522324 -0.10248762514622797 -0.331851637661552 -0.009196119485510523
-0.3441450411546622 0.09281533103130712 0.9343176681269623 66.41575327747023 -0.062057958359814265 0.9906774461958758 -0.12127245112979683 -4.281858650597367 -0.9368633840922951 -0.0997171596284525 -0.33517680054378224 -0.3077603282338317
-0.34605387621438954 0.08831586337119046 0.9340487262632489 67.2188627973434 -0.05963923255704506 0.9914756456970892 -0.11584129630467345 -4.396761642472841 -0.9363171880815833 -0.0957932788171575 -0.33783690005157163 -0.5895086479818392
-0.3474768467793045 0.08749888312437729 0.9335972292184133 68.02057964830195 -0.0586986599985175 0.9916543505171203 -0.11478726590892878 -4.514817180805301 -0.9358495115491007 -0.09468682354190176 -0.33944085962190024 -0.8732685647200538
-0.3476935528548905 0.09226374220654864 0.9330576590850037 68.84949367167474 -0.05778968414684764 0.9911457890444513 -0.11954236598653904 -4.633372489012228 -0.9358255957759176 -0.09548521735585878 -0.3392831082697065 -1.1726410152971634
-0.347086311793748 0.09775831970064774 0.9327241838264512 69.65005793888771 -0.057884189338033076 0.9904230873760731 -0.1253456366098418 -4.7528612556280425 -0.9360451446325077 -0.09749573796712203 -0.33810363542581784 -1.4610177845597299
-0.3460072269897788 0.10192039572880551 0.9326795976139541 70.46262452889422 -0.05442057722278107 0.9902284091226556 -0.12839820302930202 -4.872055548909615 -0.9366522298300384 -0.09518366824670199 -0.3370796191606945 -1.755731766675933
-0.34333362120988214 0.10346478153668681 0.9334972220250445 71.27420398976658 -0.05323423310021669 0.9901722148933991 -0.12932556313170507 -4.99258444539593 -0.9377036530659041 -0.09409582262070146 -0.33445154386277315 -2.0431067553223783
-0.33981055574267177 0.1037122046806824 0.9347580247348125 72.0472530034941 -0.05382241238877977 0.9901278845163455 -0.12942148286833244 -5.109750642151038 -0.9389525728866758 -0.09428971790952703 -0.33087386564374216 -2.3129110537431363
-0.3377583152784793 0.10213562215011596 0.9356749623390872 72.86484735289302 -0.055172312255310246 0.9902373927878038 -0.12800750714397885 -5.228289458591847 -0.9396144615855198 -0.09485895114759597 -0.32882585507610584 -2.5916549835551774
-0.3354610888511551 0.09895963999240122 0.9368419543975237 73.66577891076244 -0.05829411254844981 0.990380919012396 -0.12548877120424115 -5.345504208271305 -0.9402487193870492 -0.09670897015652714 -0.3264654970778349 -2.856097914159527
-0.3357515593235935 0.09821964159870078 0.9368157729329704 74.45864031331138 -0.06212606115790221 0.9900741885771505 -0.12606924144414589 -5.461867485300977 -0.9398995919441505 -0.1005286184005357 -0.32631695319995163 -3.1148311516780547
-0.3350007748644641 0.09665122070665119 0.9372475779515907 75.26304905423078 -0.06790410596244298 0.9896617846001856 -0.12632729117422517 -5.5778292655987665 -0.9397677975083261 -0.10596269927616203 -0.32497444996254665 -3.374764215190507
-0.3317657104482802 0.09594859386046822 0.9384697015391319 76.03708024460637 -0.06865625712423573 0.9897202635751332 -0.1254596278747081 -5.694512097509395 -0.9408601552454219 -0.10605501970660478 -0.3217677750592699 -3.627264953295404
-0.33009752770909095 0.0979394224231982 0.9388522203924089 76.8080409850951 -0.06776850510569596 0.9895775086240632 -0.12705819194814344 -5.812906880715903 -0.9415110471556271 -0.10556620652842623 -0.3200198808247896 -3.88491850496177
-0.3264902473953816 0.09914750184293844 0.9399861122559244 77.62395837350984 -0.06968269563295837 0.9892522090021636 -0.12854722444947808 -5.936233945187191 -0.9426284741535381 -0.10747018127203715 -0.31607233325985445 -4.150376192420175
-0.32047325273902033 0.10095340030024276 0.9418626785506956 78.39073342109505 -0.06827094153460582 0.9892573878565434 -0.1292629069502425 -6.048670435018833 -0.9447941430919491 -0.10572715610980729 -0.3101383491928755 -4.402271950543396
-0.31203057864081196 0.10287803342172892 0.9444855892137041 79.17836266262496 -0.06661615761389565 0.9893040850434703 -0.12976792693521397 -6.165661141979455 -0.9477337207981158 -0.10340956220572664 -0.3018397868184035 -4.64938219024134
-0.3035202327482518 0.10292626501046169 0.94724951954775 79.95838635718457 -0.07191314929036842 0.9888384212153286 -0.13048783731642427 -6.275349191433333 -0.950107345130848 -0.1077253948675642 -0.292730715896093 -4.886202524494066
-0.2954282352276528 0.10329383194213057 0.9497644666510671 80.75530996325516 -0.07464525281579618 0.9886030774009487 -0.1307365350062497 -6.393044017733251 -0.9524443522129474 -0.10951867254530329 -0.28435086829755607 -5.121267919464809
-0.2844651344672662 0.09973214029143368 0.9534847075152333 81.55405199991826 -0.07809292279910943 0.9888583590878619 -0.12673058459090966 -6.508920330194841 -0.9555004357305195 -0.11051084044088691 -0.2735073517546398 -5.344171940702849
-0.2737532068771613 0.09980700516425171 0.9566074134380378 82.291985725826 -0.0826197172838634 0.9884845802525375 -0.12677624745550392 -6.615856199145162 -0.9582448351232604 -0.11374003834669527 -0.26235479724313726 -5.542294686848386
-0.26370264299265705 0.10005931754686591 0.9594003591049687 83.07405245291707 -0.08535621895578084 0.9882832428500852 -0.12653279332762937 -6.729885763246071 -0.9608200830354559 -0.11525781914375799 -0.25207221814782504 -5.749790717366333
-0.2497352901596419 0.09995027145787108 0.9631418525245269 83.83730632139547 -0.08727003990540702 0.9882873339311605 -0.12518820122578472 -6.844722854707399 -0.9643734883248235 -0.1153173396620681 -0.2380875599217127 -5.939279554361713
-0.23792851018959787 0.10260449017330682 0.9658479914744528 84.5868799786828 -0.08860524832384632 0.9879653984506556 -0.12678123454875817 -6.958072157923883 -0.9672327196742406 -0.11574407138386608 -0.22597383904128937 -6.115563158611179
-0.2267120867848234 0.10869690800975718 0.9678773744099969 85.36510519451495 -0.08907863525697171 0.9872737185361953 -0.13174065973900806 -7.07758896147479 -0.9698796968936025 -0.11608439549238342 -0.2141443127349914 -6.289896587984591
-0.214347209125898 0.11103403078170931 0.9704260497061612 86.16838171292717 -0.09500340284983053 0.9864372511732069 -0.13385030050321253 -7.1963789840779135 -0.9721263433252343 -0.12088421528973049 -0.20089146101040423 -6.452740327736423
-0.20355272737843016 0.11053620146114919 0.9728042122356085 86.98472855619113 -0.09837026978968237 0.9862694329736108 -0.13264952168559577 -7.312193877274972 -0.9741096330487179 -0.12269618473470348 -0.18988435705249646 -6.607363332122722
-0.19165490547943553 0.10959976645527321 0.9753236839114585 87.77349231962383 -0.0998435906421201 0.986412694874459 -0.1304655234082801 -7.427733359822193 -0.9763706543179991 -0.12238417619715919 -0.17810799758344753 -6.747834699985624
-0.18261199247014576 0.11079318377389644 0.9769225816999664 88.52892944975046 -0.10253797814320911 0.9860657792948557 -0.1309971066166434 -7.539022484847344 -0.9778235133419458 -0.12409330897704793 -0.16870692760743627 -6.866879331127456
-0.17656392174369878 0.11583732005179974 0.9774491786388191 89.3284014147374 -0.10506299898168452 0.9851595305062846 -0.1357293840611232 -7.660074655136324 -0.9786659020234942 -0.12665865440566718 -0.16177341401072726 -6.990416683647313
-0.1729738670535273 0.12130606382882607 0.9774276854043504 90.15872133428898 -0.10854853087233797 0.9839933357502484 -0.1413305757596579 -7.790385454988475 -0.9789265844597368 -0.13054483550664148 -0.15703753742509524 -7.112655726113016
-0.17140958118462368 0.12428793414832019 0.9773286371038429 90.9450921696375 -0.11184733660482142 0.9831420959053684 -0.14464367443205878 -7.916120818035294 -0.9788303881533919 -0.1341049167030891 -0.15461870049750726 -7.225136738324826
-0.17074708292905888 0.12509310137010915 0.9773418796208545 91.74703449165025 -0.11613963435310509 0.9824383802420464 -0.14603566126022668 -8.045255260643286 -0.9784462269351056 -0.13844329170094236 -0.15322022053065848 -7.340697251181168
-0.1684232266654735 0.12594726079941035 0.9776353636283397 92.5293917703123 -0.12022693455467794 0.9817738084366688 -0.14719264001757884 -8.170223893576367 -0.9783553040318103 -0.14232876225445326 -0.1502112595910825 -7.451987332709702
-0.16737526443149875 0.12432046488099661 0.978023487891911 93.29179421457621 -0.12561225978124654 0.9812437701256682 -0.1462266178991139 -8.292603055710648 -0.9778584156457082 -0.14732645927102744 -0.14861976096578733 -7.556827352902691
-0.16440538693446732 0.12228262651080324 0.9787838515221567 94.04232873728508 -0.12767644377132456 0.981300373135968 -0.144042713766153 -8.414599053605134 -0.9780948800872213 -0.14864903947496425 -0.14571845665643962 -7.660732988865313
-0.16254100167473795 0.12028497118136929 0.9793426103680317 94.77437319663181 -0.12952136430176253 0.9813522062158799 -0.14202838992481545 -8.529730043344456 -0.9781639121149294 -0.14993122777834664 -0.14393049702163396 -7.758365880326836
-0.16166964089014996 0.12064869481897876 0.9794420961205044 95.53297396485247 -0.13620952800724473 0.9802708827700732 -0.14323393757495312 -8.647812205960365 -0.9773995558084185 -0.15656592487402515 -0.14204653981652476 -7.855114470634457
-0.16133402516485817 0.1208693920795423 0.9794702253679929 96.28468432849012 -0.1443061479208752 0.9789152872015738 -0.14457038477952114 -8.768023090657316 -0.9762925114925053 -0.16466769732215905 -0.1404901472071064 -7.947806794232518
-0.15802646814368448 0.12236303842503041 0.9798239240768862 97.03174909745815 -0.14692121826691537 0.9783329738587324 -0.14587236847221824 -8.893627455054745 -0.976443439728589 -0.1670086198018645 -0.13662477785115623 -8.04470291760819
-0.1558250773040072 0.12330705846165366 0.9800581179790997 97.83789017623921 -0.14807268828581413 0.9780509525074748 -0.14659745319422812 -9.029671227098683 -0.9766232765334915 -0.16796339968206203 -0.134146457650702 -8.147078729936238
-0.1517426760933186 0.12115057878287072 0.9809672255037951 98.61797008317868 -0.15303786217559923 0.9776120955324838 -0.14440915278924715 -9.15483105453309 -0.976500677415413 -0.17203815835203906 -0.12980484997902908 -8.242925629890157
-0.14727766486718752 0.11864723235323749 0.9819532186851803 99.41765322584905 -0.1554553060569437 0.9776640534480046 -0.1414448529086839 -9.282169301949274 -0.9768024044042942 -0.17348150578817942 -0.12554373699812948 -8.333007736804044
-0.1420003103307746 0.11732878918077921 0.9828885323857105 100.17726325151318 -0.15728405046693833 0.9776612686172292 -0.13942801481217365 -9.399769425442656 -0.9772909696373323 -0.17439151090326155 -0.12037425634329085 -8.41478159569198
-0.1386477448999764 0.1208471774408427 0.9829408743860093 100.93430161950405 -0.16022891868363512 0.976713067830266 -0.14268243321118107 -9.51740697592363 -0.9772939662412861 -0.17727815103438882 -0.11605585170168836 -8.495875643042021
-0.1360450323372735 0.1234998619293245 0.9829748385791918 101.71949745560246 -0.16033246683880975 0.9763753423620104 -0.14486093643508263 -9.642961603342192 -0.9776427001996856 -0.17731039149160116 -0.11302997750757515 -8.578714535578776
-0.13301885308670963 0.12494692515467982 0.9832061079030618 102.50698846891632 -0.16145655117002566 0.9760383757389319 -0.1458796461785827 -9.765017574637618 -0.977874105806968 -0.17814981049470255 -0.10965800569463374 -8.658023414102203
-0.12972301553385196 0.1255716846005513 0.9835668209467948 103.30353844418318 -0.16233362975353743 0.9758748998647944 -0.14599990570174917 -9.894419771630872 -0.9781716270122774 -0.17860552018472972 -0.10620892743878313 -8.734823153805912
-0.12296638316965758 0.12592898957818238 0.9843887231139897 104.10724865858766 -0.16306228501195885 0.9758714870209536 -0.14520858110384427 -10.026395726154602 -0.9789228569283955 -0.17837244855450923 -0.0994651184074965 -8.809781224412054
-0.11678089341583997 0.12601354143352217 0.9851308594843531 104.87520591218153 -0.1633082717070461 0.9759795925602539 -0.14420209186408653 -10.152054304554541 -0.9796390311359873 -0.17772006718798763 -0.09339671511162118 -8.878861742350868
-0.1121440335704717 0.12691800538630288 0.9855534159259496 105.64890001731455 -0.163674762757184 0.9759037928649947 -0.14429954645839196 -10.278692522225045 -0.9801195272878329 -0.1774925547184458 -0.08866851328738451 -8.94273585589026
-0.10623024937327608 0.12738279816194684 0.9861484456462549 106.44017042341521 -0.16930110900731196 0.9749618513466162 -0.14417532003665937 -10.400703267191112 -0.9798225699620243 -0.18227180569471405 -0.08200439160070983 -9.0015591504615
-0.10123938956950279 0.12784820447089543 0.9866131068525104 107.20615184458657 -0.1740584267514406 0.9741360997409443 -0.14409206521635717 -10.52090670125975 -0.9795173556790142 -0.18631611791541183 -0.07636788676218892 -9.056107365505554
-0.0982643074618949 0.12842641400216226 0.9868387822058777 107.98399619183917 -0.17577190376994406 0.9738075176267735 -0.14423299365495745 -10.648399397357377 -0.9795143509536366 -0.18763148669700058 -0.07311676603727485 -9.109250548978464
-0.09455422997090523 0.12826369803893073 0.9872223262062032 108.77838991092499 -0.1796621372753916 0.973183910113939 -0.14364746264721465 -10.772589223873931 -0.9791736383421723 -0.19094894831007206 -0.06897452511637847 -9.159232717698613
-0.092565451710649 0.12963832430736327 0.9872312505286603 109.54263309888248 -0.18243384193972767 0.9724959092502096 -0.1448088388418297 -10.890240574079701 -0.9788511278354407 -0.19350868549599382 -0.06636910556048325 -9.20690067627453
-0.08947962460766529 0.12893733667542137 0.9876074928791908 110.3398338631794 -0.18509590062210887 0.9721586974768694 -0.1436905511610546 -11.014741688864456 -0.9786382908679602 -0.19565947493317642 -0.0631226228535538 -9.24867483881534
-0.0853794702500818 0.12794020384732233 0.988100020392329 111.12040017193401 -0.1868318310623591 0.9720737433973958 -0.14200881768136728 -11.136439227239702 -0.9786747227560858 -0.1967331737071288 -0.05909183870399687 -9.287048706667651
-0.08270520685411897 0.12736903072706346 0.9884012235781914 111.91389949707374 -0.1879573860086874 0.9720059685191142 -0.14098375157442772 -11.2637413815763 -0.9786888523958974 -0.1974374006485778 -0.05645000461589267 -9.323632867946705
