1.0 0.0 0.0 0.0 0.0 1.0 0.0 0.0 0.0 0.0 1.0 0.0
0.9998572314307232 0.00015330156071381712 0.016896545632784175 0.01051632221788168 -0.00014952344433138634 0.9999999635390181 -0.00022486596513276874 0.012608504854142666 -0.01689657948902293 0.00022230743164033134 0.9998572178971241 0.1264496147632599
0.9992592648440918 0.0027067553445621634 0.03838743412563755 0.01973576181368286 -0.0027441377041293622 0.999995810576253 0.0009211613343700542 0.024175706800762913 -0.03838477994604441 -0.001025819403134367 0.999262506232995 0.28994450208055694
0.9981043319666975 0.0037639795573701624 0.061429430790170006 0.037382171321166446 -0.003912184398951737 0.9999897195620633 0.002292505924649824 0.03033464930525997 -0.06142017032328376 -0.0025284833552260974 0.9981087963991606 0.48867135220825886
0.9961139177247241 0.002789927079271345 0.088029990469125 0.07138169316264281 -0.003109873898046272 0.9999890477407275 0.003497582440998878 0.038614769075387925 -0.0880192683418815 -0.003757752717473789 0.9961116843482334 0.702148027910372
0.9925769248270573 -0.00028415853753071114 0.12161812181902763 0.12948599824829277 -0.0003171074649427052 0.9999878242895182 0.004924501555634613 0.04886583300759107 -0.12161804037114714 -0.004926512624698989 0.9925647493889962 0.9904463667675673
0.9875204474598862 -0.0031990471073297965 0.15745834987777388 0.19596204311775522 0.0022842929922979034 0.9999794499878727 0.005990125831507742 0.052655519338761926 -0.15747427680148815 -0.005555690736266957 0.987507461463604 1.2606056834298838
0.9806871796893909 -0.003128471025404319 0.19555783866138374 0.271374289952216 0.001852035994541812 0.9999757748961287 0.006709663446272413 0.0606909231841946 -0.19557409224011116 -0.0062179007655742075 0.9806692164815445 1.5583728452651213
0.9714402559523139 -0.0043355394805187995 0.23724466740627867 0.36717374090507005 0.0022236586306185625 0.9999554953166434 0.00916857286281329 0.0681145479176069 -0.23727385961710448 -0.008379169616322579 0.9714066630711071 1.882791555796504
0.9598900004845015 -0.00850371696666 0.2802478791491821 0.4814871632875294 0.004873128042416827 0.999894970582758 0.013649191418821975 0.07311757844243377 -0.2803345137384012 -0.011736038558916358 0.9598306234987493 2.2111443597093676
0.9469465720746791 -0.014641464041789572 0.32105734248997947 0.6011288688058204 0.009181788626257018 0.9997864624726088 0.018512812161577803 0.08036260328421518 -0.3212598393724894 -0.01458276336021773 0.9468787982731173 2.4980793758014213
0.9323943660073847 -0.018390607339014774 0.3609744198684859 0.7378331447002167 0.011417353037558961 0.9997049171347641 0.021441145169761026 0.08882783402818333 -0.36126221818411 -0.015870230567865087 0.9323292044628978 2.7805909280399965
0.9141766252389549 -0.020130423577704077 0.40481583950396216 0.9167431581098214 0.010478997203736639 0.9996058847821444 0.02604353521529296 0.09716483896676223 -0.40518056281652937 -0.019566327082218078 0.9140272809715212 3.120976194152947
0.8936031127161219 -0.023155553142535694 0.4482603008328101 1.1099578365181852 0.010469748444784883 0.9994720298093321 0.030757860723998987 0.10843629545483566 -0.4487358480348558 -0.022792147495951324 0.8933737497268218 3.4446896462866254
0.8692106871910927 -0.029388723913073674 0.49356770982262355 1.3395102808896056 0.013510406654438086 0.9992709675286394 0.035707175279046446 0.12229976655090254 -0.49425727125133945 -0.024368757890749417 0.8689740579867974 3.7940843138112346
0.8421032325849684 -0.03508485596979645 0.5381739482281963 1.5665478851393 0.01642198270173518 0.9990871145711425 0.03943673391715929 0.1344991464936253 -0.5390662892020707 -0.024371917845905137 0.8419106517121767 4.097276009578899
0.814850726182158 -0.04068181109277422 0.578241544933103 1.7953971798538464 0.019354989819427987 0.9988875183929317 0.04300127867750969 0.15360234784945384 -0.5793476317458283 -0.023847763941779593 0.8147316157763105 4.360490829021145
0.7834913358426889 -0.04446706276490769 0.61980965383616 2.073518673762647 0.020589772705347294 0.998746380809605 0.04562595839714134 0.1731433664461505 -0.6210615009154737 -0.022985803200612696 0.7834247027837722 4.664692650715058
0.7491222742469156 -0.0477721711099756 0.6607069228444399 2.358943374885813 0.021479174639546874 0.9986234872825862 0.04785160085483776 0.19739275357850966 -0.6620834262265846 -0.021655260677398362 0.749117204715698 4.949303950749566
0.7110410803751539 -0.04893295309769127 0.7014457556504802 2.6869670513702526 0.01837028008679785 0.9985278528996331 0.051035867712632146 0.2270040058714197 -0.7029104600363169 -0.023402843519278516 0.7108932353643166 5.251328515451283
0.6723368571027543 -0.05163550655255639 0.7384422286436846 3.0191351145338166 0.017094977949795972 0.9983811977247079 0.054247080646556055 0.24974497675492388 -0.7400479121719666 -0.023848658093043158 0.672131184514656 5.51926266708485
0.6370156357864568 -0.05356196550479294 0.7689877733844928 3.3612644997283083 0.0167485363054335 0.9983092623449128 0.055660607686065414 0.27683681747616384 -0.7706689083485867 -0.02257725775243485 0.6368356939880006 5.769600733947218
0.6016190626917157 -0.05677746550883046 0.7967627142483107 3.7555081870756144 0.017260670328803615 0.9981617709788972 0.05809602581994827 0.3042879231976574 -0.798596627006239 -0.021199018058988144 0.60149316618528 6.036469144233271
0.5686798178343062 -0.057797703855606286 0.8205258620037276 4.178345986045516 0.015603093350033816 0.9981068021496406 0.05949247835254763 0.3393117813518373 -0.8224109728510743 -0.021029430131077068 0.5685050173943161 6.309030475727156
0.5371640739009202 -0.05879801808224802 0.8414259033211222 4.598975350642304 0.01601121389829494 0.9980984221079543 0.059524623603303656 0.3712804134814788 -0.8433257963205383 -0.01850223919452894 0.5370840422178997 6.563518932986652
0.5007965027624186 -0.05934743259863774 0.8635280800673949 5.075537702364735 0.017063146190124567 0.9981296828397705 0.05870251507621898 0.40560406130607685 -0.8653968522377612 -0.01466350838406106 0.5008725083879582 6.813296293243674
0.4685390839337307 -0.058142290759427034 0.8815274249005456 5.564198343684789 0.018053087568050987 0.9982537254371616 0.05624576144109476 0.44220867364795335 -0.8832582933976907 -0.010439045745397654 0.4687705339162486 7.063407005310949
0.44259506407803545 -0.05648407958314436 0.8949408684418231 6.11394676566143 0.018957268282486357 0.9983805196848083 0.05363729945810003 0.4841400699538608 -0.8965211828133374 -0.0067739698506175915 0.44294907393450705 7.328987243823394
0.42001209949698676 -0.05723706866145091 0.9057117390467995 6.687560856977012 0.020276407426949607 0.9983518424814478 0.05368860135778218 0.5230805660957922 -0.907291961596701 -0.004185281943054894 0.42048041552142174 7.588552603686136
0.40405891920477666 -0.058524212263499 0.9128588644418177 7.292111978468691 0.021670199292506083 0.9982835594798782 0.05440898211515942 0.5653878179152734 -0.9144762393160858 -0.00220260099009836 0.4046336074465239 7.854250492661677
0.39392885867339406 -0.06105181084802099 0.9171110787120907 7.908513013529306 0.024437874039667858 0.9981345288441751 0.055948660765367045 0.607597675081168 -0.9188160015023131 0.0003724529423440488 0.3946859722134894 8.105138644130434
0.38471459530680924 -0.06280366521460301 0.920896508731318 8.563011849500803 0.02508118500691227 0.9980254557058117 0.057585796181492746 0.6469443962666293 -0.9226947568489633 0.0009430794343264146 0.38553014964411475 8.374393751502764
0.37675744465964134 -0.06429598195779906 0.9240778401182552 9.195822860935447 0.024947875723634723 0.9979306086233835 0.059263005909603275 0.6884974296894241 -0.9259759345633207 0.0007260004448836795 0.3775818342199988 8.628479979292162
0.3661036179285132 -0.06603413861150012 0.9282282227326911 9.870334980804596 0.024260394968620924 0.9978173637227742 0.061416137043121946 0.7319399857761022 -0.9302577998466982 3.451333383579572e-05 0.3669065611749265 8.897407913279416
0.35659430592250535 -0.0673973126391382 0.9318251462762038 10.549640999535344 0.02366535839332788 0.9977261137889943 0.06310746925385355 0.772140276406702 -0.9339595557601849 -0.00045178815056221705 0.3573784326056974 9.156591259961202
0.34514197843093586 -0.06910306865170857 0.9360030879370522 11.212664770887043 0.023975357822350597 0.9976095231603377 0.06481065897747448 0.8102911179456356 -0.9382442096501689 7.212989321768448e-05 0.34597369532264854 9.399215190978557
0.33263983328348296 -0.06968568449016335 0.9404757555037101 11.917927597596861 0.02318349288406528 0.9975689962126516 0.06571623431829732 0.8571277392095418 -0.9427689361507577 -5.632424230054417e-05 0.33344674215944675 9.645328289584006
0.32395922948977446 -0.07248925037077153 0.9432898421000172 12.62500193154111 0.02110797241351945 0.9973658814826516 0.06939561913351466 0.9015042189214104 -0.9458355412697187 -0.0025704153394589743 0.32463598358161244 9.894194296069337
0.31539228203993186 -0.07574758244127236 0.9459334079013949 13.365058575026392 0.019460567459874022 0.9971158155384494 0.07335759481630122 0.9513698344695991 -0.9487618219257054 -0.004728018337060297 0.3159567234588001 10.153214505682202
0.30282202837844163 -0.07945828901264632 0.9497290136854559 14.128270430066587 0.019098788594600194 0.9968242497519577 0.07730880532426751 1.0036486445416886 -0.9528557369313495 -0.005272135585272085 0.3033778983106473 10.400579723575108
0.29315060931474185 -0.08192119987611085 0.9525500707412993 14.877136828381154 0.018375607685479946 0.996620959860214 0.08005622655043984 1.054662259174582 -0.9558896679536741 -0.005964845191982163 0.2936653934689118 10.62987608139217
0.28074031555201273 -0.08234042662531076 0.9562452244936537 15.613358556000772 0.01670994797205015 0.9965815018701942 0.08090789682669638 1.107103500174912 -0.9596382927241534 -0.00673530053596607 0.28115650955324245 10.841438411334535
0.2684421520946347 -0.08131927535387376 0.9598572739916711 16.370871769825534 0.015251089776597254 0.9966643382074105 0.08017232194598577 1.1604341314940212 -0.963175069880563 -0.00688276118323744 0.2687869274333618 11.051489625336766
0.25429470031610585 -0.08103693541310719 0.9637256977428762 17.11935724498217 0.01484362256784464 0.996692973185048 0.07989232799594942 1.2122953114953625 -0.9670128604419929 -0.0060110150890580125 0.25465662260658734 11.24703542321905
0.23529126466637146 -0.07989760814974933 0.9686353250752572 17.93401407655569 0.012602684217671113 0.9967824157353948 0.07915799410811612 1.271605226323928 -0.9718431936903246 -0.006417779418147154 0.2355411195208404 11.453144496293355
0.21487057993973896 -0.07937337862616067 0.9734117836978493 18.73518746729331 0.010157420680643361 0.9968196995736489 0.07903994779234685 1.3305853525103621 -0.9765897094898537 -0.007096006438033785 0.2149934557402962 11.633804967069487
0.19335368709657041 -0.07966365445998744 0.9778895918477918 19.51471780968559 0.007172781998315052 0.9967863020538033 0.07978483086594977 1.3869791780120495 -0.9811029012721172 -0.008412502361562144 0.19330371677608926 11.793405797405496
0.16240401750991046 -0.08000518710191104 0.9834755234033175 20.318745520609397 0.003900355022105617 0.9967517308665852 0.08044112284875503 1.444228192088443 -0.9867166373013798 -0.009228057826821984 0.16218853418599782 11.93701314188138
0.1302952280587265 -0.08012888639308541 0.9882320148176381 21.125374315142576 0.0026738165947765916 0.996753661722744 0.08046731353238357 1.5005311154167937 -0.991471635625519 -0.007842155807266056 0.13008649561869445 12.048912711218735
0.0955763154673352 -0.08009591515399812 0.9921944427869631 21.933546385482092 0.0009941134610706448 0.9967646768316919 0.08036909081879379 1.5585981731234624 -0.9954216089979739 -0.006695027726345941 0.09534671962699354 12.132661456405295
0.06343403528519892 -0.07911606543014499 0.994845099177902 22.773377985377024 -0.0020314857096676298 0.9968404253284291 0.07940427883211576 1.6212821258533978 -0.997983965919918 -0.0070579474275449874 0.06307288755766977 12.192708430127231
0.03075309019268957 -0.07677945881414873 0.9965737113469363 23.550811820744105 -0.005740184354025138 0.9970152934953429 0.07699061514221825 1.6813342667088722 -0.9995105290726968 -0.008088216156965734 0.030220572996157657 12.22193620844588
-0.0015498049146993598 -0.0738846023508867 0.9972655933301707 24.37892659667506 -0.004954353809678444 0.9972551189330696 0.07387612699727517 1.7394941844269007 -0.9999865261507551 -0.004826313006877234 -0.0019116013456652592 12.216741233743262
-0.031736983906052285 -0.07054301143170802 0.997003734893051 25.210021417128132 -0.0028157256662828464 0.9975085756201247 0.07048910024452544 1.7929006652233557 -0.9994922888854719 -0.0005701775657056124 -0.031856543378470215 12.188184204830593
-0.061885044934448574 -0.06611688991046819 0.9958909569235121 26.036020589237243 0.0005687687359124116 0.9978009649176081 0.0662790382520415 1.8488100705309696 -0.9980831216464823 0.004668112901115611 -0.061711352329665514 12.130211097179975
-0.09053890328374753 -0.06336010729941696 0.9938753462055404 26.84853266327526 0.002339218271443559 0.9979578232943553 0.06383346288171274 1.900375429232878 -0.9958901721826835 0.008104303091495374 -0.09020579372383136 12.050163259093232
-0.11482748919984204 -0.05991988200768929 0.9915766513307204 27.608037788252787 0.007129179103500142 0.9981037466198706 0.06113988705164251 1.9435584262906522 -0.9933598655720749 0.014089667262287657 -0.11418256761462159 11.955820581469677
-0.14037267208153442 -0.05179401061376653 0.9887430876609107 28.41518297010466 0.010095734516416724 0.9985039992657596 0.05373862293414734 1.9880520569786566 -0.9900472660824151 0.017525521813214987 -0.1396397758803361 11.831638513857088
-0.16487302107762042 -0.03935255991176401 0.9855294328172698 29.234605710262276 0.01147534448727914 0.9990595701898193 0.041812578024222856 2.0285358966867006 -0.9862480435416016 0.018203055801828343 -0.16426638539226063 11.699573726775181
-0.1864937277595346 -0.024325106930849195 0.9821549667334353 30.043662626002092 0.01161179975350174 0.9995690349764421 0.02696127635607875 2.060224074350748 -0.9823875282254133 0.016432695733415943 -0.18613089721509385 11.551885929428433
-0.20974840205699735 -0.010360500811663254 0.9777005000804019 30.84446597454676 0.010479109362539664 0.9998626075082588 0.012843456456636392 2.076413839755138 -0.9776992360135627 0.012939324932820358 -0.20961101538034393 11.389184400503115
-0.2341528077442941 -0.0003071285779109017 0.9721997574045675 31.66031500733854 0.013257802730421174 0.9999059543616422 0.0035090025498084867 2.088301840345105 -0.9721094039727343 0.013710875397652623 -0.23412671484391773 11.197422711846132
-0.25908786038990517 0.0038643602083946616 0.965846026713762 32.47361706241048 0.01543418432085839 0.9998808761265958 0.00013968056810798133 2.0900506401687795 -0.9657304316179184 0.014943235141398059 -0.25911664008816215 10.9811381517793
-0.28381923083343885 0.0032279504543036826 0.9588723713534455 33.2510790626703 0.016430793294328627 0.9998638840728932 0.00149745062934488 2.092471356259688 -0.9587370198552021 0.016180039015182893 -0.2838336363023821 10.752480843377501
-0.3055314077101548 -0.0013600715719601988 0.9521810274879302 33.99919028014582 0.01722403637897515 0.999827466105125 0.006954897024471241 2.0899267341161365 -0.9520262031443604 0.01852534013518791 -0.30545526726414246 10.515060396813766
-0.32521603581494724 -0.0038644924710226902 0.9456318500065197 34.750257036669716 0.02159244009742177 0.9997005823154319 0.011511396475927874 2.0886599760239095 -0.9453931968125489 0.024162189804075314 -0.32503521656033146 10.251074161696557
-0.34158669098086397 -0.004191568525006633 0.9398409244643713 35.5070285892336 0.02317020677512497 0.9996485675812168 0.012879551654443423 2.0921278388762965 -0.9395646194183462 0.02617579198652253 -0.34136952683439187 9.975912680413034
-0.35408196897985433 -0.0011647296807164881 0.9352136668420326 36.26786369819586 0.02525089488170059 0.9996227487500056 0.01080520657629704 2.093472625488356 -0.9348734414620103 0.027440910813127245 -0.35391898064772287 9.68536984976668
-0.363188775176501 0.001410200787811811 0.9317145082693147 37.04286068011838 0.026261435265172023 0.9996170418377672 0.008723914564262199 2.0954636194505976 -0.9313453981223111 0.02763658808987502 -0.363086722967316 9.376646118395474
-0.3721374062660476 0.0028062192967832685 0.9281734083622721 37.821062376318935 0.022152185716204163 0.9997374418844964 0.0058590069327825785 2.0916447042865207 -0.927913267242997 0.022741425362143755 -0.3721018624609726 9.069901563890337
-0.3818494106230423 0.0011730208204197064 0.9242238103560145 38.60343732714672 0.02137129402843055 0.9997430178208189 0.007560827340450293 2.0893444614726486 -0.9239774322992882 0.02263895626296835 -0.381776351102236 8.743107048438937
-0.3905783647595323 0.0008123262365584711 0.9205693244443112 39.370717862473555 0.02140107670019995 0.9997373601366801 0.008197845022596366 2.087490812980647 -0.9203208869181674 0.022903075623761718 -0.39049316796729033 8.415402805662673
-0.3971512837960989 0.0025938079613649304 0.9177494919308702 40.12527021562629 0.023820788342545182 0.9996882392857621 0.0074829323445182155 2.0853114974780986 -0.9174439644042847 0.024833372585948393 -0.39708925417865104 8.084751097534822
-0.40238778113671786 0.006185673571030011 0.9154484207394439 40.879834811301784 0.024712177108103042 0.9996861693912311 0.00410743599647306 2.091942714304471 -0.9151357177459783 0.02427550556342824 -0.4024143609952227 7.7548165702988285
-0.40363901978828604 0.00706494771051203 0.9148910471844172 41.639157917480325 0.0239778405969793 0.9997084026533083 0.0028588152575638355 2.0890964070247082 -0.9146040700022373 0.023091041081310285 -0.40369072191112304 7.422918431314974
-0.4043390793010362 0.007212440881833726 0.9145807179503167 42.401191568271855 0.025747850276876073 0.9996623427703217 0.0034998075763942923 2.0897050163620876 -0.9142466610035338 0.024963596365072636 -0.4043882561356249 7.0875565868512895
-0.4025263492660548 0.006046946265512448 0.9153884271648863 43.189440751880184 0.02353452319902946 0.9997160106516981 0.0037448984563378494 2.089880514577059 -0.9151058214022773 0.02305065047923686 -0.40255434806762136 6.7470399825167355
-0.39629723981977066 0.005374922289945539 0.9181065340806633 43.99892794485183 0.021922734049013022 0.9997531505101309 0.0036099552467790154 2.092079733304093 -0.9178604967221584 0.021558020675482917 -0.3963172470401813 6.405175514497486
-0.3881948815400073 0.004688521435934286 0.9215653811384653 44.79949397372314 0.02143492683835728 0.9997624710247761 0.003942770836404277 2.094379192345204 -0.9213279968922979 0.021284249979243195 -0.38820317212156724 6.070954234811803
-0.38200896740461204 0.0037414287197921206 0.924151043138294 45.61991377798725 0.018799624116959596 0.9998163387521808 0.0037232911846368493 2.0971208541560813 -0.9239673819759675 0.018796022859085854 -0.38200914461457275 5.74028370617312
-0.37656467328665516 0.0021459419953629277 0.9263878462962839 46.463959186417526 0.01557779489309589 0.9998705936115642 0.004016010100477706 2.0964355757811663 -0.9262593476660753 0.015943367392462646 -0.3765493724565289 5.4128733320476705
-0.37548582220835397 0.00037570490229660476 0.9268280618142413 47.336399529867506 0.012519205030203586 0.9999107423083049 0.0046665749610023625 2.099373121212716 -0.9267435820257557 0.013355383269727577 -0.37545701073730214 5.073043516679898
-0.3747454709924501 -0.0009080246076371866 0.9271272876266554 48.20949794753346 0.009848401576157018 0.9999392015135882 0.00496006681031589 2.101283777167651 -0.9270754235535756 0.010989484413746378 -0.374713744444047 4.731960820702011
-0.3758993515886958 -0.002210776205916825 0.9266578602395631 49.10168930371487 0.00854221396383715 0.9999463980459743 0.005850779048837865 2.102719726930754 -0.926621124330648 0.010115013764184728 -0.3758603177255565 4.382167931750385
-0.37742855658024016 -0.003048718015912451 0.9260336872901632 50.01265781895681 0.008586654411269096 0.9999400689928108 0.00679174415552234 2.1015871128015817 -0.9259988952713593 0.010514929439234946 -0.3773797586187024 4.017831183524109
-0.3761657309017325 -0.003540227272648717 0.9265456328136374 50.95276352449305 0.008754946011219872 0.9999344777469166 0.007375034463814201 2.1036896922106423 -0.9265110327543362 0.010886092221721079 -0.37611008917687133 3.6374868778981204
-0.3766360235317477 -0.0041956155093261765 0.9263518244105157 51.88981552381237 0.008800854054635768 0.9999284073253176 0.00810710748434075 2.101977958260324 -0.9263195187116063 0.011206115935129098 -0.3765721341516744 3.264016632771199
-0.3769293151933929 -0.00476620019144396 0.9262297634407864 52.808708120024924 0.00858211069631123 0.9999258641336431 0.00863791714381623 2.1011001688390847 -0.9262022666371726 0.011204890553782912 -0.3768604671544119 2.8901402882926277
-0.37542257803576795 -0.005345353804450758 0.9268383435603446 53.7439466799261 0.008010420210200452 0.9999273098497398 0.009011558395672905 2.0987400861439944 -0.9268191415098385 0.010807507083867884 -0.37535246998201355 2.516359987218058
-0.37500322859106516 -0.005246056561503781 0.927008660928705 54.64151926433974 0.009160906725429515 0.9999141882478683 0.009364503648066529 2.0959424171828682 -0.9269782394070777 0.01200395897861094 -0.3749229902721285 2.1528303646037754
-0.37375149029510923 -0.005610637380068161 0.9275119105706268 55.62536039601179 0.007293423162902173 0.9999330114618702 0.008987689767812291 2.0956741449881684 -0.9275002045718114 0.010123899297453406 -0.37368553247652414 1.7658054117500472
-0.3731762218879331 -0.007040433459097315 0.9277337655352189 56.59200082347439 0.006701626801998837 0.9999246611906755 0.010283974957181858 2.0905949353421516 -0.9277362748193343 0.010055060388741368 -0.3731009248781405 1.3865241906587573
-0.37276094580663494 -0.00914641422112414 0.9278823311111375 57.58776037528465 0.008957160428826652 0.9998693656815099 0.01345439886087413 2.088754398551332 -0.9278841773402515 0.013326465343475263 -0.3726303245349926 0.9857702206303511
-0.3707675396246675 -0.011376347518169596 0.9286560236588232 58.58363088332229 0.009295349150089824 0.999829431992268 0.015959430008515397 2.085854092221538 -0.9286791846729682 0.014549420578312176 -0.370598551421868 0.5915140065456181
-0.3690856972883494 -0.011631112763399915 0.9293225840756578 59.54776946723686 0.009759826393880077 0.9998180471404278 0.016389582089324402 2.086763293428122 -0.9293441202514461 0.015119187418193382 -0.36890502344896214 0.2102737229546301
-0.36860642599185406 -0.011921119816854328 0.9295091121768654 60.538723061123505 0.009065926499171224 0.9998241118706199 0.016418108869114753 2.0869783251359877 -0.9295413448008775 0.014478681723094907 -0.3684335165010613 -0.1766816155762152
-0.367093922150423 -0.011691902786844052 0.9301103976031243 61.51153180703085 0.008451717776830035 0.9998378006784623 0.015904112709490954 2.086258939189156 -0.9301454836673883 0.013699333694686205 -0.36693556310268116 -0.555352986468273
-0.3667888194661082 -0.011005000322671285 0.9302391369333783 62.461103107355335 0.006211768302081108 0.9998787671512934 0.014278127838434199 2.0865119857037966 -0.9302834921942987 0.011015487638203501 -0.36667599210048185 -0.9248319045995935
-0.3683355048593182 -0.00914284997475371 0.9296479786211393 63.41712380837412 0.004000274448031624 0.9999267997673418 0.011418971555389307 2.0883584620718185 -0.9296843301166109 0.007924859707370908 -0.36827196870553003 -1.300019168585476
-0.37165380561283395 -0.008583536653429836 0.9283317142444383 64.37364429880752 0.002375160907740257 0.9999451927341472 0.010196574843145541 2.085058162272058 -0.9283683575952815 0.005994533041760014 -0.3716130490031952 -1.6797057184863682
-0.3771412598703087 -0.010461951684922022 0.926096656764497 65.35886408219476 0.002003785811833689 0.9999246394290733 0.012111990136152335 2.08133753344295 -0.9261535806473224 0.006423630560696557 -0.37709187477929457 -2.0786873874954455
-0.38178092248832296 -0.01289965083163751 0.9241628245241134 66.32004496296994 0.0057877078626148975 0.999849626685485 0.01634706256773232 2.078856802228046 -0.9242347264962847 0.01158978107291778 -0.3816488534150465 -2.478113763150048
-0.38726365283228764 -0.014366880007932598 0.9218570691565103 67.22352244407459 0.004915668310941596 0.9998321934765193 0.017647127046319162 2.0827841698035034 -0.9219559096833482 0.011365634464023172 -0.3871280446482534 -2.852920510153962
-0.39188028492306215 -0.012520850615992642 0.9199310140377223 68.10358960001655 0.005459924381248024 0.999858129187225 0.015934576366309877 2.077453661924663 -0.9200000171273753 0.011267200099168583 -0.3917563256509774 -3.226285503605492
-0.39788790157549925 -0.010168899343022238 0.9173776819096905 69.00704603413337 0.004651609011097023 0.9999033560611037 0.013101185875692286 2.0829555365418373 -0.9174222475574995 0.009480085647980188 -0.3978021463776349 -3.6140045667600535
-0.4044135321017977 -0.008367801821758919 0.9145379570830399 69.89158331452145 0.004016828273881857 0.9999322480484438 0.010925401750203078 2.0858044973498746 -0.9145674169483442 0.008091922234980096 -0.40435252027281426 -4.000433570401111
-0.4079318982613178 -0.008019284717534237 0.9129771396116866 70.76599929796117 0.0028989228364071796 0.9999450088974167 0.010078463550257084 2.0871323876982597 -0.9130077560608707 0.006757977046751898 -0.4078862183488543 -4.387814273545477
-0.4103720027585547 -0.009162150699731239 0.9118721809258621 71.61080073597282 0.003648221599957574 0.9999250296850092 0.011688690627744316 2.0870331317292163 -0.9119109111262407 0.008123423169386735 -0.4103078114841596 -4.771183990105761
-0.41409451924478613 -0.014777189555393666 0.910113929022226 72.52725117073147 0.006014724305960841 0.9998019601056278 0.018970072758638275 2.0884666478746436 -0.9102140145168898 0.01332948752911043 -0.4139236312887421 -5.18615343423714
-0.41492453584217087 -0.022129584988862326 0.9095866704302455 73.40270145586551 0.007438361315538194 0.9995882619973409 0.027712402603802717 2.0953634413151456 -0.9098254229999836 0.018264390089911733 -0.41458908779361886 -5.586913363022142
-0.41575916205363056 -0.024007155240797554 0.9091578386978288 74.271922528782 0.008027411034247204 0.9995157384567235 0.030064085707007967 2.1032765253488304 -0.9094393216925197 0.019797602747689453 -0.41536511057730224 -5.9775145952437025
-0.4159467454500065 -0.019447615870548877 0.9091810024337834 75.12711416239473 0.007122965896162882 0.9996709647343989 0.0246419484586488 2.114824299845056 -0.9093610769690936 0.016725803536696792 -0.4156713595975338 -6.3662514425910395
-0.41609941978990295 -0.014397575515584522 0.9092051378373196 75.93357255831917 0.0056579483207055735 0.9998142957035245 0.018421773195474566 2.121165033599451 -0.9093015234075583 0.012809524820941694 -0.41594068760167635 -6.734801073655623
-0.4154624742117582 -0.011803768657445177 0.9095337286584406 76.79501257588778 0.009050233226814385 0.9998126630575809 0.01710941460859833 2.124143554366524 -0.9095652949625908 0.015339812097616059 -0.4152778158828442 -7.13119421479
-0.4116284024858532 -0.012017351485236267 0.911272539655522 77.65406210693794 0.010670570113357907 0.9997809640228476 0.01800452473690021 2.128425368429809 -0.9112893048864342 0.017134971281739228 -0.4114100090648909 -7.521615425232378
-0.40878601166818396 -0.014027728898283617 0.9125224487574953 78.51716006312083 0.01045045499905229 0.9997443585846434 0.020050074027117417 2.135138618495934 -0.9125704272299932 0.017732464581562375 -0.4085349128839927 -7.904100416364516
-0.4069697843614261 -0.017723755536765286 0.9132696551985549 79.38399242428343 0.009874370317970452 0.9996679570420017 0.02380068222329535 2.148218540468705 -0.9133882479141264 0.018704121287665056 -0.4066596419848156 -8.285026364122615
-0.4034836446849265 -0.021593340394433298 0.914732024213856 80.26618246328891 0.01006200443483751 0.9995563265217963 0.028034018210128117 2.1654915532251753 -0.9149315299728836 0.020515305526913802 -0.40308735740607904 -8.666840588169187
-0.40337647751319256 -0.02459529461263238 0.9147034977914794 81.17141614397154 0.004745849081914118 0.9995690120325733 0.028970107019435073 2.182083693234692 -0.9150217999072705 0.016026904477897258 -0.40308590154868457 -9.047580945583453
-0.4026089481981113 -0.026789305195293864 0.9149799822717238 82.04173986114161 0.0011110171472503358 0.99955662066312 0.02975445730343905 2.1949410039451247 -0.915371400291548 0.012995969208837901 -0.40240067633220244 -9.415001209643338
-0.4000476492031801 -0.027789449631756325 0.9160729364281938 82.86373966087011 0.0026703880854080236 0.9995006125945776 0.0314864169212308 2.2042901297574775 -0.9164904513384101 0.0150423373259722 -0.39977366183040236 -9.772774024138409
-0.3980951958483963 -0.026109825905993533 0.9169724598010486 83.6983902358829 0.00532598767026185 0.9995122311197868 0.03077228781358388 2.2134202809712153 -0.917328648248687 0.01713408395872196 -0.39776195678965115 -10.134011977273024
-0.3925151451603182 -0.02395221331862847 0.9194336040720469 84.55243682932112 0.006290885849896696 0.9995675437861149 0.028725427144200996 2.2248695899125486 -0.9197240268553378 0.017059217055074558 -0.39219471890690977 -10.494742525607567
-0.3853482505607503 -0.024140851414305425 0.9224553892101025 85.40005172934225 0.00876934050406401 0.9995167899882446 0.029820885277257438 2.238935978874761 -0.9227295510911596 0.01958075137955627 -0.38495034708195675 -10.849887593727738
-0.37696345116704755 -0.023296649052520962 0.9259351071361065 86.25453040518529 0.0136847765583293 0.9994344303261018 0.030717199893372574 2.2502999823972 -0.9261270341453044 0.02425047673066411 -0.3764314426340579 -11.202151750050598
-0.366209557582014 -0.0234016553589093 0.9302380998766114 87.09125685966465 0.011110422860815062 0.9995024997226121 0.029517986924989706 2.2694926107582813 -0.9304660759207933 0.021145107583382422 -0.3657673659388544 -11.519021069153291
-0.35559893548258037 -0.02517286321568189 0.9342995900893784 87.95567771976472 0.009457764487347548 0.9994891368254777 0.03052893805496032 2.2870682045307222 -0.9345907916166077 0.01969244335744822 -0.3551791940697768 -11.846387281384292
-0.3428133730707757 -0.027630170384514836 0.9389971059211846 88.82794082565245 0.011242681524344014 0.9993751010444221 0.03351133427056716 2.303678076881791 -0.9393362514861117 0.022044978951548007 -0.342288512145889 -12.164483528254182
-0.329840963410852 -0.02956339402991806 0.943573497184842 89.645818991966 0.011044804388926133 0.9993202790723319 0.035170898919525045 2.3212012473860706 -0.9439719016751567 0.022022387886623356 -0.32929024170108623 -12.45148367302748
-0.3161335478368393 -0.030074636930152637 0.9482378900600905 90.45898224445523 0.011558473510473599 0.9993011384988522 0.03554766215949167 2.3402931677013052 -0.9486442861379605 0.022197991089672395 -0.31556499737674054 -12.728463060687751
-0.30056407685624426 -0.029500969773317155 0.9533052651097589 91.30201133137955 0.014085966226664387 0.9992752002868548 0.03536466664804582 2.3566860776615375 -0.9536576016888949 0.024057574152436104 -0.2999306784356763 -12.999756627909631
-0.2865863595784697 -0.025936619067294116 0.9577032683952365 92.15657828747645 0.015137336872060135 0.9993861129353978 0.03159522597320641 2.3712508893636746 -0.9579348200874536 0.023551837788892055 -0.28601781657928904 -13.256159415181212
-0.273754957414484 -0.01890980376440402 0.9616135619949345 93.02224631006446 0.016319030798712452 0.999571459622415 0.024301982266998274 2.3835806593225444 -0.9616610174717414 0.022345389455244582 -0.27332905269163904 -13.50618978269891
-0.2592539079182111 -0.015041382573171367 0.9656920668823076 93.88146931076717 0.013468235525866686 0.9997251909372957 0.019187215462573192 2.393335013083922 -0.9657152881988332 0.01798052879297275 -0.25898008171164355 -13.73411826887347
-0.24553424010632752 -0.017834715460773948 0.9692238440421499 94.78557288031739 0.01128265062535725 0.9997104439290503 0.021253943023532385 2.399955615811809 -0.9693222574202425 0.016153984759639525 -0.245261921312932 -13.960835717253088
-0.23091402719108195 -0.022393278968074647 0.9727164299545137 95.67932409445659 0.009483187124743286 0.9996358277861592 0.025264223087943478 2.4045851022069793 -0.9729279424542978 0.015058315421661837 -0.23061757506380204 -14.169643774125586
-0.2190556575928283 -0.022384903922743185 0.9754555525255588 96.5259863517289 0.007790751027428415 0.9996647975918139 0.024690011222080314 2.410387611571013 -0.9756812610043315 0.013008017992276358 -0.21880783439564133 -14.350180167977829
-0.21246881855229927 -0.017247931772200725 0.9770156139963024 97.40058507021661 0.006169522626287228 0.9998006036310444 0.01899183955185234 2.413275731290178 -0.9771483705832775 0.01006289364850299 -0.21232004153603834 -14.533281875226734
-0.20734597002641625 -0.01087116227565782 0.9782072717704472 98.26537815994352 0.001764398283479616 0.9999324702572352 0.01148659322694505 2.4099697170934045 -0.9782660863039782 0.004107646046138837 -0.2073127869463383 -14.706618802820602
-0.20342820374021786 -0.008510931516243537 0.9790528739387647 99.13199992391857 -0.0003742447083420362 0.999962820671457 0.008614941420696676 2.405989424670336 -0.9790897945867514 0.001386116701280879 -0.203423825587279 -14.881237539839335
-0.19933704996185958 -0.009226990238966792 0.9798875461825368 100.01924766158922 -0.0026955543598924936 0.99995704873168 0.008867619664901617 2.4027671389323806 -0.9799272802097082 -0.0008736950031314316 -0.199353360036508 -15.051266164182993
-0.19514087593328094 -0.00955431396005646 0.9807286850218795 100.8993017455085 -0.005537078965334662 0.9999473459133761 0.008639800768940891 2.3972700042414687 -0.9807595930178423 -0.003744393882594812 -0.19518350395955203 -15.216834488322034
-0.19017649669611392 -0.013088133850770995 0.9816626716223336 101.76539553143205 -0.008980810840652947 0.999892487136384 0.011591341805887787 2.3939207958835307 -0.9817088392904678 -0.006611725986519242 -0.1902735923307326 -15.381086506537436
-0.18516100332267582 -0.01713713412795278 0.9825587623559318 102.62103446306425 -0.009554868737327627 0.9998320675914363 0.015637809924854904 2.3906947269897074 -0.9826617461425637 -0.006492707425566587 -0.18529365185654245 -15.535694764243912
-0.18059837983725274 -0.01943196885267086 0.9833649494397635 103.47580230425453 -0.00984301145434121 0.9997904550897083 0.017948845005288108 2.3914602280713635 -0.9835076717167331 -0.006437740133228255 -0.18075180545794817 -15.687328869742627
-0.17697400577074124 -0.020117890578162514 0.9840098941373217 104.3313344613184 -0.0170543577577832 0.9997036456214579 0.01737152303732319 2.3949559073410462 -0.9840677568963061 -0.013707348753562458 -0.17726465645249495 -15.822804958513542
-0.17427609680721245 -0.01914261869514779 0.984510742567665 105.20973821491654 -0.024854295173432777 0.9995780034244397 0.015035926357983414 2.3991791545522094 -0.9843831094106984 -0.0218489180396422 -0.17467832918659953 -15.967304780270243
-0.17037487534835505 -0.016691037954476528 0.9852379464383388 106.03986303193135 -0.02576914467851694 0.9995900415516904 0.012477981135889382 2.3959252791699255 -0.9850423102753355 -0.023262804703908194 -0.17073514250070987 -16.106595353969738
-0.16504702838502605 -0.014551821306072497 0.9861783423488618 106.92083233195095 -0.02677152733158737 0.9995888297477704 0.010269214566715907 2.3895068333323066 -0.9859222909264233 -0.024706597097927392 -0.1653687404385551 -16.25291810594479
-0.15748776854804042 -0.016540592861141137 0.9873824039071999 107.78057921659116 -0.03032464646537434 0.9994691872679564 0.011906280640099165 2.3883841288503325 -0.9870552256963685 -0.028066928754901334 -0.15790575966619586 -16.385815464699448
-0.15142372416929673 -0.019858720872403018 0.9882694404685461 108.65454129456056 -0.030965673340463722 0.9994027604546838 0.015337844376903139 2.3871511238473877 -0.9879837968475358 -0.028279915149632073 -0.151948226596618 -16.518260210676576
-0.14438230797019164 -0.022110110079887474 0.989274932552855 109.50967173119132 -0.03081974643814025 0.9993657810380614 0.017837570453233607 2.3859008962821973 -0.9890419062783383 -0.027913772988268526 -0.14497216595908996 -16.64091603145869
-0.14070168042041287 -0.01909385761926158 0.9898679011504956 110.3334771531996 -0.034486128052520576 0.999301805131259 0.014373908075135115 2.3870060374487463 -0.9894512338153998 -0.032114278173775726 -0.14126191644799446 -16.752770472077085
-0.1362754371221251 -0.01654877174501481 0.9905327573537915 111.1813588676077 -0.03365405689612357 0.9993607012301551 0.012066204507030507 2.385994922143914 -0.9900991918447396 -0.03169111847985813 -0.13674524970868052 -16.862825852060816
-0.1320994674738244 -0.01582710220087135 0.9911101016179056 112.02959885471 -0.03481221989050323 0.9993297765476306 0.011318438565366204 2.3882262964586167 -0.9906249744678495 -0.03300758308610146 -0.1325619078747241 -16.96837665287557
-0.12494760049164932 -0.016755968738198138 0.9920218418175195 112.87693204694862 -0.035541782214661595 0.9992912326635128 0.01240217879417388 2.384802564396991 -0.9915265396591182 -0.03370860177286531 -0.12545457870533705 -17.069013791015855
-0.11559013440256177 -0.018146118063530118 0.9931312296106807 113.75213849567335 -0.03386279321245926 0.9993239246300623 0.014317992101554726 2.3804286817213747 -0.9927196140223322 -0.031975178829748346 -0.11612646500327867 -17.172166667191565
-0.10709172256004135 -0.01837722657334562 0.9940792928648072 114.6364771917831 -0.032148831085460176 0.9993703531139078 0.015011661361157067 2.376798203668709 -0.9937292466356022 -0.030350862598210057 -0.10761509894333082 -17.270732615797204
-0.10135096590336173 -0.01863833836003006 0.994676125205402 115.5030849264144 -0.03167808253761178 0.9993779519484056 0.015498653043101267 2.3749738411831967 -0.9943462579992927 -0.029938628936329204 -0.10187834755342723 -17.36149567758307
-0.09449190572844585 -0.019085481308308734 0.9953426667007883 116.35318546532368 -0.03479696074629102 0.999268590605223 0.01585734380885908 2.3785786895014893 -0.9949173087622043 -0.033136509066005695 -0.09508691020477505 -17.441413356257677
-0.08825955966056132 -0.020269203112968873 0.9958912639107189 117.2012094326947 -0.03840275520203108 0.9991188881631367 0.016931500481372153 2.3783163469366455 -0.9953569603521226 -0.036750601638926184 -0.08896018636311553 -17.512964850267238
-0.08459895271754392 -0.020551170815040765 0.996203125159335 118.05190247688223 -0.03900736079013466 0.999089185121459 0.017298149540550783 2.3783112542800264 -0.9956512657568829 -0.037395849388267795 -0.0853235456673418 -17.58619911233063
-0.07994306800002104 -0.02075636453613932 0.9965833026947556 118.93607170880199 -0.040629172569874195 0.9990201896581707 0.017547962606520216 2.380709237159194 -0.9959710719770084 -0.039087517017525525 -0.08070805287189908 -17.657173572388956
-0.07731105214462441 -0.01953340437859942 0.9968156536339472 119.79866646468813 -0.042578743912068534 0.9989605779864796 0.01627311266442811 2.383367733677162 -0.9960974107903111 -0.04118506698186609 -0.0780624011579042 -17.719806128885402
-0.07206500160834756 -0.02124047174286968 0.997173745093266 120.68357577274745 -0.04490400007666322 0.998828579047577 0.018030542280074904 2.386272258381685 -0.996388612098866 -0.043477718867701576 -0.07293436530029723 -17.78343455053959
-0.06734845014717578 -0.02352852208284168 0.9974520514347397 121.54751549715517 -0.04449620732448766 0.9987980495974835 0.02055586665647699 2.3895759225985542 -0.9967368127025859 -0.04299842751612998 -0.0683144306470494 -17.83690670175582
-0.0632624563068947 -0.024520996567343536 0.9976956361282545 122.42760159446796 -0.0447929719364 0.998760431633692 0.02170690830096187 2.392090085085115 -0.9969911992024418 -0.043316520292214285 -0.06428240647837541 -17.886743155117653
