1.0 0.0 0.0 0.0 0.0 1.0 0.0 0.0 0.0 0.0 1.0 0.0
0.9999418050696636 -0.0025134879234335055 0.010491370381504331 0.007559347432106733 0.0024996188578534366 0.9999959850282134 0.0013348531824745615 -0.0008530860068276525 -0.010494683396301954 -0.0013085510735362646 0.9999440730933403 0.309994637966156
0.999810772836992 -0.00469015774364136 0.018879113841397104 0.017591098929184493 0.0046486627909102145 0.9999866833566321 0.00224121477312448 3.4609233328497914e-05 -0.018889374085794306 -0.0021530280403714093 0.9998192616752811 0.6138472244458452
0.9996915562743959 -0.007328201698557185 0.02372951271184779 0.02789049949657285 0.007281211037788793 0.9999713572700597 0.002066060332588235 -0.0007199531203299165 -0.023743973540662162 -0.0018926434793630727 0.9997162805622206 0.9087679630847573
0.9996539205548954 -0.009754227807170422 0.02443141746016248 0.03910547457571916 0.00972518359921918 0.9999518546684774 0.0013073442674932695 0.0006510379350281615 -0.024442993335276823 -0.0010692918021253657 0.9997006535417757 1.2328527681553556
0.999700968067293 -0.01267337162866759 0.020913156071694108 0.04790508769328797 0.012668694099499667 0.9999196854517461 0.0003561402739321862 0.00011723091860582993 -0.020915989939055125 -9.109139969037066e-05 0.9997812326040265 1.5705757215279637
0.9998335076141359 -0.015020074881289739 0.010361196966296735 0.051120329115108755 0.015032226103242364 0.999886409162839 -0.0010958785631399353 -0.001038800862622926 -0.010343559851180179 0.0012514479632009421 0.9999457208506873 1.89219214611455
0.9998628111301212 -0.014911837920771286 -0.007210825805450481 0.03428991422612673 0.014899918802174818 0.9998875383228044 -0.0017038563469802199 0.0013822678198214078 0.0072354224935728805 0.0015961818778557025 0.9999725500556266 2.2304554622164345
0.9995748076011476 -0.011868479950223698 -0.026633497569793572 0.004994874082689005 0.011834338682527491 0.9999289361060831 -0.001439154510175854 0.002341854013467556 0.026648685466196934 0.0011233527620761428 0.9996442295344359 2.5932740000309877
0.9989122485340055 -0.009564089284337246 -0.04563822876600903 -0.03344721557258336 0.009475153385441026 0.999952766764994 -0.0021646494764614613 0.002980019253928485 0.045656776025686636 0.0017298656580222933 0.9989556878899812 2.947578873351422
0.9978293876930125 -0.009796734414880715 -0.06511940610134713 -0.07036577480031209 0.009613933315087173 0.9999489178187431 -0.003119942201047132 0.0019131050773753238 0.06514664490517476 0.0024871163883320173 0.997872601542737 3.3299415731124284
0.9962338587181139 -0.01173347907740641 -0.08590939536719613 -0.11862097397756191 0.011549776768419506 0.9999298270766784 -0.002635067172523281 0.0027797640875639475 0.0859342853593188 0.0016329087984632898 0.9962994691399966 3.7350436958109157
0.9943523783723124 -0.01320706459337692 -0.10530394612811336 -0.17292693585426627 0.013062444358909934 0.9999125545630159 -0.002062952892001727 3.6576748260941025e-05 0.10532198333062578 0.0006757751775598271 0.9944379433404646 4.136030847681739
0.9923150756289244 -0.012987744257352447 -0.12305327780546034 -0.241020433755259 0.012925006502555885 0.9999156129432586 -0.0013081281346057135 -0.004404661144327867 0.12305988333519204 -0.0002923891469727982 0.9923992037593117 4.55339390132296
0.9900379031747242 -0.013130470632113646 -0.1401875209081558 -0.315512528246576 0.01320711729116337 0.999912708637098 -0.0003836129290411673 -0.008543004856525755 0.14018032076669276 -0.0014716816914927995 0.990124897082558 4.983493854675496
0.9879682201458322 -0.013048836022747071 -0.15410556077029777 -0.3952465279029338 0.01309197182674292 0.9999140263549572 -0.0007349641526101212 -0.010871705518478273 0.15410190218022699 -0.0012914244342239463 0.9880541159103414 5.428020127064968
0.9855687314721792 -0.014352076955963064 -0.16866621899885648 -0.4772417890847038 0.014315038340600526 0.9998965040078064 -0.0014356010150369353 -0.017048993553698134 0.1686693665774175 -0.0009995799204426299 0.985672179590332 5.877188686607731
0.9835910785000858 -0.016609821571510364 -0.17964605234293612 -0.5623774338456521 0.016306645945525798 0.9998620306556126 -0.0031643247687615015 -0.0214150505110161 0.17967382556467604 0.00018297704096300422 0.9837262235634247 6.326028821870885
0.9818677007490512 -0.016118831323129645 -0.18888091884186847 -0.6620601541700388 0.015409349869733285 0.9998676209930158 -0.005224215382172848 -0.023772074822509523 0.18894012321993486 0.0022189561833608307 0.9819861027891853 6.811306703854875
0.9802852498359006 -0.016571190683413284 -0.19689140304619798 -0.7686920558754234 0.015617446794810986 0.9998575844105212 -0.00639579958794897 -0.02764922196536699 0.1969693486555146 0.0031947669855432216 0.9804044416230124 7.316561837810234
0.9787599950079605 -0.017241424713621608 -0.20428315017607765 -0.8782157085588312 0.015677953351536298 0.9998341249273435 -0.009269542031869353 -0.03537303308437168 0.2044090848047719 0.005869915213873099 0.9788679533750493 7.819236880299536
0.9763866687939404 -0.02021478195958404 -0.21508239256572922 -0.994807083018641 0.01836767988797109 0.9997752857928826 -0.010583300680453238 -0.04318819626618965 0.215247999612087 0.006382829160046134 0.9765385594818612 8.340984620027456
0.9742925532303078 -0.02521713880832225 -0.22387075876560997 -1.1107603875407692 0.023168467410034303 0.9996622456344315 -0.011773562374917824 -0.05232066503521702 0.22409204099619046 0.0062841517683542856 0.9745477241257682 8.86723377828359
0.9714521007527646 -0.026467838616417542 -0.23575468067891303 -1.2482748499935694 0.023675728713322346 0.9996120991454089 -0.01466666669706038 -0.06061053495455084 0.2360514262039824 0.008666300311250034 0.9717019190193984 9.411747812378973
0.9688002532109775 -0.022302882739442535 -0.24683729620917635 -1.3990464368076672 0.01807593104732148 0.9996488253948179 -0.01937747670708384 -0.06598662772861123 0.2471827868099202 0.014311090394228303 0.9688631805351104 9.95584404093388
0.9662824082738233 -0.019696513298103714 -0.25673012060223477 -1.5659957364419204 0.01452346507626185 0.9996518029704569 -0.022030473896254843 -0.07699813009326667 0.25707465145890795 0.01755904843129568 0.9662320132325717 10.528684384619389
0.9631724237329314 -0.022224627903233554 -0.26796445300635136 -1.731349343457485 0.016658503111798062 0.9995960251457642 -0.023027826359925885 -0.0933190706191864 0.26836798697777736 0.017715880654133338 0.9631535553265347 11.101250432049868
0.9598471538208119 -0.023167573289633467 -0.2795652067943305 -1.8993551569387415 0.0168255181903973 0.9995442391154136 -0.025064237247802688 -0.10861060268059244 0.28001846946176945 0.019354007312672793 0.9597994994587304 11.654012510807602
0.9568785425147727 -0.021891286391674522 -0.28966226273873225 -2.075451459076111 0.014386472625159344 0.9995040263692248 -0.028013044766926586 -0.12233145426460337 0.2901318394802787 0.0226378632345453 0.9567188943822339 12.20828608130526
0.9540329793073968 -0.020696537125340222 -0.29898616647743365 -2.2698071679535192 0.011807745909349281 0.9994338161743617 -0.03150593949865195 -0.1390061860901266 0.29946894919238704 0.02652735264160157 0.9537372007169668 12.788441429137727
0.9518114044220011 -0.02105691377964516 -0.30596022093451075 -2.4666738805553736 0.010121332562210903 0.9992534312569576 -0.03728456447864177 -0.1623383459359854 0.30651689845648505 0.03239114853279297 0.9513139358052859 13.383779360599895
0.9498400054197975 -0.02228468998173633 -0.3119412712299183 -2.6744059770703124 0.008664706353391338 0.9989502966585402 -0.044980303129530844 -0.18868577361063812 0.31261619754569514 0.04002121185362685 0.9490360454871241 13.997776190442284
0.9488876691543263 -0.022259430533525845 -0.3148280627250264 -2.8846603834931113 0.0057929671342878564 0.998570139702246 -0.053142427746747864 -0.2154537644763748 0.3155608227563287 0.04860240577749618 0.9476598404986828 14.601417546553334
0.9480019805540861 -0.023468671118946287 -0.3173979620940268 -3.100596147162822 0.0039708318489112705 0.9980720854392205 -0.061938233438105506 -0.25156524689197396 0.3182396539715914 0.057457234034682836 0.9462675038788587 15.216275370996424
0.9473637556509693 -0.023195659856322715 -0.31931782888326254 -3.3255231707669908 0.0007368403858996064 0.9975273421894288 -0.07027559071783072 -0.2913313992311689 0.32015835385811264 0.06634126128077554 0.9450383407600665 15.832864259723028
0.9469836523732196 -0.023998615693223622 -0.3203841890335514 -3.552595826090121 -0.0007991439568171346 0.9970272838773594 -0.07704515930979672 -0.3389242741519209 0.3212807549586712 0.07321653944939377 0.9441493604532293 16.45411399901507
0.9464044819703894 -0.023117810512660757 -0.3221554335153448 -3.787908439303764 -0.0037901439669046407 0.9965715790512983 -0.08264818592027379 -0.3931176920902919 0.32296159417966275 0.07943962905441287 0.9430721891884143 17.106254702062103
0.9461834307084307 -0.023578707588840425 -0.32277075456314885 -4.0226213237961534 -0.0051968871519211274 0.9961068376785053 -0.0880009107569817 -0.4507660700481044 0.3235891033652937 0.0849424068329125 0.9423772491442466 17.75890514683063
0.9462037210289376 -0.021680721537226166 -0.32284433497371157 -4.2773607519286765 -0.008750728962044258 0.995673142432346 -0.09251171915779341 -0.5117585408835237 0.3234531543417465 0.09036005617817452 0.9419199101801871 18.446493548097692
0.9458204284172217 -0.01979020814388016 -0.3240865082817939 -4.538442877627657 -0.011637748195676185 0.9954331152479167 -0.09474954292640185 -0.5748129827108801 0.3244815557248168 0.09338769045998478 0.9412706620653556 19.157813091037603
0.9456410478640872 -0.018040206848824045 -0.3247115020004111 -4.7968587547228205 -0.01389364116522476 0.9953076094256561 -0.09575870380575187 -0.6423458306630455 0.32491533563327435 0.09506478609999282 0.940953086563873 19.860882635463867
0.9443308575339778 -0.016484916790415728 -0.32858405169386307 -5.061911749251122 -0.015715956806652304 0.9953434047820754 -0.09510265642176985 -0.7134578739197643 0.3286217281477195 0.09497238585630474 0.939674414738407 20.589143038170207
0.943151129558643 -0.015212078371635684 -0.332015872337259 -5.3251374282463795 -0.017073019350934984 0.9954157520122969 -0.09410628382863709 -0.7821112599122928 0.331925381407476 0.0944249613047769 0.938567774782457 21.30118812039337
0.9412280389340878 -0.014216547374736748 -0.3374724707365521 -5.5983083986446225 -0.018191879633398998 0.9955300872372235 -0.09267632341029763 -0.8539923263445389 0.33728153557480006 0.09336881270632086 0.9367622059915296 22.037060818410392
0.9382467328120381 -0.013325447880625854 -0.34571013986621346 -5.918544081132161 -0.019207425764466483 0.9957104728610218 -0.09050817106970623 -0.9379805412148592 0.3454332687553975 0.0915591976464485 0.9339661504376378 22.88131558108884
0.934908576125932 -0.012923705263088312 -0.3546532561932226 -6.2065064826231815 -0.018547325139798 0.9961916870983284 -0.08519459657950867 -1.010075351387748 0.3544036554782433 0.08622702823627543 0.9311084515700626 23.627588786993083
0.9325578152707755 -0.01158824496912616 -0.3608346349173454 -6.465550802110358 -0.01910836959937009 0.9964993657606976 -0.08138724869278671 -1.0693819891262293 0.36051462021484276 0.08279327640009884 0.9290718389846314 24.272381591782054
0.9295339939032577 -0.009682085040940785 -0.3686092937074684 -6.774773491976964 -0.02063352667312417 0.9967231478271356 -0.07821268543270835 -1.134968597105021 0.3681586774140848 0.08030705955783904 0.9262882728556406 25.025410221224103
0.9261866863600015 -0.009028467758242783 -0.3769571710147174 -7.093802380236138 -0.02182540922897685 0.9967535585182765 -0.0774983554221668 -1.1989587816274996 0.3764330930211479 0.08000518952599993 0.922982825478048 25.779815817183643
0.9228521631306309 -0.00963123664271263 -0.38503392614917425 -7.426878529917158 -0.021699666465098147 0.9967992616379591 -0.07694385273251843 -1.2675939330364496 0.3845425977449302 0.07936290870899364 0.9196893601868128 26.558729300082963
0.9196404178317334 -0.009377842050072265 -0.39264940846607516 -7.762613877460808 -0.0224682870994077 0.9968216504432743 -0.07643149404771087 -1.333227152542163 0.39211819387155883 0.07911165076036884 0.916506775069817 27.32682686162006
0.9162401430747042 -0.00924534340701182 -0.400522813137694 -8.117899071607956 -0.022729325408691558 0.9969238559103435 -0.07500802145983232 -1.3983340706642973 0.39998422216996454 0.07782897366751845 0.9132115159550658 28.123989614433697
0.9126525716645723 -0.009790212724629982 -0.40861893638064506 -8.473046537381059 -0.022168804927562805 0.9970559469427485 -0.07340287974039678 -1.4653061368620979 0.4081345703590016 0.07604992045298914 0.9097486367546629 28.902657054708403
0.909342514547456 -0.009277222855511136 -0.4159448573700594 -8.842988007584172 -0.022066821560165942 0.9972686775716947 -0.07048574409506617 -1.5313676879639335 0.4154626898082927 0.07327426472160975 0.9066540881211345 29.698174568434098
0.9054299608711815 -0.006827078669190117 -0.42444078144501596 -9.22774366153239 -0.02290102442205677 0.997628962000201 -0.06489990183984981 -1.5950272854894816 0.42387749295902877 0.0684824442849879 0.9031268049324649 30.50931761077511
0.9020959802585499 -0.007338758154452678 -0.4314730409076752 -9.613752245650119 -0.02109534534536115 0.9979100572307966 -0.06107785263406075 -1.6592930532216679 0.43101952253479875 0.06420015814917084 0.9000558376498069 31.313551070697063
0.8983553248929045 -0.007088879783158244 -0.4392123154238554 -10.030555463500566 -0.0209256988572631 0.9980439868230729 -0.05890938374861222 -1.7238280312488858 0.43877081188691147 0.06211238322368615 0.8964497902762735 32.16897136509003
0.8955561862800249 -0.006755522492291861 -0.44489715680304537 -10.449857911842773 -0.020891725992902156 0.9981435359962908 -0.05721029045424362 -1.7838929904171184 0.4444577066500421 0.060529699030125374 0.893752483932049 33.00980281351683
0.8930253547640643 -0.006483575307112058 -0.44995964152327517 -10.871623091457908 -0.02066437264641921 0.9982505937143107 -0.05539617181860529 -1.8371505566106334 0.44953164454979944 0.05876831969916721 0.8913291115789327 33.84230631208471
0.8901577352505368 -0.007434953636797407 -0.45559184347182274 -11.303422502767667 -0.01936244897903707 0.9983464959828255 -0.05412365036052323 -1.8933312233371684 0.455240927359535 0.056999959852903875 0.8885418969489272 34.684996582506514
0.8882645753156045 -0.007666070202174263 -0.45926819572777344 -11.737755864527115 -0.019163727893947997 0.9983716441344057 -0.05372905844671747 -1.9479756987794405 0.45893223440132835 0.05652691001655228 0.8866712540008191 35.51555817779407
0.8871068140203349 -0.008683392832136405 -0.4614825015183283 -12.182957205916182 -0.018330708716873763 0.9983714383736717 -0.054022737413271495 -2.0027133129915393 0.4612000494759603 0.05638323978461115 0.8855029331598868 36.36310940573892
0.8859201296636278 -0.007883202930890867 -0.463770825913329 -12.647490078021315 -0.01935463740257681 0.9983564573597595 -0.05394239574847872 -2.055192304442461 0.46343383763790463 0.05676477040930505 0.8843115056203799 37.23353110197111
0.8853258068901648 -0.007594617454259787 -0.46490917117217867 -13.121970952766235 -0.019481256187085964 0.9983827569561433 -0.05340740838145654 -2.1110259148051216 0.4645629088849559 0.05633997158655658 0.8837460671991555 38.12374690738943
0.8845027448813528 -0.006073721701997243 -0.46649544928331227 -13.609620659731291 -0.020355696262550106 0.9984605928786137 -0.051595446486627804 -2.1653828931457926 0.46609069924964125 0.05513215371427419 0.8830175002228475 39.03527440483542
0.8840371375566313 -0.006809286327479344 -0.46736706456530364 -14.093612023289763 -0.01916630896274338 0.9985248396022434 -0.05080154818565354 -2.2239616195510163 0.46702354546791636 0.05386815679995947 0.8826025320955931 39.941900235755334
0.8834065528371334 -0.00871890074587953 -0.4685262459822252 -14.580667351249273 -0.017157540705998668 0.9985546866670973 -0.050932862987440104 -2.2805351114705408 0.46829315732918314 0.05303318305512925 0.8819801586734852 40.85328394368421
0.8820482637491552 -0.010871303716392647 -0.4710336242484257 -15.071290026304869 -0.015208923328836535 0.998555822995606 -0.05152627497448353 -2.3367184827915417 0.4709135261046116 0.05261257565520304 0.8806090891051757 41.7647315540189
0.8813841568551206 -0.011597629192636487 -0.4722578353419859 -15.577327095979305 -0.013774630308607589 0.9986425633110082 -0.05023236310865951 -2.3943118679352144 0.47219935155043297 0.05077918609754526 0.8800279806089245 42.70106559174446
0.8793921321921779 -0.010816689833850727 -0.4759752903875721 -16.091612489905412 -0.013105948198875074 0.9988130284127626 -0.046912347998521224 -2.45346474364778 0.4759177575593326 0.04749245723232507 0.8782065557405799 43.64571518457012
0.8771331299888281 -0.011294447369152692 -0.4801144735733628 -16.600766390811543 -0.010668149565880547 0.9990184873327057 -0.04299130786930042 -2.5105176645409983 0.48012879819986 0.04283103344653744 0.8761517218570423 44.56631956404734
0.8742725233285267 -0.01159751593053586 -0.4852968705617336 -17.119643494113863 -0.009844462417106806 0.9990853904808991 -0.04161092509603539 -2.565942930922825 0.4853355967910135 0.0411567752851297 0.873358734046692 45.49485260960456
0.8696827771368387 -0.014295424275879915 -0.4934040007907602 -17.66123284542891 -0.008860689420167907 0.9989673627342377 -0.04456115320322535 -2.6234513315594925 0.49353151402372997 0.043125967079876364 0.8686580429771374 46.44377675155522
0.8644567638496936 -0.017759629936261238 -0.5023933707554691 -18.18367495098439 -0.007523567700984457 0.9988067860141889 -0.04825349874418433 -2.676709337873704 0.5026508722399314 0.0454928539062274 0.8632916661707692 47.35082694448041
0.8586574253733511 -0.01756847824186531 -0.5122487427251271 -18.736574272970188 -0.008181928377054675 0.9988152128311916 -0.047971102395239544 -2.731429073440734 0.512484616256177 0.04538192579923107 0.8574963550426977 48.27342808660324
0.8532763666608953 -0.01563482477229005 -0.521224514343216 -19.30342669114698 -0.00833737113781174 0.999013600325519 -0.04361553171927359 -2.787518526637052 0.5213922998477173 0.041561744657609874 0.8523043417937773 49.19630940248419
0.8486918824494047 -0.014160871732144645 -0.5286979840856892 -19.8782284925934 -0.008284847935611506 0.9991628785037691 -0.04006124704432516 -2.840658912732021 0.5288227018190216 0.03837983756933326 0.847864103561993 50.11119257577614
0.8448903193256105 -0.014208818923570957 -0.5347508370958058 -20.45928469414795 -0.00934893106403607 0.9991023033906312 -0.04131809346394379 -2.894381866032418 0.5348578743907841 0.03990860589312117 0.8439990268820455 51.02272057651035
0.8428015946433888 -0.01748696883926328 -0.537940217856386 -21.02702485693439 -0.008737519076271814 0.9988958167601429 -0.04616062195724003 -2.945987466234186 0.538153442641551 0.0436045087107065 0.8417181945242393 51.911030103330276
0.8411009532017595 -0.01986800780911157 -0.5405131347051512 -21.60658496076045 -0.011126485384198833 0.9984780873770716 -0.05401583426015359 -3.003985145002877 0.5407637079594813 0.0514467811774678 0.8395998099454233 52.80403491221091
0.8382876595536976 -0.020930153792219627 -0.544826328752767 -22.17589023848849 -0.01139466313989233 0.9983721411879015 -0.05588586003465765 -3.0630660669427634 0.5451091280577793 0.0530565392964807 0.8366845535480911 53.68501508482028
0.8367654677411108 -0.021024776027196136 -0.5471576653844908 -22.77147179465025 -0.009711782877509394 0.9985355121850052 -0.05322135077926297 -3.1275928843680565 0.547475326630653 0.04984766492460282 0.8353358468497711 54.58904817663992
0.8342698012829473 -0.018795695279040014 -0.5510359520995789 -23.36995228794246 -0.009441883458896107 0.9987851811060604 -0.048363341899448936 -3.190740902925348 0.5512755658507464 0.04555089287721857 0.8330788478013518 55.48630455018658
0.8316282375401424 -0.017139319322999846 -0.5550682104561754 -23.961661166141976 -0.009915892166040116 0.9989059704524884 -0.04570051725007066 -3.248277415434716 0.555244225191427 0.043509837135029435 0.8305484600335222 56.361101970660165
0.8296394981698302 -0.016834442339999242 -0.5580456116014296 -24.56438460622481 -0.011198187175798326 0.9988424427637442 -0.046780072015039066 -3.303398877199792 0.5581871582905578 0.04505969468225119 0.8284906277289166 57.24463564660271
0.8265663239955368 -0.018521779239727885 -0.5625344929249231 -25.1785013578431 -0.01094357183497047 0.9987405805591616 -0.0489641805797021 -3.3641157335414094 0.5627329297917426 0.04662827938219059 0.825322635876333 58.141296091327554
0.8239041503301779 -0.020862672944505552 -0.5663450361275522 -25.780828566432316 -0.010365437613945372 0.9986002997894173 -0.05186519992786592 -3.425597300128937 0.5666343695645184 0.04860236761822095 0.8225346807825943 59.00594912909782
0.8213170166103391 -0.02248221084752156 -0.5700288663056458 -26.395874024826938 -0.009350096447172902 0.9985583937405942 -0.05285555776484904 -3.487787729152361 0.5703954189180701 0.04874099389233166 0.819922790018467 59.88640512537479
0.8178811672692791 -0.023303228051704296 -0.5749150857201538 -27.01391132965119 -0.008274825649970617 0.9985998329880573 -0.052248452768351585 -3.5531565135955816 0.57532766619267 0.047490347636065376 0.8165431668899701 60.76520635379829
0.8149836260967209 -0.022817894312486698 -0.5790345696876692 -27.643353853949336 -0.008770930433781344 0.9986242708130193 -0.05169754851529419 -3.617066543992428 0.5794176041281157 0.04721132747879067 0.8136622951717282 61.645451555611146
0.8102850953021339 -0.023330309277497924 -0.5855713116267127 -28.282378490211606 -0.009272399616348816 0.9985717826472515 -0.052615753401861115 -3.684569582288753 0.5859625303179097 0.048063411964893 0.8089115041175557 62.52173191646014
0.8053511666548284 -0.024405413790953533 -0.5922954280976677 -28.931475987029067 -0.00929513819787215 0.9985094326823815 -0.05378209042229043 -3.7512342367121896 0.5927251460614688 0.04881893712486274 0.8039238848326435 63.396025953592115
0.8013382109815324 -0.025788861528909586 -0.5976554243391086 -29.58736956391672 -0.009004268515086332 0.9984371722023376 -0.05515556466131064 -3.822458485538718 0.5981437910481271 0.049579711431618094 0.7998536475161766 64.27949610161046
0.7964869982400536 -0.02631130746388002 -0.6040829220678982 -30.26186887166143 -0.009545717853054112 0.9983811303692103 -0.056071363398515 -3.894962984123304 0.6045803014531809 0.05042651705441904 0.7949464293098887 65.16639045622956
0.7917641783157278 -0.028162865672539054 -0.6101773012273819 -30.926099518694766 -0.009000105308506264 0.99829022830737 -0.05775481079923176 -3.965678800861091 0.6107605783287395 0.05121985028414063 0.7901569735795628 66.0312633716184
0.786341784342736 -0.028131519806273327 -0.6171508857565314 -31.619038927570255 -0.009530686524696899 0.9982914477360367 -0.05764851595189418 -4.039823498807979 0.6177181915817681 0.051213308528907674 0.7847301656101114 66.91490280357111
0.7815037087197159 -0.028541404040088814 -0.623247415969573 -32.315297394683185 -0.00856141475532919 0.9983684201566652 -0.05645529037452401 -4.111065785018499 0.6238418513010463 0.049455898427841684 0.7799842682233906 67.78094287103714
0.7774049107974719 -0.02942383292817028 -0.6283118992377832 -33.00387635005143 -0.007427102666981052 0.9984062368521962 -0.05594483318958687 -4.1848014347535765 0.6289566303124161 0.048158325037855096 0.7759473776717074 68.63250878070491
0.7723368950296512 -0.03078882593797922 -0.6344665229728979 -33.71518821837917 -0.006599280258908142 0.9983818132579366 -0.05648189493863817 -4.254173382952063 0.6351788488890528 0.047810073762291905 0.7708839256145003 69.49737294082924
0.7681322040387745 -0.03300965012902599 -0.6394398174315501 -34.4340526749239 -0.005620173369689426 0.9982841370948837 -0.05828546367678758 -4.326077578797462 0.6402666091323437 0.04836470431092063 0.7666286745270411 70.35425674011789
0.7641067109377583 -0.03179471770772361 -0.6443058514601334 -35.15170555207463 -0.007557068175701903 0.9982749211726352 -0.05822432892148452 -4.399722787200154 0.6450455991792123 0.04935866371424162 0.7625482917795277 71.19666405740003
0.7599719448359787 -0.03145656686536694 -0.649194213978579 -35.89131615642423 -0.007277115454143066 0.9983537093343577 -0.05689388938186551 -4.474494767918057 0.6499151380394884 0.04796202101010314 0.7584918970481749 72.05668558414915
0.7574243209619159 -0.030864149666134037 -0.6521930713222637 -36.632396547024854 -0.008184255346907957 0.9983548422194006 -0.05675056811603453 -4.54907863320566 0.6528716688444962 0.04832197515067596 0.7559256383651373 72.90662734520777
0.7533168535262659 -0.03091294716225141 -0.656930824281393 -37.387231129414175 -0.008583164337512812 0.9983474655657606 -0.05682136295776378 -4.6255181906798475 0.6576017392641552 0.048443035579601466 0.7518066405802702 73.76406494900215
0.7499295933901519 -0.03168126407662085 -0.6607585810749561 -38.122176708338706 -0.010281805666602535 0.9981736473460852 -0.059528599983940125 -4.697238371055009 0.6614377441830155 0.05143605010419394 0.7482342168865062 74.58565483462957
0.7470710309474423 -0.03348043511550745 -0.6639005461540172 -38.88293566959754 -0.010715819546150085 0.9979945052222344 -0.062387007923783815 -4.7705182843412315 0.6646578412465923 0.05372176477652436 0.7452140135952328 75.43617836145853
0.7437366756167 -0.033026539449435316 -0.6676563525007566 -39.65294545647099 -0.012627014163918777 0.9979064881492157 -0.06342869558018242 -4.847482089239209 0.6683534363313499 0.055604753409165944 0.7417626274910202 76.28707931552078
0.7411114319655081 -0.03191348303966402 -0.6706231244225859 -40.41924336342573 -0.013056180991400828 0.9979956590546039 -0.0619209225228989 -4.927575614059394 0.6712550793461111 0.054646080449050886 0.7392093237666866 77.12911722881213
0.7379285261650409 -0.031533859081139606 -0.674141755125242 -41.19364928435264 -0.013161135199878212 0.9980454082012354 -0.06109130616282622 -5.006492173896644 0.6747505278190906 0.05395348830131813 0.7360711557369835 77.97221343204242
0.7339813428633506 -0.03159322554379063 -0.6784344157162517 -41.978813691781966 -0.013851272225510629 0.9980133904985156 -0.061460675585226034 -5.084701646147366 0.6790283724456935 0.054508168978574 0.732085602186217 78.81229160594276
0.7315178361029055 -0.032178743696832324 -0.6810625403862821 -42.78340412701703 -0.013802150436678555 0.9979821294807973 -0.06197717225153318 -5.16329258076023 0.6816825919052399 0.05473753457241652 0.7295975919657955 79.67233880161622
0.728336329561628 -0.03266137131663002 -0.6844409586402708 -43.60409665453548 -0.013430890078173465 0.9979909817853636 -0.06191616482627177 -5.247752281623033 0.6850881711374118 0.054288443510596696 0.7264344173212012 80.5428490513827
0.7256148701272216 -0.03248366475017062 -0.6873338866771039 -44.41319282835943 -0.013951067801279445 0.9979852677102593 -0.06189323986095839 -5.33120917624138 0.6879596121557279 0.05449969685861149 0.7236997686090966 81.38913156692767
0.7241811836872731 -0.03461576290302705 -0.688740417103528 -45.22422491638378 -0.01238656505330995 0.9979253291418694 -0.06317919327810376 -5.414711816878462 0.6894985034062658 0.054284310953840856 0.7222499756904022 82.24110836338502
0.7215591333792833 -0.03838411711244626 -0.6912879838319452 -46.06486644977223 -0.010084841136424598 0.9977733969679015 -0.06592832685870194 -5.501685805062886 0.6922793605302637 0.05454271588977552 0.7195654099018216 83.11759317321255
0.7189223534054445 -0.04190591583764253 -0.6938260185318691 -46.91050146905163 -0.006982055446768446 0.9976952693442651 -0.06749370659411497 -5.588375211110333 0.6950553220253158 0.053367066116497795 0.7169728415905319 83.9923556895412
0.714908485554468 -0.04420241610454609 -0.6978194635381976 -47.74843004301207 -0.004057331728586022 0.9977207599311714 -0.06735594451576121 -5.676646800623718 0.6992062609426932 0.05098462133709202 0.7130996936233054 84.85433248079615
0.7083949575164109 -0.04556092524849283 -0.704344224265255 -48.59342058431693 -0.002873818995364451 0.9977199729375297 -0.06742845664789664 -5.769728820335881 0.7058104032455915 0.04979013649345261 0.7066488639899304 85.71010087258544
0.7015052997678599 -0.04632575027931497 -0.7111569723054563 -49.44000577163989 -0.001154091404602299 0.99780987468909 -0.0661371457349987 -5.85640885715525 0.7126633023178861 0.047216298393681626 0.6999154511048917 86.54892179860076
0.6922042454015399 -0.044420282262211806 -0.7203333403167108 -50.30825036303387 -0.0017817042857591892 0.9979958179652162 -0.06325482474702754 -5.94282885666033 0.7216994583467019 0.04506867923164036 0.6907377982812238 87.3854944270223
0.6842028858005451 -0.043694346954587515 -0.7279816035494431 -51.16931715737028 -0.002124230396738678 0.9980799429139418 -0.06190246520232273 -6.029352268290525 0.7292886251049224 0.04390024598012332 0.6827963603413956 88.1951673326061
0.676772246574728 -0.044065462654630884 -0.7348724795957657 -52.049403756450126 -0.004167209013983313 0.997961736528855 -0.0636789352403617 -6.112150906361004 0.7361806576073766 0.04615850328320594 0.6752091764330702 89.00487208548029
0.6667737695155722 -0.04568077756090698 -0.743858862182488 -52.949395596466005 -0.003846681131279884 0.9978954421156808 -0.06472935693349974 -6.2010024466113425 0.7452502555050009 0.04602122517036125 0.6651947861367752 89.82291941926515
0.6580017332911939 -0.046565997416479404 -0.7515752303464992 -53.849471581885204 -0.004078567981299266 0.997851088192814 -0.06539549736517944 -6.281308473365097 0.7530053680213752 0.04609570128575662 0.6563978230112955 90.6138190743145
0.64997273743885 -0.046595738335333536 -0.7585277040129996 -54.76274998916183 -0.0027001666433503664 0.9979706538015103 -0.06361826193070648 -6.3711841405941545 0.7599527285866838 0.04339828706263611 0.6485279014766312 91.40900965521406
0.6394604641298304 -0.04575838649103402 -0.7674610640811685 -55.694660658774254 -0.002685297151098536 0.9980882508830105 -0.06174651916103071 -6.456277948718217 0.7688192921578338 0.04154531881007036 0.638115101287297 92.19678066784891
0.6302516541272435 -0.04548809102216923 -0.7750572146912978 -56.61987198656725 -0.0035922266267864045 0.9981006444876528 -0.06149958846361715 -6.541771341431232 0.7763826043760483 0.04154439852123644 0.6288911786420394 92.95302781685899
0.6221156367346407 -0.04582204386738507 -0.781583312786339 -57.569789977347206 -0.005256341792834025 0.9980188953670663 -0.06269493888072328 -6.626640678571533 0.7829077247040099 0.043111770853401045 0.620642304240272 93.71210173969116
0.6129467357011491 -0.04515484243892744 -0.7888328970052029 -58.54693267425448 -0.007713495111926153 0.9979761130658291 -0.06312035918131118 -6.714532804586101 0.7900865782852305 0.04477407681164493 0.6113578991549884 94.46879326166531
0.6053388819732002 -0.04528754746228985 -0.7946784733565435 -59.52714305769706 -0.00949684367195925 0.9978981073746083 -0.06410286466644906 -6.801948338310336 0.7959112060598885 0.046350893659405965 0.6036364358827822 95.21411834320412
0.5972891463224459 -0.0443432474109048 -0.8007991958627702 -60.529812312504184 -0.011319656098143102 0.9979048498632315 -0.06370067507696683 -6.889609705656093 0.8019460961132138 0.04711249333772113 0.5955357855748717 95.96497371784744
0.5906657936736965 -0.041870568950155215 -0.8058292471979487 -61.545963384596305 -0.013193860139970112 0.9980181735861324 -0.061527613690176744 -6.971759576441681 0.8068084297021376 0.04697425515738397 0.5889427621713166 96.70596907800572
0.5847819395701077 -0.039901565069854775 -0.8102085831794178 -62.56450877417651 -0.013151840496061478 0.9981918496962268 -0.058652027173764214 -7.056595963733921 0.8110839119623748 0.044954380264908146 0.5831997869090909 97.44031719975906
0.5785421752545583 -0.038940144865452594 -0.8147224168817141 -63.602040201910036 -0.014015593195984926 0.9982376618010111 -0.057663972369365865 -7.139031256336453 0.8155320438824515 0.04477985797105542 0.5769768190499541 98.17468874220064
0.5732724976384126 -0.040060094152178566 -0.8183848925218103 -64.63864911578392 -0.014278301122694246 0.9981640027625909 -0.058862158523217474 -7.2229543283583855 0.8192403637324434 0.04542920256268323 0.5716479808291575 98.90040769677802
0.568781581912103 -0.04209624600929971 -0.8214106270005828 -65.66403637433712 -0.013807661932437765 0.9980599194956035 -0.0607103415275304 -7.306618135227646 0.8223727017292861 0.045872684337788565 0.5670968491202544 99.60799554287804
0.5638098532675035 -0.04360795492746452 -0.824752566304295 -66.71944862791874 -0.014312920942864635 0.9979392272308114 -0.06254949278814657 -7.393339961373315 0.825780594136578 0.04707063862977978 0.5620238120635328 100.3234262149609
0.5606250394649845 -0.04556652535986909 -0.826815128605853 -67.745531406264 -0.014924088947639672 0.9977666712827102 -0.06510715203803075 -7.484620206109838 0.8279352853296976 0.04884016220334161 0.55869294058721 101.01610351092397
0.5565633530141929 -0.04572626928979767 -0.8295458651445596 -68.77726226160915 -0.014316887211005967 0.9978080924230964 -0.06460679094003055 -7.571804583907356 0.8306818047978338 0.0478342867807014 0.5546887597436921 101.70655992918795
0.5541292416633737 -0.044356940865712305 -0.8312480047077465 -69.81804760767014 -0.013064374008039382 0.9979928921910213 -0.06196377383583496 -7.657011269309619 0.8323281237981522 0.04519567383319051 0.5524375488699257 102.39600198857252
0.5521456517640235 -0.04277541386704972 -0.832649652138632 -70.88319662034566 -0.010837704447113832 0.9982304282141138 -0.058468421817118484 -7.745415488245169 0.8336772297480597 0.041307095709697365 0.5507050031038679 103.09892857641454
0.549396404843079 -0.041832629679669525 -0.8345140031416989 -71.94519306614262 -0.010517315418602523 0.9983206092237371 -0.056967949546494645 -7.83188439189092 0.835495647159149 0.04007483366440798 0.5480337866271429 103.79899509502386
0.547436558307707 -0.04216961998210937 -0.8357840257977998 -72.97564689352295 -0.008655774918961075 0.9983908079867237 -0.05604348390463913 -7.91413338372427 0.8368024212373941 0.03791461035249792 0.5461906170313194 104.47530221567145
0.5466012712775815 -0.04197243106089365 -0.836340460140827 -74.01952816758384 -0.0061119600383860925 0.9985164962974535 -0.05410591988263963 -7.997473762532042 0.8373707029638789 0.034686044062359964 0.5455338524464666 105.15863012306299
0.5441577980346662 -0.04222560279263518 -0.8379196198364508 -75.0426519596229 -0.0030173300248028216 0.9986277122106118 -0.052283727148332966 -8.075864915382196 0.8389774648687444 0.03097887786538605 0.5432836483538012 105.82495400178622
0.5432193676611892 -0.04383683814289491 -0.8384456155406929 -76.05438001616439 -9.362727835161844e-05 0.9986328465672154 -0.052272640941444945 -8.152733635522813 0.839590799039455 0.028474012339221037 0.5424725991140893 106.4837065967904
0.5408954570685759 -0.04474178212289888 -0.8398989685998214 -77.07036695318406 0.0027951019868138367 0.9986742470935028 -0.0513997626172413 -8.229730934862237 0.8410851870812254 0.025454294818212778 0.5403034211883614 107.13884320901063
0.540305189155015 -0.04448197530641615 -0.8402926016840817 -78.06282544060065 0.005880211866001475 0.998777020340176 -0.049090597356425056 -8.302545588337225 0.8414485876633071 0.021582805963059934 0.539905970337601 107.77428305101306
0.5394617063289605 -0.04453824055905993 -0.8408313817481776 -79.04391629133276 0.007844456192598517 0.9988225760275662 -0.047874065261885576 -8.373440545526497 0.8419735933577066 0.019230359995595147 0.5391759094606797 108.4046868879402
0.5374659042004282 -0.045975365596126166 -0.8420312747044013 -80.01780804439721 0.00941878553864688 0.9987777124816695 -0.04852182528368861 -8.442528897068392 0.8432328790440949 0.018147914706278682 0.5372419984428065 109.03186731471288
0.5368005826399921 -0.047621444438217794 -0.8423641329656567 -80.99682406384605 0.011412747614153083 0.9987243243372347 -0.04918814053234499 -8.512722847128487 0.8436319598434264 0.016790533247988678 0.5366592907273549 109.6545017374845
0.5370811199174654 -0.04945579948969589 -0.8420795654360913 -81.98163232781809 0.012814448181771517 0.9986429721767417 -0.05047775787215998 -8.58513071845725 0.8434332579084121 0.01631986577269287 0.5369860346742394 110.28017637281792
0.5376564900543216 -0.050371311996489476 -0.8416580241583987 -82.93969102699059 0.012902892424293447 0.9985885653403939 -0.05152079714543642 -8.65404074071833 0.8430652489988865 0.016840668014256863 0.537547558669258 110.89052152293148
0.5410115690161035 -0.05108776125695634 -0.8394620437163829 -83.92859587496272 0.012987138818365968 0.9985417700793245 -0.052399118620088905 -8.726818938104199 0.8409148687091021 0.017446319285221352 0.5408861336060962 111.51913166168727
0.5441845824208406 -0.05085150450647389 -0.8374229903369524 -84.86587465529695 0.011217760119736665 0.9985131924885781 -0.05334384954391587 -8.796654501529058 0.8388905185501571 0.019634890264423513 0.5439459246753786 112.12014482448485
0.5480562570757375 -0.051211126009681474 -0.8348723014048038 -85.79049844058618 0.010374393001568765 0.9984633940630598 -0.054435491050636026 -8.864118182027504 0.8363771344614714 0.02117241811639377 0.5477453949246149 112.71837698959965
0.5540485253713404 -0.05145873598752308 -0.8308924298754983 -86.73162156973304 0.010382675512509768 0.9984372251708666 -0.05491181514303148 -8.937403469232244 0.8324196246984121 0.021796923720262155 0.5537169516398139 113.3441303502157
0.5594116023738545 -0.04990496275349205 -0.8273863389143484 -87.6577611892831 0.008713682617204753 0.9984848222541473 -0.054333520623557674 -9.007893414710058 0.8288442138693876 0.023185219875526627 0.558998850369623 113.96446108730679
0.5657785427574228 -0.04812461038849851 -0.8231516642941583 -88.57970076301558 0.007693665419308646 0.998560010443484 -0.05309155352337443 -9.076699709852223 0.8245213448223783 0.02370500829075617 0.5653340822153148 114.59123632040978
0.5739429236430924 -0.04739115475908938 -0.8175228430145663 -89.5048470548175 0.007511151473915394 0.9985866724243779 -0.05261406903047999 -9.14956037893213 0.8188608569247618 0.024056934696844806 0.5734877164241937 115.23643344637912
0.5806815060371593 -0.04644792189763968 -0.8128047607499648 -90.42140864385061 0.006352000548570415 0.9985992907514409 -0.052527217704255336 -9.22045395588551 0.814106037709737 0.0253386475982843 0.5801631773065594 115.88300716354028
0.5881354426350591 -0.04691117875191322 -0.8074007941688993 -91.31848812567408 0.0059798341395774016 0.998541314509547 -0.05366083116398307 -9.290983332932235 0.8087403431881747 0.026731713855501268 0.5875580590666947 116.52663889826817
0.5968446725483716 -0.047245002523246316 -0.8009646350415265 -92.22091158371889 0.003423648877229523 0.9984057743100238 -0.05633993657049603 -9.36173036859107 0.8023494970890135 0.030883969320353255 0.5960549177383129 117.18821714767074
0.6056388193412687 -0.046696576241948784 -0.7943683341336022 -93.10045750837669 0.00029202967042672723 0.9982896300940788 -0.058461347617885503 -9.430900990727674 0.7957396152169288 0.0351744824255812 0.6046165897165797 117.8475853776465
0.6149957695154973 -0.04468056375555422 -0.7872635204939497 -93.9815054840997 -0.0025146334074399902 0.99827715083372 -0.05862087292199343 -9.502418528040966 0.7885263978440212 0.03803126800142442 0.6138238693284388 118.52043386787182
0.6235529463640631 -0.042495974027179 -0.7806252719917397 -94.8395193856013 -0.0038816990565931804 0.9983409128163903 -0.057448709379507926 -9.574188294454133 0.7817714854694626 0.03885246438024807 0.622353461080158 119.19937621381122
0.6358648086043698 -0.03991226966828193 -0.7707677704136666 -95.68870613952271 -0.005493726709370778 0.9984026170383787 -0.056231959398187675 -9.645962076851275 0.7717809042373174 0.03999031158722102 0.6346298218913022 119.88547986863536
