1.0 0.0 0.0 0.0 0.0 1.0 0.0 0.0 0.0 0.0 1.0 0.0
0.9998728018704781 -0.002994299451733217 0.015665702999643153 0.01438116654753685 0.0029607815310064805 0.9999932790306868 0.0021623288789175653 -0.004512816201895475 -0.015672072371110634 -0.00211567111061718 0.9998749472225746 0.40048742294311523
0.9995203473078206 -0.006509859159207909 0.030277005323862658 0.03740029305083668 0.006420273528431731 0.999974722775045 0.0030551430068719784 -0.009946868686392489 -0.030296128555874092 -0.0028592909435027573 0.9995368772835881 0.7888570967103596
0.9991979759015 -0.011037652572648849 0.03849123510659334 0.0647282131735934 0.01093315747161029 0.9999359554504943 0.0029242204103133444 -0.014228149878202478 -0.0385210464817159 -0.002501044380377788 0.99925465911096 1.1310648725758878
0.9990887488390487 -0.015652778225069584 0.03970720938395196 0.09288334208406135 0.015583074724394222 0.9998764454853292 0.0020643511710856915 -0.01897181215389477 -0.03973461621002726 -0.0014437096177571376 0.9992092253262985 1.4817556322357386
0.9991342910834818 -0.02030843156881605 0.03630751972144595 0.11265758782272614 0.02031315384393454 0.9997936380727444 0.00023885179365763884 -0.022465424145505355 -0.036304877937008935 0.0004988752162632758 0.9993406361003728 1.8431705566477385
0.9992430361979903 -0.024406323597282058 0.030293332241382295 0.13182424285051142 0.024455459395823526 0.9997001359121043 -0.0012525027183991682 -0.027245448971683427 -0.030253679372288685 0.001992391975772738 0.9995402669520892 2.2713262398318568
0.9995093107610261 -0.02575149334384678 0.01783250662638976 0.13594451531618829 0.02578534563108951 0.999666106127005 -0.0016709911898878892 -0.030947812344220563 -0.017783521943183046 0.0021299885993227453 0.9998395918825494 2.670267826737971
0.9996577538221159 -0.02604175441475163 0.0024904317544929043 0.13092311726459827 0.02604634792281474 0.9996590610131522 -0.001830162338866119 -0.03821796073319608 -0.002441922031045835 0.0018944026247562826 0.9999952241163403 3.072621220739495
0.9995584639764874 -0.026655148492365957 -0.013129362201379967 0.11867262983402943 0.02662653122544196 0.999642689605829 -0.002349670726844681 -0.046833588551766586 0.013187301765928791 0.001999043889950205 0.9999110454913779 3.4720281197101355
0.9991861593217556 -0.028006969949959368 -0.02902806666076056 0.10004421018134861 0.02791508163709356 0.9996039374800209 -0.0035660049962320324 -0.04992925164226288 0.029116442726299648 0.002752781985705151 0.999572235986127 3.911782242197532
0.99843556963232 -0.030969635230760354 -0.04655421556270129 0.07161439933191772 0.030861692992722147 0.999519054309289 -0.003035782977731926 -0.0585728338177905 0.04662584260480208 0.001594291798438782 0.998911151722241 4.412600046675986
0.9974245133679982 -0.034318227159093086 -0.062980944874375 0.04993656095273226 0.034240317075076084 0.9994109443208042 -0.0023162595702929346 -0.06777065708323265 0.06302333551320835 0.00015380655254691104 0.9980120417732115 4.842682501163406
0.9964027734642725 -0.03614782500431593 -0.07664755560461975 0.012359931060179144 0.03614033605473642 0.9993456209891207 -0.0014852338939702328 -0.07199125730540107 0.07665108702788659 -0.0012901772461299723 0.9970571429462391 5.332754418205484
0.9952839428461114 -0.03928277960279601 -0.08869462407258143 -0.03140655929010744 0.03930236330490865 0.9992261979939263 -0.0015262638211829712 -0.08188227660506217 0.08868594787984936 -0.0019668424647225316 0.9960576962100999 5.833838434375148
0.9942254446190658 -0.04084157802393667 -0.0992357333652321 -0.08245007133260662 0.0408901900926248 0.9991624521609189 -0.0015448449658331765 -0.08890942468397589 0.09921571259739938 -0.0025218438282623547 0.9950627531354472 6.315124004736539
0.992494886157 -0.04405016028377205 -0.11407665988789142 -0.12703814118163032 0.043988349516426425 0.9990273569668975 -0.0030602513876905935 -0.09703347900200977 0.11410050858354828 -0.0019807601341772937 0.9934672367674067 6.737271406045552
0.9910051666137304 -0.04877107266505161 -0.12461999123733168 -0.18047969769515848 0.04845780387199859 0.9988098355167984 -0.005545603556787626 -0.10577726853910832 0.12474213798390378 -0.0005430893171407855 0.9921890465355876 7.215398489897429
0.989909157642558 -0.04980742715028429 -0.13266152349521018 -0.2493871851248265 0.049121517831090526 0.9987571478117218 -0.008440152899342837 -0.11700997546926264 0.13291702713110512 0.001838449255093261 0.9911254633006689 7.744625139839001
0.989403826405051 -0.05184777289626136 -0.13561665362610112 -0.3258599201955949 0.05088616887911286 0.9986487357154926 -0.01054990382207852 -0.13271155587076625 0.13598038870311627 0.0035371032705318237 0.9907052148790797 8.314535120594236
0.9885057150986942 -0.05574261579773469 -0.14053188962383306 -0.4014346168140892 0.05444717780737196 0.9984313811625065 -0.01304921218856376 -0.14981004282038937 0.1410388458759908 0.005247656043976006 0.9899901545268077 8.898019994462588
0.9870593449717326 -0.06016454231181879 -0.148640766118799 -0.48580744894382955 0.058560105178331205 0.9981689021580913 -0.015151133489401466 -0.16151373282884737 0.1492801513446343 0.006250648999923296 0.9887751846611054 9.475699749856382
0.9858266457236823 -0.06580783438581018 -0.1543215912134242 -0.5600542700604715 0.0639321694007897 0.9978078817698398 -0.017091190528869406 -0.17467994870724102 0.1551080342757981 0.0069828369188436375 0.9878728347776664 10.015487071673636
0.9843671445133297 -0.0688006976538293 -0.1621350943041634 -0.6506815323423196 0.06637596069138553 0.9975875268231651 -0.020331211698682107 -0.19710277629673933 0.163142749287148 0.009251504158100474 0.9865590975840441 10.595770299231356
0.9831899251375528 -0.06749814541019471 -0.16965132323149673 -0.7570292287555468 0.0642810302577244 0.9976337146553573 -0.024390992844876093 -0.21109570231861102 0.17089622657337727 0.013075616587277489 0.9852022675541523 11.151592433449592
0.9818062306103986 -0.06860742256071421 -0.17705803315347365 -0.8654846669494833 0.06461673690041327 0.9975112198084987 -0.028214245843262008 -0.2306889233465002 0.17855308131461564 0.016260010016505524 0.9837959184847839 11.739312661276346
0.9795189285622011 -0.0730082748754759 -0.1876498345004993 -0.9777832658595677 0.06847323532679742 0.997185218994298 -0.030545950029015452 -0.254268000844812 0.18935174842667504 0.017071344967548474 0.9817609100737106 12.328079225629606
0.9773608416102813 -0.076814963688939 -0.19714270628230157 -1.0982790129443805 0.07153202216149149 0.9968657640469175 -0.03379080165730598 -0.28235438779149447 0.19912045372670967 0.018923789911708656 0.9797922918063026 12.92045433226117
0.9756292042442258 -0.07859466972476266 -0.20486711233537264 -1.2280790688063457 0.07258842905140848 0.9966871927234616 -0.03668187330104566 -0.3093896592367203 0.2070714267918859 0.02091692501016356 0.9781021963243369 13.531726177650745
0.9727929603370992 -0.08069730235745977 -0.21716768109185097 -1.3544401896119174 0.07348292914466943 0.9964489406464611 -0.041106785435803254 -0.3359635324613145 0.21971371245987964 0.02403027417185235 0.9752683889475364 14.092349055102114
0.9707557038916955 -0.08384553377924764 -0.2249517499976653 -1.495099165625927 0.07522467644979938 0.996075291829931 -0.04663969402709374 -0.36919166065322295 0.22797941006758057 0.028353826394174154 0.9732530241997952 14.705821332680458
0.9685625757484644 -0.08796278967305558 -0.23269955842767312 -1.6378229147629155 0.0775120853881769 0.9955442635976596 -0.05369819211639899 -0.4068760117262207 0.23638615331333654 0.03397303122665843 0.9710650954858775 15.314554743229921
0.967416234037838 -0.09249474370426837 -0.2356916470881585 -1.7797395509518703 0.08010061455984384 0.9948784684267563 -0.06165001709624596 -0.4423115121836696 0.24018684740672766 0.040762181589235266 0.9698704670650117 15.895436799161681
0.9661712424622847 -0.09957931669232112 -0.2379014290120506 -1.9309553614585073 0.08511237456563853 0.9938844325698268 -0.07035352436908876 -0.4895711683035899 0.24345228266476324 0.047725196515508786 0.9687379891812194 16.527338622471387
0.9654235135314768 -0.10321244559889324 -0.2393838561683594 -2.0963799176895805 0.0868600166724811 0.9931692482701486 -0.07791137140471972 -0.5451456153140279 0.2457901076613837 0.054424584187693845 0.96779397994191 17.179744268016236
0.9646122888652087 -0.10943795762524743 -0.23988844407565324 -2.2586226900064075 0.09142811896016297 0.9921778137677881 -0.08499461706707441 -0.6075967671110026 0.24731362929209855 0.06005430290817536 0.9670726185083433 17.850204941793038
0.9640366807603011 -0.1121851399400732 -0.24093105346818136 -2.427540277672385 0.09273943523625772 0.9915578215925972 -0.09062275426515892 -0.6735691781198219 0.24906359689991117 0.06501984939362448 0.9663020976299851 18.51901074799838
0.9629121335183553 -0.11688578038338128 -0.2431829300491656 -2.586319145032701 0.09616961935023043 0.9907804254018887 -0.09542302109283839 -0.7393993079184762 0.2520944811715663 0.06849717501197004 0.9652753542788806 19.142724639021942
0.96299307852485 -0.1203079849461917 -0.24118523891693502 -2.7540182961916453 0.09884617511224804 0.9901424048328858 -0.09923432781768882 -0.8099323591820398 0.2507464144886441 0.07172173248002758 0.965392266755412 19.822526461722276
0.9622690323217626 -0.12223315525002088 -0.24309949648685558 -2.9343889343578775 0.100346635392519 0.9898629001330722 -0.10050866482818427 -0.8869083497327921 0.2529206638452842 0.0723221591060978 0.964780100905016 20.538600738336676
0.9619998239817554 -0.12467175091022296 -0.2429265180750159 -3.110197222112817 0.1027710125016821 0.989576309071822 -0.10088036237627798 -0.9682427419328428 0.2529712585422518 0.07208108662311755 0.964784877215009 21.23871470269923
0.9609014916994912 -0.12712469524227224 -0.2459829976019725 -3.293846030429203 0.10513612044278565 0.9893562635272255 -0.10060109342192675 -1.0504520963945134 0.2561537027410158 0.07080604267297086 0.9640393067157899 21.95814586482455
0.9592510447937261 -0.12931858001577576 -0.25122527326057026 -3.466396263305788 0.10723225449401935 0.9892167629533618 -0.09975690195772027 -1.1278732237223912 0.2614166724948404 0.06875245999072144 0.9627743362735369 22.63052864065469
0.9579918190174406 -0.13301875661399779 -0.25408204400256507 -3.667138607513172 0.11125242604775995 0.9889224925641282 -0.09826088438050717 -1.2156813316265673 0.264337988934892 0.06586587955548542 0.9621783169019343 23.40125974846663
0.9551121879720067 -0.13533959598262613 -0.26352210940751397 -3.9000899388957597 0.11324231178841115 0.9887835065701112 -0.09738252387226042 -1.3140105144041714 0.2737460268353543 0.06316938256920533 0.959725347116394 24.25084229108032
0.9527635646652524 -0.1376628459712826 -0.27072223899312065 -4.124863077801419 0.11622187317725108 0.988786418434184 -0.0937757693397909 -1.4035441008084937 0.28059591237495307 0.057882290548885745 0.9580791065456349 25.07007067019891
0.9510714609819231 -0.13827798185969942 -0.2763010601472951 -4.317371291461978 0.11729221754696556 0.988903731722357 -0.09116986941151137 -1.477232536454725 0.28584193500713967 0.0543010968434835 0.9567370480299009 25.75795279672425
0.9488434453963205 -0.13901905846454288 -0.28349570986537315 -4.535506736733969 0.11817341484344912 0.9889568148365914 -0.0894397138440305 -1.5552776980276128 0.2927988390562331 0.051362630110772065 0.9547935484047985 26.509253205489387
0.9460851321083871 -0.140432476903114 -0.2918932034739972 -4.764811095017593 0.11893593358157722 0.9887942946844572 -0.09022242793532922 -1.6360377484249362 0.3012924932794288 0.05064150699103823 0.9521860486602092 27.270335087389817
0.941447989032712 -0.14349676578581697 -0.3050972994886605 -4.994504444067264 0.1208478699372986 0.9884012106205322 -0.09197194776389324 -1.7149545683916907 0.3147562172187879 0.04971644650291222 0.9478696105843053 27.994391778206055
0.9383732739534352 -0.14718480021631442 -0.3127174976159715 -5.241728632408958 0.12408538233625287 0.9879373321610175 -0.09264256911937191 -1.7972941600328423 0.3225808683421531 0.048129640637088356 0.9453174710496826 28.75209485516688
0.9351868973479199 -0.14999932398705745 -0.3208203076991806 -5.509917702132135 0.12653055614181719 0.9876013172755724 -0.0929174713280367 -1.8848754029000352 0.33078011637825755 0.04630162976591472 0.9425713096046403 29.54956908411018
0.932651014873723 -0.15391446769937234 -0.32630112026751223 -5.7825032719552905 0.13065267387114032 0.9871329454017528 -0.09218691291491317 -1.9767905280096865 0.33629148556770816 0.04334610403807028 0.9407598800966084 30.357427624781508
0.9291325578665474 -0.15738407121045125 -0.33457875611220556 -6.078129719080201 0.13465307637212 0.9867752625334701 -0.090239294520321 -2.0694541320412956 0.3443562674555106 0.038792207738472834 0.9380372730776129 31.20772592698915
0.9247409291068531 -0.15843171675545736 -0.3460543384506434 -6.359599212842007 0.1367601162012626 0.9868344058609326 -0.08633959709031068 -2.1546619179152398 0.3551772580715312 0.032515327693544205 0.9342333053438902 31.995361668881984
0.9216829425673313 -0.16182129554640082 -0.3525825033777343 -6.655878509259711 0.14087409688987226 0.9864175397966752 -0.08446849120789163 -2.2436935453231235 0.36146236623732836 0.02818342578820364 0.9319606495474755 32.80858762135877
0.9188181520353977 -0.16449244726374646 -0.3587693385497712 -6.974265745091464 0.14406832555081012 0.9860689412998881 -0.08314060726686845 -2.333937060283176 0.36744730379095525 0.024703801264207563 0.9297161938677071 33.666592925025476
0.9161025118248685 -0.16688172149079306 -0.3645636828599859 -7.297098172256833 0.1471197961264739 0.9857518515567048 -0.08154172392237781 -2.424361088204425 0.37297714865105575 0.02106604340634265 0.9276013520900724 34.518553901323045
0.9138078574343006 -0.17027115745756788 -0.368731518356369 -7.600951489926245 0.15115768724984718 0.985238439339013 -0.08035279232300221 -2.5032603814069994 0.3769702286343188 0.017690409460672664 0.926056421680938 35.306181225000344
0.9106864600409863 -0.17437401888184587 -0.3744914859339408 -7.937789271235459 0.1556174063012031 0.9845713758697959 -0.08001517777236722 -2.5934825806687636 0.3826661656772174 0.014591345272143952 0.9237714534932575 36.1656015862334
0.9086103784321191 -0.17838290126572334 -0.37763305038286116 -8.277194940430933 0.16008162934009865 0.9838895770371224 -0.07959379464211803 -2.678818710927423 0.3857473942274408 0.011867633872663264 0.9225281064081483 37.02102963597746
0.905965802626375 -0.1838066748684743 -0.3813673697962938 -8.616381838667246 0.16527715117595593 0.9829069308262696 -0.08110134791015106 -2.763936910249723 0.38975560005047827 0.010443735322102153 0.9208591100824347 37.870280801020286
0.9037819443229886 -0.18496004487847442 -0.3859637015501731 -8.97835492532221 0.16649889939617638 0.9827049282222984 -0.08105023471569586 -2.8493591642716645 0.3942794866787015 0.008989207204208073 0.9189466146290651 38.733899942750085
0.9023137950390965 -0.19014257484858815 -0.3868793306860584 -9.323710288452562 0.17226999872396265 0.9817369992559574 -0.08071872045290565 -2.9333146713025005 0.39516181852728305 0.006185913178946449 0.9185906986554748 39.57256374474954
0.9009605554679677 -0.1911730020504383 -0.38951631644627494 -9.705002271079914 0.17430054982826365 0.9815520591621675 -0.07858036322182699 -3.0198096437436206 0.39735298642443406 0.0029048995735462615 0.9176612478131849 40.482911238692694
0.8999638345693641 -0.19430730468282156 -0.3902688404345179 -10.080853709291883 0.17825826768544648 0.9809407071085192 -0.07732605731072795 -3.1062056201373096 0.39785561007605486 2.2007622028037688e-05 0.9174480437859545 41.38182426941209
0.898055579054087 -0.19963731340196006 -0.39197081527516336 -10.457738272943473 0.18384201693703212 0.9798675222074885 -0.07785725227286963 -3.1950100577777993 0.3996226842139378 -0.002140565487166797 0.9166772214040462 42.284888175746495
0.8951607651347591 -0.20567805020283322 -0.3954538458886372 -10.850703195905986 0.1898421110058112 0.9786109857156323 -0.0792496783938968 -3.2839172678748514 0.4032953972613752 -0.004132590161101395 0.9150605139805511 43.2138977469996
0.8933132428081179 -0.21024078585836814 -0.3972282243060032 -11.236769306964051 0.19529668264299732 0.9776193504585811 -0.07822794486359988 -3.372272308762741 0.40478470323405874 -0.007695295354813787 0.914379640224517 44.120972002107
0.8909420536498976 -0.21144624131608877 -0.4018864815733438 -11.62704172086129 0.1978928456610705 0.9773125562642351 -0.07548899922790267 -3.4583839155770373 0.40873056978193717 -0.012274135471181245 0.9125725543342669 45.034727311505044
0.8881447469653437 -0.21468717627445735 -0.4063352369425592 -12.030267401121824 0.20285294710418608 0.9765172749061437 -0.07255820877768031 -3.547908494234796 0.4123706952355028 -0.017984108350964405 0.9108386144415536 45.97622619256201
0.8849024335780045 -0.2164134914167221 -0.41244743153588637 -12.459571333810198 0.20528864504404767 0.9760711870218848 -0.07170502131418473 -3.638412662909651 0.41809598809807336 -0.02121882651121498 0.908155001163228 46.9320116843433
0.880949623912899 -0.22251401043091054 -0.4176305487984261 -12.86769770071654 0.21069450876101684 0.9746804685405964 -0.07487194550322149 -3.725034332476527 0.4237163958424027 -0.022034051089988217 0.905526872316271 47.84747066201286
0.8754453220962702 -0.22862153274310504 -0.42582588317991094 -13.264270937938745 0.21550008329588377 0.9732628274387619 -0.07949328792655419 -3.808847202205965 0.43261438038884575 -0.022173486241460285 0.9013063488008253 48.73257107401999
0.8703622909546089 -0.23160224151866188 -0.43454560659127167 -13.682713248861322 0.21785163975605376 0.9725314721416969 -0.08199511418067951 -3.8996222326626553 0.4415995307287401 -0.023301017519316628 0.8969096482047236 49.62195554131232
0.8648783301899728 -0.23339524471239714 -0.44442337215030064 -14.112386941024566 0.2209968986728677 0.9719579483600602 -0.08036241283508544 -3.991634838460423 0.45071703400778923 -0.028712477520108217 0.8922049926389556 50.51108217623563
0.8607819886257962 -0.23521997462356894 -0.4513600908315968 -14.566541127366317 0.22475836658895934 0.9713230257227284 -0.07755808371218904 -4.085892404148464 0.4566596595996658 -0.03468635522696996 0.8889650229651254 51.433129473945364
0.8570780450261192 -0.2377052849639813 -0.45707047841049453 -15.035807158803113 0.22709924380073881 0.9706653268781993 -0.07896047531247105 -4.1856754200546655 0.46243178761773984 -0.036125070195519374 0.8859186311981652 52.359866206844316
0.8541799132901293 -0.24342320107776072 -0.45947994614425075 -15.461143186015255 0.23116051537723675 0.9693011994827521 -0.08378544510730146 -4.275198981339098 0.46576978418763687 -0.03464577691948033 0.8842274471421073 53.19034394253799
0.8529957937383974 -0.25012002571876074 -0.45808094109998515 -15.903619376500583 0.23485904728898435 0.9677531689330423 -0.09107706586493271 -4.371206584877631 0.46608948043386716 -0.029896099319161287 0.8842323334250941 54.04815815250805
0.8499370784503288 -0.25418817603676164 -0.4615141751218743 -16.354407651486135 0.23847847550502863 0.9666632897202075 -0.09322071136879316 -4.475406458240811 0.4698244133675019 -0.03082945783517198 0.8822213810226276 54.92932593955426
0.8486388744502464 -0.25571331381070045 -0.46305805458038357 -16.831214176453486 0.24192722891847657 0.9660992367871611 -0.09013035330615436 -4.58201988683306 0.470407564437102 -0.035538230389475 0.8817333823220819 55.84813123499089
0.8464457336953998 -0.25679140624920477 -0.46646306776143887 -17.30984614499034 0.2451341818548058 0.9656002764131795 -0.08674871225077013 -4.680950779560975 0.4726931909761678 -0.04091796509294893 0.8802765857032782 56.75735927750542
0.845152546588026 -0.25919248167671916 -0.4674788021269396 -17.767744010979765 0.24925507751808718 0.9647632722134368 -0.08428365748752542 -4.777900998622943 0.47285206917938627 -0.04528891730087781 0.879977178478219 57.639693443641455
0.8431260266314152 -0.26226331270193365 -0.46942140772160157 -18.256762892893452 0.25197362258831596 0.9639086300351355 -0.08596188959945814 -4.884306572940647 0.4750239959585655 -0.04580510620439929 0.8787798902507731 58.56677915019076
0.8370706186193717 -0.2679792532503096 -0.47696949511639514 -18.713575559097904 0.25700544494573296 0.9622484735544544 -0.08958837207120289 -4.983856999336494 0.48297099365534185 -0.0475919632871865 0.8743420522415943 59.424935537997676
0.8329643845741166 -0.27357883825042856 -0.4809625279505765 -19.142296857839654 0.2615628640476724 0.9606527032441742 -0.09344116812647049 -5.077940942783715 0.48760147885567573 -0.04796877120800944 0.871747552222862 60.226669539507924
0.8302181848085513 -0.2780051571057835 -0.48316756745024086 -19.63629098255683 0.2663584749233246 0.9592542715919395 -0.09425712317452817 -5.186039170910429 0.48968451930780404 -0.05044179869122592 0.8704393697984247 61.12546189313626
0.8262990744315359 -0.2817993488819881 -0.4876668602266043 -20.12742483717319 0.27101357765470424 0.9579408621593298 -0.09434482143836714 -5.2957840280838235 0.493742321783726 -0.05420730186171732 0.8679170974836756 62.01048030496659
0.8224504096205458 -0.28497478051671377 -0.492305492742512 -20.60146401655866 0.27452981896434214 0.9568496715392507 -0.09524749117238723 -5.401367374193244 0.4982054819192602 -0.056816199667693856 0.8651954792073978 62.869131062300006
0.8175540067857965 -0.28733069290278823 -0.49904560804048087 -21.11056550715807 0.2768911960651057 0.9560110213609191 -0.0968204140565786 -5.51742780672166 0.5049125781064726 -0.059025417850751015 0.8611499802690697 63.771900010196234
0.8125227753306932 -0.29036292265863994 -0.5054662330107134 -21.621652760783476 0.27925850172213784 0.9550249438622357 -0.09970980802729798 -5.6314210035519805 0.5116848920818504 -0.060139252955674044 0.8570658326342959 64.64527180451921
0.8076607228291282 -0.29528678183109247 -0.5103820855740994 -22.13725785750537 0.2843861403160448 0.9533193465044445 -0.10152214919160246 -5.751804818405362 0.5165352650064402 -0.06315013900361521 0.853934060656062 65.53026904180497
0.8019925887777544 -0.2995316539050133 -0.5168062266018894 -22.66032183574732 0.28908346200029117 0.9517458131797021 -0.10300805353385845 -5.8738629980830614 0.5227223350340813 -0.0667884376508045 0.8498827360599124 66.4147803730145
0.7956246555683875 -0.30502147376834016 -0.5233959380735342 -23.168437076845702 0.29399004672625434 0.9498406722616866 -0.10664215743955299 -5.988865439238728 0.5296708977068496 -0.06902606650865595 0.8453899350387152 67.27907744706174
0.7898503972931911 -0.30848827125749 -0.5300672942111725 -23.737030935541792 0.2974636610827476 0.9485171498517354 -0.108768500828084 -6.1178113382264945 0.536331725922527 -0.07176491436423434 0.8409506982191391 68.20273952056797
0.7846894328967708 -0.3105390027691973 -0.536496059313819 -24.28213402411805 0.29984994656376074 0.9476293562485522 -0.1099482274603131 -6.244675652334724 0.5425426282292058 -0.0745931024630786 0.8367098455373156 69.08170929966535
0.7779101612138335 -0.31396742742645234 -0.5443163010561811 -24.811552821211585 0.30392956128766724 0.9461597379827031 -0.11139377000527925 -6.3700825376942625 0.5499841841869217 -0.07877946899870741 0.8314512567845022 69.92654046728956
0.7717571683696995 -0.3174812642497461 -0.5509959345769859 -25.344430731303817 0.3066453993611705 0.9448609616166862 -0.1149189377927734 -6.491016449017611 0.5570991582479832 -0.08027085438173678 0.8265573893059178 70.75327098278352
0.765580041775549 -0.320756903147141 -0.5576757200366576 -25.885558057503783 0.30973776239446005 0.9435362021218553 -0.11748171701306782 -6.620738148276934 0.5638703026244793 -0.08279157184714593 0.8217030104905647 71.57268721124649
0.7593799023793364 -0.3237246939797502 -0.5643974542554803 -26.430501519784606 0.31261947485310465 0.9422867903092466 -0.11985269605339478 -6.750298698712498 0.5706235429816394 -0.08542790712885016 0.8167562946673053 72.38258775901352
0.7541861140312761 -0.3257275055391319 -0.5701797063537584 -27.04186831140654 0.3156502660718211 0.941233582087613 -0.12018424804985711 -6.897438055369908 0.5758196027673874 -0.0893360850148239 0.8126812714607323 73.26839139787363
0.7516109445436738 -0.32747686551752625 -0.5725730438930763 -27.659037074930083 0.3175658924523392 0.9404803074771264 -0.12103179416450567 -7.044482535562225 0.5781287849546293 -0.09086084854625752 0.8108707752831756 74.16035634105562
0.7459537551868776 -0.32965698372911073 -0.5786875393519552 -28.245117794117615 0.31951997856126263 0.9395188745477082 -0.12333396802510675 -7.183800949088971 0.5843457695772308 -0.09290079357697988 0.8061696249115079 74.99871581083404
0.740749321755948 -0.3324739516891651 -0.5837392515209969 -28.840989633159992 0.32125091927046306 0.9384599249763602 -0.1268495805324034 -7.32853715798321 0.5899900754978726 -0.093563030420968 0.8019711155350046 75.83414265419403
0.73607795232896 -0.3372146645696782 -0.5869203677624117 -29.463484917379564 0.32534219427305067 0.936603470677918 -0.13010148092806217 -7.479867725323838 0.5935837807090096 -0.09518512863487563 0.7991233237529489 76.69865452515384
0.7297036005425656 -0.34066188405674913 -0.5928592886226228 -30.049926473472265 0.3283620928249339 0.9351169966015844 -0.1331710879375186 -7.626893035065158 0.599759111102821 -0.097497094406648 0.7942186885432851 77.49604297822533
0.7234226207028308 -0.34296778291877655 -0.5991934677007312 -30.65691508147862 0.3318173549171947 0.9337957169646444 -0.13387606938599006 -7.777256897535518 0.605439472475329 -0.10197381457151125 0.7893316073175649 78.31391485831173
0.7190843270053248 -0.3461947007491251 -0.6025503794941326 -31.29655027072557 0.33597222318246994 0.9321983033019262 -0.1346439325437241 -7.934261389051222 0.608309457353022 -0.10561984895953047 0.7866409928300445 79.16356590882215
0.7133644237157231 -0.34830776463693996 -0.6081059941082252 -31.922646680325453 0.3381482209709484 0.9311200110687521 -0.13664298606774475 -8.088310661626178 0.6138134729955977 -0.10815371505845406 0.7820075410685869 79.98140948971528
0.7091679835424014 -0.3513966375530046 -0.6112292321501375 -32.57685432814895 0.3420034763884114 0.9295686886852411 -0.1376069589600853 -8.25001452214952 0.6165341784983583 -0.11145607265844071 0.7793992241533929 80.83238459080798
0.7040533815718159 -0.35399697524041057 -0.6156256796284014 -33.249103449008224 0.34487242376672117 0.9282479054924512 -0.1393514882379966 -8.416475117274686 0.6207832530139308 -0.11420143374545517 0.775619871656164 81.69675076779879
0.7001920354410678 -0.35688082071481136 -0.6183584666767468 -33.920325972173885 0.3485500037176322 0.926747140198195 -0.1401878491271824 -8.586813964371842 0.6230922952607689 -0.1173704304345422 0.7732917778214619 82.55451170926037
0.6939338357972411 -0.362996664691028 -0.6218434312259934 -34.59897720360929 0.35565859069463035 0.9237160153600651 -0.14232248533676353 -8.756613655319233 0.6260693239576883 -0.12240157021261318 0.7701006799170156 83.41934609748623
0.6867287354928715 -0.36915421626848754 -0.6262018911338104 -35.28909743508163 0.36154569829900063 0.9207995087454769 -0.1463317215629491 -8.932914042790278 0.6306253657202902 -0.12591040189470926 0.7658056011840493 84.29131731043361
0.6800857688331348 -0.37451457649531583 -0.6302556457685867 -35.94158402176723 0.3670983395611763 0.9180999004625706 -0.14943688253588952 -9.098727174393197 0.6346039364218216 -0.1297359039092578 0.7618703558445994 85.10981646903149
0.6720994243818573 -0.3800723036684472 -0.6354741597655534 -36.61256928221982 0.37312975744825955 0.9151273975916633 -0.15269587513653782 -9.272493585726872 0.6395752870868131 -0.1344875093132064 0.7568728836380327 85.94464830610033
0.6632124752557421 -0.3838166044466958 -0.6425216158357325 -37.31148116736768 0.37674085497648274 0.912999935106176 -0.15651660195553485 -9.452898608808812 0.6466958642644476 -0.13826037988927709 0.7501123425835174 86.78393525198513
0.6555028389596085 -0.3861485046811536 -0.6490033593506298 -38.034251725734386 0.37969327425447774 0.9113868020560117 -0.15876748572686428 -9.639927695675157 0.6528009234075941 -0.14234967288555744 0.7440346262288922 87.63284898547458
0.6471898542330033 -0.3866408325250028 -0.6570039263217815 -38.78328606563398 0.38107377181231705 0.9105157666098301 -0.16044880551642576 -9.836510360425814 0.6602484933830581 -0.14652612524490782 0.7366152466560243 88.49568778976747
0.6388487086751182 -0.3887382816750405 -0.6638937232603355 -39.49443365203615 0.38322765739895354 0.9090633291039519 -0.16352500201177333 -10.026998756630055 0.6670898665312226 -0.14995469995561 0.729729194929584 89.30410724392817
0.628521733554172 -0.3906032625100412 -0.6725990795165948 -40.23488216480233 0.38369546089899575 0.9079176672009965 -0.16871070763234888 -10.225583677864734 0.6765635400578174 -0.15203486738512514 0.7205186849510717 90.11671813033686
0.6170469231866336 -0.39383776440076956 -0.6812818138756626 -40.973858863713915 0.38542624597652975 0.906052327967369 -0.17468768673650428 -10.42614644658745 0.6860755814765226 -0.15479339235482695 0.7108722122751292 90.91758288817604
0.6078213863832883 -0.3965919479476438 -0.6879447572866522 -41.749384185550134 0.3871738668369617 0.9044050923259973 -0.17929814782456288 -10.637643271466152 0.6932889434381684 -0.1573729830622066 0.7032667951129858 91.72920860703194
0.5979198816055591 -0.40013270577480914 -0.6945398713897745 -42.51701481444211 0.39214525372803793 0.9017378022537749 -0.18190941692255813 -10.857146450780151 0.6990807644037756 -0.16359325706110966 0.6960771013937829 92.5222266297462
0.5870420911323355 -0.40225607055082124 -0.702546537208737 -43.27460139716576 0.3950886000572036 0.8998080112584035 -0.18506901680193752 -11.068849819610646 0.706602137941723 -0.16892482523362126 0.687151964325197 93.2911935478949
0.5766593555021489 -0.405446356536861 -0.7092793805566543 -44.025345430489885 0.3982398626328857 0.8975391772163402 -0.1892840119290472 -11.279632131890715 0.7133505446286467 -0.1733109267553548 0.6790392648037472 94.03454005761103
0.5629265070465692 -0.409088463901694 -0.7181645886333451 -44.75066189573351 0.40037916265462464 0.8951296550064974 -0.19605975323847333 -11.4829618282078 0.7230562037465215 -0.17717090458227555 0.6676827066752349 94.73269881339353
0.5517144435808097 -0.41177075140816344 -0.725297194968431 -45.5230713164442 0.40166041409853037 0.8933169725855745 -0.2016276227026972 -11.7091662718674 0.7309446521389393 -0.18008230000558248 0.6582478869956095 95.4563826541492
0.5428686853703499 -0.4149283020541803 -0.7301562124632669 -46.342936433056124 0.40366849058539656 0.8913223410701954 -0.20638855108182308 -11.95289378353739 0.7364409957035091 -0.18269917477531644 0.6513644689293719 96.20878471202751
0.5333851536181519 -0.4157259988211172 -0.7366628616972116 -47.189299690965974 0.40411974270823575 0.8903134453528284 -0.2098313670007555 -12.207711587791485 0.7430932050915081 -0.18577907021018508 0.6428830574985386 96.97167457305602
0.5241853467608114 -0.4157556312936487 -0.7432206787279724 -48.07329702680791 0.40554348784808714 0.8892852616333332 -0.21143841397849833 -12.47235531352677 0.7488419070172666 -0.19057538794228934 0.6347572920458572 97.7521544559612
0.5168333196792725 -0.41759184176577513 -0.7473288254576904 -48.893954949080836 0.40865745175987256 0.8874235569415543 -0.21325692885889438 -12.718716648074908 0.752251558184116 -0.19518320695148947 0.6293020808274048 98.46199440775183
0.5073043871055604 -0.4193273561817449 -0.752865743131589 -49.72744690859415 0.41138238346230827 0.8854993510556621 -0.21599868947952336 -12.97023198262187 0.7572362863732311 -0.20013862105458116 0.6217215928066586 99.17434615400515
0.5000898965119107 -0.42218942017073263 -0.7560860988687776 -50.55987364688424 0.4129459858788445 0.8837051208884028 -0.22031993115050327 -13.223735961289062 0.7611739013873609 -0.20204294793809044 0.6162734287921479 99.86806136586574
0.4943598015406464 -0.42529956493125026 -0.7581086114073513 -51.433262382794254 0.41542579448392797 0.8816842896088041 -0.22372801061649852 -13.495342477306377 0.7635638780731383 -0.20433573727155044 0.6125496800877477 100.59349659241445
0.4883583948098461 -0.42827664714160496 -0.7603191380807772 -52.371408987792115 0.41700281812142803 0.8798979850720741 -0.22778978367102315 -13.791532813261625 0.7665603224127491 -0.20581217014367625 0.6082981363798616 101.35663905268986
0.48345920198513104 -0.43159480097188296 -0.7615727987460824 -53.309340799002655 0.41904592103795446 0.8779490648489052 -0.23152959981908405 -14.088660218956864 0.7685490980265038 -0.2071988593235337 0.6053105951638992 102.11205830854905
0.47868382562931205 -0.4331943524172851 -0.7636782359833593 -54.186446969515245 0.42148588753540617 0.8764052141839218 -0.2329453737675959 -14.370113356715729 0.7702022083124517 -0.21037241640719673 0.6021063068309613 102.81310823697505
0.4741779439199225 -0.4331736229839681 -0.7664958511634735 -55.06821587218699 0.4247349030739035 0.8751353253198187 -0.23181549665235257 -14.651033509022707 0.7712039546129653 -0.21563574547907888 0.5989538259841114 103.51272596321968
0.4700125200660626 -0.4344370760979189 -0.7683441012285057 -55.94761437892391 0.42977454778040575 0.8729691284618794 -0.23069186988850462 -14.932010926383716 0.7709617818421981 -0.22178667152017503 0.597016417927267 104.21771637178304
0.4635972200156757 -0.4351315086515362 -0.7718407787700616 -56.81250367134887 0.43161307287303746 0.8716698741819822 -0.23216758121809666 -15.205082075972358 0.7738137843944313 -0.2255043250631914 0.591912177995151 104.89973365868258
0.4592442694531594 -0.4366374251642572 -0.7735906281234035 -57.6743010071848 0.43554467378793893 0.8696746229643569 -0.23230774267501694 -15.47745004232574 0.774206392449321 -0.23024727819831378 0.5895681917919898 105.57871762538637
0.4562326299798254 -0.43788747639884135 -0.7746653118313391 -58.549582290133685 0.4404387002023466 0.8675551564611848 -0.23100173562481474 -15.758143655466451 0.7732176528673922 -0.23580205366082702 0.5886695616248365 106.26878056251525
0.45046948030440304 -0.43905340498823425 -0.7773733690335158 -59.41794856627457 0.4446083293407996 0.8653925600702035 -0.23112583251536958 -16.035856224234163 0.7742097137049266 -0.2415115412218993 0.5850397376773296 106.94032432569342
0.4508695415497628 -0.44034241456793916 -0.7764117557296413 -60.355803556276825 0.4483592522786624 0.863868258766781 -0.22957702931994092 -16.332573461003673 0.7718099749283018 -0.2446021042994672 0.5869234815318323 107.65976641292917
0.44962044510346405 -0.44250580292428265 -0.7759059670625679 -61.23155535469319 0.4523695217960355 0.8618299457575512 -0.2293707922678088 -16.608290110833984 0.7701969041063388 -0.24786641356559794 0.587672502275833 108.33929321829548
0.446929932076153 -0.4431289494530745 -0.777103834742192 -62.049447986760896 0.4565264039465225 0.8600365847027137 -0.2278611758780967 -16.864801592190858 0.76930961147906 -0.2529304393099155 0.5866761581626028 108.98194025953372
0.4436679817713795 -0.44418899320647404 -0.7783667903149066 -62.89842706420714 0.460317430009686 0.8581518636362744 -0.22733948747823604 -17.12424393543892 0.7689386097603558 -0.2574325489362371 0.585202441184248 109.64267524185935
0.4373046579091747 -0.44700634766061165 -0.780352459675793 -63.73115865791033 0.4644295812371154 0.8553083858845363 -0.22967962275201292 -17.38137894780479 0.7701102520047746 -0.26197879720830425 0.5816333119504358 110.2873233492335
0.4347016991906967 -0.4490051624282514 -0.7806592065898542 -64.50599297703994 0.4679266481887513 0.8532594276680443 -0.23020208732859535 -17.625519083123876 0.7694667534309471 -0.26522200739829493 0.5810148037322777 110.87958141697065
0.4326665978983936 -0.4524024041669016 -0.7798279808823465 -65.36398805979918 0.47258772455898945 0.8504277307426384 -0.23115691073399355 -17.892202258523962 0.76776328230724 -0.2685232568846396 0.5817514957891208 111.53415512717027
0.4324985422646406 -0.45460415356745654 -0.7786398875591832 -66.18795396973134 0.47559822877345426 0.8486992614641736 -0.23133501329828926 -18.15386326795156 0.765996955429011 -0.27026769534922773 0.5832701236340698 112.1595272026461
0.43330433170811944 -0.45636416999647245 -0.7771609231468158 -67.00633511015438 0.4793126131648924 0.846943044620831 -0.23010192965170764 -18.41387807656007 0.763221314550388 -0.27279887007065845 0.5857251928201055 112.78936602512742
0.4374503387656471 -0.4582765791279324 -0.7737052269027402 -67.77026368036725 0.4825531116187829 0.8456544705626432 -0.22805922670316692 -18.651314632808923 0.7588014862800754 -0.2735892787377018 0.5910746238665072 113.38643659758999
0.44109928776719054 -0.4596259367291619 -0.7708277476953708 -68.55225285866649 0.48571701886455626 0.8444999463260058 -0.22560766441036995 -18.894698160559688 0.754659125643231 -0.2748887755824422 0.5957564646247493 113.99979826047337
0.4458601292650525 -0.4616210092710244 -0.7668864250535095 -69.38885899750107 0.49105172419533 0.8424672900780346 -0.22162371108111806 -19.150263734511853 0.7483828895001172 -0.2777677248136905 0.6023023673830957 114.6626129999487
0.4522416524265468 -0.4615332050382162 -0.7631936768983733 -70.21552156334165 0.49510463231657403 0.841657453991419 -0.2156017931264782 -19.39721888988892 0.7418550335942843 -0.2803566135974582 0.6091397855525356 115.32812028423629
0.4576285118806162 -0.46201084656026953 -0.7596855420334099 -71.00300002410924 0.4991318228845321 0.8405634046606077 -0.2105245499444933 -19.62528434662153 0.7358284912246174 -0.2828411929087248 0.6152700960521913 115.97627166801796
0.4654875035726318 -0.4638406456969027 -0.7537726709142482 -71.79510519925165 0.5059533372245255 0.8382428666959804 -0.2033718687150963 -19.854619979196546 0.7261767034056411 -0.2867067348926167 0.624873302036605 116.6455128419345
0.46966833329284763 -0.4648766557997024 -0.7505340442607542 -72.54531555584309 0.5097336039359436 0.8369069629136068 -0.19939505622055287 -20.068051430004388 0.7208212744643385 -0.2889228795357125 0.6300319515392842 117.28653439233379
0.4758158574679219 -0.4671939591137211 -0.745204048801208 -73.27581986772014 0.5153119276742156 0.8346934303315111 -0.1942691291947825 -20.276192847907268 0.7127782873928964 -0.2915762026110188 0.6379109899446692 117.91732694299544
0.48335387567240007 -0.46750115446930696 -0.7401430276928476 -74.02182596681472 0.5156181209292079 0.8352880231235439 -0.19087134880802487 -20.486536513690968 0.7074651823530984 -0.28937275095666337 0.6447917700792017 118.57145029901247
0.4925726616023023 -0.4695095678670951 -0.7327570802955626 -74.76892002902537 0.5187957059819047 0.8344375206930124 -0.18591675425963022 -20.684033389744403 0.6987296963037718 -0.28857371630304846 0.6546006582354519 119.24953830644095
0.5009880818243997 -0.47016474123408747 -0.7266058477401571 -75.524131668906 0.5229840285408972 0.8334038339858307 -0.17867779769420666 -20.88044204646038 0.689564099820345 -0.2904878062810924 0.6634140386221533 119.94794005863551
0.5072315739969961 -0.4708047253893447 -0.72184419433254 -76.26444198513671 0.5273566409604797 0.8320308106351811 -0.1721037576249953 -21.071164298364042 0.6816238725099126 -0.2933728697491081 0.6703142962221255 120.64932334605935
0.5161331716437034 -0.47177628667047355 -0.7148662003930742 -76.97389532186793 0.532614339472901 0.8304178890716378 -0.16348729277118335 -21.243186293551418 0.6707671090004764 -0.2963667741924261 0.6798810341801858 121.33400078457076
0.5237437490056702 -0.4732769116503416 -0.7083088664390702 -77.67811850331915 0.536660451292219 0.8290400083565858 -0.15712486933310224 -21.41180226987574 0.6615799614531246 -0.29782818779092646 0.6881935230448302 122.03207313096237
0.5326351612137409 -0.47600232118641106 -0.6998010969296641 -78.37933707753503 0.5420940297929271 0.8268538316642438 -0.14982257481776107 -21.573579468811 0.6499491117785127 -0.29955722539659646 0.6984494404114125 122.73715627233356
