1.0 0.0 0.0 0.0 0.0 1.0 0.0 0.0 0.0 0.0 1.0 0.0
0.9999010569095306 0.002873710752308839 0.013770191636868264 -0.0005346639663912356 -0.0028494401537895305 0.9999943528494111 -0.0017818417712627472 0.01007640827447176 -0.01377523437237944 0.0017424281333557016 0.9999035987844961 0.06995531171560287
0.9993782688951042 0.006881473699868616 0.034579198659645156 0.0030508920160248936 -0.0068136841018951655 0.9999746277487587 -0.0020778757641588255 0.016843050630517508 -0.03459262015495169 0.0018409721480006395 0.9993998006065269 0.18409738162397596
0.9980783297547563 0.008535774705578583 0.06137416577137171 0.0217493771457605 -0.008471016986475304 0.9999632553148577 -0.0013152533321568157 0.020000953654113706 -0.06138313730309862 0.0007928242481834111 0.9981139623733056 0.3045624422269021
0.9961234351207952 0.009089968973108898 0.08749556827185746 0.04516949408104405 -0.00908273129580761 0.999958635536472 -0.0004808411853397213 0.027086193790792593 -0.08749631989607055 -0.000315721562899113 0.9961647927549635 0.47324835993995273
0.9928916075527636 0.008085153445824509 0.11874715131339586 0.08216172869514304 -0.008179596879989976 0.9999664991136574 0.0003079695713494903 0.032834254733609215 -0.11874068319733519 -0.0012770842311652813 0.992924478099768 0.6606172665354298
0.9880836589394602 0.006697649963770056 0.15377198841717446 0.13497156611155042 -0.0067786726737884195 0.9999770245310782 2.5987577610481682e-06 0.03645159912818667 -0.1537684380280637 -0.0010449377659548435 0.9881063584308498 0.8555031323247153
0.9814555233169097 0.00796691683800354 0.19152436917224827 0.1880725395757925 -0.00816725067017599 0.99996661453283 0.00025658573897069674 0.046023833479359975 -0.1915159308444648 -0.0018160550231942196 0.9814878247726414 1.0609850644480736
0.9734707108879461 0.008571133863989784 0.22865106758465492 0.2539428617600011 -0.009239980421558956 0.9999555902931276 0.001854778512946873 0.05406723925026548 -0.22862501570284488 -0.003918303945388845 0.9735066764481205 1.2988860086204292
0.9638911831214159 0.006142547038536227 0.2662255739343544 0.33731274267533506 -0.007583757972263377 0.9999616250491544 0.0043857774763733474 0.059845109590110766 -0.26618841769659174 -0.006246402559353817 0.9639007774347167 1.538860508371404
0.9525266287411862 -6.03138515160855e-05 0.30445528062621907 0.44145689172690655 -0.002659108042694174 0.9999601903014369 0.008517450130843858 0.06278684986021778 -0.30444367407349393 -0.008922677543957766 0.952488548562175 1.7767291469063473
0.9398614316139686 -0.003180342395262611 0.3415411758291971 0.541002687552963 -0.0007009105690473532 0.9999365843180007 0.011239931798029073 0.06847126921960557 -0.34155526359421806 -0.010803368210842516 0.9397996005246998 1.9906608636935168
0.924019234211107 -0.0033259663766033944 0.3823315220532846 0.666384251185302 -0.0021706252894906105 0.9999004178756498 0.013944271868897738 0.0755483025714245 -0.38233982684749457 -0.013714673884668667 0.9239199989860947 2.232380144089816
0.905777132029888 -0.005261313539483857 0.42372173141290564 0.8207173952887162 -0.0028831798312474017 0.9998232569903843 0.018577999224913683 0.08019721818737334 -0.42374458623771466 -0.01804919280686671 0.9056018729404489 2.510486167848338
0.8849422235470175 -0.010278722756576786 0.4655873804584423 1.001366695440288 -0.00031428891004172364 0.9997429851422872 0.02266858798579611 0.08750670968087111 -0.46570072171528987 -0.020206719607155074 0.8847115497587765 2.801457404651387
0.8623147672873643 -0.014074147890314446 0.5061770050874502 1.169478781706467 0.0011234153730719544 0.9996643832258689 0.025881631469884547 0.09472227971185447 -0.5063713855028132 -0.021749465988960052 0.8620411711009844 3.0340224409114085
0.8378570595325595 -0.017743152485013885 0.5456012539679018 1.3559923871559312 0.002310706048080373 0.9995779529849463 0.028958186130764875 0.10353428817094615 -0.5458847940994627 -0.02300209656353533 0.8375444436713011 3.269281638805468
0.8105562685289992 -0.020634862823491223 0.5852971364910312 1.5690522118933417 0.0027929940274260077 0.9995039393533581 0.031369960176599605 0.11277663526261565 -0.5856541084400483 -0.02379238645815888 0.8102118165109158 3.5253215543513328
0.7805549496359683 -0.023049540625739412 0.6246620600578632 1.7981884529588006 0.0029972231316638624 0.9994464383894798 0.03313356974554852 0.1227283109828733 -0.6250799846837924 -0.023990320288118233 0.780191948997286 3.7736258474782733
0.7477250303452303 -0.022260430465972553 0.6636352554157248 2.060054814533339 -0.001202899350325446 0.9993908515426408 0.03487805737176928 0.13997594849682818 -0.6640074035945516 -0.0268774829242815 0.7472427777391211 4.040792872545793
0.7141425922876081 -0.02393893869974196 0.6995907983204648 2.3389519194538195 -0.0028343271989448963 0.9993079806513885 0.03708808967544035 0.15323582366897537 -0.6999945174571474 -0.028469053731625508 0.713580541011007 4.291046491850766
0.681564037426011 -0.02450411667093813 0.7313480779722689 2.61075484569271 -0.004665130815450095 0.9992733516266095 0.037828630472131385 0.16878417627892756 -0.7317436022556191 -0.029194468570251132 0.6809544651170671 4.514164913668468
0.6486833550193603 -0.026579763966584527 0.7605941237403214 2.915186790105934 -0.0050810136685255965 0.9992164215416312 0.039252085570546845 0.18282064999776462 -0.761041449739058 -0.029326763698334167 0.6480400085720442 4.7456982119947755
0.6173325004492017 -0.026425816315060597 0.7862583927190977 3.2400309864643217 -0.007713075898991246 0.9991843318222199 0.03963810667981475 0.2011405235484912 -0.7866645360948418 -0.030534362168983517 0.616625137646545 4.980438305154691
0.5891759289189504 -0.02587674151706852 0.8075903163305951 3.5734636781621094 -0.008539637156486734 0.9992318112867037 0.03824737781768756 0.2193750533015319 -0.8079596520741166 -0.029430962627005754 0.5885023526368611 5.212960014350427
0.5594474831461742 -0.025402822369694426 0.8284764391442069 3.967028089088994 -0.008930324497095576 0.9992875024979633 0.036670651149925966 0.23719807150329553 -0.8288176897881631 -0.027913866930913463 0.5588220227650084 5.464178653866326
0.5325506667020162 -0.023451442449890947 0.8460731748745245 4.3520259310797655 -0.008800542557281125 0.9994086187076627 0.03324098830569616 0.25371317879288774 -0.8463523721511836 -0.025148413466089623 0.5320293407831969 5.695847917786104
0.5096515681706204 -0.021613521785369055 0.8601093737061937 4.7667930404220575 -0.009290698497056608 0.9994878852627196 0.030621073372652526 0.2744724809167477 -0.8603307282566769 -0.023597094929036423 0.5091897633773148 5.939670887227777
0.48830892983326735 -0.020878446604433658 0.8724210448587741 5.237330409181622 -0.009869954294767587 0.9995176876796859 0.029444456484594383 0.2957778344739302 -0.8726150199528475 -0.022988746874063975 0.4878673431065579 6.202218021670121
0.47141082659422395 -0.0207519783509263 0.8816695457847422 5.727540238189738 -0.009824460488874942 0.9995375120711607 0.028779192808296498 0.31563021372117417 -0.8818590094487063 -0.02222875068728011 0.4709889277860252 6.461600686810286
0.4596442021916116 -0.02174545120237201 0.887836889717724 6.2545175549841145 -0.00890560211490014 0.9995370709130019 0.02909182224659719 0.3358937923432815 -0.8880584989980151 -0.02127860950959387 0.4592377631845298 6.729082683183642
0.44953446538251157 -0.02198827789997985 0.892992318034289 6.7944080906766455 -0.01055507547440412 0.9994964397003369 0.029924194359758988 0.3529728455087626 -0.8932006240565381 -0.02287755802843163 0.4490760097396282 7.002279975899032
0.44355639894502696 -0.022423158789552804 0.8959659161512892 7.336079126039878 -0.012409002736278625 0.999437504587617 0.03115591556620299 0.3680268549463868 -0.8961605534757773 -0.024937449219514036 0.44302865146671166 7.277024602033816
0.4337388765986565 -0.023362767677259595 0.9007356815478079 7.901070180436273 -0.01357104340688412 0.9993810143814863 0.032456353379268846 0.3866172731418746 -0.9009364093584985 -0.026301505285627733 0.43315334133759864 7.554807246922911
0.4229151003182579 -0.02328686590960321 0.9058700457565125 8.496615520294878 -0.015967238243049575 0.9993230419878241 0.03314370309864749 0.4028583567479364 -0.9060286227408534 -0.028481215358719513 0.4222569776167147 7.843329912696306
0.41243069618681416 -0.024003490607833657 0.9106726927285673 9.08870313472593 -0.0168042432722877 0.9992822681377864 0.03394946234400516 0.4191883431690055 -0.9108339795214635 -0.029304965859746224 0.4117313210396478 8.114699887007413
0.40164884139148704 -0.02465023390440224 0.915461945783294 9.761714700776832 -0.01790973593888212 0.999235072279087 0.03476365466989574 0.44213676323773776 -0.9156186157825079 -0.03035846333177139 0.4009001298785745 8.41623063837823
0.39005725146788406 -0.026280973598666164 0.9204154773818322 10.43460825580117 -0.01926196148254604 0.9991409767701656 0.03669176172663848 0.4663201113170813 -0.9205891143268884 -0.03204089520387519 0.38921596012672643 8.705773771354066
0.3791776102238673 -0.028461307276286242 0.9248860977942323 11.091061831552436 -0.02139706026136714 0.9989898991253521 0.039513886896767686 0.49299892385067773 -0.9250764864145499 -0.03477262477357644 0.3781856142812252 8.976161283546768
0.3663545605460288 -0.03152315551996718 0.9299411952554796 11.813444681704516 -0.021455174702369812 0.9988740424851725 0.042312205423734844 0.5175518425369077 -0.9302279352102992 -0.03545332023088259 0.3652657260666399 9.259482673119972
0.3543544641927622 -0.032945564258335315 0.9345306327255198 12.542197434768322 -0.02363226823354032 0.9987444667289171 0.044170194435942084 0.5420264828394651 -0.9348125104023792 -0.03773698416766802 0.3531309819615531 9.53925287274901
0.3399090032377131 -0.03217211092481716 0.9399078810163183 13.24522402938291 -0.025096754236340568 0.9987484854011515 0.04326217557759724 0.5666610536967558 -0.940123408093185 -0.03829384007314219 0.3386761865967366 9.795447726798994
0.32604730934443943 -0.03040329218401638 0.9448644304309612 13.955206341369399 -0.02785205979795261 0.9987398954527493 0.04174786217332266 0.5927615911659065 -0.9449430749173533 -0.039928198749815916 0.32478966133535175 10.045937009040864
0.3103825703971789 -0.028638952856147454 0.9501802304683801 14.645888279743172 -0.028903027509488075 0.9987996546492162 0.03954573141809961 0.6166342458991949 -0.9501722343840754 -0.03973739110598554 0.3091822516795942 10.277777418565435
0.28957611213255036 -0.026487237959293017 0.9567884309017769 15.374986369570713 -0.031705824415330375 0.9988030123378816 0.03724625139416977 0.6394400649741643 -0.956629717278499 -0.04112139066302647 0.2883896933830991 10.501155588124199
0.26837174863598284 -0.02420946188487262 0.9630111663367721 16.097656909683383 -0.035476961884828496 0.99875760224439 0.03499481582262422 0.6633622413534719 -0.9626619290849138 -0.04355633035830571 0.2671794460212665 10.709685239689636
0.2429536603019336 -0.022854939307097942 0.9697686170912946 16.822554995168648 -0.0393356138310403 0.9986679990698639 0.033390674122122994 0.6841437767421783 -0.9692400262217963 -0.046258830325283974 0.2417310327337156 10.905969339451179
0.21123051377136493 -0.022780544319600887 0.9771707715913265 17.57108698893623 -0.04225076646773594 0.9985811339092567 0.03241283285046641 0.7025722281140585 -0.9765226790939239 -0.04813279340539185 0.2099683104999891 11.077090787422181
0.17863894775999428 -0.02282450736014275 0.9836499215711701 18.310067739827634 -0.04350529413601583 0.9985698990150144 0.031071629556288984 0.7199200410185638 -0.9829523974869491 -0.04834458237394645 0.17739048911863325 11.212714463193581
0.144118621015131 -0.02189642962721986 0.9893181335881182 19.053984919256674 -0.044305303649696905 0.9986098242333636 0.028556242979762267 0.736357705916431 -0.988568087258134 -0.047947526674389326 0.14294814283719653 11.319218937441565
0.11131593069589951 -0.020440393150676188 0.9935748355816745 19.834166016997738 -0.04561957987449893 0.9986293878133968 0.025655403475962228 0.7536335910197605 -0.9927374363372119 -0.0481823216884159 0.11023087757672123 11.410565639585284
0.07941862104319791 -0.01867614028944036 0.9966663857156448 20.56747011309551 -0.048402731021856764 0.9985728941033514 0.022568801290349626 0.7699874188717006 -0.9956655353386614 -0.050033758063398 0.07840130606584722 11.477856325324542
0.04572376429492564 -0.01545023445967876 0.9988346347788725 21.333694926306936 -0.04797342602035465 0.9986927631936093 0.017644124817720257 0.7787667104581706 -0.9978015272460611 -0.04872427526248787 0.04492279182746406 11.51270287637143
0.0148352724419476 -0.012949645970304981 0.9998060918802291 22.061951072579763 -0.04562341119328009 0.9988659326889839 0.01361443588456826 0.7854414504755602 -0.9988485465988636 -0.04581653830888906 0.014227641221510545 11.517004493413292
-0.016559990464344698 -0.00918575802797197 0.9998206782044831 22.797473193123743 -0.04237040725575586 0.9990660079764311 0.00847704518208042 0.7881996674896397 -0.9989647217518757 -0.04222242953086891 -0.01693372787393871 11.495640158999406
-0.04818060596969059 -0.007128085637547559 0.9988132055612489 23.52752789578656 -0.040465931478178924 0.9991674985903773 0.00517862435904945 0.7874721515949386 -0.9980186058375851 -0.04016839747603332 -0.048428940172283996 11.45326641731905
-0.07668147224424027 -0.004126396347768527 0.9970471025320907 24.211942293498332 -0.03580033548639195 0.999358006109714 0.0013826074927545742 0.7835002715323555 -0.9964127095704461 -0.03558860038830353 -0.07677996958116118 11.391816348201292
-0.1058854535542324 0.0023335277128762964 0.9943755957252913 24.94625953103451 -0.03217450372018364 0.999465602446128 -0.005771554154527063 0.7740230198942404 -0.9938576719208716 -0.03260466493328812 -0.10575378853078332 11.305500564555803
-0.1294150736374477 0.011706268511710315 0.9915214077330583 25.71123212708643 -0.029954761786447865 0.9994278004029411 -0.015709361160020148 0.7608941073936537 -0.9911379575829649 -0.03173381570612848 -0.12899036389978263 11.205342158909552
-0.14974988809423423 0.02390418282158242 0.9884349048163954 26.43548759664751 -0.03100814961246243 0.999102395794347 -0.028859961462331614 0.7466000728750183 -0.9882375552838374 -0.034971313410114925 -0.14887424748758943 11.096710116712824
-0.17350071696109554 0.03593612147581148 0.9841778784281132 27.184343559214213 -0.032217050736764 0.998592066326141 -0.042141982776244445 0.7209995279090677 -0.9843066406642855 -0.03901897286915982 -0.17209868361037856 10.972388377318143
-0.19697784143547004 0.04399239221196722 0.9794204405723272 27.93121787785051 -0.029734973272022895 0.9982651236224201 -0.05081903505210163 0.6867364622213274 -0.9799569181081049 -0.039133264450887495 -0.19532799662486167 10.824898818179484
-0.22130633932757948 0.047720836749674256 0.974036049596388 28.664645367420082 -0.027768553038850115 0.9980886427964232 -0.055208410436478686 0.6469923236572389 -0.9748089103180966 -0.03926554291876097 -0.21955820527536674 10.66154737143283
-0.24403971975860728 0.04755654766005282 0.9685984668348375 29.35648312038292 -0.02598411416917863 0.9981175943667965 -0.05555262033678095 0.6098652286705386 -0.9694170624612422 -0.03872521904517212 -0.2423446232515174 10.490658969582471
-0.2642392137946437 0.043712447336966415 0.9634660657444049 30.050856631500675 -0.024636271728552137 0.9983404750101053 -0.05205141757834278 0.564430214839445 -0.964142464581094 -0.03749023745471622 -0.2627237904855278 10.307343784184138
-0.28198715121419915 0.04157324719580571 0.9585170377555619 30.751612218567445 -0.020095562023395568 0.9985856293669626 -0.04922305566248005 0.5181589687834962 -0.9592077016668834 -0.03314220782301897 -0.2807528791010905 10.101744979820051
-0.2963668152361281 0.04209064431367538 0.9541462615805058 31.454669313015366 -0.01863516160755687 0.9985833903391665 -0.049839174256765435 0.47379833880496214 -0.9548923717250314 -0.032551347130274945 -0.29516261318356257 9.884758319197365
-0.3071180781691136 0.044365309390694566 0.950636736816108 32.16836940094023 -0.01799381136613229 0.9984634995937187 -0.05241052119168517 0.4288099128712695 -0.9515012920717608 -0.03320179666421655 -0.3058478901088541 9.661082555315051
-0.3155971315099321 0.04634638749603452 0.9477607625074853 32.88571119080578 -0.017849748967598 0.9983397902351765 -0.0547635800051236 0.38163435929411094 -0.9487253749344413 -0.03420052045292957 -0.3142459026880899 9.424122584541834
-0.3229102576312673 0.04756601178345855 0.9452335373015098 33.59169775366252 -0.02306489951720747 0.9980441152127728 -0.058102964635335784 0.3346907874696689 -0.946148495706023 -0.040563759837690595 -0.32118157708850675 9.192207289134513
-0.33275610070393186 0.04701584085204543 0.9418401606181855 34.298261932914265 -0.02370058612054176 0.9980239177168013 -0.05819400212006517 0.2850532309612339 -0.9427150469054036 -0.041686573068345424 -0.33098424428356105 8.945106318633924
-0.3400393441618943 0.046668556921786605 0.9392525167476459 35.015521844372245 -0.0241233894023494 0.998006357327889 -0.058321289567878784 0.23201738737240687 -0.9401017532723207 -0.042489487263977596 -0.3382356234437065 8.69235176845968
-0.34709566057413405 0.047732530080423476 0.9366142258062959 35.70709679327746 -0.022905793380662336 0.9979745077687094 -0.05934818003447382 0.18461297815621028 -0.937549959756923 -0.042053387686646355 -0.345299269538568 8.44059678891756
-0.35345414522634244 0.049396867384277704 0.9341467318975836 36.422114702179535 -0.02416880343911303 0.9977892520851659 -0.061907005771941234 0.13554933868470992 -0.9351395811121661 -0.044458496555166246 -0.35147888403347527 8.177280424448497
-0.3543631976985754 0.049322720075923726 0.9338061862084407 37.14944262892773 -0.02778814726345603 0.9976115363820848 -0.06323797394794897 0.08609739441443809 -0.9346948929937006 -0.048357954482060775 -0.3521462270844401 7.91912302863147
-0.3540910302644899 0.04813033357443219 0.9339716340854501 37.855806829731684 -0.02836132873965779 0.9976628433569534 -0.062164990284244506 0.03738037319699632 -0.9347808177954623 -0.04850074200394297 -0.35189842384801023 7.662072371725056
-0.3534104501153351 0.046428079551756575 0.9343155180015006 38.597113394943065 -0.03304057821776906 0.9975249480839272 -0.062066884416685855 -0.015174985343913892 -0.9348846848356818 -0.052805410511561415 -0.3510017303096863 7.397406490769599
-0.35002967994749146 0.04503895426656198 0.9356552333816294 39.35040631933676 -0.03756709639876895 0.997364956847686 -0.06206332347191282 -0.06473353317338926 -0.9359850086534626 -0.056873855599811604 -0.34741535389960754 7.132379229413172
-0.3446020027128244 0.04397762105288512 0.9377182031787799 40.08393757290035 -0.042023974036113035 0.9971779946255641 -0.0622095864055584 -0.1096276384412253 -0.9378077869865034 -0.06084419348686753 -0.341781419603831 6.880418020355496
-0.34028456605976193 0.04337088900077483 0.9393217660039623 40.875409136009125 -0.045678016670966125 0.9969940276325675 -0.06258136829759124 -0.16322626122095119 -0.9392124003091777 -0.0642018290415023 -0.3372805838663104 6.607811667711565
-0.3373550981669298 0.04177687510420183 0.9404500148584767 41.68639632114181 -0.050445992365776474 0.9967770953314679 -0.06237486734890852 -0.21937255386405688 -0.9400248611579447 -0.06848441376758535 -0.33416035892352186 6.332350417741056
-0.33693898782858045 0.04033302023961195 0.9406621954556285 42.50032809160017 -0.05491432386253857 0.996539413654729 -0.06239883065738721 -0.27299266449604287 -0.9399236860063545 -0.07268042728988398 -0.33355812083231906 6.056299291649047
-0.3377147058101594 0.03849239524662364 0.9404611172120492 43.32430718077809 -0.058750240189209435 0.9963531781652698 -0.06187692330486993 -0.3305210247592262 -0.9394132140635814 -0.07614906347516207 -0.33422168298090427 5.777678726528965
-0.3386861719734978 0.03749712137772038 0.9401519253835112 44.15320478698539 -0.061029970678163944 0.9962259074039612 -0.06171939805423262 -0.3868314927448225 -0.9389180047229689 -0.07828095110267165 -0.3351194907812741 5.492137189472375
-0.34092745518698336 0.037041909863220125 0.9393595516166389 44.99665753212537 -0.06252836627113464 0.9961171850773205 -0.061973841296942035 -0.44506562173400954 -0.9380078217750589 -0.07986520210530243 -0.3372875268691224 5.199048027569714
-0.3401956140736613 0.03635603139759795 0.9396516286082099 45.87688990051895 -0.06475872561641192 0.9959742441734623 -0.06198074216753762 -0.5063372213722551 -0.9381221943977143 -0.0819362186344804 -0.336471699336363 4.891583012542229
-0.34059947269995805 0.03603811126689884 0.939517564355678 46.74825104933555 -0.0667952661381222 0.9958127694285646 -0.06241250407210515 -0.5686667812613768 -0.9378328164540034 -0.08401299172942085 -0.33676612894206615 4.586932982034241
-0.3418300106582421 0.034661863646560084 0.9391223557247125 47.64169702583921 -0.06898977499538049 0.9956975279168969 -0.06186148920182107 -0.6357518204192091 -0.9372260425102755 -0.08593595352777282 -0.3379679824063215 4.269198850195779
-0.34227113241153695 0.0342280647520821 0.938977588391252 48.552134368629694 -0.07165692444683461 0.9954750545061929 -0.06240753988672346 -0.7024879463272716 -0.9368648553001361 -0.08864454545666992 -0.3382696963433699 3.9490531456304088
-0.3427426264773954 0.03366371177062327 0.9388259937311074 49.47005615870847 -0.07300667637413043 0.9953809210528419 -0.06234458443842262 -0.7768638256697634 -0.9365882324694135 -0.08990871211301507 -0.33870179551635005 3.6241556280979887
-0.34142105750130636 0.03264027241450483 0.9393435335974782 50.37201457867212 -0.07733935236458829 0.99503222443912 -0.06268569935450244 -0.8441458334392495 -0.9367231640514266 -0.09405043830011603 -0.33720057678633997 3.310071004672319
-0.3403177553892323 0.03166297548910563 0.9397772509217335 51.248919346762555 -0.08023794587083696 0.9948097530517801 -0.0625733751325984 -0.9107664373541582 -0.9368808341562245 -0.09670062676235631 -0.3360108500844939 3.007273888931827
-0.3384406561180961 0.0305731054969215 0.9404909396196366 52.16820302631312 -0.07933670717314203 0.9949862134074785 -0.06089435133057074 -0.9821114876872702 -0.9376372481835797 -0.09522457849380052 -0.3343182173759042 2.684214139424887
-0.33569625116420987 0.028793478713012476 0.9415301177009152 53.07644928504618 -0.08040643881711776 0.9950086994414508 -0.05909731493546931 -1.05527069134516 -0.9385322751781342 -0.09554383088110004 -0.33170550919380126 2.3708803617565644
-0.33282106190641475 0.028324023914964778 0.9425645285182077 53.94861105192434 -0.08177403153229888 0.9949165241822684 -0.05877174215580559 -1.125058973785846 -0.9394376767611788 -0.09663777511065956 -0.32881300446183787 2.0719884651456426
-0.33191169781419183 0.02888857451007082 0.9428680051401028 54.87009479881503 -0.08295707198837005 0.9947644175082193 -0.059681470044310056 -1.1931687739093029 -0.9396556545145767 -0.09802654702839213 -0.32777743518502533 1.759332309981522
-0.3296868845460516 0.028907837307290546 0.9436476541064117 55.76406439711093 -0.08568866759056336 0.9944892927952591 -0.06040280425725011 -1.26516669689572 -0.9401936026185632 -0.10077392250875697 -0.32539300259428855 1.4588892664437823
-0.3303463303738576 0.02965766087539457 0.9433937275389987 56.65272652575861 -0.08940509120236503 0.994028892798801 -0.06255629423397083 -1.3356833474754282 -0.9396158958189369 -0.10500944449234284 -0.3257222511462589 1.1592430399508395
-0.3309061636701326 0.030968250492858077 0.9431553839673118 57.55252378886854 -0.093839008890426 0.9934276221969494 -0.06554235170161558 -1.4061286374431585 -0.9389863424222838 -0.1101931346206619 -0.3258252934118141 0.8584530671908515
-0.33327123617499 0.03036852909925638 0.9423417827830525 58.44523286037223 -0.09796853956998494 0.9929553267600582 -0.06664746291758217 -1.4809146026869184 -0.9377272782600057 -0.11453153058950105 -0.32794828877112303 0.5587157023380857
-0.3369661715518351 0.0294193739643695 0.9410570119101416 59.34964142008591 -0.09907435491431088 0.992854522914643 -0.06651442344522004 -1.5544568579440368 -0.9362895232928823 -0.11564772701389964 -0.3316436819969682 0.2423914406106487
-0.34129561029881095 0.028231928757830378 0.9395319391001964 60.22606940188199 -0.0973486164261563 0.9931120594321337 -0.06520494068994792 -1.6285774259659533 -0.9349013601822791 -0.1137162943868614 -0.33619644721538244 -0.06620659574456483
-0.34548516004652247 0.026844203343799493 0.9380401872704952 61.085332858216745 -0.09970057982161468 0.9928833602072438 -0.06513391901925134 -1.6999925727903995 -0.9331129613132928 -0.11602595300366766 -0.3403500839705024 -0.3668609146520727
-0.3498422731246073 0.028562584300710105 0.9363730894857417 61.95996386447707 -0.10036000325394606 0.992640136397078 -0.06777484312382062 -1.7779234952527414 -0.9314173359358714 -0.1176849114867976 -0.3444009406585135 -0.6769820240494109
-0.35423419729550515 0.030163439079095584 0.9346701559423684 62.8126727096584 -0.10185482511727983 0.9922891053254292 -0.07062525081575172 -1.8488801328930928 -0.9295933132648587 -0.12021854430736209 -0.3484304428976914 -0.9908830977158362
-0.3594747406643937 0.03256019588551016 0.9325865881880161 63.629158606651195 -0.10347730104088673 0.9918366467746795 -0.07451519498769073 -1.9206390031039844 -0.927399783800687 -0.12328787352638164 -0.35317098018917453 -1.2948213667966397
-0.3630198902409143 0.033832329068744886 0.9311669736407423 64.44189138817252 -0.10525510344242453 0.9914552845585892 -0.07705700435503271 -1.9931666642662613 -0.9258174347509337 -0.12598330139598335 -0.3563569632834045 -1.5999277070946232
-0.3646012640361872 0.03341478694483726 0.9305640065447651 65.2665012837116 -0.10530679012811939 0.9914649686894362 -0.07686153663938466 -2.0734508384571604 -0.9251899254834797 -0.12601852195247487 -0.35797057687579137 -1.9107107273465873
-0.3669810632680846 0.02891866862390661 0.9297787961701679 66.11760488693338 -0.10361056187820242 0.9920266400296756 -0.071749543125484 -2.1505626796022375 -0.9244402363970908 -0.12266562711881913 -0.3610587116434632 -2.2361249628731663
-0.36789188784407456 0.02356743256341843 0.9295698655727237 66.92577933012788 -0.10128311912384502 0.9927153712614156 -0.06525275045432777 -2.2260154225811504 -0.9243361340113606 -0.11815569298039971 -0.3628249489454297 -2.54653847583431
-0.3680912119363057 0.02120172674325884 0.9295479258641622 67.72805515837643 -0.10136537155906494 0.9928660716242548 -0.06278554981930981 -2.3014354818205573 -0.9242477596099189 -0.117334780012256 -0.36331615468558665 -2.852527933352227
-0.3681581828921685 0.02559905324739875 0.9294106954637298 68.5479358543836 -0.10124125656243882 0.9925732839680013 -0.06744244896677731 -2.3732962130959425 -0.9242346889936535 -0.11892419613272467 -0.36283229629539626 -3.1704271019580945
-0.36634138711101605 0.030166720161465058 0.9299913747364956 69.34745630769497 -0.10226352963948256 0.992114376383362 -0.07246540332550375 -2.4459632225507373 -0.9248438563321117 -0.121651276886653 -0.36036760153570346 -3.4787892656661503
-0.3647899582645165 0.03270343706892805 0.9305153258024562 70.1602363103447 -0.0992921702486457 0.9923177279929731 -0.07380102735177896 -2.5204295104561987 -0.9257804012165555 -0.11931475983608539 -0.3587403473385325 -3.7968114853111437
-0.3610066106660367 0.03384383476880871 0.9319489373906505 70.95686036871082 -0.09825846037455219 0.9923982517358763 -0.07410118026320159 -2.5924920371713256 -0.9273723642745905 -0.11832288366887664 -0.35493688619251496 -4.10185342010777
-0.3559838019520328 0.031711273479976744 0.933953921712444 71.73910645562603 -0.09977896082196538 0.9924209068817382 -0.07172797614123119 -2.66588701391752 -0.9291499834391994 -0.11872294941714703 -0.3501216496542721 -4.388614006515259
-0.35271378210670024 0.028715766426222145 0.9352905391751497 72.56106594896042 -0.10200692247294027 0.9923921680033565 -0.0689374546469329 -2.7343767844351885 -0.9301545977307145 -0.11972129987664279 -0.34710118794994094 -4.683331103068429
-0.3495670064977903 0.024715966295309998 0.9365853025636602 73.38434623372457 -0.10502169223807295 0.992318146121365 -0.06538456268652917 -2.8052904143527964 -0.9310066337720829 -0.12121805925004028 -0.3442859712274498 -4.972241683113751
-0.3487290613949069 0.023088626330285668 0.9369391426729956 74.18262301083426 -0.10948464161110569 0.9918483364924772 -0.06519195232844163 -2.872787883690867 -0.9308067226819514 -0.1253147745929685 -0.34335848945205727 -5.246533180982583
-0.3462442637040772 0.021285145249735897 0.9379029013942326 74.9948653871389 -0.11529260789492979 0.9911988660372031 -0.06505707134008598 -2.9348927236031823 -0.931033041527962 -0.13065890921885392 -0.34074290165010307 -5.5230088220748765
-0.342290575910071 0.0205376399760403 0.9393696647153168 75.77255971439553 -0.11607020995759426 0.9911792276508429 -0.06396440442838877 -3.000428848349979 -0.932397376660591 -0.1309272470408396 -0.33688750047865385 -5.7897949529718975
-0.3395381076867887 0.022563034654469363 0.9403216380024741 76.55412115908622 -0.11441181837544732 0.9912981762011799 -0.06509886079063343 -3.070100358999452 -0.9336079526463441 -0.12968745246705957 -0.3340020290778274 -6.060598499811558
-0.33555794623600077 0.02421343497204087 0.9417083276071908 77.37231280201067 -0.11561817667490226 0.991053063355739 -0.06668030320549531 -3.1387020573868276 -0.9348974820482984 -0.13125370539554473 -0.3297562173480453 -6.338418236015203
-0.328839997346459 0.025399610411555217 0.9440440222447902 78.15360927431001 -0.11367295494139845 0.9913057751718124 -0.06626703121389069 -3.202095803404389 -0.9375194480436507 -0.12910352397186214 -0.32309373970718663 -6.608424657458827
-0.319658438549789 0.02658270508757387 0.9471598822026501 78.9652044071148 -0.11116380466806633 0.9916512579830292 -0.06534822929809171 -3.2702780828333804 -0.9409894214047418 -0.12617900907402568 -0.3140346580768852 -6.872330483634249
-0.30715721179005595 0.026897067785939595 0.9512786106025285 79.7551750377561 -0.1158588228678882 0.9911081113855855 -0.06543274951708003 -3.326569957483476 -0.9445798962549573 -0.1303121609452326 -0.3013097414634279 -7.118450906927929
-0.29769981809803203 0.026201936537995338 0.9542998883087318 80.58197519784305 -0.11840844573670696 0.9908909509461381 -0.0641448619242103 -3.3941764282642226 -0.947287843415409 -0.13209308026811073 -0.2918855252708953 -7.365367233003774
-0.2864469638826495 0.02388066324493482 0.9577984395505109 81.39164173293942 -0.12047705709060422 0.9908564218688998 -0.06073573870422311 -3.452983047462185 -0.9504911444075631 -0.1327903052340132 -0.28095074165885064 -7.595574819326707
-0.2745105576867355 0.023502371249954607 0.9612968283855653 82.1439044078759 -0.12478157613847846 0.9903776933109151 -0.05984632694283237 -3.5091520926836206 -0.9534534660773512 -0.13638058196745087 -0.2689364699837209 -7.8003115603039515
-0.26266620026664184 0.023007695014074882 0.9646124160550826 82.9387732565579 -0.12666952719990457 0.9902413324788018 -0.05811139586655852 -3.567681784958202 -0.9565360934729212 -0.1374508982173145 -0.25718855429979076 -8.013500358529475
-0.2488448694732766 0.023975977010918054 0.9682465509689151 83.71221680760085 -0.12741251670190504 0.990195306621827 -0.05726521921544259 -3.627312345360049 -0.9601261800016261 -0.13761688584791423 -0.24335018225801158 -8.20891408312057
-0.23666508125395103 0.026969280749219594 0.9712169156326154 84.47299051283481 -0.12782144635320736 0.9900621349501371 -0.058639976041525994 -3.685884670570184 -0.9631465709679057 -0.13802038557345933 -0.23086588314196343 -8.38834932473281
-0.22536700901861423 0.033548989156130846 0.9736961418084215 85.2662471072105 -0.12782363500605382 0.9897499743501084 -0.06368757027708868 -3.7494165383298315 -0.9658523849842909 -0.13881445746233276 -0.21876863765081872 -8.567101841550727
-0.21217857997238282 0.03691202349728334 0.9765335389643507 86.08455900449638 -0.13285870200592662 0.9889185277499932 -0.06624734541161492 -3.8106900618775943 -0.9681574332215827 -0.143797246128434 -0.20492324539611168 -8.735178430451377
-0.20060017147891834 0.0349125089768542 0.9790509118118268 86.9292422197679 -0.1359297509628901 0.9887064820206466 -0.06310780628039224 -3.870417879279178 -0.9701972345898514 -0.1457415833840771 -0.1935890411849464 -8.898255684415954
-0.18746056659546445 0.03192438618330716 0.9817532121355788 87.74586222244811 -0.1370553925915715 0.9888447881853375 -0.058324988129146535 -3.930318292392947 -0.9726635365496528 -0.14548820723864164 -0.18099399498659724 -9.042945885875131
-0.17655267698962174 0.03328987952036896 0.98372808040094 88.51714100644863 -0.13965649003711847 0.9884695595423822 -0.058514909626535015 -3.98653537439861 -0.9743332166350026 -0.14771497479811804 -0.16986779913238648 -9.163242225009814
-0.16961441387387227 0.038337561011752105 0.9847645312570374 89.3384024949313 -0.14258432986852487 0.9877747904310132 -0.06301327054606472 -4.046670216736326 -0.975141353590425 -0.15109994971752322 -0.16207450667268902 -9.289298380967894
-0.16567761023943428 0.04436096547664065 0.9851817264887381 90.18564831549723 -0.1462824524917714 0.9868310619605154 -0.06903549263150568 -4.114600858722129 -0.9752704104802643 -0.15555243454174006 -0.15700658123083555 -9.412087044272631
-0.1628590002169279 0.04691452806109987 0.9855333444917769 90.9919342999071 -0.14958883225727093 0.9861478368597753 -0.07166327595562856 -4.182140490071957 -0.975243624594516 -0.15909579162753107 -0.1535851613085082 -9.526145111954243
-0.16116007776685687 0.046710861372498434 0.985822258200747 91.81036388481319 -0.1540008098871707 0.9854534906464969 -0.07186910550946504 -4.250475361045642 -0.9748390533253561 -0.16339985680065433 -0.1516222507063178 -9.642066222514437
-0.15829545551142926 0.047133271236745974 0.9862661930264836 92.61170103540002 -0.15852742632133832 0.9846890809220359 -0.07250151044529528 -4.314042550692786 -0.9745827845126149 -0.1678269008694373 -0.14839989041841734 -9.753411497169735
-0.15541756012978197 0.04451163342459849 0.9868455281821873 93.39081877127549 -0.16416809663733037 0.9839288139860274 -0.0702347852173418 -4.377712082129541 -0.9741120151449638 -0.17292427099144916 -0.1456124254735635 -9.857506818197633
-0.1520853850665126 0.0412439011701279 0.9875064436576805 94.1614413540016 -0.16664396756993494 0.9837550313260941 -0.06675197684822905 -4.441212282522863 -0.9742175443512201 -0.1747139918749061 -0.14274171542129566 -9.960973557503822
-0.14990943633537307 0.03877273242142651 0.9879391864473172 94.90832962918157 -0.16909535223745129 0.9835028166776005 -0.06425707306528915 -4.498747559705556 -0.9741323948772583 -0.17668866632526858 -0.14088006403638126 -10.056399427482557
-0.14848007775941896 0.039031574062254756 0.9881448288256027 95.68419527632966 -0.17568985438518964 0.9822841246710423 -0.0651994899163708 -4.556383189390066 -0.9731838169506661 -0.18328784642050544 -0.1389921716495769 -10.15088470819263
-0.14529712525413846 0.039204155684489 0.9886110355291153 96.45910258668091 -0.18433062889383328 0.9806471905394696 -0.065979594865757 -4.617294850704796 -0.9720653088370592 -0.19181793936989278 -0.13525869100135873 -10.24253095722201
-0.140471543101704 0.04052618663183519 0.9892549589341002 97.23055920196616 -0.18719007283219485 0.9800545978121806 -0.0667297680220988 -4.68295331695303 -0.9722281739446272 -0.1945523412973671 -0.1300836818513726 -10.336915731991386
-0.13702875311937407 0.04265624663366248 0.9896482028689173 98.05405539195381 -0.18881713370457281 0.979629444288227 -0.06836842767775932 -4.752029710564394 -0.9724048595302983 -0.19623097743900603 -0.12618317104587756 -10.434766202965536
-0.1310089324018862 0.04061576750048704 0.9905488473877826 98.86321288307973 -0.19377832434640027 0.9788385916898188 -0.06576452259534442 -4.815394025338263 -0.9722585153365433 -0.20056263572519845 -0.1203661435227617 -10.525358449008465
-0.12548681669688333 0.03675214270313201 0.9914143124052684 99.68602780680762 -0.19611063473902604 0.9786762086823422 -0.06110235266675913 -4.87823166858355 -0.9725192428829051 -0.20209442982399423 -0.1156034759709913 -10.608304264416137
-0.11918920020431495 0.03476977893824462 0.9922625645600268 100.47199309650333 -0.19778010828998638 0.9785263135824489 -0.05804551999546807 -4.9348582498484515 -0.9729732593033876 -0.2031681965744851 -0.10975299805114386 -10.685305705951725
-0.11503374669138888 0.03826924782085683 0.9926241493099831 101.2492180223863 -0.2010478135913616 0.9776807867093114 -0.06099226139106212 -4.9892854124910455 -0.9728036871703739 -0.20658108328375174 -0.10477233536118735 -10.758542024368651
-0.11171561171234412 0.04033750096170294 0.9929211993486197 102.05626117941966 -0.20140527870267658 0.9775201292561994 -0.06237235453019706 -5.050188937847188 -0.9731164040393286 -0.2069475366248848 -0.10108007357762472 -10.83222372073155
-0.1079006546675429 0.040947598387688314 0.9933180472077393 102.86087280892978 -0.20268406243804887 0.9772602359114115 -0.06230250508592436 -5.107467031273653 -0.9732813671061032 -0.20805221818729333 -0.0971475936471004 -10.900942299428184
-0.10362799682572638 0.04024534718907759 0.9938015648526208 103.67782194957903 -0.2035140765766435 0.9771827637830377 -0.0607936411189547 -5.170571111644889 -0.9735724209883123 -0.2085525310203038 -0.0930729976737717 -10.968826523886774
-0.09575500379170476 0.03908907589585427 0.9946371315180521 104.50167218478265 -0.20394006055060304 0.9772613954103441 -0.058039785864900745 -5.234750695061996 -0.9742891926689258 -0.20840395674323295 -0.08560584011793648 -11.03457975126219
-0.08926831330037405 0.038951624595750384 0.9952456677533735 105.28194313252438 -0.20421667097964089 0.9772900458276395 -0.05656604653150077 -5.292801944271051 -0.9748470236578145 -0.20829531263944118 -0.0792864628920858 -11.09333276121445
-0.08405906012542563 0.03873302375155707 0.9957077017287208 106.07559493943329 -0.20505015051737718 0.9771866666244982 -0.05532318089284741 -5.351193612238367 -0.9751351240641633 -0.2088204286997876 -0.07419918041330309 -11.146301625720051
-0.07709347458579768 0.038611854026742165 0.9962759260892069 106.8803358037307 -0.21075704649292748 0.9760382851025495 -0.05413624818596925 -5.401794848345345 -0.9744937473015758 -0.2141457231482628 -0.06710846241302676 -11.191791922635538
-0.07066490960411254 0.03816518169320564 0.9967697273979419 107.66162327593356 -0.21526721689671718 0.9751376674040887 -0.05259805071725478 -5.451041600535593 -0.9739951210761708 -0.21828868160314174 -0.06069230267322112 -11.23313084347079
-0.06719245990593004 0.037872660657746166 0.9970209801736839 108.45772275882813 -0.2175343926390438 0.9746832827057944 -0.051684489288558066 -5.506163126004957 -0.9737371110063294 -0.22035916134474637 -0.057252761160382026 -11.275118348161394
-0.06355605143336546 0.03825123156791521 0.9972449406287991 109.26671654811656 -0.2215377110129529 0.9737924917354541 -0.05147062889451677 -5.554943414501706 -0.9730784505502836 -0.22419863140347984 -0.05341631540518138 -11.313533364872367
-0.06110205326166063 0.03835281515799897 0.9973944057676811 110.0626150654146 -0.22433547850259822 0.9731679182563756 -0.05116440131148456 -5.603092683240559 -0.972594536367658 -0.22687720124774266 -0.05085866083344914 -11.350447207101709
-0.05743231078595146 0.03728755340929857 0.9976528294143884 110.88147523851066 -0.2276595261307358 0.9724842292575492 -0.04945264408784801 -5.652344256960596 -0.9720456109873213 -0.22996535001190782 -0.047363149749420574 -11.378390165396192
-0.0532460310655582 0.03598340366525969 0.9979328909482984 111.68249067998516 -0.228991991307486 0.9722795862861853 -0.047276569336158106 -5.699646105990033 -0.9719709502309201 -0.23103592956903324 -0.04353011779647348 -11.404525627168034
-0.05033415581550449 0.034386457527202124 0.9981402928932739 112.49926218869584 -0.2304071060107025 0.9720483354077383 -0.045106530910922676 -5.750900683841614 -0.9717916640196671 -0.23224901543338142 -0.04100434820981225 -11.428202193038366
