1.0 0.0 0.0 0.0 0.0 1.0 0.0 0.0 0.0 0.0 1.0 0.0
0.9998925749293424 -0.0011647904508697792 0.014611018594725297 0.010969153605401516 0.0011547438404112065 0.9999990910591401 0.0006960226698539563 0.007733028847724199 -0.014611816034732925 -0.0006790759158450752 0.9998930111207238 0.186025932431221
0.9993083364164415 -0.001563846917856479 0.037153777081499424 0.02191372840835591 0.001479295520740637 0.9999962537098982 0.002303095944859915 0.017076744961797022 -0.037157239582167 -0.002246541561250156 0.9993069061092529 0.39791235944641035
0.9980316239744059 -0.0033596551787026603 0.06262260186298864 0.04706520400081994 0.0031558217407948153 0.9999893971020969 0.0033535760801204463 0.024567918213660125 -0.06263320474117941 -0.003149349212939974 0.9980316444198474 0.6461483889110642
0.9958659430792723 -0.006097049747166697 0.09063028963438327 0.08244867281108062 0.005638529062320466 0.9999699815005968 0.005314422612990494 0.03290797182839302 -0.09065997134813683 -0.004781430965377597 0.9958704270702481 0.928329433379711
0.9921839250335268 -0.010252302342784046 0.1243621694959409 0.1445776472837736 0.009513007763465944 0.9999333823875659 0.006537084231845126 0.04527503794252907 -0.12442090494911706 -0.00530293160753052 0.9922153583411258 1.2270568801203938
0.9869657074667277 -0.015199756984495678 0.16021129695597053 0.2227113461939877 0.014213845174019777 0.9998723439855071 0.007298105116895368 0.05252727186564503 -0.16030177444454846 -0.004925760909802111 0.9870557623505315 1.550208803401507
0.9803464792987909 -0.01869045444316813 0.1963961492473137 0.30647237493930946 0.017227239148200763 0.9998096754000092 0.009156156828010024 0.055219275800797406 -0.1965299029608369 -0.005592842679378011 0.980481880175747 1.8639723710435352
0.9716094277071697 -0.02196451099673708 0.2355688439654541 0.40155184589889287 0.019706730627177996 0.9997345690210114 0.011934666830732235 0.06182934647853233 -0.23576845581742714 -0.006953543057100558 0.9717843811671492 2.1988759699091123
0.9603683040493252 -0.026289550700907795 0.2774915856406595 0.5319049771540552 0.022606852731464764 0.9996088722826204 0.01646306968477736 0.0667944403286964 -0.2778158576953464 -0.009537398901816459 0.9605870013877904 2.5846693129885105
0.9474398126010924 -0.03390501520203046 0.31813244324110873 0.6738194417434697 0.028530984584590403 0.99936084330315 0.021538054486210583 0.07663078116023633 -0.318659354824303 -0.011329378472237316 0.9478015935660754 2.9166897783470764
0.9337623505178105 -0.039116926021175905 0.3557495451214345 0.8216999090576819 0.03186684284102205 0.9991481603660368 0.026219419606661513 0.08493269249532501 -0.3564721266562076 -0.013146092035979185 0.9342134676728775 3.229690067502548
0.9163356766224356 -0.04255735978247351 0.39814293774629256 1.0057869070892416 0.0327799984631068 0.9989712429343015 0.03133572228393148 0.10219706244255783 -0.39906691099320896 -0.01566291539407879 0.916788020008822 3.6000567263436523
0.8966960069267047 -0.04636183272868546 0.4402122801873443 1.206123255486374 0.033553999641657624 0.9987577769258644 0.03683791712560772 0.11509274832129014 -0.4413733116872283 -0.018261530498369878 0.8971377353751798 3.9596082190058035
0.874258194756558 -0.05393690897861469 0.4824556132442001 1.4334216185699318 0.03847471244633129 0.9983809185656183 0.04189555998247097 0.13517251486118328 -0.4839341953232657 -0.018065195650901145 0.8749179066077676 4.296092554918055
0.8500236045194838 -0.06043121037055321 0.5232666056350763 1.6642040795953674 0.042225333204682025 0.9980176767265915 0.04666624237080586 0.15061041842538378 -0.5250494195744417 -0.017572300771588216 0.8508903109391569 4.613556420803152
0.8237454319305225 -0.06662540373441578 0.5630315434776485 1.9152792607881444 0.04579654847252128 0.9976454177002599 0.05105190192028136 0.17461714926655297 -0.5651071929480291 -0.01626886962576424 0.8248570690486317 4.91085184035754
0.7934968039414193 -0.07214578911010278 0.6042828867744259 2.184185969647416 0.048504484117809554 0.9972868066288988 0.05537454599722634 0.1972420789067105 -0.6066383907693431 -0.014629095584291967 0.7948432879550331 5.20811907786226
0.7601095470715722 -0.07715111559042806 0.6451985599904901 2.4961546868625555 0.05073008568066095 0.9969416147722002 0.059446405629197466 0.22371412778543381 -0.6478116507577512 -0.01245480222848561 0.7616987219655598 5.52760508897867
0.7242040646586981 -0.0794563938398305 0.6849928132541174 2.8314783754624506 0.04813312630079361 0.9967413352682816 0.06472953514521179 0.2589971796086925 -0.6879038267696527 -0.013906546860134063 0.7256686110547258 5.846536554735866
0.6893635952603987 -0.08415197497181555 0.7195111386476242 3.1723595372777664 0.0491951357319466 0.9963752147742084 0.06939935161055676 0.2901311519409931 -0.7227431578022535 -0.012444938408576616 0.6910046681159498 6.129147271708841
0.6566448618746843 -0.0876226203298806 0.7490926523335429 3.5342641687745435 0.04962604805958164 0.9960955260364353 0.07301341222121577 0.32291923059649935 -0.7525654660742577 -0.010769374017215741 0.6584293734757833 6.407261407617366
0.6239316114315174 -0.09247753502223977 0.7759879185739172 3.926635291660258 0.051573087487841424 0.9956814781144553 0.07719203836397309 0.3604904961742353 -0.7797753271958799 -0.008142460071996642 0.626006501116829 6.691667010941725
0.5927270966778126 -0.0949845178682681 0.7997828019088831 4.312962094980735 0.05191179495821448 0.9954621273173191 0.07975160575871748 0.40310924372079526 -0.8037286572022346 -0.0057527769129579395 0.594968193393296 6.95509231461572
0.5631838997412751 -0.09800092032144686 0.8204996737893068 4.70592446456356 0.054436728875289615 0.9951855583834 0.0815005946878825 0.44687865329648985 -0.8245365592995665 -0.001234504463222652 0.5658073332656292 7.207253366560355
0.5328518149763872 -0.10019814247259996 0.8402554822917913 5.161155529580222 0.05825377950227824 0.9949527828848107 0.08170346995979313 0.49531954321699656 -0.8442010663639735 0.005412215333061965 0.5359993166741154 7.4763191105260765
0.5040945563286701 -0.10175017275449659 0.857633710055891 5.617605745206954 0.0630830756835029 0.9947210336383931 0.08093572017148329 0.5394071331003291 -0.8613415140593835 0.013302916289193875 0.5078521719714232 7.723808866920485
0.4805331957607835 -0.10285053431538886 0.8709245750137999 6.113204388892732 0.06679654925843666 0.9945066692532611 0.08058973767143306 0.5917554497581641 -0.8744289958476299 0.019448712086515375 0.48476352876333645 7.979048900681639
0.45533841468026676 -0.10545070197139553 0.8840515129618869 6.68778178459325 0.0709607309956313 0.9941005449815876 0.08202853847214445 0.6449120290492873 -0.8874860577907842 0.025382196931123795 0.46013502508059806 8.257033133846969
0.4396945561985227 -0.10831065652344518 0.8915926754593965 7.275037990605285 0.07535471447141118 0.9936506255633641 0.08354700069103331 0.70221943516238 -0.8949806502133532 0.030450550093482822 0.4450644894200031 8.538661584550246
0.428416583821768 -0.11205740745194659 0.8966060272726448 7.906333633027016 0.07920016088954734 0.9931182128783905 0.08627600920477178 0.759623995559675 -0.9001036413777894 0.034049268485247614 0.43434327679159906 8.828963919182673
0.4164281442395418 -0.11429598152027894 0.9019556692507275 8.513575262163885 0.08010282623595714 0.9928208464904755 0.08882738318192167 0.8176563287075322 -0.9056330039890462 0.035258975910425136 0.4225939738135467 9.110206889426022
0.4075559687615407 -0.11732383587018752 0.9056120857539103 9.121464452794472 0.08172184651332537 0.9924191243390319 0.09179227336002743 0.8714048024397816 -0.9095161747485829 0.03659780297852336 0.41405425814481206 9.379578765992813
0.39653679650740487 -0.12083483573412471 0.9100315991704643 9.831665192207884 0.08420758654706531 0.9919079822864281 0.0950138781672765 0.9386418225917081 -0.9141485937108714 0.038955065775514414 0.40350322361396546 9.690588236743345
0.3888549082578124 -0.12393981213955982 0.912924303154768 10.495803865184278 0.08633865374398927 0.9914513848710829 0.09782529482136726 0.9976994607276906 -0.9172445133079203 0.040780809261495986 0.3962315338315385 9.967644490576003
0.37790704093000665 -0.12642717792856514 0.9171708876193931 11.134067961112304 0.08803816846632105 0.9910509115859981 0.10033629222598434 1.063615239233045 -0.9216482785252855 0.042828253823631174 0.38565553459764673 10.225582431652777
0.36630552721265097 -0.12887438531929202 0.9215268056557209 11.852597650895929 0.09030329685940032 0.9906110648074133 0.10264030815155527 1.1425486175513004 -0.9261023568212021 0.04561919650429906 0.3745040902320258 10.511111333413012
0.3558871738486817 -0.1324206952109472 0.9250994967947219 12.585331452138021 0.09192372836726989 0.9900697526492129 0.1063574776505479 1.2200048328704918 -0.9299969610988299 0.04718733271732826 0.3645257302001678 10.792435656036607
0.344388996631234 -0.1373830948976437 0.928720681494537 13.323809665157116 0.09416808400827564 0.9893011758372893 0.11142511135811045 1.2962409881520336 -0.9340923888746457 0.04908226485505737 0.3536415421343423 11.067535409737946
0.3308239090836377 -0.14306447001717115 0.9327851299186363 14.083910635140876 0.09690646181718986 0.9883666243663016 0.11722010705009403 1.3768093454767125 -0.9387037226072423 0.05161369253858821 0.34083918188177476 11.34480500443657
0.31933214046272845 -0.14738274707849366 0.9361118041831803 14.887326872373363 0.09893666686026116 0.9876185405643014 0.12174216313266745 1.46421429094706 -0.9424640682901783 0.05373959617671198 0.3299599002677294 11.620820509049297
0.3026856173994712 -0.14994751061405537 0.9412211010597609 15.660158456116298 0.10100685147897419 0.9870318082031597 0.1247630776692581 1.5550199569963208 -0.947723078211038 0.05730579077064227 0.31390605819312567 11.862603159135608
0.28717534396387107 -0.15115447158179143 0.945876655563537 16.441770322616655 0.10226072755373579 0.9866654539309043 0.12662553304726215 1.6469625084096595 -0.9524038352607644 0.060362303966565604 0.2988031573468309 12.092549506684962
0.2689291228754827 -0.1526870864140136 0.9509804311928943 17.18892336690333 0.1039498175875486 0.9861885751330138 0.1289439013704468 1.7392748545039747 -0.9575341050286089 0.06417747205613267 0.28108662328105444 12.30185945148569
0.24767749124888694 -0.15384528362000482 0.9565497838777333 17.96899568908055 0.10440452477693953 0.9858007344617079 0.1315165660320362 1.8350558105799575 -0.963200682897785 0.06729443247875562 0.26022279650830604 12.507406888167528
0.2232123548582195 -0.15433122986156794 0.9624749950663987 18.79176890930752 0.10424149854582733 0.9855040466406124 0.13384873565296784 1.9422170518216961 -0.9691800424170778 0.07045314431871488 0.236064397646146 12.706177524434729
0.20220192940709641 -0.15521000000889323 0.9669665121612472 19.56492347505827 0.1047254207040662 0.9851269430874738 0.13622588689924525 2.0429272326886583 -0.9737283841002091 0.07372083762660986 0.21544900115161153 12.873303574348327
0.173849414728247 -0.155781721572613 0.9723725809701336 20.362690413644227 0.10372604778643535 0.9848126773293214 0.13922965769569373 2.145920453769278 -0.9792942805966203 0.07665537029671703 0.18736772986675454 13.022908757054342
0.14492176584999433 -0.15687944988008107 0.9769270801796022 21.13388832945666 0.10480855418919978 0.9842294868080779 0.14250433069306256 2.2546165871597625 -0.9838764397787403 0.08173833557659037 0.15907858355378862 13.148435064111908
0.11372799317383286 -0.15730910081565722 0.9809789958858558 21.93747685129301 0.10513484619110566 0.9837467621079934 0.14556432309605127 2.364879881540026 -0.987933503675741 0.08658033750574341 0.1284182131645133 13.251255135428314
0.07978579455532331 -0.15664935183699472 0.9844263342455978 22.754107331718796 0.10230224122168916 0.9836467658400547 0.1482339080420536 2.485242440177515 -0.9915485255035154 0.08888206017780037 0.09450661855317233 13.336888283124717
0.047927069643478426 -0.15521235742040454 0.9867178523262818 23.55051615007005 0.10106188933739993 0.9835372304085308 0.14980324069883202 2.6013155779350683 -0.9937250578097268 0.09253994004924393 0.06282411142816141 13.385250289366255
0.018471143019882952 -0.1528977533420132 0.9880693770674729 24.35110590435621 0.10227414770813117 0.9833430720588532 0.1502544553230703 2.72035775767131 -0.9945847453013315 0.09827858188243284 0.033800957931152564 13.409631059330884
-0.009096489234856286 -0.15041989135419284 0.9885803508914148 25.15090337076563 0.10418740822474061 0.9830978461919653 0.15054437478740382 2.8371510550048304 -0.9945160822485533 0.10436704986590294 0.006729119650944859 13.409892337781272
-0.03873605010599629 -0.14617934442551747 0.9884994272560362 25.961612025915038 0.1057047411286893 0.9830919124096147 0.149521902936404 2.962613620799263 -0.9936428061054449 0.11028096398804543 -0.022629247817037734 13.383510859189926
-0.06828337352364611 -0.14381101475267916 0.9872465613695673 26.748710185857394 0.10751588910555639 0.9827324332696392 0.15058983428430994 3.0847963693162166 -0.9918556923716635 0.11642747371535178 -0.051642316700445834 13.333686928889092
-0.09339268104603082 -0.140044780171639 0.9857308287122362 27.4896032091917 0.11109046898282372 0.9824100139900738 0.1500982082278126 3.1947198840634736 -0.9894123078010557 0.12352337413907062 -0.07619226478513785 13.26835080151772
-0.12061218729087791 -0.13267630295875588 0.9837935245314979 28.29151373947257 0.11500726857434675 0.982487546602943 0.14659996229603225 3.3156299147010015 -0.9860152272921441 0.13082514820678184 -0.10324123277400027 13.17079852554157
-0.14660522438647466 -0.121874381125948 0.9816585676332473 29.096388012590413 0.11658610771038205 0.9833356906154658 0.13949408249366257 3.4338178171066716 -0.982300660526875 0.13489831276547792 -0.12995328984482352 13.055913948814931
-0.16959536773910872 -0.10651497933891474 0.9797407669469855 29.857143766237108 0.1188208737025907 0.9846800005719742 0.12762012555287 3.5388048115836654 -0.9783245939942375 0.1380574360547373 -0.15434096389488655 12.93003856634931
-0.194393515826154 -0.09262942923931056 0.9765402960674723 30.694013111252936 0.11869293767164202 0.9859954318787654 0.11715372320623416 3.6438433415053173 -0.9737161534819183 0.13868236064116726 -0.18067665952017914 12.773835664571935
-0.21831680042783408 -0.08204140661121627 0.9724232526283022 31.45792714805114 0.12155098284215508 0.9864140552108831 0.11051095082627495 3.7358619914510403 -0.9682784378581709 0.14232539929216542 -0.20537854682333856 12.606594134579863
-0.24080841001838316 -0.07748512946677463 0.9674747357817338 32.199624363679945 0.12401747975311952 0.9861806422199643 0.10985174384734891 3.822160889849717 -0.9626167328589833 0.1464370022300926 -0.2278710819690839 12.428673343051473
-0.26733041811139907 -0.07796095313955734 0.9604460095903136 32.96147609206248 0.1251214968381823 0.985475128708911 0.11481890839547532 3.908364904499696 -0.9554470464559288 0.15086702914065603 -0.25369288704438503 12.226385166607106
-0.2878612400995193 -0.08177537561772995 0.9541743521971999 33.72184132057935 0.12704094875233432 0.9842813079303931 0.12268212664826685 3.9984342737452625 -0.9492083563625395 0.15653464409329265 -0.2729476166045648 12.00573683367776
-0.30683993216545385 -0.0841451172848273 0.9480342057467245 34.46424698188543 0.13017418262896024 0.9830132369196516 0.12938183109552762 4.0904114180235425 -0.9428170226536973 0.16310909011416927 -0.2906741930693986 11.768113253085552
-0.3229663676528929 -0.08412240804184337 0.9426643866352109 35.20554444821841 0.1322702008628424 0.9822539997748195 0.13297245538107694 4.188806777140053 -0.9371218273676054 0.16763203867880022 -0.30610811861103837 11.515502351810792
-0.3378554263526994 -0.0803097375372546 0.93776545945174 35.95497825997072 0.13484785847719966 0.98194358646516 0.1326757252252722 4.29054494995057 -0.9314879311875965 0.1712808776735923 -0.3209253729377206 11.248237239661979
-0.3465868978109264 -0.07671005649099352 0.9348759754635624 36.73569861827783 0.13740023466166118 0.9817486205254395 0.1314945687521641 4.397739074275096 -0.9279001550709641 0.17402647307104097 -0.3297212290552965 10.960372365424435
-0.35509825191089084 -0.07545097484268141 0.9317791486640591 37.52612037569455 0.13418890156525703 0.9823012847910394 0.13068100318938217 4.498083837544053 -0.9251478639582645 0.17143901625115157 -0.3386887856429529 10.67333667607529
-0.36639212237434204 -0.07555917235818747 0.9273875264066102 38.3123684227215 0.13552782569886476 0.9817339658755758 0.13353137723977893 4.606079341945505 -0.9205373545507881 0.17461165974458792 -0.3494592210228211 10.367414219870756
-0.37548303812585854 -0.07427448185554919 0.923848358457634 39.073607037181056 0.1391805925127089 0.9809619864300119 0.13543390951713885 4.711627459986719 -0.9163194043277632 0.17943489773278487 -0.35799702055748833 10.05924234997518
-0.3840408391141389 -0.07150875664497827 0.9205428461595895 39.80925470090113 0.14316265890803667 0.9803271884051336 0.13587883119922403 4.818156504442087 -0.9121497064555191 0.18397038184657702 -0.3662482923050091 9.755327023651738
-0.39155859209925875 -0.06759456998804025 0.9176670654771144 40.582157953291116 0.14767197887285027 0.9797550248763813 0.13517794896083588 4.9295280204122625 -0.9082262138966388 0.18844379888341725 -0.37364967423157663 9.427434353309513
-0.3927011229461871 -0.06497752731130241 0.9173678373375168 41.346091427334734 0.1496188857525126 0.9796978477247053 0.13344030946365829 5.035378636910235 -0.9074139171640362 0.1896577130202968 -0.37500657971418383 9.111710343287253
-0.39255871080622073 -0.06377328918441456 0.9175132839129683 42.09249203582497 0.15582883610360454 0.9785584128916562 0.13468781087224924 5.141734060172101 -0.9064298276252576 0.19584790053907614 -0.37420391158522404 8.793202047116424
-0.3911355038126864 -0.06335980170989772 0.9181495265938325 42.847953306790856 0.15949082381618182 0.977866493384949 0.1354245111988944 5.249257827500904 -0.9064081281495836 0.199405758799254 -0.3723729965801254 8.486558628530885
-0.3855763240269716 -0.06295112505783516 0.9205259660671181 43.598649107774726 0.16350413124431956 0.9772187244290746 0.1353143144358831 5.357229924372594 -0.9080733986941192 0.20268379431805966 -0.36649963452225487 8.177926063814262
-0.3781525998040165 -0.06240163642623385 0.923637724994379 44.36629079815294 0.16664056897892388 0.976839564930795 0.13422140349510625 5.466358514980592 -0.9106215086586986 0.20467168870448038 -0.3589957768707208 7.8770542876297815
-0.37147316865111535 -0.0621430532839955 0.9263616604225602 45.22156786235494 0.16957647216711064 0.9764327400083747 0.13350252554575665 5.585821011947151 -0.9128261088836458 0.20668174851273335 -0.35218056416000876 7.550118786544713
-0.3660681079617862 -0.06211446009345552 0.9285127539137934 46.054806824860094 0.171827498791168 0.9761020954530177 0.13304138420581435 5.6965193277840065 -0.914587038500136 0.20824623189754593 -0.3466468749433988 7.240727240212649
-0.3653142573195794 -0.06189541072190391 0.9288242306973966 46.92982298691198 0.173254690075013 0.9758321798658993 0.13317045132152217 5.814796206958212 -0.9146192135342746 0.20957221874507492 -0.34576173785456815 6.911336261095107
-0.3657485440538789 -0.06255933082542653 0.9286088157287453 47.80797884369347 0.17473900611346557 0.9753803456748373 0.13453423732906492 5.933779115513161 -0.9141631595426203 0.21146988295714772 -0.3458123860377823 6.582228126550718
-0.36774325122740925 -0.06333170056263424 0.9277682883568178 48.65692684330249 0.17549994914693973 0.9750234973618008 0.13612107640547005 6.052540444984906 -0.913216660506211 0.212880894624687 -0.3474436007148165 6.2647654491464255
-0.3691203591893104 -0.06336578947831338 0.927218926228183 49.55820879754184 0.17765339448301226 0.9744656025442576 0.13731737285107298 6.17606164146978 -0.9122441733771819 0.21541022766305096 -0.3484379456338458 5.924907994370465
-0.36906126445015286 -0.06304650615129204 0.9272642132340543 50.487237635668365 0.1809140302125574 0.9737389331547703 0.13821216925748564 6.307095597726537 -0.9116270601264009 0.2187638638366151 -0.34796332439579125 5.56973113112291
-0.36911075243474806 -0.06273207674269396 0.9272658405142524 51.377193578309914 0.18467819465755073 0.9728724453618725 0.13933115040664215 6.428434849690204 -0.9108519181815902 0.22267440715798323 -0.3475124336505943 5.22572839389257
-0.37012093290244985 -0.06195377559537661 0.9269154355802357 52.27784315441729 0.18699095530705329 0.9723835363217814 0.13965901662156496 6.553731579173911 -0.9099697124963974 0.22501552830821406 -0.34831470591894276 4.87977346137598
-0.3694882009382034 -0.061941518604835794 0.9271686565239231 53.19307394741138 0.18891496404955796 0.9719312462308842 0.14021693534746194 6.681831955613763 -0.9098294377110493 0.226964536597696 -0.3474154478450679 4.5309115877595225
-0.3708949443107579 -0.06059502657726164 0.926695841707958 54.09792745602769 0.19365552763396449 0.9708855723806764 0.14099199253807834 6.808370915368984 -0.9082590362344494 0.23175298940282876 -0.34836198845643557 4.182001325986761
-0.37028553314790574 -0.05946283994665133 0.9270128341111845 55.04772264166934 0.1971615434208128 0.9701805481318482 0.14098592065348123 6.940881062177024 -0.9077532427577961 0.23497632793978565 -0.3475200362146624 3.815983005378402
-0.369386625905536 -0.05978697094735401 0.9273505479089685 55.95218994665178 0.2017919665731237 0.9689553420966253 0.14284798650650815 7.063126874549158 -0.90710171581178 0.2398980265182531 -0.34585461402729994 3.4669675934575075
-0.36773618424954635 -0.06012214681869399 0.9279846045358163 56.89150128221521 0.2084226051794152 0.9671923603012238 0.14525479622089432 7.198163470798242 -0.9062726501687058 0.24682841334996125 -0.34314081354355297 3.1057284363437136
-0.36520553351285234 -0.061242092117844635 0.9289102886956428 57.835265095930865 0.21285545914895998 0.9659066759028597 0.1473663698296651 7.328857723812192 -0.9062656739621546 0.25154263972399915 -0.3397187492597429 2.7472212948052843
-0.36306578649018995 -0.06123761650156287 0.9297489924734884 58.769182823181225 0.2164630753201189 0.964994199303373 0.14808758332081007 7.460983075415247 -0.9062709151811151 0.2550218610943949 -0.337100695135348 2.396342461997705
-0.3627273239675191 -0.060288849864071 0.9299430859087182 59.697623692811334 0.22019601925667842 0.9641025078275933 0.14839160186499073 7.594093373156298 -0.9055068202674538 0.25859545429611275 -0.33643095794904504 2.049697632808007
-0.36002840284935345 -0.05895236953027817 0.9310768857986484 60.62076978511206 0.22341365624935522 0.9635148369413183 0.1473957163395188 7.728483817510596 -0.9057957205369425 0.26108193564609267 -0.3337219434443155 1.712293853435616
-0.36000047097984733 -0.05763053421542916 0.9311704368268638 61.52381131190212 0.2244382946028258 0.963428922936147 0.14639727581437742 7.858307174514747 -0.9055534842349531 0.26169339306933215 -0.33390036719625915 1.3839087502219758
-0.3621044761406507 -0.05438412802073203 0.9305496843147764 62.43211227326092 0.22676250637055193 0.9631665162368845 0.14453036948907733 7.989071075843047 -0.9041344557439733 0.26334887244780153 -0.3364346256214144 1.0437605383129227
-0.36595482160033643 -0.05245632479882084 0.9291530565714491 63.32367315870644 0.2280936027840223 0.9629019529665848 0.14419825707040135 8.117896595045023 -0.9022474033858289 0.2647039156524465 -0.3404136603043303 0.7098707534636395
-0.37069877763285847 -0.05309270610541186 0.9272343721087504 64.25407748128866 0.23099752808085697 0.961721435962893 0.14741784705389066 8.249467187085548 -0.8995679842469038 0.26883646361287183 -0.3442446768652884 0.3547740094960505
-0.3758054810860442 -0.054587434245765176 0.9250894294110984 65.19631249004769 0.2364336728485864 0.9595784459562966 0.15267064026664348 8.390168364051407 -0.8960297755817129 0.27609675492218944 -0.3477085319522976 -0.01706739611079744
-0.3825461885415314 -0.055423695932108094 0.9222725343202909 66.12757699333925 0.23675480535195365 0.9589907457319364 0.15583296102963268 8.532124053730447 -0.8930876641042051 0.2779657596354805 -0.353736428284061 -0.37866848822781735
-0.3876555187150105 -0.052332622341627624 0.92031760574741 67.01687458439119 0.239337738731214 0.9584336690894069 0.15531371083985712 8.660580371687265 -0.8901913533779272 0.2804749518132879 -0.35901692965166493 -0.7288063318556269
-0.39343754072599174 -0.049693335307162315 0.9180073387362073 67.91947561874045 0.2407163873920281 0.9581341034671265 0.15503116013942891 8.798899569662346 -0.8872781539001255 0.2819744885611039 -0.3650039252012082 -1.0927636574422253
-0.39909832758286107 -0.046430656959638425 0.9157317942579364 68.81033334190435 0.2436473810589425 0.9574412077607732 0.15473295507005091 8.936419448440054 -0.8839437078364671 0.2848693170137639 -0.37080047680717715 -1.4618574640806483
-0.40278225994952427 -0.044980918009813284 0.9141898971684979 69.69098282884741 0.24546861870788556 0.9568949163494103 0.1552329742493465 9.076186661795042 -0.8817661868656548 0.28693001948149316 -0.37437889312934475 -1.8265654258108057
-0.40596052288541473 -0.04401679524614974 0.9128299817572052 70.52412113893342 0.25020726828243045 0.9553222007978708 0.1573398092071969 9.210048020667704 -0.8789723412925148 0.29227044735821606 -0.3768097780628624 -2.182660142475444
-0.41004861360158434 -0.048987563535015405 0.9107471400461941 71.42744194144352 0.2536710789735265 0.9530318078270572 0.1654731306354552 9.35707760268083 -0.8760771188518884 0.2988822374929537 -0.37836264341948483 -2.56180735165048
-0.41213829966122945 -0.05515411229025184 0.909450408680883 72.29869072003864 0.25815844494323265 0.9501914112437444 0.17461528943111848 9.508887687304883 -0.873782718561567 0.3067479517390388 -0.377371772721625 -2.937483138051432
-0.41287429151042676 -0.05640900439684908 0.9090395170908244 73.18626267667081 0.26174967368110896 0.9486266016963594 0.17774892090206817 9.660642648935639 -0.8723657075662684 0.3113287567459405 -0.3768984975897768 -3.3133264747047178
-0.4124068412903893 -0.05178966031745451 0.9095264857831721 74.0634596895453 0.2622304889076224 0.9493783625186633 0.17296212148517118 9.81214276182408 -0.8724424152596854 0.30983633722593684 -0.3779493037303582 -3.684363054904437
-0.4129576955084981 -0.04672879338988996 0.9095506371767521 74.90327863478508 0.26221299218726 0.9502962561434543 0.1678730838697442 9.96049794791981 -0.8721870719338338 0.3078204759726994 -0.380179255251291 -4.039558434237896
-0.4148716120131913 -0.042033034199561656 0.9089085595270596 75.73754146259684 0.2697728772976217 0.9483330345858345 0.166994162136838 10.109216635894937 -0.8689672837455611 0.31448001454655383 -0.38209708220642163 -4.409596463934603
-0.4117499851862607 -0.04126239225812871 0.9103622161998216 76.59198859395298 0.27445241141701504 0.9469786515951802 0.16705480325438118 10.254589224940537 -0.8689866647805936 0.3186359182642642 -0.37859388270994243 -4.778771980853556
-0.40981983945307615 -0.0419654412194803 0.9112006370355047 77.45766313618255 0.2777684518973743 0.945757527838722 0.16848556515893467 10.40398056507299 -0.8688454329287755 0.3221515175808488 -0.3759335225796779 -5.139415513695542
-0.406983369489714 -0.045265199542854476 0.9123133226414841 78.32666221118895 0.27990077915913586 0.9445448432803398 0.1717282529423365 10.5576009064343 -0.8694941579935473 0.3252477528636655 -0.37174427833152784 -5.500469559228644
-0.40386228855617606 -0.049370115803935535 0.9134866411435223 79.19343503202931 0.2817999581743084 0.9432736036218747 0.17556677442830898 10.710436470743959 -0.8703355878367414 0.3283252965820768 -0.36704013972475186 -5.853812930880403
-0.4021171698985549 -0.05147870172099836 0.9141398825901305 80.05708000312428 0.28068623450977215 0.943413326109438 0.17659709475484742 10.862141974913378 -0.8715027363293256 0.327599205414555 -0.3649133337961908 -6.197538104379573
-0.39916748066323954 -0.05249849419002582 0.9153738200804862 80.8985927355026 0.2816143988468965 0.9430815426240458 0.1768913065245193 11.011845185369848 -0.8725586815470141 0.32839170523877453 -0.3616631515475504 -6.528714030491743
-0.39653868858248803 -0.05262534990035202 0.9165083965819113 81.72589433047763 0.2873095724851214 0.9410878641892273 0.17834472639855392 11.152903872662451 -0.8719003830803708 0.3340422195226582 -0.35805798072474065 -6.859984378042772
-0.3953190618217924 -0.04903934738405537 0.9172338751749655 82.5919013383765 0.2944571999113838 0.9391083484318552 0.17711710060279565 11.306971513693226 -0.8700676966654294 0.3401038845907812 -0.3568074423349033 -7.2094572998972675
-0.39297297399985387 -0.04517753548668749 0.9184395636039746 83.43057898953647 0.29978757768880193 0.9379284756180433 0.17440637284312255 11.455733960300876 -0.8693098699366013 0.34387376304708506 -0.35503687853326793 -7.549841647969876
-0.38668917400411357 -0.04338536388766617 0.9211890104144486 84.26060008835108 0.30654995569627286 0.9360443480085638 0.17276603608300914 11.599228786176255 -0.8697692839889378 0.34919720611934635 -0.3486584343850198 -7.876148460507611
-0.37784113740361497 -0.041194756425814355 0.9249535485247681 85.08793903318816 0.3164815029348699 0.9330881628961545 0.17083892578439366 11.735706525329563 -0.8701008752929907 0.3572806632132468 -0.33952171433985495 -8.193017843130821
-0.36641550754910324 -0.04048477481361307 0.9295701473454406 85.94577990252155 0.3207323479915626 0.9323259432733961 0.16703022616039093 11.873690700186076 -0.873424545555798 0.35934568107556714 -0.32863390682183813 -8.502020535388269
-0.35532208695936524 -0.040933902258179805 0.9338472199266639 86.79290207782604 0.3250329742335385 0.9312868364741484 0.16449435817338104 12.013203392068135 -0.8764130191751724 0.36197961801169204 -0.31760191429581847 -8.800831248087983
-0.3437720987326564 -0.041885275279155615 0.9381185254794483 87.59819359614028 0.33398777374092514 0.9282299765592157 0.1638330784928939 12.14017031552803 -0.8776519305080605 0.3696413590653344 -0.30511039730531503 -9.07610241362212
-0.3314930968939703 -0.0426278079703708 0.9424941361617516 88.40104257065175 0.3396803028664508 0.9265924615066561 0.16138061260136788 12.265506915224716 -0.8801872633458185 0.3736432526711511 -0.2926791779015399 -9.335221438797749
-0.31956851482051796 -0.04288345563858231 0.946592295324604 89.23938895854724 0.34438947495422967 0.9254037558409185 0.1581890584594013 12.396549360175365 -0.8827637588144173 0.3765486660552864 -0.28096129309181717 -9.59529267399388
-0.30584230259623607 -0.04220027325046205 0.9511464781411004 90.10671140796563 0.35238481219661694 0.9230534558823669 0.1542636111232155 12.524576044301389 -0.8844690102404874 0.38234991110395977 -0.26743805900246637 -9.859302501555854
-0.2931109199463405 -0.038427335437871024 0.9553058821651604 90.91862430143776 0.3582496524598217 0.9219795536999322 0.147006425273493 12.639666398449988 -0.8864215561010614 0.3853271888284286 -0.2564756955911292 -10.092688574318222
-0.2802353762760992 -0.030449729370126966 0.9594482517909342 91.7389385145508 0.3637875261768039 0.9215734712991308 0.13550266711704206 12.746570780014471 -0.8883280754774978 0.38700794691964235 -0.247180256775271 -10.316340696999408
-0.26651753963294333 -0.02688781954976685 0.963454952879408 92.59923832164904 0.3666570533138792 0.9216268604905038 0.1271476908071901 12.85034655133071 -0.8913646876128681 0.38714464374736846 -0.2357711146314101 -10.537150605764158
-0.25408714946651895 -0.028838981760429594 0.9667512780477721 93.49153097262412 0.3702025894337592 0.9205352841355092 0.12475910162427914 12.95295759540614 -0.8935265878822625 0.3895935109733981 -0.22321992060499968 -10.7538317838707
-0.2407248202647338 -0.031025265033084337 0.9700974146126452 94.37300917408484 0.3758881884349961 0.9185123743955068 0.12265026651983002 13.04450162531516 -0.8948517367159593 0.3941731231476283 -0.2094466955682905 -10.958324518905064
-0.2293848483109568 -0.030314188454329122 0.9728636293662719 95.20986062639099 0.37879980272649205 0.9179358521824419 0.11791726223274268 13.126024888818177 -0.8966009707889738 0.3955689841942238 -0.19907756760574474 -11.135737997835957
-0.22438215099045955 -0.024177096986370522 0.9742012719649912 96.11242266424043 0.3813037961488569 0.9178097893689219 0.1106011102161576 13.213760677365839 -0.8968054779936204 0.3962835582255303 -0.19672131587793706 -11.327851515934078
-0.22062952916028727 -0.017996885087937925 0.9751916339825941 96.9692346875824 0.3836882194993463 0.917617124911347 0.10374084194209665 13.291321120517662 -0.8967195554240643 0.39705783482581625 -0.19554824142268185 -11.505609777448445
-0.2184364751301412 -0.016041003013586824 0.9757193205809944 97.80485366544357 0.38633502908256734 0.9167499999769073 0.10156122708057619 13.365207365710864 -0.8961198310697578 0.3991392285464542 -0.19405443720474513 -11.679173971850453
-0.21501920230696525 -0.016610323057233145 0.976468555462597 98.67563581913123 0.3912554405581486 0.9146439519118333 0.10171342814374706 13.441818284456597 -0.8948105513866752 0.40391897504207264 -0.19016713366940174 -11.85820987959562
-0.21132570811380508 -0.017294896810690574 0.977262672792994 99.57320190624354 0.3928901627412042 0.9140071300462365 0.10113499021521896 13.520011401317086 -0.894974170080561 0.40532931397685745 -0.18635820915554308 -12.037084445272246
-0.20709901954660848 -0.020138848377190183 0.9781126841468085 100.44881627823267 0.3952581669871692 0.912835135486232 0.10248412975566312 13.597312818158242 -0.8949195369041715 0.4078313894342527 -0.18108721727209343 -12.205452586006187
-0.20376219796945283 -0.02361019048830834 0.9787356770771991 101.31734503151172 0.399060046212358 0.9108868487167863 0.10505345473516409 13.675353736082885 -0.8939977886972921 0.41198022736523204 -0.17618242268865392 -12.371651011712387
-0.20085758444226537 -0.026072958984012046 0.9792734202365733 102.15277555710647 0.4023683107200431 0.9092342151894139 0.10673745573691307 13.750431250433154 -0.8931718610101401 0.41546761936245846 -0.17213565569333472 -12.527201544848396
-0.19818196513125247 -0.02619700353284607 0.9798150977111014 103.01308327767516 0.4030984147752349 0.9090161024130108 0.10583663618781311 13.828416645157969 -0.8934403039388853 0.4159368252027691 -0.1695906269162109 -12.676712470076813
-0.1944827388630933 -0.025477617872296937 0.9805750125675563 103.88538887851497 0.40446011757021405 0.9086428789479152 0.10382741368411982 13.907967636838633 -0.8936377776142852 0.4167961246518469 -0.16641067542619836 -12.829408776496598
-0.18902493443285895 -0.02373151954087116 0.981685483820014 104.7079662283775 0.4099821071278301 0.9065002021099325 0.10085660816067621 13.979063870218965 -0.8922915700586205 0.421537896938025 -0.16162164288049174 -12.97662738008232
-0.1839065064909669 -0.021960005535722332 0.9826984049173784 105.56829582424119 0.4139785414666346 0.9050286435333561 0.0976981145638538 14.052306310200608 -0.8915156555414192 0.4247833713094771 -0.1573496850442005 -13.12570019256138
-0.1802102910371554 -0.024111631378879922 0.9833325379730671 106.44102480518009 0.4166445809844964 0.903715634897434 0.09851570625124625 14.12470192478268 -0.8910283632637952 0.4274537173474777 -0.15281287702698826 -13.269659945513462
-0.17690773833607137 -0.027713806658823698 0.9838371801458274 107.3015058843664 0.41990244421178435 0.901941715929933 0.1009112402576505 14.199448475155268 -0.8901604290585969 0.43096761593633137 -0.14792337392166682 -13.408848451190854
-0.17110277912140742 -0.029803823033917293 0.9848023005200046 108.1252238944249 0.42448081223816225 0.89978816607078 0.10098166289288468 14.267339204503205 -0.8891230955377105 0.435307923580016 -0.14130510482602537 -13.535120864258376
-0.16805672787708986 -0.028074237903554455 0.9853774776101697 108.94087114513638 0.4265226458835893 0.8991127336146072 0.09836017893706128 14.337964703061985 -0.8887268246000614 0.4368158987699544 -0.13912764577210707 -13.657709027869377
-0.16379496006420935 -0.02549600572195171 0.986164877061534 109.79828215658331 0.4324960271380259 0.8966154545719973 0.09501533103912554 14.408105989627595 -0.8866331809533118 0.44207542378521436 -0.13583417139194076 -13.786215677099875
-0.15982926067402897 -0.024776099569829263 0.9868337004391872 110.64635064797352 0.4372571914782526 0.8944862473905411 0.0932764800458239 14.475565691458433 -0.8850202008615082 0.4464084431541301 -0.13213154788982767 -13.907020749917605
-0.15530529135792898 -0.0265248699002619 0.9875103532383865 111.53293715363101 0.44003387549523165 0.8931321913460951 0.09319376158289289 14.542330121279925 -0.8844492381662589 0.44901149212252495 -0.12703631389893172 -14.027762038987742
-0.1472037105182869 -0.02757033726283939 0.9887218739933196 112.40623683308232 0.4464656475183767 0.8901315374573577 0.0912922319247218 14.609052872615484 -0.8826094794390354 0.4548689069688253 -0.11872145668471684 -14.147648091431817
-0.13824428345938966 -0.02794638420404172 0.9900037968112647 113.2555762359132 0.4507445595305094 0.8883030179112588 0.08801755747234097 14.673228393010447 -0.8818831329288745 0.4584067494918349 -0.11020613356743414 -14.25699832316654
-0.12990106568121412 -0.02810335931812516 0.9911286063523347 114.08049734893852 0.45592106841532254 0.8859638909937156 0.08487616408807794 14.73556402451806 -0.8804894618960045 0.46290191731112096 -0.1022747399887794 -14.358014555827822
-0.1218060689324435 -0.02790898348094828 0.9921614637811154 114.9031098468796 0.4579610612643158 0.8852628876631632 0.08112512614436829 14.79374228803467 -0.8805878422604339 0.4642528496060506 -0.0950491646242898 -14.445743510614719
-0.116364879009208 -0.02922064939373567 0.99277659550484 115.72644136184901 0.46105168986120226 0.8837550323587495 0.0800523707126482 14.849442898183577 -0.8797104945431207 0.4670366114445353 -0.08936581763238105 -14.531423297791875
-0.11313877310549886 -0.029894248308137417 0.9931293732129132 116.59413192203348 0.4657690137953322 0.8813198600530789 0.0795897610509361 14.90525571557975 -0.8776439162942486 0.47157357664961774 -0.08578763312728127 -14.62395891093566
-0.10838349450656487 -0.030729612474924506 0.9936340921263153 117.42863066910328 0.469988556467587 0.8791788940464836 0.07845526784554421 14.958066140908805 -0.8759930221800055 0.4754999087069768 -0.08084591462527663 -14.705388268301663
-0.10611946756669932 -0.03018223880743534 0.9938952113094879 118.30313585943597 0.4716378568624092 0.8784211162718039 0.07703294400470428 15.007652422890022 -0.8753835676876704 0.47693330241069265 -0.07898249473166119 -14.779062984844742
-0.10217505087711531 -0.03229109884651446 0.9942421958021816 119.1372971725061 0.47632323987169223 0.8758572781953544 0.07739637840596963 15.06013783336135 -0.8733134775877407 0.48148864282297493 -0.07410976113911327 -14.855824632992103
-0.0964562413413586 -0.03471351686933197 0.9947317051611759 119.97498248774725 0.4802539997644799 0.8737378637209157 0.0770599844966893 15.112614559021644 -0.8718097781147658 0.48515679655857 -0.0676061649297593 -14.927872459235127
-0.09086766819541348 -0.03681740955317939 0.9951821668571649 120.84877442325569 0.48361457873218383 0.8719389841225688 0.07641562147228403 15.162795036414158 -0.8705515528183388 0.4882283137232994 -0.061425626284824286 -14.996528946435147
-0.08441571427600497 -0.03642432454652059 0.995764658824866 121.754305399951 0.4867310075563326 0.8704876156294782 0.07310429070104746 15.214189449703476 -0.8694635779987966 0.4908406865949843 -0.05575398565569201 -15.057753822086847
-0.07908390232502249 -0.03406308024709892 0.996285823926611 122.59761533376494 0.49001013738522414 0.8690126637630284 0.06860798407765384 15.261251236835365 -0.8681219969870366 0.49361594056874375 -0.05203365798859805 -15.1081663509113
-0.07557391187236978 -0.03531350660698504 0.9965146963770408 123.46059887095251 0.4940929656645555 0.8667311455533686 0.06818550145412086 15.307783731876173 -0.8661181935077404 0.49752394673911327 -0.04805410800362825 -15.15923175562509
