1.0 0.0 0.0 0.0 0.0 1.0 0.0 0.0 0.0 0.0 1.0 0.0
0.9998990444086608 -9.664678942498112e-05 0.0142088581541647 0.009102227166295052 9.252054176688506e-05 0.9999999533629672 0.0002910567177116554 0.012201206758618355 -0.01420888562120302 -0.00028971272265429336 0.9998990067181496 0.1753489375114441
0.9994101313178532 0.0014907342915477487 0.03430986928718528 0.0239274721623906 -0.0015577363038322264 0.9999969315977115 0.001926201643123123 0.02469281003038962 -0.034306892555862 -0.001978511166066731 0.9994093868964442 0.3605758983328057
0.9982789134096925 0.0012742234064862393 0.05863094231098344 0.045664895105354805 -0.0014626401747953157 0.999993903325351 0.003170803659563633 0.03266130218074219 -0.058626544544963424 -0.0032511024036148118 0.9982746909582946 0.5852760763883547
0.9961670926502558 -0.0014594633887189848 0.08745852438358287 0.08654032347513985 0.001077773885267694 0.999989689381154 0.004411296276103141 0.039405168948304425 -0.08746406075748486 -0.004300127672559892 0.9961583945225834 0.8580879564224775
0.9926711497284317 -0.00571655769961085 0.12071167907414948 0.1429135271963141 0.005091658193776954 0.9999719966909859 0.00548460123259201 0.051740009970533636 -0.12073965178710422 -0.004829782801516618 0.9926724584093279 1.1351890066600459
0.987466550327189 -0.010453159846090193 0.15748188287594742 0.21424647522310097 0.009482596447632568 0.9999311421050379 0.006913133379771002 0.061570710539271274 -0.15754330309325396 -0.005333150827348264 0.9874976785556108 1.4195689939716765
0.9800906003165178 -0.013982593392723442 0.19805782552886284 0.30344440333954065 0.012432531498064916 0.9998815974051742 0.009067708146321988 0.06874673274933123 -0.19816116504440853 -0.006424815366297864 0.9801483940790556 1.7285529365537058
0.9706817416708355 -0.017249107581824685 0.23974866980758022 0.4081975791875808 0.014703591326335835 0.9998149779300267 0.012402189681207697 0.07903215809746872 -0.23991823771648038 -0.00851341261840346 0.9707557679543334 2.0681927719811095
0.9603406019365964 -0.02191219716089618 0.277967235277178 0.5318671462963553 0.01787289235510943 0.9996947530009751 0.017057565511593528 0.08630225345011845 -0.2782561553513572 -0.011412994256620278 0.960439095190934 2.41389743032529
0.9483284287900177 -0.02925123999852882 0.31593916519989274 0.6702935689857192 0.023394271148618973 0.9994772156640463 0.022315990810864134 0.09293759154444779 -0.31642676755622545 -0.01377172200540464 0.9485169689820655 2.743197002042491
0.9346899835894711 -0.03495392409611427 0.3537412299517792 0.8187232861194719 0.02720685183791149 0.9992691308542366 0.02685128181090226 0.10244900463668881 -0.35442124906752476 -0.015473438922929857 0.9349578337536479 3.059214728292521
0.9168469361191325 -0.037804499447792 0.3974449843065847 0.9999398092072334 0.02746251716178179 0.9991206057680041 0.03168320187284539 0.11581275225099066 -0.39829324106755604 -0.018133806861178575 0.9170788729267638 3.4218511881515585
0.8963635240430546 -0.041732613002242964 0.44135113206733856 1.2039274986359845 0.02835846980611357 0.9989180036639139 0.03685945124871835 0.132523379089126 -0.44241183297395203 -0.02052342486296869 0.8965771350399931 3.7720891107347487
0.8740446470958958 -0.04801902851320373 0.48346678043445684 1.4280920877395085 0.03153572759414395 0.9986125468175405 0.04217201944054294 0.1516348158042365 -0.4848210523153044 -0.021613751160631772 0.8743462660711987 4.1087434260922935
0.8497360026152146 -0.05379241555274616 0.5244569590428911 1.6527375543857077 0.03440730867714365 0.9983186394335932 0.046647950319979224 0.16917940062548387 -0.526084463721475 -0.02159329035742743 0.8501581422549738 4.414786440610082
0.8241863972320208 -0.05949756210764637 0.5631845370044782 1.8860790813305703 0.037360671141359506 0.9980118368984553 0.05075976420786806 0.1919412828962 -0.5650849165121724 -0.02079455490790654 0.8247706490998654 4.686257446546938
0.7934223137784895 -0.06457320000510947 0.6052365932752981 2.1455109807524884 0.03952971373021552 0.9977240366699246 0.05462735929439164 0.2113995127274107 -0.6073865603804514 -0.01941773653574167 0.7941690737979119 4.970556872457094
0.7612355543867814 -0.06974111198834418 0.6447143615866479 2.431543781366511 0.04174632344391076 0.9974081646125161 0.058602027637346614 0.23904487214886666 -0.6471303386616688 -0.017695492728974395 0.7621739921571141 5.262246935577613
0.7258239087875897 -0.07205922688808734 0.6840958421541503 2.7422827205936353 0.0398683726767869 0.9972330680698105 0.06274329293381117 0.27482987234765355 -0.6867242287064073 -0.01826679414578153 0.7266884875510456 5.559788464139092
0.6926937782894652 -0.07574192970162774 0.7172436751928449 3.055679554491059 0.04006212018797164 0.9969757491651581 0.06659115633938573 0.30315428574265235 -0.7201182930915656 -0.01739297736575533 0.693633280843159 5.815786432064634
0.6595347672749473 -0.07909807104227154 0.7475007598076225 3.396244664877417 0.0410310200322328 0.9967537424409253 0.06927071765994738 0.3324275514796609 -0.7505533599622985 -0.01501572800104618 0.6606392220886548 6.078506143275615
0.6241627706685281 -0.08350893533147942 0.7768185717599635 3.807306437358115 0.04220671309232381 0.9964234713695476 0.07320422852406135 0.3687975468777727 -0.7801534650832033 -0.012904395517168696 0.6254550723233507 6.3733417645072
0.5914726971167706 -0.08565650567809428 0.8017624408766177 4.200692121493684 0.04238157135096644 0.9962695900069429 0.07517118089548197 0.40988398913881974 -0.8052104389383166 -0.010481749015165999 0.5928965187638963 6.6375772101065715
0.560014790265511 -0.08740084707312992 0.8238595308757284 4.589985027063959 0.04366641642778349 0.9961514637948755 0.07599674503347226 0.4506688246523705 -0.8273310575339423 -0.006584307877563568 0.5616760348542051 6.88442988274793
0.5247622373833771 -0.08808563170567511 0.8466791102320905 5.040169964118641 0.0451805719438466 0.9961118735678764 0.0756296982403209 0.4983138298213902 -0.8500490045492786 -0.0014341632080274516 0.526701654678124 7.14475162786297
0.4935089058756105 -0.08767668596682089 0.8653102094389814 5.515419967683156 0.04733025644575063 0.9961389741553467 0.07393910327772071 0.5427192059532145 -0.868451959895444 0.004465748157861445 0.4957532152665813 7.395244764476155
0.4650359951323361 -0.08716871163042389 0.8809898631334925 6.021038640029619 0.05003706527396098 0.9961379094319744 0.07214954948760809 0.5917238614236068 -0.8838765837661089 0.010530009742988952 0.4676016505154417 7.643567333862864
0.44289685676160806 -0.08825951533509993 0.8922178165804024 6.602657913577559 0.05252658918719566 0.9959878991699944 0.07245041156060086 0.6405351054876539 -0.8950325869481217 0.014777099165740503 0.4457558812188558 7.920747018707008
0.42695412964835266 -0.0903319625366706 0.8997501362714492 7.214832968380115 0.05583419760982146 0.9957329832035738 0.07347359075054666 0.6966604665647252 -0.9025479009745051 0.018866973917004967 0.4301759218525951 8.209196604098562
0.4154377283295861 -0.09375898102159058 0.9047766284327564 7.8605017486797255 0.05906727595854411 0.9953549200088081 0.07602394441948214 0.7539377488703648 -0.907701796181538 0.02185947602419437 0.41904607445573033 8.499328936904254
0.4056089586101665 -0.09647529883626511 0.9089410813741613 8.48372783010082 0.06004089546555168 0.9950787359391622 0.07882512387185855 0.8057515554213377 -0.9120726196783188 0.022601460045149596 0.4094053131518404 8.776214541096216
0.3979514831776815 -0.0990893026308515 0.9120394328869861 9.119829478365839 0.06118436364228377 0.9948030091426621 0.08138456024574882 0.8594550194933253 -0.9153639116124104 0.0234154458603005 0.4019460488831692 9.049409243026124
0.38648384401264274 -0.10230739978494038 0.9166042953567564 9.795001379592941 0.06277264337961741 0.994441913000446 0.08452737373862355 0.9154848090779198 -0.9201575047568469 0.024869210225858637 0.3907578391054944 9.334247580723863
0.37766350610095295 -0.10539399447386251 0.9199252046163202 10.474199400189715 0.0645290530435199 0.994081250928109 0.08739832873981349 0.9701208016602616 -0.923691657141517 0.02635474306551578 0.3822291852346032 9.61209580048016
0.36735055119051585 -0.10850683198602819 0.923731476107846 11.162029918456176 0.06681262352707855 0.9936842411525237 0.09015376987437565 1.0289908732472732 -0.9276797108255915 0.028598886298051247 0.3722800798123075 9.888831295855647
0.3571130878779266 -0.11040408713265076 0.9275134392615012 11.89797190955265 0.06788678733547548 0.993431756443514 0.09211259085935537 1.0986074291498227 -0.9315909115977681 0.030071295847720517 0.3622624609236771 10.174715630586336
0.34831564335621273 -0.11388678572930525 0.930433239211495 12.630688607262165 0.06971437140661235 0.9929904421757801 0.09544573414736607 1.1666031720658085 -0.9347813214932831 0.0316193261123017 0.35381365039166507 10.452956330693528
0.33903441145023894 -0.11787096280344989 0.9333606505421033 13.352228579861078 0.06957380250893916 0.9925446406917282 0.10007308448616827 1.2372757628712776 -0.938197822347205 0.031009230269653174 0.34470751918263465 10.7227054145611
0.3283473643104437 -0.12262626877562882 0.9365632955420323 14.105226905419778 0.07202496631416813 0.9919006613181334 0.10462065906929227 1.3080087112007743 -0.9418069932729466 0.033104022154677525 0.3345201206793919 10.989443918375091
0.3182221764118276 -0.12641977045020805 0.9395491940707716 14.859088508878802 0.07368833031847132 0.9913687681122754 0.10843429156141418 1.3805079314671693 -0.9451479653549468 0.034727615104792636 0.32479118881912095 11.24489292121723
0.3048699380074252 -0.12872761444080558 0.9436543446515404 15.632062640503934 0.07432884727560479 0.9910173391780569 0.11117488885141402 1.460258804703638 -0.9494890959679467 0.0362468581924523 0.31169956995342124 11.492407309477516
0.29124731803666887 -0.12873773846076214 0.9479459870860028 16.375947573419275 0.07391626661945795 0.990969903099595 0.1118706247404588 1.537602766376922 -0.9537879141955452 0.03748660889954898 0.2981331395328664 11.719625836392305
0.27259054349868217 -0.1290559922987159 0.9534353394157817 17.096376001676305 0.07526053979279054 0.9907867135959363 0.11259457940710066 1.6160992691042866 -0.9591820717388284 0.041063840706367094 0.279791912394285 11.920389170302315
0.24945374108385188 -0.12954180148204042 0.9596831522581076 17.89533258592888 0.07577592101879779 0.9905848198456223 0.11401633429105182 1.7001991656749658 -0.9654174438309179 0.044279073615011315 0.25692123848909976 12.130315911224818
0.22576773666815247 -0.12938295577141987 0.9655511275098748 18.69611401730469 0.07403630409760358 0.9905535883953411 0.11542189650443432 1.787614891318107 -0.9713637602645607 0.045427296562353225 0.23321407755907247 12.33134062883612
0.20128859783878983 -0.13025438802930958 0.9708329901580416 19.45451121348941 0.07240365021237694 0.9903864545484377 0.1178659496330436 1.8716938561777383 -0.9768524002202267 0.04656678049946604 0.20878439390408676 12.499442001850126
0.16997643078892444 -0.13136853621181493 0.9766526100256033 20.264374142104035 0.0694845605732609 0.9902055650518236 0.12109845078422604 1.962541116040526 -0.9829953757867832 0.047278395001986405 0.1774396927066696 12.656056343162412
0.13948719579536828 -0.13173095892933626 0.9814225780308411 21.03901691072968 0.06870129815925899 0.9900109840367761 0.12311938562942523 2.052601298967521 -0.9878377669639774 0.05025142730402832 0.1471439438561124 12.775296731983582
0.10493051824901972 -0.13242366820808435 0.9856234364290998 21.870329983711393 0.06843453329462607 0.9897068119579049 0.12568667796098093 2.1501199453202124 -0.9921221199997202 0.05426231162082762 0.1129128006243107 12.87664660510353
0.0709001523477264 -0.131242168774039 0.9888117422100912 22.690522860264398 0.06663667696817202 0.9897151246788808 0.12658406402271555 2.2516486872440686 -0.9952551038199747 0.05691629922398433 0.07891649512577958 12.951491070011706
0.04154257231089836 -0.1288293095305851 0.990796257406974 23.464951212576754 0.06322649191998614 0.9900037556121835 0.12607527352048112 2.3498474724124736 -0.997134206315923 0.05740708039645365 0.04927272790367304 12.992498639835945
0.010949589452903696 -0.12556115519465286 0.9920254547122254 24.287301677904342 0.06397835807360047 0.9901401575056956 0.12461636406508875 2.4513612471900355 -0.9978912146065919 0.06210366173407878 0.018874824772699195 13.004038134972038
-0.018088306692406797 -0.12250514738870366 0.9923030293334155 25.109462447756076 0.06562157068654034 0.9901800654204096 0.12343924620907563 2.550103531116293 -0.9976806215526254 0.06734929032518013 -0.009871700515199033 12.990375763695024
-0.04676216769020336 -0.11837407993288852 0.9918673685896494 25.931479873587193 0.06768204247299615 0.9902962423074774 0.1213774839019727 2.651411537671435 -0.9966104759632005 0.0728074836245026 -0.038296599440040935 12.948806136373744
-0.07579295798198288 -0.11523776840381293 0.9904421660317428 26.732119490136817 0.06969196364060064 0.990257974090919 0.12054947097878872 2.747320165401708 -0.9946851048066712 0.07816266041184756 -0.0670234346559741 12.885679112948475
-0.10157901766882321 -0.11179504829675611 0.9885259583570698 27.526751669778154 0.07489610812902668 0.9899863244826035 0.11965638438692325 2.8448724778928463 -0.9920041714411096 0.08619132504928759 -0.09218882432098813 12.8018957775163
-0.12927147254271398 -0.10390228532325388 0.9861506991790067 28.361687583649456 0.07744351555788595 0.9903998367023806 0.11450181377573684 2.939528574671507 -0.9885804915557833 0.09117279508989062 -0.11998388704664897 12.694692138581033
-0.15367098257992845 -0.09175155439011788 0.9838530791637117 29.144880255829506 0.08014334266768146 0.9912420322152136 0.10495845938229231 3.027278496367343 -0.9848666273861502 0.09497834404142325 -0.1449718608012573 12.572608508123464
-0.1745757517821107 -0.07669947169089564 0.981651923001248 29.895240058615283 0.08125034302730919 0.992439364832095 0.09199178707695742 3.1043524955006605 -0.9812857324182672 0.09581909086400882 -0.16702398982882483 12.442935499558498
-0.19672811834009807 -0.06245448476199863 0.9784669053102808 30.7299354060966 0.08209468823716531 0.9934153981742836 0.07991438439650568 3.1799254681211635 -0.9770151020417275 0.0960483420124633 -0.19030556055735703 12.280529720845884
-0.22045473991421133 -0.052379014526386714 0.9739898082046863 31.526394054885774 0.08623510430597259 0.9936002602696499 0.0729522417573402 3.243262441811016 -0.9715776934629032 0.1000747801862585 -0.2145269771753115 12.101528177015556
-0.2420005808709459 -0.04737926086985257 0.9691186328296196 32.29523968162497 0.08962285143727435 0.9934455481339259 0.0709484840791933 3.3023112965722454 -0.9661280781337312 0.10402474961426125 -0.23616813525391878 11.912214389076393
-0.2663513583816603 -0.04842406669415862 0.9626588511269423 33.05863469153334 0.09056797994822509 0.9930612470674478 0.0750120029124928 3.3580744463530547 -0.9596115854325347 0.10716561639651781 -0.26011754221123223 11.702643573724252
-0.28668848758281795 -0.05182257929628788 0.9566212057876182 33.806434923389126 0.09205894943641683 0.9924248769396428 0.08135117368543923 3.416289917816886 -0.9535905100807893 0.11138798816037215 -0.27974605480228876 11.483015952056268
-0.3073293488355562 -0.05445050065336947 0.950044111777401 34.55299339557955 0.09722151717280299 0.9913409211739284 0.08826751726793873 3.4769985774496264 -0.9466238154319444 0.11949192853337375 -0.2993743994940845 11.23816191028246
-0.32457754450865345 -0.05427446978535852 0.944300640437277 35.31196932737035 0.10008680460134106 0.9907765680803233 0.09134781709307438 3.5411127897115913 -0.9405488021072731 0.12416148385266262 -0.31615166737197337 10.97527346142141
-0.3378129972270808 -0.05082961588054205 0.9398397358347288 36.02493708301689 0.10255984272353827 0.9906070134850333 0.0904390595638091 3.6064061577293507 -0.9356088165280292 0.12694130527019037 -0.32942684688914003 10.717210547669588
-0.3473926666485124 -0.04809798166545473 0.9364854079581514 36.774981278872566 0.10425406054483657 0.9905112684294289 0.08954617788737465 3.6784427389702743 -0.9319063397245183 0.12874009194510222 -0.33908194099246514 10.439101149080827
-0.35603700821611967 -0.0457426419935687 0.9333516269252244 37.550412858972855 0.1016602183177881 0.9909772155363787 0.08734619796731585 3.7461174695820816 -0.928925642229826 0.12598320916381706 -0.34817435605841446 10.15289975157649
-0.36488386254554156 -0.04617572480013805 0.9299072906978567 38.32214882992705 0.10367161305717312 0.9905434252508318 0.08986611896857262 3.8101093107130994 -0.9252631860719251 0.12919568542150234 -0.35664619915049994 9.847775820630787
-0.3733511101103375 -0.04480830198868304 0.9266073411387746 39.077412946366124 0.10671575281354184 0.9901277215060265 0.09087817783562468 3.8730295048542747 -0.9215317122491323 0.13281306855191388 -0.36488353229627535 9.534788924240296
-0.38046146749457954 -0.042971276804647206 0.923797889758171 39.81425712846223 0.10954260485406156 0.9897934426230032 0.09115568365324689 3.939218955452456 -0.918286169706186 0.1358764523759812 -0.3718710801017736 9.230573871069913
-0.3859161277715301 -0.039706858472719944 0.9216789613070572 40.57679160286143 0.11149239142612598 0.989742901200334 0.08932209232675778 4.008358148385178 -0.9157719088178627 0.13723102751846508 -0.37753073531345066 8.90729210971787
-0.3882198931484153 -0.037877189518975285 0.9207880500299602 41.33300587643459 0.11310664075780966 0.9896427705859903 0.08839725359630156 4.07887032038047 -0.9145994764815454 0.13846481553459236 -0.3799148489841566 8.59062534281532
-0.3893350016819808 -0.037012243013392156 0.9203522968583332 42.071633351438464 0.11863446263709124 0.9888550716866775 0.08995282916253619 4.1472535215491115 -0.9134243924595514 0.14420728506789598 -0.3806049634374807 8.2698683468988
-0.3882600417807637 -0.03658388502794445 0.9208234137513349 42.853691188849524 0.12094027093955358 0.9885469564655545 0.09026829857572971 4.219154881288753 -0.9135795481628666 0.14641220652306233 -0.37938881765226184 7.943124505316629
-0.3810864062619615 -0.03663749183109365 0.923813209017207 43.63182275913764 0.12234645233930957 0.9884283889612908 0.0896697579754299 4.29230453088691 -0.9164084769153592 0.1471971945646848 -0.3721941554484139 7.627505942222813
-0.3716115475559442 -0.03648057282076552 0.9276712917460285 44.42666201344143 0.12402331261871735 0.9883205724675861 0.08854752376223066 4.363826878566939 -0.9200668865088865 0.14795814896115633 -0.3627468959285966 7.318668223533701
-0.3650508374131682 -0.03692174153851554 0.9302551645143969 45.27532676602858 0.12403152074667456 0.9883772481237498 0.08790106513911339 4.443335257818716 -0.9226884999636723 0.14746932017571138 -0.3562284823560599 6.994463681282425
-0.36043000688750026 -0.03791813084169702 0.9320152496008575 46.11629050760527 0.12498235881315847 0.9882006660260433 0.08853730090297274 4.51553324977211 -0.9243752593620059 0.14839696431920896 -0.35143807542761774 6.684159681354579
-0.3591105529073484 -0.03884893686844871 0.9324861237009214 46.993143394071296 0.12486105603490608 0.9881515807103649 0.08925340455946462 4.595152657497664 -0.924905037004571 0.14848304160340567 -0.3500049412219415 6.357057696775125
-0.3594940814302827 -0.03986750946495205 0.9322953325559769 47.88571816242552 0.12445878530507429 0.9881121901913817 0.09024583289867984 4.67280452491481 -0.9248102595543493 0.14847518743632881 -0.35025862236176897 6.026967159811757
-0.3612134271637363 -0.04049039137202698 0.9316036647862482 48.77235480766383 0.12515690600132467 0.9879118738127586 0.09146517621444743 4.75252682879985 -0.9240457829116497 0.14963508207069764 -0.35177938156874944 5.69745154137889
-0.36308942277860035 -0.04028328951930528 0.9308830902169224 49.69192595814616 0.12802457050785193 0.9874323704169342 0.09266619231993145 4.834049804468385 -0.9229169954078119 0.15282202209857812 -0.3533689985682371 5.342975493837244
-0.3634302226038818 -0.040746078828700856 0.9307299449132268 50.633269431830506 0.12996253911298242 0.9870569041717594 0.0939595995849752 4.920767313537297 -0.9225119032974044 0.15510778506234835 -0.3534308465423651 4.983842530936576
-0.36455432048249886 -0.04070361694756807 0.9302920847695789 51.51832585321577 0.13323044709980147 0.9864856521191117 0.09537141148540615 5.001270301693645 -0.9216017553060166 0.15871129049477642 -0.35420464548951386 4.634594535199703
-0.3664080207690333 -0.04010737760616602 0.9295894580822636 52.44377687640102 0.136189926696953 0.9859988036140654 0.09622194727768951 5.083743785901481 -0.9204333034948261 0.1618572134110442 -0.3558156492966736 4.270774780942254
-0.36588474329620957 -0.04039987348361747 0.9297828804863935 53.38234039293688 0.13839055253431903 0.9855881268602222 0.09728360170863792 5.167931322470282 -0.9203132127663458 0.16426775220555834 -0.3550206979783299 3.9052853008980337
-0.3657974732996997 -0.039535461645548595 0.929854373437061 54.34553125533824 0.14079707963240956 0.9852476595282813 0.09727914350480985 5.255665758809377 -0.9199828209779468 0.1665052451621805 -0.3548346268882757 3.53585036701316
-0.36472139581024265 -0.03935806321057621 0.9302844975052206 55.3066839461042 0.14202761414049903 0.9850632292842166 0.09735805633694938 5.347322870228385 -0.9202208758009057 0.1676346538531439 -0.35368370413089556 3.169868288273084
-0.3635903310202538 -0.04034804844359143 0.9306847512317885 56.23991088631676 0.14409286204201666 0.9846017250969461 0.0989782301552138 5.428367522659795 -0.9203473900094045 0.17009255692978376 -0.35217780137306437 2.8156153317544534
-0.3625960113258696 -0.04187215100641877 0.9310052929713482 57.21498296512771 0.14882365864950925 0.9835685344157276 0.102198124901939 5.521122890631445 -0.9199867668595807 0.17561224637648035 -0.3504064607364742 2.439367287739738
-0.3607681664043682 -0.043424820284942024 0.9316440388326707 58.18946346445381 0.1525621425613914 0.9827127423092312 0.10488307184740749 5.6096949043285 -0.920092996803208 0.17997208418610716 -0.3479064905220956 2.0637931865536787
-0.36042914934700493 -0.04308034474736813 0.9317912385279453 59.097897624838104 0.15680041297227726 0.9819200220634117 0.10605046328381895 5.695750025551041 -0.9195131640127386 0.18432892927437416 -0.3471575824317324 1.714131132122274
-0.36014948167911126 -0.04255506303603468 0.9319235040797429 60.0484971108035 0.15904629151822025 0.9815333608958507 0.10628517583744755 5.787999604693528 -0.9192369814147867 0.18649752829057803 -0.34673050621619134 1.3550233129244558
-0.358444248632084 -0.04157578283338002 0.9326248843475989 61.013271710660256 0.16082501303511088 0.981321976174758 0.10555801371153276 5.880679752473484 -0.9195939515921346 0.18782607209399696 -0.3450627925999896 0.988788744650236
-0.35723232110522696 -0.040498911292803114 0.9331371319060612 61.93603550169634 0.1604811469862274 0.9815407247138217 0.10403656660160743 5.967141819711015 -0.9201254643904585 0.186916141390634 -0.34413875961286255 0.6505650088970045
-0.35915061333641735 -0.03783118593257946 0.9325125405650102 62.890391692548924 0.16051202899470968 0.9817856793402011 0.10165022572774449 6.057162124355125 -0.9193730067214704 0.18618722086500603 -0.34653656848663 0.29539087610571585
-0.36322112466778794 -0.036333512508821476 0.930994248351642 63.83060321941141 0.1609982144223825 0.9817600955932941 0.10112709653426732 6.144545385122152 -0.9176873048854235 0.18661990935968698 -0.3507463754377376 -0.05643483178495984
-0.36882731757978265 -0.037300580513560444 0.9287491999997923 64.82540794296797 0.16247145799824092 0.9812246160107083 0.10392919835428549 6.238124239596651 -0.9151881965709723 0.18922716408589435 -0.3558421633662627 -0.44226825411061904
-0.3740752703906763 -0.039012296516301476 0.9265774294696948 65.75377725540302 0.16681196556586683 0.9799890347742211 0.10860598448678177 6.330072907505935 -0.912272689619828 0.19519101527174654 -0.3600819452999418 -0.8169067889502939
-0.3790363024144088 -0.03939651949939363 0.9245428036080034 66.71955964435142 0.16760042408193446 0.9796476698765559 0.11045605801851972 6.430125441249349 -0.9100777874992714 0.1968206217772131 -0.3647191570834505 -1.1923388870585245
-0.3836986617404868 -0.03677803906576978 0.9227256974968434 67.67908993534215 0.17011875329210285 0.9792902613882655 0.10977337440583412 6.526015459059639 -0.9076535389436324 0.199092842143005 -0.3694957285957719 -1.581540779159423
-0.38922034671992223 -0.03373380200053158 0.9205267797852558 68.59484938251859 0.1723228775066711 0.9790201948299738 0.10873952364665435 6.622582678516339 -0.9048825048518977 0.200951458610455 -0.37524147384755624 -1.9570222983429975
-0.3936801089002352 -0.03153696852167952 0.9187063684729531 69.47340247902363 0.1738925226260959 0.9788116975158847 0.10811591640829296 6.710378499124684 -0.902650188296126 0.2023192537118869 -0.3798546526586629 -2.321139324152332
-0.3968418204003361 -0.02958513064600239 0.9174100989339534 70.3117763888428 0.17696386117433877 0.9782632393373591 0.10809637551484336 6.803730084797457 -0.9006666205759025 0.2052455958256733 -0.3829802657769035 -2.6740257193205577
-0.4000171903379886 -0.03019475940588144 0.9160101112643475 71.17891671820841 0.17906532060923186 0.9776208145711607 0.11042261485915425 6.900169334275732 -0.8988447354183116 0.20819658840058122 -0.3856582971869587 -3.043819669653787
-0.4037399897709073 -0.0348479422567977 0.9142098454842055 72.10190604414507 0.183159815753823 0.9759647358011424 0.11809028904034483 7.002619440548328 -0.8963517738883621 0.21512427894841038 -0.3876532497659646 -3.4416079777785544
-0.4039696613774227 -0.04167253402361437 0.9138226920987799 73.00701830776826 0.1876897331060209 0.9739330828586412 0.12738490569943667 7.107073050458069 -0.895310603518802 0.22297477440624186 -0.3856179108979308 -3.831923096851508
-0.40462663060781073 -0.04340477965569346 0.9134513204905946 73.87998254873447 0.19108970220616267 0.9728090426730234 0.13087128105262738 7.210180111843476 -0.8942941437322122 0.22750514630802623 -0.38533023874286493 -4.210946007998743
-0.4030887744772136 -0.038255307436945774 0.9143609633746199 74.76108674791095 0.19187355459978753 0.9733867410238687 0.1253107794412544 7.315048191084624 -0.8948206406513546 0.22595305674373406 -0.38502108671144564 -4.5813755149458375
-0.4028736199822596 -0.03196586531288799 0.9146972339398366 75.60299392729591 0.192708742460654 0.9740236950021526 0.11891670258457059 7.41279350107649 -0.8947380549085991 0.2241785561313842 -0.3862483502479002 -4.942664416889731
-0.4036647749328987 -0.029064807227480838 0.9144451795811501 76.49059484016827 0.1986114326727292 0.9728764834206685 0.11859530690006218 7.515456848621166 -0.893089160325025 0.22949201508519498 -0.38694336371370736 -5.328886849412452
-0.4025391330959165 -0.029235420029727052 0.9149358100665169 77.36268503042795 0.20215657842125262 0.9719736610852674 0.11999966648917701 7.614278322374377 -0.8928017496216055 0.23326485455847654 -0.38534730244341 -5.70453365361562
-0.399213212256629 -0.030896227425420225 0.9163374019926396 78.21061387348394 0.20376535019449304 0.9714478003283368 0.12152717102504942 7.713822368624083 -0.8939286846386905 0.23523306393471285 -0.38151921630768215 -6.062618775536425
-0.3955754452816606 -0.03404038784602674 0.9178024401174297 79.06974147849809 0.20585408635907593 0.9706020946135949 0.12472236792561535 7.819819553595562 -0.8950665685967084 0.2382704889972624 -0.3769390028287329 -6.417039302564427
-0.39140627906515874 -0.03831279941278794 0.9194200640129203 79.92898987884257 0.20834489808846346 0.9694983851497494 0.129094092167442 7.924606921957383 -0.8963222233933926 0.24208471780181356 -0.3714854792020024 -6.762717791604195
-0.38965414868798476 -0.04132288398838961 0.92003372963665 80.80141305451703 0.20655122577918655 0.969622596477298 0.13102904841957322 8.029239327891407 -0.8974999919439318 0.24109010692997226 -0.36928217503846184 -7.105567953532214
-0.3874025793611167 -0.04286253310470085 0.9209137010383778 81.68575747386213 0.2064998418802091 0.9695028278012949 0.13199273536351075 8.138589962354274 -0.8984859803067619 0.2413028597864964 -0.3667367898794121 -7.453512765874075
-0.38512028076071364 -0.042463810819586056 0.9218889272127461 82.52329706549223 0.2118282064894812 0.9682025793524425 0.1330886030835369 8.241648976419729 -0.898226686467419 0.24653719821957074 -0.3638794163068381 -7.7927442198400705
-0.38409002586231245 -0.03970395226288233 0.9224415689938279 83.36656124168707 0.21834786491574815 0.966829724771695 0.1325311027065818 8.344605396772797 -0.8971059368434824 0.2523170217654669 -0.36268038078669573 -8.133098961576334
-0.379477453385063 -0.03704790733685576 0.9244589309073428 84.22138018068378 0.223275349390254 0.965998622660673 0.1303640263736236 8.452903033943175 -0.8978557683320008 0.2558790995365635 -0.35830281284593635 -8.474187242549046
-0.37296073600913293 -0.035575593099379035 0.927164854042232 85.07301384357966 0.23145905815782392 0.9641062153195682 0.13009961559847869 8.55717819269065 -0.8985137693948931 0.2631227522617652 -0.3513394703843775 -8.806383978945588
-0.3640871976464833 -0.03445410017658329 0.9307273647481055 85.92900722942017 0.23898545102896662 0.9624008807421656 0.12911428636361527 8.656752695200973 -0.9001813521210115 0.2694391577475817 -0.3421638110114245 -9.131439290991647
-0.3529813616379226 -0.03414117158253391 0.9350072399394619 86.78424229535959 0.24097971682322186 0.9623017131680647 0.12611181115822556 8.757946549050665 -0.9040646738016248 0.26983289872952876 -0.33144723916059704 -9.43606596202586
-0.34223600107305135 -0.035359183050611656 0.9389484798132003 87.64922044836645 0.24308291636929347 0.9619403175447203 0.12482596385112278 8.86442645670256 -0.9076261429349232 0.2709622734920049 -0.32061539421106783 -9.736754260306888
-0.3298044500057729 -0.037645036719895594 0.9432984023980681 88.51551012862578 0.24754282356208734 0.9607937827483393 0.12489138294953206 8.963945085926783 -0.9110167809976385 0.2746964838553546 -0.3075553064055406 -10.025838201298003
-0.31686092316634473 -0.03894594359814417 0.9476720787526783 89.34915599731241 0.25149273336508843 0.9599425077502124 0.1235386048115742 9.057426493939994 -0.9145220393378876 0.277477197786564 -0.29437364738336835 -10.292608121250655
-0.304572286468654 -0.039642459482675835 0.9516639100656389 90.19183606993334 0.25352542774273934 0.9597164248428569 0.12111664367338583 9.150565667322432 -0.918128847059669 0.2781597729597313 -0.28225265437879155 -10.554098725841211
-0.2906727747424391 -0.03935445381534157 0.9560128477109643 91.05888165213473 0.2585634585912041 0.958749940519809 0.11808255347263433 9.241892531836557 -0.9212243352760966 0.28151337182833613 -0.26850688180557886 -10.810308880006822
-0.27920372177558966 -0.03562572571851488 0.9595707839517041 91.90482046479534 0.26336975878689284 0.9581473987454872 0.11220486813766317 9.327085695597345 -0.9234076304120477 0.2840499426936849 -0.25813558095024663 -11.044847593623013
-0.2679175599409 -0.027710276265471373 0.9630432605364132 92.77682337430623 0.26838765678454624 0.9578714869447233 0.102226611916885 9.411122147775085 -0.9253044076200088 0.2858572285033143 -0.24919349540344954 -11.279092046121836
-0.25478152108481317 -0.023748839304709377 0.9667069717062086 93.6485871591245 0.26904216059951935 0.9584856023959007 0.09445457013670723 9.48574347050072 -0.9288179005239142 0.2841502113872992 -0.23781498067805112 -11.49879902867988
-0.24046765840515827 -0.02589386610800863 0.9703117091734599 94.54904334290039 0.2717222544248435 0.9578811410848653 0.09290175458104882 9.560224235756921 -0.9318488727854002 0.2859951524972711 -0.22330349535249538 -11.709256658430483
-0.2264002489055174 -0.029718725305054136 0.9735808773090004 95.4468792852302 0.27424626445586653 0.9571528404401815 0.09299153977269027 9.627126689316066 -0.934629292140752 0.28805422649830303 -0.2085493919169789 -11.907305778383892
-0.21387465316689608 -0.029551080316397235 0.976414034303519 96.2955919744703 0.2752574955959192 0.9572175668299328 0.08926276306750662 9.685838442422412 -0.9372784772152845 0.2878563242388764 -0.19659041875096667 -12.081072681450388
-0.2057401756517357 -0.024163203208694833 0.9783082948301567 97.16170630559168 0.2757986602849043 0.9577407593120171 0.08165621187327694 9.745038726579343 -0.9389388047726248 0.2866160804336296 -0.19038157297653108 -12.254569748275621
-0.2003752222216616 -0.017691286687434 0.9795594870629161 98.0544208309496 0.274693614823862 0.9587181015874169 0.07350523562046177 9.801380350228243 -0.9404218140252916 0.28380736435822607 -0.1872436691624516 -12.426141604682696
-0.19759594755087873 -0.015286098641401236 0.9801643620841332 98.90183755204555 0.27564850773290206 0.958668248356134 0.0705201373963917 9.851020261008781 -0.9407304298767498 0.2841153371117214 -0.18521537064131122 -12.588772066848588
-0.19417566612855341 -0.014897592318214331 0.9808536447537182 99.74646791942266 0.2774085858005356 0.9582370168703596 0.06947154830246365 9.896063546081814 -0.9409252293395474 0.28558690663704267 -0.1819335910430111 -12.74834497336711
-0.190103141395158 -0.015199651125215485 0.9816464568455205 100.6082361981272 0.2787956532913882 0.9578812261750862 0.06882252717782161 9.940757698087719 -0.9413467901562744 0.28676214385268095 -0.177858633514074 -12.907374828839682
-0.1853752928716777 -0.019112796027237894 0.9824819091569885 101.45814562252397 0.279736435356999 0.9574177262873798 0.07140605103535345 9.986792541147471 -0.9420103648721172 0.2880729046938035 -0.1721350459806939 -13.061083044235914
-0.1814012312127803 -0.022568068307341843 0.9831501795795812 102.30800954356415 0.2832580732339962 0.956168049634874 0.07421269975688241 10.034681202253308 -0.9417316269841698 0.2919475006748924 -0.16705747390473802 -13.210541522976492
-0.17856341090370648 -0.02445703202483504 0.9836244008110872 103.15174416662762 0.2871772198801201 0.954867644123871 0.07587507223886782 10.08471510153263 -0.9410867933768697 0.2960230325327144 -0.16348092103293382 -13.353730266727464
-0.1759303577947567 -0.025042475524631458 0.9840840328070602 104.0424609263627 0.2874442573376852 0.9548023462562198 0.07568539163672407 10.139151862727555 -0.9415010930050988 0.2961846619985848 -0.16078040262105514 -13.497876531048002
-0.17291837255531223 -0.02404900991560152 0.9846425145985226 104.85762841811749 0.2867323226154801 0.955172898356599 0.07368384770481669 10.18369639513151 -0.9422758680982734 0.29507012618551154 -0.1582713146230607 -13.631073304749846
-0.1701403262942277 -0.022525332281988386 0.9851623616308534 105.65542742443004 0.2875477481360311 0.9550938743346473 0.07149813808996047 10.226106094778377 -0.9425330561367022 0.2954459351793818 -0.15602287484721333 -13.762447990932868
-0.16541353347592153 -0.020446778051833092 0.9860123184881159 106.531274374471 0.2902863191624831 0.9544856050974206 0.06849147807507434 10.274742683194177 -0.9425349944962828 0.29755530398416774 -0.15194941665166845 -13.907769678750599
-0.15923694429742102 -0.02176581214516765 0.9870004280609412 107.38634622980487 0.2927719113011149 0.9537422560171833 0.06826651478100805 10.319625450818926 -0.9428298910852966 0.2998365529899828 -0.14549858407274313 -14.040519519185684
-0.15414355675157565 -0.02541878471168177 0.9877214431689509 108.25170320324673 0.2938444704615195 0.9532579882148965 0.0703891687951893 10.366372997565108 -0.9433425629595875 0.30108652126634566 -0.13946940747191627 -14.165560047716845
-0.14797416874479136 -0.028214057364588485 0.9885886972605522 109.07639697616078 0.2968348414826533 0.9522402168953956 0.0716075848564804 10.407506230294207 -0.9433942560066051 0.3040436420878386 -0.1325320392950558 -14.27888743832216
-0.14362343426527285 -0.02527353947203903 0.9893096367328098 109.89561458864057 0.29905584884506253 0.9518287827029903 0.06773158561338098 10.449716163354685 -0.9433652041502314 0.30558667611775703 -0.12914671880420786 -14.38989990491039
-0.14023258725354731 -0.023182278415922963 0.9898471616565978 110.73665568932647 0.30304823522046537 0.950742227539936 0.0651995698004362 10.492490264550545 -0.9426009699771891 0.3091145398389521 -0.12629969381679113 -14.501840909981897
-0.13451956179257613 -0.022770561051982108 0.9906492765073376 111.58706837769863 0.30442527838501837 0.9504383377643 0.0631839852180808 10.534119672418134 -0.942989786463956 0.3100781637865081 -0.12092061431968532 -14.607014714492479
-0.12718828650377362 -0.024308669641362607 0.9915806716331765 112.43416137953952 0.30516776795809863 0.9502494592933475 0.06243875809281729 10.570599914065843 -0.9437668002084554 0.3105399389659378 -0.11344237802217289 -14.704121682689006
-0.1198104298287157 -0.026246260988433134 0.9924497945429711 113.31080925440415 0.30870088183579647 0.9491122737082116 0.062367118341562916 10.607677128323271 -0.9435831847050158 0.3138423580088512 -0.10561130555666876 -14.807453033570107
-0.1128786729180229 -0.027650934582885894 0.9932239581368137 114.17338026447736 0.31294026218311477 0.9477502625375935 0.06195023942395919 10.643391225432989 -0.943041249100499 0.3178126266790158 -0.0983277011749748 -14.904375628045184
-0.10713141542071708 -0.028086647545442156 0.993848076951207 115.00786385808041 0.3160536389892625 0.9467894920920568 0.06082561093577854 10.681394283048169 -0.9426733034893897 0.3206256351162893 -0.09255401122953805 -14.99472889149838
-0.10137316289733461 -0.029231057314602793 0.9944189394477869 115.84172461362631 0.3155367282953551 0.9470143000316142 0.06000407179763151 10.719610749101122 -0.943482938341152 0.31985850125313614 -0.08677836271354628 -15.070105848969916
-0.09516576541148186 -0.03106022874822245 0.994976753137356 116.66348753062425 0.31382440966944686 0.9476087583875592 0.05959765870243394 10.756219758913497 -0.944699802577131 0.31791964899530306 -0.08043245485146716 -15.139612161318167
-0.09265992122113154 -0.03142482168460911 0.9952017984214983 117.5066944551042 0.3166305542838608 0.9466889109387346 0.05937337786860242 10.79212791612288 -0.9440123045242519 0.32061282957443116 -0.07777006120023267 -15.21635740270217
-0.08725887069992533 -0.032264711414352665 0.9956630343050418 118.36799673173769 0.3172829342677852 0.9465261611495575 0.058478764367134894 10.826154542293837 -0.9443079101154445 0.3210096800048733 -0.0723557615989967 -15.289228215493523
-0.08521930092585317 -0.03170848019480815 0.995857541535658 119.24555945016427 0.319943695031639 0.9456907202886398 0.05748994320275161 10.862049974838962 -0.9435961544851753 0.3235175943340477 -0.0704461737576999 -15.358355632461059
-0.08035646415146924 -0.03386100699024047 0.9961908807425817 120.11799379531249 0.32307398331083165 0.9445844455279697 0.05816722938468408 10.896847837281355 -0.942956011687049 0.3265174688622722 -0.0649638557278508 -15.424943445243706
-0.076095799591193 -0.03676877428429565 0.9964223434479014 120.94993999612232 0.3260285374770799 0.9434721556471635 0.05971335084426982 10.930507675583947 -0.9422923230267417 0.329406054522568 -0.05980659837126362 -15.481074995099886
-0.07264094036801916 -0.03818359829887821 0.9966269646178555 121.83586349657634 0.32753383628572086 0.9429324843204769 0.059999300839029934 10.964904570614644 -0.9420429288893414 0.3307874587014503 -0.0559890819305674 -15.53819379960165
-0.06811215614323057 -0.03765180910131391 0.996966937995899 122.72401629422757 0.329465732837915 0.9423782823279423 0.058099086758857 11.001859432194522 -0.9417075262899284 0.3324236969110894 -0.051782435833672535 -15.59047387966696
-0.06525731720374911 -0.03703151494684939 0.9971811016320509 123.59468902090893 0.33049185442888485 0.942109309487561 0.05661433681522657 11.03412412636394 -0.9415501137525959 0.33325473121564586 -0.04924091200273967 -15.633521449142593
-0.0641380102160351 -0.03787927573016189 0.9972218790799198 124.47675357133076 0.3329809020284469 0.9411990210410587 0.05716748792517112 11.068356473879849 -0.9407497193886637 0.33572244974310417 -0.04775355702604006 -15.681610130992777
