1.0 0.0 0.0 0.0 0.0 1.0 0.0 0.0 0.0 0.0 1.0 0.0
0.9999456725845601 0.00017995449027562253 0.0104220677311798 -0.002567680086940527 -0.00015098839384704586 0.9999961243261228 -0.0027800243234054342 0.005831489339470863 -0.010422527616504218 0.0027782996806017873 0.9999418242922776 0.19743891060352325
0.999671417170605 0.00022703787051696375 0.025632131123255637 0.010280234583225325 -0.00016235166420829438 0.9999967972600756 -0.0025256903073448745 0.009711713910207594 -0.025632622457554904 0.0025206989897324458 0.999668252343022 0.4392329141565637
0.9989843307074187 -0.0009911938428124828 0.04504802477153767 0.03000149238745863 0.0011751959838778054 0.9999910746099527 -0.004058277323158032 0.013209078283466968 -0.045043600160850586 0.004107095713293259 0.9989765792296391 0.7369466329437218
0.9977145932261811 -0.0009926776025259434 0.06756186094753183 0.06217162567841837 0.0012988437547679056 0.9999890859708541 -0.004487866316684786 0.0107439813921009 -0.0675566685710366 0.004565362017756839 0.9977049934731358 1.0538813329050816
0.9946012925055652 -0.0029404363863940316 0.10372860155288442 0.1136586799508419 0.0034628711592024457 0.9999822097106049 -0.004856828762762959 0.009237068125046868 -0.10371247499502771 0.005189806947624128 0.9945937806130966 1.354839250806385
0.9898619899652549 -0.0059013716372690326 0.14190988209009425 0.19061770844753353 0.0066623772778847705 0.9999658592215201 -0.004888058957717219 0.017737234389374804 -0.1418761909237513 0.005783960940897807 0.9898675124706343 1.7206610657625991
0.9857547044680117 -0.006755096578499361 0.16805365598343278 0.26678377220751104 0.007729689103823084 0.9999568853471444 -0.005145809284854914 0.01403013808996129 -0.16801164996970022 0.00637150822435368 0.985764418792546 2.0893713262769174
0.9782067485927128 -0.00886717461029522 0.20744380015344857 0.3719324201439041 0.009835107559571945 0.9999450267992155 -0.0036351119388755015 0.020417179354932428 -0.2074001631314812 0.00559612311757347 0.9782401830527553 2.506706737128352
0.9680235037265565 -0.011998815279911156 0.2505723940597608 0.5026708661021502 0.01263163357830023 0.9999197969250171 -0.000917360657742022 0.019744613416740855 -0.250541290142174 0.004053165344688681 0.9680974299028914 2.9486206247654554
0.9562550292346448 -0.01577149839629066 0.2921088476951437 0.6450710062694988 0.015373036272107479 0.9998751309431693 0.003659546031509979 0.008605626777020451 -0.2921300888632072 0.0009911406136738597 0.9563780783879662 3.354188801586126
0.9433879408334084 -0.018924776614651626 0.33115109228294454 0.7992246485654576 0.018047463979111347 0.9998207443710158 0.005724348811078481 0.0133623077878985 -0.33120006360812254 0.0005761557721243216 0.9435603774589637 3.721300030201426
0.9275188311908895 -0.0217759515514865 0.37314156257419717 0.9807361484344068 0.020130866580986565 0.9997628574930318 0.00830523859177799 0.007457424300629399 -0.37323392932179233 -0.0001916021794053785 0.9277372458253578 4.124921385431787
0.9100225469318933 -0.023599873780259607 0.4138864699807739 1.1840790005476127 0.021125267276547822 0.9997211122423566 0.010555606065021346 0.002320826322831645 -0.4140201530820506 -0.0008623772152097295 0.9102673064256752 4.536128334710107
0.8907573182814135 -0.026781907651067936 0.45368946356585615 1.4004393951103695 0.02346783462310701 0.9996409181348319 0.012934277276010675 0.0035425453847124193 -0.4538729565266113 -0.0008741928390778482 0.8910659768617994 4.917085939599364
0.8690623509791645 -0.02873039154218964 0.49386758823838606 1.6193422906829102 0.025128824723443924 0.9995871510224733 0.01393088937554866 -0.00103564759830243 -0.4940639354158387 0.0003035005894873972 0.8694255204494553 5.265029923489047
0.8478806817689318 -0.033808279022623365 0.529108070012715 1.8908420077073762 0.029531035973747077 0.9994270507133173 0.016537479154872057 -0.0044077693152898625 -0.5293640216310217 0.0016033003489729566 0.8483932826411477 5.6385441856030605
0.8220337180217193 -0.03414827388644062 0.568413988063247 2.1521725556317053 0.030879579480714056 0.9994047308485269 0.015382962285524316 -0.008568676919104744 -0.568600930360198 0.00490707124059125 0.8225988710455157 5.974214576100538
0.7946012333826824 -0.03687970176995556 0.6060105341527314 2.458519472917561 0.03293642469281757 0.9993019825987726 0.017627804815595914 -0.00578405449899853 -0.606237636439024 0.005952744872873889 0.7952612734147844 6.335435905731047
0.766824409972296 -0.03886470497795143 0.64067921690782 2.8160436085676372 0.03407836737877688 0.9992224870824997 0.019826401223147702 0.0067933773065443764 -0.6409516277750121 0.006629933305917526 0.7675526397823942 6.724504833652821
0.7385623670043633 -0.0397844414987497 0.6730102735170873 3.181116076951429 0.03424591519677979 0.9991824863223113 0.021484327289892073 0.009470240701933138 -0.6733148203754669 0.007180337136708617 0.7393210367772285 7.092447585111942
0.7075997323350371 -0.04108999507146879 0.7054177706185254 3.5743196182946413 0.03553338765516427 0.9991139494484493 0.022554254127976913 0.00893632632759726 -0.7057194890047545 0.009106498918256937 0.7084328299255478 7.4562824621912975
0.6772191678695709 -0.04226949748046964 0.7345661905184546 4.0059295354650315 0.037054188812883415 0.9990409615230895 0.023326900575085532 0.012371515716377767 -0.7348477296429956 0.01142133012259567 0.6781359505709498 7.8382350300839105
0.6487064511050942 -0.04241645164139162 0.7598557658692784 4.420071991362613 0.03554098868980198 0.9990447163330229 0.0254262244547125 0.01632161009516915 -0.7602083782868916 0.01051186934962274 0.649594275055739 8.182492411400286
0.6251787837575515 -0.0447463562831964 0.7791978259330591 4.8654496113432835 0.03873206274015081 0.998903807342366 0.02628708794861794 0.021546348287683564 -0.7795199264004234 0.013745809408783605 0.6262265860440418 8.520862557570796
0.5986653408454526 -0.045103435065454424 0.7997283850256253 5.3123653820941446 0.040848513414854536 0.9988333839923054 0.025754028311638782 0.03284305879943872 -0.7999570042334744 0.017249671526628534 0.5998093365478975 8.840969760460904
0.5705808266203377 -0.044320526890396006 0.8200446397540869 5.816306058130887 0.0431172704686163 0.9987821889204009 0.023979993384258255 0.03749667886383308 -0.8201087862476469 0.021675562081075676 0.5717969471131173 9.164729184400304
0.5482740402178818 -0.043799820329884956 0.8351509759092844 6.371196083448267 0.044580288514832894 0.9987384114891706 0.023112405587095628 0.04566279962905901 -0.8351096782453756 0.024559339469088896 0.549534952615161 9.527687655253377
0.527959331663893 -0.042517001400438854 0.8482047209848167 6.966489252286677 0.04643462688508559 0.9986972410756317 0.02115764859252213 0.04873438030133105 -0.8479992744897005 0.028215691730610594 0.5292457890291663 9.89533780142436
0.5119149107451535 -0.04194553557780785 0.8580114778963466 7.608627820243599 0.048302778589535536 0.9986324616696534 0.020001201967354665 0.05299135126521586 -0.8576770754411664 0.03120542492419323 0.5132409334006678 10.281959764649397
0.4992062486606337 -0.043521399298630886 0.865389512936959 8.306051350436881 0.04937249462252748 0.9985438697255322 0.021736996303728058 0.05776920106170436 -0.8650754175636518 0.03187519469193753 0.5006280993815918 10.69109668724307
0.4891351884582996 -0.044120380774966265 0.8710913611166947 8.94837378403129 0.04839590706671442 0.9985540683721008 0.0234010409323188 0.06272072535302535 -0.8708642854033307 0.03071098399267119 0.4905631782667226 11.067822152644256
0.4794546350988421 -0.04358753322768537 0.8764835308374948 9.514100582469325 0.04765626306156412 0.9985851791846675 0.023590686800780063 0.06569872018859423 -0.8762717235385626 0.030459265582921117 0.4808535116507999 11.386381662302302
0.46983470308911196 -0.04392181789869625 0.881661060547442 10.177544207000263 0.04662206969370206 0.9986021416684949 0.024902716168544996 0.06815131971954007 -0.8815223958531297 0.029404703153905344 0.4712256667901156 11.751857374987962
0.4634051607579885 -0.045864640152036264 0.8849588079490407 10.861768262061743 0.0469992183528131 0.9985261736971263 0.027139526819768334 0.07388837733319861 -0.8848992770124109 0.029015775459231674 0.4648777842803547 12.113408707762074
0.4563768402053155 -0.04635025309622332 0.8885785467600081 11.547999156155736 0.04793098903116252 0.9984729789052342 0.0274650812232939 0.08001272141984488 -0.8884946820407574 0.030056021593411066 0.4579015566159061 12.476711800261706
0.4484209223718821 -0.046509672076590125 0.8926116326726191 12.30701400291193 0.04870294618550526 0.9984330997677878 0.027556638418695482 0.0853014092613894 -0.8924946495144958 0.03111584309343069 0.4499834495807404 12.86384755652182
0.4410563704682678 -0.04489675374862238 0.896355710403071 13.02193776980436 0.048920429406038725 0.9984657846584994 0.025939708036450803 0.09271139152570851 -0.8961451164047525 0.03240923277590957 0.4425760634905485 13.221582099661358
0.4300219262534272 -0.04507843274053736 0.9016923410138012 13.774820955930043 0.049171647633879025 0.9984396614216549 0.02646491203804101 0.10581924607501846 -0.9014783924256099 0.032957205613772196 0.4315675272629648 13.588607127982876
0.4151579949285253 -0.04680452384386611 0.9085445370451997 14.597200216600925 0.04945442875770822 0.9983601045429176 0.028833333718184743 0.11203959289389204 -0.9084041494418527 0.03296116206696019 0.41679187020864533 13.973475138102415
0.3982101383373595 -0.04639284190804995 0.9161202922897383 15.38953024608496 0.049810873434810284 0.998340305576926 0.0289052097074487 0.12093874579961109 -0.9159408073740368 0.034122404374032016 0.3998600991681125 14.325361473728057
0.38628777755889115 -0.04554890702267399 0.9212529782734232 16.240170806873834 0.05028356007837392 0.9983346358114578 0.02827575861137232 0.12247845654005189 -0.9210066864548038 0.03540129952761389 0.3879348289304519 14.686640735785504
0.37328731263848497 -0.044376860201682314 0.9266538061767073 17.058786345660618 0.04869716394864518 0.9984155129113755 0.028196627480501633 0.1308273189749021 -0.9264368129810565 0.03459996902535827 0.3748568709480293 15.02211259675544
0.35526784453845967 -0.04260124163758026 0.9337932816463898 17.80880661802778 0.04761600854824213 0.9984888232970053 0.027436936434226816 0.13922951440125436 -0.933551002552582 0.03471604761343906 0.3567594731344507 15.315828564345866
0.33278431024499533 -0.04125218693165325 0.9421002387899703 18.606895070225757 0.04699939579485618 0.9985266673794662 0.027121049518332583 0.14257687493615162 -0.9418310143808609 0.03525268224423965 0.33423283612611365 15.603126026382771
0.3111404654937336 -0.039581368481425655 0.9495393230411683 19.438309600535437 0.044200363880593355 0.9986538232100335 0.0271453351573762 0.15196598071469572 -0.9493355247567458 0.03352397138050248 0.31247112631043744 15.894724080399783
0.2884350522243867 -0.03727931786700846 0.9567734701107081 20.258242344713004 0.04408856247615377 0.9986990181402933 0.02562166708863401 0.15509271368592312 -0.9564838834539252 0.034792580027716395 0.2897033949885872 16.149322543157687
0.2592522613682225 -0.03689760253437988 0.965104570449585 21.075064338696063 0.04269130024387035 0.9987310702753098 0.026715204476516274 0.164602779613956 -0.9648656475691063 0.034275591810343446 0.2604984950956534 16.379454942909554
0.23105094040414276 -0.03575483995101275 0.9722844513610401 21.884543180028956 0.044158183305722756 0.998680100367476 0.026231888554704368 0.1730117598475985 -0.9719390504478661 0.036873412509363775 0.23232484512943263 16.56995765170539
0.1958126000577119 -0.03501364633100874 0.9800160561078811 22.74212261955438 0.044453179238102845 0.9986519965531686 0.026797474433146475 0.18243661852599277 -0.979633268378664 0.038317546254647825 0.19710511189403296 16.745451157882552
0.16480294519189637 -0.03407654591636366 0.9857376822839263 23.604972160519523 0.04570003571979198 0.9985934837348329 0.026880494369335595 0.19564658204974603 -0.985267220601237 0.040618262650439704 0.16612844653452147 16.90142822768906
0.13530291383727033 -0.031515322748369615 0.9903029364488478 24.393406486717165 0.04498792793004759 0.9986585763275035 0.025634630250602405 0.21073383561825443 -0.9897824042928351 0.04108323696582772 0.13653922437418708 17.01453175938569
0.09920165415820859 -0.02980243356633805 0.9946209563274842 25.216984386567347 0.0466493005122325 0.9985916762009093 0.025268695731626857 0.21623098966410878 -0.9939732765894638 0.043891675472487034 0.10045220878718042 17.09541849986919
0.0689781628191859 -0.02874473364775237 0.9972039677726967 26.02909643401375 0.049500450494804504 0.9984521739591656 0.02535668978844809 0.2222004619903637 -0.9963893407975124 0.047612987763171855 0.07029427388744236 17.152440961476668
0.042328012577587115 -0.02693499928723245 0.998740629575381 26.855756058201223 0.0518440488768485 0.9983490168388731 0.024727215227572773 0.23720293821970118 -0.9977577531381486 0.05073210413783909 0.04365454916112266 17.189113061526093
0.014171295118788285 -0.025763696086628762 0.9995676096986198 27.67206612934795 0.05380674966304691 0.9982392006964393 0.02496661538199394 0.2429907489658646 -0.9984508040386139 0.0534296748716483 0.01553260305794063 17.20256757886914
-0.010723087926831132 -0.025357731569451567 0.999620928569908 28.47979785298626 0.056933360553106466 0.9980412370979905 0.025928391929363807 0.24981651807847569 -0.9983203933815255 0.05718981116916157 -0.009258383065752607 17.195410169334075
-0.03349962374602733 -0.02141117464292457 0.9992093558455533 29.34107013532684 0.06031503499273122 0.997904948372105 0.023405353410975886 0.25601504246446716 -0.9976170967674425 0.06105141779579944 -0.032138024556940814 17.1651585843591
-0.05533132306922417 -0.016293880540891443 0.9983350911113603 30.163057848305737 0.06105859819409985 0.9979403182076976 0.01967152465089146 0.2635488799943098 -0.9965993639743006 0.0620453926769613 -0.05422247664558555 17.12819784105742
-0.08089921776678416 -0.007778884601769447 0.9966919310996125 30.961032628915714 0.06053371649680233 0.9980853166475858 0.012703143688603095 0.2664709490044416 -0.9948823979404837 0.061361141179421444 -0.08027343658615788 17.068488386810387
-0.10644840055894716 0.001098857088746602 0.99431762054765 31.793913639299685 0.06041721035066711 0.9981587938895693 0.005364967321773443 0.26793380154924623 -0.9924809815366162 0.06064498902645597 -0.10631879699326857 16.99053366821807
-0.13773517631536786 0.008291394548573559 0.990434386510189 32.597844064688104 0.061570610854835076 0.9981027087088947 0.00020675330624546004 0.2726439979771499 -0.9885535297010157 0.061010127392155666 -0.13798435879206 16.884799844982876
-0.16778814867374142 0.012087933563999474 0.9857489634926282 33.40983420424019 0.06490838846543745 0.9978905193168435 -0.001188513517157673 0.267618789845219 -0.9836839117681342 0.06378395816906421 -0.1682188111027681 16.75688060689235
-0.1886946655226308 0.011850794808532298 0.9819642976532845 34.20794673228373 0.06586499666318472 0.9978283543439439 0.000614395487682308 0.2563168501793239 -0.9798245380770279 0.06479300833934695 -0.18906544013244775 16.605418380523606
-0.2063939687233164 0.011395609748049065 0.9784026112767223 34.98319095016937 0.06630167910965726 0.9977968204445558 0.002364837832773539 0.2349525516896641 -0.9762200658775044 0.06535782423861315 -0.2066947938118321 16.444323131049952
-0.2239446865476845 0.009321960203238642 0.9745572730348017 35.71928687639496 0.06829355372670132 0.9976463113580534 0.006150443321304867 0.22129604165515676 -0.9722061344624594 0.06793333858746865 -0.22405422027251098 16.275202742620802
-0.24579495269211543 0.011605374315735321 0.9692523698800393 36.40503806852133 0.07009135483668141 0.9975235357343673 0.005830748936889091 0.21873522686638297 -0.9667843829976979 0.06936938044265847 -0.24599968668427724 16.098433982192212
-0.2603645138896485 0.011720454139216314 0.9654392528076418 37.119267452656366 0.07158154410782862 0.9974087935660871 0.0071959057929945405 0.20671978748034925 -0.9628532611203776 0.07098119097206804 -0.2605288238910251 15.902183536997704
-0.27470779385744554 0.014337050464554982 0.9614208636065438 37.923421247659576 0.0728198884704319 0.9973274521080571 0.0059344009643140586 0.19872082591564055 -0.9587663384981397 0.07164078625774703 -0.27501764653789523 15.669966246969583
-0.2867876852690083 0.013705299121746343 0.9578961260773675 38.74433300011551 0.0692971677819224 0.997575054139116 0.006474094279827841 0.18922208939110763 -0.9554845504326319 0.06823617907916196 -0.2870419790714038 15.437086232976997
-0.30137881526932436 0.01469877701303638 0.9533911871111352 39.5477116293997 0.06928903618657431 0.9975752994230498 0.006523146889971989 0.17489037820308045 -0.9509836166681286 0.06802549474523202 -0.30166652597441485 15.184848000411877
-0.3125833848357802 0.0158247483882632 0.949758498178908 40.350963711476716 0.07049995002032895 0.9974900619073456 0.006582814231848248 0.1652877866119831 -0.9472704917666008 0.06901560500733198 -0.3129144638615069 14.92031189770887
-0.3210810262277765 0.01876082427798071 0.9468658859991362 41.12371043153844 0.07310739176693842 0.9973113883954241 0.005030292817259141 0.15192678659827 -0.9442257589504502 0.07083802685847987 -0.32158931898501225 14.658284949836736
-0.3289575148430687 0.01979830790381857 0.9441371618744906 41.91774185042128 0.07395115163676977 0.9972500513990845 0.004854086538038392 0.14016520700422083 -0.9414447305072496 0.0714168186680762 -0.329517006255312 14.38650221730587
-0.33227792267672607 0.023461862729812395 0.9428896664503684 42.72840410378392 0.0743215914505072 0.9972333751870648 0.0013771191955732273 0.12612049048078197 -0.9402487347217775 0.0705346468784126 -0.3331023573075311 14.109493069428263
-0.3329049445682914 0.024454781539761616 0.9426432313138551 43.57004797066452 0.0742908280330613 0.9972365512978001 0.0003655486735373789 0.11299256009896724 -0.9400293456866895 0.0701514391549678 -0.33380174480122465 13.824899196457674
-0.33261939614455177 0.025830160015404353 0.9427073459679901 44.45676698834513 0.07255088402543931 0.9973632130583461 -0.001729296116607569 0.09802945187157992 -0.9402662955437467 0.06781905389719223 -0.33361635060789324 13.518912840010602
-0.33038146043523337 0.025210406195958168 0.9435107450475151 45.2955460368092 0.07051491881003155 0.9975087961490547 -0.0019615887638201393 0.08633262538762206 -0.9412097198955698 0.06588351102285367 -0.331336122614792 13.236499075323295
-0.32777637316222835 0.025215076145944832 0.9444187890610658 46.10347102223597 0.06999909767597483 0.9975443122284089 -0.002339116350205374 0.07314210547854345 -0.9421585723863923 0.06534175598883663 -0.3287364893088845 12.961340635248957
-0.3214687916559984 0.026655441413461368 0.9465449294324523 46.91997382933399 0.06852206806105574 0.997637944881025 -0.004822563861814278 0.05851880733579835 -0.9444376857050277 0.06330891230007636 -0.3225359506218073 12.696600936095622
-0.3187907122174149 0.026542451859179174 0.9474534184081119 47.82402137235137 0.06702010139528206 0.9977370081510104 -0.005400793908033788 0.03498586751878167 -0.9454526893572622 0.06177670123253669 -0.3198481692490149 12.402179871249844
-0.3187943309508708 0.026567317504907234 0.9474515038745678 48.704438701472796 0.06460426504322472 0.9978914280734812 -0.006243934312029027 0.016191266426214025 -0.9456196188171074 0.05921887721040995 -0.3198384921958691 12.112186690805268
-0.32095809640565937 0.02715524947086309 0.946704015401768 49.61231764700565 0.06359046646556986 0.9979510606119386 -0.0070663426323943 -0.0042630102179413605 -0.9449561645528045 0.057933350064383014 -0.3220272877008577 11.811924256467524
-0.32901277704427145 0.025790469957152132 0.9439732221842979 50.5046031076671 0.0618924485183972 0.9980665691433557 -0.005696347497209323 -0.020184331044474774 -0.942295026707673 0.05655064294772115 -0.32997288892299204 11.512077779739172
-0.3295345471806482 0.027699906115483543 0.9437370912577498 51.423829642361326 0.06347307805272007 0.9979580966977184 -0.007127804569473265 -0.043734013300925384 -0.942007510892009 0.05755304020345664 -0.33061986780346514 11.19602370590513
-0.3294819526317005 0.028109793397978228 0.943743335025538 52.37453121821594 0.06443096773159575 0.9978959864603814 -0.007228457887580364 -0.0694867569884799 -0.9419608767285252 0.058424649946623 -0.33059985933367025 10.86245910208061
-0.3294653524192367 0.029224521310018712 0.943715268981841 53.298447738423384 0.06582032068655524 0.9978000555112915 -0.007920518062772098 -0.09010416840007993 -0.9418706211258462 0.05950610536628938 -0.3306641142974981 10.540651403254692
-0.32777965069343584 0.02932367840893308 0.9442990111589967 54.2548250414002 0.06535471824490868 0.9978275726370096 -0.008300366766740334 -0.12206043983573425 -0.942490987434054 0.05899370449381256 -0.3289840139515581 10.208314298589865
-0.3271876242856219 0.030661344170774856 0.94446182585003 55.215721532520675 0.06487993185384727 0.9978437876725366 -0.009918157387666951 -0.15588067225764157 -0.9427294696555165 0.05803152054674847 -0.328471444217091 9.878475642516106
-0.3259336880530485 0.032020772205222287 0.9448502003701537 56.151253470362306 0.0655788544092129 0.9977846140875555 -0.011192754108049638 -0.18004618738877937 -0.9431153931765263 0.05831409810268241 -0.32731150471066156 9.559977229293358
-0.32500431879170444 0.03254869192681621 0.9451522498627368 57.08231676451871 0.06679787153303157 0.9977015267048459 -0.011388940665236519 -0.20478071834588363 -0.943350537777658 0.05943270366282252 -0.32643148838604774 9.2419064852491
-0.32534045602917905 0.032847310315375126 0.9450262651777311 58.026246644671744 0.0672677154931238 0.9976684647998761 -0.01151906229666979 -0.23661934842691307 -0.9432012733892284 0.0598221409588779 -0.3267914768289317 8.92021940370165
-0.32661785613203154 0.03219297816011585 0.9446080606330319 59.033176281056974 0.06749093262280967 0.9976628876601015 -0.010664736256045877 -0.2725489077404088 -0.9427437350995332 0.06026918568298363 -0.32802724762996605 8.57948611057251
-0.3260881386986888 0.03215426291119862 0.9447923735809166 59.97288470091127 0.06740707714424136 0.9976682999763447 -0.01068874048617462 -0.307556413121355 -0.9429330897528706 0.06020022092108976 -0.3274952238585428 8.255534452577727
-0.3239368221267999 0.0336565362407628 0.9454798637933354 60.90938457496475 0.06882637757542441 0.9975573272820013 -0.011929314139352512 -0.33858411357800483 -0.9435718653182888 0.061209609982946805 -0.32546200796022323 7.931084304130608
-0.32525444786695956 0.034005962920266954 0.9450148880460165 61.89148253154439 0.06897465555440963 0.9975443421852737 -0.012156572925813933 -0.37891952041988786 -0.9431076508193061 0.06122809698182291 -0.3268012838195019 7.595211681974869
-0.3233133772045207 0.034559290829234465 0.9456606767429785 62.87865306997739 0.06829020402740038 0.9975793736700492 -0.013108823820950168 -0.4178809965205784 -0.9438246172645126 0.06034110245473704 -0.32489081735260483 7.2688621622721605
-0.3252577654121049 0.03593105746362495 0.9449425089118755 63.85796065518722 0.06659250613863799 0.9976672858993836 -0.015014152401421222 -0.45433114431397215 -0.9432777025697681 0.05804262016573099 -0.3268917712011072 6.937997552639549
-0.32681320854381823 0.03907803031702584 0.9442806967569742 64.81392893319662 0.06282581311540371 0.9978330020608174 -0.01955037607529681 -0.4962879500928224 -0.9429984326220714 0.0529358814495308 -0.3285601140240215 6.621656528412973
-0.3290013909525112 0.039377224144788954 0.9435080916293002 65.73651232565575 0.06244238449820163 0.9978507255352012 -0.019871541637510853 -0.5359892189302409 -0.942262719929793 0.0523771301955694 -0.33075308443457435 6.312446349301287
-0.33764244919456665 0.0393233919947045 0.9404526821397903 66.72315896817801 0.06272735343290824 0.9978459469460883 -0.01920274185025233 -0.5844549083284634 -0.9391820141129181 0.05250844698993893 -0.33938180175358146 5.969626124785141
-0.3492444437526698 0.03769573297150823 0.9362731173240152 67.67345520702675 0.06454192555885273 0.997785157951877 -0.01609715552833144 -0.6284225368679534 -0.9348062143316357 0.054807027712589246 -0.35090387766490644 5.621533544267965
-0.3547205737990945 0.038047906248819076 0.9341978759094469 68.60413452775684 0.06324223898489345 0.9978596862893179 -0.016627257343343353 -0.6618035861558105 -0.9328310317157222 0.05318273506190912 -0.35636759527139394 5.279893357646822
-0.3580061573176331 0.040196082206716915 0.9328536146137254 69.55453318551234 0.06499601661877405 0.9977223112054463 -0.01804736951897929 -0.7026638648714824 -0.9314542979375606 0.05417069962713598 -0.3598033159318469 4.912604401775501
-0.36484713544003033 0.04108030446604857 0.9301607260824234 70.44762646264545 0.06415966039744073 0.997760660616529 -0.018899791103417943 -0.7377308391424214 -0.9288541897084222 0.052783261655988165 -0.36666581726425795 4.564322450468779
-0.3738904874728165 0.043784039498489295 0.9264388059999078 71.31379636147213 0.06576278252885459 0.9976224612324164 -0.020607796549813207 -0.773469188589782 -0.9251384544009629 0.05322013462751335 -0.375880908611793 4.210769242147625
-0.3832441453466912 0.04582849146837023 0.9225094440856514 72.19438886887944 0.06723805541026127 0.9975026727407628 -0.021620864452684813 -0.8083408874590836 -0.9211964877061412 0.05374167139909451 -0.3853684779442929 3.842689925056549
-0.388260426102266 0.045699420422518594 0.9204158867033602 73.03512827068309 0.06662301078041583 0.997548157206529 -0.021425416878343564 -0.8482255113820972 -0.9191383007782014 0.05300223605569959 -0.3903531055540053 3.4888163628062276
-0.39135602403788844 0.04461580100025968 0.9191571643360895 73.92737960493766 0.06934784776983915 0.9974137220223935 -0.018887644933312506 -0.8868223122871367 -0.9176226558117161 0.05634977748439561 -0.3934378783474111 3.1160899569128646
-0.3938780953699161 0.04052610182363653 0.9182688500971531 74.80011868991306 0.07065657543609376 0.9974064572064656 -0.01371158161886931 -0.9273974267074482 -0.9164429574913057 0.05948104062495516 -0.3957199912447708 2.7409453205873557
-0.39493427213452265 0.03939476759601249 0.9178643543463443 75.64359923152776 0.07183807545076414 0.9973453650706197 -0.011895952575694813 -0.9667739563825973 -0.9158963978579158 0.06123948936927075 -0.3967159101078324 2.379872860836005
-0.39500011802517887 0.043003762816537276 0.9176740070110486 76.4753079039951 0.07234978499704053 0.9972574505833987 -0.015591211203188775 -1.001198986925876 -0.9158277214470946 0.06023498683920696 -0.39702812367577167 2.017075556046654
-0.39527324262371494 0.04682173029929523 0.9173694943900815 77.30808963650122 0.07395282496481484 0.9970802417756024 -0.019025539162658752 -1.0336614471014933 -0.9155818059274973 0.06032177908920178 -0.3975817395480535 1.6592226848213962
-0.3992468575565006 0.04943169998134095 0.9155099419275654 78.1232263323939 0.07509748813176373 0.9969533660349782 -0.021079687564728444 -1.0717771945560235 -0.9137627230345737 0.060336497979926365 -0.40174269502252236 1.3070550096265672
-0.39946634405164827 0.04902821348010104 0.9154358930329092 78.99961612554794 0.07635019758631804 0.996878983685071 -0.020073345898236235 -1.1095329449226468 -0.9135629629634405 0.06187508521181754 -0.40196291686110797 0.920808256141765
-0.39800053299331956 0.04639398171320607 0.9162113152531073 79.82410100582364 0.07557323691670387 0.9969839421207118 -0.017655169650203677 -1.1479136608955056 -0.9142670625145399 0.06221428786251937 -0.4003062837213453 0.5667479396396373
-0.3960944455052212 0.045767665927256326 0.9170684331038128 80.69725563484778 0.07569515237670116 0.9969850167614995 -0.017062246620548987 -1.186308602724668 -0.9150843863527447 0.062659373669416 -0.3983646178374495 0.19426934182848493
-0.3926699147798612 0.04263311040553147 0.9186907836284887 81.59357342192123 0.07514752779927097 0.9970720169835887 -0.014150689521587108 -1.2223664583063159 -0.9166041605253789 0.06348079115313798 -0.39472395678769906 -0.18419160257693556
-0.3922290915893456 0.04172662804942728 0.9189206865788916 82.45934100363421 0.07200294215898045 0.9972982563414892 -0.014552120762142132 -1.257991983570891 -0.9170452093716249 0.06045722793719707 -0.3941738291143928 -0.5416391545602035
-0.3946253146963378 0.04068997288122714 0.9179407318055679 83.2952937532223 0.06971524376580318 0.9974652296670787 -0.014244310860015302 -1.293684423570306 -0.9161935634938128 0.058373296224618926 -0.39646174153426456 -0.8912782603589958
-0.39403450202237045 0.041515827409255565 0.9181575285812931 84.06985293977003 0.06988284846729045 0.9974407634262248 -0.015109961806970423 -1.329413112191804 -0.9164350488201991 0.05820961716276177 -0.39592731878930054 -1.2226237560620774
-0.3949027600253466 0.04509880204723425 0.9176153378067893 84.87334263708071 0.07287672206804388 0.9971848310912494 -0.017646416693862896 -1.3648698250299833 -0.9158279278909225 0.05990417928175577 -0.39707769491574135 -1.5696298458820792
-0.3930261140819938 0.04814109196033199 0.9182662516473503 85.69708938349497 0.07230058839551884 0.9971547458968244 -0.021331611591765904 -1.4038883398615047 -0.9166804779023441 0.05800730988683282 -0.3953884841929814 -1.9158674428372766
-0.38931647125692714 0.04760106221604514 0.9198732652294873 86.48869558213627 0.07471089829028958 0.9970052026978926 -0.019972668073953516 -1.4436913467100971 -0.9180691514721059 0.060948869302379326 -0.3917068654568735 -2.250560224650267
-0.3834937483788638 0.04923363268881031 0.9222302285040284 87.30834075533961 0.07679215177952374 0.9968199448865622 -0.021282925114323777 -1.4845027134549804 -0.9203453212677292 0.0626581749543875 -0.3860549737174565 -2.596716460632084
-0.37622505335335155 0.04953396102761071 0.9252032727645224 88.14382870916117 0.0751834528403694 0.9969090192590759 -0.022800345148870322 -1.518168104989064 -0.9234728786749874 0.06098191555553832 -0.37878628318209917 -2.9318568039400703
-0.3682965364239011 0.05135017775417174 0.9282891901249163 88.94712373445792 0.07409950514689964 0.9969184105757967 -0.02574773760957945 -1.558331015527094 -0.9267507348770448 0.059302967039113016 -0.370966620473076 -3.246240207968326
-0.3613521232677722 0.04835720180434824 0.9311746474445738 89.7945796037267 0.07314483676550047 0.9970469301191239 -0.023393417761821935 -1.6013740389924132 -0.9295560638629717 0.059657356408781434 -0.3638221048285749 -3.5686549994782877
-0.3525388279551811 0.04803841904389056 0.9345633660056183 90.5838912329024 0.0715498623788394 0.9971418332738514 -0.024264820807747844 -1.6417614435633778 -0.9330578717194109 0.05831358873390097 -0.3549683554789316 -3.855962831635136
-0.34299287110468485 0.04975502578712793 0.9380193642885458 91.35936989793258 0.07049783316494816 0.99714338673788 -0.02711312973372613 -1.6788759385478318 -0.936688820201465 0.05682872243710009 -0.3455206946273333 -4.135437956681818
-0.33456220256302543 0.04916222623104836 0.9410904356799003 92.14977240413016 0.07197644620963362 0.9970542907397433 -0.026497783086505095 -1.7168017962983981 -0.9396209468754989 0.05887118844965658 -0.3371152019166685 -4.4224797589939335
-0.3240708125979554 0.05080603006042943 0.9446675900715553 92.92631987490132 0.07141761865345905 0.9970212887547807 -0.02912170179824026 -1.763882405668645 -0.943333256154987 0.05802841613602145 -0.3267339449043744 -4.688738018216125
-0.31218236983341946 0.055282140919758256 0.9484123854423869 93.70929869562882 0.0700088032371963 0.9969298633316488 -0.03506586754717817 -1.8039751126430739 -0.9474391460323381 0.055450270449013135 -0.31509416381876326 -4.942086812727407
-0.30072096974968376 0.057751582146412295 0.9519620019267557 94.52424550390464 0.0671932106412725 0.9969674286921981 -0.03925580938644644 -1.848290407770453 -0.9513421943741 0.05216033825095103 -0.303689526189197 -5.194507226801727
-0.2866645230898175 0.05771356803032733 0.9562910620030368 95.28249341685463 0.064376609474733 0.9970880914880671 -0.040877744130780026 -1.8919994990105962 -0.9558656303865231 0.049844577216509554 -0.289545186055445 -5.4178190673239515
-0.2743919103140557 0.05618734961277633 0.9599750316011842 96.10379785273146 0.06269272900913075 0.9972129359700723 -0.04044727510397143 -1.9488107604776443 -0.9595721449081308 0.04908504942892791 -0.2771497007737313 -5.647658513939328
-0.26719902562283027 0.05715178449011771 0.9619450889919889 96.8734828708413 0.059817830675803776 0.9972983222227951 -0.042636646500857085 -2.001292397792791 -0.9617829837543661 0.04614899805188972 -0.2698958357206642 -5.8591552997454555
-0.26399899215729916 0.05786806408619475 0.9627854482172268 97.67840659567631 0.05763054087659059 0.9973615435469081 -0.04414376753291917 -2.056401937433377 -0.9627996951070362 0.04383193599015271 -0.2666374101456006 -6.075423581344015
-0.2618786599926846 0.061052465934451905 0.9631677755426407 98.48820148871008 0.057238639030173274 0.9972228311498395 -0.04764832877942847 -2.115503303116149 -0.9634019439685648 0.04265233213813256 -0.26464593879515524 -6.293351915585774
-0.2600452960094556 0.061723089533661395 0.9636216603220239 99.26494864707155 0.054905513476519584 0.9972854469701136 -0.04906242810440965 -2.175402066494199 -0.96403414286696 0.04014968841772322 -0.2627283271874682 -6.501091543451693
-0.2565405841257933 0.062326013657284796 0.9645218487509699 100.04227899275243 0.054118673871002304 0.9972794605627374 -0.050048443313849826 -2.232598559268357 -0.9650171489848463 0.03935918649168826 -0.2592156565562189 -6.706654710782987
-0.25423463289076026 0.06251207786681938 0.9651201953952022 100.84227265316713 0.0517612236786024 0.9973581781156826 -0.05096508872807199 -2.2932289922503064 -0.965756453337069 0.0369987116875611 -0.25679869191891663 -6.91889414628927
-0.2530785942759794 0.06109741643640229 0.9655145420055005 101.63244204930588 0.04928262612908728 0.9975222708878686 -0.05020499820267604 -2.3513311873052483 -0.9661896541989647 0.034877281825092685 -0.25546257520697274 -7.121954146660012
-0.24808670518510129 0.059961972376576446 0.9668803176087056 102.3801238953225 0.0506032484992611 0.9975220449291402 -0.048878227481251 -2.407523336272819 -0.9674152665488193 0.03680124656988639 -0.25050622806465267 -7.314962145160007
-0.24719027321568993 0.05928926215036898 0.9671513595199138 103.13112858396944 0.05170069472892736 0.9975114707051316 -0.04793645769382545 -2.4629886700266934 -0.9675866922359458 0.03815297112087706 -0.24964042902252565 -7.503246182921501
-0.24496914198170572 0.05858331016690158 0.9677593271297548 103.92484179594832 0.04938338401648069 0.9976310527663425 -0.0478911676554255 -2.5173181225717416 -0.9682723794779172 0.03605937223812803 -0.24728186511340544 -7.691181079067804
-0.2421584213363021 0.059555956220364324 0.9684071390972849 104.72536268280015 0.04643439986820327 0.9976819536281196 -0.04974500893213851 -2.5750513691527916 -0.9691249380161414 0.03292123149969915 -0.24436253197197283 -7.88594718056401
-0.2407860746581541 0.059565071939468375 0.9687487127504038 105.48440620639806 0.04260143758098099 0.9978017167914772 -0.050762697761396455 -2.637731012114056 -0.9696428124658854 0.029047137084867076 -0.24279431636762278 -8.071824403336214
-0.23717165664407475 0.061016906768523546 0.9695496595704145 106.29234390007655 0.04082039629100641 0.997770050296853 -0.05280740456849605 -2.697170965459656 -0.9706097570761127 0.02705298170289059 -0.23913351009348888 -8.26661754316483
-0.23203050293228578 0.058650951271789556 0.970938675521737 107.1079045447 0.03866843644514771 0.9979476443939957 -0.05104166015484586 -2.762514630726232 -0.9719396060105167 0.02570145839032048 -0.2338222344105294 -8.455328666192766
-0.2279616220005446 0.05514014799428108 0.972107536733488 107.92520609360427 0.03788726227752797 0.9981413694719158 -0.047732189409690484 -2.8241386985654797 -0.9729327079772757 0.025949385886713056 -0.2296270348197439 -8.646046816799323
-0.22554151870052536 0.05264815129910349 0.9728099482977378 108.71379085804776 0.034731465048808204 0.998338520905018 -0.0459774185089223 -2.8811041966331628 -0.9736142709912504 0.02341729792200381 -0.2269953336088832 -8.816005129759256
-0.22600521096655868 0.05325706545534251 0.9726691778786078 109.47618873290688 0.03283112394165177 0.998353563405911 -0.04703487786151528 -2.930684048844952 -0.9735726793191608 0.02130369483927902 -0.22738159703350158 -8.985009623521183
-0.22529711493554577 0.05446056421843241 0.9727668050189263 110.26731502475334 0.03198010594776549 0.998311863578857 -0.04848397530400619 -2.991456824019523 -0.9737651065967036 0.020185885730375754 -0.22665843728392526 -9.158747064303599
-0.2246049785898534 0.053789549415250715 0.9729641760960963 111.08576887387488 0.0339361270023968 0.9983014185974721 -0.0473562763564863 -3.048138096574319 -0.9738587900084532 0.022382180411635713 -0.22604887773066307 -9.343753422458773
-0.22350268375484 0.053935417350191445 0.973209905986188 111.87313868501604 0.03359258224146795 0.998300910006555 -0.0476112539052945 -3.1062852417468214 -0.9741242676233531 0.022051390780285878 -0.2249347625244283 -9.516892560571033
-0.21770565448369134 0.05158724841615583 0.974650195612086 112.67862542756468 0.03503210072213803 0.9983717511647738 -0.04501775644317529 -3.1665674448550334 -0.9753855647510997 0.024343423691685247 -0.21915838518784875 -9.695623505055039
-0.2114501416501211 0.0510135891525058 0.9760565820268429 113.47375577649639 0.03440705294711549 0.9984065169612331 -0.04472786152761505 -3.2213653267682973 -0.9767829811701462 0.024125517841456952 -0.21286842669884942 -9.86587856402534
-0.2050518923517049 0.05211339274286368 0.9773627349862553 114.26778900789188 0.035221970575837785 0.9983275801603295 -0.045841634787340706 -3.2744097827708245 -0.9781171372753572 0.025024727531966266 -0.2065444958845702 -10.034062842846904
-0.200663846489246 0.050096840412368844 0.9783784172255835 115.07728208786324 0.03294122906605241 0.9984719433041143 -0.044369515008881824 -3.3319582787482718 -0.979106172046606 0.02332563000656518 -0.20200747225050536 -10.200460790301316
-0.19594302746636244 0.05043253041458117 0.9793175633385214 115.82432409935448 0.031827575348839336 0.998477541872353 -0.04505112455819152 -3.3813266918748717 -0.9800986355641612 0.022341849800902286 -0.19724985757344332 -10.349494207029295
-0.19184978026157262 0.05081990888494472 0.9801076464728314 116.63540590377971 0.030789585038744495 0.9984785133249787 -0.045745599585999344 -3.43741570466875 -0.980941212951484 0.021400824499691107 -0.193122607283573 -10.502562598915578
-0.18800097843790825 0.05081143013711616 0.9808536234697869 117.45367008335438 0.028840705725311784 0.998515856139492 -0.04619847109249316 -3.492154199846888 -0.9817453059728147 0.019603152946373752 -0.18918739544405688 -10.661638159187325
-0.1839933136384519 0.051970124123917515 0.9815526306494661 118.24663950804586 0.02872656455909959 0.9984590092111671 -0.0474804319029062 -3.5484318510905744 -0.9825076310263318 0.019460553013705348 -0.18520270476271822 -10.811497066243515
-0.17480125786170075 0.05287420727984289 0.9831830137133654 119.06831586944827 0.028834918247334543 0.9984036637141819 -0.048566158709212166 -3.6060191488501765 -0.9841814201353513 0.019860576190711597 -0.17604683971527646 -10.95973342447919
-0.16811723058026634 0.05206042197665138 0.9843913394812223 119.87472459990498 0.028310212280113073 0.9984475533703168 -0.047968896688208335 -3.6673978751951912 -0.9853604054672975 0.019803929722205748 -0.16933007914981163 -11.093028053569405
-0.16676060222059874 0.053268157246943115 0.9845574665658365 120.67206737234903 0.030326319166894555 0.9983442806172391 -0.04887751757848464 -3.7225401700373535 -0.9855309309772124 0.02170715970278867 -0.16809992059732437 -11.23001781017749
-0.16261270180273107 0.05399633954709429 0.9852114009327799 121.4565278849509 0.02839409055076851 0.9983440387259095 -0.05002955088979202 -3.7865113606163145 -0.9862813416232767 0.01983874128956855 -0.16387659842038077 -11.363243469265374
