1.0 0.0 0.0 0.0 0.0 1.0 0.0 0.0 0.0 0.0 1.0 0.0
0.9999093846312769 0.0019248438158344075 0.013323569438626046 0.0033388526644557714 -0.0019077576530930312 0.9999973417244713 -0.0012949921729917965 0.009171203710138798 -0.013326026678583187 0.0012694566852354918 0.9999103987321494 0.08918397128582001
0.9993979217397095 0.0054180651087574905 0.03427008305835516 0.00944362784458019 -0.005358178921660756 0.9999839537301451 -0.001839076091472183 0.01737702618349901 -0.034279497385358015 0.0016543435870516455 0.999410916093227 0.21913807227601126
0.9980966296462391 0.006692740271059114 0.06130518017657485 0.03172540551051617 -0.006635301727804911 0.9999773358006456 -0.0011404630742468918 0.022089127782524375 -0.06131142356689455 0.0007315139826927928 0.9981184169363343 0.3620430806006326
0.9960141195094308 0.006636418304948165 0.08894847772691288 0.06031038751293767 -0.006597490750033685 0.999977968667562 -0.0007316387768172684 0.03139449032962852 -0.08895137353440129 0.00014188579305772384 0.9960359596996311 0.5374122260695064
0.9927279204850438 0.004827362949735779 0.12028288513496911 0.0980152879461126 -0.00485657746086864 0.9999882054948637 -5.026459058767236e-05 0.040177426518433576 -0.12028170910328485 -0.0005342640863866105 0.9927396562125836 0.7224828430602765
0.9878755600375481 0.003203354244223943 0.15521474286319228 0.15366385454291 -0.0031346970216743863 0.9999948507747077 -0.0006870943547587522 0.043714929591830855 -0.1552161446341301 0.0001922125283327355 0.9878805147887374 0.9242245285759908
0.9811882260585953 0.004255258456851997 0.193006626361512 0.2077457186842276 -0.0042290864575033095 0.9999909074410747 -0.0005475973989601295 0.05270685381004525 -0.19300720160585166 -0.0002789455892738814 0.981197300402746 1.134291204110925
0.9731317822071474 0.004477326793123575 0.23020531706094247 0.27896190644064245 -0.004796285274921972 0.999988156636175 0.0008259751489361975 0.06287935690481924 -0.23019889249495326 -0.0019079130411712377 0.9731417315899697 1.3843448781999321
0.963597428537043 0.0018933569432759158 0.2673507264180968 0.36569237193148685 -0.0031301075704016257 0.9999862817540971 0.0041998488322324895 0.06911892677557753 -0.2673391070221422 -0.004883800067697188 0.9635901360814684 1.634033392707243
0.9522916981458207 -0.00463477670332767 0.3051541257913114 0.475621537657562 0.0022111505656499768 0.9999632139161376 0.008287437944567601 0.07293726638284931 -0.3051813107903648 -0.007217316635656509 0.9522669152526805 1.8778051578255008
0.9395109975558924 -0.008097417856569799 0.3424230092963797 0.579086690732215 0.004591960968864802 0.9999284397152067 0.011046689240359968 0.07968561181366597 -0.34248795506702545 -0.00880609293437033 0.9394809489080866 2.097948864669946
0.9233615316329202 -0.008298192165970598 0.3838419230715743 0.7109041474697173 0.0031892342518295242 0.9998976830485136 0.013944612547550654 0.08801522093178901 -0.38391836461075246 -0.011651756991586033 0.9232935209745676 2.3493675607835716
0.9053543382441388 -0.01062669660649481 0.4245239634481795 0.8700722771032496 0.003260637387183767 0.9998313340560456 0.018074061069321256 0.09479516696000677 -0.42464442827658416 -0.014979210891824928 0.905236285604323 2.626113234585815
0.8844772863563646 -0.015830837239013462 0.46631460894120996 1.0576867243894477 0.006399567073201837 0.9997418311081385 0.021801758502974222 0.10487801653422821 -0.4665393611057456 -0.016298948581374276 0.8843502523402053 2.929986630231799
0.8617647329251743 -0.020009197616828817 0.5069133822430945 1.2347406051529939 0.00851096231533474 0.9996514704201429 0.02499002215511553 0.11124356075058149 -0.507236738226708 -0.017221199074887474 0.8616346799517491 3.1709179271258736
0.8369471191558102 -0.02397605706538796 0.5467583272565563 1.4266280383052183 0.010060815748426313 0.9995451311538758 0.02843080676058749 0.1217825463041271 -0.5471912825724351 -0.01829424702410324 0.8368076366779613 3.4078997649016074
0.8094116086148745 -0.026988842677954067 0.5866212152747172 1.6426016691795335 0.010894545752696267 0.9994615470333771 0.030950361459783842 0.13379545756916805 -0.5871406617773325 -0.01866061018706276 0.809269809714364 3.669125030589396
0.779339150404654 -0.029449605027388595 0.625909905186268 1.8725776170098511 0.011441693701676985 0.9993972253662929 0.03277611287801082 0.1465258270383621 -0.6264978661510263 -0.01838223854392903 0.779206337894094 3.914590801910263
0.7473664119804725 -0.029013364191429802 0.6637783296716838 2.139572098381594 0.007582796037344198 0.9993535095440875 0.035143479710635674 0.16774445718554945 -0.6643688338925081 -0.021231760647936918 0.7471032491510782 4.187858139622035
0.7141877604981188 -0.030317488021694886 0.6992972849044506 2.4139115015929606 0.0058255109935597595 0.9992843812455557 0.03737363804008238 0.18407729893779815 -0.6999299294760483 -0.022618030832536367 0.7138532892022791 4.434464820385623
0.6819292814417344 -0.031068385241773303 0.7307579698852614 2.6951504311694077 0.004605058424829136 0.9992600194905844 0.038186475152608874 0.20311632188905676 -0.7314036153515128 -0.022675292415880052 0.6815677387938712 4.66518519640429
0.649662186325625 -0.03353744206095992 0.7594829054288299 3.0047731120231465 0.004689709075790371 0.9991842382559142 0.04011065506487252 0.22070896310548496 -0.7602085570995591 -0.022496621989900854 0.6492894976138535 4.90783645875292
0.6184889983876771 -0.03328521442402276 0.7850881819096214 3.3335225815944307 0.002659973355415962 0.9991854255769568 0.04026673386735246 0.24253987895148 -0.7857889560277342 -0.02281621825243043 0.618073730852154 5.149456453222216
0.5908232929461326 -0.03295273433349283 0.8061277527862657 3.670699123170179 0.002416981602721139 0.9992333564292899 0.03907502525895605 0.2641752229485525 -0.806797369053854 -0.02113803914752238 0.590449988219813 5.387180451935348
0.5609535252617975 -0.0322789978079827 0.8272177517418701 4.0692527016124584 0.0028513140574972194 0.9993089499293346 0.03706066107446321 0.28599733452419196 -0.827842383853658 -0.018430650874099976 0.5606579158487371 5.640611749249308
0.5340238492084262 -0.030312304789232955 0.8449258503886486 4.462843401485461 0.003153006606635341 0.9994215400176548 0.03386213073741827 0.30756610356252573 -0.8454635338238753 -0.015419128610402667 0.5338105126793038 5.879062111599604
0.511796773339039 -0.028649331784776404 0.8586287198714204 4.89049178369466 0.004113914926927172 0.9995140761636684 0.0308980137656558 0.3325007844154058 -0.8590966991577389 -0.012281178240480441 0.5116659400011917 6.123689826323938
0.49064282752160693 -0.028022817828716746 0.8709100627978423 5.365925015980577 0.0041569260099407115 0.9995466406932192 0.029820010815703256 0.35647584565328033 -0.8713508683462425 -0.011010665730978095 0.4905368788097487 6.387705783327672
0.4735392065942699 -0.028859240743990933 0.8802998148595452 5.860904355026408 0.005057835505716139 0.9995356769772041 0.030047441650152166 0.37945615007931766 -0.8807582177408658 -0.009776230019928726 0.47346529673095467 6.651206190369442
0.46100622262412516 -0.030644211071724044 0.8868676310643134 6.3814085717261255 0.0066608103404542755 0.9994949088628929 0.031073473619245322 0.40105177030481726 -0.8873719041683955 -0.008417807609411323 0.4609774877449081 6.9153697896628294
0.45117493139944087 -0.03176020914935668 0.8918702093867127 6.926942027349867 0.005154368671803243 0.9994426058824173 0.03298348117706917 0.42063106505231 -0.892420648439011 -0.010284291990801461 0.4510871529737275 7.196242902878043
0.44514415482548164 -0.03209869162182144 0.89488343119139 7.4581809254205265 0.003441916228402866 0.9994112736988635 0.03413589337182155 0.43984327921493055 -0.8954523072935736 -0.012115279599865776 0.4449925677613422 7.463210898764968
0.43424238350706523 -0.033064712021561596 0.9001890230307376 8.026989272552562 0.0024583336512837874 0.9993658821326474 0.03552168668425199 0.4623464478628271 -0.9007927114279742 -0.01321205692412803 0.43404830674715433 7.7405934993865095
0.4235697324739607 -0.033426591719414596 0.9052465656924421 8.633083581098715 0.00022462675913025726 0.9993227987799178 0.036795290207998876 0.4854332017059433 -0.9058634727566602 -0.015382028627438543 0.42329039904130616 8.037088471922592
0.41307155974579757 -0.034105376840773284 0.910059728699014 9.227883041911571 -0.0007608991886099703 0.9992852407552327 0.03779455835409693 0.5060252104832538 -0.9106982527498331 -0.01630432087838407 0.41275036227615347 8.309227383012024
0.40239584357047337 -0.03459794262457251 0.9148117661264277 9.895743404658779 -0.0021492720089812435 0.9992471424580853 0.038736661177521295 0.5316808683728531 -0.9154632519697545 -0.017553650774054512 0.4020185364351549 8.609530646692273
0.3904552218115379 -0.0362593489511727 0.9199075928449227 10.574359397138728 -0.004300404114239889 0.9991413449380449 0.04120775849096372 0.5604554147457604 -0.9206118760284148 -0.020045758878936337 0.3899640256054533 8.902975547064269
0.37857214668527567 -0.03861675065955743 0.924765849457364 11.251479543175753 -0.0069068095802645064 0.9989835736978898 0.044543410996635564 0.5927626686284563 -0.9255460149206652 -0.0232500763502144 0.3779206374547242 9.186657074148165
0.36616925990844446 -0.04114729804175682 0.9296380870865636 11.97652422298602 -0.007397754979340445 0.998861601177913 0.04712509855227543 0.6216329721983291 -0.9305188586586347 -0.024132997247728348 0.3654480156253053 9.473881866310617
0.35435449004133235 -0.04248791236417028 0.9341454237379114 12.69290399761664 -0.009190962753336071 0.9987607406837811 0.048913281145841356 0.6495418119891683 -0.9350659985216094 -0.025918336592457413 0.35352484811829843 9.752212380254438
0.33946328984653273 -0.042258864354377174 0.9396695500174769 13.411515977764095 -0.011071942774076289 0.9987415617351981 0.048915283357508124 0.6775802553941127 -0.9405541382237265 -0.02700891049665058 0.33856820852526515 10.012866418580208
0.3260604217243238 -0.040014020610841465 0.9445017096540969 14.123833782617826 -0.013416614811022848 0.9988073053111963 0.04694636624915697 0.7095109981619597 -0.9452537203481239 -0.02797936760440623 0.32513467848952804 10.262815658717733
0.3103038317235766 -0.03834369144179976 0.9498638288429991 14.825113379778298 -0.015044321039620724 0.9988630225730152 0.045236385142463656 0.738868829264766 -0.9505183851047402 -0.028327080028067372 0.3093741684675054 10.497594017008737
0.2895285981230968 -0.03588095390246289 0.9564966011523115 15.551752881709755 -0.018183421646108124 0.9989106159494614 0.042976092431818824 0.7654477259650785 -0.9569966322020755 -0.029835188796414915 0.28856075177225354 10.718777651014816
0.26766789841661665 -0.03356123051574036 0.9629265496202195 16.27641574192463 -0.02195946179320129 0.9989210896394609 0.04091990605151686 0.7932196292882638 -0.9632609605890736 -0.03209829403225927 0.26664212218858807 10.93054613033143
0.24150077007645465 -0.032306113397763195 0.969862718682191 16.997675529071667 -0.025498594057557295 0.99888933193401 0.03962226961590773 0.8198739222009158 -0.9700655646674444 -0.034298944379654694 0.24040878241211172 11.119384735558118
0.20943128839296093 -0.03231735943645018 0.9772891709832456 17.75119973569109 -0.028774453922222897 0.9988171695701311 0.03919556828762555 0.8425245770880371 -0.9773999008816925 -0.03632974058491652 0.2082536523220911 11.289911073254268
0.17709285281858073 -0.03245101574219313 0.9836590125942407 18.49189813822434 -0.030087081544344925 0.9988106404450035 0.03836759124555709 0.8671167435955761 -0.9837341556562528 -0.03639005511320564 0.17590586938512714 11.426649175248377
0.14228526953900494 -0.03161690732321576 0.9893206119572805 19.240807402033724 -0.03123493096993638 0.9988485497416628 0.03641364807706624 0.8897133736381745 -0.9893327454196167 -0.0360824867531647 0.1411338832109132 11.534670334914058
0.10814073540091956 -0.030200298246641902 0.9936767700478674 20.011755801860506 -0.033227838305454616 0.998870191031437 0.0339742877830766 0.9150911680711333 -0.9935801387449806 -0.03669173550862132 0.10701506640128072 11.62676992643701
0.07691950765384592 -0.028095264874849472 0.9966413825614016 20.740584136374093 -0.036373790552402925 0.9988584050468037 0.03096504526406545 0.9374739291646413 -0.9963735929374784 -0.038633440941336666 0.07580976545203388 11.69170209996905
0.04318873131206158 -0.025003899211356383 0.9987539929892061 21.50863740699221 -0.03612450046911771 0.9989939679327284 0.02657202476062883 0.9541588777832045 -0.9984136186738998 -0.037227101126076 0.042242028694626454 11.722506093791093
0.01180798326206306 -0.022031175148353174 0.9996875506141234 22.24413021743979 -0.03384600326225612 0.9991755633846643 0.022419669892980065 0.9685464801326351 -0.9993573032676824 -0.03410015918615973 0.01105258110236601 11.724237881123246
-0.019815908345482025 -0.017684888313626135 0.9996472250257978 22.986550220315998 -0.03057346135161028 0.9993866790822998 0.017074224252768846 0.9793331975358474 -0.9993360762213207 -0.03022433453670762 -0.02034444308375466 11.69814051677028
-0.05109813266562535 -0.015004500200510461 0.9985809160062189 23.71602132494719 -0.02859258762562948 0.9994992349333566 0.013555194594901884 0.9862305430705394 -0.9982842504872833 -0.027859367210470498 -0.051501561992577494 11.651512128146315
-0.07918498923832912 -0.011932953106386571 0.9967885142343318 24.41142839995667 -0.023788997083682047 0.9996662070632341 0.01007760257006873 0.9897154457695364 -0.9965760488277242 -0.022914604207109227 -0.07944243083487107 11.585083077743377
-0.10804022650775708 -0.004329355445238008 0.9941370962485917 25.15188889227667 -0.02014559849646625 0.9997947135637695 0.002164622636772452 0.9879618243624486 -0.9939423848077774 -0.019793620471486233 -0.10810526477123589 11.49617498955225
-0.13194837842126678 0.0073275772097827286 0.9912295052328867 25.91165966049727 -0.01771601698877017 0.9997955271740893 -0.00974918379860469 0.9821525963328324 -0.9910982636318421 -0.01884702774763284 -0.13179158308112165 11.393257961630702
-0.15275694795038308 0.02116539999386511 0.9880371150397053 26.637965584561872 -0.018278450213144712 0.9995391084418851 -0.0242377588280623 0.9748716439080568 -0.9880947389348299 -0.021762273279724634 -0.15229967285260015 11.281538862007379
-0.17595466152623718 0.03492589857228538 0.9837785008303984 27.388825183180302 -0.019529839095276412 0.9990498581384748 -0.03896108749003814 0.9542436146581612 -0.9842045226842339 -0.0260684207886137 -0.17510538245721585 11.153634550823732
-0.19928185973744478 0.0449376063423034 0.9789113095249282 28.13423780321269 -0.0163181317558904 0.9986573089341508 -0.04916602371961443 0.9257004643066584 -0.9798063374746986 -0.025771900368899068 -0.19828098798370147 11.002844464791002
-0.2239804967420964 0.0493333209427055 0.9733442148201878 28.871923366941857 -0.013987914193647352 0.9984524206195492 -0.053824734235054454 0.8878330525011319 -0.9744932402719246 -0.02567074606876666 -0.22294379888348104 10.834014435806514
-0.24658297094036935 0.04883307476242555 0.967890577106456 29.575850273430483 -0.012377787832319097 0.9984895083500551 -0.05353029126805927 0.8513019259047747 -0.969042635187224 -0.02518000246450596 -0.24560606398313617 10.659010484886071
-0.26644454803699485 0.04497721412394658 0.9628002664265368 30.28694352474797 -0.011153918029527816 0.998699866841104 -0.04974098997961031 0.8072900279781122 -0.9637857090318117 -0.023992210844559093 -0.26559646248554986 10.469283821779142
-0.2834594657704771 0.042926546304868585 0.9580229866174674 30.988310706321187 -0.006957452943891846 0.9988793102505543 -0.046815781547580954 0.7638686679572546 -0.9589589798910325 -0.019935776275662412 -0.28284313622684476 10.26118423500676
-0.29811260837889636 0.042921094468349325 0.953565232364923 31.6996130771549 -0.005390245342804734 0.9988969080202588 -0.04664667622361765 0.7213387007475027 -0.9545154886017696 -0.019045912874044047 -0.2975524075219678 10.039753499698936
-0.30816228165690457 0.045920411362048705 0.9502248807436854 32.414650730537716 -0.004219669575904247 0.9987585447501728 -0.04963429940260629 0.6786647734654814 -0.9513244465232044 -0.01930505397189045 -0.30758594301180536 9.815491915479054
-0.31650558838304443 0.048488850968731866 0.9473505390582913 33.142750316763106 -0.004073671849888709 0.998613997655058 -0.05247369707809431 0.6343741507572426 -0.9485818982670724 -0.020467413591274533 -0.3158693832281335 9.572371514540254
-0.3242938422046613 0.050004375233411814 0.9446338266046028 33.86264021835083 -0.009165235864964781 0.998388906005066 -0.05599634646606301 0.5905473776279483 -0.9459119950395376 -0.026817062171758402 -0.32331307244959673 9.335750950409688
-0.33418525834264146 0.04907282698703902 0.9412290214171907 34.59043757087935 -0.009936007883762109 0.9984047086264835 -0.055581593534198906 0.5424915042246238 -0.942455032801988 -0.02792660817154885 -0.3331645474870293 9.080241945373656
-0.34200156165046763 0.04922982908380526 0.9384089491032259 35.317778603933434 -0.009821476168696264 0.9983849478529125 -0.05595564767389447 0.49137863363393613 -0.9396480566863901 -0.028353480017743897 -0.3409657017008811 8.820317929225341
-0.3493351275845426 0.05065823632817494 0.9356274428038173 36.01712190171635 -0.00822574134888775 0.9983331697931994 -0.057124594264854105 0.44595724129162617 -0.9369617419162602 -0.0276518567691535 -0.3483361436923617 8.562249200433799
-0.35574611371929227 0.05294839043864985 0.9330815454844109 36.741475249575544 -0.008613132489737715 0.9981656933288778 -0.059925475467407376 0.40006171719833605 -0.9345429452530979 -0.02935500998529742 -0.3546375147477047 8.288862256453713
-0.3573766845440051 0.05343587913846068 0.9324304328822792 37.47345788852413 -0.011691863303918925 0.9980277203218024 -0.061676330968603345 0.3532487828579767 -0.9338871482555144 -0.03294353183807177 -0.35604707277720576 8.02181663785584
-0.3577663517533648 0.05295733769998778 0.9323082955422083 38.18823269872606 -0.011408003179002011 0.9980682662283564 -0.06107039717728333 0.3061377311813977 -0.9337414497689155 -0.032484709197601096 -0.3564711049324921 7.756421408757826
-0.356215136508054 0.05108950442184222 0.933006237417778 38.94521799074996 -0.015692792734564906 0.9980362253966131 -0.06064180944093711 0.2545693339610125 -0.9342721834555167 -0.03624300393195225 -0.35471387326583376 7.480628255870406
-0.3503826466905464 0.049734214656463785 0.9352852553048363 39.705641326132884 -0.020641060191689403 0.9979366207663557 -0.060798417476034594 0.2073054584382973 -0.9363791686770329 -0.04060798968099648 -0.34863310749522536 7.2123830156381254
-0.34383694216019434 0.04864558091677477 0.9377685027037306 40.43987292683278 -0.025378017975152677 0.9978111044631548 -0.06106517840530786 0.16387642790534349 -0.938686376490881 -0.044795170133495064 -0.3418497905851796 6.959371363919567
-0.3395534949643596 0.04768391916221638 0.9393772766630134 41.233690835317795 -0.029168290985886212 0.9976999861717577 -0.061187812461609134 0.11103223852147423 -0.9401343706398843 -0.0481765653217993 -0.33738165880104265 6.687907585279245
-0.335872100268102 0.045890464225631235 0.9407890292486676 42.05422354089285 -0.03443638336639592 0.9975464122838017 -0.0609531856456932 0.05691804370766465 -0.9412778908282808 -0.05286984615895708 -0.3334677069897347 6.41138567573295
-0.3355208188320015 0.04421240064017218 0.9409947097406747 42.87654773994031 -0.03916087223723658 0.9973799503123222 -0.060824837037255865 0.003778507248574668 -0.9412184689092763 -0.057258172732133204 -0.3329103414426399 6.1344016402203
-0.3358558801762606 0.04242431306432622 0.9409574939454223 43.70997396225144 -0.04278967345413547 0.9972665984470099 -0.060235998104280625 -0.05188635940108228 -0.9409409501114924 -0.060493878061755005 -0.33312252868926745 5.8549536045147885
-0.33673231009090493 0.04127003217108752 0.9406955595650701 44.54790855615791 -0.045150437987348926 0.9971821269663925 -0.05991029634655597 -0.10665192098972862 -0.940517298772539 -0.06264654901412367 -0.3339200811664788 5.567541302290232
-0.3388245368531528 0.04075678726542356 0.9399663916960266 45.40045438209247 -0.04655036706945627 0.9971114991098429 -0.060014345523561004 -0.163502215045222 -0.939697289850272 -0.06409011339296797 -0.33594859846906816 5.272884547513965
-0.3381948722195229 0.039565580050712854 0.9402440073085665 46.289665049061576 -0.04884501312663017 0.9970311115938484 -0.05952417329618999 -0.2236910685592234 -0.9398076362198173 -0.06605700106109998 -0.3352582281074305 4.962170483026393
-0.3384707306157557 0.03892608892194118 0.940171433366106 47.16748108209484 -0.05064819752291536 0.9969419600223322 -0.05951040610272274 -0.285192901904267 -0.9396128588967463 -0.06776051909535787 -0.3354641373497491 4.656505278720293
-0.3389484564261967 0.038046458797766976 0.9400353242614071 48.063462567079895 -0.05256343331097906 0.9968554154580547 -0.05929895572868097 -0.34927365639464886 -0.9393354189877338 -0.06951077358870084 -0.3358827518498673 4.338338779074801
-0.3383086932752214 0.037376799371941494 0.9402926155847031 48.98612957610529 -0.05556124697292089 0.9966743625363932 -0.059608412975760694 -0.4148778658306649 -0.9393935149282364 -0.07240987454335479 -0.3351068996296397 4.017383004402422
-0.3384384816388751 0.03706977090406685 0.9402580636352411 49.908361486005745 -0.05668427334283346 0.996605979127849 -0.059694350840066975 -0.4861229829879404 -0.9392796640519627 -0.07350071055263387 -0.3351885413415712 3.692929822774453
-0.3373291539684614 0.03620949745652219 0.9406901265437352 50.823213603123484 -0.0608420731505732 0.9963322334754159 -0.06016911726650054 -0.5504134012516422 -0.9394185882862137 -0.07753033491373365 -0.33388884849677425 3.376300333778548
-0.3364139798837055 0.034914943880434424 0.9410667249630243 51.707328022456714 -0.06279804668127144 0.996256320024594 -0.05941170039707105 -0.6151931047261957 -0.9396180284944639 -0.07908407870665621 -0.33296196332809064 3.072774506455174
-0.3348257258662076 0.033275399725023545 0.9416923494811387 52.6359239943258 -0.06166106853509106 0.9964605038855625 -0.05713472519616764 -0.6816983486566845 -0.9402604138882364 -0.07719593233630055 -0.33158881480751334 2.749930978590511
-0.33276823450547643 0.031296270679207705 0.9424891752936382 53.553970547467365 -0.06250671553861296 0.9965190912521825 -0.05515987021829678 -0.7507912518425552 -0.940934754707617 -0.07726735540639519 -0.3296536715582258 2.434553750885338
-0.3303559203960514 0.031081141836456817 0.9433445438870256 54.43387559133684 -0.06354601110416687 0.9964575163021236 -0.055084686417847875 -0.8158664363271322 -0.9417148561703947 -0.07814333514219614 -0.32721055734928167 2.1322696479429455
-0.32900421994001916 0.030705711847861812 0.9438291066297838 55.36583966237807 -0.06491938664419364 0.9963711784579926 -0.05504496322074287 -0.8807982358894199 -0.9420943140150043 -0.07938283188541034 -0.32581692635965287 1.8172926055091434
-0.32667154282309013 0.030612059201760817 0.9446420512241713 56.273810390987855 -0.06716585916920571 0.9961964766841065 -0.055509703694355796 -0.9494022857806066 -0.9427483494929305 -0.08158113552532008 -0.3233729547360988 1.5143333119984401
-0.3265552080970346 0.03134307496262341 0.9446583020947783 57.16998305900735 -0.07125704532234539 0.9957893143986223 -0.05767213210425756 -1.016754631075075 -0.9424882649437241 -0.08614669454720297 -0.3229467718710923 1.217551665651093
-0.3274849921342006 0.03313530437205818 0.9442751884546334 58.08170784867828 -0.07563269671800603 0.9952586648851816 -0.06115460046577058 -1.0835091906395475 -0.9418244396457465 -0.09144529279923035 -0.323426163615188 0.9147681310945734
-0.3304963416858362 0.032757379453236646 0.943238634823466 58.98266894063836 -0.07993471105986301 0.9948351846544486 -0.06255715259924553 -1.1543330977828061 -0.9404161898330203 -0.09607241781544663 -0.3261709374469759 0.6127552319794356
-0.3349929946608355 0.03105916463317013 0.9417085652262355 59.900601738564475 -0.08086654400721566 0.9948209973312632 -0.06157747420250404 -1.2261158253322098 -0.9387439989627068 -0.09678073961858646 -0.33074641774384334 0.29572913434871606
-0.33883787751696137 0.028743921600466425 0.9404055932047762 60.78831393791663 -0.0795750215787738 0.995076169393195 -0.0590866570936579 -1.2963764879071198 -0.9374735776012776 -0.09485359285125719 -0.33488219902328287 -0.014683073545525394
-0.3433429649595627 0.027202238541972217 0.9388160877568525 61.66512244248968 -0.08182842306913295 0.9949131078138318 -0.05875386862362142 -1.3632736524769848 -0.9356386682853566 -0.09699456746915477 -0.3393705000300941 -0.3210356270866798
-0.34775476223355534 0.028938948233237834 0.937138817155195 62.553888405938764 -0.08265899134870063 0.9946853055051408 -0.06138920231897857 -1.4374178598015122 -0.9339347495907299 -0.09881133683590679 -0.3435144876414998 -0.6348007467686095
-0.35185424499527185 0.031169014281813907 0.9355357196962109 63.41135404421334 -0.08405196784638416 0.9943560338552171 -0.0647405949684796 -1.5039177343389452 -0.932273488296196 -0.10141287139422887 -0.34724857456240177 -0.9497933628780261
-0.3571634639639542 0.0329987033564385 0.9334588076535908 64.24799401487024 -0.08570082247718894 0.9940024467205499 -0.06793014750678729 -1.5720901803553722 -0.9301019455070518 -0.10426035435559534 -0.3521933410410298 -1.25989379236497
-0.36081827620979956 0.034406323832360655 0.9320012749097137 65.07113733608924 -0.0875262433717922 0.9936595735541476 -0.07056775896549086 -1.6387808641284727 -0.9285199665457986 -0.10703670755648523 -0.3555190781958921 -1.5674494469466267
-0.3625010117463261 0.033680784001017386 0.9313745869798936 65.90114791846797 -0.08781498967174003 0.9936663638331895 -0.07011194602548314 -1.7129733456233827 -0.9278370245209245 -0.10720430110590191 -0.3572473845286386 -1.8809111106072176
-0.3645995274135198 0.02867211273874757 0.9307228881686185 66.77601395243785 -0.08641410085423562 0.9941705792708526 -0.06447838774203021 -1.7847670550578731 -0.9271460444737885 -0.10393637122467836 -0.3599964485286679 -2.212721636134908
-0.36533788959694985 0.022285170411461348 0.9306081869425925 67.60015560339502 -0.08442164744763753 0.9948004923391238 -0.05696460202672905 -1.8531409892276876 -0.9270389484088971 -0.09937480375612802 -0.36155696164139534 -2.5261727612743807
-0.36622364513970407 0.020028821432190508 0.9303112855666242 68.41270286474298 -0.08480510465355305 0.994889288585258 -0.05480326343402209 -1.9203557881914224 -0.926654377837437 -0.09896539683321809 -0.36265343547849604 -2.8340153186023596
-0.36616140424228016 0.02557199435906346 0.9301999242893011 69.24395300919326 -0.08514645509429601 0.9945081912712881 -0.060856706115152884 -1.9851425306076622 -0.9266476715711298 -0.10148660305090067 -0.36197315117697937 -3.1537926582325895
-0.3651130864216778 0.030538016475462688 0.9304621774545063 70.05555812818385 -0.08608717938121986 0.9940720304990995 -0.06640629281614514 -2.051778256471905 -0.9269743425089081 -0.10434667090589093 -0.36031977547872057 -3.4652655178732803
-0.36385415023561946 0.033651306470072556 0.9308478645456371 70.8836667657304 -0.08303638492658735 0.9941964212461192 -0.06839908449484573 -2.1212830398566256 -0.927747334210473 -0.10218153235426979 -0.35894821118246917 -3.7875266837774078
-0.36090294897279507 0.033386590731449194 0.9320055777633903 71.69518366567266 -0.08233773423072871 0.9943157970902948 -0.0675025420146663 -2.1908368673608987 -0.9289615486899822 -0.10110109403969184 -0.3561025271456064 -4.096137871789558
-0.3567387643123263 0.03182616034938607 0.933661903236032 72.47515042904419 -0.08380211776073161 0.9943001132099158 -0.0659127448189277 -2.256567632355739 -0.9304378856730475 -0.10175647590283271 -0.35203829410464027 -4.3832235669919895
-0.3528081825045134 0.028173791941612198 0.9352714171862053 73.31345390887874 -0.08650570877717798 0.9942836888100378 -0.0625836121941062 -2.3224793763267413 -0.9316883323874032 -0.1029863273154983 -0.34835422730210264 -4.684143408428228
-0.34932686255276335 0.02381375282563042 0.9366982696020115 74.15209056219467 -0.08917161130342365 0.9942948708468243 -0.05853318328305811 -2.388459101254478 -0.9327481797551759 -0.10397410727703664 -0.34521039697458333 -4.979682666583328
-0.34778059690226576 0.02155546259980215 0.9373281274187886 74.97498736093884 -0.09409060401280692 0.9938862814453224 -0.057766926448402284 -2.4524592219676893 -0.9328427598769309 -0.10828398582846166 -0.3436261977182366 -5.262927161642801
-0.3454406884597462 0.01958498837482469 0.9382361957347493 75.806956759056 -0.10000588593667645 0.9933208108030461 -0.05755510058717452 -2.510531715297224 -0.9330967546479182 -0.11371101554351407 -0.34117481063171373 -5.545496832820345
-0.34145695594825626 0.018701435093579084 0.9397113405509113 76.59772684760291 -0.10040588289563288 0.9933550594845744 -0.056252861939155394 -2.5711160261386032 -0.9345190238376629 -0.11356047781617452 -0.33731026068541564 -5.815939127947875
-0.3387369081883965 0.020526411808673463 0.9406572029433607 77.3890795183193 -0.09856803860791391 0.9934865121578802 -0.05717422430920659 -2.6349578964848335 -0.9357038253613988 -0.11208575546710396 -0.33450730130359474 -6.090554557965753
-0.33385767015753987 0.022348692201170493 0.9423585262700586 78.22447312194856 -0.09915877690407379 0.9933394702015038 -0.058687595816184546 -2.6992851518191046 -0.9373935102398926 -0.11303642287640325 -0.3294179322129255 -6.376315520793187
-0.32682822630869435 0.02402327999326699 0.9447783827471278 79.01583609408108 -0.0966128155757869 0.9935904277608646 -0.05868582221032105 -2.7563653315038024 -0.94013258339153 -0.11045788283480505 -0.3224124404628652 -6.647079709646199
-0.3176394289992962 0.02481394568586643 0.9478868398941404 79.83594973627521 -0.09390927597574436 0.9939195888066965 -0.057488249860633694 -2.8200371377534754 -0.9435498084524804 -0.10727590170129561 -0.31337779098631324 -6.913486399501248
-0.30734889919822694 0.025227793373321802 0.9512624309848208 80.64367558747867 -0.0982836914668599 0.9934608590613867 -0.058101957838428434 -2.872447094316207 -0.9465077760659366 -0.11135115605383002 -0.30285962076874884 -7.166362421117539
-0.2973867994759995 0.024810238093989564 0.9544346722448537 81.47599791746691 -0.10086531171649067 0.9932516970529959 -0.05724731603908349 -2.9341021300820835 -0.9494141774745924 -0.11329394682445786 -0.29287745086158495 -7.416942298126511
-0.2850286601192685 0.021713085680037908 0.9582730325021493 82.29398105512736 -0.10280932987144008 0.9932835049804589 -0.05308597201822164 -2.9892649550557553 -0.9529894567108281 -0.11365043178090141 -0.2808819587549452 -7.649828167205742
-0.2722808372877572 0.020104565072208716 0.9620077713351047 83.05178750536173 -0.10700497637136698 0.9929477019995179 -0.05103720334853624 -3.038511013054388 -0.9562494866286941 -0.11683607130134926 -0.2682093431728749 -7.8523117222383885
-0.26044449915810314 0.019933236237369263 0.9652830304897059 83.85091257976885 -0.10858443718201838 0.9928390701384247 -0.049799606509820626 -3.0907130955295825 -0.9593633737328883 -0.1177847481627986 -0.2564150351287479 -8.066179544311906
-0.24620183540617663 0.020715953263929082 0.9689971648683998 84.62901191143213 -0.10935062444374619 0.9927943478624428 -0.04900840526021836 -3.145288053612886 -0.9630301642089892 -0.11802640438797468 -0.2421624881992535 -8.261421027279201
-0.23362604536400094 0.02364353479023284 0.9720390188620007 85.39306807389217 -0.11027886498046441 0.9926093140568566 -0.05064900380261225 -3.197839555016376 -0.9660525052326081 -0.11902828617685621 -0.22929200645378406 -8.440852332153204
-0.22270852247573092 0.030746839905379963 0.9744000953676627 86.18704465743265 -0.11025526501076433 0.9922954376538877 -0.05651142316988728 -3.2549019835393795 -0.9686303167638742 -0.12001831629844206 -0.21760264979729482 -8.61804050520565
-0.209699280294961 0.034190420535431636 0.977167962526088 87.0100034788768 -0.11565987033181971 0.9915044388407701 -0.059512537787229834 -3.310258657851679 -0.9709011310316836 -0.12549885618068454 -0.20396330762845027 -8.784246141496325
-0.19810931922983355 0.031952265037035944 0.9796589969950233 87.85690199728131 -0.11873940600448996 0.9913254972005746 -0.05634458325105231 -3.3657214760483596 -0.9729612793405464 -0.12748651442029812 -0.1925968264145863 -8.946715489947675
-0.1848459306690991 0.028989783697457507 0.9823398466703108 88.68008083860808 -0.1198022357181566 0.9914454205367962 -0.05180156767460984 -3.421073910298393 -0.975438058634174 -0.12726181885306592 -0.1797916105667992 -9.091574581955578
-0.1738396480284648 0.02994299277044015 0.9843186445238601 89.4586566244779 -0.12226966383905333 0.9911471233950722 -0.05174465277068752 -3.472565565538085 -0.977153982787782 -0.12934758200145643 -0.16863954741504777 -9.212201052730816
-0.16668013459559744 0.03539469125835575 0.9853755368192978 90.28268867896772 -0.1253416132360406 0.9904874927107479 -0.05678033792575542 -3.527728288793118 -0.9780118673730807 -0.1329727137961087 -0.1606581608979693 -9.337388079781553
-0.1623918124499077 0.0423463452982214 0.9858172682039599 91.13373599565548 -0.12946546613891477 0.9895272251459923 -0.06383230978357579 -3.590364208760761 -0.9781960909381451 -0.13799513663443605 -0.15520873022667198 -9.459145461474604
-0.1596697413040578 0.044830580876623255 0.9861520129930071 91.95139299989427 -0.13288506799318944 0.9888999653286958 -0.06647117628980345 -3.6537312171978016 -0.9781856329022324 -0.1416583128205657 -0.15194008685166033 -9.573245885011799
-0.15792311833959627 0.04428521371659816 0.9864578594851243 92.78599866927983 -0.13726799793532465 0.9883096711275153 -0.06634373141940536 -3.7194562417766512 -0.9778638890135609 -0.14588630436712596 -0.1499980025246227 -9.689737817137301
-0.15440540586609358 0.0438884648022091 0.9870323061058498 93.59991048632439 -0.14213767214208256 0.9876340459539403 -0.06615038496244607 -3.7809058960346853 -0.9777299488086456 -0.15050845135724178 -0.14625783149181465 -9.80036296268575
-0.15069110008234615 0.04077117172642982 0.9877397956506696 94.39305235469536 -0.1471247503194478 0.987097412719957 -0.06319023377870694 -3.839684289481434 -0.9775717366001396 -0.15484317665826114 -0.1427483465507256 -9.90403262357027
-0.14653909013470195 0.037194652177165305 0.9885053631174257 95.17668331269259 -0.14924229964547991 0.9870231155129219 -0.05926301915776794 -3.8984067016125477 -0.9778819105899355 -0.15621116250954947 -0.13908645386374846 -10.006677778629482
-0.14353504038141118 0.03444866001278373 0.9890454903623143 95.93819646608092 -0.15146307961649003 0.9868552209868114 -0.056353423357952286 -3.9523486392506557 -0.9779860058793253 -0.15789256674839203 -0.13643060386075068 -10.102241285212877
-0.14179473887201233 0.03453788514849563 0.9892933773748247 96.72742490284995 -0.15828063666107228 0.9857417579079243 -0.05710014688913674 -4.00668923955648 -0.9771599112153464 -0.16468248603316837 -0.13430631670756166 -10.194584520015551
-0.13910015153374922 0.03525389207611457 0.9896506004326852 97.50779337799457 -0.16687301566595616 0.9842404571299144 -0.05851597381268992 -4.061904856827467 -0.9761170751942813 -0.1732855609743164 -0.1310250734477142 -10.283178459580446
-0.13393050467434425 0.03669897585457023 0.990310963833533 98.29051290122183 -0.16952504779364502 0.9837352466862905 -0.05938200567196812 -4.1224120294406665 -0.9763830590952702 -0.1758355754626718 -0.12553076241891153 -10.376836869115545
-0.12963327553552978 0.03856361794646515 0.9908118192900248 99.12781941515023 -0.17155424231943942 0.9833018992778422 -0.06071669308181705 -4.187111977153142 -0.9766085990897955 -0.1778488747433269 -0.12085289378579217 -10.472217911905023
-0.12368268410905392 0.0355420575287496 0.9916851091945482 99.94743981869404 -0.17627927165706536 0.9826765702218694 -0.05720469142507402 -4.245689399251499 -0.9765388942769431 -0.18188875854105563 -0.11527474780175861 -10.560887054768783
-0.11857975826940159 0.03205004976112069 0.9924271435420738 100.77934592255792 -0.1784014959829692 0.9825268288162629 -0.05304655396250313 -4.301048006739814 -0.9767864388697302 -0.18334073460790926 -0.11079001703052171 -10.640602325754578
-0.11251037239433931 0.02987385183765945 0.9932013738814847 101.57686564858597 -0.17996247307331206 0.9824051952781325 -0.049935363980566264 -4.351826672004163 -0.9772179513235646 -0.1843572219006236 -0.10515460210594535 -10.71454492530151
-0.10816702365370384 0.03342241454880969 0.9935707509783219 102.36018747332116 -0.18336703696509604 0.9816156808708494 -0.05298287292229209 -4.400694820515389 -0.9770754447577424 -0.18791912429070695 -0.10004987744756938 -10.785046644441536
-0.10427646068344959 0.03544770591081023 0.99391643506534 103.18045350172243 -0.18368380080330415 0.9814858280945264 -0.054275506188836475 -4.457260811157701 -0.9774388375084067 -0.1882260061608466 -0.09583469901320635 -10.85625583127683
-0.10039917999345921 0.03648362444530093 0.994278104859991 103.99272542643611 -0.1848970295610404 0.9812357971473118 -0.05467539534546814 -4.508810256261497 -0.9776160253985943 -0.18932843300469618 -0.09176955562626171 -10.921587432497544
-0.09547197229978982 0.03527787604960754 0.9948068023323007 104.82201031376829 -0.18551257369501672 0.9812330510769429 -0.05260023265428464 -4.566741648283774 -0.9779929383723789 -0.18957101818490718 -0.08713576509159976 -10.986307239687134
-0.08727625381512272 0.03402328483303896 0.9956029688631751 105.65395965416084 -0.18572627720138238 0.981337876883229 -0.0498168781762941 -4.62495006037629 -0.9787178375185126 -0.18925746348159259 -0.07932847559105183 -11.04797287616865
-0.079849062444105 0.03372818097148922 0.9962361853672813 106.44464152904301 -0.18608425723268296 0.9813537967857335 -0.04813911864986521 -4.6772056800321495 -0.979283807911148 -0.18922773407346927 -0.07208389709541446 -11.101752811489662
-0.07431231496506613 0.0335639424732692 0.9966700264431473 107.25027701695429 -0.18683661562120985 0.9812672139526415 -0.04697588620593744 -4.728829269541239 -0.9795763160202197 -0.1897053414832381 -0.0666492648495311 -11.14931242402521
-0.06714348964605354 0.033451928667510025 0.9971823906721248 108.06287251868665 -0.19263081332178233 0.9801994201382467 -0.04585266098748754 -4.773695177147751 -0.9789714610534562 -0.19516676261358806 -0.05937013739071528 -11.18872047345911
-0.06073040901003224 0.03352547275437728 0.9975910284771357 108.85012601618412 -0.1978030199101741 0.9792106581916646 -0.04494944046661768 -4.8167385785895895 -0.978358718842884 -0.20005631597238377 -0.0528364240242305 -11.224701398257412
-0.0568185992200384 0.03288774827923241 0.9978426944142021 109.65531565748105 -0.20025438211143204 0.9787705648934637 -0.043661925556473885 -4.866344607578824 -0.9780950001036922 -0.20230318166369096 -0.04902645674435824 -11.259873970211384
-0.05281036854023169 0.03297282239642228 0.9980600472706334 110.48023267261459 -0.20462123841005958 0.9778904032454159 -0.0431336067591305 -4.910503532818225 -0.9774155788436045 -0.20650218454953873 -0.04489581283471522 -11.290996597282112
-0.049672164620989445 0.03405886425209387 0.9981846872336417 111.28283620814071 -0.20805323143948884 0.9771410745437381 -0.043694088010801824 -4.951109841828423 -0.9768554288887645 -0.20984592968501115 -0.04145065554586003 -11.318952625135102
-0.0459311599267434 0.03266595438775041 0.9984103685217423 112.11783240175626 -0.21129070741385414 0.9765345903704896 -0.04167050240269758 -4.99595322528133 -0.9763434669768303 -0.21286880756437176 -0.037951353833367396 -11.340023051061936
-0.04129585566275551 0.030577808309964274 0.9986789523886244 112.9354759397578 -0.2133263318807878 0.9762137706849617 -0.038711110179602756 -5.037897311836144 -0.976107846721544 -0.21464312605813501 -0.03379053128648202 -11.356939847028578
-0.038330732612991525 0.02942693779697672 0.9988317226986957 113.76214225315942 -0.21502958435933744 0.975906258769136 -0.03700340451200243 -5.0830037061212945 -0.9758550265216662 -0.21619673778094148 -0.031079539656772626 -11.372909744124192
