1.0 0.0 0.0 0.0 0.0 1.0 0.0 0.0 0.0 0.0 1.0 0.0
0.9998837255352185 -0.009574737548981766 0.011868437583777463 0.03180865943431854 0.009567528896784683 0.9999540096829278 0.0006640104249145439 -0.004115118645131588 -0.011874249476118176 -0.0005503815979153014 0.9999293471438249 0.43517160415649414
0.9996522512870432 -0.018938379893858517 0.018349775577446967 0.053618930148323335 0.018920913898433495 0.9998203505621035 0.0011249973871036035 -0.00912708007158046 -0.018367784678475513 -0.0007774116469537064 0.9998309957773547 0.9033916590362757
0.9992608495260658 -0.028356482732634254 0.025955047514484585 0.08647962165859277 0.028348410830371512 0.9995978724477071 0.0006789708460579295 -0.009693530763926596 -0.025963863499830143 5.7315365627143744e-05 0.9996628804287528 1.331208216890897
0.9988828364941473 -0.037606705014377434 0.028614938325430675 0.12148026472521993 0.03762066130510611 0.9992920910700589 5.067342188898815e-05 -0.011313700134483944 -0.02859658721548944 0.0010258960916161904 0.9995905075263751 1.77089786255599
0.9986075149361923 -0.04666018460212539 0.02461418871013435 0.14854796000109585 0.04672118122212033 0.9989061460658908 -0.0019085536405932923 -0.012088837223088162 -0.024498210917785722 0.003055899979516946 0.9996952031180019 2.2124632655788945
0.9983865880959721 -0.05597100385108424 0.009563861039659257 0.1650922677675717 0.05601135942808189 0.9984220990690705 -0.00400496011583988 -0.014757217253361366 -0.009324608576354384 0.00453418332372641 0.9999462449834415 2.6800612919945124
0.9979109597180504 -0.06399136086191959 -0.008878187294661758 0.16399370110716685 0.06394713546481584 0.9979398479398388 -0.005179165922808691 -0.021728834895773645 0.009191318754346372 0.004600611790955301 0.9999471756201449 3.176142866486249
0.997072745742441 -0.07035776663927018 -0.029928654683497338 0.150706528233968 0.0702162595786053 0.9975151945465462 -0.0057544365107429695 -0.02324999043765175 0.030259157100288595 0.0036361136258721534 0.9995354731520438 3.6951855182614173
0.9959444316896409 -0.07545684505912621 -0.04899952571323171 0.1215296123751256 0.07518676333617948 0.9971424949809464 -0.007334529446597507 -0.02800195103552186 0.0494129497746084 0.0036206680180166963 0.9987718714289444 4.195593025708131
0.9940327635078567 -0.08331982729081744 -0.0704036323861322 0.08791241498936304 0.08283481835000098 0.996515243904879 -0.009785782243733243 -0.03233218400479091 0.07097364258550937 0.0038955160669387635 0.9974705845350611 4.728140630276132
0.9913285958396568 -0.09210564397169367 -0.09372387859630088 0.04349473927075521 0.0914130401452888 0.9957447308209619 -0.01166563901747554 -0.03931822588879141 0.09439952945841604 0.0029968968700705137 0.9955298827494733 5.276595358162984
0.9883367199237086 -0.09920040644104565 -0.11554136667175186 -0.0127291442083095 0.09831448995311466 0.9950657730213224 -0.013355464302569713 -0.04737119812861137 0.11629612683019058 0.0018403052490408448 0.9932128795786362 5.8486599151247445
0.9851215960673175 -0.10593180181418037 -0.13532883774784296 -0.08432330037007257 0.10498318681347917 0.9943733606158802 -0.014147444432363567 -0.06164773982175178 0.13606605545935005 -0.00027029961504912783 0.9906997302360848 6.384240101897953
0.9818525935313451 -0.11291700735621235 -0.1523654620492737 -0.1524328210221842 0.11188330065571533 0.9936024957392945 -0.015369043399915901 -0.07259145560128015 0.15312612974327533 -0.0019570156777026443 0.9882047148640221 6.915717049434331
0.9784139826325041 -0.11983962671328299 -0.16835837507657025 -0.23459224923680422 0.11855639221186443 0.9927897227130847 -0.01769034598257309 -0.08959905423993879 0.16926446896767405 -0.002651479680773788 0.9855671003034719 7.463747661599561
0.9744362575593039 -0.12962121760334588 -0.18350019046541688 -0.32525194861126894 0.1281517283693447 0.9915549876730354 -0.01989575172433848 -0.10865563205985039 0.18452944065857868 -0.00412872471265366 0.9828183144215819 8.050837577123843
0.970679409743853 -0.13914312993662037 -0.19601192027722777 -0.41575751708400005 0.13724399726517006 0.9902630390027389 -0.02330662566178198 -0.12505493180186006 0.19734631669733163 -0.004278197809969115 0.9803245015348212 8.626667303139834
0.9669788948830772 -0.14717343655282958 -0.20806680759778381 -0.5226354235208299 0.1449443893734028 0.9890980040300156 -0.026005045914416457 -0.14447442663270124 0.20962571607480404 -0.005011785816427949 0.977768858761137 9.218987377458944
0.9638555738257519 -0.15437830696195473 -0.21713998053005124 -0.6355296276337823 0.1518209605873924 0.9879966023245057 -0.028515078845307358 -0.1665660545723545 0.2189356725875251 -0.005481982742869769 0.9757238949281989 9.796297996149477
0.9600386773093932 -0.1617818864037724 -0.22836891054096645 -0.7673436725750015 0.1585652996913478 0.9868137749404731 -0.032490295805467424 -0.19243768010086668 0.23061392803519934 -0.005019444129643067 0.9730323845467866 10.38739047243272
0.9561377349084742 -0.17153675539144642 -0.23743583013915107 -0.8852092771204089 0.16787535198848041 0.985161151831174 -0.03571233844791589 -0.21040633029774533 0.24003853457067373 -0.005713709167411915 0.9707465454219829 10.929785083722882
0.9514257121422948 -0.18188361024429325 -0.24840987621072852 -1.0191016604234704 0.17745213479533992 0.9833033963258058 -0.04031340509944428 -0.23081328477080465 0.25159462261960996 -0.005725652682220302 0.9678157690233502 11.503191614478764
0.9468324522626688 -0.19031168109499394 -0.2594027204580906 -1.1689996385144337 0.18490918121285707 0.9817106446931615 -0.045307888930382303 -0.25729503230309925 0.2632810324452784 -0.0050669650614946805 0.9647058742537095 12.132086887967569
0.9431237319077569 -0.19653340258003069 -0.2681272980930915 -1.3368105357974855 0.18945280205182838 0.9804960233406533 -0.05229898668115955 -0.29020641918449436 0.2731762473332861 -0.0014730524365927748 0.9619628724693188 12.762185851621968
0.938885274112543 -0.20320027712198482 -0.27785623878575 -1.512602520606497 0.19501733165998927 0.9791370185093539 -0.057087120586267914 -0.3272340455270284 0.2836594479421281 -0.0005885254131438276 0.9589249038537926 13.393901306473863
0.9340873473275211 -0.21092040877471374 -0.2880857662657817 -1.6990256828007568 0.20173028712566066 0.9775030602266801 -0.06158456384252391 -0.3722224694801836 0.29459415951242734 -0.0005902624696265818 0.9556222751544584 14.05985937170488
0.9292257966085556 -0.21833557385701893 -0.2981090339216876 -1.89811522659428 0.2079330790884719 0.9758737445197582 -0.06659030993901052 -0.4236976049973499 0.3054558127421754 -0.00010929552793853547 0.9522062457873846 14.734571968449785
0.9233682895825622 -0.22684622215415468 -0.30972858003058346 -2.095818379315015 0.2150663260433502 0.9739305885992264 -0.0721504261455182 -0.4725583242766878 0.3180211898531119 9.22780483875868e-06 0.9480836053425135 15.384431126998127
0.9190181313482475 -0.2341004445225045 -0.3171792176791244 -2.305367905391464 0.22122001368166794 0.9722123925489775 -0.07658178191238327 -0.5258570584377706 0.32629339527464885 0.00021365523392086194 0.9452685198141231 16.04356988138734
0.913173463059763 -0.2428419480206893 -0.32732554841465794 -2.5219549271292485 0.22795144426527147 0.9700640797960363 -0.08374855310300225 -0.5784200059132544 0.3378644186960453 0.0018626247572696916 0.9411929479167367 16.706915110458795
0.9079367937297438 -0.25213712496603197 -0.3347800006057953 -2.747474778595182 0.23466350191442006 0.967676912197465 -0.0923820029510109 -0.6337244352772083 0.34725180987435283 0.005316372244604982 0.937756853734028 17.37362092848001
0.9034136319079569 -0.26282113200282475 -0.3387755337323353 -2.9848631357036477 0.24310506172985025 0.9648099727259248 -0.10020801110652856 -0.6955243075789295 0.35319079637527445 0.008171236219459505 0.9355156290808002 18.064866403566867
0.8996374892504122 -0.2729732845407119 -0.34079021972801726 -3.2308830050503476 0.25096230533051345 0.9619510410528267 -0.10801905350713467 -0.7715712128574319 0.3573098224768092 0.011652490911329146 0.9339132241365643 18.774802275109593
0.8953300736696101 -0.28126300191696807 -0.34536239363229226 -3.4854208258597486 0.2566726481093967 0.9595098854123604 -0.11601694491956413 -0.8557491348255601 0.36400990494117136 0.015228379710756135 0.9312705759101941 19.491260063341464
0.8903245774924431 -0.2907385464119674 -0.35041867008360045 -3.746188199927711 0.26377462626073156 0.9566415513896315 -0.12353092202299257 -0.9430343698845457 0.3711402608905619 0.017551062221288487 0.9284109364720938 20.208693144690603
0.886741274887209 -0.2976280296656141 -0.35370533975156715 -4.015971307599739 0.26892436085358606 0.954488024312636 -0.12896627304551672 -1.0362744128238486 0.3759914886681578 0.019239734954642693 0.9264233551934977 20.914038603502053
0.8838957335773218 -0.3040271977382428 -0.3553811970254476 -4.260961058173684 0.27392329165847873 0.9524392201161562 -0.133512404934944 -1.1334165852319074 0.37907039247452795 0.02066385781890378 0.9251370939105447 21.58840183443151
0.8820777916760383 -0.31075437632584607 -0.35407695071305945 -4.532093903374652 0.2801902147746637 0.9502639399680907 -0.13598488129512437 -1.2390115607727865 0.37872445521308984 0.020740346927081356 0.9252770531213301 22.330878837105747
0.8792480659083035 -0.31802899752197045 -0.3546553190517214 -4.810391319674789 0.28714981932950845 0.9478787233782361 -0.13809745481317287 -1.3540417412748862 0.3800892261766156 0.019582709261390628 0.9247425034259243 23.093373696239155
0.8756999350852956 -0.3249153316269935 -0.35718293767386167 -5.089281133576104 0.2938803941850009 0.945584310711844 -0.13965896050477805 -1.464327565901931 0.3831239193854612 0.01733028012836292 0.923534365243327 23.82843795648251
0.8710638969092682 -0.3333163051884014 -0.36076020872151676 -5.369087326742568 0.30287734984406356 0.9427330858927261 -0.13971270419906315 -1.5776065075488084 0.38666910718685116 0.012432596620603614 0.9221347147182959 24.566162713954963
0.8664261523188672 -0.33937754142413756 -0.3662357259400442 -5.657922396727621 0.3088312371059987 0.940606556459915 -0.14100557766343652 -1.6959767075089824 0.3923378513035695 0.009065887795953131 0.9197765055234721 25.31619064887553
0.8599667986577098 -0.3465878981354161 -0.37461171107225755 -5.957271767647132 0.315924382994701 0.9380077450115912 -0.1425947212476226 -1.819006805655989 0.40081029108024113 0.004277752253714351 0.916151085465617 26.093656673913642
0.8531024755859311 -0.3528575937666788 -0.3843275746942251 -6.302242709462251 0.3213300536736612 0.9356766215311332 -0.14579525549950728 -1.9581552626168552 0.4110512896893011 0.000882293190549624 0.9116117917202959 26.92994447091416
0.8464287557540013 -0.3591570655069098 -0.393147000152867 -6.630519667784079 0.32880597622037494 0.9332521869975858 -0.144661624026517 -2.0912150452764227 0.41886154208103105 -0.006823324753257379 0.9080244769855118 27.725450116376322
0.8389685907236206 -0.3649518325951755 -0.40366057977544084 -6.930988032328733 0.3348910359820012 0.930935546482889 -0.14562624184365575 -2.205943803995673 0.4289285462616402 -0.013006466854143611 0.9032447807886012 28.42258879011795
0.8319416059666134 -0.37020947689027295 -0.41330147287703084 -7.260355803042941 0.339797006978947 0.92878644676573 -0.1479653011771329 -2.336256091388954 0.4386469631831981 -0.01734011317496792 0.8984921603248621 29.166075857176917
0.8244948042962452 -0.37503401978654416 -0.42374261255064066 -7.633204702882692 0.3436844076766956 0.9267798740554991 -0.15152588216404472 -2.479712135120367 0.4495434857813148 -0.020701426241182527 0.8930185358340361 29.970987847250186
0.8148473699479614 -0.38362664247475103 -0.4345737714962098 -7.9983138546253185 0.35149717776666295 0.9231285731491893 -0.15583122747900435 -2.6158961317512412 0.46094847619984747 -0.02577278834530322 0.8870525721004067 30.761593787305067
0.8077132751323761 -0.3892158172328956 -0.4428434404963677 -8.381715444941863 0.3566871959542652 0.9206627451927873 -0.15860124166085451 -2.765993215013769 0.46943956950518606 -0.029852256695438617 0.8824598196818797 31.55437437505336
0.800793916327926 -0.39527189703745397 -0.44998803426824036 -8.780829603436807 0.3620874001896495 0.9179630872576826 -0.16197680406849868 -2.9255242064216715 0.4770972837861092 -0.03322495816034389 0.8782222292558759 32.35672147337185
0.7928491795937458 -0.4034321413812336 -0.45676327098189146 -9.177804221715633 0.37066291636112236 0.9141673067088788 -0.1640339531295355 -3.0750754860163383 0.4837346182073308 -0.03925102094452232 0.8743341332137393 33.145426868018575
0.7851836647257995 -0.4095012837355861 -0.4645377393352134 -9.589809689165634 0.3766720560528309 0.911240246864392 -0.16661144823647372 -3.231360931632871 0.4915330862075275 -0.04415779787794155 0.8697386469795823 33.94423579548529
0.7768631564878099 -0.41572166863171894 -0.4729261362219855 -10.018768382139784 0.3845065496227767 0.9079769961173632 -0.16653074136289983 -3.4013074715642744 0.4986364902300912 -0.05247159947770947 0.8652215796310603 34.75222330199064
0.7687514930855679 -0.4215663552140314 -0.4809396532105327 -10.451880674799327 0.39117027106293156 0.9048726222667978 -0.16790281864388712 -3.566101941379956 0.5059713044385651 -0.05905375198551282 0.8605264048599385 35.56832065916913
0.7617979400136996 -0.42700980391174037 -0.48716170411285475 -10.903066862319113 0.397265546066772 0.9019422287002203 -0.1693525966601894 -3.730709676115958 0.5117069322367571 -0.06452010113550921 0.8567340147620558 36.38595497088565
0.7558048301365456 -0.43258000572189764 -0.49156240437192744 -11.359464867435966 0.40327311033413643 0.8989539811461013 -0.17103373428363872 -3.9012275508777523 0.5158777541469478 -0.06896577724652904 0.8538816453965288 37.2226255193604
0.7485197648648312 -0.4389391076351251 -0.4970418708672118 -11.811367171961455 0.40968250120589356 0.8955064453607926 -0.1738633213848193 -4.066089790526317 0.5214196101149065 -0.07348922441935256 0.8501299454094422 38.02732167883562
0.7419780272894899 -0.44534517179124805 -0.5011349967641664 -12.271393761218375 0.41643460820509554 0.8919513993837567 -0.1760821348871806 -4.2365323676676905 0.5254053902546737 -0.07804088095083533 0.8472654818837788 38.845430506606085
0.7341696988115375 -0.4527969939424639 -0.5059345171300776 -12.71824912049959 0.42368385197795205 0.8877981979386983 -0.179739682068053 -4.402090128096771 0.5305533403156569 -0.08239685681789252 0.8436373101436604 39.62388284593762
0.7272746780576115 -0.4597628597552226 -0.5095975426215252 -13.209149189646677 0.4297387501898853 0.8839625463054658 -0.18421406926288983 -4.586924111480241 0.5351599286581844 -0.08501958314916033 0.8404614930142309 40.457780425138985
0.7216778680633029 -0.46644617186326776 -0.5114772951966772 -13.682536371394646 0.4367892177354551 0.8800639206770282 -0.1862865394832023 -4.766322571768773 0.5370253569596647 -0.08896889499527535 0.8388613125574838 41.26645485672734
0.717264268235955 -0.4714868829303592 -0.5130614863118786 -14.172472311572582 0.44273777782906204 0.8769482488987576 -0.18693589499180535 -4.954390778982329 0.5380661944360791 -0.09306926441106629 0.8377486988513076 42.102717613275374
0.7114422077187733 -0.4768487084592969 -0.5162027647319787 -14.691681178438905 0.44955987829004135 0.8734080297741564 -0.18722801435113717 -5.150797748203168 0.5401350765392683 -0.09886214020911593 0.8357513842795548 42.97671461121
0.7049572937713992 -0.4837000472761372 -0.5187190744743901 -15.205187028388526 0.4573896517818837 0.8690079638891918 -0.1887322578151613 -5.349522485910882 0.5420608087672014 -0.10420855512972016 0.8338528986796314 43.82166420039824
0.6999754377801106 -0.4899672969327684 -0.5195829427925238 -15.733371103586965 0.46403693760088593 0.8650645547658181 -0.19061226778412957 -5.549650919884462 0.5428665646791431 -0.10768177201464332 0.8328868644235257 44.687909748449194
0.6932645231431848 -0.4984805007732671 -0.5204819798032256 -16.262110524688026 0.4730290471230173 0.8596015756244276 -0.19320624151898297 -5.753157550808364 0.5437166739478778 -0.11226006205607669 0.8317270327085822 45.55990944954885
0.6871345783469883 -0.5054328154739663 -0.5219039569518191 -16.794341720856146 0.48078520308032047 0.8548986260266805 -0.19492031119590617 -5.965238154169323 0.5446940973968064 -0.1169872140866404 0.8304350257553719 46.43763372671387
0.6808982057682792 -0.5100957006811727 -0.5255283146778315 -17.3196011704792 0.48763464848858484 0.8511417036775882 -0.19434569677311406 -6.17308675120603 0.5464339694555534 -0.12393617876712335 0.8282811965858281 47.29898726056071
0.6744048302180378 -0.5135160975992165 -0.5305462679965359 -17.838807292471543 0.4926624535650376 0.8481627607395574 -0.19468856705500148 -6.3759624589861446 0.5499653005652786 -0.13008131611082596 0.8249951632421965 48.14015735449963
0.6653438167748278 -0.5186397394735396 -0.536964082707888 -18.38380296383374 0.49844946770797155 0.8440847985742276 -0.19765874875032924 -6.5893074266184755 0.5557569015506191 -0.13613843489156519 0.820122303637775 49.01385150084155
0.6568258455317075 -0.524565871830507 -0.5416737530582942 -18.938582401688716 0.5026574797231332 0.8400664712366438 -0.2040190725946995 -6.80088601325642 0.5620634009788803 -0.13827136368284468 0.8154543293559371 49.874889869624575
0.6464999517078851 -0.5329531311444161 -0.5458926382037634 -19.4947950808819 0.5084811750693631 0.8344469160312953 -0.21247409001085318 -7.020345553755476 0.5687571599916628 -0.14021164120437093 0.810466525298235 50.73323261621512
0.6343030063206301 -0.5395257722719417 -0.5536891160452551 -20.08762259829188 0.5144935492654804 0.829172605581346 -0.2185616112624783 -7.255387289487176 0.5770234691386649 -0.14623519141371888 0.8035292059753483 51.62925602233607
0.6230686156950109 -0.5441969269779627 -0.5618142084387373 -20.656897833850596 0.5193423817000102 0.8249310645475747 -0.22309690565887796 -7.4902648372343466 0.5848666435231743 -0.15276924890876226 0.7966131846020307 52.473663309235825
0.6132447292945598 -0.5471818732857902 -0.5696691140828115 -21.258275978277172 0.5237073027805043 0.8215511454859437 -0.22535389139108059 -7.742462412126849 0.5913218776663106 -0.1601427890920698 0.790375052804048 53.34554581785096
0.6025445441683346 -0.5538043978882312 -0.574665782148744 -21.83439382304049 0.5295957964318074 0.8161298835588477 -0.23121484719624144 -7.9751357889067105 0.5970497171046425 -0.1650233378703612 0.7850470898381773 54.163901467561615
0.5960943258515334 -0.5600067184537693 -0.5753816385445811 -22.40317614953954 0.533618587620673 0.8117665572714872 -0.23724725381195838 -8.214350394784974 0.5999356279079651 -0.16561259548186097 0.7827194328649555 54.95990603698689
0.5904629251120294 -0.5665761704855461 -0.5747564502518261 -23.01474674327663 0.5370473449615969 0.8074281201518532 -0.24421298093619948 -8.476412621740243 0.6024397756936755 -0.1644727145333787 0.7810345977203418 55.80340202945366
0.5838732587982695 -0.5726129531169217 -0.5755053636439955 -23.599163343306437 0.5425859741828392 0.8025449890601298 -0.24803628999510538 -8.734537979301521 0.6038977382639787 -0.1674393814405515 0.7792763150914167 56.62078247878208
0.576385260705516 -0.5752314686348347 -0.5804212166467086 -24.204646990578176 0.5455777455098728 0.799672086437144 -0.2507378666608402 -9.00753059058528 0.6083789566099396 -0.17214328818015548 0.7747526918241234 57.45405385639891
0.5703547483145031 -0.5778266973636548 -0.5837908605732974 -24.807166658829303 0.5508515633291489 0.7962871857538026 -0.24997854504361314 -9.278295992870056 0.6093094585290243 -0.1790056580616944 0.7724629169927623 58.27845906782651
0.5621059691907624 -0.5814475361532131 -0.5881799402406304 -25.393917624071833 0.5560809787974276 0.792122670525716 -0.2516259522761969 -9.545636590088717 0.6122179549962649 -0.18563522710026198 0.768588796457264 59.08052759551591
0.5536743335175927 -0.5867479520280067 -0.5909074150785295 -26.026626209953005 0.5602290238337503 0.7874635297221878 -0.25699149832583235 -9.819837409627345 0.6161072741480439 -0.1887538877703266 0.7647115773894456 59.914533766917685
0.5448456351879993 -0.5932435753399115 -0.5926257622939661 -26.635376040564857 0.5662315962663458 0.7815642976873407 -0.26179959505346795 -10.09001268092016 0.6184860654907689 -0.19292306471340465 0.761745152853194 60.7234684850566
0.5371882952332334 -0.5994895177222693 -0.5933304758779323 -27.233873693869146 0.5718386969532588 0.775949970489296 -0.26627457250826597 -10.363152661332803 0.6200235803025653 -0.19624974251902036 0.7596425464848627 61.511753156091146
0.5301763636546926 -0.6051177068422268 -0.5939238876218841 -27.87194434195242 0.576941093912899 0.7707704942183505 -0.27028100080654494 -10.663257695654659 0.6213308278014821 -0.1993624992530065 0.7577615695686345 62.34640708130628
0.520992867978151 -0.6093185132043234 -0.5977435746056783 -28.491643375620153 0.5809971820375975 0.7661773244523339 -0.2746171552533345 -10.955460779560749 0.6253068894393152 -0.2042137531155436 0.7531852607812981 63.15643629643798
0.5101550777037177 -0.6148119931809337 -0.6014549108071208 -29.1140724523331 0.5865731086920833 0.7601424639518426 -0.2794913641895353 -11.254196665600865 0.6290260605510869 -0.21021333815462204 0.7484227198645638 63.95829016147673
0.5011183680899876 -0.618550808710479 -0.6052068061468249 -29.73268226858527 0.5891879893158722 0.7560966341185944 -0.28491295709471 -11.555855462964743 0.6338279690963057 -0.21380546512693493 0.7433366186816762 64.7522142230239
0.49163554731990633 -0.623221789647688 -0.6081850783435823 -30.3561527903947 0.5924628146999537 0.7512451530129258 -0.2908926490518356 -11.862941576421854 0.6381867295778445 -0.21731387664601393 0.7385745576499481 65.52933331670403
0.48247924972718537 -0.6277109220573187 -0.610895058019496 -30.98541965791097 0.5966679730265414 0.7461305108723922 -0.29542611717602374 -12.179493146666273 0.6412496421418815 -0.2219645446355205 0.734527492594835 66.30824559372871
0.47315201450848643 -0.6318679054300582 -0.6138974843196476 -31.644164123301827 0.5993866650611415 0.7415804676700685 -0.30132048671991357 -12.513718440883324 0.6456491283301202 -0.2253915705115733 0.7296134887931297 67.11510554051051
0.46203173897821015 -0.6372937878704259 -0.6167522193867938 -32.29059291432406 0.6039225966169546 0.7353643435315792 -0.30743581372020534 -12.84058901173927 0.6494645251837905 -0.23042549816401456 0.7246377856030276 67.90966355004751
0.4495580758607347 -0.6413875662692502 -0.6217069456452953 -32.944237156575966 0.6079310985806178 0.7296344007379498 -0.31313482821036664 -13.171553358089893 0.654459560100513 -0.2371826956061106 0.7179324850555671 68.69374065099474
0.43679190357129294 -0.6458018936722568 -0.6262210050005457 -33.578428224380225 0.6119230300469695 0.7235679779368055 -0.3193737412540021 -13.49603012661476 0.6593656332208269 -0.24369919046597122 0.7112296860322467 69.44324024927715
0.4255485764049141 -0.6486019984875007 -0.6310498052275839 -34.25876245282243 0.6144220175797153 0.7190563402731535 -0.3247207474527172 -13.851222086942618 0.6643748892252199 -0.24954644271357496 0.7045087504750934 70.23039965993867
0.41494292819080003 -0.653453004037574 -0.6331046815959546 -34.932076079356165 0.619378701014622 0.7125827784796789 -0.3295387815472111 -14.205815778304025 0.6664775998290445 -0.25539176832555005 0.7004160574955892 70.99417836960305
0.4066935188472327 -0.6576758821877602 -0.6340842339281172 -35.59398799326151 0.6231503418636604 0.7072514754690891 -0.33388471345960113 -14.563776461227016 0.6680449334908984 -0.25934105813647823 0.6974655420892082 71.74265964117252
0.3966465135887493 -0.6610265757501946 -0.6369579337835917 -36.24503524675058 0.6259522556830864 0.7023034169793778 -0.3390482032165133 -14.919027039640126 0.6714576061548087 -0.26422296768271747 0.6923372779836368 72.4772962471199
0.3852250277200242 -0.6658317069609895 -0.6389599486849875 -36.881528494107606 0.6319202695299181 0.6949205724972765 -0.3431649324702243 -15.27007926412013 0.6725165060988039 -0.27157602236845757 0.6884533485278322 73.18616296025814
0.37570053411334625 -0.6691949708904609 -0.6411140301084214 -37.56526625879547 0.6353596313260931 0.6896143657568955 -0.34749124510250057 -15.646839387290353 0.6746608389021239 -0.2767853274229511 0.6842679555373409 73.93988022916099
0.36631092074452054 -0.672676292177876 -0.6429019484222511 -38.27783645996198 0.6392181193472872 0.6840076219775868 -0.3514737102183948 -16.040691778622453 0.6761778650927721 -0.28220591598758504 0.6805463362183279 74.7193775024557
0.35813349684321416 -0.6763301721621874 -0.6436753037533115 -38.92920143370623 0.6413332079243955 0.6792255024047764 -0.35685351798235593 -16.41019555555307 0.6785514828310789 -0.285009149161997 0.6770064032501457 75.4127024600907
0.3496506200536893 -0.6807162341578503 -0.6437156611812591 -39.59974971819389 0.6444619713725899 0.6734569948630904 -0.36211109279409126 -16.792196377280447 0.6800097141590156 -0.2882378958845112 0.6741703820440674 76.12846872100673
0.3386084080836629 -0.6849060407571261 -0.6451728925717863 -40.29072685822989 0.6479719959089285 0.6669145980246337 -0.3679092435091038 -17.193835406351276 0.6822584836356727 -0.29347680364219464 0.6696228246043541 76.8700853824889
0.33177263376012034 -0.6879637888820634 -0.6454709479712537 -40.97575478758322 0.6521860219613066 0.6616427505563918 -0.36997603083775404 -17.593616391174244 0.6816012853906304 -0.2982192076698082 0.6681953246848055 77.59697325282498
0.3239302195078214 -0.6911891515583599 -0.6460083355945567 -41.6554520036542 0.6565664350272395 0.6558637402217844 -0.3725094235826977 -17.993265287317755 0.6811679156311141 -0.30348033054932344 0.666265682505438 78.31639148841685
0.3151190334063779 -0.6942748335979323 -0.6470567596568277 -42.34521205324292 0.6603706013861841 0.6500771513849171 -0.37591271070837906 -18.402713781508712 0.6816235497764729 -0.30884001146197915 0.663330372974346 79.04573955993523
0.305509477426808 -0.6977020766695513 -0.6479782183170931 -43.04849131509602 0.6641021408353031 0.6438096182142862 -0.3801019889881435 -18.82416803365736 0.6823725564091557 -0.3141989619743688 0.660035382804485 79.78116059024654
0.2953924575905151 -0.7007899317135877 -0.6493356355595317 -43.750551589786255 0.6680260455682137 0.6373981355292258 -0.3840114832480426 -19.24510650672074 0.6829967045609595 -0.32033902108973844 0.6564285285742366 80.52474681150902
0.2843760634664104 -0.7035618394622244 -0.6512534012040779 -44.43458351759775 0.6706746035951362 0.6314039779476717 -0.3892615993446609 -19.661510312134226 0.6850735950391428 -0.3260824354122554 0.6514172354917832 81.24133063578462
0.27406926788391245 -0.7063366989564509 -0.6526672230998584 -45.14120297612501 0.6732845676751321 0.6255177084392611 -0.3942277100349569 -20.10257454949757 0.6867124051100918 -0.33138506927168515 0.647000779390345 81.96678921961936
0.2626716745423169 -0.709697433073427 -0.6537072317804995 -45.86734206702058 0.6762448324855849 0.6186676780262009 -0.39992903208220854 -20.55676425628092 0.6882561426748608 -0.33701610889489764 0.6424356967165384 82.69758023568268
0.2517268009727781 -0.7138773582629273 -0.6534621144577212 -46.5862534561595 0.6807445669400628 0.6105423196957135 -0.40475290047405926 -21.00643737690497 0.6879102065339618 -0.34295363129747086 0.6396579980945136 83.42688589975168
0.24216965451727424 -0.7157788952735151 -0.6549919324022323 -47.33670156857681 0.6821136655586804 0.6056914767978557 -0.40970572633602925 -21.482377012381242 0.6899817430114256 -0.3475606537217049 0.6349226616647544 84.1805321299141
0.22796144063831636 -0.7185667603899049 -0.6570353053260234 -48.07733829507219 0.6847892037321401 0.5980288521087074 -0.4164435597982561 -21.955596938996372 0.6921685690884882 -0.3549976097219517 0.628394278345766 84.91675160999415
0.21467469434705222 -0.7205489259573982 -0.6593360455099052 -48.83252520823985 0.6859477403962883 0.5917895105484685 -0.4233921027251577 -22.444189796839762 0.6952628805367264 -0.3613785003378648 0.6213011399002337 85.65400871451793
0.19814686694335304 -0.7209753666630657 -0.6640273637325431 -49.5865664526525 0.6864754465679005 0.5856395428375294 -0.4310194741823751 -22.932878612771212 0.6996351051654961 -0.3704333226507941 0.610974527365878 86.38328980917653
0.18508349198715557 -0.722314309957011 -0.6663378562149744 -50.31658053478266 0.6871403423803687 0.5798649113565985 -0.4377154720258289 -23.419426548098617 0.7025540910614858 -0.3768537146012119 0.6036547249248019 87.07235529688538
0.17386428166789863 -0.7261548355350347 -0.6651844604237177 -51.05978959712557 0.6873031336178088 0.5732267504386248 -0.44612273546717507 -23.91814279896961 0.705255708292564 -0.3796185551453741 0.5987521511527891 87.75634478184254
0.16256055602069397 -0.7279537977424414 -0.6660760722159292 -51.813612181514074 0.6882418199302672 0.5673761409485245 -0.45211448990430914 -24.430560939996102 0.7070341313722531 -0.38492542529003826 0.5932412275288753 88.45506379173085
0.15008348721298326 -0.7300805249687855 -0.6666763637082787 -52.52303985684393 0.6870269394301544 0.5619193705271416 -0.46069578413918266 -24.926833765265155 0.7109633825755204 -0.3888817919209947 0.5859198072681029 89.100792975535
0.1344280924064548 -0.7304966262584888 -0.6695549021528611 -53.28173533711031 0.6871199753947289 0.5555762866743119 -0.46818920224491506 -25.463476736549225 0.7139994589532326 -0.39712676654961027 0.5766238842645548 89.78820715913638
0.1191343355204022 -0.731863793923751 -0.6709563303551477 -54.04736938677398 0.6874503954854866 0.5483906097865783 -0.4761089085962932 -26.010436849616003 0.7163930233098036 -0.40452827619517373 0.5684522054769434 90.46452304640408
0.10363967263366036 -0.7329702789618089 -0.6723194095183003 -54.775207537053895 0.6886682581176018 0.5405987452261992 -0.4832070228392044 -26.541275860785323 0.717631415503569 -0.4129256189902815 0.5608008422460123 91.09585570933865
0.09168875339577764 -0.7341904113018206 -0.672724023989921 -55.511725829195036 0.686550343980941 0.5359430588107563 -0.4913386438010164 -27.084954288582658 0.7212778921333858 -0.4168086823292359 0.5531986303802516 91.72061532920448
0.07831436160658345 -0.735705770699989 -0.6727584111141893 -56.267237749032745 0.6864221677111466 0.5291815378347682 -0.49879004369530117 -27.65244363727957 0.7229740440990147 -0.4227338630551912 0.5464472642310061 92.36107173371626
0.06576389297168866 -0.736968052148805 -0.6727207448066432 -57.06341470232192 0.6845755339425202 0.5238186384184564 -0.5069224520306317 -28.2531390617005 0.7259693166439762 -0.42719096918992927 0.5389586506718742 93.0224262074304
0.05359509393115264 -0.7381882662440732 -0.6724623777476924 -57.84997462598629 0.6823727409906332 0.5187369168036211 -0.5150528647605053 -28.85690732187058 0.7290370417608705 -0.4312656892504229 0.5315213043857381 93.66492092502615
0.04174061851093647 -0.7380845380081893 -0.6734158711521152 -58.619014362802396 0.6814677936943958 0.5139260230269488 -0.5210390474935602 -29.45730778129798 0.7306568051579461 -0.4371627358420911 0.5244324317463989 94.29315152631641
0.031106063329387257 -0.7369339383836205 -0.675248682547811 -59.398732038775336 0.6816441463121855 0.5097405008540372 -0.5249055911184479 -30.07433925819915 0.7310223461854501 -0.4439515652044508 0.518182725619099 94.9172745896099
0.020667814641182725 -0.7373919947209098 -0.6751487892009255 -60.15960311695688 0.6818437857402262 0.5042795955753497 -0.5298972931935002 -30.676642539491528 0.7312057803965956 -0.4493941873321011 0.5132085064637238 95.51922411467393
0.009574809904094428 -0.7389918901517913 -0.6736462790702429 -60.90110013560121 0.6809771439264409 0.4981362096727645 -0.5367778367841198 -31.2613043249861 0.7322420723128984 -0.4535981733899892 0.5080061462543318 96.09678743673906
0.000462445549213264 -0.7407714148015634 -0.6717570224098923 -61.70097396317491 0.6808880521338045 0.49221970756300615 -0.5423202190108927 -31.908099839165658 0.7323873610361855 -0.45714053692434603 0.5046100305136365 96.71162427335338
-0.008256713911843405 -0.7428108061063828 -0.6694504709139907 -62.50169614364457 0.6812524824311327 0.4858939459228863 -0.5475418965676567 -32.56284872603447 0.7320019684787721 -0.46058569196955423 0.5020298183336622 97.32721522909303
-0.015442824712753711 -0.7444231165573127 -0.6675295818913116 -63.28874556793344 0.6823642654344486 0.4801334955884883 -0.5512266645147755 -33.214333515808754 0.7308491830897788 -0.4640108295601269 0.5005531156909588 97.9289157118929
-0.02512923442949394 -0.7439781759698546 -0.6677312298054929 -64.09176899715676 0.684061150769863 0.474281071539419 -0.5541821065198982 -33.88408179460612 0.7289916759362887 -0.4706951655370905 0.4970082469694166 98.54296423723173
-0.036005159238958195 -0.7426041545446317 -0.6687620639369657 -64.80664191751374 0.6849519498669449 0.4689508275326864 -0.5576073418902222 -34.491722486569536 0.7276980519979751 -0.4781466208282367 0.4917635144140838 99.09277326936903
-0.04403331042965908 -0.7402369604524084 -0.6709026083961702 -65.57147624711382 0.6852853373676808 0.46627461165092615 -0.559438998389138 -35.147332655720334 0.7269422769116329 -0.48439367141815304 0.4867419204553613 99.6677909848745
-0.05347069766668955 -0.7397422916975931 -0.6707624217001358 -66.35124055793487 0.6882116075765738 0.4594129971646071 -0.5615197959405356 -35.808852661903714 0.7235369152212661 -0.4916513397828038 0.48453409828604294 100.25349541254697
-0.058824724437668174 -0.7398815608417759 -0.6701603746277228 -67.09836071250588 0.691075039385274 0.45426770268594113 -0.5621887087402941 -36.446280754336584 0.7203852731236767 -0.49620170316391987 0.48459150636773535 100.8037464831648
-0.06433481182306955 -0.7390103704705177 -0.6706151685763744 -67.89282966727517 0.6948673627240466 0.4491532644714105 -0.5616232662876458 -37.1294655274984 0.716254410254219 -0.5021205207434803 0.4846179964050837 101.39861608554199
-0.07099567065113771 -0.7380454389320059 -0.6710056220483239 -68.67897713282899 0.6981575875168533 0.4436889699514817 -0.5618861814781005 -37.80670035724023 0.7124153267171075 -0.5083591525831478 0.4837720271403683 101.98225070102178
-0.07622991820637365 -0.7379761592991989 -0.670507410754164 -69.43918078728672 0.7001808989673914 0.43914527184109375 -0.5629370648134904 -38.45706711510312 0.709884292185329 -0.5123891280322168 0.48324080248145374 102.54889662625895
-0.08461417409927563 -0.7375806059508603 -0.6699367815448404 -70.20804521223924 0.7033892566806375 0.43200291192231366 -0.5644617238368799 -39.11573185068918 0.705750660734907 -0.5189877973669548 0.4822527045610412 103.12727404953837
-0.0917705264371842 -0.7361082413814898 -0.6706137692052652 -70.92850798824496 0.7067852357447967 0.4262466470207712 -0.5645958080226263 -39.72474863089312 0.7014504979046023 -0.5257931654879138 0.4811535577293231 103.66166481253507
-0.09645552078170666 -0.7351028064991528 -0.6710590111069211 -71.66995282290604 0.7098379597707115 0.42181116960694315 -0.5640969846253182 -40.352489510992044 0.6977294628860699 -0.5307534277533136 0.4811178603511043 104.20944345181013
-0.10160089230663466 -0.7347274399410183 -0.6707107034185551 -72.3967170765803 0.713523138677204 0.41598428949075594 -0.5637746016530921 -40.975225915073324 0.6932257851917565 -0.5358476088353744 0.48198065402117996 104.74498229731265
-0.10622298263473223 -0.7347033879852131 -0.67002060389456 -73.09518517261522 0.7178940343263845 0.409569725644157 -0.5629216600152795 -41.56479971081022 0.6880006056965133 -0.5407990121281838 0.4839334613791562 105.26469520831202
-0.10996230096349197 -0.734463303131591 -0.6696804825585465 -73.82951419688328 0.721948956776647 0.404073191247236 -0.561706827379182 -42.178962663780986 0.6831529815319011 -0.5452417009623419 0.48581219761937505 105.81603599597085
-0.11521137950836241 -0.7342224349752507 -0.669061846177761 -74.56490530662606 0.7266719858539427 0.3969242846494696 -0.5607128830610141 -42.793882400935466 0.6772548730034119 -0.5507890051866692 0.48780868048714743 106.37081394574625
-0.11714474718188567 -0.7346081892342251 -0.6683022643368085 -75.3156055684729 0.7320223550152232 0.3908897344953851 -0.557986099490027 -43.42397318234377 0.6711336528335164 -0.5545773379576024 0.4919589375732498 106.93590779294671
-0.12023200213638613 -0.7345110699265084 -0.6678605796254876 -76.01268045255424 0.7382252052700023 0.3836462850149808 -0.5548324740840856 -43.99964678812076 0.6637528244507435 -0.5597401326951824 0.4961080244100478 107.46660030888627
-0.11927885932769539 -0.734632385015351 -0.6678980555475076 -76.6867292832612 0.7460442977525513 0.3775562768715603 -0.5485154178195804 -44.55622989538489 0.6551262927927615 -0.5637078291824085 0.5030338197478081 107.98852615631797
-0.120235575738037 -0.7343008919644924 -0.6680910165442232 -77.40581952996402 0.7543767218622524 0.3698875823735115 -0.542308895296989 -45.141515928426415 0.645336476451862 -0.5691971332201433 0.5094658533156721 108.55007211243775
-0.1202759661099268 -0.7336625653658989 -0.6687846680038743 -78.12508620904197 0.7612299343044392 0.3642671408050457 -0.5365057662770985 -45.72941313627916 0.6372304756484763 -0.5736276582509299 0.514673324152682 109.12362757813437
-0.1177892934426989 -0.7330389849809856 -0.669910090122784 -78.83964459917843 0.7684905178331155 0.3599635149360898 -0.5290071756748164 -46.29992004806036 0.6289260738360752 -0.5771309335089415 0.5209336610704265 109.6969724529193
-0.11591741734118427 -0.7321904858101271 -0.6711633518347673 -79.58489264024828 0.7756232806047896 0.3553757570356183 -0.5216479635685595 -46.883720325241576 0.6204608601199706 -0.5810380054699443 0.5267097466904285 110.29125780007787
-0.11535931999938304 -0.7319386369970493 -0.6715341085605271 -80.26866583544137 0.7822860431055096 0.34967619942373607 -0.5155144055396478 -47.41957053691205 0.6121444062078856 -0.5848011518691404 0.5322469715469709 110.85111792732218
-0.11483404825281868 -0.7313934647480204 -0.6722177780197097 -80.96566542705922 0.789570755952859 0.3434396127770427 -0.5085540814108034 -47.950346461119715 0.6028193449997273 -0.5891628230798693 0.5380483297945069 111.42057235479461
-0.11106817768483707 -0.7321343256332924 -0.6720440380921876 -81.68522183512543 0.7957563627041793 0.33957876912835855 -0.5014559509798281 -48.488826662721856 0.5953450017608145 -0.5904791179938146 0.5448841529092792 112.01099431876136
-0.10839098776273937 -0.7329375583740242 -0.6716054863508352 -82.39673291624727 0.8031629541140631 0.3335498058194839 -0.4936332608086252 -49.01733125945959 0.5858162364689026 -0.5929140431483377 0.5525145016439861 112.60914996710083
-0.10433450739915645 -0.7325259127231301 -0.6726961407314009 -83.12142293955623 0.8097024233819465 0.33018681662528365 -0.48513776568750505 -49.55136254304665 0.5774913818709146 -0.5953003051536315 0.5586781278596962 113.22787415123996
-0.09759773698703489 -0.73108644930421 -0.6752683062152205 -83.82553418291039 0.8189014462438189 0.326595239664563 -0.47194911883404217 -50.05201295484423 0.5655750198468739 -0.5990393585334857 0.5668127943624761 113.84437442643816
-0.0915156934420211 -0.7303336293174303 -0.6769325429774056 -84.53592340080785 0.8286232563615268 0.3211604246396641 -0.4585187898680824 -50.542257247106 0.5522756348696238 -0.6028837131100007 0.5757802111883084 114.46757100147995
-0.0886656500324976 -0.7298887045857128 -0.6777911783303947 -85.25831889440126 0.8366524011105962 0.3146820332990071 -0.4483168272936858 -51.02518759084563 0.5405100944665036 -0.6068259197142066 0.5827616501991347 115.10591435804237
-0.08466743833567847 -0.729488601927764 -0.6787324985170154 -85.97026744175045 0.8445205094063604 0.30895935420943066 -0.43741196444371866 -51.48921707414688 0.5287877968312956 -0.6102380659250681 0.5899092886354109 115.73966284753656
-0.07837120365368722 -0.7303658606208092 -0.6785452557328043 -86.67564972939086 0.8525612276467802 0.3036813436640291 -0.4253433843658847 -51.93208373207678 0.5167178219795473 -0.6118360492403454 0.5988817423320554 116.37201058539483
