1.0 0.0 0.0 0.0 0.0 1.0 0.0 0.0 0.0 0.0 1.0 0.0
0.999922325791581 -0.0019827749449722364 0.012304917190820676 0.01090494729578495 0.00197382187628426 0.9999977784311868 0.0007397025699275281 0.0005895384820178151 -0.012306356518322776 -0.0007153573993788352 0.9999240180398885 0.22280479967594147
0.9997924934349924 -0.00397140556055095 0.01997994016292964 0.019134185246523775 0.003947344307482149 0.9999914359736165 0.0012435643701800632 0.0019295165024028266 -0.019984707752649575 -0.001164438619343267 0.9997996076908328 0.4547738411685866
0.9996870870729102 -0.006446732696400786 0.02416955889587503 0.0255915731793616 0.006427773235155646 0.9999789700846643 0.0008620438804772823 0.0004677051462510899 -0.024174607978567752 -0.0007064176920269386 0.9997075018739867 0.6754672898823165
0.9996220295912595 -0.007862016535482295 0.02634362639894546 0.030134549187107448 0.007882002599500003 0.9999687220722295 -0.0006549139286114756 0.003382626444097998 -0.026337653480765676 0.0008623069222829333 0.99965273192039 0.9062384523567686
0.9996472119621286 -0.009593638435123182 0.024767190351744 0.0344160562804437 0.009631172542135767 0.9999526438452933 -0.0013966324756147478 0.0021858118874523496 -0.024752618685848247 0.0016346768440456145 0.9996922705011821 1.1587553927489986
0.999839600875484 -0.01082021023004832 0.014272195757156391 0.030146738865532832 0.010868972245382877 0.999935341327792 -0.0033434422383513927 0.0010328855421240686 -0.014235096188018256 0.003498030052708695 0.99989255713915 1.4221990779110718
0.9999525014590381 -0.009514830793674354 -0.0021125389417382496 0.014721548970503328 0.009505775234246592 0.9999457618053639 -0.0042560174678656065 0.002665238136403538 0.0021529196475016145 0.004235733992891818 0.9999887116835535 1.6812376473558732
0.9997747648893371 -0.005746996107029729 -0.020430162168140847 -0.012703990312069688 0.005672137439385668 0.9999769932701514 -0.003720186454494388 0.00290938772378196 0.020451072033990488 0.0036034658501599907 0.9997843610931946 1.958733625055802
0.9992905294871286 -0.00276168708211763 -0.03756076093205404 -0.044566955056137475 0.0026027111416822507 0.9999874505036783 -0.004280739406555284 0.003880319451543533 0.03757211162614387 0.004179942537205126 0.9992851767680427 2.247358114498671
0.9983849798725514 -0.0018387957657180056 -0.05678072555909681 -0.08199598587384671 0.001553492097317228 0.9999859489535888 -0.005068388076542045 0.003059439163349398 0.05678924746102087 0.004971994119348714 0.9983738080735534 2.563593067000057
0.99704784459193 -0.0028520538850724713 -0.07672979462518771 -0.12234936453072709 0.002524176490703812 0.9999872666673549 -0.004369786744948594 0.0036687936732614996 0.07674128046645183 0.00416320691164795 0.9970423479374285 2.8925217421383973
0.9954399717433822 -0.003741598716339779 -0.09531664647154076 -0.17146872699382432 0.0034152880781852003 0.999987736886246 -0.00358634695301599 0.0041020569473295 0.09532889626381816 0.003244459303225355 0.9954405431872625 3.2226684164052783
0.9934585700974453 -0.002155407962476056 -0.11417278010303038 -0.22795523462322095 0.0017947579973052758 0.9999930706841372 -0.003261506928039962 0.00010388824709501362 0.11417901884177646 0.003035259498929001 0.9934555545448944 3.569435460048148
0.9912953191523656 -0.0014280581079919937 -0.1316493481816378 -0.29088535331483256 0.0010400502352200854 0.9999949110187948 -0.0030159960247301467 -0.004609559548297225 0.13165298523815597 0.002852820806354253 0.9912917597212886 3.922384681384965
0.9894850789430365 -3.0803855385837204e-05 -0.14463498055524288 -0.36021645442236183 -0.0004470493566188867 0.9999945491770708 -0.003271354921116262 -0.011126357009923829 0.1446342929459184 0.003301615857373222 0.9894796716642362 4.295888389450685
0.987350219626796 -0.0009159728548602007 -0.15855189937886838 -0.4294116472274958 0.0002407934347658738 0.9999908221605646 -0.00427757094153126 -0.016470287470999746 0.1585543623538609 0.0041852823521499995 0.9873413784452637 4.662432894584908
0.9855022102003793 -0.003667300762601572 -0.16962294831562136 -0.4997799450452971 0.002613591961395849 0.9999758801211154 -0.006434929141797429 -0.02303021017285654 0.1696424558512009 0.005898311717538225 0.9854880248342219 5.03593641322606
0.9838137427148749 -0.0033991666790938596 -0.17916184111366465 -0.5836939458792859 0.0018845767528548063 0.9999610429942193 -0.008623274573842977 -0.026316934291915228 0.17918417345238077 0.008146051792188996 0.9837818222677152 5.443950867510853
0.9821822808265921 -0.0024071722372347353 -0.1879153339993674 -0.6709938946061882 0.0004701823988639657 0.9999463094513049 -0.010351673450567556 -0.03049313669683031 0.18793016298291584 0.010078875757527373 0.9821306787310329 5.860133139935094
0.9802792877167581 -0.0024235382740739084 -0.19760223818509695 -0.7626302848133982 -0.00017736452652200498 0.9999136040346507 -0.013143553867226635 -0.0403856937186284 0.1976170200548283 0.012919401250447155 0.9801941656916653 6.268795439042544
0.9783150280638615 -0.003937555734552055 -0.20708501036831056 -0.8617831133651418 0.0008693438962601684 0.9998885347723521 -0.014905108922413578 -0.04705745064574207 0.20712061728759895 0.014401863963955286 0.978209403046591 6.69889223091392
0.9765111059273027 -0.008282431165291867 -0.21530782924600822 -0.9589111702964954 0.004789462308563936 0.9998484083903613 -0.016739811529885275 -0.054338558102797384 0.21541383672232123 0.015315403137150407 0.9764027434288146 7.138476389790487
0.9735728070523628 -0.008490881439727205 -0.22821896130812525 -1.0806741658853152 0.004295204469153595 0.9998126282761642 -0.018874839286124982 -0.06338804184273772 0.2283364635505053 0.017395783163898663 0.9734268571091326 7.617759273067405
0.9708342844658329 -0.004346174855220747 -0.23971212499546726 -1.220142448006861 -0.0012003462000609339 0.9997350340089944 -0.022987408380134227 -0.06974644658633285 0.2397485167310002 0.02260470170479834 0.9705718294830747 8.096777781958865
0.9681524779897323 -0.0025085424769752365 -0.2503487299288379 -1.3662867888617332 -0.004048815438135534 0.9996621578138032 -0.025674448944405258 -0.08031079050822755 0.25032855701235707 0.025870397169200317 0.9678152386144884 8.600622478468589
0.9648201851219675 -0.004172651161809654 -0.2628775368179909 -1.5096978830940189 -0.0029616483993202985 0.9996381109222543 -0.02673716197627699 -0.09457802600632796 0.26289396915861557 0.02657510440372186 0.964458669309349 9.093418301507777
0.9616409963948793 -0.004686915688770806 -0.27427108282498536 -1.658966343867295 -0.0031330204180873215 0.9996011424211962 -0.028066710767369534 -0.10986613189929467 0.2742932340319817 0.027849396610441727 0.961242754392828 9.584400698894875
0.9586348495951709 -0.0030463145347133245 -0.2846224606551635 -1.8178883099163161 -0.005825929225025312 0.9995232593189052 -0.030320168686500705 -0.12477088058509314 0.2845791343199805 0.03072416066011334 0.9581600817511771 10.090574870197266
0.9556957876210014 -0.0012455633570058783 -0.29435354608938885 -1.9909628166337958 -0.009032799419653851 0.9993960088302537 -0.03355631190706273 -0.14161585409254385 0.29421755565927504 0.03472846247796558 0.955107304880346 10.614038331642716
0.95272522206423 -0.0015516055216423814 -0.3038293003694163 -2.165822511770359 -0.01074621152947695 0.9991892162217586 -0.03879985984397167 -0.1642245791034974 0.30364316257809515 0.04023061901653164 0.9519360940279129 11.14122348547756
0.9497945582396546 -0.0019973059999992566 -0.31286787611878847 -2.3546528753386826 -0.01282612580503324 0.9988904533798578 -0.045313934318435986 -0.1887244851521131 0.31261124041718763 0.047051810967532776 0.9487150991997033 11.697375845647665
0.9481465067093453 -0.0019754421606085976 -0.31782746804380463 -2.53803229291375 -0.01556311018326367 0.9984925827228307 -0.052634131976453696 -0.21143375577338802 0.3174523451107097 0.05485125227158666 0.9466865102598376 12.210921365700285
0.9470070582875295 -0.003677977351738284 -0.3211916935977645 -2.7261401759708326 -0.016690438797285254 0.9980202265676702 -0.060638738563484805 -0.2421627300778268 0.3207788347231691 0.06278614372946219 0.9450708118174158 12.735477259062952
0.9458688456897815 -0.003269696058013076 -0.32453264218128947 -2.934413633905151 -0.019961089906206275 0.9974700926503716 -0.06822733438890635 -0.2790152589069451 0.3239346873109408 0.07101213527100497 0.9434106184483062 13.303575783096907
0.9451885914639536 -0.004161705101412354 -0.3264984024111551 -3.1422658636714824 -0.02139029530054632 0.9969817556813519 -0.07463132120956134 -0.3231555413262903 0.3258235440132328 0.07752457061589038 0.9422467612666435 13.882477696953075
0.9442091744165602 -0.002947758347505134 -0.3293331833695515 -3.3544531715024903 -0.024816307763785628 0.9964804102923275 -0.08006836311932305 -0.36653913666382415 0.328410087872725 0.08377411667310741 0.9408127930460287 14.452819374356954
0.9433412131733443 -0.0028160705556771713 -0.3318123344230417 -3.558444146459608 -0.027041403738110772 0.9959855930970757 -0.08533147617930378 -0.4123744116285309 0.3307206041547994 0.08946936956127527 0.9394781071945171 15.01243369646332
0.9425997563412954 -0.0009914092188155962 -0.3339232193979506 -3.786504538677117 -0.03084683065124049 0.9954612312602998 -0.0900300510746393 -0.4656476843803785 0.3324968757508929 0.09516277720563496 0.9382909322008854 15.616533532898238
0.9414363912676321 0.001239971451729379 -0.33718835043307294 -4.020783653198515 -0.034253072711806526 0.9951719520263175 -0.09197561040802377 -0.5168425977780707 0.3354463417698539 0.09813892383212572 0.9369335640387181 16.235112811622813
0.940951779717178 0.002569127763017598 -0.3385308668786535 -4.255462399863854 -0.036324004256264995 0.9949646777291843 -0.09341229461934486 -0.5732961358164591 0.3365862667457872 0.1001932615189152 0.9363071052728031 16.852463758863028
0.939156255429571 0.004427710666779928 -0.3434616765605115 -4.490248297042504 -0.03858146881172121 0.994949091231976 -0.09267025478002763 -0.6331887632296611 0.3413165658913091 0.10028310543115593 0.934583490445475 17.478470499961087
0.9370511896925882 0.005536111719142835 -0.34914813383825843 -4.726601268061595 -0.04001025957114268 0.994991423324441 -0.09160374795745463 -0.689066693146759 0.34689227005621653 0.09980690846748164 0.9325793982269868 18.082737696995927
0.9347080090640347 0.0063983146052724905 -0.3553589725358861 -4.972688538389077 -0.04118470235341794 0.9950524304320784 -0.09041283638551752 -0.7485962037478594 0.35302231952613006 0.09914495580424627 0.9303469888460785 18.71043640935299
0.9315109398284542 0.00705938785655429 -0.3636447910021545 -5.276748567706103 -0.04186646922051489 0.9952469560842114 -0.08792437182101129 -0.8245157580960006 0.36129567909804505 0.09712703767850894 0.9273789790678242 19.472477200594202
0.9285070281011885 0.007819921146357413 -0.3712324711012811 -5.557335216143282 -0.04150427003271617 0.9956987001279859 -0.0828341362753948 -0.8909671410821763 0.3689879325069455 0.09231981042389577 0.9248378010589455 20.165060662194886
0.925980032112563 0.009330623306876378 -0.3774571758458467 -5.798418641599879 -0.04239366488968124 0.995942486367073 -0.07938098655342053 -0.9422508005124565 0.37518496412574787 0.08950700150087758 0.9226184148261315 20.73675196012649
0.9225275784053877 0.011464502015525575 -0.3857608485513105 -6.0848103483826685 -0.04450580397249003 0.9960502715383627 -0.07683156890963622 -0.9977964770821006 0.38335636227178155 0.08804783791717943 0.9193940818516598 21.404713430798342
0.9193381007370912 0.012719060189999763 -0.3932628663387903 -6.374221041671143 -0.0463258542937315 0.9960247437577736 -0.07608301417673627 -1.0520113191227896 0.39073184123779064 0.08816425199673991 0.9162727175425347 22.06158846136633
0.9158675270168894 0.012990769583514514 -0.4012703737651154 -6.684612654012445 -0.04725485386279908 0.9960171019113022 -0.07561026045859134 -1.1106353384762475 0.39868991928862824 0.08821095513505425 0.9128335969122678 22.76134593939515
0.9125358385834585 0.01317672617089783 -0.4087844385347873 -6.995841258330518 -0.048208162510920846 0.9959789070451925 -0.07551152089836549 -1.165582402317365 0.4061456836753343 0.08861371569052287 0.9095016729085299 23.43695897705478
0.9086805968044261 0.013373742747312341 -0.417277744429392 -7.329224322462437 -0.048652818741590706 0.9960689246904825 -0.0740243236675911 -1.221961512811784 0.4146474119292802 0.0875662050729337 0.9057591752278721 24.156655033048537
0.9046515897860224 0.013586195061949715 -0.4259353429821963 -7.660089392083481 -0.049115066695149284 0.9961553170983093 -0.07254167381787059 -1.28014767254761 0.42331219132119685 0.08654478332346756 0.9018407781633856 24.853007695524862
0.9015241441085445 0.014715481647344018 -0.43247852222884214 -8.004461994998708 -0.049740400744940017 0.9963211557242634 -0.06978572339670354 -1.3399039062075508 0.4298605705610707 0.08442516956545083 0.898939531125846 25.5666183113592
0.8979578163889603 0.01711274233258085 -0.43974869418319934 -8.371891504190337 -0.05066224087111583 0.9966199834170475 -0.06466796736964192 -1.3989722918602914 0.43715569004175997 0.0803477610370241 0.8957896739527923 26.3144498814798
0.894366381743407 0.018228291904518277 -0.4469636501791282 -8.73099507228862 -0.05074347581513895 0.9968542565762781 -0.06088259856440261 -1.4569853693654602 0.44444783143739697 0.07713183856229192 0.8924779014690479 27.02915549004578
0.8913106500560259 0.019225383965839827 -0.4529853305660907 -9.122966561570525 -0.05156443979436165 0.9969164715816837 -0.0591494483306451 -1.5116128088207765 0.4504513665706855 0.0760784680477468 0.8895536144910603 27.794716152708997
0.8890079354707083 0.019419806023475126 -0.4574797938752267 -9.499638368080092 -0.05152339330027146 0.9969976325925192 -0.05780190782091929 -1.563102449971645 0.4549837696148455 0.07495726608490405 0.8873393813238216 28.524329108909313
0.8872134980755062 0.02040470203358886 -0.46090764472673307 -9.889032069110296 -0.05213264912477977 0.9970569168691759 -0.056211132514530485 -1.61076359827967 0.4584041838027403 0.07389961203046984 0.8856661061674934 29.271679963197926
0.8852977545265641 0.01964352702622949 -0.4646095324852834 -10.294604994064947 -0.05134580248478492 0.9971275761505143 -0.05567948856979735 -1.6628956895845888 0.46218123544494677 0.0731486754915667 0.883763416801359 30.044814169675128
0.8842986497805332 0.019726674556462633 -0.46650482988632574 -10.700625779804726 -0.05176378889605667 0.9970902895371447 -0.05595949132951156 -1.7142904894027264 0.46404354122803043 0.0736329601583191 0.8827467241643397 30.80289110655216
0.8835925265690222 0.019202500076861424 -0.4678627052695804 -11.113611013234573 -0.05139684686867938 0.9970989725624027 -0.05614270252632041 -1.7655469069144107 0.46542734247498785 0.07365394019195116 0.8820161483617356 31.569232125545348
0.8833169925047952 0.020160768666541908 -0.4683424325843835 -11.551281349109205 -0.05295485456395379 0.9969711528736277 -0.056958789628469786 -1.8160040060821798 0.4657755619720662 0.07511367215496761 0.8817091709430055 32.3749379101941
0.8831963429615319 0.019808194282125154 -0.4685849498422436 -11.991729693962832 -0.052457229463049676 0.9970107198370745 -0.056726216223363775 -1.8718883870109049 0.46606057423519237 0.0746810549553262 0.8815953046462546 33.19776443012077
0.8830058604827082 0.020798112642585923 -0.4689009371537857 -12.442837078899696 -0.05295546591604078 0.9970534935127608 -0.05549819549872062 -1.9260549060962158 0.46636505977914683 0.07383609946703223 0.8815054517316881 34.03764700109541
0.8831198986238539 0.020336822865511292 -0.46870636681224076 -12.87598256793448 -0.05243261338934298 0.9970794034171091 -0.055529130504137096 -1.9784708697581759 0.4662081785080112 0.0736143798256741 0.881606974436525 34.85081354437858
0.8831528670465141 0.018411191148227004 -0.46872384350278756 -13.324911739878901 -0.05062754117182472 0.9971337602598638 -0.05622380478871669 -2.0358537602578246 0.46634522137834483 0.07338455008057199 0.8815536525402493 35.689174344727874
0.8816737014378511 0.016578826217663316 -0.471568263048017 -13.771094577694887 -0.049163008028232126 0.997170915026004 -0.05686092566796736 -2.0907429850454355 0.4692914689555897 0.07331649710294844 0.8799944365835833 36.52127501989935
0.8807271062043758 0.015789049547600464 -0.47336082464780493 -14.237821726362277 -0.047619990476826954 0.9973316415122903 -0.05533473904689324 -2.1484987838001683 0.4712240453370917 0.07127624255517598 0.879128884944274 37.38780151848802
0.8789159414602048 0.017422539583989684 -0.47665839231211077 -14.703784633199477 -0.04821904801913555 0.9974585663967831 -0.05245313841709222 -2.204273093807237 0.4745331297762571 0.06908591344202267 0.8775223332249905 38.237797076171276
0.8769971533137642 0.017120967433366538 -0.4801904471703907 -15.172618290327735 -0.046735240169961 0.9976659755282905 -0.04978371821630694 -2.259845239682417 0.47821732549732054 0.06610199503290495 0.8757503730212507 39.09095389744423
0.8741493366140913 0.017112411403227702 -0.4853556455560301 -15.650689591394489 -0.04664683025204012 0.9977169404415653 -0.04883625685245891 -2.315875086857968 0.48341184359155026 0.06533048394041381 0.8729518413655646 39.94762673728026
0.8700325264287198 0.014799294598075741 -0.4927721419027855 -16.15176870559094 -0.04565523195445509 0.9976726087589289 -0.050645488716553916 -2.378237656363501 0.49087575082829715 0.06656084893954593 0.8686832855748998 40.83189374206647
0.8658854026367018 0.012055159217263509 -0.5000971332020646 -16.645603721337793 -0.04439287056478128 0.9976170772424038 -0.052815151588750074 -2.43594513810032 0.49826874530086246 0.06793261610280073 0.8643572277280581 41.68174465418428
0.8608250154454059 0.012310492061240779 -0.5087521445346713 -17.155097885699092 -0.04530564062081367 0.99759165289129 -0.052519453629697135 -2.4916275413161144 0.506880352461362 0.06825940130732439 0.8593095847375446 42.544177946069425
0.8564674902960221 0.015083930008747977 -0.5159805356033549 -17.670599225436327 -0.04672728404828036 0.9977346990432951 -0.048394537403068226 -2.5468783818097336 0.5140817045874178 0.0655587170441646 0.8552321647529508 43.397751447887295
0.8527742723248051 0.017071790322418928 -0.5220005693829143 -18.183140131510626 -0.04765206051952896 0.9978401726239314 -0.045213615494514664 -2.6001010151000523 0.5201012608993968 0.06343141077597148 0.8517459330914516 44.230155226289625
0.849938495110814 0.017188095276363 -0.5266014849101125 -18.713020432047077 -0.048593106585278656 0.997765155098269 -0.0458628963773421 -2.655449611148717 0.5246363164337334 0.06456984321258447 0.8488742373439929 45.080691046242556
0.8482527135227599 0.014189481756190697 -0.5294015419402985 -19.224896043922733 -0.04800738630225827 0.9975855433862448 -0.05018340848524253 -2.708214290577673 0.5274112483268637 0.06798339675436715 0.8468858440805572 45.89618855733478
0.8469376964475288 0.012461355688459595 -0.5315460967315621 -19.7411877941703 -0.05027196817467113 0.9971233896049906 -0.05672455481093712 -2.768148386934261 0.5293101808505088 0.07476403224184643 0.8451278435425861 46.70745333945623
0.8448161781009826 0.011621556165100584 -0.5349304297300262 -20.257962462723466 -0.050632259228568045 0.9970141042972384 -0.05830308874996989 -2.827298720615474 0.5326556106381123 0.07634012879657194 0.842882070749558 47.52958009279015
0.843548357594552 0.01136630550105381 -0.5369329338928565 -20.79196870301475 -0.04904975340669845 0.9972280550031782 -0.055949334270572144 -2.8899314103893334 0.5348086481072235 0.07353239703582945 0.8417676024271125 48.367895031993456
0.841927687159679 0.013739509370993754 -0.5394154201320148 -21.33645699434683 -0.04929861212517154 0.9974534069679329 -0.05153976882558939 -2.9492999321897706 0.5373336174449591 0.06998518993549764 0.8404609787213245 49.21037908077078
0.8402710028222264 0.01600030076469052 -0.5419304680413987 -21.860735097927552 -0.05065743155996901 0.9975086988568274 -0.04909399487418503 -3.0052026575488426 0.53979483736312 0.06870506590054982 0.8389881688532468 50.00834131595164
0.8387438074341288 0.016633379051757616 -0.5442721343153827 -22.409027171341087 -0.0521864631575311 0.9973878554505136 -0.049940353051751436 -3.059900435271362 0.542019740004005 0.07029079954835114 0.8374209245921939 50.846480524473066
0.8361038721247218 0.015052851092007012 -0.5483645928504581 -22.960192751645998 -0.05189410534344547 0.9973109843982461 -0.05174748524522564 -3.118038790030417 0.5461110847150517 0.07172316273424732 0.8346367300081794 51.682611490417656
0.8335024565081035 0.012970941033193701 -0.5523634760587187 -23.50250772351281 -0.05116838403533491 0.9972401938054988 -0.05379398046235262 -3.1767248839011977 0.5501413013673576 0.07310096133078486 0.8318658533575864 52.49458886501683
0.8317756213058382 0.010744632006167303 -0.5550079897482008 -24.052349527945005 -0.049442409912005186 0.9972729573558018 -0.05479139192342477 -3.2367566393183202 0.5529057459489639 0.07301507659288684 0.8300385742161354 53.31657085823798
0.8289189831669717 0.01012749827607769 -0.5592769914131117 -24.608962247381893 -0.048882571803256225 0.9973225037664577 -0.054390418778526205 -3.2972311731175488 0.5572286905026815 0.07242414831858225 0.8271946138732982 54.14526181008506
0.8265972228757186 0.010686254098916565 -0.5626924871610451 -25.16670761320648 -0.04963699351492096 0.9973077149277509 -0.053976760002685496 -3.3555355361623245 0.5606007492047699 0.07254740325415654 0.8249022210372144 54.95774956382643
0.822716746636875 0.010492339295191267 -0.5683547005342268 -25.73459368045592 -0.05035006592575897 0.9972449457184847 -0.05447374688974741 -3.418820982660368 0.566217295448053 0.0734331604593669 0.8209784073168069 55.77633516180373
0.8186793783118665 0.009664236669449062 -0.5741695551459451 -26.308417645316098 -0.050363073687852714 0.9972140033163153 -0.055025379585787446 -3.482511994198313 0.5720381423782925 0.07396508716580379 0.8168852609424089 56.59267695375078
0.8147985450748851 0.008046346530853371 -0.5796883535584927 -26.89015250374489 -0.04978927467451923 0.997180606127926 -0.05614148991367743 -3.5453253138652747 0.5776022498841533 0.0746062669609443 0.8129019288074771 57.40735237929891
0.8100143092085866 0.007590570561236208 -0.5863609827707599 -27.49135106113416 -0.05056915027993242 0.9970955157725652 -0.056949920686581584 -3.6095648934183098 0.5842256241532906 0.07578202732044859 0.8080454841269153 58.23226082977117
0.8062259173492408 0.005745440162699254 -0.5915798848099152 -28.098147171217814 -0.04996953543686615 0.997040874200595 -0.05841695559970251 -3.676391033665323 0.5894936943874798 0.07665823563486626 0.8041272904128738 59.05664643469874
0.801276483989263 0.005407483288435093 -0.5982698014527308 -28.717818030234685 -0.05006843067396126 0.9970575864191128 -0.05804585785342676 -3.743404437984185 0.5961955622575963 0.07646521096929496 0.7991895413828749 59.88537899661431
0.7965332111593844 0.0048579339890885975 -0.6045752591675226 -29.344856327860597 -0.0494481133434791 0.9971410934710087 -0.05713601139571816 -3.806233525783857 0.6025692720400617 0.07540583656984948 0.7944962128319499 60.70509122471304
0.7926308568873132 0.004413708696242257 -0.6096858567210071 -29.95430182703679 -0.04898039459597643 0.997202761469045 -0.05645859955519086 -3.8707015776351743 0.6077312281389744 0.07461348198586948 0.7906298645071776 61.49519260355298
0.7878287303122782 0.0038732606229599544 -0.615882204278294 -30.587167634563105 -0.04913150160142038 0.9971886109561109 -0.05657711312723231 -3.93532561899769 0.6139315818924233 0.07483229270554688 0.7858041363619169 62.300925390281186
0.7836255039463148 0.0020222497799907736 -0.6212302150336153 -31.219377263225596 -0.04852559612217561 0.9971385854083228 -0.057964713497756074 -3.9970574279054025 0.6193353987024091 0.07556819433939636 0.7814813573709942 63.09208688514054
0.7800965118334107 0.003140513987405509 -0.6256513161476128 -31.872644515363323 -0.050766212005101286 0.9970078511862219 -0.0582935364486097 -4.059589461365572 0.6235962026375709 0.07723653180281458 0.7779217789797856 63.89287114215837
0.7762927049338132 0.003411230533971587 -0.6303633870814422 -32.53627714042776 -0.05117837079103997 0.9970253113107098 -0.057630746732603114 -4.124715497904384 0.6282916604807984 0.07699929942555787 0.7741580570259893 64.70046215253448
0.7743113201854179 0.004164860731185983 -0.6327911451401682 -33.20427727589962 -0.052395367990074146 0.9969666728087134 -0.057551531012726254 -4.190599966317251 0.6306319884416745 0.0777181268676356 0.7721808000140162 65.50112200324004
0.7702548518038365 0.0037807323934982706 -0.6377249950685788 -33.865591058866414 -0.05262535264119792 0.9969487894213238 -0.05765139660707949 -4.257117733699983 0.6355611973146564 0.07796677070346036 0.7681036044271856 66.29298338279787
0.7662871829840732 0.003125541534867396 -0.6424906101916569 -34.537471168549246 -0.054078894009994896 0.9967534047731949 -0.05965000666973454 -4.32387204963427 0.64021826466994 0.08045421718690361 0.763968384502823 67.07903047542295
0.7647680248424924 0.001035045898454337 -0.6443048943307051 -35.20975363319214 -0.053470107286038744 0.9966511575840491 -0.061866127349256846 -4.390379814503367 0.6420831844903997 0.08176428784232792 0.7622622812577732 67.86742190276459
0.7623029871221355 0.0014871725310345793 -0.6472186215974727 -35.90144713005298 -0.05549472883152384 0.9964648305778814 -0.06307278726447799 -4.4612441704330745 0.6448367940002999 0.08399779603809493 0.7596906471480069 68.67112428740565
0.7594830975194062 0.002457796182191826 -0.6505223930198367 -36.58469957584879 -0.05609743667103417 0.9965152582937095 -0.061728579983350546 -4.5317596096140935 0.6481037742377893 0.08337445187674938 0.7569743711599385 69.46528453218437
0.7565506928029665 0.0020564285507223834 -0.6539318162629553 -37.27472937695979 -0.0556862163900222 0.9965653359866247 -0.06129091624400684 -4.600934213831031 0.6515597397963715 0.08278467377167112 0.754066710089368 70.25768735441322
0.752644338136318 0.002297667619581601 -0.6584232840618972 -37.983708292167655 -0.056753871931787325 0.9964985129813403 -0.06139797754590742 -4.671502784880279 0.6559767513350562 0.08357891091350375 0.7501393652904895 71.06370065546285
0.7510686820558616 0.001745712535753556 -0.6602217713182544 -38.7073379336051 -0.056306164655094935 0.9965226155982065 -0.061418990736923036 -4.742995809601203 0.6578187065268851 0.08330443619070603 0.7485552219136837 71.87651963024042
0.7488332658034823 0.0017048164933542338 -0.6627562399757662 -39.42913476407719 -0.05667117558690739 0.9964988920407559 -0.06146817078085263 -4.8187770735669115 0.6603310668775847 0.08358858631577723 0.7463081336512692 72.68569870453307
0.7480881552755099 0.001425999726546022 -0.6635978288551467 -40.13827744675965 -0.05640140610263484 0.9965158656092389 -0.06144111798067286 -4.888364075226445 0.661198149820559 0.08339122324231242 0.7455621439960726 73.47349522720809
0.747211361297973 -0.0008932528041695822 -0.6645858737940928 -40.864428001271875 -0.054617769823177884 0.9965338111400944 -0.06274760931016563 -4.961518107046627 0.6623383431198684 0.08318392485346354 0.744572598125395 74.2823582582382
0.7451789446271712 -0.004112511725411657 -0.6668518784045252 -41.61415394942185 -0.05257424103491749 0.9965061899258286 -0.06489501228222967 -5.041705896720695 0.6647889060927068 0.0834176281538662 0.7423592187406616 75.1210919547205
0.7431637941342376 -0.007331571711464542 -0.6690693709506096 -42.34826659463402 -0.0500114916935724 0.9965343041239811 -0.06646977811544526 -5.119483727217439 0.667237907935834 0.08285908978725533 0.7402215515999513 75.93556501623983
0.7400653694374988 -0.010733761396183816 -0.6724492808573952 -43.09045599038694 -0.04614496178062634 0.9967058150741829 -0.06669453275624017 -5.198798206719806 0.6709499917740538 0.08038846038828242 0.7371321482439893 76.7598896969589
0.7342881100739209 -0.012640486559594634 -0.6787202586512402 -43.834790072356036 -0.04468272338866953 0.9967583606704544 -0.06690459374452536 -5.280486887145482 0.6773657989850397 0.07945431727153059 0.731343001492647 77.57682231620633
0.7277571177942462 -0.013562147915785704 -0.6857008426739186 -44.590848335965006 -0.043253521521101124 0.9969065442358098 -0.06562373759424918 -5.358343358535116 0.6844696562856789 0.07741711828611021 0.7249192226865274 78.37972744730972
0.7200363901421063 -0.011581514694487545 -0.6938396539464332 -45.38028555823 -0.04503828307022394 0.9969726729169714 -0.06338014290671817 -5.438438569069131 0.6924732124271747 0.07688535604502986 0.7173349929402706 79.20000171881661
0.7123167450943618 -0.010514739101205352 -0.7017793776678023 -46.152428678058754 -0.046479984651564214 0.9969860833393523 -0.062115703766830656 -5.517371761382731 0.7003174035285462 0.07686475062921813 0.7096811568766243 79.9821091513985
0.7050785762375251 -0.010997478923725084 -0.709043903286804 -46.93956638982448 -0.04830190745614012 0.9968127260413366 -0.06349263688127726 -5.591397455011286 0.7074822450542225 0.07901547101271672 0.7023000984434472 80.7589750521814
0.6958011705967448 -0.012437136771904257 -0.7181267636184552 -47.7438856008564 -0.04852291693752272 0.996751720714284 -0.06427700821435468 -5.671833181227295 0.7165935092701259 0.07956962285967488 0.6929375279127947 81.54585393101466
0.687695664285033 -0.013053816073840065 -0.7258817198479913 -48.5634200670226 -0.04914021828652572 0.9967084105162926 -0.06447932500296936 -5.748009723691888 0.7243341164616782 0.08001213840409656 0.6847905850971405 82.32106555483995
0.6802104859054299 -0.014145352631225256 -0.7328803475760811 -49.39259468102052 -0.04768442124963092 0.9968421407492102 -0.06349757787994545 -5.829453720714629 0.7314642102211063 0.07813869352292935 0.6773879639764372 83.09848263863388
0.6696227293778787 -0.013925499132628048 -0.7425708590932096 -50.228209090475104 -0.048184040136258856 0.9969033171880733 -0.06214559079744183 -5.906900061565637 0.7411367610479644 0.0773941642071472 0.6668781333722148 83.86007565571475
0.6605873088688943 -0.01350145168137858 -0.7506278160072727 -51.0626318982875 -0.05005439539363399 0.9968214733706418 -0.0619798977811446 -5.985040900866231 0.7490787441004653 0.0785153553751034 0.6578118075157905 84.59575658456629
0.6526314850066695 -0.013635858528763992 -0.7575527758118065 -51.9132701317139 -0.05221562511161877 0.9966514838848792 -0.062923351502214 -6.063571824623719 0.7558741120531861 0.08062185207654203 0.6497341330848764 85.3276819418667
0.6442409820785829 -0.012694792194045658 -0.7647172021483323 -52.78551391424705 -0.055599885110302845 0.9964393475294547 -0.06338201220216982 -6.145847838659836 0.7627989314269813 0.0833514783685621 0.6412412348466301 86.0621014081339
0.6367182418273982 -0.013081711005227422 -0.7709855701382501 -53.65581390248406 -0.057898893487219175 0.9962224361138028 -0.06471920824945007 -6.221306910422126 0.768919760870523 0.08584711189466859 0.6335555813992658 86.78086783505698
0.6296899053149203 -0.011517998761036624 -0.7767611980840878 -54.53567078386435 -0.06095476457844992 0.9960747826236425 -0.06418367468795635 -6.301943146579976 0.7744515090176225 0.08776310799991316 0.6265161586539674 87.50005800969011
0.6239785754087483 -0.009578392224516251 -0.781382743495953 -55.44909566832209 -0.06309961585493357 0.9960421084783658 -0.06259837551351555 -6.374901886690019 0.7788897071536052 0.08836499612609403 0.6209045430255818 88.22337290872514
0.6184230597827054 -0.008301351803957677 -0.7858015059079636 -56.367833122727916 -0.06336363517674906 0.9961616463353808 -0.060390596184932754 -6.452250560206431 0.7832866454026802 0.08713817721648012 0.6155233295377236 88.94401886782192
0.6134400249093703 -0.006691281357613935 -0.7897129621533284 -57.308819764034375 -0.06582034396427273 0.9960518683183861 -0.05956809498278014 -6.529122734245752 0.7869936582715366 0.08852063247201715 0.6105776604717357 89.66764826879871
0.6093619206125831 -0.007194559536811317 -0.7928595638701821 -58.238166841185 -0.06733429951002164 0.9958769937729464 -0.06078737848643916 -6.606554504358764 0.7900279373647736 0.09042815704652055 0.6063650769926737 90.37174295341411
0.605294201372449 -0.009058487793645889 -0.7959502959254312 -59.162910377970164 -0.06748085006148254 0.99575167253485 -0.06264935370000811 -6.685671500831172 0.7931363468281283 0.09163269309008316 0.6021114389356756 91.07107669704718
0.6007651117154165 -0.009555100668979893 -0.7993684886188404 -60.0914946418937 -0.06956957569014269 0.9955101239959645 -0.06418463336214568 -6.766167073979395 0.7963927138565854 0.09417161500550587 0.5974030065570461 91.75902062873793
0.5981154787887505 -0.012302730580215214 -0.8013154914598709 -61.0138951914887 -0.06944132948268911 0.9953259102412917 -0.06711359148504029 -6.85024998097095 0.7983957513620551 0.09578609096635532 0.5944655153870615 92.44170213849252
0.5958563276270828 -0.011650455527653224 -0.8030065402677395 -61.944504349795245 -0.07064068876919488 0.9952587517133801 -0.0668573872368514 -6.933306182278768 0.7999782059012486 0.0965623323243734 0.592208228631701 93.12948347982477
0.5943869548282066 -0.010148671789263028 -0.8041151362777382 -62.85616616781432 -0.07144339251305683 0.9953001778264471 -0.0653712297946743 -7.011126001162389 0.8009993692858172 0.09630451951781202 0.5908683862961078 93.79743248614592
0.5931211166377741 -0.008105549358527177 -0.8050724446085311 -63.78484643125 -0.07129388779763005 0.9954923633829131 -0.06254707034706773 -7.092393607061404 0.8019504489437355 0.09449473274155858 0.5898696660475453 94.47648463681558
0.5913206175260661 -0.006778207228304446 -0.8064080748574892 -64.7058303902037 -0.07300735236547007 0.9954085270041311 -0.061901460952470955 -7.17089864994876 0.8031250548882011 0.09547732858766186 0.5881107259152717 95.14433824388968
0.589245053939869 -0.0062706806301112 -0.8079300371763859 -65.62497065880133 -0.07383074058966492 0.9953682158665083 -0.061572206284217626 -7.248038436720215 0.8045739792905203 0.09593119100250862 0.5860528290533694 95.80823587011524
0.5884489479886739 -0.005819872216083211 -0.808513428891822 -66.54946434766775 -0.07308080923904531 0.995498088429812 -0.06035520900101572 -7.3252299612852605 0.8052248325356025 0.09460277490633391 0.5853744818900396 96.47379963474732
0.5862605565229371 -0.005626822425058971 -0.8101030173594054 -67.4519521410779 -0.07213417604349434 0.9956413588993294 -0.059118060655125426 -7.400590014200233 0.8069047158815855 0.09309470080779988 0.5832993709661994 97.12255035481402
0.5849089532935844 -0.00599677944797157 -0.8110767873594068 -68.36080129920677 -0.07170072718068049 0.9956755974957154 -0.05906869114270448 -7.480014510542318 0.8079235867820457 0.0927046017617409 0.5819495981040212 97.7731213548876
0.5822890796684215 -0.006487809398043082 -0.8129559250218412 -69.26025712216024 -0.07108649261092019 0.9957318215281765 -0.05886297787622888 -7.557166184951104 0.8098679758251839 0.09206545457116086 0.5793425703393678 98.41124675652175
0.5815171092362653 -0.0062317531405868334 -0.8135103053546969 -70.13836992235726 -0.06933576664758681 0.9959526096792717 -0.05719222618887844 -7.63211493592238 0.8105741194541612 0.08966361874162358 0.5787313991354435 99.03316167649103
0.5810451358134093 -0.006408477814955647 -0.8138461043463145 -71.02106770222811 -0.0685649822984182 0.9960287008324217 -0.05679498499424303 -7.7058975874086375 0.8109780473909234 0.08880179350764213 0.5782982345812857 99.65225190130077
0.5796466394742008 -0.008155154812790714 -0.8148271392118979 -71.90033354580882 -0.06726857279921386 0.9960580027543328 -0.057822091475549474 -7.7793871660398555 0.812086640981012 0.08832863974402279 0.57681308839272 100.27603888832701
0.5781624195412733 -0.009393704932752735 -0.8158676209642206 -72.75531581895805 -0.06627064849629902 0.9960893482740563 -0.05843125364773433 -7.85143505205688 0.8132259327997728 0.08785083131423552 0.5752789007597421 100.87781278215198
0.5778033887148835 -0.011064116784049966 -0.8161009921017046 -73.62282166631404 -0.06583957208633034 0.9960175567914431 -0.06011802816704564 -7.9278053022889505 0.8135160691326795 0.08846814049698165 0.5747738628190395 101.48585593711768
0.5775271242969453 -0.011364251962855867 -0.81629239521058 -74.48370695702768 -0.06736503027342598 0.9958296476421837 -0.061524511969660446 -8.002835146880825 0.813587348351461 0.09052163638693911 0.574353079514918 102.08535082954563
0.5791442016094658 -0.011287416944613379 -0.8151469732268244 -75.3473672706676 -0.06887573779297214 0.9956516128396882 -0.06272159590764415 -8.079086089805577 0.8123103633991189 0.09246869777630973 0.5758484292293808 102.68922101648675
0.5821872479483303 -0.010635521209395041 -0.8129851745357686 -76.18493049643558 -0.0713069646314428 0.9953935752507792 -0.06408546749865929 -8.153750951779257 0.8099218018558334 0.095281247043036 0.5787470594659851 103.27934228632719
0.5860643539524927 -0.010211133504685437 -0.8102001640204703 -77.00132881664558 -0.07324176453475248 0.9951595277724823 -0.06552219632678769 -8.224723557199077 0.8069474685220119 0.09774071329901232 0.5824796442878644 103.85680374092277
0.5915651474164827 -0.009573666268299315 -0.8062003605037016 -77.82646396828976 -0.07477305778848445 0.9949686277291179 -0.066681479166227 -8.298919770733146 0.8027824525929022 0.09972850519795846 0.5878729106362239 104.45280096164514
0.5961786991165533 -0.006841621703216796 -0.8028226148609446 -78.65801498372316 -0.07822001417845459 0.9947114921337693 -0.06656332923564562 -8.375411087067139 0.7990322822650014 0.1024804353497811 0.5924906516299668 105.06041656399945
0.6011350854697248 -0.004881772058808381 -0.7991325154934398 -79.47905029977254 -0.07991836806260019 0.9946011826809981 -0.06619321608571965 -8.451246392279286 0.795141285221386 0.1036564311132013 0.5974995237030375 105.66400042711182
0.6074450916017057 -0.0035415486878001487 -0.7943537739080034 -80.30263149222412 -0.08173558655565671 0.9944037108250801 -0.06693693888813093 -8.531178060977613 0.7901454009101098 0.10558748661750864 0.603756182651904 106.2811478685973
0.6128899272548078 -0.0019464397347081705 -0.7901658993160586 -81.10310569219867 -0.08356075935239035 0.9942300124580273 -0.06726278186458631 -8.607925536364611 0.7857375748722014 0.10725154404515658 0.6091909140276811 106.89277913105174
0.6203175977216296 -0.0021204981115647697 -0.7843478701728115 -81.8934568255307 -0.08395738449104977 0.9940715047802474 -0.06908690884210221 -8.685058094038594 0.7798443662336023 0.10870762103778077 0.6164620163335433 107.50362187039536
0.6281925717172765 -0.0024868335667014574 -0.7780539239011949 -82.68402578161438 -0.0861997010720137 0.9936165090192479 -0.07277255347655937 -8.765181947160482 0.7732681969241527 0.11278319317706315 0.6239681457914783 108.1292109578486
0.6354038475817373 -0.001894792635624712 -0.7721776740098047 -83.44888562510715 -0.08859101620101785 0.993215018875727 -0.07533630020222741 -8.841212947651506 0.7670812097338817 0.116276979839335 0.6309247828645246 108.74272871647516
0.6434295411222725 0.0005299949862632228 -0.7655051565577443 -84.2323531549801 -0.09150570670240205 0.9928828386400834 -0.07622581173660345 -8.924006532568537 0.7600165335386303 0.11909402940250477 0.638898646820135 109.38022859993166
0.6523617646709364 0.002349254933159746 -0.7579040895764325 -84.97397699152975 -0.09216161912936363 0.9928202984187842 -0.0762501869315127 -9.00310204477232 0.7522834332582874 0.11959237454326066 0.6478945130159913 110.00799069281545
0.6639204493318049 0.004591196289110741 -0.7477891132369401 -85.70758538240987 -0.09325758187266739 0.9926830322462661 -0.07670346089728716 -9.083507172701912 0.7419654037637584 0.12066200067541469 0.6594907286768248 110.64456613213748
0.6737104577659317 0.004813857715332548 -0.738979733058164 -86.43859998317205 -0.09267746975258273 0.9926343149576903 -0.07802565839988956 -9.167011793498029 0.7331610366741252 0.12105347389634746 0.6691942548771235 111.29315911612079
