1.0 0.0 0.0 0.0 0.0 1.0 0.0 0.0 0.0 0.0 1.0 0.0
0.9998878864882111 0.0005410156711889379 0.014964015376293797 0.008961446583271027 -0.0005397741807074759 0.9999998505370787 -8.70037597471233e-05 0.012244950979948044 -0.014964060210125819 7.891681631024614e-05 0.9998880290683373 0.15335595607757568
0.9993346362978256 0.0032067076428457697 0.036331827941713066 0.019886644176970433 -0.003256309882760118 0.999993845171097 0.0013061645653597127 0.02366105802809236 -0.0363274158376338 -0.0014236031812541962 0.9993389275979108 0.3281294653574861
0.998049634462802 0.0038522426265078596 0.06230639915300642 0.04375765782207876 -0.0040297916684928145 0.9999881696886865 0.0027241992913977584 0.03243449419527297 -0.062295167772274194 -0.00296996791518393 0.9980533509601613 0.540153038366395
0.9957781857727307 0.0027992917959833163 0.09174948885203751 0.08161993321195804 -0.003203917662218404 0.9999857802472372 0.0042631226745444535 0.042130380849625934 -0.09173625047266179 -0.004539082370417021 0.9957729947535492 0.7923071532645524
0.9921462249508584 0.0001130914528438842 0.12508339428590873 0.13509005633831184 -0.0008531303970690904 0.9999824496381491 0.005862813677079555 0.053430799263152945 -0.12508053599296096 -0.005923480903138628 0.9921289089073575 1.0689429747586785
0.9868172641332303 -0.0033944225024440003 0.16180285876486045 0.20664398289076197 0.0023467533517764036 0.9999750306259737 0.0066656487522931355 0.0609161919581955 -0.1618214446768796 -0.0061980658642775514 0.9868005897962515 1.3549209325455291
0.9795770774589416 -0.004215858240331802 0.2010248140312443 0.2894592630421567 0.002607233405443809 0.9999624353284111 0.008266212315387572 0.0703823614754614 -0.20105211177943014 -0.007573273491097078 0.9795512716941676 1.661347177430692
0.9701256853084601 -0.005412619805473083 0.24254248751843924 0.3884834691411946 0.002839546191820043 0.9999359376841748 0.01095707557220124 0.08081343035848765 -0.24258625616925492 -0.009941029851670771 0.970078906194374 2.000781525299066
0.9586187408944512 -0.009180635426222081 0.28454494467325864 0.5123204502907929 0.004905556059617814 0.9998641901923739 0.015733298786150304 0.08948816640375272 -0.284650742359269 -0.013686383894920082 0.9585335871894098 2.3462684528573856
0.9458873025772386 -0.015847703390735976 0.324108100979279 0.6439301384344517 0.009546127300538441 0.9997334043902781 0.0210235962619713 0.09570407554318876 -0.32435487090024895 -0.016791975567624986 0.9457864173690691 2.646629856833297
0.9308518331708164 -0.0204062791069404 0.3648266005317326 0.7902696936448922 0.012103562551176249 0.9996134159303356 0.025030430792455864 0.10463436224827327 -0.365196342336695 -0.018883920808343974 0.9307389693565022 2.955729567087083
0.9122201513987686 -0.022219211568541463 0.4090974236282607 0.9687609765169736 0.011082178376160896 0.9995011507106341 0.029574229500659178 0.1174699288892914 -0.409550461731454 -0.022444517490716995 0.912011328290478 3.2951739823004123
0.891032497696314 -0.025766128663068107 0.453207672775723 1.1650221118445157 0.01141165701184689 0.9993436960717198 0.03437951724440664 0.13184327187594552 -0.45379605786444704 -0.02546141660302325 0.8907417437906764 3.6267970302311463
0.8669458130385042 -0.03177411630806305 0.4973885430806072 1.3952501726622364 0.014072427976175812 0.999128435934913 0.03929803146609634 0.15066307790978892 -0.49820369732255376 -0.027069799391510736 0.8666373531847338 3.9735341840989933
0.8407415718059715 -0.03765951654829417 0.5401253282809215 1.6132359272263739 0.016878032566989172 0.9989162270034725 0.04337630050862687 0.16434904665201827 -0.5411734855421986 -0.027352006187770003 0.8404660173401493 4.260031048577153
0.813103461975606 -0.043335130699697896 0.5805039419078258 1.8519146512196643 0.019571526279762427 0.9986965372857446 0.04714002304352511 0.1849585336068836 -0.5817900957238485 -0.02696836777974542 0.8128917465794149 4.534778480222441
0.7801214955767704 -0.04800672038644954 0.6237834615768525 2.1209962765928863 0.021103263138926433 0.9985034521053029 0.050453031808630325 0.20359457915554993 -0.6252720243413683 -0.026195628099564328 0.7799671048477089 4.821460347030682
0.74445770561682 -0.052134912071263924 0.6656310355527767 2.4081834258148924 0.022037978996880862 0.9983222320501096 0.05354482679232718 0.2274328523051159 -0.6673058159715629 -0.02519269612028177 0.7443576264355178 5.104958246469132
0.7063231509151691 -0.053167690779693966 0.7058900786513593 2.7316278530101017 0.018392656259201088 0.9982171767284695 0.05678184815567629 0.26034954048171205 -0.7076505611366377 -0.02712314033068908 0.7060417966251031 5.3974349269103925
0.6676576830752201 -0.055800486600291826 0.7423742478870071 3.066613698217075 0.01680805162437267 0.9980626903184139 0.0599028846965003 0.28607403448578517 -0.7442786491840413 -0.027516756522897805 0.667302120841256 5.6710507234392855
0.6321492503619538 -0.05840477381423674 0.7726423543027705 3.4162898521844616 0.016885371852443317 0.9979567514528691 0.06162147715724791 0.3147901928422194 -0.7746626423703578 -0.02590761712980099 0.6318437986483931 5.924039262698348
0.5968754172183666 -0.061763769277215594 0.7999531068288139 3.816575683502436 0.017398718923057735 0.9977945535567371 0.06405711102093531 0.34571452613598 -0.8021452617202431 -0.02431595560908268 0.596633650913674 6.2000178957392205
0.5632734570719261 -0.06309445803491386 0.8238580593303204 4.243197694343046 0.016170183804244204 0.9977310646528397 0.06535478392932173 0.3843407003766728 -0.8261123033304723 -0.0234906788320786 0.563015674998512 6.475169865011831
0.531705302672975 -0.06429059405177029 0.8444857551349879 4.666478780076966 0.01662633242888068 0.9977148566727513 0.06548763123243978 0.4223920056289781 -0.8467662228616614 -0.020779419889451915 0.5315591966372639 6.731174086132605
0.49798915074923195 -0.06460663398500546 0.8647732584794622 5.156958656329649 0.018061735795648036 0.9977773038740139 0.06414222925617857 0.4635684213371897 -0.8669951438365197 -0.016322828156649215 0.49804918014676175 6.998107421198257
0.46889546960651707 -0.06321460083426149 0.8809886224145286 5.657658196876211 0.019428897996704855 0.9979324207507196 0.06126501070955591 0.5060494999315628 -0.8830399518170836 -0.011610247885956118 0.4691541810949884 7.253095658078356
0.4432528816826799 -0.061888865266516 0.8942575978072669 6.2047767368581965 0.020512397219383617 0.9980528298701044 0.05890492635248176 0.5495710278723378 -0.8961618851749469 -0.007766411288369118 0.4436592818992808 7.513354370556266
0.4199078923184359 -0.061612874818599096 0.9054729237394549 6.798409339287891 0.02081281153416243 0.9980843021052238 0.05826279058860859 0.5929040804030391 -0.9073280491887884 -0.005619568285576731 0.420385812804799 7.785510479026387
0.4034479126128983 -0.06313969158262195 0.9128215385030892 7.412237990907356 0.023072512687787955 0.9980011131222837 0.05883398137942817 0.6404686437268299 -0.9147116709469533 -0.0026753604494377803 0.40409825720967735 8.051000276315754
0.3917050700665101 -0.06566650763703866 0.9177445439003956 8.048917105370094 0.025225976993423473 0.9978414461666716 0.06063083701164605 0.6868418574500288 -0.9197449582188085 -0.0005984035095666744 0.3925160553968743 8.319962016916048
0.38249598840477517 -0.06755750452320018 0.9214840218022513 8.68869381377472 0.024933415853283954 0.9977148360898964 0.06279674052049483 0.7306905893830673 -0.9236206708536472 -0.001043757016232761 0.3833063617306003 8.59051205878947
0.37563832993557217 -0.06952017563072677 0.9241551765063525 9.324712635835047 0.02451802970871312 0.9975789447256235 0.06507776317079933 0.7746597311586484 -0.9264419632672181 -0.0017872382003779747 0.3764333865070926 8.852323957933105
0.3653076117003114 -0.07157555604271393 0.9281310729692176 10.034316225667796 0.023695056511197944 0.9974315254324165 0.06759361190596473 0.8227943102357856 -0.9305852422700169 -0.0027003427077613162 0.3660653152355669 9.134188157718024
0.3552038370763163 -0.07338904798528555 0.9319035796487076 10.731757789877706 0.022739235693157483 0.9972967893626865 0.06987160429651157 0.8672357693831431 -0.9345122584997763 -0.0036278868078698165 0.3559124571449509 9.399130207294494
0.34471830273602677 -0.07500123142135054 0.9357051389428587 11.419343801628617 0.023248967818052663 0.9971793793258004 0.07136365281294799 0.9146188867653757 -0.9384182315226982 -0.0028461786122534957 0.3454896843801838 9.652970673862873
0.3339383499993623 -0.07614657443650595 0.9395141710486804 12.17344352639682 0.022530991670131534 0.9970916776447292 0.07280481293142485 0.9694330443108744 -0.9423255980891444 -0.0031441331404639047 0.33468280746511486 9.918356392966553
0.32413023920257855 -0.07875430843691773 0.9427286709001175 12.926935990102029 0.020739662703597214 0.996880857547559 0.07614737189282698 1.0245511888917171 -0.945785099494288 -0.005129791210790782 0.3247525686067987 10.183855639684747
0.31422551829842554 -0.08204746101233631 0.9457962453887812 13.69075626080153 0.018773458142033163 0.9966005738115813 0.08021753890401256 1.0839832875528517 -0.9491627262590308 -0.0074505315150390425 0.31469764641742753 10.442160716836803
0.3024503139804146 -0.08623085259479457 0.9492565762921655 14.497618154884766 0.019264991166874156 0.996248964797708 0.08436148561302073 1.1426828256095485 -0.9529704442890604 -0.007227738254146583 0.3029770488192805 10.701904985429248
0.29112381031500584 -0.08923848012400393 0.9525142627450942 15.296453838179886 0.018540444414248618 0.995979311752367 0.0876439529129277 1.2025838834670364 -0.9565057129931815 -0.007855203780876056 0.29160781331261726 10.945918064372425
0.2767611977486942 -0.09100692979125342 0.956619557687735 16.08676635493839 0.018102407644463525 0.9958223710280487 0.08949920780402837 1.2641978265899723 -0.9607682042293977 -0.007452790755472394 0.2772524366922197 11.169460295992806
0.2635814530959169 -0.09033627607470908 0.9603979252418234 16.880352304906342 0.016284778705443176 0.9958802020392864 0.08920442348171478 1.3251824828111287 -0.9644996752546678 -0.007872763882164055 0.2639666570279208 11.383738458181925
0.24687160154011606 -0.08987142679783447 0.9648717733452149 17.652438318738124 0.015554825648643543 0.9959294048676921 0.08878439006337274 1.3866432582140644 -0.9689233508137053 -0.006909932359024873 0.24726462157521695 11.578150129786176
0.22618457795979396 -0.08909940188942747 0.9700009449872181 18.479954332475558 0.013132355698932764 0.9959962652103614 0.08842500167264891 1.4522528445671483 -0.9739959332188951 -0.007261974246549098 0.22644907993431074 11.77321748718419
0.20309933638010075 -0.0879419411028082 0.9752009406050802 19.29492857831746 0.009755349110792226 0.9960908765390298 0.08779407063938986 1.5201408264692906 -0.9791095407183456 -0.008317491856192252 0.20316330033628843 11.950306659247293
0.179378003164051 -0.08798968808128865 0.9798374083347887 20.100412517213115 0.006753325103145254 0.9960788434802492 0.08821184824671002 1.5846641176819856 -0.983757045505103 -0.009206104627197016 0.17926885690678168 12.105605984827275
0.14682347946652602 -0.08850932249823315 0.9851948871711863 20.91179997074625 0.0036757906375588303 0.9960306494498922 0.08893499828309989 1.6495998914544268 -0.9891558797482486 -0.009436375751839574 0.14656602734651253 12.23432104161409
0.11461834010268768 -0.08880206564815707 0.9894325794356709 21.70823160982424 0.0031345016132952597 0.9960239647390178 0.08903053726224516 1.7164912399685273 -0.9934046562261227 -0.007103154382961024 0.11444096375892221 12.3305981563578
0.08016815177888553 -0.08834359119085425 0.9928587398698068 22.521518810685585 0.0021419387510390464 0.9960776880808258 0.08845705967272427 1.782007902281367 -0.9967790525180313 -0.004964796376521967 0.0800429338430027 12.400271548021399
0.046721198877452075 -0.08684685054379775 0.9951254966716897 23.369026038025517 -0.0008150468115727394 0.9962097470797224 0.08697974202106237 1.855148894827598 -0.9989076360075283 -0.004874871688452534 0.046473329468337043 12.445457841067068
0.01524247318880434 -0.08449959703462431 0.996306923147719 24.164757436687417 -0.004847153252060525 0.9964047280885581 0.08458204861622723 1.9221526705474419 -0.999872077876185 -0.00611849195087287 0.014778089856523513 12.46105847145557
-0.016347670730397057 -0.08119811893843096 0.9965639062009779 25.003263529260302 -0.004389159084991191 0.9966933214960869 0.08113666352287863 1.9862753199021486 -0.9998567342095654 -0.00304768206324129 -0.016650005700426573 12.446862412648615
-0.04618247051066415 -0.07801758164935974 0.9958817381452065 25.819243249112485 -0.002385937195673357 0.9969512298154017 0.07799072171263016 2.045861391449603 -0.9989301710936709 0.0012256929240664766 -0.046227815821493934 12.4035308235999
-0.07677536385984884 -0.07347009159584392 0.994337814399657 26.64183339794816 0.0005988104747556774 0.9972777967259709 0.07373355805472044 2.1067781197599165 -0.9970482360097749 0.0062563406470406285 -0.07652237105255588 12.334803602959704
-0.10726969642861395 -0.07055977640306507 0.9917230108160558 27.458786301367425 0.0018712649238815868 0.9974624071707342 0.07117053216570342 2.1638990039928983 -0.9942281984512901 0.009490217864424236 -0.1068654535815392 12.243860527657626
-0.13393835376906094 -0.06722888552963298 0.9887066270335593 28.22461729864185 0.0061393310404601505 0.9976207658895364 0.06866670285044074 2.2153464910655054 -0.9909706484069091 0.015267102423793096 -0.1332069426853265 12.132680947500738
-0.16247574088567462 -0.05927063137294151 0.9849307721257897 29.03322608679195 0.009011099320063796 0.9980634831705519 0.061547409779045395 2.2646040277235358 -0.9866713909466999 0.01887527001445723 -0.16162701033300808 11.990059010121403
-0.18770390928522251 -0.04715524760214769 0.9810930766561474 29.858605690860603 0.010257785080842258 0.9986983431803506 0.04996395875086382 2.3111323473003536 -0.9821720930082876 0.019442272305543795 -0.18697587481628986 11.833340316128385
-0.2101089760846463 -0.032329108453814634 0.977143309302808 30.64703167805265 0.010254479182570862 0.9993252806190419 0.03526796240736844 2.3481555129285874 -0.9776241935556608 0.017430211193638023 -0.20963569331673793 11.665376310938372
-0.2329574126709953 -0.018219182095362163 0.9723162578530774 31.455476571266654 0.009105221885169525 0.9997398041254402 0.02091456386465188 2.374946271900005 -0.9724443114215117 0.013725357955361565 -0.23273090841772565 11.479361858935173
-0.25791765717361764 -0.008155024879465513 0.9661324845419946 32.243130680303864 0.011215918568029655 0.9998717251398006 0.011434003526071579 2.392257824063257 -0.966101798615833 0.013785094674110444 -0.2577931067272325 11.271550541190358
-0.2832599506797196 -0.004082834499954988 0.9590344784226316 33.04596394450677 0.01252623654073885 0.9998898876221538 0.007956508598754842 2.4019667938195384 -0.9589613619635821 0.014266852960712052 -0.2831776177022985 11.037625325764582
-0.30718288683673745 -0.004857475477129297 0.9516381029396824 33.81561540325018 0.013217226287801108 0.9998687444690781 0.009370099417123643 2.410846473634059 -0.9515587102033723 0.015456350339546817 -0.30707836503126695 10.790537251398538
-0.3289274460353336 -0.009301570171509597 0.9443093857613708 34.57142255022951 0.014203124672348386 0.999789661947051 0.014795374728042735 2.4137650218502893 -0.944248381780035 0.01827874875766829 -0.32872614871597855 10.529381856225152
-0.34845998932094413 -0.011376215845686318 0.9372546172494858 35.31551400778759 0.019278380084871514 0.9996278431160935 0.019300759787380918 2.417936723987906 -0.93712538110103 0.02479429329703322 -0.3481109925241517 10.24472769088645
-0.36385445383867115 -0.011654324183252646 0.931382903616764 36.059333247546746 0.020390471828319486 0.9995824460639724 0.020473450597897545 2.425983766715838 -0.9312326052498276 0.026440693043067055 -0.36346488781039293 9.95333586295954
-0.3754928778165443 -0.008734903032225261 0.9267841173531556 36.81476065995917 0.022236136224439484 0.9995828549075094 0.01843014977588224 2.432416685490091 -0.9265584994779651 0.027528487862047632 -0.3751420123115661 9.645606063689373
-0.3848273976451415 -0.006149660741839194 0.9229680686212436 37.58373628352364 0.023109206036768012 0.9996001301403671 0.016295533735098726 2.4404528816438065 -0.9226992135132763 0.02760002710364281 -0.3845314029905227 9.32072135670424
-0.393331836505221 -0.005070077323049847 0.9193825975660885 38.36271910602842 0.018347392453198365 0.9997423732477759 0.01336264655946026 2.4439262278531357 -0.9192134896647233 0.022124227643988637 -0.3931374810032218 8.996267112953108
-0.4038725017588815 -0.006081077836072541 0.914795071486163 39.14290957206875 0.018374526535956136 0.9997222536122485 0.014757791400700281 2.447523309318134 -0.9146307337377211 0.02276919244942092 -0.4036485907043396 8.647839546953202
-0.41275470900672845 -0.005503478876200871 0.9108255935759767 39.91099089778587 0.019464084419696746 0.9997001060302209 0.01486093606973104 2.449167026188873 -0.9106342293206829 0.023862307588012638 -0.41252380618105094 8.294578186344314
-0.4193318318606185 -0.0037163575937511194 0.9078254256599413 40.66626671079447 0.02160007229699154 0.9996676867121495 0.01406957783108407 2.4553559281796358 -0.9075760307903592 0.025508916672715876 -0.419112208728166 7.939263494193495
-0.4251617797544305 -0.0004141069723139889 0.9051172794458521 41.42414343579037 0.022700226167944038 0.9996804674497449 0.011120374606272637 2.466533686549362 -0.90483267003793 0.025274325211073895 -0.4250165264047452 7.580392352014674
-0.42609140073811264 0.0003945305092609378 0.9046800332508232 42.193409846282606 0.02154804630721841 0.9997206321479055 0.009712845007220606 2.472544085353595 -0.904423462719414 0.023632646983983444 -0.4259808658603756 7.223626366535553
-0.42597748484355613 0.00041602472477190663 0.9047336676225699 42.95605208755273 0.023809836695109585 0.9996586982091031 0.010750756784247318 2.477357096756659 -0.9044204078208931 0.026121141213779404 -0.4258420034458551 6.865718908400652
-0.4240570314436981 -0.0007114107529095793 0.9056352069006037 43.741154625350795 0.02187122072222014 0.9996999897554089 0.011026340605822027 2.48493565199849 -0.9053713513179433 0.0244831447689286 -0.42391425056837295 6.5049245801306075
-0.417667884905006 -0.0017474011858309973 0.9085980874446491 44.54509543276593 0.019700678294936026 0.9997456424972972 0.010978778729243938 2.4940878451529094 -0.9083861630351366 0.02248548191082457 -0.4175272229562282 6.145257699613198
-0.41014966474981673 -0.002588355515022866 0.9120145574064817 45.337609183182714 0.018208797660075906 0.9997734050676694 0.011026250821208661 2.5044040752095778 -0.9118364393866849 0.021129101616624433 -0.41000959607244203 5.7938794344383355
-0.405027383564013 -0.0036577388431173535 0.9142972380521805 46.15535382179954 0.015608890790429143 0.9998186015807926 0.010914506920656092 2.5137592624390166 -0.9141713083944292 0.01869183991971213 -0.4048968189907567 5.438348181800334
-0.39993696879909363 -0.005079153357391264 0.9165285719435948 46.991152871134304 0.012456662420426678 0.9998621638200285 0.0109765624160958 2.519866863014567 -0.9164579927902515 0.015806820119904516 -0.3998185737163304 5.087015092144041
-0.39881082637529364 -0.006801064704110888 0.917007999029859 47.85055072413018 0.009241378871248528 0.9998919141881317 0.011434896490645712 2.530218788199529 -0.9169866529467119 0.01303477886595079 -0.39870486936768446 4.725510395323413
-0.399230041546905 -0.008335607676234267 0.9168128988900212 48.7188436655007 0.006783218365035712 0.999904450178503 0.012044852088657566 2.5382139535803816 -0.9168256987427156 0.011027608892833506 -0.39913535294062585 4.360039407122971
-0.40038397163259476 -0.009068658828847562 0.9163025890429185 49.60816994834332 0.0062501329608672315 0.9999007416159523 0.012627064339756664 2.5465400102306837 -0.9163261488671385 0.010782687184317206 -0.4002875498431149 3.9835442349563923
-0.4018452432333479 -0.009722803804394881 0.9156559766511181 50.51120227260285 0.00631715086011111 0.9998904002786299 0.013389586836499694 2.5528080931257655 -0.9156858053370394 0.01116487871957474 -0.4017397806882399 3.5928675819723668
-0.40107445330954306 -0.010433442867109136 0.915986040380742 51.43417684401087 0.006147010957323049 0.9998819687077549 0.014080586258934694 2.5610156464467977 -0.9160248343569852 0.011277939663055467 -0.40096297948590565 3.1897345405097983
-0.4012665956491814 -0.011075931816847318 0.915894340494855 52.35683273525173 0.006242624691230244 0.9998705947386763 0.014826443062662337 2.566316390254789 -0.9159400356208267 0.011666940957872159 -0.4011455267550727 2.7935918292393467
-0.402478156004555 -0.011585611412731211 0.9153562735609378 53.29402409609142 0.005930865014083636 0.9998659235327654 0.015263020610446994 2.5725277522864385 -0.9154103772512948 0.011571886888636758 -0.40235548045786423 2.385345134301683
-0.4018115467780521 -0.012379625535623589 0.915638698257903 54.263433905287194 0.004388254776376277 0.9998711020829907 0.015444171695599876 2.5781484093971625 -0.9157118673992639 0.010223702408779997 -0.4017054291557556 1.967891602207354
-0.4023281341277976 -0.012852292262675554 0.9154053151871251 55.21410946442703 0.004270177901695751 0.9998642319703028 0.01591487377029583 2.582024475829955 -0.9154855750201272 0.010311945016889444 -0.4022186292553292 1.5545497328165414
-0.40077163872622756 -0.013030583008272326 0.9160853112560856 56.1867228939741 0.0030788592288198656 0.9998740499083494 0.015569359194432702 2.59071535450829 -0.9161728080545415 0.009060255313217169 -0.400681042170847 1.1373059539241122
-0.3994950386629354 -0.014770496526651616 0.9166163573251661 57.13093898394052 0.002378808364364657 0.999850123703532 0.017148510162635758 2.5941512127934017 -0.9167322702700423 0.009031199388152476 -0.39940002764539967 0.7341136775684547
-0.3986088831017195 -0.016645710760722583 0.9169699442324543 58.12459190952555 0.004770795512150109 0.9997841134514542 0.02022290780948684 2.6018194377136186 -0.9171086074302112 0.012435706789729318 -0.39844341552353313 0.3033753498830963
-0.39614579689038015 -0.01828499790886086 0.918005537269552 59.10608678149908 0.006084862831095174 0.9997274571215291 0.022538543024077085 2.6070096560413325 -0.9181674586100362 0.01451448685949219 -0.3959265684704592 -0.1179777167659854
-0.3943250256808257 -0.01857918391977262 0.918783210581632 60.061359412870935 0.006962505201778956 0.9997065115529532 0.02320375572920507 2.614009557171638 -0.9189446651693081 0.01554685445679218 -0.3940799381767206 -0.5260134475717541
-0.3936089794543432 -0.018842795074484955 0.9190848276229414 61.03643614895536 0.006769901686314061 0.9997033794902559 0.023394902584098064 2.624268380724513 -0.9192530335680534 0.015430557654950832 -0.3933646630880679 -0.9342981693227586
-0.3912610712762414 -0.018546711705224053 0.9200928179203941 62.00029967468816 0.0066372672082310475 0.9997140276235339 0.0229741083992138 2.632759624605914 -0.9202557909558488 0.015095776152804816 -0.3910260819364481 -1.3400952145949925
-0.391308924562963 -0.017961203622039547 0.9200840835064072 62.94152936914394 0.0037403148004370368 0.9997702148810583 0.02110752192647796 2.6397026353998956 -0.9202517783751203 0.011700965820424812 -0.391151827039448 -1.7332808877421912
-0.392997923234611 -0.016148951557625933 0.9193975438823361 63.892405316921135 0.0012300825117229292 0.9998356488669313 0.01808762427342546 2.649380772444787 -0.9195385360224426 0.00823933361575482 -0.39291346903774005 -2.133406570983829
-0.3964176672409601 -0.015517435804685762 0.9179391277668051 64.84175768256814 -0.0003968537334383543 0.9998599500302101 0.016730894557668494 2.6541906720663624 -0.9180701910019461 0.006268134621482018 -0.39636830711097143 -2.5365673479354243
-0.40080495911667774 -0.017562484913279247 0.9159950566848871 65.81827495988914 -0.0012254489534914738 0.9998256289998675 0.018633568361480862 2.658216576482443 -0.9161625854739655 0.006345921421703297 -0.40075659228385624 -2.961441349978632
-0.4056336366537325 -0.01982556941051094 0.9138207152459487 66.76697641376192 0.0023172172800874375 0.9997392234696134 0.022718176873412592 2.662330671663822 -0.9140328130429153 0.011332777855574842 -0.40548191676933215 -3.3841175395036016
-0.411074627871255 -0.021027578703823546 0.9113591450434695 67.69437974035377 0.001682905580199871 0.9997147214229756 0.023825272275267612 2.6731402502166253 -0.9116001415913215 0.011327696325246803 -0.4109219696568263 -3.7938554513793954
-0.4157233355178526 -0.019065815790449532 0.9092912641030683 68.61318357914092 0.002004106751109201 0.9997586177094568 0.02187898242164668 2.676123073306213 -0.9094889179435016 0.010917920311176998 -0.415584777336752 -4.206908408478098
-0.4205578561194256 -0.01676541317004253 0.9071108039139819 69.51117487144629 0.0014839835848404802 0.9998151986144455 0.019166804957451412 2.686826121625648 -0.9072645079848283 0.009406887944204743 -0.42045525684697144 -4.619772821161958
-0.42603499171182097 -0.01500287889000743 0.9045822789896564 70.40538500752203 0.0007216995573501193 0.9998565362571286 0.016922944591486022 2.6933795772571534 -0.9047063971183457 0.007862603189106952 -0.42596304356626186 -5.036282500380613
-0.43025351991464933 -0.014312161450133372 0.902594632509899 71.28945192460725 -0.00026510556473878077 0.9998762666437737 0.01572835406355995 2.7012687086945304 -0.9027080581894094 0.006527896838528816 -0.4302040774362459 -5.454157450297775
-0.43320015987653865 -0.015466917689133521 0.9011650214806047 72.16329361160597 3.676137163829713e-05 0.999852439967708 0.017178385815393105 2.706125418720271 -0.9012977422203735 0.007474807543911241 -0.4331356682618492 -5.870947057835904
-0.437470379014789 -0.021081113223859374 0.8989856807257278 73.08818345949106 0.0022652347918687664 0.9996961575677081 0.024545086182335273 2.7152849058196304 -0.8992299684707995 0.012774161796508613 -0.43728970327964733 -6.313748931717718
-0.4384980323156934 -0.028330545183689153 0.8982855091032361 73.9708929194023 0.004760343049274243 0.9994157975081234 0.03384380039615797 2.72784069735154 -0.8987195417867125 0.019116587059323717 -0.4381069975586843 -6.74508810245024
-0.4396759843147552 -0.030631481112669424 0.897633968375582 74.85428219083938 0.005661038667840117 0.9993038952415598 0.036873806370467235 2.7393534346744746 -0.8981386204022473 0.021294067715907816 -0.43919651777086977 -7.169101480988287
-0.43951589392665474 -0.026278019049517994 0.897850346494719 75.71783517847975 0.004432569482771508 0.9994963532560877 0.03142279674953104 2.75637182721962 -0.8982238759427597 0.01779060264901403 -0.4391780540324743 -7.587002478440751
-0.43919033136837543 -0.02100632217695078 0.8981484216214685 76.54268567739076 0.0035008760110945888 0.9996789941159072 0.025092879280056792 2.7701481985479686 -0.8983872197998432 0.014164856229651853 -0.43897580815837883 -7.991958943995082
-0.43940122067745485 -0.018025629912935284 0.898110039991428 77.40479977687758 0.0070259363680787185 0.9996991000815039 0.023502032133056888 2.7811105993099843 -0.8982634376870263 0.016636885600178373 -0.4391423579572031 -8.418313544894009
-0.43659233265787656 -0.018477785713943592 0.8994696807005024 78.27153132244854 0.008567825866385163 0.999658324103988 0.024694683831328668 2.790938474381515 -0.8996186566675223 0.018488009214503498 -0.4362848451310303 -8.837043266879865
-0.4336957112556098 -0.020665550230283315 0.9008223826438655 79.12588795036537 0.00811275308900326 0.999606886505832 0.026837579761112115 2.8033731916105062 -0.9010228705620118 0.01894749281031197 -0.43335756511268564 -9.242983103434078
-0.43096063551894664 -0.024989134070011566 0.9020246525519892 79.99542782016131 0.006590830914925978 0.9995026500096307 0.030838507933699362 2.8235214800727193 -0.9023466582090037 0.019235274943628172 -0.43058159809365587 -9.651648898725414
-0.4270164044996091 -0.02985507997203679 0.9037508863000301 80.87784502194647 0.005709863501172608 0.9993458506574937 0.03571089795074629 2.8436642318774132 -0.90422584996616 0.020409433444217074 -0.4265666035679093 -10.058137540527781
-0.4255068861689182 -0.032931966037781986 0.9043557792349857 81.74556167669712 0.001847796155939073 0.9993039380969716 0.03725889092888131 2.865625550723984 -0.9049533001609518 0.017524979793727326 -0.4251498554757276 -10.448384113712489
-0.4234935186512531 -0.03518492977838829 0.905215587789379 82.622710690995 -0.0022541437375044257 0.9992832857673859 0.0377866857761842 2.894752448608024 -0.9058963287796191 0.013961930469218682 -0.4232693067081303 -10.839045267270821
-0.42095041822322343 -0.035941683470084224 0.9063713040399226 83.47138248905956 -0.0002893646081670413 0.9992199571169161 0.03948915759284001 2.9126533603116003 -0.9070836023574769 0.016360705626741412 -0.42063245909651126 -11.22939193226625
-0.4189796975767438 -0.03391996333009602 0.9073618071674525 84.32341920861694 0.003511477482143978 0.9992339820657055 0.038975872164789246 2.932639770679111 -0.9079888119048565 0.0195162796864192 -0.4185396424268658 -11.619460826484326
-0.4141092273768928 -0.03140683623254008 0.9096851974387488 85.19015616639555 0.005112272758905722 0.9993085314547634 0.03682829929500535 2.9551522482552026 -0.9102128391033337 0.019901497420705516 -0.4136623235585545 -12.011532220007528
-0.4073438123015782 -0.030684127710011604 0.912759279813847 86.03950990632325 0.008957168160947713 0.9992531330590566 0.03758916346763125 2.9767344731534866 -0.9132309607750678 0.023487451507890278 -0.4067647377828016 -12.390470269542362
-0.39828349756464326 -0.02983927152497373 0.9167768940383116 86.90203650486026 0.013784579465070732 0.999163157975294 0.03850933800792954 2.9949151253500697 -0.9171587871991664 0.027975017778309068 -0.39753887538661853 -12.764490049814288
-0.38746114882400245 -0.03018794366860357 0.9213916356300647 87.74806134905468 0.011556891258985617 0.9992261171115255 0.037597940723557474 3.0193208945328647 -0.9218135909262852 0.025216164246081873 -0.38681242048866843 -13.108439432491512
-0.37626247359018694 -0.03197694671031262 0.925961136250804 88.61337808240557 0.010209069881870335 0.9992004782354889 0.03865461403400411 3.0434023300228166 -0.9264568667023529 0.023997482639988854 -0.3756351886698084 -13.45494813682617
-0.3636539325243064 -0.034329516368078516 0.9309013383090289 89.47006324564866 0.012299433541948205 0.9990566529255809 0.041647667157748744 3.06798555881739 -0.9314529195263465 0.026594897087021275 -0.36288864704586227 -13.786823751593063
-0.350863012738793 -0.03600105356500981 0.9357345085194129 90.3102156663466 0.012228275326480369 0.9989993655019804 0.04302019303978765 3.092970745290059 -0.9363469525632033 0.02653661374120852 -0.3500716963091312 -14.099090573661657
-0.3392154789843264 -0.03664661744168608 0.939994619265194 91.1467577836083 0.012499593901638437 0.9989771088259403 0.04345683138540944 3.119434067098522 -0.9406256529404928 0.026490780884082934 -0.33841043062887904 -14.401178678208648
-0.3240606878537966 -0.035902328299361755 0.9453547976344169 91.98797340302129 0.015833509648007234 0.9989338311356274 0.04336474357037839 3.143930103368359 -0.945903785043675 0.02902109293915479 -0.3231467245767259 -14.695249221793606
-0.31028976907911837 -0.032443798330589496 0.9500882375625495 92.83707631108209 0.01734051326004965 0.9990580143003094 0.03977927427946339 3.165652428315053 -0.9504838587817814 0.0288181195119802 -0.30943488843872763 -14.974493221169434
-0.29789629478984453 -0.02494180717101228 0.9542723425760208 93.68805828546716 0.01898483647432204 0.999306094301297 0.032045372151541615 3.184203097914668 -0.9544094370523196 0.027662902004879888 -0.2972160667227515 -15.244487767822
-0.283986984792686 -0.02107543298923004 0.9585964837159978 94.5735669759115 0.01528256651468119 0.9995319093143188 0.02650293235091393 3.202335940169318 -0.9587063344054233 0.022176302369629815 -0.2835319664237662 -15.501732412674947
-0.2707574898833908 -0.023262531110155346 0.9623664771376832 95.48950779719593 0.013750017759612307 0.9995125389701038 0.028028939565158978 3.219538040272151 -0.9625493850622191 0.020821601472654376 -0.270305645942622 -15.753695492331172
-0.25654178037478 -0.02731181537530196 0.9661471832298864 96.37950500344219 0.01280018606301001 0.9994170098362372 0.03165115616762143 3.23146761553672 -0.966448379458981 0.020486707663757372 -0.2560426227217049 -15.98632787573519
-0.24519044218399288 -0.027292100431571157 0.9690907018002243 97.2217339681213 0.010835816689967834 0.9994640815395032 0.030889072324349818 3.2432570202671216 -0.9694143758673478 0.01807459450252018 -0.24476330790232848 -16.18966887724422
-0.23845576443252137 -0.022309406587854637 0.9708970793995624 98.0945510234856 0.007768959809690687 0.9996602961458605 0.02487841580660274 3.2544191063323207 -0.9711222846132086 0.013475262048234845 -0.23820143920714276 -16.397787638314018
-0.23364957787637974 -0.01657708003454505 0.9721795488363855 98.9760481635918 0.00298289628102619 0.9998377299186647 0.017765589235036502 3.2575817512227223 -0.9723162947765333 0.007050833186205209 -0.23356221582998848 -16.597685967979114
-0.23053261952351728 -0.01436977590969124 0.9729584887732519 99.84519677902371 -0.00021304016755818982 0.9998916752378697 0.01471707864669251 3.2603500930859513 -0.9730645743985915 0.00318548745268023 -0.23051070847181182 -16.79459167548273
-0.2268638499178134 -0.01485552311043115 0.9738131787122122 100.72285943238461 -0.002404946621724159 0.9998891591842318 0.014693045211814925 3.262613563382464 -0.9739235133377848 0.0009913520894344286 -0.2268744308837386 -16.990312424868367
-0.22206851163630892 -0.015456213453586345 0.974908550380656 101.6002475199283 -0.0048868498228944665 0.9998794336653722 0.014738956266423362 3.262747863364606 -0.975018817684276 -0.0014911735956087257 -0.22211726984380287 -17.181735263189037
-0.2171295750606313 -0.019012747108488413 0.97595761336309 102.47408360277423 -0.008946160410220578 0.9998070663353036 0.017487032907512166 3.2652295758547742 -0.9761017948185039 -0.004934121338442842 -0.21725777454147238 -17.371236658431542
-0.21221052094263865 -0.02298149119003652 0.9769537071243121 103.33528426224522 -0.009801003685824233 0.9997232049047733 0.021388172004147825 3.2690237092683527 -0.9771748232164009 -0.005036331761394062 -0.2123770237911456 -17.55325134204722
-0.20779892713198023 -0.025367079948987747 0.977842583004882 104.18042946837797 -0.011262753460932137 0.9996594601000066 0.02353963077538645 3.276466611122085 -0.9781067202853051 -0.00612168991577681 -0.2080138664736051 -17.72823549028651
-0.20438700300068807 -0.02596671840138667 0.9785456977269178 105.04260919452096 -0.01714990936775559 0.9995896638320363 0.022943072349513927 3.285675000049581 -0.9787399213340973 -0.012092704231078687 -0.204748462488257 -17.89327185086788
-0.20172856687139362 -0.02500396292305687 0.9791222534219903 105.90676806918007 -0.024405566747343906 0.9994920148118058 0.020495868831990397 3.2935214475174006 -0.9791373517641715 -0.019761431263438673 -0.20223632763345412 -18.060764337427397
-0.19756058562293238 -0.022573703145140442 0.980030735709161 106.7379781543244 -0.024871613333408787 0.9995284275696426 0.018009034686835044 3.2939889646043214 -0.9799751108362486 -0.020817070074179555 -0.19802886591355634 -18.227132645823627
-0.19219533571154995 -0.020411896283541217 0.9811443866326888 107.61941368833047 -0.026361714822255064 0.9995302644862625 0.015630430821085554 3.2931653021893523 -0.98100255500297 -0.022860552620892607 -0.19264314732559956 -18.399524690513196
-0.1856499059367115 -0.023152946557426037 0.9823431444721336 108.49021719488282 -0.029430427471314517 0.9994048718175976 0.017993113296673198 3.2960703851661743 -0.9821751179726281 -0.025570358874294194 -0.18622082156003372 -18.561748140053982
-0.1797778956816607 -0.02683920763698597 0.9833410218015382 109.366986673343 -0.030249457123585535 0.9993058296310589 0.021744636329677266 3.300803956310877 -0.983242024411082 -0.025836327115136042 -0.18046497065413392 -18.716991622469067
-0.17257353946202203 -0.029567849026220384 0.9845527491107386 110.21771602238755 -0.03144270509800375 0.9992053212249867 0.024496577960842866 3.30833692743716 -0.9844946570569444 -0.02672954058030781 -0.17336609209039633 -18.859586422871732
-0.1677684868499525 -0.026100546979900965 0.9854808452057442 111.04948793942253 -0.03456108228628829 0.9991906707826319 0.020579966281677808 3.3150101858985925 -0.985220415141342 -0.030606614780216524 -0.16853477006368056 -18.9938279105464
-0.1637541765329274 -0.023739516105680245 0.9862154962497248 111.90525468253155 -0.03457379481335587 0.9992343656365852 0.018312161070045088 3.3203989868010875 -0.9858951376187158 -0.031098519352526353 -0.16444956586702714 -19.129208626208097
-0.15882624465567086 -0.02320833172269284 0.9870337366813895 112.74873506393759 -0.035988611202442414 0.9991953833936782 0.017703267169648165 3.325287824349114 -0.9866504162429044 -0.032710229950429194 -0.15953368604872653 -19.258329938179358
-0.1524352922062469 -0.02452268865673856 0.9880091697099985 113.62183001916091 -0.036749261503968636 0.999141415622619 0.01912912351733815 3.3268849433229417 -0.9876299780124685 -0.03339265381297683 -0.15320560434402403 -19.385991499729233
-0.1438459904010399 -0.025804846311852342 0.9892635851745307 114.50313442711396 -0.034750425119928235 0.9991751447330006 0.02101042840524417 3.327034731964482 -0.9889897567717921 -0.03135506425777679 -0.14462406765771202 -19.51489114480456
-0.1357878328063516 -0.026418172024945622 0.9903856545046555 115.3779562152063 -0.03361756719491748 0.9991916361515549 0.02204389758355116 3.327386461414874 -0.9901674220239979 -0.030301063209716997 -0.1365661815044677 -19.637738324286765
-0.1295042096619241 -0.026671561743810322 0.9912201004186643 116.24485183323688 -0.033146927327136436 0.9991959424087729 0.022555484535125053 3.330532903134534 -0.9910246923707857 -0.029934870435511216 -0.1302841611378729 -19.75330318933912
-0.12206273348208979 -0.026945453539533638 0.992156556007382 117.09605535416657 -0.036203349021485295 0.9990870585211964 0.02267966082400827 3.339784720328813 -0.9918618888809616 -0.03315104868646496 -0.12292681300871172 -19.85754248422035
-0.11586318595762418 -0.027990739407203258 0.9928707069136379 117.9393413303982 -0.03971578145748883 0.9989339994751576 0.023527035422825606 3.346043374431634 -0.9924708453365115 -0.03670671873109803 -0.1168513498297134 -19.953015945968023
-0.11187717764862365 -0.028376294879295418 0.9933168089840733 118.79064558140685 -0.04056622752510048 0.9988893768750713 0.023966517279608662 3.3505432640621127 -0.992893689327191 -0.037613809366445095 -0.1129040435023681 -20.047551211930973
-0.10676490323081528 -0.02886522268034333 0.9938652093507094 119.66960289482331 -0.04164471054290447 0.9988311729083934 0.024535812809879574 3.357888983262673 -0.9934117844690151 -0.03876966528173725 -0.10784219736276562 -20.142458064823852
-0.10401658663634789 -0.0277579496939037 0.9941881340738854 120.53685472566262 -0.04322336585484025 0.9987921964516913 0.023364266549261388 3.3680643107088635 -0.9936358942533738 -0.04054188619190054 -0.10509074704892535 -20.23014140420279
-0.09899734272614441 -0.02924681650381199 0.9946578054072442 121.41207420979075 -0.04487180548492053 0.9986824097357034 0.024899107554535622 3.3779865075902666 -0.994075473596289 -0.04216714608414029 -0.10017926225238943 -20.316291173474312
-0.09371434256198502 -0.03174461001911055 0.9950929111057469 122.26586140086866 -0.04498134641189294 0.9986059216531407 0.027620494460731997 3.3869121248759804 -0.9945824754504518 -0.04217218246684213 -0.09501161272620923 -20.3930012295889
-0.08952521316916295 -0.032871834026487246 0.9954419514641482 123.14980483138177 -0.04532303222978849 0.9985543053447532 0.028898477934921948 3.395695502804235 -0.9949527923256027 -0.04252930525170488 -0.09088563824000928 -20.467705973166492
