1.0 0.0 0.0 0.0 0.0 1.0 0.0 0.0 0.0 0.0 1.0 0.0
0.9998774615252205 -0.008841641295675674 0.012918487259741443 0.01977425627410412 0.00885203114784759 0.9999605407629972 -0.0007473028382994081 0.006670861039310694 -0.012911370122455457 0.0008615661165557079 0.9999162736076397 0.3141317069530487
0.9994809628576102 -0.016092813090488604 0.027907458717322423 0.04835102234122949 0.01608656766247143 0.9998705022982152 0.00044830208095320413 0.004579238826712408 -0.02791105920715273 8.658274216565671e-07 0.999610410496602 0.6429826969144645
0.9986028670188437 -0.02437080702676298 0.04688686112985055 0.09044330024010286 0.024342169759272485 0.9997029870228775 0.001181739796800022 0.008597277399234222 -0.0469017350761821 -3.876081605251125e-05 0.9988995073301633 1.0232353678179944
0.996654335734606 -0.03371036581185681 0.07445633820060094 0.15068239638738623 0.033635649757927946 0.9994316117291387 0.0022575521828713157 0.0035865829524349612 -0.07449012100120037 0.0002543881427674228 0.9972217191577306 1.4075503572094634
0.9934057342921658 -0.04510432441395582 0.10540705381806081 0.228295322023165 0.04492059765903204 0.9989820742324004 0.004117677535510853 0.014543577591478955 -0.10548548232528637 0.0006444233792425324 0.9944206342072303 1.7925916674459605
0.9893519706512889 -0.05352404141891809 0.13534347106010394 0.3092787015516353 0.053424307112905606 0.9985623334437858 0.004371457057733561 0.019991306147103226 -0.135382870326778 0.002905721508955461 0.990789097237447 2.187796496926288
0.9836490630397351 -0.06257426373477792 0.1688756415209186 0.4091076176915952 0.06232132860691811 0.998032950970636 0.006802997685764691 0.026928223381710588 -0.1689691474255578 0.003832792049465346 0.985613888357599 2.590020835570684
0.9759662740281713 -0.0706311338751055 0.20615788824851072 0.5387449860284812 0.06995966450432248 0.9974939856887914 0.010554328833783135 0.03146755910126166 -0.20638671784301227 0.004122067710009995 0.978461819007662 3.0378814806857113
0.9666922867842163 -0.08123118965513147 0.2427087070937399 0.6834175027888988 0.0797063307831863 0.9966881582416637 0.016112605435553404 0.03761752670224192 -0.24321374037044877 0.003769489097026198 0.9699653949739462 3.492461305145408
0.9557885361065788 -0.09025458180023924 0.27986136695033015 0.859345538114135 0.08764102473920937 0.9959121171259877 0.021865629291068136 0.054971396379890985 -0.28069079968874067 0.003628419173283697 0.959791388555033 3.9678194689608763
0.9429840923019673 -0.09985893003741891 0.3175046389538537 1.0518510419740608 0.096257661961199 0.9949887752552701 0.027051795315313928 0.07003057010157428 -0.3186149151863401 0.005052841556982667 0.9478707742160857 4.419491911861612
0.9286112769707597 -0.10910534724570711 0.35465070066916415 1.2514453284166005 0.10432781485839901 0.9940076044198257 0.03262804625519736 0.08953804857031838 -0.35608538769459075 0.0067011609407142125 0.9344293933264514 4.845644641869221
0.9125116064575958 -0.11699379203533569 0.3919630348711095 1.4770566657014994 0.11093759855074803 0.9930948052431964 0.03815176308863201 0.11153562950093404 -0.3937199732144294 0.008669511184066787 0.919189546430908 5.306763237621987
0.8935841178765214 -0.1276908167123284 0.43035157674415214 1.7393447996234157 0.1192533778698214 0.9917672349634522 0.04665172579429594 0.1346398580814031 -0.4327655902974229 0.009633637957030528 0.9014550110095545 5.763473326447751
0.8754878418626147 -0.1361054260582127 0.4636769907470651 1.9858283813269122 0.1267630458742458 0.9905989107852976 0.05142886496575677 0.1652337169227196 -0.4663176695681018 0.013751761650588237 0.8845104409220279 6.157545822822997
0.85562860436757 -0.14393593236607177 0.4971741533526398 2.2715042276184807 0.13359871312628246 0.9894222365584475 0.056524522595781314 0.19416745731966084 -0.5000510726305922 0.018057828706390146 0.8658076227334829 6.579845028395152
0.8315843692951376 -0.15150215682423268 0.5343355998074748 2.601878400712685 0.13980297589696783 0.9881977509369791 0.06261256242518637 0.2273813937465693 -0.5375151762270161 0.02263407874647521 0.8429502558306381 7.0310582663662595
0.8043500381140092 -0.15872138119298618 0.5725631313123322 2.949724600343029 0.14524105858401176 0.9869483319079743 0.06955591308769406 0.26466736569723054 -0.5761302379561307 0.027212373954838224 0.8169047898111226 7.479178937125667
0.7765232143073064 -0.1642938396684421 0.6082920613396573 3.3077357020612426 0.14857569774968807 0.985928045842781 0.07662343283114131 0.3141598210770463 -0.6123209613266906 0.030877543095837793 0.7900060870982718 7.9167184196905165
0.7482603218022029 -0.17053708039828264 0.6411112189204721 3.6560492577673314 0.1524573930763103 0.9847335219677561 0.08400377378043511 0.3569609201293716 -0.6456494669035507 0.03488545430704301 0.7628366607373771 8.287196032763818
0.7190935360605258 -0.17644588376701323 0.672139372822071 4.036203321563281 0.15581905917070468 0.9835396629964719 0.09148853541260255 0.4072476966312707 -0.6772185077175061 0.038943310265875615 0.7347506457230304 8.655112314376211
0.6913151719732124 -0.1836490434177215 0.6988249865677412 4.469962206849993 0.161133366128307 0.9819887380812922 0.09866182950701949 0.4668907230160433 -0.7043574173101386 0.04439760278739213 0.7084557018945674 9.05695266146005
0.6653677520264503 -0.18851049129887298 0.7223223305654658 4.860966425571759 0.1653629194938509 0.9807724718174052 0.1036362069049588 0.5223635526346189 -0.7279703698776061 0.05048913938100734 0.6837470200189737 9.39838057420868
0.6397052315378564 -0.19349450653488512 0.7438663137176729 5.276087649647477 0.17045355193664094 0.9794095168076634 0.10817848685742731 0.5859607397002156 -0.7494816898198919 0.05759231135664746 0.659515217638925 9.742690610642848
0.6147536360435532 -0.19799244437719632 0.7634637901962172 5.694041847834238 0.1771132640763971 0.9779119248014754 0.11099170698425326 0.6510245291387544 -0.7685758639584223 0.06698700844653935 0.6362419995881663 10.054701905088445
0.5899428591557431 -0.20137274888661058 0.7819312239174221 6.180405482771835 0.18236216674406672 0.97660933584542 0.11392210180635481 0.7220951054307784 -0.7865821400664756 0.07538714177774847 0.6128664746770094 10.407013037392229
0.567321593092354 -0.20414821108982203 0.7977905225809462 6.722613600813555 0.1873393637265505 0.975377708989202 0.11637133498206009 0.800368660049322 -0.8019040920270234 0.08343759773508036 0.5915978317020052 10.782591169700822
0.546992777483603 -0.20837155732105167 0.810789859014266 7.312502270875633 0.19404021701066776 0.9737083096542876 0.11933365783651727 0.8894106058511461 -0.8143385632298318 0.0920511912459024 0.5730438749580905 11.175043701159073
0.5289550165018599 -0.2132010863658246 0.8214328257928029 7.945803158713524 0.2020603975030382 0.9717325699013735 0.12209589818575546 0.9826936946240148 -0.8242440089430018 0.10139580546208198 0.557082313806734 11.579873770199818
0.515489596288233 -0.21779316108914062 0.8287560648956932 8.550803226028577 0.21000247971047462 0.9697761691478965 0.12423019064737126 1.0729854606081826 -0.8307643676964284 0.11000145787956694 0.5456466298167006 11.959902456615911
0.5048728292354134 -0.22209606022238434 0.8341323434165135 9.173890260016242 0.2154818318787232 0.9681668266767984 0.12736002454761203 1.1626307947167371 -0.835865423635898 0.11543974946383798 0.5366587908659538 12.343443920199263
0.49723749184121036 -0.2277113644707224 0.8371991466779838 9.82920989056472 0.2230229880794292 0.9660652962616698 0.13030191919912373 1.2560099557855193 -0.8384602694794698 0.12192365582500395 0.531148753791893 12.738052995269168
0.48673721925885255 -0.23274356941875754 0.8419722740579857 10.525202906332071 0.22951502094164608 0.9640628733410378 0.1338119255058313 1.355077052657104 -0.8428580749748534 0.12811403958832293 0.5226634273698957 13.152374198694236
0.4739460633860002 -0.23728378326733338 0.8479808578023766 11.20835055934693 0.23440684064721742 0.9622581733570589 0.13824847509222832 1.4569757379426218 -0.8487806324714904 0.13325019326769333 0.5116794151960962 13.54891619751432
0.46386884425689817 -0.24148919559387758 0.8523547757472774 11.859075506393145 0.2399536851344283 0.9604140788831407 0.14151687557834267 1.5549877343477043 -0.8527883232773401 0.13888039996511534 0.5034523911824755 13.915904215198799
0.45055989805151964 -0.24532303300044755 0.8583777651752553 12.560836950906218 0.2451903413770241 0.9585326634077339 0.14524747734778254 1.666234108593373 -0.8584156771420375 0.1450232486877106 0.49202721731306676 14.30715120467022
0.44204401363957135 -0.24922767877585772 0.8616743318315897 13.29075649232335 0.24990081587813623 0.9568094733636938 0.14854364309835996 1.7793015365906824 -0.8614793510171098 0.1496702903501191 0.4852341001595526 14.7045839456628
0.4298570473174871 -0.25333007851463596 0.8666295576492072 13.996420278231685 0.25329364723540215 0.9551235552356936 0.15356211285378038 1.8910321797202794 -0.8666402062803685 0.15350200504781011 0.4747334908183988 15.073682450417854
0.41824923499679667 -0.25934070434995765 0.8705228179041962 14.740634646426122 0.25960017213138104 0.9525295323046569 0.15904477582375756 2.009897192974212 -0.8704454767841303 0.15946751755370056 0.46571963968820185 15.45646231946939
0.4076438457161517 -0.2647945099844806 0.8739052365856526 15.516392781580228 0.264839081156396 0.9501806250467402 0.1643686128128553 2.1405080054317036 -0.8738917302171834 0.16444040643304558 0.4574632188385778 15.850046300688717
0.39347463138390754 -0.26831615238511314 0.8793089086473235 16.284749010656757 0.2698320068253786 0.9480418545511919 0.1685447421657692 2.2725855809703703 -0.8788449252000533 0.17094760714436902 0.44543070511778543 16.217964531001083
0.38028023976644476 -0.2719312854656824 0.8839911284781975 17.055371859002435 0.27555608448426755 0.9457038238579034 0.1723749455235276 2.4105622102679933 -0.8828679309765842 0.1780383484688663 0.43456479715642415 16.574243352537742
0.3669516276642685 -0.2740413194652478 0.8889588619167312 17.8088144003382 0.28158937709196263 0.943511878116633 0.174621758557702 2.550611860651533 -0.8865968224979743 0.18624363365916669 0.42339034384114804 16.909649477952495
0.34833987123248983 -0.2752458137491499 0.8960463582445394 18.587788001201414 0.2837351565880645 0.9420341948226028 0.17906964204151835 2.6984792722127433 -0.8933944789541065 0.19186275771628866 0.4062449841854318 17.25717893912524
0.3256718034216045 -0.2776253405498622 0.9038042081893028 19.352167100722518 0.28606021544772087 0.9400489143502718 0.1856814254762138 2.8400848118647093 -0.901170033675179 0.19807122182045594 0.38556498997241495 17.57090704570362
0.3015675440419985 -0.27985541423356775 0.9114482780194584 20.099161803615036 0.28757167036208164 0.9381320971600889 0.19290075863815578 2.984327427965897 -0.9090432062259968 0.20393409573235163 0.36338868145855685 17.863871052320718
0.2767378985425286 -0.28195673396203347 0.9186492996153255 20.901066888023777 0.2897310263287801 0.9359794577410541 0.19999596763243532 3.1459426962330825 -0.9162270831473696 0.21081474061418354 0.3407126021253656 18.15126246764951
0.2478826022411879 -0.28412152334977714 0.9261906798686431 21.67783534297417 0.29108784321507286 0.9336959250434598 0.20851807377212023 3.3103570536041786 -0.9240249363726795 0.21791484466791217 0.31415129704463346 18.40457900506672
0.21701857836162636 -0.285338506771754 0.9335335415501493 22.464001578915475 0.29096207514966144 0.9317637313680371 0.21715759192741857 3.4878501145616463 -0.9317961190467052 0.22449562459072153 0.285232724400831 18.642785290487463
0.1853222417867919 -0.28639901992580474 0.9400166318127869 23.261563474858757 0.28960449472811645 0.9300195851204458 0.22625827703239196 3.670472967949124 -0.939034026717025 0.23030235056970808 0.2552957578763836 18.85045290839553
0.16101142992100914 -0.2858221316165954 0.9446592128979305 24.046033247178244 0.2886488735063504 0.9289348607448911 0.23186602234131862 3.8555154376440437 -0.9437993151397743 0.23534173784311088 0.23207136654632243 19.04242908681848
0.13384833696812404 -0.284650888452099 0.949241009646285 24.851427461429996 0.2899157433724467 0.927201689705698 0.23716215623851183 4.058204566397498 -0.9476462865624861 0.24345615274691523 0.2066291781283599 19.204719338393332
0.10525024199912009 -0.28308985901294115 0.9533008540241428 25.70086962129478 0.29090891946806896 0.9254552220003949 0.2427027660454667 4.275604086003236 -0.950943945315941 0.25177919651200953 0.1797577510727137 19.357539603709387
0.08005580198829765 -0.2807725216080814 0.9564297463367868 26.504334102292376 0.2915042836753938 0.9241570567066884 0.2468987386321101 4.484455377382588 -0.9532136807489213 0.25903769156065093 0.15583052712489642 19.472661574651493
0.05209470639810293 -0.2788407555576585 0.9589233413601579 27.29482144046841 0.2939646100639043 0.9219644602238105 0.25212366432803307 4.694667206858999 -0.9543955938683248 0.2687552178549322 0.12999878184227637 19.570683480166537
0.022772950820607762 -0.27719785964114263 0.9605429398633316 28.05466774967755 0.2966163858321853 0.9194037365049419 0.25829341640197445 4.9038245562917595 -0.9547251501698144 0.2790306719898745 0.10315896336288316 19.639703241313917
-0.006045422295030356 -0.2713794898914382 0.962453440606629 28.882106208575436 0.2990996449741948 0.9179185465299922 0.2607008713306833 5.1346199473584315 -0.9542027327804012 0.2894455292495113 0.07562030383359297 19.68798466840678
-0.03478775177317961 -0.2621311681212359 0.964405030589308 29.696091690552286 0.29927826006723207 0.9179723966368932 0.26030597777202263 5.365830059212065 -0.9535315072810641 0.2976809192946617 0.0465159640358796 19.71806047941685
-0.05768965160728334 -0.25119054513385475 0.9662169601765369 30.490040079503984 0.3015910728586637 0.9182250178970918 0.2567209404778782 5.586802428320783 -0.951690458536488 0.3062125512503413 0.022784744619297137 19.724607557583536
-0.0797674664288392 -0.2407927311634286 0.9672931364991594 31.338508836095485 0.3029657390268442 0.9186228159823336 0.2536609606001803 5.813567958479785 -0.9496572604236976 0.31329057211404376 -0.0003242668854161468 19.717786936338406
-0.09853899208594319 -0.23476754454078433 0.9670440874484355 32.15604848548833 0.307284830082091 0.9171055766867877 0.25395549691120134 6.03322568707435 -0.9465020339334232 0.32218249679379785 -0.01823015413010909 19.699311601522798
-0.1189974222059893 -0.23211930690743854 0.9653808786531564 33.01074218129155 0.3095351787942473 0.9151618022279641 0.2581992425079485 6.25693078325797 -0.9434127339596086 0.3295443871524372 -0.03705280420132434 19.661888565443814
-0.14138383278183542 -0.23278259666042428 0.9621969000781224 33.844390262019594 0.3110450828907961 0.9122909750896742 0.2664134628343496 6.484965912739893 -0.9398199658644074 0.336953171022268 -0.05657731259667964 19.602068024748405
-0.16269937063186812 -0.2347928558610839 0.9583325256050692 34.61173487517776 0.3126343622175567 0.9089602267724877 0.2757735696301038 6.699411945919657 -0.9358358137818918 0.3444758641506026 -0.07448294207991524 19.532605074658818
-0.1859974516887286 -0.2365770927074441 0.9536436583815742 35.39554460394455 0.31391617366058966 0.9054030547516534 0.2858355197673465 6.927423892702164 -0.9310540177022995 0.35252884655367994 -0.09413728521653053 19.44457931575517
-0.20851073471735782 -0.23524979115416272 0.9493054351838246 36.19827438834498 0.3164846986636573 0.9021847658062748 0.2930871608563764 7.169425302372498 -0.9253975951013715 0.36155246384031225 -0.11366224910496014 19.330475799224807
-0.22384583677161113 -0.23154014062712058 0.9467218200920431 36.980851734611626 0.3195813982464506 0.900227946466134 0.29573192978813007 7.411329009620028 -0.9207392525872138 0.368753044298947 -0.12751635607010597 19.2082871838381
-0.23245778053836685 -0.22849164410383732 0.9453861374284597 37.800477112818 0.3240617545322611 0.8982765698926696 0.29678811167452973 7.662651148043477 -0.9170318203403028 0.3753541961355779 -0.13476597466261653 19.081667415092145
-0.24506889862236414 -0.2256884304970782 0.9428711297244111 38.60473641619098 0.3244405382475426 0.8973646663645216 0.2991237080241819 7.9172376749399795 -0.9136079969383294 0.3792115345031803 -0.14669369458186332 18.950726862213333
-0.25800016449310925 -0.22520661359939415 0.9395306787500992 39.44435839806477 0.3264973102919972 0.8949187207541774 0.30417098746560006 8.183635534390934 -0.9093049111786542 0.38523040434887806 -0.15735982356236933 18.793787721423854
-0.26935637954302233 -0.2227409600118705 0.9369277482989099 40.26637026277861 0.3308849289830361 0.8922528310564379 0.3072459100519692 8.445405158954124 -0.9044126848797326 0.39277391741912027 -0.16663236547523314 18.635568798095758
-0.2807433242080006 -0.21893309036688408 0.9344792602594493 41.01930490388907 0.33665110944756377 0.889315056121063 0.30949113309449644 8.694313281333645 -0.8988043259911281 0.40148104923993194 -0.1759651973568565 18.477214908174247
-0.2909918099271941 -0.2157667140651245 0.932077513759899 41.83264842532611 0.3411747776899572 0.8867826967280278 0.3117951568770357 8.963918601956069 -0.8938252276723365 0.4087311755730236 -0.18443234122894536 18.29516870174281
-0.2972597208903155 -0.21195671501944308 0.9309731517580829 42.634174755555215 0.3469212422016486 0.8844314597465899 0.31213241536210456 9.234150789592128 -0.8895405050055208 0.4157587569356572 -0.18937356200335953 18.117038691940696
-0.2979539056053736 -0.21024252239590602 0.9311399206945812 43.39235048102441 0.3550491053702678 0.8810537371932168 0.3125451086701543 9.492658572408303 -0.886094578987072 0.42372443162328155 -0.18786698255747447 17.943095384096026
-0.29680602272547035 -0.20833849070693922 0.9319341490490851 44.17783459810785 0.36273373679442966 0.8781673318513359 0.3118435079655425 9.752860134503456 -0.8833631309178787 0.43060098764292276 -0.1850739538019937 17.773721104733482
-0.292073543117671 -0.20605480907699875 0.9339349340649656 44.97519373646592 0.37014897274321706 0.8760601840050145 0.3090441586217761 10.01329735025457 -0.8818632452868367 0.4359586788416328 -0.17960302601801248 17.607582846708898
-0.28442512723937824 -0.204348466290244 0.9366664568135706 45.789493748480865 0.3794231606225496 0.8732516719515215 0.3057279552430019 10.27783385482827 -0.880420588229318 0.4423496600639556 -0.1708401769585965 17.44422121772806
-0.27879314958003093 -0.2031102606670481 0.9386269768971115 46.64197381932699 0.3863929494525059 0.8710548389537747 0.3032555954118694 10.550549406077861 -0.8791898932316272 0.4472244286116066 -0.1643637493256414 17.28467556364026
-0.2747651524803766 -0.20082285579885328 0.9403054246207604 47.53549911372901 0.39407864633981105 0.868513490044568 0.30064320732320937 10.835379216574989 -0.8770439735163896 0.45316056558288154 -0.15949724235605267 17.12440153882488
-0.2752690986387487 -0.20044129061086757 0.9402394441592317 48.44967570038597 0.39751514602028093 0.8667676654857764 0.3011569736081369 11.12268880655398 -0.8753334404780191 0.45665862861286993 -0.15891590510180964 16.961912025362018
-0.2768642422254162 -0.19847328538275444 0.9401885695786363 49.31245376661481 0.40335728842786867 0.8640559642528371 0.3011813216506256 11.394685925284769 -0.8721519874706838 0.46261825042736493 -0.15917055356585458 16.80473395528812
-0.2819716802631001 -0.19667491040239565 0.939047896088274 50.12926609695415 0.40856483187533604 0.8609668872098954 0.303002965798656 11.658019566261668 -0.8680822251862335 0.46910020117914336 -0.1624138281348136 16.647788400757854
-0.2846626332451408 -0.19459883379867526 0.938668460702786 51.00955212553269 0.4159959222904873 0.8571030232350976 0.3038450266154483 11.942765270379947 -0.863663463318687 0.476975577409841 -0.16303288221374085 16.472326192589996
-0.2867959534465088 -0.1927189840259253 0.9384068809864533 51.9457714990695 0.423157110929489 0.8533309566648652 0.30457238526700714 12.242452160076303 -0.8594685221440729 0.48444367226070906 -0.16318145682044466 16.29281699349439
-0.2896019311654639 -0.18991683438913737 0.9381163667055611 52.79936856139284 0.4293843623237426 0.850180245834574 0.30466804719972884 12.518571739583983 -0.8554295943308642 0.49104495273678583 -0.16466652220369787 16.131452804108083
-0.29175081883338805 -0.18716296237645938 0.9380039899832601 53.69231668694183 0.4375970062197938 0.8459014221210052 0.30489284052128085 12.806675356776434 -0.850523556321353 0.49942047371741727 -0.16489048054496414 15.958087785219085
-0.29344543764744374 -0.18562949522411973 0.9377800731657392 54.598913292781816 0.44376134609338047 0.8424228415880548 0.3056135201264804 13.09886569453991 -0.8467382374956806 0.505831440772068 -0.16482994475871976 15.78792854232132
-0.29606169920546155 -0.1830383826795019 0.9374670238091831 55.50517593301613 0.4513460941329638 0.8381728300236793 0.3061911336420675 13.391745736404687 -0.8418041182926661 0.5137735468824459 -0.16553721318585313 15.609889824956111
-0.2977382042391195 -0.17914539373929503 0.9376880556125567 56.414235720087156 0.4589769671917391 0.834400735203377 0.30514841746195764 13.688434764829642 -0.8370735363896876 0.5212315617785025 -0.16620936701042283 15.431853886750432
-0.2989484482647247 -0.1774106114752124 0.9376328173736799 57.30573931579093 0.4668721063014275 0.8297498586749841 0.30585226562265744 13.969514199333327 -0.8322621351700328 0.5291886685907354 -0.16522436683910452 15.256367374959607
-0.2985480105026704 -0.17770895080000587 0.9377039054149549 58.27371483588464 0.4746604011791877 0.8247354570483585 0.3074230463703852 14.278915436847834 -0.8279894860306561 0.5368714508081022 -0.16187172801293476 15.070141629504144
-0.2982319011561528 -0.17583487775647355 0.9381576780569207 59.23028373313467 0.48347766134300973 0.819638415820954 0.3073145266543892 14.585640651743189 -0.8229866852599019 0.5452292756949899 -0.1594300875306665 14.883679333527882
-0.29703511266056565 -0.17434786200247793 0.9388146594839102 60.08326098421863 0.48935565698700684 0.8164656218324939 0.30645542798340863 14.854026021296903 -0.8199397434089533 0.5504422870572756 -0.15720084540999102 14.73648933320677
-0.29823518042778363 -0.17079115673214418 0.939087939405732 60.99351411457578 0.49569804086229297 0.8130671217710199 0.3052954434318896 15.143096300956234 -0.8156832899112817 0.5565538934165188 -0.1578243779725501 14.57114818590113
-0.29870548860359175 -0.16900453084677258 0.9392616779318487 61.91962484569026 0.5016418821515961 0.8094565208458355 0.3051811968840143 15.437269947309472 -0.8118684949851754 0.5623322944784672 -0.1570093546164963 14.398743132532545
-0.30143097978048355 -0.1645889748259385 0.9391750815446098 62.839600395261286 0.5075724919181813 0.8061295206467445 0.304179817525453 15.736761875601747 -0.8071614026181788 0.5683886569132046 -0.15945157514385927 14.227932835735917
-0.30517315172758197 -0.15992862477915917 0.938771634872348 63.77305120872075 0.512249784249831 0.8034611904657072 0.30339788059811884 16.03315525986587 -0.8027885811349436 0.5734744548728179 -0.16327138024671844 14.051681382432331
-0.3079207990509899 -0.1568330949163212 0.9383965909202614 64.64688041535308 0.5177233554250475 0.7998812356963001 0.3035663618196034 16.314275097935635 -0.7982150767551501 0.5793042284671576 -0.16510391309972505 13.882728259775622
-0.3141034937069968 -0.1568710100152802 0.9363388710599623 65.53837146590858 0.5207876645742315 0.7961544968778097 0.3080880158794874 16.597447956005382 -0.7938004810204995 0.584405256066394 -0.16837842205459763 13.708796494995482
-0.32125429737279937 -0.15752784727312222 0.933799043559697 66.44390304542297 0.5255189723730431 0.790648575429471 0.31417294575970267 16.89409675804312 -0.7877978713448583 0.5916585227179983 -0.17121538014929055 13.518432205563895
-0.3260015927375367 -0.15622127343922093 0.9323721763639333 67.36269108322877 0.530187587034352 0.7863387102028826 0.31713176345355043 17.200810762978424 -0.7827030625258092 0.5977176143978823 -0.17352109194914578 13.3320658883662
-0.3309138625575748 -0.15187151699598017 0.9313597897120997 68.20916015658612 0.5355085016640901 0.7824318333254793 0.31785385139150174 17.48886044442509 -0.7769984943439131 0.6039333311916717 -0.1775890516417692 13.148175719476264
-0.33718517220544947 -0.14679790919795396 0.9299228642741777 69.06009189685741 0.540358629453756 0.7786813343096978 0.31885409072572213 17.78545209145833 -0.7709206906158634 0.6100047159266704 -0.18323628278150128 12.961914427950546
-0.34602330725968566 -0.1425033377937117 0.9273406437500303 69.92279381110255 0.5442187737200234 0.774644302082903 0.32210577700681875 18.08091196226333 -0.7642602941169608 0.6161322942097288 -0.1904919916114931 12.772246938194046
-0.35104727729120766 -0.1392610989794387 0.9259439267134205 70.7724876955826 0.5496276447539298 0.7699475384504071 0.3241762486000578 18.384584141559916 -0.7580733877591782 0.6227255690472309 -0.1937462371921701 12.579001054768518
-0.35268784702027645 -0.13674170279457967 0.9256959486143606 71.58365045419869 0.555083692786761 0.765838260223118 0.32461339032861913 18.66337629193911 -0.7533215625258676 0.6283259233035563 -0.19419875781868068 12.397267674047708
-0.35774315926977446 -0.13834860454010428 0.9235147511639904 72.46373640453977 0.5603481265830721 0.7593232383250621 0.33081444462777465 18.97157400407675 -0.7470139282707672 0.6358363652397898 -0.1941193128159338 12.202867188662937
-0.35846455970288266 -0.141369052446366 0.9227773027374673 73.39369999042958 0.566382579131895 0.752828132534002 0.33535142301959897 19.303357076602996 -0.742101026473432 0.6428565888872758 -0.18979323652673946 11.995210681065462
-0.36124184613511556 -0.1398656563548043 0.921922950562211 74.2974128757452 0.572039026730236 0.7475475064705586 0.33755603604020207 19.629445265412365 -0.7363936993880499 0.6493152729930889 -0.19003682737693894 11.787552143446934
-0.3628311625255302 -0.13433207250524823 0.9221217066075483 75.14134315913397 0.5766303739741043 0.7449790315579594 0.33541564416325287 19.929419336809932 -0.7320184145981966 0.6534226326317524 -0.19284165487190025 11.600006903546443
-0.36661079580386496 -0.12692456998966756 0.9216760157088797 75.95585306178559 0.5822958675859049 0.7413309956618646 0.3337062742343439 20.231754582615405 -0.7256225237631722 0.6590284579621177 -0.1978722936735663 11.405674026907738
-0.3675829133741755 -0.12173455920049753 0.9219888821952326 76.83659799007285 0.5894096451967124 0.7363627246418611 0.3322140995007594 20.55281918090798 -0.7193601823457004 0.6655453664884727 -0.19892283227745766 11.20228524852044
-0.3676565638736444 -0.11996471032621028 0.922191476493344 77.66469723142221 0.5963540567999159 0.7304925466028981 0.3327799247188689 20.852883973408893 -0.7135758473903865 0.6723013518013792 -0.19702893794346726 10.999041527316367
-0.3688858732096979 -0.11849590855901618 0.9218904122514197 78.50109590520951 0.6017809146386967 0.725448105035988 0.3340430775757946 21.160335503147333 -0.7083663905938317 0.6779998278425061 -0.19629898146093294 10.799452370904604
-0.3677959501157025 -0.11893731457110082 0.9222689706810605 79.3979139629625 0.6071293098976341 0.7205157778973663 0.33503882590555967 21.481118920231534 -0.7043579630711294 0.6831624470091784 -0.19279245538848594 10.598898379265593
-0.36501980475328044 -0.119105535282228 0.9233495619769423 80.28300985304814 0.6137787734324 0.714942523807278 0.33486236715387807 21.79225298839676 -0.7000258276818763 0.6889637574772812 -0.18786373109541477 10.402702916437223
-0.3641671181704206 -0.117518705387339 0.9238894219155965 81.13930813904562 0.618296545653774 0.7113523574290546 0.3341963572702992 22.08842312754228 -0.6964852415349961 0.6929409624666525 -0.1863897284179784 10.222737685360002
-0.3634670038207891 -0.1173244026214485 0.9241897649741957 82.05318488166317 0.6205796099293452 0.7093976827568869 0.33411955261418247 22.40105733142778 -0.6948184546149307 0.6949747565549989 -0.18503351825504433 10.030474797965228
-0.3643366089034166 -0.11478180304531638 0.9241666370857721 82.8836345388263 0.6272412083713457 0.7032738167301726 0.33462576891600837 22.691841130586134 -0.6883511472596041 0.7015918160807193 -0.18423252067684803 9.840669213490239
-0.3638393588228807 -0.11112569222316626 0.9248091703153023 83.76445033805477 0.6349727026648745 0.6968208912592897 0.33354206987286383 23.006610614945558 -0.6814914437040427 0.7085843111673668 -0.1829690851637193 9.642679176745892
-0.3612558273881664 -0.10743984678421958 0.9262563935007816 84.57954136941463 0.6410217389094374 0.6927829490094393 0.33036784923370754 23.29192963654636 -0.6771893069324207 0.7130977947552272 -0.18140060003103498 9.466883733798538
-0.3578507402551916 -0.10492664732996826 0.9278648858421705 85.36760853047171 0.6495513079989167 0.6858926928998412 0.3280766863151068 23.56121867022213 -0.67083973195966 0.7200983353033785 -0.17729196687271304 9.301325682609221
-0.3499386756776723 -0.10300408085934082 0.9310924135612317 86.20389549366975 0.6596106846525944 0.6786709355066198 0.3229853030568195 23.84887013600898 -0.6651741636271609 0.7271835535990157 -0.16955061609447236 9.126265507555864
-0.33895838527468014 -0.10068242885009931 0.9353984507004629 87.02305454607718 0.6685534531038597 0.6737567244193632 0.31478271337955577 24.12345186770732 -0.6619240843139693 0.7320621044833115 -0.1610639059025275 8.971759417170722
-0.328707777402967 -0.09825236456498793 0.9393070158005797 87.87481186147849 0.6767718699159189 0.6692032296131674 0.3068336252202769 24.40132450718975 -0.6587344177779938 0.7365551644871519 -0.15347786974672412 8.812301633758409
-0.3168368930868945 -0.09731633792337013 0.9434743841526534 88.74333932310313 0.6883613027838662 0.6607327595640254 0.2993174523288053 24.68043614808628 -0.6525129117563442 0.7442860678610694 -0.14235571354590987 8.661004191718176
-0.3068872409834375 -0.09573309989892337 0.9469188956322057 89.54031139725103 0.69661161779987 0.6553299602560114 0.29201865888518497 24.921119718698904 -0.6485001736837248 0.7492515043525751 -0.13442361383916762 8.526414107052268
-0.29612710407152143 -0.09372215814008789 0.9505392655265635 90.37854516462494 0.70526841799392 0.6496686135063825 0.28377306286018084 25.1700013006633 -0.6441313505912966 0.7544182193573132 -0.1262852069213698 8.398963211324764
-0.2843172170608935 -0.09270741708024766 0.9542374206145231 91.22587570479172 0.714712580793168 0.6429110167519518 0.2754112405021648 25.415940528679915 -0.6390224150518654 0.7603096470236853 -0.11653151378061194 8.275634973301981
-0.26958354408070667 -0.08805516499915539 0.9589426472307182 91.99601199574091 0.7238401610413729 0.6382478754199399 0.26209744520985445 25.626124372904393 -0.6351221410283895 0.7647783583750948 -0.10832325944417542 8.171528944013364
-0.25871942818491334 -0.08089051644523099 0.9625595991048532 92.86458122945973 0.7323326946200417 0.6333691121109115 0.2500647760368996 25.852294308936223 -0.6298833875172616 0.7696104808102991 -0.10462612463777854 8.070322959713017
-0.24663497296422088 -0.0762641391465344 0.9661029816697474 93.73387096754954 0.7402967292429297 0.6285132142957923 0.23860404885037456 26.06589656550774 -0.6254054227324534 0.7740509805793218 -0.09855524684679123 7.966925625885484
-0.23392859201877797 -0.07575367756488116 0.9692980935561095 94.58306612037397 0.7476862275112898 0.6232602354291841 0.22915493475527438 26.26040263834708 -0.6214842870306925 0.778336726146309 -0.08915840793664853 7.867189346177169
-0.22101717307660085 -0.07685073240631618 0.9722373034058303 95.40427215251283 0.7556974698410828 0.6166724968265833 0.22053654058557565 26.440926168624216 -0.6165004000655747 0.7834596330292201 -0.07821930792781334 7.779555306671764
-0.2101160545575741 -0.07474237862695471 0.9748152750415554 96.19988068442217 0.7610832316393463 0.6133511719392684 0.21107499709376998 26.611715603751076 -0.6136803387225042 0.7862658053851197 -0.07198975724032908 7.705047399885482
-0.20421527933128503 -0.06856282076210651 0.9765220219210566 97.01133448936854 0.7663164987155918 0.6095317123403755 0.2030520018312701 26.78107773749804 -0.6091429581665717 0.789791258029964 -0.07193486814838412 7.638333131402294
-0.2005450919576976 -0.06311117514767334 0.9776495515588184 97.86787165848534 0.7702002640554453 0.6065677604016126 0.19714742019690323 26.95135289742813 -0.605452904312632 0.7925228902769004 -0.07303594352472859 7.5668850731720685
-0.19772150696895774 -0.059720788275312076 0.9784373424648611 98.69565423234907 0.775756841095991 0.6006559842976049 0.19342624439368317 27.114886038648006 -0.5992558128000878 0.7972739905297619 -0.07243379632502644 7.490148220457038
-0.19401543600123783 -0.059276558233743115 0.9792059539428932 99.56852185231597 0.7818200112309132 0.5935806529422123 0.19083888097448065 27.277433829978698 -0.5925499815476707 0.8025884986072619 -0.06882020975844783 7.417766000438042
-0.18984069403595605 -0.057779579188355745 0.9801132746355206 100.43300897713753 0.787736684519655 0.5868864763602668 0.18717686750079937 27.440832655039614 -0.5860302268227537 0.8076049678489148 -0.06589984184977354 7.346524094331511
-0.18539741211427563 -0.05834849537186093 0.980929789877527 101.29413949652285 0.7927777775574143 0.5809497842144391 0.18439290559108668 27.599464681364267 -0.5806299983573501 0.8118453062677867 -0.061449196076980905 7.276975541149427
-0.18033270407766405 -0.05991819978632973 0.981778959427428 102.13745601164905 0.7994272725150061 0.5725997675612788 0.1817843286644582 27.747410581489945 -0.5730585936876402 0.8176425352946941 -0.05535822140937252 7.215007023432212
-0.1764266206602051 -0.060915758556563615 0.9824270547383652 102.97099839034384 0.8047620256917126 0.5657748110875677 0.17960218579794296 27.88967604873148 -0.5667730846882125 0.822306593369107 -0.050795048722318104 7.164792814734631
-0.170298725700478 -0.060342413218299806 0.9835431547175678 103.860880606019 0.8103496806978675 0.5593202475281857 0.1746260453021643 28.0450337940417 -0.5606529577355833 0.8267524743670268 -0.046353070128537954 7.113945947821808
-0.16754834578684918 -0.05784568869908635 0.9841653459266991 104.69674720274008 0.8137515304052615 0.555432201119193 0.17118269983553708 28.18504966421658 -0.5565393055186539 0.8295474346044458 -0.04598972878804142 7.067796326758712
-0.16136902481758958 -0.05487717530662867 0.9853672074205563 105.4983452636546 0.8196930347190672 0.5485871070750609 0.16478930421620747 28.31487337176059 -0.5496029172616045 0.8342905258849469 -0.04354252813230447 7.018911962581088
-0.15632108391256055 -0.05102007163397915 0.9863876879882809 106.3122935664461 0.8257378497791682 0.5412225277476684 0.15885584314245582 28.449008092021153 -0.5419600743288 0.8393301661139604 -0.04247528792879035 6.964574450282392
-0.1490418986983248 -0.0510039608166471 0.9875146117467896 107.16910175477734 0.8328567470643924 0.5318725607456317 0.1531705519843911 28.582637932181896 -0.5330442301551693 0.8452870371104116 -0.036792303425916606 6.917477296977621
-0.14307118825588944 -0.052597986923319406 0.9883137593207243 108.01893359538558 0.8386113399187235 0.5238762802087669 0.14928048631468605 28.708932456735212 -0.52560598897917 0.8501688625245224 -0.030842333617751183 6.875043192424339
-0.1357986997934552 -0.05415543007327983 0.9892552261817906 108.86406085194605 0.8450050886916579 0.5149528228997137 0.14418734435733171 28.818401746507377 -0.5172282989354031 0.8555061540288267 -0.024168309812543753 6.839483582408539
-0.1290753785067396 -0.051658190760962286 0.9902883307353704 109.7004309004744 0.8497934169763881 0.5089174067703273 0.1373106752942393 28.93190202228742 -0.5110681902906272 0.8592639317540738 -0.021789916465972226 6.813893823575262
-0.12287278683347319 -0.04958846651793691 0.9911827592549093 110.56602411201683 0.8552476237090061 0.5013612917682025 0.1311043754289603 29.044918643468545 -0.5034419334897265 0.8638158594891152 -0.019193240977149972 6.78423199274506
-0.11839419914095833 -0.04877854936279852 0.9917678492126233 111.41343845959948 0.8607357088145469 0.4929561192917338 0.12699725990884214 29.151670527922708 -0.49509277229756765 0.8686857415515092 -0.0163777056944458 6.755911258545788
-0.11325621358803567 -0.04973597643583416 0.9923201916375961 112.28015510020948 0.865310991253155 0.4858807027773101 0.12311308250998243 29.25979826019587 -0.48827238146364954 0.872608890234681 -0.011991921581416654 6.729537821344647
-0.10577817174424153 -0.049676790784484726 0.9931481233128321 113.12511839435655 0.8710183325437919 0.47720249111536706 0.11663981672619489 29.359171593512364 -0.47972705026408297 0.8773881689028196 -0.007208211586752444 6.706618434131767
-0.09918101558812409 -0.050678339922139326 0.9937780597344885 113.91853373190777 0.8757112764935367 0.4698185921179123 0.11135641302773414 29.443485075824803 -0.47253876705405756 0.8813070953777004 -0.002217491364647217 6.686668950345988
-0.09070049303747835 -0.05010237694656594 0.9946170983785987 114.72607830965485 0.880643602620449 0.46231462707666315 0.10359551512803455 29.53099571921671 -0.465016414469893 0.8852993490426108 0.0021901731197802587 6.673218509888757
-0.08387178596307632 -0.05070128844560756 0.9951858634794404 115.55991784640864 0.8838250780690211 0.45748182912008345 0.09779369816727324 29.613440041026358 -0.4602377156379656 0.8877723556041257 0.00644125216468272 6.66432562231888
-0.07661429759362764 -0.0523957190232513 0.9956831514253276 116.3405217103859 0.8887728583200234 0.4490164536834883 0.0920164693691286 29.68467287226897 -0.45189938671997665 0.8919859376411383 0.012166812753085787 6.6572919146504645
-0.06960548708313774 -0.05234431351117025 0.9962003558576779 117.1744192487587 0.8937325859936065 0.4403605348094931 0.08558425156229565 29.757451228702624 -0.4431671703782899 0.8962938537250726 0.016130309158792433 6.648605445543792
-0.0643255450612088 -0.052657217832754455 0.9965387306385498 118.00110830640102 0.8978852837639708 0.4327464709300298 0.08082393889002565 29.82194808373944 -0.4355045825851573 0.8999765048642763 0.01944348836009524 6.652509890684171
-0.06265792274008991 -0.04976229353791406 0.9967937092797806 118.84377928304433 0.9007522369407499 0.4272808723257275 0.07795167599738145 29.88697215600763 -0.42978993981261626 0.9027484534943342 0.018050965333074653 6.657502466008838
-0.06005980664835198 -0.051988230755211196 0.9968400290359061 119.71422764556914 0.9045947012804361 0.41937511327800725 0.07637369166419611 29.948875656490355 -0.4220204332028506 0.906323197444489 0.02184068985350085 6.659323088014161
-0.0546954294455263 -0.05320591852593526 0.9970845201042795 120.54378179409785 0.9086847721287248 0.41126379722603773 0.07179187971204254 30.005787043212873 -0.41388451879617016 0.9099622076355878 0.025853157946962968 6.664023598721621
-0.051634891672803995 -0.05341041967178656 0.9972367647817753 121.38706879126829 0.9116771666908854 0.40508941270138216 0.06890073622051723 30.058851635253557 -0.40765007260690855 0.9127156702871564 0.027776312135509795 6.676548348734044
-0.048920381568398064 -0.05176176942784633 0.9974605333008927 122.23141156301838 0.9154705807628334 0.39701778676331906 0.06550185303727557 30.11513976002476 -0.39940006512889237 0.9163501493529942 0.027964115501519893 6.684179520759062
-0.04630071332642599 -0.04955488288987653 0.9976976283059085 123.0844131920339 0.9194139644346793 0.3883801364217536 0.06195830562181476 30.166703443867647 -0.390556277568253 0.9201658454945991 0.02757917397673576 6.696024906298933
-0.04533989316297293 -0.05084813805826188 0.9976766815677203 123.94480556641378 0.9224912066565902 0.3811122089877637 0.06134702765200023 30.21700144139109 -0.3833461460993685 0.9231294335121567 0.029627373394997103 6.701598347512077
-0.045247473558494455 -0.052172738276634156 0.997612485646251 124.7903480358424 0.9263147617048328 0.3717048469138595 0.06145298225849849 30.261558038174176 -0.37402356661618585 0.926883764105005 0.03150967239190994 6.711841491513828
