1.0 0.0 0.0 0.0 0.0 1.0 0.0 0.0 0.0 0.0 1.0 0.0
0.9999414710077908 -0.004154956575401413 0.00998953926026079 0.014824229292571545 0.004160899080949197 0.999991178588874 -0.0005741631068883772 0.006733499001711607 -0.009987065515651695 0.0006156949664274922 0.9999499384679689 0.25070488452911377
0.9996042596789896 -0.008347729110237501 0.02686334771247246 0.039731434630264836 0.00835910334715979 0.9999650136795794 -0.00031113988826792605 0.012905969285229963 -0.026859810551279173 0.0005355702574479096 0.9996390667344132 0.5251284885800831
0.9988208235282342 -0.01445378795057587 0.046347065713592865 0.07789628051780922 0.014443756603956418 0.9998955315013308 0.0005513427581668336 0.01760845992208379 -0.04635019289653467 0.00011873310871618421 0.9989252452115239 0.785871502624151
0.9972845546534418 -0.01986768667668088 0.07091397658997581 0.11613862796810112 0.019873431263595136 0.9998023087606009 0.00062460129945346 0.0263297881611932 -0.07091236690096842 0.0007863988106276738 0.9974822393393344 1.0781149297106782
0.9941398597856055 -0.02867308322734353 0.10422952309060352 0.18644705271829004 0.02869377527996771 0.9995874019060987 0.001301234336388476 0.03837993823765148 -0.10422382858847365 0.001697129592374528 0.9945524185810959 1.3993008321747378
0.9892917971474061 -0.036829932796341606 0.14122781647774826 0.27889428359553187 0.036898600694795065 0.9993167376648675 0.0021333282946107337 0.04639601797319903 -0.14120989116779906 0.003100624624729368 0.989974824307828 1.7732313901663026
0.9836640448081634 -0.04455160551090584 0.1744138796026395 0.38292251875634553 0.0446559582556427 0.9989968816843006 0.0033280290434251243 0.0476278599631225 -0.17438719088256938 0.004514956416645561 0.9846668080242382 2.1770429830949976
0.9757975353353412 -0.052180869873423234 0.21235895755236317 0.5103740400097856 0.05202008015769886 0.9986258615908356 0.006348214106978298 0.05498070242318484 -0.2123984022865052 0.004852358314708834 0.9771711074959828 2.606071481441407
0.9656549357098558 -0.058927932508117856 0.2530573925209715 0.6529693884298455 0.05814675843636426 0.9982520700483312 0.010571618966126248 0.06332999249011102 -0.2532380295740303 0.004505931040369405 0.9673935067814555 3.02951441415096
0.9542528852574257 -0.06775248020511933 0.29122333767047787 0.8132130382886207 0.06601328568413499 0.9976935609541219 0.015805206226702843 0.07069428950139772 -0.2916224907154163 0.00414244574360875 0.9565245229748154 3.437821549531164
0.9416313413781606 -0.07529031756071737 0.328118553294343 0.9754873350800752 0.07279788559522844 0.9971483275743965 0.019891723616831627 0.08018277429190959 -0.3286805208515258 0.005155666512752645 0.9444270931710819 3.8201734394254174
0.9255416861890956 -0.08155653319177564 0.3697581899295599 1.1792478644219295 0.07788212158720798 0.9966520254281958 0.024882028593955233 0.08972521188078415 -0.37054954090286096 0.00576819760530531 0.9287947919928627 4.254347109211276
0.9081615715155246 -0.08827661232731797 0.40920630461720087 1.3931083586885904 0.08333096483847326 0.9960720407249375 0.02994060762823343 0.11014516161851723 -0.4102420143300075 0.006908646905951367 0.911950525125342 4.649722715793036
0.8892448909354767 -0.09549921569167946 0.4473515661618126 1.6230521587517581 0.08913303276462942 0.995393468058519 0.035314957406371986 0.12362322032763089 -0.44866337761771025 0.008470156356788862 0.8936606906628264 5.035024691876084
0.8688622845199072 -0.10262725293053936 0.48429947088013514 1.8661102889766394 0.09500255368144424 0.9946594728475441 0.040336681428322335 0.1469722894917058 -0.48585269921330276 0.010962665304421228 0.8739719530033965 5.422987923183693
0.8477565407669398 -0.11004080856991773 0.5188447436720842 2.1364091462926633 0.10132515965526469 0.9938251091156438 0.045220178152167015 0.17287563944861878 -0.5206169989615275 0.014236324685722949 0.853671639128146 5.790185174669649
0.8218227871860951 -0.11789682849116988 0.5574115573733667 2.4433892309811087 0.10850644760216681 0.9928367428892075 0.050015525568645115 0.1984099521598288 -0.5593153469112362 0.019378849317574075 0.8287284253051118 6.167496631582519
0.7940325214662542 -0.12352734664227531 0.5951918593911224 2.752329970199964 0.11289454209775894 0.9920677004340346 0.05528562308651264 0.2247542372393036 -0.5972999055905498 0.02329532972605789 0.801679580876596 6.533207822391814
0.7648668704952865 -0.12808436845372606 0.6313264329778667 3.0875845444691317 0.11527092281718714 0.9914291255178417 0.0614890512839623 0.2582129047837055 -0.6337911996640697 0.025742642302953325 0.7730756959028278 6.903092263790589
0.7350373319851968 -0.1337142629709547 0.6647109269947485 3.4470512132130153 0.11884613500619017 0.9905918042237688 0.06784890270880603 0.2920615736846065 -0.6675295624780778 0.029126848144503704 0.7440133802123408 7.252932044051616
0.706241279122054 -0.1385772086772103 0.6942763231590706 3.810381671280606 0.1226364639534706 0.9897773136339393 0.07280911429602721 0.32752941167496763 -0.6972686378814369 0.03372279126667538 0.716016214883539 7.579105872757273
0.6764738102578687 -0.14417176982804847 0.7222172005843185 4.239643909254001 0.1259740239464721 0.9888506993315695 0.07940302086318791 0.3660048809466133 -0.7256126579146308 0.0372665428516572 0.6870934983377086 7.954803265054533
0.6467464944964159 -0.1486889784819385 0.7480712262442631 4.650930748647505 0.12903100703942563 0.9880059192432381 0.08482513049041557 0.4100357674594617 -0.7517113615470964 0.041664027869637965 0.6581748534414611 8.285814979493672
0.6167999213524119 -0.15277065393148856 0.772152176916574 5.069619122661671 0.13290184353597181 0.987112728019326 0.08913788289489795 0.457258920967217 -0.7758188944621025 0.04764020864343298 0.6291545545539757 8.590438853108735
0.587472947798806 -0.15588772569115317 0.7940872449444212 5.531193685287107 0.1377276999722959 0.9862149604206699 0.09171222657202095 0.5177881055544682 -0.7974375312618052 0.05548935773007517 0.6008446678749684 8.907671332331072
0.5645545973317398 -0.1585886624028153 0.8100171249972948 6.026625596731194 0.1433659982973002 0.9852919694495268 0.09298346880220876 0.5782569079224996 -0.8128494923193442 0.0636346689750068 0.5789873329707876 9.234136779537058
0.5404175598431451 -0.16040689842998937 0.8259651856762803 6.541237997036681 0.14825806510307868 0.9844537078627557 0.09418303035666258 0.6440882081675428 -0.8282320973888132 0.07155783682688997 0.5557976869721429 9.549317360249702
0.5179696490881723 -0.16223968770380043 0.8398724464805647 7.115682206576219 0.15335995707144284 0.9835532007349718 0.09541396591190249 0.7112344140518263 -0.8415391649771988 0.07938126389624811 0.5343317777857811 9.898426826188532
0.5016750123410441 -0.16636610251844222 0.8489078288751002 7.736219388285123 0.1608474162763908 0.9821590894087121 0.09742500587148506 0.7847110752970397 -0.8499707587145706 0.08766893990845681 0.5194842310460488 10.258559294800314
0.4897629090225901 -0.1703677557517517 0.855048022479347 8.367048845426558 0.16768416845592457 0.9808188886718099 0.0993797125868311 0.8569618013046341 -0.8555783497698942 0.09470551950497667 0.508936687595144 10.606855470618928
0.48063949645431897 -0.17472958135920227 0.8593341886869025 9.02295810118782 0.1736981772530893 0.9795012384260098 0.10201111283025935 0.9333976060262288 -0.8595432610794488 0.10023421232269672 0.5011371918077479 10.971997226848375
0.4733743198146667 -0.1790534735367225 0.8624712209427257 9.721862125851535 0.17927136846869626 0.9782138131353456 0.1046876890497061 1.0045697154010893 -0.862425956118763 0.10505993244639578 0.49516045965625743 11.355059639081796
0.4630460657999217 -0.18196673885316175 0.8674540027565498 10.447857800536728 0.1820509352761933 0.9773573623800824 0.10784267785302763 1.0841197280551464 -0.8674363365182935 0.10798468480573463 0.48568869652806235 11.745789992145179
0.45298427768872046 -0.18564044304902322 0.871976416006414 11.172746427996318 0.18713469709522346 0.9760892786090982 0.11059080127862982 1.1609220501945716 -0.8716569562103588 0.11308114824732189 0.4768928649090486 12.12314619847342
0.44133107558880463 -0.18928001984573609 0.8771544651923209 11.898422749031322 0.1918199055285383 0.9748054264992128 0.11383981865195854 1.244295324043373 -0.8766025356811669 0.11801463703662322 0.4665196028919499 12.496871978744013
0.4320738927264752 -0.19117173792922118 0.8813430193978459 12.623623431958142 0.1942019484684324 0.9740694982074385 0.11607849013910115 1.3272609718935218 -0.8806802793495804 0.12100404653989988 0.4579959238745635 12.863269416117436
0.4200326685451931 -0.19514534958353613 0.8862792166640959 13.392993134871652 0.19798307499844597 0.9727874144519175 0.12036340099096998 1.4195938331951181 -0.8856496256245828 0.12491172410895937 0.44723797000161286 13.248053714525934
0.40828594576094357 -0.19948665343378727 0.8907904700859121 14.137522148778398 0.20203117314329241 0.9713777788911306 0.12493444583011933 1.5096826872570253 -0.8902168227866946 0.12895846532245206 0.4369024177653874 13.61278747857417
0.3965496899872407 -0.20489978746469625 0.894854413001325 14.946016543511101 0.20685208498940802 0.969648574728428 0.13036048658494317 1.6091316974111929 -0.894405142151228 0.13340809054945182 0.42689778995608685 13.98939586071267
0.38180525712400953 -0.20854439318837206 0.9004076752794605 15.728864527989218 0.21146252594018514 0.9680804612262228 0.13455043929701677 1.7144204082510661 -0.8997268172925965 0.13903041631857882 0.4137175335694841 14.336399167026723
0.3681574753338033 -0.21082293073482689 0.9055461143598477 16.5270756708867 0.21518895932965154 0.9668293393952345 0.13760356197132403 1.8242364454921294 -0.904518537752799 0.14420374600180405 0.401312215738053 14.672829442701401
0.3551059811871457 -0.21285085617314284 0.91027152825488 17.339297780259116 0.21931704362266505 0.9655258936146198 0.14021334863808083 1.9353072022121633 -0.9087352620547574 0.14984746172708446 0.389545840322062 15.004925691191845
0.33773124748349626 -0.21431029799456447 0.9165198855708055 18.10743141705456 0.22290470851292332 0.9642456434333124 0.14333119005522155 2.04992769141518 -0.9144676568342974 0.15588917631881416 0.37342665854305523 15.303472752557099
0.3188646164842892 -0.2158848400284336 0.9228862834608741 18.96410277291048 0.2260932619289422 0.9629294745747705 0.14713484939159427 2.17935945597727 -0.9204385874487543 0.16174227289442306 0.35585424529473875 15.62462089016729
0.29861707797412584 -0.21649035869311015 0.9294943600340582 19.804255216601295 0.22674328555840426 0.9621389962606448 0.1512482539692239 2.3033951172619176 -0.9270465593466031 0.16559129345315057 0.33639887089010534 15.929085934808617
0.2732184501291792 -0.21699469254038267 0.9371579279493475 20.61432357149838 0.22599963532354694 0.9614366009772607 0.1567285141093218 2.4253165478990035 -0.9350271885579763 0.16897622824112532 0.31172293939774487 16.193760330993538
0.24220869145766927 -0.21816991453526197 0.9453765589298478 21.4918452511065 0.22499458494576768 0.9604579549744242 0.16400595559743741 2.563227151144879 -0.9437756017864868 0.17298093859735925 0.28171831384297924 16.46090620154107
0.21279233382252644 -0.22022966308592917 0.9519549979717636 22.290323340775775 0.22493362146875057 0.9591423215924892 0.17161256615738404 2.6952605422435885 -0.9508545044323633 0.17760884670316343 0.25363518875238283 16.676736325027914
0.18120441749312688 -0.2215289732876979 0.9581700647980373 23.097875719240793 0.22400866692717394 0.957984945557762 0.17912275462989743 2.8368454377185808 -0.9575933772862504 0.18218056449245737 0.22321551401890183 16.863903146587237
0.15125879222286287 -0.2212578158386862 0.9634135958691754 23.938842648151528 0.22245132854560629 0.957246816182936 0.184916033204066 2.992341331861337 -0.9631387149334074 0.18634245849490808 0.19401109235942648 17.032856662576016
0.12307904832468497 -0.21926590315308833 0.9678708651354015 24.74851467035137 0.22132300414512493 0.9567874351164649 0.1886105295030842 3.14270962985631 -0.9674025406725306 0.1909980830210536 0.16628907535558624 17.17395454979907
0.09638541044909399 -0.2177297968900155 0.9712381727458989 25.580685159418934 0.2221656697180507 0.9558699590812689 0.19223692809838475 3.3109307337780494 -0.9702330997504104 0.19724694388559263 0.14050400448565226 17.2891065816751
0.06966374910185158 -0.21579989221119275 0.9739493665395094 26.41541187874369 0.2245614879674869 0.9546551758257211 0.19546261379350652 3.477585220988586 -0.9719666147470818 0.20509486046900063 0.11496520354567574 17.379029507540963
0.04272604760195792 -0.2118538161956225 0.9763669624785893 27.236331552779554 0.22639282948841982 0.9538918458330563 0.1970701225691817 3.640124095752419 -0.973098541573536 0.2126224518167271 0.08871821329862922 17.446910892950818
0.01567244822892111 -0.2099722565683062 0.9775817233552012 28.09673299287334 0.22923297504011303 0.952415212572942 0.2008917768697778 3.8185085284537963 -0.9732454045721309 0.22094550081694594 0.06305924316052502 17.48790677844834
-0.009055284699227506 -0.20778041605418493 0.9781335801021076 28.93305277558469 0.23341097871532354 0.9507132942489597 0.20411650387326885 3.995800041303497 -0.9723360102527168 0.2301554493003396 0.03988925072231969 17.50769553419187
-0.0333153960153193 -0.20167433533206044 0.9788858701895305 29.80389408896799 0.23564840305021192 0.9502310960091798 0.20379081018799203 4.1770363634394805 -0.9712671694895424 0.2374622636242756 0.015866909787596306 17.512375515158247
-0.05973078443563634 -0.19187400227088083 0.9796002249097625 30.62681380548781 0.23701108135063756 0.9505630301902079 0.2006381642475107 4.351686913659595 -0.9696690057476854 0.24416038353542047 -0.011301610687480423 17.49484589803789
-0.08534340729491591 -0.1793111880602229 0.9800836702382738 31.484105578457232 0.23855350126655311 0.9513843875710689 0.19483319563023835 4.535687395764218 -0.9673720741600735 0.2504301198387555 -0.038419073554470384 17.45241186709473
-0.10980210898536891 -0.167870244349838 0.9796749858622965 32.39725669153733 0.23984494901027503 0.9520338395996675 0.19001570643337112 4.723170930229203 -0.9645817214195093 0.2558342223375133 -0.06427249321705264 17.391859490618288
-0.13431090981540422 -0.15940909298552097 0.9780333944084383 33.29876630368972 0.24339438337268893 0.9514344390750014 0.18849849411776737 4.902668345709657 -0.960583027982062 0.26336523919373067 -0.0889887472506618 17.3032000155994
-0.16003252806450197 -0.155513427805537 0.9747846755737681 34.18077509019844 0.246055269819682 0.9500561649743087 0.19196376634217366 5.076143108436469 -0.9559531338696725 0.2705713531889161 -0.11377499144482905 17.196742170513243
-0.18557115666028434 -0.1557844034605913 0.970203362936963 35.01851555579239 0.2481329857325495 0.9479255269621916 0.19966776586345147 5.241832909336015 -0.9507856578678576 0.2777920354723644 -0.13725238730494282 17.068511645750174
-0.20992113074808144 -0.1577592474138932 0.9649068031270424 35.802426710761765 0.24969216782622716 0.9455208731872322 0.20891170310323284 5.403633385143365 -0.9452972760945025 0.28478465236500394 -0.15909356236396793 16.931409191375153
-0.22832615825317903 -0.15853068576931065 0.9605910613402856 36.60322844643113 0.25380334489777273 0.9428458596344476 0.21592949564355932 5.573875439816529 -0.9399207560087427 0.2931035766409065 -0.1750407546380608 16.771040277169078
-0.24609295465631265 -0.1585314606205107 0.956193512664698 37.41414590704134 0.25656507040276344 0.9406879568635232 0.2219921900904526 5.753985585865338 -0.9346724679360955 0.29995656986546915 -0.19082304335900013 16.59650624815484
-0.25780294909880297 -0.1551071876983462 0.9536662937108925 38.20649487899403 0.26051746877576565 0.9393152590647301 0.22319832560041153 5.929460754780674 -0.9304129663212074 0.3059879154680285 -0.20175011199229287 16.41321751560028
-0.2696793946454575 -0.15163521565276905 0.9509362678316556 39.04137106892612 0.26356554822829387 0.9381903134734162 0.2243482504762902 6.121782460843372 -0.926178290552515 0.31113613913943133 -0.21304477705550512 16.21804985112334
-0.2817943647852889 -0.14895341230533138 0.9478421898912569 39.876823026017206 0.26327559855105254 0.9379543074318824 0.22567161181141718 6.312304841032777 -0.9226472214139273 0.3131367083760317 -0.2250944394794851 16.00999360497337
-0.29393232560350474 -0.14878836510147397 0.9441746715389828 40.70101636256579 0.26416797479332454 0.9366886143620963 0.22984716839241237 6.503533454503143 -0.9185962492079472 0.31698022357056754 -0.2360179417041091 15.796295011907718
-0.3079486656085787 -0.14691450579678894 0.9399913549264064 41.52417801114376 0.26683070706952433 0.9350157748839554 0.23355272313320313 6.705604619209017 -0.9132190280073417 0.3227408073123729 -0.24873555873795838 15.561747044907012
-0.3176529935074203 -0.1434076918764568 0.9372997437460665 42.26782343522013 0.2713824901576047 0.933396311679493 0.2347826002474981 6.889460953106585 -0.9085417545449589 0.32894613427396613 -0.2575777960045888 15.339820660964179
-0.3248727010200484 -0.13907362594464395 0.9354764853798023 43.07818093274159 0.2753786400087051 0.9323606287475454 0.234244023591719 7.096880387199375 -0.9047786098040196 0.333709730946059 -0.2646006098122503 15.098616379682158
-0.33024211620790916 -0.135545725641049 0.9341132163410192 43.865786476897156 0.2800390312774143 0.9310079842227139 0.23409885577415063 7.294232122663961 -0.9013979618590945 0.3388974617402743 -0.26949995321385506 14.854404734889604
-0.33001144663983245 -0.13249079639592226 0.9346328872648659 44.695504348005365 0.2881109879228676 0.9287220381252481 0.23338259262120312 7.502297333679963 -0.8989352055208397 0.34629693150656055 -0.2683168490876901 14.601909288639057
-0.3263306194225531 -0.13139965471386297 0.9360782326111265 45.58903967775768 0.2929959372774532 0.9274563034545122 0.23233205960736103 7.7183641793748325 -0.8987000097731164 0.35008418405230657 -0.2641578250028403 14.336778013690017
-0.3210175653835821 -0.129773703977129 0.9381399194529855 46.429631517479315 0.2988609524679149 0.9260732465217578 0.23037029575581627 7.917166893779223 -0.8986822874660255 0.3543263013561201 -0.25850148618939045 14.096000589689885
-0.31204228134894835 -0.12744414979177637 0.9414816001040037 47.27029622941706 0.30660916451273396 0.9244304883954584 0.22675778346451025 8.116460417105761 -0.8992332483217839 0.3594249028778971 -0.249385854257749 13.864369965661808
-0.3029548576008014 -0.1265462564326912 0.944565719915216 48.17444396556048 0.3120094095097604 0.9233495562353811 0.22377606077794818 8.325353817853351 -0.9004823610895714 0.3625074371413597 -0.24024961057981814 13.627050928194208
-0.2983027713730824 -0.1253727395373394 0.9462014229391336 49.08739362812788 0.3169932625454315 0.922053487721312 0.22210951641424007 8.535610480339377 -0.9002948006580633 0.3661953603773086 -0.235308797001284 13.39441587396273
-0.2974079681670219 -0.12505741672821014 0.9465247714624433 50.010714751910996 0.319129593452489 0.9213416963173251 0.22200401169790407 8.745171702413748 -0.8998359867518152 0.36808982755352093 -0.23410483933060072 13.166489141826485
-0.2982541281014683 -0.12382326998650256 0.9464207694679374 50.94236926451878 0.32394687266141226 0.9195638336602316 0.22239779566575935 8.95422328164151 -0.8978323333247271 0.3729211091289253 -0.23415154836713875 12.926856229306479
-0.3000081328007662 -0.12244016523663033 0.9460462600688324 51.866162279592075 0.32944791193481704 0.9174106617595894 0.22320786503083084 9.165226783127741 -0.8952425333814225 0.37863713978776464 -0.2348930028718479 12.683416963541491
-0.30210030864043746 -0.12007738837387767 0.9456832579255392 52.78496392597491 0.3349545513715918 0.9154078634526833 0.2232350600699847 9.379265022248624 -0.8924913736472799 0.38420029194458316 -0.23632453032829437 12.433976188995914
-0.3029707681720974 -0.11876779736555959 0.9455701581279639 53.70653551943046 0.34048279823541167 0.9132278583433906 0.2237997829563921 9.59276032570889 -0.8901012176932426 0.3897551655263566 -0.23624295377117427 12.189930345755581
-0.3040208809012901 -0.11709250545432164 0.9454420390179578 54.61657708379878 0.3461380920261644 0.9110170183333762 0.2241348111192272 9.802123082930226 -0.8875582939866488 0.3953951662241141 -0.2364380200012577 11.941980038059265
-0.3060150873696446 -0.11438113987473383 0.9451305312723237 55.557012713629376 0.35196218310607286 0.9088292426466495 0.22394648774545267 10.015667954242828 -0.8845775194777197 0.40118120912035937 -0.23785762439613017 11.6933434198203
-0.30862123024156873 -0.11320914441322776 0.9444239651053997 56.53775929077988 0.3560040311854735 0.9069788988616536 0.2250564524722506 10.23912509841156 -0.882051056358912 0.4056759379614805 -0.2396100317916594 11.433043727389595
-0.31145164635629297 -0.11017949734654067 0.9438529283455227 57.53287552407843 0.36269551892780516 0.9042777035796437 0.22524163771029604 10.466422171006405 -0.8783221689856432 0.4124831065306672 -0.24167716957785956 11.168267279404501
-0.31217425681364175 -0.1079346233344653 0.9438735881824949 58.50853556912578 0.36854433041000717 0.901961808331163 0.2250332705059812 10.688075887597801 -0.8756268097228923 0.41810885352695626 -0.24179056370521235 10.90555025690359
-0.3122256066987874 -0.10638515061332263 0.9440325048696973 59.462152081474336 0.37464459433415587 0.8993876970571301 0.2252625097935027 10.90478133048524 -0.8730158065337478 0.42400939861193265 -0.24095524777638122 10.652187762233984
-0.3121249293187389 -0.10584604632222572 0.9441263914199866 60.4737166470505 0.3810315726843254 0.8963980562474194 0.22646294481340162 11.13468156042411 -0.8702832694677533 0.4304266943787309 -0.2394574944551051 10.377473206584519
-0.31205504629691294 -0.10492831953103954 0.9442519239276264 61.44257502733513 0.38810910300384255 0.8930917127858488 0.22750498174499853 11.358475551698874 -0.8671752834612991 0.4374668448164174 -0.23797013980788484 10.117478601757155
-0.31072873457211464 -0.10250720507777056 0.944954986450866 62.359385563004814 0.39584966184001713 0.8898930642802498 0.22670107932484887 11.571602653182936 -0.8641473825293673 0.44450265134535616 -0.2359379033021028 9.872262039656414
-0.30887555296191627 -0.10016804303648033 0.9458130131990745 63.36809952162621 0.40146986008266083 0.8877716935915821 0.2251296770813282 11.80163631050521 -0.8622168197313711 0.44925247157002507 -0.23399652253942715 9.60998348831451
-0.30807898225543134 -0.09722027157899177 0.9463802404353997 64.34125790555544 0.4083207786579551 0.8849703203699664 0.22383403177452885 12.022709815494585 -0.8592796299276616 0.4553852773843118 -0.23294369863337044 9.355802843719133
-0.3084160329921051 -0.0941198937483492 0.9465838558702616 65.33835660093624 0.4120239291718796 0.8836869878409712 0.22211165955509232 12.245764732914793 -0.8573889621304783 0.4585179965076079 -0.23376358676122028 9.100984538369996
-0.31123080400973013 -0.09098683646929465 0.9459687004466728 66.31469378629211 0.41508447124711423 0.8824222014592181 0.2214406017454134 12.468336046493807 -0.8548919629783407 0.4615760543628504 -0.23686974832988372 8.849953496847656
-0.31717063532065326 -0.0872261262000317 0.9443486596583011 67.23961796244025 0.4189843340720055 0.8804255831528378 0.22204260927178784 12.677455744742351 -0.8507966360373858 0.46609268974971263 -0.2426987611615411 8.595242882796438
-0.3237666781333454 -0.08577629390967875 0.9422407152811957 68.173204939397 0.42420263435786254 0.8770157387049655 0.2256003525432379 12.891376200477913 -0.8457110990961089 0.47274287035015566 -0.24756194254922875 8.33294711619095
-0.3297897189190733 -0.08634961030698576 0.9400970620606737 69.1236999565605 0.42913607505493423 0.8732668203354055 0.23075374230494425 13.116560392365367 -0.8408810679172913 0.47952977519766427 -0.25093868637010336 8.062688182157322
-0.33677887235184084 -0.08543289680337254 0.9376999580255972 70.09063393021465 0.4312418018362911 0.8712924175910861 0.23426487444187966 13.354745521839208 -0.8370247902460307 0.48327087972695487 -0.256590641531455 7.78917480298366
-0.3430121790825304 -0.0813414041178695 0.9358024476229948 71.02119219183567 0.4347390511680781 0.8693764234857293 0.23491826594933238 13.582548724152106 -0.8326731666089245 0.48740969446995563 -0.2628444166159349 7.515508522147448
-0.3514893982896552 -0.0782809750201496 0.9329133356533561 71.95111910825051 0.43839967324062046 0.8667231200202652 0.23790073502377984 13.818368019080111 -0.8272006584816611 0.4926084877184236 -0.27032563406986476 7.2344903514332906
-0.3581505202346434 -0.07485026682449464 0.9306587142513396 72.86749428761154 0.44224350585169575 0.864270616327631 0.23970186333163626 14.04540348433509 -0.8222827289853871 0.49742711959538277 -0.2764369264468574 6.954804224120753
-0.36361138055526054 -0.07211805684864167 0.9287549460471657 73.78644358005155 0.44613106736236896 0.8617468421316032 0.24157700803330437 14.280464668116498 -0.8177737062689231 0.5021865847995005 -0.2811668532786238 6.665217231146698
-0.3679287294163266 -0.07018287555022479 0.9272016037785902 74.65386647056032 0.4506302603616567 0.8587688684989984 0.24382042355663303 14.50095825812477 -0.8133638905904745 0.5075336387634342 -0.2843392111670052 6.391738587294521
-0.37078444103853103 -0.07226966800831239 0.9259027990937888 75.58638274457998 0.45708914722313587 0.853657851113353 0.24967535866272272 14.742097470358853 -0.8084481490946535 0.5157958591521467 -0.28348936824319937 6.086293990105849
-0.3733729223438519 -0.07565228342697586 0.9245914735020525 76.50028629529994 0.46280545442795895 0.8485917974296296 0.2563261061360724 14.980189351030205 -0.8039923956183558 0.5236112043753791 -0.2818289098733885 5.78832872475715
-0.3764088058650349 -0.07576607496423712 0.9233503737757258 77.43952024639337 0.4676022074632483 0.8448529512504194 0.25994550647963555 15.231244450135714 -0.7997903390531522 0.529606450723526 -0.2825817066076176 5.482639572508861
-0.37725718289803845 -0.0699125782470919 0.9234658896541227 78.3255924917205 0.47157918509116076 0.8436875006958613 0.25652382610262137 15.470733542383961 -0.7970508704848097 0.5322627476842762 -0.28531785308142177 5.198575564813166
-0.3778150607727705 -0.0642916395925685 0.9236462336478003 79.20315839211155 0.4754099963838034 0.8425669329674106 0.2531132134208781 15.711412107329819 -0.7945068377248995 0.5347406367094146 -0.2877695888379973 4.904719460688857
-0.3786538040910217 -0.05972634609046082 0.9236092573323859 80.14681805577466 0.48304063918090556 0.8384745808401018 0.2522540746642525 15.965058211947348 -0.7894890990679359 0.5416577709843167 -0.28864133727725316 4.5888190787109115
-0.3786409566037903 -0.05736158479884634 0.9237644042565895 81.03579560271577 0.4894486224273191 0.834690932660975 0.25245017911966666 16.2073033168095 -0.7855387145049991 0.5477231924274495 -0.28797262455121825 4.287191937886568
-0.37888847920830715 -0.05724759719559577 0.9236699805333871 81.91282307782772 0.4947441680404432 0.8309548992588829 0.25444481442471967 16.443543392187834 -0.7820944498672692 0.5533865448427447 -0.28651632322404064 3.9964883137950498
-0.3774814659753041 -0.05767635296882334 0.9242192278639041 82.83881456849345 0.5002599430192906 0.8271837596685456 0.25594338661302785 16.685671757348263 -0.7792610167687535 0.5589637430538991 -0.2833933691809021 3.698009333188306
-0.377131011428303 -0.05953829678863029 0.92424422715783 83.7396391159277 0.5049657757321033 0.8233372503240806 0.2590855796219804 16.92526740548754 -0.7763902147492203 0.5644209098219974 -0.2804412077376796 3.409698716065672
-0.37644564131571534 -0.06035316884342978 0.9244707535368312 84.65360286336971 0.5057201752040692 0.8226996298425929 0.25963902528015026 17.16354228594365 -0.7762317846661303 0.5652634908318575 -0.2791798746446763 3.12499881976912
-0.3744536445755466 -0.060300377349173456 0.925282839220331 85.53828106095554 0.5079027819218244 0.8215296821845726 0.25908250694669865 17.399905722246583 -0.7757700897689735 0.5669681170764911 -0.27699805421442275 2.851566279274291
-0.3752556758186981 -0.05870168843673845 0.9250606950576424 86.34802210518987 0.51187706297033 0.8188922102948082 0.259610131395816 17.61665693283541 -0.7727645502808221 0.570937526961716 -0.27724590192844867 2.5939038415158744
-0.3732189260066712 -0.05624128014340232 0.9260370142052953 87.24766977055562 0.5176762995141594 0.8156932379000275 0.25817782740873696 17.858947901704134 -0.7698823820505009 0.5757442661911628 -0.27531737641537674 2.3139684355934187
-0.3689671498215146 -0.0520278905147846 0.9279850973809708 88.130708979021 0.5248257829926266 0.8123619650313717 0.2542163159133284 18.097154015482367 -0.7670861358796447 0.5808279748591233 -0.2724293004841536 2.040627353501749
-0.3639386724450107 -0.04999654776482415 0.9300800975779253 88.98866233569542 0.5326931620988351 0.8079589033659578 0.2518737888801117 18.32123275639761 -0.7640593155980153 0.5871139205327008 -0.26741467155826376 1.7795961834964706
-0.3558526045004549 -0.048144255583516704 0.9333011596074184 89.86544317130132 0.542375756943895 0.8026355496314392 0.24820296683838153 18.542982003780956 -0.761050236285214 0.5945235950928666 -0.25950767373639155 1.5175328332067481
-0.3438602936802959 -0.04636500301327162 0.9378754634415383 90.78497203633844 0.5502020942977863 0.7994238022522757 0.24124518611330753 18.76709546337876 -0.7609453028046305 0.5989756847219208 -0.24937998165746111 1.2571388765791511
-0.3351082352527012 -0.04506450083228508 0.9411013024274045 91.70035113944958 0.5561201498549136 0.7968370510743847 0.2361802128892822 18.991206714767085 -0.760547729988834 0.6025113316775172 -0.24196538101351645 1.0101621211784986
-0.32375389164352586 -0.04459197641551682 0.9450899286761181 92.57559477175639 0.5659785463364452 0.7913311982993025 0.23122114887067352 19.204658942276904 -0.7581897537770848 0.6097593707664917 -0.23095845303841056 0.7742186267253568
-0.3103863664103658 -0.044603302227186725 0.9495635044466486 93.41090915978654 0.5737246530025673 0.7876703868851556 0.2245337038425929 19.39512218997146 -0.7579579975721966 0.6144801925649188 -0.2188921352212691 0.5627165866147656
-0.2999891802847066 -0.04474831807890345 0.9528924806824847 94.29041049969294 0.5802753805529205 0.7842798416195593 0.21951221549918953 19.586275003728776 -0.7571571662714905 0.6187913364441269 -0.20930911949893233 0.35331712930105375
-0.2870997199188093 -0.043114887697810966 0.9569299124185358 95.18937750310255 0.5891985327712588 0.7797066642390983 0.21190235185418316 19.780647063349047 -0.7552607760255641 0.6246588062294033 -0.19845033634972636 0.15022520181466925
-0.27491456865416164 -0.03948515157446508 0.9606575366626955 96.04129058738214 0.5956793660514222 0.7772990098827977 0.20241625946499076 19.955084801123053 -0.7547105887704719 0.6278910510911621 -0.19017033195891453 -0.02981421845536522
-0.2614572281168436 -0.032860136702837606 0.9646555495519256 96.91766847920607 0.6042772659300777 0.7737546538648647 0.19013869017781052 20.12622975758847 -0.7526547041941125 0.6326325529391719 -0.18244711347713605 -0.20349957001006236
-0.24739634472761113 -0.02823615686874159 0.9685028487623053 97.80587767327837 0.6106129321038783 0.7715569450196209 0.17847052344713443 20.28394690285837 -0.7522944209303439 0.6355333193761548 -0.1736390054100892 -0.37105440287139074
-0.23478790889764867 -0.028904832369091193 0.9716167703890172 98.71249216424168 0.6151515422240064 0.7695205969567129 0.17154192186987685 20.4359522183136 -0.7526375076588304 0.6379675238796244 -0.16289327960356415 -0.5294586937097985
-0.21990166090161667 -0.030556606847232937 0.9750433597080153 99.60599930048917 0.6222548981086825 0.765373617566117 0.16432305776581838 20.577272153216192 -0.7512936185756296 0.6428604197737943 -0.14929293143279593 -0.6807791966212016
-0.20862230076335309 -0.028484186670639566 0.9775813964749521 100.49761336552967 0.6268100278946249 0.7633940480286399 0.15600870605574058 20.710820404262712 -0.750723600638041 0.6453047175901933 -0.14140684884720522 -0.8191610314798459
-0.20122650764859917 -0.023788693468718147 0.9792558351537151 101.4222663495672 0.6307247370710529 0.7617408988466493 0.14811181273264576 20.851887047456845 -0.7494626065830101 0.6474449019703148 -0.1382783433746949 -0.9639535100871706
-0.19638120721550373 -0.017832945006845125 0.980365445905232 102.3257757299005 0.6326888579472727 0.7615376052742603 0.1405890635238765 20.979315189544728 -0.7490922710066878 0.6478753443568661 -0.1382689686535456 -1.096774169394997
-0.1926341247257275 -0.016171442783394885 0.981137390190312 103.20843627894683 0.6349362189463847 0.7602855033769753 0.13719311653610056 21.09263277844265 -0.7481631452171522 0.6493877407166868 -0.1361890977488862 -1.2263745652523625
-0.19033218464811563 -0.015559929910484771 0.9815964283086285 104.14716274310788 0.6382999129059941 0.7577186765689461 0.13577786403830816 21.210488436637068 -0.7458866406306497 0.6523958121874983 -0.13428634915336063 -1.3636237667936133
-0.18518296846729404 -0.015147273943970807 0.9825873133120067 105.0647971931685 0.6422753450675243 0.7549022839842201 0.13268354364351514 21.32316421637736 -0.7437672010165775 0.6556623381951066 -0.13006632525174194 -1.4931829560564138
-0.18029759707119586 -0.016777755132460104 0.9834690048105573 105.9532678166633 0.646823198407477 0.7512353974951536 0.13139683235230748 21.43375595275239 -0.7410212726314099 0.6598211003620709 -0.12459369576632551 -1.6162263120072216
-0.17474484634772053 -0.01907286171323025 0.9844290043578459 106.87097425783823 0.6519706014401345 0.7469816072925011 0.1302029693382652 21.542727413159902 -0.7378337031694209 0.6645710679173298 -0.11809624106854216 -1.7365967644177978
-0.1695662126093868 -0.019666780050413557 0.9853225448063985 107.72893678371621 0.6553368223855706 0.7444744737547622 0.12763779672633474 21.647854133408522 -0.7360577074977828 0.6673612033149805 -0.11334935175416744 -1.8431770957973728
-0.16514621514060357 -0.019126338118519493 0.9860836226278732 108.60494629087609 0.6591060803714608 0.7416277108963477 0.12476984109957429 21.745094736227145 -0.7336933299697518 0.6705389784500373 -0.10987072374876489 -1.951833883950177
-0.162546695104558 -0.017037668054480204 0.986553743988563 109.4878718648611 0.6606781002556732 0.7407471705563264 0.12164734750643541 21.84365062797546 -0.7328594815878011 0.6715678276838923 -0.10914959031896249 -2.0535780614863985
-0.15805073129544273 -0.014372557017089338 0.987326387747115 110.32268680378736 0.6653524580235299 0.7372655478997918 0.11724170965175623 21.937483836251705 -0.7296067933750499 0.6754501769078238 -0.10696254286509366 -2.157297859459229
-0.15311179943250225 -0.012043380650664903 0.988135483553265 111.22608988175294 0.6686975256157052 0.7349632928373067 0.11257254290979218 22.03263121309998 -0.7275990627467677 0.6779999374367573 -0.10447817344200938 -2.2654403056855146
-0.1469319795990761 -0.012604378539733618 0.9890662884825889 112.11708119461579 0.6736517921317914 0.7309084500365628 0.10938967329129101 22.119909874060518 -0.7242956967487262 0.682359119017821 -0.09890286327756553 -2.365578257642505
-0.1400037505420752 -0.014468508865554564 0.9900452575944999 113.03322211441751 0.6777383306597979 0.7275536932905278 0.10647243086256203 22.204598863463755 -0.7218515809975224 0.6858981598098364 -0.09205438273573513 -2.4603537948476975
-0.13403604606604774 -0.01674309115606537 0.9908350050606408 113.93759053439595 0.6824754190708691 0.723392958210199 0.10454630732808806 22.28790001601882 -0.7185134937626586 0.6902335089739102 -0.08553398371723925 -2.5491815769672908
-0.1277542831360005 -0.014307384964236392 0.9917026479121107 114.79548024013773 0.6860184719368703 0.7208482440282382 0.0987748208948378 22.36394343415418 -0.716280321732915 0.6929452415717211 -0.0822763202950943 -2.626317693342707
-0.12236263444800038 -0.011723461671376556 0.9924162161801795 115.69808246122192 0.6908455346036679 0.7169117040007242 0.09364857705779589 22.440284408848058 -0.7125726861233996 0.6970653980174439 -0.079624103622366 -2.7064752804526795
-0.11725618010489042 -0.010416977682493112 0.9930470657542735 116.61166490567186 0.6948567219189581 0.7135532137873366 0.08953182170493151 22.515328223370414 -0.7095245761996195 0.7005235882322067 -0.07643021718551118 -2.7861607091131404
-0.11086066440382664 -0.01147380430337197 0.9937697242836241 117.51230399537305 0.6994700989743434 0.7094417085814421 0.08622089518131171 22.584032829287054 -0.7060109728104547 0.7046707131276654 -0.0706235961374328 -2.863183269354435
-0.10252066523474879 -0.012914260388158405 0.9946470404512606 118.4211723838429 0.7043458048695006 0.7051335237989976 0.08175390374498415 22.64653664748597 -0.7024147637703526 0.7089569348651832 -0.06319465281180403 -2.9414452324172538
-0.09502785983288808 -0.014433751946799411 0.9953699677307524 119.27979105763595 0.7094479379360709 0.700440642613277 0.07788792931999367 22.70674966239924 -0.6983217948867397 0.71356469432017 -0.056321379652174985 -3.0074594918344157
-0.08911091259253939 -0.0140789310491381 0.9959222002533323 120.18053921176418 0.7134863895769128 0.696783304534623 0.0736898799721708 22.7696884124563 -0.6949794364910569 0.7171435074114 -0.052045870462973653 -3.071268523658809
-0.08310507081585167 -0.014035896365314438 0.996441940515309 121.07986781807892 0.7154944391796215 0.6951562767045057 0.06946551994599565 22.82450877213876 -0.6936578801597594 0.7187216043584268 -0.047728405805327834 -3.123715018856956
-0.07688654175728471 -0.014502614582364237 0.9969343678833029 121.96767537269693 0.7194621387340819 0.6914318643883138 0.0655454638909605 22.877598013041943 -0.6902627692587702 0.7222960965412841 -0.042727722808945434 -3.1788305494519773
-0.07180999439712726 -0.01575756179195409 0.9972938503525715 122.87666609841702 0.7230682817769508 0.6879037952549387 0.06293352335583352 22.927636864467246 -0.6870339035250099 0.7256308067607273 -0.03800457455311729 -3.2326588276025743
-0.06831118978437573 -0.01504636557269029 0.9975505943225618 123.77703528056719 0.7272083382004977 0.6837796193377685 0.06011210385577287 22.9738691818172 -0.6830092343460035 0.7295334393030588 -0.03576795684319717 -3.279544225906832
-0.06583354625681365 -0.013648376113071958 0.9977372730417203 124.66285808670085 0.72904264183918 0.6820543389334343 0.05743435489517812 23.01623368134202 -0.6812949218711389 0.731174124659477 -0.034951807693545944 -3.3211422960553785
-0.0614373557444427 -0.01566530845353986 0.99798800064439 125.59021546417398 0.734340834647743 0.6764813703023678 0.055825569434513056 23.061107519526473 -0.6759948149860231 0.7362931167306177 -0.030057550916967768 -3.3659971729442586
-0.05672696791897258 -0.016618891829932536 0.9982514029767577 126.48011155915941 0.7411905072115086 0.6691786339555297 0.05325962708241855 23.10127519540915 -0.6688936261695628 0.7429157208538237 -0.02564271003573637 -3.405800603842422
-0.05190036931021824 -0.017404056600259288 0.99850060114119 127.3931272707619 0.7454352149597969 0.6646751407488141 0.05033187427848801 23.144221924992173 -0.6645545063900359 0.7469297531122985 -0.021523288603197965 -3.443939795157104
-0.04832474281706506 -0.01594378358649695 0.9987044182322473 128.29181929337412 0.7489463031558532 0.6609765270432133 0.04679172669471693 23.1761861537361 -0.6608662150699227 0.7502371801389474 -0.020000482902056305 -3.4758687350683575
-0.044375876682335835 -0.013427851387309897 0.9989246590087737 129.1509745580499 0.7514780944364758 0.6584048702330083 0.04223387781839627 23.208818146606305 -0.6582639707220788 0.7525441645914055 -0.019126557155597468 -3.5009411561314994
-0.043462872953044185 -0.014327281793259872 0.9989523050031389 130.0495853129195 0.7534753509599321 0.6561209186726813 0.04219283796954204 23.234539942802396 -0.656038012748099 0.7545197605606717 -0.017721646452627082 -3.5259206960136917
-0.042861383673409914 -0.015618235577129491 0.9989589443551012 130.9499715390809 0.7571169538866314 0.6518838931345203 0.042676785366401404 23.263037273004574 -0.651871781815281 0.7581579390794762 -0.01611581470891471 -3.55592410608908
