1.0 0.0 0.0 0.0 0.0 1.0 0.0 0.0 0.0 0.0 1.0 0.0
0.999942979119188 -0.002509344788639529 0.010379869892023455 0.007447976619005203 0.0024963524968141136 0.9999960846894044 0.0012644485254528692 -0.0008362098014913499 -0.01038300218892673 -0.0012384646113626479 0.9999453282409752 0.30680403113365173
0.9998110700706604 -0.00465325943533387 0.018872502239734235 0.01724566166293384 0.004614207089080054 0.9999871235798307 0.0021122896287456036 3.017577250805255e-05 -0.018882088261110864 -0.0020248089203920385 0.999819667185906 0.6076856184107624
0.9996925019801062 -0.00736800449387952 0.023677288580696097 0.027364293971512632 0.00732517951014122 0.9999713751031061 0.0018949194039330156 -0.00029906639765951644 -0.02369057259543546 -0.0017208963308014322 0.9997178578408605 0.9007767109381097
0.9996574460137161 -0.00983156209697852 0.024255535781912325 0.03818704570546663 0.009806275633111818 0.999951243061492 0.0011612312364514673 0.001691369767679296 -0.024265769873255853 -0.0009229769825561847 0.9997051167849187 1.2213858110764968
0.999698799204907 -0.012793014271917395 0.020943964622435005 0.04670371684656617 0.012791835730324016 0.9999181630238579 0.0001902462668423945 0.0011245739983954907 -0.020944684454908772 7.772279047634815e-05 0.9997806330151892 1.5535654566148829
0.9998292824668785 -0.01506980560789229 0.01069143959939851 0.050271246222337806 0.015084382990071664 0.9998853996308942 -0.001284131915447372 -0.00030569217811237054 -0.010670862738133464 0.0014451864612471093 0.9999420203814401 1.8699835701129395
0.9998643158846254 -0.015088660713418522 -0.006609246435512128 0.03461420129013503 0.015076439012739487 0.9998845480876839 -0.0018951206250266304 0.001673333980704116 0.006637078217494209 0.001795219586455931 0.9999763629103297 2.2030255088503337
0.9995916870407254 -0.01208507408193671 -0.0258922803845232 0.006061341584124025 0.012046015283950053 0.9999260596397412 -0.0016639618744857486 0.002440247771357818 0.025910475002506324 0.0013513836520403705 0.9996633538583725 2.5637905114387998
0.9989467251801749 -0.00976059679723525 -0.044834930600657796 -0.03219075702430738 0.0096627742100323 0.9999504388476441 -0.0023980498263891856 0.002682944416845707 0.0448561149272865 0.00196229420977374 0.9989915306723398 2.912482449119187
0.9978806808967746 -0.009936234482728118 -0.06430721528175362 -0.06850736471712371 0.00973977345608454 0.9999468958941707 -0.00336781897324798 0.0016239408080030533 0.0643372637436013 0.0027343437817258323 0.9979244660083596 3.2908656582380043
0.9963018504151923 -0.011854219818992241 -0.08510053073716527 -0.11510995440032513 0.01164581231165775 0.9999278484435274 -0.002944989422720936 0.002022272948326203 0.08512930115339747 0.001943033602722549 0.9963680177050813 3.6911065992919916
0.9944457123782964 -0.013401967648523633 -0.10439402471200553 -0.16909275843225458 0.013218476434370642 0.9999096321567235 -0.0024493674612463922 -0.0005528535589678172 0.10441741719261631 0.0010558330143306364 0.9945330000575493 4.0880434921662445
0.9924176843336451 -0.013139454566080637 -0.12220676967971843 -0.23690946924558232 0.013030653778097005 0.9999136700904789 -0.0016895053431607357 -0.004971818930635514 0.1222184187590447 8.426087529284434e-05 0.992503224688033 4.501022936307245
0.9901549554702853 -0.013254873411696882 -0.13934659123379226 -0.31026082214910267 0.013276605647285642 0.9999115627000404 -0.0007736415511989199 -0.009354748724383164 0.13934452231833214 -0.0010840247244272411 0.9902433685666736 4.926257471486736
0.9880815569233345 -0.013111824397020303 -0.1533718257338715 -0.3884547894202613 0.013093992778712222 0.9999136355498102 -0.0011264078624333865 -0.011982578517855952 0.15337334912255904 -0.0008952667441733573 0.9881679079368983 5.36424076921673
0.9856592633541323 -0.014184636666983483 -0.16815056540736079 -0.4690832123464206 0.014076061475707738 0.9998992386353921 -0.001837680520516136 -0.01816017927940984 0.16815968915742424 -0.0005555708677168522 0.9857596107994533 5.807657062069105
0.9836995661352402 -0.016468779843854933 -0.1790640747771449 -0.5527534856466199 0.01609850987419783 0.9998642118014736 -0.0035207866235611217 -0.022777567589133844 0.1790977430487907 0.0005807314981378672 0.9838311141581957 6.250966605454282
0.9819962475717426 -0.015946999347094856 -0.18822609533972784 -0.6503064208318542 0.015167264258409294 0.9998693879153379 -0.005582222202945099 -0.025175458582538345 0.18829053043085342 0.00262684632805756 0.982109859347943 6.728928827460172
0.9804219339345394 -0.01629988355466467 -0.19623237565743978 -0.7549374427992679 0.01526545220927492 0.9998604693678035 -0.006782902361272462 -0.028830136497045786 0.19631555574865822 0.00365453029821677 0.9805339601356984 7.224547208773474
0.9788788357507179 -0.01677413735547331 -0.20375194044548106 -0.8623454496058156 0.015091464999508966 0.999837997595917 -0.009809497823840649 -0.03632102152600236 0.2038834780051776 0.006527394531285324 0.9789734013328173 7.716677257855812
0.9765435999005894 -0.01973672971978246 -0.2144132901505083 -0.9765184021338901 0.01776859375128784 0.9997804782197856 -0.011102812558932106 -0.043974569301015176 0.21458535497395786 0.007032557897759643 0.9766799212434519 8.230631430615402
0.9744440986711823 -0.02471211650933215 -0.22326667880034454 -1.0911526179870166 0.022530386529526356 0.9996703158200281 -0.012314274282936553 -0.05314428509113231 0.22349738308923697 0.006969287331890461 0.9746796134045015 8.751629214540992
0.9715603897232482 -0.02599693115009759 -0.23536050792685553 -1.2262335651317153 0.02307911785308339 0.9996189362204408 -0.01514386570984888 -0.061443184775580556 0.23566451459635118 0.009281267170571848 0.9717901494869018 9.285219794240517
0.9688033349902915 -0.021706762979366134 -0.24687833957771002 -1.3752465020791529 0.017335178179525942 0.999652328007009 -0.019867428309967863 -0.06747689593693523 0.2472237644506967 0.014967950799132277 0.968842799807947 9.821092909675313
0.9662469072908086 -0.019088776003357406 -0.25690958094559524 -1.5396799276259232 0.013744657475592663 0.9996505218331849 -0.02258137705101251 -0.078847709181566 0.25725084750458327 0.018288051545613224 0.9661715937807522 10.386437365836548
0.963107744817708 -0.021648850491329627 -0.26824391725545743 -1.702839504282727 0.01588733073151838 0.9995945030650131 -0.023630957755388596 -0.0953610516726659 0.2686467282405948 0.018497478601519336 0.9630611500268352 10.950723699053277
0.9597014969867338 -0.02256724022000246 -0.28011382748853214 -1.8688983328528619 0.016024582456030372 0.9995431635953733 -0.025625707148541895 -0.11060543368755105 0.2805641627837246 0.020104322386135052 0.9596247010070459 11.494455744683187
0.956762520315428 -0.021362258871658088 -0.2900847007609515 -2.0423410937485156 0.01368149746068354 0.9995007248474211 -0.028480127399879415 -0.12508204934927458 0.2905482685319323 0.023279925373169003 0.9565771002526227 12.041105002543384
0.9539475260862782 -0.020153448226916833 -0.29929576675662267 -2.2353795693658784 0.011089958669383768 0.9994279222529268 -0.03195060309148225 -0.14180124977856262 0.29976846113389094 0.027160021092831613 0.9536252948426106 12.615224564910545
0.9517306138191677 -0.020581002363645115 -0.306243793506249 -2.429992375185654 0.009478006498326409 0.9992442087942016 -0.03769852230615844 -0.16510978320406844 0.3067882105169756 0.03297625710959139 0.9512063710650986 13.20221334303853
0.9498091436320015 -0.021729648711927736 -0.31207437100777813 -2.6346286862378827 0.007955854846812169 0.9989398428917216 -0.045341974561318714 -0.19071642495967037 0.3127287883241653 0.040583403631522026 0.9489750746478964 13.804663428232642
0.9488823523296173 -0.021719018856186066 -0.3148818280837067 -2.8422627574625077 0.005096467808160615 0.9985539103323497 -0.053517419368409085 -0.2171973969093087 0.31558882656598086 0.04917694968070325 0.947620873644523 14.399816161333176
0.9479917211521806 -0.022870125492012963 -0.317472288533828 -3.054878095707298 0.0032158521674405475 0.9980525895171033 -0.06229515914613252 -0.25253678377126315 0.3182787377783249 0.058034351191207346 0.9462191390793425 15.006614171042498
0.94738174246242 -0.02261701585156229 -0.31930597339047556 -3.277219112120026 2.118075304285462e-05 0.9975052552827094 -0.07059224627926634 -0.2917095524969484 0.32010597245325584 0.06687104214342014 0.9450187459105815 15.61448596091569
0.9469771345414847 -0.023391176821602234 -0.32044837260079784 -3.500453549894537 -0.0015572024937183793 0.9970006122944636 -0.07737799561153409 -0.33825804320049424 0.3212971860692103 0.07377419556569607 0.9441003581678391 16.22651734966752
0.9464104392071261 -0.022473906516488305 -0.3221834944339373 -3.732185677411872 -0.004570429383885013 0.9965441028338274 -0.08293950977892856 -0.3918407881399282 0.3229340361978305 0.07996733478746312 0.9430370266495204 16.867042722271812
0.9461930847318414 -0.02279929688806636 -0.32279844867510193 -3.963347846610587 -0.006094117767377234 0.996082669776045 -0.08821664639094043 -0.4490185965623801 0.3235452180673977 0.08543715253469472 0.9423475923630747 17.508375389837315
0.9462363186521718 -0.020805376138724196 -0.3228063902516676 -4.213679610273291 -0.00973831442288263 0.9956449144768218 -0.09271660859114408 -0.509382146663151 0.3233295447307387 0.090875412517185 0.9419127692647791 18.183612547949288
0.9458570213996829 -0.01894513422927865 -0.32403020994647147 -4.472308866449985 -0.012581544144327595 0.9954049599100935 -0.09492455179419829 -0.572196726876407 0.32433963651682185 0.0938618542082976 0.9412724114244059 18.887807158835734
0.9457384242494523 -0.017108735283147557 -0.3244782335922925 -4.72761402766673 -0.014875122361007432 0.9952861729558857 -0.09583404748612043 -0.6385183464563393 0.32458829866911126 0.09546059448713962 0.9410258823577883 19.579419015276127
0.9444439099985869 -0.015545221656227046 -0.32830480799135436 -4.988610018374277 -0.016682808315807266 0.9953259575240376 -0.09512056657503451 -0.7088284342201624 0.3282489676652149 0.09531308599828414 0.9397702010939719 20.297043041900253
0.9433285389003442 -0.014160597400991529 -0.3315580570237878 -5.2472723501584255 -0.018105673090961893 0.9954050768924428 -0.0940261532695753 -0.7757287714676747 0.33136603974768675 0.09470063557335547 0.9387376296516176 20.996781195493202
0.9414124218165059 -0.013167905619209472 -0.33700038325079834 -5.51571134398932 -0.019198216748466824 0.9955248630455117 -0.0925293225517963 -0.8463899772697283 0.3367106777684074 0.0935780600344924 0.9369466719920194 21.71950427420429
0.9384010467102968 -0.012308281964305693 -0.3453288023436602 -5.82981495403361 -0.020218584841085768 0.995697455824562 -0.09043110798568368 -0.9285616703590047 0.34495606149195784 0.09184270607719328 0.9341146787094051 22.549360796289857
0.9351360114684366 -0.011910476635570483 -0.35408866206250916 -6.111253939763617 -0.019508491887271284 0.9961873906872432 -0.08503000282268967 -0.9989782402905413 0.3537514081939301 0.08642235348598111 0.9313383477655991 23.279780508453218
0.9327497363749923 -0.010474132892942476 -0.36037233777375827 -6.366285496039542 -0.02017246353887163 0.9964956910776399 -0.08117517710772136 -1.0568581320288941 0.3599597213677603 0.08298572289157947 0.9292698040876001 23.915644325332003
0.9298167741379144 -0.008579113945513167 -0.3679227708849679 -6.670157046321816 -0.0216305549532181 0.9967260091038118 -0.07790623767326992 -1.1211890922157601 0.3673865615726553 0.08039690031274906 0.9265869914886155 24.65634125904628
0.9266142678912017 -0.007866175634201583 -0.3759310067304162 -6.983668681412499 -0.0228422392618479 0.9967570712393155 -0.07715940020455565 -1.1841697294478524 0.3753188386504957 0.0800841071331521 0.9234296427658845 25.39987485043173
0.9233367270054428 -0.008334601160896815 -0.383900798366408 -7.310042441541929 -0.02285700746935744 0.9967987104993145 -0.07661519403127437 -1.2509218948445922 0.3833103778564082 0.07951644591147708 0.920190354794694 26.165092978627225
0.9201147828645929 -0.007983390458621828 -0.391567429481601 -7.639707473084172 -0.023730249219933004 0.9968188871528215 -0.0760853565896269 -1.3147739429530194 0.3909292284109788 0.07929925404564658 0.9169983460627402 26.92022412674576
0.9167421318217697 -0.007647931103402821 -0.39940627547988633 -7.986960490181255 -0.024235610422953458 0.9969102915620001 -0.07471616803072105 -1.3780516732612784 0.3987436506457552 0.07817531405505011 0.9137243136428461 27.700331127108683
0.9132117320246534 -0.008074276821456516 -0.4074053737327767 -8.334855114784009 -0.023757611150277604 0.9970479310357204 -0.07301369138608142 -1.4434327695350322 0.40679221772910695 0.07635593802187375 0.9103240424836834 28.465389450716955
0.9098869966485412 -0.007449146006789805 -0.4147893001918773 -8.698793455926943 -0.023753575292612607 0.9972630284001758 -0.07001585425408058 -1.5078500110873228 0.41417559197846987 0.07355924421770521 0.9072197179291267 29.24914356670274
0.9059862755318222 -0.004895589455903574 -0.42327875183129204 -9.075500623448644 -0.024675268419806672 0.9976220619101138 -0.06435334271522682 -1.569519827474428 0.4225872687107217 0.06874776210242912 0.9037110962744234 30.045310049561
0.9026791286995631 -0.005228928547342828 -0.4302825222065667 -9.452635335867724 -0.02302516934652613 0.9979067883762252 -0.06043081407040452 -1.631465144974822 0.42969783823840857 0.06445696253233463 0.9006692332895267 30.834353292452608
0.8989269361677971 -0.004956066061688361 -0.43807054322468414 -9.861305767620976 -0.022884536720553333 0.9980396606613307 -0.058250611379640424 -1.6942108631780386 0.4375004701838197 0.06238808505001919 0.8970513170564595 31.675500384488526
0.8960919328636031 -0.004722223789276283 -0.4438433828044034 -10.272055749907574 -0.022738349695053922 0.9981421111574449 -0.05652692621489865 -1.7520785847041893 0.4432857039313558 0.060745588618789 0.8943197180837732 32.5004422137621
0.8935363796130903 -0.004405961022048668 -0.4489691813648279 -10.683532676840835 -0.022529054478379364 0.9982522799564698 -0.054633572700494 -1.8040723909806655 0.4484252223194428 0.05893193590220956 0.8918754660369217 33.314993870699844
0.8906695080042168 -0.00533884513786745 -0.45461997783216734 -11.107578742700625 -0.021172643169007778 0.9983591441545423 -0.053204684608104645 -1.8587798117977699 0.45415806355581134 0.05701329683156279 0.8890950102725984 34.14561798206959
0.8888718928752783 -0.005618014582749865 -0.4581213768953242 -11.533992000211889 -0.020878509829698168 0.9983893061780027 -0.05275302016659752 -1.9122624690832937 0.4576798508604141 0.05645556856107515 0.8873228966361878 34.96523285337829
0.8877976862411864 -0.006580000405206069 -0.46018688801340657 -11.97025981553877 -0.02011077372580821 0.998388085253914 -0.053073420873096896 -1.9651557450493229 0.4597943291135129 0.05637317462846157 0.8862343031599282 35.79948388691879
0.8867115084207231 -0.005844232871425557 -0.4622862162950465 -12.426527861835968 -0.021045091052846385 0.9983733617196379 -0.05298806234621645 -2.015915562302617 0.46184391841489414 0.05671398020571 0.8851461571245751 36.65536216617921
0.8861713363548563 -0.005558442399129058 -0.4633243640702957 -12.891676319490099 -0.021158987438032413 0.9983995169909886 -0.052447132645721775 -2.069267731750644 0.4628743456637509 0.05628062002373742 0.8846354231750492 37.53141409737854
0.885432329039514 -0.004086252611725849 -0.46475035581616847 -13.370758070772292 -0.021955396596167867 0.9984772401692099 -0.05060791859366475 -2.122059551418545 0.4642494493825135 0.05501366560838481 0.8839943129592871 38.42967866348179
0.8850759419434886 -0.004836826058152022 -0.46542151014594285 -13.84417639162996 -0.020752524536367056 0.9985415124659125 -0.049841555028468855 -2.178373056999301 0.4649837736074392 0.05377223257380697 0.8836846933639931 39.32093626779085
0.8845122151154226 -0.006443729793825499 -0.46647252829931235 -14.321108996275179 -0.01902456630620969 0.9985746132556853 -0.04986790188206565 -2.2333309503661085 0.4661289598260005 0.052983205901519975 0.8831288539640906 40.21716625214022
0.8831673217615971 -0.008543190764288031 -0.4689802721480011 -14.801477874393154 -0.01709285414928055 0.998583872701173 -0.05037939577009145 -2.2876767338744752 0.4687465371706543 0.05250964742495486 0.8817706168941148 41.11467394383126
0.8825179982456366 -0.009220047379251604 -0.4701882319867639 -15.298290779395561 -0.015651823118923998 0.9986780478748675 -0.04896097554070732 -2.343471715994049 0.4700180881684964 0.05056824516599503 0.8812070411516599 42.03686528861902
0.880643206096855 -0.00849762309061973 -0.4737038462555084 -15.79943459410395 -0.01494817525592947 0.9988430206915496 -0.045707461888611384 -2.39996976887507 0.47354418549061567 0.04733297389337174 0.879497296170056 42.964760228647904
0.8783424414301826 -0.00894067692599469 -0.4779483443622031 -16.298899536004413 -0.012568446820909992 0.9990475275297303 -0.0417860249514445 -2.455194454566125 0.4778667070710996 0.04270950752277261 0.8773934740127636 43.872624761984994
0.8755315768203541 -0.009353875042507087 -0.4830703499617354 -16.807677654546104 -0.011599579602680625 0.9991174780155753 -0.040369727232638944 -2.5087498607720433 0.4830216431419046 0.040948383917875905 0.874650399937603 44.789528793842905
0.8710261593387841 -0.012080940265432865 -0.4910880579181602 -17.336582711229823 -0.010524046178562597 0.9990091908021633 -0.043242122344289785 -2.5636011936089638 0.49112388885041897 0.04283325314647589 0.870035998235321 45.723377171294395
0.86590721540397 -0.01547124635908979 -0.4999653336456833 -17.84664781957284 -0.009255771710834436 0.9988548469948672 -0.04693959229582004 -2.6144367736633503 0.5001190108378004 0.045272896648626784 0.8647724208297018 46.61477605953101
0.8601778500482886 -0.015230848016693103 -0.5097666991428496 -18.388553251824746 -0.009974984217134622 0.9988602869403311 -0.0466757631254989 -2.6669900667076303 0.5098966228326798 0.04523437235302556 0.8590455666503705 47.52543714394544
0.8547233228070382 -0.013191862166045018 -0.5189161938331543 -18.945567288096754 -0.01024831522498198 0.9990533144027682 -0.042278209705392714 -2.720929856672097 0.5189826716613428 0.04145418861147604 0.8537789741858365 48.43753568876062
0.8500755359531699 -0.011739015120261508 -0.5265299409320778 -19.508631018721236 -0.010138295756208046 0.9992015553118353 -0.03864539845271521 -2.7720841664100284 0.5265631948143459 0.03818962406748384 0.8492777840497734 49.33834198676656
0.8463212205081162 -0.011680754460866229 -0.5325447884383788 -20.079273984830785 -0.011245635254775049 0.9991449125231295 -0.039786674488634786 -2.8229789853769143 0.5325541544344287 0.039661111360789876 0.8454661843268825 50.23779470678003
0.8443078755101988 -0.014979973530449513 -0.5356489631694269 -20.634604763064207 -0.010630716166849173 0.9989442047929399 -0.04469299256462172 -2.8718305463280345 0.5357529274070604 0.043428977694950084 0.8432572114551627 51.11228982887804
0.8427180503851457 -0.017331891494055233 -0.5380761034391857 -21.202572992118807 -0.013033716240000102 0.9985318357598578 -0.052576565264606925 -2.9264395560037433 0.5381973706699374 0.05132035182348821 0.8412549029234119 51.99140036696022
0.8400213503764807 -0.018555155961057106 -0.5422359607209164 -21.761545881658463 -0.013132261349966331 0.9984268580083859 -0.05451011758691211 -2.98270288248309 0.5423943902950237 0.0529104469340758 0.838456206358881 52.862069496921556
0.8387357680416466 -0.01856052025321904 -0.5442222142613433 -22.344055137627677 -0.011554048891532095 0.9985873594498571 -0.051863180592539 -3.0444004725255627 0.5444160315069733 0.04978747467879922 0.8373364867263976 53.75308845963434
0.8364010456691915 -0.016240236802947405 -0.5478773088129013 -22.92909052559702 -0.011355885091213703 0.9988329880301999 -0.0469436459646833 -3.105064720895298 0.5480003053623951 0.04548534633534815 0.8352405333743539 54.63559365736135
0.8337914586641396 -0.014522784069674596 -0.551888478047506 -23.50882761524899 -0.011901156257642459 0.9989488328169864 -0.04426727790718827 -3.159706899143149 0.5519512351090974 0.04347778923136119 0.8327421665228054 55.49959719177984
0.8318840642925818 -0.014317535271526096 -0.5547647355048844 -24.099987938198304 -0.012981108299535162 0.9988915669617159 -0.045245201735471204 -3.2129665249582735 0.5547976157152907 0.04484022342179344 0.8307761190357558 56.374565221786504
0.8288668662090292 -0.01598839478787303 -0.5592173900487454 -24.700855970775187 -0.012720517999827477 0.998794493182173 -0.04741042934611108 -3.2713060383283925 0.5593012663338424 0.04641046887366728 0.8276642808870557 57.25976981427473
0.8261567337113763 -0.01835110708612146 -0.5631414460080735 -25.287840052956174 -0.012076760326857073 0.9986631144456227 -0.050260677530022856 -3.3301302651853657 0.5633109294194085 0.04832412145588367 0.8248306347864144 58.108471770583826
0.82366459710166 -0.019911363112688076 -0.5667275969108571 -25.886500201886193 -0.011127375826085882 0.998623465000114 -0.051257747301176625 -3.38900362741577 0.56696808815716 0.04852538274100395 0.8223092327350179 58.972434545749095
0.820264401796913 -0.020795575557593433 -0.571606381334202 -26.49069403540409 -0.009952469759169599 0.9986686763363201 -0.05061445693036346 -3.4516679553167435 0.5718979449958232 0.0472061324606372 0.8189653970514649 59.83890853565237
0.8173889438703302 -0.020272624444569197 -0.5757293940182974 -27.105477187566738 -0.010545858932905881 0.9986866076347711 -0.050138254759416676 -3.512366390798743 0.5759896694367995 0.047054016078145494 0.8161015992344361 60.70400604331473
0.8126508141591294 -0.020554017811468733 -0.5823883468943297 -27.73090221156215 -0.011272155888826796 0.9986363955469039 -0.0509734047391956 -3.577227728739903 0.5826419078199939 0.04798835109579915 0.8113109917972172 61.56810140154757
0.8078016504649257 -0.021565573004490884 -0.5890597758862254 -28.365365191885964 -0.011307799030341598 0.9985796756798827 -0.052065007444057176 -3.64040108427675 0.5893459316795454 0.048719168507357524 0.8064104509694305 62.42934671503182
0.8039509275175177 -0.022886901251666477 -0.5942550764569199 -29.007615324463075 -0.011055323440819654 0.9985113236197294 -0.053412699115427204 -3.7086981003188533 0.5945928741309823 0.04951087107164205 0.8025010826649304 63.30139818378789
0.7992294544092451 -0.023328137182130955 -0.600573123957701 -29.665762509314835 -0.01161810895300032 0.9984600948300655 -0.05424443359731053 -3.777900268880351 0.6009137198875198 0.05033127305710136 0.7977276880009838 64.17480722861866
0.7945423912814799 -0.025181280517977415 -0.6066863205711684 -30.31419549114159 -0.011058008438978025 0.9983739696498826 -0.05592081164377753 -3.84509723936942 0.6071079878457136 0.05114019785853674 0.7929719864263293 65.02715865492634
0.7891096139950613 -0.024971202023409966 -0.613744618037561 -30.9933607394777 -0.011756699243677218 0.9983762927557329 -0.05573650586656083 -3.9158517898887686 0.6141398840031962 0.05119782351648844 0.7875347520863543 65.90048157423381
0.7842354309097462 -0.025381859883721023 -0.6199439894818305 -31.675332934248328 -0.010808024790895963 0.9984524854796624 -0.054551084678530405 -3.983905637422002 0.6203692251441267 0.04948126340674792 0.7827474874221878 66.75579669858662
0.7801248742953028 -0.026300185363950852 -0.625070780596534 -32.347847457003425 -0.009640265923876873 0.9984920349800805 -0.05404369856195078 -4.053533002520675 0.6255495550143534 0.04818668209329095 0.7786949324929404 67.59510975027936
0.7749214111022843 -0.027597553190345122 -0.6314548136431861 -33.042385036926994 -0.008868984356716795 0.9984731804483918 -0.054522005114942124 -4.119044737324983 0.6319953700239624 0.04785063200397184 0.7734934836733246 68.44433589290526
0.7707894219672123 -0.0296886044112301 -0.6363978737798895 -33.74511023016061 -0.00797703994861726 0.9983855637965716 -0.05623729044201964 -4.187468021635687 0.637040056681767 0.04842367985516381 0.7693082044357618 69.28862225023833
0.7668326911258914 -0.02846625478614468 -0.6412154834055972 -34.44814339911912 -0.009819160650762477 0.9983788346528014 -0.05606502119351148 -4.257747036240316 0.6417719282616978 0.049288688923166415 0.7653100138110683 70.12198167911933
0.762756834851746 -0.028022829382193346 -0.6460779611783417 -35.17339783321268 -0.009573604199578317 0.9984618859407922 -0.05460960012842225 -4.329207392986505 0.6466145350899376 0.04783914042886683 0.7613153483632462 70.97214100698886
0.7602532165594481 -0.027486185072089935 -0.6490451111757917 -35.89797840172262 -0.010421560813164232 0.9984598950614377 -0.054490632443755016 -4.399756463912666 0.6495432532027644 0.048190741684328825 0.7587958978768163 71.81155150369096
0.7561841954807049 -0.027481639124317878 -0.65378147879566 -36.636648692061506 -0.010752930296922836 0.9984609212551145 -0.054407382002975534 -4.471793471310089 0.6542704616557504 0.048172069059040305 0.7547248603082732 72.65895906686592
0.7527404854374956 -0.028373308329115478 -0.6577056461349443 -37.355946690503536 -0.0123106382927638 0.9982893859811501 -0.057155489869330056 -4.539725967870739 0.6582022559731532 0.051120027502333173 0.7511035434745416 73.47120715268944
0.7498511477396709 -0.03012697688647451 -0.660920283768913 -38.09949650263503 -0.012728002208738596 0.9981209304491753 -0.059938352989110884 -4.609044470994559 0.6614841299632765 0.05335703761412119 0.7480586690519485 74.30944130213751
0.7465973402273294 -0.029691462619610115 -0.6646132925340763 -38.852889422844825 -0.014630491109846176 0.9980291900952073 -0.06102199970329806 -4.681975271145149 0.6651152984974577 0.05528248154174061 0.7446915381144229 75.14993323108598
0.7439291452227845 -0.02856030956010467 -0.667647912904645 -39.603834331453115 -0.01512546485221851 0.9981107070946288 -0.059550287119918194 -4.757852636889609 0.6680873050740462 0.054399679235188375 0.7420916572081964 75.98246227727662
0.7406949100307317 -0.028181726369192073 -0.6712502071161085 -40.360835926925795 -0.015116475830556326 0.9981678272493908 -0.05858737750313494 -4.832274129224752 0.6716714542192713 0.05354230984074763 0.7389118206145351 76.81437003916513
0.7367349918182023 -0.028220393387823586 -0.675592452020943 -41.13064731368308 -0.015818879261711976 0.998135947533025 -0.058943984436531344 -4.906239392900982 0.6759965346727282 0.0541132113202234 0.7349152641434766 77.6441949669415
0.7343082615382014 -0.02873029725966075 -0.6782078936846105 -41.92009966186383 -0.0157467448142637 0.9981141292934885 -0.059331483484368834 -4.981001960937794 0.6786334924423485 0.05424716512476024 0.7324710424388312 78.49405590548305
0.7312333956859471 -0.029260001310671212 -0.681499503563208 -42.71920382374226 -0.015357468705352123 0.9981201499138195 -0.059332238209753495 -5.060359602699682 0.681954448030485 0.05385182131845052 0.7294094269696015 79.34903700557783
0.7284612890947622 -0.029115720906982372 -0.6844679868967314 -43.50511919641724 -0.015848632994916196 0.9981129168468772 -0.05932475078423295 -5.139208750135222 0.6849036217765168 0.05406366635260325 0.7266251776933721 80.1791469319995
0.7269597626337408 -0.03134382999570984 -0.6859643342278777 -44.29801433119249 -0.014159026088067047 0.998061112811462 -0.06060971105180814 -5.217983590662752 0.6865340672477461 0.05377340806333812 0.7251064715567784 81.01828806783851
0.7244493291878383 -0.034961307798554234 -0.6884409026171427 -45.11634436371295 -0.01198219205826585 0.9979234499857395 -0.06328676830142807 -5.300072685774562 0.6892239088371575 0.054097087958360206 0.7225260608183317 81.87830240141851
0.7218418535597669 -0.03834779340351535 -0.690994779423464 -45.94565147088282 -0.009028086699239093 0.997856867786883 -0.06480868044562056 -5.382310770937386 0.6919991561410689 0.053019978796985986 0.7199486438270553 82.74162779815791
0.7179697119558659 -0.04058162804294148 -0.6948903684606625 -46.76699566594543 -0.006231231739908295 0.9978843530398601 -0.06471467924067625 -5.465384557794156 0.6960464528068616 0.05079320253345323 0.7161978679885757 83.59354403908537
0.7114257847636416 -0.042028076767877925 -0.7015033809873124 -47.59312428834629 -0.004835698617325707 0.997893734068807 -0.06468934630289448 -5.553768731512124 0.7027445971278039 0.04941392788887333 0.7097240977579063 84.43770976072368
0.7044240539164075 -0.042885433721581066 -0.7084825981197325 -48.418573114702994 -0.0030412228911179603 0.9979814653261222 -0.06343300267883147 -5.634869919042311 0.7097728532617327 0.04683838639447325 0.702871725375734 85.26238001448938
0.6951297880816166 -0.041014334866262395 -0.7177133146717322 -49.26860127100064 -0.0035946531907415057 0.9981603749318803 -0.060522263542323616 -5.71652188096511 0.7188752716501278 0.044650758687017574 0.6937035775881718 86.08784996837281
0.6870217635974147 -0.04033725142061778 -0.7255163695543524 -50.11350904111786 -0.003946232093549912 0.9982361602748808 -0.05923677550243846 -5.797905471800287 0.7266261236672967 0.04356000995744061 0.6856507871626386 86.88940411475315
0.679532915705163 -0.04086473048211484 -0.7325060342931409 -50.9717871899429 -0.005817772614487071 0.9981159488673272 -0.06107950669808516 -5.875890545643436 0.7336219530487389 0.04576708882264 0.678014899235743 87.6853354782217
0.6694615985133044 -0.04242507837930248 -0.7416341961105362 -51.85244258179714 -0.0054222273159903675 0.9980621311681604 -0.06198856167877717 -5.959428185841733 0.7428268759051095 0.04552027078763783 0.6679342313285607 88.49099203350697
0.6606881546297719 -0.043364794491085726 -0.7494068700850379 -52.73566979799176 -0.005494051565488763 0.9980239021393862 -0.06259477738492922 -6.034907459571065 0.7506403784298462 0.04547290794768899 0.6591443217638142 89.27283146977906
0.6525774091646528 -0.04336288206172133 -0.7564802611484654 -53.629896678106405 -0.0040761161866264654 0.9981457936778022 -0.06073186840649103 -6.119967330896701 0.7577110995127249 0.04271574677576723 0.6511906438613857 90.05679925565433
0.6421479095360414 -0.042599100402954324 -0.7653962234838574 -54.53904719300252 -0.003950979845744409 0.9982575989703448 -0.05887406777368822 -6.199728643358855 0.7665705786401866 0.04082992459975072 0.640860722170136 90.83009018388256
0.6329683821377876 -0.04235279165057301 -0.7730182845530078 -55.445901753699566 -0.004790688125081738 0.9982690636612073 -0.05861677101534106 -6.280520974482116 0.7741628230037658 0.04080585223200074 0.6316698551478139 91.57692654263784
0.6248274167623284 -0.04272171540212029 -0.7795931979534044 -56.378022834214676 -0.00631002596650591 0.9981929297338578 -0.05975833499722005 -6.360677432130889 0.7807373968463517 0.04225789940872822 0.6234287345825056 92.32816353646537
0.6156424984209574 -0.0420912059471506 -0.7869006573385969 -57.33618826148707 -0.00856505852461131 0.9981560824299394 -0.06009221980078485 -6.443061592280798 0.7879790313900944 0.043735174516976706 0.6141467907589342 93.07670822228067
0.6080346100728391 -0.04227195688108238 -0.7927843304550202 -58.297489690860075 -0.010185136460730333 0.9980839462228823 -0.0610303144956246 -6.525646210513309 0.79384518386701 0.04518316006658295 0.6064390374122949 93.81189827333652
0.5998792663433536 -0.041438666705516755 -0.7990167099085156 -59.28143302555423 -0.011763260161554562 0.9980931354373958 -0.060594708540597675 -6.608126203390599 0.8000040571907941 0.045748550735706314 0.5982479240113175 94.55481962621629
0.5932955057236365 -0.038915110288218806 -0.8040435666550602 -60.27708603558982 -0.013627596614184516 0.9982021220297103 -0.058367903730599656 -6.685299591799323 0.8048693878503862 0.045586596348479995 0.5916985133788197 95.2855831165918
0.5873580818319664 -0.03702767066361169 -0.8084797061843297 -61.27963575438061 -0.013577228062233722 0.9983614793636314 -0.05558790696732088 -6.764828679895983 0.809213286213727 0.04362691976393175 0.5858929503647337 96.01337284425784
0.5809174784456836 -0.036088655050194644 -0.8131620331846394 -62.29713084897106 -0.0144282833415059 0.9984031157336741 -0.05461724208625847 -6.842087125446683 0.8138345703373173 0.043460642769749744 0.5794691231238419 96.73845616899084
0.5755884152999416 -0.037133766795640434 -0.8168959906475664 -63.31309123675221 -0.01466510101572781 0.9983390216543492 -0.05571474360019536 -6.920335298247203 0.8176080423923804 0.04404862319986862 0.5740878049649685 97.45406940542594
0.5711298942932972 -0.03922485544374496 -0.819921980776186 -64.31917557092638 -0.014113134149001987 0.9982407706316333 -0.057586311683030286 -6.99874712152074 0.8207383646991405 0.0444609330106797 0.5695715601632515 98.15241683845973
0.5660342307488687 -0.04085403346222034 -0.823368810175856 -65.35411039610383 -0.014436203788149497 0.9981269199591095 -0.05944953888070759 -7.079326388280231 0.8242553279419697 0.04553679394522111 0.5643842261761636 98.85775450723592
0.562919631174881 -0.0427248751025542 -0.8254066112440626 -66.36115850419321 -0.015108948118280872 0.9979642048165461 -0.06196100057001781 -7.165585984503475 0.8263735284510842 0.04735008925387359 0.561128114179779 99.54111942891863
0.5588506790372845 -0.042872853829492734 -0.8281593065009177 -67.37527423697671 -0.014513557952502762 0.9980040560391223 -0.06145942372834146 -7.247223647657049 0.8291412878244125 0.04636617877262939 0.5571130067507841 100.2246686509913
0.5563236623621591 -0.04147008670878986 -0.8299302468306117 -68.39721850649728 -0.01328383103616126 0.998182466130112 -0.05878183514837452 -7.326901033550329 0.8308595082978573 0.04372637898080985 0.5547616436383012 100.9052080692469
0.5545546183487231 -0.03995066830429438 -0.8311877762396067 -69.43782663323454 -0.01092467543018337 0.9984112929739275 -0.05527695296301776 -7.409529204305237 0.8320756135922067 0.03973454623084021 0.5532371454457681 101.59687423466333
0.5518174937405638 -0.0390137444899005 -0.833051847931904 -70.48319637761553 -0.010524198454837732 0.9984998596906575 -0.053733336436712055 -7.490329129858256 0.8338984919333807 0.03841819801362962 0.550579101685325 102.29000234231619
0.549833631611238 -0.039305280628815754 -0.8343488913301721 -71.50139225427624 -0.008680020574567564 0.9985694098555373 -0.052761642730195894 -7.567905460053019 0.8352290912031396 0.036252291175231814 0.5487058743922136 102.960600791441
0.5489809590467187 -0.039213207485519194 -0.8349145051817236 -72.52073026321361 -0.006088733262466905 0.9986847618860342 -0.0509084836141646 -7.645060264771302 0.8358126787333412 0.033031359877134306 0.548020159604794 103.6313781182038
0.5465734468766039 -0.03933807215374606 -0.8364866904193129 -73.5247344834002 -0.0031157458728076556 0.9987935814857376 -0.04900687411526801 -7.718984994670449 0.8374053733390328 0.029392136059162355 0.5457914831149304 104.29001136341759
0.5456451363877213 -0.04083891313161059 -0.837020649871109 -74.52126667368185 -0.00035899377959146966 0.998800366711995 -0.04896630044684179 -7.790459609171845 0.838016262527101 0.027018708892412466 0.5449759014028931 104.94015209702438
0.5433906922663377 -0.041685628740602346 -0.8384443117552954 -75.51880781470796 0.002353212489139781 0.9988380692106295 -0.04813495493466925 -7.861682940200723 0.8394766333551466 0.024183048858288123 0.5428574050325061 105.5873804112046
0.5429389028119612 -0.04135765465560155 -0.83875317717117 -76.4930024695166 0.0053932603067724065 0.998937676160265 -0.04576496357251174 -7.929526711648843 0.8397548812341655 0.020323964891672378 0.5425851784692197 106.21570939967964
0.542194066157303 -0.0413344013447475 -0.8392359989235936 -77.45642113043999 0.007294664409656745 0.9989832160537014 -0.04448957084704947 -7.995422621804464 0.8402216270097795 0.01800003634650449 0.5419442925214398 106.83875817743018
0.5402614248212401 -0.04275090772973329 -0.8404105858081555 -78.41369458173129 0.008877066313714297 0.9989426456933286 -0.04510862787621414 -8.059549341903148 0.8414504088440301 0.016910071067168082 0.5400696797198652 107.45984403276172
0.5396426074403092 -0.044409182556031296 -0.8407221186216821 -79.37454729022414 0.010912026807505932 0.9988928634236974 -0.045759972379352344 -8.124468394990622 0.8418234873808029 0.015520048515127253 0.5395297435620315 108.07564927022611
0.5399304262116231 -0.046075815584715685 -0.8404475915065368 -80.33990230308821 0.012113820566720949 0.998822557864274 -0.04697609235288107 -8.191799186888478 0.8416224748675694 0.015182790246604669 0.5398528435398996 108.69276236105607
0.5404235711434586 -0.04698071189181589 -0.8400804583268734 -81.27948555144928 0.012266610902756752 0.998773722575658 -0.047964375835856055 -8.255657802375405 0.8413036871484113 0.015616139167575028 0.5403371560312945 109.29523048883587
0.5439086537878216 -0.047657552450393006 -0.8377900297981336 -82.24942734612027 0.012319477308587744 0.9987318750158609 -0.04881467306195827 -8.323607323816328 0.8390539951716831 0.01622958784876321 0.5438060257708593 109.91757577514659
0.5471215011654711 -0.047435016694311175 -0.8357080723276832 -83.16597297484161 0.010564316166301092 0.9987048071532979 -0.049770507259146404 -8.387752241171366 0.8369865340531949 0.01840183034659149 0.5469139918245971 110.50955615823334
0.5512212666908349 -0.047579726777350895 -0.8330013713959564 -84.06808374430852 0.009492679574610325 0.9986657335145227 -0.05076063177694073 -8.449904344067809 0.8343051025747387 0.020072924642239524 0.5509374497291518 111.09784256854381
0.5572612023767776 -0.04779296205888092 -0.8289606655947114 -84.99364630482316 0.009365114989231767 0.9986403998600084 -0.051280077892697284 -8.518421735580832 0.8302844373748234 0.020813085909614722 0.5569511365533716 111.71771009407739
0.5626200835960726 -0.04605118661824516 -0.8254319655461618 -85.90301920509872 0.007545222377590834 0.9986917866682443 -0.05057454755767181 -8.5840579642695 0.8266811423720885 0.022226188437113173 0.5622315229457853 112.33010991657429
0.5688946169689721 -0.04414544295426949 -0.8212247528235483 -86.80613958653372 0.006286817541136722 0.9987625519485372 -0.049333971565748744 -8.64753820466445 0.8223863998808172 0.022902940676188047 0.5684681737788424 112.94901625119704
0.5770495643032363 -0.043328625328892985 -0.8155589681712497 -87.710660150743 0.005962288911093135 0.9987885973797757 -0.04884453761763788 -8.71515652417765 0.8166873645700573 0.02332312095858097 0.5766088627313715 113.58471508165887
0.5836601388606174 -0.0423526842027089 -0.810892774937618 -88.61074733827006 0.004748999040657946 0.9987997804575744 -0.04874880066230251 -8.780493185726 0.8119841681420374 0.024601802753592833 0.58316075141247 114.22340254396056
0.5912858412719562 -0.04290281158868908 -0.8053200622541952 -89.48710509044409 0.004421026400344839 0.9987413765469877 -0.049961157898870366 -8.845513023178654 0.8064499416807487 0.025980984023201446 0.5907313095073796 114.85778714554276
0.6002479758230312 -0.043130475000184715 -0.7986501922911009 -90.3729035747543 0.0017764202402431734 0.9986143838303676 -0.052594265259868954 -8.911009327247445 0.7998119853137262 0.030150862895675888 0.5994928803707033 115.51329872496615
0.6091206085097534 -0.04255548157866881 -0.7919350448593088 -91.23548029430378 -0.0013603938043920023 0.9985018022377152 -0.05470192187420489 -8.974504279463932 0.7930764361758611 0.034397411467176175 0.60815013316364 116.16521406556657
0.618575188540746 -0.040493485841154184 -0.7846814727812892 -92.09803728047619 -0.004202611896150621 0.9984863182234016 -0.054839861177128246 -9.04074758402835 0.7857143718776125 0.037220289159390074 0.6174686841450832 116.82872010465177
0.6272942380417301 -0.038234369425937643 -0.7778432180807687 -92.94194578219918 -0.0056524750218680045 0.9985442738157729 -0.05364124118491313 -9.1078151778428 0.7787618303729148 0.03804558087783373 0.6261649505760409 117.50314895930762
0.6396963386171352 -0.03558351785887509 -0.7678036256860337 -93.7755734681118 -0.007339816556006134 0.9985994740080318 -0.05239482420818477 -9.174699907922745 0.7685926889144574 0.03915231497203611 0.6385392507744334 118.18339742208008
