1.0 0.0 0.0 0.0 0.0 1.0 0.0 0.0 0.0 0.0 1.0 0.0
0.9999036091692506 0.002119365344905097 0.013721540031694538 0.0024871996138244867 -0.002092423186597914 0.9999958555171787 -0.0019775524453142287 0.008682351559400558 -0.013725674319127927 0.001948650558873025 0.9999038996951081 0.07757187634706497
0.999372105589951 0.005876276636624169 0.03494086349244884 0.008080977745915596 -0.0058007899669684495 0.9999806182785237 -0.002261394052549218 0.01645368037069407 -0.034953474855401685 0.0020572895254804924 0.999386823084706 0.211293597239513
0.9980536247664449 0.007321696603305253 0.06193024180002549 0.02933417748268896 -0.007232683800380242 0.9999724636973463 -0.0016613645305120891 0.02039481813861512 -0.061940700477183766 0.0012102090351153178 0.9980790975761826 0.3485695548382659
0.9959557179258379 0.007560248677885315 0.0895268148140971 0.05768647031580644 -0.00746821427425036 0.9999711836632713 -0.0013629448376112536 0.028629228056411347 -0.08953453918116175 0.000688827267913622 0.9959834796875962 0.5213873345967466
0.9925786298806628 0.005871827942657028 0.12146269032438807 0.09645128660118923 -0.005858024794765198 0.9999827308295594 -0.000470731516911065 0.03628577466323143 -0.12146335681896116 -0.00024429340746192133 0.9925958861848063 0.7005507170937395
0.9876539716519126 0.004334148550228001 0.15659133895764413 0.15426199686405004 -0.004227285401873515 0.9999905494040443 -0.001015460845620093 0.03953419722484667 -0.1565942602343213 0.00034096765599821795 0.9876629594161783 0.9040336963273754
0.9809626832920956 0.005344452369858906 0.19412277253644955 0.20902993062958053 -0.0052543571325813975 0.9999857165351528 -0.0009790080696156324 0.04986822902072021 -0.19412523205264975 -5.961999153860465e-05 0.9809767534075217 1.114568299792126
0.9727221289854147 0.005709614909341698 0.23190312649826395 0.27978131692510666 -0.005972586397120943 0.999982070684793 0.0004318804037395451 0.058596330424372234 -0.23189650276321916 -0.0018051610845659588 0.9727387899120953 1.3627369000933969
0.9629885338018174 0.002877555214727154 0.2695269994679798 0.3666077835767113 -0.004006533958004809 0.9999853535951663 0.003638719664054315 0.06427576878886934 -0.26951258124968774 -0.004583914390171111 0.9629859585045849 1.6131743052200416
0.9514798964149587 -0.0036467433037520895 0.30768930430136165 0.4787913465770072 0.001295104734182146 0.9999683750883845 0.007846752629160495 0.06701767824474107 -0.30770818874691475 -0.0070675375041295285 0.9514545288618478 1.8638355351471907
0.9385042481753118 -0.006997890251110174 0.34519676372892966 0.5808794040891604 0.0036890885221507984 0.9999407518373487 0.010241261681738 0.07387860639136658 -0.34524797868020723 -0.008338006176030152 0.9384744593595714 2.0791151003020683
0.9223160810571164 -0.007391036662103442 0.3863656547889605 0.7118317661073006 0.0024702673130005677 0.9999094152467692 0.013230989391055919 0.08262102850392679 -0.38642844667912984 -0.011248727835775747 0.9222507911187887 2.331114299230334
0.9042514944059977 -0.00949228522569396 0.4268947544602934 0.8711726125712953 0.0023382161042040358 0.9998479651153942 0.017279450224353753 0.08898284283991578 -0.4269938730356329 -0.014626796498206647 0.9041362116485714 2.6093495524007757
0.8833226925849953 -0.014736812432822818 0.4685337203699577 1.0596007632261943 0.005414562253737148 0.9997597975211192 0.021237461621649155 0.09839188072272745 -0.4687341498973531 -0.016222626786387424 0.8831903096729239 2.9122715832315484
0.8604267659361072 -0.019071433995261032 0.5092171058262829 1.2378829055610516 0.007649424569737445 0.9996702001393832 0.02451483748748002 0.1053050424842899 -0.5095166992008047 -0.017198004496163516 0.860288882804414 3.1547177822315207
0.8355236008684876 -0.023369331423022187 0.5489573633175869 1.4321678382901244 0.009564509945302684 0.9995623212123064 0.027994395192115006 0.11643649072307882 -0.5493713066235463 -0.018139469714053207 0.8353814261145807 3.3937722785943794
0.8073888706198592 -0.026136344939962426 0.5894405000272446 1.6483493354709882 0.010089649702011842 0.9994839111553581 0.03049770992188519 0.12902316563107424 -0.5899333950269975 -0.018676263404869352 0.8072358927953792 3.6540977484040478
0.7767743003589475 -0.028706728280848852 0.6291244789811292 1.8796121991396488 0.01052059226941869 0.9994126767248156 0.032613168199978906 0.1420477507719225 -0.6296911968895298 -0.018714308780956358 0.7766200945164133 3.900292185444182
0.7444799415115 -0.028087935207350485 0.6670537344043744 2.1475916192486304 0.006481225900152933 0.9993716259382398 0.03484748169366769 0.16302205700404337 -0.6676133689478253 -0.02161992519290942 0.7441941738799009 4.1703236660173
0.7114739435903243 -0.029164320642994408 0.7021070217520008 2.4217783842552687 0.004346699480940278 0.9993019338677368 0.03710459771812165 0.1773629660699873 -0.7026990350040722 -0.02334710623683061 0.7111040562637171 4.416733821766558
0.6791436439603273 -0.029915218596288866 0.7333955212330006 2.7016227865359963 0.0027833556574219393 0.999266900109675 0.03818265674996012 0.19595021327423573 -0.7340001115800818 -0.023890208068102516 0.6787290285223481 4.6450936833956815
0.6462085760047347 -0.03194756466014448 0.7624918553074642 3.009850652507255 0.0026657612965234646 0.9992117929902655 0.03960664673875476 0.21188256975729494 -0.7631561897899033 -0.02356153351258028 0.6457843944567665 4.880519617093587
0.6148038432526494 -0.031363049162622586 0.7880562121251217 3.3336715561938393 0.00014841855844012312 0.999213582906995 0.03965089792296714 0.23271607143791384 -0.7886800443105578 -0.024260562264485294 0.6143250058600153 5.117246043499275
0.5865226308491935 -0.030813544457179588 0.8093464826511116 3.6714532201847954 -0.0002790285233130671 0.9992682967336776 0.0382464807016065 0.2536890847916033 -0.8099327908195988 -0.022658257235731918 0.5860848724666212 5.3522420977530105
0.5555962038559922 -0.03030383615147897 0.8308998349833242 4.073098692866303 -6.147435724204731e-06 0.9993354422031181 0.036450979670069064 0.274434154209347 -0.8314522585350407 -0.020257133834851126 0.5552267917759166 5.6033273259419465
0.5279646490115526 -0.028403672895436105 0.8487912350867892 4.465096031298502 0.0004345530479508402 0.9994494653737972 0.033174950304097256 0.29418134889468117 -0.8492662365582164 -0.017146356174997483 0.5276863290934904 5.839423154150673
0.505175755476249 -0.026983791259161307 0.8625945345805774 4.893123961621255 0.0012876346585907923 0.9995335273429167 0.03051343498219761 0.3176157841003068 -0.8630155259762058 -0.014303940950270138 0.5049748500641434 6.08001303474694
0.484308175472109 -0.026266698088817004 0.874503088469325 5.364710659033262 0.0014481447895175609 0.9995719180143923 0.02922128665370569 0.34106511793416616 -0.8748962761650925 -0.012885700933219824 0.4841388898486819 6.337264458754011
0.467316577905963 -0.0263365272740443 0.8836976877560583 5.853321423367731 0.0019262023252662273 0.999584154861261 0.02877163698681851 0.3630665590471064 -0.884087951370712 -0.011743282396444548 0.46717297605886327 6.594399110175444
0.45494085846849946 -0.02778647470522755 0.8900880445885118 6.376036288482032 0.0034006176118860053 0.9995600040008263 0.0294658141195194 0.3842104210951583 -0.8905151605086814 -0.010378353690450521 0.4548351774861675 6.85387151733659
0.4447595448029062 -0.02863728996777099 0.895192075998226 6.924078769909009 0.0017747915328310201 0.9995149257785557 0.031092816869872274 0.4043544576211285 -0.8956482554115354 -0.01224004776094544 0.44459462863273896 7.130422239755979
0.43831901944087925 -0.029232431914988748 0.8983439776169937 7.461403628923472 -0.00020265019419566516 0.9994677432463184 0.03262191200727256 0.42202307419851737 -0.8988194457894672 -0.014480854064832942 0.4380797972245103 7.3953258557596575
0.4278167100961609 -0.030105322255225477 0.9033640086556506 8.02799876729538 -0.0013268171234149546 0.999423163800559 0.0339349261853058 0.4436265472102421 -0.9038645374827018 -0.015716527313314684 0.42752998567397754 7.670490395814945
0.4164100880231014 -0.030524299484366413 0.9086643526261948 8.631593398429313 -0.0035328989208883357 0.9993743785597871 0.03519048313755049 0.46316716044540823 -0.9091700375715248 -0.01786389149172565 0.416041733679404 7.960548780292616
0.4060296748146013 -0.03119633416321586 0.9133272644045654 9.224669448973668 -0.00442020857900988 0.9993384340258207 0.036099252553746096 0.4821172081924517 -0.9138492025088536 -0.01869446478501237 0.40562316509333485 8.227823965499788
0.3953167029172104 -0.03176436051609771 0.917995495520359 9.889351264115227 -0.0057542949073491785 0.9992966414227752 0.03705550608588015 0.507007900091369 -0.9185268599691493 -0.019931077295641055 0.39485587202554034 8.522076379277982
0.3832920123955401 -0.03300715763534625 0.923037247774223 10.565438137554505 -0.007562085118118287 0.999215606769207 0.038871404110374055 0.5355574319073868 -0.9235962581682775 -0.021879184940967855 0.38274175780005437 8.810030963292283
0.3717253849924826 -0.03534568427690653 0.9276696183206542 11.235200750680503 -0.009425805794172506 0.9990797133123839 0.04184352557775332 0.5646888461080565 -0.9282948843645115 -0.024298334318277763 0.3710501295135687 9.085061385626695
0.35873914118646577 -0.038410840758459214 0.932647219420626 11.966011038348247 -0.009396419904856807 0.9989537585642307 0.04475595539554726 0.5919521957657269 -0.9333905591304043 -0.02481925789835172 0.3580028890436592 9.36731175416764
0.347142021476256 -0.03933655707316754 0.9369872209390094 12.680330538977008 -0.01116995443301541 0.9988756195344493 0.04607308126915971 0.6184754604286292 -0.9377460472021958 -0.026460007129622404 0.34631231421847725 9.637968446964798
0.33271952937703575 -0.03929739998654286 0.9422066806839259 13.398899362372656 -0.012795225699999021 0.9988512647650674 0.04617827494083483 0.6439191787239142 -0.942939020812274 -0.02742016104115567 0.33183450362803923 9.890748570467284
0.3197961655720861 -0.0370222234956892 0.9467627830944911 14.110276978430088 -0.015087480825539663 0.9989106419595782 0.044157641493209526 0.6734617513604378 -0.947366233516759 -0.028405709766507956 0.3188892209607139 10.134511561806411
0.3038840534627042 -0.035147447918772536 0.9520604702201817 14.810158331852097 -0.016797924395154124 0.9989662406369417 0.04224073630644254 0.7002512202516377 -0.9525609228742752 -0.02882892596842447 0.3029795063043309 10.364148641327368
0.2838762383087721 -0.03283849806815935 0.9582984474412388 15.535320338978565 -0.019899738762334144 0.9989963682345464 0.04012800333155606 0.7251141690182572 -0.9586544120384843 -0.03046127539703506 0.2829378535656442 10.57944600091676
0.2613915594620668 -0.030424195395593906 0.9647532435687998 16.264451996671596 -0.023417132263734 0.9990090490061444 0.03784914689107473 0.7511790085589853 -0.9649487502238303 -0.032485201836683825 0.260420085828836 10.784981964955696
0.2352062048827243 -0.02927966761197317 0.9715043706794111 16.98268544325473 -0.02710664504230207 0.9989597371156202 0.03666978887915716 0.7750283138827657 -0.9715674299703634 -0.03495918600916913 0.23416785504069465 10.970940261794405
0.20280599583382314 -0.02929017991755201 0.9787807790380075 17.73366377742851 -0.03033047512551491 0.998885045099831 0.03617635905628485 0.7965221734720163 -0.9787490946777483 -0.037023668595996186 0.20169149122157343 11.136172561351557
0.1700784684699964 -0.02952699539953231 0.9849880563263579 18.481953111615944 -0.03150908265118628 0.9988769432760662 0.0353840345628229 0.8188492237874259 -0.9849266430924596 -0.037054132483952874 0.16895709216389976 11.269558033042095
0.13563691649668824 -0.02876857889841814 0.9903408482696429 19.229452804630395 -0.032645405980147216 0.998905800517105 0.03348849297405094 0.8392195758114313 -0.9902206341778895 -0.03687235497560714 0.13454934071518537 11.371416723846604
0.10169662040819694 -0.027320004449039547 0.9944402519781949 19.999891143382403 -0.034737534147931896 0.9989157066667649 0.030995397977098757 0.8626453288707285 -0.9942087814533084 -0.037696529433648554 0.10063732185320562 11.457374232075022
0.0702313135317677 -0.02517437825968306 0.9972130230190744 20.729911386882197 -0.03776705803321185 0.9988976605061974 0.027876749501361778 0.883074917964464 -0.996815535556664 -0.039619622846312694 0.06920313257647648 11.517577552213094
0.036271573968651105 -0.02180314734544729 0.999104096522314 21.49558943471933 -0.03743515287516836 0.9990306282767238 0.02316059356379069 0.8975392116960741 -0.9986405670966153 -0.03824168577412669 0.0354202091764505 11.543323090062556
0.005122062469384792 -0.018923725265764725 0.9998078100805803 22.231058607891033 -0.03508045840978137 0.9992021105585538 0.019091979810673277 0.9093715186654775 -0.9993713653661582 -0.03517150661256088 0.004454122672678251 11.540832234196404
-0.026373773317452942 -0.014510293921797842 0.9995468350464137 22.96892393623372 -0.031828882925344464 0.999399869376064 0.013668332115921188 0.9175042328330621 -0.9991453078970668 -0.03145397369823793 -0.02681979205486562 11.510712206941868
-0.05758994327060396 -0.011727714347255771 0.9982714356077098 23.695301723103476 -0.029948264235905825 0.9995012816969745 0.010014457317386207 0.922916561857512 -0.9978910260661458 -0.029319764703942583 -0.057912446799979644 11.460833768764452
-0.08585037724960437 -0.008683966374223804 0.9962701950044034 24.38867627161832 -0.025144653280947983 0.9996623860841705 0.0065467747695920515 0.924142048667963 -0.9959906922946026 -0.02448882554379049 -0.08603974829114897 11.390237784400503
-0.11485640525485741 -0.0010910036395693247 0.9933815057081498 25.12661204148113 -0.021493443267843373 0.999768027033852 -0.0013870895181327773 0.9197005627341214 -0.9931495547340413 -0.021510505152082363 -0.11485321109868141 11.296721873914695
-0.1388737124532441 0.009895898695629011 0.9902606541605395 25.886560174719172 -0.01934127886979533 0.9997322389870928 -0.012702962707001865 0.9111949425450531 -0.9901212081968221 -0.020917015056181404 -0.13864512815099206 11.187906788402097
-0.1596505406866452 0.02356199722742043 0.9868923635053202 26.608176168938172 -0.02006130454953104 0.9994312237223724 -0.027106698592274416 0.9015350249825412 -0.9869697304974621 -0.024125947348373256 -0.1590870508442176 11.071775199213205
-0.18291127783915745 0.037119939953696786 0.982428406804832 27.35685385725225 -0.021233101923704617 0.9989047114593967 -0.04169571688935209 0.8788016788205179 -0.9829001067361546 -0.02848661935108087 -0.1819227657441544 10.939695916490738
-0.2061440794445536 0.04665784791002572 0.9774086472598668 28.103652456715658 -0.01803054139431432 0.9985118631185157 -0.05146803657240729 0.8470696462788919 -0.9783555172262207 -0.028233038093617303 -0.20499604257892112 10.782908185590617
-0.2307973549866124 0.050909401208103416 0.9716690865720777 28.839743668801262 -0.015807882250629995 0.998302274449794 -0.056059608338966435 0.8070606055102998 -0.9728734202299566 -0.0282984398333275 -0.22960075460038393 10.60932081167888
-0.25330028345757893 0.050402842194393296 0.9660737652472703 29.539745016672967 -0.014065391368837346 0.9983443213833505 -0.05577437339190204 0.7691347074224438 -0.9672854445126072 -0.02771587018920678 -0.2521719638931009 10.4292371577855
-0.27280933558100057 0.0464954904901871 0.9609439295733805 30.241993408308822 -0.012823345186109641 0.9985670202003634 -0.051956404671659115 0.7238547243931841 -0.9619826548530338 -0.026496707951069006 -0.2718221775898075 10.235347122020874
-0.2898820475294515 0.0445893815915568 0.9560231093281248 30.937592652242735 -0.008372670285366621 0.9987577276349586 -0.04912127728130521 0.6787187789362753 -0.9570257556160262 -0.022243842715162075 -0.2891486028823896 10.025097194072146
-0.3044313406750488 0.04455999454740755 0.9514914427890181 31.65019731110197 -0.006894928887734367 0.99877593837899 -0.0489804539668737 0.6341372967657207 -0.9525093273928741 -0.021471651103325922 -0.3037514599610536 9.79971819404718
-0.3143911051487561 0.04767690518364692 0.9480955361752601 32.36314240202604 -0.00569939811350598 0.9986252005273863 -0.05210782794150826 0.5891955583679507 -0.9492764349042317 -0.02178581152373272 -0.3136871507597415 9.569720275496078
-0.32291357336965765 0.049974900753861656 0.9451081067413827 33.08825455484766 -0.005626523333742122 0.9984858973145379 -0.05471978708984076 0.5425874462192856 -0.9464117319480005 -0.02298743479869656 -0.32214346411585326 9.323033109291028
-0.33050760945629004 0.051514301293716286 0.9423964117364351 33.80758896719173 -0.010778004973346727 0.9982381944542711 -0.058346737196448124 0.49692788209297273 -0.9437417839114058 -0.029441193842931875 -0.32937009792150224 9.081457321681562
-0.3409108997787392 0.05039962740456537 0.9387436476320526 34.53016797698288 -0.011294588916564725 0.9982702356357644 -0.057697217479885196 0.44759133211326885 -0.9400277605864925 -0.030272333923837783 -0.3397519611798399 8.821345203543892
-0.34882715823080185 0.05091513874493048 0.9358030040169821 35.250427131512005 -0.011005676853694506 0.9982317645836538 -0.05841420420751532 0.39559070871070584 -0.9371224513144564 -0.030675606314948797 -0.34764999413144687 8.557455017395483
-0.35633635668288405 0.05246049561119767 0.9328838605668962 35.9471526587326 -0.009587693880658405 0.9981647054152225 -0.059793787214000485 0.3475901273471208 -0.9343085555810883 -0.030250905169430766 -0.35517939932435677 8.29480581551459
-0.3627919590054759 0.05483761356436134 0.9302552502509918 36.6685987899171 -0.009895366594976529 0.997984036531262 -0.06268926980528967 0.2999918916822476 -0.9318176196020982 -0.03194837972941906 -0.36151794537995585 8.016741850625786
-0.36441626223923096 0.05530351360592707 0.9295925500983898 37.395733138416695 -0.012996498947173862 0.9978357670574953 -0.06445830432067043 0.25081839112059356 -0.931145465988373 -0.03557110292947197 -0.3629088285033538 7.745782840936203
-0.36452908136058587 0.054750105290887266 0.929581074900433 38.10804871539801 -0.0128897487024329 0.9978777165924164 -0.06382724423546028 0.2012785176457305 -0.9311027887514867 -0.03524895316093412 -0.3630497322410013 7.475921761392871
-0.3630282397729835 0.052944004783861104 0.9302727715486333 38.863749289911695 -0.017319864403634408 0.9978285023297699 -0.06354763752782581 0.14756602090342097 -0.9316171528178133 -0.03918178525507369 -0.3613229418122469 7.196159378295323
-0.35703787580963 0.051549061473435125 0.9326664191974295 39.617913053528326 -0.021985807932074795 0.9977356872703652 -0.0635619587230122 0.09840362819024624 -0.9338311300695225 -0.0431994514819343 -0.3550960826378389 6.922831531754026
-0.3508961034926953 0.05061442277608977 0.9350455094596664 40.35107383571533 -0.026709993028369138 0.9975908796808131 -0.0640235351264366 0.052935001779629925 -0.9360333865979718 -0.04744066804656987 -0.34869884168036325 6.663109434407197
-0.34725357782881044 0.049720198743078425 0.9364522702850581 41.13922436529067 -0.030535121196527057 0.9974644641161683 -0.0642825730580163 -0.0028792807135601325 -0.9372740042584154 -0.0509170370543552 -0.34485489162690103 6.384542253909555
-0.34359985616719607 0.04791470161345721 0.9378930217307172 41.95447604222518 -0.03551942830139313 0.9973199401620123 -0.06396332674574239 -0.059730740638657166 -0.938444196026074 -0.055291213809553603 -0.34097708518380215 6.101716386454424
-0.3433330307450805 0.04649232784039328 0.9380623078726589 42.77158995367393 -0.04014007485411396 0.9971351436086626 -0.06411146364916405 -0.11416850406035568 -0.9383555852607814 -0.05966547437600197 -0.34048322539793785 5.819396892236179
-0.3440015583930595 0.04513017370848237 0.9378838921978503 43.60131406374059 -0.04377255451947395 0.9969875687328555 -0.06402930003513406 -0.17216897249110863 -0.9379482348690604 -0.06307975279906973 -0.3409898143534819 5.533859317542147
-0.34498725432781824 0.04433454213286868 0.9375597275508489 44.43419759880063 -0.04631669947164613 0.9968628188062794 -0.06418164715596057 -0.22950051919412384 -0.9374638967455795 -0.06556652236826276 -0.3418515371372865 5.24140066351246
-0.34725599776383365 0.0440973755491012 0.9367329894301395 45.281258317718155 -0.04768060020734434 0.996771527858501 -0.06459939329821208 -0.28998761850934407 -0.9365574367762566 -0.06709651794475795 -0.34403230211533486 4.940767725835167
-0.34688018264466147 0.04307983875530465 0.9369195623858131 46.159637072554055 -0.04997015820295546 0.9966769122667634 -0.06432818856117793 -0.353362292884226 -0.9365773444716556 -0.06913219255316448 -0.34357476300685175 4.624531938846659
-0.3476213262478079 0.0424346354766332 0.9366742845032527 47.03180004619158 -0.05194388556150391 0.9965696990077022 -0.06442567634469386 -0.41809048386608594 -0.936195089866684 -0.07105024089799501 -0.3442246606183937 4.311948531019373
-0.3485454043572307 0.04159137843108663 0.9363686551469229 47.921385067882014 -0.05426423000281542 0.996443917464386 -0.0644586122285462 -0.4870027502452047 -0.9357197734597985 -0.07327807713382413 -0.34504902400660864 3.9878509889058473
-0.3485528163283951 0.04077001402073166 0.9364020184655164 48.84050470402365 -0.05748813460345073 0.9962426646463501 -0.064773972536471 -0.5567799101180905 -0.9355244778247973 -0.07640915583285364 -0.3448993944551817 3.658743589545561
-0.34889785057871125 0.04015121526649197 0.9363002562074729 49.75998464270359 -0.05856100355915697 0.9961952613430597 -0.06454153809584767 -0.6332747752610837 -0.9353292996178939 -0.07734908655089065 -0.3452190899791654 3.3226383291590085
-0.34792753386101716 0.0396699871923474 0.9366817620182161 50.668846024115524 -0.06268539963313777 0.9958841896616846 -0.0654616029037168 -0.7020813489715758 -0.9354234184871709 -0.08149216464206288 -0.34400880111957355 2.9976578704481494
-0.34684025440870353 0.03809340963989159 0.9371503241549424 51.54543991169488 -0.0646958435246953 0.9958233819360514 -0.06442235497149704 -0.7718010752990604 -0.9356902723403371 -0.08297399671856745 -0.34292714986745093 2.685507607000124
-0.34524988943484197 0.036289987512497825 0.9378089094541447 52.470499439627524 -0.06405266625783922 0.9960110450556439 -0.06212289491343729 -0.8438418324003256 -0.9363224710485653 -0.08151708369113103 -0.34154823272270335 2.3543972558898814
-0.34342753779262364 0.034318163018374974 0.9385519644498863 53.38200233928386 -0.06488539019114245 0.9960774003299697 -0.06016393181660193 -0.9177948536209762 -0.9369351164437374 -0.081560261395693 -0.33985366164810843 2.0299383674895086
-0.3412791186503063 0.03407681904597959 0.9393440975366679 54.26029767240186 -0.06601775055743697 0.9960057836532985 -0.06011768076459969 -0.9888561802467498 -0.9376407733159889 -0.08253029342541957 -0.337666301076237 1.7174568272250719
-0.3399926498880505 0.033827173825669375 0.939819514764973 55.18556362421393 -0.06749217298553745 0.9958982456116219 -0.0602618533849047 -1.0585973525949093 -0.9380030941355106 -0.08391904848520038 -0.33631501407690195 1.3949647807375758
-0.33728229728584025 0.03403775952756692 0.9407880116497709 56.084992392793225 -0.06967267046384869 0.9957029464431182 -0.06100296250944565 -1.1314552130506923 -0.9388217993464052 -0.08612243244844175 -0.333461475587723 1.0825113987968369
-0.33723411289618965 0.03461598115377702 0.9407841872331195 56.97621532980906 -0.07373886417029134 0.9952822763482316 -0.06305370962883802 -1.2039377981129091 -0.9385284934459877 -0.09063621922743606 -0.3330905924131765 0.7764468332471202
-0.3382420434697131 0.03644239978806942 0.9403532695360395 57.88181592282511 -0.0782912077386928 0.9946960994040707 -0.06670949423541031 -1.275351775173037 -0.9377967833279499 -0.09618534882202129 -0.33359492180148154 0.4648290767761449
-0.3416955751432971 0.03601054152551569 0.9391205326402627 58.775626424850095 -0.08279209002277774 0.9942272319703667 -0.06824720535086748 -1.3512613178767194 -0.9361568264757525 -0.10107151976487896 -0.3367416578554932 0.155114121930375
-0.34633080051128917 0.03442955554115023 0.9374804437013331 59.683761047215185 -0.08370585151772855 0.9942060692860855 -0.06743606020819447 -1.4286279749139923 -0.9343705405452922 -0.10182778353646955 -0.3414422285850832 -0.17028651659671296
-0.35022891378321613 0.03227531287627233 0.9361079062420995 60.567077403524884 -0.08245186916628428 0.9944642183299786 -0.06513530327196278 -1.5040246516149627 -0.9330280795459559 -0.09999611312487779 -0.34562896310740826 -0.4912672074140922
-0.35463777315817147 0.03106124786351166 0.9344876931937494 61.43525846724939 -0.08471665199229401 0.9942697190280052 -0.0651982722101443 -1.576421281392431 -0.9311579558402698 -0.10228843876574235 -0.349974194148993 -0.8064217608924444
-0.35889657022904686 0.032542514278183304 0.932809860926803 62.32286442109874 -0.08561117323747769 0.9940315201044869 -0.06761703968428504 -1.6572381474981197 -0.9294428325048991 -0.10412647023316324 -0.3539685004376135 -1.1304430914808603
-0.36327605043368816 0.03502625943064077 0.9310229171892591 63.17176977739848 -0.08688639106340704 0.9936645229995695 -0.07128513716066441 -1.7288909351747697 -0.927621294618271 -0.1067894043542499 -0.35793121809697925 -1.4541813084893076
-0.36829203851115977 0.037027992949731345 0.9289724980360877 63.99924966775751 -0.0885587108556904 0.993265969407487 -0.07469985775477213 -1.8025229452734464 -0.9254827546209993 -0.10977996973546501 -0.3625327973356448 -1.7713112119492704
-0.3716923761646738 0.03833498773871409 0.9275641251235038 64.820318681035 -0.09052661322660115 0.9928887257659427 -0.07731048146663982 -1.8750203077639245 -0.923931658619175 -0.11270495535669645 -0.36557883313898937 -2.08775822522685
-0.3733680235877563 0.0376521947001334 0.9269188913796267 65.6440085404265 -0.09089836288380349 0.9928830693818567 -0.07694607306359162 -1.955168290528325 -0.9232192624654325 -0.11298461297507041 -0.36728826641162454 -2.409853160965141
-0.3751040264406452 0.03260341891042586 0.9264091895179837 66.51190524860259 -0.08946792429200442 0.9934423645562315 -0.07118819303651593 -2.0335858103518065 -0.9226551142604132 -0.10958688507424315 -0.3697272707670193 -2.7514994806168893
-0.3759251799855521 0.02634200615362198 0.9262755301553817 67.32691185859848 -0.08727715278948016 0.9941458001268797 -0.06369322327413182 -2.106976737156635 -0.9225307353437026 -0.10478657739371591 -0.3714253835487267 -3.073417623390911
-0.3766861354419107 0.024285542901569084 0.9260225525179256 68.1364091390346 -0.08747468474051642 0.9942567516611267 -0.061657856805210326 -2.1798613941774874 -0.9222015695580795 -0.10422919064369926 -0.3723983632111903 -3.3899084177012813
-0.3769948015151987 0.029902305176085622 0.9257325595309221 68.9594682169158 -0.08772689812812905 0.9938326673681577 -0.06782787492402825 -2.2501912430278623 -0.9220514687235918 -0.10678240218804311 -0.3720465126938004 -3.7167213677167745
-0.37586741861637907 0.03491821069007093 0.9260153358259591 69.76576010895477 -0.08863949130651483 0.9933530104251765 -0.07343593983984742 -2.3229913047786916 -0.9224243731621482 -0.10968370545091566 -0.37027389937041844 -4.036708856783065
-0.3748449812784357 0.03789643288364573 0.926312636416596 70.59024872659636 -0.08549845602736561 0.9934930849930033 -0.0752429670336167 -2.398971561027209 -0.9231366388716818 -0.10740274878130744 -0.3691658103439611 -4.368515368870575
-0.3719789224575683 0.03777672228342609 0.92747215618628 71.39568954457825 -0.08488631250166226 0.9936004130476523 -0.07451532152118068 -2.4735579285658758 -0.9243516620838503 -0.1064478202926471 -0.3663916843458211 -4.685215905466297
-0.3678211420631785 0.03611508973366563 0.9291949783252536 72.17291602839633 -0.08651434361829259 0.9935824399405024 -0.07286428061933946 -2.544678494380847 -0.9258633137778141 -0.10718971655624028 -0.36233615450981116 -4.9809894251614635
-0.3642679951357523 0.03250243271471677 0.9307268232878028 73.00546250343564 -0.08919995909269184 0.9935784004759796 -0.06960840039432165 -2.616092937999286 -0.9270125107125802 -0.10837690701998928 -0.35902959628300696 -5.292182453560324
-0.36051740629926116 0.02832037994340409 0.9323224527142497 73.83524106985703 -0.09197988795057419 0.9935878360820751 -0.06574885704207586 -2.686915816556497 -0.9282062809353604 -0.10945852214241131 -0.3556008042208932 -5.594579890495764
-0.3590397269104807 0.025833072804416796 0.9329646975365837 74.65426647502326 -0.09713511894592763 0.9931541860366074 -0.06488090185350695 -2.756570450117592 -0.9282538678440333 -0.1139184581507563 -0.35407250913498844 -5.887564707180688
-0.35695169800001597 0.023959354382222513 0.9338155249472416 75.47630965946927 -0.10301619310715845 0.9925637653155257 -0.06484470479827016 -2.8204140578235792 -0.9284250908138006 -0.11934454792847991 -0.35182911992490434 -6.178137882981537
-0.35308377941045144 0.02323722866492263 0.9353030930779634 76.26068462254293 -0.10332593930873109 0.992607793989124 -0.06366724101147356 -2.8869378874401592 -0.92986859016917 -0.11912094071160931 -0.34807270289521586 -6.456519481972453
-0.35077751289735154 0.02545941358209402 0.9361126826966957 77.04700742338316 -0.10144940283684115 0.9927140807033994 -0.06501363424123555 -2.957679926270742 -0.9309474502406658 -0.11777339357113184 -0.34563893394283957 -6.74086916533489
-0.34629934717947036 0.027357852024692757 0.9377250716898144 77.87519650553331 -0.10203818818781027 0.9925458999971994 -0.06663966198967558 -3.02896442809347 -0.9325582932419945 -0.11876103877679839 -0.3409264515613803 -7.034726114537347
-0.339817868875162 0.02873354112137448 0.9400522323827383 78.65974071125373 -0.09978593726821668 0.9927897835267248 -0.06641695904257085 -3.0923893471092487 -0.9351826467148794 -0.1163736625684063 -0.33450050514725377 -7.314192215967611
-0.33064366558729513 0.02953161853844652 0.9432935120700751 79.47816510880423 -0.09709991113307104 0.9931414746785336 -0.06512770939697939 -3.162376265510081 -0.9387472363021617 -0.11312778076072814 -0.3255084200987833 -7.5921214015875185
-0.31948778585176646 0.02991619975075993 0.9471180368275163 80.27889166047899 -0.10166541272750015 0.9926501784052635 -0.06564881695008593 -3.220981880640385 -0.9421208513489567 -0.11726314128689999 -0.31409816482915925 -7.851623313789717
-0.30829118138983075 0.029453291232154316 0.9508359748730886 81.10448590156493 -0.10509449423913841 0.992347859621217 -0.06481414032299851 -3.2889010950885886 -0.9454690342670575 -0.11990925377460884 -0.3028367152465736 -8.109680822476884
-0.296832161553827 0.026699878683375297 0.9545563285346633 81.9130627736503 -0.10714488562128018 0.992365731761619 -0.06107559177306239 -3.349123584872757 -0.9488997003648415 -0.12040502856409287 -0.2917053097631142 -8.348779851645226
-0.2845305729915247 0.02492690997748713 0.9583428416762392 82.6691643655704 -0.11150356486909617 0.9920165321775645 -0.058908020743209964 -3.404809568368627 -0.9521603373668734 -0.12361977610954261 -0.27947959299388675 -8.559582897034522
-0.2728812529663292 0.02487869647324712 0.9617259860486866 83.46158420796247 -0.1131168878115931 0.9919016604243256 -0.057755222614806166 -3.4637573609290655 -0.9553744770880925 -0.12454776798184058 -0.2678571671981094 -8.782466269683418
-0.25889857068328564 0.025315751984321476 0.9655727019751648 84.23872326678494 -0.11416951044746743 0.9918466903544392 -0.05661683245406098 -3.524384420841078 -0.9591333864392051 -0.12489697968491437 -0.25389740345905226 -8.98686870983321
-0.2466851935780771 0.028506378749633465 0.9686763141730725 84.99551162393776 -0.11508021148303105 0.9916328140247921 -0.05848852087626289 -3.5827489022915127 -0.9622385152312121 -0.12590372718809653 -0.24134061259095602 -9.174682544017049
-0.23563102336504915 0.0353580980692325 0.9711991689292501 85.7837815701271 -0.11502835335950988 0.9912985173361457 -0.06399787067206793 -3.6454099915425466 -0.9650111391851077 -0.12679532494569956 -0.229513500301344 -9.361829411630627
-0.22276558327761298 0.03868873815807005 0.9741040377940752 86.60282536575875 -0.1204562815542865 0.9904628396323036 -0.06688533128891423 -3.7064896018888627 -0.9674015604396652 -0.13223670007698185 -0.21598073064894252 -9.538655967843885
-0.21105845941167073 0.03655907069916008 0.9767895172760538 87.44695025642622 -0.12361239884777142 0.9902792211730624 -0.06377334054268102 -3.7673905321706176 -0.9696258564837635 -0.13420319840632375 -0.2044876523794073 -9.71050231023535
-0.1980170825594887 0.03350507996841636 0.9796257676434091 88.26874410222761 -0.12473155674259015 0.9904295707613819 -0.05908725847418235 -3.8286033934314294 -0.972230051874143 -0.13389053356281333 -0.19194283329956985 -9.865818254524337
-0.18701896031146448 0.0345679071125386 0.9817479148344945 89.04337892632962 -0.1273388678441306 0.9900958096536187 -0.05911937451056655 -3.885598881110999 -0.9740681296604432 -0.13607111193859073 -0.18076485077470572 -9.995437471246348
-0.17995905194578338 0.04026422866816915 0.9828496993500748 89.8642209589752 -0.1303906008066119 0.9893685844298601 -0.06440570909900525 -3.946497744610382 -0.9749938619519949 -0.139744753150207 -0.17279575551188192 -10.13073349240199
-0.17573680491801819 0.046773217012394244 0.9833253996350945 90.71458975985303 -0.1344602168794377 0.9883690006758883 -0.07104342742070616 -4.015848822095071 -0.9752112722246095 -0.14470309144333454 -0.16740367335515965 -10.263329839735672
-0.17285209790980555 0.049140565044608835 0.9837211785436337 91.52996180757228 -0.13788324978201097 0.9877125060995879 -0.07356775600779922 -4.0850318289308065 -0.9752488716618597 -0.14835501394145084 -0.16395251800659033 -10.387316577545565
-0.17136699879632983 0.048566397942141196 0.9840094799921719 92.36187202796702 -0.14233304481569414 0.9870857129320783 -0.07350577990106955 -4.156421085715122 -0.9748716100477193 -0.15265353031062356 -0.1622413128850702 -10.51399903547343
-0.16817729310079754 0.04794777593386813 0.9845899699206185 93.17461424817405 -0.14719621120087914 0.9863965822106147 -0.07317826187690499 -4.2235780395981815 -0.9747049161122535 -0.1572348351549817 -0.15883177616708533 -10.63571303006711
-0.1647559780146426 0.04504372448034745 0.985305298165689 93.96367718372402 -0.1522990102333912 0.9858144105560266 -0.07053339224795237 -4.288174143925574 -0.9745052484160196 -0.16168181971085266 -0.15555870269650396 -10.748829455062204
-0.1608015310291307 0.041211319647972255 0.9861260034861468 94.74515262885993 -0.15465635665688296 0.9857335444615769 -0.06641378372623839 -4.352691946234996 -0.9747944803723021 -0.16319009300839682 -0.15213387058641553 -10.8614681676145
-0.1579559204077341 0.0386780790942119 0.9866883669151714 95.501539212045 -0.15721749891259224 0.9855009983317108 -0.0638000025303341 -4.411622471075811 -0.9748500321812659 -0.165202265374248 -0.14958484639629077 -10.965904353065593
-0.15638573688210755 0.03852454657251979 0.9869444567001843 96.28889720738557 -0.16415818246504216 0.9843273605888632 -0.0644339842469499 -4.4711155290986655 -0.9739587221384766 -0.17209156431256015 -0.14761064007327462 -11.068699959530958
-0.1539469383086718 0.039137076119438424 0.9873037169271709 97.0646526265019 -0.17287210929946395 0.9827364459172789 -0.06591139273470976 -4.532176051122713 -0.9728389250085238 -0.1808241331755699 -0.14452355811272977 -11.1675404574301
-0.14879035288670078 0.04056285042228899 0.988036480122809 97.8411737979362 -0.17553383533850528 0.9822073636881397 -0.06675752667788806 -4.598457324615256 -0.9731645819383303 -0.1833667087625598 -0.13902282754418788 -11.27140206513676
-0.14453251131837724 0.04251260486335415 0.9885863804441853 98.6732711763141 -0.1775337451635592 0.9817504959460992 -0.06817428428512487 -4.669158069489886 -0.9734434356962934 -0.18536084305300546 -0.1343474427091022 -11.377753327851082
-0.13826405670901093 0.03972952531286726 0.9895982090933582 99.48930961474693 -0.18262282342730157 0.9810385847187522 -0.06490146112737774 -4.732686998592532 -0.973412530731862 -0.1896967583050436 -0.12838685642521902 -11.47698519874802
-0.1332387214414148 0.036147406808622884 0.9904245595145897 100.31958120438107 -0.18457343426465705 0.9809467154586904 -0.06063158248435685 -4.7946777232531925 -0.9737453930429696 -0.19088453685885343 -0.12402823515544203 -11.568111591668526
-0.12746523447270797 0.03418664010718446 0.9912536948929873 101.11626311756223 -0.1859501451752129 0.9808611979186787 -0.057739535215068374 -4.851293065394838 -0.9742562073244054 -0.19168355186535102 -0.11866869188690188 -11.652962085044688
-0.122921328486295 0.03785570842687867 0.99169415262099 101.8978378144579 -0.18929471902897965 0.9800315786540029 -0.060873756157170195 -4.905859638303347 -0.9741960050990274 -0.1952051489598625 -0.113300897916362 -11.734396174659901
-0.11902160044611187 0.04015558217112154 0.9920793253806596 102.7108334381893 -0.18963588443184826 0.9798688350698678 -0.06241231765101432 -4.968284948434702 -0.9746138158075727 -0.19556225422948756 -0.10901061763738651 -11.815627485651484
-0.11487190749716153 0.04112451216303281 0.9925286995182138 103.52258081201286 -0.19085567352101457 0.9796149886036485 -0.06267843319606982 -5.0266340847652105 -0.9748736106556602 -0.19662972461565126 -0.10468139588661235 -11.891390115338167
-0.10957609328711565 0.04003313731153414 0.9931719023899788 104.35119620022411 -0.1916625616355826 0.9795862791174292 -0.06063154486038412 -5.091477990185116 -0.975324839346984 -0.19699763877231147 -0.09966638385591237 -11.967280107510186
-0.10148729099001974 0.03875159544520129 0.994081809318508 105.18082574826943 -0.19211738232534484 0.979668154877148 -0.057803267451430065 -5.15611999903544 -0.9761102607676881 -0.19684669204753158 -0.09197901202981007 -12.038513207622824
-0.09412464026393264 0.03841565138179713 0.9948189733937012 105.97088419005186 -0.19258637524774302 0.9796778072411609 -0.05605249386143392 -5.214561835237154 -0.9767553635195052 -0.19686450093417757 -0.0848134901287314 -12.10216072243499
-0.088419541466911 0.03845733514554692 0.9953406542788676 106.77395577398907 -0.19336810515021677 0.9795820094538126 -0.05502601807368375 -5.272438531138789 -0.9771339522283502 -0.19733251158370674 -0.07917777007892013 -12.1595116538862
-0.0808772267383348 0.03850380860413552 0.9959800856031672 107.5812391307249 -0.19933039472447 0.9784426798571852 -0.05401218355960691 -5.322638507378174 -0.9765890988200222 -0.20289745921737362 -0.07145875110181582 -12.20895523649931
-0.07409614872708642 0.03796606702095216 0.9965281423516218 108.37305658048984 -0.20429684658573577 0.9775038228404047 -0.052431620302250403 -5.3731612075097805 -0.9761006911271696 -0.20747253815229516 -0.06467292086883486 -12.25390037149646
-0.07006572704718722 0.037478596772830344 0.996838075455231 109.17809010224796 -0.20678655872046342 0.9770418707752551 -0.05126891733339292 -5.428827373915936 -0.9758740251825014 -0.20972490919280315 -0.060707078979086726 -12.297719635172214
-0.06611430523984535 0.037838040024702826 0.9970943693401049 109.99867859289684 -0.21116428929695497 0.9761168932556237 -0.05104364433209288 -5.47909953335397 -0.975212049540183 -0.21392543894562485 -0.05654524740026584 -12.338356896946742
-0.06299942585322943 0.038963461624985235 0.9972526866348177 110.79851200284774 -0.21450447655328572 0.9753559326253045 -0.0516588252985245 -5.526368546466967 -0.974689130892904 -0.21716964187201876 -0.05308902681736388 -12.376006306662969
-0.05918305143668323 0.03741640016027642 0.9975456778622666 111.63264229030602 -0.21763948712348508 0.9747744984001001 -0.049474548138002894 -5.578280141705565 -0.9742332472602592 -0.22003338443945103 -0.04954684313709057 -12.406743990656665
-0.05476983503673122 0.035484342825058746 0.9978682912009597 112.4479070423546 -0.2195527900801239 0.9744821063184836 -0.04670328503568752 -5.627073708230262 -0.9740620296151999 -0.22164269868273426 -0.04558153773790835 -12.434303661186332
-0.05206838157364352 0.0344175953062362 0.998050255635275 113.27183387949681 -0.2212633490779046 0.9741689519569812 -0.04513738359571044 -5.678525587521248 -0.9738230917343924 -0.22318217262221712 -0.04310804830302678 -12.460225631686212
