1.0 0.0 0.0 0.0 0.0 1.0 0.0 0.0 0.0 0.0 1.0 0.0
0.9999242100810456 -0.0019297947340417014 0.012159357963380513 0.009169426746666431 0.0019195351567922667 0.9999977918577014 0.0008553738966598242 0.00037819211138412356 -0.012160981809829281 -0.0008319687528467896 0.9999257064149393 0.2249913364648819
0.9997991020461465 -0.004097976093082078 0.019620452075823018 0.016972869344558886 0.004068629239543127 0.9999905443378617 0.0015354123153919698 0.001840712621570326 -0.019626558634418687 -0.001455275509190738 0.9998063214289866 0.45905489349870066
0.9996967731014498 -0.006570305767079064 0.0237316862585731 0.023530028913078392 0.006545694706938703 0.9999779555442504 0.0011145879707938195 0.0007712671619565944 -0.02373848629023793 -0.0009589096246108025 0.9997177425458548 0.681423217086931
0.999626198177294 -0.008082363714047292 0.02611779689030397 0.0282808882454842 0.008090918329841122 0.999967243368849 -0.00022187808589362317 0.003547984922253897 -0.02611514805987439 0.0004331121090555255 0.9996588475353538 0.9145645978477052
0.9996467716158332 -0.009585962266723294 0.024787927010210847 0.032299749379484856 0.009615142641209233 0.9999532134449349 -0.0010582783839846628 0.0030401795922954 -0.024776622651842266 0.0012962440240041496 0.9996921719816549 1.168028034797349
0.9998358717526031 -0.010600407360774276 0.014692206114054446 0.028784106482007004 0.01064422583889668 0.9999391217542805 -0.002907445884096466 0.0016172546800692132 -0.014660491567569642 0.0030633558500487218 0.9998878366286557 1.431511651821622
0.9999555810028201 -0.00927840129625854 -0.001657495308596226 0.013389203116699087 0.009272010535548394 0.9999497074229902 -0.003822622830602836 0.00356026216602402 0.001692879777512348 0.003807084719566177 0.9999913200943281 1.691878120764895
0.9997863996411697 -0.005476675917373519 -0.019928901461037266 -0.014257477817122562 0.005413465462255602 0.9999801487336627 -0.0032243650989253795 0.0036300867126040437 0.019946164649792656 0.0031157919536232283 0.9997962004109965 1.9685978680718228
0.9993033457557138 -0.0026183219684224675 -0.037228585139731075 -0.04590217556688569 0.002479258973992465 0.9999897783877074 -0.003781057397603735 0.0049035882587906525 0.03723810462921558 0.003686124004123083 0.9992996227625877 2.257664976392579
0.9983815446435423 -0.001684359841516478 -0.05684588153154953 -0.08375130155780999 0.001429989209551704 0.9999887843372803 -0.004515122424591457 0.004349067393921467 0.05685284905820677 0.004426525903320745 0.9983727557492703 2.5767838832641887
0.9970280912625081 -0.0025792594318108843 -0.07699566646392136 -0.12328008681808017 0.00230906629921822 0.999990861193138 -0.003598019320720811 0.004507655879381769 0.07700424304066514 0.0034095382370462083 0.9970249352963768 2.904029046667048
0.9954321922333081 -0.0034304657649846 -0.09540955177667187 -0.1720048833131341 0.003184982603684688 0.9999912147952433 -0.002725108832271202 0.004989829246476504 0.09541806197677874 0.0024087832963480193 0.9954343731314621 3.2337270161017124
0.9934696556461962 -0.0017953792143081593 -0.1140825136631621 -0.2298128191919044 0.0015426734864413527 0.9999961573398597 -0.0023033592922265607 0.0009634635250391861 0.11408621068623048 0.0021123254937830435 0.9934686077638617 3.5818083592354197
0.9913524802885553 -0.0011692470323303862 -0.1312207784122131 -0.2921781291394206 0.0009085509148233843 0.9999974930808028 -0.0020465501080960046 -0.0038252289284186215 0.13122284237496504 0.0019096317674255322 0.9913510573684521 3.9339741105436477
0.9895260888713634 0.00016365765621994025 -0.1443540531440473 -0.3607168919029983 -0.0005130934183062787 0.9999970279216742 -0.0023834602917754714 -0.009706734114416044 0.14435323404096967 0.0024325632550748263 0.989523231893988 4.306404989021194
0.9874694917049335 -0.0005759720741799442 -0.1578089706200827 -0.43002912521359543 8.143740334881427e-05 0.9999950662328068 -0.003140203495593509 -0.014767777195777152 0.15781000069688134 0.0030880035968513285 0.9874646666660211 4.67120860433034
0.9855868301968469 -0.003119861059374023 -0.16914155790196037 -0.5004131718628968 0.002233041716686043 0.9999827477198765 -0.005433027452329662 -0.02110053366342795 0.1691555901152059 0.004977020150293696 0.9855767933566619 5.0448343225905825
0.983906352183384 -0.002906534507332808 -0.1786612498286764 -0.5842951981805365 0.0015550582551756786 0.9999691143198884 -0.007704037910151781 -0.023804164066202133 0.17867812380649747 0.00730222318583385 0.9838804833970102 5.4531799002301025
0.9822479986470184 -0.002051288767939443 -0.18757574834801435 -0.6720102541151309 0.00028735767099620523 0.9999554901612562 -0.009430541974399114 -0.027189578863840186 0.1875867441465308 0.009209229650329574 0.9822048684005551 5.871721789229004
0.9804147753833762 -0.0019947121255252873 -0.19693371812236812 -0.7627803180296676 -0.0003863869368574287 0.999927300943985 -0.012051702452863567 -0.03675747899670226 0.19694344090397906 0.011891759769420765 0.9803427294239945 6.279262668130029
0.9785206960008077 -0.0035025965978367343 -0.20611884754958176 -0.8608448020545094 0.0006548111154106118 0.9999034145197284 -0.01388282587196759 -0.042873883133637936 0.20614756540036566 0.013449663522224653 0.9784284786486138 6.707460437263703
0.976692433158216 -0.007985209213356461 -0.21449505226298995 -0.9554922089413163 0.004713205044199901 0.9998646702876794 -0.01576156111308566 -0.0492178474759057 0.2145918840722901 0.014383238311629706 0.9765978935805544 7.14279287566941
0.9737578430928913 -0.00827558564913524 -0.2274360958538557 -1.075918425675527 0.004315924038892661 0.9998304346435992 -0.017901808849447486 -0.05703186625031592 0.2275456785236119 0.016450429859291665 0.9736284442962181 7.622507717382953
0.9709515025690928 -0.004109620739631944 -0.23924107230197203 -1.2144931096581393 -0.0011329473685388453 0.9997623268663236 -0.021771683653183868 -0.06376646874030475 0.2392736844892918 0.021410296499828764 0.9707160774988267 8.100727488414256
0.9682934461059309 -0.002243780455064911 -0.24980545966325532 -1.3596938987577736 -0.004020442707913007 0.9996901914691263 -0.024563328782031584 -0.0739375703402572 0.24978318251782525 0.024788838812886353 0.9679844395451693 8.603984128793787
0.9649648953963919 -0.003876685585617843 -0.26235038014361783 -1.5025078506311753 -0.0029091210158255143 0.9996713009485421 -0.025472084224983076 -0.08707121815670965 0.2623628930842657 0.025342876094074488 0.964636434603076 9.098607589322674
0.9618346039355239 -0.004587181076502537 -0.27359304165487414 -1.6496358073780921 -0.002859659489284201 0.999636358713985 -0.02681366600542756 -0.10132836184888247 0.2736165510706537 0.026572694760160324 0.9614717233873205 9.585460291360764
0.9588831540864615 -0.002962939475698141 -0.2837856899120575 -1.8075203855049011 -0.005518080249174522 0.9995618205841196 -0.029081224543061134 -0.1152665905762184 0.28374750677241695 0.02945144852504917 0.958446641488306 10.091108901588314
0.9559239798417234 -0.0011138290699697 -0.2936121662131245 -1.9790315059828727 -0.008755800434378014 0.9994399308373996 -0.032297996942341374 -0.1310706011345686 0.29348369754096043 0.033445239310506324 0.955378843833769 10.612109911462243
0.9531095174135353 -0.0013698469876018216 -0.3026224898036641 -2.1530444970889793 -0.010455231822509257 0.9992437351006508 -0.03745191570051258 -0.15347864132507508 0.3024449304307741 0.0388597655851302 0.9523743920724629 11.141466881886185
0.9501432010688872 -0.0016165074805120135 -0.3118096925468067 -2.3417477380358833 -0.012735136215551834 0.9989510086032972 -0.0439852101964604 -0.17726493111287578 0.311553709283231 0.04576318732366565 0.9491259225823723 11.69751694546119
0.9485288579996423 -0.0015496101107942382 -0.31668691834428464 -2.5246061460742744 -0.015431176386506044 0.998574057127787 -0.051105099810883146 -0.19959347942747 0.3163145338697285 0.053361513657844396 0.947152397728539 12.210641002723325
0.9474908603032114 -0.0031382414475358477 -0.319767448441047 -2.7104947492707976 -0.016632765542807987 0.9981147015256416 -0.059079554067187394 -0.22955272662988732 0.3193499972636271 0.06129595450759134 0.9456523595955995 12.734029032574739
0.9464015200215294 -0.0030469535538193877 -0.3229781400884271 -2.916521639633431 -0.01954796192093628 0.997582155952328 -0.06669122363731958 -0.2656792660687448 0.32240043437575644 0.06943023980619839 0.9440537070075926 13.302070569979785
0.9456327461077814 -0.003992008493479382 -0.3252118899376907 -3.123880715517182 -0.020964345805882877 0.9970970312229309 -0.07319840525140742 -0.30854239037137504 0.3245600186307427 0.0760366634894371 0.9428039139247388 13.87950440734848
0.9446010368549375 -0.0026973455233107145 -0.32820969744921474 -3.33543017521619 -0.024477886270639664 0.9966026146128768 -0.07863880486438996 -0.3514461452740458 0.3273067586474481 0.08231617625901877 0.9413258377787128 14.449720721216131
0.9437270035217132 -0.0026768388805931357 -0.33071464642125514 -3.5387019953647143 -0.026570146461781075 0.9961212912615333 -0.08388325466060238 -0.39658937743202954 0.32965644258974824 0.08795002915896795 0.9399954373453144 15.008711817321647
0.9430006384387685 -0.0008379267759074729 -0.3327898643029769 -3.7657475732354166 -0.03043523519975478 0.9955889512685645 -0.08874872714746984 -0.44891451063553767 0.33139627692901313 0.09381864415284769 0.938815514170335 15.612401469884762
0.9418736865921452 0.001421639009901457 -0.33596419072253436 -3.999581661276249 -0.03383191188176398 0.9953092661130218 -0.09063590087808888 -0.4996109239244916 0.33425942057591507 0.09673388099359874 0.9375037045389049 16.231653230897034
0.9413163024351421 0.0027774618112194546 -0.3375143026239327 -4.233918081859805 -0.03592065356660333 0.9951115874076851 -0.09199258260482471 -0.555071738287667 0.33560888757179913 0.09871785204736094 0.936814528212482 16.850608100217123
0.9393169874383142 0.004904607371879151 -0.34301536690990664 -4.469366869002169 -0.03856114624053216 0.9950702902689919 -0.09136824078749042 -0.614127405257029 0.3408762753704435 0.0990508064102067 0.9348755546269576 17.478562822134467
0.9370984365410989 0.005951988447707269 -0.34901446111264 -4.703739729930102 -0.04005343860518852 0.9950840437645162 -0.0905729976381428 -0.6682891834320299 0.34675963186064285 0.09885504377004234 0.9327300992425915 18.07529960355206
0.9348481761110741 0.006805062336804401 -0.35498250484832417 -4.949738407367467 -0.041118906747344294 0.9951637628083954 -0.08920942047193876 -0.7276684369604882 0.352658649588666 0.0979937565339148 0.9306068453168989 18.704056517086425
0.9317331947556301 0.007517823279995301 -0.36306574628240307 -5.2516843544132525 -0.04186910763496758 0.995342191720289 -0.08683835101672176 -0.8026779051258328 0.3607218202664194 0.09611141302978872 0.9277081247187063 19.463332611833827
0.9287259442790099 0.008283099070492034 -0.3706743998347469 -5.530748014666561 -0.041500738480014954 0.9957902268767104 -0.08172828618320134 -0.8683668437244871 0.3684369812175141 0.09128644108857716 0.9251599734882109 20.153318583919592
0.926229289767015 0.00990124354279592 -0.3768305562902205 -5.771464324403354 -0.042453406164325885 0.9960351477183405 -0.07817731649750166 -0.9190519563934969 0.3745624261491502 0.08840786099668972 0.9229772689677966 20.723934051768687
0.9228842093969188 0.01223384561369853 -0.3848831888603663 -6.058823348607718 -0.04466567929767946 0.9961496908270958 -0.07543719611675893 -0.9737765258951796 0.38247838257697786 0.0868108661780407 0.9198772528847082 21.394751218811976
0.9196662018081216 0.013330027269308875 -0.3924746967956314 -6.34834071884316 -0.04630434781510859 0.996132674489913 -0.07466995504880454 -1.0265496000307897 0.38996151685165137 0.08684471881797144 0.9167267914641672 22.053503907665522
0.9161729963239361 0.01370322538579705 -0.40054870168413603 -6.660921515699439 -0.047251963163602806 0.9961381574239423 -0.07400015744049862 -1.085364433078749 0.39798780481819596 0.08672365846791236 0.9132823847408502 22.758961299082184
0.9127135394331937 0.014372933684654188 -0.4083471730190238 -6.972696934442598 -0.048668683886692946 0.9960906342530237 -0.07372114731978921 -1.1397603490861465 0.4056912054063647 0.0871600087810083 0.9098449201513549 23.436110863707682
0.9088866312442299 0.014311260915741864 -0.41679764797383057 -7.305507742015759 -0.04883533672866057 0.9961875767893877 -0.0722870786315667 -1.1942347704447251 0.41417411970343343 0.08605521286644714 0.906120466001291 24.153530286420377
0.9048622357864069 0.014219366666246257 -0.4254669715256827 -7.636460843913214 -0.04903102046837913 0.9962718969274094 -0.07098074685779954 -1.2513496552063408 0.4228714855360368 0.08508887708903248 0.9021860061629603 24.850169068294854
0.9015435426714014 0.015298329906110741 -0.4324178555166091 -7.981417537609361 -0.04963139123252634 0.9964347821352301 -0.06822352933878946 -1.309931899397232 0.4298324855938917 0.0829679820967134 0.8990886209239757 25.56473497777075
0.898274625232114 0.017693967920371884 -0.43907814926654953 -8.345921208817494 -0.0505870131595168 0.9967099428597295 -0.06332648659253043 -1.36811948646202 0.43651306024414016 0.07909622812617498 0.896214335375477 26.308267414419657
0.8948362874368894 0.01876349244044573 -0.44599994398833953 -8.704967862084194 -0.050591748994983005 0.9969416678249806 -0.05956329312567069 -1.4249118188728613 0.44351831260929164 0.0758633133061249 0.8930488587274625 27.02456545301563
0.8916371305100231 0.019650757527750112 -0.45232408207438823 -9.094589142567374 -0.05139813400415244 0.9969923321337274 -0.0580044954071919 -1.4772981697299066 0.4498238091928255 0.07496757562531504 0.8899653944329069 27.789012683496853
0.8894902228566204 0.019976137508072193 -0.45651735714290065 -9.46979816440559 -0.05134494345220226 0.9970864679874542 -0.056411631231456746 -1.5282853711049704 0.4540603927060477 0.07361745232322499 0.8879243382682264 28.51883472813717
0.8875422148764012 0.020975400542815083 -0.46024868211040104 -9.859960058115876 -0.051967187418482934 0.9971457893299868 -0.05476939157312527 -1.574514154885385 0.4577862254853293 0.07252797662658547 0.8860990149877999 29.2670088914641
0.885540936736094 0.020198808291964583 -0.46412202868226965 -10.265163561057452 -0.05121676879959975 0.9972090782207547 -0.05432215853444349 -1.6256519624861556 0.46172945753794986 0.0718753257919387 0.8841039789436609 30.041071692227295
0.8843789738505093 0.020411559618105618 -0.46632306274199753 -10.669995047109612 -0.05182004900828313 0.997161126118312 -0.054629397573462496 -1.6762885780793397 0.4638841591732785 0.07247797453307325 0.8829260614998766 30.79706503566478
0.883799790757575 0.01965103743099911 -0.4674524217337548 -11.081586290733505 -0.05114710005184209 0.997187492472531 -0.05478210485763279 -1.7265533218157518 0.4650611830857887 0.07232524859432762 0.8823191907708996 31.563084877298806
0.8831709508693611 0.02050921783875778 -0.4686026499329163 -11.516690396993024 -0.05274081953042033 0.9970501255314165 -0.055762470650490004 -1.7759464483731386 0.4660766862821702 0.07396228201880675 0.8816473803867408 32.36648757653319
0.8829350043320761 0.02016752703141703 -0.46906188182216857 -11.956241823828064 -0.052307811453346606 0.9970825001753514 -0.055591192693011424 -1.8309446604240522 0.466572256982858 0.07361901043553525 0.8814139608132007 33.18930890808139
0.882756546627719 0.020962900967955885 -0.4693627980239928 -12.407123449339275 -0.052704867581606835 0.9971168394650674 -0.05459125743560379 -1.8833989956107904 0.46686515860482575 0.07292849400750541 0.8813162647101709 34.02857161867637
0.8829499182244684 0.02056616377866073 -0.46901649738024564 -12.839902921275005 -0.05230491123709681 0.9971295667555299 -0.05474324946885093 -1.9352431780895327 0.46654435819960793 0.07286741390607139 0.8814911807969251 34.84091340846918
0.883047610699702 0.019132459578699614 -0.4688932354257386 -13.290163881097495 -0.05078687172472764 0.997196346137766 -0.0549558087003077 -1.9920961281609317 0.46652718130668847 0.07234221616703611 0.8815435286258292 35.68170619654365
0.8816322216470045 0.01718515612546984 -0.4716241047303567 -13.737053869093936 -0.049270392348687866 0.997227415680288 -0.05576656573091354 -2.0461941956170144 0.46935812999411614 0.07240270592013234 0.8800345413583885 36.51500380740161
0.8806908896956981 0.016384822890931114 -0.47340795767058297 -14.202514982124878 -0.047754416029762825 0.997381060723077 -0.0543188315464001 -2.1023346405538317 0.4712781265417014 0.07044542064423123 0.8791668613827532 37.37877038114674
0.8788504687411823 0.017929509974846776 -0.4767603027365703 -14.667838928243063 -0.048269997949115274 0.9975074856037793 -0.05146672189306929 -2.1574902937552953 0.4746491977148984 0.06824477149560984 0.877525378705434 38.228749892070596
0.8768973092111032 0.017769384617916384 -0.48034920429686084 -15.138059532160007 -0.04677482027716258 0.9977282855137428 -0.04848076395691661 -2.212516008042393 0.47839651470967676 0.06498089916358253 0.8757364086627473 39.085219652949846
0.8740839131604667 0.017758807842787577 -0.48545024204143583 -15.613692423760318 -0.04675366956066883 0.9977677469232504 -0.04768246619369064 -2.267193022736337 0.483519810490426 0.06437505684427478 0.87296302608965 39.93854181770242
0.8700706946854613 0.015412882561443929 -0.4926859337353829 -16.11341867348637 -0.04571189428903584 0.9977268214537645 -0.049513760433603865 -2.328077025753997 0.49080282086604493 0.06560207925756195 0.868797420706932 40.820713438060416
0.8660062226656151 0.01254984179060837 -0.49987570832704364 -16.607473649557274 -0.04425192655233892 0.9976860948523384 -0.05161611313046604 -2.385436281880414 0.49807126929872125 0.06682033829098269 0.8645577210862437 41.67238657172342
0.8608886785790852 0.012941859821369448 -0.5086287362691185 -17.117334722557022 -0.045225159033938866 0.997665872253449 -0.05116143402133633 -2.4401967013213612 0.5067794077157354 0.06704711481584152 0.8594645520963387 42.537487877250804
0.856534461759451 0.0158174747545912 -0.5158473837394499 -17.633262274213553 -0.046625254540388 0.9978144842529858 -0.046822437505879055 -2.494809293793329 0.5139793784360336 0.06415654687820871 0.8553999859920345 43.392332077003
0.8527472641609568 0.017625680227049672 -0.5220262817737602 -18.144535585249407 -0.04749025390298241 0.9979072631764302 -0.04388359470186141 -2.5464470466197833 0.5201603399435926 0.06221277598902628 0.851799736589244 44.224225824887995
0.8498801668110512 0.017698276248812955 -0.5266787190299614 -18.67437706517302 -0.04841828759175404 0.9978309035373556 -0.04459997054379245 -2.6000348659926784 0.5247469594841904 0.06340551209197558 0.8488936149768428 45.074247264110795
0.8481749333464896 0.014672023635862005 -0.5295129971635318 -19.18679570107975 -0.04770627588612686 0.997669985129535 -0.048772041301449826 -2.6516277719644594 0.5275636394632922 0.0666283160080028 0.8468986207464169 45.89170945621129
0.8470357405580723 0.01288339195556323 -0.531379781727681 -19.70245673336364 -0.04995393324553733 0.9972110308209833 -0.05545055962073561 -2.709803792805143 0.5291833886003404 0.07351311597716209 0.8453169600858543 46.70174072873509
0.8450056652312506 0.012075020169635759 -0.5346210055871303 -20.220271496429046 -0.05033903734926577 0.9971018003967421 -0.05704367593629103 -2.7679835629078156 0.5323827636633636 0.07511453609973406 0.8431645150388392 47.5266576370964
0.8437267686535235 0.012029587026413966 -0.5366380799882334 -20.75461976820092 -0.048872840757651734 0.9973178917758929 -0.054483650574880915 -2.8289439657807924 0.5345433427644207 0.07219634187174886 0.8420517222395408 48.36481116650007
0.842201463048359 0.014427430683625404 -0.5389698923716172 -21.29887979284508 -0.04916457452252058 0.9975322326805496 -0.050122743095099856 -2.886490768199838 0.5369166976833771 0.0687116730055894 0.8408324242924685 49.20890074838201
0.8405916323617658 0.016543256003291457 -0.5414166863739901 -21.823922469084888 -0.05043449992094558 0.9975817902946621 -0.04782188714617058 -2.9405862997265695 0.539316297566749 0.06750475800494729 0.8393932563617529 50.0088033355831
0.8391441007757973 0.017200997908314974 -0.5436371067211444 -22.369974218961808 -0.05204296347524627 0.9974531599731894 -0.048772160216801745 -2.993898725309157 0.5414136201518142 0.06921935661689829 0.8379021258975596 50.844824322776944
0.8365924267243078 0.015541235489961482 -0.5476053154845921 -22.91942304479173 -0.05175606649426339 0.9973687238637186 -0.05076355227423679 -3.0505254565073034 0.5453754863656557 0.07081030050708263 0.8351954742534956 51.68015289638222
0.8340669071129815 0.013405876692663913 -0.5515003870615928 -23.46060570326221 -0.05104869947227576 0.9972908674598739 -0.05296183496935998 -3.108716731634452 0.5492962995880956 0.07232709140587322 0.8324916618847255 52.49312288659245
0.8323119258327123 0.011091545676766706 -0.554196567772791 -24.008088588060613 -0.04925886689449952 0.9973242021052935 -0.05401851467145112 -3.167220039964332 0.5521145009406215 0.0722593489421265 0.8306311843059762 53.314756701452595
0.8291773192369196 0.010650207945358245 -0.558884197606084 -24.56658410869218 -0.048851014667770226 0.9973737841460606 -0.05347067480495077 -3.227505242246932 0.5568469732601632 0.07163873092739798 0.827519994079966 54.14775142301155
0.8266343374930867 0.011314599335093642 -0.5626256765552495 -25.12616697714309 -0.049718154583474235 0.9973565405744269 -0.052990905618092006 -3.2846006147164277 0.5605388275420176 0.07177681251837584 0.8250117041609303 54.96051778518192
0.8228975527366139 0.011022304000749918 -0.5680828518047405 -25.69611053071662 -0.05022521015140956 0.9973091319637323 -0.05340340407683405 -3.347898341299426 0.5659655872624576 0.0724776111379364 0.8212368415496224 55.78066431973819
0.8188519490481244 0.010147599777853872 -0.5739150736466474 -26.269505194322345 -0.05025518420457572 0.9972716989328564 -0.05407009310273692 -3.4103429868520427 0.5718005788740095 0.07311760886628457 0.817127843897774 56.59856116689952
0.8150007954586573 0.008626577530817324 -0.5793956209377671 -26.850640176920678 -0.04983202907176296 0.9972283702217053 -0.05524804524643767 -3.4721722903227747 0.5773131492356178 0.07389966025000555 0.8131717948469358 57.41230724627694
0.8103987911489046 0.007909455425521374 -0.5858252638963823 -27.45110110087205 -0.05031156520489924 0.9971547391386582 -0.0561353063583677 -3.5361443887918473 0.5837144384979933 0.07496577037679475 0.8084909322687461 58.239574816140724
0.8067457284195394 0.006000311806179586 -0.5908682813750082 -28.05576783214051 -0.049730948426326166 0.9970902112455252 -0.05777493753326446 -3.6026367046367196 0.5888023118547051 0.07599412409247933 0.8046966699682384 59.06387867653879
0.801824569231161 0.005715029073137652 -0.5975321737111369 -28.676582216645023 -0.04986189209850481 0.997106901232171 -0.05737263486658549 -3.66984114201258 0.5954755678393701 0.07579687300852635 0.7997897737208879 59.8948714590518
0.7971485731983056 0.005189009983739234 -0.6037609017014056 -29.300893495177437 -0.049182814012156933 0.9971980413791743 -0.05636592122359279 -3.732045792260233 0.601776705309994 0.07462667381658747 0.7951702059944911 60.71372485549094
0.7933529313982289 0.0046118901021482694 -0.6087444921406048 -29.910133716367262 -0.04874504690882299 0.9972417044031296 -0.055972344966043086 -3.7959105194487157 0.6068072565845714 0.07407910278092458 0.7913894363001566 61.5048107526088
0.7889186452928508 0.003811328740473397 -0.6144858378209584 -30.54014057516352 -0.048780122933703846 0.9972135150878492 -0.0564420493312313 -3.8597175606098295 0.6125584631003526 0.0745028798058736 0.7869062524753287 62.3096228907852
0.7847611010823577 0.002246403287722097 -0.6197942948271424 -31.170278865474042 -0.04840768600548382 0.9971609468531446 -0.05767791610776864 -3.921206097164297 0.6179050980236369 0.07526619256485094 0.7826418657937938 63.099922580440094
0.7813571856938107 0.003288203270413608 -0.6240754249959699 -31.82115195038125 -0.05061626269355314 0.9970256348570106 -0.05811950953778465 -3.983866994262613 0.6220280880439284 0.07700046205853482 0.7791995806769837 63.90084240615296
0.7776674562368763 0.0034911701803879286 -0.6286661588162973 -32.48209520772345 -0.05106035405251397 0.9970316685548124 -0.05762544700771428 -4.0489701238296725 0.6265988890463327 0.07691335143899618 0.7755373418580974 64.70878418749429
0.7754446969882002 0.004409202160767282 -0.631400095699378 -33.14771702398844 -0.05235919541419703 0.9969806441456921 -0.0573420426425401 -4.11411271237978 0.6292408414656953 0.0775251838768954 0.7733342157802131 65.50936881956814
0.7714708158829147 0.004132453517307233 -0.6362512892473203 -33.80564649666962 -0.052847409983613404 0.99693980020639 -0.057603697992986064 -4.180545243366522 0.6340661885789006 0.07806380462397772 0.769328350516641 66.30074559472276
0.7679691847436195 0.003332831085279205 -0.6404781210323872 -34.470240552432095 -0.05437746349936398 0.9967152472281648 -0.060015059828960174 -4.24663986192995 0.6381742886920435 0.08091729221776596 0.7656278267360382 67.08265844814674
0.7662045414601172 0.0014546216532813246 -0.6425951172563775 -35.14035251416362 -0.05374124063931025 0.9966392610028747 -0.06182283139902145 -4.313523620122405 0.6403455939572313 0.08190279301397413 0.7637077011501657 67.87177190561088
0.7637458732787233 0.0019462341399755882 -0.645514099940809 -35.83018173091178 -0.05566136105874224 0.9964694950815683 -0.06285187552470146 -4.38390978600699 0.6431127847701433 0.08393305394513313 0.761157794757851 68.6758295371356
0.760435258551359 0.0027734857817673444 -0.6494078266609868 -36.514222039909484 -0.05616296532993771 0.9965251424616639 -0.061509038092858515 -4.454678758331978 0.6469806325364587 0.08324631053913945 0.7579486215465697 69.47399652784019
0.7574588331785624 0.002441263738220921 -0.6528783625386366 -37.20240769943441 -0.05577206341568539 0.9965796456800127 -0.06097939618147805 -4.524132351683473 0.6504964204222247 0.08260175571778933 0.7550042099023099 70.26663120898716
0.7536613224877912 0.0027105131098821636 -0.6572573804109277 -37.90912727375172 -0.056845105601475154 0.9965132626540143 -0.061073327433575623 -4.59413612640018 0.6548001565020513 0.0833904699191266 0.7511875828124134 71.07311702706383
0.7519513559882927 0.002076828972723172 -0.6592153252229397 -38.62869367449433 -0.05630637260706356 0.9965429619187065 -0.06108778481927506 -4.665158440812828 0.6568095238584796 0.08305306635946434 0.7494687702213401 71.88481015433612
0.7494958901758635 0.002224575081959026 -0.6620052581930107 -39.34771240550629 -0.05680290074802763 0.9965225287510788 -0.06096130049601141 -4.739908626946957 0.6595675409509627 0.08329406315734637 0.7470159020841795 72.69232553567089
0.748909308332003 0.0019591347220739956 -0.6626696082398996 -40.05157133487486 -0.05671511519905832 0.9965159745754137 -0.06114988245263648 -4.8088257596484265 0.6602410496187273 0.08337909934242801 0.7464112018125177 73.4769953625231
0.7479579936056221 -0.0006147173275194845 -0.6637457810969947 -40.77370975132226 -0.05464898070300909 0.996547317540525 -0.06250546224856164 -4.881410599982803 0.6614925008717594 0.08302449051569948 0.7453419384853064 74.28494497551925
0.7457388167383558 -0.0037936868149125377 -0.6662276076162167 -41.522595247233234 -0.0525747363169272 0.9965302678253476 -0.06452381272946256 -4.961075558032035 0.6641607593880287 0.0831446525537965 0.7429518506880685 75.12515828781481
0.7436761025044694 -0.00732002971057473 -0.668500016251906 -42.25463762209051 -0.04975393052795136 0.9965610815933919 -0.06626127866581756 -5.037983707916771 0.6666861337696938 0.08253743283168942 0.7407544608173295 75.93982733045578
0.740412581920888 -0.010906330355936966 -0.6720641788485765 -42.99355067593565 -0.0459255254456709 0.9967108407565417 -0.06677084716346386 -5.117237782227798 0.6705818776598301 0.0803028758921795 0.7374763680808096 76.76283159222604
0.7346119674635455 -0.012913370863709524 -0.6783645790519102 -43.73642979249987 -0.04441475251158539 0.9967591004538298 -0.06707179304153833 -5.1983544727580435 0.6770321905335621 0.0794011367387686 0.7316576197005796 77.57764752878371
0.7278532800994211 -0.013882464775770516 -0.6855923568858272 -44.49241027036448 -0.042945678052269426 0.9969096076843575 -0.06577919764828054 -5.276336476006738 0.6843867849287747 0.07732083340452443 0.7250077360528543 78.38201473209979
0.7203401371550596 -0.012004939883059621 -0.6935171001654066 -45.28100733249609 -0.04458006596433908 0.9969816731116747 -0.06356226237368603 -5.356930541978157 0.6921868999930911 0.07670348686891784 0.7176307341384597 79.20145940595847
0.7126744082169856 -0.011045747366748508 -0.7014079977713965 -46.055669067866276 -0.04598648940628687 0.9969896057762118 -0.062425705973417095 -5.435683669256603 0.6999860217637599 0.07674449452113177 0.7100210221507819 79.98602517005779
0.7056113232851815 -0.011445103616288439 -0.7085066478551545 -46.84293409461067 -0.047915159072265345 0.9968103791981924 -0.06382166915582772 -5.50996646446271 0.7069772259293894 0.07898150116304985 0.7028122967700668 80.76376498962063
0.6963745909436219 -0.012991250273435579 -0.7175609078708485 -47.64448233068517 -0.048152892062935077 0.9967373086587097 -0.06477682080627045 -5.590737910114391 0.7160612600009015 0.07966156503688154 0.6934769693232761 81.54941757088383
0.6882228193081448 -0.0136401873853833 -0.7253711438095952 -48.4633764079486 -0.048679267329835844 0.9967018595865429 -0.06492866877549469 -5.667325857842346 0.7238644071342223 0.07999592730145175 0.685288969486159 82.32647230486572
0.6809700225978629 -0.014588483788064693 -0.7321659678405108 -49.291212864473124 -0.04741417572642062 0.9968254272784601 -0.06396064001634011 -5.749765643350792 0.7307747424913169 0.0782703243373957 0.6781165328060278 83.1049401310337
0.6703477875806123 -0.01432898872065437 -0.7419087031219017 -50.127174756651954 -0.04795577412099971 0.9968869133598665 -0.06258374949053556 -5.827993224879267 0.7404958388905601 0.07753168419479751 0.6675737790923818 83.86813301044764
0.6612505751701234 -0.013899263380042604 -0.7500363239968272 -50.9611487631803 -0.04985245435968483 0.996803919591306 -0.06242338249185962 -5.906545709760995 0.7485067866302194 0.07866864918696438 0.6584442527682977 84.60378762206753
0.6531703801292054 -0.013912163262606674 -0.7570831567504483 -51.81291734802061 -0.05205243068916747 0.9966411014213179 -0.06322230157983476 -5.985255432450447 0.7554197501927116 0.08070295329823275 0.650252285153789 85.33866221571681
0.6448880332813303 -0.012920433779145767 -0.7641678394969894 -52.683258176053975 -0.05548115703044609 0.9964277016459899 -0.0636684899071209 -6.067460501558567 0.7622606284894301 0.08345596313894463 0.6418674602061163 86.0716892475031
0.6376565214228898 -0.01322432636177277 -0.770207295394647 -53.551211798639486 -0.05759775591742469 0.9962352574038833 -0.0647905117952875 -6.143856356950379 0.768164474054962 0.08567630417855243 0.6344942172330397 86.79095195075185
0.6305725219142085 -0.011774045231072255 -0.7760410211230149 -54.429050846699525 -0.06053400154700138 0.996092966054152 -0.06429959279925225 -6.224221492551878 0.7737660688240746 0.08752242476267828 0.6273961235935386 87.50975485475202
0.6248604668863518 -0.009792471929446038 -0.7806750312492913 -55.33937966750968 -0.06270944072443704 0.9960611455956219 -0.0626874810370146 -6.2971784031850335 0.7782139313624495 0.08812662326589371 0.6217851520462292 88.23198027540457
0.6192331928252591 -0.008484117938731512 -0.7851613035843253 -56.25752180118208 -0.06295197735684013 0.9961864051600389 -0.060412703309675964 -6.3745432154037704 0.7826795649883159 0.08683700776236328 0.6163375963159962 88.95335633414724
0.6142141130707062 -0.0069805457460648986 -0.7891085446792813 -57.19521439461918 -0.06538130671508129 0.996072774391777 -0.0597018663669477 -6.451082700081514 0.7864262890042489 0.08826267669040809 0.6113455584744607 89.67605540200695
0.6103874774555713 -0.007528538538154991 -0.7920671994678886 -58.12359219999477 -0.06684077523465254 0.9958987594454011 -0.06097517282584787 -6.528745258227759 0.7892777952859532 0.09016086757896062 0.6073809182267369 90.38152580430794
0.6064528102612089 -0.009335720722107962 -0.7950646723662679 -59.04536279225974 -0.06699816794057661 0.9957749793185096 -0.06279678380162652 -6.607687866249978 0.7922917609182166 0.09135116245467671 0.6032650584107212 91.08047644707959
0.6020517680341918 -0.009822103314122633 -0.7983966400814763 -59.97175101474201 -0.06924668115040783 0.9955145617163974 -0.06446436659320437 -6.687719636636696 0.7954486568953131 0.0940972034499219 0.5986711539287212 91.76873544586738
0.5994706983049336 -0.012334501431152538 -0.8003016568446177 -60.89522047121769 -0.0691250665043577 0.995347549735456 -0.06711915089147139 -6.772718056512076 0.7974061744522445 0.09555686950747641 0.595829067464292 92.45524134469454
0.5973218259084234 -0.012026160238046181 -0.8019114712755744 -61.82344783633371 -0.07020254327236913 0.9952654765689299 -0.06721781064652768 -6.855355363096387 0.7989231747868619 0.09644689015178326 0.5936495246932584 93.14368140901271
0.5954734704925778 -0.01055746455105766 -0.8033055993093653 -62.73647485299768 -0.07093112978703406 0.995317759509642 -0.06566073736900799 -6.93404786231071 0.8002375402133172 0.09607860087948863 0.5919364676098102 93.81477684110861
0.5942758746228067 -0.008565109574729314 -0.8042156574820408 -63.66121011506515 -0.0709193021063689 0.9954900452509428 -0.06300811372372413 -7.016354998819209 0.8011283526564542 0.09447861506314036 0.590988285726297 94.49268437093608
0.5924444119844973 -0.007148293068991611 -0.8055796177998442 -64.58173689753062 -0.07257533178577702 0.9954210935990561 -0.062206652652621694 -7.095215175693463 0.8023356155154324 0.09531919179398947 0.5892128747330739 95.16279963729973
0.5905065089901842 -0.006642113523229506 -0.8070055422165142 -65.49967484333398 -0.07332183877118215 0.9953889785393375 -0.06184407297087871 -7.172334556330162 0.8036951976958916 0.09569045788561747 0.5872966588277194 95.82867143382063
0.5902732665954825 -0.006339956364757045 -0.80717858971605 -66.42093905297052 -0.07269042675082188 0.9954888355816364 -0.06097606162340333 -7.249507225059865 0.8039238599528452 0.09466669522915996 0.58714959270437 96.4933876282534
0.588209169261356 -0.006374564456868681 -0.8086837070974354 -67.31826646856543 -0.07170493057344403 0.9956193753984983 -0.06000385206436128 -7.324851242632082 0.8055236657779355 0.0932814250485562 0.5851753580018451 97.14261432827738
0.5868161076028451 -0.006765467871056544 -0.8096919687772208 -68.22189658773684 -0.07159218665223784 0.9956153646846209 -0.06020468764357838 -7.404491972646292 0.8065490776562809 0.09329669902196648 0.5837587783352018 97.79192766088993
0.5839412399712233 -0.007203652009487367 -0.8117639654841774 -69.12575956392955 -0.07068048206358885 0.9957120949982172 -0.0596799240073252 -7.4834754318489 0.8087131121208121 0.09222543722849799 0.5809281978109544 98.43630753146235
0.5829029700411564 -0.0067590120857223025 -0.8125136572838784 -70.00574258887468 -0.06912222029401995 0.9959280961062666 -0.05787353495140936 -7.559476781236178 0.8095963476812525 0.08989740342063325 0.5800622472454179 99.06227399769377
0.5821596363556494 -0.006815276030458534 -0.8130459456948832 -70.88723147725709 -0.0682686948389493 0.9960240932829633 -0.05723103096081393 -7.63419870721618 0.8102033961316409 0.08882318172909527 0.5793797539475087 99.68314893037639
0.5810880515385612 -0.008376300509210562 -0.813797587824453 -71.76596593467856 -0.06725343495051878 0.9960326887155969 -0.05827399503496805 -7.707731203675483 0.811057119965342 0.0885930053658783 0.5782193593730381 100.30817010007193
0.5795694915032004 -0.009764093651207641 -0.8148643242858853 -72.61903500983686 -0.06618010427844258 0.9960615070827236 -0.05900565994706087 -7.780040116762858 0.8122311237058184 0.08812568628535136 0.5766406724298241 100.91040211749572
0.5791420859336874 -0.01146392558784215 -0.8151460131231053 -73.48782052327789 -0.06578949193563399 0.9959825789064651 -0.06074903510079842 -7.857248644116265 0.8125676507536025 0.08881036496346194 0.5760612224614916 101.52073255773192
0.578905261877389 -0.01178535162144105 -0.8153096364313565 -74.3450089869006 -0.06749822873117955 0.9957711237438469 -0.06232060843789626 -7.932828466529744 0.8125962631521418 0.09110968447467709 0.5756616528014523 102.11976447206555
0.5807193596849105 -0.011840310915908543 -0.8140177100804147 -75.20563435822285 -0.06879526486916365 0.9956040036485876 -0.06356004602330578 -8.009902895009077 0.8111918619036615 0.09291111320136977 0.5773519621729479 102.72483852102415
0.5838144192175208 -0.010991135410030096 -0.8118127363229202 -76.03789735349403 -0.07145456847789054 0.9953326711769516 -0.06486230285298913 -8.085322585963725 0.8087366496934261 0.09587527642803859 0.5803041985135898 103.31328695210128
0.5877689250443193 -0.010720660099311344 -0.8089578222622491 -76.84933782729415 -0.07329958159556911 0.9950940761117943 -0.06644509782616784 -8.157114898199747 0.8057014720665217 0.09835063362403693 0.5840995555344917 103.88992563036459
0.5934030420392205 -0.010040572414055406 -0.8048428521172301 -77.67594439176618 -0.07480637296726575 0.9949064702702368 -0.06756568639406371 -8.233229546165125 0.8014217592891285 0.10030105841922479 0.589629427198051 104.48973618479948
0.5980819126979185 -0.0073275915406472505 -0.8014014799748082 -78.50293309829108 -0.07806721090995622 0.994670142513949 -0.06735590673445581 -8.309755324489668 0.797623680869832 0.10284752789199035 0.5943221767039881 105.09750178493564
0.6028596722063257 -0.005320051469140295 -0.7978295010086097 -79.32552280025087 -0.07975076917144638 0.9945677771305456 -0.06689358347530888 -8.386344221028137 0.7938513906543493 0.1039549601797391 0.5991605259111991 105.70549236333343
0.6091627897134783 -0.004187983789422006 -0.7930341458097958 -80.14334537218222 -0.08154009760471462 0.9943554536640626 -0.06788552313380189 -8.466773786825255 0.7888421312982126 0.10601741630654785 0.6053828535138552 106.32097603991868
0.6146744321038704 -0.0026231183015264434 -0.7887765601031517 -80.94099622453429 -0.08327247974917037 0.9941904569753163 -0.06819845581562725 -8.544354608124399 0.7843730213579562 0.10760322722664153 0.6108850209787464 106.9339679943697
0.6221577253268062 -0.0028219488465360057 -0.782886838196225 -81.72950732526893 -0.08359812853035992 0.9940366200163665 -0.0700182188623755 -8.622971980056397 0.7784157743278305 0.1090102503031051 0.6182116527585504 107.5458677370633
0.6300043111336104 -0.0034254596119399766 -0.7765840805601875 -82.51443513434468 -0.08604283748553047 0.9935256733168161 -0.07418467886164717 -8.70324270684809 0.7718103381469462 0.11355616534039048 0.625630721146814 108.17081210086361
0.6367812687250556 -0.002740742558632346 -0.7710396255259102 -83.27661967962634 -0.08861685725642535 0.9931070648975904 -0.07671642757902489 -8.780856894786542 0.765935159403786 0.11717869252010255 0.6321491007732087 108.78422665796167
0.6446763642648792 -0.00029207826824607236 -0.7644555579289762 -84.05538099231272 -0.09141891297658275 0.9927942032576964 -0.07747420427533278 -8.86524582283034 0.7589696750914341 0.11983148446131014 0.640004255941632 109.41975958528153
0.6537191019924036 0.0015052897031359175 -0.7567357992015148 -84.79743758097943 -0.09212905743069508 0.9927177486492972 -0.07761255242293412 -8.945436140631434 0.751108229529658 0.12045416397775811 0.6490972361004491 110.04969120182743
0.6653237297543982 0.003926188193278411 -0.7465446535016962 -85.52944539477447 -0.0932886508521461 0.9925854340547065 -0.07791908446983176 -9.027541420527259 0.7407034239477248 0.12148555942457259 0.6607569118847081 110.68689238388345
0.674964368690333 0.003963021728328818 -0.7378396814059551 -86.25906723232777 -0.09266882549522634 0.9925228495721825 -0.0794410590214559 -9.112925504227283 0.7320079164734463 0.1219946209301703 0.6702848071411946 111.33731401126477
