1.0 0.0 0.0 0.0 0.0 1.0 0.0 0.0 0.0 0.0 1.0 0.0
0.9999441654675998 -0.0025454982645845775 0.010256041433737218 0.007366507779806852 0.0025334722236186385 0.9999960881618816 0.0011854026433395276 -0.00034673052141442895 -0.010259018754134848 -0.0011593530608405755 0.9999467027970455 0.3102601170539856
0.9998145742227222 -0.004821373688901316 0.018643270302944312 0.01701816380756824 0.004782903328462936 0.9999863409688552 0.0021075368255601087 -0.00030386113659713697 -0.01865317687653375 -0.002017977074320701 0.9998239778885784 0.6144165622114552
0.9997003040905715 -0.0074251363877631486 0.023327437725604427 0.027390835148193494 0.007380644943702936 0.9999707770307021 0.0019927781684770597 -0.0018097997684019833 -0.02334155267829947 -0.0018200094057125413 0.9997258921746146 0.9119450383716319
0.9996622881833813 -0.00971189642795795 0.02410370618263637 0.037928226891070387 0.00968348448023037 0.9999522751776647 0.0012951815830514986 -0.0006566086873931408 -0.024115134506931177 -0.0010613363201906433 0.9997086244766162 1.2376489434669669
0.9997105556873213 -0.012680851659431497 0.02044506905195315 0.04677866254724214 0.012676094225100557 0.9999195894622642 0.0003622772606770647 -0.001204412488974254 -0.020448019037158868 -0.0001030087798431034 0.9997909120944477 1.5760094267348415
0.9998393242081975 -0.01491786450603569 0.0099389680286463 0.048908459867280374 0.014929819273435152 0.9998879058478103 -0.0011297060427356348 -0.002710667545011261 -0.009921001126774309 0.0012779115227548534 0.9999499690878452 1.9043190993376
0.9998674429867225 -0.014280683420537699 -0.007820392332596736 0.03123346209297363 0.01426784082816159 0.9998967716171764 -0.001695531671962278 -0.0007962173697464367 0.007843798397179984 0.0015837268043326596 0.9999679828055066 2.2526950145708624
0.9995561614752386 -0.011360555060127897 -0.027539387168433682 0.0024088419033762368 0.011327725002090942 0.9999349308781382 -0.0013478338215058992 0.00021721120260608786 0.027552907345035134 0.0010352769963608095 0.9996198104771519 2.61774127725213
0.9988649072186578 -0.009004276652343903 -0.04677413953276044 -0.03624484655566424 0.008919976964830902 0.9999581946958763 -0.002010689312323579 0.0012162763423713575 0.04679028892846222 0.001591182746217629 0.998903467307757 2.9727133394187444
0.9977658904218096 -0.00915967405729458 -0.06617649342430969 -0.07450864440111998 0.008977481539942203 0.9999550501908736 -0.003049987371710905 -4.204423538759958e-05 0.06620145569376533 0.0024490751176155594 0.9978032718402435 3.35700296838564
0.9961277906700605 -0.010924924229884338 -0.08723571909118176 -0.12286747574719034 0.010740832247367936 0.9999389887368292 -0.002579404311363203 0.0007190623160055665 0.08725857652642625 0.0016324320931861605 0.9961843584337405 3.763318441055252
0.9942209077050446 -0.012320255827866906 -0.10664425900391157 -0.17762233168284947 0.012177885450594061 0.9999238742945525 -0.0019861323531280227 -0.0018831647610721154 0.10666061029316153 0.0006759527408361794 0.9942952566012686 4.163352164317516
0.9921922571223158 -0.012160085065866988 -0.12412355633688352 -0.24610925244740378 0.012102411619070204 0.9999260204947287 -0.0012186757478217984 -0.005816714577343393 0.1241291929383544 -0.0002930337294802776 0.9922660215847897 4.583023861496856
0.9899958221940048 -0.012249055441482743 -0.14056398073193563 -0.32257977539085825 0.012342440555891688 0.9999238076637558 -0.0002074327375293603 -0.009903770615194566 0.14055581168895423 -0.0015295450329430877 0.9900715753380922 5.019895310368418
0.9879267665090723 -0.012267911629239027 -0.1544351072754703 -0.4022722792407091 0.012320282528543511 0.9999239114608566 -0.0006180026196528417 -0.011947965607281834 0.15443093813528977 -0.0012921428242319518 0.9880027407419354 5.465849992393236
0.9855423656805281 -0.013454854834132536 -0.16889408613157764 -0.4841294918971872 0.013426972691786242 0.9999089996628852 -0.0013072098157654692 -0.01850645632290335 0.1688963050311118 -0.0009794256280225783 0.98563333896144 5.914030714060174
0.9835174507863595 -0.015683655698391075 -0.18013174884687994 -0.5690540371071704 0.015371205258779958 0.9998769558761976 -0.0031303604650384045 -0.0230059490792628 0.18015868018941955 0.0003099220594685835 0.983637511434331 6.364173638073926
0.9817612205895283 -0.015274284480838732 -0.18950356719639405 -0.6700500638862155 0.01457470124723926 0.9998808543379103 -0.005084802065416303 -0.02545125701680719 0.18955865538168798 0.00223010360502569 0.9818668661319606 6.853365560577917
0.9801396906359081 -0.015858815094497578 -0.19767317679428636 -0.7763047357638075 0.014923755639966743 0.9998692927413736 -0.006219240344621988 -0.029596345804620866 0.19774596925789717 0.0031456981203142787 0.9802482523450837 7.358450317855451
0.9786110291287424 -0.016478649396619256 -0.20505830337161957 -0.8859720191640346 0.014920193909025964 0.9998468755178826 -0.00914403252646644 -0.03778471201078894 0.2051775852311868 0.005888941432151582 0.978707044466069 7.863913347338198
0.9761847793436296 -0.019443516436463207 -0.21606764275664783 -1.002957116979044 0.017599065662161566 0.9997904360726033 -0.0104573813917615 -0.045488354932017326 0.21622569103982145 0.006405747914086164 0.9763223939498741 8.384461590249648
0.974129372429297 -0.024329995358774736 -0.22467758476614114 -1.1195692135029336 0.022270027658057006 0.9996835445149892 -0.011698576582540792 -0.05418435579192429 0.22489111062604034 0.006392351037779118 0.9743629335158417 8.911436792763293
0.9713120291929715 -0.025515174839811854 -0.23643586402643263 -1.2582024790018282 0.022725136494173133 0.9996363243467529 -0.014518512934687238 -0.0629669027129417 0.2367203204550744 0.008728968977337024 0.9715386224871555 9.458057448477282
0.9687324251630937 -0.021390375656219172 -0.24718402105904244 -1.4117145704319876 0.017153662588327685 0.9996669429865378 -0.019280948103145297 -0.06814774932184457 0.24751412141014725 0.014437968320930793 0.9687767053213692 10.007021408728338
0.966176077746546 -0.018819003176356052 -0.25719570740925773 -1.5782337282422554 0.013611089403703697 0.999664997765091 -0.022014324622050045 -0.07897415582283486 0.2575238339174543 0.017769000049775302 0.9661085537359073 10.577141976482565
0.9631583835694449 -0.02141341589679698 -0.26808094631943746 -1.7413803510706205 0.01580105314798529 0.9996088456786415 -0.023075579308625294 -0.09510542964037072 0.26847021227560586 0.017989476386068442 0.9631199945282242 11.14241616032441
0.9598673135510782 -0.02239182457981281 -0.279559200471426 -1.9079685912335587 0.016016132137509093 0.9995573910965566 -0.025070010283191693 -0.11077745371725263 0.2799968283527332 0.01958642632621836 0.9598010981532464 11.691560636879856
0.9568324107131116 -0.021243011664918914 -0.28986285078350327 -2.0844916955919537 0.01369054664761497 0.9995125278052998 -0.028058433540548426 -0.12438519991588537 0.29031759633447096 0.02287883772537437 0.9566568099600353 12.246510756200346
0.9539158468517808 -0.019943668150601133 -0.29941076671647715 -2.282045940314069 0.011000077789976019 0.9994423809282781 -0.03152658390991775 -0.14161593128138972 0.29987256529009865 0.026780166263735302 0.9536033070838326 12.83307848898009
0.9516175290401132 -0.020402925652315898 -0.3066069129168735 -2.480517355107562 0.009444422492283165 0.9992638593127445 -0.03718255444676703 -0.1646757865635215 0.30713983998722216 0.032487845361390294 0.9511096985082204 13.431551467902064
0.949631128311529 -0.021528960944586024 -0.31262953152640394 -2.690053195989611 0.007861595915188875 0.9989599932999975 -0.04491243809609067 -0.1912818313057887 0.31327131284469467 0.040192482216396895 0.9488127575669744 14.046817795010412
0.9486253322415161 -0.02139526943412841 -0.3156774009578676 -2.9024142968660893 0.0048700124766992165 0.9985802529079393 -0.053044900610643445 -0.21832535995596053 0.3163641288264996 0.04878238358421304 0.9473827194136976 14.653997038629004
0.9478134876186021 -0.022456036506230386 -0.3180335188509112 -3.119780987171101 0.002918056510011882 0.9980856882683431 -0.06177737304314701 -0.2543451499405548 0.3188119784990307 0.057625387619855695 0.9460646051233472 15.273993697539835
0.9471090619490347 -0.02187243796197538 -0.3201656153174782 -3.345014467349454 -0.0006041030686188067 0.9975513131256633 -0.06993577582859781 -0.2945024159398262 0.32091129589576994 0.06643022007238075 0.9447766752135834 15.893068946553903
0.9466620755992099 -0.022681024772977544 -0.321428819083547 -3.573054735854622 -0.0021427419334990334 0.9970545264734929 -0.07666602830279862 -0.3421333304199153 0.32222092309346145 0.07326556049036048 0.9438251079341083 16.516928012368098
0.9460661406929796 -0.021715642084182536 -0.32324493549499433 -3.8081412055892834 -0.00521233863741064 0.9966016293538794 -0.08220720099311032 -0.39572930097848336 0.3239316115482098 0.07945831144735183 0.9427378680108884 17.167963380484068
0.945833135837857 -0.021953139243429808 -0.32391007830644136 -4.044820980392595 -0.006875510068515158 0.9961328700902973 -0.08759013921078702 -0.45304362513493435 0.32458035447701417 0.08507270304290258 0.9420245371987666 17.821626369927955
0.9458620464860434 -0.02001353946191075 -0.32395130383352455 -4.301228372911814 -0.01047478400375012 0.9956949049673471 -0.09209742190821923 -0.5139980160470072 0.3243998580722698 0.09050477589758621 0.9415803829851273 18.51002552630728
0.9453151847136487 -0.01816271899354942 -0.32565214138488596 -4.564553599701761 -0.01334542779575257 0.9954581931975203 -0.09425966875009205 -0.5763809739667379 0.32588510414983496 0.0934510633149248 0.9407793565223258 19.22476517093845
0.9450894654422809 -0.016393353735257826 -0.32640030677579757 -4.8262093153263566 -0.015669995552662158 0.9953193205771983 -0.0953619490421842 -0.6438089944312784 0.326435833739808 0.0952402647993762 0.9404089208485537 19.932464139681784
0.9436454295423646 -0.01475692096365563 -0.3306290014313305 -5.094172388962869 -0.017615303329539787 0.9953498982063596 -0.09470100965247484 -0.7155674486208317 0.330489038233365 0.09518830508136096 0.9389974345989042 20.66432215667378
0.9422943175018443 -0.013483593119574276 -0.3345139936091153 -5.359423200881956 -0.018987758546687675 0.9954278232654863 -0.09361043581945652 -0.7841899110282747 0.33424674153850203 0.09456025267268309 0.9377299581358016 21.374979168798998
0.9403269915475388 -0.012629126519537938 -0.34003772456965536 -5.634965972682585 -0.019941946838942133 0.9955480456645857 -0.09212169955931879 -0.8557911134746718 0.3396873087464825 0.09340553482946337 0.9358888493511365 22.11224541776488
0.937336427448698 -0.011547501157083405 -0.34823422720166247 -5.957869000548298 -0.021165416919591513 0.9957178549242811 -0.08998876880816062 -0.9395674159789673 0.3477821831323908 0.09172027366954302 0.9330782092052373 22.957267128839405
0.9340053621746812 -0.011055768535842676 -0.35708787911524564 -6.25168833052202 -0.02058596349478444 0.9961948308950975 -0.08468811607822764 -1.0119158886338382 0.3566653915589987 0.0864501525734329 0.9302237201792354 23.71091067949031
0.9315646835648088 -0.009788555709868262 -0.3634438395569702 -6.513828094810726 -0.02112448900754197 0.9964915403840044 -0.08098373853610669 -1.0706526275329153 0.36296142535945625 0.0831191561568635 0.9280895482553411 24.35624536843875
0.9283702869214606 -0.007894284281828947 -0.37157272590576773 -6.825861826520589 -0.022679031600167793 0.9967079600460675 -0.07783896136566562 -1.1357387540682693 0.37096397653551716 0.08069028848928886 0.925135020122183 25.109296936322757
0.9249856651530688 -0.006979335748406836 -0.3799379003651073 -7.1488447267172015 -0.02411767990554822 0.996737348821736 -0.07702593705882828 -1.1997851390272753 0.37923588540288306 0.0804111082893904 0.9217994341972463 25.86694755971061
0.9216189928538158 -0.007575528505242705 -0.3880219624956614 -7.486281649012184 -0.024054687453503858 0.9967721208010722 -0.07659445936389132 -1.2679062202729652 0.38734971798444934 0.07992465553006038 0.9184618911069575 26.648270797781013
0.9184280873485415 -0.007348849031793822 -0.3955197122612319 -7.825255652800333 -0.024772007744392407 0.9967967531425127 -0.07604328081333965 -1.3334971943323326 0.39481159557643636 0.07963810232829867 0.9153040897187862 27.417950443293208
0.9150312339325848 -0.007306549319328139 -0.4033168174832975 -8.181914290695511 -0.02495812954802332 0.99689487200465 -0.07468404073358975 -1.3972400699108147 0.4026101497693213 0.07840426332717268 0.9120075870270203 28.213126019563596
0.911475746920775 -0.007733086254413693 -0.4112811230195195 -8.53745995137347 -0.024567712547654157 0.9970151551958719 -0.07319294918178534 -1.4644184736190853 0.4106195200856764 0.07681783443142207 0.9085651490332851 28.987008547635458
0.9081316490884587 -0.007130526156449081 -0.41862401211661154 -8.912632470636428 -0.024562171500168456 0.9972256119209495 -0.07026932944097478 -1.5309503486728795 0.41796364393936586 0.0740961168052694 0.905436998260678 29.787474860024883
0.9041916926602257 -0.00476144083680456 -0.4271003530850727 -9.30203880631717 -0.025304285449401567 0.9975844186089479 -0.06469173739004848 -1.5936680151758356 0.4263766833002614 0.06930120078184361 0.9018870591754067 30.599755505830487
0.9009144602790912 -0.0053159897878887995 -0.43396414081420276 -9.689783837818375 -0.023399884972079055 0.9978755099194956 -0.0608022375098192 -1.657553223027294 0.43336541237543125 0.06493232596697933 0.8988760828952957 31.40336929920505
0.8972354471972018 -0.005102418714615201 -0.4415229525359903 -10.10964028087556 -0.023205688597448048 0.9980064721486607 -0.058690523648227404 -1.7215766303171534 0.44094222785933745 0.06290506237693128 0.89532837820422 32.26028622731624
0.8943155453738664 -0.0047603196674148324 -0.44741149366026384 -10.53133110788912 -0.023215526033846676 0.9981028388553527 -0.05702422660464705 -1.781033562140558 0.4468341355062481 0.061384545494369946 0.8925083713449605 33.10167682992313
0.891384969163409 -0.004554047851091319 -0.45322411387493333 -10.956848421636332 -0.023015141859862545 0.9982047476920148 -0.055295433177539724 -1.8341599795405665 0.4526622802871021 0.05972053527298067 0.8896798961828856 33.935260419745426
0.8884228929487833 -0.0053438222732188935 -0.4589947786718573 -11.393912359149969 -0.021862422444855895 0.9983048584139615 -0.05393926354635556 -1.8906849131302703 0.45850495937269603 0.05795561431468732 0.8868000614569498 34.77747833427091
0.8864461342012209 -0.005716692113102904 -0.46279646778145955 -11.83274756230239 -0.02148273486461771 0.9983377952936954 -0.05348026356386489 -1.9454949097815988 0.4623329355155742 0.05734950670588112 0.8848498690840975 35.60705403940985
0.8852494169229844 -0.0067718287264355095 -0.46506732004433105 -12.28137674303153 -0.020601152913365485 0.9983418451701749 -0.053750838885091363 -2.000106048006004 0.4646601578962377 0.057163821757390744 0.8836420288476171 36.45407415619731
0.8839498969379278 -0.00624445638430942 -0.4675399303459456 -12.752112865256768 -0.021377696627372045 0.9983255015645499 -0.053751158246108495 -2.0525194144114884 0.46709268222734474 0.05750825758406012 0.8823362321243022 37.328091807551424
0.8833735081729973 -0.0062292008956274375 -0.4686282557788564 -13.231621327120845 -0.021229548553234032 0.998353457708986 -0.0532886455892607 -2.107944760798707 0.4681885852157838 0.057022544109447355 0.8817867532101675 38.22050987288406
0.882384018116496 -0.004794898795171934 -0.47050552974235227 -13.72553742236571 -0.022046789949507446 0.9984285079347022 -0.05152138969599899 -2.1621900185084373 0.47001317388506225 0.05583478744321279 0.8808916465069139 39.13075943719523
0.8818450194087047 -0.005601865516629078 -0.47150607721088283 -14.214941071639057 -0.020798685538962927 0.9984941772528363 -0.05076211847463641 -2.221214133498378 0.4710804351954268 0.05457102798111184 0.8804006056796941 40.03801387395213
0.8811349254641065 -0.0074884569824665735 -0.47280563251656116 -14.70786086322518 -0.01877930071435405 0.9985316226085496 -0.05081275937613868 -2.278049638193326 0.472491884577972 0.0536518560979884 0.8797004588751773 40.95064342556828
0.8794408050860171 -0.009553889616775415 -0.47591238011092835 -15.206397435795157 -0.016946043699814343 0.998536410336935 -0.05136018724997339 -2.334788083517458 0.4757065292305564 0.05323307641512763 0.8779917639834665 41.86445919087534
0.8787952158250883 -0.010391516512153622 -0.4770859304438921 -15.721289638370925 -0.015338313708025148 0.9986311972451892 -0.05000467999331968 -2.3927863940182568 0.47695251836585456 0.05126156721382732 0.8774329301725868 42.805110297884745
0.8768726146509916 -0.009815801788411248 -0.4806225834377577 -16.23965805583813 -0.014445467519283876 0.9988019930549603 -0.046753685818215575 -2.4519352763953126 0.4805057191577256 0.0479398446460741 0.8756803213228144 43.74581853893416
0.8744905091870351 -0.010347149808507029 -0.4849322487035076 -16.756542449676235 -0.011953715276961447 0.9990090333907435 -0.04287260074650981 -2.5087417703456287 0.4848953062598952 0.043288424486606206 0.8735002314095801 44.66733217835647
0.871609282756084 -0.010635576828570222 -0.4900858523962393 -17.28261569626671 -0.011187368724489727 0.9990726315523705 -0.04157787469368247 -2.56434639291304 0.4900735669207708 0.04172243267769549 0.8706819956890162 45.59730625056876
0.866937775311603 -0.013417839601364669 -0.4982357427144312 -17.83168678906587 -0.010141247620553987 0.9989557475637207 -0.044548507338704045 -2.622147193032726 0.49831320355221115 0.043673515885946375 0.8658963997937009 46.54643583653898
0.8616564530190222 -0.017086216124225805 -0.507204316019919 -18.36039271206471 -0.00859716141637075 0.9987982079173952 -0.048251722006377645 -2.6756679149526006 0.5074192012392303 0.04593692501197842 0.8604740281578436 47.45324585418051
0.8557511706284484 -0.016826424939991494 -0.5171139191626725 -18.918309813705992 -0.00940305027926332 0.998800151403339 -0.04806079693588755 -2.7304495923793093 0.5173021521446491 0.04599053142121544 0.854566179067548 48.36991664067489
0.8503243135957186 -0.014787232710458464 -0.5260512327299851 -19.492005900896437 -0.009643137886940177 0.998999505245958 -0.04366919291702803 -2.786689302936045 0.5261706677492235 0.04220576106526097 0.8493309732567385 49.29265809695874
0.845542957300659 -0.01331684504607726 -0.5337412940716456 -20.072334007494923 -0.009595997311510358 0.9991483652391634 -0.04013055040122081 -2.8398318070490416 0.5338211537536272 0.039053884287304955 0.8446950751171811 50.20499949631848
0.8415964068424341 -0.013526564789110067 -0.5399375149356731 -20.660049797716077 -0.010503026746494958 0.9990874378272047 -0.04140021745153037 -2.8939999253666016 0.540004791107511 0.04051325241050879 0.840686327925021 51.113879682734776
0.8393871965049559 -0.016716038518910258 -0.5432768248322258 -21.23358686424421 -0.009991958300726834 0.9988835031626689 -0.04617258795855921 -2.946913122098611 0.5434420807343384 0.044185078541388374 0.8382829973949275 52.00213725972674
0.837875969263486 -0.01914587235544318 -0.545524789264909 -21.819126508308415 -0.012393265127457675 0.998459850561974 -0.054077109716047886 -3.005697575189695 0.5457199530072679 0.05207074406526198 0.8363482351880916 52.89292691276034
0.8352403283052416 -0.02020385243515059 -0.5495137835571833 -22.399519606763917 -0.012690701758246834 0.9983503633387455 -0.05599551866246313 -3.0652036211461353 0.5497386106700488 0.053743430930428 0.8336060841730889 53.77595653077963
0.8335612804362154 -0.020270835883294706 -0.5520549655334419 -22.998282427078205 -0.0110324196089053 0.9985163969545766 -0.053322516167405944 -3.1291586997271943 0.5523168270794492 0.05053808687952837 0.8321009700147254 54.67743148836398
0.8309709817972115 -0.01791947332228816 -0.5560270855694261 -23.60471216381038 -0.010966756739699629 0.998759218207832 -0.04857730222534541 -3.1923798992386603 0.5562076569569953 0.0464641423113792 0.8297434096283485 55.57425399029353
0.8281908560202995 -0.016454999080279704 -0.5602045510433054 -24.20234999122883 -0.011220944681077304 0.9988816795819607 -0.045929082246278057 -3.250290800614535 0.5603338258617157 0.04432407021911645 0.8270800326415716 56.4461892599353
0.8256152053906229 -0.016167908576974675 -0.5640018895004223 -24.81423130393331 -0.012518301890767275 0.9988184457048641 -0.04695747690721168 -3.3061111883378276 0.5640946948390594 0.04582915286110244 0.824437301438055 57.33183381298599
0.8219282708267431 -0.017623227221027053 -0.5693183112091831 -25.432384238419708 -0.012516508377648068 0.9987210595007555 -0.048985531820332516 -3.3671404574584165 0.5694534701218288 0.04738847087641249 0.8206564922025555 58.22021120602734
0.8189440775263089 -0.019969232345021883 -0.5735257863811647 -26.03986984995378 -0.011925408501668655 0.9985863986545085 -0.05179757768744953 -3.427467633668622 0.5737494074216123 0.04925884876618183 0.8175482758232563 59.078207233737814
0.8162293896825253 -0.02174899831011965 -0.577318425559932 -26.66585307117788 -0.010750860032879042 0.9985463056365206 -0.05281755871119093 -3.4897468758222807 0.577627910013917 0.04931791329895325 0.8148090211827501 59.9583601732209
0.8130168472766218 -0.022597681388389274 -0.5818014702974299 -27.29283645688032 -0.009630308839461874 0.9985879372517099 -0.05224355201392613 -3.554702588916033 0.5821605132573309 0.04807781579111168 0.8116511938220243 60.83533109797683
0.8100397642411965 -0.021954035046761276 -0.5859638220003283 -27.932997727231868 -0.010360266264940663 0.9986070327108297 -0.051736438835617064 -3.618877891144589 0.5862834171550364 0.04797931393462803 0.808683955698007 61.713751532930964
0.805235629709588 -0.02255924344817315 -0.5925256628883258 -28.581587989813965 -0.010850462341623275 0.9985480915418203 -0.05276339967403254 -3.686860682787701 0.5928556722450893 0.0489161467537534 0.8038217230664949 62.586408502693565
0.8002017797348365 -0.02329692249049944 -0.5992782034344917 -29.235572504067857 -0.011265522698449406 0.9984850189304004 -0.05385865733462641 -3.7537814990495315 0.5996250492662318 0.04984897565677401 0.7987270371775576 63.451524162302924
0.7959957858875205 -0.024563699615303324 -0.6048035495187821 -29.90127018726726 -0.011139649089343685 0.9984125658417529 -0.05521101871414765 -3.82527269381119 0.6051996505843961 0.050685037540647286 0.7944585639931313 64.33110325763114
0.7911489804958146 -0.025086566668377618 -0.6111087913237925 -30.5871518633775 -0.01170613237221035 0.9983543776173458 -0.05613825039281805 -3.8983307195095778 0.6115114529796788 0.05156743997015454 0.7895533813553122 65.2149361866886
0.7864309588653599 -0.026892767206785885 -0.6170924776806733 -31.26023572866738 -0.011239877664039458 0.998263264521215 -0.05782836550987935 -3.9694891048267587 0.6175759160526001 0.05241406089408069 0.7847628649040317 66.07707604211973
0.7808935011799363 -0.02709294775552676 -0.6240763671193273 -31.9647106005592 -0.011555279011028763 0.9982615218892262 -0.05779627533313411 -4.043981690362152 0.6245572954837036 0.05234411234630372 0.7792228683507431 66.96020294174923
0.7762361550535839 -0.027543736175217153 -0.6298402767250907 -32.671069261575845 -0.010556639278544172 0.9983372117802094 -0.05666894159996626 -4.115610450296449 0.6303538601093607 0.05063747794299911 0.7746546694319999 67.82406190981743
0.7720050678565905 -0.028707331334536325 -0.6349677663719557 -33.37344151541231 -0.009099770804105912 0.9983780042194037 -0.056201021896343704 -4.18986111070591 0.6355512326910036 0.049165534864676404 0.7704916487583863 68.67767625478234
0.7668196302211484 -0.030100197864137243 -0.6411564807408883 -34.09418047759156 -0.008346430379398105 0.9983477602578309 -0.056851444028226936 -4.25965847010956 0.6418083762365705 0.04894617121606702 0.7653014311471424 69.53664290671622
0.7626369595202838 -0.032493501258185314 -0.6460100930710307 -34.81887704633462 -0.007160079336386457 0.9982521328200369 -0.058663554138360656 -4.331645206813902 0.6467871375016313 0.049364478081227896 0.7610713153615857 70.38469409643454
0.7585386769530589 -0.03128579949302608 -0.6508765430681807 -35.549235968864124 -0.009148625980917157 0.9982370175521115 -0.058644346968203136 -4.4056853723581515 0.6515637944276558 0.05043863141232003 0.7569151645014703 71.22670143546067
0.7540828104973819 -0.030625000508503836 -0.6560649542966182 -36.30031134920563 -0.00923949111170587 0.9983187671301288 -0.05722124605228798 -4.481910313579341 0.6567143570201326 0.04921126435719686 0.7525320622697745 72.08216992762245
0.7513255157092119 -0.030202972342219803 -0.659240282375085 -37.05175392703782 -0.010029100063688704 0.9983142212018427 -0.057167586078745496 -4.557491116379556 0.6598555801053737 0.04956305285041835 0.7497560384524737 72.92929662776204
0.7471440943253777 -0.03023031205182739 -0.6639742694923956 -37.81707781253884 -0.010452475403000695 0.9983072174907671 -0.05721403030544051 -4.634631644706252 0.6645799034522943 0.049687299575357675 0.7455633602774803 73.78220591633237
0.743525892178356 -0.030955512663622946 -0.6679902723065001 -38.56194683447681 -0.01228772338011299 0.9981268493822304 -0.05993166438900475 -4.707086101178981 0.6685942413112109 0.05276882392127718 0.7417527834173941 74.59877043826953
0.7408297922561873 -0.03262368413104585 -0.6709000776116905 -39.33210832091958 -0.012931397373641467 0.9979419788641454 -0.06280593747950029 -4.780998092021712 0.6715683121378044 0.05520418511699695 0.7388832790623625 75.44259929263747
0.7374311674706879 -0.032008819420749596 -0.6746634040187064 -40.113898906637424 -0.015010153231304635 0.9978530815132023 -0.06374890598731364 -4.85867432694284 0.6752554839042709 0.05713723124107819 0.7353675055802456 76.2887349392086
0.7346573408629199 -0.030779666306859084 -0.6777397757681498 -40.89311429621531 -0.015496378297895089 0.9979483929741937 -0.06211978122846948 -4.939616079146377 0.6782613462197828 0.05613926524512755 0.7326731393478713 77.12795759709827
0.7313066763163694 -0.030385047544359674 -0.6813716269854743 -41.68200099832365 -0.015568243977231694 0.9980032396260651 -0.06121407906147491 -5.019423740512137 0.6818710838234531 0.05537402443028784 0.7293733902904763 77.96938004941327
0.7272211610060005 -0.03038097950231048 -0.6857305440692902 -42.480832802177446 -0.01625955663268358 0.9979772075676605 -0.0614582784786828 -5.098267276635658 0.686210616212831 0.055843435244753346 0.7252561622881062 78.8066566783666
0.7244575227219441 -0.03106732561524002 -0.6886189941111852 -43.2956461075993 -0.016258406999080204 0.9979358295273424 -0.06212684079709218 -5.17647543859747 0.6891276819091191 0.05620410505195888 0.7224570136706213 79.66020373562284
0.720958720019885 -0.03141392982626877 -0.6922656202933667 -44.128708470528856 -0.015921089928716766 0.9979574269888676 -0.06186673430237877 -5.261836571926175 0.6927950944707758 0.05562498476970289 0.7189859651944532 80.52502494917385
0.7177710847934806 -0.031193487694125194 -0.6955800717098404 -44.947018854554116 -0.016545191526657947 0.9979497763067469 -0.06182637468475979 -5.346460104195709 0.6960825572241676 0.055885689534894 0.7157833912808212 81.3628295078771
0.7158429960718318 -0.03341839975471415 -0.6974611211621318 -45.76831165512817 -0.014857486770991303 0.9978989653263632 -0.06306274722388659 -5.4300806113291165 0.6981031872594148 0.0555055452942147 0.7138424716839414 82.20562061152123
0.7130774859595999 -0.037004468804952395 -0.7001079690347769 -46.621228876737845 -0.01283466915196305 0.99774970031069 -0.06580886564656992 -5.517622391037926 0.7009677384054822 0.0559124746223233 0.7109979078002352 83.07418647091642
0.7104918005372219 -0.04045057169914544 -0.7025419223210733 -47.482471606061665 -0.00964205109706936 0.9976932177250039 -0.06719578972056037 -5.604870759812498 0.7036394191771934 0.054516002739934594 0.7084628241659837 83.9434465029369
0.7065986738297536 -0.04273487054586354 -0.706322904188631 -48.33152112414669 -0.006614734143903327 0.9977321624482658 -0.06698341069632718 -5.692705259136985 0.7075836059676899 0.052002527397576014 0.7047135430159019 84.79498380256868
0.6996610700592603 -0.04415574025582236 -0.7131091484800847 -49.18698889908214 -0.005313287863757999 0.9977392890003519 -0.06699313514942574 -5.784873451845202 0.7144551462587472 0.05066144280942589 0.6978447264233352 85.64164308080947
0.69224028815285 -0.04487609106453534 -0.7202704491431167 -50.044022718644996 -0.003654948998197235 0.9978338953224946 -0.06568225554408119 -5.870553700372666 0.721657830835279 0.048100455260890594 0.6905768034026449 86.46910804292907
0.6829705596012693 -0.042978379393174164 -0.729180412259316 -50.925121782002655 -0.004312870958772551 0.9980128407393524 -0.06286309619690517 -5.956951731040109 0.7304331686485921 0.046078505011607734 0.6814280281246679 87.29656069474697
0.6746261722228357 -0.04188286455823169 -0.7369703884202959 -51.80036730273045 -0.005222250893292327 0.9980932215739369 -0.061503244985672154 -6.043034729081452 0.7381410812626353 0.045340343013225204 0.6731210867651308 88.09898135722187
0.6671431721065626 -0.04215451219399308 -0.7437358301260467 -52.690192507253286 -0.007426438291868519 0.9979715979995125 -0.06322608322991588 -6.125769206282851 0.7448924995768788 0.04770415797376232 0.6654768796781176 88.89572786164798
0.6571234926770498 -0.04345218373722365 -0.7525294832100479 -53.602672940329406 -0.0075060637582975015 0.9979104124254027 -0.06417528947982283 -6.215572222953822 0.7537455634222808 0.0478196246475152 0.655424220730207 89.70310563445686
0.6480972843124505 -0.04434275912974341 -0.7602654995326228 -54.52056819137424 -0.007757220557956752 0.9978672305734669 -0.06481369976212298 -6.2962519923690925 0.761518046796031 0.04790312996455414 0.646371065676332 90.4868674693309
0.6398429052221111 -0.044210484731073516 -0.767233008724711 -55.45131491208877 -0.006553380165270881 0.9979937183016444 -0.06297294211697527 -6.386265623740647 0.7684777874768656 0.0453207598160269 0.6382694719978075 91.2747847097373
0.6292882934578236 -0.0432143115943015 -0.7759695657629692 -56.396155432602754 -0.006760198776389222 0.9981107249075194 -0.06106783553631314 -6.469942614748297 0.7771425502631059 0.043674982518795626 0.6278072574226417 92.05092913349482
0.6198771073628979 -0.042927704293234045 -0.7835238247631778 -57.33762751944749 -0.007703057584317635 0.9981215066440647 -0.06077928000918693 -6.5550415420536305 0.7846610954235332 0.043711213420529964 0.618381997757087 92.80002430518334
0.6114060097970951 -0.04324842348011755 -0.7901343335474537 -58.29911679309775 -0.009466481646710843 0.9980341675716184 -0.061953095845640745 -6.639250080286823 0.791260435576825 0.045358287292523274 0.609794677629005 93.54734588926635
0.6022247970535068 -0.04275958188604183 -0.7971806018530517 -59.287593184373854 -0.011705608702976739 0.9979842425133922 -0.06237331496612909 -6.725638534436934 0.7982407359554858 0.046894241137926854 0.6005103309763643 94.29137506444533
0.5947379009862932 -0.04295891115947966 -0.8027710514725918 -60.27928409934712 -0.01344743980832668 0.9978999104637991 -0.06336351520349692 -6.812408673455019 0.8038071880078083 0.04847989942578562 0.5929112107716012 95.02248147719472
0.5865736758089273 -0.04192195771395063 -0.8088101583866472 -61.29301078914551 -0.01536580855040827 0.9979036354908659 -0.06286673366499394 -6.899518075575951 0.8097500940262963 0.04930399309937094 0.5846998387966782 95.76078631937962
0.5800077257725691 -0.03951573148028496 -0.813651980277631 -62.32110025609825 -0.0171580737433921 0.9980085590280185 -0.0607002192107588 -6.980687754872076 0.814430253950299 0.049167296777389236 0.5781746607886371 96.48982491973358
0.5739235123599005 -0.03770984197162504 -0.818040200588547 -63.35066849361662 -0.016967775849820555 0.9981771346033912 -0.05791806745458277 -7.064645650688608 0.8187331045848736 0.04712086346236049 0.5722374749030128 97.21210687100786
0.5674891263386668 -0.03687203984797005 -0.8225548882383636 -64.40021328954761 -0.017688100309117185 0.9982203498199556 -0.056949664729307264 -7.145753737661902 0.8231908785906411 0.04686774885542941 0.5658269978733721 97.93347326494452
0.5620471883866631 -0.03789224291469314 -0.8262367311815305 -65.4478584720218 -0.0180838672271011 0.9981482533659172 -0.05807786194998513 -7.228742887523876 0.8269074505485844 0.04758405436133872 0.560321181107566 98.6436653036743
0.5575571739712832 -0.03974956609755549 -0.8291863299332742 -66.48502407202946 -0.017792048464590142 0.9980513088883078 -0.05980825894280638 -7.311684226362865 0.8299478542442231 0.04809944720464229 0.5557634410556509 99.33844594090085
0.5526639653492987 -0.041185513802545745 -0.8323859050087342 -67.55523469648563 -0.018477848022534632 0.9979271014617812 -0.06164470212876314 -7.397031719487007 0.8331993222133857 0.04944950577010993 0.5507573293586265 100.04235296431574
0.5491569040447839 -0.04332099932109483 -0.8345957019765738 -68.59466814836141 -0.018938299060819973 0.9977540380189777 -0.06425122913616328 -7.487400551573325 0.8355046592141969 0.051089829072394774 0.5471030924759268 100.72317074563894
0.5450156941932675 -0.04342008932108778 -0.8373007756633094 -69.63929794114705 -0.018328906063657224 0.9978024277018582 -0.06367390733092866 -7.573859256148524 0.8382254734172306 0.050050086070124 0.543022140063214 101.40113852883714
0.5424273735955953 -0.04202708426332504 -0.8390508140527055 -70.69172003095012 -0.017001957743533448 0.9979941898104763 -0.06097975514396898 -7.657565436634992 0.8399306386881429 0.04734259491044703 0.5406248245318317 102.07697472068374
0.5402114330547394 -0.04010579873795651 -0.8405730976569113 -71.76882142005049 -0.015154068942916949 0.9982381126101106 -0.05736745355231945 -7.745686210543869 0.8413928700621477 0.04372865696765378 0.5386518753038804 102.7668457584623
0.5372436997485311 -0.03914102435545635 -0.8425183602111684 -72.85385284194054 -0.014726496507714069 0.9983350111920037 -0.05577038397635892 -7.830654261927601 0.8432984865284171 0.04236963111319002 0.5357727848428042 103.45895337162337
0.5350234743152482 -0.039434570553787976 -0.8439163445371106 -73.89853171911328 -0.01286592752624276 0.9984138728868021 -0.0548106407193537 -7.912122253580128 0.8447392200203151 0.04018274595413961 0.5336674967496658 104.1229035472805
0.5339694792445617 -0.03941872099952338 -0.8445843709600915 -74.94663747522304 -0.010271220579787315 0.9985364933056857 -0.05309777363115967 -7.9927563214517665 0.8454413624037407 0.03702750290724796 0.5327831329587686 104.78707129745437
0.5314280263355264 -0.03964837039567537 -0.8461750761811023 -75.9791858261212 -0.007157527563474993 0.9986582397974618 -0.051288301627303155 -8.070333485344838 0.8470732097193873 0.03331256233919067 0.5304311930553222 105.43602918977558
0.5303892760723787 -0.04125788605416035 -0.8467496694217012 -77.00307847344708 -0.004140238280681104 0.9986770718046316 -0.05125392354450601 -8.145906040433555 0.8477441089470321 0.030690276800133386 0.5295167916653201 106.0784394240534
0.5279563962681768 -0.04205816974487801 -0.8482294229730722 -78.03493413758268 -0.0014244189232683856 0.9987277438758742 -0.05040699002457604 -8.222121966100975 0.8492702836378128 0.027820926841456976 0.5272247920568905 106.71925685310083
0.5271665827073504 -0.04192080458048793 -0.8487273061590388 -79.04040338986223 0.0018329391274697834 0.9988361878398709 -0.048196578671819944 -8.293040893530739 0.8497599863554468 0.023851960188598358 0.5266298981109525 107.34182611395767
0.5258308765312227 -0.04197577911000862 -0.8495527783807867 -80.03330693723662 0.0038295733881422746 0.998888300068429 -0.04698402232748157 -8.363397374025908 0.8505805215581127 0.021452224931512776 0.5254070597083912 107.9582555481756
0.5238928640347498 -0.04351950048218438 -0.8506716876041239 -81.01477763709549 0.005896350189621331 0.9988553031515301 -0.047469110171837255 -8.430330422603188 0.8517637583672532 0.01985286991459482 0.5235497717392738 108.56858862562765
0.5234369243959817 -0.045051238080971126 -0.8508725945323701 -82.0095985954406 0.007983721453213629 0.9988167231552332 -0.04797305219808038 -8.498617412038486 0.8520270220894599 0.01831773710953146 0.5231772301396088 109.17971716554307
0.523703573989354 -0.04684124695990208 -0.8506118175607597 -83.01194839754486 0.009191110158801915 0.9987397723656408 -0.04933954386774446 -8.570172202069084 0.851850978801355 0.018021228544962627 0.5234741113339839 109.79466329453797
0.5241764364169352 -0.04792577467709559 -0.8502600682302108 -83.98410442824583 0.009407316735437335 0.9986801535318983 -0.05049211159520927 -8.637847823283918 0.8515577290454721 0.018468109353806862 0.523935456940847 110.39093457783557
0.5275862361058921 -0.04857446144728841 -0.8481115994765808 -84.98380110028589 0.009193165706006562 0.9986318918515051 -0.05147650222563593 -8.710169395421946 0.8494517344593041 0.01936146358594535 0.5273109941504066 111.0035680320031
0.5308162832687782 -0.04831927910619535 -0.8461083386206392 -85.92907145232321 0.007268015288999931 0.9985961661627206 -0.052467827083606804 -8.779018174356084 0.8474557506858276 0.021701248622463955 0.5304222906682438 111.58791444748904
0.5345482980037334 -0.04867245851034882 -0.8437352125423417 -86.86748217671601 0.006316773115963768 0.9985424632177589 -0.05360081649016652 -8.845706576360337 0.8451143209523274 0.02332254131884951 0.5340766270749145 112.17368606453765
0.5406655049062811 -0.04904688980032273 -0.8398066529894552 -87.82268614670772 0.00644008071579566 0.9985109852956029 -0.054169526529022904 -8.918509707108713 0.8412130153325079 0.023879171780434066 0.540176311948488 112.7866724699024
0.5458792974445793 -0.04747972958128592 -0.8365174641932471 -88.76061620746663 0.004677455298514668 0.9985502330718574 -0.053624187118031866 -8.988569793683507 0.8378507707422265 0.025359560544837137 0.5453099840050885 113.3915687966991
0.5524362389162183 -0.04578461697335978 -0.8322968044998769 -89.69424114552157 0.0035892035649980475 0.9986117773950669 -0.052551267022164116 -9.05669663571099 0.8335474308939308 0.02604394164615879 0.5518336647520332 114.00368198267171
0.5608673982899721 -0.0451596241617895 -0.8266730731558903 -90.63053921899413 0.003520769285324153 0.9986322874716173 -0.052164725656759586 -9.12931501096057 0.8278981614420203 0.026346968796645123 0.5602592895402551 114.6350840756057
0.5675622958432391 -0.04428941782584173 -0.8221383629327847 -91.55630936263758 0.002400973863205945 0.9986368956488956 -0.052140061116621644 -9.199822988619767 0.8233269555053202 0.02761880007141605 0.5668949869428689 115.26469085803454
0.5751137244645894 -0.04475276685090411 -0.8168484521572268 -92.46563380782322 0.00205397239887066 0.9985784013554321 -0.05326309739223432 -9.270121934601663 0.8180708924841742 0.028954554142976867 0.574388064521303 115.89579612265827
0.5841059735636767 -0.04522275728579654 -0.8104166298088283 -93.38193836760739 -0.00038936337217838554 0.9984309765844339 -0.05599494077876908 -9.340204153567889 0.8116773127563649 0.033022525950075134 0.5831718895287072 116.54429386857714
0.5929161091484152 -0.04468698825874175 -0.8040233582382218 -94.27488985695422 -0.0034672209091138606 0.998308118870689 -0.058042038007239075 -9.408564838072042 0.8052567701618362 0.03720178594139613 0.5917580259120264 117.19059300604013
0.6019541237504029 -0.04272696581584855 -0.7973867564062347 -95.1761769608254 -0.00638352254276817 0.9982780884756695 -0.058310451115638796 -9.479705572975938 0.7985051556125549 0.04019035284162905 0.6006448634581294 117.85413464205615
0.6099920259633238 -0.040504077847184926 -0.7913716876025506 -96.05281719583527 -0.007856209333377842 0.9983345508017627 -0.057152468453715174 -9.552010894106026 0.7923686062913332 0.0410797316592008 0.6086579067183291 118.5236618401707
0.6218225204386088 -0.038045867862889424 -0.7822335105414083 -96.9146782775318 -0.009446848537733995 0.998382237174553 -0.056068400610680316 -9.623208659669906 0.7831012132081531 0.0422542356799195 0.62045714552983 119.195323665624
