1.0 0.0 0.0 0.0 0.0 1.0 0.0 0.0 0.0 0.0 1.0 0.0
0.9999128290693037 0.000698143738565559 0.013185099845725419 0.026343218982219696 -0.0006778074655885006 0.9999985740334294 -0.001546773463505162 -0.01565740443766117 -0.013186160914422335 0.0015377016707128096 0.999911876434074 0.18776559829711914
0.9994691503225047 0.0033340481433160626 0.032408358128559515 0.04115324989853472 -0.0031582959770704877 0.9999800369979749 -0.005472729853608421 -0.011081012186975717 -0.03242595750524784 0.005367469469629724 0.999459727828671 0.39549431288754644
0.9983466788055455 0.00560957451326749 0.0572052584271548 0.07510474815368252 -0.005452960701480398 0.9999809463072774 -0.0028934826750074733 -0.021522735337333256 -0.057220399662406905 0.0025767607926537902 0.9983582454040695 0.6926134689681969
0.9964293167011976 0.0047422573761638324 0.08429785177193415 0.10827091820619991 -0.004473898043403694 0.9999843065059136 -0.003372088104513433 -0.02339775148099456 -0.08431252015378256 0.002982907451730966 0.9964348956196049 0.9307312022604011
0.993551532749364 0.003318842304837228 0.11333285956484691 0.14645437745652298 -0.0031277791405475257 0.9999933719179599 -0.0018636302736614555 -0.016244169478177896 -0.11333829348034867 0.0014971325607889255 0.9935553280140256 1.1804363366481694
0.9889170813649393 0.004498703014052454 0.14840070032126462 0.22945771860355735 -0.004827987832748349 0.9999866177387013 0.0018587299426254529 -0.045422611957337974 -0.1483903525103208 -0.002554606565429183 0.9889255671015685 1.4149454651958902
0.9822418473404823 0.00603883873515605 0.18752196074030317 0.32582728629539104 -0.006888275668966293 0.9999687539878397 0.0038784927892028765 -0.06728848355658412 -0.18749267983434806 -0.005101320881727655 0.982252753385704 1.779229713746271
0.9738907234279635 0.005195614862431223 0.2269578472033058 0.42070111094908486 -0.006117816530651786 0.9999756407958155 0.0033600797454029986 -0.07397781984921845 -0.2269348610105003 -0.004660836963407701 0.9738987860434704 2.0765531763987495
0.9653937722511037 0.004935377972316401 0.26074989269998755 0.5152573252882838 -0.006866643495021336 0.9999553239477453 0.006496100035595592 -0.07381557694007485 -0.2607061827151342 -0.008061771072820037 0.9653845317495371 2.4017797980412445
0.9543154284007929 0.0006503461696854979 0.29880033494973024 0.6267130447082137 -0.004138427373556709 0.999930482096553 0.011041032244736614 -0.08965899351075013 -0.2987723824838655 -0.011773190902006665 0.9542517778033741 2.6514031381669434
0.9414100024761151 -0.0008468691172414094 0.3372632355455004 0.7643758864588888 -0.0032965224066124153 0.999925972751008 0.011712470190926113 -0.07542315547952234 -0.3372481878052781 -0.012138032404343515 0.9413375207604376 2.9556612474961654
0.9232807905674423 -0.0015779883207818614 0.3841224957250202 0.9456441686930563 -0.0036311223468408504 0.9999110288499974 0.012835471734293042 -0.09019820037253941 -0.3841085741293222 -0.01324554026829554 0.9231929153450756 3.300765451280098
0.9024301881610631 0.00038486028306152203 0.4308359402117599 1.1640414306084528 -0.008496473963329185 0.9998210229140257 0.016903611133193 -0.10033103682422934 -0.4307523249220822 -0.018914915324004463 0.9022719437910651 3.6744194587883285
0.8813937451641605 -0.0004498128312532294 0.4723821161453005 1.382084132214274 -0.009060780235624236 0.9997994755136441 0.017858080080571354 -0.0968121422856588 -0.47229542475765846 -0.020020150625287968 0.8812129284809228 4.009048990452478
0.8575887217985232 -0.005673831117566296 0.5143047655665116 1.5814767570921917 -0.00370297416305317 0.9998451270636299 0.017204937357093268 -0.09421174323052478 -0.5143227315862318 -0.01665921749552119 0.8574348944649465 4.278407379954076
0.8352293177771528 -0.010788845726205195 0.5497959508157624 1.8520710170452985 -0.0010686865976284737 0.999773782893933 0.02124243269757307 -0.09607472513424427 -0.5499007588960649 -0.01832986213398825 0.8350288447231515 4.627578335601978
0.8057810945400005 -0.01223589648720693 0.5920870801825296 2.135100556678708 -0.001701189095616117 0.9997345833536841 0.022975395585203458 -0.10201336692221026 -0.5922110549775138 -0.019520391486596442 0.8055464112505438 4.939247761570975
0.7764149676808628 -0.017575930895724165 0.6299768921272222 2.4888733012360964 0.0009221703139566644 0.9996416544410653 0.026752800007516897 -0.0963625852147489 -0.6302213480698962 -0.02019032836481041 0.776152950827016 5.351051468785382
0.7424396136996636 -0.017056608327046602 0.6696958205945981 2.811924677585386 -0.0014474930899204689 0.9996326398667836 0.02706455387993957 -0.10124184928562356 -0.6699114305438062 -0.021063177000235363 0.7421421816615789 5.649908438121488
0.7134264702452568 -0.019257408967449575 0.700465433660544 3.141270285869522 -0.0002447564248804924 0.9996153914623719 0.02773101595364932 -0.09951153976750003 -0.7007300561897472 -0.01995548424342206 0.7131473669592593 5.974535543127966
0.6832492535394412 -0.0216610182571478 0.7298638625290749 3.5084200262062755 0.0008257295645017343 0.9995821757201024 0.02889276991485703 -0.09535427964709368 -0.7301847545029155 -0.019138293307661203 0.6829816615552626 6.285298879503066
0.6490102472228663 -0.021689749082712005 0.7604704161138968 3.91119839743377 0.0034034605714877274 0.9996662844260806 0.02560734734198731 -0.0789512613879903 -0.760772052231056 -0.014031199752118475 0.6488674826015431 6.608773065261736
0.6158620194479865 -0.022446896462656477 0.7875341959817638 4.34886612366411 0.0029584064000231416 0.9996528844446799 0.026179351653622594 -0.07593959575980447 -0.7878484758080203 -0.013793022171609461 0.6157146512032609 6.92796518108693
0.5856266876582097 -0.024163483876604896 0.810220654358687 4.799645713003538 0.004040795973752523 0.9996301878571638 0.026891624951833316 -0.08773412923738289 -0.8105708202682678 -0.01247451688830529 0.5855077555063051 7.229064944208486
0.558236569832322 -0.021478203484868563 0.82940377312676 5.256513312528306 0.0056036569182146365 0.9997396708480972 0.02211763010996819 -0.0731706431399208 -0.8296629021060217 -0.007699175774133632 0.5582116010630851 7.517463247057525
0.5341990283671818 -0.018741892362925977 0.8451509566711827 5.758572750040899 0.0035033938085985037 0.9997947044825957 0.019956831421368698 -0.08379971687923163 -0.8453514797546525 -0.007700023325649876 0.534155019930922 7.807624819260946
0.5167762111064822 -0.01681753510943277 0.8559553248547915 6.3470948581144695 0.0033249636915121707 0.9998389258021385 0.017637093504208043 -0.06295967153707979 -0.8561140649766705 -0.006268409979336692 0.5167488894864238 8.160889797079395
0.4925407767368606 -0.014988323992234332 0.8701602917827004 6.919755649107129 0.0037914442181056166 0.999879153011525 0.015076615127312088 -0.06456592206049624 -0.8702811087241821 -0.00412668351826438 0.4925380820616301 8.460074829854733
0.47372181229689586 -0.014131591995219048 0.8805611521421015 7.461771174248061 0.002914815768573004 0.9998909319324824 0.014478538884408775 -0.058944420034754745 -0.8806697158431076 -0.004292126148276592 0.4737113353614703 8.750020767716157
0.46157700083692005 -0.016152810294954113 0.8869530759955507 8.088007124372696 0.0017188201132975669 0.999848618378921 0.017314328840040742 -0.06216765254375772 -0.8870984826702232 -0.006467383190917895 0.4615348903375018 9.07378865985945
0.45214774707293004 -0.0150505844296361 0.8918160655231551 8.786340915019164 -2.0648844937797527e-05 0.999857448218578 0.01688439562018805 -0.044650833527605016 -0.891943055576139 -0.0076526564120060975 0.4520829818289347 9.439687210359281
0.4439352864880118 -0.01810186463786292 0.8958759869018923 9.445175741212692 -0.0016377470245907168 0.9997778645331575 0.021012838318579644 -0.06236064100849903 -0.8960573526262091 -0.010795558630835773 0.44380702644094977 9.75456720597047
0.43711619661056667 -0.020087795365439337 0.8991806888151396 10.177704691967534 -0.004584511093466566 0.999687801609523 0.024561790878377697 -0.059355713592020236 -0.899393358280317 -0.014858660453604483 0.4368876369168372 10.109686559948184
0.4312554093869258 -0.017610253186650077 0.9020580085877058 10.880126283124723 -0.005784778127911351 0.9997349733244317 0.022282716486300917 -0.05105286564564248 -0.9022113434315301 -0.01482774745873793 0.43103924379199393 10.437341842626187
0.42252746695401344 -0.018068158440575268 0.906170006853014 11.548521867639534 -0.009786027795024597 0.9996520510027703 0.02449511351167225 -0.05780186563691695 -0.9062972874997587 -0.019217663138919126 0.42220363344488043 10.740204263471336
0.4122795383200243 -0.01749287017620047 0.9108894454189413 12.334570640673325 -0.013163203987926413 0.999596915703221 0.02515424770054647 -0.06504135763828181 -0.9109623001767966 -0.022360805209267514 0.41188309269378043 11.076135498496896
0.4034331435639186 -0.017969837287243117 0.9148326533426783 13.117926071035274 -0.01693383119468665 0.999489276492842 0.027100397356594117 -0.06294582316285592 -0.9148524165324179 -0.026424820220494274 0.4029228025827156 11.42553419738806
0.3930409016159244 -0.020386141246309816 0.919294977089523 13.942578667674635 -0.017766734359657282 0.9993992034707646 0.02975861643615918 -0.06192757697420331 -0.9193493312159066 -0.028029223091027254 0.3924425688502444 11.764458248701468
0.3825142583437217 -0.0225190759695574 0.9236751232880692 14.785836359668007 -0.01961021862943138 0.999279876874493 0.03248333417313915 -0.038024952967885786 -0.9237414581413236 -0.030538809590015613 0.38179719697735653 12.122313635104039
0.37469597856902825 -0.02420528836839346 0.9268317148539973 15.584599651958932 -0.020769674372087488 0.9991891438761309 0.03449167126368264 -0.04607848534264024 -0.9269150685314571 -0.03217388343186776 0.37388941808272247 12.4488180762347
0.3650250631250248 -0.025956384436088078 0.930635787726637 16.369603945409146 -0.02479757553852917 0.9989855542240743 0.037589130064825366 -0.03319963586002972 -0.930667386093433 -0.03679848581973752 0.36401110958786953 12.76010926898033
0.34919561420481005 -0.02335663597436098 0.936758715238928 17.10460887596477 -0.0297168008497551 0.9989104443822497 0.03598382763565544 -0.01778150989474858 -0.936578525681313 -0.04040286697770039 0.34812106166188905 13.0345766228148
0.33463686720230756 -0.023985456111071602 0.9420418594755593 17.91829198320579 -0.030593759786268316 0.998872526727041 0.036300099339768896 0.000650710598159427 -0.9418504068965334 -0.040967953879597604 0.33352576779576404 13.33538948089745
0.31721655992007924 -0.02341753253773837 0.9480639605439682 18.719831211857425 -0.034767684161678955 0.9987358799149411 0.03630220803976481 0.014274670949989864 -0.9477156019874868 -0.04447764989714038 0.316001386720253 13.604357533827912
0.29775883179273016 -0.02192861422143072 0.9543892360917303 19.500156659960865 -0.0386912851895952 0.9986374849951781 0.035016539133431945 0.015757358948622506 -0.9538567306151413 -0.04735302990130015 0.29650468464994034 13.839486796793667
0.27234232855846213 -0.02185299103034008 0.9619522352270838 20.32902766348863 -0.04048872092100511 0.9985962906872224 0.03414837776383404 0.03826098831236456 -0.961348178109022 -0.04824826430814303 0.27107523944048445 14.10001925292929
0.23762939683601952 -0.024573631263778414 0.971045007404838 21.112204751392213 -0.04186071856257695 0.9984921462095204 0.035512169735611776 0.04149649169382984 -0.9704534764741557 -0.04908737724118113 0.23624241658687734 14.282566840316498
0.2044295107158095 -0.024475048284697834 0.9785752639219718 21.901489658735226 -0.04152496751201615 0.9985706579701007 0.033649934833318754 0.053734878237481035 -0.9780001289476505 -0.04751434575601672 0.2031209854391145 14.446531213010859
0.17420541371962406 -0.024649622375266383 0.9844007669376997 22.700710023212153 -0.04265265842907898 0.9985595140662473 0.03255222875183927 0.07238041556107092 -0.9837851516259568 -0.047658084146727085 0.17290310134799936 14.589957461460457
0.14400649812369182 -0.024457357934874423 0.989274464514776 23.52385846070018 -0.04310064673735525 0.9985908593480878 0.03096174861453263 0.07864050194483474 -0.9886376802190846 -0.047097062215102556 0.1427494447685661 14.70930236151831
0.11434703075091213 -0.02386156887901324 0.9931542589593433 24.350861859281398 -0.04585745638116419 0.9985190758562054 0.02927027238546748 0.08991915062097965 -0.992381907459371 -0.048890496846544146 0.11308346061824637 14.80611924118372
0.08187473303698578 -0.02421775994352951 0.9963483468112144 25.209150009947706 -0.044989824670878725 0.9985958278015551 0.027969418539013656 0.09122648754885879 -0.9956266588265934 -0.04711552611023787 0.08067021403931929 14.870618067105497
0.0552275412882543 -0.02483585323545618 0.9981648656796738 26.057544584357274 -0.04469231787172496 0.9986271609778876 0.02732014056510272 0.09669589412741249 -0.9974730650030139 -0.04611912565640375 0.054041750917063924 14.910878242264241
0.024276693154564988 -0.022203281509819643 0.9994586817170957 26.885873165366426 -0.0420439631693954 0.9988461135815547 0.023210914329995544 0.12367542054971632 -0.9988207783834343 -0.04258468824847225 0.023315166658010644 14.91679792686638
-0.0014079061983444108 -0.022866814934527767 0.999737528841889 27.708498739516457 -0.041445309938145096 0.9988808509644579 0.02278885386876061 0.1221021282585516 -0.9991397820546772 -0.04140234717103237 -0.002354052773740123 14.906652939842367
-0.02409869343143961 -0.02239247331495943 0.9994587685911492 28.518234661270398 -0.040371740000380296 0.9989553695451441 0.02140776182290387 0.12039735254498109 -0.9988940762584585 -0.0398339904574387 -0.024977542312995926 14.881205532436624
-0.05263021680581281 -0.018305379060258156 0.998446279664777 29.313188125228137 -0.037661486872329654 0.9991570643231642 0.016333193799195234 0.13544505708796944 -0.9979036389780022 -0.036743351923538364 -0.053275260711558525 14.832262124161165
-0.08065739298917879 -0.015189988924892055 0.9966261331074211 30.182976564145363 -0.036383913814851614 0.9992623653394985 0.012285602615439132 0.134074968249216 -0.9960776052957434 -0.03527023465434688 -0.08115056854837605 14.761571765333985
-0.10061426125339673 -0.006324035519692281 0.9949054110854857 30.96820106528963 -0.03872595021303982 0.9992469014759517 0.0024352968622535394 0.14447605228570454 -0.9941715501926872 -0.038283631821652064 -0.10078339308642975 14.687926938582542
-0.1205217425038363 0.0009929022338466577 0.9927101912083875 31.747260884477537 -0.04066597384302981 0.9991551615528234 -0.0059364731743803655 0.1505527705120816 -0.9918774058094264 -0.041085000760693005 -0.12037954376577797 14.599459513231073
-0.14661882308889612 0.007707595290099909 0.9891630369614867 32.52813352187551 -0.03807823641719327 0.9991845112151585 -0.013429834663231133 0.14411374364594734 -0.9884598973288617 -0.03963465052916977 -0.14620576544735592 14.485866824238624
-0.16785562460758519 0.009503874208887585 0.9857657762686932 33.348375296201915 -0.040268093250856125 0.9990528514608255 -0.016488803896416312 0.1257488321585467 -0.9849888171718185 -0.04246264667935525 -0.16731393750505796 14.342082942169242
-0.19826183007092968 0.00858574718666431 0.9801114894144302 34.09997365615251 -0.03895918487045556 0.9991023603252654 -0.01663296445956396 0.08624052365373916 -0.9793745088836833 -0.04148202668301221 -0.1977493686743762 14.182866573064109
-0.21975183783821578 0.006695814442025983 0.9755328266315207 34.89361750234904 -0.03836447473672566 0.9991435920583636 -0.015499984738255035 0.06809852659364547 -0.9748011575931278 -0.040831954614847385 -0.21930675921509885 14.001843797967128
-0.23605348671924692 0.00401078835802331 0.9717317865462844 35.67027979788617 -0.03536303359245871 0.9992936434599373 -0.012714951659469096 0.03866150622635604 -0.9710963944237592 -0.03736479248318053 -0.23574491515166102 13.802481284073986
-0.25005749420886175 0.0026753540379898175 0.968227293599368 36.440253992618594 -0.036013956335280976 0.9992784884500605 -0.012062233211256152 0.001809331197650095 -0.9675609771683983 -0.037885947285684535 -0.24978072475513552 13.600143308276762
-0.26560027677655623 0.0008726090055478052 0.9640828447440294 37.16029266456876 -0.040392110801970485 0.9991114576210953 -0.012032150066044096 -0.020262392113629266 -0.9632367156422029 -0.04213708347493811 -0.2653290331551526 13.395372176644065
-0.2752777980198836 0.0031132265550150827 0.9613596838528968 37.93100259532281 -0.04078692283537759 0.9990565499785645 -0.014914317636060362 -0.03879201232269194 -0.9604991206882729 -0.043316483760174905 -0.2748911082441726 13.175293468760536
-0.2839962977027131 0.005918048324226606 0.9588071128205008 38.75047579515817 -0.041426572065627915 0.9989714401175742 -0.01843640301988491 -0.06723746325919985 -0.9579300298132655 -0.04495596215689753 -0.2834590260487471 12.94495817923616
-0.29742053302675364 0.004679442178549834 0.9547351095225208 39.54391268105846 -0.043487373625062935 0.9988837275261513 -0.01844308050885333 -0.09269529986649329 -0.9537556683287792 -0.047004273256369716 -0.2968850340222029 12.707474010490015
-0.30605147990497306 0.003646654020614256 0.9520079797787568 40.30559604110599 -0.04528638833538473 0.9988048610415775 -0.018384574818364023 -0.11940614803692332 -0.9509372401370728 -0.04873962940122988 -0.3055205620679534 12.457789537297637
-0.31256368373223314 0.004341479508640483 0.9498868854592177 41.09541967254913 -0.047799012220152634 0.9986508183574505 -0.020292792434080238 -0.13331569133165777 -0.9486934162533831 -0.05174644480223757 -0.3119344601159268 12.2069111955829
-0.31776275095225304 0.005044970872498698 0.9481568342717106 41.90104619056465 -0.04785595484500316 0.9986260096484033 -0.021351825204889353 -0.15798814725164875 -0.9469617952658542 -0.05215976536184542 -0.31708471610007927 11.942191980567879
-0.31847954020111713 0.00783145803341298 0.9478973840761225 42.7223426343194 -0.05139338379260442 0.9983524765638183 -0.025515733209861186 -0.19237510443292904 -0.9465355263145865 -0.05684189303640089 -0.31755235256632464 11.677202930939828
-0.31768344130646753 0.004956333695495464 0.9481838776714034 43.486101499520935 -0.05331932951744642 0.9983106925150449 -0.02308268420139338 -0.21141867064254172 -0.9466965090352294 -0.05788951516838074 -0.3168825079017137 11.433374330093187
-0.31570328557246496 0.006480016372921744 0.9488358366264195 44.26903533583893 -0.055550318004108104 0.998135302753856 -0.025299793795815366 -0.25218608874015747 -0.9472304881328478 -0.06069536048393633 -0.3147546275550718 11.175013285025466
-0.30996567466583064 0.0024440639842039855 0.9507446066532261 45.08829024385217 -0.061202402179340816 0.9978713220713995 -0.022518671251997427 -0.2851796456552975 -0.9487758146666865 -0.06516786891343336 -0.30915627498863235 10.908576384241092
-0.3037334556396197 0.002118218492189808 0.952754690922923 45.900431623734875 -0.06497247864953824 0.9976235522093089 -0.022930876464188354 -0.29878798187123834 -0.9505390917491772 -0.06886770816355017 -0.3028740230342471 10.661430956015941
-0.2996503054904388 0.0033089468667220553 0.9540433665668036 46.78385110942341 -0.06693651056266767 0.9974568032111338 -0.024483244914011847 -0.33081239983900157 -0.9516980602970571 -0.07119674570132273 -0.29866674643883717 10.397869637660966
-0.2957717762859817 -0.0009946630898764117 0.9552581153792795 47.71159741911901 -0.07134132605346924 0.9972298048199792 -0.021050690621423087 -0.3766493860803129 -0.9525909256074024 -0.07437558083164068 -0.2950233913207363 10.097985628818575
-0.2951534770427294 -0.0021808711077340517 0.9554473657877749 48.63085158329286 -0.0748649161604805 0.9969756595031865 -0.020851347353841383 -0.4185607296061116 -0.9525122935258479 -0.07768383460796573 -0.29442410316197104 9.821660952689667
-0.29506460505401816 -0.004884166675061689 0.9554648207863053 49.52279018865428 -0.08139344295163939 0.9964805211272507 -0.020041917534038924 -0.4381623392794788 -0.9520041944701686 -0.08368223186467488 -0.29442367055206725 9.563908815049714
-0.29688151437011123 -0.009855870253930601 0.9548634605255597 50.42784174287296 -0.08500537458477377 0.9962496573320747 -0.01614641004762351 -0.4748706069196921 -0.9511232584250118 -0.08596209680586778 -0.29660590890224514 9.28702162307598
-0.2988135299698345 -0.010419845413381444 0.9542546311800264 51.40805417310231 -0.08639764170243669 0.9961293802743867 -0.016177307020137678 -0.5173516233361899 -0.9503925093429684 -0.08727934793367592 -0.29855718649707313 8.987499660186261
-0.2981419266586859 -0.011283709861746302 0.954454854595021 52.3234265010565 -0.08825597464658677 0.9959726082886086 -0.015793874697713525 -0.5451911208390697 -0.9504326775250459 -0.08894515968023202 -0.29793704714592006 8.710621396939928
-0.2971034699489826 -0.013974030295143089 0.954743030674529 53.22026679474112 -0.09022976449551325 0.9958294334680856 -0.013502927005510777 -0.5674168778969146 -0.950572521033171 -0.0901580052793004 -0.2971252536232817 8.440469154157068
-0.298419070972628 -0.013235932452559981 0.9543431605936855 54.182767539720345 -0.09132859944056959 0.995711590741924 -0.014748389281942345 -0.5910628980828767 -0.950055337864094 -0.09156002487056777 -0.29834814703906476 8.147538610937824
-0.29891501712012497 -0.014420547802275918 0.9541707710578636 55.16120846075544 -0.09239624786225421 0.995625319142903 -0.013898102840671056 -0.6347347530494952 -0.9497961601949402 -0.09231615071413701 -0.29893976382587933 7.843692719747863
-0.2990799882563248 -0.014349433890135925 0.9541201467171886 56.09332843713477 -0.09208487619871794 0.9956542653509566 -0.013890984987177744 -0.6584129171137433 -0.9497744659655069 -0.09201455121598881 -0.29910163183181865 7.564379008516365
-0.29866115925461895 -0.013204753885807032 0.9542678588465099 57.03534781749453 -0.09289702374230252 0.9955581883591493 -0.015298253850385198 -0.6879748616318054 -0.9498271710856188 -0.09321763816930789 -0.29856124497601294 7.281742870971046
-0.2983951414860594 -0.014508210633139493 0.9543321493912588 57.98665483799909 -0.0957871538175374 0.9952915200520149 -0.014819287300191976 -0.7121319561731656 -0.9496236942605479 -0.09583476371742489 -0.29837985414932977 6.988169188206456
-0.2987193853114051 -0.018175730421364424 0.9541678949025829 58.99169419823035 -0.09788444395567067 0.9951291448017925 -0.01168848995989849 -0.7566127759282981 -0.9493078344091899 -0.09688977236893152 -0.29904348770643907 6.6603600803526986
-0.29548995178191445 -0.023478543239417685 0.9550573000628165 59.93680022287886 -0.09960496828577857 0.9950067554467359 -0.00635664283633626 -0.7936796998687232 -0.9501392206875322 -0.09700677616906199 -0.2963530777443936 6.3685964215645745
-0.29737226609500617 -0.024218145929907633 0.9544544079028806 60.85318617167726 -0.10146873642758895 0.9948183247016322 -0.006371527730968864 -0.813155800226827 -0.9493544284856469 -0.09874199838749326 -0.2982887642354887 6.091792549349641
-0.29801292526054807 -0.027475788470500966 0.9541663258706918 61.80248610839061 -0.10484897553368613 0.994479660397193 -0.004110642993502653 -0.8401415394900565 -0.9487860605569558 -0.10126838649947886 -0.2992486009801962 5.796307004923329
-0.29575045183767945 -0.030919394519295026 0.9547647151420966 62.80456100576695 -0.1062439095147285 0.9943398455559472 -0.0007093876242404568 -0.88194238283815 -0.9493386655608391 -0.1016477377138096 -0.29736145595693797 5.476176646693396
-0.2960994244787367 -0.028433104052048838 0.9547338317129682 63.738666896130475 -0.10779328199432377 0.9941659771746001 -0.0038233735580857284 -0.9010212218379163 -0.9490551823683663 -0.10404599186147362 -0.29743687128079643 5.188503804327631
-0.2965110297150291 -0.027699109667903128 0.9546276596563388 64.70437316662445 -0.11025873668915134 0.9938882024671645 -0.005408509988977378 -0.9272210723175187 -0.94864335776995 -0.10685972262828475 -0.2977528831745555 4.8842702437849015
-0.29968534745098035 -0.02696125174150412 0.9536570575567072 65.64142942188097 -0.1148481734371753 0.9933507830850294 -0.008007421713859153 -0.9469315884554008 -0.9471000948058921 -0.11192547810436336 -0.300789125085632 4.595596445375956
-0.30540203705769725 -0.030718365189130237 0.9517278906289949 66.66319647678826 -0.11722965351169815 0.9930892418383235 -0.005564717648817018 -0.9783548488560214 -0.9449797903122247 -0.11327020696145607 -0.3068925807450757 4.2737289395002875
-0.3099820246265326 -0.034149732876670925 0.950128907124127 67.61117878333283 -0.11929072126612489 0.9928541021009201 -0.0032335369463482727 -1.0211476140428757 -0.943228958539889 -0.11434390095596582 -0.31184067099390483 3.960794876430295
-0.3121397843091783 -0.03772947724416352 0.9492867014755354 68.43734392531509 -0.12209804911685528 0.9925177965310017 -0.0006999793594812537 -1.05236571819342 -0.942157535369366 -0.11612454570902679 -0.3144109864979189 3.6834310408350293
-0.316753941919571 -0.0427302727905606 0.9475447557058493 69.3651912620861 -0.1269183796571304 0.9919104892083097 0.0023035415647705143 -1.1003373463329096 -0.939978013138404 -0.1195311891757812 -0.3196148144729873 3.3631956295607037
-0.3243633683085309 -0.04396350283039195 0.9449103744368703 70.27610972142408 -0.13050784717088953 0.991446386051686 0.001328688026172524 -1.141133701196781 -0.9368863896579798 -0.12288724101359455 -0.3273264713855308 3.0370546538480694
-0.3284277779959477 -0.046397500940844445 0.9433888204484346 71.21204906524574 -0.13500318905335335 0.9908436503336475 0.001731917699267213 -1.162376336000961 -0.9348311791901622 -0.12679168939617785 -0.3316843890115935 2.69781703258017
-0.3322376288119205 -0.045166123355247265 0.9421136764225914 72.0719323484683 -0.13544982859808596 0.9907841705356222 -0.00026711193974644776 -1.1998018632472498 -0.9334192530338025 -0.12769788062884135 -0.33529352715004884 2.383366599956273
-0.33404721963595657 -0.045123528108910085 0.9414756089588788 72.9133987448676 -0.13376154867702644 0.9910135451573727 3.755182940752555e-05 -1.2230997034052418 -0.9330167753845645 -0.12592069141178036 -0.337081112383012 2.0717175004982717
-0.336029780711418 -0.049775993407647934 0.9405351332913185 73.81329449270036 -0.13219807137356723 0.9912095393580851 0.00522675909548502 -1.2395563323964334 -0.9325275633460632 -0.12258058396750605 -0.33965621447875727 1.763711076335082
-0.3358522394985263 -0.05771017584262412 0.9401450998798208 74.67379826768226 -0.1327985764604492 0.9910525292280766 0.013394864714160959 -1.2573117619683543 -0.9325061990753215 -0.12035123561827626 -0.3405110406011108 1.4469765609321044
-0.33515945600318936 -0.062176817978827785 0.940107537656025 75.59323498334315 -0.13186792379123405 0.9910939660131877 0.01853648314109417 -1.2815458069968295 -0.9328874475126331 -0.11775735152540796 -0.3403736423918368 1.1207572188654273
-0.3338888000403441 -0.061958519536730323 0.9405739795807855 76.51132623718414 -0.13480289283331634 0.9907194916224589 0.017408877135134664 -1.2872727123159577 -0.9329236031376784 -0.12097946427453457 -0.3391423299036233 0.7726445225138274
-0.33214297405578275 -0.06310210698574305 0.9411159168133006 77.31806892252523 -0.13841854076374666 0.9902184334688127 0.01754313516466302 -1.3055524844221145 -0.933017337651458 -0.12444106280697889 -0.33762859702527404 0.4672406120368711
-0.33328594863469163 -0.06175365595214364 0.9408012342781115 78.24222314224878 -0.13649402985099632 0.9905007633219332 0.01666186285213061 -1.301377063573416 -0.9328932716327786 -0.12286058698871724 -0.3385489918860768 0.13846900561232678
-0.3307144154634338 -0.06378426013961241 0.941572909318828 79.10577630425249 -0.1374769792941514 0.9903265309717608 0.018800058978465012 -1.3134092129365995 -0.9336637807952256 -0.12322714884261726 -0.33628412721876216 -0.16702799152873138
-0.32777725447725603 -0.06497798901573423 0.942517868472966 79.89771553352986 -0.13912807236432087 0.9900749811992628 0.019872369850318754 -1.3186701902429714 -0.9344546275381918 -0.12461698338007818 -0.33356432142198444 -0.4383774272090647
-0.32565954653144635 -0.0688356635290076 0.9429780014292244 80.73242123851715 -0.140143864266141 0.9898436764359534 0.02385777710326964 -1.3144886422179314 -0.9350430776501617 -0.124383068165555 -0.33199893869143116 -0.7258093831637369
-0.32274539139685343 -0.06909168756776052 0.9439606724017325 81.58789017018493 -0.13980168093276174 0.9898725733432282 0.024653165136141644 -1.308679096757991 -0.9361041087082497 -0.12401059330514692 -0.32913594517712474 -1.0227456594754865
-0.323100201138693 -0.07313447509486673 0.9435346355999523 82.48532347058186 -0.1467276365339208 0.9888245718060105 0.026400130110099528 -1.3026237995037853 -0.9349209916893011 -0.12991271972081436 -0.3302202667212226 -1.3301955211243444
-0.32063184406343637 -0.07585666698944576 0.9441615257177836 83.38334101743031 -0.15082231211063687 0.9881593503752716 0.028173186463785575 -1.2865786520727323 -0.9351191639262251 -0.133367403585636 -0.3282762326437054 -1.621832125005746
-0.3195450603505092 -0.0801960347490358 0.9441713564899755 84.2562063536965 -0.14874929571877593 0.9883038801262071 0.03360189802156221 -1.2950305410447156 -0.9358229541044379 -0.12970750378453344 -0.32773672670792897 -1.9203868143548153
-0.3170929080448424 -0.08012588563619798 0.9450036667223469 85.10267038283995 -0.14874795082682635 0.9882944312289439 0.03388457357971316 -1.280611721125479 -0.9366568927801073 -0.12982280097453552 -0.32529971649947825 -2.207742570229882
-0.3125707700703057 -0.07868320244517152 0.9466300583388572 85.9935635627554 -0.14636436092625538 0.9886515167786141 0.033847484721830266 -1.2713257809896996 -0.9385504714975668 -0.12797316915790527 -0.3205399825721859 -2.4941265247606608
-0.3038949747132082 -0.08331898006240918 0.9490552101460791 86.90321394579304 -0.14766969139529862 0.9882486529578758 0.03947482957735619 -1.2534880477856436 -0.941191535548039 -0.12815048766315293 -0.31262748747418273 -2.789464388196073
-0.29901952579258045 -0.0812889624255946 0.9507783273626669 87.7309246631372 -0.1439724955333061 0.9888025708696759 0.039260621128960886 -1.2344241734513033 -0.9433235095791328 -0.12514623617708173 -0.3073746506236609 -3.05767352740351
-0.289253635751378 -0.08439644764271151 0.9535248155291504 88.56766083933222 -0.1466030256851404 0.9882604288004466 0.042998578198815175 -1.219144068504152 -0.9459597703203723 -0.12735212794629155 -0.2982306966812441 -3.3120005316676644
-0.2769402814555912 -0.08656517241422243 0.9569799117182106 89.39937375543785 -0.15007336568767313 0.9876085367389857 0.045906024348159984 -1.1993600391124764 -0.9490953932131755 -0.1309039689435575 -0.2864997129079753 -3.553521458377123
-0.2647694626079983 -0.09078493648874546 0.9600287636196151 90.23162503409232 -0.1513574062009756 0.9871311511189418 0.051604516068908216 -1.179377207772412 -0.9523592112529732 -0.1316441635520838 -0.27510315691443366 -3.786439936758442
-0.25617226797031006 -0.09035311955723596 0.9623991286930925 91.04266478759422 -0.15242498155856046 0.9869416478251174 0.052084630987601764 -1.1460953137168945 -0.9545377908285352 -0.13335103139652865 -0.2665991528599854 -3.9992794295423137
-0.23999141611921931 -0.08965185845179277 0.9666264348057275 91.86102942728904 -0.1541454567876449 0.9866130147857592 0.053234736846195015 -1.1198642035973958 -0.9584588141077425 -0.13622519345368922 -0.2505980812529995 -4.21474475041472
-0.2270326917958187 -0.09213077208063607 0.9695195086700273 92.69500943066247 -0.15481419214026093 0.9862706523361064 0.05746969855906529 -1.0872981766999166 -0.9615033659680571 -0.1370478791384141 -0.2381788320900064 -4.417440855846206
-0.21419602593183568 -0.09131723003045972 0.9725128410332549 93.44122787946708 -0.15597738703148548 0.9860425451900823 0.058233614089245864 -1.0741439060695315 -0.9642567693357609 -0.13921660308536887 -0.22544981751053222 -4.5896768853153285
-0.200413935868542 -0.08720742388285477 0.9758222786601032 94.20754651577265 -0.15515120733316287 0.9862864306077246 0.05627770128688455 -1.0476692109172023 -0.9673481054784476 -0.14012116906017444 -0.2111958825556695 -4.760000623883408
-0.1887867801348342 -0.08609659878645133 0.9782366417813874 95.01564185210358 -0.15822276233924254 0.9858012120938902 0.056227464036327106 -1.0061385182587765 -0.9691878605946637 -0.14416430179354983 -0.19972867837222807 -4.922401060459562
-0.17795081496346316 -0.08608244122655367 0.9802669640288387 95.83292294214802 -0.1579336200616606 0.9857511205518936 0.057893868284176676 -0.9692364126300782 -0.9712829037453808 -0.1445148492133715 -0.18901052682001124 -5.07458476850744
-0.16356811156282292 -0.0896216694079908 0.9824527618426735 96.6063040166257 -0.15983921480073804 0.9851144572147738 0.06325291770602703 -0.9363764530950988 -0.973497251301541 -0.1466883177317359 -0.17545836870716047 -5.207682907174032
-0.15129185293425867 -0.08961202421679387 0.9844188439640352 97.38244982955018 -0.1615699315569215 0.9847308818128839 0.0648093173911894 -0.8930369995566265 -0.9751953304094573 -0.14924736352709544 -0.16346036837044237 -5.3267259644988645
-0.14466139210195234 -0.09114955543258087 0.9852739924404624 98.23848601229459 -0.1637130117548543 0.984229094045685 0.0670159698591714 -0.8456770582150512 -0.975843804825998 -0.1516075492132674 -0.15730231913187603 -5.453469860856324
-0.14191617663675427 -0.08640524809654251 0.9861003660430215 99.06556113976345 -0.1663659680888759 0.9840948792472604 0.0622867024425903 -0.8042752762397773 -0.9757982186244537 -0.15521405136357855 -0.1540338754581203 -5.5752212753751955
-0.1400480607001347 -0.08462854522074567 0.9865214392135384 99.84868024319312 -0.1700483197220051 0.9835929399591807 0.060237010402057284 -0.7696996943893796 -0.9754332932875798 -0.15932023661881448 -0.15214122567493288 -5.690791090661298
-0.13635865567772293 -0.08502292289580013 0.9870042652410469 100.68162412939661 -0.17327716028062204 0.9829983782233842 0.0607389013341533 -0.7297200365738916 -0.9753877909564215 -0.1627430213325635 -0.1487728680260651 -5.809819816449917
-0.1331869283782744 -0.08346441625105394 0.9875702169106921 101.46154041685355 -0.17553025691120144 0.982681688568173 0.059378681877354796 -0.6883665054082633 -0.9754231753540861 -0.1654399896417891 -0.14553088610146203 -5.920362690633719
-0.1307971279494627 -0.0846227879156908 0.9877910179210723 102.28757479072051 -0.17782628893664407 0.982194406793212 0.060596684951834734 -0.6562569857211854 -0.9753306733017235 -0.16772933860689593 -0.1435163638310984 -6.035231054061265
-0.12675755570502567 -0.0884473172301689 0.9879825879773759 103.07237418943757 -0.1800984882134617 0.9815143666700751 0.06476173687809246 -0.6177461282823229 -0.9754471060057092 -0.16972513100606978 -0.140343590128155 -6.1391766604380855
-0.12318238044833629 -0.09262105164620749 0.9880523477726432 103.86049023878033 -0.1837651853732662 0.9805449497827331 0.06900694240659291 -0.5795070371642314 -0.9752212353060258 -0.17306918341382527 -0.13780638577606363 -6.239697638233318
-0.12219412751835967 -0.08884215595894923 0.9885219605676916 104.64825544195132 -0.18909530832370647 0.9798258464240134 0.06468597258624323 -0.5411592648319323 -0.9743262079868269 -0.1790206189354499 -0.13652859929692085 -6.3373817245500526
-0.12065707649473056 -0.08664912466778309 0.988905353957623 105.44336183279808 -0.1931638739357756 0.9791910742475446 0.062229879640438954 -0.4939456332727619 -0.9737194604699387 -0.1835123137782495 -0.13488381294241636 -6.429233104154238
-0.11318683284194025 -0.08876842045234243 0.9896003781333185 106.18628603790141 -0.20038213125129925 0.9775744251165182 0.06477070968652396 -0.4696958542634859 -0.9731576143392178 -0.19096704136710355 -0.12843615832427097 -6.529268764761711
-0.10864922978589647 -0.08899235054259183 0.9900887366351745 107.04085443438466 -0.20470773101567233 0.9766412272082732 0.06531966150810252 -0.43396726542024 -0.9727744290067182 -0.19558188786802932 -0.12432873927065685 -6.630605463676249
-0.10425785798957526 -0.08795596561490764 0.9906533435870366 107.84967553667762 -0.20902224506098321 0.9757723957101379 0.0646369309277973 -0.39915733795134245 -0.9723373900643193 -0.20032967798817963 -0.12011669326142976 -6.7217807431515295
-0.10004767831101224 -0.09236139145277775 0.9906865475181761 108.6214747593286 -0.21087851534721638 0.9750309305763232 0.06960557581417913 -0.36125529866909833 -0.9723788941711613 -0.20195063205738267 -0.11702661399055181 -6.800191998120259
-0.09405007493593331 -0.09540519841069461 0.9909855859298669 109.41177735990154 -0.21097373169746025 0.9747007014944528 0.07381481585609939 -0.3231004962437427 -0.9729566629291324 -0.2021296381593699 -0.11179866474770084 -6.882902719362305
-0.09055953957321006 -0.09226180825491442 0.9916081527144791 110.08766196897624 -0.21694912639604247 0.9736139108045921 0.07077449571548902 -0.2804059551789844 -0.971973274503102 -0.2087192167130789 -0.1081861461851591 -6.95794965178698
-0.08730701144058023 -0.09447519452844166 0.9916914456483568 110.94820382442488 -0.21547203266233805 0.9737178160411726 0.07379307463691902 -0.2316845409840468 -0.9725992437246056 -0.20723911875614287 -0.1053691547062165 -7.037293439960143
-0.08103425503399259 -0.0952750787927317 0.9921472213699563 111.74829480104819 -0.21677380223888668 0.9732778914685978 0.07575793451076258 -0.18450914645015226 -0.9728527988210665 -0.20893253777111814 -0.09952198996472278 -7.111647360155019
-0.07722601234179766 -0.09626539520110883 0.992355337923145 112.58744990007823 -0.21677070101316287 0.973138868474321 0.07753196661236328 -0.1488657209194964 -0.9731631960776398 -0.20912607764526403 -0.09601915146813439 -7.18308550143302
-0.07130763074009772 -0.09638870644506853 0.9927862000793929 113.41567624089268 -0.21936412050074017 0.9724669646844797 0.07865993411064844 -0.096826546571835 -0.9730337118698255 -0.21217261809008536 -0.09048853904019105 -7.247952140387103
-0.06290407013106453 -0.09781953186039802 0.9932141849307021 114.22289601841226 -0.22152772923079525 0.9717278200384944 0.08167318375748023 -0.04628779224791237 -0.9731230873547261 -0.21488690734860566 -0.08279537370746132 -7.314280080663553
-0.05751399507695504 -0.10043833111735284 0.9932795588416431 115.04288022310544 -0.22431221976111382 0.9707878955064706 0.08517564208128803 0.0027907329652954588 -0.9728186719199677 -0.21790595122776912 -0.07836343524496187 -7.373195444481962
-0.05417328620838785 -0.09977682594516127 0.993534015555428 115.81204515208772 -0.223859021546952 0.9708819466949403 0.08529586188019139 0.05995283744126017 -0.9731147894947572 -0.21779079545782554 -0.07493180820200601 -7.429810674226396
-0.0493608664305607 -0.09904059903476638 0.993858372509916 116.52095345179066 -0.2274855596463508 0.97003228093099 0.08536799226997978 0.10792786103233663 -0.9725296011009695 -0.22187459001574605 -0.07041193995150041 -7.476528363013176
-0.04800453534993476 -0.10152973941804556 0.9936736268008429 117.33673036218428 -0.22655050022121803 0.9700008159790069 0.08816625119384817 0.15948449243364976 -0.9728157253228141 -0.2208848772862565 -0.06956605171261798 -7.528055976561464
-0.04402915614944952 -0.10326098234828916 0.9936793260067525 118.15212188866774 -0.22806561600373493 0.9694181142383429 0.09063440066228817 0.21843081113250945 -0.9726497356220298 -0.2226335314166345 -0.06623294107431815 -7.571934368402928
-0.03884096161151995 -0.10131934102330732 0.9940954535836564 118.96029767724103 -0.23065565896223628 0.9688885569711164 0.0897381254491347 0.28698603269903616 -0.9722599172493893 -0.2258082268320418 -0.06100244261650656 -7.6151039999936385
-0.03528591561945721 -0.10268915791827124 0.9940874413274384 119.77106214683971 -0.2319162905758688 0.9683940554708497 0.09180298194639779 0.3464998490378107 -0.9720955397101799 -0.22730571962614093 -0.057985959514493424 -7.65136153783134
-0.030302357157124538 -0.10344557855630003 0.9941734151685383 120.5265985254475 -0.23454034256625922 0.9675963535563863 0.0935314080578647 0.3988240500606807 -0.971633981939508 -0.2303395512315186 -0.05358261172095652 -7.6875829232967
