1.0 0.0 0.0 0.0 0.0 1.0 0.0 0.0 0.0 0.0 1.0 0.0
0.999890834471667 0.0005837091610387482 0.01476409235844481 0.008732081390917301 -0.0005825528028023725 0.9999998269028306 -8.26228834699864e-05 0.01207874994724989 -0.014764138030556205 7.40130005150149e-05 0.9998910014348017 0.15227976441383362
0.9993509115114364 0.003198414331917113 0.035882109846311516 0.01871149639843376 -0.0032472695184728286 0.9999938782390502 0.0013033514868629596 0.023792748705944285 -0.03587772152653755 -0.0014190243779787057 0.9993551798374185 0.3217274964314996
0.9980881841142012 0.003944512923673197 0.06167996067939382 0.0420199871257895 -0.004121000358315312 0.9999877701582921 0.002734390223382902 0.031729033575599815 -0.06166842050566366 -0.002983345712776522 0.9980922329928706 0.5318411573868986
0.9958231780561871 0.0028801304736178735 0.09125734433200793 0.08064584122254026 -0.003288503679479892 0.9999852403196798 0.004324914605233555 0.041475446086752785 -0.09124354108442838 -0.0046069503196206705 0.9958179513440832 0.7834505672023846
0.9922470642744434 0.0001965578416078659 0.12428083039537362 0.1332226684414656 -0.0009372474869010102 0.9999821475606643 0.005901366546006813 0.05235468940974261 -0.12427745171951755 -0.0059720955264407054 0.9922295344672655 1.062414678581571
0.9869534642476551 -0.003400288425933076 0.16096986503123312 0.20409440101864607 0.002348835202201687 0.9999746497027512 0.0067218245330640455 0.05925968947866279 -0.16098864053946738 -0.006256036323493421 0.986936431401118 1.3484258090824648
0.9797620389668449 -0.004282937108548175 0.20011997263955228 0.2865747599441588 0.0026846749119016377 0.9999623047724816 0.00825721228529164 0.06859635518001593 -0.20014779419256246 -0.007552846074903569 0.9797366049076766 1.6555064905504355
0.9702948241998879 -0.005686238251157216 0.2418586794503346 0.3870531308361652 0.0031357043155010693 0.9999353582841781 0.010929163350331412 0.0790487062185942 -0.2419051911170043 -0.00984611332676787 0.9702499330394216 1.9969456541295403
0.958807521269439 -0.009316767399318308 0.28390374249449635 0.5109829124739326 0.005049588278531277 0.9998630756632781 0.01575854001445122 0.08752196357221655 -0.28401168781472996 -0.013675809679749873 0.9587232830249987 2.3453635964548147
0.9461231634920741 -0.015897880269350902 0.32341647593573736 0.6427749839037282 0.00961225234354256 0.9997327785990555 0.02102322524010093 0.09391169461191225 -0.32366427684969196 -0.01678179959221714 0.9460231535717362 2.645813225943386
0.931071170442686 -0.02050399519293569 0.36426098027597636 0.7888185395528114 0.01223349310771617 0.9996126455148424 0.024998011384945402 0.10250718534415248 -0.36463244125676836 -0.01881874352730461 0.9309613513326873 2.9536059584657837
0.9124042433028428 -0.02236349552660004 0.4086788113797911 0.9664528674369417 0.011237424869983935 0.9994984868411668 0.029605659670233642 0.11499304679603786 -0.4091359396157451 -0.022419832070066276 0.9121979686694615 3.292990868463772
0.8913018142342426 -0.025833054270494045 0.452673976775566 1.1622802844676452 0.01153204464493239 0.9993442224902438 0.03432399920868456 0.1292203365895707 -0.45326381709668295 -0.025372786256700336 0.891015226485225 3.623352996969027
0.8672115278076272 -0.0318345944560784 0.4969212459066109 1.3917257821405893 0.014188954009383685 0.9991288436725774 0.039245730030392764 0.1480729195928824 -0.4977377217186588 -0.02698355679512804 0.8669077505946082 3.970836395982031
0.8410799985922993 -0.03765769700604238 0.5395983078403593 1.6105030973241947 0.01698878455239572 0.9989205884645753 0.043232385326501636 0.16233254684827175 -0.5406438912698547 -0.027194775192818564 0.8408118856407787 4.2583766168139645
0.8135438370581682 -0.043380347401386896 0.5798832388024399 1.8475956786373777 0.019764212748722063 0.9987001216614219 0.04698343205731555 0.1826336906431275 -0.581167618746172 -0.026762145892960817 0.8133437074620471 4.531332268972175
0.7806772934901165 -0.04815972770616647 0.6230759215827671 2.1167650309376134 0.0213677836262985 0.9985002510710099 0.05040502389673177 0.20079231317207585 -0.6245689563625832 -0.0260363061588681 0.7805355401964446 4.820443125700801
0.7450936517612712 -0.05235064807985963 0.6649021429884793 2.401725723901473 0.022411792590804197 0.9983170069828841 0.05348705564529583 0.2239377296566779 -0.666583199351679 -0.024951216690872753 0.7450129362150196 5.102624227252226
0.7070640493177424 -0.053401187172679374 0.7051303024058363 2.723596138183168 0.018803987119032622 0.9982118136292255 0.05674138876939717 0.2561532676322405 -0.7068994555315663 -0.026860534983523303 0.7068038422572237 5.395036487417791
0.6685633140475138 -0.056129337682087686 0.741533945656688 3.056543635275935 0.017235301093972318 0.9980491718457019 0.060006624420217015 0.2813911409416971 -0.7434554724433776 -0.027337666862390426 0.6682264679466949 5.668078628464141
0.6331452373234367 -0.058662280530044325 0.7718068704654445 3.4031054317555407 0.017259317211689912 0.9979460111125369 0.061691773146528725 0.3094350826532098 -0.7738405678329582 -0.02573899274623778 0.6328572349498534 5.920158413536468
0.5978532639611445 -0.062044423460385925 0.799200828508376 3.8007576318216354 0.01783552247515696 0.9977828757946625 0.06411884987249322 0.34016705351976995 -0.8014071180798461 -0.024079499338679478 0.597634343727462 6.1939325327217265
0.5644565052831829 -0.06321694843981943 0.8230385598946465 4.2197198759261845 0.01644960111119494 0.9977266052695595 0.06535313122233244 0.37835111699853113 -0.8252988938964955 -0.023350344049671783 0.5642131664238113 6.463655266227683
0.5330940776599279 -0.06430172774949046 0.8436089094908501 4.636023165165412 0.016811501546847272 0.9977158914514892 0.06542456236690262 0.41646116590662574 -0.8458889275665282 -0.020695114244448812 0.5329574415155098 6.715921185353953
0.4993910836901386 -0.06451897253829192 0.863970976198502 5.124108284835887 0.01815213890120789 0.9977835481403483 0.06401945730611036 0.4577104597448334 -0.8661864957294708 -0.016287824994785628 0.49945536474527835 6.982046171131582
0.47039788407324085 -0.06318492937933691 0.8801894656031429 5.621547969969849 0.01961927170130919 0.997935608169062 0.06115231905786372 0.49991259218081074 -0.8822363146217279 -0.011497245216692618 0.4706664408209907 7.236742218061602
0.44449872542364266 -0.061796058640547824 0.8936454163891018 6.166314199065468 0.02054247027061661 0.998058488960786 0.05879846535831896 0.5437765237609731 -0.8955439073612962 -0.007778158509993062 0.4449051699387808 7.497732684173205
0.4211738250732135 -0.06150016682449659 0.9048924458485426 6.760445774333788 0.020916590818569548 0.9980916843396785 0.058098931836242054 0.5875523931915327 -0.9067387194234771 -0.005542484329509396 0.42165646629185044 7.771467352840829
0.40477660556187806 -0.06295189454204053 0.9122461063569259 7.374304248685239 0.02319686926029634 0.998013305706318 0.058577699593517434 0.6344926207963367 -0.9141213293903193 -0.0025496287407113932 0.4054327250567719 8.039393857038672
0.3929916122036795 -0.06549483543057581 0.9172066393509559 8.011984940043176 0.025315069275101992 0.9978527726441375 0.060406882008625803 0.6803767033269771 -0.919193526959992 -0.0005202483340143622 0.3938057761594177 8.310132847891415
0.38418803057890244 -0.06733741856093395 0.9207959758933867 8.652507546507763 0.025023490849616675 0.9977297798459277 0.0625228863240993 0.7239716171254303 -0.9229156960771682 -0.0009790148858322897 0.3850008564461251 8.583254196087644
0.37719699383305455 -0.0691977179324128 0.9235443160326704 9.287457810257555 0.024507822116109818 0.9976013689256618 0.06473697067959647 0.7680349965098965 -0.9258087245745916 -0.0017845309165293796 0.3779881227644279 8.84634558405196
0.3666287277724498 -0.07116540042436456 0.9276415588762692 9.991350138973953 0.023699196771541288 0.9974610437870131 0.06715515020984245 0.8150935905172376 -0.9300654407321771 -0.0026366474475342933 0.36738443631419493 9.127221263010963
0.3562769498925694 -0.07300809099489042 0.9315237804932998 10.691242441461844 0.022762476260851087 0.9973250552932307 0.06945936768232579 0.8587609234342268 -0.9341031017236382 -0.003542983719428544 0.35698577368943163 9.39519624685194
0.345318657825002 -0.07469592728340416 0.9355081736709797 11.38485010976259 0.02316894356583244 0.9972022357676318 0.07106969138866548 0.9059938760895915 -0.9381994588636166 -0.0028669543612131546 0.3460831633591965 9.651834453010096
0.33459003550825483 -0.07584084107402622 0.9393070184789261 12.134364224668534 0.02254725581686961 0.9971152061984829 0.07247680196370353 0.960096639899128 -0.9420940130335793 -0.0030712201063348987 0.3353348150928338 9.91556391483457
0.324972010707189 -0.07830021379942215 0.9424766674968095 12.885517825637214 0.020747925846890187 0.9969171060382875 0.0756690640968817 1.014732889399845 -0.9454960157663166 -0.005035891898246825 0.32559472348736024 10.181752779596552
0.31517733624392297 -0.0815816237106185 0.9455197964035045 13.64453166543613 0.018942319716801444 0.9966406390886791 0.07967825952326249 1.0725102097358492 -0.94884373594493 -0.007202443311053665 0.3156638870197531 10.439298763008985
0.3035084287306116 -0.08575697720292332 0.9489617350296548 14.44695569125654 0.019313540175406874 0.9962906186587217 0.08385696356603076 1.130665993670095 -0.9526329937889871 -0.007123484655627087 0.30403887105268773 10.69826570494923
0.2924041568035867 -0.08883106501895749 0.9521600973426586 15.24959379537043 0.01873462822625918 0.9960173263937947 0.08716937093142861 1.1904143496424082 -0.9561113025109614 -0.007650320970710001 0.29290382346401317 10.945410832584223
0.2779182448003194 -0.09065577448874618 0.9563174053414252 16.03942024733377 0.018257604298094865 0.995855518152611 0.08909796209953011 1.2516981936817595 -0.9604312099741472 -0.007301884471882257 0.278421574937639 11.170053245604228
0.26480187660182136 -0.08991547014854205 0.9601016479394879 16.827395852703788 0.01651605615929108 0.9959201369181083 0.08871471563365033 1.3118606276196683 -0.9641613900364903 -0.007634730445991049 0.2652065701560204 11.383972130830761
0.24799684284693785 -0.08945140050009914 0.9646222125197627 17.598174315570585 0.01575769917781515 0.9959686550133937 0.08830703905936961 1.3732923918262994 -0.9686326759172296 -0.0066996402427599855 0.24840663027794746 11.579456874341467
0.22723350648142054 -0.08871486328836742 0.9697910117978434 18.4217794115185 0.013375018465568274 0.9960323155044504 0.08798144890764834 1.4385218894747778 -0.9737484492481641 -0.007021360450062582 0.22751847855553703 11.774092542428573
0.2041058991684221 -0.0876123986610517 0.9750204354399485 19.235326136363373 0.010021055328458657 0.9961219491453858 0.08741075952593916 1.50587080763455 -0.9788975229178762 -0.008070317940114959 0.20419233480616156 11.952099522772679
0.1802992759608424 -0.08768860286305286 0.9796952995783544 20.037596739630498 0.007089826237829076 0.9961082304419957 0.08785287479435752 1.569849143774248 -0.9835862470835556 -0.008893940276472764 0.18021928968466483 12.107379713541151
0.14786893414578783 -0.08819190568510903 0.9850669855833244 20.847973848760173 0.004178287999865457 0.9960630438332312 0.08854916498233449 1.6343427843304397 -0.9889981396463691 -0.008977777080510882 0.1476552718148384 12.237067921685506
0.11591315609674269 -0.08843969417849623 0.9893141870696621 21.643381347260604 0.0037793714901356926 0.9960601225212227 0.08859993608432574 1.700906949345693 -0.9932521616361235 -0.006530912388106019 0.11579071892231763 12.333683035888951
0.08167170242894506 -0.08794503026627128 0.9927715772894703 22.45679174264325 0.0028822290517819954 0.9961159354659659 0.0880041809600938 1.7662027424508708 -0.9966551187738169 -0.004326056198028672 0.08160796198729992 12.404490197757756
0.04834708804867449 -0.08642632004069198 0.9950844437943133 23.30267375002441 -3.239145676462579e-05 0.9962493259266029 0.08652906761073469 1.8390104192177459 -0.9988305952602811 -0.0042156606852842005 0.04816295440459717 12.450756959953857
0.016947186344679788 -0.08420000422754037 0.9963047486402345 24.102860217561332 -0.0037621431014233514 0.9964354286600846 0.0842750425112794 1.906543276917461 -0.9998493082231359 -0.005176465886656649 0.01657000442489892 12.468045778980763
-0.014678424303434745 -0.08085645452821877 0.996617668728131 24.938026352199973 -0.0033228867518221017 0.9967234904720177 0.08081609966406694 1.9699662392205286 -0.9998867447284232 -0.0021253946466306822 -0.01489900714789999 12.456072997886443
-0.04453027336296028 -0.07774318289626339 0.9959784396599046 25.75223922408236 -0.001350874439988041 0.9969711704903854 0.07776027487913295 2.0294324032573985 -0.999007122042915 0.002117244480230998 -0.04450042003558524 12.41392751554149
-0.07519764854228767 -0.07325205063541629 0.9944744595671711 26.570132240094082 0.001633290144850634 0.9972877754310279 0.07358277882177501 2.0897141375017845 -0.9971673109448651 0.007157517274721442 -0.07487405377998951 12.346266407331568
-0.10562140718700258 -0.07039864272243562 0.9919113616884709 27.385479466076816 0.0027490781628575905 0.9974664283833674 0.07108563017504574 2.146905045765054 -0.9944026150976737 0.010235006153771292 -0.10516027641624165 12.257244184830256
-0.132134917724411 -0.06705815154798604 0.9889608525259888 28.14613448442367 0.0069887459042518585 0.9976211997182142 0.06857914627258767 2.19788869655965 -0.9912071029551035 0.01597329595789514 -0.13135194276291673 12.147540442183365
-0.1607591796994547 -0.058947280040900746 0.9852318023278269 28.956052864391026 0.00970688882572365 0.9980722220247342 0.06129939585293414 2.2473036727746614 -0.9869459268124489 0.019417976166153407 -0.1598770769995725 12.006769820323173
-0.18610858922181062 -0.04688449562522126 0.9814099230636688 29.7829405839942 0.01096922847552394 0.9986994404494546 0.04979059823498926 2.2944260580059774 -0.9824679481003538 0.020031767668255575 -0.1853522571741868 11.85008024338788
-0.20861369516467243 -0.031947656957721005 0.9774761753642147 30.570646821366203 0.010931962845599498 0.9993276966306593 0.034994955853715336 2.330767281698903 -0.9779370216829322 0.017986160284308425 -0.20812419287565675 11.684007599281347
-0.2312991150082082 -0.017791473907918857 0.9727199920082878 31.375051886905037 0.009802849999328272 0.9997393949741945 0.020616650274043035 2.3568581038576784 -0.9728332968850883 0.014304041135824928 -0.23106443014638645 11.500806811981304
-0.2558870524910628 -0.0076077579764130526 0.966676749687303 32.16036374586966 0.012025501240734088 0.9998666091041861 0.011052208756894694 2.373857008947194 -0.9666318863390269 0.014452889575071154 -0.25576143238491933 11.294918546379277
-0.28126999875282277 -0.003442877643761144 0.9596224957737899 32.96317108680283 0.013332604677936745 0.9998830251755902 0.0074951729941353205 2.383029287530345 -0.9595360490643846 0.014902434674919595 -0.2811911947175282 11.062412406513983
-0.30526076435333516 -0.00428519945361518 0.9522591573789462 33.732927794208216 0.013934375393595724 0.9998627100126415 0.008966287334608386 2.3909993390643107 -0.9521668440608547 0.016006192296081568 -0.30515914352903284 10.817622233209553
-0.3271974127037341 -0.008720295214925533 0.9449157685060328 34.48857171884189 0.015006939994305876 0.9997833591459926 0.014423124722542965 2.393983343541676 -0.944836835052481 0.018899503329962777 -0.32699566342979397 10.557522672893045
-0.3468828152241954 -0.010929086300083771 0.9378447993003866 35.231929920199605 0.019905538284101933 0.9996210944632264 0.01901149783057471 2.3982604640542706 -0.9376972230137813 0.02526306744611817 -0.34653383005913874 10.275157715064184
-0.36229904728689244 -0.011047758183952993 0.9319964309878654 35.97657556808408 0.021103860052550206 0.999576169645256 0.020052634944093407 2.405971871047407 -0.9318229592717131 0.026933772784881065 -0.3619123436105488 9.984956249598724
-0.3740109568291915 -0.008203074510633103 0.9273880060364628 36.73245812196743 0.022870375214173018 0.999575208752626 0.018065104060248333 2.4120381840947904 -0.9271422491232271 0.027966258521970037 -0.3736644728563404 9.67900798256684
-0.3833504307892865 -0.005676249080397173 0.9235855279344982 37.49764667753724 0.023698124430902977 0.9995914406425963 0.015979696258570965 2.419496360583505 -0.9232988931608908 0.028013068208178088 -0.3830592929266147 9.357282448381929
-0.39157966604833616 -0.0044896946736912675 0.9201332554468461 38.27411330138763 0.019104137975404795 0.9997328735040725 0.013008210772713542 2.422659607863064 -0.9199458663691525 0.022672103498080468 -0.3913892929977545 9.034800425301441
-0.40225322008328157 -0.005534235111979838 0.9155117253068671 39.051134599761646 0.01888078733200742 0.9997189147444753 0.014339015721176806 2.4263099494672593 -0.9153337439438985 0.02305349743214632 -0.40203566191793416 8.689602672162717
-0.4113721738413721 -0.005051630446554287 0.9114534632217135 39.81884316179263 0.01995572896634476 0.9996950238207714 0.014547447522124274 2.4277723410687924 -0.9112489799557779 0.024173133388508343 -0.41114590615952334 8.338411404307436
-0.417788749966287 -0.003289589885217742 0.9085382430035595 40.57265942295506 0.021992004189294503 0.999663828674739 0.013732493986911107 2.433423092725778 -0.9082779927716765 0.025717858342979683 -0.41757595669399483 7.985383098211102
-0.4235718602491218 5.91659663899298e-05 0.9058625037523559 41.332717750501104 0.023166813171171755 0.9996736291048296 0.010767267056770695 2.444434421698789 -0.9055662195403441 0.02554665872023615 -0.4234349894088127 7.626946884809089
-0.42450139461858544 0.0009234769482194122 0.9054268127006194 42.095076616675605 0.022070262543153182 0.9997129065645165 0.009327805722835005 2.450425013767266 -0.9051582565928197 0.02394267400798773 -0.42439990443353653 7.275042993442743
-0.42448521948045453 0.0009896413097470625 0.9054343261952844 42.850600325060164 0.024370473813188735 0.9996495959230922 0.010332733274372032 2.4550650421270324 -0.9051068326163223 0.026451956087909168 -0.4243605961565851 6.921684721696036
-0.42264617934809523 -0.00011670000292922714 0.9062947608055375 43.63420207827268 0.022490553908336063 0.9996906783812549 0.010617087289927132 2.4628809129852236 -0.9060156632571831 0.02487034255363241 -0.4225128211000361 6.562101261914065
-0.4162487681013744 -0.0011351693694148911 0.9092500615587503 44.43796566304117 0.02039379974251608 0.9997359980507508 0.0105842871054843 2.4714121305019847 -0.909022032728663 0.022948760140188672 -0.41611572719842943 6.203401616391558
-0.40869985804061376 -0.0020878319461247533 0.9126664598829887 45.22535155707234 0.01872211233816398 0.9997677790778425 0.01067100873186639 2.481054284768371 -0.91247679890898 0.021448283743067682 -0.4085658607584554 5.855792579383739
-0.4034403056857506 -0.0032070851453511896 0.9150003466409501 46.04311227616318 0.016218171073031674 0.9998117007021018 0.010655236563165457 2.4903459801504124 -0.9148622249690027 0.01913838404990367 -0.4033123251039129 5.501193727881644
-0.39825319287127586 -0.004712504452371721 0.9172634227252392 46.879122620307655 0.01293124260211623 0.999858586580477 0.010751269974102603 2.495673857898209 -0.9171843747756498 0.016143083443915 -0.3981359359870989 5.150808001775625
-0.3970883314402751 -0.006490609012344177 0.9177574456405282 47.739230870638366 0.009468352784331198 0.9998928052155136 0.011168185788320502 2.5054435326647657 -0.9177315551562613 0.013124407525670364 -0.39698431026625025 4.79093218305414
-0.3975433403530429 -0.007988010490676942 0.9175486277191776 48.60416078917417 0.007152769229734887 0.9999047466692725 0.01180404509498098 2.5131844254299276 -0.9175555189923339 0.011255633107871893 -0.3974483366301212 4.428554987305939
-0.3985693638719398 -0.008814107873478812 0.9170958366959869 49.491851408097574 0.0065255165391756 0.9999012533832279 0.012445927709390753 2.521549542161269 -0.9171149763342732 0.010945089540296767 -0.3984724898890019 4.054984362683194
-0.4001023436760069 -0.009412548799897976 0.9164221289940877 50.397067562956664 0.006627763588632507 0.9998913917894554 0.013163486436321476 2.5275623511034464 -0.9164464999850128 0.011340570992483643 -0.3999965051282132 3.6655839501418113
-0.3994100266521137 -0.01006257426163104 0.9167171729650246 51.31938298613625 0.006509471766869929 0.9998834261661951 0.013811620305656889 2.5360856640425946 -0.9167492881846563 0.011483844190011937 -0.39929796385098865 3.2658679919329714
-0.3995311613056448 -0.010734067252738698 0.9166567683413333 52.23824742940857 0.0065601695742771166 0.999872363275169 0.01456781842574129 2.5409426892723173 -0.9166961412163356 0.011833721255054188 -0.3994097491553482 2.8735216955113336
-0.40073220560537043 -0.011218370596708403 0.9161265455993566 53.17610146920064 0.006207860482557324 0.9998688326805873 0.014959274788188493 2.5467947577634225 -0.9161741984245595 0.011681848959575582 -0.4006100005566529 2.4669365153125398
-0.4001869852932353 -0.012135612375099728 0.9163531544738598 54.141753957384495 0.004621715502659411 0.9998728768118226 0.015260077387178678 2.551448171328789 -0.9164218551233513 0.010342007944859198 -0.40008002489994937 2.0535244598237723
-0.40070755334717584 -0.012570384375800627 0.9161197749896924 55.08921886551592 0.004704671536356778 0.9998644625684074 0.015777279820192128 2.5546246692632986 -0.9161939329401035 0.010632117824510541 -0.4005941029450016 1.6445585530345603
-0.3990280956311898 -0.01263113273040176 0.9168516965043437 56.06513110327673 0.003775198739603365 0.9998740097779669 0.015417926092925928 2.5632607892514536 -0.9169309280264369 0.009613483056489068 -0.3989301369564602 1.2284512826148863
-0.39757070060778865 -0.014379155574161022 0.9174588698700376 57.009478437746694 0.0029503533691147337 0.9998520026185592 0.016948990372713867 2.566125071949317 -0.9175668005291112 0.009445249844819778 -0.3974694375950678 0.8286672117425755
-0.39666453629917725 -0.01633111522881205 0.9178183591092205 57.9999573309836 0.005387601569862851 0.9997830969658912 0.020117971334506296 2.5734015327132154 -0.9179478304304026 0.01292492540306786 -0.3964905130156862 0.4020429935317079
-0.39427926646662664 -0.01797853226337006 0.9188147976671871 58.97587881213813 0.006753529487523559 0.9997249365863132 0.022459764178492297 2.5786189631638456 -0.9189658589273054 0.0150606621749277 -0.3940493961178633 -0.015685023857832936
-0.392456976937565 -0.018364267863996333 0.9195870132395557 59.92715461739095 0.007519532972962155 0.999703182224525 0.0231733483559543 2.5854748774131466 -0.9197396250444448 0.016009407108861545 -0.3922023980129732 -0.41961337464133364
-0.3918939226771131 -0.018646470533125365 0.91982142968372 60.8954372060349 0.007292110221978576 0.9997002285143424 0.023372595852467495 2.594979659255246 -0.9199815098670495 0.01586701752156191 -0.3916404719353134 -0.8225432410239168
-0.3896482484557979 -0.01827105598477619 0.9207824992844563 61.857565583928725 0.007155679735804139 0.9997129449288009 0.0228653447230236 2.6030288913999313 -0.9209359579921109 0.01549826619287704 -0.3894056561250329 -1.2253570698968073
-0.3897865976548486 -0.017717992362752857 0.9207347506395588 62.79594245817221 0.004119104761001762 0.9997713532256773 0.020982713010133186 2.6095865063328763 -0.9208959991576818 0.011971383208767117 -0.38962449193992377 -1.6160140501241793
-0.3915905108647582 -0.01597730941074897 0.9200008681434335 63.745446584926974 0.0015132115869043406 0.9998367000008384 0.01800787389247876 2.618539855694313 -0.9201383493754467 0.008443868510780595 -0.3915023870849342 -2.014703146971866
-0.3951562548092188 -0.015497397360003192 0.9184831870863058 64.69435952220033 -0.00042224725053672217 0.9998606430873791 0.016688801998710423 2.6230530000165118 -0.9186138231010957 0.006206857494651615 -0.39510773078697137 -2.415220278456589
-0.3996141283503015 -0.0174477782082193 0.9165173885194026 65.66889984684882 -0.0013124058874661153 0.999828709669836 0.01846155222990579 2.6272010687677687 -0.9166825110220088 0.006174654285689435 -0.39956857688116176 -2.838514035325173
-0.4042089569594796 -0.019742889884725525 0.9144535731313699 66.6130695355792 0.00207506009886501 0.9997446549867486 0.022501532192581553 2.6307331996123984 -0.9146643172439364 0.010992866979422979 -0.40406477653497214 -3.258205311575963
-0.4094921504813254 -0.0209945443452422 0.9120720409057144 67.54283414030128 0.0014207415379462983 0.999719291919877 0.023649922974546714 2.64157327311571 -0.9123125342708287 0.010980276451679042 -0.4093473749047168 -3.667219244064946
-0.4141544156281011 -0.01904831915875604 0.9100072975273179 68.46273267556342 0.001668941709471121 0.9997634238765643 0.0216866528579266 2.6443137616266337 -0.9102051058136933 0.010500372176070513 -0.41402464604760864 -4.078612889907209
-0.41907721912790424 -0.01676885998631355 0.9077957312869358 69.35663942447961 0.0011254642869063265 0.9998190728471732 0.018988283259900162 2.6543620612191408 -0.9079498982532912 0.008979248619941354 -0.418982523926786 -4.487523769983012
-0.42467011885651534 -0.014849210620128804 0.9052263756068712 70.24946302701443 0.0005956427358352568 0.9998606847915168 0.0166810136973256 2.660976172284285 -0.9053479636913779 0.007623119584407133 -0.42460211102593143 -4.9012151773877894
-0.4289866977059863 -0.014147181899210548 0.9032000168487729 71.12841300733272 -0.0004446259488562901 0.9998805374146809 0.015450346504043685 2.6686125005154295 -0.9033106971020982 0.006226406960684526 -0.42894174005018637 -5.314589120398215
-0.4319901920179922 -0.01540279548710019 0.9017467648355836 71.99911833646283 -0.0002773768762891933 0.9998563722978102 0.01694573213324887 2.6737385247886456 -0.9018782606662205 0.007070266377293659 -0.43193241863864235 -5.728608793316972
-0.4362025112665143 -0.02107030904510395 0.8996018070466123 72.92182313791821 0.0019054778452116984 0.9997019522486619 0.024338772039597095 2.6821183308016643 -0.899846508199575 0.012330804797655203 -0.4360323530818261 -6.167527550095624
-0.4373254389072762 -0.02829975709374462 0.8988579332870091 73.80513528802523 0.004437008969477716 0.9994246783524261 0.03362477139780581 2.693778671948429 -0.8992923737227861 0.018693208621982912 -0.43694826983917906 -6.598391611118534
-0.43854786573636884 -0.030510751206184482 0.8981897703263548 74.68680461825831 0.005501831196854481 0.9993136720028426 0.03663215529663024 2.705144526066862 -0.8986909921166213 0.021006642021737514 -0.4380790130551946 -7.020445248613189
-0.4384321018190001 -0.026047407856405726 0.8983867901068762 75.54807049491365 0.004287182922586917 0.9995079697479341 0.03107150580438073 2.722419468451914 -0.8987540888124864 0.017474294100919777 -0.4381047099592886 -7.435761487759225
-0.4382150716909093 -0.02077594621146938 0.8986300189744104 76.3706739298665 0.0032623845508119205 0.9996895038555531 0.024703293871070862 2.7357288288203367 -0.8988642321229462 0.013757032385510857 -0.438011228474762 -7.838349577952325
-0.43841876245493555 -0.017901377608287417 0.8985925269037177 77.22792584129935 0.006668335878464144 0.9997093177746559 0.023169230698163148 2.7457920646154026 -0.8987460831759407 0.016149942236993408 -0.4381719495148532 -8.261606865623317
-0.4356379079806632 -0.01832524541180307 0.8999354413016682 78.09032510923753 0.00832435979683296 0.9996679658916294 0.024385713113721393 2.75509045270582 -0.9000835062171755 0.018114727452794948 -0.43534071540014124 -8.677489314064943
-0.43283905368133496 -0.02056587147185342 0.9012365940966058 78.94094249917063 0.007975851303078617 0.9996132368156725 0.026641369688621828 2.7673629470297394 -0.9014359319464906 0.018719554308205214 -0.43250761713785396 -9.0800760120013
-0.43008155298314066 -0.024846049987833966 0.9024480769460437 79.8096765640053 0.006570594217264015 0.999508591903383 0.030649665625402722 2.787266367234857 -0.902766129778495 0.019111475906349887 -0.4297069541134272 -9.48644000724503
-0.42618235129562104 -0.02969190386033061 0.9041498737981912 80.6878883026966 0.005608382621719752 0.9993552887866994 0.03546199117958864 2.807246959440245 -0.9046198922688493 0.02018409322218154 -0.4257410631972138 -9.890860560632563
-0.42456789820846946 -0.03265367353160019 0.9048070719306601 81.55140936228322 0.00197291879576259 0.9993136846660315 0.03699009638572194 2.828392779682514 -0.9053939514941926 0.017489918355765577 -0.424212087703357 -10.278038845233896
-0.4223854205852839 -0.03504027845707578 0.9057387787671695 82.42722322692327 -0.0022731146973566166 0.9992903053161766 0.03759945013793854 2.856496849596735 -0.9064134759736119 0.013822611430307094 -0.42216530646973033 -10.6661348969949
-0.41972905523945164 -0.03569864640836966 0.9069471466587276 83.2751836753598 -0.00012217878563563697 0.999228454942132 0.03927441796263662 2.8736466893896044 -0.9076494396297183 0.01637380464552235 -0.41940957697850506 -11.054803144200152
-0.4177552932316376 -0.033735601427105424 0.9079330504906735 84.1299769164419 0.0036196033354839556 0.9992406848829067 0.03879371271782634 2.893507689884279 -0.9085523724302536 0.019492636329931617 -0.4173159758267909 -11.443902041066721
-0.41304230911216994 -0.03139492656621295 0.9101705386734888 84.98991896787066 0.00480620140284539 0.9993165698044597 0.03665097191512941 2.915472720177848 -0.9106991552161241 0.019512864990831408 -0.4126091331859822 -11.831185469692853
-0.40637907923285155 -0.030690669069814297 0.9131889874466879 85.83462127991686 0.00855970700273788 0.9992639893028755 0.03739266102499522 2.93661689490115 -0.9136644763685886 0.023012225328074218 -0.405817276748493 -12.207067532397762
-0.3973890584049338 -0.029927433057111 0.9171620821919385 86.6914412360025 0.013203847990306978 0.9991781026817452 0.038324633325795415 2.9548559669291032 -0.9175552270344761 0.02733985866678798 -0.3966672881267009 -12.57818792352342
-0.38643344501046883 -0.030235097515037813 0.9218215833096973 87.5342930242067 0.011267141156246994 0.9992332042370266 0.03749740098153583 2.979056623615688 -0.9222484720006351 0.024876543740259282 -0.38579646637058873 -12.919805793377204
-0.3752221736763272 -0.031926342025649805 0.9263849248916315 88.39558318171366 0.009926958943585336 0.9992109468255976 0.03845697895084236 3.002637733044085 -0.9268817485891848 0.023626096350315436 -0.3746091719425741 -13.26307501828141
-0.3624885178177307 -0.034472215057818556 0.9313504930150156 89.25259984870605 0.011706430279579119 0.9990684719052962 0.04153490020363697 3.027277541186527 -0.9319147138769805 0.02595871402485564 -0.3617473029972188 -13.594238052872038
-0.3497383781954701 -0.036174730080504265 0.9361487358966017 90.08788609311232 0.011485356675823365 0.9990135746736657 0.04289480387848729 3.0517472352327637 -0.9367770030264576 0.02575396127486854 -0.34897790772400067 -13.903464102688385
-0.33817926890765004 -0.0369398008186574 0.9403564394401548 90.92349869602221 0.011755416043248432 0.9989855483288603 0.0434705006152062 3.0777886416468894 -0.9410082849129108 0.025755103291666748 -0.33740195965598374 -14.204140076369837
-0.32309880925773043 -0.036240770782403155 0.9456710664862993 91.75993913469955 0.015017699736206416 0.9989443192896212 0.043413311940333266 3.1015541348848545 -0.9462460716699808 0.028228593519565418 -0.32221346706343174 -14.49516223902305
-0.3093621992856686 -0.033016821762485715 0.9503709376521564 92.60406757196156 0.0159920583824257 0.999075113886104 0.039914544744516015 3.1227943667620783 -0.9508098041784318 0.027546438865543633 -0.3085480675421571 -14.771405940017072
-0.29701190320541143 -0.025518148450389168 0.9545327409020412 93.4555712726607 0.01769088098410916 0.9993242150127315 0.03222027341898213 3.141413164411705 -0.9547098837261012 0.026456329844704123 -0.29635974849301444 -15.040234178386683
-0.2831968804768723 -0.021581449844683798 0.9588189442802899 94.33825086093704 0.014137853868386362 0.9995442090717386 0.026673867345193322 3.1592355950189117 -0.9589575840339157 0.021109598142887882 -0.282762686523667 -15.296790407788798
-0.2702115304461772 -0.02388880176823601 0.9625045734769329 95.24824892390474 0.012510050858832217 0.9995206355529311 0.028319564462997385 3.1760966579549565 -0.9627197034658863 0.019693254021170736 -0.26978315052021595 -15.545634949266548
-0.2560267226569512 -0.02793021065050178 0.9662661230833665 96.1368526309761 0.011576323171433972 0.9994222370952517 0.03195591872178471 3.1881215688005944 -0.9666003859027636 0.019367378050252092 -0.2555554707692393 -15.776897802033913
-0.24463611143384906 -0.027948405639637346 0.9692120818503698 96.97965305917755 0.00959552437031505 0.9994657643906695 0.03124278673603876 3.2005267202272765 -0.9695674803202634 0.016943212008860564 -0.24423723850436624 -15.9798576321017
-0.23804330306321947 -0.022940684878612238 0.9709835790805387 97.85241526438533 0.006714499940028724 0.9996582577987876 0.02526426538112647 3.211860516947493 -0.9712313325656806 0.012533658364294244 -0.2378079183936051 -16.187452207700627
-0.23331530196234312 -0.01710805055137108 0.9722506284269259 98.72946533284909 0.0019348321618812446 0.9998350735159416 0.018057746035347384 3.216697178870121 -0.9723992113811724 0.006094290254286047 -0.2332437208834795 -16.38632918845951
-0.2301660332335856 -0.014918851231905908 0.973037011127242 99.5932451050349 -0.0011670102856080342 0.9998859942004816 0.015054457436508102 3.219712764168898 -0.9731506744756997 0.0023294805503821323 -0.23015720342378182 -16.58182605410199
-0.22660640380063007 -0.015428340883197061 0.9738642123284631 100.47146482129806 -0.0034164498244988236 0.9998809726818565 0.015045542176388604 3.221750584329733 -0.9739804236365035 8.225798852686417e-05 -0.22663214160061423 -16.777341638676198
-0.2218655779195714 -0.01593584913915385 0.974947031405619 101.34481934922117 -0.00556380448130603 0.9998708542204758 0.01507710052065626 3.2224232177024565 -0.9750613875106062 -0.0020793250420037233 -0.22192558886541514 -16.967659202193786
-0.21701535274190548 -0.019714417285189863 0.9759690970647646 102.2170681386317 -0.009867447906181697 0.9997892681313778 0.01800146663865967 3.225470721389793 -0.9761183176982825 -0.0057237295908693815 -0.21716415167666475 -17.155686971525583
-0.21181414975725604 -0.02377080471788793 0.9770208364234999 103.07814612645966 -0.01127569436454888 0.9996970602512412 0.02187798988993513 3.2295697202223543 -0.9772449154020749 -0.006382520512372837 -0.2120180151607433 -17.3366531275324
-0.2073953465355156 -0.026148642989325982 0.9779076739167304 103.92241641869991 -0.012944404800272057 0.9996285315907697 0.02398418674978099 3.2376475603218084 -0.9781715660454356 -0.007684224066127256 -0.20765678433588786 -17.51039811543512
-0.20399467425607964 -0.02689795862307662 0.9786024078741412 104.78177982122264 -0.01894084837917968 0.9995437996360328 0.023525239038936743 3.246808835930503 -0.9787887500057572 -0.013736536356499952 -0.20441108196742586 -17.673314627018648
-0.20134564983429037 -0.02573174760917333 0.9791822131032535 105.64530882548885 -0.025964653243363056 0.9994438320994089 0.020925182446057615 3.255394310080926 -0.9791760649008734 -0.021210932167792247 -0.2019017837509468 -17.84100099186294
-0.19722235243038044 -0.023181126369759074 0.9800846795466485 106.47473523514525 -0.02599553459177629 0.9994925401234729 0.0184090852248645 3.2567377584949084 -0.9800140692271286 -0.021847142095885737 -0.197724875772189 -18.00715464092178
-0.19184489795609283 -0.021090043199064906 0.9811986267856666 107.35454227775564 -0.027656112220126358 0.9994882228865778 0.016075813133346065 3.2563685459444294 -0.9810355113781989 -0.024052076602490285 -0.19232998472943275 -18.17928294461193
-0.18513259946816324 -0.023796940687353274 0.9824253794706665 108.22138328108605 -0.030727305705727966 0.9993581227974246 0.018416706623997497 3.259531418526563 -0.9822330442915406 -0.026777752197117775 -0.18574498294447245 -18.341077331611665
-0.17924421065391738 -0.027526052246028884 0.9834194575026481 109.09231591556482 -0.031652391244003326 0.9992523623892304 0.022200053785487166 3.2646556103186213 -0.9832952959694207 -0.02714834630858516 -0.17998146631561407 -18.494852827111355
-0.1721664561216335 -0.030216020702447288 0.9846043385438779 109.94310884098718 -0.032774732042143845 0.9991517584189641 0.024931517961362344 3.272659355939629 -0.9845224874659204 -0.027977772270167275 -0.17301073935659417 -18.63721526392866
-0.16742235532864003 -0.026773447484568984 0.9855216575225539 110.77480901844856 -0.03594618922304928 0.9991322901097639 0.021036595265390767 3.279921383428091 -0.9852297328118717 -0.03190375165729184 -0.16823948470450834 -18.77171117444033
-0.16336428601943814 -0.024452873794618052 0.9862627271759509 111.62871559287588 -0.03603049482142882 0.9991737482140055 0.018804901565781292 3.2857167908965477 -0.9859076597208699 -0.03246348476612168 -0.16411035512897282 -18.906253136657913
-0.15848909945787176 -0.023809948187775067 0.9870735999510516 112.46837668709117 -0.037027680604141584 0.9991492952397518 0.018155899619273642 3.2908923025955783 -0.9866661827700951 -0.03367153381126156 -0.15923589918321363 -19.034971065032845
-0.152080491075531 -0.025175676043582382 0.988047422733329 113.33999798640619 -0.037934213805582484 0.9990876458003108 0.019618140384470618 3.292670498803914 -0.9876398734646034 -0.03449726576036185 -0.15289675927854474 -19.161483791958563
-0.1437154949914367 -0.026498288401408707 0.9892642201207735 114.21760716957336 -0.03608922419532737 0.9991168531360892 0.02151933262017768 3.2933947566259376 -0.98896078000917 -0.03260911668896008 -0.14454487577365044 -19.28958761332654
-0.13553518156355415 -0.026927989481660145 0.990406531653043 115.09218106097136 -0.03443513548954308 0.9991546744835775 0.022453460789669873 3.2945627779744653 -0.9901739422961762 -0.031061549222342923 -0.1363478791824675 -19.41240656732566
-0.1289552423013064 -0.027286060811275582 0.9912749448908786 115.96144894661133 -0.03404105638003996 0.9991540284051577 0.023074531463852885 3.2989577129815197 -0.9910659675135365 -0.030768464491241137 -0.1297749961637794 -19.528365942238338
-0.12120347320189978 -0.027755330655332817 0.9922395676972422 116.81315480820635 -0.036858340160583154 0.9990454790945786 0.02344340976247316 3.3084911708046025 -0.9919431338763345 -0.03373088082006785 -0.1221107973714825 -19.631967870603674
-0.11508682090666827 -0.02874428929573739 0.9929394691956199 117.65513744240133 -0.04026000828530361 0.9988949155619236 0.02425034839759959 3.3161579654522657 -0.992539246270123 -0.037184855753661775 -0.11611688557705807 -19.72627489642999
-0.11092770172168076 -0.029105258533308656 0.9934021989690055 118.50927113798471 -0.04124267601571997 0.9988448111236234 0.024659378874493026 3.3209497732283544 -0.9929723493964012 -0.03823515682095079 -0.11199993802261288 -19.820630182285356
-0.1060056274362049 -0.029564655197012495 0.9939259218447513 119.38738545705267 -0.042384530168209256 0.9987838009752149 0.025188698099006337 3.3286748886640773 -0.9934618052820535 -0.03945693947310775 -0.10712978751560565 -19.914807844746537
-0.10321519945549634 -0.02847994596487432 0.9942512334813572 120.25232874659373 -0.04374488522024198 0.9987527889080081 0.024067647694450876 3.338723033161813 -0.9936966376205719 -0.041009259031518606 -0.10433232028118539 -20.00157570577787
-0.09831712946910776 -0.030018345513264596 0.9947022876145409 121.12461463413293 -0.045518399729241 0.9986344533495968 0.025637938084821517 3.348995369696509 -0.9941135837212184 -0.04275660786122277 -0.09954925989256724 -20.087848206750756
-0.0931587076414036 -0.032395494958706306 0.9951241063791813 121.97334343751209 -0.04544927672551288 0.9985670435818128 0.028252835563996093 3.3580597694088423 -0.9946134014961349 -0.042595673238709164 -0.094497567088417 -20.163164603674428
-0.08905077200976003 -0.03344085109380502 0.995465554141673 122.85544640614043 -0.045664212053328386 0.9985223941320556 0.029458583712340072 3.3674223700874157 -0.9949797685088952 -0.04283384053421137 -0.09044624018208475 -20.236905037187505
