1.0 0.0 0.0 0.0 0.0 1.0 0.0 0.0 0.0 0.0 1.0 0.0
0.999945745253751 -0.000930624539711001 0.010374993343946022 0.001152643235400319 0.0009219102791764173 0.9999992182981241 0.0008446801632899238 0.0010394317796453834 -0.010375771313882424 -0.000835069522371832 0.9999458215466152 0.3129112422466278
0.9998126023409462 -0.0026763396042242854 0.019172829904532167 0.012574976121072837 0.0026336629512468883 0.9999939988497867 0.002250796275150301 0.0022521124334499874 -0.019178738740712117 -0.002199879709407206 0.9998136508917949 0.6150354578059437
0.9996892815439947 -0.005391835115724763 0.02433656672861977 0.019781224923214324 0.005328978467753103 0.9999822977375246 0.0026469227550100145 -0.004173279733698662 -0.024350407687386864 -0.002516411267182561 0.9997003177551723 0.9012058995951219
0.9996735684640679 -0.006214549439801677 0.02478176526353629 0.025320846993476306 0.006208072711373964 0.9999806725138058 0.0003382780617286528 0.00046992597407924386 -0.024783388540049304 -0.00018432063642915566 0.9996928276617654 1.227495196108715
0.9997120421147124 -0.008363205864935915 0.022491990540910056 0.03183096055550893 0.008420453502524012 0.9999615417248452 -0.002451741030940639 0.0005248513697841936 -0.022470621122779783 0.0026404277933070393 0.9997440169000388 1.5734214042619072
0.9998686599130893 -0.00976932215022874 0.012931483608939575 0.032788789881595365 0.009798906612375553 0.9999495110010338 -0.00222640472410702 0.0001767764280684801 -0.012909080246290417 0.002352826708160521 0.9999139062207688 1.90688786709738
0.9999544256380718 -0.00880152650936726 -0.0036986183824505303 0.011134006704783525 0.008787759547778485 0.9999544595843944 -0.003722101477963662 -0.001549866218043539 0.0037312101206610788 0.003689429276559803 0.9999862329965593 2.2519101555465393
0.9997391565763515 -0.004227884878921623 -0.022444237511138318 -0.02412534760178002 0.004162649729565363 0.9999869775553442 -0.0029524679434280864 0.0030994654221430493 0.022456427926871005 0.0028582703123754684 0.9997437367323624 2.632183839528991
0.9992031718894395 -0.0008961658601284546 -0.039902608596866146 -0.06032701209050611 0.0007380723661836325 0.999991821159749 -0.003976539046845139 0.002148054664796973 0.03990584587834008 0.003943919416005882 0.9991956610015751 2.9881580392895204
0.998334553039361 -0.00039935207305105116 -0.0576884800078913 -0.10406546765843655 9.625392894698967e-05 0.999986178651728 -0.005256732891764674 -0.0020537074744630085 0.057689781962495634 0.005242425339091455 0.9983207931490177 3.4060762678480794
0.9969234656818058 -0.0017654506332703344 -0.07836125801082405 -0.14945608469208468 0.001347439049448255 0.9999845823580582 -0.005386970780322893 0.0035134807686342012 0.07836956029598147 0.005264810560838445 0.9969104743098915 3.807553823965523
0.9952935533050407 -0.003389018724354026 -0.09684656577035775 -0.2042149992740342 0.002859479494190943 0.9999801973963679 -0.005606085277930406 -0.0018266921183709224 0.09686364708417988 0.005302769767499278 0.9952835347308546 4.205095869069622
0.9936061661223025 -0.0030987600469858825 -0.11285913489793802 -0.2690304107141642 0.0026727858664410274 0.9999887232673599 -0.0039255004557461415 -0.00670592150763326 0.11287002639962444 0.0035987531572913042 0.9936032438132745 4.626710336103211
0.991572044556985 -0.003598489149468543 -0.12950649145475981 -0.3418495098761538 0.003351693103465636 0.9999921282784622 -0.0021235664463128854 -0.009223158642517144 0.12951311364653698 0.0016716031086601289 0.9915763002092307 5.072642626694948
0.9896290880161734 -0.0026822995699601984 -0.14362128470840899 -0.41816921140054986 0.002394784733465971 0.9999947677733433 -0.0021747257338634272 -0.010586884841977413 0.14362636651519536 0.0018082297846680993 0.9896303335825396 5.504291023166912
0.9876018452405775 -0.003139194801681416 -0.15694821035425477 -0.5036226983677298 0.0030635645773988683 0.9999950453392906 -0.0007237879178556766 -0.01631953510176716 0.15694970484039278 0.0002339933055096606 0.9876065691345145 5.9813157298307
0.9858192133147261 -0.0064842270785184 -0.16768551952607286 -0.5834341296314979 0.006117923755505975 0.9999776376070183 -0.0027009803422023537 -0.020519627514302523 0.1676992834464613 0.0016367910927655414 0.9858368380449487 6.433653414731652
0.9843082813355323 -0.005866671898382962 -0.17635982948258874 -0.6830000874414824 0.005040233121161879 0.9999741202985134 -0.005133691001519266 -0.022852561865562688 0.17638538302358106 0.004164239912812511 0.9843123771250535 6.94807014808901
0.9830261061034519 -0.003689056717508588 -0.1834286389297488 -0.7930252253058772 0.0025854810920861574 0.9999770938230924 -0.0062551671955908255 -0.028614046581893243 0.1834475129474576 0.005674741373607734 0.9830131267199514 7.486417364086229
0.9816042140197376 -0.0043782616590620615 -0.1908769180480925 -0.9023494042295442 0.0030291397406752734 0.999968332539644 -0.00735922756243957 -0.035859418271129345 0.19090309408473424 0.006645655929183789 0.9815863914735913 8.022466307798373
0.9792790902046586 -0.007729093015323455 -0.202367795385276 -1.010113748602611 0.005683714389409239 0.9999267453891412 -0.010686404737776116 -0.04717979625023659 0.2024355672273923 0.009314771958583828 0.9792512834531716 8.53990668355014
0.9774250390977866 -0.011542664898532269 -0.21096696383967523 -1.1212594073864965 0.00956771361386157 0.9999003544880837 -0.010379785682172704 -0.05276881579747359 0.2110657523164139 0.008126990934220398 0.9774380799914957 9.06393760121275
0.975039412315509 -0.013431629097842426 -0.22162521465574553 -1.2538404266156165 0.010635442685043111 0.999848138310038 -0.013805349573429736 -0.05925394628519652 0.22177698661114603 0.011103677666855532 0.9750341925040119 9.618438261191711
0.9727783791923428 -0.008750400840868998 -0.23157213878410093 -1.3961646634538494 0.004704352651786786 0.9998265856825304 -0.01801853569360271 -0.06636384326621554 0.2316896502695932 0.016438644942273293 0.9726508504650657 10.171048973620126
0.9703706421674886 -0.0055196455325470534 -0.24155817173643954 -1.5615654502809058 0.0005324720502609083 0.9997854606390074 -0.020706259159102385 -0.07866587275939264 0.24162063921149593 0.01996412302214284 0.9701653985269653 10.770640509037557
0.9673776359960793 -0.00796271661181894 -0.25321355516400956 -1.7139909302615166 0.002273326038450931 0.9997385231612023 -0.02275340185952632 -0.09485771532929002 0.25332852457502675 0.021435495133494294 0.9671427910009059 11.349253687638965
0.963961446312948 -0.008041863370913348 -0.2659203987206943 -1.8802866444388333 0.0015680843090001405 0.99969741863011 -0.024548162780434667 -0.11253477193890267 0.26603734913325483 0.0232464968934765 0.9636823798577685 11.909199200125082
0.9611413114334115 -0.0066196650115114605 -0.2759774619261456 -2.050684060711259 -0.0009226448691077855 0.9996298401104965 -0.027190650729775764 -0.12980377750817185 0.2760552991386097 0.026388686890380077 0.960779427871816 12.475324908511737
0.9585436538151435 -0.00575446398616874 -0.2848876091986916 -2.2429258044868137 -0.00323342940115357 0.9995120266342754 -0.031068529861442536 -0.1419363840038293 0.28492737436936855 0.03070170610365942 0.9580573033891565 13.074781766071284
0.9561653669304917 -0.007203830913474827 -0.29273861361775977 -2.431879591781556 -0.0033874439374561327 0.99935834782998 -0.03565694667386951 -0.17164009205401104 0.2928076438658126 0.03508557314200021 0.9555274387745486 13.701963781895243
0.9542089050577716 -0.008008934451913214 -0.2990338149397053 -2.6347626320136066 -0.005034590638542665 0.9990699875744237 -0.04282304082084233 -0.19263842742048448 0.2990986767031096 0.042367639738203344 0.9532811572130558 14.32033569313256
0.9529442791258205 -0.005758566400695304 -0.30309081113484704 -2.8443904217938716 -0.010177921846129954 0.9986481129716763 -0.05097407542078868 -0.21479644081898497 0.30297460419689437 0.05166028814397928 0.9515973958773829 14.938794180658952
0.9521175231508701 -0.0073903898254547625 -0.3056429358700775 -3.0587459487885 -0.01125768373621827 0.99818236345035 -0.05920501544268601 -0.24976012062518513 0.30552493624244126 0.05981096416963379 0.9503037208698865 15.570866075682966
0.9516183388567382 -0.006807799136739098 -0.30720708166065464 -3.2822056886592095 -0.014384451846829013 0.9976716143290824 -0.06666661463633121 -0.2909505688997581 0.306945638015282 0.06786017855058037 0.9493046778934964 16.210197335140787
0.9512152718785065 -0.005118161382033214 -0.3084855117654092 -3.5098353993262177 -0.018205948784436706 0.997188935467206 -0.07268266925917699 -0.333567672682527 0.3079903407153501 0.07475313642816539 0.948448163380685 16.84429099849999
0.9504924312762649 -0.004212030967440779 -0.31071916078939277 -3.7385895887740617 -0.02128517812318154 0.9966772219601718 -0.07862223869885092 -0.3886967013524635 0.31001786928949693 0.08134355549694135 0.9472445020691947 17.50164689778437
0.9504192754325523 -0.003859570757075475 -0.31094743060497143 -3.9641580002842884 -0.023011473157681598 0.9963086399931307 -0.0827016685330583 -0.44095528456230243 0.31011880463682895 0.08575661833706874 0.9468221213205862 18.151827133958548
0.95068973481055 -0.0022668631641497624 -0.3101352760606915 -4.210385036696339 -0.026345129650365208 0.9957687767644382 -0.08803679551619256 -0.5005470481118718 0.30902259184330155 0.09186623183983045 0.9466074335108503 18.8379169133732
0.9503992039880513 0.0008831669447425961 -0.3110314663744265 -4.46135080590813 -0.030075746086991345 0.9955708579950182 -0.08907365608514208 -0.5576783023966561 0.3095751969331347 0.09401003524736633 0.9462163128569492 19.551417236838674
0.9503443971081957 0.0030515209012520784 -0.3111851781580369 -4.713611399021448 -0.03255730241873239 0.9954395254538256 -0.08966701301748357 -0.6226577100819536 0.3094924053095248 0.0953458933801115 0.9461097249639036 20.267016514188338
0.9491773927544722 0.005077722033065089 -0.31470064159892885 -4.963932006694836 -0.03512665788511711 0.9953323542592412 -0.08988672021260145 -0.6903815653355496 0.3127753107098521 0.09637282450832017 0.9449253323446484 20.989332880252245
0.9479828207290975 0.006610867049445501 -0.318252836655635 -5.211316104605829 -0.03684737085760264 0.9953424884795417 -0.08908199530901756 -0.7546886577770455 0.31618166117500557 0.09617498148795292 0.9438111728902163 21.686376669871052
0.9465770528350076 0.007837812716989134 -0.32238246189581177 -5.460831543165568 -0.038111064964356275 0.9954175688604204 -0.087700686036614 -0.8196153340215375 0.32021778491125963 0.0953017958688268 0.9425381360617207 22.396489658244256
0.9437985495212587 0.010881455850274658 -0.3303420830595865 -5.767911709148906 -0.04153519851571824 0.9954395222306431 -0.08587773207001305 -0.894970028507805 0.32790109058346867 0.0947721029618294 0.9399463406462969 23.24072292466354
0.9406604362354017 0.009414145214050429 -0.3392186869429698 -6.037819648070142 -0.03943611784792272 0.9958748728354528 -0.08171921600245213 -0.9715352740832612 0.33705005015651385 0.0902475014881822 0.937151349657371 23.99616971908312
0.9386767421520199 0.011966692568729674 -0.34459073117516664 -6.282666673159076 -0.0409067031868724 0.996204247669049 -0.07683578958093285 -1.032459351413867 0.3423632798318937 0.08622003940563802 0.9356032756610244 24.632145169635578
0.9364645544563013 0.013618649947607583 -0.35049774695504915 -6.575318538607214 -0.041911606813479094 0.9964315737071365 -0.07326347066466136 -1.090434419087851 0.34824927201829653 0.08329856717329472 0.9336936292197793 25.38210718950051
0.9333887955477308 0.014857875276919917 -0.35855906053007824 -6.880367030519727 -0.044002616110058686 0.9963416811462259 -0.07325997670067518 -1.1559504444083981 0.35615884956214083 0.08415757810778633 0.9306279471010983 26.137802500206526
0.9298684850039238 0.014654488728329772 -0.36760011773205226 -7.202551619768221 -0.044299126484948964 0.9963960579927851 -0.0723359040111392 -1.2180852920565841 0.36521526253591585 0.08354724158552158 0.9271664739593815 26.92852545767426
0.9270773277220853 0.01508648581743677 -0.3745664512064019 -7.529411081537495 -0.045414192612084354 0.9963504224504721 -0.07227300182058688 -1.2840884830916246 0.3721090962783227 0.08401329435539551 0.9243790276929068 27.720989722116858
0.9241359805963426 0.014748550469807473 -0.38177895388074495 -7.868349302663393 -0.04593422547769302 0.9962954735788861 -0.07270059322995659 -1.346810588155069 0.37929241529063157 0.08472195456469767 0.9213899576822707 28.512449770701945
0.9207897739756601 0.01628194430346364 -0.3897192456519847 -8.198842082206017 -0.04740294091083051 0.9963939436535031 -0.0703709474401491 -1.4024956596788245 0.38716812024604685 0.08327068716132241 0.9182411662111561 29.264568691134446
0.9176868291686986 0.016941669129825563 -0.3969431488480377 -8.57032017962824 -0.04733271462365392 0.9966369505598336 -0.06689097775598525 -1.4717072112128933 0.39447496460061393 0.0801733660631228 0.9154024981817851 30.11122074872302
0.913585899412125 0.019738550156483188 -0.40616646098989845 -8.939213244792143 -0.04883652903833673 0.9969177617276426 -0.06140007966961464 -1.5353911769380681 0.4037026106267167 0.07593000717547266 0.9117339722657626 30.920966287931872
0.9099955505906605 0.019380165175282793 -0.414164830837892 -9.29983197486997 -0.04758155668671386 0.9971887949246682 -0.05788352736277847 -1.5927295657501188 0.41187873624219784 0.07238035972877756 0.9083595049081961 31.711572724422304
0.9059473623010006 0.018237221017953685 -0.42299737648051927 -9.686641015662458 -0.04683462528401095 0.9972572082388066 -0.05731124226753534 -1.6542022297253407 0.4207919849692555 0.07173189238605207 0.9043166707522039 32.541657035013294
0.903351678426831 0.018380727574252936 -0.42850658564048744 -10.083953991269281 -0.04693219888000598 0.9973181260770759 -0.05615980863924976 -1.7172832699498137 0.42632512685943674 0.0708428136930676 0.9017916510793025 33.387417566381345
0.9007970962396996 0.019015846947785974 -0.43382368419783607 -10.490294037612916 -0.047055289763974356 0.9974323791396426 -0.0539856346546077 -1.7683869288276093 0.4316832068906015 0.06904380210193199 0.8993789870126806 34.22535574291397
0.8981779552529878 0.019151972918419004 -0.4392147113097354 -10.904384182960232 -0.04712778208908502 0.9974882333462737 -0.05287907422689855 -1.8222632458928039 0.43709876784649687 0.06819403396971228 0.8968245318221465 35.06753730179245
0.8974763205402766 0.017466536550761497 -0.44071665973775903 -11.314905213755514 -0.04592672414950781 0.9974845907015248 -0.053992845099202984 -1.876701675537062 0.43866500895145694 0.06869797241500235 0.8960209810644424 35.895130725379815
0.8968675871707725 0.017485238991792867 -0.4419533883792235 -11.73750527631504 -0.04648070149046421 0.9974114265136208 -0.0548633816768396 -1.93068041325469 0.439850060215332 0.06974749226649019 0.8953587056878962 36.739989160387104
0.8959230304688408 0.017935286862422118 -0.44384710088125084 -12.183609294503079 -0.0472065699061381 0.9973705892165864 -0.05498588476560423 -1.9852846185328714 0.4416938569113516 0.0702156197075981 0.894413944164475 37.622705938591686
0.8954406204199592 0.017919433352457433 -0.4448201762625494 -12.635788029532458 -0.04714492940637563 0.9973878440112378 -0.05472517016768935 -2.0459648746148873 0.4426775925356811 0.06997415613597305 0.8939464002611521 38.51337327315455
0.8948274119219728 0.018203735173084566 -0.4460409475583742 -13.095670489449999 -0.0474334345830728 0.9973890292191518 -0.05445359195618964 -2.1044322848470722 0.44388508891004375 0.06988382086739427 0.8933545093770426 39.42471104719996
0.8943133920177192 0.019012206833681156 -0.4470370150771354 -13.557402754168985 -0.04788637043254716 0.997425501956158 -0.05337849355595792 -2.161169558955583 0.4448712761963381 0.06914408173386856 0.8929214095185656 40.33228616113103
0.8940745685429247 0.017507333654648172 -0.4475758697171779 -14.015837781461832 -0.04682059528949582 0.9974147004841687 -0.05451373326799151 -2.222353700067323 0.44546436192081695 0.06969511120861567 0.8925828217773959 41.23775396426102
0.8934402651288469 0.015470214080808715 -0.44891554341857026 -14.465035581071923 -0.04509493216957272 0.9974467421126594 -0.05537547960482146 -2.2731011382939132 0.44691267574227284 0.06971849916009602 0.8918567099796616 42.129328336592074
0.8931208787595368 0.017380247167226283 -0.44948083711344033 -14.939831898223268 -0.04641294022048515 0.9974804334283472 -0.053652808944979515 -2.334958446952392 0.447415841140971 0.06878017109605736 0.8916772696217588 43.050837351319174
0.8915703901993443 0.018528638867606213 -0.45250296005827756 -15.422420421928189 -0.046161184062648394 0.9976768743927278 -0.0500998940906254 -2.3982170690305074 0.4505234559994891 0.06555565455146808 0.8903544641043842 43.98870148268007
0.8900105187065191 0.018284071674481164 -0.45557323156080554 -15.902293811458101 -0.04392784137918763 0.997985958208582 -0.045764308912768684 -2.4583724641330584 0.4538189301290966 0.060743064966305604 0.8890211801273249 44.91862321755519
0.8875701446369924 0.017609438909565425 -0.4603359056280089 -16.39214126817889 -0.04301554709435998 0.9980713200195853 -0.044758271442671055 -2.5172596849902322 0.45865989693589054 0.05952770628583977 0.8866157855165366 45.85779529984941
0.8837537633729969 0.016965948030245256 -0.4676445683759194 -16.90301697892407 -0.0437413888834596 0.9979621546107937 -0.04645674184796027 -2.572767079643112 0.4659033983806202 0.06151174336675139 0.8826949239716811 46.81351074012926
0.8789693750273136 0.014470772970042836 -0.4766586142028103 -17.38969970350989 -0.04309975864903077 0.9978594233874205 -0.04918314712704336 -2.628607058372466 0.4749265717650355 0.0637743513222563 0.8777115605624302 47.71716170923305
0.8740176399306715 0.014751690007155423 -0.4856702098460973 -17.910905109886745 -0.04420068084552854 0.9978086212179104 -0.04923672649562257 -2.6830486894210654 0.483879597526917 0.06450072143120421 0.8727543709612936 48.65231748481046
0.8690076037233162 0.01548739581645548 -0.49455629127722606 -18.448930830632907 -0.04383968019308543 0.9979891174234792 -0.045779951341971326 -2.742954341598465 0.49285278442109665 0.06146431546132851 0.8679390939537419 49.59457554440913
0.8649835871050539 0.016994897806922357 -0.5015122804951103 -18.993257717066445 -0.044203470600406504 0.9981216908880671 -0.042416310136845305 -2.800201777906203 0.4998494245527877 0.05885799544053733 0.8641101140172871 50.523094226548935
0.8613379932347881 0.01752458471678465 -0.5077299974797358 -19.544166806952 -0.046073892140894586 0.9979810100199623 -0.043716130918979135 -2.8524650294049954 0.50593878866248 0.06104746161832078 0.8604063862830763 51.44671357291955
0.8589940460207046 0.013917700593294901 -0.5117963721160744 -20.084712875089078 -0.04529115112828831 0.9977771186377271 -0.04888285131280523 -2.907622864784804 0.5099783726105004 0.06516992506663388 0.8577149528464308 52.356797557981075
0.8575922732306105 0.011809053297367457 -0.5141945537978537 -20.61666819867458 -0.046756818374354706 0.9973867690228192 -0.05507660949739963 -2.968594065185623 0.5122004420445784 0.07127537610171819 0.8559033402966114 53.24922582033529
0.8550887029145189 0.010212923554986264 -0.518381140031566 -21.165275284978065 -0.046319904710816984 0.9973129019104082 -0.05675774934422283 -3.0337996798890714 0.5164085365053012 0.07254427527724568 0.8532640573403715 54.15257647693822
0.8537040476037759 0.010942655736712308 -0.5206435031673379 -21.73543069321082 -0.04573679070112287 0.9974912942128953 -0.05403021326854952 -3.0954913755796496 0.5187461277747446 0.0699383746945199 0.852062837274222 55.07669134005989
0.8512089399025959 0.012599059481816166 -0.5246757134936517 -22.291141702379324 -0.04605273309051105 0.9976486624803143 -0.05075718694070925 -3.158197744287876 0.5228025309854505 0.06736772188083559 0.8497876815086186 55.96608914509286
0.8480157274042279 0.014356893341199734 -0.5297765620416477 -22.857486386673333 -0.04650031983074135 0.9977933693355594 -0.04739316792145029 -3.2194010113716898 0.5279271221775947 0.06482493134266659 0.8468120700283515 56.86606394267156
0.8457547963991359 0.016042037832663378 -0.5333305517125679 -23.43003477792225 -0.0488972628541897 0.9976721621307968 -0.04753224794420781 -3.271485106704656 0.5313265305376957 0.06627903085770616 0.8445704280966382 57.75408080235396
0.8431416614685519 0.0137581422860703 -0.5375154437008172 -24.023069536862835 -0.04846633139095638 0.9975478410082093 -0.050490787490022684 -3.337305078203057 0.5355027109338963 0.06862228807535406 0.8417409507453889 58.67548794066885
0.8406660947946905 0.0118460677090418 -0.5414242216067522 -24.6008440506768 -0.047995532230371896 0.9974564100497768 -0.05269856674080537 -3.399165975631844 0.5394227896080848 0.0702878419817011 0.8390963432890097 59.56619817461375
0.8382781037981675 0.010514119485966335 -0.5451415173915705 -25.172650997614276 -0.04708720015815489 0.997474740880179 -0.053168946644502134 -3.4601256614277673 0.543205869145221 0.07023955151803632 0.8366563148203272 60.44475591970851
0.8357031452623769 0.010395079634644724 -0.5490830495635067 -25.765864616885622 -0.04714907213591189 0.9974873562188975 -0.0528766411580505 -3.5251737013127715 0.5471537425580616 0.0700779316391691 0.8340934393111378 61.34188587151473
0.8330477138241853 0.010378866016396288 -0.5531037747407916 -26.366268677779747 -0.04681203184622093 0.9975604389172452 -0.05178614082611015 -3.5907433591818654 0.5512169628800687 0.0690322377403993 0.8315012988479491 62.23935154623879
0.8284230289140501 0.009611290116967309 -0.5600204534364424 -26.966563531591163 -0.047061906917596014 0.9975114869743583 -0.052497716821631395 -3.6570142052595354 0.5581222644565889 0.06984594803202372 0.8268138130566987 63.119903320685964
0.8241699534037579 0.008072780801897397 -0.5662850149143736 -27.567532302365386 -0.04676050758923892 0.997454343616619 -0.05383574398423992 -3.7206858185156717 0.564408843690852 0.07084957734852348 0.8224493872288381 63.98594445620255
0.8204091992438562 0.008598959233379624 -0.5717121685744999 -28.198336221481267 -0.04763137083969493 0.9974392894993106 -0.05334900444283805 -3.790360470696362 0.5697894333067139 0.07099944833034387 0.8187179490085708 64.88468612271954
0.8159190356717062 0.007471369648133799 -0.5781178996226756 -28.818351531264405 -0.047399248260468 0.9974149850823745 -0.05400609963207226 -3.8553451833295087 0.5762199566943994 0.071466958580226 0.8141640100977179 65.7488406699853
0.811615550251772 0.006848569123564189 -0.5841517745333598 -29.443237348227665 -0.047524363925818824 0.9973910820990066 -0.05433658236233728 -3.919684774449506 0.5822556426716359 0.07186185671364535 0.8098235858053949 66.61553546672849
0.8060659534411506 0.00648122197711478 -0.5917902267397567 -30.11036185052788 -0.04797019581405752 0.9973653963601281 -0.05441623339561399 -3.992421884950923 0.5898784103665519 0.07225136611226338 0.8042531946335941 67.52817977380573
0.801777359499839 0.00773811487129232 -0.5975727465101672 -30.76086459138915 -0.04910831232853319 0.9973876332702611 -0.0529743585123062 -4.05667711026322 0.595601745677184 0.07181943036383537 0.8000628287631573 68.39266827818022
0.7981838033423642 0.005441415460139411 -0.6023894148137966 -31.414557598447484 -0.04729937859627722 0.99743823547846 -0.05366316418198111 -4.130570286866164 0.6005542314115556 0.07132571347982707 0.7963964199632425 69.26175296590588
0.7940401091626232 0.004145632466408297 -0.6078512307896259 -32.09263684946401 -0.04685263716565893 0.9974193307880818 -0.05440136910849313 -4.1957571852388895 0.6060570397509072 0.07167630223238958 0.7921851881136497 70.14035775507185
0.7903466356300649 0.0030497963221871004 -0.6126523437404209 -32.77270157830991 -0.04684114688671556 0.9973614495108968 -0.05546211308506249 -4.263031503573223 0.6108666814506868 0.07253163290534895 0.7884041220855641 71.00588209276253
0.786860282445421 0.003319899937634374 -0.617122252211275 -33.4392177772664 -0.047997735712613405 0.9972856873120728 -0.05583435545386921 -4.333055926682248 0.6152618249789065 0.07355430746659909 0.7848838452769522 71.85319022826262
0.7834025307720558 0.003550372622524823 -0.6215045210086405 -34.13872299785079 -0.04791565988958055 0.9973524969877273 -0.054699966084922266 -4.405408352740293 0.619664880655088 0.0726318911125604 0.7814985886590768 72.72221069849955
0.7816869547817075 0.003998583187351693 -0.6236581724443246 -34.837851563174176 -0.04873559696721923 0.9973132894411225 -0.054690440594101955 -4.473759719620068 0.6217638991710197 0.07314515730123254 0.7797816615252172 73.5875575039834
0.7775749867515074 0.005839019336353123 -0.6287631078805301 -35.55620425206448 -0.050538911375635626 0.9973020905529809 -0.05323869472122663 -4.543124211499725 0.6267559001839226 0.07317408032796867 0.7757722575297451 74.46733878645806
0.7738798019633555 0.004343686684044459 -0.633317601602189 -36.27652561422973 -0.05155413733341271 0.9970900078778191 -0.056157698617542204 -4.612951522382165 0.6312307209229963 0.07610945129352815 0.7718517528559696 75.33189676897716
0.7710552647126869 0.0034265735928179636 -0.6367590104209452 -37.00707085008585 -0.052779594578937876 0.9968884644150147 -0.05854659607831382 -4.685716823958157 0.634577097880889 0.07875054355169418 0.7688369519835669 76.21444830347878
0.7673473240051621 0.004173654086234255 -0.6412181102820517 -37.7610839793973 -0.05503330104327988 0.9967178292618041 -0.05937090708349549 -4.757946587116276 0.6388657293347301 0.08084645597183457 0.7650584490340576 77.10421708705496
0.7651597695634481 0.006428798540851755 -0.643808354707309 -38.48662173102491 -0.055692630290272216 0.9968630080653752 -0.05623587895821413 -4.833085173228386 0.6414272039545581 0.07888481286136767 0.7631175062379745 77.96295454636349
0.7632250708321835 0.005263565481745575 -0.646111279991015 -39.216312211586406 -0.05557705941565931 0.9967955817544042 -0.05753050201073563 -4.912164570216011 0.6437380536521954 0.0798176864693431 0.7610719119812299 78.81688179256997
0.7599150006612866 0.006155823416717568 -0.6499933058178514 -39.972848034525384 -0.057837885902798425 0.9966292349744835 -0.05818029690944033 -4.98147535843758 0.6474441834816741 0.08180631902388685 0.7577095455671061 79.68582989839167
0.757820481723654 0.005314855081326824 -0.6524414684824944 -40.745477749451275 -0.05770164955908186 0.9965946822105031 -0.05890296281094561 -5.0613473670518205 0.6499066372320643 0.08228482062453092 0.7555465380613553 80.57877231938701
0.7551698105961073 0.006175064379641479 -0.6555001340534928 -41.50017793258526 -0.058072699641122175 0.9966542615369159 -0.05751386369126173 -5.132446447588365 0.6529518502314177 0.08149939594998425 0.7530018125736194 81.43442846127179
0.7526008281791772 0.0057933912662224 -0.658451539630407 -42.246920324579584 -0.057634370698050524 0.9967031705012134 -0.057105772274519254 -5.204252157105906 0.6559499010886859 0.08092729162937566 0.750453530027861 82.2775213871634
0.7510443301828507 0.0030468967281930513 -0.660244750467977 -43.015172081451404 -0.05552112729563169 0.9967389313043651 -0.05855687189438055 -5.285368681741093 0.6579132302393803 0.08063633946652315 0.7487642901697598 83.14348520226542
0.7491983473623933 0.00025754721860506494 -0.6623456574771883 -43.81790864956274 -0.05368774323384759 0.9967330072393437 -0.0603401898080463 -5.365193672958757 0.660166238561103 0.08076661407441067 0.7467645489142076 84.04872822818712
0.7477492148915144 -0.003501235564943493 -0.6639720272561509 -44.62548550727391 -0.05036449027020977 0.99680612147483 -0.06197559447176322 -5.444704373928753 0.6620683724125069 0.07978281481512968 0.7451846567873153 84.96068066122365
0.743851067337997 -0.004980151258069214 -0.6683268569446912 -45.43031362465754 -0.04826692501765331 0.9969608512639819 -0.061150347475194634 -5.527695708506257 0.6666002502020707 0.07774483352894623 0.7413500167195611 85.8550274527802
0.7382085472180788 -0.0069882768278590815 -0.6745363628457335 -46.236394790438155 -0.04717106278079109 0.9969637867325186 -0.061952391237854246 -5.615541750325617 0.6729212670515805 0.07755238185210499 0.7356375441878705 86.74448604240419
0.7312996372693544 -0.007139821946331594 -0.6820189612263617 -47.02936343958263 -0.04650465151526443 0.9970962048633479 -0.06030319754832674 -5.692169275034234 0.6804690719769376 0.07581676061190816 0.728844058007721 87.59451453235587
0.7224166227335882 -0.005630491887140314 -0.691435116810902 -47.84339005896683 -0.04760350978949248 0.9971892974340011 -0.05785681410867126 -5.766828507184038 0.6898174606763144 0.07471146260241794 0.7201180933026814 88.4444875673016
0.7149113285907033 -0.005288555744045829 -0.6991951254341079 -48.66830105771571 -0.047742708808263465 0.9972684196918404 -0.056358964158232105 -5.852902746647192 0.6975832753215384 0.07367313121811539 0.7127060009065403 89.28598851078799
0.7079287123127473 -0.0037728105077204817 -0.7062738167198954 -49.51165631169625 -0.05183665434581457 0.9970112859939098 -0.05728400184172865 -5.928486512852256 0.7043790879558025 0.07716386137074441 0.7056173459807438 90.123642993351
0.6991164439955658 -0.005666169412096831 -0.7149853790527385 -50.361790457476836 -0.05061724441720167 0.9970675292420709 -0.05739544144547865 -6.011363264199956 0.7132139176310317 0.0763166866111568 0.6967794995851201 90.96299989593344
0.6912361703489159 -0.005633084797717951 -0.7226069645090797 -51.23417050490011 -0.05116036170044895 0.997078913995103 -0.05671205036873084 -6.081492388299304 0.7208156312067905 0.07617025418106432 0.6889288193898905 91.79536069980942
0.6846143289882756 -0.005112343363649012 -0.7288875664252105 -52.11690271446011 -0.050584610929511976 0.997231284305222 -0.0545065385074837 -6.161037760741715 0.7271481401207346 0.07418645124475264 0.6824602206507474 92.6361147814266
0.675020712660821 -0.00467614689458418 -0.737783959658312 -53.01829639490184 -0.050184326566510784 0.9973729851108069 -0.05223659577560638 -6.240551342068088 0.7360900562064014 0.0722859752744512 0.6730127539153165 93.47132145156732
0.6675444546806116 -0.004964539996522535 -0.7445533925567649 -53.9016549354955 -0.05057034421644256 0.9973663659906997 -0.05199011710254468 -6.317544830607436 0.742850618436167 0.072358035719115 0.6655353284055444 94.26303721652401
0.6600006831698492 -0.0050519233692559555 -0.7512480125002687 -54.80526037767279 -0.05247543565773853 0.9972249840116355 -0.05280776378075673 -6.383247879945052 0.7494300680302755 0.07427522691493325 0.65790406884201 95.04932084278155
0.6515058304152748 -0.0056044927384609755 -0.7586229251716877 -55.70666990558517 -0.05316868671302472 0.997176566586845 -0.053028160474261815 -6.4525958425495045 0.7567781997970845 0.07488314036695023 0.6493683635662182 95.82652847226738
0.6436152919859714 -0.006010522147592262 -0.7653255709469834 -56.640148085649656 -0.05428231696387573 0.9970924073668384 -0.05348047528244649 -6.530662266479521 0.7634217615360767 0.07596449693716364 0.6414176558360687 96.6087095010165
0.6359851630349729 -0.004840840518849251 -0.7716861011204299 -57.60374314663394 -0.05652375952619948 0.9970020943220914 -0.05283832440935491 -6.60454695390133 0.7696284408780667 0.07722298997342 0.6338049169982525 97.40632657431024
0.629967985150143 -0.0030706984595057635 -0.7766150323659983 -58.55652160652907 -0.05854325680122515 0.9969591694622255 -0.05143055034019677 -6.672467705262928 0.774411405371186 0.07786517344847116 0.6278725905746041 98.1768856842312
0.6245656167709958 -0.0005688907327860357 -0.7809721292791438 -59.51294629123882 -0.05970980163528591 0.997037929099545 -0.04847790760300584 -6.740406231374797 0.77868641309332 0.07690932518378323 0.6226816407793269 98.93840582547284
0.6185336927755686 -0.0019430555961857318 -0.7857558752159406 -60.46094607668497 -0.05879641510184765 0.9970789840219503 -0.04874916607416668 -6.815748605732318 0.7835553920895382 0.07635263031949582 0.6166127012726097 99.67933885736572
0.6137555351918447 -0.0030594704821521636 -0.7894902042848547 -61.437625106634094 -0.05961209122910266 0.9969582347302748 -0.05020634205743387 -6.888110968374662 0.7872423652222141 0.07787758242179678 0.6117062534873015 100.43654509061234
0.6095054304056979 -0.004710726709513887 -0.792767897533593 -62.42502849233566 -0.059196287465794556 0.9969203351013142 -0.0514358339268524 -6.9590566444407065 0.790568738223459 0.0782793364519143 0.6073495003936498 101.19160797465513
0.6049891787687396 -0.006749145247336573 -0.7962050882851456 -63.44215857581667 -0.059675890787961226 0.9967673027957962 -0.053793420934691936 -7.034596869733003 0.7939942579335127 0.08005868544776376 0.6026306706872682 101.96376081857758
0.6020306785802053 -0.007816292993356958 -0.7984346984018792 -64.41809573406971 -0.06101195106637447 0.9965783354979083 -0.055759869469834356 -7.11209565111779 0.7961385582141668 0.08228321080305895 0.5994938442925061 102.6948233678308
0.5983589439414359 -0.009877200907636042 -0.8011672828489191 -65.40901103880098 -0.05916585810439416 0.996649331756315 -0.05647575359799717 -7.193870827372159 0.7990406594410953 0.08119452205611649 0.5957696485622765 103.43112719890816
0.5954792281039625 -0.008262642650140067 -0.8033282128950441 -66.38406605108784 -0.05732765168960953 0.9969609106672777 -0.05274924599676643 -7.265521547497636 0.8013226748622955 0.07746400027050408 0.593195835634091 104.15005570718279
0.5951355135878027 -0.007994955550226612 -0.803585590433485 -67.41039493469508 -0.0553679534941848 0.9971664302125168 -0.050926419303659536 -7.342964904942106 0.8017157290414405 0.07480101030718943 0.5930064912499489 104.9054797837065
0.5929330780320634 -0.00886879237034888 -0.8052028995832758 -68.41641697685348 -0.054975449409440255 0.9971604567438722 -0.051465750442237695 -7.421586885851112 0.8033729301748058 0.07478213709332099 0.5907618530627233 105.64402022128439
0.5908043194491126 -0.006979375058848835 -0.8067846952217544 -69.40224752382831 -0.055962041986698366 0.9971997598833655 -0.04960734567820892 -7.493327087306931 0.8048717326238698 0.07445755309131655 0.588759345412626 106.36153323225597
0.5898972307071826 -0.007081571086688308 -0.8074472791179255 -70.36461789649438 -0.05281909999036581 0.9974815367401604 -0.04733631310839422 -7.573384612051031 0.8057489682774683 0.07057219858720838 0.5880375539932488 107.06950599531703
0.5872957940637107 -0.007183787257098267 -0.8093404990952326 -71.35547306672166 -0.05051242221538872 0.9976860008837074 -0.045509766453028844 -7.646403220811773 0.8077946183758653 0.06760944343299742 0.5855739216202088 107.78938455453854
0.5861526831216419 -0.006760941099140244 -0.8101724024828014 -72.34059063055174 -0.0491300848032222 0.997828377464456 -0.043872131175493725 -7.716087863124995 0.8087096307306652 0.06551960624199057 0.5845476151361549 108.51217297277402
0.5837377082625241 -0.007091743310484094 -0.81191132220781 -73.31139284632174 -0.047219698907589806 0.9979728870424704 -0.04266634227576929 -7.783598727674152 0.8105680649936147 0.06324416103431794 0.5822195360064557 109.20932656204309
0.5837106183297077 -0.007521521191267071 -0.8119269306828785 -74.25822317064643 -0.0441037802467084 0.9981871662475653 -0.04095409267222967 -7.847272559690471 0.810763079214329 0.059714385684061455 0.5823207205014045 109.8869551821395
0.5831150621660934 -0.007708060254446529 -0.8123530082926675 -75.20904203272262 -0.04212583244978679 0.9983228194036167 -0.03971098712480642 -7.906482824580782 0.8112966402712669 0.0573771214433756 0.581812364443578 110.56852909456971
0.5814953308579851 -0.008007885164292291 -0.8135103281247007 -76.13976592990062 -0.040725788439367666 0.9984113327087799 -0.03893868095698799 -7.962285186658251 0.8125297473608917 0.05577351068270438 0.580245400808806 111.23613383711314
0.5812385522175278 -0.009387456712014209 -0.8136790651556377 -77.074788588873 -0.03932368604433755 0.9984411601876075 -0.039609308995626015 -8.017773675495448 0.812782500507952 0.055019317513984735 0.5799633450213356 111.90024188885641
0.5820290353824105 -0.010114540487858602 -0.8131050965542771 -78.02897943527756 -0.039280682546248155 0.9984056152591788 -0.04053708669405641 -8.075407320891731 0.812218708200274 0.0555330846402398 0.5807037511156771 112.57368540983555
0.5824802254565918 -0.010459834899084993 -0.8127775703142417 -78.92362427945562 -0.03872000598507324 0.9984250487639894 -0.040597821827552075 -8.137077064026426 0.8119221317888521 0.055118180798259794 0.5811578426356617 113.20828219148717
0.5852902132729545 -0.011540723103833112 -0.8107417455374679 -79.88486909296883 -0.038820575520394036 0.9983531578549688 -0.04223665608541103 -8.196895868103228 0.8098940234148941 0.05619416260834 0.58387831516985 113.89085296097277
0.588385800430451 -0.01195829638695751 -0.8084918979181791 -80.77438474760936 -0.040594172578044 0.9981928757016113 -0.04430683977956055 -8.255910467432026 0.8075606868864541 0.058889575020281366 0.5868370770063946 114.52646103030912
0.5929091142035039 -0.012795974906752603 -0.8051677125423016 -81.650395499439 -0.04184000563934045 0.9980336738010818 -0.04667118904866599 -8.309035070820507 0.8041816935385415 0.06135999499105356 0.5912078778164086 115.16150953049272
0.599540523365699 -0.013653580731275452 -0.8002279303895848 -82.5436123455236 -0.04131091006436058 0.9979937225452703 -0.04797852092226563 -8.371087599267204 0.7992775297429785 0.06182321160736081 0.5977736368848273 115.82644964051818
0.604493104315913 -0.013398068793131806 -0.7964976952804858 -83.42272340501567 -0.04185567876661174 0.9979432616982362 -0.04855253429093199 -8.437190879776308 0.7955100181578464 0.0626876238479369 0.602689034931616 116.49130763007315
0.6102764703195296 -0.012103223966282627 -0.7920960432573557 -84.30858353472009 -0.042770687498879634 0.9979214942798873 -0.048201240078140285 -8.502121100002647 0.7910330575046848 0.06329457499517109 0.6084903439751292 117.16056991260372
0.6173832795542556 -0.011241757010811645 -0.7865821692780366 -85.18356920994744 -0.043626262445660396 0.9978698142964675 -0.048503432259542324 -8.567729198049616 0.7854518669860391 0.06426084823003442 0.6155777026768451 117.83924275529826
0.6241036418311812 -0.010381645003105792 -0.7812725937213506 -86.05274357114817 -0.04447464040576658 0.9978185483110945 -0.048786791318121775 -8.629827326621289 0.7800747724505869 0.06519483179953528 0.622280469959323 118.52475003422954
0.6313316431565582 -0.010932931023681293 -0.7754358950735206 -86.88174782240137 -0.04436045611319565 0.997754332386249 -0.050184082515275716 -8.692054997662117 0.7742431829100401 0.0660814892666788 0.6294288923251207 119.1891592817858
0.6384448509964546 -0.011150887925568394 -0.7695867916840742 -87.7298672758428 -0.046927672221687824 0.997470786866636 -0.053383732798560846 -8.763969500887109 0.7682356186847685 0.0701974860385023 0.6363068026808338 119.88084840325855
0.6454992081481312 -0.010489559835647477 -0.763688903556016 -88.55899651522193 -0.05038874990287449 0.9971423108481179 -0.056286639619903656 -8.826203343703174 0.7620969401351517 0.07481431046885156 0.6431260162563082 120.56779602219228
0.6539738355208589 -0.00896584342834552 -0.7564640349056624 -89.3945694366206 -0.05253557793084453 0.9969775602959301 -0.05723423204558026 -8.895638871038827 0.7546908211351249 0.07717096551160649 0.6515262132688121 121.27721479136258
0.6618773308870947 -0.008351149371414839 -0.7495656456655093 -90.20620936713804 -0.05334855370630189 0.9968776519765731 -0.05821407739645481 -8.967380210445766 0.7477113953091936 0.07851882127140553 0.659365197770498 121.986790449658
0.6723818205874724 -0.0058465748381585116 -0.7401814000001202 -91.01353790847868 -0.05498710294904319 0.9968113170515178 -0.057824014970339066 -9.037382419315657 0.7381592686221229 0.07958024730220736 0.6699163219287706 122.70007406566684
0.6823173626835755 -0.0037764470118840966 -0.7310463425997676 -91.82073455303183 -0.05595125865378875 0.9967838440605723 -0.05737094103189888 -9.11679072413693 0.7289118418818473 0.08004815218226602 0.6799116266814518 123.43533777743448
