1.0 0.0 0.0 0.0 0.0 1.0 0.0 0.0 0.0 0.0 1.0 0.0
0.9997995861852195 -0.0006744092600757249 0.02000831417221285 0.012816359288990498 0.0006783704149280005 0.9999997516301617 -0.00019118889875374885 0.010513518936932087 -0.02000818026318735 0.00020472363024421974 0.9997997953644475 0.14436201751232147
0.9990289400374365 0.0013722648624777246 0.04403741428403236 0.026859581977157584 -0.0014190275510198955 0.9999984620670676 0.0010306426680774042 0.022118124121478584 -0.04403593224272349 -0.0010921321563914436 0.9990293508795762 0.3328452099803696
0.9975856651480758 0.0021893853315618616 0.06941215515269072 0.04624250677736816 -0.002350643190430007 0.9999947248429305 0.002241598292090064 0.028844547103659968 -0.0694068812702498 -0.0023993495330522007 0.9975855491907226 0.5358238097462928
0.9951577170477182 0.0015446142198242737 0.09827885005068797 0.08385659200931006 -0.0019421765275419009 0.9999903138340039 0.003949707395004313 0.033355619390231336 -0.098271797331226 -0.0041214566699412395 0.9951510776983604 0.7493320509613112
0.9912676125354462 -0.0015260912653722045 0.13185670776917843 0.14182179587533614 0.0007253753005997707 0.9999810068342182 0.006120441282841802 0.04329218243396257 -0.1318635437448503 -0.005971349619071811 0.9912498922142574 1.0139432584500208
0.9861203831683979 -0.005201562572208765 0.1659503951384866 0.21126871172086809 0.004069721116620292 0.9999660876225882 0.00715967700440872 0.0510189282442898 -0.16598200887399026 -0.006384931603542912 0.9861081103908298 1.2764515783554735
0.9790564882773194 -0.005660241388495004 0.2035100843435213 0.29070618767565803 0.00405092410439071 0.9999571537975406 0.008323495841436986 0.06100408063030775 -0.20354847770490364 -0.00732476870255441 0.9790374686330807 1.5820878780229248
0.9692094303758219 -0.007119116357330602 0.24613491880037264 0.393759321208988 0.004526368074043889 0.999928170567237 0.011098004240271825 0.07172772090465494 -0.24619624705229265 -0.009642193129656917 0.9691720363532045 1.9159314208240004
0.9567464301498129 -0.011236126694162933 0.29070606779443436 0.5192383669428046 0.006974807514222 0.9998525679508465 0.015690583871786675 0.08112770717093384 -0.29083950979144685 -0.012984291240215577 0.9566837448839927 2.253974645933314
0.9438095991336113 -0.018118881108686438 0.3299926464796166 0.6501608652400571 0.011990297276048775 0.9997159379854738 0.020597963711404023 0.0871238288335883 -0.33027212015924673 -0.015483845943228228 0.9437587494483547 2.538045995452625
0.9288559731329094 -0.022336189005159813 0.36976705618002526 0.7933873623034953 0.014329725131045187 0.9995999200248749 0.024385628225095653 0.09496737408915172 -0.37016380178643193 -0.017352076157903056 0.9288044279072024 2.82927483017304
0.9106714902556041 -0.023737096170268236 0.4124487690623416 0.9660673550056362 0.01313306596923057 0.9995067756597359 0.028525917838458027 0.1070980977850723 -0.4129224617454047 -0.02056102321583381 0.9105340657605474 3.1542297936999217
0.8895104832846474 -0.027714320631149418 0.456073477148877 1.162889328439132 0.013997843013274322 0.9993431528043163 0.03342638679404258 0.11969704957438285 -0.45670029616553687 -0.02334907653598023 0.8893141515275849 3.4733499617916754
0.8655420676563135 -0.03387286785922895 0.49968946150606874 1.3886311532979236 0.016859500805702178 0.9991154179998659 0.03852452137971137 0.13910388700137688 -0.5005523812247987 -0.02492007901160278 0.8653475043658699 3.7986510385891266
0.839669417957665 -0.039715857907785646 0.5416437197801566 1.6044707702163967 0.020001759602122658 0.9989073708642402 0.042237353680249515 0.1515291769038188 -0.5427293968078891 -0.02463158670772497 0.8395463577294615 4.07860981646616
0.8118693566202538 -0.04476482634992654 0.582120484180789 1.8460730222841049 0.02241853160019412 0.9987112062808732 0.04553389825058364 0.16762450835909284 -0.5834085680052243 -0.02391729020738612 0.811826586166793 4.341630210262491
0.7795596802594285 -0.04869000262382675 0.6244325332318214 2.1119240358891784 0.023618943663611544 0.9985499434050678 0.0483751591826974 0.1845878048337647 -0.6258824573464518 -0.022962886800833904 0.7795792810328782 4.6208135549039335
0.7438260189145469 -0.0523929634253844 0.6663166146579584 2.3997077696508216 0.02440449331792654 0.9983870872393311 0.0512605573483105 0.20604489644910115 -0.6679275965938458 -0.021867816929691038 0.7439049161627433 4.899834823223965
0.7054236710735416 -0.05350762940689037 0.7067633110769002 2.7219768111646117 0.020747916898423854 0.9982779741474664 0.05486902838949087 0.23866827390496215 -0.7084821580205843 -0.024042044989674608 0.7053190851233295 5.187890495829382
0.6666666374136219 -0.05624035323815374 0.7432312003860322 3.055715311873218 0.019290728509684187 0.9981171378091008 0.05822411017211357 0.26125572577923467 -0.7451063429827856 -0.024478600438269573 0.6664963133937077 5.4580562965328445
0.631103862626611 -0.0581198414227302 0.7735179368384218 3.3963899097942924 0.01861160527585077 0.9980365860228744 0.059804524150452065 0.29345316330875726 -0.7754750303696619 -0.023346455679669562 0.6309464480289667 5.704563455910735
0.5961296572003227 -0.060384488435670326 0.8006142300525192 3.7610394109819163 0.018119268629165887 0.9979256307132134 0.06177481420432844 0.32445862686075855 -0.8026837010370709 -0.02231925451258553 0.5959871869154845 5.959913181398664
0.5623704394199267 -0.06155946487862321 0.8245907598017918 4.170781387581205 0.016502239876353283 0.9978618764883387 0.06324042639194487 0.3594575616205576 -0.8267207297181448 -0.021956951861067987 0.5621838910172267 6.219042308701053
0.5294235300153204 -0.06254122215253194 0.8460492428917983 4.592514588452934 0.016103438211591933 0.9978401208345669 0.06368494744146966 0.3948798302717334 -0.848204813204855 -0.0200920079764308 0.5292871678697608 6.474912669698192
0.4935930916468697 -0.06222070057316818 0.8674643763859524 5.087571185888353 0.016264412746610113 0.9979234634221026 0.06232359127684987 0.43802093805066955 -0.8695408723898452 -0.016653695440354326 0.4935801106929727 6.733276472503425
0.4628707237050916 -0.060411934488667884 0.8843647953803123 5.577424939424424 0.016931654032250314 0.9980954689596941 0.05931908574700509 0.47990678562151134 -0.8862640758986325 -0.012483309395559337 0.4630120460183275 6.971135597052392
0.43800877228135016 -0.059487094506974744 0.8970003350008864 6.098160026581155 0.01803082543215531 0.99818881649071 0.05739317003887136 0.5196148286544736 -0.8987898557164624 -0.008965055493075 0.4382880594325912 7.220603303546772
0.41781661925755315 -0.05934350342356208 0.9065912095722124 6.687656595646522 0.019018465436092213 0.9982171274020843 0.056576183448405384 0.5608001250208481 -0.9083323018833172 -0.006396496114993721 0.41820032782484257 7.481965932829376
0.402018314922908 -0.05978144743738095 0.9136779810244074 7.283907905468213 0.020902206373612387 0.998205488496994 0.05611506485065231 0.6016955950180832 -0.9153930151772302 -0.0034613980946512773 0.40254645258400906 7.73446357112696
0.389906279769477 -0.06163113747886931 0.9187897996219739 7.910542090326201 0.02248033466563952 0.9980974948610641 0.05741102076595521 0.6461893448779629 -0.92058010382022 -0.0017302153417439355 0.3905499696648612 7.995719117706358
0.3791415826880742 -0.06318065197045311 0.9231792163460845 8.549080873742012 0.022002930402883057 0.9979997755980544 0.05926482059298843 0.6853710524483769 -0.925077040754157 -0.0021571098306993886 0.3797733739307039 8.251874307886302
0.3720342392039491 -0.06435114991262339 0.9259856663927699 9.17700042607996 0.021423862611913477 0.9979234992718247 0.060742964299276454 0.7232342689310831 -0.927971736083985 -0.0027602728126741097 0.3726403600299825 8.501439851630444
0.36331876041833355 -0.06588545319291642 0.9293323331218223 9.85905558813723 0.020677548195225656 0.9978208843464711 0.0626571764657532 0.7695080977093275 -0.9314354069546206 -0.0035482135773422484 0.36388939645404605 8.768512629729782
0.35300799085532697 -0.06723954369381083 0.9332010513046659 10.536084432212597 0.019581313421635306 0.9977267614773442 0.06448163767007475 0.8102872305017526 -0.9354153786190226 -0.004489231089978028 0.35352215807110554 9.02274657980065
0.34266016278415495 -0.06948204310727361 0.936886470457534 11.198513646041189 0.020518271674517457 0.9975768635169671 0.06647858228889658 0.8515215693043973 -0.9392353343908159 -0.0035562706997456853 0.3432555018794062 9.262309768070613
0.3311371247930095 -0.07078689645204839 0.9409237056608288 11.92805895290905 0.019958275239027976 0.997484434376154 0.06801816247714502 0.900410769004022 -0.9433715449563349 -0.0037441244598806073 0.3317169119878075 9.523851551308617
0.32158371217474946 -0.07367008006452036 0.9440109296863015 12.654724679017983 0.018246274531755882 0.9972657782454184 0.07161034147573758 0.9501182416665868 -0.9467053340557556 -0.005804036857834753 0.3220486354986358 9.78249243856176
0.311853682993198 -0.07746616169746062 0.9469668812558555 13.38813019634399 0.016424672432116778 0.9969613166819384 0.07614698401981515 1.0013060918715622 -0.9499881633678792 -0.008193096586712884 0.31217841473946456 10.035170132553692
0.30113991806245205 -0.08129639283829233 0.9501082287091411 14.145776452230471 0.016736348568968537 0.9966563839994943 0.07997466392321115 1.0545889757359652 -0.9534330833288289 -0.008182221246986483 0.30149362658196893 10.281013085665986
0.29115082181178503 -0.08420353331205681 0.9529643036001336 14.92285815207823 0.015715810409941564 0.9964055586362837 0.08324047105749857 1.1067127641663097 -0.9565480710667296 -0.009258925233569117 0.29142762402016426 10.525342658203353
0.27839036044346127 -0.08501628001698538 0.9566979875301471 15.685523192318053 0.014709976221464076 0.9963353748390325 0.0842581595095025 1.166625330550857 -0.9603553632961728 -0.009383654748462054 0.2786207515814965 10.745803258029238
0.2662917983853808 -0.0842491334284521 0.9602035001129889 16.449886098494893 0.013547663120015985 0.9964015862067035 0.08366803349399161 1.2179797394847824 -0.9637972499113423 -0.009271597560292305 0.2664749491828711 10.957521289808959
0.2509627966595904 -0.0837109353217022 0.9643703406888676 17.208504744435636 0.012501963168478368 0.9964509203609275 0.0832422022101435 1.2722965706348115 -0.9679159961534528 -0.0088341733866956 0.25111866073799194 11.156335218942065
0.2324783816117783 -0.08237977432201976 0.9691064827281994 18.00007496900909 0.010645784097668275 0.9965623026148428 0.08215987030143508 1.330327239286997 -0.9725432994803442 -0.008783495298336136 0.23255618857865273 11.349569629614484
0.210734135084864 -0.0815111492026267 0.9741391362971212 18.784995143347835 0.00797621524846251 0.9966277217864017 0.08166739959835137 1.3888100172132656 -0.9775108717044247 -0.009440165385931357 0.21067363142344547 11.528452878437172
0.18838142371572192 -0.08170127925715123 0.9786916471323247 19.58641990053382 0.004861870577796731 0.996599014253513 0.08226036107026864 1.4466141570897706 -0.9820839075218178 -0.010738051809858484 0.18813796222455054 11.69209846392773
0.15716582787460903 -0.082238282394826 0.9841421479934886 20.40042308053452 0.0015339292668460278 0.9965458829789138 0.08302981499907962 1.503772445581726 -0.9875710352220204 -0.011539845169062049 0.1567491064216348 11.832954887656127
0.12647160028073012 -0.0830590816228248 0.9884867845765083 21.20479637722356 0.0011871916358240295 0.9965003184055725 0.08358053597347025 1.5629919988368388 -0.9919695181296909 -0.009397040894114098 0.12612759699599174 11.93705203017072
0.09262013190095192 -0.0829212502488906 0.992242700866986 22.01925454763299 -3.142838064351672e-05 0.9965260079540339 0.08328213784151858 1.6225189931068476 -0.9957015166097253 -0.007744787173168309 0.09229576421881541 12.015366643463272
0.06058552310994775 -0.08155224535981023 0.9948259273190801 22.85332478649406 -0.0025591194561956285 0.9966408093942392 0.0818568748340979 1.688701207990007 -0.9981597293505201 -0.007505219968099462 0.06017330285207495 12.070340181809154
0.030319756064659698 -0.07942106941578062 0.9963799506839915 23.645972737575708 -0.006177200961727733 0.9968043217373539 0.07964286756522893 1.752152900156914 -0.999521162647624 -0.008569591506479131 0.029732263972898576 12.099385071646736
0.00026180242962864364 -0.0761789019966963 0.9970941311381114 24.458781310728035 -0.00447216764696292 0.997084104983152 0.07617931022583627 1.8088417059116466 -0.9999899655376674 -0.004479116042757025 -7.96457796620742e-05 12.096892483934708
-0.02790084557469652 -0.07239636870998557 0.996985611036501 25.26824560191355 -0.0017572874984022047 0.997375904221951 0.07237553190197704 1.8642835444440073 -0.9996091509969611 0.00026734818862225035 -0.027954852317283674 12.066855410800233
-0.057711395026261825 -0.06800402725964005 0.9960144814010451 26.097765743625338 0.0008696278392135715 0.9976734988060347 0.0681676868284834 1.9201118686619907 -0.9983329297541698 0.004800214223871328 -0.05751799120154427 12.013123151519677
-0.08626502091760252 -0.0650230012711458 0.9941480551063702 26.905869482315623 0.0027414386997174287 0.9978486116717904 0.06550292129772742 1.971939910809479 -0.9962684531189079 0.008376006827429942 -0.08590117478641107 11.942300009910962
-0.11180311863482789 -0.06160288711110071 0.9918191100009637 27.66404203291262 0.007331936565695488 0.9979983701730408 0.06281318204127896 2.016840262175095 -0.9937033286498156 0.014294664442763769 -0.11112766171725902 11.849564571778652
-0.13889419848019124 -0.05385816248913368 0.9888415949796203 28.485121753652678 0.010818713778095304 0.9983779147748398 0.055897179911247666 2.0644441626801124 -0.9902481290367244 0.018461788189035547 -0.138086224208392 11.725730926932707
-0.16308936393954876 -0.041148982807628395 0.9857528192116374 29.318794161528057 0.011642330534639356 0.9989800364286873 0.043627318925885006 2.1083501642987392 -0.9865426070421468 0.018591611840724897 -0.1624439486704512 11.58769627137211
-0.18449650162195447 -0.02579619976584658 0.9824945785941522 30.07980523201312 0.01306818130626307 0.9995027358160125 0.02869675475820973 2.1362107566925004 -0.9827462864476298 0.01813386814628179 -0.18406764870407427 11.44603834609602
-0.20695623523956125 -0.011375339767514906 0.9782840683260874 30.850550842304564 0.013671100857900053 0.9998011494764649 0.014517661894136101 2.1542969891149837 -0.9782546793636104 0.016378740815853974 -0.20675956846658056 11.288169420481308
-0.2307720562538047 -0.0016004719162041412 0.9730065244087711 31.59403604788448 0.018251850165890836 0.9998155769985347 0.005973437587297 2.1640906205389534 -0.9728366399441959 0.019137671768867385 -0.23070028500492668 11.107395725363
-0.25525140820725817 0.002809791674643996 0.9668706344071876 32.356874122733245 0.02111368345479425 0.999773519960738 0.0026685494724382267 2.1689228698170004 -0.9666441594398545 0.021095351527320044 -0.2552529239102979 10.906589773939947
-0.279692280790707 0.0022754403019741663 0.9600870014938879 33.13438515171367 0.02221687429365661 0.9997447562590056 0.004102783109265163 2.17470984891767 -0.9598326096579094 0.02247764898858337 -0.2796714442577824 10.680899291729075
-0.30226097034380395 -0.0021756993578388607 0.9532227295543926 33.88923733553896 0.0234933955829702 0.999676628430082 0.009731337762411113 2.174021754264278 -0.9529356568891755 0.025335842258909648 -0.3021121131736155 10.442179491630567
-0.32122498379583414 -0.004385507354064868 0.9469927545185409 34.64472253666923 0.029245750623350695 0.9994663664829364 0.014548826065135955 2.173401411128002 -0.9465512114280151 0.03236896035779092 -0.3209253099235286 10.179925446984617
-0.33627716256170603 -0.004098097928849473 0.9417541481367703 35.402239793359435 0.03171163350400893 0.9993741801998908 0.01567227648760424 2.1778643291122406 -0.9412290062678453 0.03513479106472748 -0.33593675627546715 9.904182244189528
-0.3472066302553196 -0.0011486311885487537 0.9377879486073268 36.15167232521515 0.03360099164096357 0.9993419114581983 0.013664456221101006 2.1832966250031514 -0.9371864965242989 0.03625499482095099 -0.3469395424033461 9.62616168726106
-0.3570046542859463 0.0014040545795143689 0.9341015498589592 36.92743548261884 0.03421887322481775 0.9993473194825553 0.011575999233561363 2.1873246835478093 -0.933475626641315 0.036096588118121456 -0.3568196894691139 9.324525873543841
-0.3653076368870103 0.002357345335929682 0.9308838667390233 37.7017062086873 0.029748087088600043 0.9995156118167607 0.009142923445816263 2.1871500981963137 -0.930411404566065 0.031031994095355203 -0.3652008126988062 9.025520901375002
-0.37642230630545737 0.001084189416151576 0.926447554829193 38.479444521342664 0.030122160258340414 0.9994849316227419 0.011069187885945063 2.187359591848068 -0.9259583698941609 0.03207329095046844 -0.3762610812063284 8.708968042976544
-0.385763240145945 0.001606462173091655 0.9225964132985717 39.25552929956027 0.03141625848168791 0.99944142185255 0.011395744309412297 2.184804664317155 -0.9220627642710199 0.033380586643139684 -0.38559823026078077 8.382053803998613
-0.39246201458550967 0.003118625802103075 0.9197629266721886 40.02229436471396 0.033360541186665926 0.9993845264627331 0.010846315438508733 2.187321551092114 -0.9191630113310784 0.03494055580504299 -0.39232450364566673 8.048645965456227
-0.3978058097638781 0.006340487223280412 0.9174477292684728 40.78945895199091 0.034310340976153084 0.999379445154831 0.007970263742339345 2.196217574735889 -0.9168278672794614 0.034648561641051664 -0.39777649371977847 7.712848564734426
-0.399840240848153 0.0073995646921853255 0.9165549782969143 41.54144499097712 0.033928734293420526 0.9994015764695858 0.006732751246915931 2.198560811462626 -0.9159566708025754 0.03378957520408539 -0.3998520249039513 7.389811397193253
-0.4007485034741258 0.007414251841350113 0.916158100893553 42.29493117076738 0.03592997071390371 0.9993251879040888 0.007629287316374184 2.2007221289827523 -0.9154833008677693 0.035974959209022085 -0.4007444673880884 7.062481607292726
-0.39890952409138064 0.005729227540847271 0.91697239191863 43.07923686356618 0.03402127333169608 0.9993844836139039 0.008556101487305921 2.2039260530480367 -0.9163589605335228 0.03460967875546161 -0.3988589043588792 6.726702007719052
-0.3903339571042299 0.004707618055938639 0.9206613059445874 43.85331385061548 0.03212638474735582 0.9994475834640919 0.008510188649635875 2.208425649680525 -0.9201126546974661 0.032899334948094744 -0.39026956892070763 6.408791971483614
-0.3830501953511083 0.0037829859088730333 0.9237197826500694 44.645063541505856 0.030179297708552662 0.9995090240802013 0.008421447147766062 2.2144235763835067 -0.9232344002642539 0.03110305129496682 -0.38297629478708783 6.085417266763107
-0.3774261967406927 0.0028456289465699953 0.9260352954449168 45.48637629829427 0.027953379401234962 0.9995745908721272 0.00832140990880247 2.2201769741971984 -0.9256176719325894 0.0290265340459061 -0.37734518113707943 5.748118943646969
-0.3716809034709136 0.0013566545939978861 0.9283595561437166 46.30596310473985 0.02470018651054018 0.9996593751469991 0.008428194768536578 2.223325574012921 -0.928031899657221 0.02606325323179059 -0.37158780933930763 5.429973340534614
-0.3708729538914213 -0.0003654136557796044 0.9286835405802735 47.16516385350661 0.02162643766288847 0.9997253408002034 0.009029958800068322 2.231139954224363 -0.9284317687724098 0.023433084192609005 -0.3707631876270312 5.095874298407921
-0.3713415603743683 -0.0017530382788749667 0.9284946808654976 48.043721737097755 0.01942695602181306 0.9997646382050382 0.009657203242936212 2.23634092325413 -0.9282930781377484 0.021623946252745715 -0.3712201045606264 4.757545474041729
-0.37247117197839386 -0.0025153195749738465 0.9280403543017286 48.95147583924357 0.018631770680747853 0.9997745090363609 0.010187649503392123 2.241248170780798 -0.9278567147821597 0.021085640814063358 -0.3723403182373869 4.4053611957069805
-0.37408613167518245 -0.0030772855655292614 0.9273888593259283 49.87143388228853 0.01889059944373334 0.9997617304007065 0.010937443889756052 2.2427688285921987 -0.9272015483922331 0.021610477545240078 -0.3739388665534946 4.040974280128791
-0.37346374883638844 -0.0038000475874153915 0.9276369914699417 50.813906430612725 0.018867577351905914 0.9997536313318566 0.01169149963162842 2.248408491808286 -0.927452879034801 0.021868613972995613 -0.37330004137819117 3.664276737552542
-0.3734816144361468 -0.004596769415440558 0.9276261927032411 51.75434373923952 0.018708320593415397 0.9997470108146391 0.012486517039104493 2.250878448595487 -0.9274489109480605 0.022017812746390766 -0.3733011297908453 3.2939974282399938
-0.3747720006007458 -0.005002772720020147 0.9271035108502321 52.70882894271175 0.01831394949528205 0.9997503739488556 0.012798009337692904 2.2553736583708 -0.9269361071938016 0.021775262437804022 -0.3745868272192254 2.907213249818234
-0.37440137316575 -0.00568826311021069 0.9272492951921775 53.679862703823375 0.016661669482696935 0.9997784699366361 0.012860786181571061 2.258136168004723 -0.9271170371326644 0.020264617290927055 -0.37422365604595614 2.522567080681911
-0.3754322427182957 -0.0059074042225495255 0.9268310168001838 54.64172144345826 0.017074088361927316 0.9997659183730264 0.013288489995045021 2.2602303237683823 -0.9266925631697495 0.02081372227860066 -0.37524349738641627 2.1365580477116533
-0.37373029302869565 -0.005867711650111589 0.927518861281363 55.617780743109435 0.01578765541030435 0.9997948821352998 0.012686354587011344 2.266591990679567 -0.9274030504636754 0.019384623185737727 -0.3735609968594369 1.748616037373854
-0.372669323295159 -0.00757609210914063 0.9279332833254135 56.575622927010244 0.014956984664658089 0.9997877322327573 0.014169653722709936 2.2663503234506384 -0.9278436636009697 0.01915967915269308 -0.3724769021164889 1.3714897472018963
-0.37247462346570526 -0.008782144115957138 0.9280008237166646 57.55526362581777 0.01822571135087408 0.9996931489578273 0.01677591644406483 2.269494266826147 -0.9278633942126588 0.02316207830722848 -0.3722002684156127 0.9820583161621714
-0.37048586060138344 -0.010069029816194928 0.9287835279186496 58.51564462296137 0.01966325803073907 0.9996321270386955 0.018680655119934567 2.2698672857671003 -0.928629949645212 0.025183828752871146 -0.3701515789393275 0.5996424761934179
-0.36855415372876354 -0.010140150657109527 0.9295509739190888 59.480368631979 0.021009766668151478 0.999594233161393 0.01923431140012986 2.2741715130059625 -0.9293688317744604 0.026618534428823382 -0.3681915644756637 0.21726621022915532
-0.3679961780521315 -0.010226705692636825 0.9297710618371062 60.460268019402974 0.020954313047641962 0.9995943576549058 0.01928825832411115 2.2797926487018776 -0.9295911626643862 0.026580719236928313 -0.3676326096269511 -0.16295072411041406
-0.36643355499858893 -0.009959768860787522 0.9303909139578568 61.431421897885606 0.020578053071391086 0.9996113745316562 0.01880541514364078 2.2819390234427184 -0.9302166379413386 0.026036568728873423 -0.3660861969344645 -0.539411343821552
-0.3663176836631128 -0.0089109986719117 0.9304471767587674 62.377209847013575 0.018420176846690065 0.9996887401175328 0.016826169117084486 2.284070380889046 -0.9303075038505433 0.023302724838294177 -0.36603952149253294 -0.9081841164436733
-0.36871585478401964 -0.007122394227704096 0.9295148680528756 63.32267851205156 0.01681441955243054 0.9997559264607683 0.014330485047121335 2.2877934131328974 -0.9293900654332413 0.02091313001528212 -0.36850610207560924 -1.280510244149373
-0.37215781843940055 -0.006099457553466535 0.928149424819075 64.258607342241 0.015770239671664004 0.9997925054700648 0.012893624261195186 2.286505809964386 -0.9280354830043539 0.019435601957337633 -0.3719844078203165 -1.6543490304898483
-0.37722051506222004 -0.00799980319838732 0.9260889191459859 65.24353609854148 0.015048281148776165 0.9997777338694971 0.014765909834487995 2.286177088024168 -0.9260012053181469 0.019506050537202897 -0.3770162884303267 -2.0550961172053315
-0.38255763120695396 -0.010626611581740124 0.9238705179469768 66.20171022224048 0.018822509118918848 0.9996366971219159 0.019292146527935868 2.2847448670825323 -0.92373988327656 0.024769919125381856 -0.3822186274251028 -2.454209238135438
-0.38841507070842646 -0.01169178623220137 0.9214103510278516 67.13403098419637 0.018546747999504433 0.9996177611449257 0.020502432593451577 2.2914681853927443 -0.9212978622493438 0.025052619390128723 -0.38804975876359254 -2.8422117545468595
-0.393316910219147 -0.009955302461611876 0.9193490632445117 68.0600611346336 0.018880521882391192 0.9996430514739401 0.018902262650760972 2.2908276743870304 -0.9192090806933492 0.02479236964809194 -0.3929885550217976 -3.231069839430215
-0.3992990805665888 -0.007257567130829205 0.9167920003894112 68.96682514960914 0.01832403315723879 0.9997057497006949 0.01589477348765725 2.2992446671894986 -0.9166375914545122 0.023146095452862586 -0.3990485987918737 -3.6241315651458077
-0.4053315946273517 -0.005640197833990986 0.9141523322538982 69.8587748528216 0.017827495818013957 0.9997420334225675 0.014072917287066177 2.3018311360210366 -0.9139958855430952 0.022001244885309437 -0.4051264820198621 -4.017078482058556
-0.4095976692191622 -0.004994126221880331 0.9122526010231541 70.74632361209582 0.016759451171884453 0.9997750585939481 0.012998192562238851 2.3059167186577363 -0.9121123122547176 0.020612882300827022 -0.40942183492897055 -4.411230278518972
-0.4127858292616635 -0.006173570108695956 0.9108071948512889 71.6187625051646 0.017189349896227776 0.9997461354435733 0.014566774378202241 2.308030165528107 -0.9106659021896591 0.02166914160167428 -0.4125749179135114 -4.806150471300012
-0.41661365082581175 -0.011990442278175237 0.9090045628265913 72.53509503481573 0.019003283081363054 0.9995796591932298 0.021894751866052276 2.312272193925682 -0.90888499887374 0.026395723538485676 -0.4162106733388293 -5.218482055414915
-0.4173949203887179 -0.018938622500564932 0.9085278251168079 73.41622580976923 0.021848037763429203 0.9992846625201968 0.030867887808923255 2.321405203889283 -0.9084625163866606 0.03273364980685162 -0.41668257041870466 -5.62351461646432
-0.41820773236700687 -0.021675234184219648 0.9080927688355992 74.2783764483683 0.022321487897251316 0.9991681381235353 0.034128916431682574 2.3346212937920146 -0.9080771133370219 0.03454295849818231 -0.4173760178204949 -6.018232072821764
-0.41780024491872114 -0.01637469107807018 0.9083913390372866 75.14109662322056 0.022405685207085344 0.9993477852878262 0.028319415790552627 2.351518731157584 -0.9082625945266367 0.03218498924056016 -0.4171608632785767 -6.4167181869731875
-0.41718338394873555 -0.011699305499862868 0.9087470222278052 75.97206174052592 0.020802069544200955 0.9995322486302683 0.022417802095609167 2.3609628102677256 -0.9085842272787704 0.028256153293407617 -0.41674487608283717 -6.799900385056053
-0.4176293380059091 -0.008729783843747643 0.9085755482681601 76.82198894093331 0.02402015073837453 0.999498296366202 0.020644319304974824 2.3658378808284826 -0.9082999330591477 0.030445795031521727 -0.41721012112561057 -7.194341391686731
-0.4145108098799319 -0.008958716275321422 0.910000291151262 77.68331138677482 0.025419654358053767 0.9994474001644282 0.021418110955050022 2.372228831909262 -0.909689303919201 0.0320099313848694 -0.41405402380333894 -7.58767125320552
-0.41118619760546105 -0.011069153436224815 0.9114841659299235 78.54066456454736 0.024375154451028325 0.9994351918395669 0.023133291121175893 2.3834770368392144 -0.9112254181838058 0.0317296573384251 -0.41068414396094577 -7.975750858386794
-0.40914584659162534 -0.014839266780215528 0.9123483284240993 79.399731671102 0.022995266543005217 0.9993825107077788 0.026567179150839802 2.399119308840431 -0.9121792005595385 0.03184954399739915 -0.40855197051748426 -8.353940837772118
-0.40436916725176797 -0.019097347427008124 0.9143964500682209 80.27779503463091 0.022729091690738196 0.9992633629801071 0.03092118685628651 2.414728875007963 -0.9143133844404916 0.033286975334798984 -0.40363722859274853 -8.736431535768029
-0.40284268629664577 -0.02178296978661072 0.9150099848223396 81.15269086520037 0.019331242107989005 0.9992912497951392 0.032300172777112994 2.429672713845518 -0.9150650649958532 0.030700167917205975 -0.40213607959743036 -9.106570625379229
-0.400953513825765 -0.023481364453923244 0.9157974149745972 82.02694031472822 0.014771350459709677 0.9993757759248107 0.03209152069128787 2.450750601641505 -0.9159793048734065 0.02639477255187006 -0.40035637752578196 -9.473029309092265
-0.39892082793744016 -0.023816865464319138 0.9166760223531332 82.88534919816489 0.017290239778377972 0.9992895580457855 0.033487711015612424 2.4630583260298016 -0.9168223495563979 0.02920849362965328 -0.3982256185302158 -9.844015527890313
-0.39649570496856174 -0.021787438763116108 0.9177780033611762 83.7221310073323 0.02087256723180549 0.9992459712033881 0.03273873807818672 2.476153806084511 -0.9177992655688048 0.03213715211312009 -0.39574197600889044 -10.204599056478134
-0.392029017821613 -0.01928702123524239 0.9197506509906328 84.55892335160158 0.023093346946487722 0.9992588320748264 0.030797464948643456 2.488649040520547 -0.9196629526694171 0.03331362082279687 -0.3912930566149166 -10.558760738038105
-0.38538439486232523 -0.01867318458263461 0.9225671684891797 85.41524480396298 0.026898035570894194 0.9991430386371691 0.031459243876985024 2.5048190852597148 -0.9223640083389132 0.036939146178919274 -0.38455186334296454 -10.91913571109384
-0.3772316796823342 -0.01767311503266726 0.9259502799011872 86.28295811438689 0.030945444824567132 0.9990190590108377 0.03167489822730426 2.5176140302114756 -0.9256017714377249 0.04060271835902766 -0.37631473525920167 -11.268976459678255
-0.3668934023369067 -0.01770001233758117 0.9300945870635406 87.13762274688946 0.02931107527228276 0.9991025951486481 0.030575565957463892 2.535500595250683 -0.9298011035635694 0.038480045874272624 -0.3660453440237733 -11.596192775503747
-0.35621297641421296 -0.019640277366063497 0.934198359524952 88.0174482099817 0.027038361882299723 0.9991437670798804 0.03131548645874024 2.5537338854736866 -0.9340135129755079 0.03641417595401324 -0.35537693421034094 -11.928082971382095
-0.34399545339030896 -0.02213661676864203 0.9387103377745628 88.88623060338067 0.029131974622826018 0.9989891807937141 0.034233678033171566 2.5712457241768916 -0.9385192891472026 0.03912271533447172 -0.34300285282120774 -12.248258493980071
-0.33207278851298533 -0.023856878998660458 0.9429520202288416 89.72323630733955 0.029466990339113167 0.998929803230485 0.035650311334675985 2.5887669308114387 -0.9427933811867609 0.03962445636659245 -0.33101441486449984 -12.538634277661387
-0.31910728023101365 -0.024385585881303615 0.9474048168047232 90.58304196050949 0.030120453737703688 0.9989029380362842 0.03585636134794417 2.608925626758977 -0.9472398333950068 0.03997828890416721 -0.3180226948601227 -12.829285390020619
-0.3032557670341771 -0.023352622732224423 0.9526230076856425 91.4313792468055 0.03344379880382168 0.9988229491492686 0.035131589407931 2.62683804916922 -0.9523221367174465 0.04251318929796198 -0.3021178191594023 -13.10300918109676
-0.28989889295672416 -0.0201395710260703 0.95684535299146 92.27932380861708 0.034299708688661404 0.9989176649818858 0.03141701085415456 2.6417486773977967 -0.9564424508805216 0.04192727353433526 -0.28889434381385565 -13.363743624802385
-0.27922809280340594 -0.0132841718304186 0.96013290901216 93.12409578382707 0.03527225964512286 0.9990875678919762 0.024081100124850933 2.6513783403957416 -0.9595767503899308 0.04059017692097401 -0.27850475336809694 -13.613448410378718
-0.2662411676297428 -0.00954763164822498 0.9638591615941933 94.00535004200427 0.031388451420210656 0.9993347520586934 0.018569287687767527 2.6593831794890175 -0.9633952489900458 0.03519795530566814 -0.2657643658689176 -13.849930469412058
-0.2528275174386992 -0.011891860476837079 0.9674382823106515 94.92664129268638 0.02961799653294178 0.9993606917676452 0.02002453572665966 2.668633726669206 -0.9670579200374501 0.03371633734694593 -0.2523136696430615 -14.083955584001549
-0.23803797423196899 -0.01604494798726067 0.9711233096098698 95.8264642771822 0.029019048510240533 0.9992996669327816 0.023623515648446888 2.6718613985633604 -0.9708222379236587 0.033804368240187656 -0.23740565924337403 -14.304394795923645
-0.22707076246545682 -0.016328314141494535 0.9737413696617048 96.6892443939244 0.025460093103491663 0.9994181678344298 0.022696023035610375 2.6781763929756783 -0.9735454034057773 0.029945149185938113 -0.22652292499372834 -14.495552991962413
-0.2208593158966014 -0.011251727332023637 0.9752407708939013 97.58569044938176 0.020924969277889716 0.9996486199307184 0.0162721335825825 2.6817233783557732 -0.9750811803344399 0.024000735460727656 -0.2205462682861345 -14.689983045853111
-0.21595033785716455 -0.005265116807480471 0.9763901526154286 98.48108886216689 0.016765708735129843 0.9998180379686112 0.009099558407156753 2.6760249113797903 -0.976260396917741 0.018334925622975756 -0.21582276968015823 -14.8768808875652
-0.21266557088869925 -0.0029211605350094984 0.9771206792304176 99.36379362920923 0.01428597490409481 0.9998793525021801 0.0060984720103093625 2.670289402605231 -0.9770206066811608 0.015256056533379012 -0.21259818169360506 -15.059652879009791
-0.209523843000201 -0.0035160896842851867 0.9777972163632699 100.24313221562589 0.011915573811488125 0.9999101010672204 0.006148892947836794 2.6646820243664013 -0.9777309334961076 0.012939354584871766 -0.20946311080416258 -15.238130388991255
-0.20539961595263517 -0.0038476056639525536 0.9786706257455391 101.12246021853977 0.00983275615149413 0.9999336870723301 0.005994861499761332 2.656999718969544 -0.9786287930941822 0.010854371865326272 -0.20534816273449835 -15.412389616701136
-0.20132174488730759 -0.007048934177261397 0.979499804779202 101.99314577099939 0.004707050962064865 0.9999555985982108 0.008163608475105 2.6528974020069613 -0.9795138583536073 0.00625406740121324 -0.20127962622722329 -15.585761206120198
-0.19658040204845506 -0.011055117312032386 0.9804253821233337 102.85085073657184 0.002819751736892335 0.9999259244905074 0.011840377187664248 2.6468353530914643 -0.9804836533724619 0.0050921422820919965 -0.19653466756877502 -15.751424578646251
-0.19212560271345003 -0.013906181411061345 0.9812718129552874 103.70492671778435 0.0013814311016008005 0.9998947752258385 0.014440572155628353 2.644646539440593 -0.9813693720664537 0.004129963030467799 -0.19208617590878807 -15.9140943025925
-0.18943210199098715 -0.014314976585014532 0.9817894683589996 104.5638377543175 -0.00408484428990028 0.9998965581279231 0.013790833588311874 2.6443821062738713 -0.9818853256783115 -0.0013980305088686631 -0.1894709812300891 -16.066045824228006
-0.18665313347778295 -0.01316749021138123 0.982337632876018 105.42274393611697 -0.010846589248213261 0.9998768517807322 0.011341638979120935 2.6437341926726337 -0.982366000666048 -0.008538060352641597 -0.18677296983452701 -16.21994314641877
-0.18289577124611112 -0.01074520867303482 0.9830735869459941 106.24581584282474 -0.011464090218817136 0.99989559493066 0.008796242022366257 2.6371222718162 -0.9830654665360516 -0.00966124882373692 -0.1829998600420798 -16.369354182027728
-0.17797284602871288 -0.008312905997424635 0.9840002854015432 107.12147375705642 -0.01324048323819075 0.9998940233198401 0.006052415458515814 2.62748351073823 -0.9839463174787838 -0.011951473680733807 -0.17806405194985175 -16.52527228227653
-0.1711976026973287 -0.010347803777564175 0.9851823708266754 107.99547799162703 -0.017510278768977965 0.9998188623189053 0.007458732383128793 2.621762517385148 -0.9850810986756982 -0.015973900848305123 -0.17134778528935896 -16.6730749935578
-0.16454691686852924 -0.014067542849294021 0.986268937150129 108.86960083563464 -0.018375891283516264 0.9997684803405877 0.011194299308516412 2.6172329270482804 -0.9861980727869013 -0.016281583327660016 -0.1647673246604034 -16.81424042326742
-0.15739940444211042 -0.01651390002211712 0.9873969407423383 109.7466084118734 -0.020072220639383458 0.9997071135035847 0.013520102401058082 2.6170625323698924 -0.9873310151311329 -0.017691193187309558 -0.15768477492686606 -16.948189296669337
-0.15325682513957034 -0.012801052818476853 0.9881034756516536 110.5966676526265 -0.02345762675505732 0.9996814557357989 0.009312722747653525 2.614180450449009 -0.987907933612824 -0.02175132420550092 -0.15350828837605995 -17.07358636245967
-0.14963285766780765 -0.009897386833493513 0.9886920904103734 111.44959795550294 -0.02316625261638367 0.9997104850044243 0.006501608411245912 2.6095362925197922 -0.9884701981576783 -0.021931436480255372 -0.14981882207530872 -17.196556538936328
-0.1446625369010106 -0.008974951354628828 0.9894403471991355 112.29152013840263 -0.024052332177212372 0.999695287403096 0.0055513656768715215 2.6062883422113226 -0.9891886754983605 -0.02299527325828852 -0.1448343249149726 -17.311105788916983
-0.13853500398090485 -0.010459004409768928 0.9903023083375941 113.16384823151608 -0.02453720497974704 0.999673523628906 0.00712542820813958 2.5970028928741584 -0.9900535229187324 -0.02331212950641593 -0.13874641031062224 -17.42595169554213
-0.1298218560055166 -0.011954806752822764 0.9914652632839871 114.05035169707472 -0.022973641251559828 0.9996951454108705 0.009045885782153418 2.5864455698166195 -0.991271152364946 -0.02160321359061656 -0.13005692465851498 -17.540966203543118
-0.12167099380119573 -0.012864221573267172 0.9924871188437376 114.92256002441641 -0.02177160668793618 0.9997100266519495 0.010288816928318553 2.5780192867162506 -0.9923316816516821 -0.020356188613601743 -0.12191578722820218 -17.652468870677595
-0.11593528091268962 -0.01344753542366901 0.9931657336168649 115.79073484693258 -0.021485191654787208 0.9997083413472245 0.011028090511899107 2.573768069507237 -0.9930243688748295 -0.020059811360298083 -0.11619039026071148 -17.753877322422795
-0.10826406789511439 -0.014024382917103145 0.9940232433331713 116.64298732842379 -0.02463496202457402 0.999631278719955 0.011420387504616046 2.5729791958270702 -0.9938168896979214 -0.0232513072428683 -0.1085696387699982 -17.846191740056764
-0.1028623618132567 -0.014670333905937694 0.9945874098465591 117.4910293466507 -0.02802002903853939 0.9995371745123496 0.011845452315077127 2.5696566078740317 -0.9943008661843148 -0.026649916903391118 -0.10322581767253891 -17.930013762558247
-0.09897117996555299 -0.014971942024337093 0.9949776613011199 118.34675451549654 -0.02935346398009985 0.9994956112820172 0.012120114700602588 2.564582250986375 -0.9946572674487404 -0.028006498888769927 -0.0993607383798964 -18.01307984016142
-0.09458439994369211 -0.015430226040414708 0.9953972570846444 119.22959337369444 -0.031299014596070804 0.9994316656880642 0.012518678256772773 2.562610885175839 -0.9950247047046655 -0.02997088160737612 -0.09501359525388992 -18.096177435468974
-0.09257312759749853 -0.014150581284579708 0.9956053319946242 120.10066881134694 -0.033894378568938476 0.9993643051818104 0.0110524490454837 2.5630770841589166 -0.9951288294227251 -0.032722264252127056 -0.09299390449901129 -18.175033646342264
-0.08709252980531923 -0.015550829563835071 0.9960788437427963 120.98375685337025 -0.03611971689091606 0.9992700085658364 0.012442509093966653 2.5628573956739427 -0.9955452060573793 -0.034894436242901575 -0.08759064456584642 -18.252210216238264
-0.0816243897534199 -0.017907893108079168 0.9965022661097221 121.84552144829053 -0.03561017273521541 0.9992525707984303 0.015040457123913354 2.560894791022582 -0.996026794115073 -0.0342579496928489 -0.08220108446786045 -18.319295784074285
-0.07780722759786057 -0.01900415231027036 0.9967872779728397 122.74398503196282 -0.037114171791153734 0.9991804781140188 0.01615272138365503 2.5584984718649944 -0.9962773577602735 -0.0357381358048976 -0.07844878624554524 -18.382878977010567
