1.0 0.0 0.0 0.0 0.0 1.0 0.0 0.0 0.0 0.0 1.0 0.0
0.9999282123441395 -0.0020784251898458067 0.011800436728512132 0.00893890019506216 0.002072287652233892 0.9999977111298943 0.000532314623938943 0.0003991616249550134 -0.011801516094968588 -0.0005078225109964473 0.9999302307332035 0.22820885479450226
0.9998018003174386 -0.003543902767833275 0.019590835489608 0.016359492687467038 0.003520389350514224 0.9999930413086154 0.0012345821829797688 0.000664923667479883 -0.01959507440224524 -0.001165370120557714 0.9998073189228276 0.46342194580352464
0.9997090291933576 -0.005898592235577487 0.02338938987902877 0.022138149856612013 0.005871866826279549 0.9999820269927258 0.001211144704083006 -0.0006299415829138554 -0.023396113550101995 -0.0010734529138139105 0.9997256971637735 0.6856189139212172
0.9996444940037588 -0.006992781963246067 0.025729100419245744 0.027553832921937606 0.0070014250775643485 0.9999754594995616 -0.00024585671425483326 0.0015643906557676495 -0.02572674979184864 0.0004259096796171781 0.9996689216666148 0.9183017568490236
0.9996546914996627 -0.008580066593046649 0.02483707349856694 0.03260898263633767 0.008607529055844386 0.9999624555121531 -0.000999004333389451 0.0002408087894420032 -0.024827569479655594 0.0012124452005023152 0.9996910131487473 1.169312811377125
0.9998551542739993 -0.009702948230067465 0.013982963468524744 0.027402733807880622 0.009747278347173958 0.9999476714230716 -0.0031056368750733638 0.0002472633770494942 -0.013952097926124968 0.003241482873891574 0.9998974106138281 1.4328037539259428
0.9999625748412413 -0.008200382997773753 -0.0027572877188757074 0.011323069028973603 0.008189960914547401 0.9999593545688363 -0.0037701127959881573 0.0011943861563016855 0.0027880920165994417 0.003747389620270476 0.9999890917474754 1.694035157464057
0.9997719369551004 -0.004662649462394407 -0.02084067602161369 -0.015831719740558987 0.004591509227173489 0.9999834728210707 -0.0034600762604445525 0.0003220814000872721 0.020856464706747676 0.003363596988663238 0.9997768221434393 1.9725181978094548
0.9992750558621861 -0.0011175689709544132 -0.038054090072161 -0.04915342637772506 0.000984097257005014 0.9999932995159494 -0.0035259716098690243 -7.136200131503489e-05 0.03805777560780106 0.003485966551762516 0.999269460032171 2.262462334765855
0.9983405776951517 -0.0003256572664148142 -0.05758458886417248 -0.0858094640725055 9.426580918466789e-05 0.999991911470088 -0.004020958636591264 -0.001671559179561344 0.05758543254390094 0.004008857910276983 0.9983325332858723 2.5840173956425967
0.9969527982249461 -0.0014251407919804644 -0.07799414776233586 -0.12532517125012174 0.0011711965998795902 0.9999938638982014 -0.0033015851450118533 -0.002596626210776522 0.07799837440597386 0.003200178068227727 0.9969483499411377 2.910438232111141
0.99531563559346 -0.002088576639046705 -0.09665621237566505 -0.1753620220838649 0.001865769660500579 0.9999953902969847 -0.0023954724701672654 -0.0031329743701405148 0.09666076994707207 0.002203912975641751 0.9953149442869001 3.242347381156635
0.9933015259305717 -0.0005479738004697716 -0.11554989532107697 -0.23515278513716842 0.00033252776734202775 0.9999981703668179 -0.0018837962471429117 -0.006801807170532622 0.11555071617814315 0.001832754138121616 0.9932998907696444 3.5855702134137837
0.9911463630337746 0.0006888981195517868 -0.13277203193557865 -0.299862105641281 -0.0008900833917988761 0.9999985440194302 -0.001455922585733301 -0.01163108141163975 0.13277083563974842 0.0015612105562295385 0.9911455331207029 3.939517432069278
0.9892404637222605 0.0020893735651649455 -0.14628376346222569 -0.3693489688916852 -0.0022863189120630664 0.9999966922817992 -0.001178206812574742 -0.018179968258046336 0.1462808178825903 0.001499981188563611 0.98924196856787 4.316619880431436
0.9870359862182145 0.0018648866840401245 -0.16048826782008885 -0.43917905232341675 -0.0022186096510334926 0.9999954888083227 -0.002024878816229445 -0.023145064843826627 0.16048376765720956 0.002354689079212698 0.9870356709652834 4.6827983907043675
0.9850626802841628 -0.0010140795132903232 -0.17219316930157963 -0.5109000423177384 0.00030495467670845806 0.9999913646220789 -0.004144596954812614 -0.029892919564879557 0.17219588529934998 0.004030176672729524 0.9850544831439325 5.055297210528103
0.9832387676794762 -0.0006089721947023351 -0.18232156999382024 -0.5980968776840587 -0.0004927651065428308 0.9999818936443471 -0.005997463298417607 -0.03439137456043998 0.18232192110301818 0.005986780130602074 0.9832206647284082 5.4638544883587645
0.981747571447214 0.0007360179512618237 -0.1901871820998277 -0.6867481668558127 -0.0021271473981302686 0.9999724577065656 -0.007110490295162951 -0.03884473301717863 0.19017671046015133 0.007385262748636586 0.9817220974861927 5.878480862631127
0.9798565688532591 0.00046254163660229726 -0.19970200432232227 -0.7772731799176914 -0.002570126202627794 0.9999437069069648 -0.010294535854560843 -0.046065035417967304 0.19968600082735138 0.010600427934412932 0.9798025984866474 6.28413288171112
0.9779421854247267 -0.0012407032940516436 -0.20887207238414102 -0.8751443315843884 -0.0012329478437456043 0.9999306487208477 -0.011712283650919425 -0.05145348458248633 0.2088721183076485 0.01171146464115914 0.9778728341607792 6.712144595366961
0.9761329751402396 -0.005523310409456658 -0.21710344973303705 -0.970082254689832 0.0026578134987128997 0.9999054931639888 -0.013488542096406026 -0.05716435380533498 0.21715743337788515 0.012589590247551576 0.9760554038301967 7.145248865656819
0.9732004067926497 -0.005368240785393702 -0.22989595518297193 -1.0923390807680864 0.0018768726941686999 0.9998796096561069 -0.015402712191078735 -0.06494163816500434 0.22995096339765767 0.014558440329285181 0.9730933183655449 7.625227275853655
0.970355782947622 -0.0012933477195013444 -0.24167743326960445 -1.2316256600779316 -0.0034608889338462786 0.9998087829998842 -0.019246290138056024 -0.07013914037226315 0.24165611258127784 0.019512167690113595 0.9701657582929516 8.10523726801552
0.9674814195103878 0.0007028580783052176 -0.2529411174417613 -1.3798348937948755 -0.006366040436143434 0.999747037725576 -0.021571603744297316 -0.08044120847711486 0.25286197110544417 0.02248035919324592 0.9672411576329929 8.610532206924098
0.9642122554054404 -0.0006667016922052012 -0.2651306885949034 -1.5243248475628601 -0.0054259462371638555 0.9997377866872469 -0.022246729582490424 -0.09350243083730878 0.26507599973099305 0.0228891541682662 0.9639558086282152 9.10152383456324
0.9609279067424852 -0.0009629830350108754 -0.276797093025162 -1.6736522686104662 -0.005689279250093559 0.9997139840145656 -0.023228910162544716 -0.10610064366940414 0.27674029367824327 0.023896083976237607 0.9606475873209075 9.588019299003493
0.9580051245706567 0.0006663044026677975 -0.2867503048556421 -1.8300272793001877 -0.008374325737136895 0.9996357789403786 -0.025655021549610434 -0.1185645406681444 0.2866287703019518 0.026978982573581875 0.9576617787791708 10.085972271344799
0.9550922642589744 0.0027522367162029346 -0.2962957845561148 -2.00354035265502 -0.01164343744137174 0.9995331465285188 -0.028247466352713902 -0.13401188993737112 0.2960797141264738 0.030428838030013994 0.954678421615849 10.607657336654588
0.9523983453394624 0.0027517255851877776 -0.3048439269543645 -2.178143548344953 -0.013477759812174587 0.9993616120469646 -0.033086528336133014 -0.1537273802066895 0.3045582732172933 0.035620168068051336 0.9518274328058131 11.131791414894469
0.9495756026888411 0.0023417845217208926 -0.3135294098220738 -2.3670902020248414 -0.015481647791637146 0.9991025390511643 -0.03942632424120315 -0.17522456620141683 0.3131557014645906 0.042292227498331364 0.9487596503506299 11.682683898735384
0.9478888990109562 0.0028011137663113573 -0.3185887457106193 -2.5508129436128772 -0.018405953453820477 0.9987727176050224 -0.04598129451564263 -0.19570000850134073 0.31806894851471007 0.049449088257991713 0.9467771288224068 12.191658281377144
0.9468245157602109 0.001452162393865494 -0.32174714851856007 -2.739651184762598 -0.019632952451865998 0.9983871812194931 -0.05326897365838899 -0.22320851954770504 0.32115087347454824 0.05675321665753594 0.9453259696345794 12.716748439635275
0.9458003314796314 0.002158319734920238 -0.3247415505120056 -2.9490749317687075 -0.022788787357262152 0.9979538675292469 -0.05973901115857307 -0.2561329479879548 0.323948150394172 0.0639016426967295 0.9439142842000298 13.28814281779567
0.9451536089238347 0.0015942681379954114 -0.3266222800841288 -3.158622515163132 -0.02427347887781603 0.9975657216443836 -0.06537147101976826 -0.29620792192945455 0.3257229708838772 0.06971434077164004 0.9428915403848719 13.868696100612471
0.9441115070268267 0.0029954166291894183 -0.32961263595128126 -3.3700368629956294 -0.02772063394783955 0.9971379207635362 -0.07033870505562222 -0.3344446504501284 0.32845856474304974 0.07554465205816692 0.9414924199335576 14.43730472216751
0.9431518762331913 0.0033616243182811294 -0.3323450583952675 -3.5761396549301425 -0.029963476881170938 0.9967369768049261 -0.07495057786947215 -0.37490526536345914 0.33100865307572036 0.08064799161615258 0.9401750757371089 14.999224366202764
0.942379369632214 0.005583401280442636 -0.3344995505553525 -3.80253819347828 -0.03409433655813004 0.9962576996771045 -0.07942400171702124 -0.4206470465220944 0.3328042967064161 0.08625208092693176 0.9390430653753437 15.596997955133391
0.9412046311898905 0.0077955970583399245 -0.3377470516425067 -4.038281368077321 -0.03741365860686405 0.9959894501972074 -0.08127258606389672 -0.4640716474849212 0.3357589319383047 0.08913048727774618 0.9377215449488618 16.216032369043262
0.9405821528212353 0.008958368717614153 -0.3394480246283513 -4.271666961950656 -0.03935973092892833 0.9957900606922597 -0.08278264677882687 -0.5126156948615914 0.3372773715732688 0.09122446303719701 0.9369749580262016 16.83167050140496
0.9386949881135522 0.01087214461667283 -0.34457730012572263 -4.506125963080237 -0.04170887115192023 0.9957422714350869 -0.08220522455736297 -0.565760881104178 0.342216436422523 0.09153756250156604 0.9351517445278821 17.453776754422062
0.9367520851749703 0.01187049294603732 -0.34979225594281427 -4.740989254668726 -0.04292236823059553 0.995776882109547 -0.08115461392716122 -0.6136666101044871 0.34735169673663946 0.09103566583162614 0.9333055803544572 18.05408308057955
0.9347167244492064 0.012576252966704449 -0.3551710614566788 -4.984284267081562 -0.04378223094552102 0.9958359479374205 -0.07996174741094779 -0.6661023035279391 0.35268649150255177 0.09029176405905807 0.9313751317566537 18.67667230136712
0.9315459538782885 0.01287602064066493 -0.3633955749667997 -5.281689210910182 -0.04419627933760739 0.9959728397299209 -0.0780050729954773 -0.7317592081700032 0.36092772781500443 0.08872604247220055 0.9283635412280685 19.43079952430873
0.9284030746693436 0.01329408346713694 -0.37133677206718735 -5.5587324638168365 -0.04343843739699734 0.9963905090052141 -0.07293185669402451 -0.7892145251001037 0.36902687314207433 0.08384044912271989 0.9256294863442306 20.11517008403921
0.9258563878184225 0.014580235932490113 -0.37759418143818907 -5.793813114684221 -0.04429969439891386 0.996552883128714 -0.07014191474439874 -0.8323037726515925 0.3752698844991241 0.08166864666443657 0.923310752639659 20.67257285752959
0.9222881580527307 0.017130373364443 -0.38612317183004735 -6.079560527758457 -0.04685470101198163 0.9966047720160268 -0.06770203385394845 -0.8814092074206877 0.3836524345143391 0.08053246986947661 0.9199594180114374 21.33539858135893
0.9188393544281671 0.017876393364624016 -0.3942266801147565 -6.3680534500898665 -0.048212411261965696 0.9965753174040388 -0.0671803553231629 -0.9296008569696719 0.3916756364063718 0.0807345731475219 0.9165544853113486 21.990574238268636
0.9154708074043928 0.017928792861508513 -0.4019847748073034 -6.67756243739744 -0.04893910797238936 0.9965516400888952 -0.06700591277641169 -0.9813087161461972 0.39939725149431876 0.08101473336784115 0.9131913537020165 22.68408378320309
0.9118906461103709 0.018086622022612193 -0.41003453956980446 -6.9887984028099535 -0.04965031531012531 0.996552937351511 -0.06646118600868212 -1.030442603535887 0.4074190664733494 0.08096367802840151 0.909645308410975 23.36251768652284
0.9075959555702856 0.018293673293097494 -0.4194459714312508 -7.324095247674051 -0.050194892275562 0.99661253714228 -0.06514540352375056 -1.0805945294478967 0.41683336505359664 0.08017975011356032 0.9054397569412458 24.08162226651108
0.903797130682981 0.017956493297220433 -0.4275842734686083 -7.648456610425869 -0.05036561373276817 0.996639090724281 -0.06460516847435657 -1.1309766977152478 0.4249871192430805 0.07992551025014027 0.901663940328503 24.76208490112289
0.9004725512659222 0.01927423292036172 -0.43448554447987425 -7.991135214436209 -0.05121549650532267 0.9967657988195837 -0.06192669231656354 -1.1842098936217018 0.43188674132734667 0.07801567950667797 0.898547381286461 25.46750577846475
0.8967037889446968 0.02130910492140736 -0.44211789936585155 -8.356670760421197 -0.052220754386811535 0.9969578053068722 -0.05786300414753144 -1.2359142010341595 0.43953988181221637 0.07497370529161133 0.8950886189709651 26.206260421073992
0.8929965061908387 0.02262995047486812 -0.4494942994882812 -8.71586537397737 -0.05257531923752614 0.9971423969281 -0.05424828159081106 -1.287140739650225 0.4469821872715151 0.07207583221849563 0.8916344535020972 26.917905948094507
0.8899583484839646 0.02328220720142884 -0.455447117447815 -9.104195940744448 -0.05313339360000813 0.9971879770437307 -0.052848660569388264 -1.3351439884132283 0.45293595623249067 0.07123255763526629 0.8886928278570148 27.67355598904708
0.88784840343878 0.023662388934859953 -0.4595272612817494 -9.478937163175027 -0.05339228187562819 0.9972287295517727 -0.0518085436262343 -1.3815041660780594 0.4570278730529717 0.07053334180693109 0.8866513243356848 28.394923918542865
0.8867784396807257 0.024370890103277438 -0.46155179409573494 -9.863780226202655 -0.053694868914630434 0.9972793307930689 -0.05050541976035302 -1.4237734933654427 0.4590652023075354 0.06957008041178891 0.8856744006359442 29.13295509470178
0.8850625817593772 0.023583276330966678 -0.46487423616169915 -10.266362786640798 -0.05294660941082357 0.9973343271540214 -0.050208529475912186 -1.4708438351881399 0.4624509519087659 0.06905120533150105 0.8839519489887125 29.896635385463288
0.8842504463575788 0.02366488571950217 -0.4664130372323506 -10.664546183548794 -0.0534360581524913 0.9972830177364737 -0.050706707875351115 -1.51728934738704 0.4639458328356304 0.06976070325273054 0.8831125117877892 30.645163774509562
0.8836457189019565 0.022738448631850677 -0.467603685207956 -11.07188303540559 -0.052682813854326035 0.9973050752565173 -0.051059847159804536 -1.5627535436404731 0.4651825067547521 0.06975349325595712 0.8824622856462231 31.409197307249507
0.8834543391351068 0.02313937564902651 -0.46794550960333514 -11.502630943713333 -0.053638799391360785 0.9972078188510788 -0.05195618560024846 -1.6097487175959024 0.46543668727680365 0.07100095292914983 0.8822287429119207 32.20973342714594
0.8833412389491835 0.022595397761814344 -0.4681855439584897 -11.938357675619313 -0.05297480498757332 0.9972503780181022 -0.05182039732847187 -1.6596699672789548 0.4657273082054026 0.07057713186817323 0.8821093712511008 33.027983224250065
0.883229863307147 0.023524556758745797 -0.4683498732696988 -12.382379845827009 -0.05367712507755303 0.9972481647127475 -0.05113574308119103 -1.7072775624295768 0.46585810587114085 0.07030429009926348 0.8820620907780764 33.855140906107344
0.8836654683844858 0.02361021254896723 -0.46752315220555646 -12.809508527965928 -0.05362162378026785 0.9972587135216542 -0.05098803554073034 -1.7547310674626833 0.4650376989535308 0.07012571688423554 0.8825091061192951 34.66300969334822
0.8837812053289466 0.022574182461018 -0.46735552569059363 -13.252040431439504 -0.052482358509143484 0.997314959332976 -0.05107322131980902 -1.807126303096612 0.46494772088121067 0.06966547334857581 0.8825929631888567 35.49504739092157
0.8824210995974572 0.020822177937268538 -0.4699994041391577 -13.694720040188969 -0.051107812237303915 0.9973504485284589 -0.05176943449950381 -1.8567380853796642 0.46767616414943686 0.06970308261497948 0.8811472554348895 36.32545340818913
0.8814265780775932 0.02037627399982979 -0.4718813356303771 -14.15423657994162 -0.05013712279272414 0.9974607529813188 -0.050579790232937925 -1.907473712988994 0.4696524846910661 0.06824114389299583 0.8802100260186108 37.179865260514916
0.8801109478682858 0.022485424573459728 -0.47423530564914596 -14.615256838441512 -0.05129393917493201 0.9975343725027354 -0.04789684206179426 -1.959312672179897 0.4719890372098763 0.0664799319894759 0.8790942881149716 38.02432916288871
0.8780957749900088 0.022318355616796473 -0.4779641209832158 -15.076874231770011 -0.05002145045418317 0.9977198673124045 -0.04530916976261811 -2.00997338174858 0.4758630732040002 0.06369424913349916 0.877209996630319 38.870779985084965
0.8753176526423283 0.02258294435107398 -0.48302072170576765 -15.547174088942239 -0.050234359935948186 0.9977507109148763 -0.04438499690981858 -2.0619274694551053 0.4809319245533093 0.06311520809832838 0.8744832499551691 39.71858113295024
0.871306707877514 0.02007585309890276 -0.49032803400376757 -16.042136075352524 -0.049065557786841525 0.9977200579047534 -0.046338505517568754 -2.119415846806417 0.4882798294489694 0.0644332691773971 0.8703052119666976 40.59674811867163
0.8674324324783597 0.017350799183199216 -0.49725237541150125 -16.530710733784648 -0.04748317751823797 0.9977171854975427 -0.04801838830733128 -2.173631325150877 0.4952840830649091 0.06526383018614862 0.8662761162192952 41.44645954983308
0.8624388491713854 0.01743485405363808 -0.5058609070723545 -17.032173792250905 -0.04824247731412168 0.9976882625011346 -0.04786224242619657 -2.22328691392917 0.5038570182328845 0.06568224061034988 0.861286217494435 42.30470504697421
0.8584934909301121 0.0202170758876292 -0.5124257954798757 -17.539218740816114 -0.04983109168104179 0.9977827554257869 -0.04411842332631553 -2.273864101220156 0.5103976766527303 0.06341011605002955 0.8575974398574291 43.151599555733924
0.8549406656113556 0.022330120778176116 -0.5182449459377719 -18.04688614743423 -0.050748429351716376 0.9978809027714464 -0.04072223965325368 -2.3240764139710133 0.5162374019793082 0.06111521570014493 0.8542621817730074 43.98443525344761
0.8521491193377643 0.022217834340795 -0.5228271667091124 -18.567342369474595 -0.05147001750222707 0.9978124110452148 -0.04148770495527547 -2.374284073895184 0.5207616688180818 0.062263634662140785 0.8514285196588532 44.83145197957719
0.8505116956723362 0.01986039371624709 -0.5255810311322159 -19.071204638924705 -0.05126573858867886 0.997658902185516 -0.04526078807255239 -2.423370622956397 0.5234516974578695 0.06543912936024525 0.8495387223529298 45.64175754451744
0.8494605966207108 0.01829110133201001 -0.5273349318989294 -19.57665379136676 -0.05362354880376495 0.9972172626619131 -0.05179040512268161 -2.477266113156784 0.524920193746132 0.07227147889135374 0.8480776046662123 46.44586737894961
0.847092108716749 0.01770358620263592 -0.5311511483423317 -20.089699065962247 -0.05401003622202992 0.9971380920454846 -0.05290124175466981 -2.530519119429963 0.5286945009522104 0.07349971719303988 0.8456239804046695 47.2663042267618
0.8458046553322891 0.017543937975486385 -0.533204177832976 -20.614103078313168 -0.0526161170323359 0.9973295829976203 -0.05064826854130497 -2.5882337314640607 0.5308917302488966 0.07089367473974598 0.8444690980937242 48.09503696488319
0.8446425398371371 0.019899512666622984 -0.5349607362163143 -21.146953678431267 -0.05313202561188961 0.9974909414737319 -0.046784714728484014 -2.6425031753582435 0.5326874953965482 0.0679399078118232 0.8435805836875772 48.933949390244216
0.84305750006214 0.021838817706530084 -0.5373798634394074 -21.660825879337832 -0.054615144211510966 0.9974864178603176 -0.0451445700715839 -2.693675319314156 0.535043210976208 0.06740854712403492 0.8421311359657093 49.72851596883637
0.8419098958094188 0.022492486930621704 -0.5391491587398143 -22.198267086832352 -0.055982744080096965 0.997380218973108 -0.04581081931615489 -2.7436313278857463 0.5367063067483333 0.06875163149213867 0.8409634673775865 50.56465456833433
0.8394767844751706 0.0208528052425251 -0.5429952935714506 -22.737999130892785 -0.05571613736541084 0.9972999656073638 -0.04783817133451193 -2.795842956966037 0.5405316275337708 0.07041263461246687 0.8383720060466144 51.39790815075755
0.837031727098013 0.01892076108053116 -0.5468271140236657 -23.269865048754816 -0.05506759203908729 0.9972406104767776 -0.04978679667262007 -2.850860114015465 0.5443762009294072 0.07178558083652747 0.8357639512719056 52.21083573494354
0.835417952802091 0.01686622014670748 -0.5493563276726013 -23.809870837480595 -0.05334552077589254 0.9972981078990812 -0.05050484525331988 -2.9052161295867265 0.5470202003117549 0.07149835381934166 0.834060480931696 53.030151279553635
0.8329801639716464 0.01647114189220229 -0.5530576352556179 -24.353838802442066 -0.05310058476813523 0.9973228183435441 -0.05027448566193817 -2.960500573371237 0.5507489213126534 0.0712453331528268 0.8316247520227447 53.8512319578588
0.8313655365480604 0.01697680216038924 -0.5554665902001334 -24.898630234141333 -0.053774620484516186 0.9973003149189144 -0.05000372040539541 -3.013756812922038 0.5531181020649227 0.0714413749240712 0.8300340325053284 54.66031671693927
0.8279380295782144 0.01667812973737784 -0.5605715468756928 -25.45283446104165 -0.054260786979486594 0.9972504705516767 -0.050470446608149436 -3.0722425036754153 0.5581884862432319 0.07220345540846697 0.8265665580293984 55.47735262051984
0.8244061865811345 0.015721360140588555 -0.5657802385750862 -26.013670785735936 -0.05399117724841006 0.9972401596827659 -0.050960933029354276 -3.1311674917408303 0.5634176002807175 0.07255964960790176 0.8229797718915673 56.29455835376761
0.8205413454171544 0.014473079943734611 -0.5714039117979055 -26.58209098524481 -0.05377778976420992 0.9971997511274747 -0.05196735205279413 -3.1898160618755647 0.5690517109974125 0.07337020041028153 0.8190219556902443 57.10769103129206
0.8158672457610212 0.01384623613927868 -0.578073454708916 -27.168640222814442 -0.05427930086179471 0.9971328747262795 -0.052723691430521476 -3.2495520612157303 0.5756860210151716 0.0743929558821358 0.8142796161779062 57.93368655009615
0.8125162075444295 0.012223107216059497 -0.5828104392747291 -27.758781853377606 -0.054018752618157084 0.9970570617957284 -0.05439843645590987 -3.3100026016083435 0.5804303462459526 0.07568230422796356 0.8107852995605865 58.75400235113831
0.8075989882201101 0.012274036677206349 -0.5896042929367976 -28.363129373047876 -0.05450803775394379 0.997057223305873 -0.05390516926786639 -3.3714971712560886 0.5872075851401012 0.07567193321984897 0.8058914383939698 59.580337884373066
0.8035964891750519 0.011830063873590115 -0.5950569150713886 -28.971257545800558 -0.054026868814186696 0.9971246252677576 -0.0531373609691788 -3.4296262832479343 0.5927172850792067 0.07485005860639606 0.801924989444121 60.39558786510537
0.799748409640441 0.01102926971683306 -0.6002339847818503 -29.565182695249256 -0.05351129630284321 0.9971610459679012 -0.052975367598444914 -3.4890374345075603 0.5979456684729596 0.07448626459767195 0.7980681511880492 61.18565523728791
0.7954537483772564 0.010724786276532665 -0.6059193949296354 -30.186432782959663 -0.05372541847254473 0.9971545244302393 -0.05288131823483136 -3.549937085215674 0.603628125258029 0.07461791586225291 0.7937664978001095 61.99689455714429
0.791543122582996 0.009040309542942472 -0.6110464449572782 -30.80660925642492 -0.05339192049498744 0.9970901075024987 -0.05441158283410291 -3.60752727737292 0.6087764679399305 0.07569405738909288 0.7897224966775098 62.79342409575993
0.7881931311493394 0.01021375276876708 -0.6153432109509123 -31.44637556827275 -0.055490434606279795 0.9969690770880195 -0.05452954242856698 -3.6665408778040827 0.6129212018491501 0.07712547299460279 0.7863709441091732 63.60167903134376
0.7849740370046637 0.010483780145492921 -0.6194399499406394 -32.09325255950163 -0.055849632969061286 0.9969832062325505 -0.05390088113829548 -3.7272245895892078 0.6170061423728471 0.07690628611579474 0.7831914474954725 64.41452053167104
0.7829886069964139 0.01159621515657095 -0.6219279452700754 -32.7425274566757 -0.05750369630879346 0.9968942028326971 -0.05380774358201356 -3.7886718727399593 0.6193723970477225 0.07789400588366335 0.7812236284334688 65.21718786568226
0.7792025626541655 0.010804491702796227 -0.6266790480877957 -33.38766024474338 -0.05758855030626009 0.9968561781598166 -0.054418001968353065 -3.8508144727664715 0.6241209219588821 0.07849218447494333 0.7773751036337264 66.0137479595766
0.7762456997316541 0.010542564139907812 -0.6303423418980123 -34.03903808194936 -0.05942684715681697 0.9966316705941312 -0.056513387845284584 -3.9141546875703384 0.6276233452359106 0.08132753230061253 0.774257559862852 66.80123906682145
0.7750692153813147 0.008945055015430803 -0.631813024049809 -34.692776732751945 -0.05904589038629775 0.9965499405380409 -0.05832494185266547 -3.975979299145858 0.6291115117343529 0.08251182948158654 0.7729233492390556 67.593255915908
0.772793497353091 0.009582434093104726 -0.6345852089401626 -35.36843999956561 -0.06096142041145324 0.9963834250409234 -0.059192698241733524 -4.042455733104434 0.6317229738344147 0.08442894800108654 0.7705827905353412 68.40453577812902
0.7702839642051744 0.01048655885589627 -0.6376148105021744 -36.036156617325666 -0.061736811477040805 0.9963944418758176 -0.058195208631179204 -4.108944931473399 0.6347055857616271 0.08419114135311372 0.7681540673072362 69.20734276604398
0.7680987838477842 0.009411985097172774 -0.6402621906594874 -36.70354894733313 -0.060973951176243 0.9964235355511992 -0.058500556216205646 -4.1744877895684604 0.6374217093333991 0.08397352163735244 0.7659255917739719 70.00660437404615
0.7642336149787352 0.0096232735968717 -0.6448677184832668 -37.392108801084646 -0.0620193965045038 0.9963513523136269 -0.058630855358113895 -4.2410226376597775 0.6419506026118765 0.08480197726519519 0.7620420253884703 70.81770221434307
0.7622198154703786 0.008923180009287473 -0.647256772666632 -38.092034640244734 -0.06187921509806417 0.9963303104955361 -0.05913438193400086 -4.3084187473596876 0.644353874546549 0.08512513874520636 0.759974864788606 71.63121317674418
0.7601159624444497 0.00878465265592528 -0.649728061203195 -38.79300129522307 -0.06248015521916653 0.9962635368135674 -0.05962545949098073 -4.380967409380727 0.6467765872702389 0.08591737364140312 0.7578246835948449 72.44390907312764
0.7594905183158136 0.008570627007054295 -0.6504619104460173 -39.47722963254413 -0.06252083285931294 0.9962461001173455 -0.059873645784751656 -4.446495851098192 0.6475069868711493 0.0861408866548633 0.7571753096868382 73.23185178450649
0.7584896259566829 0.006124793154206418 -0.6516563313779048 -40.18110562507891 -0.060942643478487074 0.9962404867589016 -0.061570177425771505 -4.517227788136033 0.6488293161702433 0.08641400031942251 0.7560113352502392 74.04575458933914
0.75624508735133 0.003393599227290711 -0.6542796430741705 -40.910738500397095 -0.059169191931390516 0.9962438717301884 -0.06322305565401196 -4.595470021964112 0.6516075310976429 0.08652532302354354 0.7536053303238412 74.89280846603037
0.7542603339958953 0.00026508741092764326 -0.6565754170611818 -41.62503963974181 -0.05653848068457001 0.9963116767116773 -0.06454799028511085 -4.670361989790601 0.6541366438002697 0.08580776524668865 0.7514933656800227 75.71263169075117
0.7511388342896157 -0.0027904847852663756 -0.6601383679325876 -42.34734844426812 -0.053102551141723 0.99649507082883 -0.06463507465831239 -4.747526202920435 0.6580049929022407 0.08360494607682084 0.7483579640166956 76.54121193743859
0.7455885957532064 -0.004923980077277373 -0.6663883254551812 -43.06790814881898 -0.051730442460973206 0.99652769259425 -0.06524200499350194 -4.825320449693175 0.6643956706703875 0.08311625781385232 0.7427449632824631 77.35851309027805
0.7394599525713965 -0.00613714066131275 -0.6731725737488207 -43.80121666058262 -0.05052326829164813 0.9966324609582145 -0.06458434117882997 -4.8996928211436055 0.6713020020111949 0.08176841241504346 0.7366597239071002 78.16606846143502
0.7322215718509417 -0.0041845569713251166 -0.681053639002898 -44.56920603758351 -0.05262820165056782 0.9966434942007103 -0.06270580402503183 -4.9784574281942255 0.679030074523333 0.08175717063568345 0.729543640190554 78.99263730152518
0.7250909291286423 -0.0031869868006218736 -0.6886457635174233 -45.32004781333736 -0.05444969493005486 0.9965933157450912 -0.06194347208729023 -5.05546025799575 0.6864971778655659 0.08241120146762579 0.7224472428179625 79.78085855355033
0.7179783618967346 -0.0032703826716316726 -0.6960577393041923 -46.08379235568937 -0.05638037188676376 0.9964299726082052 -0.06283759506793579 -5.1292554024324994 0.6937782970906426 0.08436002776903728 0.7152307740868086 80.56458558892446
0.709062259809724 -0.0041608244460600505 -0.7051336038322503 -46.87215711588381 -0.057351842577299576 0.9963293144026749 -0.06355047926557908 -5.209135986027441 0.7028097024561603 0.08550195788299364 0.7062208842364113 81.36245719918406
0.7011966828494962 -0.00514742536425138 -0.7129493081369688 -47.66509594267745 -0.05768102057306146 0.9962864625849223 -0.06392326912535365 -5.283127009991146 0.7106307844630101 0.08594642797779203 0.6982958539840726 82.14529258393011
0.693711389368013 -0.006174526253696886 -0.7202266195348819 -48.47224528215475 -0.05662916860677654 0.9964001339994404 -0.0630865296937674 -5.363257011734854 0.718023429648369 0.08454967883699932 0.6908644630349385 82.93007737833193
0.683337762198037 -0.006136590793985767 -0.7300766021504911 -49.28901786546399 -0.05688007341860275 0.9964779550515253 -0.06161446538131156 -5.439501285792242 0.7278833423029226 0.08363030162421782 0.6805819661496835 83.70479039772572
0.6744342804198927 -0.006056511079776547 -0.7383100433205836 -50.10232723381127 -0.05869809858302673 0.9963614520091177 -0.06179312399466461 -5.5153617198002785 0.735997917535939 0.08501279682390919 0.6716248132394589 84.4510401372795
0.6662847614717627 -0.006050750136590122 -0.7456728539066585 -50.93629310746392 -0.06076353842009606 0.9962011729793292 -0.062378003761569614 -5.593372078470083 0.7432176054354377 0.08687123446454205 0.6633859959280274 85.19764660910926
0.6579884068716693 -0.005037453072407223 -0.753011208740631 -51.785715101318814 -0.0642097093921814 0.9959603746722091 -0.06276978016979719 -5.673933621731739 0.7502855254116626 0.0896524185359009 0.6550069268400216 85.9398333358002
0.6507773904638334 -0.004850503776944546 -0.7592530939510179 -52.64092239536646 -0.06620007934980958 0.9958089529589905 -0.063103713843149 -5.749387343735508 0.7563771133205727 0.09132908528956679 0.6477288480722537 86.67269468504145
0.6435291372838512 -0.003922189052482407 -0.7654115663482876 -53.49963406535579 -0.06870176798627523 0.9956546592980708 -0.06286387272196026 -5.827115339785154 0.7623321563086937 0.09303986162435646 0.6404633226084522 87.40200295243811
0.6371786258026485 -0.002367831923242948 -0.7707125224052298 -54.38967409770511 -0.07100318032238026 0.9955622925787115 -0.061759776388257276 -5.8978660926 0.7674385624949767 0.09407504965400368 0.6341828898892186 88.13240832087635
0.6314156926775051 -0.001200617700417149 -0.7754436030800202 -55.286000064286235 -0.07138911800233658 0.9956620644373276 -0.0596711594595538 -5.9733807757821475 0.7721514209476241 0.09303554136746063 0.6285909410507191 88.86110315253833
0.6264851882827327 0.00015070747475334767 -0.7794333109058182 -56.20355914259627 -0.07367943049972239 0.9955334944524614 -0.05902883146825275 -6.049385542756468 0.7759430716125928 0.09440889105655179 0.6236980927547291 89.5929978858453
0.6232114660915149 -0.00021621683894505056 -0.7820533369165706 -57.11427437629956 -0.0754653346729173 0.995316668988817 -0.06041284379757577 -6.126989447717506 0.7784037845455077 0.09666789375632562 0.6202764436297308 90.30695331121184
0.6191768048103862 -0.0020066002537297914 -0.7852490419861858 -58.01991364979645 -0.07571187694713663 0.9951851912599695 -0.062242644432892416 -6.206303496300473 0.7815931141418421 0.09799188054262233 0.6160436634474685 91.01893149601054
0.6148840350766778 -0.002262009045043055 -0.788614295281859 -58.93421275097717 -0.07810430615470518 0.9949047323195346 -0.06375179188295493 -6.285185070147005 0.7847403014806332 0.10079413139303131 0.6115743636785385 91.72046396987253
0.6125879614388776 -0.00476512367291345 -0.7903880585488007 -59.83843912285353 -0.07825895977753461 0.9947025393773691 -0.06665128183877873 -6.367823181255466 0.7865186105329606 0.10268472015151979 0.6089698872134037 92.41457228464043
0.6102803330339597 -0.004676577477671862 -0.7921717267960621 -60.74938780446909 -0.07913250401520308 0.9946211293505702 -0.06683454090274141 -6.448847097967377 0.7882232944542068 0.10347433823171656 0.6066276447766497 93.11443119210888
0.6087013084104479 -0.003439388755684669 -0.7933920139151871 -61.64138157903117 -0.07991303352354853 0.9946394500169341 -0.065622187886991 -6.526344627381783 0.7893646965835712 0.10334667423288768 0.6051634826330223 93.79381652666386
0.6075267136266022 -0.0013381095139363558 -0.7942981189030913 -62.547877717602354 -0.08009273115317654 0.9947986055157069 -0.06293559311256346 -6.606666130827799 0.7902508757644535 0.10185255974659584 0.6042595546837308 94.48168397654112
0.6059887683746095 -0.00013688269313030105 -0.7954731886537423 -63.4420382997453 -0.08195223174176638 0.9946681908714321 -0.0626020908684046 -6.68481572646691 0.791240446587741 0.10312696704393323 0.6027465340853913 95.1564629718872
0.6043441347201324 0.00032881266142795185 -0.7967233263257755 -64.33938886388911 -0.082650491359053 0.994630448109413 -0.062282966947437235 -6.761412134239652 0.7924247996545045 0.10348992016569603 0.6011262540570128 95.83102150090208
0.6038141089035423 0.00013595838372910257 -0.797125149148074 -65.23723116072317 -0.08207697146027032 0.9946954422183693 -0.06200280627449742 -6.83787315239673 0.7928883229338992 0.10286378733704482 0.6006223011258807 96.50337966822352
0.6019489673242368 0.0007340358722907753 -0.7985342208876358 -66.11929206686665 -0.08153293608152572 0.9948298878038597 -0.060546466999209084 -6.915383681313933 0.7943612660944712 0.10155272287584742 0.5988966717266766 97.1617115841933
0.6008602924513451 0.000616328726846492 -0.7993538197157654 -67.0004284100596 -0.0815130260577577 0.9948340503594232 -0.06050486615448265 -6.99582391139794 0.7951871072509861 0.10151272030817128 0.5978065172590908 97.82079229294895
0.5986575922973723 0.0005204016204796783 -0.8010048791155188 -67.87549648989025 -0.08121145135707683 0.9948862911798632 -0.0600497109972571 -7.0730381297139955 0.7968775234333006 0.10099998418084212 0.595638494258287 98.46896603174196
0.5981705547432292 0.00044527323696585963 -0.8013686973983462 -68.72666183656844 -0.07960835309607017 0.9950863658513256 -0.058869640852764 -7.148212945441072 0.7974048517255893 0.09900972794905785 0.5952668109477839 99.09762431564717
0.5970550587089578 0.0005544051895840299 -0.802200068252882 -69.58990497986633 -0.07892587678640309 0.9951886134362363 -0.05805454039400172 -7.22357865140946 0.7983081878845666 0.09797610076823339 0.5942261529373413 99.72995798849692
0.5956339573432972 -0.000910243989619447 -0.803255476368162 -70.453198704654 -0.07746383688679513 0.995273330498541 -0.058569203282256024 -7.297969313953642 0.7995120654713971 0.0971090575292624 0.5927480814911501 100.36963740487798
0.594388554182743 -0.002308769454631321 -0.8041746801784757 -71.28734536867263 -0.07638881679430103 0.9953120326313305 -0.059318684813944034 -7.369129849469117 0.8005416886866761 0.09668829961735123 0.5914257158695335 100.98199959479034
0.5939212330201326 -0.0038480323370846878 -0.8045139909379939 -72.13300295598314 -0.07652451822336898 0.9951844283289252 -0.061253177242589205 -7.445047921171318 0.8008755003610282 0.09794460811480911 0.5907666939348475 101.59852677008485
0.5940000500964967 -0.004106808764085437 -0.8044545199121792 -72.97296722565306 -0.07802527276108606 0.9949782496001471 -0.0626924208591878 -7.519968058385919 0.800672215888573 0.10000708447106452 0.5906966952334166 102.20938006302173
0.5947864410127528 -0.004119966636951966 -0.8038731961337521 -73.81199053115091 -0.07952735745051005 0.9947798651533994 -0.06394074837162413 -7.596281155902277 0.7999403034003988 0.10196100117346314 0.5913539255263155 102.81998765127994
0.5974021742088167 -0.003361114969118166 -0.801934751184124 -74.63125510045266 -0.08203310448550882 0.9944894400631893 -0.06527881257554947 -7.670949020306149 0.7977350512664266 0.10478290179685086 0.5938344310260085 103.41994640472903
0.6013448178450534 -0.0028413114081914173 -0.7989845661840916 -75.42508854564313 -0.08368781049803833 0.9942691482864536 -0.06652226048304802 -7.741939464283976 0.7945947145714877 0.10686808557849134 0.5976608167345793 104.00437106415963
0.6065323728124641 -0.002391883722956359 -0.795055192815403 -76.22412429470725 -0.0854140391261186 0.9940120019697816 -0.06815116917697642 -7.816773025037243 0.7904574135591644 0.10924476569741379 0.6026961577089016 104.60357749576035
0.6105280578065905 0.00019914423987268254 -0.7919946028682798 -77.03937887719324 -0.08894226777116462 0.9936913752680357 -0.06831342270478238 -7.894595302958485 0.7869846019044051 0.11214905732769917 0.6066941777418615 105.22181668039224
0.615368245542472 0.0018897659882410878 -0.7882374966737434 -77.84184310608745 -0.09063360657566542 0.9935343229333996 -0.06837469204580596 -7.971544887244177 0.7830117954009809 0.11351642144544988 0.6115607494968522 105.83421390263364
0.621110764575096 0.0029904281493390514 -0.7837170889220315 -78.64608870598497 -0.09188073031932145 0.9933746675372359 -0.06902681574050784 -8.052834450758708 0.7783182829183237 0.11488179679465996 0.6172704619859131 106.4591932654501
0.6259269658320707 0.004430854942342646 -0.779869092199927 -79.4292130550277 -0.09389876424199849 0.9931374487639888 -0.0697210867412533 -8.131695147358181 0.7742082765755502 0.11686905230656958 0.6220475617626685 107.07894297589749
0.6331212827432716 0.0044690194742232625 -0.7740397077685702 -80.19945573225925 -0.09403037356835832 0.9930216233714819 -0.07117825765823484 -8.212034228863683 0.768320070142717 0.11784771267023429 0.629123347551404 107.69385895427091
0.6402137991302321 0.0033912389906455287 -0.7681892936648775 -80.96712133659837 -0.09586669922208585 0.9925256487745728 -0.07551431986633925 -8.294344262741241 0.7621914899705304 0.12198908157176197 0.635753723224474 108.32306314694401
0.6466564193571223 0.00395767920356211 -0.7627711400410658 -81.71596057526057 -0.09826727807087624 0.9920858985942114 -0.07816080776871055 -8.371910617892404 0.756425156485932 0.1254986318086294 0.6419276252424375 108.94020947764947
0.654518346396967 0.006348220594065333 -0.756019466895575 -82.48084820847441 -0.10086111932040642 0.9917596922948978 -0.07899207142849667 -8.456871246666703 0.7492881747626977 0.12795472962895538 0.6497652024588314 109.58043661141427
0.6626347417321092 0.007871980360072736 -0.7489013492943059 -83.20658802886074 -0.10194576692792584 0.9915857366726064 -0.07977961790408433 -8.537595563629514 0.741971872549828 0.12921206891252573 0.6578616736003449 110.21013855515966
0.6736278109784049 0.00975528299385129 -0.7390063644720205 -83.9253095306521 -0.1026464661240924 0.9914570260665834 -0.0804777513070679 -8.621335082982805 0.7319079691249976 0.13006844320171052 0.668874371473751 110.84742286455335
0.6831356209916221 0.010320068212709074 -0.7302186107765783 -84.64494740111647 -0.1025058809771884 0.9913562708821617 -0.08188582629310602 -8.7090539225785 0.7230617315952225 0.13079082679874487 0.6782886494169126 111.50380738934086
