1.0 0.0 0.0 0.0 0.0 1.0 0.0 0.0 0.0 0.0 1.0 0.0
0.999897942322769 0.0005763755496572305 0.01427489859573611 0.008249969221651554 -0.0005746935225588134 0.999999827429849 -0.00012193288152348139 0.01233387179672718 -0.01427496641144631 0.00011371674557866157 0.9998981010095249 0.14655223488807678
0.9993674515635536 0.0030919417592957395 0.03542790780621401 0.01905284365593074 -0.0031398892685714362 0.9999942283562292 0.0012978249538793522 0.023961423641634193 -0.03542369052977945 -0.0014082437242626642 0.999371391925376 0.3195116228545016
0.9981088011632966 0.0036444801725907506 0.06136398621861695 0.042192927971359914 -0.003820817815116681 0.9999889013629141 0.0027565380853666 0.03309867638821009 -0.06135325901360665 -0.0029857855354968915 0.9981116484107104 0.5302197310556069
0.9958608541835008 0.0025542552714800334 0.09085502124217684 0.08050151154924667 -0.0029636480697173063 0.9999860538342523 0.00437137588396638 0.042847361259978 -0.09084258855309635 -0.004622544430092417 0.9958545356566715 0.7818027584688994
0.9922427126353016 -0.000244804304118897 0.12431548291741985 0.13372664765956593 -0.0005038637588956625 0.999981927774188 0.005990846879307946 0.05391826356520879 -0.124314702845042 -0.006007012225018948 0.9922246572529215 1.0614919808487873
0.9869000978741933 -0.0037725049132487916 0.16128845284950594 0.20522799491116453 0.0026973833566092923 0.9999726650740448 0.006884273944275689 0.06098156873964775 -0.16131001499886877 -0.006359033841068916 0.9868832969250584 1.348639683731596
0.9796896028380565 -0.004770946871145928 0.2004632638589031 0.2876254178626 0.0031594180720996208 0.9999600786833591 0.008358176656197043 0.07051309992115816 -0.20049513751823808 -0.007555071510132102 0.9796655657549774 1.6523436893257903
0.9702428739764536 -0.006199014678132792 0.24205441064961397 0.3882239269966409 0.003620273093491859 0.9999318741433431 0.011096877709972567 0.08126778085206221 -0.24210671019333646 -0.009890363451453202 0.970199217475544 1.9931320636045051
0.9587238784352613 -0.009902776816614623 0.2841662540298742 0.511080744333237 0.00559054091183806 0.9998566489649126 0.01598209538730761 0.0901385281347352 -0.28428378562690443 -0.013733773406324071 0.9586418062538585 2.340694114974832
0.9460802759433998 -0.01657443376418535 0.32350795912350755 0.6442985871492267 0.010226653684228077 0.999720570343357 0.02131189308286943 0.09688476070268505 -0.3237707939658599 -0.01685435782666982 0.9459854140508548 2.640510655377035
0.9311485730594765 -0.021190903552348494 0.36402373617105793 0.7891690247318197 0.012825320287312248 0.9995955227055981 0.025383107501842053 0.10539230799013442 -0.36441438781808383 -0.018966723321577648 0.9310437247291956 2.946150985570087
0.9125687455419801 -0.02308009151708813 0.40827147100366923 0.9650554826642148 0.01188363754717921 0.9994810655692442 0.029939584619960276 0.1184101312210989 -0.4087506132332823 -0.022470178996423812 0.9123694576416314 3.281184197338001
0.8913989855107192 -0.026596927291225897 0.4524383406488957 1.160476391810562 0.012155188734967936 0.9993204612206719 0.034797516757971575 0.13311813573061002 -0.45305639827429683 -0.025518997714825065 0.8911165360032058 3.6119446773597836
0.8673768179398561 -0.03269004214128858 0.4965771006050626 1.3894030083997455 0.014898762049357315 0.9990986722829807 0.03974757768445563 0.15294471286817843 -0.4974288718901692 -0.02707774339168576 0.8670820683319934 3.957601089141517
0.8412611129233831 -0.03843908168963958 0.5392607689066283 1.608255749761071 0.01763887469635067 0.998889637545114 0.04368480404485342 0.1665466796752409 -0.5403411977467175 -0.027238373737211566 0.8410050303142037 4.246091859750172
0.813843387456811 -0.04417863600120239 0.5794024411528627 1.8453022366436915 0.020405108139985223 0.9986635015249506 0.047485179621861814 0.18662871739967435 -0.5807259011397878 -0.026822729969155565 0.8136571568556275 4.518895785008929
0.7809485039813875 -0.048980724989376695 0.6226719222100416 2.1125957342712502 0.02202992648680943 0.9984601731139989 0.0509113449453964 0.2050971409164514 -0.6242067898286743 -0.026041721999100143 0.7808250202491611 4.8051440050554035
0.745516193277265 -0.05316456951106417 0.6643637061956946 2.3974655579220414 0.023080127059642658 0.998274929200512 0.053985863562824046 0.22933398369256783 -0.6660877669618972 -0.024913736741330652 0.7454571700810834 5.08795452527645
0.707590012274883 -0.054184055477427745 0.7045427330267838 2.718292572372554 0.01937089201132883 0.998168422227578 0.0573111630521764 0.26234185326090864 -0.7063576594555455 -0.026905185368749012 0.7073435996238016 5.379975389650717
0.6691159220341576 -0.056861660912942535 0.7409795101071288 3.049312386110452 0.01783607625647134 0.9980100692787757 0.06047955027897137 0.28795155507146075 -0.7429439798962991 -0.027251663002371588 0.6687986166249543 5.651208309536985
0.6337721348685634 -0.05949693372576524 0.7712282385528783 3.3968062236212297 0.01792489835542761 0.9978993939396645 0.06225349463120872 0.3166230743274445 -0.7733120838853426 -0.025630342410553984 0.6335073057706808 5.903914569543922
0.5984737302640513 -0.06296752911271508 0.7986640623323871 3.7941441322997824 0.018501889194937643 0.9977268930235145 0.06479758509283289 0.34706407841680076 -0.8009287573061976 -0.024002858477357378 0.5982783536990672 6.179087558171649
0.5648376080684191 -0.06412021596708053 0.8227071620059485 4.212477776752631 0.01709376035098671 0.9976718225485293 0.06602073802797855 0.3855587865905449 -0.8250250177228629 -0.023227836684265032 0.5646186214909663 6.44937273353418
0.5335588746982455 -0.06519284663128762 0.8432465949998561 4.628381159578664 0.017414969637387746 0.9976602489283998 0.06611162182742308 0.423527070977477 -0.8455836126979229 -0.020589328697962726 0.5334458111940672 6.702278286283001
0.5000454536549682 -0.06546383164461826 0.8635212973780106 5.1152162745791765 0.01877792553938672 0.9977239225467959 0.06476390885572832 0.46518319086994186 -0.8657955496486656 -0.016169759560392776 0.5001365864284724 6.968754110261103
0.47118426646781664 -0.06415357044416997 0.8796986452373623 5.61301810900391 0.020200476348401233 0.9978746876670586 0.0619519851874681 0.5083640494680717 -0.8818034519032478 -0.011420469019944254 0.47147878541762755 7.224166739430876
0.44550946065069175 -0.06284401067260648 0.8930688387763348 6.153467079239087 0.021263799119422132 0.9979946426194277 0.059619997902799864 0.5524320387188414 -0.8950246763736398 -0.0075712367221161606 0.44595235738446215 7.4823237792301995
0.42228081030517806 -0.0625857910433004 0.9043019053432804 6.744269617407161 0.021611024184927257 0.9980251759144334 0.0589806059196028 0.5962951587337669 -0.9062074160376759 -0.005363487713170825 0.4227994230339842 7.7556672418690615
0.405993797992136 -0.06407539445931533 0.9116267766014795 7.354839778227883 0.023796006120389814 0.9979419748080374 0.05954464718975857 0.6441968376823026 -0.9135659724861905 -0.002481681107151801 0.4066829910068078 8.022693570267478
0.39433939293493003 -0.06659030244320933 0.9165490574978695 7.984661610316843 0.025935334191366764 0.9977803161113685 0.061333508142612 0.6907221635746916 -0.9185988251789207 -0.0004152122585377345 0.3951911258855484 8.291204030330796
0.38537096426657264 -0.06843759506349885 0.9202203624579152 8.62076381696878 0.02563510400330239 0.9976550232907796 0.06346097970732974 0.7352909809632757 -0.922405583972144 -0.0008660742455497833 0.38622168319814637 8.562834738955434
0.3787252845114363 -0.07035358687189741 0.9228312585115385 9.250227884248668 0.02517434797480755 0.9975207406727544 0.0657162394825109 0.7798673496525727 -0.9251666936697273 -0.0016567262712365721 0.3795574319945365 8.824717038764964
0.3684030008009501 -0.07236383618268231 0.9268455665394213 9.9490117479374 0.024345411857657543 0.9973750198984239 0.06819362583188739 0.8279149645214812 -0.9293473677384232 -0.0025582993461183423 0.36919767764995415 9.105916388608946
0.35802715257705076 -0.07427869414438693 0.9307519721245688 10.644416153440101 0.023444082071839137 0.9972315754269538 0.0705659973874439 0.8724869867326129 -0.9334168056304634 -0.003443917490371616 0.35877737721174874 9.37308868557261
0.3474661664851954 -0.07598019279537771 0.9346091554499453 11.328168681512865 0.023879189408105007 0.9971054976061722 0.07218317641085098 0.9200118241767166 -0.9373884186724811 -0.00276350254666468 0.34827477024955494 9.6282194115442
0.33663760060467796 -0.07731948743175614 0.9384544862285098 12.07706800481605 0.023174392011491986 0.9970015296911452 0.07383019266136723 0.9745101332565941 -0.9413490709689065 -0.0031059067609009727 0.3374200348662918 9.894101701643645
0.32700940640186127 -0.07994136639866196 0.9416338067757644 12.827454889157858 0.021488718674594606 0.99678703788894 0.07716110462089981 1.0293947415736406 -0.9447767371683253 -0.004997903051100379 0.3276765751021353 10.160950332482255
0.31703744270440276 -0.08325732210601872 0.9447515431261212 13.585337282156528 0.0195139529496074 0.9965011266139825 0.0812693687519741 1.0885901562591425 -0.9482122471070141 -0.007329595677694853 0.31755284830004044 10.420440494396717
0.30537785193595235 -0.0874550378196346 0.948206720028365 14.38358925061153 0.019951971279294843 0.9961426201636538 0.08545056544904005 1.1478905041379708 -0.9520222089788946 -0.0071761168787000534 0.3059447939702349 10.680156144840746
0.2944103297549049 -0.09050903001540325 0.9513835573622655 15.18017172849198 0.01917351500188652 0.9958642656131556 0.08880732400676833 1.208741549352533 -0.9554867524231201 -0.007904426635849782 0.29492810307510176 10.926065630456145
0.28011009798173264 -0.0922903177634202 0.9555212348534128 15.964844228945033 0.018608132200892004 0.995702906874705 0.09071636377885067 1.2710712430237974 -0.9597875131635429 -0.007630104087728483 0.2806237892391737 11.150648533196314
0.2670398518601558 -0.09162183366786461 0.9593201536055856 16.751005729122966 0.016777677628280037 0.9957613049762117 0.09043192492407552 1.3320251108198644 -0.9635394268279361 -0.008053763555647256 0.26744515295791427 11.364894631675186
0.25027164654795736 -0.09127371166182013 0.9638636897889916 17.517539129726856 0.016006501590863455 0.995800304393076 0.09014180870982816 1.394185577266911 -0.968043333142167 -0.007131853204636676 0.2506815546243311 11.5607006848958
0.22925441714864359 -0.09055788198817041 0.9691448200489193 18.337240781767264 0.013433412144919714 0.9958623032971721 0.08987667277884753 1.4607069601883698 -0.9732738338494363 -0.007585702437342863 0.22952233325441695 11.757055955617897
0.20584681611758637 -0.08941383225394461 0.9744907669628871 19.141177265150898 0.009791412737735226 0.9959552991477274 0.08931500622045493 1.5291395636758995 -0.9785352403111764 -0.00884356835355729 0.20588971506105902 11.935806988042613
0.18201839851112356 -0.08953695563518964 0.9792101082908756 19.93793021735627 0.006702322183047019 0.9959354235923236 0.08982043704711155 1.5940079244042538 -0.9832722824735786 -0.009785990474222628 0.18187867634672839 12.092105944140902
0.14977784044104825 -0.09008729672124702 0.9846069659931694 20.743309296238504 0.00364911556484334 0.9958839528133199 0.0905639911030433 1.6597137108182105 -0.9887129423995676 -0.009971534404277275 0.14949008673893394 12.222589275939017
0.11775227137571315 -0.09040126869673223 0.9889196191824094 21.5370237214505 0.0032333059352903856 0.9958773541736632 0.09065230927446613 1.7276179888463095 -0.9930377376105046 -0.007477035648294418 0.11755911542421932 12.321751521633963
0.08361197859435238 -0.08988312813041854 0.9924364263332076 22.341684317591337 0.0019189663908918755 0.9959364415941576 0.09003844663674279 1.7941456734603298 -0.9964965401864313 -0.0056238405256298155 0.0834446991378967 12.394988621323495
0.05030925234461553 -0.08829238564028835 0.994823317864269 23.1830927037493 -0.00094099351369617 0.9960800394980147 0.08845150900261987 1.868382507518505 -0.9987332444951119 -0.0053860515760588284 0.05002895950034397 12.442664740500048
0.019190123590792585 -0.08603931622191194 0.9961069095336282 23.969719765403404 -0.004901935005765391 0.9962703028051396 0.08614786579918711 1.9361114481827881 -0.9998038358546987 -0.0065360395210970895 0.018696791104606703 12.461603234654286
-0.012408320969356013 -0.08276647130107304 0.996491718379581 24.802675455598038 -0.0044867578961733864 0.996563016400231 0.08271652402545646 2.000657026607213 -0.9999129474980821 -0.003444643906333665 -0.012737026892332193 12.451296710190537
-0.042332807542118656 -0.07965719069580779 0.9959230218124561 25.610960895645327 -0.0025587027636917933 0.9968219780001334 0.07962033167520088 2.0607473061862374 -0.9991002884824772 0.0008222811889101247 -0.04240209202241496 12.4119964250853
-0.0728718722266144 -0.07519565643248091 0.9945025407166522 26.424958121944005 0.00024159283639631907 0.9971523022174528 0.07541371105664577 2.1221386964892686 -0.9973412815436297 0.0057358030058697815 -0.07264618842574233 12.347250811094362
-0.10362562966102368 -0.07239008722711712 0.9919785300845008 27.234225868212743 0.0013580085663909003 0.9973366520697127 0.07292296106927107 2.1802652722654896 -0.994615445632175 0.008903803099080135 -0.10325133219616506 12.26053603242893
-0.13031024423109622 -0.06913538552933678 0.9890599267567877 27.995196000935668 0.00544320746625887 0.9975009855342851 0.07044256774571295 2.2327816217629546 -0.9914583257711398 0.014563046585109384 -0.12960827879903586 12.153319671686482
-0.15882216377682046 -0.061220493891955635 0.9854073124454042 28.79650515342738 0.008146360640009256 0.9979604473426322 0.06331336626666464 2.2831381113753046 -0.9872735978955237 0.01808304917094857 -0.1579995133888371 12.016046014936023
-0.1843979538407557 -0.04917282002172592 0.9816208170115656 29.613220511388906 0.009279095537004692 0.9986160672536353 0.05176725421439854 2.3308312952937227 -0.9828078616928936 0.018654329095252237 -0.1836864801792673 11.863519014277603
-0.20686750858729752 -0.03423017457035382 0.9777699775712936 30.390196829656404 0.009189852328030846 0.9992756960627479 0.036927359403292705 2.3688449845975366 -0.9783258048856085 0.01662463254312909 -0.20640310338687384 11.700554986113403
-0.22980232180773835 -0.020005960586381134 0.9730316821320819 31.18826869710982 0.008199087666809485 0.9997134252367292 0.02249093957305437 2.3966110073286737 -0.9732027886587691 0.013146442197909477 -0.2295724356370608 11.520113883866594
-0.2545120707434701 -0.009913958230044187 0.9670187791755049 31.96773536317336 0.010259202344459544 0.999863503068781 0.012950830022879296 2.4152789743667826 -0.9670151780676075 0.013216983893423458 -0.25437562132333885 11.317083369605784
-0.28003763133845183 -0.00586195433151112 0.9599711258812762 32.76461849994595 0.011541733512196554 0.9998885229237116 0.009472598005411968 2.425985926340764 -0.9599196390437499 0.01373241482238189 -0.27993875644730437 11.087710053687513
-0.304151748897734 -0.006597421832800637 0.9526007493528492 33.52865038059737 0.012309693202637511 0.9998653103821677 0.010855070134657054 2.4361170719755805 -0.9525440593986751 0.015027811534999672 -0.3040295705762218 10.845143311239866
-0.326040812435798 -0.01115668754574111 0.9452898586937298 34.278363448001905 0.013150634819309066 0.9997800802952757 0.016335600650770846 2.4400384857331487 -0.9452642220194595 0.017757234237881586 -0.32582239211289193 10.588484953531509
-0.3456382860038712 -0.013265815824569573 0.9382740502533441 35.013673406118805 0.018235036098419075 0.9996162971239395 0.020850467206119935 2.4460029770683005 -0.9381906302595414 0.02431618092408282 -0.34526376096901884 10.309322884329319
-0.3611853677018989 -0.013471521288725124 0.9323967225769358 35.74934917186251 0.01946406094729494 0.9995688803654308 0.021981895651633134 2.454374143105357 -0.9322908776178624 0.026087765699015417 -0.360767443086747 10.022828441105172
-0.37285526885675085 -0.010608840364593183 0.9278288640648551 36.50107064956819 0.021365181984083867 0.9995713742720194 0.020014912808554112 2.4624221915527214 -0.9276435077574507 0.0272858982272093 -0.3724687936906759 9.718548695371798
-0.38206924525966107 -0.008140813015864615 0.9240978405938163 37.265301032115346 0.022114968665738182 0.9995942921199124 0.01794935436736307 2.4721869569243737 -0.9238690491555754 0.02729429106484517 -0.38173420293136046 9.39873930683626
-0.3903867946182964 -0.006895515685169337 0.9206251150447111 38.03545016203378 0.01750223916341166 0.9997356498107337 0.01490979952167971 2.477164892170731 -0.9204845583777703 0.021933589787025858 -0.39016290883057514 9.080670721051373
-0.401180474213541 -0.007889723638428627 0.9159650535750303 38.806222773072115 0.017366549638035588 0.9997176587903722 0.01621744913255715 2.4821474460482555 -0.9158343900856032 0.022413276503149938 -0.4009301871559752 8.739753680948663
-0.4104495381185026 -0.007462040600933798 0.911852781214368 39.56583374775244 0.018326892294636576 0.9996970387039217 0.016430332480831616 2.4851034579739832 -0.9116991289219973 0.0234552500877713 -0.4101884317800678 8.39323356586818
-0.41687038874835464 -0.005740870973609562 0.9089478100448124 40.31634458625718 0.020328383593535376 0.9996710652763612 0.015637073565713793 2.49201508114874 -0.9087385959698587 0.024996072685320597 -0.41661656297492583 8.042344772940083
-0.4226697335672684 -0.002524817311928997 0.9062802665973236 41.066974420655946 0.021313573646544945 0.9996918523343983 0.012725248706142157 2.5047081283041184 -0.9060331273770225 0.024694648686734776 -0.42248567599582726 7.689833943137295
-0.42354974292363323 -0.0016716077632643912 0.905871304875483 41.82932006190849 0.020342445792139015 0.9997285747766155 0.011356129371893828 2.512442971004997 -0.9056444115482181 0.0232375235901569 -0.4234007762497358 7.337928735732283
-0.4234075389795595 -0.0016100554365595082 0.9059378917214824 42.58189851901981 0.022663522373571623 0.9996666323793635 0.01236886659825972 2.519129495733829 -0.9056557959229852 0.025768815044431743 -0.4232298990883212 6.987083860759212
-0.4214209239366277 -0.0028547537291788664 0.9068606592247482 43.359924436233925 0.020788842606875392 0.9997018495883214 0.012807652117218297 2.528452912406068 -0.9066268410385089 0.02424999609968759 -0.4212359300887087 6.63233054016621
-0.41478577917691745 -0.0037758775487375107 0.9099112594870636 44.1568515879321 0.01878754607875276 0.9997426706087491 0.012713012090964922 2.5394310588488227 -0.9097251153534985 0.022368176341025624 -0.41460810313142776 6.277853313320283
-0.4071835982738247 -0.004699970260804559 0.9133342365072757 44.94355328995102 0.017226910259700443 0.9997693514149786 0.012824879499528152 2.5506369883855506 -0.9131838538102198 0.020956007511468942 -0.4070087159871327 5.933376601923831
-0.40188014719718373 -0.005845633767822584 0.9156736186298164 45.75667125277352 0.01463174609386165 0.9998109606070382 0.012804493597031967 2.56127568472398 -0.9155753706249501 0.018543775664199583 -0.4017186441890656 5.583048496283867
-0.39669518834567713 -0.007293518392109484 0.9179214193670674 46.58756208687264 0.011461325283292299 0.9998511324556867 0.012897711030697092 2.5692941265536953 -0.9178788403521122 0.015637055878417825 -0.3965525399203956 5.237363364135642
-0.3954610993514668 -0.009030547590780216 0.9184383311414763 47.441008398446215 0.008214171579708142 0.9998769024003823 0.013368149889783115 2.5811252317857187 -0.9184459953012962 0.01283079328908571 -0.39533824057202505 4.881730243001673
-0.3960389061868687 -0.010630610088119889 0.91817219241026 48.30391879999386 0.005884720414016997 0.9998830624330866 0.014114939783139734 2.590765154375099 -0.9182148740093236 0.010993251956867574 -0.395930036192577 4.522256558386817
-0.3972796230585091 -0.011470657925718095 0.9176259178495559 49.1919150474194 0.005145860735258235 0.9998783147102612 0.014726706673966711 2.60128523563585 -0.9176831812885001 0.010572595656644056 -0.3971722535642425 4.15044450242089
-0.39884687229861776 -0.01240254162601418 0.9169336668586364 50.093962262704956 0.00485428968332763 0.9998659697282719 0.015635806695302564 2.60962273119079 -0.9170046937335056 0.010687354235614867 -0.39873320921408356 3.7645619092566283
-0.39805558540769553 -0.01311286093767935 0.9172675748132418 51.01037115441457 0.004796456583497156 0.9998544169542445 0.01637494736879823 2.6202120473514046 -0.9173487586136365 0.010917773358948625 -0.3979347399950189 3.3682681835628814
-0.3982479462810919 -0.013710482344381117 0.9171753354494313 51.9269482819796 0.0052323118442715285 0.9998380668057325 0.017218103232927818 2.626919164932342 -0.9172628828180375 0.011656021622315105 -0.39811171919987903 2.9776723931416154
-0.3994770795749234 -0.014336875963644557 0.9166310691231744 52.86126265404669 0.004836317728603346 0.9998308321182451 0.017745905909981603 2.635217355005413 -0.9167304254387539 0.01152220175751987 -0.39934016319616616 2.574677273809475
-0.3988206588212507 -0.015158392224465824 0.9169036510138635 53.82051105252727 0.003469888984171699 0.9998312693731894 0.018038643353486032 2.6435737320802715 -0.9170223781172524 0.01037573750467869 -0.39870076762330525 2.1651672535948174
-0.3994506134517017 -0.015568265157078756 0.9166225158335675 54.76319527013517 0.0035733175204275634 0.9998217608615423 0.018538551982927504 2.6502849621774467 -0.9167477509189526 0.010680619257533129 -0.3993237853638551 1.7592916199879558
-0.39779385336279943 -0.015748014887371126 0.9173396591524225 55.730899382208335 0.0025144663436209476 0.9998302108606847 0.018254503808250944 2.661961316842232 -0.9174713770389693 0.009568149109717518 -0.3976867144333989 1.3471543562938584
-0.39645239114734543 -0.017441061672240788 0.9178895962594288 56.669926830484336 0.0019661234876623794 0.9998011019169548 0.0198466864759341 2.6676771617123616 -0.9180531770611021 0.00967295060402236 -0.39633924624572403 0.9501954190624875
-0.3956608059349515 -0.01943560211263941 0.9181910389550882 57.65608460586664 0.0042172568685366766 0.9997270581913971 0.02297876986438271 2.678503625392906 -0.9183870324603947 0.012964046069597609 -0.39547084863248266 0.5267688006004361
-0.39320612710070535 -0.021129512442114876 0.9192075311454008 58.62820746686364 0.00568961660984447 0.9996608541449226 0.025412692755342633 2.6862717644073575 -0.9194327435290183 0.015222364934627423 -0.39295255404755947 0.11317574438506744
-0.39140193221536307 -0.021453817950333805 0.9199697066498627 59.579131312501936 0.0065905615348571 0.9996372032421776 0.026115635026023622 2.6961528642446506 -0.9201962247025011 0.016284826972097214 -0.39111854015599073 -0.28949719541406904
-0.39072381023607894 -0.021645364848459824 0.920253433731805 60.54541985871345 0.006587629096695673 0.9996321407821436 0.0263094328747873 2.7094780009201167 -0.9204843872969736 0.01634201015437299 -0.39043748724556326 -0.6905858330725303
-0.38851635209698815 -0.02137687781646107 0.9211938304439894 61.501722774495384 0.0063189020336163896 0.9996455406570817 0.02586241522945594 2.721080212255179 -0.9214201623745483 0.015868904789913207 -0.38824356044940395 -1.0895792650547356
-0.38865556262348805 -0.02080625946875208 0.9211481711476927 62.433575854238605 0.0032953899399370667 0.9997072204072324 0.023971104913812467 2.731677933434095 -0.9213772267898549 0.012352045683375976 -0.38847320746799513 -1.4753301999113915
-0.3901641267731763 -0.018973116704843324 0.9205498221290521 63.38001472189549 0.0009817053585818337 0.9997785281051537 0.02102215484867286 2.74384452952742 -0.9207448020129757 0.00910579938264858 -0.3900590903743805 -1.8699872738515433
-0.39356978531498127 -0.0184920450402943 0.9191087358726102 64.32292726559074 -0.0008674869250671156 0.9998046890174057 0.01974414559417297 2.75129186153545 -0.9192943334719053 0.006973384331641933 -0.3935089584207822 -2.26604840524419
-0.3980710857859556 -0.02057010710146516 0.9171239182111786 65.28784293181916 -0.0016600770117697894 0.9997630823733752 0.021703070464862237 2.7582233369465454 -0.9173530698730481 0.007116868491270202 -0.398010923691012 -2.6833425478314092
-0.40285948129671567 -0.0229256866274882 0.9149746724483686 66.23057220198841 0.001925728258419539 0.9996627996995309 0.02589552987622321 2.7653953895695422 -0.9152598155168924 0.012194252316310873 -0.40267948831599343 -3.1003813456097724
-0.4083486136720278 -0.024260076008833596 0.9125036210471599 67.15369554836107 0.0010680548863900297 0.999633389693776 0.027054490719490638 2.778971230464543 -0.9128254318164525 0.012022267730214756 -0.40817299776899785 -3.5044220671035164
-0.4131738809226176 -0.022277339437330054 0.9103796264586204 68.07000426353476 0.0014528345386893519 0.9996833370192739 0.025122001469075526 2.7853067141818606 -0.9106509942865852 0.011702385808159826 -0.41301067876176184 -3.912861583686172
-0.4181359394087612 -0.02013240147840789 0.9081613417149317 68.95978991491401 0.0007682732982544783 0.9997461782809309 0.022516411099739 2.798798424072282 -0.9083841400700983 0.010112636816649766 -0.4180143402393302 -4.318848588682373
-0.4237030306337122 -0.018280852903353184 0.905616669595328 69.84417024749892 7.384281798686158e-05 0.99979562284668 0.020216505233532366 2.809154221015294 -0.905801157196791 0.008632667823168762 -0.4236150855047647 -4.728667891610639
-0.42798002459817264 -0.017637330521963455 0.9036160817056142 70.71597821472459 -0.0009782309515330954 0.9998180205977727 0.019051738822424936 2.819948817102504 -0.9037876640058513 0.0072698184304318915 -0.42791939443174987 -5.136907730988877
-0.43087595517118316 -0.018915310058940073 0.9022129029783905 71.58242726011929 -0.0007279350056524029 0.9997872571910047 0.02061335657081324 2.8280509496957427 -0.9024108717019914 0.008225047347104095 -0.4307980585264861 -5.547403714990326
-0.43518441361167876 -0.024624712351224855 0.9000045275947667 72.49968119144127 0.0013241571770512967 0.9996073209126577 0.02799018730894655 2.840229267525886 -0.9003403649494063 0.013372640705518225 -0.4349809188037233 -5.982414073728174
-0.43622229247319966 -0.031828423601393555 0.8992758547856585 73.37644808261634 0.004139658547719055 0.9992926826587327 0.037376431234427715 2.8559104160489723 -0.8998294142650232 0.020027127496569767 -0.43578198607526397 -6.408671041073358
-0.4374815130452712 -0.03413601879339998 0.898579244120716 74.2533165896411 0.0050366167286042055 0.9991705087324669 0.04040949110336154 2.871456255151804 -0.8992132996322674 0.02220420456220295 -0.4369466959071902 -6.8259797139200336
-0.43743572860032437 -0.029725339650772314 0.8987582475429917 75.10993024883308 0.0038251213397130154 0.9993829614161569 0.0349151095918159 2.8917256902409036 -0.8992415425182713 0.018710975755375933 -0.437052110846798 -7.238261663972704
-0.4371829513362651 -0.024618145186064776 0.899035602180754 75.92768639662114 0.0028156790379017527 0.9995829372538376 0.028740624602582324 2.908610506675206 -0.8993681887928151 0.015096306786392337 -0.436931301818653 -7.637961799069652
-0.4374203663270962 -0.0216473267495797 0.8989965608203772 76.7821730693163 0.006471002233067982 0.9996085611615497 0.027218570547259766 2.922390063412095 -0.8992338679411318 0.017723365852271373 -0.4371090631072501 -8.058688941196813
-0.4344735653924053 -0.022106796750632374 0.9004132443009919 77.63962007601785 0.00814199293087003 0.9995614931233394 0.02846979831600741 2.935521612672344 -0.9006477829464331 0.019700533050318856 -0.4341030523633856 -8.471224469330384
-0.43158612326746965 -0.024248923515272566 0.9017457556935363 78.4871470211825 0.007875856909349303 0.9994992377301142 0.030647098636967 2.9513598154816254 -0.9020373545928683 0.020328883030579687 -0.431179020168919 -8.871693966342399
-0.42890242043527543 -0.028608226559440952 0.9028977146487226 79.3457384159981 0.006428302169274721 0.9993764474040019 0.03471877453736838 2.974403147328504 -0.9033279530026638 0.02069506577133348 -0.428451074892732 -9.272480137023472
-0.4248663686847597 -0.03363073670125498 0.9046311636847126 80.22165295788331 0.00535488630916944 0.9991988298504066 0.0396613617793764 2.998007896186396 -0.9052402410151916 0.02169497578955945 -0.42434588966107445 -9.67321888683463
-0.4232107444382593 -0.03679366408727321 0.9052838737517903 81.08404323767869 0.0015094314848798293 0.9991450666870203 0.04131412992648483 3.0234980793659596 -0.9060300146289895 0.018851047663801537 -0.4227933899594107 -10.05723164659318
-0.4210705785535179 -0.0391356789171174 0.9061831859576197 81.95196521111916 -0.00258997952830985 0.9991165324840552 0.041945756913911836 3.0560976087255023 -0.9070241782238491 0.01531512823107725 -0.4207999369826677 -10.440581637212329
-0.4184866572082222 -0.039793043982121454 0.9073507763755564 82.79328487387218 -0.00040283801582337644 0.9990477321258379 0.04362873658213391 3.0776945343327484 -0.908222855614315 0.017892528744064363 -0.41810417595967864 -10.825301533705064
-0.4165266555264092 -0.0378626507021665 0.9083347207487943 83.64219813985632 0.0034176616961159867 0.9990600962299534 0.043211615446863985 3.101108927108847 -0.9091170798222391 0.021103170444330938 -0.4160057588215368 -11.210821350159419
-0.41181714455830715 -0.03544367596410987 0.9105769518728187 84.5004026194212 0.005044043622317012 0.9991393362115282 0.04117213206433506 3.1277459125328586 -0.9112525429713646 0.021548379728834936 -0.4112839290068157 -11.595498610387285
-0.4052195557707224 -0.034780861165272785 0.9135575533690148 85.33803641216514 0.008862622286882784 0.9990796480757889 0.04196797263340139 3.1525470346486966 -0.9141764411464444 0.025102758759943083 -0.4045383615375205 -11.967383540475819
-0.3963567084546423 -0.03404549123415247 0.9174651296859337 86.19350679221722 0.01359184380643168 0.9989850909162077 0.04294240222761424 3.1744406382895307 -0.9179959811703664 0.02949055194061127 -0.3954917014316418 -12.336019854764556
-0.38549732710008816 -0.034489590054864384 0.9220641403809905 87.03522368381415 0.011480574559296021 0.9990445365759055 0.04216883144720378 3.2028314377901492 -0.922637527529894 0.026841797921928354 -0.3847330381938135 -12.675449509516321
-0.37431854018735794 -0.036221604380663935 0.9265924810012739 87.8956877928396 0.01036914605826022 0.9990108426442175 0.043241381676736204 3.23121888687923 -0.9272422074528467 0.02579402363690818 -0.3735726931436381 -13.017579049815701
-0.3617558100797615 -0.03880952687193752 0.9314647360461435 88.74834155015341 0.012440099634152435 0.998843232708098 0.04644825501920058 3.25862444223893 -0.9321898829072476 0.02839044024337578 -0.3608545484099645 -13.34491206389106
-0.3490269908203007 -0.04049006619786032 0.9362375308746272 89.57655781272543 0.012557652809823208 0.9987743412200414 0.04787609712978366 3.287921940101771 -0.937028529466864 0.028466995973678532 -0.34809074263099976 -13.652037673163528
-0.33745768708170215 -0.041242358975554595 0.9404368013086255 90.40592810307456 0.012701050186062249 0.9987493524766122 0.04835715305638712 3.3186181543748936 -0.9412550094175536 0.028263028034504964 -0.3365118251899651 -13.949089521590414
-0.3224006990584474 -0.040683852044090515 0.9457286151055593 91.24143216136275 0.015962459489316266 0.9987002696982232 0.04840424766224717 3.347050445830222 -0.9464686942174456 0.030701717990216374 -0.32133225076044397 -14.238525521285656
-0.3085881320294964 -0.037492285733213504 0.9504565709600019 92.08098786415209 0.017209486227875728 0.9988392702781896 0.04498828440723287 3.3724332460176263 -0.9510400613824417 0.030239719916569853 -0.30758472163787454 -14.513000662644538
-0.29606884063668437 -0.03004630722171866 0.954693909599505 92.92465544412654 0.0187725328168949 0.999129020733009 0.037266498906352225 3.39568207752094 -0.9549821116731393 0.02895547187383837 -0.29524692552654164 -14.777969305935574
-0.2820411868475339 -0.02617207572920699 0.9590452499093353 93.7984749273065 0.015241028005230814 0.9993794746164592 0.03175494891625595 3.4183041530410665 -0.9592812309156155 0.023573038992775398 -0.2814672837927472 -15.030378842800882
-0.2686190139384334 -0.028342241594804803 0.9628294463154551 94.7011202501471 0.013817013688333556 0.9993508181220159 0.03327209719260928 3.4397545929491624 -0.963147400704316 0.022240945578813683 -0.26805302620242916 -15.27597093293861
-0.2544307722206688 -0.03232270740021487 0.966550683996196 95.58315241057153 0.013250138391948506 0.9992309874285924 0.036903490283099055 3.4562382956570885 -0.9670002150877676 0.022196313856148925 -0.25380683141202287 -15.504620485024118
-0.24311728992853687 -0.032414145579612086 0.9694551596150013 96.42396277117713 0.011424391347389026 0.9992764981331571 0.03627621205523282 3.472392291565397 -0.9699296194158346 0.01989480950092839 -0.242571082231119 -15.70568252469579
-0.23620586204203087 -0.027461589806556247 0.9713149086790944 97.2904763817357 0.008494781618536442 0.9995040134523985 0.03032434299042855 3.4882226686916398 -0.9716659042192612 0.015413895608969963 -0.23585542690368877 -15.909689538204567
-0.23130544547346332 -0.021720383148803514 0.9726386872061957 98.1657527031211 0.0037906140532827284 0.9997230381860006 0.023226669267278642 3.4967059814009858 -0.9728737955867769 0.009059352958222957 -0.2311590491080906 -16.105329063347913
-0.2281820566080915 -0.019447071554537503 0.9734242448439706 99.02756031745606 0.0008923026271496614 0.9997959024933323 0.020183090783248574 3.504650642247822 -0.9736180733933216 0.005474008174634927 -0.22811813254623298 -16.29964279411972
-0.22466441353742678 -0.019988580162399357 0.9742311624829988 99.90175827253333 -0.0014115314217636662 0.9997952137030055 0.02018757626875721 3.512256514702059 -0.9744351742773499 0.0031602720852563146 -0.2246466198530877 -16.492973236516193
-0.22003022670266587 -0.020584740429362605 0.9752758419024996 100.77705746108435 -0.0036415895955494784 0.9997876969387591 0.020280529458316206 3.517457267365685 -0.9754862572903789 0.0009107751357005089 -0.22005847478854607 -16.682262694638588
-0.2150430795110176 -0.024202064433265988 0.9763046317782103 101.64445106967052 -0.00772452293718571 0.9997037627477641 0.023080695252865498 3.524564015217457 -0.9765740144504211 -0.0025781437374199096 -0.2151663251418729 -16.86907985076258
-0.21026516857929234 -0.028291413286742104 0.9772349537427325 102.50110713279722 -0.009052640785223396 0.9995946872492294 0.026990941405019352 3.5328713448568867 -0.9776024798337695 -0.0031713021543571633 -0.21043605742721538 -17.047142627157196
-0.20573191951882058 -0.03077943498667194 0.9781242271168845 103.34560592163842 -0.010797552881634913 0.9995158092805012 0.0291814984213088 3.5450024744246247 -0.97854881847707 -0.004557782382451548 -0.20596464860962033 -17.219597955996242
-0.20242872475967866 -0.03148621733241677 0.9787906974988402 104.20271257053436 -0.016374572322554 0.9994520925620238 0.028764353888886686 3.5588771583246936 -0.9791600914934308 -0.010204547588574399 -0.20283338589859612 -17.381781790901993
-0.19993930716354702 -0.03022898343307857 0.9793418616660698 105.06522135872542 -0.02294121854454689 0.9993943807446468 0.026164331210927635 3.5720653613757243 -0.9795396745117841 -0.017236017423594277 -0.20051170978454447 -17.548335085441746
-0.1959239158997116 -0.02781065239359636 0.9802246613873606 105.88684730145529 -0.02356654984497932 0.9994425987355076 0.023645497694484534 3.5778524668939933 -0.9803358796386712 -0.018467794840162192 -0.1964701087870998 -17.711731703659133
-0.19048476464334535 -0.025714491846417394 0.9813533101527963 106.76410341088483 -0.025308959732415072 0.9994532406430712 0.021276191513680008 3.582286387290331 -0.9813638525012183 -0.020784241076939276 -0.19103142235460474 -17.88218674411934
-0.18364879929156336 -0.02841697625337655 0.9825810877374866 107.62713373012897 -0.028158356031260438 0.9993239410756176 0.02363826936796948 3.590355123539321 -0.9825885331634926 -0.02332672831133716 -0.18432481721652455 -18.04146308266793
-0.1778128675431655 -0.03233187895928287 0.9835330364248266 108.49303571027426 -0.029186099801228334 0.9991937043586031 0.02757014233778099 3.600073420823847 -0.9836314125293425 -0.023803167291246055 -0.178613139249148 -18.192859920883738
-0.1705976683139106 -0.035256117345547705 0.9847098261699099 109.3426069660461 -0.030230074522205053 0.9990765056017914 0.03053323679035236 3.61222569730796 -0.9848769355408009 -0.02455895242535333 -0.17150591737759485 -18.33412467801501
-0.1658187182366208 -0.03190562004121839 0.98563998706026 110.16630913862251 -0.032997572531375134 0.9990963230743579 0.026789875444554107 3.6238218178450774 -0.9856040345338491 -0.028081464154909898 -0.16672167969857948 -18.465761928066676
-0.16193034643182047 -0.029635864393845242 0.9863570745151576 111.01311234097139 -0.03326877825108455 0.9991446724013879 0.024558338820113244 3.6337559473427707 -0.9862412236862496 -0.02883815447550229 -0.16277779193826247 -18.597273891110994
-0.15698486325333905 -0.029027991854292345 0.9871743151025749 111.84545233394272 -0.03431923854178999 0.999124585673868 0.023921792740797608 3.643715442587807 -0.9870045301695642 -0.030123711440144592 -0.1578436550318978 -18.722449441559498
-0.1505968527638623 -0.030337407463523338 0.9881296623652244 112.7058893156892 -0.03514020915942489 0.9990616556525753 0.025317462451192596 3.6507126311940143 -0.9879705226563452 -0.030910352847029005 -0.15152160390195418 -18.84584030522779
-0.1421311764554974 -0.03172498411562246 0.9893393017879355 113.5798023411391 -0.03352785705697844 0.9990670360389236 0.027220218617180946 3.6561155672419066 -0.9892798448773445 -0.02930158499576099 -0.14306224392268257 -18.971481694934184
-0.13396246613246998 -0.032391895122493984 0.9904568757891886 114.44805235808225 -0.032600361059847614 0.9990687411399253 0.028264234216633218 3.6618213410775446 -0.9904500361585508 -0.028502905245930264 -0.13489369987537259 -19.091592238510927
-0.12749730323842562 -0.03275683534458659 0.9912978499952156 115.30629457219686 -0.03212695767672899 0.9990664234281952 0.02888148487928489 3.670586040139987 -0.9913184635914774 -0.02816507263619854 -0.12843065220589306 -19.20461103822098
-0.11974140102327696 -0.03324187020280433 0.992248444164264 116.15551979146197 -0.034418311049315094 0.9989775174148563 0.029313811832703887 3.685045612529439 -0.9922083333380622 -0.03064143869126392 -0.12076309655451106 -19.307609049794895
-0.1133101774445679 -0.0343608214790984 0.9929653254946831 116.99269247383103 -0.037972960584825466 0.9988213982441745 0.03023026089823929 3.69716009380864 -0.9928337514165722 -0.03428043694053292 -0.11448141199016687 -19.39966370257683
-0.109418036608251 -0.03468783081109775 0.9933903802928717 117.83886915091897 -0.03871883781361797 0.998781155883219 0.030611341867741032 3.7072645856751825 -0.9932414333197938 -0.035113488095055795 -0.11062774557334232 -19.49175091014117
-0.10425890495049162 -0.035174565771431694 0.9939279806209883 118.71135132831485 -0.03989575327026237 0.9987178952935168 0.03115917989110801 3.7202421780063406 -0.9937496715015924 -0.03640488350866277 -0.10552854991516747 -19.58279035990522
-0.10137575247849451 -0.034271691870287786 0.9942577170662381 119.57142115152969 -0.04140634433222078 0.9986857987462925 0.030202483863448943 3.7359890494366494 -0.9939861525486464 -0.03810677785943567 -0.10266158981192064 -19.66694096802355
-0.09670243298082304 -0.0358133352999479 0.994668811449461 120.44297146043276 -0.043458042541681216 0.9985513136611561 0.03172810306376964 3.752045539706592 -0.994364137524094 -0.04015817476272133 -0.09811871893625534 -19.7508564069665
-0.09155574816269169 -0.03824054956188477 0.9950654276717561 121.29161475014122 -0.04310532625193649 0.9984779350678776 0.03440558139751992 3.766914156425982 -0.9948665618197667 -0.03974259115599144 -0.09306476573399741 -19.82550187132587
-0.08759291907640676 -0.039416489751412875 0.995376220764466 122.1650533662736 -0.04351056649759805 0.998414631974015 0.03570788796961036 3.7811417659778233 -0.995205662730439 -0.04018162510238865 -0.08916908586163108 -19.89774471841935
