1.0 0.0 0.0 0.0 0.0 1.0 0.0 0.0 0.0 0.0 1.0 0.0
0.9998490012785456 0.001209774276613753 0.017335255651272988 0.007200408261269331 -0.001208472048646588 0.9999992661340997 -8.559538544945763e-05 0.010586154647171497 -0.0173353464806155 6.463328874498614e-05 0.9998497295018564 0.15577983856201172
0.9991839070899711 0.0040745176251967856 0.04018604382795395 0.01397047302484791 -0.004088233139544989 0.9999916095660768 0.00025912785254405765 0.022687717377784217 -0.04018465082860621 -0.0004232062962654541 0.9991921810814044 0.34335018863688643
0.9978423902824693 0.00481557689582081 0.06547804498095945 0.03817504544084147 -0.004829978893800978 0.9999883336832972 6.165377463212445e-05 0.02875726128820962 -0.06547698419485697 -0.000377778325114241 0.9978540082718932 0.5668708558754376
0.995732233312757 0.005647469543455826 0.09211637004216588 0.06235273693130311 -0.005734434898856536 0.9999833271791557 0.0006794262994566389 0.036944976441497225 -0.09211099716309815 -0.0012047619936551598 0.9957480166940622 0.8188006640435095
0.992408312817751 0.004436895176207575 0.12290669066987531 0.10494915221563446 -0.00456239186642242 0.9999893186927454 0.0007396491574810812 0.04379278587477752 -0.12290209611996969 -0.001294782458294006 0.9924179554541038 1.0813952512846403
0.9875549879067687 0.0014906334005060778 0.1572670463654972 0.17105268331837375 -0.0015261712559018173 0.9999988298651822 0.00010521199630904913 0.05344705667487989 -0.15726670550933475 -0.00034391907740623023 0.9875561072961416 1.359966554433613
0.9806406038651226 0.0013196430850218532 0.19581180912594637 0.25370045575139083 -0.001574359481869263 0.9999981049728853 0.001145182457276614 0.05687771818680414 -0.1958099268251478 -0.0014312905947988916 0.980640823117192 1.6821934114736485
0.971345238213479 0.0010887069055926406 0.2376704502399774 0.35346726330493944 -0.0020061149840413387 0.9999914421291852 0.0036181723374083584 0.05849638206301118 -0.2376644771577584 -0.003991288722467612 0.9713391096376502 2.0513837618210085
0.9599834945146422 -0.001780412239735471 0.2800509246399883 0.4791930415916767 -0.0001254496872593277 0.9999769578735423 0.006787340005593613 0.06046117412420907 -0.28005655593438944 -0.00655086667794156 0.9599611511014058 2.4185413323466767
0.9480209532299152 -0.007274723472565114 0.3181247406842805 0.6058793745378985 0.004018756639147971 0.9999326268399484 0.010889966760084002 0.06273246527162903 -0.318182529112015 -0.009045450754834749 0.9479863174057543 2.7276976678118388
0.9331522184500393 -0.010467679706772986 0.359329048204187 0.7613260907497035 0.006229772800861297 0.9998967397777966 0.012949892377286672 0.06474750740007477 -0.35942749913246785 -0.009845682469492488 0.9331210722109377 3.0596242365224677
0.9153386545797955 -0.012458083173294113 0.4024921658811478 0.9369354819417053 0.006391335504889264 0.9998448778353425 0.016412528656277094 0.07869262485066877 -0.40263419907220255 -0.012450559428253054 0.9152762890556106 3.390002128651016
0.8951437278823278 -0.015359600967718719 0.4455129505312297 1.1349009367874823 0.007420434001884014 0.9997811631372617 0.019559217651222843 0.08670796773779715 -0.4457158776531897 -0.014202411556375832 0.8950618123424943 3.7356775827841195
0.8709542518624414 -0.0206063576903982 0.49093183761645615 1.3591886438454832 0.009858833135969487 0.9996519760404103 0.024468964173010175 0.0980758950968765 -0.49126519780250283 -0.016471333316957448 0.8708542935570964 4.087937653639828
0.8463588050194555 -0.025153020933390297 0.5320188894240165 1.578683517879832 0.012899727384009772 0.9995592904919085 0.02673615201802337 0.11091344084295726 -0.5324569186323507 -0.01576547903607931 0.8463102737597514 4.385122174290749
0.8204502647122861 -0.029495213220202633 0.5709565618596869 1.8164930316176873 0.01608265946424519 0.9994638003834144 0.02852121644845415 0.1284455777240448 -0.5714916545305774 -0.014217739631785027 0.8204847010649656 4.66134325731889
0.7894194830749836 -0.03353644335126969 0.6129373432162321 2.0811218758470034 0.019131005628721064 0.9993655933535214 0.030040230438502007 0.13608490241265567 -0.6135559341781806 -0.01198823542109257 0.7895602559945814 4.954770302520039
0.7555505327838986 -0.03544756900375658 0.6541306155972914 2.358092637090594 0.01884986325456454 0.9992978672584376 0.032379857134068206 0.1489600925940914 -0.6548191162949136 -0.012134345654478686 0.7556882178453536 5.247006280672936
0.7193028690846164 -0.03479430512050932 0.6938247176757399 2.6749247739051434 0.01524234257123532 0.9992949599906789 0.03431113420114331 0.16642995045206355 -0.6945293755627477 -0.014104583241225432 0.7193260785012671 5.54777905131723
0.6823115193020785 -0.03718616647477875 0.730115182454522 3.0182873596125335 0.015797434330111625 0.9992222587258915 0.036129195054884725 0.18141129965105265 -0.7308908480041845 -0.01311741932081675 0.6823683034945913 5.832413975512107
0.6487059584551682 -0.037571814616656 0.760111135434269 3.3658546406086605 0.015281961446343277 0.9992223123088848 0.036348758416735454 0.1931631110498332 -0.7608856951731412 -0.011963667100741019 0.6487756388385654 6.099111094212103
0.6139806684546365 -0.04059500633478941 0.788276464335119 3.7677122368752185 0.016074007405649366 0.9991125359140731 0.038932850721123125 0.20759822638170886 -0.7891573766048956 -0.01123325598517795 0.6140883070943874 6.392270840856757
0.5817559008162488 -0.040264174410485756 0.8123662155238345 4.170530985260348 0.01597236757685554 0.999146898681537 0.038083570329691785 0.2280631646116816 -0.8132065883522248 -0.009179929962083073 0.5819027182841017 6.666330433825544
0.5493711527723266 -0.040249801628492184 0.834608465072379 4.594246969147539 0.016530982104555024 0.9991672043250932 0.03730448273112347 0.2531636967407374 -0.8354149047822071 -0.006697109081151016 0.5495790076028116 6.925471817337385
0.5157246001741141 -0.039321019689612734 0.8558516192575788 5.057238714647766 0.017864702996888915 0.999222609144638 0.03514299021163691 0.2748093670279663 -0.8565681462452847 -0.0028345695883761554 0.5160261389243432 7.181116977921041
0.4858998531479902 -0.037960918770797415 0.8731897281558222 5.578063591234098 0.019133036844729508 0.9992789268362924 0.03279562900763151 0.29530765115289237 -0.8738050466848196 0.0007713799225405639 0.4862757914611372 7.453550931335177
0.4603930898727152 -0.03725696089213626 0.8869329860043181 6.115742710842176 0.020186660257991616 0.9992999258354078 0.0314985233459802 0.3184838286215841 -0.887485606387553 0.003402512370391528 0.4608228741767133 7.724261807559437
0.4360967397822981 -0.034849458575871434 0.8992247487631886 6.67571746747749 0.020320766313515676 0.9993764305332236 0.02887588182385073 0.3398866702304372 -0.8996703285135519 0.0056802580612263735 0.4365329708746819 7.998752149686947
0.4195287569573372 -0.036345752926655914 0.90701411694087 7.28499403926139 0.02210099300491654 0.9993108686775521 0.02982170100971441 0.3638509352085136 -0.9074729572797352 0.007534851498911865 0.42004292378144076 8.275790238207524
0.407906057555207 -0.03597944751950232 0.9123147086208572 7.883443815527056 0.02338597182842923 0.999307138563826 0.02895408670668187 0.38070742696723675 -0.9127243529847378 0.009524818715834755 0.4084648495244388 8.540752104112888
0.39782572954758005 -0.036616839428001424 0.916730001680015 8.503611329199458 0.022419763115888742 0.9992928503493286 0.03018531865894764 0.4015389892787949 -0.9171870273459845 0.008544373061772196 0.3983653480879306 8.814869090075476
0.3902790219616435 -0.03610830934154939 0.9199883015632092 9.147842072783506 0.022200325670856103 0.9993092042555893 0.029803688197423055 0.4176127433582634 -0.9204289383525331 0.008792285627540971 0.390811035100946 9.087957640684392
0.3803546578957435 -0.038051128580354525 0.9240575987625302 9.852925038104631 0.021682425793658366 0.9992455081595438 0.032222458544898115 0.4406561402070269 -0.9245865057574193 0.007779848117830198 0.3808927241816902 9.385601423712279
0.3700778018755174 -0.038583727141415995 0.9281991793569213 10.54778924965522 0.02087253135498042 0.9992302746915569 0.03321438806708673 0.4569402601061683 -0.9287662558436438 0.007081958748286562 0.370598283679872 9.66755598225413
0.3605266204783385 -0.03848116837401883 0.931954803414328 11.23440903562058 0.021234613135528407 0.9992282837282109 0.0330443369211532 0.4726468151182697 -0.9325071834208317 0.007876336594169734 0.3610655289423276 9.932276555749548
0.3487039575056861 -0.038459673206509774 0.9364434865792602 12.004651719252646 0.02079762477301851 0.9992291919227323 0.03329385548782328 0.49306718483165335 -0.9370021391777467 0.007866101085786267 0.34923504353090745 10.216817962196101
0.33692851465570994 -0.04051187728176445 0.9406582609061616 12.770757940697568 0.02002075977704556 0.9991562540525596 0.03586013337408098 0.5117976979596778 -0.9413173456331541 0.0067503916008109545 0.33745531115006744 10.494588200011494
0.3287907347079409 -0.0427643509094642 0.9434340798707161 13.530813974409444 0.01926008382212535 0.9990701146186707 0.03857402295588614 0.5370284338941971 -0.9442063873652715 0.005487838110652912 0.3293086419933345 10.768203508239912
0.31603815273425323 -0.04603450311427494 0.9476289941424031 14.337950032349505 0.019798855322884584 0.9989246397742102 0.041923375101104866 0.5589117281502917 -0.9485398733549498 0.005512583331457717 0.31660972834199114 11.041548900879903
0.3049894254046201 -0.04776646877448537 0.9511570926257007 15.145778926246441 0.01900081709132319 0.9988477896412479 0.04406883341609731 0.583423622704968 -0.9521661721260748 0.004632233760268247 0.30554561536564134 11.309751780687549
0.29195033537382187 -0.049099812481690805 0.9551723457519989 15.96102518602146 0.019144498116037256 0.998781334160501 0.045489940915055066 0.6092040622655348 -0.956241857412129 0.0050054916674543565 0.29253453674082497 11.55583315153278
0.2796770044753487 -0.047461325741985666 0.9589203281433288 16.754681191767336 0.01840955432906155 0.9988588649275152 0.04406876745635161 0.6319656514392933 -0.9599176326524593 0.00532827500508299 0.2802315970913507 11.785858038702365
0.2648454424471305 -0.046872532809087264 0.9631510044032788 17.55028546096823 0.01716079530400072 0.9988888428403625 0.04389290094737036 0.6520017326511957 -0.9641381637086658 0.004903602461712991 0.2653555274784748 12.008793432106446
0.24219490881591138 -0.04600667453673044 0.9691362195489981 18.354418558742392 0.016124649323665148 0.9989280222493206 0.043391266969859246 0.6797949221695662 -0.9700936149814827 0.0051178377399182205 0.24267712275578573 12.211417470458578
0.21881549000516537 -0.04483039859425546 0.9747358702210973 19.181494118217795 0.013432513368424086 0.9989877628798962 0.04293037620179593 0.7129351666929119 -0.9756737922678904 0.003699321302725305 0.21919618177215755 12.402176626491809
0.19517107452217586 -0.0437662396972978 0.9797922065073891 19.97159665616174 0.010894159653438477 0.9990389454034927 0.042455893024674146 0.736241168158748 -0.9807087074943838 0.0023878504634620573 0.19546030086659405 12.568459925895493
0.1627294817471336 -0.04378429665904807 0.9856987628765608 20.80584666101909 0.009403418366216242 0.9990383599805257 0.04282442072523587 0.7628008034515835 -0.9866259126403176 0.002300142059651237 0.1629847166244927 12.711891568762507
0.12964236262852968 -0.04339711320795004 0.9906106946612828 21.649283077701536 0.011944058889794613 0.9990376536360792 0.04220315242437128 0.7911938557447759 -0.9914888790447073 0.006360596083227258 0.1300359394480468 12.828752217211996
0.09312725717644749 -0.04353782973240301 0.9947018504823365 22.50515360618894 0.012011961150944602 0.9990199010825915 0.04260223034346408 0.8178611257178126 -0.9955817529264487 0.007980891123280497 0.09355895797184971 12.915204882992285
0.05920087810660024 -0.042637028298876375 0.9973351191295975 23.380794528529734 0.009264169196301662 0.9990678700684836 0.04216119265303332 0.8489083795672338 -0.9982031011775659 0.006743501661949151 0.05954069184033328 12.977800220901466
0.02784627871035622 -0.03962035930417481 0.9988267176495599 24.192761625873253 0.007898106174194383 0.9991917261130936 0.03941464684604208 0.8794219284639654 -0.9995810145660263 0.006791288224273145 0.028136697094871266 12.99884020410975
-0.005251209087982933 -0.03727281071656379 0.9992913300856772 25.039454566683563 0.009136660901557124 0.9992616075520363 0.037319714630346015 0.9043830185422466 -0.9999444715736392 0.009326159649486625 -0.004906782602484561 12.999162893621154
-0.03643073951221715 -0.03363344406852751 0.9987700399284526 25.84591744758878 0.012624384063719572 0.9993382430624735 0.03411306025293921 0.9265180952436626 -0.9992564366295597 0.013851620587432707 -0.03598202970229897 12.968220265968595
-0.06588519995515668 -0.030325996128376255 0.9973662689231529 26.67768128995914 0.014069587978474704 0.9994104542422482 0.031317577259738175 0.9460334876193187 -0.9977280125971132 0.016095897307246275 -0.06541968334446141 12.911529532236312
-0.09411116839695322 -0.027524537329232535 0.9951811331751481 27.495017372454164 0.01667485266873737 0.9994339380098674 0.029219049309728764 0.9626129759652549 -0.9954220397758109 0.019344337644389465 -0.09359892803693659 12.83316103570513
-0.12020119614809671 -0.024958965582924954 0.9924357523193115 28.256984516846842 0.021397787813797624 0.9993865298303373 0.027725415602886088 0.9817857072667446 -0.9925189202837612 0.024568557766125248 -0.1195933896503068 12.735363866363516
-0.14975037333215457 -0.018235585717077733 0.9885556580691022 29.0497999048236 0.02390788955881908 0.9994707755292259 0.022058596506834355 0.9953348421657153 -0.9884347416515284 0.026937562557943617 -0.14923514740071542 12.611947336386354
-0.17693951684581039 -0.008659482788806091 0.9841836316136343 29.86462665847911 0.02550236541833218 0.9995852179494793 0.013379888451033526 1.0053992682922683 -0.9838912728225824 0.027466441610128834 -0.17664528821578102 12.467980885022401
-0.20397335579966142 0.0028211127812239525 0.978972375221334 30.657082454285558 0.02551785332123798 0.999671398544203 0.002435999702994889 1.0124292424297334 -0.9786438112437541 0.0254781525105888 -0.20397831860015575 12.304927148661143
-0.2272037852420431 0.014250117037074572 0.9737429712897123 31.495103935454416 0.02550368021634193 0.9996370590283533 -0.008678278202925646 1.009787263923157 -0.9735132265496502 0.02286229169559522 -0.22748475410742441 12.11973424671254
-0.25197247773634035 0.021254235090754837 0.9675009705184368 32.32608988753273 0.02761090384332214 0.9995096736777858 -0.014766523405381267 0.9986804943019801 -0.9673404304857545 0.022992818775299816 -0.25243577763938685 11.90645483000158
-0.2794832566292568 0.02461819741088985 0.9598349095652564 33.12465915338103 0.02867113004029609 0.9994394305149104 -0.01728557300885766 0.9826878149136284 -0.9597223950529225 0.022688523272142973 -0.2800324183833222 11.67831865565071
-0.3027620106421638 0.023320245353172085 0.9527808410482352 33.88847705665036 0.029500838626392432 0.9994508732579883 -0.0150881564209938 0.9643977650989128 -0.9526095031188038 0.023539713263178885 -0.3032837227205467 11.43657679916074
-0.3240424367982606 0.01977568671855958 0.9458358321445931 34.631397552344 0.029170421963743205 0.9995149741667495 -0.010904260584715594 0.944580844714767 -0.9455927165732098 0.0240569871607315 -0.32446213297154713 11.187546691991566
-0.34678649422214936 0.018037559527333755 0.9377706403334503 35.37999285238044 0.032910875122960544 0.9994334027532249 -0.007053209181021808 0.9276585989344892 -0.9373665247509921 0.028416894753090893 -0.3471836378184313 10.907662487597765
-0.3648401563780945 0.017146599161940956 0.9309122699971181 36.12054454093351 0.03315703028435146 0.9994354909602805 -0.005413940497049408 0.9121236895512691 -0.9304795922731085 0.028891063430803603 -0.36520273111945256 10.619005108609544
-0.3767919384186937 0.019435357304244585 0.9260940028037865 36.8776675593832 0.03473910719392037 0.9993730132281393 -0.006839215063050505 0.8988375407988325 -0.9256462767029598 0.029594717734178405 -0.37723086181830573 10.306124697745185
-0.38668487276207547 0.023326986420086526 0.9219168405455747 37.63880595442688 0.03525234319611547 0.9993232875771232 -0.010499485950928712 0.8813026359805988 -0.9215378893329134 0.02843973647218899 -0.38724552923595085 9.985377088699618
-0.39508812330982124 0.023340904143078763 0.9183466540546154 38.41082578377142 0.03144266731059572 0.9994350154635022 -0.011874701590542495 0.8618100251250082 -0.9181049686674824 0.02418371475296643 -0.39559880491329646 9.659066666373718
-0.40555041426105337 0.02370514828495478 0.913765247444592 39.169855311441495 0.03179050724760847 0.9994246840365215 -0.011817977298975792 0.841662812834171 -0.9135196906151656 0.024256275132172687 -0.40607069332209217 9.32037243353295
-0.41441902639789074 0.023275450780294846 0.9097885050660942 39.922054016803585 0.03108104540499801 0.9994517220693764 -0.011411567337163208 0.8203801294615206 -0.9095552974811135 0.023548007209363387 -0.41491523493421034 8.97362400455009
-0.4217168401266255 0.02461970577028175 0.9063932793447881 40.65821991477717 0.03273006405082505 0.9993931738684767 -0.01191750528934021 0.8033275341419888 -0.906136661691184 0.02464049741537937 -0.42226673587470714 8.626488274877092
-0.42958100529514853 0.02740766143976099 0.9026123087926585 41.418627964460754 0.033220578716874075 0.9993423594945519 -0.01453415527570736 0.7874081424010487 -0.9024170615847897 0.0237417062206118 -0.4302089938000002 8.259049202985326
-0.43455341027960853 0.026411623152730004 0.9002587182453723 42.18462810160506 0.03138034319524908 0.9994070217406337 -0.014173177359542285 0.7660741304766935 -0.9000992210169447 0.022091424986967985 -0.43512453535365553 7.895782922123862
-0.43644303338369156 0.027715579212095113 0.8993049122960357 42.92980822557083 0.031517966666756436 0.999382933968739 -0.015503840467082492 0.744208993296082 -0.8991796797014686 0.021577719086446453 -0.4370472579149665 7.5369393382846095
-0.4366768171693594 0.025607814460152825 0.8992539114095711 43.73732400826259 0.029108763120414827 0.999473576284879 -0.014326556387143995 0.7236691992435635 -0.8991473946225045 0.019920094048192304 -0.43719235194211 7.156149763000212
-0.4331090764228341 0.02471144705895917 0.9010027038274704 44.525747637029575 0.025827316164331905 0.9995538863929982 -0.014999264528678877 0.7054512877900087 -0.9009714077926712 0.016774164089632088 -0.43355409092659564 6.78996921502972
-0.4265703403661949 0.02401728432889198 0.9041354515631683 45.29485767872788 0.023141911266612723 0.9996099214634351 -0.01563511607868612 0.6880353422231831 -0.9041582807577428 0.014253945605723559 -0.426959750294887 6.436851264238406
-0.42312755260097684 0.024087403656497825 0.9057498944051809 46.11522223313858 0.021266715794562668 0.999635197606084 -0.016649279454644794 0.6689647269609119 -0.9058205125902266 0.01221755671705655 -0.4234854546246479 6.063457108055111
-0.42027585804070106 0.022585584089113642 0.9071152597875897 46.96128375474951 0.016312045111101247 0.99971669059214 -0.017333659042263635 0.6439961792308686 -0.9072497563143492 0.007511986611651187 -0.4205252070027438 5.689908069175727
-0.42027509387222844 0.0207699904484041 0.9071590009295302 47.80670097275531 0.01313213575257989 0.9997725186265323 -0.016806487132541806 0.6238262370292288 -0.9073017097312591 0.004849587192089927 -0.4204522434507883 5.311021322986821
-0.42163493930648627 0.020575117834987406 0.9065322070848294 48.606319915247575 0.010493937765134666 0.9997863025930476 -0.01781085111679749 0.6058673768735778 -0.9067049438633259 0.002003415433610597 -0.4217607510193467 4.947777039771755
-0.4230312521857295 0.018998361333519845 0.9059159022452442 49.462555779872346 0.008957980489729792 0.9998189998680835 -0.016784578884531193 0.5813647946540382 -0.9060708108419119 0.001014775554715474 -0.42312487042344155 4.5558434548701845
-0.4256250056679012 0.018402963629169267 0.9047124877439586 50.33248703070215 0.007481770670660314 0.9998305753382244 -0.01681795845121692 0.55706234775417 -0.9048687074144132 -0.0003892923049388479 -0.4256905810488065 4.15508646820512
-0.4262553954031078 0.017958827566966484 0.9044245786145799 51.20500214672799 0.007217069976799469 0.9998386093930651 -0.016452023215762245 0.5331968078788768 -0.9045740720309701 -0.0004854681884170504 -0.4263162119013865 3.7446915165653656
-0.42736073047016915 0.0181199285369496 0.903899593008991 52.07162447200816 0.006582476293818862 0.9998349939558429 -0.016930914540018032 0.5049537395502237 -0.9040572310743635 -0.001285710362375913 -0.42740948736664625 3.3397265319873073
-0.4283132017162078 0.01687423776151325 0.9034727784142581 52.98057261768141 0.004772593304221957 0.9998539270340466 -0.01641179294738625 0.47913862986084005 -0.903617741962144 -0.0027174794503917873 -0.42833117061063064 2.9133814364563477
-0.42828197208067953 0.016942728512232802 0.9034863011364612 53.915515865393736 0.0035849103415870904 0.9998482045917974 -0.017050401531974266 0.4516262679299713 -0.9036380363887558 -0.004063462208455013 -0.4282776990065601 2.4774087123754676
-0.42745677939436055 0.0175012892492211 0.9038663654680466 54.83343152344795 0.004439058653329246 0.999841175802323 -0.017260299200783258 0.42147454716269445 -0.9040248871065848 -0.0033657160966656793 -0.4274665781638177 2.0490591603452533
-0.42562243013718654 0.016655818373797166 0.9047475507998983 55.77730659013258 0.0027618753587636833 0.9998498446363535 -0.017107314960637682 0.3915652052403495 -0.9048966344332474 -0.004782457000212827 -0.4256045219407599 1.6156206787141434
-0.4242556613244201 0.016220642181339454 0.9053971640122384 56.69418084480242 0.002730448427257312 0.9998579254670739 -0.016633506307024325 0.36296909396119276 -0.9055383362870758 -0.0045847189559100705 -0.4242396750264292 1.195974097675065
-0.42525788817470833 0.01445961034942306 0.9049567106849533 57.63818484134537 0.003112041201094042 0.9998898225427838 -0.014514061282877314 0.3332470122771539 -0.9050668725264174 -0.003355956481136589 -0.4252560332450873 0.7572769450088905
-0.4236661748827099 0.013499136584920808 0.905717806809447 58.58416405811013 0.00491381454355683 0.9999084868150707 -0.01260446039412825 0.2976880659180418 -0.9058050710207383 -0.0008895541901822734 -0.42369373609537603 0.31465557728447563
-0.42082732582114357 0.013411301789848014 0.907041619125896 59.50829558847564 0.00669235735537155 0.9999093971336845 -0.011679463890944087 0.26870190590940124 -0.9071160753703208 0.0011552090951347021 -0.4208789508833787 -0.1179466984737561
-0.42051910480852606 0.013841124697744902 0.9071781003519307 60.45144192752427 0.006606645768373975 0.9999038321591138 -0.012193386125692846 0.23797682464351247 -0.907259629170574 0.0008658525396905686 -0.42057010780207904 -0.551399707232805
-0.4190575336403426 0.015039616452033503 0.9078351135730811 61.421215796177535 0.006429316201921383 0.9998868889229954 -0.013596810400586183 0.20814187782854143 -0.907936918179038 0.0001389131725235476 -0.4191068280411112 -0.9984466284027177
-0.4178317730667502 0.015386954105628969 0.9083941055837204 62.33991656635471 0.003933291380068372 0.9998778383769602 -0.015127377219372747 0.1761789541216277 -0.9085158989444353 -0.002747720140222714 -0.41784125143314393 -1.4152233748316043
-0.42030068397300185 0.017173982442478537 0.9072223483682997 63.28223260264339 0.001313224237591986 0.9998313360572673 -0.018318703012010412 0.1485057932380148 -0.9073839377539856 -0.006507977028683892 -0.420252347692509 -1.8436555628497677
-0.4231998336966019 0.017729866796760155 0.9058628773619868 64.19529732883535 0.00010672156862480929 0.9998094850676678 -0.019518764797806936 0.11807351819180677 -0.9060363620571061 -0.008163662909163927 -0.42312109996811814 -2.2613425034738572
-0.427956467471055 0.015589499859632264 0.9036648878006841 65.14119511386339 -0.001174511783189832 0.9998407904573432 -0.01780489426272277 0.08206500315756415 -0.9037985851237915 -0.00868108471114731 -0.4278700226663126 -2.705287321209105
-0.4334917304827213 0.0134974946278243 0.9010564561901033 66.04861897849709 0.0015785204961809868 0.9998976634010786 -0.014218684823379334 0.04362579446085338 -0.901156161758959 -0.00474134620496283 -0.4334686744852803 -3.143286582365455
-0.43918768747638876 0.012111710320203172 0.8983136877740768 66.97327968218154 0.0017933018921655712 0.9999189473016028 -0.012604875865233416 0.014224829227955423 -0.8983935436307774 -0.003924958646135323 -0.4391738100822505 -3.592513704145465
-0.4430117187136201 0.012788433070826916 0.896424605341686 67.88311394159068 0.0010844883158376171 0.999905168311062 -0.01372873883209058 -0.021295723668472443 -0.8965151649400569 -0.005109830175252459 -0.4429835760703583 -4.0339590646660355
-0.44796452330458714 0.01591613483673835 0.8939096500834707 68.7386320864039 0.0015087822155107431 0.9998535615377816 -0.017046379569863483 -0.050532414841498924 -0.8940500598046623 -0.006287458315763575 -0.4479229380498474 -4.460593831927054
-0.45498781963291335 0.018654665732940907 0.8903022449887903 69.59535331511925 0.00200701463147886 0.9997994969154445 -0.019923299422878023 -0.07886491089880598 -0.8904953991335143 -0.0072780089321779744 -0.4549340333587131 -4.8923221104180765
-0.45911159612677405 0.020752739991513277 0.8881361754172444 70.43805271535282 0.0016924717754768469 0.9997457304152717 -0.02248577451910784 -0.10850861750050375 -0.8883769908328417 -0.008820334419940706 -0.45902998143858237 -5.3234732880837505
-0.4628421874902618 0.018241636128767787 0.8862529843055961 71.28294369131325 0.0017595337247667403 0.9998051760828317 -0.019659957249429913 -0.1427701871777818 -0.8864389508140428 -0.007540065604730304 -0.4627841115362277 -5.758573325532691
-0.4668228690125465 0.015197082699740138 0.8842202540342038 72.1702353288643 0.004197722918710837 0.9998791508395242 -0.014968728694502277 -0.17458955519742053 -0.8843408777667084 -0.003276033249090286 -0.4668302470030817 -6.222679108609808
-0.46699950558642295 0.011446044030484123 0.884183493319169 72.99239200770752 0.007018243068671404 0.9999327029872807 -0.00923762744325534 -0.20068121822151003 -0.8842297247018254 0.001891447224629111 -0.467048409033936 -6.6558339607922505
-0.46828397366519026 0.009404653231313433 0.8835279692833375 73.85251371945448 0.00826534547038051 0.9999462274133334 -0.00626309397164375 -0.23520064064024576 -0.8835393619259952 0.00436975736639069 -0.46833652553261773 -7.105738757305232
-0.46877880360319707 0.013607227216412787 0.8832107770288109 74.6738740170979 0.008551207409610684 0.99990439477821 -0.010866377273930899 -0.25834042522210837 -0.8832741987311714 0.00245859120280248 -0.4688503441239054 -7.541490861168899
-0.46940842333109795 0.018259569159533834 0.8827923426491198 75.4652643293062 0.008544798357736725 0.9998332796727671 -0.016136891888586746 -0.28318664883511024 -0.8829398159143342 -3.151041919513542e-05 -0.46948618774172174 -7.961231934317448
-0.4709471555812481 0.02142083139583881 0.8819013122976077 76.30362153491845 0.012049334037837613 0.9997680822833517 -0.017849235185685687 -0.31311784258517933 -0.8820791292164077 0.0022202769602818195 -0.4710960413451204 -8.414715330126379
-0.47014274752848795 0.020578763575068416 0.8823504470651592 77.13224066991633 0.01253380097736962 0.9997829965675595 -0.016639218955569076 -0.3444220366800805 -0.8825013885424909 0.0032363967793084683 -0.47029865506554736 -8.85337215485855
-0.4679285877995656 0.01696598609182344 0.8836034133228754 77.9718313533162 0.010803813189912716 0.9998508172067977 -0.01347668176726629 -0.3715758255940383 -0.8837002400930203 0.0032401615439285126 -0.4680420782501371 -9.290715285782198
-0.46771941729055905 0.01447008706697832 0.8837585435341795 78.80414793843873 0.009052070207850848 0.9998919658756449 -0.011580872259491361 -0.3950907082697878 -0.8838306436836936 0.0025832455579337023 -0.46779987187691213 -9.723705480340094
-0.46559397252342166 0.011265368324296261 0.8849267451187005 79.6435340815888 0.008142849487163227 0.9999311844270724 -0.008445141354756665 -0.4181710256138985 -0.8849609860056481 0.003273818380783846 -0.46565366460613306 -10.159935223881842
-0.4650533009440361 0.007004846271747961 0.8852549685880138 80.46525440285455 0.0026571581794832804 0.9999752356739882 -0.006516713064207467 -0.43846482161622263 -0.8852786944185798 -0.0006783564411029517 -0.4650603971970455 -10.575146866751343
-0.46410535477134435 0.005539182727272048 0.8857626866871728 81.30129517709076 -0.001923027872326075 0.9999717895962026 -0.007260989985552548 -0.45895391507925853 -0.8857779189144235 -0.005073210668001905 -0.46408161016910726 -10.993760536526665
-0.4630755813607346 0.004407734509437222 0.886307834684943 82.11542429087328 -0.0018846358853390921 0.9999804766465483 -0.005957723837352965 -0.4838076596487775 -0.8863167910487749 -0.004429243980273362 -0.4630582335978553 -11.413199828352091
-0.4608569626044392 0.007271833643843202 0.8874446351488452 82.93932016501056 0.0020072269461197606 0.9999724129359865 -0.0071515317917178745 -0.5062120029327395 -0.8874721579063749 -0.0015145304346399998 -0.46085884513434827 -11.844584699044697
-0.4581248564180748 0.008745296322818777 0.8888448321974679 83.77948755616953 0.0031681771002847856 0.9999613143459649 -0.008205636194232209 -0.5294583820784098 -0.8888822073738342 -0.0009431880602270982 -0.4581348402059195 -12.275426673463217
-0.45134176001671544 0.010925176841147142 0.8922842911180292 84.57530058403678 0.0063754595338204306 0.9999390088989488 -0.009018425467952257 -0.5528865448215868 -0.892328397609729 0.0016183303674015014 -0.4513838852086721 -12.679063307661265
-0.44039327432264036 0.012436779135074436 0.8977188259450334 85.38841199292767 0.008211300871018623 0.9999180243916046 -0.009824410150046392 -0.5774957401671289 -0.897767418917277 0.0030448352231447554 -0.44045929495138897 -13.074695814280636
-0.42987559140716547 0.01277820130130428 0.9027977035215824 86.18999274646357 0.005432169148720831 0.9999183531469746 -0.01156626898276215 -0.6007076139680957 -0.9028717890435383 -6.790688673327747e-05 -0.4299099067688197 -13.446718770752392
-0.4207145766221692 0.011730654502301052 0.9071172122513037 87.00267026452521 0.0022990624831579877 0.9999269705693674 -0.01186456234618384 -0.6264888057450612 -0.9071901450794798 -0.0029060751737682317 -0.4207108215838487 -13.81825849173785
-0.40667427172340115 0.010395743999521681 0.9135140750010026 87.83634741263147 0.00438402843657725 0.9999459481925139 -0.009427671400792766 -0.6517360054635437 -0.9135627055724792 0.00017088028105302373 -0.4066978654812697 -14.186147982263861
-0.39528483622667415 0.008342549612873394 0.9185207129483843 88.62393422062979 0.0031457350258737187 0.9999651866251487 -0.007728511427102038 -0.6718135446732704 -0.9185532116325099 -0.0001655405950257761 -0.3952973184780198 -14.521732293962469
-0.38349688387024145 0.008204093403996839 0.9235057297674083 89.42454713003721 0.0033445310344612155 0.9999663228359355 -0.0074944850482056395 -0.6922765219739364 -0.9235361141687826 0.00021458191151087084 -0.3835114076277643 -14.854719801674234
-0.36657613785490084 0.008951238817279016 0.9303449954070916 90.22186794438048 0.004900186690927761 0.9999584233348044 -0.007690238758752828 -0.7142747393191005 -0.9303751519283924 0.0017398061410994 -0.3666047595828683 -15.168505041661286
-0.35078275052531244 0.010948784547024382 0.9363928588209329 91.03286213460669 0.005002679504172406 0.9999392906990028 -0.009817744860926576 -0.7410230043474341 -0.9364435034382348 0.001240577816405312 -0.350816228009775 -15.470647705900795
-0.33923921475892654 0.01634080783968806 0.9405582029672025 91.85515263531059 0.0051766203904956565 0.999866403757323 -0.015504103931875523 -0.7652158214619741 -0.9406858975083444 -0.00039068727146226567 -0.33927848383352616 -15.764058329968194
-0.3235515159347797 0.01840784795952897 0.9460314834453476 92.7195507970989 0.0026137640960563306 0.999824320460622 -0.0185606156338009 -0.790216905401253 -0.946206946060721 -0.0035326121998306937 -0.3235427883255775 -16.056971400393245
-0.3086546047398185 0.01639969578276907 0.9510327990932487 93.58959317508415 -0.0011743022148924124 0.9998440217916247 -0.01762251689906481 -0.8170043900373621 -0.9511734626172111 -0.00655607091041215 -0.3085872031484829 -16.3313427406741
-0.29439005345211516 0.014248938107624273 0.9555791250290399 94.43533228721313 -0.0029975390877012044 0.9998701595008128 -0.0158328424244103 -0.8488076751323873 -0.9556806533502068 -0.007525417106286929 -0.2943091179516835 -16.589185284974846
-0.2853120103712555 0.01400892414368557 0.9583323049872885 95.21518781661119 -0.005150681405207614 0.999856323848711 -0.01614936967202396 -0.8798611227800033 -0.9584208507847556 -0.009543673510661516 -0.28519886233459496 -16.81376421889127
-0.2796361711366026 0.017048557319499006 0.9599546648073465 96.06083400575338 -0.008843772333932211 0.9997541768473572 -0.02033159037481451 -0.9113868329825916 -0.9600653100091507 -0.014175068591983309 -0.27941665653186515 -17.050002637775748
-0.2761177153384305 0.020964067794990833 0.9608951634480072 96.9275515383881 -0.014037355931700914 0.99956749146994 -0.025841490571142763 -0.9493115438910885 -0.9610213108535794 -0.020623720759813138 -0.27570401198983135 -17.28778685761113
-0.2733606673782212 0.021526588812946907 0.9616707084572204 97.74330676965532 -0.01863858532269132 0.9994433254675044 -0.027670242420785737 -0.9820908166094628 -0.9617310167961218 -0.025488137486576065 -0.2728072692942092 -17.508158400406693
-0.2709461057192425 0.021711774012201774 0.9623496280795355 98.5828858392034 -0.021481097052867947 0.9993602480243183 -0.028594704722699062 -1.0154825242128505 -0.96235480477056 -0.028419949648374816 -0.2703063746880593 -17.73592442224905
-0.26654935816691755 0.021587907382708518 0.9635794735856718 99.41289159565105 -0.024248688527437178 0.9992824671590115 -0.029095565526363835 -1.0515017415116785 -0.963516186042302 -0.0311209428429666 -0.26583462180660583 -17.957240031164794
-0.2617315339584537 0.018363245426258 0.9649660073542333 100.27228411920139 -0.02724284976102355 0.99928003116207 -0.026405424776570954 -1.0881629018914594 -0.964756151195033 -0.03319955629444259 -0.26104282827382763 -18.18254810036314
-0.2572898818669232 0.01680154692812072 0.9661881932158595 101.11128001555326 -0.027799306644420624 0.9993063286100101 -0.024780237086674293 -1.121952906002195 -0.9659343224251814 -0.03323506613209117 -0.25664433588178276 -18.397924938075153
-0.25093004263759366 0.013925518294403886 0.9679050540430749 101.93573189507369 -0.028318120100979505 0.9993629685356701 -0.021719603898785883 -1.1584217970383823 -0.9675909248106052 -0.03285935269913084 -0.25037584780555855 -18.60850391042857
-0.24731161434342924 0.013031359279220908 0.9688483622766687 102.771283764977 -0.03367477716100174 0.9991898970215802 -0.02203540499199608 -1.1904177416120834 -0.9683506466120649 -0.03807536428375011 -0.246672438348219 -18.806518528812482
-0.245593195018607 0.013431569193500694 0.9692799262904152 103.61294148018902 -0.04043647935717581 0.9988917256843481 -0.02408757971531745 -1.2255685129385547 -0.9685292322370808 -0.04511001339331746 -0.24477788501804154 -19.00817601576641
-0.2424392842769283 0.015187877872027543 0.9700476904797182 104.4148916052785 -0.04208997193802238 0.9987713695822402 -0.026156941049604407 -1.2603275154949514 -0.9692531288066843 -0.04717075013777465 -0.24150215864437397 -19.204570018858796
-0.23755659709462595 0.01740863081082096 0.9712176907110548 105.27466923200474 -0.04344558896555931 0.9986484333116692 -0.028526959942907826 -1.301954804173988 -0.9704016405469733 -0.04897189211620409 -0.23647919529273953 -19.413778385480008
-0.23132149897800597 0.014638724028095396 0.9727672238872968 106.11972195882468 -0.04764504339511469 0.9985165531268883 -0.02635608035115096 -1.3392112817078379 -0.971709994777478 -0.052444264609468494 -0.23028088318209577 -19.609170980953934
-0.2256722101418604 0.01094070697145226 0.9741418554300256 106.96921739431663 -0.049368199333071044 0.9985237599438783 -0.022651307294517323 -1.3747140506798907 -0.9729516095183246 -0.053203399877313345 -0.2247989407830841 -19.79629929561841
-0.2198495828074093 0.009487812767976226 0.9754876433601238 107.79733032538725 -0.04963570151818354 0.9985487174561568 -0.020898708129023866 -1.4081378429671503 -0.9742702182014014 -0.05301358576387909 -0.21905958470299802 -19.975404907972013
-0.21627678236910758 0.010647260684031035 0.976274033890071 108.58909619843872 -0.05341820418606939 0.9983136923306102 -0.02272151330256357 -1.4379942107105077 -0.9748696573745644 -0.05706494147153278 -0.21534331562704584 -20.140946096688808
-0.21091620481756634 0.012834009782993854 0.9774198907011482 109.39546989387127 -0.05267805178161336 0.9983115570912003 -0.024475658083839853 -1.470195695127219 -0.9760836938530673 -0.05665088852818985 -0.20988401421527692 -20.309731047691216
-0.20667957163827505 0.01646347747296123 0.9782701613444604 110.20779129154052 -0.054003252631283846 0.9981422757199219 -0.02820719989466817 -1.5012120230921486 -0.9769171937132959 -0.05865962265607691 -0.20540653664668468 -20.47292331341688
-0.20203789049308624 0.014073144806529572 0.9792765888145997 111.06720888974243 -0.05705785440802931 0.9980292767791952 -0.026114439338211427 -1.544272693866388 -0.9777142179877799 -0.06115152726507691 -0.20083674628337495 -20.636432155242566
-0.19313381352632658 0.014308168366105802 0.9810680946757905 111.89751680212143 -0.05487111896796867 0.9981713540965096 -0.025359577369192737 -1.5837747016624346 -0.9796369176261078 -0.05873009602536175 -0.19199553496076588 -20.79974550143891
-0.18539611671097195 0.012266072604180653 0.9825873108133243 112.74086528777097 -0.05566955932122736 0.9981851165990985 -0.022964606790114195 -1.6204475216403627 -0.9810857149472068 -0.05895775150828922 -0.18437679751968467 -20.956188248108084
-0.17817772494879325 0.011697223331905544 0.9839287948314127 113.61200611246225 -0.056261312381159896 0.9981724551687264 -0.022054806088169898 -1.6584083438518988 -0.9823886008404322 -0.05928680045980518 -0.17719399603264652 -21.108312552176287
-0.17059297541038282 0.01055796482957072 0.985285017707714 114.44058940401422 -0.059986551476947356 0.9979765748337492 -0.021080078866125746 -1.6886068198978144 -0.9835139299382273 -0.06269996380984669 -0.16961445739001096 -21.24503588898756
-0.16639588593468968 0.008524065556679904 0.9860221850700901 115.26049424210225 -0.0634913146718984 0.9977949718345629 -0.019340298418008245 -1.7159060320121147 -0.9840128363518656 -0.06582199091526371 -0.16548777419104788 -21.377798079005707
-0.16399320359125663 0.007145799308084757 0.9864355867101131 116.10865291015234 -0.06473121860469602 0.9977405774860986 -0.017989146051371238 -1.7480027759297716 -0.9843353587643937 -0.06680327529361929 -0.16316011735781882 -21.5164105025106
-0.15958625428580825 0.007342527911117103 0.9871566819542379 116.95015047072947 -0.06563957140061595 0.9976804519090359 -0.018032263998891088 -1.7797022119480015 -0.9849993269588408 -0.06767424297660617 -0.15873412590925257 -21.653456784378253
-0.15620957663454332 0.006865648276444869 0.9877000713989044 117.77940596800505 -0.06777807326715651 0.9975442277964148 -0.01765350883666535 -1.807742821151221 -0.9853957078006015 -0.06970205494674032 -0.15536062108640297 -21.781225939467028
-0.15197430987489519 0.007177156960887658 0.9883583851801976 118.60737672611457 -0.06992059747133436 0.9973902568954136 -0.017994040662185858 -1.834921668227247 -0.9859081697538066 -0.07184124071909914 -0.15107586486477415 -21.90661919299709
-0.14641375536577533 0.005810421706184142 0.9892063744433147 119.44617272000399 -0.06995420466987454 0.9974184470316751 -0.0162126731271309 -1.862428503124628 -0.9867468882589377 -0.0715729035356132 -0.14562931707175458 -22.024742001733518
