1.0 0.0 0.0 0.0 0.0 1.0 0.0 0.0 0.0 0.0 1.0 0.0
0.999886497978121 0.0008827573026239856 0.01504034243605783 0.005167589522898197 -0.000860507654006138 0.9999985260526557 -0.0014857385683630059 0.00623411126434803 -0.015041631813956052 0.0014726276042464118 0.9998857838174882 0.1771710067987442
0.9993288729046118 0.0021574735401482343 0.036567049198999564 0.018352252971134374 -0.002094522828891305 0.9999962581457981 -0.0017597353556664842 0.01530767494126965 -0.03657070895290037 0.0016819638302560877 0.9993296524392521 0.3891339385100431
0.9981139232323968 0.0029470341814258967 0.06131811509796279 0.035902404141795255 -0.002947531553145103 0.9999956526292779 -8.234250525761375e-05 0.021094730944049418 -0.06131809119156204 -9.854987805916728e-05 0.9981182705373873 0.6466089369590051
0.9957934073718427 0.0018610553177106626 0.09160800351431961 0.07743226020044143 -0.0018178519798725406 0.9999981936657126 -0.0005550490889123628 0.028645799000373836 -0.09160887101670037 0.00038618443294600205 0.9957949917591619 0.9435646506935562
0.992261508598046 -6.231725573862591e-05 0.12416559374999867 0.141493392086185 1.3212621371331157e-05 0.9999999213857044 0.00039630040608691115 0.03371296274620302 -0.12416560868516172 -0.0003915930858242514 0.9922614314154806 1.2730888260428657
0.9880227210114133 -0.0024866946974444705 0.1542884283239821 0.2120960320196427 0.0024281575526359503 0.9999968907958308 0.0005678464325217672 0.03505320327453791 -0.15428936067047022 -0.0001864085648575727 0.9880256871335605 1.6038559524937244
0.9818832177127084 -0.0029982976424449055 0.18946333942318658 0.29578105381783953 0.002808829579055399 0.9999952506370656 0.001268534472597054 0.03952613632375012 -0.18946624303694345 -0.0007133824778146293 0.9818869761000532 1.9319279885683889
0.9728853984358348 -0.003440258871163124 0.23126211563774646 0.39571456360883533 0.0025980600865397685 0.9999888387462018 0.003946196499113471 0.04424737565492423 -0.23127311040009335 -0.003238364081178932 0.9728834778142468 2.3071801189242356
0.9619188978021271 -0.00694803627084632 0.27324669960151377 0.5078118154292178 0.005387563678381312 0.9999646155122132 0.006460795703549082 0.0476817656203823 -0.2732819207498957 -0.0047426274880719675 0.9619222937824848 2.672639019371446
0.9496623335057431 -0.010579887789426094 0.31309665966725037 0.6258582105203134 0.008276428806927496 0.9999280312417026 0.008685220969933207 0.04912808873321173 -0.3131660151527153 -0.005656704999896978 0.9496815511748733 2.9911430459623993
0.9352910342197528 -0.01277400189860122 0.3536488458678183 0.7617967788732106 0.009627440248752341 0.999896883424876 0.010655276227138579 0.05037002763262438 -0.35374848932879144 -0.0065610511897449385 0.9353175711515761 3.2898636515154296
0.9177173379626414 -0.014608610283538544 0.39696533363550407 0.9356126295543178 0.01008383709384162 0.9998582475408095 0.013483362121012966 0.05509706443019037 -0.3971060360057855 -0.008370981436199423 0.91773456011941 3.641169827926486
0.8980869343422688 -0.01607855087769861 0.43952399088716265 1.1478142336012498 0.009697538046802576 0.9998125169979484 0.016759731801493635 0.056502450589376266 -0.4397110598103443 -0.010789395529891279 0.8980744806665889 4.041086644355861
0.8738826568817895 -0.01891075643004492 0.4857689628748098 1.3690575587932794 0.010963148327916512 0.9997555996675199 0.01919766423755751 0.06212712033812165 -0.4860132831311969 -0.01145094863674656 0.8738764010976345 4.385928368081427
0.8478699522333939 -0.022244594286249867 0.5297374086514776 1.6019992163168757 0.012818014361713957 0.9996874751330889 0.021462771718785585 0.06905571684621459 -0.5300492831874838 -0.011407457519971196 0.8478901033184458 4.704624857417452
0.8242995219647129 -0.026496686737644343 0.565533574317806 1.8465507681095863 0.015665392437114633 0.999589212477696 0.024000037041867206 0.07606143155508185 -0.5659371816452223 -0.010923913682693971 0.824375991002477 5.029941990330937
0.7947607816387204 -0.028891260386663092 0.6062347689157067 2.1436340965633143 0.01697627628581254 0.9995337442027136 0.025379130079107925 0.08533721821757523 -0.6066853434956857 -0.009878728327803819 0.7948806858353947 5.387907914327156
0.7631073912860787 -0.03164955612267509 0.6454962548007491 2.4532466406214892 0.01877778054758333 0.9994642746168811 0.02680594565126957 0.09744234432807149 -0.6459988423536552 -0.008334828239961326 0.763292883705821 5.725204481417364
0.7301212311336367 -0.032152022571992386 0.6825607923785489 2.770502634055865 0.017405264389267816 0.9994433671308511 0.02846072152434264 0.11290537235960764 -0.6830959263671846 -0.008899625985207866 0.7302744361114397 6.036494516742683
0.6991396826471112 -0.034578518123103204 0.7141484651194786 3.123446538329972 0.017618666504462817 0.9993597414649669 0.031139841516609736 0.11593797187740466 -0.7147679950436375 -0.009188755273989773 0.6993012798771454 6.358402124463919
0.6682208408070425 -0.03738064374726299 0.743023280512912 3.480899468373941 0.01921843958033226 0.9992709392086583 0.032988507591932496 0.12105533581246188 -0.7437147030220839 -0.007763860256732967 0.6684520648353833 6.649493928834744
0.6349177265357403 -0.03852057092002012 0.7716188477134827 3.861866512721628 0.019798477682451736 0.999239481393299 0.033592843081651606 0.13017689260375445 -0.7723260327168471 -0.006051813021459599 0.6351975084546608 6.949070433060198
0.60500942225418 -0.04005206812547439 0.7952103060339045 4.296211365286336 0.019794420158374106 0.9991819279707523 0.03526550364370825 0.14546515528124507 -0.7959722230795855 -0.005595235073078249 0.6053072884330899 7.266208822518462
0.5725565198500712 -0.04000947448167611 0.8188884377794542 4.718081960955078 0.020511297052501397 0.9991949634631595 0.03447769834370437 0.1627432326442312 -0.8196086372595149 -0.00294396697595874 0.5729162371481937 7.532530559990068
0.538750732164139 -0.03973135090802425 0.8415278179285742 5.222437753297028 0.021720963211548983 0.9992103352732322 0.0332701914680013 0.17748269111933326 -0.8421851627461544 0.00035445476209485655 0.5391883029258471 7.839433577514271
0.5098625608181455 -0.038105242689904666 0.8594115193290733 5.725849532549861 0.02158247253178422 0.9992706380832754 0.03150220220966084 0.19748603381262958 -0.859985096356546 0.0024864320193899534 0.510313091837193 8.126353186341122
0.48627190352512356 -0.035554809905499106 0.8730838970766995 6.208251026482244 0.022875825316702576 0.9993473727405695 0.027955772437921328 0.21136991705029562 -0.8735080609004892 0.0063784080384493205 0.4867678948459547 8.385512671115633
0.4647327930509386 -0.03547687958669765 0.884739974273721 6.766672176996352 0.024209650281529688 0.9993325719349679 0.027355136685609183 0.2212256063705395 -0.885119948874908 0.008706416291063007 0.4652815001899895 8.670110284692171
0.44847799054307536 -0.03516717801846292 0.8931017644079888 7.36248626202401 0.025686756043921455 0.999320039777984 0.02645087261450091 0.2346616473712593 -0.893424693279957 0.011078252946481591 0.44907637407156986 8.968815978636291
0.43493098450210693 -0.03686819292765181 0.8997087167913168 8.018228239337203 0.026478552415282585 0.9992530307939462 0.028147232743279474 0.24383760781084812 -0.900074399692614 0.01158088076800103 0.4355823208288167 9.282661330779788
0.42567139137199883 -0.03716513942946839 0.9041142731859809 8.64984314718937 0.02698340961079961 0.9992331985720333 0.02837094424370093 0.2552948409056494 -0.9044754071688198 0.012319386457594131 0.426347828121718 9.588594916942077
0.4155107251792245 -0.03529402273164335 0.9089032782537719 9.257722333528069 0.025561744334305445 0.999305343865293 0.02711875640320791 0.270097408722006 -0.9092290330206262 0.011965019084279344 0.41612426489053755 9.879060144345729
0.4068103111463761 -0.035143771497218826 0.9128363961137508 9.922319176752783 0.024915233983398087 0.9993148347964353 0.027369546421637924 0.28389254743692616 -0.9131728214640106 0.01160931870201425 0.4074071941666395 10.183936511684957
0.39472129093337144 -0.03575789573745745 0.9181048280977081 10.626922620464832 0.024738448445324062 0.9992937575457731 0.028284188136981747 0.2957810032319627 -0.9184678065410955 0.011548117702866477 0.39532711686034133 10.489509317969766
0.38258131423877695 -0.036099504873089334 0.9232163147081232 11.327898397321865 0.0249235163237543 0.999276001961289 0.028745264624314322 0.308066805192718 -0.9235855977273519 0.012012395771872596 0.3832040527166044 10.779067574001893
0.37536164060442545 -0.03569179564596853 0.9261909816481269 12.099222567886377 0.024152347892509158 0.9992956466147976 0.02872063279234809 0.32436781805573656 -0.9265637068513064 0.011589062959537082 0.37595929402754036 11.094247578145081
0.36658674702597127 -0.03589804308801245 0.9296910709517262 12.861065205161882 0.023801210369269982 0.9992901675166772 0.02920040221382203 0.3394240716900431 -0.9300793833269686 0.011423292298738954 0.36718094872035945 11.39926660728728
0.35912466735183 -0.036275937558392396 0.932584328440971 13.564238980589364 0.02355276559647608 0.9992783415056816 0.029800393125116738 0.34913407395795065 -0.9329923582389058 0.011262883818705945 0.35971990063922155 11.680454769607682
0.3459387940412962 -0.03976103208750954 0.937414215330976 14.372802507107066 0.023952630172831446 0.9991503007162941 0.033540245770454724 0.3604887805815234 -0.9379512899319756 0.010850663844898056 0.34659723139267545 11.988716957673777
0.33269322666032103 -0.04205363979931007 0.942096973943752 15.14934101992883 0.024826191893404286 0.999049528502017 0.03582875655070802 0.3698941226998573 -0.9427082672441228 0.011468695633240917 0.3334210429622821 12.26325140381073
0.3209469009930406 -0.04281091500378461 0.9461291203104902 15.944428812918494 0.023567876934689584 0.9990295198835506 0.03720985861346192 0.38849623190483634 -0.9468039089060389 0.010355865863423947 0.3216443907834614 12.525817926185523
0.3091742298419461 -0.041740327994509836 0.9500889645820282 16.753492036094922 0.023237540788495013 0.9990696291296537 0.03633032959992998 0.40427251089518795 -0.9507214693587932 0.010845329393211466 0.30985652571893696 12.782478324546402
0.2943927559891628 -0.04078023728092243 0.9548140538703949 17.529653216355026 0.021816068734011283 0.9991155835786896 0.03594592877097558 0.41875035749343936 -0.9554354841464172 0.010248067989958844 0.295022054660961 13.029840060827073
0.27503726675664836 -0.03911939873301978 0.9606373793153167 18.355908743091288 0.020538821682492697 0.9991829234107583 0.034808653639948665 0.4355064399319093 -0.9612141586030281 0.01015668287868404 0.27561600659971625 13.26817719448066
0.254583636496926 -0.038390910415443076 0.9662884196892119 19.19183299583517 0.018842344905031602 0.9992189199092133 0.03473494111043298 0.45155854095148495 -0.9668671770550912 0.009364192060121462 0.2551081610622841 13.4996089140741
0.2290940165814906 -0.037830062136864046 0.9726689148756021 20.012132874578107 0.018391214475506675 0.9992343739828848 0.03453156644504585 0.4674671859334165 -0.9732305455526332 0.009977587371389363 0.2296143570284111 13.70568494976803
0.19973309704499664 -0.038589687500098474 0.9790901521123879 20.838877627495926 0.0189248594845515 0.9991897172542203 0.035521241911305734 0.483195106687109 -0.979667565880541 0.011434375893605462 0.20030156117619202 13.885468412423739
0.16904344199583543 -0.03913335968204664 0.98483140429121 21.659904518624046 0.020262312988772395 0.9991382628849441 0.0362238914475193 0.5010064715712267 -0.9854003010911586 0.013831550862148575 0.1696907033699906 14.029872265502222
0.1370636205317753 -0.03887874058862166 0.9897989732551579 22.4762116274463 0.0203099310817329 0.9991297000445081 0.03643280374095573 0.5129798046580211 -0.9903540127783484 0.015109136944723236 0.13773395861082632 14.147965854228922
0.10744736981133324 -0.036384506715278875 0.9935447802649422 23.338342756869697 0.02027865512720281 0.9992024364429393 0.03439865044919106 0.5356380141783433 -0.9940039430841603 0.016451707436600245 0.10809950256852224 14.252376134361944
0.07417913645911434 -0.03523320052593652 0.9966223343347667 24.148175958437037 0.018229133850199242 0.9992566087179628 0.03396952476187436 0.5568083692536013 -0.9970783090576445 0.015647731917924138 0.07476626306411982 14.317867763243918
0.04259273006198849 -0.031715050544235665 0.9985890120138731 25.015588340558935 0.019189846181257072 0.9993376223279503 0.0309203234695005 0.572159662466423 -0.9989082085704403 0.017845788547873893 0.04317312453017852 14.364209410808112
0.01575802106422658 -0.02982331099716956 0.9994309655465481 25.840010620451192 0.021703115453873684 0.9993297836395094 0.02947809882959007 0.5915502563809764 -0.9996402650712581 0.021226249131143154 0.016394718542488695 14.375159504950913
-0.014867050228051848 -0.02664184996436491 0.9995344829709443 26.649748915478526 0.022598683729123256 0.9993806627959367 0.026973882243109554 0.6062169955169612 -0.9996340682025737 0.022989185719166968 -0.01425577176942755 14.366130683619392
-0.04361214435409977 -0.023245976475025517 0.998778056147891 27.462591393976055 0.02686048505844352 0.9993405797750639 0.02443194542528697 0.6240485555492242 -0.9986873861260401 0.027893192584600796 -0.04295898742028359 14.332038437929137
-0.07033780226294528 -0.021417399763091535 0.9972932811165466 28.278993095353826 0.0309684168460365 0.9992406855058793 0.023643383594381666 0.6351756879314473 -0.9970424016714984 0.03254761768745725 -0.06962113078658083 14.276224084459612
-0.0991819358290621 -0.017786171012259183 0.9949103455718625 29.08047837068323 0.033163700858265394 0.9992257132965503 0.02116938431755056 0.645219853260684 -0.9945165220098576 0.035094529598262744 -0.0985152853200627 14.195585662082328
-0.12347602888458636 -0.009798553875860962 0.9922991779865763 29.892759457023185 0.03392438375915054 0.9993250863210703 0.014089287985827812 0.6525252956714771 -0.9917675163451639 0.035402827448207566 -0.12306028332170288 14.09411738606601
-0.14414243349886713 -0.0008501021887268173 0.9895565856439404 30.702645212830916 0.03568414073148301 0.9993447664336088 0.006056393482228155 0.6599891416416305 -0.9889133435065381 0.03618445975863924 -0.14401765137195877 13.981247900942181
-0.16957661111774763 0.00972052527569976 0.985469068185392 31.50975346160211 0.035889830045073685 0.9993489709727827 -0.0036816185267292603 0.6677993153346488 -0.984863286482523 0.03474400097865978 -0.1698150798216666 13.849375308249803
-0.20006986101425278 0.016727667324436306 0.9796388292935417 32.26103661249755 0.038605497090255785 0.9992123838072022 -0.00917756180819598 0.6606353410116846 -0.9790207690892733 0.03598329045837792 -0.2005580626642473 13.704250516429706
-0.2290283447475343 0.01994951253362591 0.9732153072428915 33.07916050387793 0.04011835611580218 0.9991339463583087 -0.011039689173087017 0.6473672478629938 -0.9725926869994297 0.036515396535480756 -0.22963033556367574 13.522454589146479
-0.25711453134651524 0.019809904157765616 0.9661778746523448 33.872030710254926 0.04306214934232209 0.9990316402413286 -0.009024028520595709 0.634447539176047 -0.9654210320189227 0.039285487065596064 -0.25771860903228844 13.312470069206647
-0.28346008375882037 0.01921656227162486 0.9587914813190112 34.61990263097516 0.043815365876862626 0.9990146358374308 -0.007069023672521227 0.6178241720002509 -0.9579825648875452 0.04000601351130561 -0.2840227530575923 13.093455869118802
-0.3076437196872431 0.016724065514625464 0.9513546380659844 35.34411718985066 0.047063504094689984 0.9988891572104179 -0.002340553308655211 0.5978274680681859 -0.9503369761928274 0.04405402637811978 -0.3080890690052956 12.850433964757041
-0.32774542977844684 0.016579976994370277 0.9446205786569587 36.06353541116828 0.04755374780750414 0.9988681465596865 -0.0010328881242559589 0.5874376169667367 -0.9435685318665527 0.04458172440903432 -0.32816291003084946 12.597790568321763
-0.34369800024537506 0.019067259289554814 0.9388866407881812 36.82193509045219 0.04825315547275545 0.9988317001930727 -0.00262062518072197 0.5765948474200238 -0.9378397078468433 0.04440353941523839 -0.3442165133649852 12.32060318338582
-0.3564093134409286 0.020506233003526542 0.9341048633320413 37.60334676518695 0.04769527045004508 0.9988549705764909 -0.003729467969437024 0.565967826683814 -0.9331117631180433 0.04322316696683711 -0.35697926461924073 12.024388526662491
-0.3647569412751157 0.021791125193718976 0.9308477430033408 38.41606551231926 0.04538962821389894 0.9989536670578221 -0.005599350170682523 0.5489427244211368 -0.9299957824862572 0.04020843113728213 -0.3653643751424769 11.71506830679638
-0.37152866809672025 0.022107316038894827 0.9281582383192175 39.20770422841338 0.04481626591449448 0.9989780895624278 -0.005854817134897248 0.530042613921526 -0.9273391780205116 0.039421354007164566 -0.37213976642718993 11.39765518261024
-0.37828849819234683 0.021819235275436964 0.9254305663351379 39.986457840712454 0.04500897468260629 0.9989732827861972 -0.005154849890056018 0.5130215903380192 -0.9245928857250629 0.039702660507371944 -0.3788821642875752 11.079021446191513
-0.3840559113425042 0.022544485006031914 0.9230345622774327 40.72915980124757 0.04478390681271539 0.9989800588919686 -0.005765728643409206 0.49607351921870496 -0.9222231067661821 0.039122731653249976 -0.38467382704639413 10.77201093100241
-0.3879611114867136 0.025568698303652056 0.9213210176920154 41.488579937584184 0.04458010784960333 0.9989657103571876 -0.008951173927352585 0.4812963557704144 -0.9205969747713229 0.037599882946849746 -0.3886997026552396 10.44648511826563
-0.39033137367407816 0.02614529241880644 0.9203031252853826 42.27836999623406 0.04337485438140306 0.9990089742890873 -0.009984552932322692 0.4617294071198672 -0.9196521302824778 0.03602072978440854 -0.39107859349841606 10.11390853974062
-0.392613491505815 0.026288363114873196 0.9193277806377627 43.04983687700967 0.042851113165705244 0.9990287118508241 -0.010267180632648922 0.44506119257802307 -0.918704755831858 0.035363185128380235 -0.3933586362970853 9.789817663368176
-0.39307397708667813 0.026078581377890993 0.9191369626614841 43.813486118942556 0.04246694583477965 0.9990459610356491 -0.010184608476645244 0.43176763064749896 -0.91852567032649 0.03502963504910349 -0.39380644689948785 9.46093090696662
-0.39061343807758364 0.024439646722682215 0.9202303220722954 44.65266406859176 0.04056987301779652 0.9991332887547382 -0.00931432796615842 0.41113776677618463 -0.9196603869888764 0.033695325643355686 -0.3912664023823904 9.114179735649044
-0.3849721249859376 0.026275804764024212 0.9225540878820141 45.43806984097862 0.03872999074015753 0.9991740515351633 -0.01229644485510501 0.38965889428262745 -0.9221152047337032 0.030996722775322706 -0.3856718195255012 8.792288221377968
-0.37894029831314785 0.0245680687644676 0.925094946646844 46.26651597960346 0.03572545940878722 0.9992907352431835 -0.011904537251368199 0.37046455382473037 -0.924731280894279 0.028538333068392555 -0.3795492348580141 8.46140253221497
-0.3768219927424947 0.025109240239390474 0.9259453071538166 47.11602830058022 0.03399338228855916 0.9993340173799625 -0.013265431308801874 0.3516058284600307 -0.9256617285737587 0.026477306544005617 -0.37742458384691324 8.129037161494896
-0.37719070781619773 0.022881418655633593 0.9258529098174405 47.974174951632385 0.030059848620465988 0.9994705056540634 -0.012454470222598088 0.3331119158468236 -0.9256476518838205 0.023133287875192678 -0.37767879945007915 7.790789281365513
-0.37790264023456394 0.021770871855677408 0.925589338552681 48.87414084762523 0.028227040595891116 0.9995296815705137 -0.011985401067355555 0.30772268079687987 -0.9254149494594 0.02159733312682671 -0.3783394329419882 7.43282446939938
-0.37834699439437175 0.02118547348747385 0.9254213783708788 49.73546456971611 0.027185891921335865 0.9995611229416166 -0.011768125769898743 0.28788019114106816 -0.9252645454750695 0.02070597055938823 -0.3787568925709565 7.092333305887403
-0.3804094291771733 0.021805697900859303 0.924561073013651 50.63193439312215 0.026891427877238402 0.9995600774746014 -0.012510100946528296 0.261858318405966 -0.9244271292534748 0.0201038070530311 -0.3808284648528179 6.733730289702714
-0.3815893582508243 0.02262445811164713 0.9240550284289778 51.53493061169668 0.026796400371238885 0.9995509978810826 -0.013407295106640571 0.23795830667691165 -0.9239434585497474 0.019645267371217023 -0.3820242778581553 6.370833533614195
-0.3831041436776905 0.021770478291932273 0.9234485699658234 52.4472866594985 0.026807683249191937 0.9995631596291447 -0.01244339306668952 0.2128030009023659 -0.92331606896869 0.01998840131530405 -0.3835204044077236 5.994588110877257
-0.38604546971321446 0.02217373245609148 0.9222132187855852 53.38637228154113 0.027183931005165182 0.9995503561582533 -0.012653829420999244 0.19010823523535805 -0.922079133919107 0.020184426989018105 -0.3864746559583369 5.607365010589599
-0.38714390835167545 0.022653141188802274 0.9217409774011731 54.34022061672803 0.0257385500105334 0.9995740664949951 -0.013755458335313952 0.16095368516948896 -0.9216599813757484 0.01839893434249595 -0.3875620697972335 5.215054260538983
-0.3891514811344738 0.022034310819816796 0.9209102094545055 55.24789755051119 0.023806300556278377 0.9996205401803291 -0.013857694736555971 0.13353594517993622 -0.9208661057855642 0.016530722799779074 -0.38952836920954476 4.842572766192286
-0.39098048205676783 0.022840206652062087 0.9201155294911334 56.16271760241913 0.022920957021759815 0.9996236289736048 -0.015074154266412607 0.10812989460976674 -0.9201135214634466 0.01519622840483996 -0.3913568477264756 4.459779169966725
-0.39290874476665805 0.02332378574197909 0.9192816322023146 57.06310543581215 0.02180841250960728 0.9996334669017313 -0.016041352618670665 0.0724044675647898 -0.9193188301289713 0.013745285325811922 -0.3932733854478486 4.069860174744827
-0.39390255414457553 0.020712893818262215 0.9189187961229509 58.02905716940041 0.021723016356949575 0.9996765995483564 -0.013221455131378249 0.04211960403600501 -0.9188954719655199 0.01475372309312948 -0.3942251124118754 3.6598050729040352
-0.3926574867112088 0.021274515702131735 0.9194386837148396 58.96699252318052 0.023160498541635467 0.9996440916886453 -0.013239382889192693 0.010593682455455403 -0.919393109304687 0.01609611548242299 -0.3930104650380658 3.263200860570481
-0.39084430922295443 0.020898726973576625 0.9202195222657014 59.893841888464756 0.023669332994698273 0.9996398134894375 -0.012649346322595113 -0.023480278417121858 -0.9201524268422151 0.01683705727515244 -0.3911981913029451 2.87478940755102
-0.39057619029999197 0.021108408899931715 0.920328568851613 60.87322779986324 0.022843680651955453 0.9996514641425827 -0.01323315880138704 -0.0564691909701418 -0.9202871322717798 0.01585513517143688 -0.39092225424459975 2.4686893606580673
-0.3905674827690947 0.02301163732789519 0.9202866433622202 61.79927188550706 0.022099811298252864 0.9996337931164325 -0.015616593746233797 -0.08594734251544119 -0.9203089914501511 0.014238827449713476 -0.3909330071110174 2.076074267848869
-0.3924555812809605 0.02294785903093935 0.9194846450524989 62.74949412595049 0.019545719666970947 0.9996710392809179 -0.01660656694533874 -0.11999390784535466 -0.9195632558797269 0.011454649226666325 -0.39277501123031033 1.6815192036818154
-0.39467074044481243 0.025559722116442536 0.918467042001004 63.66841028593765 0.0165448552984487 0.9996486309586298 -0.020709475746406778 -0.15298705290872855 -0.9186736495621811 0.007022480179242571 -0.3949549472689704 1.294375857790821
-0.39785887689533384 0.026800820118331556 0.9170550856500217 64.58318456136406 0.0159417083669621 0.999624267133785 -0.022297679062763306 -0.1927270369361623 -0.9173081139998307 0.005748095182588488 -0.39813663909749064 0.8984221665022317
-0.4034186118607234 0.02444991314496997 0.9146888133958841 65.51554567078689 0.014248317970073554 0.9996895913658339 -0.020437865589044715 -0.2337666602422141 -0.9149045901291515 0.004787761691605365 -0.4036417573772488 0.4954196950467572
-0.4060689167769133 0.023639076740072634 0.9135366598437643 66.42129907407293 0.016545905332459854 0.99969168907808 -0.01851377338483247 -0.27612178505882845 -0.9136926550237524 0.007597423187674335 -0.4063348512207067 0.09128488068948859
-0.41064497816383594 0.02319857959565512 0.9115001523936059 67.31580251352733 0.01478280410356487 0.9997142773349071 -0.018783833356908305 -0.3132023621661172 -0.9116754743940731 0.0057610413545234615 -0.4108705876439114 -0.30403169422580356
-0.4164030929083245 0.024245170410386187 0.9088567741553963 68.20781445130466 0.014579938493059552 0.9996938972374891 -0.01998842714321537 -0.35035358937859323 -0.9090631934084232 0.004927832981378607 -0.4166291238646043 -0.7054569670493089
-0.4231449007244358 0.02712394001276619 0.9056559417731943 69.07896741554381 0.016895226953961597 0.9996142306278756 -0.022044074768856045 -0.38234048516131314 -0.9059044896108429 0.005973424848832317 -0.423439929504167 -1.1130669424444242
-0.43229401499002207 0.028634902642138707 0.901277941011807 69.97972906187412 0.01588101750226495 0.9995824175058732 -0.024140917468220127 -0.42187043579323363 -0.901592855942692 0.0038772366177341876 -0.4325682479670818 -1.5320201754963323
-0.43880342658257804 0.028174229544390788 0.8981412837682988 70.8594133326249 0.01636571591470046 0.999593131894909 -0.02336095056128032 -0.45765649453360924 -0.8984340355095567 0.004447859946900348 -0.4390859829007359 -1.9535325063636455
-0.44113102713542524 0.027408853747916108 0.8970240641335497 71.70215746906791 0.015763657691835138 0.9996159544549088 -0.022791461018914085 -0.4973996923891845 -0.8973042538596482 0.004086359679149472 -0.44139367651785993 -2.3673971799303413
-0.44382143719355255 0.02390608993243562 0.8957963109723058 72.54566262270069 0.015288790485502824 0.9997005970853621 -0.019104163751947345 -0.5347688481206767 -0.8959848128026168 0.005216804703371674 -0.44405405096198264 -2.773991619134338
-0.4442195811532588 0.020166738295158956 0.8956909435662272 73.40405499811487 0.017799979091445137 0.999747954436595 -0.013681679143603721 -0.5761589793441535 -0.8957411034804466 0.009865610289230688 -0.44446658509864784 -3.200433376813198
-0.44410980606365774 0.01824081513935403 0.8957866670257782 74.2460327226852 0.019396825668859308 0.9997541624323725 -0.010741408339586332 -0.6126201233532037 -0.895762381054302 0.0126050530422433 -0.44435444110049144 -3.6189364659771033
-0.4445390794707176 0.02240160969180831 0.8954792988710253 75.0899258157917 0.01785492309653158 0.9997102212617228 -0.01614543979128455 -0.6406681199032035 -0.895581491850152 0.008811435073410643 -0.4448102405154395 -4.031985822241306
-0.44376500334137575 0.025952892106239613 0.8957673075083455 75.89976533670777 0.01874877560798275 0.9996306418995391 -0.01967392153885057 -0.6729173457489764 -0.8959470437601936 0.008063942388014857 -0.44408768009316874 -4.432822153298114
-0.4453589763684307 0.02794896044276244 0.8949157713317119 76.7425051386857 0.01947423010503998 0.9995785991791051 -0.021526226444839702 -0.7102053087112921 -0.8951402887424295 0.007840897480994249 -0.445715586217055 -4.853576801040882
-0.4422049176893746 0.02775838050745099 0.8964844020299167 77.54930631621092 0.019409286233886998 0.9995830701100641 -0.021376752728840213 -0.7443013184043805 -0.8967040149231098 0.00794721718229078 -0.4425593195943714 -5.247309798452911
-0.4403048729006303 0.02671540272386734 0.8974507820249875 78.34197533382488 0.0187345326557061 0.9996129722615996 -0.020565091113412634 -0.7771508508541479 -0.8976528483696424 0.0077584111538550726 -0.4406349632862055 -5.623713322906387
-0.43825047640456616 0.02340866251700974 0.8985480256782805 79.17004905669043 0.017648472663641394 0.9996922127917788 -0.017435913974264416 -0.8118193952175575 -0.8986796155159034 0.008216702662381663 -0.43852871565445584 -6.0158029378136515
-0.4350550517025317 0.021715407987427732 0.9001419571623397 80.0111394362931 0.016889557592099234 0.999730055857807 -0.01595488197667967 -0.8416924194462052 -0.9002454358853762 0.00826174742328609 -0.43530437477363265 -6.417073313685901
-0.4326702323233018 0.02017768039946867 0.9013264288120021 80.89144096333948 0.012732974388061855 0.9997865634260051 -0.016269571477197098 -0.8760429698906934 -0.9014623350004886 0.004437207062507046 -0.432834806558982 -6.8246861925844895
-0.43116355593612815 0.019206008391157624 0.9020693528073062 81.75616439102626 0.010309497104563227 0.9998130242256946 -0.01635942719417831 -0.9055988199884291 -0.9022148869875538 0.0022462925787620327 -0.4312809430843036 -7.2256862738179
-0.4270988722443331 0.01903723589640303 0.9040045005291975 82.54377321463971 0.012352260825041577 0.9998078851189907 -0.015218886503327297 -0.9373054777866804 -0.9041205533445908 0.004666530115162494 -0.4272519730984929 -7.59486821736876
-0.4262231002154724 0.021460980086499354 0.904363475145054 83.33719662834443 0.014428664631707458 0.99975265796328 -0.016924435952285783 -0.968518587801808 -0.9045030030241235 0.005835171727052041 -0.4264273306101036 -7.967445860269909
-0.4258740794827571 0.023103429974974124 0.9044874238750399 84.17464486201897 0.015623372396723907 0.9997126652575348 -0.01817958081556788 -1.0050564942420421 -0.9046475438863845 0.006388931606140849 -0.426112664553947 -8.362247549505303
-0.4217442002737211 0.02209570351881798 0.9064455909879469 84.97735047130016 0.0182368227152994 0.9997075159117881 -0.015883983339618615 -1.0397739895524356 -0.9065314378623229 0.009831709693183413 -0.4220238022336878 -8.733910607814908
-0.41134113369310704 0.02412364711690907 0.9111621817118225 85.79460881213498 0.02139223808773006 0.9996298558257211 -0.016808435127820584 -1.0772024757515644 -0.9112304010960495 0.012577797566630106 -0.4117049369714985 -9.10264318505994
-0.400945245165823 0.02445858193924136 0.9157754572756576 86.62989502035512 0.019295101913313517 0.9996472406567329 -0.018250843529403753 -1.1078877647330656 -0.9158987986786931 0.010352391844465235 -0.4012757388156251 -9.458903712461877
-0.3896831636765891 0.02401896334828408 0.920635715876089 87.43739342531975 0.016611154365261033 0.9996805305819458 -0.019050100421072906 -1.1345764480936753 -0.920799164583493 0.0078693185901499 -0.3899576545309357 -9.794577638841746
-0.37810153509561073 0.02254419734988781 0.9254895938497593 88.26020185407883 0.017954583823754134 0.9996939880978852 -0.017016553136919917 -1.1685377341823717 -0.9255900075508913 0.010182795627682222 -0.37839060320672124 -10.127891222682189
-0.36471491728928546 0.023320475281015315 0.9308271507317228 89.0222260356989 0.017550324400274354 0.9996808864492139 -0.018168967542471798 -1.2007411259089769 -0.9309538201329403 0.009709824961440494 -0.36500781372335506 -10.421262675501842
-0.35417290251407413 0.023271717212999688 0.9348903584392741 89.84296510444685 0.015967001979897113 0.9996950845553982 -0.01883594339418438 -1.2360217902501651 -0.9350436406780863 0.008256215460677528 -0.35443648928085386 -10.726572927400913
-0.3417328474368232 0.024051011725570462 0.9394893345949689 90.6554267226524 0.015858104853944927 0.9996777215140515 -0.01982356221559968 -1.2694760280901192 -0.9396633341219409 0.008124158014892066 -0.34200411775793993 -11.017205000134311
-0.32758012308445594 0.026270968213758926 0.9444580981648073 91.44975706623009 0.015192681223808784 0.9996305841101467 -0.02253614316690059 -1.3070476542756204 -0.9447012466368429 0.0069664582622004055 -0.3278582362273008 -11.289058352614758
-0.31446684436818106 0.031006263733268348 0.9487619382133863 92.2671486535969 0.01639185581051541 0.999494757436051 -0.027231175533518812 -1.3458813926023827 -0.9491269203095052 0.006988667051237279 -0.314816212537794 -11.558767262711232
-0.303005674997077 0.03371074909383989 0.9523923279379661 93.07846763280556 0.011701064009477048 0.9994304246322836 -0.0316529843834659 -1.3837245994032843 -0.9529169145421926 0.0015529696925529746 -0.3032275420612748 -11.80690631326612
-0.28960363680239726 0.03285548567638967 0.9565825895403879 93.92778330026455 0.009611828526758594 0.9994601082119954 -0.031418224730864024 -1.4275167846307195 -0.9570983994883691 9.567567841166358e-05 -0.28976308347159624 -12.061312230224933
-0.27604398083857434 0.030993697752243254 0.9606451537078795 94.74039992391259 0.009077635608061177 0.9995194348334615 -0.029639431876557813 -1.4696373217937773 -0.9611021367027337 0.0005385998890112959 -0.276192673211292 -12.29295125142194
-0.2655678993944102 0.031133259719051558 0.9635893372959806 95.54861039394386 0.007284417609507389 0.9995147181284219 -0.030286391411857287 -1.5099283656711204 -0.9640646389487227 -0.001023906210551451 -0.26566581177249976 -12.508168971360563
-0.26125584868573515 0.032082514811153276 0.964736281981189 96.40008968384952 0.0038350268665196287 0.9994741143207659 -0.032199182779279766 -1.5588881046119478 -0.965261971744681 -0.004712435263483727 -0.26124149528254137 -12.729112879402392
-0.2561749120404822 0.03690987740533631 0.9659255019881059 97.24150180985743 0.0005224113905864594 0.9992758633556216 -0.03804570936671229 -1.6063860256456381 -0.966630302404901 -0.00924174576583874 -0.2560086885396849 -12.94720457529891
-0.2527924880089785 0.038497961349805376 0.9667542940055345 98.05023334217404 -0.0008509816717701575 0.9991988175920641 -0.04001248246254584 -1.651639953887781 -0.9675201464757335 -0.010937545178426388 -0.2525571940552181 -13.150412854741539
-0.25041347722503554 0.03756489435677114 0.9674099281773116 98.86390723282709 -0.004297182356107394 0.9991939821832954 -0.039911404291090885 -1.6961686076428804 -0.968129446224969 -0.014151490403952935 -0.25005021629961016 -13.352834560682554
-0.2456551801627615 0.0384909161881095 0.9685927843166091 99.6882427562254 -0.00832304986943961 0.9990907542507674 -0.041813772988136995 -1.7463356287414629 -0.9693215458763269 -0.0183334159837321 -0.24511145741946744 -13.552771656890293
-0.24277032995945014 0.034657644885007007 0.9694644988561489 100.51761653207302 -0.01164703703035422 0.9991854418175895 -0.03863676213403026 -1.797239367010097 -0.9700138727975971 -0.020671248409634684 -0.2421689205273747 -13.759291100619771
-0.2399297335049555 0.03439469020866088 0.9701807709214255 101.31476515265904 -0.011974586601788973 0.9991912915062563 -0.0383845314387959 -1.8451806687534416 -0.9707164015591564 -0.020827104059611887 -0.2393238380950231 -13.950224903639823
-0.23509370693032156 0.03196288844418733 0.9714470251763936 102.10710970766715 -0.01326355242977982 0.9992605993382389 -0.03608784819196481 -1.89321454191121 -0.9718822084690628 -0.02136886455776844 -0.23449593704115473 -14.133001203714217
-0.2325018644830386 0.030740726475847076 0.9721100198782276 102.90392419300328 -0.018350419102620325 0.9991838095900245 -0.035985785692743175 -1.9375627808056004 -0.9724228221975609 -0.02620538854707189 -0.2317479934765952 -14.30922329718044
-0.23056017920762661 0.03017153822873454 0.9725901922416549 103.72163143463563 -0.023146209524068245 0.999066300230489 -0.03647986743986772 -1.9823432368660863 -0.9727827387183714 -0.030922581145085525 -0.22964654847593624 -14.495322222716032
-0.22872842168040547 0.03195376838537768 0.9729657063851553 104.49093897233628 -0.02575159771626242 0.9989127986599462 -0.03885969490890952 -2.0229324959838357 -0.9731496104559927 -0.03394373814604658 -0.22765688724486738 -14.67079256867123
-0.22402692563198356 0.029780425590477437 0.9741278472785448 105.34217621367723 -0.028929629108059136 0.99888935241474 -0.03719056590228053 -2.0776629897392676 -0.9741534854177509 -0.03651284546720195 -0.2229165740009844 -14.861301812814823
-0.2157854389772499 0.029559640009821593 0.9759932745710318 106.16622900496428 -0.030178100617117655 0.9988622868215543 -0.03692443918000979 -2.120506596327897 -0.9759743472902036 -0.03742137955908191 -0.2146478832491866 -15.042905040270385
-0.21296090374589294 0.02938571401814703 0.9766187246245979 106.99913214831378 -0.031529334589851216 0.9988203787758145 -0.03692901301767275 -2.168795290205818 -0.9765518698646036 -0.03865657452209015 -0.2117831785344727 -15.214382285739191
-0.20837130588936476 0.028091247273111554 0.9776462963201988 107.80388588886436 -0.031113594804290608 0.9988911432003971 -0.035333104224774155 -2.215069774730475 -0.9775547775446221 -0.037780495794063305 -0.2072662322647844 -15.375975346930327
-0.20556526686423532 0.029581278520370544 0.9781962323686062 108.55539388293494 -0.033674728946534616 0.9987373432491409 -0.03727910715166364 -2.255073643541991 -0.9780638699437851 -0.04060378259162636 -0.20430956695622154 -15.521823277796072
-0.20355370473235956 0.030789512147296146 0.9785795293339543 109.36881476678774 -0.033567329115197504 0.9986983042318078 -0.03840483746331537 -2.302451560807921 -0.9784881827113723 -0.04066574807184986 -0.202255218048765 -15.679008731207535
-0.19806377598635877 0.030021918743437286 0.9797292610905259 110.18532322537563 -0.03443747277435714 0.9987006139477022 -0.03756519891333002 -2.3456421259536113 -0.979583993902994 -0.04117970489749882 -0.19677253566901548 -15.834089338203817
-0.19399082175986132 0.02866253614642582 0.9805845298058649 111.0820316063814 -0.035817657989105994 0.9986996586951726 -0.03627791474605118 -2.3955195950863506 -0.9803492522816089 -0.042159823811315424 -0.19271194256477647 -16.00045510422884
-0.18738712742658148 0.028989167849801323 0.9818582854069066 111.91011333264682 -0.03516312916796202 0.9987258162556772 -0.036198042648029075 -2.4445046974766926 -0.9816565686745703 -0.041308256944675825 -0.1861290119413448 -16.152046552031543
-0.18215598885089063 0.02855435434760247 0.9828549458457976 112.73124674053092 -0.03588090001162337 0.9987194576613971 -0.0356651917544359 -2.4959397778002317 -0.9826147549981681 -0.041762348309408476 -0.18089817446169426 -16.299270485169195
-0.17933933423030485 0.029108213609983835 0.9833565554254807 113.55006317419044 -0.03768719352193603 0.9986251975107796 -0.036433368510150464 -2.5419120669833317 -0.9830651446584154 -0.04359388485776224 -0.17799577118779258 -16.44259465311212
-0.17380809075417752 0.028237433523380845 0.984374621237464 114.32392085843159 -0.040377812866225646 0.9985438922667076 -0.03577327836520117 -2.5848458222626722 -0.983951411308774 -0.0459645794592614 -0.17241484164249204 -16.571464964082228
-0.17089526759546053 0.028923726232061013 0.9848645721998173 115.0950795713749 -0.04465056460248069 0.9983147781760942 -0.03706657194691826 -2.6268348599276994 -0.984276960308508 -0.05030926093741743 -0.16931581045423721 -16.70263831537125
-0.16682968560730566 0.027714791325492788 0.9855961375441527 115.9108474267485 -0.046020111326944696 0.9982965949560767 -0.03586164877077926 -2.6728907850594634 -0.9849111662244587 -0.05134003156297732 -0.16527006929716376 -16.831305692433304
-0.16178867296702254 0.027319011435789395 0.9864472093902141 116.7310805615783 -0.04594963135988751 0.9983239472437291 -0.03518419727079846 -2.7211587451815724 -0.9857550693135999 -0.05101929021332253 -0.1602622081111717 -16.963802551304695
-0.16081076701396635 0.028212495041938894 0.986581954191282 117.523927984309 -0.04739068340342296 0.9982177235772727 -0.036269814760550606 -2.764159130746863 -0.9858468544043425 -0.05258736977370798 -0.15918714835484338 -17.08840743857297
-0.15657684652070092 0.0269299440604812 0.9872985714800422 118.32695803567903 -0.04974043800543751 0.9981447204692586 -0.035114182695495176 -2.8067692772859303 -0.9864124796253644 -0.05460673138217246 -0.1549468454893328 -17.20957448122862
-0.151316437458062 0.02615958494190086 0.9881391662466721 119.16506911931847 -0.04993712243906681 0.9981710128784582 -0.03407217122078858 -2.854804326375893 -0.9872231862945209 -0.05450050609728829 -0.1497333472464748 -17.328759635367504
-0.14749699875570177 0.024189052985437116 0.9887666686704848 120.03786805006426 -0.049195845237187195 0.9982840455029354 -0.031760562112341705 -2.9046777323995108 -0.9878382479786147 -0.053327799597966775 -0.1460538997102776 -17.453250336738538
