1.0 0.0 0.0 0.0 0.0 1.0 0.0 0.0 0.0 0.0 1.0 0.0
0.9999149609335546 -0.0028768313120587762 0.012719856243291684 0.011920939199626446 0.00285592015971044 0.9999945409960043 0.0016618358018064315 -4.8412657633889467e-05 -0.012724567626815762 -0.0016253675869674247 0.9999177183943276 0.31619492173194885
0.9997468540472103 -0.005213247281551296 0.021887208033174784 0.026368511773333603 0.005154970324197673 0.9999830187427303 0.002718180849949961 -0.0023851662681474884 -0.021901006909791024 -0.0026046648455782884 0.9997567512237062 0.611451630199827
0.9996146635989246 -0.00877724929348465 0.026334088418794917 0.03906928827344594 0.008727340811121392 0.9999598968281203 0.002009541704415217 -0.003773326867510611 -0.026350670586826063 -0.0017789407902659986 0.9996511779262252 0.8985888892191962
0.9994971713208103 -0.011942309975259326 0.029373214910084017 0.05552271673817679 0.011916992007059472 0.9999284525582504 0.0010368538791751959 -0.00024464311459543265 -0.029383495762125393 -0.000686292152003506 0.9995679762676871 1.2182155625658437
0.9995008557881798 -0.013901463069063058 0.0283687962951542 0.06706397758734738 0.013902622721357566 0.9999033416433055 0.00015637141399723183 -0.00016774923944074048 -0.028368228005359646 0.00023810730983953412 0.9995975124742684 1.5439175359257533
0.9996692889609777 -0.016746668595709023 0.019515680854096894 0.0775355030502327 0.01676489963726021 0.999859161983978 -0.0007709324550614456 -0.0015866755218979184 -0.01950002175398949 0.0010978559300599512 0.9998092537399077 1.885662792225932
0.9998348829405167 -0.017790671800130897 0.0037011960531133235 0.06806350105881857 0.01779368275483605 0.9998413739480604 -0.0007821736862244658 -0.00015574302439475517 -0.0036866935516536455 0.0008479024443879408 0.9999928446504511 2.227433116317272
0.9997536707968789 -0.015791970926923447 -0.015595235888231014 0.04442119170371392 0.01578420551283759 0.9998752288834134 -0.0006209039142127867 -0.0006812945999783048 0.015603095349797464 0.00037459255916536514 0.9998781941296251 2.607150303870752
0.9992781853518319 -0.013829661012721236 -0.03538147476043114 0.012289436469215646 0.013819063848110472 0.9999043641678764 -0.0005440518325394843 7.748600433210421e-05 0.03538561507606804 5.472026920268756e-05 0.9993737315195854 2.9626768014505203
0.9983475239978153 -0.014339380155117053 -0.05564713383633455 -0.023780097881125374 0.014321962432089618 0.9998971820749455 -0.0007118080340495993 -0.000900632341298464 0.05565161919949597 -8.634437190227652e-05 0.9984502440407955 3.3703600634446467
0.9969643281803967 -0.01696198195383682 -0.07598960128865172 -0.0668280782473554 0.01703733039145765 0.9998547951969113 0.0003433582316178433 -0.0028368400743995674 0.0759727431974314 -0.0016369758521799873 0.9971085510620782 3.7959538748327746
0.9952189752895843 -0.018669600365854216 -0.09586781131187551 -0.11828246616570814 0.018819752602215037 0.9998226734689692 0.0006622154894910146 -0.0017434859188228443 0.09583844810691318 -0.002463257912277467 0.9953938538211476 4.225606952161677
0.9933245470079808 -0.018303749947497828 -0.11389168999206738 -0.18121624386570834 0.018559569948746166 0.9998270527564186 0.0011861449032271607 -0.003676310935275584 0.11385028183850625 -0.003292007635672633 0.9934924639930689 4.649644199074677
0.9915331406793303 -0.019167931740904018 -0.1284313876252987 -0.24879017065765902 0.019586775358281246 0.9998061625423255 0.0019988930570431955 -0.007955520927701975 0.12836817816596102 -0.004497525449101214 0.9917163823892328 5.086721527922843
0.9896420511787933 -0.019506616557584355 -0.14222553374519672 -0.3244210078143705 0.019972863054942263 0.9997988085925238 0.001851236980652639 -0.010084330375247443 0.14216080781994464 -0.004672713071159997 0.9898325466827889 5.541450967305441
0.9873058873895209 -0.02202654314444939 -0.15729563287992582 -0.3975051212087782 0.022595707903160022 0.9997430078679632 0.0018309023657278895 -0.013505198798345035 0.15721488068991996 -0.0053618668599160445 0.9875498628795565 5.992568906168819
0.9854410492937961 -0.024986347615108356 -0.16817140303749442 -0.4742497110271087 0.025225378986480005 0.9996815337033407 -0.0007151416119123843 -0.016478234379613602 0.16813571489047432 -0.0035374574758722747 0.9857575096203304 6.439822061975568
0.9839176692240145 -0.025537633316807983 -0.17678758291622002 -0.567329008857633 0.025477545011755736 0.999671986996765 -0.0026101942674915477 -0.018429488760739125 0.17679625247430183 -0.001935897341375327 0.9842455676367188 6.942884224658771
0.9823813165720024 -0.02585753194276312 -0.18509007777859998 -0.6701156346772801 0.025637305155934383 0.9996648876599452 -0.003583429107821261 -0.020220488400091163 0.1851207104421348 -0.0012249170005617115 0.9827150259071757 7.452541694472051
0.981424528554978 -0.02699253597315312 -0.18994024784752034 -0.7759533284296392 0.0263384782422487 0.9996352704292369 -0.00596746828639113 -0.027023560099955612 0.1900320481248413 0.0008538826643789562 0.9817775163293736 7.990740214028665
0.9795821362010392 -0.03125264891093511 -0.19860037857934373 -0.883869386269109 0.030274357461221868 0.9995099205754532 -0.007961278261773397 -0.035347896109947353 0.19875185965449224 0.0017862271135138368 0.9800482170161732 8.538579843961731
0.977764903752016 -0.037718882293724706 -0.20628397637558551 -0.9860796932419547 0.03648464294405748 0.9992863042826612 -0.009785341197178627 -0.04225526494893631 0.20650584451791096 0.00204156597069637 0.9784432370803795 9.075175433972042
0.9749761920193912 -0.03960600099091782 -0.21875280496687327 -1.1089629441432056 0.037849415753933344 0.9992087769172425 -0.012216458514413536 -0.05204737338967218 0.2190635677661929 0.003631090339815495 0.9757038323489823 9.614439086951585
0.9723988212391099 -0.035909835377080125 -0.23054504153414498 -1.2528605957693393 0.033000431009085264 0.9993197132629411 -0.01646457522342272 -0.0564272559539804 0.2309794449859213 0.008402047801824656 0.9729223512627981 10.169693107360608
0.9696804953553765 -0.035079960382439504 -0.2418452672824477 -1.398052823133478 0.031422306560858856 0.9993262464013696 -0.01896554517394439 -0.06804132514603883 0.2423476337366377 0.010791183110113244 0.9701294629013887 10.704681255510842
0.9664348799327807 -0.037328891187679195 -0.2541853196626632 -1.5517664856810098 0.03303734564242754 0.9992306665133162 -0.0211331231070287 -0.08499691586814367 0.2547786424373414 0.012026179029619614 0.966924616697565 11.264882788017163
0.9632946292363175 -0.03798033910721732 -0.265746027488214 -1.7152942863440632 0.033035581422895366 0.9991882521183991 -0.023054005912852657 -0.10299989331199458 0.26640590767570654 0.013428725549335385 0.963767379446723 11.83445160718446
0.9599655662654355 -0.03821293187389025 -0.2774993394988237 -1.8805399226803194 0.032311624670209683 0.9991445413357987 -0.02580977392477904 -0.11605699114549761 0.27824821741720734 0.015810039736766292 0.9603790773166961 12.389148288545599
0.9570298424519187 -0.03786813894362349 -0.28750632116425234 -2.064403267065857 0.030648335540698353 0.999092648698154 -0.02957294110994168 -0.1323672054442315 0.2883653241723778 0.019490596970173565 0.9573220756071104 12.96558164105928
0.954549144829632 -0.03927843411638489 -0.2954541160965324 -2.2478682801516845 0.03021667469097372 0.9989242240139855 -0.035175947018908554 -0.1513724534153701 0.29651792977093017 0.024649529233273498 0.9547091274482192 13.542818849428599
0.9519329155583046 -0.03971007333193886 -0.3037216395857198 -2.4490440688399584 0.028362371962263426 0.9987281791433512 -0.04168453000431179 -0.17494539107945453 0.3049906558131577 0.03106661006576345 0.9518484992926562 14.152790205220043
0.9511936726159378 -0.03965477622447868 -0.30603610227878497 -2.65787446100935 0.025350977665472667 0.9983984987022035 -0.050574358330986786 -0.20127606840851742 0.30755149992612474 0.040347695247347985 0.9506756220611835 14.774611921830536
0.9502385736249358 -0.04067736420070317 -0.30885596195788634 -2.867512228871198 0.023730490216650413 0.998009359653344 -0.05843100100460419 -0.23473138232238935 0.31061795992718355 0.04819408766649649 0.949312284174533 15.395086042002958
0.9496921423610966 -0.04064707725397433 -0.3105360685142717 -3.0868600902489147 0.020720424110163737 0.9975242612557187 -0.06720128146790098 -0.27346498572785505 0.31249879801734587 0.05738608992554335 0.9481831774086544 16.02014506299405
0.9494104874566985 -0.041233699073658876 -0.3113189817019469 -3.3098175748589416 0.019257157316426556 0.9971210804152505 -0.07333970877781013 -0.31867600119239986 0.31344678687031485 0.06363437005444891 0.9474712548401925 16.661913271284494
0.9488766198623355 -0.03953743463704824 -0.3131612229203196 -3.541566922141972 0.015503626746209073 0.996764483048675 -0.07886826288452146 -0.3712790914902265 0.3152662332637976 0.06998111598873581 0.9464194871031704 17.327942200436937
0.948606842145056 -0.04045628095752014 -0.31386039630171775 -3.7686203810791508 0.014592016144155768 0.9963315877190863 -0.08432342721933073 -0.42618599192498635 0.3161204392323183 0.07540992404353197 0.9457172998604367 17.985296596342174
0.9482640704385173 -0.039622950062579945 -0.3150004357833699 -4.01771485577239 0.012059400408203023 0.9959607834230879 -0.08897577617005371 -0.4868084717324115 0.31725356353738454 0.08057381529757147 0.9449116555060709 18.678368387514375
0.9483080685974117 -0.0387128976900383 -0.31498114004728506 -4.259857952037039 0.010259941518515241 0.9957527697464564 -0.09149401697541304 -0.5443534370197453 0.31718534113840036 0.08353282644985233 0.9446775779450973 19.370658786561485
0.9479643523207844 -0.03925439548643028 -0.31594727275928625 -4.503737775736655 0.010292045647611494 0.9956296747598435 -0.09282038856843693 -0.6081917242108849 0.31821008866065725 0.08473867577796491 0.944225447815284 20.065403641549924
0.9469180832990878 -0.03900773208161578 -0.3190995774974182 -4.758530180682262 0.009851440682892731 0.995665856022314 -0.09247946943956824 -0.6772485206238431 0.3213239683522742 0.08442689138658056 0.9431982863497713 20.800622017151813
0.9460731719318526 -0.03849986402687984 -0.3216571370585694 -5.01701686772246 0.009209126097159298 0.9957078988027159 -0.09209219434027703 -0.7457403567165835 0.32382208903552295 0.08416377327444687 0.9423670802404325 21.52855799622906
0.9441419264346027 -0.03863676764042668 -0.3272662875009536 -5.290289339861179 0.009471121014630613 0.9958742454869886 -0.09024846282595286 -0.8215763479280281 0.32940297602645213 0.08210777893732635 0.9406125621226286 22.296365097086966
0.9411788409087223 -0.038664800108345845 -0.33568947355896595 -5.595011461113147 0.0094080268003924 0.9960453024824141 -0.08834729443757317 -0.9047273052670688 0.33777785371074454 0.07999242861232436 0.9378205227586274 23.136003052006313
0.9382216123927555 -0.0395222607772924 -0.3437705585738695 -5.870391569493259 0.011285700137632648 0.9964224967261959 -0.08375464757455588 -0.9751360216521101 0.3458508912978857 0.07470072905257562 0.9353111578867602 23.879512640355976
0.9359476913381284 -0.038511078441913364 -0.3500268788479947 -6.130225136014888 0.010974571149433461 0.9967090441715998 -0.08031587672821873 -1.034289549338439 0.35196800687976454 0.07133006451544256 0.9332901713986433 24.548181075301276
0.9327818637352242 -0.037639522443284175 -0.35847072549496034 -6.430892016005519 0.010602659139417969 0.9969675649468485 -0.07709252923030167 -1.1024522986648624 0.3602854122856142 0.06810977018162011 0.930352342341326 25.310669888754326
0.9294029675597996 -0.0376144016163936 -0.3671447680167577 -6.737099173855714 0.010068361851014923 0.9970066804291776 -0.07665707579361918 -1.167287636613079 0.3689291964329677 0.06754876735094649 0.9269996828741056 26.06273383036927
0.9263445911093212 -0.037979738067514146 -0.3747575723302035 -7.053486830722805 0.010103711858386932 0.9970512028748486 -0.07607111049866623 -1.234510679604527 0.37654164912953175 0.06668161922254597 0.9239967251720496 26.824329470704487
0.9229848329329524 -0.037884867911553655 -0.382967015497489 -7.390070263280534 0.00981859982519263 0.9971368722289686 -0.07497768427273747 -1.3016370475866244 0.38471105166501596 0.06544306552075406 0.9207141857829951 27.61586752975318
0.9197798351933641 -0.03812353496716874 -0.39057861033763114 -7.7413232554971385 0.009739688528514118 0.9971811728071952 -0.07439655278461725 -1.3676993776468371 0.3923138963114046 0.06462433504860125 0.9175584461387136 28.42591967684108
0.9165965872200017 -0.03886143078870751 -0.3979201999065901 -8.09919513728045 0.01063084119518592 0.9972820020434309 -0.07290811762574399 -1.437205844072373 0.39967196738341415 0.0625971053428278 0.9145184092682719 29.229428473836805
0.913310754835259 -0.038993375188223975 -0.4053923800389939 -8.474697595425422 0.011502555227156309 0.9974785628714771 -0.07003004951518535 -1.5063426325469909 0.4071009166355388 0.059296149143797626 0.9114564226397337 30.063293402095336
0.910513975689412 -0.03630292591146901 -0.41188153350754625 -8.850362097041481 0.010457277995879725 0.9978414048894808 -0.06483190591911274 -1.5747886353780285 0.4133460359204845 0.05472319671267559 0.9089281744617491 30.88160054115306
0.9076557680426345 -0.03801088679160122 -0.41799064490039917 -9.228663712550564 0.013364994881347644 0.998003160847138 -0.06173384688275504 -1.6406243043502624 0.4195025430802024 0.05044663937704837 0.906351340775091 31.701612084501626
0.90443986198258 -0.0382477789344909 -0.4248830938781983 -9.633154666495686 0.013992778727263379 0.9980965645755999 -0.06006205062995317 -1.710033699934574 0.42637159638092853 0.04837721766455288 0.9032535118174825 32.56427205936077
0.9014193094750286 -0.03718300973480818 -0.43134748439352666 -10.03071089278879 0.013127124782995504 0.9981944321232837 -0.058613601433513934 -1.7728999361382043 0.43274808734469783 0.047173079877577656 0.9002798417349849 33.391551171209535
0.8985197222839892 -0.037587734169472656 -0.43732078718797257 -10.453154092578544 0.014415994910435164 0.9983162279751011 -0.056186190939663 -1.831339747973229 0.438696350289634 0.04417998643697188 0.8975486844962695 34.25725037625888
0.8960623786714736 -0.03885039729158612 -0.4422248977159776 -10.873778016991459 0.01603212081557614 0.9983454080301248 -0.055221529925552834 -1.890408324583057 0.4436385743279947 0.04239213247113048 0.8952026153183282 35.10894165024083
0.8945951217283239 -0.03919327117373268 -0.4451555409905485 -11.285967295117914 0.01620757836606813 0.9983367675703527 -0.055326421542400674 -1.943607721418815 0.4465835673011193 0.04227985349882272 0.8937424301244318 35.93298175991446
0.8935943877041413 -0.04090033774857645 -0.4470080901233371 -11.725599599596066 0.017920343493850334 0.9982968357004118 -0.05551836740762213 -1.999474786974805 0.4485174818808332 0.04160036301040744 0.8928053977461601 36.80312083699362
0.8920546518141329 -0.042029205696799334 -0.4499689367559303 -12.186186556762683 0.019123818260539806 0.9982848602807063 -0.055331883299492346 -2.0594981433188493 0.4515227322648375 0.040753939721540136 0.8913284123404062 37.705433975780885
0.8921202352327409 -0.04241038817030795 -0.44980311788995275 -12.630362761262356 0.01979069542848455 0.9982971372388187 -0.0548739843207691 -2.118017790309036 0.45136439188613 0.04005227529145949 0.8914404079809493 38.57528670243495
0.8920319077577419 -0.041465955124487 -0.45006627301731644 -13.094320049631563 0.019407775188032213 0.9983783007024215 -0.05351735184775271 -2.177900842192289 0.4515555489686008 0.03900440042045756 0.8913900621745265 39.492047494324645
0.8919850490898398 -0.04318248288629361 -0.44999771707417735 -13.573063677021072 0.021900975682992006 0.9983862739473619 -0.0523946109598749 -2.2463416137571475 0.4515340734256158 0.036879820570043596 0.8914913680851836 40.43965578206294
0.8917167923877005 -0.045302133011542005 -0.4503208621842821 -14.058349041604055 0.02424510976220868 0.9983306590070912 -0.052422036769717184 -2.309058843607075 0.4519439531915535 0.03582753174685194 0.8913265681794296 41.38770415384726
0.8898711959034353 -0.048001482267333875 -0.45367952609912715 -14.529102658062364 0.026567165457295927 0.9982140729371342 -0.05350561007803281 -2.369588714913383 0.4554376361489621 0.03556012219321884 0.8895572141737983 42.311244562332774
0.889027116395734 -0.04959870936345151 -0.455160141425593 -15.019542196659062 0.028926951095963188 0.9982137087840414 -0.05227449756717703 -2.431036471714604 0.45693984047506486 0.0333070506813334 0.8888737945071468 43.263827503810575
0.8871476158217169 -0.04893339308510494 -0.4588841147643075 -15.515956081809655 0.02954092362696714 0.9983446607964794 -0.04934847606996732 -2.4972507711476157 0.4605392942769479 0.03022352230202572 0.8871246232218728 44.22240704048096
0.8845890968405142 -0.05005243495568319 -0.4636775641605819 -15.998668997654443 0.0325518546692119 0.9984258312438405 -0.04567533538618616 -2.555871172545986 0.46523381917964435 0.02531033899522455 0.8848259039107461 45.136960083093676
0.8811889948281876 -0.0512009842607004 -0.46998341949948014 -16.505092970105743 0.0342084792393314 0.9984176748060337 -0.04463100472816714 -2.615633004327801 0.4715249042646857 0.02325093214580774 0.8815461750881405 46.09110263648778
0.8769205888183249 -0.05536616047779404 -0.47743572256427314 -17.02687891162069 0.03676047307256709 0.9981594205388845 -0.04823317125132373 -2.675771636343908 0.4792274496791722 0.02474589791108033 0.8773418330448919 47.045051007692685
0.8723809403620557 -0.05802580163870149 -0.485370478332996 -17.52581073119586 0.037569715081496015 0.9979516447228178 -0.05177867614875834 -2.733797708223766 0.48738076634363664 0.026935499609416054 0.8727740070940934 47.95750421721902
0.8671610607269234 -0.05867877714405034 -0.49455889019593585 -18.047764761681353 0.03781795673340978 0.9979259353863186 -0.052092510323950444 -2.795170307067893 0.49658986790657217 0.026469389796892024 0.8675816241117105 48.87404768185541
0.8626374601357998 -0.05794117980703249 -0.5024932159273653 -18.59084434683238 0.038858795180130884 0.998073034732169 -0.048375731288192315 -2.856880990711897 0.5043278758978184 0.022204437013531385 0.8632267121500047 49.79987066896997
0.858856770324814 -0.05701904690820673 -0.5090322940216166 -19.150441864250574 0.039200455549869055 0.998187090984912 -0.04567116897739672 -2.9202402131936647 0.5107135913130888 0.019270694869643525 0.8595349137570438 50.74054201034399
0.8555505960937584 -0.05765610905662292 -0.5144987372307785 -19.704141395335576 0.03866680501357644 0.9981199957444852 -0.04755367793421662 -2.986380617342313 0.5162732374563463 0.02079055515083583 0.8561715348590277 51.66663704577984
0.8535186541325335 -0.06189162074455472 -0.5173734959672759 -20.22125346938833 0.04039231670143849 0.9977917442859575 -0.05272661364317896 -3.041565441653063 0.5194943385632603 0.02410523421165157 0.8541338126337829 52.52336355740592
0.8530134248234004 -0.06506772876018278 -0.5178168476836618 -20.770588669631284 0.038865355718897265 0.9973622697167446 -0.06130242303781782 -3.1092108013479747 0.5204397959379132 0.032166653842998334 0.8532922859048053 53.42364566026075
0.8509615868126341 -0.0672557360824573 -0.5209040638479709 -21.31474797870534 0.04019799254716302 0.9971983828125249 -0.06308333148513623 -3.17764142551644 0.5236874059632353 0.03274219418567125 0.8512810637829351 54.32870022235635
0.8502619133272725 -0.066709679268939 -0.5221154062435635 -21.882802310599054 0.040981447937916395 0.9973152009637538 -0.060686990793245306 -3.253598212228037 0.5247620409956858 0.030202791567384653 0.8507129902097297 55.249524848171646
0.8486560446243621 -0.06490332788641531 -0.5249480697667163 -22.44337282267314 0.041668969678507785 0.9975624339899877 -0.055972200759867946 -3.32448038622093 0.5273012562932734 0.02562710130388976 0.8492918442975276 56.15052782830232
0.8466866914869328 -0.06436134002407669 -0.5281848770735648 -22.985240720189356 0.042085306562490196 0.9976480281993374 -0.054103962900283756 -3.3887047847089766 0.5304248046900265 0.023580282871060832 0.8474039749902451 57.01393901082586
0.8455994218390863 -0.06518023432719386 -0.5298237016578773 -23.539194954733933 0.04247582508489357 0.99758611360716 -0.05493405338694972 -3.4494591382403024 0.5321253819061451 0.023947504905831345 0.8463268251331897 57.895130580058584
0.8434506404709095 -0.06739370828805373 -0.5329625738946382 -24.112703853875267 0.0431245748536513 0.9973920541281482 -0.0578736676367165 -3.5212411969544384 0.5354729574244668 0.025829797622475087 0.8441572918727158 58.80484084256306
0.8413841149198489 -0.0697011327189495 -0.5359239901872636 -24.679361553526544 0.043809726490672676 0.9971812846907072 -0.060911356309012746 -3.590170329707887 0.5386589635616911 0.02777116418673228 0.8420660801946357 59.68821762430566
0.838894832945386 -0.07228115651611161 -0.5394727923354675 -25.260211162084016 0.04594514421417595 0.9970094739602068 -0.06213817310422519 -3.6642739624382403 0.542350903918 0.027341237102323213 0.839707064262915 60.60155423973217
0.8358856697175785 -0.07433672198146885 -0.5438466685802581 -25.853483686284395 0.04885699191456831 0.9969306104252512 -0.06117476880377895 -3.744508775838728 0.5467249230663032 0.024564400301774217 0.8369518795820696 61.51497600351572
0.8337232824289944 -0.0749380949041445 -0.5470738252447841 -26.44711630726173 0.04946031896681806 0.9969005799334544 -0.061179331281429106 -3.820300183039752 0.5499628761866785 0.02394818699775963 0.8348456858342125 62.421560059401074
0.8303222872515106 -0.07453799658165779 -0.5522761866666106 -27.03813707760034 0.04831040162637046 0.9969115043487561 -0.061915729760692956 -3.900426961326118 0.5551855585190586 0.024729325965200683 0.8313588010294882 63.3084775921751
0.8261440946281557 -0.07808891479893489 -0.5580215554049409 -27.623481280944763 0.05104854919096184 0.9966502309931596 -0.06389336966211374 -3.975521751688501 0.5611416759932583 0.02429893921154286 0.8273630285531683 64.17893787690494
0.8219636749976383 -0.07940147239054693 -0.563977945638471 -28.237591698045186 0.05099812416693539 0.9965174267992695 -0.0659712772107431 -4.053588446263081 0.5672520677052053 0.025464176161346466 0.8231504524791281 65.07329178546767
0.8172231839238832 -0.08015747141404773 -0.5707197626101773 -28.865789359852016 0.05081793461247426 0.9964456386459524 -0.06718353031199167 -4.137438358829681 0.5740764802524428 0.02590113897044172 0.8183919145623327 65.97602516686138
0.8126765399471887 -0.0826829799719245 -0.5768191798496543 -29.49293598026579 0.0519993179248952 0.9962229902546484 -0.06954009363980103 -4.221006162570097 0.5803903103557218 0.02651939876861754 0.8139065112985274 66.87597284935076
0.8079508989971275 -0.08303109212391596 -0.583370536237856 -30.147634322661343 0.05178681113021505 0.996197245916387 -0.0700654938009377 -4.308278492441183 0.5869697360194112 0.026398578926063152 0.809178375902364 67.79183629418844
0.8042222419314816 -0.08406596564323701 -0.5883532093931089 -30.801071190624615 0.05321991707123416 0.9961552095093194 -0.06958763535553526 -4.39339625449348 0.5919410663314654 0.024651815103843285 0.805604159623356 68.68906907069105
0.8004753362531132 -0.08611280901119499 -0.5931473848670894 -31.457327315389655 0.0557388500461415 0.9960318129049893 -0.06938161339097235 -4.4810382339462915 0.5967683106918458 0.02247691716855441 0.8020987293024462 69.5764661950493
0.7955901126422674 -0.08758153464508531 -0.5994713066153178 -32.13487455138637 0.0569609135418756 0.9959259406211369 -0.06990690328128409 -4.56889247017598 0.6031515787879026 0.021470807789078585 0.7973375555049098 70.4793262754634
0.7911412555406097 -0.09045996866209768 -0.6049070241378258 -32.81559405231423 0.0587636360862632 0.9956691158034583 -0.07204059209279828 -4.656507238997216 0.6088040315697236 0.021447748245725724 0.7930306710585908 71.37359669328696
0.7878460641300717 -0.08998965930408903 -0.6092622099335301 -33.49822441156559 0.057771883270105046 0.9957038152471279 -0.0723624336637363 -4.747583759815416 0.6131565776685268 0.02181223327968192 0.7896602039745783 72.25792244204813
0.7845130656710582 -0.09047979941333312 -0.6134758802834231 -34.205218752679265 0.05885995092265045 0.9956964797916557 -0.07158230443264743 -4.840106461653116 0.6173125269819016 0.020048092892543133 0.7864625343921926 73.16754730610276
0.7820400769134123 -0.08982875961366912 -0.6167204488644219 -34.908363007326116 0.05815436093088711 0.995758594178157 -0.07129440668846615 -4.930667183587619 0.6205089752823761 0.019890099713423866 0.7839470616868244 74.05707459144502
0.7783357826813516 -0.09107013382053526 -0.6212082099616183 -35.6169151945448 0.05864716941616986 0.995643967463576 -0.07248171888732458 -5.02635391934157 0.6251031266257427 0.01998301226792082 0.7802863322546546 74.9502827013282
0.7749551102844263 -0.09243185125514747 -0.6252207049655338 -36.316583477945954 0.0579570801116168 0.9954727698187645 -0.07533220701859639 -5.11481841433703 0.6293532822739454 0.022143112312936617 0.7768037903281036 75.82125325483761
0.7724611848903674 -0.09382872041620753 -0.628092261584894 -37.035258802782394 0.05688797697719679 0.9952725395746158 -0.07871677104745148 -5.207960052699349 0.6325088741774393 0.02507475211746122 0.7741471312954898 76.70756934377523
0.7702239395196891 -0.09383591704489015 -0.63083270655786 -37.7645577573398 0.05580816928954417 0.9952392768162905 -0.07990137747709244 -5.301566619507077 0.6353271056954205 0.02633633525249352 0.7717939272980505 77.59780426860614
0.7679809523027668 -0.09300329709058489 -0.6336841828785187 -38.485209607284474 0.055829481811567855 0.9953556703446745 -0.07842294608949246 -5.400392512510592 0.6380347371897452 0.024849069257902458 0.7696065214745965 78.46966017506044
0.7648240212563121 -0.09350637187466754 -0.6374172690852994 -39.194306491715665 0.056519764757709784 0.9953346932970295 -0.07819440204414649 -5.495486987230612 0.6417551968633036 0.023778282909933987 0.7665408407650551 79.3292393706656
0.7614537370935887 -0.09398315603331907 -0.6413699187272699 -39.9343900092032 0.056426329492505437 0.9952879953772429 -0.07885350720134422 -5.598815055646974 0.6457586821764081 0.023853147380713396 0.7631688880934696 80.19929235116732
0.7591360728250054 -0.09461206978946449 -0.6440193934859275 -40.69006666961334 0.05660466087926689 0.9952276327664089 -0.07948503849727576 -5.699047868134201 0.6484661404441805 0.02388546060522421 0.7608686808307363 81.09081201276959
0.7560250975735107 -0.09541264885137142 -0.6475511395080152 -41.44912254601463 0.05739158154452852 0.9951712283408263 -0.07962683373354287 -5.801649358289314 0.6520216700438582 0.023035900715544823 0.7578503078256563 81.9782256555759
0.753450354705512 -0.09527641964165749 -0.6505651134624459 -42.19647071031853 0.05696851845168184 0.995184187139116 -0.07976855002867697 -5.9055088552220845 0.6550321754689297 0.023039911643145193 0.7552496352676494 82.8471127054375
0.7522000053356704 -0.0973624694573997 -0.6517021570580952 -42.9683011489484 0.05814638887301972 0.9949730377511323 -0.08153313197290633 -6.01049811769616 0.6563643419885368 0.023435095251368294 0.7540800003159575 83.74526124762518
0.7498400439449677 -0.1013832399351566 -0.6538052822950112 -43.76366022292665 0.06061198244594093 0.9945605846724808 -0.08470791580428684 -6.1224962629965 0.6588369267736757 0.023888953015644407 0.7519063916760081 84.67338545362784
0.7469860150856457 -0.10477360216718497 -0.6565320902708262 -44.555537025570494 0.06358868984039424 0.994236319882832 -0.08631696675755762 -6.23363420328535 0.6617917888511838 0.022729551574010833 0.7493430427343639 85.58087058725388
0.7433305637637007 -0.10704728411163304 -0.6603033787124387 -45.36168363921437 0.0663625851979991 0.9940438404220793 -0.08644565116165226 -6.348359989658356 0.6656242785991037 0.020438255386580298 0.746007102818851 86.50236343018874
0.7374630783722853 -0.10983087171704937 -0.666397319664137 -46.17077589582119 0.06899589867941434 0.9937781005054189 -0.08743370586485286 -6.467308865221498 0.6718539826503173 0.018500447932811234 0.7404525369145498 87.41632260008879
0.7300133731877683 -0.11109359436143822 -0.6743431531934407 -46.98767477113685 0.07123814576493716 0.9936941675803488 -0.08658537927832335 -6.580929356123761 0.6797099392792412 0.015169528952929431 0.733324132861013 88.31480103899419
0.7214828519344068 -0.11065871571081734 -0.6835328397391213 -47.82589549578905 0.07175932598179577 0.9937813720938095 -0.08514213771091059 -6.6953856593864565 0.6887039229590849 0.012378736469357617 0.724937013390949 89.21707943951172
0.7137539851160678 -0.11040264125476804 -0.6916404452711705 -48.63711478519141 0.07149913197145566 0.9938248146351829 -0.08485347336834612 -6.80790755583734 0.6967374848953231 0.011112813294357392 0.7172401149701711 90.06312697024183
0.7073280649255655 -0.1115886873129473 -0.6980221869198917 -49.472455681687556 0.0706972741687025 0.9936778552506036 -0.08721361940474501 -6.920556075250563 0.7033412429210804 0.012340374724200166 0.7107452505348848 90.91679519867029
0.6983911682324363 -0.11394634772251594 -0.7065875784187213 -50.351257372450526 0.07222480630474817 0.9934260617591901 -0.08881574844512581 -7.042962690254084 0.7120627454720369 0.01099498332539639 0.7020297407179412 91.80635192707663
0.6902921270873039 -0.11599169322636033 -0.7141727426776855 -51.186565442441406 0.07249885373765733 0.993187027933719 -0.09123290936340787 -7.154758091181129 0.7198893633663518 0.011200653850018921 0.6939984509098855 92.62967215681559
0.6828092985507425 -0.11887821150519612 -0.7208602032585577 -52.00216574659283 0.07742014640488862 0.9928911898364609 -0.090405785632241 -7.266920085033357 0.7264830230248253 0.00592080859874395 0.6871589054085294 93.4236131672327
0.6745380386272495 -0.11962997067112223 -0.7284827414305226 -52.86903994660407 0.07926390650797709 0.9928148068498153 -0.08964369707268205 -7.383785343597084 0.7339725250784241 0.0027256956892784748 0.6791736913433939 94.24503662635001
0.6667333701445024 -0.11984826950415609 -0.7355970401195298 -53.736764419834024 0.07911014034234118 0.9927905063815641 -0.09004774363443362 -7.500788138442324 0.7410858242003884 0.001844650508027318 0.6714077735875078 95.03807648924987
0.6595123255102948 -0.12056394523973338 -0.7419621470184539 -54.65410156576716 0.07802523185143675 0.9927017480571105 -0.09195271936646007 -7.620649488767805 0.7476333029597684 0.0027521832402649313 0.6641060681795338 95.86420218130378
0.6515821977015237 -0.12021517906849656 -0.74899195613837 -55.60449700970003 0.07605639216923189 0.9927407986802557 -0.09317259170962294 -7.745747049040924 0.7547556325385407 0.003743976124042883 0.6559953641559748 96.6975611940163
0.6454477848361597 -0.12107992087073248 -0.7541464113897458 -56.5200289165216 0.07488181246876881 0.9926300349222464 -0.09528025992644999 -7.864696078425845 0.7601249050067276 0.005026582556458742 0.6497575411307794 97.4869773993759
0.6370354034892303 -0.11977046832371051 -0.7614728686032305 -57.46709225441869 0.0729679217262242 0.9927888905484599 -0.09510994271112626 -7.992469148216373 0.7673731667841072 0.0050253080579359816 0.6411810736279212 98.2936620812744
0.6298475721450643 -0.11910952552331716 -0.7675317301536 -58.388121197467356 0.07242507099070633 0.9928729666072696 -0.09464608429550171 -8.111255838291399 0.7733347560758921 0.004024066362564721 0.6339851433077517 99.05362868273744
0.6233547113599373 -0.11827764639907266 -0.7729419785389232 -59.29513600189941 0.072411549290042 0.9929777936778206 -0.09355035431329639 -8.230306689216029 0.7785791362185254 0.0023451279332709143 0.6275420535870019 99.79566696370577
0.6175892641158554 -0.11754620005719606 -0.7776672757040443 -60.27136262142825 0.07173204832617448 0.9930658955795129 -0.0931377489517092 -8.35960672012188 0.7832228380810712 0.0017372072340063952 0.6217386653725652 100.57665982902171
0.612910116411125 -0.11903930256676462 -0.7811343249693486 -61.24689408721401 0.07255564827059907 0.9928888533823905 -0.09437903757209712 -8.487754825884224 0.7868143790659489 0.0011701595705160897 0.6171885964773209 101.35107610227536
0.6066360439539886 -0.12135457333871252 -0.7856626360631092 -62.231918032328196 0.07294231740520538 0.9926080355063035 -0.09699848545144973 -8.614690730895388 0.7916262555697686 0.0015347241106703283 0.6110036956635299 102.12140187968255
0.6013247303913751 -0.12289013858428635 -0.7894976772977076 -63.23178456573324 0.07234999788326071 0.9924167867221019 -0.09937001176648141 -8.749154518343191 0.7957223425454589 0.0026334902531388177 0.6056558579779894 102.88859602527599
0.5974715119901678 -0.12543323470260292 -0.7920191260267803 -64.22097920655744 0.07249460431775742 0.9920948499453976 -0.10243212902517969 -8.882934284061863 0.7986064892705261 0.0037831658516385702 0.6018416427525969 103.63972920853914
0.5924828096418058 -0.12663299985468693 -0.7955678497945694 -65.17308124229575 0.07418493111688082 0.9919480125074926 -0.10264373569594482 -9.018161971629722 0.8021600315860516 0.0017955027814491736 0.5971064058403883 104.3676294320204
0.5911294373213938 -0.12561736450736544 -0.7967347526412516 -66.12949081085249 0.0758530990766344 0.9920779904154828 -0.10013774659761293 -9.146845538187613 0.803002052109808 -0.0012404303290154198 0.5959749706489662 105.08530407711243
0.5907482924426474 -0.12458852831158143 -0.7971788717654593 -67.11982434729413 0.0788573463259378 0.9921916611750886 -0.0966293248711248 -9.282062363990107 0.8029931344080892 -0.005779801707026376 0.5959602503403225 105.82988574796443
0.5888932846243178 -0.12508673401474257 -0.7984722965124759 -68.11489509413198 0.08120651252807075 0.9921086714225089 -0.09552950544880148 -9.41464566384198 0.8041207630993062 -0.008584466307776435 0.594403991651133 106.57737961506052
0.5869193850913281 -0.12581657389874362 -0.7998098681164164 -69.09488381453897 0.08340054733028536 0.9919921244242229 -0.09484710741675778 -9.545876594844623 0.805338428307644 -0.011036974798337845 0.5927125788088816 107.30853010494741
0.5853405610097413 -0.12671010220651802 -0.8008251854403776 -70.09539041753331 0.08714879568484549 0.9918230397126482 -0.09323167544265121 -9.67495346278725 0.8060902648261437 -0.015218669257742373 0.5915968872961901 108.05302438665368
0.5828490652939466 -0.12752080219023454 -0.8025119389110246 -71.08089657999697 0.09063355401662533 0.9916489107791853 -0.09174964107161898 -9.803817355221684 0.8075100779385286 -0.019258316624630845 0.5895393042609605 108.7835804546571
0.5812871018989262 -0.12992952339297942 -0.8032581304392884 -72.05778593294494 0.09446031328164244 0.9912700150119056 -0.09198372982778336 -9.928445000508793 0.8081971011954211 -0.022407058913875587 0.5884856577098109 109.50400828103689
0.5780789931036423 -0.13108006850289916 -0.8053835690983238 -72.99139745000303 0.09792445294412624 0.9910239928011089 -0.09100685253397858 -10.047531267751117 0.8100836248486156 -0.02625759573576724 0.5857260959000413 110.19143353412413
0.5760466260552045 -0.13254075548138752 -0.8065997971403405 -73.90643444758545 0.10252911605659079 0.9906893734053686 -0.0895675487123119 -10.161524717993943 0.8109611981908071 -0.031104879972462106 0.5842725575198866 110.85838519054887
0.5749272793425781 -0.1330760999364077 -0.8073099622161592 -74.80631522154447 0.1038445465689019 0.9905736238570995 -0.08933199799910875 -10.273289944733879 0.8115879087416473 -0.032475334399030165 0.5833270258097347 111.5050784589545
0.5733889437566777 -0.13556442573629643 -0.8079897311552849 -75.7021095621392 0.10708875402646414 0.9901555835584022 -0.0901327859836786 -10.38341869448243 0.8122543431331476 -0.034845470622569055 0.582261689653742 112.15618283060589
0.5738509843217309 -0.13795769693521953 -0.8072562924185298 -76.62114557610457 0.10977551453157915 0.9897715373794941 -0.09111333712887523 -10.501027911288736 0.8115690877567405 -0.03633149666285626 0.5831257481435108 112.8336036174731
0.5739478251379672 -0.1407437033517255 -0.8067063306967653 -77.55211674732108 0.11281528959770423 0.9893160980623482 -0.09233833736686223 -10.621399309947778 0.8110835989294715 -0.03801142040929048 0.5836938645095429 113.5163575607274
0.5748255826619405 -0.14205066566456306 -0.805851821305639 -78.48676649762785 0.11402782764592563 0.9891134653085051 -0.09301724177673806 -10.740032585417296 0.8102920486094579 -0.03842084238607463 0.5847654528361201 114.19606089661367
0.5785422643501414 -0.1433703952877356 -0.8029531605988296 -79.46009587568035 0.11551387759049715 0.988910237418411 -0.09334391470829713 -10.860847505971176 0.8074313546330851 -0.03874883332567132 0.5886876382864521 114.90217764497214
0.5817519722423315 -0.143894595907089 -0.8005366875171264 -80.35986380461904 0.11495740753360438 0.9888928241717613 -0.09421134090305171 -10.976315681392995 0.8052014886010274 -0.037219988854563 0.5918321005017858 115.56436913307603
0.5860223075900197 -0.14450576857842473 -0.7973054231939146 -81.2437202749821 0.11558464296004528 0.9888150355554786 -0.09426036161195665 -11.089285594349311 0.8020087563852826 -0.03691758804386787 0.596170316582733 116.21756759543133
0.5920542509487694 -0.14490110252097918 -0.7927644255525701 -82.12719256408259 0.11641490558057162 0.9887628967430913 -0.09378434721678078 -11.201790766996716 0.7974455051551537 -0.036764174306188085 0.6022699243656668 116.88823167736899
0.5985894431336638 -0.14335049714616185 -0.7881251890003763 -83.0115312163344 0.1156808893465032 0.9890139613819897 -0.09202888694049619 -11.315058083474119 0.7926592019329194 -0.03608350259402193 0.6085962293931954 117.56156369369883
0.6052706355612796 -0.14252262175638003 -0.7831569191515405 -83.87598912316001 0.11608018327729634 0.989127232584474 -0.09029235189144774 -11.427148324041582 0.7875105388358646 -0.036257689494334305 0.6152337207720155 118.23764233690224
0.6148045069441699 -0.14278627837234958 -0.7756465025704106 -84.75904134759999 0.11787071109144968 0.9890644632939362 -0.08864526448645663 -11.541507490329222 0.7798217191819755 -0.03692649668803874 0.624911609857279 118.94467076399296
0.6221838141723853 -0.1417159033857398 -0.7699375975424676 -85.62444585726176 0.11755654650395168 0.9892405245077899 -0.08708411477196919 -11.651974153061294 0.7739946768266353 -0.03632887830799236 0.6321490748588628 119.64793540251624
0.6290779587003108 -0.14315721022357514 -0.7640464220441409 -86.46239091092062 0.11921619521762389 0.9890355488725087 -0.0871560776095919 -11.762206411689023 0.7681460933151217 -0.03625874001477341 0.6392471220875833 120.34752006699016
0.6358910262492032 -0.14448807859272633 -0.7581331003724328 -87.29299985384833 0.11846951768967395 0.9889510693884577 -0.08911091815149277 -11.86600429800048 0.7626320056974472 -0.033150829552337766 0.6459825434064613 121.04991933213017
0.6432441613482539 -0.14436360863276348 -0.7519282528233051 -88.11884241659612 0.11713495101540722 0.9890580280240371 -0.08968623334615888 -11.97231775841346 0.7566481032435091 -0.030386933108324805 0.6531158259866856 121.76358417094262
0.6512779453483191 -0.14354471052909792 -0.7451388823447544 -88.9352889208042 0.11696726599387622 0.9892001381331745 -0.08832748951049493 -12.079033455125055 0.7497704292573761 -0.029631111967428188 0.661034265840118 122.49273138775409
0.6598477413961605 -0.14242106497612483 -0.7377785564960885 -89.75532364023083 0.11716383163422757 0.9893645940038697 -0.08619940074237514 -12.183138726114088 0.7422085924665464 -0.029562482687092405 0.6695165904488128 123.23108587207388
0.6709109429493121 -0.14003801015819778 -0.7281949343011099 -90.54490922628564 0.11652702485399759 0.9897158058627062 -0.08297033267506077 -12.286591782917009 0.7323250365169426 -0.029188685076017455 0.680329377253395 123.95751715062106
0.6813876736067456 -0.1402216953215276 -0.7183653070812539 -91.28864561474413 0.11817453381888178 0.9896763988996492 -0.08108887110888124 -12.378952672982486 0.722319609185212 -0.029639528035707206 0.6909239325456481 124.665521495618
