1.0 0.0 0.0 0.0 0.0 1.0 0.0 0.0 0.0 0.0 1.0 0.0
0.9998902570166076 0.0006204556921856813 0.014801653893964232 0.012414135970175266 -0.0006273426333938179 0.99999969712444 0.00046064329875895177 0.00749450596049428 -0.014801363602148237 -0.00046987845492148955 0.9998903434125939 0.16448107361793518
0.9993349529047038 0.0032649133555573643 0.0363179328119665 0.022693382868845754 -0.0033382835073771473 0.9999925075703432 0.0019597618226807985 0.01875107775045389 -0.03631126224986104 -0.0020796980449013713 0.9993383646642733 0.3445055068419036
0.9980708923802013 0.003711934507128716 0.061973505029192515 0.04785297549225832 -0.003879552767693791 0.9999891344894385 0.0025845644481080556 0.028828516101985446 -0.061963237921458254 -0.0028200080280970387 0.9980744484761697 0.5511576113466398
0.9958920614609877 0.003936204928024061 0.09046274487184766 0.08088487635575523 -0.004355322413641401 0.9999806758868786 0.004436104089725708 0.036100219692759984 -0.09044353534475327 -0.004811875267112335 0.995889960171683 0.8272719550343949
0.9922144889396147 0.0015927170064959344 0.12453060343078892 0.1363800963340091 -0.002325381860733374 0.9999808322044595 0.005738276995599455 0.045713125152151424 -0.12451907700228496 -0.005983182782906799 0.9921991740503947 1.1092466467669486
0.9870626763774378 -0.0001248651815876793 0.16033482875313046 0.19895506931059437 -0.0008847240630829707 0.9999802309298622 0.006225352423073309 0.05467804362436455 -0.1603324364124161 -0.00628666510525969 0.9870430525949275 1.368127819564357
0.979757875725827 0.00013129570495540278 0.20018613267320212 0.27400914568639917 -0.0018789378272065283 0.9999617672468839 0.008540119269083098 0.06223033794565025 -0.20017735772523454 -0.008743386410683923 0.9797206635813174 1.6666147906221809
0.9703315302120153 -0.000612721418516015 0.24177747216991163 0.37230778546359344 -0.001964937791043298 0.999943779436105 0.010420028143715275 0.06589406593681472 -0.2417702638785143 -0.010585959545633085 0.970275773666751 2.0123785987869045
0.9597288923365308 -0.002941277506149177 0.28091244561451445 0.48494481204612166 -0.0011077388552596518 0.9998977939974719 0.014253928357393296 0.07398576444527874 -0.2809256594352397 -0.013991084504818544 0.9596275441155567 2.359860877517317
0.9471621662998232 -0.008646749866092953 0.32063852614272625 0.6185731544851623 0.0026087538508066882 0.9998111832799891 0.019255965091740355 0.07743322781891698 -0.3207444857414893 -0.01740205462069475 0.947005883488274 2.6756925579422965
0.9326816044981694 -0.011815351840036147 0.3605071734260175 0.7534054250830895 0.0036739645652281404 0.9997226962027639 0.0232601092312513 0.08122547070140526 -0.3606820297923005 -0.020369785417928398 0.9324663775316158 2.9570302227584007
0.9144117728280924 -0.013305504122175849 0.40456652515184727 0.9252539848808968 0.0030323975199330498 0.999656742388844 0.026023104384483162 0.09394877197965033 -0.4047739051355295 -0.022569026487187355 0.9141382416050399 3.2809690215892204
0.8938827634838127 -0.015518783971340298 0.44803211100388 1.1152412538420677 0.0023041458515379925 0.9995464959463397 0.030024878905481788 0.10372891434504418 -0.4482948762348696 -0.025806390399373495 0.8935131415687841 3.617801242752563
0.869507494949732 -0.019725994757811234 0.493525684597121 1.3330856079489126 0.0034806148010496103 0.9994220757542948 0.033814195474441144 0.11302955947121306 -0.49390748278078234 -0.027683923598215 0.8690736440758975 3.9450489394870583
0.8430861357648988 -0.024354577041063478 0.5372267884777915 1.5592980498986666 0.005294812381152331 0.9993015008184932 0.036992910452621715 0.12347142985168828 -0.5377524826933477 -0.028343694873078855 0.8426261937051819 4.242360187648366
0.8163241013028039 -0.028820534526162747 0.576874629726248 1.7876643377020818 0.00765666088988687 0.9992065404894679 0.03908535514852995 0.13603709636775002 -0.5775433638924327 -0.027489383999931692 0.8158970502404806 4.5073546620291385
0.7855788006769372 -0.03318691507918789 0.617871003199302 2.0664379564247555 0.009232884153974198 0.9990781723342893 0.04192325625921106 0.14971567265955565 -0.6186927361600298 -0.027229289977943952 0.7851610433472314 4.8155320355266955
0.7512702219255347 -0.03630879444361383 0.6589952390526123 2.366088556353345 0.010071678598826002 0.9990000371288456 0.04356015503608118 0.16719331584797223 -0.659917884996429 -0.026088259095172983 0.750884670105352 5.114703277945944
0.7142744010167045 -0.03746883264936188 0.6988620512176366 2.682416143083304 0.006417443107329765 0.9988745216259607 0.04699474939259508 0.18717675517903076 -0.6998363354929441 -0.029082239019765012 0.7137109547270555 5.411681413033585
0.6769692838580784 -0.04089346085001189 0.734874352234713 3.0260438855905574 0.006422689286882385 0.9987455071090381 0.04966045803085675 0.20278822806482844 -0.7359832455803628 -0.02889873507991073 0.6763826766969838 5.697678630765564
0.6422334076512926 -0.04283948090427089 0.7653110668038595 3.377825679081356 0.005809702554698155 0.998680359897816 0.051027307498974356 0.22200979841564583 -0.7664871149946585 -0.028325211918387494 0.641634775333245 5.960322753594042
0.6053064484169142 -0.04645116000418127 0.7946360130519933 3.7829764829000116 0.006298948103852852 0.9985440886999504 0.05357262524060778 0.24915389012953926 -0.79596760408806 -0.027422484509095582 0.6047177693649012 6.246634504489995
0.5697748074232085 -0.04828562262951841 0.8203811111142951 4.210293588410515 0.00579039149061112 0.9984834839286909 0.0547467230801007 0.2770436109587119 -0.8217804695855404 -0.02644297579516179 0.5691903274291169 6.523322635766562
0.5374516836615212 -0.04961622379701326 0.8418336641317695 4.641836210198571 0.00592338124115788 0.9984651384578888 0.05506614966511606 0.30465923002962525 -0.8432737404212632 -0.024608893115980614 0.5369206655508225 6.786944484470282
0.5027305693196333 -0.04988438298245443 0.8630026205093569 5.135908636274628 0.006796305969317327 0.998530796836718 0.05375925960986105 0.334532326969644 -0.8644164418246155 -0.02116119332856318 0.5023309855067497 7.0581836658260535
0.47405225907838133 -0.04871661002834825 0.8791479668235772 5.6579375837876755 0.007638008394686306 0.9986581587906547 0.05122053014780888 0.36847402466463053 -0.8804635804452371 -0.017566268476991255 0.47378825409812386 7.329359164503277
0.4455422007443309 -0.047976768584535 0.8939744834345578 6.187364406231368 0.008611053803241522 0.9987465026766974 0.04930794199176529 0.40127163604323746 -0.8952195245347903 -0.014270706613604894 0.44539684532386664 7.582156506239869
0.4217394299441608 -0.04809631341338614 0.9054405545735269 6.79322017996761 0.008305459283895568 0.9987551740297305 0.04918456765009413 0.4343642500257337 -0.9066790350374592 -0.013222971862802455 0.42161389972183994 7.863282463127689
0.40529196605797213 -0.04897374460318775 0.9128745776876501 7.414917082962596 0.010069871851655001 0.9987426307083012 0.049109625194595455 0.47168717212162437 -0.9141318394683313 -0.010711206533539398 0.4052755237179283 8.13603697986103
0.3920271365213293 -0.049907435712989445 0.9185989179677063 8.052614768100526 0.010797381004694236 0.9987082227585518 0.04965181122471095 0.5062093532641458 -0.9198902873681873 -0.009546394869723838 0.3920595943867014 8.405479384082875
0.38239091745698583 -0.05148831643695836 0.9225649784795068 8.689164170872377 0.009549441601341177 0.9986131458128005 0.05177444519225068 0.5373145244826376 -0.9239512943935452 -0.010988097212458532 0.38235228168292956 8.67544175913199
0.374521025349461 -0.052846301507886245 0.9257112238641845 9.316109332003453 0.008028058508277102 0.9985218882220919 0.053754897618508185 0.5690498490250371 -0.9271836667283222 -0.012700675506688509 0.37439169461126903 8.940948339056224
0.3657244943990576 -0.05542888261680346 0.9290711669018723 10.025437989934922 0.007468402290276309 0.9983676831247414 0.05662324839998782 0.6026132679167806 -0.9306931917467671 -0.013769831661598172 0.36554148132903735 9.21907282434065
0.35557242164184766 -0.05569630821040872 0.9329877674543666 10.715746819338234 0.0065954846974864804 0.9983475668326813 0.057084458312839106 0.6375511407345793 -0.9346254611069386 -0.014144152537221955 0.3553522061274511 9.484216513080769
0.3461910032389275 -0.056419290377195 0.9364660447393482 11.420266012537125 0.006169524230510294 0.9983054004496215 0.05786418930470064 0.6727113117041623 -0.9381437662998109 -0.014254511792931988 0.345952428299544 9.749777451314937
0.33825623788904013 -0.05721455123861828 0.9393131600567071 12.172066914793657 0.00540751418336273 0.9982517625546914 0.058857262481442144 0.7168789674843923 -0.9410385094774338 -0.014829486943794459 0.3379742741651708 10.023542136327645
0.3281196445493166 -0.059246658185614934 0.9427763957347824 12.948513625095858 0.002848399624655478 0.9980887405425647 0.06173129369886356 0.7582749242843313 -0.9446318782893198 -0.017569846214295578 0.3276612809344394 10.303041298009697
0.31673361726192445 -0.062274469100215155 0.9464680164667283 13.705215658932081 0.0008573223665431819 0.997860788525301 0.06536904253562312 0.800381815090654 -0.9485141436449624 -0.01989314509952183 0.31610944636867905 10.567002868234441
0.3036938422754648 -0.06547450891977621 0.9505173006556373 14.520457224866025 0.001044195461522207 0.9976582471117827 0.06838809564305107 0.8447526096828616 -0.9527691009997141 -0.019776517680297204 0.3030510345282419 10.836631266366773
0.292778429566493 -0.06764548067949742 0.9537845040281469 15.312414338703725 0.000824019321167227 0.9975118756316614 0.07049382218296432 0.8904218939613677 -0.9561799580480322 -0.01985313369331881 0.2921057016044343 11.079933573378867
0.27944602191100376 -0.06901676646867558 0.9576777155099326 16.1197163732867 -0.0004880431125507331 0.9974029211149149 0.07202204360718567 0.9338379235107827 -0.9601612795004991 -0.02059366158902682 0.27868659539045204 11.310775821670864
0.267462057735106 -0.06771120640624831 0.9611863712096178 16.90516842089675 -0.0028299636158360536 0.997468414249346 0.07105458381292772 0.9809495532140892 -0.9635642370792079 -0.02172452765667791 0.2665933343503891 11.532517964926493
0.2532112131630414 -0.06718659257819304 0.9650751490460384 17.693920680737204 -0.0037979751896542666 0.9975087140678963 0.07044104444903647 1.0253474155892013 -0.9674035646579767 -0.021501793793640988 0.25232521861814794 11.739981904960336
0.23203851279039983 -0.06653673101519693 0.9704282518598842 18.540361988090645 -0.0055167132082161625 0.9975516584469168 0.06971552628492517 1.0762391029790421 -0.9726909552665727 -0.021530261392215613 0.23110333919479636 11.945987766369809
0.21033796818183903 -0.06542433145547806 0.9754371307238308 19.367236145268087 -0.008509044499834067 0.9975979384236634 0.0687455410521795 1.125445698830218 -0.9775917017358708 -0.02275983537859617 0.20927602488269814 12.134320359241274
0.18936250092607082 -0.06612346975960352 0.9796782788191106 20.172753790933385 -0.011768504653562165 0.9975054583798215 0.06960145688620129 1.1730009268680586 -0.9818367204078503 -0.02470925432734564 0.18811195392463403 12.299097316928432
0.15839682336873523 -0.0661790490098207 0.9851552059542953 20.99193798161383 -0.014488848479435365 0.997488065423485 0.06933709402227387 1.2200349196728566 -0.9872692234727233 -0.025256539942546216 0.1570400826976887 12.439335071699364
0.12670806972512577 -0.06678154682619503 0.9896894917447764 21.796551330454403 -0.015052904314713154 0.9974868124291295 0.06923488356072455 1.268522985577342 -0.9918258290336187 -0.02367031967413446 0.12538437234480032 12.547468678480465
0.08975982842763452 -0.0679330528690127 0.9936439369958122 22.641215427130984 -0.015454813222952734 0.9974559704602184 0.06958976750577324 1.3190870812974098 -0.995843522823182 -0.021602947048026868 0.0884815841288733 12.625810401950012
0.05497917048800133 -0.06691647401159218 0.9962426794302217 23.50483430024118 -0.018280244065092585 0.9975170927998003 0.0680108980175643 1.3704249212771018 -0.9983201507980155 -0.02195074208519598 0.053619412832828284 12.677657228563973
0.02387831602371049 -0.06542911075168907 0.9975714798900956 24.320477316804872 -0.0217160751697581 0.9975865986020114 0.06594990802792207 1.418730665209079 -0.9994789833223576 -0.023238109990125502 0.022399824575063176 12.6916219612453
-0.00814788305818026 -0.06332711693634238 0.9979595624383792 25.178118722711417 -0.021807546450143885 0.9977665921902659 0.06313682306585218 1.4654714854561413 -0.9997289847351107 -0.02124861806223463 -0.009510694556668309 12.685889769345781
-0.03816787556251272 -0.061393668438997955 0.9973835925814336 26.009904521020776 -0.02029673479048346 0.9979525941424208 0.060651977719264574 1.5088440426165068 -0.9990651909819948 -0.01792867312479578 -0.03933582143663589 12.653516443695004
-0.06858126394497105 -0.057698175025877214 0.9959756677923381 26.84902017604143 -0.018510129591420683 0.9982279357767576 0.05655407445430359 1.551757358244142 -0.997473801830514 -0.01455708877342379 -0.06952773423766684 12.594523859116064
-0.09853983994609034 -0.055876609916566324 0.9935631355921127 27.692365417769178 -0.017334954114882194 0.9983672384011959 0.054427535797654816 1.591534604401916 -0.9949821100448158 -0.011860090699566742 -0.0993475663484728 12.5098680254647
-0.12563684497128652 -0.05316227360102764 0.990650874855128 28.479987901305105 -0.013522315463904245 0.998562193243461 0.05187189228574045 1.6231778130536787 -0.9919841380637876 -0.0068788727549129215 -0.12617508050112808 12.40631649724593
-0.15386294012900653 -0.04747216300661918 0.9869511585657776 29.285535317319855 -0.010269645512200741 0.9988680874822287 0.04644435585352367 1.653866915620369 -0.9880388302267838 -0.002989573392305371 -0.15417630302682878 12.274956172629196
-0.1810021263215656 -0.03839921430702209 0.982732786981118 30.09756136719324 -0.010822393746250658 0.9992547534766867 0.03705149724164117 1.686003894261248 -0.9834231571712522 -0.003929121383925257 -0.18128280653298928 12.127121057936703
-0.20548434504279112 -0.028185036300770246 0.978254459571261 30.883420315154815 -0.012363895014487284 0.9995801959801147 0.026202402646071057 1.711456359080613 -0.9785823000864089 -0.00671085188931766 -0.20574655871852088 11.96663392462255
-0.22921458055236682 -0.01760834067907337 0.9732166369317432 31.68967598316972 -0.015137715262992521 0.9997799320286809 0.014523673410779536 1.7267929176768908 -0.973258200910128 -0.011403238630148506 -0.22943068781208148 11.78950523412038
-0.2536365248672592 -0.010800877463919088 0.9672392952621753 32.49051235430583 -0.014740312209811472 0.9998647082930394 0.007299883973904781 1.7314899234197656 -0.967187280959183 -0.01240589199068708 -0.25376141825482046 11.587636249060056
-0.278755634468452 -0.007789085581199147 0.9603304776991611 33.29617403378245 -0.014939131533850217 0.9998812845287663 0.003773486202156162 1.732415823678478 -0.9602458636209293 -0.013294622781872992 -0.278838904035973 11.359612605800207
-0.30387268458452565 -0.00844798284990457 0.9526751928906102 34.06832195949219 -0.014619915641334188 0.9998842883291488 0.004203334289845383 1.7325120672365706 -0.9526004669482552 -0.012650752478790987 -0.3039610317650714 11.116281115772704
-0.32595354711609786 -0.012205310939596582 0.945306995376265 34.812399953919005 -0.01413046685378809 0.9998678562221612 0.008037412531022744 1.7281929027101355 -0.9452801780577693 -0.010737806040696084 -0.32608294112465414 10.860562391124498
-0.34560316117769774 -0.01552439764567076 0.9382523370936634 35.561075885913446 -0.010525236925614268 0.9998643754746226 0.012666887715714104 1.7224587031062908 -0.9383217328675927 -0.00549761170708837 -0.34571968687634214 10.578496170145073
-0.36184675502838254 -0.016450032416383133 0.9320924430060196 36.289446278749324 -0.010213572643452786 0.9998542469927243 0.013680924839690243 1.7207051666748254 -0.9321816393864915 -0.004569595618026249 -0.36196202837673613 10.297627323543743
-0.3737861170525192 -0.015065427625697802 0.927392566063183 37.04003505901985 -0.010149893234937504 0.999874646746213 0.012151973562156531 1.7178343482315874 -0.927459389065699 -0.004870696520092673 -0.37389217422846577 9.998342833839327
-0.382848573066924 -0.014063333482219852 0.923704061240389 37.80847661717022 -0.011865511114521585 0.9998764992083078 0.010305143227057228 1.7175618970674054 -0.9237349077233205 -0.007014911425447427 -0.38296815960479247 9.686972414696754
-0.390668238484629 -0.013109489563103758 0.9204381938635057 38.57472329591179 -0.01668852356934345 0.9998351210839143 0.007157082379728409 1.715991187427432 -0.9203802587085367 -0.012564709726437156 -0.39082260355447446 9.367390577074392
-0.4021788626218345 -0.014617415835785604 0.9154444240992959 39.31767768703378 -0.016871606504065616 0.9998210852660268 0.008552564027046253 1.7119506485240168 -0.9154056539885363 -0.012005357626846402 -0.40235352618570647 9.036188885306796
-0.41109693152990445 -0.0148582858802555 0.9114705394182514 40.04677856459938 -0.01701333259573304 0.9998180612010268 0.008625022330816842 1.7083533007909373 -0.9114328606105249 -0.0119614312237592 -0.41127492600740356 8.702644454201376
-0.41707278060886227 -0.013760202028162062 0.9087689214070519 40.75767832953991 -0.01563385024563159 0.9998460651603907 0.00796421432292787 1.705360136391119 -0.9087386194069719 -0.010885900212133537 -0.41722370351513155 8.372114750589263
-0.42139779659106075 -0.012435799251239473 0.9067906306999328 41.50805752852368 -0.015506621852446797 0.9998585982905384 0.0065060051648539695 1.7106037489736416 -0.9067433163287856 -0.011319643168526065 -0.42153104745868136 8.018249779253553
-0.42296835806440963 -0.012360493533306165 0.9060601449550194 42.267577214924295 -0.016989646344530773 0.9998393684314655 0.005708699646707946 1.707162375648743 -0.9059851654378153 -0.012979042113409132 -0.42311041640738795 7.669648113574459
-0.4231106174781811 -0.013485849444271438 0.9059776692844027 43.02073430872089 -0.016816676696460777 0.9998338810955658 0.007029196132169577 1.7052837459647774 -0.9059219639472921 -0.012261406042711349 -0.4232671179760327 7.319044312528341
-0.4198466079926666 -0.014762426938449195 0.9074750115060687 43.80889675675034 -0.019566202256140697 0.9997825541077832 0.007211673244811305 1.7090019258251483 -0.9073841465919076 -0.014728043067735851 -0.4200441587036665 6.963037907879576
-0.41368581575618035 -0.01667104236324692 0.9102670609160075 44.610099012522454 -0.022506605485113632 0.9997140364639096 0.008080718196711034 1.7097213673809408 -0.9101414717238641 -0.017144143127028263 -0.4139427252709714 6.60952951518807
-0.40607252938143995 -0.017025054658733756 0.9136822469522032 45.390349350518434 -0.0240810869642275 0.9996785963097292 0.007924981440402098 1.7106638942932901 -0.9135235093484901 -0.018784344387721745 -0.4063519979937868 6.2715779279562005
-0.40022767349179234 -0.018746919654835544 0.9162239695482775 46.202361196061304 -0.02716176355244258 0.9995941611017386 0.008587880532058244 1.7132588978887788 -0.916013126528255 -0.02144915137637953 -0.40057444493272987 5.92346529025932
-0.3949917727668172 -0.020391080999910702 0.9184583296275244 47.041265431159275 -0.029826470498237993 0.9995112346373793 0.009363412373670775 1.7147606278837666 -0.9182003491091391 -0.02369589941987333 -0.39540690844563964 5.574127807196359
-0.3927746983221776 -0.022417299279398322 0.9193614637621814 47.93976822227654 -0.03335953846381989 0.9993922122213907 0.010116686449432121 1.7207290093443068 -0.9190294758882349 -0.026695895644332474 -0.3932838054183563 5.202190504513391
-0.39280962465407016 -0.024590040784645432 0.9192909923812689 48.80679295498204 -0.036998121416369274 0.9992556709336364 0.010919849752985752 1.7271326832580007 -0.9188752569259813 -0.02972261767034761 -0.39342703034747645 4.8451054700616245
-0.39405381393849487 -0.02657911489517136 0.9187029674339338 49.677813679183686 -0.03936241379298434 0.9991526633867938 0.01202312885510267 1.7294201282984916 -0.9182440808962049 -0.031424606576149934 -0.3947661358331263 4.484664666605541
-0.39499184728755443 -0.027714477878226243 0.9182664908904726 50.603896412620955 -0.039927386090416656 0.9991182737025464 0.012979945825405704 1.7339083862209685 -0.9178165635988228 -0.0315370079364066 -0.3957501392470595 4.09407219406028
-0.3946506776558804 -0.028790659406117847 0.9183800632400049 51.53299326467722 -0.040927216868504146 0.9990677529795917 0.013732730089384186 1.7387050575334766 -0.9179192805171666 -0.03216710878009346 -0.39546108729883506 3.698525683420286
-0.39514399713083104 -0.029231039290392842 0.9181540000857557 52.43532908147209 -0.04152972819194171 0.9990401141072562 0.013933128897148084 1.7409223042144615 -0.9176799568519375 -0.03262509381694727 -0.3959786610988807 3.3163928358899923
-0.39554686645887754 -0.029912139289666437 0.9179585722447822 53.36896447227463 -0.04222205564165876 0.9990050540770834 0.014359663848325592 1.743078731921034 -0.9174747813711045 -0.033078177875448804 -0.39641627072622115 2.919148784858748
-0.3942476820906369 -0.030506301717837282 0.9184977576029573 54.33404009051111 -0.043171074225131924 0.9989603014217453 0.014648362830852298 1.7451671181207844 -0.9179896641664375 -0.033877451776608336 -0.3951547731518821 2.51069048810273
-0.39457934686666934 -0.031523389781191416 0.9183209759789746 55.27003793414906 -0.04351197436349634 0.9989311884058862 0.015594515606281598 1.7484779038521094 -0.9178310558666358 -0.0338046849816294 -0.39552926081394996 2.1150649675345656
-0.3943700359139254 -0.03235974070686499 0.9183817953088104 56.23610910034481 -0.04551872464197906 0.9988409182062791 0.01564818915418118 1.754129025151357 -0.9178236870337445 -0.035632391138145786 -0.39538590291203 1.709404635311879
-0.3946281990751943 -0.033821786699996664 0.9182182045892409 57.166789038979665 -0.04667173274446386 0.998770164348089 0.016730456381124918 1.7555928949081285 -0.9176548010321193 -0.03625252477430106 -0.3957213926365246 1.3155968772417406
-0.39446768533575427 -0.03472300119614329 0.9182535371093243 58.149369657238125 -0.04452767530417546 0.9988342073366335 0.018641684103244197 1.7597187652558486 -0.917830339092067 -0.03353415336834756 -0.39555395232510304 0.8867123218984552
-0.392913897815393 -0.03654556982558719 0.9188487852903972 59.08509874892817 -0.04321515465755656 0.9988398218486206 0.02124760450826521 1.7622642881299355 -0.9185592628194649 -0.031359713256650094 -0.39403737014783546 0.48602955079382315
-0.3912753574448664 -0.03668423656593266 0.9195422021005709 60.02287047610822 -0.0425522213253607 0.9988576442718392 0.021742008646622363 1.7645342471533705 -0.9192893467873268 -0.030621451097016503 -0.39238937755250647 0.08656259013464324
-0.39167001605442586 -0.03621367484454735 0.9193928258792208 60.98666531317173 -0.04242844420716324 0.9988730853226284 0.021269380343879728 1.7693983363649592 -0.9191269910333857 -0.03067782867652761 -0.39276512724732593 -0.31795209125984464
-0.3889766332767864 -0.036365637456756375 0.9205295862583777 61.951986155346376 -0.04289890464805436 0.9988516446692086 0.02133250856355568 1.7728169756594512 -0.9202482614733122 -0.031191863586210976 -0.39008999590013277 -0.724154497283645
-0.3891380937500527 -0.0360797459915651 0.9204725937917759 62.90867554321363 -0.0457745969240898 0.9987556165985174 0.019796580243896193 1.7790912015654752 -0.920041428561243 -0.03443065846161027 -0.3903053925951928 -1.1206571064967084
-0.3899663102187957 -0.03553738825094057 0.9201431252422855 63.85829175856609 -0.04861084750461311 0.9986561671047163 0.01796789939310865 1.782389337153136 -0.9195451388590022 -0.03772206171485773 -0.3911697632240497 -1.515156245916285
-0.3922069239814508 -0.03544064222464208 0.9191940435292831 64.77709865728785 -0.05157002129945486 0.998533140373143 0.016495468460259597 1.7848296769386298 -0.9184303248936103 -0.040933219458705705 -0.3934592861536797 -1.8964840401357446
-0.39562503477751654 -0.03728964566683844 0.9176547903124195 65.71771243854349 -0.05337620647065976 0.9984200702056333 0.017559726460857204 1.7875984593788616 -0.9168597561459935 -0.04203386416474538 -0.396990354824005 -2.295489931909918
-0.40060988200505854 -0.03917726385199524 0.9154107626835968 66.65160881408235 -0.05136025878874939 0.9984747565477757 0.02025547713614511 1.7866670746105475 -0.9148080925839288 -0.038901189363968726 -0.4020110088157076 -2.7063108654668406
-0.4058027946773096 -0.04044545957633375 0.9130653079773344 67.56613272913525 -0.052769074148182826 0.9983906717288928 0.020772371512995533 1.7902823315884855 -0.9124360342761727 -0.03975212452674043 -0.4072839942226819 -3.107579520185454
-0.41010623139671515 -0.03934785408843529 0.9111885783679572 68.47223650757118 -0.053852407262841004 0.9983705018900133 0.018874829479497923 1.7919566126481878 -0.9104464823379685 -0.04132901322942784 -0.4115569407310497 -3.509594636301915
-0.4152264343371855 -0.03679588720903061 0.9089736359829844 69.36039960315091 -0.05366692328778526 0.9984322688778253 0.01590175488117372 1.798159950770124 -0.908133728903651 -0.042178989413904376 -0.41655019298947843 -3.9096604036920644
-0.4207022462207886 -0.03475362208633462 0.9065328487024966 70.24563220426973 -0.05479804093293865 0.9984148274632503 0.012845505495726783 1.799288841731488 -0.905542265570578 -0.044272091134359134 -0.4219397909795853 -4.31304222020842
-0.42444122182184235 -0.0342083466468347 0.9048090617572702 71.11952228673027 -0.055678904681107075 0.9983810214773339 0.011627361153229546 1.8004242707453468 -0.903741948120089 -0.0454436461297444 -0.42565874387182606 -4.715060295370687
-0.4265674139475549 -0.035084052392424105 0.903775055323957 71.99107360565934 -0.05611576831919401 0.9983488755208478 0.01226960847809367 1.7990009792300747 -0.9027132777931441 -0.045482216458576495 -0.42783186660412903 -5.120108743287323
-0.4294723178155226 -0.04007869210395651 0.902190238624537 72.91356391648166 -0.05429548068816467 0.998353442397397 0.01850418412436844 1.8015849084643527 -0.901446353926291 -0.041037817833111515 -0.43094125875865313 -5.5577978500795915
-0.4306856877307452 -0.0463055441201759 0.9013132834745252 73.79395183991691 -0.05271179994976953 0.9982686617664095 0.026098756314386816 1.8020584466450853 -0.9009613224384001 -0.036269484678400264 -0.43238087371114453 -5.9755242547833785
-0.43130152091604473 -0.048957418613442376 0.9008785540894036 74.69295234028824 -0.05187835587948917 0.9982202526330064 0.029410260531624773 1.8024790141881206 -0.9007150682911592 -0.034051408135422824 -0.4330737435555834 -6.3995684326425835
-0.4326248036626697 -0.04521564681807642 0.900439517423941 75.5583674616109 -0.052965446554075694 0.9982912820484657 0.02468152461576384 1.8113101584892626 -0.9000169113562058 -0.03701434139430527 -0.434280436819323 -6.813198518208177
-0.4339526511514322 -0.04117481049916622 0.8999942952813653 76.38766009244195 -0.05386469001526297 0.9983538447461613 0.019702686368050927 1.8152457444798749 -0.8993240193212919 -0.03992788074661491 -0.4354561661187968 -7.212997051224948
-0.4346731962199867 -0.03863135731401236 0.899759318217921 77.26179301281064 -0.05068240714759516 0.9985455275210264 0.018388123163619957 1.8195091482110293 -0.8991610012081409 -0.03760914383274585 -0.4359989061987902 -7.638483492578119
-0.43320522162346325 -0.038965483520093824 0.9004526234356872 78.09753071534222 -0.04918276779316837 0.9985984270716839 0.019550877273462525 1.8211328006220968 -0.899952382801651 -0.035817210165003215 -0.43451448324034786 -8.040912236949083
-0.4311161455092466 -0.04128509572472752 0.9013514353193488 78.92301977503084 -0.050180779707004866 0.9985036513533116 0.021733558891752682 1.824363252554461 -0.9008999713782031 -0.035860829676742256 -0.43254276374209344 -8.430253861214402
-0.43059452844712953 -0.04550484668693125 0.9013976153725907 79.77144966976721 -0.052085542089747916 0.9983165858486764 0.025516479472279644 1.8338822534702455 -0.9010413133572794 -0.03596252698909036 -0.4322398041318589 -8.827310796368963
-0.4270464751300559 -0.049784393953274955 0.9028581406830752 80.64618140575648 -0.053509482132016645 0.9981247378759233 0.02972781462003046 1.8449395719922894 -0.9026450262428515 -0.035616313099823035 -0.42890958818872005 -9.233524504365214
-0.4254111030549683 -0.05180900737907747 0.9035160320392496 81.49214376169981 -0.056959074672830026 0.9979134742882854 0.030403316370074512 1.8613435806120424 -0.9032059882496187 -0.03852952878350012 -0.4274744649704252 -9.615257018480627
-0.4236783258721547 -0.053922365799637086 0.9042063119956302 82.35269220288662 -0.06024850207081086 0.9976935798274654 0.03126721556648065 1.8794680176196548 -0.903806834552822 -0.04122983431481867 -0.42594988740223994 -10.00503368863989
-0.42075532162396223 -0.054422028748923136 0.9055402818825717 83.17038858151528 -0.0594436404153296 0.9977076303642908 0.03234096360724015 1.8877696178579888 -0.9052245096876737 -0.040220978353630615 -0.42302583840823205 -10.384671126726351
-0.41924654062770794 -0.0528046289185748 0.9063354838780568 84.02964134673944 -0.05663041511952809 0.9978840917807629 0.03194269015396314 1.8963421300658856 -0.906104483078574 -0.03793429234418092 -0.42134980148239864 -10.7795390980775
-0.41402952183403124 -0.051148259431419395 0.90882529157535 84.90683870172401 -0.05601276712356865 0.9979595776712651 0.030647206289503067 1.9060284319102507 -0.9085384554156443 -0.03821697124742758 -0.41604968229723366 -11.17476548288523
-0.4071702990827166 -0.05145295903332046 0.9119018261587192 85.76309996363173 -0.053645245906178675 0.9980355798813642 0.03235998891432339 1.9176975025193557 -0.9117754850491194 -0.03574317134201943 -0.40913065219543054 -11.561584896400138
-0.3986275107247508 -0.05133284994900209 0.9156751859745367 86.63890374307077 -0.049503604725484866 0.9981811085425722 0.034407378102739715 1.9260515065177386 -0.9157759009782753 -0.03161349497975787 -0.4004436116641057 -11.94732133410214
-0.38787887018258116 -0.05231347770912929 0.9202245824340168 87.46919182332766 -0.052120324251453194 0.9980354006014547 0.034767958614468734 1.9478353456030304 -0.9202355426008103 -0.03447664711468421 -0.389843439008433 -12.288974404077642
-0.3800218710977157 -0.05362719450336551 0.9234216271547301 88.32035325458563 -0.05469960773485525 0.9978737168847932 0.03544006298217518 1.966506646421816 -0.9233587224914509 -0.037042801732938405 -0.3821472235130461 -12.632309837595534
-0.36908071899071826 -0.05577814140713246 0.9277220606466469 89.16909993272009 -0.05381985998309715 0.9978050808610023 0.03858034835727748 1.9855048702837077 -0.9278377258662717 -0.03569060869661655 -0.3712725884174196 -12.968669404831035
-0.3581368003500759 -0.05715697467722548 0.9319179751892099 89.99935365932599 -0.053649311465265054 0.9977350951926243 0.04057623935590672 2.005187462666425 -0.9321264847724866 -0.035464913177841825 -0.36039208692613556 -13.289535016711696
-0.34673086226654803 -0.057403882633854625 0.9362064427306914 90.81633325188764 -0.053109554215177185 0.9977257086383815 0.041506452186438086 2.0266416632193702 -0.9364598680151551 -0.035329938870574895 -0.3489909898785929 -13.595378860152925
-0.33199694688230397 -0.057454052956503354 0.9415291068574035 91.65003276167815 -0.05224515180918561 0.9977311709277582 0.04246121373159017 2.0472999785050554 -0.9418325070697359 -0.03509333780072709 -0.33424539827608746 -13.889572788217881
-0.31863248425394886 -0.05446447958650732 0.9463122954086184 92.48766669217677 -0.050857033867043704 0.997892148761062 0.04030907524710795 2.066414311877058 -0.9465130226702662 -0.035282855672430606 -0.32073075626013015 -14.171568797384028
-0.3079505231378646 -0.04818276593180911 0.9501815070639273 93.31726329446775 -0.04905675898946978 0.9981924058867027 0.03471822615810348 2.083690424909024 -0.9501367847297381 -0.0359213292804796 -0.3097575639208166 -14.443304409093491
-0.29532152557325947 -0.045612998823038285 0.9543084673581453 94.17953919405673 -0.05116243967223103 0.998181470964689 0.03187719858386334 2.1033076689089514 -0.9540270443230988 -0.03941072647312209 -0.2971181471048054 -14.709206039072324
-0.28329446162570077 -0.047092681344425784 0.9578760501108673 95.06262923733146 -0.053988066044176976 0.997992896170782 0.03309785366854498 2.122221371207443 -0.9575121600987707 -0.042337436819524205 -0.2852683030175958 -14.966837570833805
-0.269264733650862 -0.05175112422361759 0.9616747497743312 95.94009020593953 -0.05567807905698434 0.9977215251324326 0.03810130968795164 2.138466814413079 -0.9614553836369397 -0.04328486374016552 -0.27153262390832666 -15.208905571153032
-0.25717790017772674 -0.052241237921828526 0.9649509732212153 96.77674637567667 -0.05821914460662736 0.9975615441546115 0.03849021726542913 2.153954859180008 -0.9646087594778766 -0.046279786994564184 -0.2595922234087337 -15.423941331596016
-0.24967921031140705 -0.04936565321933045 0.9670694516013321 97.63548527735904 -0.061867126918330836 0.997472469330427 0.03494469251162116 2.1705796632293297 -0.9663502214751873 -0.05110484527018369 -0.2521022495829167 -15.639614518431806
-0.2444267703080839 -0.04567949357548537 0.9685912129600631 98.53302568267108 -0.06629901106304208 0.9973394988942373 0.030304538891958836 2.1850110847585817 -0.9673985709565742 -0.05680939897656735 -0.2468049778653164 -15.858765606624472
-0.2416033408773549 -0.043643725119361605 0.9693931353865709 99.38847629892193 -0.06861192212007039 0.9972560756884028 0.027797907215410766 2.197772641475027 -0.9679463982162909 -0.05979585905623226 -0.24393487946547776 -16.06412297595646
-0.237366368196969 -0.04426762530827345 0.9704110389925228 100.24300977315512 -0.07082459474265093 0.997091194478114 0.028160729282945985 2.212293700701775 -0.9688349106161073 -0.062044558534769326 -0.23981115221712568 -16.268405074538503
-0.23186105130831386 -0.045148862599738195 0.9717005881917299 101.09955916105905 -0.07424868424286435 0.9968295692686073 0.02859969789991686 2.2226569407266425 -0.9699111226160918 -0.06551633412907841 -0.2344781955489254 -16.464644932915846
-0.22657465971437257 -0.04828103096164078 0.9727964153020907 101.95115239672168 -0.0775836167928803 0.9964916650377795 0.03138700233487924 2.236219219835215 -0.9708989164586868 -0.06836156492880555 -0.22952557691863645 -16.65916297278306
-0.22125758662913814 -0.05134769976433742 0.973862666954618 102.78713621420547 -0.07772060685730878 0.9963649670058985 0.03487635005368307 2.251725138388357 -0.9721134643799465 -0.06797254042807915 -0.22444408238795716 -16.84603324453058
-0.21650219314190816 -0.053593800381970536 0.9748099840098897 103.5966866081962 -0.07885059522637367 0.9961899999347072 0.03725678008812096 2.2691099503224472 -0.9730926903420817 -0.06879817287330764 -0.21990322283246327 -17.021954874858025
-0.21192110301847777 -0.05450543198985135 0.9757656501327723 104.42037608468563 -0.08205620703131612 0.9959102525014528 0.0378093619375764 2.288284797763063 -0.9738358306116415 -0.07205502651510548 -0.21552690822920906 -17.19088223197383
-0.20776502289534726 -0.05387182887166231 0.9766941800355515 105.26720194222656 -0.08828392656731623 0.9954400406466585 0.03612580500467753 2.3111271394148285 -0.974186657459007 -0.0787207185650741 -0.21157363942005125 -17.362503256415145
-0.20250702922832742 -0.05279954765473041 0.9778563856111863 106.07892860792242 -0.09014616926261579 0.9953107687600444 0.035073376763081296 2.32671052440037 -0.975122849327403 -0.08104740191853825 -0.20631710390043223 -17.526543528925078
-0.19687354144060565 -0.051150957773153816 0.9790936565005022 106.96097903688124 -0.09126644783262872 0.9952580212058142 0.03364382150560938 2.341998498508858 -0.9761717288370158 -0.08273482183685583 -0.2006083375011506 -17.703259521751498
-0.18943084283417716 -0.05326616704949881 0.9804481991574 107.83068188254447 -0.09512893608776533 0.9948257687859374 0.035667566195059924 2.3599860791303793 -0.9772750080207432 -0.0865124569488349 -0.19351783765517033 -17.868023534172966
-0.1832957914882729 -0.05704565840064768 0.9814012663942941 108.69362079239102 -0.09558198838194829 0.9946190770813811 0.03996216964499305 2.376942498556143 -0.9784000901061083 -0.08647938692786111 -0.1877620284214585 -18.02790390860045
-0.17703146704526623 -0.05960986308052647 0.9823983529604078 109.5292520138331 -0.0953397001775121 0.9945085206945963 0.043164149892105916 2.3991975494785702 -0.9795765418005186 -0.0860201516469657 -0.1817424888813018 -18.175387202213866
-0.17327722612979984 -0.05682295478525379 0.983232502877237 110.32166507951747 -0.09949705802092673 0.9942365836912272 0.03992431709094049 2.422257351258571 -0.9798343422997292 -0.0909107664661927 -0.17793227416797336 -18.30668529816373
-0.16976275382290146 -0.05524320820490536 0.9839353613737513 111.1711088220984 -0.09985049021976669 0.9942536471407297 0.038594879844736744 2.4452264111586732 -0.98041342657949 -0.09169445509182583 -0.1743032985576461 -18.451656892462047
-0.16266127715735806 -0.054304947392250384 0.9851864197207869 112.00458014424729 -0.10027958676109675 0.9942239334662399 0.038246236441532744 2.4689475459296912 -0.9815728772702317 -0.09257290538620291 -0.16716741248160866 -18.584957416688326
-0.15694844828951338 -0.05556878130724138 0.9860422380017715 112.88211092531716 -0.10147872707885999 0.9940385743166517 0.03986703802608435 2.489030147194426 -0.9823793831967202 -0.09380524140231711 -0.1616518609713009 -18.71866169051764
-0.14870974879773685 -0.05711675024583462 0.9872300073710629 113.7583740751376 -0.09955730672848578 0.9941229732941936 0.042518897512544326 2.5105027519464396 -0.9838565715029219 -0.09196298608715901 -0.15352216745619768 -18.854892916913577
-0.14121991149633317 -0.05622176584784641 0.9883805186475086 114.58920358396205 -0.0976196638501241 0.9943111616003242 0.04261120916851799 2.531002653510228 -0.985153459023901 -0.09046782279885124 -0.14590488412414115 -18.97947709480593
-0.1351515722059557 -0.05729742893004845 0.9891668500148318 115.42771211987791 -0.09670855960848672 0.9943227027342998 0.0443826241406428 2.5523881096145855 -0.9860940660143487 -0.08966251984616451 -0.13992542837571026 -19.097907337892128
-0.12821905783943383 -0.05762933312168325 0.9900700647786087 116.27570809399255 -0.0993448356979319 0.9940352611292338 0.04499448023799731 2.578579431657602 -0.986757557268714 -0.09258919805078061 -0.13317944127152087 -19.209943802331402
-0.12121699058110902 -0.057993730477936656 0.9909304558947173 117.10034465613327 -0.10310859238828352 0.9936271181931722 0.045538644762873434 2.6047930181731367 -0.9872563291112225 -0.09665338698868663 -0.12642414094408172 -19.309728881974273
-0.11658403456053756 -0.05924160408488786 0.9914124243880732 117.9668162956923 -0.10294251848567357 0.99356372811215 0.04726474444776621 2.6285321854561357 -0.9878314637494668 -0.09654817722430231 -0.12193214793995288 -19.415136796277544
-0.11139116271326005 -0.06033118178312509 0.9919436261068667 118.84058577086049 -0.10472517726468715 0.9933103319449392 0.048654102584617234 2.655986931588716 -0.9882432120264059 -0.09846183502294743 -0.11696418651726687 -19.515632298903455
-0.10637210382224654 -0.06028882546042043 0.9924969687878309 119.69779586474937 -0.10667564975145853 0.9930910813424199 0.048891818418297775 2.683160174063191 -0.988587518269644 -0.10067453343694531 -0.11206853723824556 -19.606014824383724
-0.09997259806460373 -0.061653261669978185 0.9930782219753218 120.56228516630279 -0.10938175364976642 0.9927101025353062 0.05061901118002736 2.714049047655686 -0.9889596107044589 -0.10356412337192412 -0.10598754995512388 -19.68951612177575
-0.09420735831619226 -0.06358932758025278 0.9935196883086798 121.42686145879453 -0.1098148884116799 0.9925319501032406 0.05311325924276529 2.742927176952384 -0.9894774701438206 -0.10409959386160066 -0.10048686797604428 -19.7715433288575
-0.08982320149043155 -0.06470709437028317 0.9938535024902639 122.31827046115608 -0.11198187343455572 0.9922157144357342 0.05447968473544049 2.7757764053979983 -0.9896422851192732 -0.10640003742922796 -0.0963700136918243 -19.84934338087964
