1.0 0.0 0.0 0.0 0.0 1.0 0.0 0.0 0.0 0.0 1.0 0.0
0.9999400710854981 -0.0025388310970217687 0.010649346186035148 0.00771283870562911 0.0025255543842792297 0.9999960170058447 0.0012599791659959876 -0.0005673245759680867 -0.010652502644039758 -0.001233008153862426 0.9999425002860473 0.3071179687976837
0.9998055413627183 -0.004733071984903035 0.019143601802887558 0.01763019504927337 0.004694436650232235 0.999986853844065 0.0020626205626721574 0.0007052677198826547 -0.01915311266971377 -0.0019723510423673837 0.999814616869761 0.60977540431619
0.9996819440077451 -0.007407892722975616 0.024106720023684677 0.02785526862421236 0.007363355743536361 0.9999710165402134 0.0019357354484518825 0.00023155591820883686 -0.024120361048076473 -0.0017576134208488609 0.9997075167157509 0.9040551652588875
0.9996415052581782 -0.009895772076026783 0.024878397460105693 0.038882971019005355 0.009869705558527907 0.9999506083977232 0.0011703320944616818 0.0020635255325082793 -0.02488875001585311 -0.0009243700788603602 0.9996897997191958 1.2254515179048437
0.9996841088886713 -0.012917445398964795 0.021559731905293977 0.048272850680673655 0.012915010982334513 0.9999165659739129 0.00025215523782017046 0.0016487539974429628 -0.02156119029157636 2.63685901111914e-05 0.9997675301678426 1.5590607175001987
0.9998193198927124 -0.01525188424975845 0.011344937025224813 0.05227574772835613 0.015266540026206192 0.9998827318605041 -0.0012063510284139102 -0.00047463375819442664 -0.011325207499317218 0.0013793309999710528 0.9999349164426105 1.8799357101956868
0.9998651693981319 -0.01519690776739348 -0.006220692787328737 0.0360640238171423 0.015186232517743104 0.9998831339955336 -0.0017597423637651128 0.0016640325916841313 0.006246708442214182 0.001665036209553252 0.9999791029256856 2.220034736653924
0.9996033649345868 -0.012172699569920816 -0.025395633416631064 0.007383782329913349 0.01213846453559496 0.9999251983475057 -0.0015017950657936529 0.002448287961627896 0.025412014681436855 0.001192935405622748 0.9996763508330827 2.579968506684893
0.998967662535259 -0.009769788189660268 -0.04436395437255658 -0.03072881305728294 0.009678943131796638 0.9999505993299247 -0.0022620697549156398 0.0030443142502141972 0.044383862705859145 0.0018303383440861866 0.9990128740876436 2.931176299058508
0.9979049238895938 -0.01005105823637965 -0.06391196370972317 -0.06664604220190548 0.009862596244017998 0.9999460376289118 -0.0032635909006338663 0.0018298506878973585 0.06394131741082247 0.002626415536072479 0.9979502041029905 3.3099240968099366
0.9963302694283999 -0.011953794008875982 -0.08475317710579294 -0.1141412072452174 0.0117541040019982 0.9999268430190058 -0.0028547590362607103 0.002896632510491455 0.08478110202069064 0.0018480851815495295 0.996397887051814 3.711306364245723
0.9944713453706937 -0.013432687410628608 -0.10414560070176232 -0.1675196753019531 0.013255591757801445 0.999909278632126 -0.0023924448858913027 -0.00010750639924805936 0.10416828943470793 0.0009987063181239985 0.9945591837904555 4.107932631941879
0.9924573250774971 -0.01318014312845189 -0.12188003005879558 -0.23500485751252442 0.013076888375665788 0.9999131373073497 -0.0016470672675672137 -0.00451668199551258 0.12189115181353308 4.083242629079821e-05 0.9925434728223663 4.522535366496059
0.9902780105165474 -0.013438353213806882 -0.1384516975348792 -0.30870273998390235 0.013476674661440792 0.9999089672129963 -0.0006607019818423794 -0.008700071860720816 0.13844797263758826 -0.0012115898398785596 0.9903689670635897 4.9532967069603595
0.9882510355323321 -0.013457206114122985 -0.1522458353219404 -0.3864486209527586 0.013450618082149764 0.9999089603887303 -0.0010732229668526103 -0.01090673936457247 0.15224641750294662 -0.000987186877164113 0.9883420732821142 5.392308346605644
0.9858275083850616 -0.014646801770803318 -0.1671214974477794 -0.467597994480987 0.014546885110133672 0.9998925283103476 -0.0018220764894553703 -0.016702482527493144 0.16713022421122373 -0.0006348440971195573 0.9859346251796204 5.840077784129465
0.9838526858049592 -0.016803527785702394 -0.17818960151569913 -0.5518009172029961 0.01644057399548927 0.9998586718114673 -0.0035133929623106467 -0.021246311399827373 0.17822345569836578 0.0005271217733119735 0.9839898993290374 6.285938489999197
0.9821292534504629 -0.01632370724053355 -0.18749844292356665 -0.6494427253904058 0.015581043517388177 0.9998638415301071 -0.005434103750058463 -0.023680281909138387 0.18756161814120148 0.002415570860582664 0.9822498686269557 6.7670346779766115
0.9805488757350429 -0.01660607574741429 -0.19557131830361707 -0.7543191270099625 0.015599328883683043 0.9998559623149751 -0.006686969535887766 -0.027423865561561876 0.19565419298630493 0.0035061191460556457 0.9806666833819795 7.264141232467291
0.9789945727597977 -0.017180913833953024 -0.20316112498874223 -0.8615882956788891 0.015536476531002999 0.9998323813528968 -0.009686438726244119 -0.035083726848048634 0.20329349326494112 0.00632656289196356 0.9790974058785528 7.757663807989212
0.9766135635663824 -0.020199719250114906 -0.2140512060241393 -0.9756723124456425 0.01826270573547982 0.9997724560738402 -0.011023141807162537 -0.04292886552389637 0.21422516434208017 0.006856195614047154 0.9767602426103916 8.274220006728934
0.9745593171673074 -0.025138970175898702 -0.22271544513321734 -1.089978234193802 0.023009817773257203 0.9996614037548721 -0.012150149335724943 -0.052125481068415955 0.2229454767615467 0.006716399432299719 0.9748077781646147 8.797209546868878
0.9717442253167848 -0.026391552431472634 -0.23455627581401192 -1.2246746080373292 0.023525521360883893 0.9996105621384148 -0.015009127423713596 -0.060476824411261024 0.23486104489289109 0.009066974224045565 0.971986666354143 9.332458932098724
0.9690833524108936 -0.02209357404739617 -0.2457424059170011 -1.3737444256962281 0.01780830324758678 0.9996483701180715 -0.019646894302288147 -0.06620086864642276 0.24609006565789263 0.014663222909562363 0.9691360428125655 9.873166136469479
0.966539394466641 -0.01965641223886356 -0.25576400138009026 -1.5368665087271944 0.014400773539655019 0.9996452423943548 -0.022405514495124828 -0.077568092989417 0.2561136791846904 0.017972612949360808 0.9664795748065523 10.439737520161799
0.9634695830057207 -0.02208875633923294 -0.2669053192916339 -1.6996542054197457 0.01640995525268528 0.9995894185679488 -0.023488457922885002 -0.094142739195139 0.26731456374726 0.018250510414130033 0.9634364757877066 11.00706172438592
0.9601328323851633 -0.02311411743392247 -0.2785869375101691 -1.8649020414294883 0.01664393507847589 0.9995345146653459 -0.025568211079680162 -0.10920730352585784 0.279048246009803 0.019912096021324353 0.9600706145023346 11.553774098244814
0.9572210651669375 -0.021893082080546696 -0.28852820548031005 -2.038364007965696 0.014284001213791774 0.9994931134627991 -0.0284514226316458 -0.1229836834700069 0.2890048437483323 0.02311296383968479 0.9570485835068915 12.105384212737324
0.9544449524149211 -0.020679113378046853 -0.297669627405244 -2.2303589238862997 0.011695452399181436 0.9994216894964589 -0.0319296563906045 -0.13983737592661227 0.2981577589177538 0.026993718416355193 0.9541348384600581 12.680298897258655
0.9522701630657986 -0.02100632204040204 -0.3045328733798247 -2.4239520737894718 0.009991852064104356 0.9992398255504128 -0.037682010645795135 -0.16279915988560173 0.30509293572117735 0.032840607002850665 0.9517561636809704 13.269437113188928
0.950338526055378 -0.02212796832608951 -0.31043040913005193 -2.6285653728631893 0.00843890886659197 0.9989345560465931 -0.04537110923415375 -0.18902921825780317 0.31110363339574354 0.04049821914301586 0.9495127295272092 13.875625061962287
0.949384645805024 -0.02214950641235148 -0.3133339969989824 -2.8352184740140696 0.005646349247608241 0.9985529919942331 -0.053479350403114495 -0.21570522535820533 0.31406514141152814 0.04900328096213834 0.9481359424708582 14.472062647575719
0.9485393047960075 -0.023211669656158354 -0.3158075452690773 -3.0474704036572042 0.003694756285983758 0.9980531883248033 -0.062258991725548364 -0.25074324129485415 0.3166378626018912 0.057888268815608 0.9467784388654179 15.079210880236552
0.9479489761816072 -0.022685862720019233 -0.31761311400647674 -3.269709402495298 0.0002436354532698564 0.9975102580025199 -0.07052110195900377 -0.2903925270871452 0.3184221713354908 0.06677302458624093 0.9455943548845861 15.690418952318947
0.9475966254744145 -0.02349354163092765 -0.31860428260012214 -3.492729850281786 -0.001265154257256122 0.9970085342615711 -0.07728118784218574 -0.33678359751029796 0.319466797608465 0.07363447637642112 0.9447321996812443 16.30438642067024
0.9470380855731765 -0.022683219851365538 -0.3203191159001722 -3.724114286380881 -0.004151057335651588 0.9965539485437885 -0.08284320349178037 -0.39038435413981737 0.32109443034236745 0.0797853318534116 0.9436803842531389 16.949200112682878
0.9467748061226464 -0.023004318833865965 -0.32107361742506263 -3.955581490746962 -0.005680827632253258 0.9960936908308055 -0.08811973266230873 -0.44728542086661494 0.3218465390350474 0.08525350668479258 0.9429457274462343 17.595341794592787
0.9467884858869584 -0.02111909428006644 -0.32116280427326993 -4.205292853070845 -0.009201790073851836 0.9956608899413761 -0.09259978024047227 -0.5071843268225918 0.32172486700800385 0.090627678431794 0.942485932972342 18.27148483380527
0.9464152179826218 -0.019249145788604417 -0.3223782026708933 -4.462632081117679 -0.012053676247280768 0.9954211939887134 -0.09482275806477032 -0.5697060312710474 0.3227273525126623 0.09362754372775824 0.9418497433219774 18.975530580990466
0.9462479369928473 -0.017498688105945452 -0.322968477798301 -4.716615770457004 -0.014300300106551582 0.9952956054827035 -0.09582358333772284 -0.6364290010772198 0.32312589366010797 0.09529141420605425 0.9415461768946689 19.67061203104797
0.9449447525945733 -0.01584667779117609 -0.32684598413773314 -4.977169721450652 -0.016205416121171778 0.9953349556415795 -0.0951089405172553 -0.7069069515231389 0.32682839385879603 0.09516936944709567 0.9402797413997187 20.39061154023622
0.9437899759400978 -0.014482882359737615 -0.3302282959310782 -5.236259576437583 -0.017631582147776968 0.9954116295208563 -0.09404687727723805 -0.7744168087072311 0.33007515602655707 0.09458294736995503 0.9392041617459201 21.09463862290566
0.9418420845013107 -0.013420936043319533 -0.33578768044397794 -5.504607549131607 -0.01882229942644489 0.9955269660118955 -0.09258391322174492 -0.8456556309380081 0.33552825351455456 0.09351972208508463 0.9373765799691186 21.820870267649052
0.9388114158237542 -0.012521802696099904 -0.34420390755515595 -5.818864912635225 -0.019901980302680037 0.9956971326569579 -0.09050486837040472 -0.9278581874564604 0.34385612790676 0.09181734300203037 0.9345226261707191 22.652613267762852
0.9355490723783118 -0.012175799542262594 -0.35298680297935664 -6.100282571448137 -0.01915242671560072 0.9961863324786173 -0.08512329606932212 -0.9987995815776117 0.3526770728626743 0.08639757455107502 0.9317480031578858 23.38676884392558
0.9331692978517817 -0.010761745660464155 -0.3592760030633167 -6.354763728856241 -0.019849773152514568 0.9964833693259999 -0.08140565804965162 -1.0571122637911952 0.35888862903776514 0.08309680792330461 0.9296740678648356 24.024401976961045
0.930209617807454 -0.008793888526669548 -0.36692333594783955 -6.658495952089655 -0.021427937679082448 0.9967065267858872 -0.07821088766428257 -1.1219516844587423 0.366402661596954 0.08061493029826534 0.9269575624523887 24.76698058691744
0.9269309358105273 -0.008083096732541699 -0.3751449103808186 -6.972396767305461 -0.02264252060470952 0.9967411952087737 -0.07742290381050408 -1.1853240119856652 0.37454820317028 0.08025991104528858 0.9237272271514557 25.51273820727166
0.9236770491795374 -0.008469300352942426 -0.3830782945698104 -7.2993176257924794 -0.02273424074155988 0.9967831237487944 -0.07685413786843709 -1.252714342798866 0.3824968798786306 0.07969739745517157 0.9205131513031115 26.281408070539133
0.9204665358715511 -0.008003573279091009 -0.39073942615941976 -7.628763925049958 -0.02372859790673886 0.9968013571528028 -0.07631518865672013 -1.3167358087275842 0.39010038449353873 0.07951727606688183 0.9173323785983446 27.03792380200153
0.9171020241398326 -0.007658503968763001 -0.39857900676726915 -7.97694466653847 -0.024213479388941788 0.9968994051051148 -0.07486844139522335 -1.3803974270335007 0.39791655498923845 0.07831298371297792 0.9140730232576977 27.822806337974892
0.9135676025039592 -0.008162119175868373 -0.40660498701531816 -8.32562273441018 -0.023685530187818202 0.9970336814390639 -0.07323137125432963 -1.4460301863658687 0.40599659027495544 0.07653246295936403 0.9106643458478452 28.59177168698741
0.9102652593115065 -0.00755783532046775 -0.4139565639240726 -8.68955288331866 -0.02366539022090139 0.9972489346148898 -0.07024607971381665 -1.511140589710894 0.4133486506525073 0.07373900958608075 0.9075822009432619 29.37803590248758
0.9063893502975309 -0.004999106667909151 -0.4224137244452919 -9.067819496320633 -0.024615110057865628 0.997606059942115 -0.06462387734892287 -1.5729018855162848 0.42172555296550307 0.0689721545211713 0.9040964549629916 30.179532869699393
0.9030600635907879 -0.005299632527417513 -0.42948158917755325 -9.447106548322655 -0.022979827667499682 0.9978955850395725 -0.0606327376827185 -1.6359205972987116 0.4288991129249095 0.0646244168531034 0.9010378658406217 30.973839583303114
0.8993261869978366 -0.004930167045768768 -0.43725061787587355 -9.858081101225398 -0.02290807463370599 0.9980321483177236 -0.058369949810549555 -1.6997593747527715 0.4366779471149292 0.0625101941863112 0.8974435058131965 31.821100456598092
0.8965248906688646 -0.00460513134048225 -0.44296942690948465 -10.268846843935215 -0.02285192680007997 0.9981338667906278 -0.05662661394709397 -1.7582170181331995 0.44240355994578545 0.06088987379627534 0.8947466196730611 32.650855200213336
0.8940105089156487 -0.004215953733564768 -0.44802615513215194 -10.683517579350713 -0.022734638231115704 0.9982407370317896 -0.05475917416040589 -1.8106580632416813 0.44746882145338673 0.05914098971395232 0.8923418611511909 33.47417220199321
0.8911614491631605 -0.0051178671604951865 -0.4536574467162897 -11.108760648543042 -0.021423791853504633 0.9983461686622533 -0.05334743349044385 -1.8660306986190172 0.4531801988922656 0.05726023884972142 0.8895779743107625 34.30843705947603
0.8893183923332817 -0.005361285115431854 -0.45725709800905034 -11.536217055020535 -0.02118475500869786 0.998374653403587 -0.05290801070243391 -1.9191722147484636 0.4567975516713817 0.05673894661675047 0.8877593641994731 35.12996537878933
0.8881868360592116 -0.006312032167468202 -0.45943911729525616 -11.974713192533226 -0.02040401583629633 0.9983774612124964 -0.05316127425713819 -1.9725895019632822 0.4590292151801228 0.05659154700842999 0.886616927662851 35.969148605936354
0.8870621741655697 -0.005403215186406898 -0.4616183536540787 -12.431543412387613 -0.02153183529910304 0.9983590520393402 -0.053062070066690545 -2.0237632835859727 0.46114756774085347 0.057008845601007024 0.8854902101604148 36.8300945672786
0.8865090082573928 -0.005060769912179937 -0.46268365746629725 -12.898802139496738 -0.021675380646571277 0.9983882575854093 -0.05245059570106625 -2.077975242913912 0.46220337098762077 0.056526769971991506 0.8849704899736563 37.71022336241627
0.8856790333995116 -0.003562395438253863 -0.464284351594202 -13.37885859202188 -0.022502834630307257 0.9984660615355659 -0.05058800643686932 -2.130756987142656 0.46375238245221784 0.05525245062797844 0.8842402922676024 38.61202848401519
0.8852481224891477 -0.004149838881120757 -0.46510057027131185 -13.855032211647284 -0.021464128933788712 0.9985303854361886 -0.049763043815370375 -2.1879982830296583 0.4646235603136721 0.05403561971438392 0.8838580762789522 39.509159491823205
0.8846224594580624 -0.0059423244516684775 -0.4662700858970905 -14.33588508509375 -0.01954011273455107 0.9985681335851962 -0.04979825882999356 -2.2430970922965705 0.46589836683196273 0.05316362824609602 0.8832396845788923 40.41258482609089
0.8833265089194513 -0.008059744164950025 -0.4686889364644422 -14.8174185701875 -0.017614539418808806 0.9985753033080709 -0.05036955056636353 -2.297129569643649 0.4684271625783859 0.05274849900414017 0.8819260678830014 41.312785238644516
0.8826602635085701 -0.00880478111526063 -0.4699290744915597 -15.315373345353732 -0.01616665529540213 0.9986641541036617 -0.049076945350921754 -2.3525668684912344 0.4697334334274506 0.05091545087623269 0.8813388215564595 42.23866804452224
0.8807236263718554 -0.008024038069687895 -0.47356257111755007 -15.819804761174503 -0.015516077504347345 0.998831005369845 -0.045780717018673145 -2.4094947627393957 0.47337632523108664 0.047667992667207434 0.879569563585389 43.17193046838585
0.8784763334236835 -0.008514679793682452 -0.47770998717055585 -16.321796805968795 -0.013048132270425573 0.9990407309094907 -0.04180148595545691 -2.4655820312142662 0.47760766101344637 0.042954839213316096 0.8775225375620979 44.08666120582676
0.8756950644321341 -0.008700115429158125 -0.4827861453280532 -16.832944447642358 -0.012313201517107361 0.9991101897657952 -0.04033873788997492 -2.5192591620079425 0.4827075089509173 0.04126907677276435 0.8748087357272583 45.00730084495445
0.8711470900019932 -0.011344025545066925 -0.4908910883948622 -17.365036228035265 -0.011327191697574466 0.9990027696872606 -0.04318750844201212 -2.5745945733677402 0.49089147712025505 0.04318308976457494 0.8701498597650171 45.9464190337698
0.8660279872480667 -0.01477085620617005 -0.4997772975136015 -17.877017851107674 -0.01000465842851281 0.9988514914132118 -0.046857282372445255 -2.6255926126807374 0.49989542117606073 0.045579819092871884 0.8648855692972741 46.842309255980986
0.8602894935799659 -0.014530763078628224 -0.509598708946833 -18.420945663869105 -0.010720265498330116 0.9988570750579073 -0.046579174685773564 -2.677984853787225 0.5096931068236763 0.0455346080593132 0.8591504736222366 47.7567158417919
0.8548169903999414 -0.012581085680294767 -0.518777051542078 -18.97918706719114 -0.010889102619569973 0.9990510676806023 -0.042170980666676766 -2.7321515670006895 0.5188153239522972 0.04169748732662237 0.8538688301975421 48.67195484693378
0.8502096741848826 -0.011065123013556742 -0.5263279139235643 -19.54504129569136 -0.010857949223102771 0.9991978377298018 -0.03854589491447086 -2.782663863032749 0.5263322285981588 0.03848693452048066 0.8494075235186653 49.57835138492236
0.8464206687125757 -0.011167640269973023 -0.5323977229355484 -20.117707225299412 -0.011819688845246572 0.9991397721390702 -0.03974934823979711 -2.8341609025332626 0.5323836460032915 0.03993744534503408 0.8455605560381555 50.48142557498452
0.844386120077065 -0.014399678885544902 -0.5355415291732227 -20.676508222536647 -0.011228058123484314 0.9989434813627343 -0.044562896603301635 -2.8834767588899517 0.5356174109679187 0.04364138277935389 0.8433323299726686 51.362194001535165
0.8427493774366878 -0.01676152459493419 -0.53804510788904 -21.247648453959467 -0.013624325289335245 0.9985307717062191 -0.052446884713900445 -2.9388466609548263 0.5381336865412587 0.05153008101134909 0.8412828217433649 52.2478091347687
0.8399997143377501 -0.017829803969684612 -0.5422938115107906 -21.806867724230663 -0.013865796069861425 0.9984281402643881 -0.05430458937828747 -2.9952101254960035 0.5424096418868743 0.05313517496534678 0.8384321281830478 53.119132427143114
0.838571995011745 -0.017788968794936886 -0.5445002862912331 -22.392223012326863 -0.012337127125195255 0.9985903684168276 -0.05162432953018735 -3.0575004864961395 0.5446510850777027 0.0500082862569531 0.8371704526733632 54.013046735258605
0.8361370687109231 -0.0155420178478183 -0.5483003264714726 -22.979842788638745 -0.012058880090848587 0.9988360688818952 -0.046702151037362236 -3.1178257058285053 0.5483879883243795 0.04566128756156747 0.8349764434280528 54.90006791875148
0.8335451576415429 -0.01387150354668497 -0.5522771510407523 -23.561971274640715 -0.012580153085204339 0.9989489002537597 -0.04407759555780031 -3.172814716501577 0.5523080751905483 0.04368839744324001 0.8324945128997268 55.766789001899355
0.8316447922516277 -0.01352862717069446 -0.5551431488973122 -24.155667844827768 -0.013770591974974582 0.9988933327398815 -0.04497199800399238 -3.225619969261499 0.5551371995438656 0.04504537772833831 0.8305381409832455 56.64373341547026
0.8286534406613375 -0.015257492760477725 -0.5595540047169633 -24.758629571848275 -0.013447229350818228 0.9987973635194294 -0.04714868661398356 -3.283939192817685 0.5596004354027201 0.04659437242093845 0.8274517007993791 57.53167963000511
0.8260169478665108 -0.01757754772536936 -0.5633711313630266 -25.35115168967996 -0.012841621749223445 0.9986672828216508 -0.04998750816425037 -3.3431931586117236 0.5634989747889024 0.04852512789868244 0.8246903766713134 58.387280898633215
0.823381564570614 -0.019174717909753808 -0.5671641114512884 -25.951978820056226 -0.011879536421897822 0.9986275987140274 -0.0510078003942194 -3.4017240604506656 0.5673637948791312 0.048736529213076835 0.8220237678927624 59.25265587658417
0.8202222611434093 -0.02002469013274527 -0.5716943712420828 -26.557405711594328 -0.010711106697624574 0.9986743000318583 -0.05034793589800768 -3.4646883050806108 0.5719446778475212 0.04741997723497263 0.8189204059253438 60.121285290162
0.8174422899052309 -0.019597793105391073 -0.5756770181098866 -27.176375804014633 -0.01117699294951281 0.9986931996580077 -0.049869507571836114 -3.52554245139363 0.575902055477404 0.047199782438578725 0.8161550116458588 60.99276442903217
0.8127767942810243 -0.019934049631760507 -0.5822340734992588 -27.803854692229667 -0.011811244043855829 0.9986451570679212 -0.05067883955778611 -3.590180856497519 0.5824554722829878 0.04806749348640779 0.8114401634609518 61.86002155410892
0.807891912260578 -0.020883596877377796 -0.588960553420524 -28.441882795527125 -0.01191447291561491 0.9985889056870523 -0.05175174174729555 -3.653436785881776 0.5892102370453944 0.048826968165132587 0.8065030835283344 62.72684658574991
0.8039354607654065 -0.022189345415942318 -0.5943024548779231 -29.086274129298534 -0.011689650080677651 0.9985210639705877 -0.05309460319125753 -3.7215202061103483 0.5946016540549691 0.049631822020330674 0.8024871059637265 63.602067310538956
0.7991871002183007 -0.022674434331064024 -0.6006545170665333 -29.74746005985729 -0.01223164626890047 0.9984678419868634 -0.05396624266751058 -3.7907041392246157 0.6009578734605417 0.05047611856969999 0.7976852736386209 64.47977350508725
0.7946081629051341 -0.02459134501735763 -0.6066243757011132 -30.399291226554247 -0.011624303750911308 0.9983799452600202 -0.055698837195276706 -3.8580612160987444 0.6070113203284058 0.05131033670554765 0.7930349969202677 65.33728561897469
0.7892139598874703 -0.024525031344613264 -0.6136284285757009 -31.08033572380333 -0.01216868641461287 0.9983815716238119 -0.05555322234497533 -3.929143512565828 0.613997759433763 0.05131043051381646 0.7876382362041635 66.21429302797205
0.784418823582939 -0.02497087520741611 -0.6197286217370745 -31.76412450384273 -0.01113919936789034 0.9984608665959303 -0.05433061856768136 -3.9970919273334418 0.620131459810096 0.04952124057291116 0.7829333428114551 67.07287476446324
0.7804990113473116 -0.025784308190223898 -0.6246250577242488 -32.43773137193188 -0.010124584856401686 0.9984966949778938 -0.05386875624802079 -4.067376772651804 0.6250750243509614 0.04836858039445349 0.7790646278475686 67.9131943794981
0.7754084682349011 -0.0270442368552967 -0.6308805882593942 -33.13483722552898 -0.009351781410735055 0.9984810634646943 -0.05429650160792271 -4.133559675837128 0.6313907281343705 0.04800182449999098 0.7739777601912228 68.76932092859555
0.7712365956157181 -0.029157655670904892 -0.6358804484326078 -33.84263521371747 -0.00847635986265429 0.9983913695199388 -0.056060900738216075 -4.2022710788238475 0.6364921562019098 0.04862616974303322 0.769748810138454 69.62112801675381
0.7671528499131743 -0.027864194328871883 -0.6408588702237782 -34.54625127873157 -0.010339446609534368 0.9983891861319911 -0.05578645766231127 -4.272801735695294 0.6413810105654073 0.04942286605512801 0.7656290091140706 70.45567152433505
0.7629986987754364 -0.027572966622021956 -0.6458116731514318 -35.27294047840863 -0.009959757068541759 0.9984697277138148 -0.05439674694534637 -4.34371697310868 0.6463232851337839 0.047936774513532725 0.7615564829630906 71.30755890656053
0.7604629012606852 -0.02699020396416578 -0.6488202406646654 -36.00099256024628 -0.010817306115792185 0.9984707490339737 -0.05421392083157964 -4.414508297612792 0.6492912764657929 0.048246162681691795 0.7590080013358971 72.15137931094034
0.7563852974009383 -0.026954387709512723 -0.6535707634670476 -36.7421771861079 -0.0112816259079458 0.9984644788546891 -0.05423476175210022 -4.486980751606767 0.6540290565353861 0.048395717255137125 0.7549197624640605 73.00159211873975
0.7530803069550772 -0.0277535759752352 -0.6573429776737817 -37.465659408415334 -0.012896185262768702 0.9982952605265565 -0.05692329238442983 -4.554850917969118 0.657802204072102 0.05134502732302113 0.7514385859716569 73.81832010160363
0.7502431636902834 -0.029516437758366418 -0.6605028200076448 -38.21402844612359 -0.013328464755350544 0.9981247814687645 -0.05974338997074649 -4.62423091204282 0.6610276449311785 0.05362555845851673 0.7484428850064327 74.66226736001549
0.7469355055657537 -0.029100284767501594 -0.6642593800253649 -38.970186586930836 -0.015194547073340225 0.9980338115479874 -0.06080819637378261 -4.697292445799642 0.6647228567338932 0.05551292131969615 0.7450247239535648 75.50586930428851
0.7443373324416335 -0.027886630333871187 -0.6672213061513362 -39.72320840914693 -0.01577819799880698 0.9981144236304098 -0.05931817435529712 -4.773544798056277 0.6676173934234965 0.054680281542407956 0.7424938267816503 76.34122797247696
0.7412108546592238 -0.027465536913171888 -0.6707101558925539 -40.48296756894519 -0.0159204377546437 0.9981622943310622 -0.05846857136488146 -4.848070882458568 0.6710834587419388 0.05401553904036239 0.7394114638989144 77.17547548108823
0.7372546561393378 -0.027549425133802485 -0.6750530358243447 -41.2533916763218 -0.016522627409990158 0.9981342348574168 -0.05877969027708408 -4.921805151862908 0.6754128920773852 0.05448925013611678 0.7354239232138606 78.00738420951181
0.7347864334980073 -0.02810362824357372 -0.677716078624984 -42.04455943894801 -0.0164781970571047 0.9981068376068148 -0.05925546172523376 -4.996345123256289 0.6780983454994015 0.05470764847871294 0.732932266330869 78.86154113823932
0.7317686397873392 -0.028684230869747578 -0.6809492438671171 -42.84875716710709 -0.01601339232494533 0.9981145525633003 -0.05925294277595302 -5.075855797690183 0.6813649749510425 0.054263752733975205 0.7299295966387382 79.72107684576542
0.7290991032320983 -0.02846075801942189 -0.6838161177678619 -43.6452630062575 -0.016536532444274728 0.9981107382722527 -0.05917345046841779 -5.155500690480926 0.6842083314027021 0.054451257089058624 0.72725100195225 80.56274178507798
0.7276802274352961 -0.03070483659192391 -0.685228939559312 -44.4433285322314 -0.014811426661870065 0.9980612243046788 -0.060451750840532024 -5.234229569873084 0.6857565954768178 0.054138761985373936 0.7258146362610328 81.40782518383877
0.7251080911610779 -0.03432933642240549 -0.6877788545699378 -45.26612903649219 -0.0126640776617631 0.9979229922027772 -0.06316108588389585 -5.316449321295686 0.6885186106923437 0.05450869924932478 0.7231672866193768 82.27391056419098
0.722535953971215 -0.03777192879880195 -0.6903007146264043 -46.09806115967728 -0.009562437899539249 0.9978647599251524 -0.06461022118005288 -5.399051222414884 0.6912672095509259 0.05328416551224327 0.720631974523293 83.14188730565725
0.7186143859370813 -0.040284388648999414 -0.6942409757104865 -46.92165217761944 -0.006381122154217607 0.997896682904454 -0.06450962353277942 -5.48227388870937 0.6953794975438411 0.05078757997251239 0.7168458524091571 83.99815347195381
0.7119986428298335 -0.04169620684895235 -0.7009417657287123 -47.746655035122224 -0.005117442862902822 0.9979007528104812 -0.06455926981325187 -5.569898513440027 0.7021621923651404 0.04955314192545926 0.7102906037237824 84.84306319115689
0.70503119635579 -0.04248394588548668 -0.7079026250178216 -48.5806134056993 -0.0033230871361832996 0.9979951518662112 -0.06320311656416536 -5.651771527021589 0.7091685055450566 0.04691259099151506 0.7034765380234469 85.6766904304228
0.6958230507587875 -0.04057330202817788 -0.7170663073909304 -49.43474792202607 -0.00386626217834141 0.9981769818514747 -0.060230929916855865 -5.733260888089793 0.7182028502098153 0.04468243574841386 0.6943976856860099 86.50720738007288
0.687818660733262 -0.03994423609213696 -0.7247826901562407 -50.28221627148675 -0.0040947931668439165 0.9982553819430167 -0.05890182586917692 -5.815501974230773 0.7258710096263815 0.04348161019117961 0.6864551164928118 87.31188200342385
0.680412467953462 -0.040319654075787 -0.7317193443860069 -51.1455828334352 -0.00609530791374192 0.9981393887996474 -0.06066801256101052 -5.893812997943765 0.7328040124582532 0.04573932686294288 0.6789007241881608 88.11331053979123
0.6704525500624317 -0.04188850259736562 -0.7407690135696369 -52.029600164444886 -0.005751418395736282 0.9980816097950608 -0.06164431340632462 -5.977741467045124 0.7419301175321161 0.04559005965175392 0.6689254421531071 88.92501121648904
0.6616779831394798 -0.04277553464584359 -0.7485669644488948 -52.912367837102444 -0.00591358986985294 0.9980425352463043 -0.06225855197465631 -6.0533696675008235 0.7497648138471968 0.04562183112164661 0.6601298148408284 89.7084871288656
0.6536245801588826 -0.04295027656917025 -0.7555992204566891 -53.80862121239451 -0.004306986212028286 0.9981610948331774 -0.0604638621922408 -6.137966527364567 0.7568066847497411 0.0427750219645142 0.6522376402922799 90.49659768515414
0.6433058937776578 -0.04205484121330149 -0.764453345444608 -54.72289234277016 -0.004311782973247039 0.99827536771496 -0.058546551915149916 -6.217755933581188 0.7655971104690252 0.04095949882610535 0.6420150963158061 91.27736700194635
0.6343223991969085 -0.04174187511873247 -0.7719408719187306 -55.63251120075992 -0.00509863007141613 0.9982935946646283 -0.058171323029216654 -6.2989004794972 0.773051807997674 0.040835214131271114 0.6330271616908554 92.0293299875262
0.6261684421455811 -0.04205642205545959 -0.7785527210310612 -56.56757017540933 -0.006721922126404663 0.9982158748896149 -0.05932860087080653 -6.378607378497034 0.7796588342498936 0.04238306834402113 0.6247685793106463 92.78416806171747
0.617032382359955 -0.041439518562084166 -0.7858459170986011 -57.526696501986635 -0.009049343401485523 0.9981728676136685 -0.05974140728094764 -6.460996835294013 0.7868857277287477 0.04397377242458004 0.6155299820768692 93.53541351132357
0.6095070700760653 -0.041534600789338856 -0.7916918645941492 -58.49327173322917 -0.010778349639860347 0.9981002034212575 -0.06066144664847102 -6.5432888799788484 0.792707360068223 0.045506712336913835 0.6079014561801559 94.27722161242149
0.6014960620025958 -0.040626138826582114 -0.7978420922960966 -59.47768762101453 -0.012491746022932558 0.9981056865267497 -0.06024113880285237 -6.625594059183152 0.7987780941392099 0.04620124854383541 0.599849148500123 95.02261069809417
0.595067741075822 -0.038067735126019214 -0.8027734618641139 -60.47565027494576 -0.01442980232635685 0.9982104491758023 -0.058031715131174354 -6.702456436619597 0.8035459939143129 0.046116664001407855 0.5934535272164456 95.7577876384918
0.5892157020381469 -0.036066312168238954 -0.8071704142238347 -61.478628406921125 -0.014447927115585178 0.9983731932341373 -0.055156363490849576 -6.782135709150904 0.8078465905564971 0.044160934750694804 0.587736078497984 96.48868812683698
0.5828017643310164 -0.03513082212443959 -0.8118546229649221 -62.49978403274007 -0.015226871726068732 0.998417538211743 -0.05413466328186625 -6.85925730035254 0.8124716892729819 0.043911783476239905 0.5813445702867135 97.21961208097484
0.5773639769320404 -0.03623257388017008 -0.815682560026409 -63.51853497157096 -0.015586268844261054 0.998343757289025 -0.055378791116697655 -6.937261697567471 0.8163381078724261 0.04468716674897203 0.5758429914162513 97.93952189064652
0.5728364692015683 -0.03832892690751406 -0.8187730289370793 -64.52609085561251 -0.014949408639072393 0.998251391791554 -0.05718980650052499 -7.015313265507444 0.8195333396110392 0.04500057942231307 0.5712618078583876 98.64179894105067
0.5678228723219279 -0.03992331369965558 -0.8221820447390681 -65.56788342107895 -0.015231572248138885 0.9981425456979687 -0.05898692799619769 -7.0960078436134735 0.8230098327935856 0.046017252099813374 0.5661600724479401 99.35513482532689
0.5650028788138209 -0.04192092249204625 -0.8240232904411809 -66.57862865992975 -0.015712660710707788 0.9979806644655723 -0.06154433886431122 -7.182228006974881 0.824939306388952 0.04772032701345245 0.5632032591917807 100.04520258510506
0.5611060129686694 -0.04221944329212234 -0.8266665354412908 -67.59417463460092 -0.015048250144885249 0.9980130266170053 -0.06118454764351581 -7.2631872682343 0.827607148578346 0.04677090239527094 0.5593557815122246 100.73276179752656
0.55856473886017 -0.040827486291368925 -0.8284555201489083 -68.61681891662556 -0.013764242930461492 0.9981941176688649 -0.05847263520509197 -7.3430573279990545 0.8293467176751961 0.04406381525020959 0.5569940772279127 101.41769425642818
0.5567603673400363 -0.0391981420330085 -0.829747792416797 -69.66040069301837 -0.011589961746171279 0.998422205595186 -0.05494335411281791 -7.425905471525229 0.8305922983907991 0.040207027191826936 0.5554276089809415 102.11531970880328
0.5541682955258059 -0.03822891095929094 -0.8315263378876762 -70.7051233079939 -0.01127971471319288 0.9985082557119862 -0.053423134604737646 -7.506779519918735 0.8323282214787698 0.038984787313432176 0.55291040692694 102.81313279681216
0.5523425625089733 -0.03840047894809358 -0.8327323080423733 -71.72081832412158 -0.009579646198009816 0.9985800995479064 -0.0524024347298318 -7.584489763832497 0.8335621896533828 0.036921375969082564 0.5511904280525993 103.48653117522997
0.5514771026486549 -0.038237641316102536 -0.8333131992479337 -72.74346577247228 -0.007078668592610138 0.9986984117925003 -0.05051113475357558 -7.6618524885545005 0.8341599952678151 0.033754482216721456 0.5504886349645014 104.16435303143516
0.5489909210781969 -0.038403507407234166 -0.8349455905581727 -73.75160738435953 -0.00415249078154804 0.9988062499010752 -0.04867064802178531 -7.73554962513827 0.8358179977686665 0.030186847754839624 0.5481760929013632 104.82885271296486
0.5481100309031879 -0.03992907117396782 -0.835452609845999 -74.74644940667706 -0.0013731303732013103 0.9988155480883252 -0.04863759255963559 -7.808046485245149 0.8364051103001972 0.02780593771486837 0.5474059931088737 105.48386052585805
0.5460068119706827 -0.040787183666048374 -0.8367872889391926 -75.74886287302917 0.001438764600624528 0.9988583704307556 -0.0477481494598434 -7.880357801794654 0.8377795003687042 0.024866874934490493 0.5454421576051459 106.13861466055418
0.545497502425907 -0.04044746289301561 -0.8371358776164213 -76.72325169990553 0.004386838478934261 0.9989589101193282 -0.04540761545560198 -7.948234185816329 0.8381009667666883 0.02109736094212277 0.5451070269827939 106.77195769647345
0.5448262206274712 -0.04044730962377854 -0.8375729248614623 -77.68911766533144 0.0063004504777373 0.999005279118563 -0.044144723546761466 -8.014396379547037 0.838525308884928 0.018774116156043352 0.5445391068803008 107.40082061678204
0.542897056959777 -0.041837900393879385 -0.8387564459573735 -78.64689773702145 0.0078790691829588 0.9989680611303124 -0.044729555221960926 -8.078373768743976 0.8397622912546281 0.017674923823771622 0.5426664640961343 108.02619177777707
0.5423597193648457 -0.04351687634788083 -0.8390186030615827 -79.60787515982227 0.009901238227914378 0.9989193657273706 -0.045409979700305816 -8.143272815136058 0.8400880312753185 0.016321220780056538 0.5422044978236613 108.64652993759499
0.5427617988449981 -0.04521235793520194 -0.8386688693426515 -80.57613611196794 0.011185605085263093 0.9988505947760202 -0.04660870685255527 -8.210005548832251 0.8398121885001543 0.015916406803361073 0.5426436731788656 109.27016837677212
0.5434506652984048 -0.04610063258256197 -0.8381742695061744 -81.51805369477844 0.011234538761986473 0.9988008594829567 -0.04765110948249457 -8.274003106594916 0.8393659270696702 0.016479525830401978 0.5433169109303322 109.87912633175685
0.5468528327569101 -0.0468264296056185 -0.8359182165715334 -82.48886343976854 0.011399376819069693 0.998758567637456 -0.048491007196328095 -8.341373835551536 0.8371511413800258 0.016988497907924116 0.5467077440689428 110.50619151701798
0.5501124589729937 -0.046614770047208764 -0.833788549751154 -83.409850707827 0.009678560509569573 0.9987296800811303 -0.049450496372697356 -8.405776106715113 0.835034495065413 0.019133461226066836 0.5498648040312833 111.10600875925643
0.5541759687751953 -0.046728405887547536 -0.8310869098447422 -84.3152262505209 0.008541029932924785 0.9986897251314801 -0.05045675102990655 -8.468429520046579 0.8323557210951091 0.020863580709401384 0.5538489546439748 111.70117218573846
0.5602292997119924 -0.046984612508639785 -0.8270039769744905 -85.24177199562695 0.008504413669525757 0.9986636652769825 -0.05097605912269734 -8.536383879961479 0.8282939132290833 0.021525097977851834 0.5598802224268113 112.32651976479573
0.5655278306193686 -0.04529504077352687 -0.8234844455581877 -86.15181094352846 0.006650599219701479 0.9987086941745846 -0.05036579901198179 -8.601499421630054 0.8247023962163381 0.02300659604159161 0.5650988004000799 112.94503494878428
0.5717684204103718 -0.04342855662521369 -0.8192648130433035 -87.05549463671301 0.005399925245138975 0.9987755488441845 -0.04917564273443521 -8.66504791697947 0.8203972904811273 0.023693110822526203 0.5713028288664219 113.56889320812296
0.5799986629884615 -0.0426664766098361 -0.8134993071326488 -87.96513315128648 0.0051568747448491395 0.9987997267783225 -0.04870844311220218 -8.732981686158285 0.8146011033471925 0.024055717849422162 0.5795225318003485 114.2131826230258
0.5867536232798778 -0.04175096700744266 -0.8086884705013908 -88.86682218751115 0.004063514835260084 0.9988091708688747 -0.04861818626208488 -8.798914753707155 0.8097553170033025 0.025240779349588092 0.5862245556463039 114.85890769545789
0.5943347620928694 -0.042254702317948506 -0.8031069235786937 -89.74829265317805 0.0037650252729863054 0.9987539977502213 -0.049762200138705054 -8.864751999070663 0.8042089374986491 0.026551687516470954 0.5937533096643096 115.50155033909805
0.6031421256017997 -0.042423973823827274 -0.7965047286548514 -90.63563369528694 0.0010253245069945238 0.9986249663502962 -0.052413025971846244 -8.930388919244216 0.7976330766926598 0.03079582807565483 0.6023562832235889 116.16329409531703
0.611883859686075 -0.04172149253964427 -0.7898464783209052 -91.49880135799344 -0.002247286428314354 0.9985120804822198 -0.05448462934423103 -8.993942735535251 0.7909444303864721 0.03511327656789572 0.61087966560468 116.82016605025818
0.6213100129839662 -0.039639034648700756 -0.7825615724644183 -92.36262588845013 -0.005146355584399097 0.9984916286406144 -0.0546624419397121 -9.06026386447923 0.783547945431588 0.03798966262988621 0.620168850187757 117.49062908781993
0.6299176368332633 -0.03746755320554671 -0.7757576640054464 -93.20570160757379 -0.006597201981919086 0.9985415245291097 -0.05358451937912468 -9.126879723306056 0.7766339213119702 0.038871663816610065 0.6287517363949953 118.16879468148998
0.6421045864390669 -0.03482410497881065 -0.7658256862931274 -94.03997273121006 -0.008266276985469546 0.9985951315996437 -0.0523395816785894 -9.193636439067433 0.7665724810731953 0.03993801269361072 0.640914648298329 118.85450018157911
