1.0 0.0 0.0 0.0 0.0 1.0 0.0 0.0 0.0 0.0 1.0 0.0
0.9999376549893912 -0.0022590168013199136 0.010935400194255504 0.007524652872234583 0.002242893186977069 0.9999963798949555 0.0014864814616297297 -0.00169683201238513 -0.01093871859355477 -0.0014618618523346712 0.9999391018434352 0.30121177434921265
0.9998118635249795 -0.003895104883457326 0.019001729201695558 0.01624805703093119 0.003854484787851433 0.9999902085888159 0.0021738614299215944 -0.0008987806901096088 -0.01901001056622338 -0.0021002105711441783 0.9998170875784375 0.6027997604585615
0.9997190480417542 -0.006771570994138909 0.02271499083777995 0.026846102382419287 0.006733246174718712 0.9999757768558878 0.001763263285656411 -0.004109133980626026 -0.022726380671803558 -0.0016098222682161501 0.9997404263576747 0.8913812842342232
0.9997218837220294 -0.008775264278957796 0.02188949392086505 0.03576688717031304 0.008752851474698509 0.9999610663886165 0.0011195079288916338 -0.00385025249601545 -0.021898465661753765 -0.0009276010863676441 0.9997597695236019 1.219241340790643
0.9997883702710766 -0.011091230787560694 0.017326259559462303 0.03975000129483759 0.011093483248661006 0.9999384648470273 -3.389368771329158e-05 -0.0034763213000704547 -0.017324817462717194 0.00022609508498619624 0.9998498885237205 1.549943798316241
0.9998975677031178 -0.012930074362820952 0.006137367380320743 0.03804287295154619 0.012938823562978563 0.9999153265622914 -0.0013880023891912779 -0.006468667921807622 -0.006118900734218153 0.0014672705265936252 0.9999802028895406 1.879487625966052
0.999862180118578 -0.012541600336393703 -0.01087791476005141 0.01857560268176143 0.01252236476439565 0.9999199090519166 -0.001834628658506526 -0.0055689802481522725 0.010900052716945788 0.0016981585937009896 0.9999391507027608 2.226384225134718
0.9995252707704235 -0.009317797569881544 -0.029366847630595348 -0.013985520010013616 0.009259125293900411 0.9999548578736165 -0.0021332636376563403 -0.006825955873803009 0.029385399267386987 0.0018603395933545872 0.9995664247294894 2.597139710808084
0.9988364541585099 -0.006890714267051602 -0.047731078983665624 -0.05308402686399607 0.006779097699697641 0.9999738967445865 -0.0024999327640977806 -0.008176709756213731 0.047747059369483986 0.0021734503299838557 0.9988570941006677 2.946543460896771
0.9977256263041108 -0.006915045592376394 -0.06705040462611164 -0.09188569798084563 0.0066842649797132295 0.9999709414453383 -0.0036656331792415207 -0.010385501701682544 0.06707380425882312 0.0032091134880419545 0.9977428558365476 3.3292842063666623
0.9961353322276009 -0.008472354879835955 -0.08742207438969599 -0.14315778236096766 0.008262920944762088 0.9999620600903069 -0.0027572662929667632 -0.013579122634094134 0.08744211814262068 0.002024248685275244 0.9961675453416419 3.7489420924913404
0.9942708104168954 -0.009759707965337927 -0.10644389908943379 -0.20110919792474385 0.00956669484463183 0.9999515380816786 -0.002323755115139313 -0.018052691979700684 0.106461419785197 0.0012921255808785734 0.9943159942939686 4.136400568633241
0.9921403014470092 -0.009533023337846877 -0.12476675723396 -0.27010938501020765 0.009464833589658422 0.9999545584230533 -0.001139304207268113 -0.024250012853670233 0.12477194864935753 -5.0546975101910946e-05 0.992185445506658 4.56097472207791
0.9899965666844116 -0.009816100720549103 -0.14074957236070582 -0.3428211458421744 0.009843459174088269 0.9999514260566128 -0.0005018354656300235 -0.029049873551418193 0.14074766166642197 -0.0008886472812887938 0.9900451030339193 4.997147700425778
0.9880934682866356 -0.00883596862969696 -0.15360085803035972 -0.4235027647529939 0.008886803955598151 0.9999604483365799 -0.000355637401182749 -0.03343131386790507 0.15359792526184224 -0.001013617719540363 0.9881329110673202 5.456395115738891
0.985541098536809 -0.010199189310896275 -0.1691292985625502 -0.5070052742997936 0.010146181563822434 0.9999478326870533 -0.001177668942785501 -0.03882572071675512 0.16913248680999665 -0.0005553754273920616 0.9855931683324519 5.9112191614062395
0.9833799935158424 -0.012058907117047173 -0.18115841441104624 -0.5929100787598427 0.011762411720620652 0.999927145604198 -0.0027109323775941344 -0.04602314458803587 0.18117790710596188 0.0005350168069428634 0.9834501917909824 6.361496112949825
0.9816563272644712 -0.01130611820060483 -0.19032347945764216 -0.6956613096751021 0.010711542968487536 0.9999340076200738 -0.0041524994994214 -0.049923548400070995 0.1903578682084453 0.0020376692794469775 0.9817126513980778 6.845949128909789
0.9800780557099211 -0.01198624150203668 -0.19825068658271025 -0.8072715950561724 0.01114554076920877 0.9999235423193287 -0.005355972043237704 -0.05479497209827405 0.19829972676941102 0.0030396595567418745 0.980136714358235 7.358527898159987
0.9782713896924666 -0.011844962520900903 -0.20698981852267148 -0.9208919517008022 0.010459088845736198 0.9999149702094854 -0.007788440888976357 -0.06364237796927694 0.20706447201219 0.005454283989905098 0.9783120949965152 7.8681499234324335
0.9756228172082666 -0.01409645160234739 -0.21900093286291722 -1.0381550830178554 0.012492260430167136 0.9998840494588463 -0.00870810353200855 -0.06932705255505824 0.2190982929462258 0.0057600078126663285 0.9756857897592072 8.382048139930706
0.9734270156002499 -0.01826870601519251 -0.22826760541110863 -1.1574380953858046 0.016565375353085138 0.9998188240877837 -0.009375891378056398 -0.076276870730917 0.22839753422268488 0.005345407398148611 0.9735532820450792 8.899330151817521
0.9703352065705046 -0.018897610294302914 -0.2410237897281941 -1.2952948693437372 0.016385969633994243 0.999788588299543 -0.012420897920874438 -0.08515241688210635 0.24120755976737107 0.008103026050286446 0.9704397220229078 9.432518762496123
0.9678285034764107 -0.014846067114445884 -0.25117241518495764 -1.4500678076425373 0.010891469580000378 0.9997939925657441 -0.017127414277608395 -0.0886006619776946 0.2513749465420118 0.013840763009396052 0.9677908190979694 9.98680230692668
0.9652353282909029 -0.01250384699355516 -0.261083156924216 -1.6180418053197143 0.0076365348160378 0.9997777759629428 -0.019648970115385227 -0.10043039710976272 0.26127082568698035 0.016972109502169163 0.9651163158624405 10.569254325917615
0.9624012267923958 -0.013789465381833677 -0.27128164204931854 -1.792651936936223 0.008767795059555644 0.9997672096361193 -0.019714266565139638 -0.11651240966225634 0.27149033949347995 0.01659449248669454 0.9622980922670604 11.153865877036257
0.9592138040857954 -0.014359974658323336 -0.2823166115889564 -1.9633167422118833 0.008803888588620632 0.9997419893552251 -0.020939108523912703 -0.13066653454790042 0.28254445596574096 0.017599597946241552 0.9590927403307535 11.719027742534742
0.9557352503714477 -0.01259624057559347 -0.2939582724142803 -2.1463589135551526 0.0061093311395605185 0.9997173660602549 -0.022975292611277322 -0.14493032047600798 0.29416459214265345 0.020162408608804423 0.9555420817570717 12.291456061365766
0.9527010627788898 -0.010703649784700535 -0.3037204584173755 -2.3446696674108893 0.002896654382786103 0.9996540048474457 -0.026143450151998995 -0.1585325880086567 0.3038952029456222 0.02402711954749987 0.9524024376033954 12.872929785522878
0.9501647611842547 -0.010360495722992281 -0.3115759726487938 -2.551304256657233 0.0009446267152111781 0.999538707461338 -0.03035588850431899 -0.18194511103738953 0.3117467470304012 0.028548772563660164 0.9497362440704638 13.478398656124071
0.948151763398623 -0.01071315063703886 -0.3176373119888624 -2.765282391268703 -0.001060980220281958 0.9993194441814182 -0.03687170733657241 -0.20384221445336953 0.31781615422293114 0.03529698123593279 0.9474951267582206 14.097935553283554
0.9468676509811773 -0.008946197082124503 -0.32149901567991646 -2.978786232204605 -0.0054611928510745365 0.999021732477775 -0.04388340699795529 -0.22730326075686147 0.3215770932420883 0.043307546627263535 0.9458925042028278 14.691411203433548
0.9459268589975168 -0.008957691562300245 -0.32425628319119226 -3.200134203483881 -0.008075682215788842 0.9986584929886939 -0.051146825300309354 -0.2561434613628623 0.3242794485992623 0.05099974650354125 0.9445855520135448 15.303754441811657
0.9449648965494312 -0.008035218551399501 -0.32707304925987746 -3.4322359532678752 -0.011963542249362835 0.9981811520979462 -0.0590868957829457 -0.2908635594311595 0.3269529292515525 0.05974799460440678 0.9431500194532052 15.928526797414873
0.9436036626005498 -0.00795537695588177 -0.330981630765693 -3.6701713539929375 -0.014382280001188939 0.9977825781972017 -0.06498520345518913 -0.3313913994637497 0.3307646866713482 0.06608054648408068 0.9413968788070046 16.561192178702893
0.9424301611493651 -0.006894591039663891 -0.3343319547551171 -3.9123041134269254 -0.017619347205030007 0.9973749209613304 -0.07023407749411104 -0.3770081704068304 0.333938542190102 0.07208142376351884 0.9398347292945572 17.20879234488506
0.9418178612895687 -0.007148783591503202 -0.3360476321135219 -4.152427587893166 -0.019414230698327095 0.9969477585505921 -0.07561914021821957 -0.4248593232166561 0.3355625184706052 0.07774356316835802 0.93880441764169 17.847462548807293
0.9415454928667473 -0.005029512738403226 -0.33684831729419196 -4.417939335156483 -0.022952199279028543 0.9966075352406465 -0.07903554421789966 -0.47899752610141083 0.3361030815249544 0.08214697013997566 0.9382358945842203 18.53728895648072
0.940640041637525 -0.0033354280314538114 -0.3393894326404438 -4.688536069618829 -0.025701186888258225 0.9963806750296682 -0.08102468401640185 -0.5336923519875431 0.3384313239945294 0.08493777338304752 0.9371498351875436 19.248883739401517
0.9395852742423111 -0.0011074521621435175 -0.3423131402337774 -4.966478126001764 -0.02850844849793551 0.9962677065262088 -0.08147346376120736 -0.5943667554559259 0.34112575509808957 0.08631008332006622 0.9360468945122576 19.97035424222136
0.9378008655286199 8.338064491273528e-06 -0.34717364033614134 -5.245093946890681 -0.030079551144074592 0.9962415294140493 -0.08122829355420018 -0.6549208451138777 0.3458681211339703 0.08661879127090726 0.9342764193652886 20.689991733992333
0.9364703941268595 0.0015074747803608714 -0.3507433940128751 -5.5198740409285305 -0.031706440524380125 0.9962604476237261 -0.08037301866825032 -0.7128297283594246 0.34931061042166794 0.08638777703101026 0.9330162106986578 21.393058516547296
0.9343507281538823 0.0028322579174304766 -0.3563435071856923 -5.806462153309242 -0.03294440556670963 0.9963725625384516 -0.07846262016027704 -0.7754889829108167 0.35482866702137605 0.08505113130140547 0.931054736373853 22.118935861409117
0.9313119043329826 0.0038891929089552666 -0.3642018822386707 -6.138673673991892 -0.03415197862747379 0.9964699042925663 -0.07669010493533437 -0.8473019161458449 0.3626179521252391 0.08386062256912333 0.9281571078103196 22.939340949996314
0.9280420907844714 0.004588490096476801 -0.3724470747515969 -6.445587030328656 -0.03362933260250404 0.9968724948894095 -0.07151431270504255 -0.909115351513803 0.3709541019062833 0.07889343883745331 0.9252939422622976 23.692247213463794
0.9257880478197336 0.005154337152982157 -0.3780078350016573 -6.715776827414504 -0.033368419385620664 0.997118467928099 -0.06812715687907515 -0.9601969081898388 0.37656744296584127 0.0756848315399735 0.9232923519519339 24.33441871018182
0.922516168113476 0.007350954836875799 -0.38588843340040013 -7.03649664065208 -0.035182204721905606 0.9972576628564606 -0.06511041656275772 -1.0155688958015383 0.384351573484661 0.07364181785545577 0.9202449405581152 25.07011310117141
0.9191012082238579 0.008232904640620419 -0.3939355128985241 -7.373153215853546 -0.03666481047121665 0.997230812620867 -0.06470238042479734 -1.0702404007546111 0.3923119431199547 0.07391160694169682 0.9168579026461743 25.825761576965345
0.9157070203536494 0.00863054514527926 -0.4017538631619323 -7.718749766767775 -0.03737598449046843 0.9972646816132222 -0.06376668871948023 -1.1280870755071941 0.40010459714730795 0.07340755068366005 0.9135248452254687 26.589580376318946
0.9125830109763602 0.008917278317631517 -0.40879423947106514 -8.071450904243143 -0.03788395318978892 0.9973058212280935 -0.0628164392119759 -1.1843820543835466 0.40713272303762876 0.07281195706725564 0.9104621709549506 27.357401508720322
0.9089110234749829 0.00866155602859856 -0.41690014254353824 -8.435714977719808 -0.03783326951572299 0.9973736478759594 -0.06176123574178516 -1.2361545127764981 0.4152702675648833 0.07190816344313866 0.906851598061571 28.135507594053863
0.9050278762714272 0.008157847140807159 -0.4252740207227074 -8.804458533040492 -0.03697090900596543 0.9975408922573231 -0.05954259115739444 -1.2933950058427606 0.42374248672855924 0.06961047194561482 0.903103918237877 28.905331709786218
0.9014994586897673 0.008993866561153767 -0.4326867646997501 -9.190764675085946 -0.037228906722825444 0.9976896207942356 -0.056828065809755336 -1.3515154780301752 0.43117599015515684 0.06733892576908902 0.8997514849056852 29.697242203895893
0.8976922255898878 0.011816918142907123 -0.44046455993766187 -9.588619917001926 -0.038335266190365605 0.9979443544835707 -0.051356330870531104 -1.402840070465477 0.4389522473818628 0.06298750510993023 0.8962998932937785 30.50077965281235
0.8944786421731277 0.01165263577237026 -0.4469588065758125 -9.992662325515461 -0.03671447115888409 0.9981986001126946 -0.04745105204925103 -1.4551061882377705 0.44560072520547084 0.058853808819937375 0.8932951488079094 31.29854383294371
0.8907663042760243 0.011653424070220582 -0.4543122151933328 -10.417978167546108 -0.03648036874628699 0.998278776695199 -0.04592022099328447 -1.5044828107505608 0.4529951146122532 0.05747766268192158 0.8896582177612115 32.134152787977236
0.887707530152696 0.011424433850010808 -0.46026603526809057 -10.845202033792877 -0.03604143614461695 0.9983486616811766 -0.04473214280623234 -1.5525555788509344 0.4589949409207404 0.0562977089286091 0.8866533776953403 32.951270655404045
0.8848804395271311 0.01177228372466358 -0.4656694332658924 -11.282662660625029 -0.0359120062071663 0.998429407259502 -0.04300054103864344 -1.5959704342154137 0.4644318416651122 0.05477346123211159 0.8839134190587937 33.77782757177102
0.8818496341769828 0.011094451830445964 -0.47140018650877047 -11.729587206522726 -0.03478427830705742 0.9985298913946971 -0.041570542141661726 -1.639389889496901 0.4702459746606863 0.053056282661683093 0.8809391319413304 34.6049962464027
0.8806584417483851 0.011059785039082993 -0.4736226241768813 -12.174293462348066 -0.034727934884265094 0.9985448994018549 -0.041255962202011734 -1.6822597021916295 0.4724771735396116 0.05278034703778342 0.8797610786177068 35.425609167792004
0.8796448136574943 0.010181487828415926 -0.4755221752043454 -12.633471865280347 -0.03429993239366223 0.9985257226158157 -0.04207013088110492 -1.724074146794376 0.47439278709025773 0.053317150900652185 0.8786971975467855 36.2652193573401
0.8785615165496384 0.010725516657972205 -0.47750876948012083 -13.115473966285055 -0.03500295000933014 0.9985053885658723 -0.0419735928359833 -1.7650829604420433 0.47634489094420224 0.053590598964147945 0.877623833184822 37.129506636710595
0.8781248544723782 0.010779050856889323 -0.4783101002702009 -13.595602916607707 -0.034807840751427795 0.9985361279320822 -0.041400669519078705 -1.8075133360603142 0.4771636555523569 0.05300389869650462 0.8772145875114497 38.00900259736137
0.8771594329228805 0.011797370402136563 -0.48005432118251573 -14.090165751706104 -0.0355393242047065 0.9985514182033466 -0.0403982875770548 -1.8483866393248765 0.4788823296692873 0.05249654517852055 0.8763080663070698 38.90288981811013
0.876883357578563 0.011210918907293749 -0.48057246331744846 -14.585491763705143 -0.03425310501416498 0.9986439744871195 -0.03920378830493725 -1.8948228311042499 0.47948128430485676 0.050838248571561086 0.8760782901565028 39.797533736013705
0.8765646877928821 0.009503553062542199 -0.48119022287839025 -15.08420262242616 -0.03252518873160467 0.9986890598154079 -0.039525610722548295 -1.943333368908895 0.48018377753995495 0.050297557437756095 0.8757246687762398 40.70284268918216
0.8750164636114219 0.007458183333146282 -0.48403570520193084 -15.587831025428335 -0.030761037759730617 0.9987172421387138 -0.04021975647348271 -1.989345424002839 0.48311483827854607 0.050082389681513864 0.8741234508230993 41.60640674774567
0.8738297922625298 0.006883063580213587 -0.4861832140152257 -16.112540069166702 -0.029585829592897316 0.9987997521997459 -0.03903503161297812 -2.033686386390499 0.4853309930776357 0.04849410728611154 0.8729846211227315 42.539617349576226
0.8719975679033705 0.0077684156768892225 -0.48944856041107965 -16.637150292571867 -0.029085674962483443 0.9989297337560229 -0.035964017157407456 -2.0818722305805464 0.4886453367040189 0.04559647723226649 0.8712902479549647 43.4691790188756
0.8695458465580489 0.007920602323693338 -0.4937887046019543 -17.162724175025392 -0.02728609795295012 0.9991145849032973 -0.03202366456253749 -2.1289484609953555 0.49309784991637123 0.041319611473751926 0.8689920598690819 44.3877728189405
0.8666047659156754 0.007333289429236108 -0.4989412816738906 -17.700662651477554 -0.02619422084183404 0.9991819461816237 -0.030810732207986545 -2.1739698146977497 0.49830717683646386 0.03977010549206635 0.8660879263807014 45.321870646287195
0.8619253370756096 0.0051916232458982855 -0.507008639329913 -18.25235223673673 -0.02547315986443415 0.9991282303666688 -0.03307411995639959 -2.2175558906060657 0.5063949362243053 0.04142253411419896 0.8613061837894468 46.259073340825225
0.8564013524907688 0.0021699453383831908 -0.5163061250742728 -18.79000767254351 -0.024492298002896595 0.9990361430431896 -0.03642680650187752 -2.258998728798864 0.5157294356448151 0.04384148983116733 0.8556290510372262 47.1600271374643
0.8503228500350106 0.0026978726415495275 -0.526254474747291 -19.358603822198486 -0.025453631530704283 0.9990273510418368 -0.03600645098076014 -2.3046110317024953 0.5256454730616791 0.04401219550920773 0.8495644550569563 48.07632747694667
0.8450964614061787 0.004251414046263762 -0.5345969476132113 -19.93704432885089 -0.02501532191570711 0.9991875578455685 -0.03159838470653928 -2.347912768592995 0.5340282807007593 0.04007679784134634 0.8445162199073356 48.9947185391232
0.840750978628994 0.005661631497826931 -0.5413924065436935 -20.518389705957258 -0.02520276209057786 0.999270628919613 -0.02868851619737104 -2.3885717447148966 0.5408351067722905 0.03776448208811956 0.8402804479310592 49.892343612702554
0.8371497794889706 0.0054284162304875025 -0.546946778945444 -21.10981338818719 -0.025884862184311158 0.9992235870144417 -0.029701802364364514 -2.4332548569062764 0.546360888617832 0.03902249929490846 0.8366403193353233 50.79721057172382
0.834064601542752 0.0027387091740662395 -0.5516599857932333 -21.68622176380737 -0.02599418625609635 0.9990720617914827 -0.03434119433856871 -2.472898056631414 0.5510540288703222 0.0429827269932453 0.8333618316469806 51.664472869627865
0.8313581899596602 0.0011257163479402883 -0.5557358120093591 -22.282925975709865 -0.029264268270567446 0.9986992086295348 -0.041755158787018715 -2.5172210615870165 0.5549659111959814 0.05097669512085759 0.8303097096655977 52.54471656044451
0.8275957079967176 0.00042680470408645865 -0.5613244711779065 -22.874911452094405 -0.029697700993729696 0.9986324758463665 -0.04302586130042642 -2.5627065352454608 0.5605384827655447 0.05227806445059989 0.8264766259950732 53.42191962365852
0.8256689700835576 0.000657800700075822 -0.5641545170778981 -23.490370873011535 -0.02826499674829914 0.9987916871327013 -0.04020268241586328 -2.6133911494116604 0.56344639656313 0.04913993297564724 0.824689896377525 54.312376716291475
0.8224618923940624 0.002279071100158781 -0.5688156479866726 -24.109638028566284 -0.027728987253066127 0.9989637218390066 -0.036091352364234316 -2.6622820529553435 0.5681439419948937 0.04545644381691606 0.8216727894302103 55.20000127004913
0.8188940286659527 0.003927168144019536 -0.5739313087518528 -24.722489338586765 -0.028503350029160816 0.9990209594871209 -0.03383314266436935 -2.7080555701609743 0.5732365383088914 0.04406472348490377 0.8182042356843663 56.06222402137455
0.8163767398528274 0.0038988800723137786 -0.5775065517909308 -25.346914075567437 -0.029410205448105346 0.998960389267916 -0.034830740577746114 -2.7511206367186043 0.5767703689014976 0.045419592775318124 0.8156426926965967 56.938198280265624
0.8127349530685898 0.002237181673779341 -0.5826292912982972 -25.981220226576596 -0.029030706737462983 0.998906011053853 -0.03666059392322333 -2.8002462597977655 0.5819098848850405 0.04670948617399429 0.8119107769788751 57.822400411385644
0.8094639027363721 0.0004918467038484003 -0.5871694374314975 -26.600289241334256 -0.02911525649965567 0.9988031406733698 -0.03930124705365035 -2.8482329941027227 0.5864473480251748 0.04890852960203073 0.8085094085577527 58.66623527024865
0.8063012374210101 -0.0014635729594647817 -0.5915033157029134 -27.232855406044063 -0.027756475390453474 0.9988017320291934 -0.04030729672630902 -2.8965724393966243 0.5908535288946383 0.04891787045319834 0.8052944488465552 59.526058059819306
0.8023853174579465 -0.0016621301383716175 -0.5968040211420443 -27.87238807043437 -0.027425865596500797 0.9988369720987721 -0.03965507615475618 -2.9498394691734737 0.5961758333111075 0.048186517740546 0.8014065355884283 60.38043778038454
0.7993064805894057 -0.001343779811260798 -0.6009220784291394 -28.52324997137007 -0.027480943922189 0.9988695446863978 -0.038786987755353414 -2.9996033355518246 0.6002948840436035 0.047516596614312345 0.7983659719935896 61.24543473384409
0.7942629833877193 -0.0017556809572501497 -0.6075715849218232 -29.182282419904578 -0.028120980028210295 0.9988179206594074 -0.039648100230286865 -3.053728159605491 0.6069229965179214 0.04857652677985762 0.7932747300549243 62.101914127209
0.7894135685528776 -0.00349658751648318 -0.6138517668463217 -29.8529713894538 -0.0272031470120574 0.9988021477626812 -0.04067257573962617 -3.105111639014644 0.613258678354617 0.04880618301398716 0.7883728495593653 62.95954736386889
0.7854600317981151 -0.005137216183422305 -0.6188910626738674 -30.536059854612716 -0.02640906951174577 0.9987766046047455 -0.041807357507258565 -3.1618036242475296 0.6183486876312004 0.049182345451398844 0.7843634345127719 63.83169598792267
0.7801302881893493 -0.005336560186008511 -0.6255943210859448 -31.233225144298718 -0.027107547491684883 0.9987361596865778 -0.04232332930539432 -3.220034391959564 0.6250295307572188 0.04997603885751561 0.7789996670227294 64.6956970436012
0.7749721044840889 -0.0072510545495210275 -0.6319538428393503 -31.925068452854074 -0.026148684141723874 0.9987100500659103 -0.043525650081340905 -3.2765692160229034 0.6314542608844751 0.050255926071129595 0.7737828237338784 65.54806212688702
0.769192008751432 -0.008087614167296706 -0.6389665438581412 -32.64522679494774 -0.025799253017083412 0.9987115970928413 -0.043698333790051155 -3.335550914045718 0.6384967127689049 0.05009726868150753 0.7679923251269868 66.41929952954507
0.7644608162141835 -0.00877013527354209 -0.6446105376119975 -33.35788366325501 -0.024561025913565196 0.9987852959951073 -0.042716372856780205 -3.3892117238321826 0.6442021549787131 0.048487289378249046 0.7633168190794255 67.26065628137007
0.7601614273310965 -0.009864594736810173 -0.6496593677987171 -34.063768889515764 -0.023518082991561447 0.9988117588527313 -0.04268454228307375 -3.447326681737576 0.6493084815173388 0.047725885515011446 0.7590261758868767 68.08501093670185
0.7548791023242438 -0.01106749666854482 -0.6557705783211348 -34.80364218137854 -0.022457577201399063 0.9988351172523641 -0.042709082988273785 -3.5020964152729874 0.6554793651217307 0.046967212616332736 0.7537512075205354 68.93088923606197
0.7505953302294901 -0.013199329035787997 -0.660630326242058 -35.54355404808635 -0.0213847731788576 0.9987914638978107 -0.04425271879734932 -3.5580489313077437 0.6604160368387276 0.04734331376101028 0.7494059440172295 69.7657908581426
0.7461192470185525 -0.012537200555619955 -0.6656942900691702 -36.28094312979648 -0.022968502305116895 0.9987429486501647 -0.04455300689554408 -3.6162890286568827 0.6654160481460665 0.04853185679327262 0.7448933760920883 70.58747268181702
0.7415830937711323 -0.011861588602131393 -0.670756153716587 -37.048249007877736 -0.0230402218487994 0.9988035076124617 -0.04313584771627155 -3.6772344853242394 0.6704652587643852 0.04744318598995065 0.7404225016118358 71.42789936139863
0.7385128479608581 -0.011200694168795832 -0.6741463623330468 -37.80733287947034 -0.024202946500772298 0.9987772059006335 -0.04310812399078115 -3.7356838785740534 0.6738048610520877 0.04815223175991856 0.7373387090063263 72.2521968805549
0.7339112763075382 -0.011044389122716963 -0.6791555491767307 -38.59294321397968 -0.025015935735980703 0.9987499826038111 -0.043274417478927685 -3.7968228846363328 0.6787845324312376 0.048749294536364826 0.7327175887163575 73.0909511761312
0.7296671605298882 -0.011922953193156886 -0.683698528615796 -39.358098505630956 -0.0268793879810596 0.9985750974749927 -0.046100685510878786 -3.8552458106125775 0.6832739811715461 0.05201555430794784 0.7283069742656753 73.89915029830121
0.7254401609789741 -0.013379346451993426 -0.6881551902930894 -40.144234538318955 -0.02725713184280879 0.9984683080748966 -0.04814651112757116 -3.9173007470446457 0.6877453173977299 0.05368454953309309 0.7239643275320443 74.72558941057171
0.7213701585718999 -0.012874032532129223 -0.692430035172012 -40.95121820461105 -0.02915224436777896 0.99837653539692 -0.04893301765846832 -3.9778384405996694 0.6919358647810311 0.05548470830061514 0.7198237327113648 75.55929122036198
0.7181678119733548 -0.011871497999104696 -0.6957686838171586 -41.75653319966473 -0.029990950199325538 0.9983973935219679 -0.04799153586500552 -4.045305135139376 0.6952233718392569 0.055332740252022485 0.7166608340802898 76.38373235927345
0.7146904943752389 -0.011095360611052837 -0.6993528367159082 -42.5611292764075 -0.030574592856271295 0.9984228410714518 -0.047085291742580554 -4.109185005013373 0.6987722744366366 0.05503383867877451 0.7132240777476099 77.20040775379624
0.71016073730389 -0.011013794041384048 -0.7039534242638569 -43.37302573294534 -0.03136182370200148 0.998390224823035 -0.04725880861696106 -4.1724982946281015 0.7033407163004858 0.05563861355770782 0.7086721255103069 78.01284434539303
0.7075850446176972 -0.011299089764004537 -0.7065378512180905 -44.204277836818974 -0.031355464568034 0.9983852354113212 -0.04736830748933182 -4.23599427866139 0.7059321776736732 0.05567092852814737 0.7060881731354235 78.8409600966967
0.703305749392301 -0.011401211859257023 -0.7107960574172276 -45.056988744181616 -0.03168003074969142 0.9983753742834991 -0.04736019083557477 -4.305028364410827 0.7101812434325712 0.05582673546271348 0.7018019500429901 79.68118054236257
0.6996737009252034 -0.01080769691523209 -0.7143807849606661 -45.89271086648428 -0.032647972222855176 0.998357454311303 -0.04707975499926048 -4.373224363530609 0.7137162056051164 0.056263550442921736 0.6981716055155724 80.49289226555146
0.6978642803588357 -0.012587089964421046 -0.7161194113871457 -46.72984335701879 -0.03154078242435067 0.9983355174640478 -0.04828429986912873 -4.441233363916467 0.7155352019595572 0.05628285472521577 0.6963056907857901 81.3060204926651
0.6945108294641358 -0.01560402454312403 -0.7193130209964892 -47.59879984540244 -0.02967404206839697 0.9982928818498911 -0.0503067915411257 -4.511355569818576 0.71887005709263 0.05628353636630211 0.6928621829409813 82.14761002025826
0.6902221411550467 -0.019015226418819135 -0.7233476460344528 -48.48924335286775 -0.026798670872995346 0.9982970955695157 -0.051814478834686 -4.5789818086391785 0.7231011181700551 0.05514825601694305 0.688537176018482 82.99454804462151
0.6851036277382128 -0.020475561620888573 -0.7281577924023402 -49.36949586373807 -0.024100373381055383 0.9984205248844867 -0.05075064031398801 -4.650010690671341 0.7280468331521223 0.05231832246637178 0.6835280549264021 83.82155713547726
0.6784612799957506 -0.021715739453594632 -0.734315135487831 -50.246909981156676 -0.022824242881004708 0.9984573811456976 -0.050615333374229056 -4.723181552092568 0.7342815165067393 0.0511007308720632 0.6769190275216854 84.63662895951308
0.6707176817674533 -0.02184041564646387 -0.741391116489052 -51.14469151759469 -0.02146090016083623 0.9985764248631223 -0.04883188990682213 -4.791228208045797 0.7414021993012835 0.04866333272572968 0.6692941497721648 85.45083101326586
0.6620806005726764 -0.01949393983931924 -0.7491790604754417 -52.0554177881821 -0.022940481840800844 0.9986660231154584 -0.04625914577320863 -4.858716354388322 0.749081445931106 0.047813811647850056 0.6607501999829193 86.25516162119781
0.6536039998389492 -0.018206190805236645 -0.7566177013597359 -52.948814385018295 -0.0240460739556205 0.9987063720588953 -0.044803668781480385 -4.924350527436585 0.7564546237031327 0.04747754232606283 0.6523206920317868 87.02636361904415
0.644714613290424 -0.01866520074255829 -0.764195444693973 -53.86158584840294 -0.025908730390637808 0.9985939305419921 -0.04624823860689945 -4.985328802202344 0.7639841654768275 0.04961624901114015 0.6433245081098189 87.80025945502275
0.6339196646823833 -0.019369312150430855 -0.7731563156799498 -54.805901179072706 -0.025717223701450735 0.9986055888613874 -0.04610317017181536 -5.054627632435396 0.7729712045956593 0.04910914010264277 0.6325375951074487 88.58547473191518
0.6251776472561189 -0.020516272591697613 -0.7802127863155327 -55.741207340634254 -0.02557551567661254 0.9985790710384288 -0.046751811536069166 -5.113215946643746 0.7800633322808984 0.04918253188858765 0.623764599979711 89.33752122872382
0.6167403505336421 -0.020159915840081886 -0.7869084558047152 -56.70060614521074 -0.0243239679085097 0.9987065273732388 -0.04464993580367336 -5.180189336520592 0.7867907502054319 0.04667815308479093 0.6154522446264752 90.0995395709658
0.606056824378574 -0.019908351908607094 -0.7951721720158732 -57.66463855844585 -0.02393276284074686 0.9987777226429129 -0.04324677577629616 -5.243650238417191 0.7950612231060995 0.04524067060201175 0.6048395929802491 90.84609527232102
0.5963832920652036 -0.019369454195327596 -0.8024660698058487 -58.62231635631847 -0.02493200607321694 0.9987794905365676 -0.04263712416051871 -5.307066462948206 0.8023125101970149 0.04543515739699293 0.5951724812637722 91.5601734098955
0.5879529019199332 -0.020090580571618277 -0.8086456292444948 -59.61646689050044 -0.025910857396241563 0.9987107317434463 -0.04365205343923605 -5.3698420994265375 0.8084800632006464 0.046618053077810966 0.5866743087389402 92.2834575608444
0.5783374600594262 -0.0191419590542709 -0.8155730302649643 -60.610571855278636 -0.028249653069659895 0.9986551957619357 -0.04347133629340169 -5.433013282988954 0.8153083707367758 0.048180757375271555 0.57701895568975 92.9878105407496
0.570299733306635 -0.019191319035128877 -0.821212461829503 -61.61828287800746 -0.03048794855387573 0.9985436948032781 -0.04450814039694433 -5.495775989457809 0.820870695775746 0.05042006388641115 0.5688840988939073 93.68707031868365
0.5611559598587891 -0.017928253769376633 -0.827515901014441 -62.65887712842431 -0.032051212911407743 0.9985448997618089 -0.04336822466491747 -5.559433107629974 0.8270892989670878 0.050859226070202636 0.5597647994092441 94.39404676261174
0.5532550650208804 -0.015911815457379627 -0.8328599204893893 -63.70569207287991 -0.033653984926608815 0.9985743176014275 -0.04143357968367387 -5.616768042448396 0.8323318102339362 0.05095239303206534 0.5519308030152013 95.08916293387055
0.5462269663634387 -0.013674732002553596 -0.8375255834433077 -64.76502175385247 -0.03461273613264316 0.9986442512340462 -0.038879531563578096 -5.6764493138318155 0.8369217763416166 0.05022610060366604 0.5450130999373718 95.77701965707557
0.5392919124573128 -0.012362735532084553 -0.8420281443801613 -65.83461799488948 -0.035308300935324735 0.9986810212230338 -0.03727655743196985 -5.73421086311939 0.8413783673491936 0.04983352906509968 0.5381440906836414 96.46027020920397
0.5333857783755667 -0.013009567576323787 -0.8457720511923814 -66.8909345821238 -0.0365573237576158 0.9985929311243317 -0.03841510104369054 -5.791140230744084 0.8450817555162176 0.0514092312721476 0.5321596728742559 97.12452415513073
0.5283619011381478 -0.014386100510386263 -0.8488973680827308 -67.95398463373576 -0.03683411389865045 0.998526617166601 -0.039847746023154225 -5.850771480280049 0.8482198709526814 0.05232241318908772 0.5270535225184317 97.7826565679527
0.5224993297533105 -0.01617091279671895 -0.8524863353665338 -69.03586858716709 -0.03748635233004273 0.9984177034713635 -0.04191494702318758 -5.910975234043884 0.8518152521505643 0.053857134850357875 0.5210663923430306 98.4426266015455
0.5195991336412946 -0.018125029579372898 -0.8542179017217815 -70.09657351521801 -0.037356353697319565 0.9983370040499724 -0.0439059128474326 -5.974530392486004 0.8535931367798462 0.054723940348557196 0.5180579573706698 99.0835553144123
0.5146853681125225 -0.018471535437037914 -0.8571801293949106 -71.16116712220882 -0.03663013173000709 0.9983813115096708 -0.04350850810671812 -6.036316482251141 0.8565962907346258 0.053791813567012986 0.5131756380547037 99.7184420011062
0.5114645034111842 -0.01689445141375734 -0.859138312067259 -72.22332944832495 -0.03547833404720554 0.9985390207170486 -0.04075674077588318 -6.094689994895247 0.8585716915689602 0.05132642220986999 0.5101178773769338 100.34523429144507
0.5094172060484176 -0.014753659625154274 -0.8603931890185378 -73.31947480684222 -0.03358758289615503 0.998750193115155 -0.03701251177148832 -6.1558202483587445 0.8598639336877772 0.04775333789491306 0.5082849931513582 100.98936332390814
0.504888499341872 -0.014007015712642882 -0.8630709164044044 -74.41027321730132 -0.033397216575134094 0.9988026755083441 -0.0357469064732496 -6.214990286599623 0.8625382479388066 0.046872368280250584 0.5038161886387281 101.62633025265826
0.501724425729293 -0.013870776484203215 -0.8649162977920676 -75.46824321606032 -0.03205260537655166 0.9988866831857611 -0.034612492581787245 -6.272313622411164 0.8644334740829894 0.0450887537405338 0.5007212529650997 102.24163139127141
0.5008374690808352 -0.01335907146842326 -0.8654382501219858 -76.54156872164451 -0.030164830962533994 0.9990040806150683 -0.03287749819319786 -6.330628812600542 0.865015556240294 0.042572081508231864 0.49993570120401604 102.86021451518643
0.4987136013258512 -0.013526167510878383 -0.8666612871503305 -77.60521140208301 -0.02699280401390768 0.999150896075121 -0.031126763464093446 -6.383156606386491 0.8663464274665573 0.03891695857528581 0.49792503246089437 103.47391878288988
0.49694875827415347 -0.014877859058614393 -0.8676523387622539 -78.64647998203483 -0.024817415971479816 0.9992003875999806 -0.031347747679013896 -6.434729876558632 0.8674249405650472 0.03711111329346761 0.49618216186784053 104.06856413605854
0.49327778261445165 -0.015509836926330916 -0.869733565028675 -79.69562134719261 -0.02166659462115751 0.9993117664139758 -0.030109005033411428 -6.486982799203187 0.869601970936412 0.03369626782149899 0.4926022469278938 104.66725406940634
0.49169614936676553 -0.01468149488907315 -0.87064306716686 -80.72545719016291 -0.01915255371896043 0.9994336238089789 -0.027669681712925637 -6.535433434480055 0.8705561879533897 0.030280114066403303 0.4911364762550099 105.24426428077821
0.49036448686171324 -0.014230927504339179 -0.8714012570149386 -81.74979821288807 -0.017399590389991282 0.9995075267351667 -0.02611433043389731 -6.581879813231947 0.8713437463361456 0.02796756518033872 0.489875383152465 105.81937220245757
0.48683734867151407 -0.015806884399453516 -0.8733496083150627 -82.77926152392517 -0.015231270986968488 0.9995306158863284 -0.026581126575427674 -6.626123765679664 0.8733598366782231 0.02624290973729263 0.48636807601435783 106.39381392288921
0.48608643838769555 -0.01707529536281581 -0.8737439033857907 -83.78856756695446 -0.013710451751776506 0.9995370416242592 -0.027161110687645307 -6.670231852667224 0.8738031803148393 0.02518207118759123 0.4856272905864906 106.95405507191295
0.48623248824829807 -0.018687595236627982 -0.8736296361480307 -84.81612771551235 -0.01336074663425893 0.9994954342458473 -0.028816095694593903 -6.717145437809067 0.8737273360844582 0.025683666131937122 0.4857374717610114 107.51876505880637
0.4860763146898027 -0.019333558036898187 -0.873702483589931 -85.81621034166281 -0.013221627704850525 0.9994781442443175 -0.029472491220957665 -6.762349050407499 0.8738163450396279 0.02587764888024001 0.48556703186070693 108.07204221542024
0.48868220174968585 -0.019226354549541448 -0.8722499945450355 -86.84315654885182 -0.014098020395773984 0.9994526104609249 -0.02992866959560346 -6.809340673249252 0.8723479532354046 0.02692260636672804 0.4881436486859401 108.63756414665816
0.4915989592994858 -0.019539947140405054 -0.8706024659288604 -87.81247907102326 -0.015671471594085388 0.999387809590681 -0.03127956233096191 -6.854960728622473 0.8706806924434113 0.0290206221037891 0.49099178740481064 109.17372142415164
0.49555177397306166 -0.01915215587151343 -0.8683672231479173 -88.76976339814476 -0.017569591740523572 0.9993312827045364 -0.03206706806331446 -6.89740734184504 0.8684006844528757 0.031147750056451432 0.49488389437139485 109.70458170003054
0.5017182068147097 -0.01912643390185037 -0.8648196462134924 -89.75317093528255 -0.018392214035400957 0.9992936586432376 -0.032770570002494545 -6.941873614737168 0.8648355724723099 0.03234753965312577 0.5010120450297391 110.26343454460105
0.5076021200638937 -0.01818546575363412 -0.8613996613314657 -90.7208003225294 -0.020320196254693244 0.9992464542023569 -0.033069825947345546 -6.987147403889821 0.8613519474238224 0.03429012393299824 0.506850086386348 110.82678796379948
0.5140330024027436 -0.016391392847992913 -0.8576137794376462 -91.66364514374766 -0.021991731205943593 0.9992369070495383 -0.03227951902736471 -7.033264253008375 0.8574884466856603 0.03545314979765888 0.5132802723367014 111.38341464225246
0.5222568968438622 -0.015771382050155183 -0.8526423618418496 -92.62764379384664 -0.021565482706732277 0.9992649822280332 -0.03169266868590095 -7.0816540121077765 0.8525154917387984 0.03493935890992705 0.5215329112762858 111.96884082199169
0.5294603896540506 -0.014563663325838846 -0.8482096412431968 -93.5916489481057 -0.022908215503559377 0.9992425673069916 -0.031456403865903836 -7.1305999572761065 0.848025300005739 0.03608588910175257 0.528725731507284 112.563524911515
0.5380507101334848 -0.01544018756988516 -0.8427710447877641 -94.53508848028753 -0.02320651545280055 0.9991818774119429 -0.03312149592159161 -7.17705290436245 0.8425929568690873 0.03737882367533581 0.5372522057425698 113.15909787368071
0.546852782093666 -0.0157964464654507 -0.8370797494835732 -95.47600592927657 -0.02661241649696051 0.9989888058218999 -0.03623734442155879 -7.2269510694273364 0.8368057205854952 0.04209320754704403 0.5458794261316244 113.76157741703399
0.5543174568955228 -0.01561040151124025 -0.832158922529548 -96.37534519913136 -0.03017443029780542 0.998789902217464 -0.03883600114110438 -7.2732166130138785 0.8317581744335809 0.046637394793093305 0.5531756435977908 114.3474089398692
0.5634408457542583 -0.013976451522888973 -0.8260381783783087 -97.28876950488221 -0.03269928464465531 0.9986961303324853 -0.03920199028936668 -7.3251486390726095 0.8255090369701922 0.04909886008603586 0.5622491723593712 114.95356802693259
0.5727300368714487 -0.01206821190337408 -0.8196552099063877 -98.18575240470818 -0.03431838935857395 0.9986620174386504 -0.03868362802528486 -7.375607411488233 0.8190253677494138 0.05028452233859388 0.5715495724747918 115.57281622270114
0.5849308108545508 -0.009389780811100576 -0.8110288395176569 -99.07263358375178 -0.03667467640147856 0.9986040539722184 -0.038011991543427125 -7.428988710783657 0.8102536112995021 0.051978605277269906 0.5837699118398834 116.19833101421249
