1.0 0.0 0.0 0.0 0.0 1.0 0.0 0.0 0.0 0.0 1.0 0.0
0.9999135832117053 -0.006043616095101296 0.011674793926379762 0.021189218387007713 0.006033813328740953 0.9999814138316417 0.0008746930804553631 -0.007759244181215763 -0.01167986324587361 -0.0008041739650853124 0.9999314647008523 0.3701028823852539
0.9997405494413584 -0.011862462295780073 0.019445199689703353 0.0439230130690857 0.01186249951910085 0.9999296316429739 0.00011343503072737338 -0.0107650664244905 -0.01944517698172417 0.00011726307202264439 0.9998109177947208 0.740602388475307
0.9995836944598618 -0.018160347297059263 0.02241962435064296 0.06396990811737512 0.01820142256941591 0.9998330126986967 -0.001629396912148365 -0.015779025178357744 -0.022386290144267042 0.002036787641840373 0.9997473208314583 1.1075869759246477
0.999566918097886 -0.022094173760128125 0.019437688395263476 0.08221587069668268 0.022142568935676222 0.9997522278779646 -0.0022780460871932987 -0.016114996831148753 -0.01938254073187829 0.002707459861903069 0.9998084750470329 1.5080572323977717
0.99951726874906 -0.028058822592451363 0.013339113431732759 0.09201835545078065 0.028116785911443502 0.9995959143735959 -0.004177836476565004 -0.01719408386369651 -0.013216498115209812 0.004550872700944939 0.9999023020951749 1.9237005450326292
0.9994224749555746 -0.033960018041644585 0.0011973839338759403 0.10303478793547396 0.033967067384098645 0.9994020549900388 -0.0064630345049021265 -0.02126628032103941 -0.000977183195737424 0.006499973561379161 0.9999783974950176 2.3496045964566457
0.9990988827105839 -0.03878436276059768 -0.01723936691753804 0.096000496735369 0.03864557699643067 0.9992184082220541 -0.008312162702774687 -0.02406452643322622 0.017548274703687822 0.007638447187669341 0.9998168393158244 2.799405917071398
0.9984335201936797 -0.04097572165540645 -0.03809850375639604 0.07085182765157019 0.04066507689888239 0.9991332526979643 -0.00889352989506716 -0.028255321132338477 0.03842990078656789 0.007330319775093425 0.9992344115058939 3.235671562768
0.9973153902653907 -0.04367529032234579 -0.05877483606995611 0.0331206070450109 0.04308209242998232 0.999007369679522 -0.011322925322438743 -0.031223335483448775 0.059211026436347694 0.008760384766770962 0.9982070476645075 3.659121903476463
0.9956605046602429 -0.049525685821478344 -0.07878683839083264 -0.0064255347758021344 0.04863269313495923 0.9987293161385997 -0.01321416829642845 -0.035064814840400534 0.07934116597423968 0.009325209340152341 0.9968039024063915 4.116954484678128
0.9934435447088761 -0.05365390605959399 -0.10095138355075597 -0.06199023808587571 0.05239677010229308 0.9985126999813402 -0.015065406029107331 -0.04501223381793729 0.10160955643595254 0.009677103932617486 0.9947772874871875 4.593459699925776
0.9906954824752557 -0.059188475180730844 -0.12255278621435053 -0.11976895090254175 0.05770793558202753 0.9982116420998854 -0.015598453356371453 -0.054851119170469094 0.12325686664028443 0.008381048981502456 0.9923394090954913 5.056140973062796
0.9877454252499126 -0.0628536909552838 -0.1428579309354821 -0.19275902239683632 0.06107998124949532 0.9979919527068263 -0.016771947501029547 -0.06640872733269831 0.14362524425890666 0.007840654673792696 0.9896010879874051 5.536084869372674
0.9843468835300903 -0.06785250258664739 -0.16265684977070094 -0.2808377036031441 0.06592827346564482 0.9976760235216311 -0.017205082037157565 -0.08227642120362862 0.16344624695121795 0.006212083611412504 0.9865326828720712 6.059000356066744
0.9811290574646948 -0.0714233441675492 -0.17967882041677533 -0.37639314003666413 0.06910605878761364 0.9974258557974882 -0.01913151393620913 -0.09562288192384528 0.18058273792719745 0.006353589109494791 0.9835392756103567 6.583158410745752
0.9771563223374883 -0.07748130958241137 -0.19789433640523735 -0.4734122870756909 0.0747903687121439 0.9969771295822075 -0.021047656352278298 -0.110822739333127 0.19892692744768437 0.005766260089222792 0.9799973611091037 7.104704467971078
0.973993312366905 -0.08369295160989694 -0.21055288484218876 -0.580248435048024 0.08065056922863055 0.9964767902407445 -0.02301069739493304 -0.12625101240657288 0.21173689604705748 0.005431055360310525 0.9773116138110868 7.635047622497415
0.9711980064523411 -0.08873222727605735 -0.22113575944570504 -0.701798841335304 0.08494002720811915 0.9960304314814276 -0.026619003377388407 -0.14369782949207344 0.2226199093542233 0.007069045589861477 0.9748796872196928 8.1645916584145
0.9686824804860651 -0.09284843299915208 -0.23028986188924191 -0.8263578780409658 0.08855337654659873 0.9956509387732833 -0.028939723946091796 -0.16524089921772264 0.23197532519981615 0.00764045872193992 0.9726916633183189 8.6983789560072
0.9659769596943896 -0.0985011175737671 -0.23913603487618268 -0.9576154167056854 0.0934232772772866 0.9950957063792815 -0.03250579038095183 -0.18742840546344386 0.2411650982259978 0.00905897247142649 0.9704418222724158 9.261679524835738
0.9625680104546794 -0.10616357699816995 -0.24938348014307948 -1.0904165652030855 0.10038581210584929 0.9943039054617901 -0.03581106409031344 -0.21370382365801693 0.2517647989238551 0.009436021533732054 0.9677424489606963 9.829647964820454
0.9589553230732315 -0.11481053735978547 -0.25927442770291015 -1.2270142358387428 0.10848589474421474 0.9933474578156157 -0.03862173860406613 -0.24115513787274892 0.2619837761981864 0.008908903547067717 0.9650311562050874 10.399199454815399
0.9552422259065178 -0.11965750847564821 -0.2705445813734987 -1.3806520231604886 0.1123470411993496 0.9927637107768321 -0.042407038311655654 -0.2689343776466484 0.2736611630811232 0.010114110441099677 0.9617729839162006 10.969367017280065
0.9519138025992736 -0.1228019965588452 -0.2806773629314498 -1.5575621375601534 0.1136824452628699 0.9923272232331855 -0.04861053043704154 -0.2971643407878288 0.28449325837363176 0.01436494592671073 0.9585704117426518 11.57366067894599
0.947226056184112 -0.1259260276092733 -0.2947972762025493 -1.7502798963561594 0.11526152199879944 0.9919014754369051 -0.053350206865681954 -0.3312251264235654 0.2991280328428178 0.01655592330978016 0.9540693483028091 12.202624857203917
0.9427220849170042 -0.1320090731995991 -0.30634731140116117 -1.9416309447709432 0.12038399449223813 0.9911111281015774 -0.05662530903502075 -0.3713775566643745 0.311099283959044 0.016502616344135083 0.950234128609349 12.831393032413255
0.937889975067914 -0.1371193547969476 -0.3186858597540474 -2.1504646272274996 0.12424085217173537 0.9904061290242558 -0.06049719202434187 -0.411417383200955 0.3239237646711778 0.017145907128463807 0.9459278051468798 13.458605730710055
0.9336453747115385 -0.1416205586756818 -0.329013573641178 -2.3602778141437404 0.12742186006867012 0.9897529013977729 -0.06444271682145958 -0.45558702029952836 0.3347685526694396 0.01824312295300191 0.9421237735077757 14.072750613869934
0.9291898126404348 -0.14726740512736844 -0.33899646527992816 -2.57783255046893 0.1313953541390188 0.9888948397151631 -0.06944247184111385 -0.5038761009251905 0.3454584678306725 0.019982676792001487 0.93822126368587 14.701587600997463
0.9239783358612416 -0.15206130986158856 -0.3509150793315511 -2.803116212341139 0.13386603046412388 0.9881041942654725 -0.07569667867720367 -0.548366836435535 0.358251197830334 0.02296648249426791 0.9333427130132701 15.314538415865663
0.9190152727951063 -0.15859983055798704 -0.3609113770945914 -3.0447503763142816 0.137665779109522 0.9869804618694156 -0.08317271878569088 -0.602178128069533 0.36940365676520426 0.02675185292672495 0.9288838876487643 15.954482856961897
0.9166192433674916 -0.1641820747705779 -0.3644906158084673 -3.2865631925664927 0.1403401542924254 0.985897495851153 -0.09116341792409896 -0.6598187361690521 0.3743177844847685 0.032409473899680546 0.926733954390342 16.574750367811557
0.9141042208238565 -0.1717018615052121 -0.3673308375669753 -3.558110734296732 0.1449491961026238 0.9844288774631137 -0.09944604449608524 -0.7242427917279317 0.37868615504295083 0.037659739409071996 0.9247586387844275 17.25615872222775
0.91177587109077 -0.17750166284332047 -0.3703483773213052 -3.824707469717333 0.14789807898727603 0.98318567995076 -0.10710778203116364 -0.7932834296622182 0.3831330305892996 0.04288447770018864 0.9226971347326494 17.916939168172217
0.9096342282030621 -0.18434886000058992 -0.37226478304817223 -4.096021517516167 0.15242672588445455 0.9817509775390617 -0.11371504446308942 -0.8693619851689979 0.3864345534725967 0.04669599466313951 0.9211339858917675 18.589446012235516
0.9082071517928945 -0.18917067416365319 -0.37332857574622846 -4.386333825043496 0.1553222908500611 0.9806630901403783 -0.11905834536651932 -0.9535398921318361 0.3886319021867962 0.0501433911178065 0.9200276544375605 19.29170438152893
0.9062402653301573 -0.1944787489975796 -0.37537527580098135 -4.673517599195621 0.15900424982214112 0.9795099515801905 -0.12360381585481647 -1.048285210037998 0.39172213370299175 0.05232849074557441 0.9185943060042698 20.002107055654857
0.9048034199631996 -0.19853518275774873 -0.3767154794141665 -4.988524312257647 0.1618231327004147 0.9786043463229168 -0.12707008727832353 -1.151569530785772 0.3938832884826696 0.054012170528910386 0.9175721445689348 20.76878905742892
0.9021672805974117 -0.20240925430543472 -0.3809523481893618 -5.291968240005844 0.16428715347762135 0.9777501242856443 -0.13043935626040007 -1.2527595617355067 0.39887833862180505 0.05509254242567618 0.9153474109579289 21.4922668281597
0.9004150217648661 -0.20623179642499043 -0.3830420795728548 -5.5973870174817035 0.1678091947154627 0.9770022606861941 -0.1315547672378857 -1.3601376967133787 0.40136375365636073 0.0541759056905158 0.9143151035028836 22.227978582838023
0.8972759554528564 -0.20983800541759368 -0.38841198648925573 -5.913733871858071 0.1711345435358444 0.9763479073524873 -0.13212771025487874 -1.4745694837902636 0.4069506453796849 0.052084309449055136 0.9119640326977119 22.972280771967966
0.8930867889261076 -0.21427084410938635 -0.3955805768870676 -6.234818397531238 0.17536055394675615 0.9755457376895531 -0.1325110931025499 -1.5867161460897954 0.41430020946789414 0.04897467754255127 0.9088216642413749 23.72076936389877
0.88827178841932 -0.21829676067490894 -0.40412838823471037 -6.591843819217549 0.17914742166909925 0.9748181840447411 -0.13279950815054836 -1.7125156004545963 0.42294140398837426 0.04556349783055655 0.9050107935587222 24.527303334871064
0.8825664202219754 -0.2226663177275377 -0.4141210268100703 -6.986035255394754 0.18283881398108265 0.9739649729256781 -0.1340231308986416 -1.8530429005228042 0.4331818117125404 0.04256691747757394 0.9003008250234468 25.407654594680814
0.8762434991980934 -0.22690021967744106 -0.42510424653655265 -7.344522028606892 0.18765242718901348 0.9732346287549083 -0.13266847388271263 -1.9751231467737707 0.4438286794283951 0.03647804411731809 0.8953688935931503 26.180190636749547
0.8709504279404712 -0.229036683580092 -0.4347269828811448 -7.684070259347808 0.19005305022404329 0.9728858765637709 -0.13180633248550921 -2.088310919696744 0.45312822707358197 0.03217559257226125 0.8908644908580521 26.8785177575774
0.8658579068967218 -0.23187481863140058 -0.4433104482742121 -8.05183904411974 0.1929295560846258 0.9723264690491534 -0.13175516678823218 -2.210339894908479 0.46159318826583334 0.02855356494486698 0.8866320671369394 27.619210109906966
0.8600653764684089 -0.23682138941147385 -0.45188845716335074 -8.461750965088557 0.19786364518703875 0.9712449602902524 -0.13241300927055413 -2.340254704564609 0.4702526194648489 0.024471547315306458 0.882192505782294 28.42101828465551
0.8544074752836834 -0.2412744124637088 -0.46018966097648695 -8.878102686133138 0.2021023895850837 0.9702293067902842 -0.13345304930665186 -2.4771831860143156 0.4786883018242256 0.021017852781307758 0.8777333077655777 29.23191507517087
0.8489355653451971 -0.243712059030407 -0.46894865196009505 -9.304590652258398 0.20326919346998673 0.9696396514098558 -0.13594330215142916 -2.611496085608398 0.4878422294944258 0.02008428980405042 0.8727007393287662 30.02933167913485
0.8427523376137943 -0.24818994264519895 -0.47767169668744036 -9.742148047001807 0.207516878651252 0.9685718074851161 -0.1371327780651176 -2.749871728281847 0.4966943149677946 0.016444029761226296 0.8677697571152645 30.833549010756336
0.8380425461219612 -0.251848980535644 -0.4840008077395919 -10.173044293060471 0.21105347692126694 0.9676713407685672 -0.13808912388239605 -2.8854325852333726 0.5031313156312821 0.01357450766401156 0.8641033572280661 31.61756699934326
0.8326225763526683 -0.2562857281670062 -0.49097583533790407 -10.635743913475464 0.2159733486295212 0.9665582780066451 -0.13827728627139296 -3.0263110810473397 0.5099952529481001 0.009095095092239117 0.8601291305470748 32.44890223028491
0.8262592927911295 -0.25893762912121066 -0.5002468243791147 -11.112297573705991 0.2201454042657772 0.9658907232540391 -0.13634922703281752 -3.17038194981009 0.5184897125854668 0.0025327765151414994 0.8550801149519057 33.28058798930092
0.8196218066618884 -0.2633064024947921 -0.5088121779689957 -11.590998069961492 0.22534268869882543 0.9647076042337145 -0.1362347642256983 -3.3119644525492062 0.5267264628764029 -0.002996120641415481 0.8500295621722905 34.10187491359469
0.814009222461578 -0.2677423496882453 -0.5154638880958732 -12.0885778933191 0.2303500019774499 0.9634615098130798 -0.13667770739110965 -3.455962199227763 0.5332240264058684 -0.007480193320920175 0.8459410052547374 34.931744015937525
0.8088944743639428 -0.27234148943823033 -0.5210756590688602 -12.581686042810924 0.2357137529787788 0.9621252040508214 -0.13694567677303526 -3.5989947150979558 0.5386360143920382 -0.012050097955272891 0.8424523957703061 35.755136582330735
0.8039793014315073 -0.2760076366577818 -0.5267229512526405 -13.103390500092646 0.23964085050498668 0.9610315667978195 -0.1378063510415067 -3.7462875074635305 0.5442329883780955 -0.015430882175503792 0.83879219252228 36.609152984068366
0.7973923203972327 -0.2824152070862829 -0.5332983575616272 -13.613504953813905 0.2465839935911333 0.9590729938508258 -0.13919528214225552 -3.896767652724514 0.5507829168339966 -0.020509589767377587 0.8343965096112334 37.44361175314255
0.7935544266213435 -0.2856550691628024 -0.5372825638816745 -14.144194595477517 0.24965230438165825 0.9580676947019431 -0.14064145649641394 -4.0448141431307185 0.5549280123643057 -0.022527179807943193 0.8315933064084282 38.275425233151374
0.7897429959980127 -0.29087400571777666 -0.5400910229487043 -14.695475076318422 0.25482240587441163 0.9564321321799275 -0.14248901009598752 -4.198025459794921 0.558006757787448 -0.025097596128964603 0.8294567914798745 39.13431259813692
0.7854173716733853 -0.29627936015599504 -0.5434501752867742 -15.246407683742225 0.2599942244839572 0.9547019047362426 -0.1447317391865935 -4.352905503091544 0.5617139445559964 -0.02761908467970326 0.8268703832238753 39.97956622359645
0.7822986194070715 -0.300535608326181 -0.5456072013837449 -15.827366785884676 0.26421912642112966 0.9533069618931291 -0.14626718579143813 -4.520073006312018 0.564089641198139 -0.029735240609490753 0.8251779760505309 40.857743338683555
0.779657311047192 -0.3056000295639654 -0.5465739650414804 -16.399547251451715 0.2704477161115137 0.9515602479473063 -0.14625705923656124 -4.679379498673635 0.5647942193230452 -0.03378929500543548 0.8245397342531817 41.7348970975541
0.777384184696969 -0.3107205442559317 -0.5469246499841881 -16.968437401954002 0.27689328879897884 0.9497438231936386 -0.14600266067307222 -4.845432372720334 0.5648043342619765 -0.03793960572842774 0.8243522610608024 42.60523818183882
0.776072072359197 -0.31634334508734235 -0.5455630362506719 -17.55803703614956 0.28258257264943804 0.9478174783094288 -0.14761137302383057 -5.013812590915844 0.5637900567932413 -0.03960954215976286 0.8249677909051768 43.50948550370763
0.7727283579363677 -0.32222493773318095 -0.5468655907476834 -18.14512954601617 0.2884979028126433 0.9457230615626098 -0.1495889397694602 -5.186236265236375 0.5653846875479311 -0.04217796025760674 0.823748247193787 44.416044738783235
0.7689112534407082 -0.32741135087967516 -0.5491605335850214 -18.74366521045389 0.2945850473777338 0.9437476357276717 -0.15020003302226143 -5.360728290859766 0.567446150919801 -0.0462839861461423 0.8221086658299658 45.3266399231868
0.7642082962177408 -0.3315702658738391 -0.5532150023095268 -19.31333399577884 0.3003768260460331 0.9420070680589226 -0.14965442225856146 -5.528729081156489 0.5707533989092743 -0.05180581545911891 0.8194856405808016 46.208658765510485
0.7586540228033948 -0.33541322547688884 -0.5585177184829646 -19.884868294665342 0.3059992869517925 0.9402938981972004 -0.14903630899249887 -5.698538189595658 0.5751595518368977 -0.05783902824480014 0.8159939563149207 47.07631795442829
0.7529318540263604 -0.33880840978895277 -0.5641830240699456 -20.513797055501072 0.3095751719725902 0.9388619877382702 -0.1506697742690467 -5.8794416335691455 0.5807381820498535 -0.06121298421434284 0.8117857688288247 48.006600811945994
0.7449986061553764 -0.34538227055903026 -0.5706909531524355 -21.12360670585276 0.31521340598562464 0.9362555825590745 -0.15513217852499223 -6.053894639068527 0.5878924948606575 -0.06431618233739554 0.8063782258816607 48.89665661124019
0.7366768176375711 -0.3526122423289185 -0.5770371503769519 -21.741135925927185 0.3194703300766675 0.9335400945500629 -0.16260873306241863 -6.232562838421246 0.5960251459092024 -0.06455616490492458 0.8003664954361109 49.77780337341628
0.7279891821324387 -0.35643541979324006 -0.5856496753307048 -22.378670241854884 0.32174489391425204 0.931937900835651 -0.16724823534539104 -6.421600750933164 0.6054023240277906 -0.06667488659800894 0.7931219865562251 50.666026523310116
0.7189028226082012 -0.3587349352655026 -0.5953889299155781 -23.018646968265433 0.32461622105705634 0.9306638202361994 -0.16878732988586478 -6.6197580088880885 0.6146568479018173 -0.07193121661294977 0.7855080263141703 51.53521099326029
0.7120701410375437 -0.35978495713091263 -0.6029186502879805 -23.667942385096605 0.32663774849838223 0.9298936457175007 -0.1691318684048728 -6.816988694175832 0.6215013238108832 -0.0765022370687484 0.7796688477968046 52.388948713332745
0.7056149235914588 -0.36518439944114406 -0.6072461889627887 -24.307540681767783 0.3322761683568079 0.9274338794623754 -0.17163608935036564 -7.005736253560633 0.6258595110303415 -0.0806644508453345 0.7757532589829595 53.220847578974876
0.6993184358291036 -0.3724231695467842 -0.6101267967351238 -24.947475715050803 0.33672041890622173 0.9245493610267297 -0.17840358325068634 -7.1923314152969855 0.6305339679994684 -0.08068123579738483 0.7719568986601858 54.04622531113451
0.6950077387099446 -0.3799787797799761 -0.6103936189461762 -25.63122859118567 0.3407639936791297 0.9216221597168435 -0.18572155322070438 -7.402738147344589 0.6331225345422001 -0.07892225057473551 0.770017619680926 54.92393088178499
0.6896994441220726 -0.3854384655234933 -0.6129860243697235 -26.283571552391905 0.34543782067007617 0.9191539232591068 -0.18928491067198305 -7.6069530395331535 0.6363861947185944 -0.0811988586883286 0.7670849734672819 55.76730434265672
0.6843431314788434 -0.38848052489101864 -0.6170553947403178 -26.961364297420655 0.3498544855698647 0.9174214852747197 -0.18957757589697413 -7.825701473373511 0.6397470729314642 -0.08614348574748029 0.7637427463085315 56.62206947800975
0.6793970233630967 -0.3887027387017879 -0.6223583096344849 -27.6396869085457 0.3535367140423496 0.9166290416703256 -0.18655559973015706 -8.047764860555883 0.6429863734710881 -0.09328119259674096 0.7601757314188793 57.46963123989341
0.6747176341794225 -0.39085789082893435 -0.6260880315930657 -28.274840684426337 0.3572430084285512 0.9152281123580726 -0.18637310771245214 -8.253544750069409 0.6458587671126257 -0.09791634963700425 0.7571517954925042 58.250423616929545
0.6687625826082755 -0.39476614403651616 -0.6300129360780224 -28.963953067563498 0.3604925357393333 0.9132887329960842 -0.18960174539975425 -8.471289738045531 0.6502320660958942 -0.10031640795477245 0.7530835800332635 59.087870392402024
0.6633511951535958 -0.40023535300277274 -0.6322790950957042 -29.660348147309662 0.36538499839570965 0.910611828474808 -0.1930800372621016 -8.688862674186236 0.6530382797628818 -0.10294542266906874 0.7502954385545892 59.929605745980695
0.6567756391212013 -0.40736537675568635 -0.6345858568213093 -30.337678518945683 0.3713240598731879 0.9071416704425213 -0.19802129255725387 -8.905237469941683 0.6563262926443149 -0.10558143571409732 0.7470531159270531 60.744799983879204
0.6503195055918396 -0.41212548884562794 -0.6381513316530316 -31.04503648337461 0.37588532011162956 0.9045750410427558 -0.20113234759002424 -9.137761409598724 0.6601475340947378 -0.10907142873479188 0.7431747147625436 61.59232736697314
0.643070627424529 -0.4157824368255238 -0.6431058492746368 -31.732213578140094 0.3790663785542831 0.9025030507049179 -0.2044429605490427 -9.36741044886399 0.6654087832254422 -0.11230854239881206 0.7379823456632894 62.408287390936096
0.6361960257134867 -0.4195429793303129 -0.647486142987639 -32.437816732164634 0.382185625891336 0.9003961941914427 -0.20789622615048506 -9.603295827641686 0.6702154610484693 -0.11519714397592704 0.733171776455816 63.21831996687098
0.6269766971453665 -0.42429043434928165 -0.6533588972045806 -33.14674233225481 0.38613215919073113 0.8976576843946249 -0.21239735705979063 -9.84472356087822 0.6766108016248275 -0.11911468829232696 0.7266426316681609 64.02678680730473
0.6194857125022061 -0.42870877517296957 -0.6576064462087688 -33.84068231217708 0.389005536649345 0.8952671249857559 -0.21718993387331287 -10.08342487315524 0.6818446630001508 -0.12126648757769447 0.7213752799540469 64.79513992609294
0.612471369112522 -0.432533837190389 -0.6616595058659633 -34.57528109846948 0.39204434214791667 0.8930343724091591 -0.22088649457489817 -10.339532506028577 0.6864255646515798 -0.12411321195238367 0.7165304283919997 65.60770323592348
0.6037441401568817 -0.43844149404253735 -0.6657792949078358 -35.30629453243378 0.396598522997439 0.8896765079015895 -0.2262417354165293 -10.597303813447626 0.6915219626175855 -0.12745496298607084 0.7110222272388831 66.41096489964714
0.5955729614141082 -0.4437032723854708 -0.6696418846718399 -36.040501822216264 0.4011381794338019 0.8865087561970799 -0.2306304103678464 -10.852926514625832 0.6959748620697188 -0.1312616899949525 0.7059669681413606 67.21431133592888
0.5869730469219452 -0.4476854104448753 -0.6745668354299458 -36.79011348377594 0.4044546723866014 0.8839307971899296 -0.23469717459701667 -11.12059864022995 0.7013409015391979 -0.1350707927495025 0.6999120093084601 68.01229500649102
0.5776077411926285 -0.45135493418118877 -0.6801823437172154 -37.529585379487436 0.408669048363833 0.8811864909203179 -0.23769723837044388 -11.391309013258336 0.7066533140258726 -0.1406737061779182 0.6934349300160904 68.78330608688933
0.5687140080043646 -0.45598979041400683 -0.6845711709806379 -38.277734276383875 0.41354021998441076 0.8779445151642445 -0.24124243977431648 -11.668320011754759 0.7110195943536695 -0.14589975781751557 0.6878694622629599 69.55694622016098
0.5601474225642665 -0.4598530938320253 -0.6890355557500091 -39.0623648393665 0.41715319005769397 0.8751979148869966 -0.24497311240653172 -11.958878998449814 0.7156941253212149 -0.1502123226322272 0.6820690413075008 70.35993074846854
0.5508389636622149 -0.46488139356387775 -0.6931534649914434 -39.82493679518499 0.4212105864541515 0.871830636535442 -0.24998596572038972 -12.239508888104755 0.7205262507157438 -0.15426156720425555 0.6760512487328162 71.1274636577085
0.5424103379477287 -0.46818149385772134 -0.6975651325120711 -40.615538119009805 0.4235555190435113 0.8694696663026693 -0.2542109786521949 -12.538133139898306 0.7255285987300657 -0.15757089892704615 0.6699101911720035 71.9088144415987
0.5349138010285481 -0.4698161378018037 -0.7022392912178778 -41.40876846667685 0.42515405783983556 0.8679236266644205 -0.25681239335359446 -12.840509035044624 0.730144679205096 -0.16118739075584088 0.6640085635666239 72.67471109099283
0.5284793528246667 -0.4724071176690615 -0.7053659254696325 -42.21431791572698 0.4266705379962128 0.8661114273999628 -0.2603905669052191 -13.150835616023947 0.7339358457277065 -0.16334782062460634 0.6592842056754793 73.43751199138491
0.5220510394108686 -0.4753897171252282 -0.7081435794396694 -43.0165498954855 0.42948184081274093 0.8638412615165814 -0.26329379657246177 -13.460088109935219 0.7368908064714413 -0.16668200788638518 0.6551404792751183 74.19886480090388
0.5170664997319281 -0.47925452459335594 -0.7091948501729046 -43.780125192283876 0.4320675626420558 0.8613846830097834 -0.2670843484532337 -13.755893131753455 0.7388909636526388 -0.1683197211646087 0.6524634972927936 74.90512332592303
0.5097010304680132 -0.48425316695212844 -0.7111284903845997 -44.5963886938861 0.4362742867008172 0.8578808789786729 -0.2714869135823546 -14.071338684670383 0.7415319320862311 -0.17186991528366355 0.648529973028886 75.66702380109778
0.5010475206589888 -0.48891897304629883 -0.7140795612792965 -45.41268445085782 0.4409813719734931 0.8542066011028417 -0.27543876307576287 -14.391174483272646 0.7446387121375411 -0.17688787529868455 0.6436022591309489 76.42479606404365
0.49307366641039974 -0.49264001047492145 -0.7170663704092358 -46.19945280312031 0.4453434166994312 0.8509748152672645 -0.278408162565903 -14.705159195346438 0.7473604222161373 -0.18206505392335662 0.6389872576544877 77.14917792505662
0.4857671602524774 -0.4960037674666237 -0.7197294829859062 -47.01740422340389 0.44909693085992436 0.8480395246483347 -0.2813199447718261 -15.032270885385023 0.7498948010970876 -0.18657231116417683 0.6347035213345025 77.88884557266468
0.47746523100609967 -0.4994913242576705 -0.7228660803853028 -47.84385585226191 0.4523456291442445 0.8450360114467159 -0.28512728938550225 -15.370392562392796 0.7532664767360816 -0.19084694482633194 0.6294180317373069 78.625532211645
0.4698296229919541 -0.503413020569208 -0.7251451275990379 -48.67910617895381 0.4560468211803997 0.8417613441794977 -0.28889294961348283 -15.712605632838912 0.7558316097190507 -0.1949696647340603 0.6250643227564643 79.35946559751943
0.46310030472795094 -0.5069805907820297 -0.7269860991320144 -49.52957835551926 0.46039472654766744 0.8384999838742171 -0.2914695057978383 -16.066991136113895 0.7573472146433083 -0.199720949359955 0.6217207885045993 80.10992185149415
0.4571577408655623 -0.5099274287965256 -0.7286843056685521 -50.33449563126099 0.4640717654727363 0.8357005445454194 -0.2936698764557023 -16.400954972979527 0.7587121960649594 -0.2039083549231224 0.6186898951290807 80.80634867618659
0.44924167036724266 -0.5148990315334675 -0.7301102032786194 -51.16824279297815 0.46899272516317053 0.8314769023414613 -0.2978119954210555 -16.74995264384765 0.7604128782113521 -0.20862681562671948 0.615017972462417 81.53338261636733
0.4436613117760384 -0.5195751819688471 -0.7302097443304931 -52.06495532358047 0.47354799518028634 0.827665684799664 -0.3012006149824976 -17.13083391444227 0.7608659124273449 -0.21215830053793008 0.6132470291970121 82.30650392923404
0.43874946873591336 -0.5241503939793064 -0.7299077120946809 -52.92395569109483 0.4785267689902448 0.823795928851538 -0.3039282793150198 -17.490660584616766 0.7605991290053589 -0.21593200804644425 0.6122600206263019 83.04778140106897
0.428410622101111 -0.5283820201762935 -0.7329916640899526 -53.80017729770189 0.4829706692019505 0.8195052447956347 -0.3084647247953433 -17.86711800680949 0.7636777275536842 -0.22186390987915466 0.6062777696168441 83.79455181609782
0.4153742602985128 -0.5324361578257643 -0.73754726066958 -54.66634065564209 0.4869245685655951 0.8150033961332322 -0.3141240659651963 -18.24513729098684 0.7683545330175859 -0.22865083015601712 0.5977876792476504 84.52805471275639
0.4037249409525891 -0.5356364512625647 -0.7416871066235916 -55.56462283476373 0.4900263814254708 0.8112018444141846 -0.31910141511137846 -18.639436235384995 0.7725802984543987 -0.23461704903495698 0.5899784087085231 85.2715277968055
0.39215599680839974 -0.5367041106663208 -0.7471026514215329 -56.476679300961074 0.49210151374767297 0.8085740469696222 -0.3225586934720819 -19.046260027298196 0.7772063910792677 -0.24115701972167702 0.581200066676269 86.00080178503556
0.3798705365626983 -0.5383771368589463 -0.7522289770802049 -57.35503410270746 0.49282664125890047 0.8059568300286097 -0.32795653644302597 -19.44373271303768 0.7828283829275986 -0.2461374547641993 0.5714858495581172 86.69001797895604
0.3689886936975395 -0.5420758066221959 -0.7549842142709208 -58.24392738026829 0.49339067842565926 0.8026430286045994 -0.3351563919651608 -19.844457721117617 0.7876629878101747 -0.24883325442418758 0.5636213526177095 87.36948737361166
0.3557935781797519 -0.5457905930458863 -0.7586326899552042 -59.1649477888056 0.4954325975770332 0.7984518604181782 -0.3420835685221143 -20.269829892925966 0.7924376764037174 -0.25414022731037744 0.5544864956682962 88.06257687952893
0.34301656672068115 -0.549649330775789 -0.7617251788754813 -60.03913368847917 0.497803131677518 0.7940552585261771 -0.34880981709089254 -20.671842939624845 0.7965749663699031 -0.2595416336248454 0.5459912667507919 88.70723750033785
0.32967172777374526 -0.5519213659309732 -0.7659630263502034 -60.94552466654616 0.5000361461439791 0.7902535742116006 -0.35420776529498554 -21.098396895083283 0.8007998529321486 -0.26623691380925973 0.5365048939843606 89.36750555253535
0.3167808791207317 -0.5525708468920776 -0.7709185000948342 -61.855203517192486 0.5004916562515509 0.7877949868640903 -0.35900858025176446 -21.53518293458638 0.8057034048867338 -0.27211122328338516 0.5261154868630498 90.01543799003943
0.3033226509230146 -0.5546360833313287 -0.7748381666541203 -62.732125736408406 0.501561273909016 0.7843179070365732 -0.36507767559320065 -21.953006247469965 0.8102047012649335 -0.277892489586625 0.5160853672402923 90.62190321118368
0.29097191558232705 -0.5575491591152156 -0.7774794399289716 -63.66296777926404 0.5015142071693087 0.7809304149579033 -0.3723320923597873 -22.402527195993652 0.8147507866517781 -0.2815788027597131 0.5068476432683847 91.24774829115681
0.28066875452490814 -0.5597659751510902 -0.7796711507402249 -64.60916769296665 0.5017323409187868 0.7780637739769805 -0.37799658953600757 -22.8688663405697 0.8182235075513241 -0.2850943996080031 0.49923088346231254 91.86944882816854
0.26948200548694395 -0.5622007450614694 -0.7818630129191836 -65.56348726751753 0.5022547348666173 0.7747810525701264 -0.3839980493210754 -23.343430128295267 0.8216566375456348 -0.2892138358216213 0.4911575380125461 92.49011442381384
0.25953187827275137 -0.5638019172526691 -0.7840730847710767 -66.54494415049693 0.50236330183311 0.7722157000968121 -0.3889910352377365 -23.83890824415437 0.8247874375447005 -0.29293396973755825 0.4836479838087221 93.11054625234729
0.24978145470988888 -0.5640935403164806 -0.7870245883428493 -67.50996397081569 0.5021267664896807 0.7704229483338478 -0.3928322683476998 -24.334324785146197 0.8279359487651383 -0.297063896247593 0.47568383017354077 93.71146348560946
0.2403719686266395 -0.5642056918576167 -0.7898691372461785 -68.50464031381232 0.5039345403457945 0.768009983976077 -0.39523492198885857 -24.84276787713288 0.8296211760466502 -0.3030389443430239 0.46893080775999246 94.32361575906049
0.23131815087405344 -0.5662667007807315 -0.7910966670787548 -69.49356417307686 0.5060728678769147 0.7645131941540233 -0.399261603918092 -25.353144294683776 0.8308923910321019 -0.3079961031430725 0.46341799163782843 94.92420470081015
0.22167208989009363 -0.5691340484063213 -0.7918004290908093 -70.4439984407207 0.5071760933056854 0.760819977667603 -0.404876983738334 -25.84513463734142 0.8328468616396062 -0.311832321170368 0.4573037377176787 95.49825130614225
0.21376159249396148 -0.5723875715697687 -0.7916302479610722 -71.44415670046308 0.5106865835415656 0.7562882388649725 -0.4089343628813335 -26.362139774275878 0.8327695929637977 -0.31686048612438494 0.4539760317108485 96.08654989052785
0.20700653469071717 -0.5754676863317824 -0.7911922879953304 -72.43415736858543 0.5123686308927727 0.7527042793752157 -0.41341825538708665 -26.888178240993202 0.8334426678976821 -0.3198018289475252 0.4506662950891839 96.6606717522935
0.20098525376715376 -0.5789443270727811 -0.7902078169180545 -73.43301145038983 0.5134958640357349 0.7492239822410306 -0.4183125889249404 -27.42711629871407 0.8342223476905585 -0.32169378387705394 0.4478684896579758 97.2415200239672
0.19415649384528455 -0.5806223562235354 -0.7906838403250294 -74.40122832056528 0.517162024999725 0.7454973299252318 -0.4204487733036384 -27.94842636350971 0.8335746492041911 -0.3272787963308659 0.44501898125397954 97.80433529307255
0.18678096525866505 -0.5810988480744116 -0.7921092095056296 -75.37313724064077 0.5199207127026749 0.7425960520931272 -0.4221771617679527 -28.47409502738334 0.83354383419217 -0.33297932695933763 0.4408281346487797 98.36172240016559
0.18093705644772157 -0.5806852876535797 -0.7937672066208791 -76.36686702156442 0.5248365824809198 0.7395715227579234 -0.42140304272189966 -29.011952751193387 0.8317501687969667 -0.3403506418801143 0.4385807762294324 98.93726947908733
0.1761329251427678 -0.5803785090628139 -0.7950710527359662 -77.3339061860614 0.528350549632847 0.737231834828193 -0.4211115272923846 -29.54318193765561 0.8305557713864379 -0.3459046225968679 0.43649410383508946 99.4871998306724
0.17039481095656178 -0.5809963868447636 -0.7958698429218233 -78.2875967341818 0.5324445579370187 0.7339050912678073 -0.42176546768843504 -30.062925371782036 0.8291371425297088 -0.35188991955513793 0.43440198364320143 100.02818465534688
0.16333397159242852 -0.5824052680108689 -0.7963203611091656 -79.25704904917576 0.5369690389042125 0.7296103181168705 -0.42347731338961425 -30.582008653603605 0.8276389701930005 -0.35843114748942695 0.4319037479893902 100.5723739024985
0.15696679941071656 -0.5831343330085561 -0.7970669818462075 -80.20087526109621 0.5407580321005452 0.7260854387807772 -0.42471247486890734 -31.098297700977877 0.8264031550045667 -0.3643546147054993 0.42930588179211504 101.10047256667382
0.15226146703365828 -0.5844304741282323 -0.797030405045509 -81.16899689673177 0.5452491124095463 0.72228073018056 -0.42545734477904995 -31.62161301011869 0.8243299406629365 -0.3697993614381818 0.4286357208709429 101.63977003657054
0.14625178893824842 -0.5852542342283619 -0.7975511867899991 -82.1494243760184 0.5492543249843512 0.7185744637708347 -0.42657991807215034 -32.15166938931378 0.8227576196659299 -0.37567036259762576 0.4265462201771594 102.18223925365389
0.14081952418718413 -0.5856984715439993 -0.7982024567982224 -83.05741643771091 0.5541860081600257 0.7147222677598604 -0.42667311648129214 -32.64448257751875 0.8203948622263251 -0.38226872799017375 0.4252327476023261 102.68703883291332
0.1376737136413989 -0.5861462390762953 -0.7984225291090558 -83.99005392631325 0.5587309183830953 0.7115583452125204 -0.42603342850204007 -33.15622013520379 0.8178421054304855 -0.387449748709603 0.42546090632383193 103.1965360796216
0.1344927242980845 -0.5875185626488536 -0.797955917111907 -84.92762890795035 0.5632475518722252 0.7078589753374928 -0.42624859688226563 -33.663914349942374 0.815269220822683 -0.39211938179230593 0.4261202741034453 103.7138432289856
0.13087152449891654 -0.5895597290002867 -0.797052049753614 -85.79843074015146 0.5679869365027419 0.7035309405162048 -0.42712416894694 -34.13785148807551 0.8125659874973596 -0.39681676083236744 0.4269343910777719 104.19307240366952
0.1279832623170839 -0.5915871818932417 -0.7960181472719635 -86.72190908983913 0.572646896701742 0.6993888169810145 -0.4277041201341902 -34.639969974183 0.8097504654302715 -0.4010983531523285 0.42828062626500984 104.69881846527643
0.12518148790774475 -0.5930701534671227 -0.7953599110790579 -87.62346890740913 0.5775308340637025 0.6954020315517597 -0.4276378727607856 -35.13308099842051 0.8067141568057967 -0.40581252762842257 0.4295677613938731 105.20313749283359
0.12453109688188457 -0.5950786677110955 -0.7939605690111962 -88.58290278956865 0.582654737236844 0.6915501051789195 -0.4269331437151369 -35.65499863578133 0.8031223213713208 -0.40943843403155644 0.43284489791717295 105.74351996187211
0.1262001242821183 -0.5971459439126041 -0.7921428219077057 -89.48722927545855 0.5897848867378477 0.6872350361272257 -0.42410115832762724 -36.14316610482971 0.7976385873356443 -0.4136722456098983 0.4389167998667422 106.25486495904732
0.12805702830736804 -0.598564690191251 -0.7907728556022506 -90.33684924518153 0.5943216451505532 0.6846293088646167 -0.42197688508862363 -36.607349170139 0.7939667370908092 -0.41593631856308155 0.44341154618882545 106.73891839535801
0.12939140702372548 -0.6000182919192321 -0.7894529201610112 -91.24048721466737 0.6006018978189798 0.6809144895303383 -0.4190856932464754 -37.09405504100674 0.7890090139692072 -0.4199208345747639 0.44847660871596556 107.26631614355794
0.13098168792181408 -0.600293967507048 -0.7889809566800707 -92.15133827405981 0.6064842034252174 0.6780639043626103 -0.41521831919631436 -37.5869567975487 0.7842325601661997 -0.4241184907253869 0.4528827634167456 107.8023992395194
0.13538267073496735 -0.6010376163582141 -0.7876708171483213 -93.01300650835802 0.6124316562573928 0.675691202713942 -0.4103277531301212 -38.04784714352052 0.7788446564485723 -0.42684327603632616 0.45957134247479203 108.31872100996284
0.13884347504970973 -0.6018640169959136 -0.7864363893422426 -93.91600181276813 0.6188279796407635 0.6727208357121999 -0.40558428077578423 -38.517186130519704 0.7731587295309104 -0.4303561109641898 0.465853192224682 108.87068156609895
0.14201200999628838 -0.6030113227886694 -0.7849904035117076 -94.79488281176262 0.6255606244118207 0.6692660813899985 -0.4009449057992495 -38.975870723602796 0.767141769298418 -0.434120095007747 0.47226396105161117 109.41070950853778
0.14807535223998947 -0.6053415385783991 -0.7820711679447974 -95.68205077366659 0.6332505890415332 0.6654530635366822 -0.3951783289961579 -39.43136764137222 0.7596495122999516 -0.4367308575097263 0.48187008265845355 109.95821649447501
0.15355168476526504 -0.6074087232054939 -0.7794078028090434 -96.55857060520057 0.6398045736889035 0.6622141350087387 -0.3900289051870242 -39.87469080616037 0.7530418232691392 -0.43877908150742545 0.4903069753113767 110.51198685610763
0.16038924703981405 -0.6096441272550553 -0.7762791556762447 -97.41068538885087 0.6457820148290122 0.659593940453158 -0.3845795405905744 -40.30453358441225 0.7464856855676356 -0.43962469428012985 0.49948898828875027 111.06010795628457
0.1664809408570116 -0.6112025722141587 -0.7737670916045476 -98.28298202401271 0.6527509820011321 0.6564697710820814 -0.3781052699341781 -40.7371246282759 0.7390536190479837 -0.44212990780339206 0.5082527843483419 111.64481433469082
0.172979603159518 -0.6109155890092955 -0.7725672786212223 -99.14090640350699 0.6583823366777696 0.6551116579247992 -0.3706230084624278 -41.16171406184276 0.7325372042712204 -0.44453442921380837 0.5155369876178215 112.22976666050732
0.17944495528698856 -0.6105535642848171 -0.7713778925799968 -100.0074793685862 0.6648834224414221 0.6531825138212696 -0.362329460851183 -41.582027621402 0.7250720947496412 -0.4478581793126405 0.5231572503923984 112.82623964187121
0.1852554251788915 -0.6119636787753772 -0.7688828800939032 -100.86128545659933 0.6724711417568906 0.6494809563641433 -0.35490428403233176 -41.98396781062085 0.7165633195649721 -0.45130360421785376 0.5318477844966573 113.42667263071434
0.19207383445569337 -0.6138257643957241 -0.7657189909369443 -101.68954305976128 0.6806528749889373 0.6454067056466752 -0.346643690373271 -42.36107989270409 0.7069789996080372 -0.45460764981499296 0.5417680120152056 114.02557342888579
0.200145582567276 -0.6157337089278578 -0.762111373402044 -102.5102902015826 0.687941533154389 0.6421702545901907 -0.3381624034110805 -42.73313057131786 0.6976232455559336 -0.4566063554195383 0.5521163314469985 114.62206980167277
