1.0 0.0 0.0 0.0 0.0 1.0 0.0 0.0 0.0 0.0 1.0 0.0
0.9999401548428307 -0.0025571003929349156 0.010637103481507834 0.007545327767729759 0.0025431200457702425 0.9999958849759738 0.001327618752464763 -0.0007932824082672596 -0.010640454564005032 -0.0013004878698191058 0.999942543078337 0.30715587735176086
0.9998082625943954 -0.004693206524209278 0.01901083534454824 0.017094431399770314 0.004652532480010918 0.9999867937399594 0.00218318281377822 -0.0004091327332820824 -0.01902083041033826 -0.002094315687056895 0.9998168941622781 0.610657684022876
0.9996897349969331 -0.007431062730143262 0.02377420973371289 0.02747082485044204 0.007385579157068924 0.9999707254162258 0.002000382728949075 -0.0009095586992776836 -0.023788378723161484 -0.0018241757723104473 0.9997153521980522 0.9039588976108728
0.9996528909632787 -0.00986768519348233 0.024427983496019212 0.03914923354760019 0.009839729513167748 0.9999507893590431 0.00126435095387212 0.0012248934881475076 -0.024439257596480975 -0.0010235473360774886 0.9997007927570049 1.2266429928911387
0.999693746636903 -0.012794772564984092 0.02118269883849322 0.047638173420533975 0.012791225396946005 0.999918143038449 0.0003029445245412146 0.00042498017995869653 -0.021184840993420155 -3.18990714029489e-05 0.9997755755641029 1.5606615000882065
0.9998266118063615 -0.015149973156243059 0.010827032704154325 0.051168973181980604 0.01516373964801202 0.9998843151282905 -0.0011905294272015379 -0.0005908894328075791 -0.010807743691401129 0.0013545013085409896 0.9999406772416584 1.8780057027116448
0.9998657832762513 -0.015009150129500277 -0.006568169132916402 0.034605358410289486 0.01499782027385915 0.9998859582622991 -0.001770835090281806 0.001676497706100396 0.006593998817219598 0.0016720891944138998 0.9999768613809644 2.2125210633216152
0.9995936010599752 -0.011965675373672975 -0.02587383490716543 0.005910208533406545 0.011930023655823565 0.9999276613897116 -0.0015318365689555393 0.0027225965188322557 0.025890292689015056 0.0012225385696882675 0.999664042638287 2.573623595518389
0.9989494316512908 -0.009732673524617147 -0.04478066624813278 -0.03213108133635778 0.009638240057662313 0.9999508499251982 -0.0023242337371266533 0.0031059869433426564 0.04480108628319537 0.0018901851594858654 0.9989941390558349 2.9231625551598537
0.9978919516283273 -0.009950771631708441 -0.0641298294036551 -0.06860867255088604 0.009756720404074664 0.9999468293974427 -0.003338380589215833 0.0018195741319252466 0.06415963904484683 0.002705646306398243 0.9979359800085875 3.3004605835775185
0.9963063251578073 -0.01188664306100795 -0.08504360156582032 -0.11568552422681497 0.011680218583229563 0.9999275074170431 -0.002924449450319988 0.002575641486499967 0.08507219842224477 0.0019203196295642115 0.9963729389280536 3.701310656711007
0.9944535575532873 -0.013378313659690668 -0.10432230151426553 -0.16950373937544289 0.01320399099740655 0.9999100349875604 -0.0023614726159932593 -0.0003551073270598448 0.10434450867846759 0.0009709041140160715 0.9945407386597346 4.098348232992801
0.9924281267861582 -0.013147205797138071 -0.12212110441461269 -0.2370111020089758 0.013051613218244636 0.9999135714867645 -0.0015827030626224022 -0.004515290623951477 0.12213135779200351 -2.3158384907325967e-05 0.992513944943632 4.5127116042595254
0.9901726266837878 -0.013311463384954033 -0.139215567766969 -0.31090531269953053 0.013349564272150907 0.9999106726875169 -0.000660135850745938 -0.008370920150848865 0.13921191938865082 -0.0012048187202878904 0.9902618794601655 4.940527843740899
0.9881504829077488 -0.01319060385384293 -0.15292034233271257 -0.3890302684049187 0.013194502308878144 0.9999124592929137 -0.0009893733462886765 -0.01090525363721712 0.1529200060096913 -0.001040058060072201 0.9882380229687723 5.380233175447884
0.9858070936681769 -0.0143333901941989 -0.1672690288100075 -0.4695041569093535 0.014255142022553185 0.999896998159007 -0.0016685318467292677 -0.01706254062532076 0.16727571551010956 -0.0007395932311442218 0.9859098782355481 5.825704014468557
0.9838516479513231 -0.01649147186283898 -0.1782244825473291 -0.5532479811157431 0.016138700911159293 0.9998638827309454 -0.0034290440502551893 -0.02159606424989652 0.17825677310095728 0.000497359020863774 0.9839838796838282 6.270193450247676
0.9821371261405867 -0.015961493032322208 -0.18748838949782629 -0.6510886873066232 0.0152128813615639 0.9998695269906036 -0.005431135817290494 -0.024068460568252494 0.1875506163599269 0.0024818814971717777 0.9822518040539532 6.749829539981016
0.9805824999041971 -0.01634442120797503 -0.1954247189508329 -0.7561521165693983 0.01533850250905036 0.9998601796347422 -0.006659693803872593 -0.028174240961875943 0.1955062434358954 0.003532856656840066 0.9806960934466024 7.2484176626286665
0.9790861523434161 -0.01693680733792812 -0.2027398600338949 -0.8641049303795045 0.01530620183903516 0.9998366886683066 -0.009608130830655644 -0.03628907254143504 0.2028694813781218 0.006304010627702251 0.9791854946716572 7.746321384407274
0.9767314881162965 -0.019946222814115976 -0.2135362927410114 -0.9781003745532817 0.018036677651340233 0.999778049323806 -0.010887164442004358 -0.04396077187121286 0.2137060560242197 0.006782351047773898 0.9768744654933089 8.261658837124811
0.9746432961294865 -0.024939518630456018 -0.22237010977271918 -1.0921302459585451 0.022833660431598252 0.9996668190299078 -0.012036398212090543 -0.05323352640885813 0.2225962022612796 0.0066536712502714875 0.9748880240303236 8.78341142355406
0.9718489287874387 -0.026102715005886568 -0.2341544530518902 -1.2271026946995511 0.02326514181339432 0.9996186921276193 -0.014872912474389011 -0.06158113146367984 0.23445339151121497 0.009006587499694284 0.9720856385064537 9.321422411547973
0.9692140887951766 -0.021853495300129738 -0.2452477825059854 -1.3761831686751826 0.017587492491011613 0.9996537570131837 -0.019571566041212518 -0.0672322773147706 0.2455905743077582 0.014655744013667142 0.9692628533987009 9.861552355668733
0.9667194243366521 -0.019250970835925193 -0.2551136114206498 -1.539307512720873 0.014017190624300676 0.9996526550898375 -0.022317874872856434 -0.07857875891931027 0.2554546397645069 0.017999147027368184 0.9666534837929636 10.42760245575773
0.9636429636853578 -0.02178572806332193 -0.26630362482033765 -1.701472553880761 0.01611545031997405 0.999594888925525 -0.023459545923825962 -0.09430539472131909 0.26670682556073555 0.018315023524927244 0.9636036680672178 10.993305099298636
0.9603147372265088 -0.02262353826934501 -0.2779996060820169 -1.8671179562065594 0.0161662245898204 0.9995441370021596 -0.025498458132197425 -0.1096588403588091 0.278449741691553 0.019992341053098824 0.9602427024722051 11.540553080635888
0.957322648933873 -0.0213326153861863 -0.28823300532558355 -2.0394700117303093 0.0137221218724503 0.9995024788063852 -0.02839891250047045 -0.12351537955488227 0.28869542637449325 0.023231753715051377 0.9571390893750882 12.088175050372547
0.9545082607952445 -0.02001220946437839 -0.29751217041659217 -2.230367705052498 0.01099471189511863 0.9994289161216624 -0.031952432305265906 -0.1400504628641287 0.29798170478064734 0.02722779998885528 0.9541831849932099 12.660026766112441
0.9523249231745178 -0.020407157136621622 -0.3044023466372262 -2.423890986689534 0.009373104932122095 0.9992464347923719 -0.03766573321555611 -0.16315067262381042 0.304941610156076 0.033016821354201434 0.9517985626712642 13.248714179649701
0.9503608808918202 -0.021486225141183986 -0.31040705243229594 -2.6278361009985174 0.007794675818861075 0.9989438449280749 -0.045281759122117154 -0.1892415752734405 0.3110521485207949 0.04061449014202852 0.9495246305868535 13.853647811880927
0.9494340067464576 -0.02139151629732089 -0.31323708251717064 -2.835265717183701 0.004851812123371288 0.9985567493741555 -0.05348717788815814 -0.21584372848238761 0.3139291747392823 0.04926277813746825 0.9481675231401314 14.450073663765693
0.9485828693849176 -0.02239585953436503 -0.31573559410556346 -3.047815999429407 0.002857762191222515 0.9980590589123248 -0.062208907065651915 -0.2509560995366072 0.31651599186255114 0.05810800632237772 0.946805727959281 15.056937138518473
0.947977744158405 -0.021851113332819284 -0.317585776486382 -3.2692207963040016 -0.0006126431206112514 0.9975143114916496 -0.0704615003938125 -0.2903236130457462 0.3183360194020599 0.0669905009345113 0.9456079798393173 15.666789493032912
0.9476114232711539 -0.022632432768090203 -0.3186226035186706 -3.4919137691955022 -0.002185643765148451 0.9970039645646115 -0.07731958098553544 -0.3372090565581594 0.319417929126325 0.07396531369124844 0.9447228794324848 16.280469137024653
0.9470162395390933 -0.02166508738653826 -0.32045415590653276 -3.722697174191429 -0.005220306747476684 0.9965523805277768 -0.08280157765334825 -0.39057447724608246 0.3211432553342775 0.08008730768951389 0.9436381895092781 16.923256013074813
0.9468470923252136 -0.021956083775245112 -0.32093381582585423 -3.9536561459860495 -0.006773590050887296 0.9960860047607244 -0.08812939122472732 -0.4473534057707022 0.3216126586953807 0.08561893193139555 0.942992415802914 17.568155676574673
0.9469041637684793 -0.020029025700494016 -0.32089148129454365 -4.202506533949217 -0.010329858942192712 0.9956472886782962 -0.09262705091814327 -0.5076348468913819 0.32134996289427503 0.09102370392950868 0.9425756662840399 18.24528884160475
0.9465107148668087 -0.01822507089035956 -0.3221572805841341 -4.459346581965837 -0.01310619234435579 0.9954082779772125 -0.0948187104778035 -0.5702657611413975 0.32240610162426503 0.093969180721565 0.9419257394879716 18.949294787757175
0.9463477776091896 -0.01631471664299721 -0.32273784072371586 -4.7134248794621625 -0.01549800591795196 0.9952841218730906 -0.09575661105050805 -0.6367495724325688 0.3227780903759036 0.09562084902451905 0.9416320712492302 19.64329730762177
0.9450430674313607 -0.01468022870294137 -0.3266161226656671 -4.972759340789951 -0.017382972825246326 0.9953223672397462 -0.09503271819760047 -0.7067655113381678 0.32648343442766203 0.09548757069638504 0.9403673170026814 20.36041132844911
0.9438928060249938 -0.01335911990081122 -0.32998167320282973 -5.231472241445603 -0.018754991970451863 0.9954006453397194 -0.09394575846443816 -0.7740348574481631 0.3297190031078762 0.0948635292024602 0.9393009580623254 21.063358350146416
0.9420076756199413 -0.012293487449413377 -0.3353660824225477 -5.500036681044882 -0.019914755601726442 0.9955199092523671 -0.09243112458194293 -0.8450100509362012 0.3349999128095998 0.09374956239092673 0.937542573950149 21.789787339389246
0.9390443237853984 -0.01132957693816019 -0.34360936927392777 -5.8146678347838785 -0.02101093720492026 0.9956974077053186 -0.09025083272014527 -0.9277878201380063 0.34315346200234526 0.09196908706359465 0.9347659538839089 22.6234137010262
0.9358072986855532 -0.010784985095229183 -0.3523469651115835 -6.097527669587244 -0.020459164369504807 0.9961853502577669 -0.08483024534393263 -0.9989604863689818 0.3519177777836029 0.08659348721645238 0.9320168698320566 23.36176026309538
0.9334270571422748 -0.009357092337522192 -0.3586451921017478 -6.351998667184776 -0.021130325983518515 0.996490636076378 -0.08099334254076555 -1.0575323422175722 0.35814443778808397 0.08317966719747456 0.9299536034912573 23.99997494137824
0.9304215876098484 -0.007417186859588609 -0.3664159585070764 -6.6562408022724595 -0.02265287142524473 0.996719598339396 -0.07769742403931228 -1.1225961397500903 0.36579026330092623 0.08059173422407113 0.9272014105085238 24.744482938899214
0.9271882323829422 -0.0067193111302424596 -0.3745354890908607 -6.9706783841511895 -0.023817928346195276 0.9967585114732291 -0.07684514360041365 -1.1857833853313609 0.3738377830288035 0.08017057230435422 0.92402272229448 25.49204197210721
0.9239353520931224 -0.007099892680072842 -0.38248275343666127 -7.297373749598442 -0.023904425504267662 0.9968023401269019 -0.07624744690049205 -1.2526148141399203 0.3818010523739678 0.07959074218440161 0.9208112022367383 26.261154378280462
0.9206735703986481 -0.006855552770969881 -0.390273209643719 -7.627229091468243 -0.024678062859847687 0.9968231622236468 -0.07572698639147589 -1.3168561143967428 0.3895525253196174 0.07935102173667215 0.9175795580582945 27.020041472300676
0.9173041288171077 -0.006581660798694948 -0.39813291373135457 -7.976186280000257 -0.025092032716290104 0.9969207420172412 -0.07429282623482379 -1.3805993557676566 0.3973959299606023 0.07813908034347485 0.9143143655077416 27.808290427524128
0.913802978525269 -0.006990770932630818 -0.4060975813275847 -8.32364868520323 -0.02463713254161219 0.9970566161932568 -0.07260245040891948 -1.4457210607600648 0.405409827382704 0.07634941536789959 0.9109410730856887 28.57506367379207
0.9104981227248187 -0.006502107873465919 -0.41346207940726926 -8.686737512586062 -0.024547339378157847 0.9972631733192947 -0.06973945275512436 -1.509987410527147 0.41278395880173774 0.073647034796606 0.9078466377211698 29.36126284309241
0.9066264529805625 -0.003988844819681701 -0.4219153515492044 -9.065072206182279 -0.025431527792222373 0.9976206779442552 -0.0640797965992272 -1.5718663762582008 0.42116708341231707 0.06882639068736211 0.9043678542467735 30.162906700082914
0.9033350600955705 -0.004411160060882824 -0.4289129408971586 -9.443288559252974 -0.02369557688338453 0.9979069558114139 -0.06016832372071432 -1.6344377586179277 0.42828061926533145 0.06451549589140838 0.9013398149153238 30.957904373154005
0.8996709303570648 -0.00410245827802737 -0.43654940946762355 -9.852470490636245 -0.023569651413228872 0.9980410413684746 -0.057953009209100285 -1.6976080683554753 0.435931977036226 0.062427955117945584 0.8978118187109587 31.802482432568453
0.8969240817159453 -0.003763566912481831 -0.4421685506705602 -10.261010724123706 -0.0235067065665023 0.9981439897925284 -0.056178380071425324 -1.7554137798163298 0.44155931241952634 0.06078166833140097 0.8951709124018982 32.62871921450388
0.8943832743485948 -0.0034261973113911097 -0.44728829599875514 -10.671966651083705 -0.023361003193763195 0.9982481783280046 -0.054358421560983694 -1.8069600315168317 0.4466909693459982 0.05906636637549366 0.8927364349391866 33.44648801462049
0.8915718059237454 -0.004342652611678233 -0.45285853889505706 -11.095201982832037 -0.02202467861018921 0.9983550438065893 -0.052935054907511554 -1.8618112053871325 0.4523434849912061 0.057169466275606186 0.8900095638316328 34.27777696119397
0.8898042781036011 -0.004604484865063926 -0.45631912669496655 -11.520250638802475 -0.021770933098346674 0.9983821812386774 -0.052526628076893074 -1.9145324566653232 0.4558227431146419 0.05667291155594827 0.8882644921166302 35.096532093081144
0.8887132407934281 -0.0056819957454326 -0.4584282829001626 -11.955700970955101 -0.02084281845837668 0.9983885932794268 -0.052780618869417886 -1.9673977883934708 0.45798946773605365 0.05646177232319656 0.8871627334987477 35.9335280390292
0.8875938408553469 -0.004868426979009679 -0.46060120722204284 -12.412062193847497 -0.021865156336280472 0.9983716509321815 -0.05268739463420384 -2.0179248830786554 0.4601076924091177 0.056836124372623864 0.8860420793349808 36.79478420986307
0.8870175948456406 -0.004453897347549049 -0.461714142335572 -12.87712253440002 -0.02210115203930349 0.9983977813721906 -0.05209039479235441 -2.0716135803505953 0.46120638060719726 0.056409511161729174 0.8854979624695385 37.674990792331265
0.8862239864758821 -0.0030913441275686893 -0.46324668308179046 -13.356691840041508 -0.022782364338732826 0.9984769244766727 -0.050247339857373216 -2.123852433458448 0.46269645521652 0.05508425255088861 0.8848037722856843 38.578750448414254
0.885842913838643 -0.0036005719098687085 -0.4639713007113527 -13.83122504655789 -0.021824251896772784 0.9985397539068632 -0.04941722267355099 -2.1806152998826143 0.4634717186959834 0.053901723066549334 0.8844707853962438 39.47463550412179
0.8852751369780223 -0.005399683452497403 -0.46503631607344065 -14.309782065444846 -0.019876471799090335 0.9985796413495257 -0.04943304310957281 -2.235084758810743 0.46464272050400635 0.05300512523205415 0.883910402123298 40.37670954135012
0.8839480622486674 -0.00755556147396383 -0.46752404936820047 -14.791696260779746 -0.017887137747431028 0.9985911691324346 -0.04995725406707342 -2.2892315969056063 0.46724284216029555 0.05252228499913965 0.8825675815644027 41.281422397875325
0.8833638112080552 -0.008141228920544636 -0.46861721846261994 -15.289068374420342 -0.016579492765233086 0.9986805630844195 -0.048603017777030605 -2.3447390934454937 0.4683945958992558 0.050703582802895275 0.8820632909396711 42.209853695980975
0.8814407967767108 -0.007457240504221905 -0.472235652340756 -15.79169334422034 -0.015832206240916375 0.9988468555072249 -0.04532439176507822 -2.4011828768422796 0.47202909128906695 0.047427300233002866 0.8803063036065494 43.14458346542878
0.8792158977919812 -0.008004620379883039 -0.4763563068989586 -16.291709954632452 -0.013325675003543872 0.9990544773237685 -0.041383302490641 -2.4565666739696446 0.47623715883532314 0.04273262678452998 0.8782779122536064 44.0576380105884
0.8764394477475361 -0.008203183062438064 -0.4814422106750073 -16.79974708264931 -0.012591731499895068 0.9991224823823386 -0.039946382764753964 -2.5099042387898884 0.4813474241437556 0.04107277669938827 0.8755670644127574 44.975758399052374
0.8718811683038451 -0.01074694906083078 -0.4895995623394761 -17.329960573440047 -0.011702013959479243 0.9990165011706408 -0.04276789985565849 -2.5644973459649747 0.4895776661842478 0.04301782740510483 0.8708979132475461 45.91423017263724
0.8667197584610125 -0.014229446572449938 -0.49859240181086395 -17.838953821521873 -0.010295087875994959 0.9988697349359084 -0.04640327353424354 -2.61487322356235 0.49868915313941786 0.04535168662034609 0.8655936419947758 46.808711779234905
0.8609621340862421 -0.014064529356841694 -0.5084745742745 -18.37986071898001 -0.010922410337987524 0.9988760414478942 -0.04612325632252413 -2.6664498733020237 0.5085517718207972 0.045264145141106736 0.8598408297717506 47.72184391754613
0.8556080107507229 -0.012156112429566856 -0.5174815560672582 -18.934971033594916 -0.01107634678981007 0.9990653246761821 -0.041782670707687423 -2.7195781931176812 0.5175057936690014 0.04148139294038842 0.8546736497393274 48.63396393606159
0.8510713652290366 -0.010581801350741406 -0.5249433843447858 -19.498526018432038 -0.011116836308568957 0.9992095978713901 -0.03816537006480661 -2.7700696039583628 0.5249323263409033 0.03831716328055354 0.8502810404568945 49.53905198473401
0.8472968139780034 -0.010564212772412873 -0.5310146009586026 -20.069433058320246 -0.012197431708403456 0.9991514350562309 -0.03933996040660429 -2.8203296476749795 0.5309795962957934 0.03980963744589428 0.8464489713408498 50.442194662753764
0.8452283844623225 -0.013735355423868941 -0.5342287132966486 -20.626434106239152 -0.011683734234002915 0.9989557423883176 -0.044169164625955055 -2.869117676461924 0.5342775200713221 0.04357481796617773 0.8441852680458555 51.322960393435764
0.8436298798116514 -0.01609086923087326 -0.5366839943732006 -21.194523058612877 -0.014101867885931684 0.9985420163496764 -0.05210545946875713 -2.9239238585706393 0.5367399400185405 0.05152596929430343 0.842172969927898 52.20735094942398
0.8408918089934029 -0.01720186344793434 -0.540929811955046 -21.752946397860143 -0.014323939889683024 0.9984372272714966 -0.05401784838775924 -2.980446296065183 0.5410136692486055 0.05317141235969585 0.8393312877486672 53.07969609850629
0.8395355190433176 -0.017196996460970882 -0.5430325732194974 -22.33686315318042 -0.01274372797807445 0.9986006353439172 -0.051326099481119436 -3.042394533739575 0.5431553273805645 0.05001034296469363 0.8381415488655037 53.97633317967638
0.8371407243135466 -0.015025089866112019 -0.5467811759472945 -22.92200257452571 -0.012409775521334635 0.9988436598653248 -0.04644718095163421 -3.1026627576644334 0.5468467839964875 0.04566825835697072 0.8359862469032253 54.86288545755094
0.834481365296003 -0.013246801064901576 -0.5508769129626563 -23.50298206088546 -0.013010114912424719 0.9989586811070039 -0.04372974217761788 -3.15782847762802 0.5508825536207191 0.04365862689666672 0.8334400616803906 55.729948266958644
0.8324737255991217 -0.01276965298919842 -0.5539173513708102 -24.0932245740196 -0.01448215279553226 0.9988913217285015 -0.044792796584878176 -3.2100244031843443 0.5538752237079441 0.045310741971665756 0.831365848002221 56.60368844826456
0.8293641357114756 -0.014386256805872927 -0.5585232009600611 -24.69438163710361 -0.014287993749011099 0.9987953682013051 -0.046943217766229915 -3.267986617282299 0.5585257233379548 0.04691319723419988 0.8281595065535864 57.4898070419009
0.8266818830821389 -0.016720471956487123 -0.5624210966894125 -25.28368462897315 -0.0136917518216134 0.9986646216317863 -0.04981475115963976 -3.3258898889804147 0.5625029778728505 0.04888148236903022 0.8253490174257082 58.34314460185422
0.8241564624038462 -0.018213285531619567 -0.5660692552224698 -25.886215799067966 -0.012770648689017616 0.9986310500548554 -0.05072412047930185 -3.384394818688275 0.5662181876362147 0.04903368328486791 0.8227956379888507 59.213590713481395
0.8207508436324615 -0.019006359676730256 -0.570970061359124 -26.491561710423834 -0.01172020502659262 0.9986758788550487 -0.05009117474396984 -3.446479594813184 0.571166078711558 0.04780426011282939 0.8194413116534507 60.08329729356449
0.8179903519749099 -0.018394977729972613 -0.574937743473393 -27.110313246662347 -0.012385705148170945 0.9986936211532311 -0.04957464448515239 -3.5071647769389993 0.5750985814483859 0.04767259026065701 0.8166939119118581 60.957443104472624
0.8133889069844089 -0.01868277920655323 -0.5814201920778362 -27.73573011830184 -0.013082778754129082 0.9986438324281584 -0.05039183320014282 -3.571326789000283 0.581573148361218 0.04859474986374238 0.8120413926585892 61.82308522297557
0.808466128177704 -0.019734075112726818 -0.5882117695769082 -28.37250160505405 -0.01306740224726254 0.9985894372008111 -0.05146240287312629 -3.6345258703748726 0.5883976228604775 0.04929200939719313 0.8070678628354164 62.688639308582935
0.8044705534751848 -0.02111030227413805 -0.5936172872560438 -29.016702804573367 -0.012729591223127367 0.9985260374801037 -0.05276087548150416 -3.7025765573505316 0.5938561156531285 0.05000107611019217 0.8030160685124557 63.56428832307555
0.799787177828576 -0.021629939252507717 -0.599893837198662 -29.67625359723698 -0.013253080009634524 0.9984707560286676 -0.053670338417037604 -3.7710823404468106 0.6001373393243083 0.050875289517347634 0.7982774447930157 64.44091183056146
0.7951764660750736 -0.02349115160628282 -0.6059228941016901 -30.328538036620216 -0.012722790529030418 0.9983830040757785 -0.05540313866360374 -3.838037931143007 0.6062446027813457 0.05176430207039138 0.7935917959692209 65.29956210794985
0.7897477113167479 -0.02342364436130992 -0.6129844087371177 -31.00917229843444 -0.013225006485469919 0.9983883096284405 -0.055189513503243644 -3.9084480460715008 0.6132892072044136 0.05169251475891174 0.7881651046858658 66.17717415593155
0.7848115875142342 -0.023879558561820703 -0.6192742032301042 -31.693913018734673 -0.012234857351333681 0.9984656134127808 -0.054006731967709526 -3.97599399612186 0.6196136541176125 0.049961840589915 0.7833152201482414 67.03708297233008
0.7808795993702697 -0.024805469769238524 -0.6241888656142903 -32.36562395310691 -0.01101648739747961 0.9985090585344905 -0.05346304359075324 -4.045396197358882 0.6245844124637986 0.04862456883194957 0.7794420844508967 67.87742111987447
0.7758128048777836 -0.02611347774628537 -0.6304225393080904 -33.06154386723648 -0.010127565384165852 0.9984991196641646 -0.05382323335956446 -4.111073773514092 0.6308818623221435 0.048141399126769735 0.7743839367413696 68.7318068087669
0.7716426912020625 -0.02820251682010159 -0.6354307005169413 -33.767343497823816 -0.009276445378615553 0.9984112683146712 -0.055577755113243484 -4.17865042514565 0.635988604202604 0.04878070671179321 0.7701551389019761 69.58200128905082
0.7675191160577428 -0.02690734300116293 -0.6404610849837473 -34.47062123209804 -0.011260115632129683 0.9983985739155056 -0.055439132383504015 -4.248316407817381 0.6409271536468806 0.04976225975679142 0.7659870111313934 70.41674283295549
0.7633434561195727 -0.02660303488393634 -0.6454448439133975 -35.19718174020816 -0.010864381604273847 0.9984816730072826 -0.05400290622674638 -4.318675165557532 0.6459014887827577 0.04823512416841189 0.7618954256226212 71.26927659331915
0.7608154995724536 -0.0261145699090554 -0.6484425995019011 -35.924090284209264 -0.011611211570905205 0.9984823330301305 -0.05383502941917595 -4.389036989881056 0.6488643582261037 0.048487729016452416 0.7593576132222905 72.11191853391564
0.7567919975548986 -0.02616913845681937 -0.6531317237964284 -36.66498757077193 -0.011960172131965048 0.9984766228233743 -0.05386453339445787 -4.460872487837549 0.6535463462673784 0.04857581566640665 0.7553261304978818 72.96262373219093
0.7534026255686488 -0.026909207123190997 -0.6570086592719063 -37.38683567441949 -0.013656267651829444 0.9983065001075243 -0.056547663054167 -4.528058405001245 0.6574176679555307 0.05157544391536746 0.7517592589684844 73.77734505021516
0.7505061885063344 -0.028719067751165773 -0.6602391052953456 -38.133357487503154 -0.014076229613227274 0.9981339676191231 -0.059417526410841706 -4.596606144268967 0.6607134937123429 0.053886898522844284 0.7487014634645899 74.61983005740028
0.7471588612729928 -0.02832475124988578 -0.6640416737584149 -38.88710322615374 -0.0158698698103377 0.9980463919681155 -0.06042802918869809 -4.669420034462745 0.6644560055063451 0.05568759238878361 0.7452496956057701 75.46162931493573
0.744646547198939 -0.027136319108736803 -0.6669071449084402 -39.641863401772 -0.01645306186053741 0.9981233085092951 -0.058984385780237396 -4.745086278347733 0.6672561850594655 0.054895183720316924 0.7428025998232646 76.29867054212282
0.7414677789686233 -0.026967162039190508 -0.6704463475349011 -40.40081243964625 -0.016216014268631902 0.9981800295681629 -0.05808329753501633 -4.819041902268091 0.6707924967026516 0.05393886115644035 0.7396810296503282 77.13294220448145
0.7375708464695284 -0.02707598210344717 -0.6747267132931358 -41.17190355309108 -0.016864276973897706 0.9981455728006301 -0.05848941494535706 -4.892706669837978 0.675059140076165 0.05451886546541759 0.73574645816884 77.96544765655979
0.73513971086408 -0.027534354881456207 -0.6773562318395979 -41.959825109219985 -0.016894177984820884 0.9981204088134688 -0.05890871124249258 -4.966783285019294 0.6777050923970501 0.05474950969000734 0.7332927784506061 78.81638387716005
0.7320923177008652 -0.02807987040597852 -0.68062644618128 -42.75813131980107 -0.01649089536762166 0.9981266937335436 -0.058916497065924965 -5.045915813600835 0.681005791996918 0.054356454396220895 0.7302578223696903 79.6727726676105
0.7292972489574799 -0.027803555597919388 -0.6836318343663971 -43.54426669561674 -0.01713885943547494 0.9981180771063213 -0.05887753095052953 -5.124681764953616 0.6839822966717067 0.05465589126245163 0.7274482465371708 80.50502647030595
0.7278894632288613 -0.02998230412065079 -0.6850386782948953 -44.339543998038636 -0.015479823798758651 0.9980704580938833 -0.0601309881460905 -5.2034180771370755 0.6855197330314858 0.05437299072041832 0.726020849221672 81.34973457887877
0.7253122520308648 -0.033670710971224704 -0.6875961171186236 -45.161343239677905 -0.013196157050047796 0.9979396520513899 -0.06278783562650911 -5.2858424003836575 0.6882935409351347 0.05461441280690749 0.7233735324303281 82.21582502360086
0.7226317716704421 -0.03706210635595027 -0.690238888244424 -45.99091577955481 -0.010237401881836512 0.9978781968690825 -0.0642985211028903 -5.367563959464136 0.6911573758379116 0.05353040711380113 0.7207190696374579 83.08226535333331
0.7187559021155951 -0.039360882034543423 -0.6941474440920028 -46.81326310015236 -0.007321876337699186 0.9979123146724924 -0.06416698802253376 -5.450495613824551 0.6952239519039118 0.051202863107948436 0.7169671704538892 83.93829934414808
0.712219031783705 -0.04080816455815334 -0.7007701081456575 -47.6403912758264 -0.00601738108217759 0.9979171269818065 -0.06422771054061571 -5.538355871416922 0.7019315079763792 0.04996099860663261 0.7104900117019481 84.78500241897981
0.7052971899169198 -0.0415358366253363 -0.7076938944000645 -48.47130315897473 -0.004328264120363395 0.998011161736996 -0.06288868879278608 -5.619786095518344 0.7088985400076661 0.04741830157444376 0.7037146898074492 85.61625775997875
0.6960068898311349 -0.039737633654259114 -0.7169346760892169 -49.32216931855169 -0.0047615654825381645 0.9981900613902639 -0.05994938561700828 -5.700982197203363 0.718019315061751 0.0451389168374824 0.6945579467438212 86.44456282687275
0.6880070807570162 -0.03918479744447238 -0.7246452983891114 -50.17064832694162 -0.0049540435770803574 0.9982643070051829 -0.05868416150630995 -5.7820667263322205 0.7256870636027937 0.04396504303077563 0.6866187884924626 87.25114801555796
0.6805501326864408 -0.03965155805343541 -0.7316278226286934 -51.03379941803945 -0.006836642388619134 0.9981474924851814 -0.060455302219034265 -5.859735970890422 0.7326696235147994 0.0461447417316391 0.6790183249288655 88.05402147369524
0.6705248912052505 -0.04128379463147971 -0.7407374829013399 -51.9154059771331 -0.006454930139126312 0.9980880652998131 -0.0614698933053833 -5.943324236829769 0.7418589516552901 0.0459985022245509 0.6689764073881919 88.86397759121411
0.6617004604701022 -0.04212934914587377 -0.7485837418446918 -52.80095739771915 -0.006666254398568126 0.9980500617507242 -0.06206154438675903 -6.018877021187158 0.7497386622456846 0.046056402159972885 0.6601293404736155 89.64953778752779
0.653670596972763 -0.04229550561963469 -0.7555963478323936 -53.697588492597376 -0.005026865859563443 0.9981723031344696 -0.0602227853462365 -6.103114383606291 0.7567624999118957 0.04316414553316644 0.652263271438374 90.43751255203198
0.6431793611862917 -0.04146582006988139 -0.7645919794962055 -54.611041094839656 -0.005075637902511514 0.9982798349997133 -0.05840897989888071 -6.1828115085183235 0.7656987313845285 0.04144824240999229 0.6418625210722668 91.21771316586837
0.633918900533363 -0.041125837521796126 -0.772305310764275 -55.51953394302761 -0.005979736909057634 0.9982947098136279 -0.058068193571208765 -6.263600362048205 0.7733764091909392 0.04142870799645751 0.6325919631647825 91.96845011083794
0.6257705444230266 -0.041419211238948525 -0.7789067175681902 -56.452487028796 -0.007638231069973567 0.9982158669051698 -0.059217737924392125 -6.342629758073263 0.7799697963117743 0.043006185591187435 0.6243377169787724 92.72129409122375
0.616686965076281 -0.040679823871792496 -0.7861566886027019 -57.41303042382706 -0.010080836043687237 0.9981739176978117 -0.059558431581620226 -6.425270625387877 0.7871439282937182 0.04465402509922462 0.6151507572886273 93.47229624440303
0.6090290118652896 -0.040856679310625185 -0.7920949403083559 -58.37747355730677 -0.011761321369231307 0.9980973585312937 -0.060525483992316394 -6.507441106411946 0.7930607379173671 0.046177858856417515 0.6073897194762174 94.21231136008878
0.6010057421359019 -0.03990217001115604 -0.7982480283396101 -59.36252381537543 -0.01344571278517336 0.9981068598096514 -0.060015907962935926 -6.5891546980871745 0.7991315978782048 0.0468029190256096 0.5993314408933589 94.95726931854678
0.5944757399002565 -0.03742654178064272 -0.8032420859494256 -60.36062353407878 -0.015167766548534432 0.9982166074778285 -0.05773684623690739 -6.665418757252858 0.803970480507818 0.04650654282783158 0.5928478792626581 95.69153867947998
0.5885721979691967 -0.03553265917719646 -0.8076634187020644 -61.36130032858436 -0.015139177537607795 0.9983740384157396 -0.05495529747833802 -6.744005225550233 0.8083028968655215 0.04457252011323827 0.587077266950068 96.41958998482478
0.5821752062567529 -0.034647868852214284 -0.8123247838173517 -62.379451105147105 -0.01586931842918578 0.9984170749431646 -0.05395840244603801 -6.8201502522802 0.812908478214184 0.04430428473562411 0.5807038284715922 97.14767359604565
0.5767726511322327 -0.03585188617863829 -0.8161176086590276 -63.395712188664305 -0.015998102972028874 0.998349157455948 -0.055163579545706 -6.897372141694186 0.8167480453647822 0.04487317756113374 0.5752469281346706 97.86624938750634
0.5723722252236132 -0.03796076286556451 -0.819114776008365 -64.40284041559383 -0.01536369276861676 0.9982560433901696 -0.056998498046138546 -6.97510768472723 0.8198499818485583 0.04520898492189894 0.5707908154002221 98.56702719754482
0.5673785191181533 -0.039544168263629234 -0.8225070667171372 -65.44178635183552 -0.01562499016027731 0.9981494373848292 -0.05876700035598525 -7.055878868006315 0.8233088580391825 0.046194798459208715 0.5657106724020067 99.2782780345255
0.5643712636025076 -0.04154980523431996 -0.8244747967674325 -66.45170346932973 -0.01609233643188601 0.9979890566962133 -0.06130970088628335 -7.141437928554009 0.8253642308265315 0.04786915916947587 0.5625677115446064 99.96659180916544
0.5603434549315913 -0.041692587406608445 -0.8272103364143065 -67.46944777218165 -0.015536455624458857 0.9980274478081163 -0.060826244074801014 -7.222870227017325 0.8281146243497678 0.04693550443918079 0.5585903931872466 100.65445366736176
0.5578822014170051 -0.04028837105384101 -0.8289416725560033 -68.49186341805266 -0.014291196162737406 0.9982065460253273 -0.05813306446785733 -7.301936604203763 0.8297970902903637 0.0442779700304104 0.5563058963516672 101.33784813493757
0.5559528694493765 -0.038656364865242224 -0.8303144539308044 -69.53837882759623 -0.012118692286712399 0.9984348877541711 -0.05459773083724026 -7.384405290912871 0.8311254684151271 0.040416090492785495 0.5546142762145728 102.0351371487683
0.5532433038982849 -0.03771361451840835 -0.8321655664419594 -70.58525022734922 -0.011774967565533912 0.998520780321503 -0.05308108330627191 -7.464613114650283 0.832936490274343 0.039165476456870185 0.5519808589284285 102.7317667356444
0.5512646838425331 -0.03805879182146101 -0.8334619227733701 -71.60546260988926 -0.009870464851372785 0.9985916481026398 -0.052127672720655965 -7.541405024924022 0.8342720313372672 0.036962801635491566 0.5501126512121363 103.40680623435854
0.5503611725171185 -0.03793203974257808 -0.8340645899128858 -72.62848841881626 -0.007336328277531782 0.9987091848546901 -0.050260743869197426 -7.6181640619446265 0.8348944592419973 0.033780533563699915 0.5493724760844547 104.0827943999018
0.5479084810215152 -0.03819348757807399 -0.8356659344087921 -73.63789830644706 -0.004186939790151625 0.9988194764137772 -0.04839548606742032 -7.691526444557525 0.8365278034589704 0.030015180211548573 0.5471017483037124 104.74692683333727
0.5470202045327671 -0.0397766435876961 -0.836173854206066 -74.63563904083622 -0.0012655400469414498 0.9988300365060405 -0.0483420787899294 -7.762800688927953 0.8371184469603566 0.027502305325909478 0.5463298719276123 105.4008565329584
0.5449061860423194 -0.040658077820328216 -0.8375106979142234 -75.63958798685069 0.001558323014137393 0.9988710850407789 -0.04747764841313175 -7.835124591990332 0.8384955694827475 0.024565752123911794 0.5443543917159022 106.05390074502314
0.5443215501116819 -0.04042535323309321 -0.8379020473181789 -76.61790601093892 0.004598570155246576 0.998966978121475 -0.045208735609128685 -7.90272866158198 0.8388640552774587 0.020754937697532734 0.5439451528643569 106.68770166863212
0.5435186040362017 -0.04051748942659822 -0.8384186663696748 -77.58454288418461 0.006611161479044388 0.9990099885850996 -0.04399244538664858 -7.968346551523533 0.8393710857603068 0.018367791314275118 0.5432483820793199 107.31515776029136
0.541469093967371 -0.04190747096537305 -0.8396755231370276 -78.54357539425534 0.008259093503744912 0.9989738180746779 -0.0445319904764757 -8.032320414819829 0.8406800863899722 0.017177737877466254 0.5412595658912296 107.9392477314644
0.5408202512449707 -0.04353630921559386 -0.8400107413737106 -79.5076172499721 0.010279246195209622 0.9989271226374614 -0.045154631621800924 -8.097107617167953 0.8410753788698044 0.015785862001375543 0.5406875378810654 108.55888521101492
0.5411023033847305 -0.045382410688051725 -0.839731346367325 -80.47670072235745 0.011761508154878104 0.99885354884131 -0.0464031776179597 -8.16404304270591 0.8408745234561825 0.015232359215242705 0.5410157216154408 109.18054876218083
0.5417783809283628 -0.04629764129262397 -0.8392453243059395 -81.41728323898795 0.011976756619284951 0.9988056889268934 -0.047368270689951905 -8.227166997922641 0.8404360435271232 0.015611668008693454 0.541685824590659 109.7858110912325
0.5452556757110497 -0.04699379126222217 -0.836951510953705 -82.3916884282114 0.012061168793589972 0.9987638307846884 -0.04822176400368734 -8.294535313935796 0.8381830207730406 0.01619857707014651 0.5451484474789261 110.41233115418244
0.5484784232486553 -0.04664636680755824 -0.8348625849170171 -83.31279422798512 0.01019640787387522 0.9987416195915025 -0.049104078875509265 -8.35887602251765 0.8361025370713443 0.018419928322265224 0.5482638541281597 111.00988402469768
0.552429987320163 -0.04685127267442718 -0.8322415919420462 -84.22082908132717 0.009124889571368821 0.9986992544540418 -0.05016508290884788 -8.420930706016682 0.8335093553762639 0.020118583492078394 0.5521389291641348 111.60294020508472
0.5584415159452414 -0.047074324700959375 -0.8282071487392086 -85.14749869778116 0.008990876139828373 0.9986734023487509 -0.05070108073215592 -8.488789536932174 0.8294951702180184 0.020867280491692584 0.5581239281645807 112.22544743797378
0.5636646880243178 -0.04541913221251697 -0.8247540372156481 -86.05823421626907 0.007239067201157315 0.9987203768387192 -0.05005202087013431 -8.553828212328169 0.8259719822006713 0.02224210682892102 0.5632722017846303 112.84128997937871
0.5700228860841096 -0.04360323223911799 -0.8204710034356144 -86.96663632694086 0.006158742836617916 0.998789532210667 -0.04880102696736563 -8.617491162068053 0.8216057322262393 0.02276463232074441 0.5696014328355281 113.46541775373898
0.5782755095609085 -0.04293008650544246 -0.814711263402383 -87.87641768880663 0.006093887765733722 0.9988140070020535 -0.048305734115120125 -8.684539227407699 0.8158187908929104 0.0229692640094816 0.5778512899846227 114.106771409917
0.5849603715445978 -0.04203405903961256 -0.8099719140828655 -88.778689799262 0.005011623969954217 0.9988243930157381 -0.04821530402192082 -8.74945505681538 0.8110463903794839 0.024144767495191156 0.5844833469441308 114.74969281105714
0.5925061495906403 -0.04253661417437015 -0.8044421042883414 -89.6573340359168 0.004667935292020885 0.9987694542112926 -0.04937395785823003 -8.813565197489767 0.8055524024403276 0.025499289971635315 0.5919756018059859 115.38828985708106
0.6013946474253777 -0.042708426543107095 -0.7978097945941237 -90.54474635446448 0.0019329134766191691 0.9986450832040139 -0.05200251568857354 -8.878997443043447 0.7989497743247681 0.029731937284012598 0.6006623594097952 116.04720858152643
0.6101283472909018 -0.04209078577567172 -0.7911837748493451 -91.41079224843979 -0.0013064789831470636 0.9985330843111588 -0.0541292217633942 -8.94231661363812 0.7923015164347089 0.03405943758829004 0.6091783497190539 116.70313185361893
0.6195457069031113 -0.040085834498601584 -0.7839363768383727 -92.27849727767116 -0.004105769182533858 0.9985160648650427 -0.054302954485457966 -9.008232146475821 0.7849498453515003 0.036861824140710764 0.6184617580769852 117.37262789418112
0.6280635804850855 -0.03791344722041999 -0.7772378718179649 -93.12619475105072 -0.005491752461322382 0.9985715573682176 -0.05314777013305804 -9.074815629608503 0.7781426472846469 0.03764857680015599 0.6269582164241606 118.05114754051193
0.6404065528734137 -0.03539811748338762 -0.7672199295608946 -93.96179245388454 -0.007071360672157039 0.9986232365710881 -0.05197717997861232 -9.14138685307231 0.7680035435432808 0.03871181549497613 0.6392745516959415 118.73462224096873
