1.0 0.0 0.0 0.0 0.0 1.0 0.0 0.0 0.0 0.0 1.0 0.0
0.9998915017541403 -0.006753387818910351 0.0130910837144065 0.02672743797302246 0.006759685409523984 0.9999770576352557 -0.00043687103493543234 0.0048640999011695385 -0.013087833014463255 0.0005253152427736055 0.9999142126557066 0.2849788963794708
0.9993456074164385 -0.011702388378296014 0.034225882657908414 0.0684950284559467 0.01170520306156517 0.9999314847853699 0.00011813641717878217 0.00547431997374238 -0.03422492014244765 0.00028256179688858807 0.99941411586993 0.6190197021694098
0.9981324305010716 -0.018915948016944423 0.05808474922596992 0.11206663959955294 0.018932951298189813 0.9998207224218819 0.0002576255553295494 0.01255355255357955 -0.058079209164415536 0.0008425713065625854 0.9983116224588541 0.9135745510412416
0.9961238440780709 -0.027311297886502 0.08361447402742048 0.17015550963251014 0.027320018488151677 0.9996261975316719 0.0010400952735604956 0.017252451722854598 -0.08361162508248762 0.0012482852741996918 0.9964976356895886 1.2833330046251121
0.9932210549559122 -0.035326532463524365 0.11074281961539845 0.2366218248788406 0.03534505963046443 0.9993735535308819 0.0017964583982764677 0.021629876198799726 -0.11073690781299628 0.0021299312574314627 0.993847473529442 1.6534095497439691
0.9892874510940591 -0.04628453245089797 0.13844883951706383 0.33143902789570845 0.046469473184309794 0.998917907288278 0.0018980413009921954 0.02278713066917334 -0.13838687499106495 0.004555936194607186 0.9903677681930074 2.0322530956123015
0.9837441520549036 -0.05379565627543656 0.1713285459684813 0.4391306166547406 0.054056926717945916 0.9985329077964624 0.003143361473399697 0.020601941519112127 -0.1712462903878199 0.006169231186858783 0.9852089365281731 2.4437482154890984
0.97669446125826 -0.061102917640694004 0.20575315988638446 0.5636283558484932 0.06122508842517775 0.9981072542423458 0.005779063603628552 0.019730925888147198 -0.20571683911329838 0.0069528759948804175 0.9785868584957768 2.896339180747373
0.9683319822878533 -0.06961905721095919 0.2397631309261995 0.6895143969575235 0.06919076671462525 0.997551157664659 0.01021399252697776 0.03142839344563421 -0.2398870773508215 0.006698859227961123 0.9707776858813376 3.325020045525534
0.9579709430813362 -0.07917774849190087 0.27572188225748234 0.8309091964379433 0.07779842446793878 0.9968414397855428 0.015954594215857813 0.042420759913522815 -0.27611424693804215 0.006166690363521304 0.961105038259502 3.7091188942947864
0.9463283007304051 -0.08734742016588813 0.31118029408538683 0.9967026236655774 0.08515631931224164 0.9961536092940148 0.020649163946730147 0.05102014971058884 -0.31178702429366034 0.006958080257599778 0.9501265371524118 4.091274472749367
0.9311857978614932 -0.09413469692876066 0.3521813008880294 1.1904083218498185 0.09073159615988759 0.9955307662752269 0.02619677189538487 0.06196607424036131 -0.3530733455237501 0.007559909628437044 0.9355651021960345 4.526811568131922
0.9132662034722716 -0.10025700647147238 0.39483334997024094 1.4053361175633576 0.09475313469028578 0.9949380233836322 0.033468987015379224 0.07838043572454126 -0.3961902132331239 0.006845602884348842 0.9181429369436123 4.973591432689567
0.8938326270942469 -0.10862332182666432 0.43504506513364544 1.6546375044306485 0.1011574418634196 0.9940513427423404 0.04036211029912713 0.09568148846204848 -0.43684139764615465 0.007931074800487766 0.8995035805126421 5.406829798878307
0.8738413314626089 -0.11637409395514645 0.4720788045271402 1.9038647076530628 0.10749121204158915 0.9931480756243023 0.04585345371480046 0.11857522624291918 -0.47418031038992453 0.010675679831466393 0.8803630291525486 5.800152323424739
0.8533758517053973 -0.12412691817618907 0.5063024431208775 2.1734729352596 0.11400580488557868 0.9921657899243665 0.051085435851611516 0.14765181981728065 -0.50867704113561 0.01412634021392013 0.8608415152243074 6.182975987250773
0.8291112705623287 -0.13211704587930412 0.543249102359725 2.466772673291644 0.12067440108492518 0.9910629382353063 0.05685016604370033 0.17520756136541965 -0.5459049275737633 0.018421146667011296 0.8376445973121041 6.573457384440178
0.8014781612343509 -0.1377788732664031 0.5819361985182262 2.786178509035327 0.1245980437501093 0.9902154392541774 0.06283877271480104 0.21220177937549028 -0.5849000637357203 0.0221442079130642 0.8108030275583913 6.965261226247919
0.7732734936388949 -0.14247210789135442 0.6178590474440692 3.121929606163945 0.1269468300999231 0.9894866384011201 0.06928704607091231 0.2573135122192859 -0.6212347433644382 0.024857411342409142 0.7832301722599015 7.35402020049926
0.7435869969680611 -0.14705466837475126 0.6522678149726635 3.481936887433128 0.129384799330332 0.9887228724944225 0.07540991386169105 0.2972445522858508 -0.6560014875305318 0.0283197089598372 0.7542281103500185 7.728563752275869
0.7171015117068256 -0.15328169134531777 0.6799045116824157 3.8396413923846158 0.13482700253447633 0.9875981020628579 0.08044667916955414 0.33800625790321615 -0.6838034083677514 0.03398105207552568 0.7288746029355713 8.062737006530755
0.6885389306087125 -0.16051397594644606 0.7072124182747885 4.2491676568369 0.14034409890081273 0.9862545961486701 0.08720897591041238 0.3867446661268014 -0.7114897574385239 0.039206314561403555 0.7016018742553236 8.424658572311973
0.6617721774912562 -0.16546886674459882 0.7312165474308822 4.661186336496888 0.14464308761455297 0.9851942758603701 0.09203594959193831 0.4355391258759086 -0.735619441222029 0.04485858836632353 0.6759080889780582 8.768505530231504
0.6361370445825509 -0.16887854358522375 0.7528676497408502 5.073429753842278 0.14834193444081323 0.9843186155736838 0.09545435307760532 0.48912298103181445 -0.7571818348297423 0.05095979348113917 0.6512133048796106 9.09081121763972
0.6095091181605683 -0.17302335793069348 0.7736675981902783 5.5692168307184655 0.15431520386636297 0.9831201724139969 0.09829315565366845 0.5563657547142449 -0.7776152343767511 0.059478098515845235 0.6259208440866386 9.456803575394757
0.5823743673239856 -0.17602978708919 0.7936331711447815 6.062745116381666 0.16032088896553306 0.9819701916422815 0.1001586505865687 0.6216620286888503 -0.7969550231006068 0.06890614474308934 0.600095521039239 9.793423612888963
0.5598124919313636 -0.1789135651712227 0.8090734886741251 6.618010732891554 0.16612231843507858 0.9808208961132912 0.10194971831876244 0.6923683227123361 -0.8117963717554737 0.07733243785917594 0.5787973262372637 10.159418286417152
0.5373484256951775 -0.18124010995608714 0.8236556877397375 7.1980828817025815 0.17148312244189495 0.979713636537911 0.10370501000067626 0.7649380819116682 -0.825742216506152 0.08551732529007057 0.5575272001927258 10.52488465825202
0.51936365914292 -0.18552160972956955 0.8341721176621921 7.793331190485497 0.17840085165443226 0.9781800320329432 0.10647516640514527 0.837304439952322 -0.8357239530434974 0.09351768418528876 0.5411283739132247 10.894833167778021
0.5092246664969344 -0.1900583790719929 0.8393855202322784 8.44099905279844 0.1858279467942635 0.9765857892884237 0.10838897706932721 0.9166466883076199 -0.8403322040843815 0.10078694709352701 0.5326197312100373 11.279723183811681
0.5014070686416067 -0.1948935107029628 0.8429753679687833 9.070594484741516 0.19306474649325356 0.9749364457238388 0.11056640747019054 0.9917143937577841 -0.8433960843979103 0.1073100474570886 0.5264670915993046 11.651410230328702
0.4954458890548189 -0.19941163420611424 0.845439750166697 9.715991699712646 0.198576991134633 0.9735200777336281 0.11325121121394918 1.0670817771043792 -0.8456361804053774 0.1117750347472884 0.521925082743344 12.031201940669051
0.4811749577572819 -0.2035570907617649 0.8526635742353985 10.395776582657389 0.2028919307375209 0.9721163650891155 0.11757821723230355 1.1537708505818978 -0.8528220942663711 0.11642286513624528 0.5090581420668847 12.425790088883526
0.4664659908328163 -0.20844448727452014 0.8596280446339692 11.090537260452047 0.20836630713076826 0.9703826652705934 0.12223324013960425 1.235999360085461 -0.8596469981620627 0.12209987169199733 0.4960833194975946 12.806318726535544
0.45347489123749457 -0.21195003541700938 0.8657007020349882 11.790758004867572 0.2122110310035493 0.9690547102887584 0.1260930084801748 1.3305195186595724 -0.8656367606205003 0.1265312252129855 0.4844201148884588 13.185506882226255
0.4428265190702362 -0.21514652810568247 0.8704117677583459 12.515163890208209 0.21692249820937393 0.9676516014853991 0.12882161275712525 1.4306576842289607 -0.8699708637527709 0.13176626877472605 0.47517191271627657 13.5621275222187
0.4316434126483016 -0.21850901295744474 0.8751787106492547 13.236188368363845 0.22126419666398056 0.9662239069197538 0.13211175939851377 1.5318587818665679 -0.8744862032027559 0.13662054367147974 0.4654124057810856 13.936265196905962
0.4174329103355278 -0.22264399206159569 0.8810104529275957 13.951240350294475 0.22431006172879142 0.9647645945153951 0.13752917282079127 1.6314913348170847 -0.8805877364442665 0.14021030621327882 0.4526657800801179 14.29927994115149
0.4033320105043327 -0.22842078633858318 0.8860853422052508 14.720478937340967 0.22943587650568956 0.9626539948814072 0.14372357047796253 1.738627323103753 -0.8858230454637084 0.14533145050996776 0.4406770945012572 14.661535742442942
0.39064670562181125 -0.23402433732104697 0.8902964455327625 15.496209619137481 0.2360067238588968 0.9602812372295619 0.14886494455798832 1.8527471596023786 -0.8897729922177998 0.15196234719925628 0.43036201894855486 15.015605816292886
0.3761826760906176 -0.23755454380812757 0.8955749175392387 16.265443188488913 0.24103824975075439 0.958384773302939 0.1529679327773221 1.974458662571012 -0.8946435918098306 0.1583239243361115 0.4177874802054494 15.347339776315604
0.36070552835605263 -0.24008479765223575 0.9012495834948642 17.020217909740374 0.24499909990313742 0.9567571260823284 0.15681595179488625 2.0945209877113813 -0.8999260874427597 0.16424095599748748 0.40392814399716936 15.663857507206913
0.34496808143837765 -0.2415207776827476 0.907008675116311 17.753076994263203 0.24906235961184053 0.9552403270623075 0.15963664547489725 2.213466497419332 -0.9049668302282173 0.17083217349614394 0.3896811577242044 15.960671703374967
0.32540764374910536 -0.24284944542574266 0.9138566694214498 18.566058662981963 0.2515373810796137 0.9538664479813621 0.16391383509340837 2.348479963402042 -0.9115035991751568 0.1765302984527843 0.3714811467879714 16.28039435961771
0.3021355608142368 -0.24375551978216847 0.9215733011905192 19.3342771417731 0.25346679675733486 0.9524961657638713 0.16883612512344567 2.4812483709274495 -0.9189497732917955 0.18257683527996857 0.34956689400758295 16.55974290075124
0.27764403123557013 -0.24455039130311615 0.929036542894172 20.07406645645227 0.25321830556765523 0.9514885357702165 0.17478574319233048 2.6108208658648353 -0.92671154176729 0.18672084085967072 0.3260997484573549 16.816922598846745
0.2495477935695396 -0.24622841399403755 0.93653481882232 20.87956771921439 0.25192357660681886 0.950338927196029 0.1827304982905952 2.759163282176806 -0.9350189357837643 0.19033520850825733 0.2991857251406147 17.070208603636914
0.22130205347739534 -0.24753663547550864 0.9432661423077546 21.65714230183732 0.2541686036704206 0.9484596924341535 0.189268414522708 2.90372272143546 -0.9415007817494985 0.19786314948766012 0.27281211857230087 17.281271199018267
0.1931909536972048 -0.24798164971914197 0.9493062502755037 22.429352551116583 0.2550440985244737 0.946966291558349 0.1954670060651329 3.0548189783998283 -0.9474332500062489 0.20435249950710394 0.2461915772884931 17.474238977859038
0.16112654056836645 -0.24824816675275355 0.9552021176841936 23.24482890049865 0.2533290781547506 0.9458242264751353 0.20307858275548624 3.2237925129262757 -0.95386718996186 0.2092591224214841 0.21528586483477147 17.6579210858893
0.13179491723556558 -0.2467011964867947 0.9600878186097638 24.01773374873308 0.2522408734688673 0.9450015257645801 0.20819860243113755 3.391164294309398 -0.9586472977808541 0.21473387239697403 0.1867745231632698 17.804767411564004
0.10369957603249597 -0.2441415894852317 0.9641790716533446 24.843868226603124 0.2541074882895135 0.9437371171895355 0.21163562562569627 3.576580977469311 -0.9616006355685688 0.22305859750838952 0.15990334502978648 17.932507738451772
0.07605816117799019 -0.2425599185253295 0.9671503719914545 25.665226432626486 0.25839671857707996 0.9416188113323587 0.21583593299919618 3.7610590761591887 -0.9630401299773652 0.23349239831313928 0.13429448232581304 18.03721577622242
0.047407468733945024 -0.2392919036913359 0.9697896249888511 26.524867379378865 0.25877804934759674 0.940676376531725 0.21945814136412692 3.9528022209452285 -0.9647727468601572 0.24055631245702272 0.10651857797110537 18.127032940055543
0.020810407528614128 -0.23777102575329698 0.9710982783687334 27.340845261250227 0.2619787561954109 0.9386662482915755 0.22421597985095487 4.1470526933768275 -0.9648492411982292 0.24974109319541976 0.08182498474645877 18.17784069008427
-0.004744310740050661 -0.23453693077403343 0.9720956329593802 28.155444777017554 0.2655532750731547 0.9369079485792311 0.22734325146565967 4.33906842589493 -0.9640845137297471 0.2592217660462813 0.05783706764976704 18.20974498473366
-0.032622472587493845 -0.22809561883429313 0.9730920629369448 29.03342270204284 0.26792574342015457 0.9359802432533724 0.22837858974105985 4.546869574126017 -0.9628871015311378 0.268166688662031 0.030578698419089223 18.228002756151607
-0.055516907038303254 -0.21736533460873786 0.974510227931617 29.897556954415784 0.27039753792253496 0.9362700169555793 0.224240109782864 4.7588730622583455 -0.9611467341245726 0.2759542836421117 0.006796235813837204 18.231853565195678
-0.07863893215015882 -0.20499512404774142 0.9755987481884825 30.70147095452586 0.27448199035654264 0.9363515043948496 0.2188732445672905 4.953136020509294 -0.958371303472821 0.28499624442113836 -0.017366212760795252 18.207230504478844
-0.10451451385393445 -0.19338480685740694 0.9755403799282731 31.55258036160237 0.2745159973712982 0.9371940583611249 0.2151935504606174 5.1534464567356 -0.9558858109529178 0.29029228968287857 -0.044863158265491865 18.158724889438968
-0.1285648596222732 -0.18569411566805294 0.9741605474851489 32.415519416115565 0.27796093610175215 0.9361903815887116 0.2151401576233976 5.352385771530026 -0.951949995993352 0.2984380418563332 -0.06874547476899612 18.081569542091334
-0.15251138694339478 -0.18219143895670872 0.9713632463828794 33.24128483231827 0.27916608796231335 0.9348932809572283 0.2191822268178858 5.538270496720142 -0.9480540977098408 0.30459946288841855 -0.09172019964907868 17.997140382861424
-0.1766717651149533 -0.18150206655060122 0.9673903489538378 34.02600662189729 0.2807023322323232 0.9327433425246899 0.22626545837843579 5.718817219901139 -0.9433945558940338 0.3115234450466454 -0.11384135933731832 17.899537607003484
-0.19837996885947756 -0.18398841122918505 0.9627012270110978 34.8298863416027 0.28315490355078143 0.9295825803493298 0.23600747214067144 5.902536645141117 -0.9383329305478204 0.31941272805641674 -0.13231334250595145 17.77765159952749
-0.22086548672261164 -0.18531876935761066 0.9575361040183106 35.65093469574083 0.2868789952235655 0.9260049791912421 0.24538789826017288 6.107251701615142 -0.9321581833971644 0.3288947129961322 -0.15135847808725655 17.633332659417267
-0.23755369828199263 -0.1841575238140046 0.9537579603102889 36.46557394627944 0.28818838130632196 0.9242960849418933 0.2502482851911889 6.31015302298337 -0.9276398532364757 0.3343093683757351 -0.16649789459217518 17.48213365661028
-0.2508992462927594 -0.18139215575063705 0.9508661598994163 37.25773529189545 0.2924936264344037 0.9221659629427142 0.2530956642955157 6.51430338094635 -0.9227659761309891 0.3416238027744459 -0.1783146956169056 17.318793828362026
-0.2602117848670895 -0.17818828022952765 0.9489672090252261 38.06101454919346 0.29617710836807476 0.9207139145320594 0.2540964542566025 6.727340397131642 -0.9190043239805836 0.34718125579572306 -0.18680532146889028 17.14421160965431
-0.26939832899534033 -0.17550876137731589 0.9469008475095578 38.91313876043929 0.29628207635457526 0.9204576301390833 0.2549013188466558 6.952146572004497 -0.9163195248195578 0.34921973855803634 -0.19596964723118915 16.96005382176144
-0.2839637842967839 -0.1754435770549892 0.9426473998680525 39.718156124615255 0.2975336395526802 0.9184639581111058 0.26057185378589315 7.1654133493202865 -0.9115033200940004 0.3544622813798827 -0.20861013526812044 16.76918065794491
-0.29297575761594696 -0.17303166225696676 0.9403325206042559 40.52650151047022 0.302701466370253 0.9161127250362677 0.26288647223454226 7.383693855461567 -0.9069382711665999 0.361659396232443 -0.2160218817854439 16.567886723077958
-0.30039285806142096 -0.17037558974840705 0.9384755133958336 41.31546137783627 0.30747517258089774 0.9140944550688204 0.26436782228324146 7.603767385066309 -0.9028970866450052 0.3679721261594672 -0.22220118203475642 16.36752766194276
-0.30694930228475853 -0.16593632265853084 0.937148474175498 42.14585424306395 0.3129825649161536 0.9123148798384508 0.26405202912278225 7.83711821906627 -0.8987903203113649 0.37436171926081985 -0.22809923995199438 16.14066613665252
-0.3094749278594252 -0.16291107301663513 0.9368485743784704 42.955372505150066 0.3183950585115176 0.910593367397045 0.2635228756065732 8.063167002595762 -0.8960188925139084 0.37984167957331744 -0.22993573605916595 15.929235733884072
-0.31099908869541576 -0.16132556729852066 0.9366181869718481 43.759346770942145 0.3256557196244989 0.9077425091024025 0.2644841950747241 8.284694116482617 -0.892876205924691 0.3872694133342903 -0.22977049938850708 15.716320636292304
-0.30833632868365063 -0.15917820069514987 0.9378651336078883 44.59487462155818 0.33238882197648234 0.9057305272165912 0.26300167887875087 8.51714119795819 -0.8913172159444547 0.3928288590358527 -0.22636057092527423 15.508397214889238
-0.3021681046196647 -0.1566303296811167 0.9402985570416156 45.418879389467726 0.3393592202674721 0.9041094503376491 0.2596563525693285 8.741752457024935 -0.8908028716669099 0.39755885304460126 -0.2200390924264335 15.30434028137497
-0.29551296988602666 -0.15509594932855447 0.9426650153320717 46.23788820502899 0.34633350625986287 0.9022182736914222 0.2570122352321382 8.957373916913173 -0.8903511594145819 0.402426928918959 -0.2129022776063359 15.107582378784176
-0.2898038665193475 -0.15354585552381528 0.9446890436550515 47.08919547827352 0.3528285277798444 0.9003884760064893 0.2545832324789263 9.18411945016896 -0.8896773285495947 0.40709244960594776 -0.20676070356497883 14.911933038960338
-0.2854933093410591 -0.1513465296844705 0.9463550064716507 47.9602177239896 0.3589202351597114 0.8987047828474571 0.2520039247313472 9.405199011772767 -0.8886336900626647 0.41161139590586254 -0.2022528705508021 14.721240263428651
-0.2831616109493457 -0.14974275439824397 0.9473101971317521 48.856320278876915 0.36345584537144865 0.8973069579304458 0.2504796832378536 9.634283080922582 -0.887535548893619 0.41523165914322696 -0.19965800433557884 14.522936492574924
-0.28279320639791333 -0.1486731833567402 0.9475886697115792 49.770051751988944 0.3691670267918541 0.8949428155904746 0.2505854408233973 9.869351427987299 -0.8852930072833793 0.420682352106155 -0.19819851130011884 14.315627019849394
-0.28449764065473615 -0.14754613907315622 0.9472545747086648 50.64398081437426 0.37516339671447113 0.8921492017972192 0.2516390818180772 10.0956952425821 -0.8822207876872711 0.4269659688747915 -0.198460432316524 14.119676207369672
-0.2860370795429071 -0.14567652304502254 0.9470803238163474 51.56491664445697 0.38024857352255126 0.8899668187561758 0.25173415312006625 10.339787024408803 -0.8795418190516182 0.43213124412211285 -0.19917021964351328 13.916038760198838
-0.28723415468200875 -0.14437607580320883 0.9469171500821906 52.50092755772494 0.38614586413134616 0.88723254512149 0.2524079683597552 10.587605454175957 -0.8765773850598518 0.4381483306060966 -0.19909326555341544 13.701910795251091
-0.28576581519348127 -0.14281116275143657 0.9475984754422032 53.338450230194965 0.3932205766950786 0.8842785388156891 0.25185123357565603 10.811004140617726 -0.8739081627553292 0.4445856920589916 -0.19654028972715115 13.51140775284622
-0.28609079750634353 -0.14048585084342047 0.947847973725209 54.19831312180391 0.4000857455698773 0.8813268175930247 0.25138503691179986 11.039123650472694 -0.870679879045094 0.4511394089460062 -0.19593310573220774 13.315833651937128
-0.28858484849932614 -0.13858061376943487 0.9473722598344896 55.15156272847927 0.4057969220827734 0.8785016143409885 0.2521185666079053 11.289245304339381 -0.8672068053496631 0.4571983454558469 -0.1972866687530293 13.096969183570947
-0.28955037073282014 -0.1357286144985218 0.9474905413854 56.05147670139122 0.41272370855172014 0.8754368958439427 0.2515340569275602 11.525792194039894 -0.8636085474379012 0.4638835894935646 -0.19746466061238616 12.899263592051616
-0.2900179909593685 -0.13428614860611368 0.9475530566740992 56.99357938137011 0.4191077632330916 0.8722938626912795 0.2518970025801852 11.770752327784736 -0.8603709942330963 0.4701815047443527 -0.1967005462084172 12.682948407617465
-0.29107808827850934 -0.13316779946379084 0.9473858156580667 57.91659543469063 0.4245491729745262 0.8694396382379355 0.2526513708400057 12.010479241743587 -0.8573398079237745 0.4757531425504827 -0.19653854864266695 12.47354318583865
-0.290803027064602 -0.13243204221175867 0.9475734027745226 58.877660404203006 0.4318406978641114 0.8655921837958467 0.25350302368960953 12.256969366928596 -0.8537840541485311 0.4829202061905884 -0.1945272817229961 12.258044996910433
-0.28949930179583594 -0.13148090488655279 0.9481049129236367 59.835377369344904 0.43863020649754697 0.8621730951670908 0.25349772369375984 12.504054098853016 -0.8507606574164339 0.48925486775321075 -0.19192701261715472 12.047877830972899
-0.2887958903883959 -0.12943879786170767 0.9486003011294535 60.75916941317497 0.4462376202612106 0.8584111460600145 0.2529867399361959 12.74444966285396 -0.8470353711377026 0.49636267177140625 -0.1901451501184449 11.845706276071216
-0.28929195967884075 -0.1264004746731608 0.9488588314747225 61.74178495217655 0.45324805680485564 0.8549967183533627 0.25208492737092175 12.999680732465647 -0.8431348415691279 0.5029945641926761 -0.19005290664660074 11.627747013012232
-0.2890516699883276 -0.1230968915735331 0.9493662556473622 62.74787291111832 0.46069335198496464 0.8514276350262038 0.25066435277187527 13.261351449392862 -0.8391726684740254 0.5098216723508521 -0.1893966601805958 11.413013203436222
-0.2896329877735492 -0.11933893639294924 0.9496688636856361 63.68730948356221 0.4660051115276014 0.8490742468460781 0.2488215412156138 13.499618347825649 -0.8360334732673778 0.5146174711408127 -0.19030735659222386 11.210895380110552
-0.29326951688989317 -0.1148429376308141 0.9491069961492717 64.61873637309924 0.4712986284943833 0.8463764185982048 0.2480414498026278 13.740945957964101 -0.8317875890168607 0.520055821731861 -0.19409108439162487 11.008337634639904
-0.2977936902419236 -0.11164226898726254 0.9480795967783892 65.55158004906448 0.4752454328220757 0.8439845950575823 0.24865997242669943 13.979641112502215 -0.8279255380973914 0.5246198691251264 -0.19827580862344285 10.799322591073345
-0.3021134003493069 -0.1106271332349312 0.9468310993633451 66.49267086051005 0.4791150324895709 0.8410562422609904 0.2511437496660829 14.22341718033554 -0.8241215195418072 0.5295149051217005 -0.20109123870039602 10.580531519397809
-0.3095507065325673 -0.11139504887970217 0.944335482320916 67.41932954766588 0.48447139171499665 0.8360717319329731 0.25743257306007905 14.46529532498963 -0.8182089162890629 0.537191960241111 -0.20483888097084962 10.35318814903979
-0.3172778583523573 -0.11073837155813906 0.941844877707573 68.32125510622947 0.48650865954005706 0.8335006946719805 0.2618891295450477 14.712758967819154 -0.8140295355771057 0.5413073110959961 -0.21057613863432906 10.14105786190076
-0.32522761998333444 -0.10717364425646539 0.9395428703240553 69.21355493996238 0.4906718900153938 0.8302131398257839 0.2645510136237142 14.957233927820743 -0.8083737325944585 0.5470465724574114 -0.21742114895727355 9.917626038707246
-0.3312967166579494 -0.10303816551023173 0.9378835865820174 70.11666221449435 0.49543159005395343 0.8269626489790065 0.2658577002274637 15.213168356751826 -0.8029881849120035 0.5527349397694257 -0.22292164823052868 9.687820651006046
-0.33658000840612473 -0.09996776314344658 0.9363334578415047 71.02316708350321 0.5010991018623805 0.8228525935957018 0.26798003531148085 15.469271621590583 -0.7972537789525044 0.5593925773058869 -0.22686197654307055 9.44996781634688
-0.3424349114278687 -0.09660913572024513 0.9345613978389945 71.90015648938963 0.5062333705665794 0.8189905303193012 0.27015233808373806 15.72457639813201 -0.7914961187271788 0.5656157583931845 -0.23154418130696924 9.216702657812101
-0.34747639871148267 -0.09460930513900667 0.9329036561830023 72.81025200220233 0.5103870807283575 0.815524832068315 0.27280813057079534 15.98687811086546 -0.7866162852141342 0.5709363604300056 -0.2350882646472488 8.975370481614457
-0.35170325161017096 -0.09665128580736201 0.931108668071894 73.77048915272123 0.5162853871926831 0.8096757114146103 0.27906028258522536 16.260734192380344 -0.7808676083550489 0.5788642079944382 -0.2348659339385723 8.714516140312815
-0.3535770779982744 -0.10021152896739915 0.9300219886519986 74.72440196101674 0.5219434879472373 0.8039380428678766 0.28505897393213253 16.53894234810767 -0.7762462530045954 0.5862092396847599 -0.23194930912710532 8.459507390418002
-0.35825522604581994 -0.10045871376436827 0.9282032319700613 75.63193057261076 0.525447668832197 0.8000956502676962 0.2893988558054823 16.808150088318317 -0.7717240052827621 0.5914008769451743 -0.23385265108356246 8.219546271203349
-0.35980766024253824 -0.09459673362822874 0.9282186733834112 76.52699710426805 0.5293358914323539 0.7985495341623599 0.286569634697386 17.07911248320737 -0.7683371406305342 0.5944494086765904 -0.23725079315304015 7.979807278957608
-0.361065022549318 -0.08781998046863862 0.9283963057455303 77.40284238463394 0.5339527115961504 0.7967372796882977 0.28302686963256596 17.349239169383413 -0.7645433612755909 0.5979108279546199 -0.24078224715298685 7.738736523619633
-0.3614160669768216 -0.08345873690591338 0.9286619760521454 78.30949988357057 0.5407205100696502 0.7926425699663391 0.2816719479592794 17.626326431948677 -0.7596050003265008 0.6039473449823479 -0.24134590936610012 7.482229361130056
-0.36066195098505727 -0.08031486730053561 0.9292321987545147 79.19558996755667 0.5470012468163996 0.7887463953196184 0.28047951770425694 17.892749863762496 -0.7554552224274822 0.6094494613672291 -0.24053848121711807 7.228135229468064
-0.3588265474637491 -0.07982395186087426 0.929984755544175 80.03602463515365 0.5530194529503387 0.7844559456678035 0.28071044505849874 18.13690723773056 -0.7519394879202411 0.6150260206005476 -0.23733942043095335 6.999669877154641
-0.3577362487629206 -0.08096366449910553 0.9303062191299756 80.91551373673762 0.5581366676328531 0.7801700355676445 0.28252110690366894 18.393898963929683 -0.7486709801806986 0.6203060540033899 -0.2339063120183285 6.767462316655301
-0.35568228250254375 -0.08317192666060358 0.9308987831817936 81.84204371241321 0.5643105914942095 0.7748655315128737 0.2848455097078542 18.66679120286004 -0.7450125302578718 0.6266305440120479 -0.2286711417514874 6.528295583342099
-0.353075079045454 -0.08307455249682336 0.9318994620046195 82.70862407606506 0.5676541085479793 0.7727462789533274 0.2839577458221302 18.918020929915496 -0.7437115042848574 0.6292549619122912 -0.22567984248291983 6.3088892320094185
-0.3510301501933989 -0.08195729551264269 0.9327705159188154 83.58753621278417 0.5710872123773154 0.7706990764738633 0.2826346216963544 19.17091381943216 -0.7420493443931521 0.6319065874277523 -0.22373384914023509 6.087292445472637
-0.3517685807558389 -0.08037217205175595 0.9326302480365443 84.4007414754679 0.5770163312330585 0.7658977641680385 0.283641972092886 19.41144024166396 -0.7370963431488211 0.6379192180849258 -0.22304271365492473 5.874166670613595
-0.3506953270442925 -0.0769850229204232 0.9333199311250344 85.28524211628361 0.583430251268597 0.7616161165283682 0.28204615393390653 19.67238836877074 -0.7325448310471918 0.6434393501257046 -0.22217982180173879 5.649508593523188
-0.3463157641965418 -0.07253975222108794 0.9353092407416216 86.14719409328802 0.5915272619098764 0.7569421643574155 0.27773018963612184 19.92210413527242 -0.728121480170974 0.6494432570791806 -0.21923176309106168 5.429498400358143
-0.339787779096076 -0.07042122225112873 0.9378619923174271 86.97986501538702 0.5997993150384733 0.751860941466346 0.2737624999460637 20.159563745176985 -0.7244204903620098 0.6555501324490732 -0.21323455861953527 5.222471839781535
-0.32971647483740185 -0.06818796176643355 0.9416142777650179 87.87662003664393 0.6108280603980898 0.745082985345118 0.26784403218947095 20.414349476579282 -0.7198445157470498 0.6634770130301021 -0.20401501496103014 5.005054121630919
-0.3179369925090212 -0.06536807766555003 0.9458557412294061 88.75412992340402 0.6194484304210599 0.7409332834666016 0.2594253486078143 20.649499820169375 -0.717774136371048 0.6683897694262766 -0.1950779466856385 4.8115583626545275
-0.30647881499726204 -0.06297475855413098 0.9497920381551547 89.61870926566806 0.6267145572687813 0.7376708621458938 0.2511385331810497 20.874833109130826 -0.7164493001359339 0.6722171367393 -0.18661329376212155 4.631085810824924
-0.29220894704322414 -0.06234837592414605 0.9543199732204664 90.47172922109482 0.6371100708886612 0.7315079973494789 0.24287199794541975 21.087328077479384 -0.7132353670704612 0.6789762365748717 -0.17403040345436321 4.453549219069944
-0.2814340172537317 -0.06060886178515762 0.9576645862751395 91.27163556069178 0.6458445574212464 0.7261572814680632 0.2357549792056713 21.28217258017743 -0.709703953477632 0.6848519317662904 -0.16522145736616523 4.298108038037392
-0.26865817164864764 -0.059786600942074 0.9613783590003464 92.11387625372302 0.6535567185662434 0.7218685388844525 0.2275289612021948 21.47912348996323 -0.7075919745328729 0.6894428003225641 -0.15486194710144635 4.148871096034902
-0.25801490247763026 -0.05911193168033274 0.9643309025601529 93.0060517242079 0.660868228086607 0.7172901278203855 0.22078962302853805 21.677997631756302 -0.704756337470709 0.6942626679178674 -0.14600634482938563 4.003526693504632
-0.24644658774432487 -0.055033042168757984 0.9675926021104289 93.86411266474856 0.669900056677921 0.7118054161505666 0.2111088903898579 21.86543328692207 -0.7003556192764482 0.7002174046739844 -0.13855537788022687 3.8639932494637366
-0.23232189750453874 -0.04821203950796277 0.9714433257716961 94.71173174524917 0.6786884623190075 0.7073956462657327 0.19741674386775787 22.045713194349492 -0.6967126430996873 0.70517160953258 -0.131622543867982 3.7315770344596104
-0.21828819845225056 -0.04373132430526372 0.9749040125525074 95.60297014564006 0.6854574471448932 0.7042003764009086 0.18506733377456175 22.216100671329563 -0.6946210121858375 0.7086532305375648 -0.12374266959539953 3.606817911359325
-0.20599237555709704 -0.04474294778071697 0.9775301580187878 96.49650275033626 0.6900085832223449 0.701693926038643 0.17752123602535014 22.366064266328838 -0.6938697977948287 0.7110722205123525 -0.11367058073132214 3.487319770066108
-0.1929976453971629 -0.04722497446914914 0.9800620953069963 97.37069027944112 0.6978936270507119 0.6955014308058667 0.17094515222431628 22.503486047454476 -0.6897074700140295 0.7169711023000725 -0.10127212979623829 3.3813719802142588
-0.18239718266105936 -0.045265379897307834 0.9821824235548408 98.22935206618658 0.702345611454043 0.6930701977529907 0.16237100436308444 22.637237912442114 -0.6880711517194676 0.7194475285727115 -0.09462211053481456 3.28543559194015
-0.17647040886633963 -0.0407178023084927 0.9834633980833822 99.12827965486933 0.7063618476639741 0.6905956349040234 0.1553403013266204 22.775595199596452 -0.6855006454842207 0.7220939894685976 -0.0931081919813791 3.1881283683007906
-0.17178821566156577 -0.03516061664757952 0.9845062417256569 100.01179290362705 0.7104595952303282 0.687883786715618 0.14853639122767437 22.908296420784804 -0.6824485127135775 0.7249687076079522 -0.09319013083090905 3.095539524255287
-0.17048622446719208 -0.03229018428473146 0.9848308439857987 100.88819492192582 0.7147537184186583 0.683933643163072 0.14615708589182091 23.03204042415924 -0.6782783862645365 0.7288292775050587 -0.09352173532302838 3.0055561253243424
-0.16816580008125853 -0.03124486855013686 0.9852634276539015 101.76599828425127 0.7198962781133931 0.6788942807063468 0.1444018849693321 23.153457320166996 -0.673401523937624 0.7335709330483977 -0.09167373530618761 2.909599942412329
-0.16500712667282397 -0.031927360169302144 0.9857754773881315 102.63475690441513 0.7239688883887496 0.6748395720841849 0.14304055576791036 23.271071452045685 -0.6698072086745088 0.7372734876705211 -0.08823892330377253 2.8193914000025786
-0.16226171889156016 -0.03287017940425779 0.9862001246645065 103.51288301312205 0.7294000301347199 0.6691210441432464 0.14231171534389414 23.38900708228579 -0.6645650687643958 0.7424261441992621 -0.08459722092119937 2.730592645364496
-0.15876215743226813 -0.03503376435453942 0.9866950961277767 104.39533585804031 0.733032994463855 0.6652974902491591 0.14156934165109475 23.500333551395233 -0.6614054780501943 0.7457559150441389 -0.07994315969408078 2.649931299499021
-0.1528831864893747 -0.036314936947653365 0.9875768105030329 105.25023409205193 0.7370914348665243 0.6614631191748628 0.13842961611544752 23.609824990982457 -0.6582727002810187 0.7490979691108164 -0.07435916042282087 2.574521822532257
-0.14747682624124803 -0.03582568589267554 0.9884164638208575 106.11197457339733 0.7408424022797266 0.6580970342161916 0.1343905820370488 23.717838799689282 -0.6552885781899549 0.7520803240254145 -0.07051287476493318 2.5059771065845653
-0.14394010927432294 -0.034359281528452246 0.9889897293273295 106.96941347895229 0.743752230683885 0.6554893213530206 0.1310204905535834 23.82182472391706 -0.6527739764228053 0.7544224210381112 -0.0687964122622236 2.4414286366181663
-0.13790073206242798 -0.03172944054255933 0.989937690311619 107.78821572306164 0.7494859752033609 0.6500657194442594 0.12524110098879193 23.919830116070916 -0.6474983869247195 0.7592152547244252 -0.06586376791235521 2.373070342865163
-0.13218294331300834 -0.029136518755362717 0.9907970189559153 108.6586005133405 0.755277675260927 0.6443793834604791 0.11971150079897303 24.01747910726393 -0.6419371485975552 0.7641506876565061 -0.063169801365281 2.3063172995131414
-0.12682585614712022 -0.029468563463064812 0.9914871688428316 109.51892645928113 0.7620353486057554 0.6369861448550057 0.11640781218656654 24.115346499950455 -0.6349939603554157 0.770311790790055 -0.058330226143602226 2.2411331284236233
-0.12004969016860029 -0.030824578834135974 0.9922892306329447 110.39993024725304 0.7669348007408583 0.6318026013637444 0.11241211821945862 24.20679147276762 -0.6303959734190909 0.7745161833362191 -0.05220726431535422 2.184400529642547
-0.11310601925772568 -0.031819121343429846 0.9930732963505782 111.2306412942918 0.7729730566021595 0.6251670202401106 0.10806873077452173 24.289307645256567 -0.6242753256174602 0.7798421252542295 -0.046114829547346914 2.129601491663081
-0.10653021586122169 -0.029551006008232572 0.993870238588752 112.07428826205472 0.7783977009417311 0.6194538306979436 0.10185269167906497 24.369966661853056 -0.6186665760142444 0.7844766979825116 -0.04298811516298906 2.0822753285843785
-0.09980875400786854 -0.02663509906655298 0.9946500812452145 112.97507293946114 0.7848848696337551 0.6122916746517366 0.09515590665941381 24.45008328328115 -0.6115504509387594 0.7901831918295192 -0.04020658287784745 2.037315122040091
-0.0934840610715994 -0.025740228939604926 0.9952879839220901 113.83334431438207 0.7894686594512529 0.6071781514846398 0.08985503939088652 24.52096160750182 -0.6066300075579871 0.794148684424921 -0.03644037535981265 1.9930657511005392
-0.08826882086787735 -0.026300185409934784 0.9957494240570758 114.73067413894134 0.7942322322209914 0.6014557362782408 0.08629112700191777 24.589690125275414 -0.6011686756342652 0.7984731038334371 -0.03220133367954281 1.9534182025923243
-0.08163246262926682 -0.02769494971831815 0.9962776374109685 115.614586173921 0.7995296942126031 0.5949956634012317 0.08205137784357741 24.65450900293618 -0.5950532825868475 0.8032516108255421 -0.026428026577656527 1.9153408677669161
-0.07231187006145129 -0.02907442242973174 0.9969582094594506 116.49584710725051 0.8039274690296399 0.5899136970641148 0.07551459829559848 24.715074761231737 -0.5903148464911022 0.8069426918787515 -0.01928403577213772 1.881821632806957
-0.0647617459502966 -0.029777233059183783 0.9974563813284312 117.35965061584777 0.8079823337144394 0.5850427504528456 0.06992516391069836 24.772826659234326 -0.5856368026915981 0.810455610464823 -0.013828911716171954 1.85542261377045
-0.056867515216749764 -0.03134026752304403 0.9978897100104085 118.22336920036986 0.8109330218209985 0.58157557625698 0.06447854853845686 24.820629962506825 -0.5823690581009067 0.8128884528229849 -0.007657900085343228 1.8348314396989884
-0.04896007526867868 -0.03244805542380691 0.9982735270099568 119.05554235716252 0.8154510521637042 0.5758407948003782 0.05871082156448415 24.86704910209133 -0.5767516732136919 0.8169176841903243 -0.001733407720192759 1.8186010011361458
-0.04442843485733278 -0.033846333279558716 0.998439051669984 119.94640683275387 0.8206964322230446 0.5686336487963727 0.055795515885143865 24.911290175477784 -0.5696345146780465 0.8218942749405502 0.002514061943128809 1.801584109344555
-0.03922181834471172 -0.03358750545178951 0.9986658742759065 120.78788849457067 0.8254051963529405 0.5622027833836257 0.05132535620205231 24.95004621942334 -0.5631766248694081 0.8263170758451202 0.005672686089675971 1.7921754540102186
-0.03323362982249345 -0.032597414738383124 0.998915879542014 121.6406371037838 0.8298551659914184 0.556099614710078 0.04575611430900245 24.98048410264472 -0.5569882667760401 0.8304761447938627 0.008569924278906016 1.7860122068397233
-0.02742396595030605 -0.03304164352825967 0.9990776625891042 122.50690777341397 0.8344190938602366 0.5495972732119746 0.04108056814874639 25.00782409207197 -0.5504477285746741 0.834776070015734 0.01249844134555711 1.7813816648297824
-0.022799646821138886 -0.03597490025169264 0.9990925796224853 123.34741687455406 0.8389248848797135 0.5428701195612395 0.03869199939425921 25.033619692383706 -0.5437694489711528 0.8390457912649623 0.01780299205646474 1.7801786008620035
-0.01981165015829628 -0.037082611876058824 0.9991157983009051 124.20126472487975 0.8424204243527942 0.5375724249119905 0.036656740273797506 25.058414624080484 -0.5384564301327115 0.8424017852964771 0.020588952815636163 1.7791664001225163
-0.01746362185460487 -0.03503070561477967 0.9992336421357373 125.0609261966132 0.845775957191309 0.5324886552237786 0.033449399024456816 25.08607990477353 -0.5332523344054341 0.8457119377909377 0.0203289480557321 1.7831218346633468
-0.014168814837829613 -0.03337216396797077 0.9993425555624991 125.88994014968783 0.8488314372301562 0.5278308430116659 0.029661293555437507 25.107724951836882 -0.5284736851120206 0.8486936430996108 0.020848604424085315 1.789005876331542
-0.011107416041690354 -0.0339465926820578 0.999361923506272 126.77672655549098 0.8520811412166271 0.5227011471564319 0.027225714762349917 25.126794063039284 -0.5232918440907021 0.8518398556105655 0.023119392326008514 1.7945716896563033
-0.009488526395476204 -0.035357016924359885 0.9993296999594542 127.65554013158709 0.8555877350626182 0.5169834400003489 0.02641496499760232 25.14320005120835 -0.5175708603440318 0.8552648736617307 0.02534561901241633 1.7988793410934234
