1.0 0.0 0.0 0.0 0.0 1.0 0.0 0.0 0.0 0.0 1.0 0.0
0.9999596765272303 -0.0021840659229851343 0.00871063577480285 0.003949435893446207 0.0021726974286844945 0.9999967758936875 0.0013143774623927931 -0.0015586881199851632 -0.008713478377812613 -0.0012953988861788578 0.9999611978653398 0.30858415365219116
0.9998606613884092 -0.004553726498864363 0.016059930974518084 0.012976077970654568 0.004518031883413951 0.9999872439453354 0.002258170611913876 -0.0012020433170634517 -0.016070009204515096 -0.002185296681367777 0.9998684809926659 0.6090364797098811
0.9997724667594867 -0.007305752868434093 0.020040975142855733 0.021404684654738694 0.007264194916427136 0.9999713133853332 0.002145665078276048 -0.002479057418699703 -0.020056075933924573 -0.001999595318394756 0.9997968570848257 0.9014538625886005
0.9997532638025847 -0.009639016070863173 0.020012518213998586 0.03178922333210428 0.009613603605010828 0.9999528557036758 0.0013656484869688987 -0.0013344177117954892 -0.020024738245622748 -0.001172919114806776 0.9997987968181122 1.226395029150067
0.9997995131197496 -0.012293679981640836 0.015805030782033273 0.03633803345847593 0.012289786923747669 0.999924418742394 0.0003434240156625244 -0.001876013733142444 -0.015808058162876826 -0.0001491147030185592 0.999875033722677 1.566783574646015
0.9998839330498509 -0.014193166686610676 0.005538451784359128 0.03603639112799984 0.014200972690997142 0.9998982189284011 -0.001372646509857992 -0.004003430950219608 -0.005518405874085308 0.001451138593504048 0.9999837205641857 1.8924742363687563
0.9998273912579917 -0.013888985863710498 -0.012340330705324483 0.017306308006047582 0.013865356976585124 0.9999018745831674 -0.0019982694963514153 -0.0026864605755532673 0.012366873742016875 0.0018268214871290176 0.9999218585255067 2.240296796614972
0.9994341950520463 -0.010574000547922228 -0.03192930116806401 -0.01568324588153042 0.010530212904426354 0.9999433710729446 -0.0015392411971625229 -0.003077387617559497 0.03194376898325941 0.001202147947687811 0.9994889446429391 2.609934014661591
0.9986039925596545 -0.008140895759669718 -0.05218995938059474 -0.05775610976334919 0.00804476192143734 0.9999655353494413 -0.002051808697953079 -0.003204070155870654 0.05220486423261083 0.0016290885598382002 0.9986350675902179 2.965090590022687
0.9972867860682308 -0.008309126126260065 -0.07314386342487691 -0.09986455854029369 0.00809865233933383 0.9999621691810713 -0.0031736472667231587 -0.002746321548549066 0.07316746656804338 0.0025726697621107704 0.9973163506161472 3.351929116615119
0.9954623272856902 -0.00987455373159551 -0.09464273951846115 -0.15023463648286567 0.009689658814250096 0.9999501427753315 -0.002412980658377543 -0.002938262269921581 0.09466184800129819 0.0014849754867040327 0.9955083773533917 3.7511218933332247
0.9933638871631398 -0.010905344960290383 -0.11449568171522478 -0.20906912912713044 0.010747814113055552 0.9999402542083663 -0.0019931145223324957 -0.005237869597953028 0.11451057668149345 0.000749309685642703 0.9934217464717928 4.149170937717603
0.9911669137294782 -0.01054869916839079 -0.13220012887223662 -0.28105126990837664 0.010491189132461718 0.9999443257119301 -0.001131559587546072 -0.010054246151619836 0.13220470520585906 -0.00026537213124540614 0.9912223996152749 4.572520795848065
0.9888684947576587 -0.010656050967161176 -0.14841006924568098 -0.35860941013877057 0.010762757415890336 0.9999420763120151 -8.410483304766687e-05 -0.014220959647925868 0.1484023690125237 -0.0015141329537090604 0.9889259043390811 5.004108943585015
0.9866376614339825 -0.010232981860268353 -0.1626081520783312 -0.4426651669010122 0.010343833535652045 0.9999464875215788 -0.00016492739033351056 -0.017179742831947283 0.16260113821209551 -0.0015192680819331853 0.9866907122683513 5.452471511108305
0.9839759052632598 -0.011740660670029813 -0.17791451528298538 -0.5303277885157102 0.011764414369713379 0.9999303722996398 -0.0009214701523091756 -0.02267640488794279 0.17791294617280132 -0.0011863556528842489 0.9840455152808628 5.906827390350322
0.981801615246288 -0.013842403411402028 -0.18940426649781733 -0.6191557575354139 0.013617902669197829 0.999904179847548 -0.00248673486622387 -0.028187692277151337 0.1894205401393219 -0.0001378085579502265 0.9818960433682016 6.359468008867879
0.9796960217883631 -0.01351992594088826 -0.20003228863013128 -0.7249191073996654 0.012850394701306523 0.9999066405370233 -0.004645165872699544 -0.030939516012591064 0.2000764160216688 0.0019803566641279566 0.9797782942785613 6.846826085251934
0.9779393604112906 -0.013776601221424977 -0.208434192533619 -0.8403808215531382 0.012859431121509722 0.9999007539221844 -0.005754766466026865 -0.03320216105324076 0.20849278738025223 0.0029474674948490867 0.9780194630199236 7.357593537073647
0.9761686001297625 -0.014461353664587041 -0.21653113718559627 -0.9595603030571874 0.012947331054532628 0.9998808189441076 -0.008409192959196588 -0.0416172311283489 0.2166269390894496 0.005405289802443653 0.9762394952586622 7.874427156263
0.9736572936957743 -0.01696100397515179 -0.227384693366057 -1.0856055534558444 0.01521869093917943 0.9998398753797333 -0.009413556540286494 -0.04777477710869994 0.2275079468482774 0.005705080612429398 0.9737595114688673 8.398019002017504
0.9715675009657248 -0.021619344860704076 -0.23577360962374563 -1.206868378296452 0.01965554207976928 0.9997498041213374 -0.010676554917106968 -0.05691344382261823 0.23594544016099753 0.005738735674478312 0.9717493587237872 8.919587531056163
0.9687631259281105 -0.02252217482464843 -0.24696306906734883 -1.3514641637065257 0.01985458690081093 0.9997145871023544 -0.013286824818874766 -0.06556482291651262 0.24719183081363 0.007968436229103669 0.9689337969144582 9.462961660295583
0.9660691347537556 -0.018029486064862356 -0.25765357460816857 -1.5108425781795602 0.013891822612923934 0.9997437978991404 -0.017870529558292655 -0.07123296951851688 0.2579097596847029 0.013684889273928757 0.9660720882340712 10.006200106744613
0.9634860510893762 -0.015208153158643675 -0.267326282721515 -1.6853344503630878 0.010124077121481367 0.9997409164330954 -0.020386345232856175 -0.0795519494836029 0.26756706153530635 0.016935527361677773 0.9633903962020505 10.582703380622641
0.9602149507458975 -0.0180521708970283 -0.2786778920007079 -1.8578251784904323 0.012561217617629804 0.9996904331945097 -0.021476815204685983 -0.09490342220115522 0.2789793257143194 0.017121825407303063 0.9601444573181193 11.155644174065962
0.9568925784480609 -0.019290821426403634 -0.2898007203574836 -2.031443068252289 0.013107617011459035 0.9996434698747819 -0.023262061666735723 -0.10922198704973016 0.29014614194798927 0.01846069731620971 0.9568042741163403 11.70657062667007
0.9539735827804053 -0.01815747586944948 -0.29934045738450976 -2.213872013589797 0.010931168730956231 0.9996074165319726 -0.025797720140565892 -0.12225593936772605 0.29969136275056796 0.02133820246239018 0.953797550955328 12.26417747944209
0.950824868926436 -0.01677803569956573 -0.309274257171673 -2.4129017427298667 0.008089473356519206 0.9995363300824567 -0.02935447608302145 -0.13932599663228562 0.30962336645001487 0.025409100010795552 0.950519725510629 12.838747591546937
0.9483431960469477 -0.017228251083983626 -0.31677810826515146 -2.6185937177531398 0.0065407841264675404 0.9993739166748316 -0.034770573952955394 -0.16065966590335695 0.317178814952184 0.030902460008779345 0.9478621404565826 13.434936930833553
0.9460580405176034 -0.018668060730109168 -0.3234589424959063 -2.835854678662525 0.005291293742016166 0.9990957798563442 -0.04218560043165861 -0.18533631561613093 0.32395398775525014 0.03819851020420575 0.9453013739732165 14.054429986008829
0.9447474414653171 -0.018938199541572286 -0.32725161029834676 -3.0547958365639296 0.0026319568813972655 0.9987357645280976 -0.05019905831239161 -0.21021226604294668 0.32778856698748954 0.046564119776927156 0.9436029027624323 14.660390240889939
0.9437045376416997 -0.020366350669223807 -0.33016201688698865 -3.279887017112028 0.0008449393395275322 0.998247992293399 -0.05916275821587902 -0.2448120492669546 0.3307884999693588 0.055553196511238204 0.9420683683498801 15.275860563511507
0.9427339330175846 -0.020292579581609044 -0.3329278341489653 -3.515143961318331 -0.0021737345213333533 0.997752611450672 -0.06697015172146126 -0.2826683944867371 0.33353861308014643 0.06385873125335986 0.9405711328906942 15.893368914264792
0.9421690043672701 -0.021095756519907943 -0.33447352102437017 -3.749732804183114 -0.0038220538761917344 0.9972756498481252 -0.07366593598242832 -0.3273675229690779 0.33511633668586577 0.07068413737786225 0.9395215769791523 16.511251381842637
0.9415241526985072 -0.02003362479149618 -0.33634940725839263 -3.992485277207743 -0.007092310695016307 0.9968314240833472 -0.07922632825627927 -0.378926337046982 0.33687084916086735 0.07697899608126822 0.9383987772519509 17.1546170151048
0.9411466425991912 -0.0203021122583229 -0.33738823536412893 -4.235907127234143 -0.008877696209291314 0.9963652478929956 -0.08472000531837277 -0.4325278567268146 0.33788190782325994 0.08272917882452376 0.9375455718719674 17.797465182146706
0.9408955539676583 -0.018819671692487827 -0.33817358927225566 -4.498591824499595 -0.012137117283169036 0.9959403266150588 -0.08919392471432393 -0.49046048257260044 0.33847931533248515 0.08802661971970104 0.936847408766644 18.472445901554508
0.9397623615381843 -0.016812994224921402 -0.341414743473928 -4.773037944885783 -0.015460175703246839 0.9956770444071263 -0.09158715088872604 -0.5485867519031762 0.34147867693810696 0.09134848912752905 0.9354398787365855 19.177798710251604
0.9390586616437955 -0.014849515604340474 -0.3434360520942438 -5.046613543721665 -0.018260337069652174 0.9955011823812905 -0.09297287759102357 -0.6151229587801911 0.34327159812875047 0.09357824407291054 0.9345628508315342 19.876796494209408
0.9370358116692894 -0.013343794556925631 -0.34897826693950273 -5.331165228342804 -0.020151838470657647 0.9955388356722635 -0.09217553945904917 -0.6853866572516364 0.3486513890055922 0.09340433509819966 0.9325866389399619 20.607318990653237
0.9351897294821944 -0.012535000316045531 -0.35392519497500724 -5.6135289442935505 -0.021101103273779166 0.9956256301907214 -0.09101839345955551 -0.7520803612948447 0.35351791087814693 0.09258767884770569 0.9308343614273942 21.32309870088375
0.9327731859156525 -0.011291358669981554 -0.36028695349144874 -5.907633054249073 -0.022609899088723937 0.9957083898358786 -0.08974182343611996 -0.822793415678079 0.35975404945595985 0.091854818217815 0.9285147905500541 22.059450718774702
0.9298393258621449 -0.009945897340932935 -0.3678313570188322 -6.24763513422494 -0.02402637651709323 0.9958603511757228 -0.08766352826361214 -0.9045248170047412 0.3671805568268707 0.090350650701862 0.9257511537157593 22.896234801226374
0.9263624180241989 -0.009446828938639028 -0.3765148441899248 -6.5526709378269405 -0.023369443498046243 0.9963174364745815 -0.0824950597751755 -0.9763172297757126 0.3759076210759113 0.08521926542585455 0.9227302624371474 23.63615261757146
0.9236927398368607 -0.008051240024001515 -0.38304947448958787 -6.829121696152386 -0.023988934961763228 0.9966021864339192 -0.07879475232864194 -1.033642646355572 0.3823823392523166 0.08197108959387844 0.9203610634412555 24.280293346675695
0.920378629606449 -0.006198308711405353 -0.39097923107611865 -7.154273653938912 -0.02548645780210687 0.9967973836643315 -0.07579852497671088 -1.0965446453754528 0.3901968972614419 0.07972801821857706 0.9172730370388535 25.021276677069636
0.9169516774900981 -0.005214959075272144 -0.39896419056093074 -7.491968247626887 -0.026895431454907925 0.996832456111136 -0.07484444007603241 -1.160157832008611 0.39809076466925203 0.07935904891871937 0.9139069342333315 25.770559733078695
0.9135846235436962 -0.00593793944948603 -0.4066053080071844 -7.844536588092938 -0.0266171875353522 0.9968759454587787 -0.07436312724310479 -1.2257314536908317 0.40577661459506387 0.07875969934402072 0.9105724841038239 26.543829613448086
0.9100425162035877 -0.005122374934085162 -0.41448326863322005 -8.199319247459407 -0.02811928939201206 0.9968573810093151 -0.07405854097494727 -1.2895856829056351 0.413560061255837 0.07905139595405208 0.9070385617666894 27.30188446683675
0.906402328413308 -0.0045893511491654285 -0.42239052653079634 -8.569356676590122 -0.028863161175331234 0.9969310918486189 -0.07276892216109401 -1.3506033227766772 0.42142821093740335 0.07814944632913379 0.9034881997373011 28.08329144532961
0.9026240262251497 -0.004796040214076458 -0.43040314273871805 -8.94065850194687 -0.028646506564103953 0.9970515781778024 -0.07118657257394981 -1.415144234010181 0.4294755463850918 0.07658425720354306 0.8998253200515134 28.84972657151963
0.8993439175824584 -0.003986014752486937 -0.43722377519278305 -9.330891512392117 -0.028695197095443714 0.9972646526919192 -0.06811606385368511 -1.4803779082081465 0.43629932795168275 0.07380599012044094 0.8967695201395124 29.64013333604135
0.8955451554664928 -0.0016314893911341406 -0.44496765361412716 -9.734412847269802 -0.029511295865830338 0.9975738029138046 -0.06305228906557797 -1.5416297689396965 0.44399094353017454 0.06959774409028208 0.8933242390536199 30.43734995904592
0.8919734139548415 -0.0016365174595224016 -0.45208489314325645 -10.14319180930227 -0.02822559380079047 0.9978409734517651 -0.05930183433441771 -1.6045037364300827 0.4512058783441742 0.06565602418239033 0.8900014279967329 31.238830939747274
0.8881060152013694 -0.0007003599889699279 -0.4596381351226541 -10.576062099856966 -0.028787068547228175 0.9979509176476824 -0.05714254676339025 -1.6670514132223846 0.4587363190849429 0.06398027400718838 0.8862660515276228 32.078993330250896
0.884971216698835 -0.0004666411294742198 -0.46564549590932375 -11.01176299936471 -0.028834204838814898 0.9980255079397796 -0.05580030584914822 -1.7249318304002346 0.4647521212925198 0.0628081821708088 0.8832103928320261 32.905114852430074
0.8823147489075152 -0.0001227966169869716 -0.47065982278208046 -11.45266101252003 -0.028508034199490752 0.998149953196497 -0.05370254109361615 -1.7771671203667325 0.4697956745717751 0.06080013038490725 0.8806789246364586 33.72601730114032
0.8790449620154155 -0.00105500011781531 -0.47673770747662525 -11.904598265776825 -0.027214696653778625 0.9982558235117956 -0.052389608805846866 -1.8332385720800242 0.47596146381966653 0.059027093775132336 0.8774830409524177 34.560490443948204
0.8767182814625976 -0.0018499824789307302 -0.48100065749861237 -12.361144048585587 -0.026832810961104576 0.9982473176776702 -0.052747445485657865 -1.887020630371406 0.48025519799914235 0.059151249472555276 0.8751320325988761 35.38936367118695
0.8753741813802312 -0.0025651610134206793 -0.48343920250830447 -12.824641531515988 -0.0263160374263642 0.9982504667203442 -0.052947822115637 -1.9403735206280333 0.48272922922386247 0.059071360586922035 0.8737751802445212 36.22074549590374
0.8742257296777165 -0.0016842369401469486 -0.4855167730525834 -13.313928315479176 -0.027412046264431545 0.9982276808588105 -0.05282117839311825 -1.9920042759890746 0.4847452457622055 0.05948664146823556 0.8726301543023647 37.08246970579613
0.8731469766845046 -0.0014071515719138762 -0.48745500000632197 -13.811387307633908 -0.027653643114627802 0.9982423821918891 -0.05241586037023013 -2.046366741758413 0.48667199747797124 0.059246656617199286 0.8715734051418076 37.96137591442284
0.8721235158875678 -0.00039762343893857445 -0.4892856169268705 -14.320584641182716 -0.02787872611146658 0.9983346981111094 -0.05050353629006575 -2.1006930292987187 0.4884908900545734 0.05768598133863169 0.8706600817142646 38.85779324602533
0.8719947233931523 -0.0006386721328378066 -0.48951485623258306 -14.830895842998707 -0.027229523500446443 0.9983875696072596 -0.04980776951086958 -2.157189681614225 0.48875735843508117 0.056761368479063386 0.8705713018609937 39.755633805690636
0.8714304321170654 -0.003057423755729996 -0.4905095861858794 -15.340285529395505 -0.024715723677213194 0.9984366897007722 -0.05013291994763332 -2.21461497050578 0.489896045078317 0.05581065148645073 0.8699925495067654 40.66179986484888
0.8695392618161861 -0.004825151857094159 -0.49384024751909206 -15.860627272557753 -0.023062460366485415 0.9984646483704633 -0.05036336839699329 -2.2715711560118343 0.49332503999088306 0.055182097314282585 0.868092933420144 41.57087028722868
0.8684944804141531 -0.0058140062619078565 -0.4956647403450611 -16.393394871118456 -0.021482450977555828 0.9985502996265169 -0.04935385917828914 -2.329379166864416 0.4952331186321723 0.053511647769247224 0.867110524537024 42.4984344740223
0.8665375852067703 -0.0051968979597870725 -0.4990847680260492 -16.9258237255893 -0.020632336412943722 0.998718073296616 -0.0462224703454776 -2.3880313816491134 0.49868519139649903 0.05035079266795112 0.8653195233897976 43.41928125830581
0.8642030237051701 -0.005758090660910466 -0.5031103042184508 -17.459315486782113 -0.017947818078599704 0.9989453326128925 -0.042262255939966506 -2.446560389351757 0.5028230400897107 0.04555290158550254 0.8631882317965665 44.32696589638459
0.8613489335440558 -0.00547513943400498 -0.5079842886652067 -18.00777812075282 -0.017669926774008908 0.9990139732920953 -0.040729041910434936 -2.5019558476552692 0.5077063997728598 0.04405796199688549 0.8604028751778797 45.25194717851727
0.8566530440558778 -0.008496484758149831 -0.5158230043886692 -18.578153071470332 -0.016256782695386558 0.9989232223404862 -0.043452420937099286 -2.558676101411257 0.5156367705334769 0.04560927115899147 0.8555924936896959 46.19466339072478
0.8513523126088454 -0.011712558402264407 -0.5244635886229326 -19.128544017565776 -0.015084896387067434 0.998790723315434 -0.04679248785888648 -2.611036503345062 0.5243774267801414 0.04774837164455081 0.8501461093769304 47.0935120194054
0.8454074329695597 -0.011233999127738365 -0.5340038104203167 -19.706296540383512 -0.016217014501118815 0.9987779877940308 -0.046685538861381326 -2.6649491506601435 0.5338757165487958 0.048128249102839984 0.8441921528406936 48.00411510112852
0.8395917430188583 -0.008807303538368422 -0.5431465147259428 -20.295342198247354 -0.016803876735581445 0.9989689634735986 -0.0421739225486519 -2.719535098617836 0.5429579493673623 0.04453584422538038 0.8385780964215092 48.909592632600656
0.8345639799718425 -0.007506892358054443 -0.5508598822755953 -20.895465450983565 -0.016576862019753905 0.999112211969862 -0.038729775861317074 -2.7717632385035764 0.5506615757242702 0.041454004146938596 0.8336986233412225 49.81276763707925
0.8303820246401092 -0.0075538978010908754 -0.5571432776069402 -21.501310532357763 -0.017817095033772944 0.9990367943101945 -0.04010030846474663 -2.8235161554576713 0.5569095476638471 0.0432252500561998 0.8294476074342662 50.70429840435022
0.8279195349077932 -0.010915856887819219 -0.5607406600082324 -22.095353674336835 -0.016955031792591734 0.9988664539435815 -0.044478467634208714 -2.873517890142497 0.5605905552316911 0.04633196795496387 0.8267959712833902 51.58085066947043
0.8260372793640015 -0.013388463318737219 -0.5634564421061147 -22.70079908208825 -0.019721473052335854 0.9984190194223674 -0.05263577829123924 -2.9295235787961422 0.5632703406017084 0.05459130613606281 0.8244672902503739 52.45375862145602
0.8225011219976563 -0.014178038145474022 -0.5685867458417775 -23.302015267844183 -0.02025070428425525 0.9983253880051479 -0.054187901236003436 -2.986613548982018 0.5684028617878241 0.05608389161529985 0.8208366364951648 53.32657207821352
0.8208114640225608 -0.013711902099587704 -0.5710346086446528 -23.92533722235534 -0.019133748444976152 0.998490756663197 -0.05147920481709763 -3.0492473968651024 0.5708786562830886 0.05318075402782136 0.8193102997042375 54.215343785758705
0.8181807198849093 -0.011132823938416811 -0.5748533463760721 -24.54713179576344 -0.019217036533718763 0.998724420702269 -0.04669300803952938 -3.1100333887106966 0.5746399003858624 0.04925029669021346 0.8169231256124732 55.09215235800137
0.8152368224857207 -0.009482928762617169 -0.5790500818802019 -25.164928758168195 -0.019653691728293888 0.9988369653932629 -0.04402782035743789 -3.1657061678581817 0.5787941392799641 0.047273572173686614 0.8141022992899016 55.95436616975363
0.8127792259063288 -0.009532897672591422 -0.5824938229690279 -25.80148701985483 -0.020731370663810623 0.9987595246031539 -0.04527275433284601 -3.219658999363027 0.5822028342472313 0.04887264957464897 0.8115733632383735 56.830296600718164
0.8095411558653183 -0.01123830589955354 -0.5869555497997719 -26.439407755092 -0.020407570345927183 0.9986737578419654 -0.047267922213519775 -3.2796882401756515 0.586708315973807 0.05024366505655596 0.8082381617375315 57.70224766763106
0.8065388251996501 -0.013771336276513065 -0.5910207050034099 -27.067806203777096 -0.019764533489233023 0.9985416543389738 -0.050238707845034834 -3.3365475383774412 0.5908506466625228 0.05220071692175284 0.8050904287664423 58.544893805905915
0.803617184486501 -0.015287610983696886 -0.5949501741729306 -27.71114298271684 -0.018502922066608637 0.998545016500527 -0.05065068505913468 -3.397978898789584 0.594858859455742 0.051712077625771256 0.8021650692685641 59.406250070119434
0.7996788056415236 -0.01585940312506693 -0.6002185328197249 -28.360182914066 -0.017752559835468813 0.9985895574876458 -0.05003740896485556 -3.462034772331181 0.6001655225244404 0.05066927085665163 0.7982693596548854 60.270758267478705
0.7965654218728803 -0.015452016032001699 -0.6043548327572364 -29.016427047125354 -0.018215399622686694 0.9986059816122834 -0.049540818571696656 -3.5217520450638586 0.6042778565304757 0.05047106783806641 0.7951735303807711 61.12943934649574
0.7913997370302225 -0.015650192322337875 -0.6110986235533253 -29.687369139119543 -0.019016379483084548 0.9985581264004761 -0.05020005488967351 -3.5869754076500526 0.6110031370949336 0.05134919356567101 0.7899610286465436 61.989162916809
0.7862011508651666 -0.01682273364457751 -0.6177416498917742 -30.36263307517761 -0.018928380802042205 0.9985048130015799 -0.05128211006669861 -3.651313176642684 0.6176807158868572 0.05201090313966593 0.7847072060176942 62.83960677770571
0.7819683499467002 -0.01775307061038933 -0.6230652679820451 -31.04380413746805 -0.01915907477497326 0.9984374398172091 -0.052493891311503935 -3.71978286408908 0.6230236187620836 0.0529859156300949 0.7804063449315609 63.69886709729642
0.7769699158753975 -0.0183363747467646 -0.6292706311164727 -31.745660387242207 -0.019648010243864155 0.9983824702381913 -0.05335165240687691 -3.7903759612918146 0.6292310430343012 0.05381654468872392 0.7753528706335793 64.56069515295137
0.7719969219878807 -0.02019350288591095 -0.6353054185841915 -32.4385034971148 -0.019260470569045375 0.9982930833697822 -0.05513577758145922 -3.8599169463075995 0.6353343896836507 0.05480093190129078 0.7702902512352425 65.40580110322733
0.7664539833360595 -0.020292474768639622 -0.6419785875681928 -33.16097322023751 -0.019778142988157846 0.9982811849063089 -0.05516793382025474 -3.93073128524498 0.6419946389871395 0.05498082692921369 0.764735243193324 66.26612735523635
0.7616857274929307 -0.020901361192000627 -0.6476094391173483 -33.887413863830524 -0.01854894454369394 0.9983665675638767 -0.05403825891938357 -3.9988096472329566 0.6476810860214152 0.05317264212962245 0.7600538671298734 67.11466631286076
0.7574321464391186 -0.02191653929204415 -0.6525459438584306 -34.610354796701884 -0.017199974269031616 0.9984198288965243 -0.05349772099239428 -4.071023759352528 0.6526872945184198 0.05174466708459625 0.7558583101365824 67.952384750384
0.7519717264283204 -0.02328087800306174 -0.6587841250150293 -35.349875673088995 -0.016502350997772548 0.9983981079496773 -0.05411922444058874 -4.137850736230386 0.6589887670241106 0.05156761349830975 0.7503829596773446 68.79213790841351
0.747599824053915 -0.024904410892198935 -0.6636823588077869 -36.09103693497917 -0.016011111090931264 0.9983304402179807 -0.055497535583183544 -4.2068306153955985 0.6639564348631537 0.05211623981337668 0.7459529141651806 69.62013579184188
0.7430690206463855 -0.02364554715764366 -0.668796918844007 -36.83979298810506 -0.01807719220008223 0.9983016917560227 -0.05538002671744209 -4.276890219360339 0.6689705865565263 0.05324115266106627 0.7413796153021327 70.44411129124995
0.7389658230156435 -0.023048050404150353 -0.6733485722769305 -37.61226194126783 -0.01794892697485259 0.9983865303861956 -0.05387181047510517 -4.3494266687351395 0.6735037850192561 0.05189531111749872 0.7373598363409509 71.28121698178082
0.7361695358113858 -0.022415997911703615 -0.6764258551983884 -38.37833585128639 -0.01917420382900825 0.9983594073171664 -0.05395223562411237 -4.41996043536627 0.6765255090909523 0.05268791947817444 0.7345319725446191 72.10479213966832
0.7313895992040268 -0.022790144578697723 -0.6815789488285677 -39.15295902187643 -0.01931989085923291 0.9983478518805324 -0.05411384723630364 -4.492894551064158 0.6816861418522169 0.05274633594486667 0.7297409321471771 72.92974588198157
0.7274416033286828 -0.02371051386550157 -0.6857598160280531 -39.91718472255805 -0.020878980407354704 0.9981751636894298 -0.05666048685573941 -4.562594498278275 0.6858518658746542 0.055535161166723725 0.7256190901226631 73.72880959806864
0.7234000019012112 -0.025607771690911472 -0.6899541138933473 -40.71505044713265 -0.02159030441024486 0.9979842093863723 -0.05967727013637986 -4.633533079459333 0.6900915127755164 0.0580668566781744 0.7213888993814057 74.55947228746608
0.7190719425989294 -0.02522597101455952 -0.6944776394912759 -41.51810732350635 -0.023398591707353526 0.9978954589047276 -0.06047444917843854 -4.708099087467 0.6945416094613155 0.05973527838468305 0.7169683739490814 75.38549754070053
0.7156551781203072 -0.0238826795311542 -0.6980453306541085 -42.32252414596172 -0.02375597030265788 0.9980046729656457 -0.05850065481440359 -4.785440958587927 0.6980496543259446 0.05844904068628461 0.7136598557704381 76.20305579883927
0.7121744502796891 -0.02372412262625656 -0.7016015381785001 -43.12928994592811 -0.023577716604976345 0.9980565766064085 -0.05768154967051316 -4.86112437958165 0.7016064734938798 0.057621488164666446 0.7102310331527137 77.01754663762046
0.7081167083609654 -0.023948123455939684 -0.7056891771332268 -43.95717673475166 -0.024355748432633315 0.9980015191625546 -0.05830750609929808 -4.93668152609962 0.7056752261900072 0.05847610736166074 0.7061182762183046 77.83485921453457
0.7055971080875918 -0.02466341450905903 -0.70818390058175 -44.792863420308116 -0.023891904045172625 0.9979978775793225 -0.05856119251060642 -5.010876700488731 0.708210348681466 0.05824046988067986 0.7035951603646475 78.66438035898713
0.70232100942898 -0.02534452658053776 -0.7114090628373153 -45.647154088921205 -0.02310109205622429 0.9980281906037535 -0.05836154818035626 -5.093483348751049 0.7114854455717761 0.05742286768010292 0.700350680021748 79.51038663530878
0.6991837297621158 -0.024964252610883007 -0.71450605184807 -46.492184807815036 -0.023926986971156538 0.9980132846001036 -0.05828364312733894 -5.173773851690444 0.7145415392616575 0.05784695197927821 0.6971973313318751 80.33170037027004
0.6969474705559979 -0.027121421292161205 -0.7166091346003689 -47.33618123451722 -0.022248606399408503 0.9979857673007481 -0.059408819029009026 -5.254362898335633 0.7167769686582297 0.05734838072893123 0.6949402423438212 81.15623251233606
0.6934881509977744 -0.030689990582416376 -0.719814079400882 -48.21462545621016 -0.01998719863251956 0.9978882725693596 -0.06180216306379477 -5.337348165648663 0.7201907360668507 0.05724613477424362 0.6914102861086874 82.00326732328644
0.6900807105386432 -0.03397210534112428 -0.7229346505744301 -49.099350598523515 -0.017044949567060284 0.9978577454778118 -0.06316161400878954 -5.420486118760893 0.7235316735546125 0.055908996133274505 0.6880233291935904 82.84422554657438
0.685800285569142 -0.03609852668691006 -0.7268939844876404 -49.97161547149054 -0.014287931701474407 0.9979088667853688 -0.06303767602660423 -5.502675479950004 0.7276495195634899 0.053617067825232234 0.6838504125295584 83.66971676160782
0.679130377996052 -0.03755562759294083 -0.7330562765020432 -50.8547093328608 -0.012843661371757862 0.9979293430534948 -0.06302433367666771 -5.5907465519817805 0.7339052868357792 0.052216866134618595 0.6772417801978642 84.49500603548402
0.6712648902616839 -0.03815043931944373 -0.7402350917659222 -51.73314038954104 -0.011346855888511002 0.9980286129691465 -0.06172630360168503 -5.671574607470795 0.7411306875062016 0.04983404132333112 0.6695086798257135 85.29715534088486
0.6617669517780064 -0.0364943901302188 -0.7488208470812424 -52.63684688918472 -0.011815249023473676 0.9981827987057235 -0.059088918237878665 -5.752469959447745 0.7496165029032907 0.047950598088374194 0.6601331977093775 86.09850613588341
0.653557332784141 -0.03578532335460061 -0.7560305704113337 -53.533911207397594 -0.011971424233630729 0.9982679630514905 -0.057599990858044785 -5.834520598468119 0.7567823318272555 0.04669565908556255 0.6519969460485738 86.87446418621836
0.6455209052671718 -0.03637413536108922 -0.7628759290604106 -54.45091263699051 -0.013942291022863852 0.9981375458571455 -0.0593889894787635 -5.9133978326695456 0.7636153307681068 0.048973072468531824 0.6438115134019483 87.64896385889303
0.634631801551736 -0.03777792467522767 -0.7718907337612174 -55.38446291871329 -0.013716687155725006 0.9980965187453752 -0.06012646473754174 -5.997865333600812 0.772692907274727 0.04874595035072869 0.6329056038397308 88.42489352880555
0.6253565984891434 -0.03852501384616527 -0.7793875467533731 -56.32056999914433 -0.014264821936793739 0.9980493060886306 -0.06077908744884852 -6.073095413900324 0.7802087153968482 0.04912642796047746 0.6235871667174078 89.17766050764979
0.6172113717875571 -0.03798273082660214 -0.7858800383615022 -57.272581841301474 -0.013282894839719301 0.9981887062514356 -0.05867598671315791 -6.156254766534675 0.7866852529702074 0.04665424815640706 0.6155889000690002 89.9359827078939
0.6065925284779949 -0.03718788139774732 -0.7941426609066032 -58.24122505294622 -0.013092760211741808 0.998302629894274 -0.05674890991212499 -6.235972542575394 0.7949050786255621 0.044820984185130586 0.6050760244398762 90.68586454258222
0.5965050190663996 -0.03703034217673683 -0.8017546482477468 -59.195992616708644 -0.013818422690282004 0.9983132084654447 -0.05638961781908536 -6.314369288631478 0.8024903821373482 0.044715674675706224 0.5949871385293548 91.40011043713955
0.5873686256600322 -0.03753972417743041 -0.808448431688087 -60.182071396057395 -0.015090295339206946 0.9982420154770615 -0.05731632858854105 -6.392791270812883 0.8091788310236622 0.04586553875162207 0.5857695551820725 92.12040660613685
0.5779795956431606 -0.036804937646597966 -0.8152208189104342 -61.19820371204745 -0.01752817618535725 0.9981920363854365 -0.05749279551657389 -6.475340398436148 0.8158629480861255 0.04751899684889759 0.5762895061327169 92.8396412004301
0.570412453011192 -0.03722063053127646 -0.8205146300417862 -62.20256150513379 -0.019159686306258004 0.998097907062089 -0.05859585598763474 -6.555282136059425 0.8211349096649104 0.04914460887149323 0.5686143399075224 93.53514282577952
0.5617717476694795 -0.03606181455454181 -0.8265059280195228 -63.232782317526336 -0.020987100598908504 0.9981067572093849 -0.05781386357455775 -6.6357990697858344 0.8270260244568064 0.049824158236744125 0.5599513444283976 94.23761714865984
0.5544987220297733 -0.03372891768430415 -0.8315007681170197 -64.27526281239193 -0.02269490405484614 0.9981937650693359 -0.0556250726439504 -6.710652708599946 0.8318750558811638 0.04971486184783042 0.5527316925183154 94.92993057968334
0.5488549047997755 -0.03159750113592813 -0.8353202328443831 -65.32846359558022 -0.02289182704689236 0.9983424033212516 -0.052805397311285904 -6.787435833135406 0.8356041274022553 0.04810450761324363 0.5472218002013469 95.62036558214523
0.5427832360494905 -0.031082040255369408 -0.8392974832782516 -66.39618524140374 -0.023311162913486495 0.99837243567178 -0.052048721160263385 -6.862524962316445 0.8395492530800468 0.04781617366918387 0.541175262912464 96.31024593425833
0.5370689426047213 -0.03193270485877539 -0.8429337181830189 -67.47030758586301 -0.023744614056435003 0.9983149481293079 -0.052947687814373534 -6.941138064259667 0.8432040940322559 0.04845169452124201 0.5354057238256449 96.99204597267037
0.5323716721279117 -0.03407551125288241 -0.845824604896657 -68.5223502584634 -0.023300242837015227 0.9982210320773113 -0.054880504755727734 -7.0176309172706395 0.8461899913136927 0.04892474477564516 0.5306306323132604 97.65182777060257
0.5271435050467168 -0.035390680090821906 -0.8490390007825149 -69.60772647835816 -0.024497371358682286 0.9980842419975808 -0.05681306779808302 -7.097391526542896 0.84942310062982 0.050747863391712035 0.5252666470256789 98.32093077883948
0.5238626103460279 -0.03773138449423971 -0.8509666903619635 -70.66400974297325 -0.02455969214367497 0.9979340564587784 -0.059366998252698006 -7.181709896995025 0.8514486402615569 0.05199963061287825 0.5218536685823628 98.96885572923696
0.5197621630604006 -0.037788313259476125 -0.8534748603396456 -71.7232246758321 -0.024063905421772416 0.9979772819684875 -0.05884108369704287 -7.261674029325031 0.8539720266534647 0.05112130725826672 0.5178014963647559 99.6140275719449
0.517083575903815 -0.036123844012167734 -0.855172288737368 -72.79272191197776 -0.023121912058058865 0.9981548884043197 -0.056144420358036504 -7.33962124814636 0.8556225527142812 0.04880457610045481 0.5152942466575307 100.25716317238565
0.5150120038072961 -0.03421489133116731 -0.8564998407154495 -73.88067927627492 -0.02105310393400799 0.9983967413802555 -0.05254249343180522 -7.419935942950729 0.8569243856660503 0.04509199499338933 0.5134659767096342 100.90690121733118
0.5121839493046184 -0.033691904841488395 -0.8582146920339201 -74.96921103329758 -0.020693434950716214 0.9984561319949459 -0.051547397913297266 -7.497746412990051 0.8586264518547427 0.044161159742962114 0.5106960036513817 101.55898797386263
0.5092132512822373 -0.03375353632272672 -0.8599782343200807 -76.0383161571076 -0.018942542068731836 0.9985490206638985 -0.05040866424677064 -7.575180532577071 0.8604318943522186 0.04195893369569459 0.507835015595196 102.19512158279957
0.5073972063808913 -0.033409442896479416 -0.8610643902068034 -77.10747441709518 -0.016815524072610326 0.9986739609043792 -0.04865755811507469 -7.6510315390454275 0.86154820707087 0.03916795803849479 0.5061625805569432 102.82457256702911
0.504031611291615 -0.03337532242103261 -0.863040104903631 -78.16547233405763 -0.013861577151962854 0.998811783408559 -0.04672127998111583 -7.72372936347858 0.8635739641151988 0.03551209902984828 0.5029700779617567 103.44330363015845
0.5026095948188289 -0.03464341720737306 -0.8638190949731596 -79.21479611208768 -0.011182421633486716 0.9988526513663307 -0.046565376674759025 -7.793614349964579 0.8644411770863668 0.03306379443813356 0.5016455290889069 104.05565335529505
0.4994118449019501 -0.03510607773493574 -0.8656531479049211 -80.26203502988967 -0.008772743896175387 0.9989225396790039 -0.045571906760425406 -7.864858210336898 0.8663202918875689 0.03035330340041161 0.498565771826065 104.65879108436788
0.49788551912243983 -0.034796224105155975 -0.8665444204633728 -81.29089588122933 -0.005248929957433706 0.9990555472198429 -0.04313307667628673 -7.931950871310022 0.8672268783787094 0.026023765240338243 0.4972326468165935 105.24717806842811
0.4966196823234403 -0.03476992341175866 -0.8672715512196314 -82.3024564470843 -0.0033629862775718285 0.9991127362202558 -0.041981313054388805 -7.996359720290161 0.8679617396246577 0.023765368678271517 0.49606211889170065 105.8257961104547
0.49431681963458823 -0.03597013665590838 -0.8685372940152322 -83.30947340226214 -0.0018088883411187563 0.999098789693873 -0.042406796096945996 -8.059519275610295 0.8692799375053563 0.022533479562505794 0.49380627026141616 106.40521566620609
0.4932811817652843 -0.037529051840640995 -0.8690599783583337 -84.31509788887443 -0.00011832906518320294 0.9990659904832078 -0.043210330455112356 -8.122082040651629 0.8698699107995846 0.02141767792619355 0.4928160116694393 106.97596777450023
0.49332107578286255 -0.039032494646779145 -0.8689711045541667 -85.33181228847387 0.0008652809492052972 0.9990142342557178 -0.04438255336662008 -8.18818828249227 0.869846864383219 0.02114294483063072 0.49286855083944114 107.54957449248182
0.49334987442322287 -0.04026891948798647 -0.8688983344038936 -86.32080694652687 0.0009349997930622016 0.9989517803809591 -0.04576533894880765 -8.249374341674185 0.8698304588722894 0.021765904460470754 0.4928703868371891 108.1093671073213
0.49638759543045013 -0.04097057997543861 -0.867133649836778 -87.34021246744557 0.0006359862162745415 0.9989025602615632 -0.04683236727335793 -8.314620825140082 0.8681007721597237 0.022695521130173826 0.4958688966816948 108.68295714457159
0.4999592719881941 -0.04109525630064169 -0.8650733531109486 -88.31906021970008 -0.0009955443484396947 0.9988456156017868 -0.04802546287687718 -8.380659236013464 0.8660483446346893 0.024871994344494934 0.499341214654711 109.23948870054346
0.5043514200709288 -0.04126762949206533 -0.8625118131530394 -89.28125648311685 -0.002097121679288199 0.9987958632659141 -0.04901454481641363 -8.442915112983986 0.8634959450704445 0.026529347504293803 0.5036575687586722 109.79175711312546
0.510333057697399 -0.041368103689720555 -0.8589812863027576 -90.25216618563344 -0.002287435389357287 0.9987735143430829 -0.04945942464391824 -8.509906152968966 0.8599738006826504 0.027205643603569456 0.509612514657512 110.36674943810401
0.5157629063502993 -0.03976344044200563 -0.8558080936970084 -91.21359880731872 -0.004269192139148635 0.99879064909817 -0.04897972307532629 -8.575855285732958 0.8567207237084741 0.028915533511794152 0.5149694102470135 110.93939168020235
0.5218356497075558 -0.03785026693742088 -0.8522059093828552 -92.16069178391218 -0.005458776610108046 0.9988465124411403 -0.04770583132167505 -8.637620769716497 0.8530285789187922 0.029546605167720355 0.5210271026260043 111.51306022039348
0.5299999024820181 -0.037339105063775295 -0.8471752443279298 -93.1175379241942 -0.005713908173294112 0.9988501907056924 -0.04759882121007758 -8.704129666187741 0.8479784517441692 0.030068052152377928 0.5291771514505548 112.10509254703759
0.5370682411784493 -0.036339412751906254 -0.8427556890335027 -94.07166383821024 -0.007015724326836689 0.9988446545434655 -0.04754088453231966 -8.769990240734437 0.8435096229028197 0.03144524082897302 0.5361927945240882 112.70573425350086
0.5444810329169395 -0.037084417848360585 -0.8379529525853769 -95.00709284725575 -0.007089683511753606 0.9987829778280046 -0.048808806466936146 -8.834882815024775 0.8387431914366911 0.03251629059213019 0.5435554706418861 113.30406382700797
0.5533969705103186 -0.037664395038925214 -0.832065614225437 -95.94288752672173 -0.009663213752296632 0.9986195022017025 -0.051630534787097865 -8.899340229139261 0.8328615823352519 0.03661260942320395 0.5522690481108324 113.91499934675517
0.5625920253131645 -0.037315454509153884 -0.8258921054888508 -96.85516667612087 -0.012887231643634553 0.9984636446833237 -0.053891274862049955 -8.962628929360514 0.8266342191771372 0.04096226434743299 0.561246791157808 114.52474105268182
0.5719756838073289 -0.035272182511310576 -0.8195118609721446 -97.77372812203433 -0.0163319214299632 0.9983872918872926 -0.05436987898058861 -9.029163795640109 0.8201079718400159 0.04448245203276387 0.5704771914683433 115.15000441558327
0.5805367630760278 -0.03314185961828352 -0.8135592688048305 -98.6729310790064 -0.01787224113954855 0.998411894399513 -0.05342538833013763 -9.096970556403544 0.8140378674938029 0.04555552944065261 0.5790224900843869 115.78450406542332
0.5929875911497986 -0.030585376630745335 -0.8046305061820082 -99.55890200304691 -0.019321000643006403 0.9984501581996922 -0.052191766833117804 -9.16447166546444 0.8049797610353394 0.04649533661954763 0.5914776141124216 116.42410084991864
