1.0 0.0 0.0 0.0 0.0 1.0 0.0 0.0 0.0 0.0 1.0 0.0
0.9999130790060627 -0.0018955580182280797 0.013047654671046073 0.00664114486426115 0.0018932072050469493 0.999998189349537 0.00019252045700544649 -0.010550053790211678 -0.013047995980000051 -0.00016780180910378143 0.999914857197081 0.35294610261917114
0.9996868275639715 -0.0030787155374941903 0.024834820428619876 0.016079824932215058 0.003102479492871166 0.9999947655615803 -0.0009184064659905133 -0.017178467319353498 -0.024831862920025094 0.0009951683674892257 0.9996911464166529 0.6849308894755926
0.9994643838096948 -0.005465778610223972 0.03226562815274663 0.025610885407540415 0.005535524722230105 0.9999825308063831 -0.002072691031189107 -0.024012437758275097 -0.03225373562793738 0.002250188046633114 0.9994771799254839 1.0170612916697626
0.9992699194267876 -0.007133295135218386 0.03753324165716837 0.03061440432970843 0.007311375564364163 0.9999626475117669 -0.004609486806006651 -0.021177800832576348 -0.03749895886739188 0.004880541135140702 0.9992847484086255 1.3725978184679724
0.9992687950651444 -0.010206610969764666 0.03684698497253538 0.036870187404789145 0.010467696608803874 0.999921407527788 -0.006899717048784227 -0.027375864866924553 -0.03677366634917443 0.007280375001270705 0.9992970997671715 1.7440093984687628
0.9994067306088136 -0.009823324111743801 0.03301043951840678 0.02878640314154339 0.010119092140929311 0.9999100361936906 -0.008804742663827286 -0.03697116125833051 -0.03292097793271248 0.009133554758606895 0.9994162232970935 2.084687172082039
0.9997488381798156 -0.011069524442196011 0.019486564261888335 0.014118399470915588 0.011271781718245952 0.9998834189668155 -0.010300262721312887 -0.0477015020844274 -0.019370273488138856 0.010517323987378003 0.9997570596905727 2.4345268169347163
0.9999216935867242 -0.010739252168870622 0.006424574500345802 -0.002405086963402168 0.010819213215905966 0.9998627918446589 -0.012543608332261903 -0.05832089939075068 -0.00628898402334205 0.01261213492862458 0.999900686434656 2.8299466273328635
0.9999217666310521 -0.009052861927786045 -0.00863170367610882 -0.031659881414467676 0.008923594285216444 0.9998491888866942 -0.014898622340763435 -0.07269047698972997 0.008765277090232858 0.01482043094974923 0.9998517513831714 3.239612231332711
0.9996652037623777 -0.008923916681946942 -0.02428670619449157 -0.06427047626607359 0.008535695904331524 0.9998348859590305 -0.01604190495924112 -0.09196193606199463 0.024425852741565935 0.015829230251222445 0.9995763168400406 3.681649358107738
0.9991506336730979 -0.009478983630782901 -0.040101871527080106 -0.09752476790210299 0.008721835932405195 0.9997811820637821 -0.019013615361493375 -0.11153728993881763 0.04027332626708768 0.01864770389281107 0.9990146757335003 4.108610604284023
0.9985273419038124 -0.010549101437545505 -0.053215260305360584 -0.1375148343059925 0.009530309059115259 0.9997671099187504 -0.019362312205595474 -0.13073670651764482 0.05340712199458661 0.018826640262393637 0.9983953309870223 4.547965931582194
0.9978862238069438 -0.01079394881119249 -0.0640825639732034 -0.18145582276479322 0.009397841610332691 0.9997127490370261 -0.022047675294676553 -0.1480745620985438 0.06430213767352878 0.021398833657322255 0.9977010198494943 4.9925404943760245
0.9968554321260328 -0.011633435717467657 -0.07838310158591813 -0.23790555719313045 0.009835158245925723 0.9996803882920684 -0.02328928780571043 -0.1726146638471678 0.0786289838615406 0.02244514285156504 0.996651242140035 5.4868266365369625
0.9958963556089168 -0.010244453130929978 -0.08991940872206933 -0.2950747402871363 0.00809283127071204 0.9996729159528569 -0.024260403795824077 -0.19743567329659764 0.09013853208757153 0.023433145123112026 0.9956535204290383 5.955641647940489
0.9951389094376759 -0.011545358686924122 -0.09780212480301054 -0.35281735528450825 0.00889849635666015 0.9995833905610195 -0.027456548893242057 -0.22110091979647084 0.09807837521994281 0.026452788271309913 0.9948270615071193 6.416170347196825
0.9948270699766619 -0.013266796879500973 -0.10071292341208178 -0.40258976252255496 0.010441389991038077 0.999538414171639 -0.028529563093398474 -0.24562416895072176 0.10104493167252297 0.02733039874943682 0.9945063956996416 6.899249291562709
0.9942235626305385 -0.013664568370002711 -0.10645556388231425 -0.46832967297266176 0.010279093531172352 0.999425818110993 -0.03228582242022069 -0.2679507823310699 0.10683561085339185 0.031005058691028726 0.9937931568435903 7.4193525929038895
0.9939015046034733 -0.01499912577156155 -0.10924662636915361 -0.5340545867838536 0.011267149070658448 0.9993343078193654 -0.034698596038022236 -0.2980058824032163 0.10969435035028982 0.033256088785050625 0.9934088695295352 7.977320002885257
0.9935017380760278 -0.013114664074113675 -0.11305884320182642 -0.6023904755387544 0.00893583035682901 0.9992608171228086 -0.03738944100800362 -0.3306210256937409 0.11346562199955541 0.03613619998395186 0.9928845490161351 8.50758243500426
0.9925598064943368 -0.01584824318016305 -0.12072225859396067 -0.6659420265628825 0.011029078203129981 0.9991193327401892 -0.04048355689398649 -0.3604692502967275 0.12125753570774041 0.038850896166006434 0.9918604830827693 9.035395757153298
0.9915654452826201 -0.01934890099986021 -0.1281545463554723 -0.7294201802087308 0.013934834365773252 0.9989774945181191 -0.0430091366746632 -0.3904235800779471 0.12885568715690338 0.04086056138134916 0.9908211879097678 9.53757022623978
0.9900418009026994 -0.020409296843977513 -0.1392863707175767 -0.8167739186909171 0.014128978343212367 0.998844730790597 -0.04593011803639156 -0.42713327315933014 0.14006285887528086 0.04350476266104937 0.9891863986072034 10.122517209971171
0.9893181815806635 -0.017863939736468864 -0.14467347804978384 -0.9061028256160462 0.010515976140685813 0.9986229647109444 -0.051396387010496425 -0.458426576340265 0.14539239952534658 0.0493259972936788 0.9881437122965699 10.674295567152534
0.9881324896552071 -0.015393833120493822 -0.15283066704578804 -1.0133306658094168 0.007032185261782869 0.9984559459969056 -0.05510237992925835 -0.4984872603561699 0.15344292508371346 0.05337371830107732 0.9867150120153595 11.263206702948015
0.986178564195863 -0.01515160991521457 -0.16499172172434493 -1.1241321122608385 0.005723764030399494 0.9983309674818847 -0.05746753772356046 -0.5459409876209593 0.16558707088994237 0.05572888015797295 0.984619324343387 11.860629260836097
0.9846956090164426 -0.014835276549698675 -0.17365043090482413 -1.2302621562832143 0.004315376476452649 0.9981404956911405 -0.060802371559921645 -0.5863065110897934 0.17422954717729028 0.05912246130818853 0.9829285830920058 12.407210742715089
0.9835447439626255 -0.01287087845976583 -0.18020565227308405 -1.343355370626936 0.0015206188442637332 0.9980135041076809 -0.06298200804228642 -0.6271184860576036 0.18065830825573514 0.06167159886351332 0.9816105080691597 12.97604454888914
0.98141106719376 -0.012070110141546634 -0.19153754104816176 -1.471435247123419 -0.0007074162638573151 0.9977860326526976 -0.06650212481883369 -0.6773358168258508 0.19191617115770873 0.0654014180607809 0.9792297165444911 13.588711439736267
0.979855664520048 -0.01164883541715515 -0.19936695147741773 -1.6017029478846168 -0.0026281676618139507 0.9974587649160839 -0.07119764762140593 -0.7254457069380292 0.1996896828649803 0.0702873880970443 0.9773350058356546 14.20743914807236
0.9789849771328133 -0.012887714327952188 -0.20352474387077887 -1.742862604892888 -0.0028648710749586146 0.9970335212952134 -0.07691521258757034 -0.7825730290037721 0.2039122533394914 0.07588190978796178 0.9760439174058423 14.852401214550724
0.9782521430631569 -0.010620405825433873 -0.20714717370131788 -1.8850355957764755 -0.006638965654720764 0.9965733639485537 -0.08244667612038038 -0.8319903483612793 0.2073129728873143 0.08202888057487163 0.9748295204928178 15.464172243165411
0.9778951828607414 -0.008564874180823362 -0.2089202102909718 -2.0363965517669906 -0.010070817990842107 0.9960719090200358 -0.08797346580746367 -0.8885336261855598 0.2088530343632875 0.0881328258451317 0.9739676663246061 16.101161766413043
0.9772419765552514 -0.006353953015222292 -0.212032418604953 -2.1924280228247075 -0.014123652576467988 0.9953843771915585 -0.0949234643324422 -0.9534692020952416 0.21165689616992142 0.09575786612103229 0.9726416551740222 16.775265771415384
0.9774674973367423 -0.007083175788072259 -0.2109671070830734 -2.3532900436028936 -0.014267655144883267 0.9949342062880817 -0.09951059830275195 -1.0238467054940346 0.21060324229914498 0.10027838141224778 0.9724147883256544 17.463403639884064
0.9780461013436833 -0.006328523831558654 -0.20829251890678976 -2.5149514346033515 -0.015828679589996376 0.9943950485706721 -0.10453678912501707 -1.1005772779394505 0.20778661301647708 0.10553879459347851 0.9724640282740008 18.162366551255293
0.9785994634364301 -0.005514469663106195 -0.20570046374830067 -2.672000107072446 -0.017266722169785833 0.9939148019955111 -0.10878982801593051 -1.1751430090152608 0.20504865390302543 0.1100134400814691 0.9725492751187461 18.851208285090028
0.9785534293765915 -0.004687075379898811 -0.20593983873863625 -2.839829806161477 -0.01896658941058884 0.9934443064277826 -0.11273277479221502 -1.2604091968567692 0.20511814727479016 0.11422101974069956 0.972049435115289 19.593920285421447
0.978547028334613 -0.0015763632535163857 -0.20601754395291522 -3.022841525183972 -0.022833070932704588 0.9929807789648992 -0.11605095207728564 -1.3513954877033854 0.2047543997311913 0.11826532748508892 0.9716423972355079 20.36970485243393
0.9790245461192951 0.0011963007864388055 -0.20373882045485786 -3.2072764540850107 -0.02518659597314598 0.9930231692814108 -0.11519817990571068 -1.4549717884490754 0.2021795575205217 0.11791333315079913 0.9722241883362474 21.170764645614856
0.9789916210513563 0.0005310323889283642 -0.2038997889058238 -3.3706169038644607 -0.025096800778994836 0.9927067635917125 -0.11791281571537197 -1.5482548658721458 0.2023500840175191 0.1205528909809704 0.9718649309313683 21.891330633239907
0.9788919434496328 0.00034241530290228354 -0.20437819306658236 -3.539440806566736 -0.02500511500888318 0.9926866337966698 -0.1181016143193184 -1.6456395633078098 0.2028430606966711 0.1207192189885142 0.9717415103277258 22.64942898704543
0.9788045111031839 0.0008038902787306616 -0.2047952216348735 -3.7098294354298003 -0.02564625177395768 0.9926015108322912 -0.11867818023293002 -1.7441930452533458 0.20318464217062263 0.12141496799766004 0.9715834533029694 23.428206952259607
0.977639578584177 0.0011981879530639991 -0.21028413808792645 -3.9086159850794377 -0.026225650358367627 0.9928714255849272 -0.11626928880936331 -1.8641229046430978 0.20864579950009454 0.11918429679527255 0.9707018253554399 24.306083507985015
0.9767024696021159 0.0004839235617242806 -0.21459741771772137 -4.075113800977995 -0.026080836406243445 0.99285248554659 -0.11646343596300572 -1.9648512744282516 0.21300722017217763 0.11934700566811375 0.9697340957152 25.042644191984884
0.9760277183807896 0.0018790740791676842 -0.21763814471042367 -4.234601362238663 -0.027738697704373476 0.9928821818334588 -0.11582546199906131 -2.0572003089961672 0.21587139134692143 0.11908586011040777 0.969132653623697 25.726158052896487
0.9746340407063335 0.00453846204004895 -0.22375855080589907 -4.414062123124386 -0.03103702661185985 0.9928746130457429 -0.11505088330109027 -2.1549242363109142 0.22164203048054715 0.11907730737456833 0.9678302563946236 26.447700018638916
0.9734362789025345 0.004951874874583444 -0.22890454309955013 -4.598353503088839 -0.03289641076564092 0.9924178192318096 -0.1184259187421307 -2.249431911418397 0.22658251714359065 0.12281022354187777 0.9662184079795152 27.189470175075613
0.9719349841980824 0.005034973051656004 -0.23519573877569014 -4.798729710868424 -0.03353595878016206 0.9925256163248425 -0.11733814557801411 -2.3589233725121797 0.23284700118440185 0.12193256326905072 0.9648392218675972 27.990913698984432
0.9698368096652682 0.004269406883846298 -0.24371773588139797 -5.00569763231841 -0.033973428062017696 0.9924552790540728 -0.11780630400542023 -2.4606072923654145 0.24137599052931838 0.12253281700247794 0.9626647079608912 28.779536432169028
0.9681343155121591 0.003588122669125053 -0.250405815634371 -5.215704609479715 -0.0343923427887916 0.9923283174341365 -0.1187504828446348 -2.567293548422608 0.24805869040471354 0.12357846007313314 0.960830500307235 29.583089629359577
0.9669002560282246 0.004574054960958399 -0.2551136470551273 -5.453889379376436 -0.03556892036739645 0.9924931056645867 -0.11701404664467198 -2.6880006332964395 0.25266330718260566 0.12221502865637184 0.9598045321699991 30.43786003645239
0.9657440353498702 0.0038322533887384935 -0.25946824857795886 -5.6880926677340105 -0.035441394068236196 0.9924692428640468 -0.1172548913920689 -2.8014003446832114 0.2570649057585436 0.12243412842353388 0.9586070719666744 31.264820174061917
0.9641065906596773 0.00373300834329867 -0.2654892587192227 -5.922875524820941 -0.035321142096686894 0.9928174248479908 -0.11430650829760172 -2.915933510920201 0.26315565501725235 0.11958104183737864 0.9573136767358587 32.09355633247907
0.9621965614707807 0.0017365050976412867 -0.2723504390373774 -6.158593704515568 -0.033751537101085 0.9930317547824771 -0.11291044122200858 -3.0304936341921254 0.27025656483630595 0.11783428424563216 0.9555503495992241 32.902861587025804
0.9607326884578345 0.0012387355216533086 -0.2774728218454722 -6.407849808197904 -0.03388512675577459 0.9930293074980299 -0.11289195115121645 -3.14987533290115 0.2753988008567336 0.11786118947427499 0.9540776910201719 33.770799589622975
0.9589074245864625 0.0008400570707205769 -0.2837178975268848 -6.670483077573762 -0.03420269919514135 0.9930450223790804 -0.11265770677542919 -3.266810141238458 0.281650006995783 0.11773222936923364 0.9522669771272265 34.63832796210139
0.9578797090180069 0.0003546953312783749 -0.2871695270093967 -6.936180260912707 -0.034403321358243415 0.9929388655561668 -0.11352894233434027 -3.3709015251978873 0.2851015161852004 0.11862665577033896 0.9511281943090771 35.50065725511292
0.9567847729007808 3.390562457253332e-05 -0.29079700341580217 -7.216099070433166 -0.0346050358955124 0.9929074435356176 -0.11374225275698982 -3.4892611195225514 0.2887306527472824 0.11888989621483098 0.949999896180076 36.39225403282805
0.9568556505248039 0.0004625529029670221 -0.2905633323452331 -7.482813351013255 -0.035462317976600655 0.9927090164331285 -0.11520083635155258 -3.605123947044156 0.28839155338268996 0.12053462049213366 0.9498956348990855 37.243991851530765
0.9562696348311222 0.00015980651833490123 -0.2924865124442987 -7.77875825607086 -0.03526206702437822 0.9927689305800093 -0.11474509620978546 -3.7277270398885287 0.2903531851540817 0.12004093025673102 0.9493604178255897 38.16777966407954
0.9556130728987332 -2.416003793623278e-07 -0.29462459996575713 -8.05303340721055 -0.03622005222483081 0.9924144698280003 -0.11748032981244072 -3.8375845901305077 0.2923897445565958 0.12293705737470273 0.948364232350724 39.03994998964695
0.9554871504772618 0.0007519712629548911 -0.2950317606835953 -8.342522998952402 -0.03681286713938233 0.9924856405699355 -0.11669218515163335 -3.9589062199656433 0.2927270368206885 0.12235884848144243 0.9483349588159633 39.949165683819096
0.9553550854389207 0.00018207915910120956 -0.2954600270310222 -8.632808602345303 -0.03645739972092801 0.9924304695108921 -0.11727157026312426 -4.082155000700114 0.2932021806391982 0.12280769533530964 0.9481301341244507 40.849192068735704
0.9559957984706142 0.000249478050826233 -0.2933802499610956 -8.931027622663388 -0.03659923961216126 0.9922892448329668 -0.11841684951320208 -4.204567741661015 0.291088524278001 0.12394350466855009 0.948633479634855 41.76003886097544
0.956264224718691 -0.0024249056203699514 -0.29249419200369275 -9.21347307433917 -0.03462965824523698 0.9919944701546647 -0.121440347300162 -4.328898473032066 0.2904471024007278 0.1262580334683626 0.9485248492747688 42.681549167732165
0.9556657046515382 -0.004530559823012694 -0.2944189786351571 -9.50059289378934 -0.03306506152981386 0.9919063542248729 -0.12259072621675178 -4.4604229890008735 0.292591460331481 0.1268907343977923 0.9477810817193391 43.61633517824765
0.9555115294799903 -0.005400442517832 -0.2949043103303535 -9.812088483836295 -0.03221393654078176 0.9919405734706391 -0.12254044636480746 -4.601089528524013 0.29318932334475684 0.1265888380677829 0.9476366849976273 44.59758900901405
0.9551683719544379 -0.006338309224069364 -0.2959952821483633 -10.113609466282016 -0.03155430519583323 0.9918968502992367 -0.12306487797118391 -4.736961878006087 0.29437681131759913 0.1268876046059435 0.9472284987033746 45.54604424962302
0.9543672377745499 -0.006037601383960752 -0.2985744845630725 -10.412237687552567 -0.03154061611308984 0.9921659418004312 -0.1208798306851496 -4.87430492802472 0.2969652589071367 0.124780973312409 0.9467002396225669 46.481219402039876
0.9536267870823949 -0.007011121361522316 -0.30090994522641296 -10.715905659678096 -0.030802520189636334 0.9922066729985116 -0.12073575612548201 -5.007140773629221 0.2994113486641345 0.12440563586300593 0.9459789014859927 47.43871913756593
0.9525382628922147 -0.009776076993475444 -0.3042618708364558 -11.033771279591457 -0.02934041280300345 0.9918827737046639 -0.12372430401700438 -5.1480701397143065 0.30300164669986834 0.12677930251646133 0.9445194601227695 48.40842285929323
0.9502706767791937 -0.011088073739712823 -0.3112277228563608 -11.353090650228715 -0.029884966850437907 0.9915071458490361 -0.12657198934458808 -5.288287700695022 0.30998795074964003 0.12957868015627022 0.9418687998012237 49.3652526562614
0.9481243024408837 -0.012687606846377243 -0.31764655161594274 -11.682925540230906 -0.029707381892832493 0.9912946821942015 -0.1282666149649658 -5.426185072957968 0.31650873381640104 0.13104914225590772 0.9394936634868433 50.324145590624944
0.9448381971825013 -0.011879733286822632 -0.32732194103352613 -12.003599124253748 -0.03177024053991806 0.9913057691326572 -0.1276852532610832 -5.5620091969717596 0.32599299526363595 0.13104100129862095 0.9362461337798401 51.23032582733917
0.9425283410514315 -0.011095023207876227 -0.3339419512053756 -12.352524453656528 -0.0329404560854654 0.9914941216740305 -0.12591399063934255 -5.70075256792498 0.33249850024882566 0.1296777048912403 0.9341458345389237 52.178872319852175
0.940630295212781 -0.011268367597794262 -0.3392457392799466 -12.707549967452287 -0.0342155571856947 0.991210387560034 -0.12779383099179598 -5.850899813412847 0.337703928574112 0.13181423096452155 0.931976965992638 53.13842545164138
0.9402466476216537 -0.013192881384997017 -0.3402384303940453 -13.049966801446221 -0.03356532402356144 0.9907907263330836 -0.13117585767035897 -5.988285418543648 0.3388356691073647 0.13475787358489424 0.9311448355908132 54.06911131839758
0.9397151644616526 -0.015361766874148924 -0.3416129766260549 -13.394585048567016 -0.03344225978461754 0.9900732940276102 -0.1365155218787059 -6.127805206959974 0.34031900467253867 0.13971001600394142 0.92987315612769 54.99426453746774
0.9382352617497516 -0.015071993921619118 -0.3456695367089816 -13.74015119457259 -0.03469236165357592 0.9899180943888916 -0.13732664142242476 -6.278304965487823 0.3442543153720412 0.14083678994031498 0.9282531793358075 55.90957521176342
0.9378306924173121 -0.01687563156079424 -0.3466825715542811 -14.090161602122343 -0.03267301720352482 0.9900899874615303 -0.13658071121225332 -6.423627091446919 0.3455518286840385 0.13941674859159173 0.9279854006961887 56.83825632348324
0.9371161073483004 -0.018272094211572665 -0.3485391397267919 -14.439005899179126 -0.031032036820768258 0.9903114063895951 -0.1353526175048593 -6.57178923641265 0.3476354614234906 0.13765699745303786 0.9274697499180721 57.76440952052166
0.9368012563323276 -0.01766218748864406 -0.34941587437792343 -14.806552378159076 -0.030866460385474692 0.990658084167764 -0.13283004892089448 -6.724527518039504 0.3484977299172043 0.13522058795232064 0.927504568633699 58.717413525416475
0.9357495395230839 -0.015704266516646217 -0.3523154485620956 -15.176132641547941 -0.0343352918256509 0.9902051512740244 -0.13533235431940835 -6.876785437201308 0.3509898674001628 0.13873404197802583 0.9260448037642971 59.657795618031834
0.9339988632600786 -0.01750950124897438 -0.35684666286080546 -15.551696871879878 -0.03387967058209366 0.9899568626154986 -0.1372500567640244 -7.032107611660191 0.35566598284082496 0.14028124438602357 0.9240253682250174 60.62300087245835
0.9326661963080977 -0.01858908225367832 -0.36026131111340687 -15.932224122246291 -0.03360387628898056 0.9898520984825185 -0.13807100574743872 -7.186686477510421 0.35917202809035653 0.14088033628125804 0.9225769263789009 61.57457781181922
0.9321118493978262 -0.021099126110421636 -0.3615554274098795 -16.308286458480573 -0.03181779782617403 0.9896709663566366 -0.13978199487850296 -7.34117794884524 0.36077018717413006 0.14179635125100237 0.921812707017128 62.516388447505136
0.9306302955845125 -0.02047430652188823 -0.36538754181379923 -16.678436454121638 -0.0334791867294591 0.9894838318776246 -0.1407156370440292 -7.494833387941531 0.3644261200795261 0.1431871126366501 0.9201581678051672 63.4380272778563
0.9292815421386731 -0.022431792666195986 -0.3686904258563685 -17.048801117972978 -0.032390968851316 0.9893601315821214 -0.14183566255593316 -7.6431377090002925 0.3679492364134524 0.14374750332993008 0.9186675213096244 64.35613966231537
0.9283260445894223 -0.021577409696247298 -0.3711403647243968 -17.42874471024373 -0.03452351739642731 0.9889969125570339 -0.14385142925683164 -7.796069494578866 0.3701606160621853 0.1463540991686087 0.9173666638662038 65.2662488431807
0.9265542909952332 -0.0225580765199002 -0.3754840596111144 -17.831691234198185 -0.03481637360495432 0.9887724246981047 -0.14531659329075705 -7.960925831341784 0.3745463468882334 0.14771670636848558 0.915365942501864 66.24002696145514
0.924163429728876 -0.024370097846405713 -0.3812191672551602 -18.225782733176832 -0.03452056101528938 0.9885516621739058 -0.1468807069713306 -8.121863334674726 0.3804343386432813 0.14890167743905647 0.9127420251291624 67.16922666424168
0.9218167548217548 -0.02664728753925933 -0.38670892489919184 -18.626490464787384 -0.03406955239773891 0.9882035796920814 -0.14930824050659078 -8.28352375851519 0.38612580350101766 0.15080983771145787 0.9100347557759194 68.08819715681413
0.9193944378451854 -0.027893666138351723 -0.3923465445861576 -19.02719516639868 -0.03448662859098128 0.9879244896362829 -0.15104924768206512 -8.447698365669336 0.3918220771061315 0.15240454772168816 0.9073303222784878 69.01538369998228
0.9164426439583391 -0.029527548566654176 -0.39907518616207266 -19.453895430611876 -0.03376866034266853 0.9880102942332851 -0.1506497131352027 -8.621065988085556 0.3987387088223447 0.15153805582988472 0.9044576605469092 69.98187537532205
0.9137678852869114 -0.029209794660111695 -0.4051851918742835 -19.88265304032909 -0.03498956128154262 0.9880459794676515 -0.15013618171225177 -8.792542636848806 0.40472704681008287 0.15136687336971463 0.9018226473241098 70.92186865261128
0.9115131493722491 -0.030167553019807742 -0.41016301304027986 -20.3112879615734 -0.035269093019434136 0.9878983916064509 -0.15103926290529218 -8.96710017574309 0.40975586585071627 0.152140351669715 0.8994183919593512 71.84959741436278
0.9082291640832252 -0.03131106775562691 -0.4173001348486349 -20.756131183728336 -0.035584167639570584 0.9878066554176916 -0.15156443687723387 -9.136592648999214 0.4169574948625882 0.15250451976422408 0.8960406346418662 72.77910626271313
0.9050984488741934 -0.0327672037525491 -0.4239376230104709 -21.2039667770936 -0.03582833329754988 0.9876032613259913 -0.15282712047076447 -9.310368351466098 0.42368989647931055 0.1535125681385886 0.8927041856319743 73.71274599013282
0.902927850469762 -0.03231589746200757 -0.42857552381964187 -21.654120347677846 -0.03721694182873564 0.9875448123675944 -0.15287296296850358 -9.484113690228158 0.4281777622518151 0.15398352618730995 0.8904790157976494 74.64278190193899
0.9015527406858441 -0.033028786746863346 -0.4314067164612453 -22.102579628532105 -0.037332093357104155 0.9874253944392752 -0.15361446944223126 -9.65440618508007 0.4310556467179377 0.1545968617484584 0.8889830368292234 75.55478030300134
0.9008425319809772 -0.033502178484733906 -0.43285140245918 -22.562532243708116 -0.03797789410346602 0.9871149655492399 -0.15544042057389298 -9.83225032887126 0.43248168994024233 0.15646612676710522 0.8879628027349638 76.47450095632112
0.8992742081052754 -0.033780032479398495 -0.43607890116620013 -23.031944546580583 -0.03841928618753658 0.9870588297192249 -0.1556882305190546 -10.009009181719225 0.43569468333394884 0.15676025031558513 0.8863387427138256 77.4253026946117
0.8971922298150284 -0.0360387744084056 -0.44016736532673306 -23.49946686270265 -0.0382782015333466 0.9865688110005623 -0.15879786033920523 -10.186008723351005 0.43997827451694715 0.1593210215259659 0.8837623719377359 78.35476569763496
0.89591247123209 -0.03657873785714295 -0.44272207967029176 -23.991574169447087 -0.03902071621884704 0.9862720087787888 -0.16045219975189143 -10.371599983241618 0.442513533800468 0.16102645942897423 0.882186064142475 79.33009531808045
0.8948584110988035 -0.036926927314212266 -0.4448199929464231 -24.473150060374813 -0.03976452133495259 0.9860138877168427 -0.16184991835808799 -10.55584748274362 0.4445753107503015 0.16252081487812114 0.8808744392946276 80.26679908757403
0.8941761416777301 -0.03596535091005608 -0.44626844072625693 -24.959364789443562 -0.040530403945672464 0.9861729513330735 -0.16068664043726935 -10.748927180872892 0.44587701668770596 0.16176960033619478 0.880354634449515 81.21083006997742
0.8932602891190924 -0.036711691340440694 -0.44803828809801477 -25.4327491602155 -0.04080704657622135 0.9859231560601085 -0.1621428854257902 -10.929004588530516 0.44768386260016296 0.16311892000439138 0.8791879077330393 82.12577370713653
0.8919236684229669 -0.03827299079161215 -0.450563367222395 -25.92996628022601 -0.04098984161631138 0.9854661086091868 -0.16485260588457853 -11.124205204437402 0.45032433044549935 0.16550446205021677 0.877391742866481 83.08994195543919
0.8911380941075978 -0.039313258414806526 -0.4520258454370599 -26.42942469871405 -0.03996271376716688 0.9855672481927495 -0.1644997896598492 -11.31493353414062 0.45196889133948326 0.1646562085151416 0.8767054546760711 84.04938306539412
0.8893766652153634 -0.03997092800036916 -0.4554244967996218 -26.938352083704945 -0.03982574359581265 0.9856099298226273 -0.16427713286418288 -11.515985305350597 0.45543721578000196 0.16424186783468187 0.8749866006589672 85.01845698240882
0.888095361221143 -0.03912424550437001 -0.4579911820015769 -27.453737672681914 -0.04159863225126261 0.9854416306289725 -0.1648464328341266 -11.714317088233393 0.45777306951404645 0.1654511590682452 0.873538625814945 85.97505656930026
0.8870940913371966 -0.04189891313844204 -0.45968310192180345 -27.95131546131432 -0.04031627972371047 0.9850328713994048 -0.16758532111101965 -11.908990325897044 0.4598246086323277 0.1671966606737746 0.8721276316891157 86.9112332448862
0.885281408615192 -0.045070077678761235 -0.46286662836969783 -28.474128713680866 -0.038436885348275295 0.9847965585818154 -0.16940585600898403 -12.117111800980874 0.4634645977904085 0.16776300636148458 0.8700897311723266 87.89959967550494
0.884237204066921 -0.04796641898896019 -0.4645683906523236 -29.005978777956624 -0.03693260569571484 0.9844155442293294 -0.171936089626925 -12.323007089071181 0.46557550363011935 0.16919000836056677 0.8686853236302039 88.88235882897244
0.8830061901456665 -0.049548310481112 -0.4667387203702973 -29.55923153903796 -0.035901376386146606 0.9843691017020062 -0.17241972853465998 -12.539500877684013 0.4679862811429577 0.16900425007334263 0.8674251576471205 89.89151326716137
0.8801906480418847 -0.052251893712789724 -0.4717352676057137 -30.087905775218246 -0.034439211764963784 0.9842699968707063 -0.1732816030429884 -12.756161820575967 0.47336916227466164 0.1687670372542196 0.8645457323611156 90.86523086236889
0.8751729480919966 -0.053476732847176786 -0.48084566128016104 -30.588198168493378 -0.035376048245801636 0.9841388558878517 -0.17383684172885044 -12.944273944130813 0.4825151252950257 0.16914772057507121 0.859399908358026 91.75053048372277
0.8695114830926212 -0.05347035311798938 -0.4910098798471455 -31.0993014239775 -0.03674931659496898 0.9843633355544953 -0.17227394273607152 -13.138486025004273 0.492543671667674 0.16783844897241526 0.8539502248648108 92.63753773704035
0.8653964991285826 -0.05361731910731471 -0.4982108814425253 -31.63155226758578 -0.03861183787338099 0.9841673371833813 -0.1729849080047525 -13.337267144676966 0.49959786355831565 0.1689373715704057 0.8496247049226204 93.52361764367694
0.8597671803789632 -0.055354173031969 -0.5076773690752369 -32.19240750440768 -0.03954242778276547 0.9839079070425907 -0.17424588047960704 -13.546926716956188 0.5091530142778812 0.1698856850562035 0.8437428886009839 94.4587763164332
0.8532473442433166 -0.05571427452009273 -0.5185218309352339 -32.77078594106623 -0.041914704656691296 0.9837340017730645 -0.17467275485631695 -13.749855870231276 0.5198193215678596 0.17077275359451344 0.8370331770930457 95.39660669888535
0.8471891766975562 -0.057443224560589555 -0.5281768404981413 -33.36239304218317 -0.043039966231737344 0.9834500259710677 -0.17599320363092857 -13.954589039510244 0.5295451446225223 0.17183225066787744 0.8306958633802891 96.3235123366568
0.841520752429542 -0.05874861957713146 -0.537020877553377 -33.964082252624046 -0.0434984898584616 0.9834729643311623 -0.17575212604605958 -14.163787611367184 0.5384707091480937 0.1712586585474095 0.8250574327051973 97.25002136253727
0.8338412176518554 -0.061599883537637526 -0.5485565404705526 -34.60538964264663 -0.04326179226208683 0.9834047581911899 -0.17619165388065292 -14.38455900780269 0.5503064973949914 0.1706474023097839 0.817338499649796 98.2099460465981
0.8259710424232038 -0.06350371372795137 -0.5601241964252969 -35.247715829344244 -0.045001111831175604 0.9830352486544364 -0.17781057290518087 -14.600885438164722 0.5619134604298816 0.1720725958590415 0.8091009113466917 99.14090460403169
0.8201923126080112 -0.06243335866148139 -0.5686709470906434 -35.896376927138036 -0.0483516657684413 0.9829053854438364 -0.17764886625847168 -14.816017180957422 0.5700409518237609 0.17320242201467692 0.8031526842712476 100.03587343731544
0.8147622309748541 -0.061579980383013926 -0.5765157525973651 -36.583863132162854 -0.05197824259701627 0.9825820290185637 -0.1784119349883527 -15.042731946529932 0.5774606214049617 0.17532958183315814 0.7973699069194959 100.97357022190425
0.8101603247126206 -0.06392486502779635 -0.5827125019190161 -37.23775463300724 -0.05143261521555374 0.9824517710519746 -0.1792852577568148 -15.260809222837034 0.5839477154280425 0.17522023053294034 0.7926556228642759 101.86667667825212
0.8065559377374488 -0.06279602090704545 -0.5878130477105004 -37.928861064982165 -0.05350874149338943 0.9825053213709972 -0.17838191629609676 -15.488407829878849 0.5887311218920388 0.17532813018998392 0.7890853647608893 102.78340857026078
0.8001881399106374 -0.06339297772439131 -0.5963893620124265 -38.60045618855651 -0.05524682552718738 0.9823790528349926 -0.17854743016966518 -15.701969674337425 0.597199069838126 0.1758201550626599 0.7825858061952181 103.6613119836188
0.7956512889089719 -0.06335735042772953 -0.6024324631062553 -39.30979673988879 -0.055656248335241465 0.9826624430790274 -0.17685277770847466 -15.925154440358183 0.6031926793975021 0.1742422713027327 0.7783304069689987 104.56810587513424
0.7913265536848904 -0.06263467229522626 -0.6081769341726666 -40.0087424765545 -0.057929112264755105 0.9825822972729973 -0.17656796719092796 -16.148005879571176 0.6086431658906652 0.17495407086486678 0.773915092049767 105.45453391397031
0.7890847654603725 -0.06373847824752836 -0.6109686074660778 -40.69529794056753 -0.05938147827066784 0.9820295378685608 -0.17914191802046492 -16.36746630180735 0.6114074524870785 0.17763837745360694 0.7711196625031103 106.3154594852635
0.7892598840594925 -0.06412491608684552 -0.6107019162826098 -41.38984391851475 -0.06028182360758176 0.9816373978926136 -0.18098099569060627 -16.587420524897713 0.6110932311496676 0.17965526486989986 0.7709014519687879 107.19429090812733
0.7859774488202812 -0.06643786714104803 -0.6146750847038709 -42.13207552555552 -0.06014885614982119 0.9812760300025365 -0.18297395455727972 -16.826049834372206 0.615322326142836 0.18078540525222103 0.7672646689363194 108.12276434997553
0.7838880971755645 -0.06732166748255118 -0.6172416416557146 -42.84388196307195 -0.060778893909144885 0.9810104674139627 -0.18418574559237602 -17.04699006331286 0.61792020290783 0.18189627789376936 0.7649106921247335 108.98780181946687
0.782004137884339 -0.06870747013323476 -0.6194746256947598 -43.55377348226116 -0.060598436364591377 0.9808151583953446 -0.1852820945803499 -17.271367509422852 0.6203203671023051 0.182430558322354 0.7628379471082019 109.85779194518985
0.7804409752116183 -0.06787583550105411 -0.6215341946874462 -44.28905260667001 -0.06069873625552025 0.9811686276785198 -0.18336790197969008 -17.50316159769122 0.6222761024077024 0.18083416440065822 0.7616242231952676 110.74539177152351
0.7798519481862338 -0.06759833491629134 -0.6223033054923304 -45.001374661574154 -0.06120420942610277 0.9811539963613601 -0.18327814974147372 -17.728029739425455 0.6229646728817466 0.18101740397176513 0.7610175528860431 111.60315343142662
0.7797303296309803 -0.06815297197693272 -0.6223952003865986 -45.72555728241445 -0.05995032225118519 0.981364228394215 -0.18256563228112246 -17.95662280166117 0.6232387760044634 0.17966475346861552 0.7611136606614809 112.48236940551863
0.7800450104729075 -0.06878562510962043 -0.6219311211176047 -46.4304204580346 -0.05904653041845049 0.9814122151568057 -0.18260222119830588 -18.178595588566303 0.6229312071825147 0.1791608264082603 0.7614841491448424 113.3392455708689
0.7793358368716272 -0.06918829979098785 -0.6227749453371041 -47.15723272341707 -0.058733658092656356 0.9814436614004408 -0.18253409792132508 -18.403638856723205 0.623847746469165 0.17883321466922564 0.7608105352559303 114.21708079760859
0.7777627352882922 -0.07184587561318515 -0.6244383858750591 -47.86567648622528 -0.05603808873716071 0.9815642004934003 -0.1827332835595046 -18.62872434492552 0.6260549977498466 0.17711547212800735 0.7593979518838019 115.07567288742025
0.777460118878304 -0.07385033924224663 -0.6245813725588832 -48.56177005732802 -0.0540491079053932 0.981562890554463 -0.18333844610718839 -18.852257926769454 0.6266055038765336 0.1762963961065919 0.7591344566224505 115.92433773481966
0.7768674606898708 -0.07574297852452064 -0.6250919530161192 -49.26788922215863 -0.0517327021765398 0.9817046369327977 -0.18324773763994248 -19.078866397646173 0.627535398242032 0.17469690045584027 0.758735999491481 116.77736376061054
0.7759006483077058 -0.07748147016072517 -0.6260789133467239 -49.959082656415546 -0.04930815715321283 0.9819445105151307 -0.18262990967351092 -19.302049469229388 0.6289251860069178 0.17257346276566785 0.7580709138037356 117.61151896492242
0.7746021274080781 -0.07808179739656913 -0.6276103704769392 -50.63255143393998 -0.04903731312857103 0.9819473455611875 -0.18268758158799034 -19.515469379100775 0.6305449120689265 0.17228651560891026 0.7567895813258337 118.42276185850358
0.7722294277745059 -0.08190329533961188 -0.630042507368806 -51.32154872456202 -0.046449866385925 0.9817242487238741 -0.18455326976316347 -19.734603372679114 0.6336435281700502 0.1717828561878559 0.7543119576993019 119.25214985785928
0.7713785592901206 -0.0822997682427058 -0.6310323814311711 -52.01626102331539 -0.046254553625491995 0.981728492338814 -0.18457974861578388 -19.95226142439252 0.6346933389727709 0.17156898168770598 0.7534775709908287 120.07496024486946
0.7705771082614938 -0.08340937425288358 -0.6318653309923694 -52.70976321867504 -0.04560507350266274 0.9816423773460579 -0.18519832685312437 -20.172068688939966 0.6357130622334033 0.17152585602503884 0.7526272538386495 120.88667078840538
0.7669208495004749 -0.08646933255025989 -0.6358895070134296 -53.37841887052996 -0.04476469910502455 0.9812589138261449 -0.18742215917753974 -20.381985693750817 0.6401785159746511 0.17220336397715058 0.7486771461180356 121.67828597718767
0.7682452900810077 -0.0868797379758312 -0.634232674495409 -54.08593100837611 -0.04486776637813956 0.9810034886284786 -0.18873006871982864 -20.605098697875924 0.6385812852007058 0.17344758985931588 0.7497532099053725 122.49567002756596
0.7706369561743961 -0.08685661135393218 -0.6313276572766111 -54.76976597747729 -0.04532555295913544 0.9806891741477893 -0.19024809580722685 -20.82566369758291 0.6356605037496121 0.17522748863531412 0.7518184961806609 123.29313472510742
0.7742727615227195 -0.08668773823039014 -0.6268866937529314 -55.414874793028844 -0.04479400000993669 0.9805823837453735 -0.19092324701657246 -21.03270555984593 0.631264752957974 0.17590743227260383 0.7553551396159078 124.05789294311055
0.7775707609072784 -0.08870934781649743 -0.6225065167466507 -56.07474648369008 -0.04275079911948694 0.9802494922057652 -0.19308884536654383 -21.250967562373514 0.6273404824787906 0.17675289146237885 0.7584209480248861 124.86187544600443
0.7807349419041907 -0.08738804833670087 -0.6187214878261159 -56.72565899003713 -0.04398874355399725 0.9800293665681625 -0.19392635484777931 -21.471553548053237 0.6233120734675374 0.17862186224510307 0.7612990801240277 125.6560326620121
0.7844247408637265 -0.0861129821589224 -0.6142168837019809 -57.357300950605676 -0.04471456322982238 0.9798857656707302 -0.1944852027046102 -21.687511922032332 0.6186100821648818 0.18002344441650983 0.764796133426663 126.42302819794853
0.7883904818379018 -0.08520300491722975 -0.609246170361764 -57.99822944075701 -0.04440784340020272 0.9798959873414498 -0.19450397794561536 -21.910730056074048 0.6135702010299589 0.18040039341753078 0.7687569879115611 127.22958221431233
0.7916663604426973 -0.08439344936574683 -0.605096785190241 -58.62195849508346 -0.04510288889631017 0.9796379465094514 -0.19564054582819165 -22.126748251277515 0.6092865525814767 0.1821736519447771 0.7717400192943753 128.0194807994114
0.7989011149484148 -0.08572630442779272 -0.5953217695190839 -59.232427199968704 -0.04345828412402919 0.9789760335418973 -0.19929200508693032 -22.34386502713093 0.5998903117030437 0.18508626766923394 0.7783795266096725 128.8063109423612
0.8061912525059322 -0.08523221240896375 -0.5854836755630253 -59.85463514782576 -0.04383108228232679 0.9782464212396912 -0.20276285546839373 -22.57072359073036 0.59002923707972 0.18912802357030573 0.7849178874834702 129.62626645465986
0.8139310981242474 -0.08371192605523167 -0.5748986701518631 -60.44768720936219 -0.04413828183014365 0.9777938346443157 -0.20486832114469977 -22.789529417209376 0.5792822969704322 0.1921237371271141 0.7921619089863965 130.41918453577065
0.8213378284489228 -0.08225743104087378 -0.5644801915013173 -61.06107650309547 -0.04354727820257627 0.9776196408290836 -0.20582388691879566 -23.022783641437194 0.5687774662554377 0.19363252026395167 0.7993739056138092 131.2612882773551
0.8267387418295522 -0.08113901657307582 -0.5567041519044417 -61.62523228926322 -0.04400632607264874 0.9771860919167843 -0.20777580472709048 -23.243644736444917 0.5608622790165846 0.19627481181740167 0.8043069701440904 132.0733740666852
0.8366617572976942 -0.0789597123408335 -0.5419985864396576 -62.19564841180645 -0.042412153517984885 0.9772435153271501 -0.20783724638524478 -23.4662475682733 0.5460753731029272 0.19687680304720231 0.8142734253998543 132.89845032320625
0.8455552939849714 -0.07709408939057842 -0.5282922923865405 -62.744654802585124 -0.040937180097530335 0.9772437504862751 -0.20813168769118565 -23.686860026627382 0.532316064100691 0.19761364709087373 0.8231576121155612 133.72585185061078
