1.0 0.0 0.0 0.0 0.0 1.0 0.0 0.0 0.0 0.0 1.0 0.0
0.9998907860571412 4.8531001409231755e-06 0.01477890166689796 0.007083297707140446 3.3242006606006062e-06 0.999999846932602 -0.0005532844858103507 0.011505973525345325 -0.014778902089874953 0.0005532731874648168 0.9998906329903277 0.12361397594213486
0.9993085312070042 0.0014518447743663533 0.03715308336667275 0.014821984145041957 -0.0014641236590739774 0.9999988821783012 0.0003032887386673189 0.021927044317112232 -0.037152601507979624 -0.0003574757323339568 0.9993095398385278 0.327927109598279
0.9980176379802881 0.0018606703361777018 0.06290733014638757 0.04218997305921848 -0.001984356436775552 0.9999962190379 0.0019037435321027426 0.03164197105574955 -0.06290355005703861 -0.0020248001887257787 0.9980175567465822 0.5447683928231077
0.9957660607464353 0.0006673068400814302 0.09192119976973655 0.08308244003350299 -0.0010163506783744869 0.9999924505558595 0.003750448317904951 0.04126160623494111 -0.09191800311595764 -0.0038279933212962756 0.9957592214839422 0.7647398806681153
0.9919006743992836 -0.0017638991765675266 0.12700370382764997 0.1421369130299748 0.001110250385859556 0.9999857734796043 0.005217296472179723 0.044410102104342125 -0.1270110997918183 -0.005034033978115829 0.99188852147385 1.0573927831360372
0.9864138395588035 -0.005377385585704974 0.16419141527839437 0.21011607746151173 0.004497364444175171 0.9999734643461909 0.005730996120553095 0.04846614834382105 -0.1642178761277705 -0.004914705254659534 0.9864118484853801 1.3440182515568107
0.9790263448404388 -0.006128973420542921 0.20364147856755752 0.295803866032174 0.004748844685557269 0.9999623318754616 0.00726521192686159 0.05522569410405858 -0.20367833606577593 -0.006145772123991892 0.9790185722970108 1.6809683476073112
0.9696750386320142 -0.007126468810732183 0.24429394772751015 0.38343216785813916 0.004891429823370215 0.9999404607766572 0.009754425459732218 0.0668983291849939 -0.24434891726440053 -0.008263676182915753 0.9696521635553953 1.9897467497324715
0.9583985018117298 -0.010973171915425203 0.28522254683517956 0.49580887660125894 0.007424689129293853 0.9998810419820583 0.013519462866793727 0.07244724943813795 -0.2853369687165773 -0.010839344213917756 0.9583659650157903 2.295598134511185
0.945910307710221 -0.01710868376332345 0.32397682433692965 0.6219020910854515 0.011995673506982066 0.999770092351558 0.017772626605854405 0.07591384908406043 -0.3242064058353398 -0.012924990492987912 0.9458980658802973 2.566477553441906
0.9310852445481562 -0.021548845949238175 0.3641646806363247 0.7654724086314855 0.014686493892129966 0.9996587465624442 0.021603178431876396 0.08020197874126417 -0.36450593175126356 -0.014766098315366245 0.9310839855022126 2.8540207146253507
0.9125937216251665 -0.023617096727710146 0.40818492376921783 0.9395020403469612 0.014287404754535556 0.9995626765570204 0.025890648882280622 0.09043053751931159 -0.40861787689197876 -0.01779574039818087 0.9125320500168596 3.1730450170128206
0.8917626694354565 -0.027111803580183252 0.4516904819762961 1.1278950229737368 0.014929314677474296 0.9994228481112065 0.030513705716374226 0.10300389455946983 -0.45225706955735917 -0.020467554321757668 0.8916527475735586 3.492363834014776
0.867643803629406 -0.033462191724524054 0.4960589801107207 1.3642041531910973 0.018102153510877534 0.9991971629885619 0.03573991485549849 0.11837251133600538 -0.4968566614847443 -0.022029779858202203 0.8675529648025149 3.8460400192419293
0.8407163468538248 -0.039491345479797574 0.5400337561347021 1.595178485497076 0.02141305025406192 0.9989814797901986 0.03971755676023299 0.13086147826668704 -0.5410522205957357 -0.021827429266420312 0.8407056904292031 4.146541877348907
0.8134093721562411 -0.045248566374656934 0.5799290995711701 1.8264202625005945 0.024371673881794186 0.9987455127358106 0.043742682842762 0.1502861140319664 -0.5811808795896414 -0.02144686529824951 0.8134917437616006 4.402734376093387
0.7797063273259762 -0.0499898231626448 0.6241466660233037 2.0880988713440587 0.025892363008804747 0.9985294210112876 0.047629622218564115 0.16879910927954622 -0.6256098054423844 -0.02097648576454974 0.7798540622317176 4.67659269907416
0.7436665327573498 -0.05424210205957094 0.6663466683497568 2.38020613663921 0.026906894182059708 0.9983240029111061 0.05123674713544445 0.1901517514335112 -0.6680090621407295 -0.020173734798126113 0.74387963631367 4.953393711180872
0.7053975745482397 -0.05440350130541849 0.7067209639363843 2.7119469449250904 0.022509406664253485 0.9982665971381715 0.05437947820455087 0.22268581809991828 -0.7084543658084719 -0.02245128245529175 0.7053994269086337 5.248891628073188
0.6673540986128188 -0.05675546745183123 0.7425747935252021 3.0402815949919346 0.021007682000739627 0.9981297486387078 0.05740803235946838 0.24603959930923996 -0.7444442117188017 -0.02271171056424622 0.6672982795134557 5.512172786714736
0.6339946544713211 -0.058721263133374085 0.771104786237131 3.3571228068275936 0.020430927752991105 0.99803677446301 0.0592045100530617 0.2721998166156994 -0.7730674972426033 -0.021780956716638232 0.6339497098599902 5.737393626468629
0.5989255463077366 -0.06172665073272996 0.7984222006991658 3.7268945721347957 0.020675695508804513 0.9978844205831813 0.061637640874680766 0.29877229045680437 -0.8005377602556963 -0.020408423424862692 0.5989347131850893 5.9875280673510005
0.5631961154756093 -0.06270196955275327 0.8239408950448994 4.13471761596107 0.019109881600276764 0.9978385483087975 0.06287323702669725 0.3339114467986719 -0.8261022623975847 -0.01966454991087905 0.563177021493593 6.242329136086
0.5297892286577082 -0.06403909303639738 0.845708204856348 4.563614414110443 0.019471443208550536 0.99780088614261 0.06335814479921892 0.36639584465438824 -0.8479057943531505 -0.01709930338049596 0.5298710953866561 6.498994222567506
0.49528622165778674 -0.06419459056972938 0.8663547848182859 5.069790708707911 0.019954458465533193 0.9978435967123931 0.06252980159429675 0.4069132491594573 -0.8685006495238222 -0.013682508602577859 0.4954991531123331 6.770035265464611
0.46802464855039516 -0.06280377352763165 0.8814809211661753 5.569391366511561 0.020868792506839238 0.9979787833188989 0.06002367486781089 0.44478510592305576 -0.883468970506936 -0.009697116892155955 0.46838930824197333 7.024847339282948
0.4442184624248188 -0.06174498727589802 0.8937882938298249 6.102385656533346 0.02204086756785615 0.9980735457444833 0.05799480530091916 0.48594250588225113 -0.8956473400830187 -0.006062493821397768 0.4447236089650283 7.281931900199847
0.41957989000257756 -0.06105536130521622 0.9056627179923631 6.687397840487308 0.02201986655645794 0.9981263255478875 0.05708733419164556 0.5269767163527295 -0.9074512887104524 -0.004010125205320188 0.42013816479055666 7.544180558517186
0.40417148169959666 -0.06231684626487748 0.912557956544324 7.307786056256181 0.024535970024223343 0.9980561242863767 0.05728838407065831 0.5731695789233079 -0.9143540887182182 -0.000763836406875499 0.40491482684414076 7.80925439503031
0.391901113466808 -0.06450393878909469 0.9177432969758856 7.92087088128171 0.02685000019672876 0.9979160928083526 0.05867324094974606 0.6133849278622425 -0.9196154602620117 0.0016472992454372344 0.39281635868721687 8.064110963274105
0.3807233044509369 -0.06624492937574186 0.9223130568196259 8.539325645705391 0.026453431201584943 0.9978025832923574 0.060747187200407685 0.6499126330748803 -0.9243105438247595 0.0012704751478626077 0.38163910238244253 8.310440918521321
0.37267294190859196 -0.0678825841594472 0.925476543807044 9.189537793419873 0.026758213478056573 0.9976921778635985 0.0624044569021554 0.6911021580351293 -0.9275768843501107 0.0015076463861886658 0.37362929572199793 8.574581558478098
0.3624294346807724 -0.06963473930251748 0.9294062125675975 9.8841340772638 0.025870351594803144 0.9975723677685947 0.06465366171316984 0.736760805558811 -0.9316520969682498 0.0006116754287720516 0.3633510644924999 8.845439782401392
0.35288341890137936 -0.07104927832980693 0.9329658582784729 10.54718793257705 0.0251447758659251 0.9974728066237113 0.06645103680808048 0.778187461233371 -0.9353293713506096 9.74833859578722e-06 0.35377813244156836 9.095852647652265
0.3424418537219018 -0.07286392083695542 0.9367093603993578 11.190374049882248 0.025629204538012436 0.9973416806690276 0.0682108193399592 0.8162746955178259 -0.9391893955397158 0.000648876371680561 0.34339897825299065 9.32919960919522
0.3318340246444315 -0.0737982805247889 0.9404466991168949 11.909784530851526 0.02442706410837215 0.9972731798631427 0.06963851854183539 0.8649817964964375 -0.943021473046783 -0.00013607806817773904 0.33273184827340324 9.579695819596852
0.32229591853160616 -0.0762278250948095 0.9435648677113744 12.618903188370187 0.022236020622669633 0.9970872104890879 0.07295652175068029 0.9095667779316884 -0.9463777788413761 -0.0025324613332499413 0.3230521418515269 9.829636340737192
0.3102603078599074 -0.07932056026758458 0.9473366825397993 13.362231006984173 0.020339420429241896 0.9968387263178456 0.07680404735180463 0.9599013863512149 -0.9504340320839098 -0.00456096830203756 0.31089282433801807 10.079063403269107
0.29803013301905823 -0.08360415094082449 0.9508882088647993 14.144110262976904 0.02116679855176263 0.9964909880931876 0.08097948683544277 1.0111870775326737 -0.9543217520583461 -0.004007068071094494 0.2987539739547611 10.32126972668698
0.2881641115751299 -0.08607790197698117 0.9537043774626167 14.919726351505805 0.01909411037137653 0.9962701066546666 0.08415039830817764 1.0644200461274014 -0.9573906515885987 -0.00603898812223317 0.2887328711338869 10.562429893075187
0.27539095455285695 -0.08691224677984229 0.9573954687119351 15.667580667471379 0.01824856164536867 0.996197973373277 0.08518560820262377 1.122112110861882 -0.9611590982497858 -0.005988255727299864 0.27592993430398777 10.779680412280406
0.2635523714979522 -0.08683649543041216 0.960728666450195 16.449633399711754 0.016807440353856083 0.996202221435413 0.08543210143675721 1.177533633587481 -0.9644986560003893 -0.006368443178109626 0.2640109571683157 10.992600380404234
0.2492686565776645 -0.08619205205634115 0.964591139815354 17.228998042222265 0.01512064493823817 0.9962564727897808 0.08511407945291419 1.2349860911556574 -0.9683163238036517 -0.0066310321053540885 0.24963879199475325 11.195868106581216
0.23002570631490138 -0.08529113722102082 0.9694398363724672 18.03373656452011 0.012874122209386052 0.996331622076396 0.08460233937637587 1.2944026152198862 -0.973099394415426 -0.0069800259428374894 0.23027993361595533 11.390889506039834
0.20918464847194113 -0.08486411864646545 0.974186770701609 18.797017215351982 0.010864738337787484 0.9963673499725401 0.08446337294679546 1.353072658789785 -0.9778158008053062 -0.007084156622822718 0.20934678029628612 11.560943436481299
0.1888138734361573 -0.08519248706233329 0.9783105648750651 19.53037442110577 0.00829112976010215 0.9963326475763935 0.0851616846986674 1.4106720674280433 -0.9819778909758284 -0.007968407717246134 0.18882776838462034 11.707403696867765
0.15847140965273626 -0.08521287932595374 0.9836796112147773 20.319241004327555 0.0052785454852869035 0.9963277764041345 0.0854581706049993 1.4723736327340495 -0.9873494565148829 -0.008350279191371733 0.15833926726239372 11.83802712412169
0.13001960954215536 -0.08550184769448162 0.9878179666190199 21.080471484341793 0.004027643138105733 0.9963122486098994 0.08570695048033189 1.5320504660968577 -0.9915032421657821 -0.007165005981550947 0.12988450047648797 11.944712245686539
0.09827853522272478 -0.08535241799797127 0.9914919537022856 21.868039637592478 0.002166661124174761 0.9963311588867703 0.08555423666258977 1.5920927850499458 -0.9951565882282288 -0.006259917990278828 0.09810289665808214 12.027914629619637
0.06807386856492542 -0.0838480240323605 0.9941506210250405 22.715781949200803 4.8453254107877486e-05 0.9964624071808061 0.08403968543322365 1.6593701537681418 -0.9976802824907823 -0.005672736667756917 0.06783711364593031 12.096283342286483
0.03832933841711056 -0.0817773393593862 0.9959133137898132 23.513333156639483 -0.0043181059905971625 0.9966228276411162 0.08200178891512327 1.7201446983049633 -0.9992558309948264 -0.007443533564527489 0.03784677041589107 12.132160691850178
0.007499570076859308 -0.07865861063755653 0.9968734019027852 24.332697644628368 -0.004051848958542825 0.996890862793502 0.07869047082617135 1.7807184265555824 -0.9999636688243627 -0.004629325155640768 0.007157540074908431 12.139336303114048
-0.022290729009827648 -0.07515357174304618 0.9969227974394373 25.150125640685854 -0.0018041580303104071 0.997171963762139 0.07513201515040867 1.8389273546126201 -0.9997499029327347 -0.00012385888091985542 -0.022363278940386144 12.118982110655647
-0.05187591144035553 -0.07095256301111338 0.996129822670914 25.984902115113876 0.00102737329932278 0.9974685620550513 0.0711014220387477 1.8977101905476779 -0.9986530099670937 0.004711848255436649 -0.05167169602095045 12.073294835198176
-0.08110228432596756 -0.06834777773717973 0.9943595932837874 26.79816110775334 0.0029114403258470867 0.9976255533632534 0.06880972890436043 1.9535901188881415 -0.9967015315491088 0.008475644816273518 -0.08071072080343134 12.007006879227724
-0.10697520583691417 -0.06519320943813055 0.9921220442966209 27.551298586581755 0.006954110353407917 0.9977745397475231 0.0663144643408334 2.0012950103170395 -0.9942373688839817 0.013993329652912716 -0.10628377599559785 11.917021541865278
-0.1334315936665978 -0.05697883362426182 0.989418729522749 28.35082295327851 0.010637889692787887 0.998206055358835 0.0589194903901802 2.0493771580739018 -0.9910009309352217 0.01838704880542687 -0.13258609022725892 11.803876331649514
-0.15825759542130236 -0.045551888013875996 0.9863465714391869 29.164793183731092 0.011592511068565434 0.9987807293886449 0.04798612600546068 2.0939755196030836 -0.9873298066900406 0.019028402462058173 -0.15753657582018654 11.675871870090955
-0.17927559435787715 -0.030746949849976578 0.9833183036751391 29.951032979346444 0.011854006720010697 0.9993714265101385 0.033410094279616505 2.128828191378894 -0.9837274743506516 0.01764587628920558 -0.17879843192174322 11.532671428865477
-0.20309473080607532 -0.016407472270057344 0.9790216162948169 30.73026733868887 0.011710647632005574 0.9997473826380278 0.019184150761822418 2.1518289680125107 -0.9790890618584436 0.015361177107260652 -0.20285128342466208 11.374382886348279
-0.22807100842760092 -0.006762608559450436 0.9736210157141684 31.48638920412368 0.014580579961621803 0.9998400234008751 0.010360226528429333 2.167584378814635 -0.9735353212918368 0.016558826383813133 -0.22793591964846355 11.197842609235714
-0.25323185711200874 -0.002797918963689924 0.9674015702866501 32.302706031332455 0.016130400991213198 0.9998445876193818 0.007114124829640331 2.1757223975029496 -0.9672711288503686 0.01740609829058945 -0.25314737019142136 10.988185060505291
-0.2772372175410321 -0.0038072200819968286 0.9607939582893691 33.07857426253474 0.01639040438521979 0.9998278927439377 0.0086913483019748 2.183471919674451 -0.9606616885533615 0.01815736672715822 -0.2771271011275152 10.76642759227178
-0.29870316067434904 -0.008401584164861909 0.9543090878675917 33.84689673376174 0.0164398793476852 0.9997675710730654 0.013947551673923926 2.1868111907002956 -0.9542044603596169 0.019854904033612605 -0.29849561238924166 10.530476905497615
-0.31795564093118833 -0.010785500130726863 0.948044241260379 34.58274208420698 0.020667953072565783 0.9996188293310807 0.018303872883907786 2.190792242766648 -0.9478802910261547 0.025413953523411643 -0.31761153135628195 10.27682031133725
-0.3341385079711165 -0.010801597323926134 0.9424620857021719 35.312405316916106 0.021912552345911433 0.9995750293937398 0.01922500096729661 2.1971641041115184 -0.9422692277372344 0.027075562925941467 -0.33375981836002894 10.018517808080412
-0.3450335682432121 -0.007833370938750438 0.9385576567718643 36.07504869092221 0.02322268386137205 0.999587803225436 0.016879887358097253 2.203270001921443 -0.9383030127520808 0.027619955515590922 -0.34470943462238635 9.737667472267685
-0.3525559071012151 -0.005137565105540559 0.9357766495231785 36.81511243539677 0.02439328420466293 0.9995946775125149 0.014678159774369141 2.2105610361360717 -0.9354727682053336 0.028001537697735432 -0.3522876861782319 9.455673132311224
-0.3603885488158152 -0.0036859317684308467 0.932794997729635 37.583984641303935 0.019969170546757276 0.9997325373217063 0.011665592482951324 2.2137556532526066 -0.9325885084591734 0.02283128834083265 -0.3602185533292149 9.163791253393164
-0.37007083358685394 -0.004880496024250154 0.9289907205601616 38.35190276878086 0.019105711305259974 0.9997347214933177 0.012863064805808736 2.215200136001268 -0.9288070574257342 0.022509273627455254 -0.3698794164006876 8.851486522876002
-0.378304393110466 -0.004149663364065646 0.9256719540135626 39.09231471939429 0.019645839791669437 0.9997287270358257 0.012510528294506183 2.219017304178925 -0.925472758719673 0.02291839072213652 -0.37812024573474684 8.541988592196951
-0.3852024768967435 -0.0013666480733064267 0.9228310701670474 39.83452130754945 0.02234968639587514 0.9996917751564448 0.010809542199493441 2.2224743891421443 -0.9225614035448374 0.024788847443968094 -0.3850532037677128 8.222775774702036
-0.38987846423656297 0.0016804954602827084 0.9208647886956842 40.60378790686933 0.022929581776284787 0.9997059981833472 0.007883620729209135 2.229659629338148 -0.9205808043860702 0.02418869841982649 -0.3898023723178848 7.900230882201058
-0.39006150417299656 0.0018370004950213608 0.9207869723185058 41.386080540759 0.021188973562556196 0.9997511121669487 0.006981484105446319 2.231898212452642 -0.9205449746545058 0.022233739004733244 -0.3900033467653895 7.579749188174782
-0.38975227800672435 0.002344895032381637 0.9209167515339572 42.16304931241446 0.023842194507580718 0.99968726188346 0.007545077137655981 2.2338926659981992 -0.9206110533496933 0.024897387317499867 -0.3896862950568453 7.251381637021257
-0.38766856572989694 0.0013286229210285553 0.9217978725870757 42.96165536706192 0.02218170651347673 0.9997228393716607 0.007887733186072495 2.2372501554197974 -0.9215319066864016 0.023504876085578556 -0.3875905903903333 6.9204036786038445
-0.38130185163544505 0.0002089181890010585 0.9244505688746 43.768575840096254 0.01990161693928342 0.9997700742791265 0.007982745086236509 2.2424275515478187 -0.9242363461704929 0.02144189658356066 -0.3812183383421065 6.59761366614803
-0.3733271427739579 -0.00036224356744572403 0.927699689149366 44.57447515257036 0.018556329210559948 0.9997969375792557 0.007857878426827412 2.248573975131726 -0.9275141546706777 0.02014826014174237 -0.37324461214972476 6.273334229902872
-0.36634687027233154 -0.0014973151462698963 0.9304771510837978 45.418260206769034 0.015657131166652953 0.9998472021043121 0.007773460478409591 2.2529637767523103 -0.9303466154532397 0.01741638571954359 -0.36626744958181895 5.949553661737859
-0.36123692784583245 -0.002534895098414503 0.9324706195196419 46.258856786386296 0.01248343674680763 0.9998935429924687 0.007554236490658781 2.257410337125855 -0.9323905006849293 0.014369307179136436 -0.3611668274408632 5.6349169229924225
-0.3595632214760829 -0.0038432515719674107 0.9331128116037719 47.13009758541884 0.010574997788101805 0.999910515495343 0.008193315789069865 2.2610488694621043 -0.9330608014398223 0.012813680938448157 -0.35949040376244357 5.304437001266803
-0.35979933531266334 -0.005005173309897136 0.9330162841819557 47.98348450604368 0.009643466859620167 0.999912248840203 0.009082850117418275 2.265585930050477 -0.9329798721598946 0.01226551505098628 -0.3597194952807547 4.9809371209949465
-0.3611514140630779 -0.006352942682234285 0.932485547469512 48.893906241685016 0.008028700447551709 0.9999185449006514 0.00992187144078135 2.268284420103644 -0.9324726248471655 0.011069945033294224 -0.3610709905650094 4.638639939050692
-0.36292254778232375 -0.006976263632867436 0.9317931938240972 49.81314695846462 0.00831860171460091 0.999907870173095 0.010726230997822292 2.271180703185771 -0.9317821768936668 0.011644007541629997 -0.36283107903219874 4.288170811536386
-0.3624221024790876 -0.007799495232916863 0.9319814308819406 50.75249806448292 0.008669007570208557 0.9998935167433318 0.011738972800040801 2.2756149008859885 -0.9319737485264193 0.012333817282744956 -0.36231589671010916 3.924612605294972
-0.36256653403163647 -0.008430012063762241 0.9319197622633031 51.67917013842217 0.008567377506444674 0.9998866861808662 0.0123779982593534 2.280318973098246 -0.9319185095505662 0.012471956336169277 -0.362453227137241 3.5707158620892545
-0.36259185201281224 -0.00868508130184994 0.9319075695672288 52.588341910232444 0.00900846236437169 0.9998771939056337 0.012823599854405024 2.2840168558817227 -0.9319044996456176 0.013044787088199419 -0.3624690842955783 3.2158297260229487
-0.36081305079582143 -0.00942589798359903 0.9325905290225796 53.53615174414395 0.008418477157058455 0.9998752717934043 0.013363012325894472 2.287702001441443 -0.9326001670693438 0.012672541310593796 -0.3606886955242197 2.8531746376904237
-0.3620163238409621 -0.009585870683726122 0.9321224663937195 54.48983560440778 0.008556040295619646 0.99987083295876 0.01360557138880373 2.2877623761294394 -0.932132488140573 0.012900716320847534 -0.3618875461676924 2.486566214004421
-0.36096661035709154 -0.009491104523950633 0.9325304419386142 55.463062410441246 0.007257750951668283 0.9998893380307432 0.012986021082913241 2.290821214180416 -0.9325504979669654 0.011455593714764541 -0.3608577810082624 2.115309840854321
-0.3592683785466108 -0.011097175071980271 0.9331683046920912 56.42724421341374 0.00653029330277625 0.9998749235805533 0.014404598715784516 2.2914569629851496 -0.9332114376955897 0.01126897955472832 -0.3591509747361494 1.7505240646603795
-0.35887848053917765 -0.0130344574696644 0.9332932760522616 57.43345489003833 0.009018119912782285 0.9998073960669767 0.017431129711256325 2.29647933496502 -0.9333407254154993 0.014672208022089695 -0.35869181283188883 1.3647225112742662
-0.35672331981036115 -0.014667598905083078 0.9340949280698589 58.41457879806964 0.010599662690896742 0.9997488308267455 0.01974645313455733 2.2980878554333244 -0.9341499452734099 0.01694511147545696 -0.35647825030816443 0.9907517844704226
-0.35479526665688643 -0.014869036816221063 0.9348257754801305 59.37021440875415 0.011465101932750165 0.9997291525154615 0.020252729405922088 2.302174614462895 -0.9348737188495252 0.0179034453353458 -0.35452869622864636 0.6277183230165795
-0.3541494686145554 -0.014258018110582433 0.9350801371003379 60.306012897530294 0.012637412018013147 0.9997195103387904 0.02002988930214638 2.309552680830493 -0.9351034433139016 0.018910567615160696 -0.3538699489006624 0.27895277063142787
-0.3518910828844847 -0.014021560025295204 0.9359359281707492 61.26586865699489 0.012276821701163386 0.9997326586909303 0.019593131339370334 2.3131033480679832 -0.9359604401016651 0.01838496671797411 -0.35162486766933376 -0.08176829965880217
-0.35201944254299217 -0.013064236460861696 0.935901510735727 62.21951819438678 0.009799606718575125 0.9997963420259313 0.017642057128602086 2.3170406198303835 -0.9359413869361065 0.015381813848252563 -0.351819726597096 -0.43420889347833663
-0.3533951807522476 -0.011168822341510485 0.935407453267607 63.18626744632109 0.007554872845329439 0.9998620414679551 0.014792630862170834 2.323055649892866 -0.9354436220945533 0.012294528825348346 -0.353262047839257 -0.7941054073882614
-0.356862220483284 -0.010479323793053587 0.934098249310307 64.15053621329616 0.0062323739291728075 0.9998881141337859 0.01359840906827427 2.324716158805864 -0.9341362390502507 0.010674408031431899 -0.35675698158022284 -1.1588052754446174
-0.3620165294715335 -0.012447396967999323 0.9320885659088987 65.14064160422555 0.005684570745581319 0.9998627716151114 0.015560321127344094 2.324861023796304 -0.9321543423944474 0.010931616846040259 -0.36189609241922815 -1.5406716702644867
-0.36615709533231555 -0.015131802592307324 0.9304300135357357 66.08807241291443 0.009093811054319723 0.9997618478637164 0.019838098614427195 2.3269371080771406 -0.9305086158323899 0.015725015307936817 -0.36593228848416104 -1.914550166520918
-0.3721892348809376 -0.016678549598881102 0.9280070039725024 67.0219889506009 0.00741558315084102 0.9997531879256333 0.020942119259199605 2.333803423008359 -0.9281272448135953 0.014676144446387793 -0.37197369291243365 -2.2830815425781763
-0.3767485772265203 -0.014548708476223221 0.9262012981201587 67.93347996820978 0.007415965645641905 0.9997972372154909 0.01872132233082703 2.3322081000585593 -0.9262858700268163 0.013921908559746198 -0.3765642939136938 -2.6479066763549897
-0.3814201838885816 -0.012615803403158495 0.9243156846158641 68.8335558635627 0.0062014592543253024 0.9998494458054141 0.016205789882734283 2.3396522196697505 -0.924380974071577 0.011913321413411303 -0.38128452308923216 -3.015407036186416
-0.38734640225478645 -0.010872708862172085 0.9218701366582343 69.73221533448509 0.005807095384018274 0.9998818457221146 0.014232787447937423 2.345265401034372 -0.921915962712152 0.010866406827267971 -0.3872374967628912 -3.3910543377023123
-0.3913216489408419 -0.010491580769866643 0.9201941609264698 70.62984265249726 0.0044070070491491736 0.9999021782663933 0.01327449385064127 2.3517329668995663 -0.9202434163628063 0.00924989897627687 -0.3912371327083352 -3.7652731609740173
-0.3944060978939444 -0.011900838670397105 0.9188591839792501 71.50510002711556 0.0045920449591850074 0.9998781274268915 0.014921240443934577 2.352820605699068 -0.9189247755214598 0.010104470903222309 -0.3943033814217179 -4.1373610018719456
-0.3980931719024796 -0.018144983836310816 0.9171655172574922 72.43649196579828 0.006018449127936377 0.9997311805067582 0.02239073452699326 2.3592138119418298 -0.9173252448039995 0.01443351253658878 -0.3978769520355996 -4.536630013897043
-0.39979581218628135 -0.025176565847959836 0.9162583964638006 73.33031011576693 0.00879402576166768 0.9994713415673515 0.03130019962335509 2.3692558302215754 -0.9165620402728966 0.020571288672858967 -0.3993630533901743 -4.930518524666412
-0.40137497476706674 -0.027332707097473107 0.9155058999009565 74.21614509115363 0.010325805660741625 0.999356070001856 0.03436310649377115 2.3812333039603044 -0.915855614913286 0.023245827005495073 -0.4008342851586395 -5.312122084714492
-0.40184019504076557 -0.02302530712586088 0.9154202821007185 75.09863673003116 0.008698644342276206 0.9995427318240897 0.02895964164561236 2.3966911487058495 -0.9156684941812763 0.019600063504883854 -0.4014561573502123 -5.6976757155314175
-0.40233550792847333 -0.017564474698010566 0.9153237833075905 75.92167377181104 0.00840152354197611 0.9997029938528956 0.022876592485144637 2.4057634961490284 -0.915453741847239 0.01689417977117272 -0.40206844346174225 -6.06133975471644
-0.4021614063558077 -0.014323437721964358 0.9154567397587633 76.76151671976382 0.012880920381905168 0.9996901484045082 0.02129997824147953 2.4132844830216813 -0.9154781729391662 0.02035795458285262 -0.4018522969415113 -6.436315444725197
-0.3996403569545216 -0.01456605651707289 0.9165562803727898 77.63450451731578 0.014630933355800972 0.99964501860075 0.02226595104289559 2.420870673810993 -0.9165552470431888 0.022308446477689814 -0.39928537705925493 -6.818148100995628
-0.39655960054892386 -0.01677639284925738 0.9178556726716053 78.49399035763412 0.014382085845965828 0.9995967579360328 0.024484222072412846 2.4305394097436896 -0.9178963115838287 0.022910132403356924 -0.39615841151496883 -7.183527593749334
-0.39378311121576093 -0.02102862088861711 0.9189628166714682 79.3600517097624 0.013129167647683765 0.999507632281138 0.028497683566080546 2.4461106164085535 -0.9191096160296196 0.02328712337916085 -0.39331313683451896 -7.547496007006001
-0.38851274690799187 -0.025444344074099748 0.9210919774076015 80.23727087573117 0.012580932879458488 0.9993790167421965 0.03291353860166325 2.4641088956801402 -0.9213574581116112 0.024375525636167142 -0.38795137341176056 -7.911942299584742
-0.3865233967338204 -0.02743032266420148 0.9218715969026746 81.09663439343636 0.009959064909662323 0.9993751982831824 0.033912093456095284 2.481026222376568 -0.9222258296119638 0.022288796624932508 -0.3860087158880452 -8.257905252583548
-0.38406185004883964 -0.028944422759523008 0.9228535722031859 81.96622728826168 0.006295854554311347 0.9994031767902182 0.033965459470630205 2.502454178314875 -0.9232859023902042 0.01885498906756704 -0.38365040314688625 -8.602149845533761
-0.38122114358914816 -0.029662625430106386 0.9240078832635441 82.83197823024682 0.00800696906517419 0.9993416973701376 0.035384464723403654 2.5167074231276882 -0.9244492025671132 0.020887808644414092 -0.3807326769835535 -8.95449763118427
-0.37908592622507237 -0.0281759115531227 0.9249324183670015 83.67539946597967 0.01170396486196991 0.9993103926514377 0.03523856332683561 2.5256636959571837 -0.925287456817928 0.02418381994185858 -0.3784947359058393 -9.299461030348397
-0.37390347595427614 -0.026081273614284493 0.9271008347725542 84.56283711111604 0.013345208635849518 0.9993497515612102 0.033495961861292924 2.5426086629074 -0.9273716062484205 0.024896610636879278 -0.37331228576490744 -9.654376772923513
-0.3669039603451135 -0.025448819397408284 0.9299106631684302 85.42937838666778 0.01694040505146901 0.999277190629304 0.034031146978876145 2.561621965312256 -0.9301045675405339 0.028239225897389673 -0.3662076454157569 -9.99279131930671
-0.3587862448454064 -0.02510322539346846 0.9330821285313405 86.3174720091299 0.020279768342528162 0.9991926968585365 0.03467975692732496 2.577852293767231 -0.933199422152471 0.03136530917127506 -0.35798750798719897 -10.331377303876867
-0.34873495990226844 -0.025201834805118888 0.936882487436081 87.1735918186108 0.01884415891859867 0.9992477715583274 0.03389378571902496 2.599933906666582 -0.9370319233711377 0.029474710484957783 -0.3479977241667165 -10.64291904721535
-0.33869039227092507 -0.026609287011294936 0.9405215383116529 88.05111662361118 0.017443453953532233 0.9992506479777317 0.03455240122270884 2.6199207452778577 -0.9407361713559962 0.028108510469866264 -0.33797243606783606 -10.955137437603211
-0.32536997540035406 -0.029408088033920643 0.9451293792207299 88.9271584117334 0.01972675179275167 0.9990876344046018 0.03787814730849427 2.6393445629944274 -0.9453809995825387 0.03096874453390058 -0.3244929929756786 -11.257066119188867
-0.3134853006782177 -0.031176045828200282 0.949081145332266 89.7591379926949 0.018664249614717365 0.9990655552690895 0.03898284316447547 2.659773045842131 -0.9494096123618126 0.029934435711810654 -0.31261048848944367 -11.528585083745048
-0.300600530989113 -0.032235849578286305 0.9532052091606662 90.62223044689401 0.018589237333747715 0.9990407705248499 0.039648191440014864 2.682418626934724 -0.953568959763484 0.02963762526047873 -0.2997129462410767 -11.798968389217695
-0.2847617416505381 -0.031934802730100395 0.9580662392897176 91.50541549072827 0.02139703717305189 0.9989841712022016 0.039658447872626644 2.700761627625033 -0.9583594927230427 0.03179298762369435 -0.28378916231172807 -12.06719853262223
-0.27065185001139924 -0.02864509569690238 0.9622510247216797 92.37288439860224 0.021759033847016933 0.9991198150422509 0.035862789015676876 2.718792420611857 -0.9624313588674528 0.03064398280990719 -0.26979033671741237 -12.313334947797356
-0.2582175503948198 -0.021734960102182267 0.9658422687879503 93.24459771085567 0.02326436421973299 0.999317077327843 0.028707983530538484 2.7303582697999005 -0.9658066400815178 0.0298826115039266 -0.2575355577471878 -12.549777765009324
-0.24491234704995846 -0.018092101378998474 0.969376406835948 94.11072100723554 0.019801866798597644 0.9995239864847467 0.02365769458191386 2.743059843972928 -0.9693429879736953 0.02498952399171624 -0.24443750808109643 -12.764145371671397
-0.2323353679001901 -0.020397569698246524 0.9724218302635379 95.0365888437196 0.018649658919475082 0.9995028456492847 0.025421482277189114 2.7554123526789667 -0.9724569229764735 0.024041644897705564 -0.2318394536435549 -12.976888036193795
-0.21833064214289494 -0.024482681590077965 0.9755676957564913 95.94973557511172 0.01863483295650057 0.9993983747292281 0.029251180989164675 2.764525175274596 -0.9756969169276669 0.024565970176982754 -0.21774305822943968 -13.181212496264148
-0.208210428023336 -0.024705741689929325 0.9777719795483453 96.81401789790009 0.01605801992066104 0.9994598481364909 0.028673192344246364 2.7734354131367938 -0.9779522266749878 0.021671139576242487 -0.20770123748042557 -13.357291627783496
-0.20226966135991026 -0.019389801187103924 0.9791378961633912 97.70791936105883 0.013480658566541976 0.9996541273989441 0.02258090828261322 2.78378609847169 -0.9792370785146769 0.017766856339264274 -0.2019383145365446 -13.536996519213828
-0.1970324963595309 -0.012707936272241416 0.9803145942675915 98.6005127179119 0.009537086363465445 0.9998438331584338 0.01487794605267274 2.787651941135527 -0.9803505696239625 0.012280783800356142 -0.19688052973115866 -13.704587422596024
-0.19326626366101973 -0.009783374867950714 0.9810975674756829 99.48679631651615 0.007095075050224162 0.9999102030520406 0.011368629752896238 2.7873061505603096 -0.9811206914750809 0.009158133468120092 -0.19317949516146682 -13.871905502609382
-0.18974648684672574 -0.01043278819822675 0.9817776874933227 100.38065063133975 0.005443339848638685 0.9999169987699259 0.011677569192102003 2.786369981193542 -0.9818180283436527 0.0075599273379476535 -0.18967394844318347 -14.034924489750532
-0.18530117830685144 -0.011094590891405562 0.9826191446186285 101.2688790215385 0.0031897246359501924 0.9999242061405105 0.011891494061611718 2.782624585143746 -0.9826765993829505 0.00533779235479192 -0.18525174492548735 -14.187339170807938
-0.180929525281824 -0.014533618752713733 0.9833886722996379 102.15004128714939 -0.0014717637261086837 0.9998936881926415 0.014506764768587904 2.781681850599588 -0.9834949622610318 0.0011773862863989114 -0.180931680389876 -14.341894544360574
-0.17556240421670644 -0.018363379949705275 0.9842970225000547 103.01635691810584 -0.0022039897567267992 0.9998308417667763 0.01826007341420767 2.7790125300622663 -0.9844658372207755 0.0010364018346050493 -0.17557317909189651 -14.491362120484162
-0.1707983039226741 -0.020836161598791085 0.9850856783787729 103.88609974014197 -0.0040800135572850674 0.999782764138758 0.020439618891681232 2.7817586268783296 -0.9852975656452778 -0.0005281106833477517 -0.17084621222782753 -14.634357118393758
-0.1697675093372496 -0.021137390892722145 0.9852574300555541 104.76491583074899 -0.011434155338313066 0.9997449011381756 0.019478006569431064 2.784576258210001 -0.9854178062452119 -0.007958853841335427 -0.16996589004975704 -14.77162893051928
-0.16608638871134174 -0.019612073198588303 0.9859161617854119 105.62771990614927 -0.017605210643415737 0.9997018313906354 0.016920545866210755 2.790392805805431 -0.9859540395185905 -0.014546989347036559 -0.16638214164360043 -14.90741845748911
-0.1619105368734955 -0.017241355168898378 0.986654809810035 106.46113655864264 -0.017873943789371825 0.9997345666319326 0.014536795199633662 2.7888491088205143 -0.9866435527498016 -0.015281752294865177 -0.16217573142750902 -15.042906777976025
-0.15649053954339875 -0.014972216506274668 0.9875659693237232 107.3400446635128 -0.019257156869263898 0.9997412783706938 0.012105297643730471 2.783124247620052 -0.9874917077842874 -0.017123348230412786 -0.156738374377979 -15.183838591829156
-0.14923138795760132 -0.017059297814654185 0.9886551336064155 108.20387980166183 -0.021611787666982754 0.9996685899425899 0.013987169693393189 2.7835823982422743 -0.9885660946452117 -0.019279280076430746 -0.14955061309686896 -15.314166458966605
-0.14228165018656774 -0.02076907634845195 0.9896082949772701 109.07011802922996 -0.022147426743599995 0.999596343318865 0.017794434865728195 2.784850864260124 -0.9895784069535997 -0.01938545566103478 -0.14268419884482658 -15.432245416032561
-0.1356911608486906 -0.023523105255754885 0.99047189378935 109.93354418245812 -0.023469692194296496 0.999513880436695 0.020522581774357663 2.787241958532605 -0.9904731608760733 -0.020461337529763205 -0.136177278760641 -15.547652767660303
-0.13278048197514808 -0.019964485404851063 0.9909443793316387 110.77305177045852 -0.0260228642965428 0.9995226733177145 0.016650407130548425 2.7910568052937608 -0.9908037919488656 -0.023576362024892404 -0.13323663540265546 -15.654782169168108
-0.12947263710090912 -0.01762812449407652 0.9914262884697771 111.63087282193929 -0.026148424372910265 0.9995549566463562 0.01435787402491576 2.7919270415194237 -0.9912381631802474 -0.0240652835121986 -0.12987596384445815 -15.75842411049316
-0.12462374233069129 -0.01676105912285513 0.9920624928625079 112.47690411855518 -0.027092363861833273 0.9995419870799198 0.013484060393794309 2.7956988906514537 -0.9918341225567264 -0.025196883962220744 -0.12502075975902116 -15.857401414853893
-0.1183362257015727 -0.018453323971341997 0.9928021013883459 113.34729787097146 -0.028739891480018296 0.9994720833876314 0.015151672069599968 2.7964858940028625 -0.9925575833796363 -0.02674003296925078 -0.11880410057056173 -15.951857026531146
-0.11020004218223384 -0.019841172749993332 0.993711365823567 114.22948614554669 -0.027034134978193406 0.9994906518463826 0.016958549987363687 2.7933299788941492 -0.9935416982940448 -0.024995294269082237 -0.1106803009364688 -16.049082834699533
-0.10200882966791158 -0.02046262797983053 0.9945730136726727 115.10789708779201 -0.024920249321717682 0.9995272239786769 0.01800860070142837 2.791390659781849 -0.9944713066969437 -0.02294797118786569 -0.1024705361303162 -16.142497880109484
-0.09639511700679654 -0.020903408148664565 0.9951236249557218 115.97634896109882 -0.024823593648857577 0.9995189637138775 0.018591136993008087 2.7910540691033137 -0.995033552507453 -0.02291044967054859 -0.09686764516746998 -16.227209866714663
-0.08917615649858085 -0.021161396903050213 0.9957910465520626 116.83778854514084 -0.027771805201101004 0.9994383896765777 0.0187518552831793 2.7963142073478475 -0.9956286154726633 -0.025982696584472848 -0.08971376444106277 -16.303681552331636
-0.08339060817171529 -0.022192347290324793 0.9962697958838747 117.68767355121874 -0.031100076697873347 0.9993229608007278 0.019657193234377077 2.7983438106246474 -0.9960315214380207 -0.02934484176499949 -0.08402433316396674 -16.372167464634323
-0.07933581939785272 -0.023026049450303045 0.9965819729491315 118.54636672536758 -0.03202286426789568 0.999276080315168 0.020539023200580334 2.7989511910156524 -0.9963334602052424 -0.030283929016332173 -0.08001574669265132 -16.439805489508938
-0.07565416900371175 -0.02367066009682875 0.9968531218604568 119.43410287528684 -0.03393761213916713 0.9992001219406694 0.021150763486057378 2.8040102890808947 -0.9965564134531721 -0.03223067117408636 -0.07639698057527305 -16.50581340982136
-0.07346354889456519 -0.022312362060420136 0.997048276405461 120.30108159068284 -0.034337458235101 0.9992135299477315 0.01983079754691256 2.8096761844875804 -0.9967065997302157 -0.03277926278424612 -0.07417192181380239 -16.56641372361264
-0.06880758994181058 -0.023852080726617885 0.9973447717872744 121.18159461227363 -0.03457924517967456 0.9991704517551634 0.02151009396043717 2.8157038919622566 -0.9970304866799228 -0.03300737166745916 -0.06957529767383397 -16.62549922415692
-0.06408785961730629 -0.0259046872220689 0.9976079858489502 122.03990644946917 -0.03445483751793847 0.9991244773135886 0.023730634303802935 2.822423941986914 -0.9973492920844156 -0.03285157549913169 -0.06492429103147718 -16.6754437968158
-0.05970784595914813 -0.02710126817142463 0.9978479314977907 122.92587632681827 -0.033812882557397936 0.9991126352497346 0.025112368615703654 2.8255683325148855 -0.997643053453528 -0.032240709480901464 -0.06057123531916664 -16.725115885965224
