1.0 0.0 0.0 0.0 0.0 1.0 0.0 0.0 0.0 0.0 1.0 0.0
0.9998907086175027 0.0005899414289000389 0.014772365738054778 0.008746878243982792 -0.0005889500980746461 0.9999998240157988 -7.145735450774375e-05 0.012080419808626175 -0.014772405294005616 6.27493585844581e-05 0.9998908800985974 0.1489371806383133
0.9993479104227158 0.0030531228276476576 0.035978220839159004 0.019987123804628176 -0.003101839944435248 0.9999943464446097 0.0012983326912485208 0.023283257498409857 -0.03597405346511711 -0.001409084744561326 0.9993517308522919 0.3216182762138454
0.9980702282176471 0.003597829771271597 0.0619909280984783 0.04318255065461349 -0.0037763175231427296 0.9999890544061592 0.0027623348530146584 0.032553232292363884 -0.061980311160385125 -0.0029911016052160655 0.998072890293915 0.5330172020621159
0.9958098803682575 0.0025151206459669458 0.09141310808135365 0.08194806530453833 -0.002919640447980168 0.9999865283016691 0.004291726322793567 0.04232413207342496 -0.09140108238205678 -0.004540636883904266 0.9958038083659236 0.7831781204090137
0.992153584422453 -0.0002535846207287401 0.125024799989916 0.13549426941332512 -0.000492695328332522 0.9999822479622442 0.005938098322718114 0.05363627304469659 -0.12502408635535717 -0.0059531046704184715 0.9921358467346049 1.062287441386769
0.9867459525905932 -0.0037687053746698175 0.16222891821707425 0.20701059502110383 0.0027032884093316153 0.999973309965763 0.006787605460870361 0.06087229640340224 -0.16225016880687432 -0.006259090662021013 0.9867298042048926 1.3466199662944234
0.9795288797817907 -0.004794891724340878 0.20124657186342834 0.2891752068846787 0.0031887605369285733 0.9999604341295328 0.008304335115731157 0.07050313524795034 -0.20127842775535662 -0.007492608946694467 0.9795054136305238 1.6470119756867474
0.9701483029967107 -0.006187863541910593 0.24243345589540474 0.38826868122319014 0.0036100868408666595 0.9999321455947039 0.011075715749936859 0.08079754024428018 -0.24248554073512066 -0.009869881010361355 0.9701048128853075 1.983442997979021
0.9586588230383863 -0.009891109689788537 0.28438605268149253 0.5114003277385661 0.00558052977409305 0.9998569977774447 0.015963761552825594 0.08907674833879277 -0.284503284160476 -0.01371677602717136 0.9585769303281423 2.328405826558945
0.9459520766873716 -0.016468864356947784 0.32388801323550365 0.6435335840200604 0.010143637403245054 0.9997236319684085 0.02120769445569157 0.09570093188387076 -0.32414776758614394 -0.01677606004659431 0.9458576999624375 2.628553982538874
0.9309732728726048 -0.021024744585596195 0.36448144714372127 0.7884990185355792 0.012701563350859034 0.9996012782654452 0.025218143835985453 0.10441549736225673 -0.36486632550197745 -0.01884793371165072 0.9308691207197103 2.9361378468080215
0.9123679238797033 -0.022940293152054446 0.40872792224845333 0.9647930867781767 0.011777826350164312 0.9994862921788047 0.029806619283820526 0.11665391012806349 -0.4092017281022958 -0.02238067686114632 0.9121694201305653 3.2732190024219316
0.8912399005432519 -0.026426523719288414 0.45276161335052295 1.1590090773147397 0.012055986503493273 0.9993286393747582 0.03459658530580911 0.1307988966534123 -0.4533719145128888 -0.0253753693472317 0.8909601549796766 3.6023933194183906
0.8671480900249168 -0.03251060939232509 0.49698817917841737 1.3882039865808802 0.014783871782102128 0.9991077486305464 0.039561897850474564 0.15049880598708656 -0.49783092220277897 -0.026958614640605755 0.8668550086348871 3.9484625773179984
0.8410192908677553 -0.03833002487983464 0.5396455888645892 1.6062635946901134 0.017533203063620446 0.9988941248736489 0.04362469579535178 0.16403492731460045 -0.5407209439060299 -0.027227495030178427 0.8407612766628549 4.235490513628577
0.8135211459102365 -0.044108570566894933 0.5798601375844361 1.8426606165052761 0.020335012225452087 0.9986672213475939 0.04743699277638546 0.18439776677633044 -0.5811796903150408 -0.026799533735148866 0.8133338506154113 4.506680512075521
0.7806410065091053 -0.04883296233391761 0.623068985543451 2.108260744928935 0.021914479749687674 0.9984684724571079 0.05079827838096648 0.20297995051542325 -0.624595368645775 -0.026000986497896995 0.7805155822707095 4.791216910842986
0.7452082584331032 -0.05290583141907364 0.6647297379875207 2.39297854596113 0.02280972031017557 0.9982867370787254 0.05388234620062149 0.22677810983354157 -0.6664415714993123 -0.024991269967103043 0.7451382879727485 5.074482915424659
0.7070741338510094 -0.05400232512606053 0.7050744060876298 2.714394093095933 0.019151918456376666 0.99817644121398 0.05724505415172781 0.2596386466624682 -0.7068800274857715 -0.02697296955051858 0.7068189907291269 5.3666914086981246
0.6685896607580059 -0.056725008021802886 0.7414648602546322 3.0456096959275767 0.017666136090958167 0.9980165523823664 0.06042241973333412 0.2849887084693766 -0.7434216657880711 -0.02729898598376608 0.6682656598996747 5.63860251945872
0.6330836697209974 -0.05935727919117022 0.7718042371868769 3.391387228098137 0.017765351259363276 0.9979072074442926 0.06217393043201548 0.3131469318133409 -0.7738794863718942 -0.025649926661788554 0.6328132598444964 5.890098489719733
0.5978249077843113 -0.0628029007487907 0.7991627964878104 3.7867894509934206 0.018404788963448975 0.9977388968267552 0.06464021582684246 0.3437534850855378 -0.8014154000116861 -0.02393510844904219 0.5976290381228492 6.163137608676996
0.5642895387354797 -0.06397140647497176 0.8230947549506761 4.205079127151348 0.01699360665473979 0.9976821681470722 0.06589012592354831 0.3822992111767493 -0.8254020437378161 -0.02319376025941052 0.5640687153871109 6.432696101117714
0.533008651688246 -0.0651025529777031 0.8436014668202421 4.620613895036395 0.017343381880132146 0.9976666294057053 0.06603410993736214 0.4206054947831126 -0.845932021104792 -0.02056584950944371 0.5328940434115557 6.684657777308377
0.4995339799578695 -0.06543140512413523 0.8638197347195375 5.105382638729337 0.018690422008389298 0.9977254353109332 0.0647659158721413 0.4622707553618471 -0.866092645732891 -0.01620762034014425 0.4996206981804403 6.949189889315828
0.47066487697873044 -0.06408113461515312 0.8799819212716995 5.599418614449489 0.020132373079961838 0.9978793774180584 0.061898591889621137 0.504652225267435 -0.8820823437371175 -0.011417368794221706 0.47095687972154193 7.201653069449096
0.44495366384372037 -0.06275079417629767 0.8933524359749031 6.1383180594078635 0.02122365495603051 0.998000834043447 0.059530594813855836 0.5482477608106613 -0.8953020683000553 -0.007528152417960454 0.44539592883053514 7.459036656483585
0.4215871282416794 -0.06247978977352368 0.9046328366640194 6.728345066227662 0.02158323177273483 0.9980321842452764 0.05887209285262056 0.5919689369856742 -0.9065310019007505 -0.005294816376367698 0.4221060382325303 7.731234308388298
0.4050954550403959 -0.06396863167416073 0.9120338187081388 7.336756773600469 0.023823011164046327 0.9979491648533498 0.05941320145875958 0.6394914620719587 -0.9139639688984967 -0.0023406260352711317 0.4057885964699731 7.996535983174904
0.39332158143199775 -0.06652067833778935 0.9169913483415821 7.967194072579457 0.02594815119381825 0.9977850023391241 0.06125179635518174 0.6859250707883524 -0.919034725692917 -0.00029742325778012516 0.3941764636681782 8.26413686265912
0.3843482344344329 -0.0684121568343546 0.9206498853985732 8.6039094510625 0.0256420672443714 0.9976568454865136 0.06342951238448956 0.7296873637115022 -0.9228320102134351 -0.0007716548261025302 0.3852018762600463 8.535151894895876
0.37745815593819126 -0.07031695472383867 0.9233530562001222 9.23549001781466 0.025168106324549144 0.9975234932708765 0.06567683607409816 0.7740196398647703 -0.9256845612517131 -0.0015512095388418926 0.37829312286795586 8.796633056592075
0.3668803068565288 -0.07235073772493128 0.9274503820644627 9.938007925430652 0.024255735482928167 0.9973760445491129 0.06821059342762525 0.8217171890461114 -0.9299518803341612 -0.0025291323066968033 0.36767254963178003 9.07753818022615
0.356370288203007 -0.07427559263089932 0.9313878644396407 10.632232061914983 0.023358517982866877 0.9972319572328641 0.07058897301388871 0.8664582698488865 -0.9340527808018935 -0.003399972476376481 0.35711880777048144 9.342037837535
0.3457530905933489 -0.07598131759459123 0.9352441604852381 11.313618875164304 0.023917428006586146 0.9971058967645239 0.07216500034618416 0.914021493242075 -0.9380206591449346 -0.0025826370253774905 0.346569723148601 9.593577585889067
0.33503235662286984 -0.07735080449865375 0.9390261833725073 12.062183307588356 0.02337590687994356 0.9970000899531715 0.07378609361464192 0.968120114984533 -0.9419166029926784 -0.002770140209364634 0.33583543489327344 9.857569690326851
0.32550327898978215 -0.08002803237299161 0.9421481462070642 12.806145841046929 0.021647855025366494 0.9967813909869223 0.07718956506534547 1.0227834724453504 -0.9452930687039343 -0.004729970051056763 0.3261880464450151 10.120880434547397
0.3157573014542945 -0.08326763563565165 0.9451792567729945 13.559837181731154 0.019645670164347012 0.9965020764652277 0.08122597641323422 1.0821375598446101 -0.9486365870142769 -0.007079015195488106 0.3162886550633244 10.377352259758165
0.30408955686658135 -0.08749407408680421 0.9486170609916199 14.357466881990955 0.020087312661688096 0.996140964884688 0.0854381527693231 1.1412858603174998 -0.9524316465105082 -0.006925682514772422 0.30467358541066014 10.635885634356795
0.29272808699944464 -0.09058824595413073 0.95189497150505 15.150895663254348 0.01947246061894916 0.9958605372741265 0.0887840840327372 1.2015220056304892 -0.955997432192728 -0.007453857728893273 0.29328032604637555 10.879154889185692
0.2785225001354823 -0.09235524601769085 0.9559789356734238 15.933976712109754 0.01895579146516054 0.9957005770216949 0.09066994479204996 1.2635674872892746 -0.9602426229282941 -0.007132282360916363 0.2790756808826498 11.10211301714292
0.26547525305556424 -0.09170193430202081 0.95974665681124 16.716431539249015 0.01705199739534364 0.9957571902161754 0.09042592281871908 1.3246302269493029 -0.96396686633925 -0.007640247250947342 0.2659125931994028 11.314243116707106
0.2487905871262892 -0.09128889359225861 0.9642456023566078 17.480906988312697 0.016185920946074225 0.9958011735364148 0.09010015952608731 1.3865428646265374 -0.9684220462796599 -0.006808868496323811 0.24922355344011138 11.508651754052742
0.2283994570494351 -0.09061113257076345 0.9693416893303244 18.301027089857886 0.013868952760279857 0.9958612429117816 0.08982225234058003 1.4526959605851881 -0.9734687155573396 -0.007071599567653686 0.22871084869480585 11.704762289514719
0.20539065781122395 -0.08942879481394006 0.9745856393062637 19.104289861774294 0.01038498915727313 0.9959594616329795 0.08920147299203535 1.5209381667890518 -0.9786249688640056 -0.008200087918534611 0.20548948604260092 11.882142020300943
0.18153715228810585 -0.08955511240005437 0.9792977811585906 19.90088383138909 0.007480510334165455 0.9959415961185204 0.08969046262582459 1.5857871520953635 -0.9833556347040808 -0.008956504000312851 0.18147031914841305 12.03687185010832
0.1492759350828437 -0.0900994258450471 0.9846820749193801 20.704574701043015 0.004455013940689458 0.9958910617054458 0.09044968803698754 1.6516029941067765 -0.988785541993779 -0.009115189388759964 0.1490639636749142 12.166905555005936
0.11729377967226867 -0.09038402139225893 0.9889756811606427 21.496418278640668 0.003946751923682441 0.9958843332763423 0.09054732400235953 1.7191405846374184 -0.9930894181288241 -0.006717396199350356 0.11716776087667952 12.265388135039737
0.08306793876756069 -0.08995724901770802 0.9924753956134506 22.299552956534967 0.002777743751072058 0.9959344314733616 0.0900382826662404 1.7854525461934743 -0.996540015096515 -0.004722452222997546 0.08298009855645716 12.337958491139066
0.049624222803372975 -0.08843311226333142 0.9948452247292451 23.141368443349187 -0.00020995421352926896 0.9960714808546391 0.08855258859725422 1.859174055912882 -0.998767937225855 -0.004603225333106961 0.04941070618948107 12.385820318436407
0.018276475596200437 -0.0861784415999288 0.9961120653034925 23.927968478922935 -0.004111294527049204 0.996263572052918 0.08626698243054598 1.9273736527364589 -0.9998245184516599 -0.005671966481559647 0.017853881906709168 12.404363525390513
-0.013697277501404093 -0.08288732111104674 0.9964647894371803 24.75465454150901 -0.003623654980889457 0.9965558493958544 0.08284508530677774 1.9917925030113088 -0.9998996218189251 -0.0024760924744505752 -0.013950457068819089 12.392309513985674
-0.04354368733480263 -0.0797686738292221 0.9958618910114073 25.558631837026624 -0.0016346442864387384 0.9968116933047959 0.07977327891520103 2.0526059301395976 -0.9990501865428713 0.0018457427645316368 -0.043535250111851 12.350951823615173
-0.07414030642324132 -0.07532902868879818 0.9943986888568741 26.368921050346255 0.0012233152406993034 0.9971353855466965 0.07562755047244926 2.1138885747156095 -0.9972470699196312 0.006823512837476557 -0.07383577188102697 12.28584660167904
-0.10476728456654039 -0.07248515851331228 0.9918516612275515 27.176755876174717 0.002249509200652776 0.9973204348530342 0.073122431120079 2.171746051421729 -0.9944942210957838 0.00989201798696869 -0.10432349777128724 12.19833341216988
-0.1315511680560703 -0.06921136283664028 0.9888903262937596 27.936600111624376 0.006165159592556292 0.9974833236742999 0.0706329229104256 2.2239537585005134 -0.9912902102766281 0.015388510193216954 -0.13079339724829925 12.091152176493042
-0.1601030806613336 -0.061175569330557775 0.9852027980470989 28.734242601098327 0.008926894816390047 0.997947151442725 0.06341761172015457 2.2746478011379057 -0.9870599344070691 0.01894815675556066 -0.1592283054104361 11.952439006083178
-0.18545333770975203 -0.04907842053244887 0.9814267003553312 29.54858155464467 0.010314281865568431 0.9985997378221486 0.05188621407593724 2.3227179192819833 -0.9825989391007455 0.01974518319936493 -0.18468744575231222 11.799884349287465
-0.20802701666999862 -0.034141692505406926 0.9775270355178145 30.325444186716695 0.01012547575659344 0.9992619056867029 0.03705561474434612 2.360756200301386 -0.9780706697760049 0.017606495285689416 -0.20752777223222968 11.636215046751213
-0.2309462524268165 -0.01996377769909722 0.9727616748566889 31.121001000940254 0.009030235929621759 0.999702432377616 0.022660572308173164 2.3882289933281786 -0.97292460310605 0.014017641679669395 -0.23069725267691382 11.45507342425562
-0.2556136865033731 -0.009882932923767147 0.9667284887231677 31.896402556142075 0.0111737448263995 0.9998507590135409 0.01317600571496141 2.4066825673555865 -0.9667144307905566 0.014169944843594299 -0.2554651090940203 11.252887655920714
-0.28106317736076664 -0.005780540302273237 0.9596718583378824 32.68887559839765 0.012495553970030273 0.9998750490171806 0.009682328432422786 2.417959722107716 -0.9596079154857221 0.01471297749284749 -0.28095582718719797 11.023874980157952
-0.3053796698370532 -0.006600392985196756 0.9522077987827308 33.447856977923934 0.013114804584809401 0.9998519774418541 0.011136655975497359 2.4281897369026466 -0.9521403568544476 0.015888927530053252 -0.3052479038929343 10.782375658543952
-0.3273859863645416 -0.011126195715301209 0.9448251815553083 34.194212987961336 0.013976642653790283 0.9997642512005087 0.016616121136241405 2.4322202052669533 -0.9447873143688185 0.018645369140642166 -0.32715329864967696 10.525140907566016
-0.3468117972300225 -0.013235851769635657 0.9378413456070349 34.930232683879815 0.01885866236153522 0.9995998837029765 0.02108135088008807 2.4377898546749885 -0.9377451296359876 0.024997694472250996 -0.34642342171835977 10.245503199375761
-0.36237622576729817 -0.013529657705523966 0.9319336990156649 35.66181418852817 0.019879718789369727 0.999554957901259 0.022241468383816954 2.4465193163912717 -0.9318198687404685 0.026586359235218817 -0.3619459873007466 9.95984131503744
-0.3739000870531665 -0.010654935017327206 0.9274077836968004 36.40486533196457 0.02158595703290818 0.999563177064235 0.020186666793367586 2.454462915118866 -0.9272177583289745 0.027566781042217138 -0.3735067619499847 9.658712206663207
-0.38320657472834263 -0.008218642528157492 0.9236261012985535 37.163254540997286 0.022475054041791308 0.9995813775065306 0.018219266943690707 2.463122787860442 -0.9233891882791297 0.027740289420647032 -0.38286144140154543 9.34033929226555
-0.3915639754901912 -0.006928718118398104 0.9201247991243107 37.931249236472176 0.01796570705274066 0.999723460697523 0.015173513141775077 2.468487153170222 -0.919975481449594 0.02247209372097532 -0.39133121334156784 9.02163237599818
-0.4023208033297575 -0.007996044346888147 0.9154638357045576 38.69925055865958 0.017770147217504518 0.9997052597335385 0.01654132790819297 2.473844445931502 -0.9153262768411966 0.022922847464936492 -0.40206013230377924 8.6807278519918
-0.41150186923379567 -0.0075378169808626655 0.9113777443696194 39.45421439770425 0.018720735732898265 0.9996849230754317 0.0167209039614309 2.477242427015805 -0.9112166293866191 0.023942345140596146 -0.41123110101068167 8.335104661938727
-0.41798985313295195 -0.0058426276707851865 0.9084329069225718 40.20120631484796 0.02073976231070492 0.9996573174670189 0.015972159964738344 2.4840460562244298 -0.9082149222167564 0.02551688336267386 -0.41772544060215794 7.985793483943102
-0.4238866644915548 -0.0026511316202000573 0.9057113597429133 40.94929554683324 0.02181852140789526 0.9996756254993246 0.0131375761123415 2.4963361981673606 -0.9054523995162848 0.025330126009689036 -0.42369132269440696 7.632372269888077
-0.42479677295954466 -0.0018438928957451028 0.9052868615760126 41.70730315424869 0.02062524941564418 0.9997186461066633 0.011714423297924917 2.5037780595972876 -0.9050537557348182 0.023648016526751615 -0.42463922398272513 7.281912814261012
-0.4247026170708954 -0.0018355088132956925 0.9053310543445026 42.45666100443261 0.022812577777060097 0.9996587284361178 0.012728431036452945 2.5107159385131372 -0.905045453747102 0.026058733063609764 -0.42451580545701906 6.932008368181339
-0.42268533232114264 -0.003036572025360954 0.9062714213031878 43.22592940073386 0.020950538686374223 0.9996944112888877 0.013120936190493045 2.5202070894713255 -0.9060343176554165 0.024532901746410846 -0.4224925466355412 6.578817200964339
-0.41610684081923294 -0.004101323124574565 0.9093064808809325 44.02353159053665 0.018660187981960757 0.999740736190339 0.013048286710426488 2.53089759077374 -0.9091242458585712 0.022397311227632548 -0.41592242791397677 6.222940076387301
-0.4086667197453017 -0.004958554607276939 0.9126702169506912 44.80761681258869 0.017289335705783455 0.9997637424460497 0.01317338836904514 2.5430474096964786 -0.9125199126832618 0.021162987182239305 -0.4084844390304931 5.876523602330527
-0.40347165999689977 -0.006004057703331548 0.9149724426836261 45.62090100098072 0.014929168126709457 0.9998021584861123 0.013143965366485611 2.553706153008667 -0.9148703402769109 0.01896299495348759 -0.40330220096597974 5.523865506858805
-0.398289324453734 -0.00742069908683978 0.9172298224824852 46.45052882922628 0.011808177577145345 0.9998429326717322 0.013216539966920631 2.5618887086521354 -0.9171838316109236 0.01609481939796728 -0.3981391412811004 5.176999886909247
-0.3970374573546152 -0.009232836788459108 0.9177559654844091 47.30224960326468 0.008539219934659722 0.9998689579835303 0.013753129965105276 2.5738289198229634 -0.9177626812963632 0.013297427787630309 -0.39690658754163183 4.819835079725242
-0.3976767234822377 -0.010923934544436312 0.9174605665937371 48.161781521115216 0.0060913396506003005 0.9998756536797215 0.014545540890969134 2.5835565135233707 -0.9175053782848869 0.011372986969952158 -0.39756073244938117 4.459535375169484
-0.39904925060391866 -0.011817312508990234 0.9168533398082357 49.0487726325193 0.005432766865605497 0.9998689245425998 0.01525184507556935 2.5946020723193333 -0.916913398656948 0.011067287792862937 -0.39893274433703113 4.085364850777815
-0.40059403331756693 -0.012544090049485482 0.9161697802673884 49.94501982997136 0.005326442298747763 0.9998575015745673 0.016018912494374496 2.6036027151132664 -0.9162401701970954 0.011297006235933308 -0.4004701339267426 3.6985596862229335
-0.3999212790130036 -0.013354310044531296 0.916452198969394 50.859305547858746 0.005104299524787478 0.9998458930053646 0.01679691539141308 2.614957841039061 -0.9165352784912125 0.011395290410497043 -0.39979148394819003 3.301507748768068
-0.4000846783422368 -0.013995539981088698 0.9163713084860454 51.76902774704767 0.005513677398923215 0.9998285394378035 0.017677417436092753 2.6222744371230946 -0.9164615919488006 0.012125039641461818 -0.39993891270588244 2.912443864084665
-0.40125410674794054 -0.014504118713495075 0.9158519380108651 52.69995514232556 0.005312853471740452 0.999820949116216 0.01816158848605232 2.631189095063679 -0.9159513717473763 0.01215319911355585 -0.40110520358804386 2.508935989184979
-0.4005926754179171 -0.015407872551719826 0.9161266865804891 53.656633987765176 0.003944156642997538 0.9998203375308243 0.01854012643226925 2.639897521712268 -0.9162477569030614 0.011040386006792937 -0.40045993288583837 2.099176744193872
-0.4011975975884072 -0.015866482873775907 0.9158541054177279 54.596748826309124 0.003996159002460919 0.9998101361051384 0.019071508976794552 2.6468750761295805 -0.9159828155607056 0.01131134221218156 -0.40105801966154647 1.6922435404860536
-0.3996100589318273 -0.01600223547930107 0.916545541290866 55.560114321799176 0.002968746995242682 0.9998197862915017 0.01875050616101335 2.6589052937542252 -0.916680417234807 0.01021388269371447 -0.3994905371326577 1.2805546065318938
-0.39833828361394485 -0.0177748727068426 0.9170663365906264 56.49574318844079 0.002130899079484924 0.9997915845434839 0.020303860350749426 2.6653557801639804 -0.9172361043246224 0.01004198069532233 -0.3982173872988286 0.8824406802403055
-0.3976196272717017 -0.019759578780681818 0.9173375556766021 57.476499210815525 0.0044723133799591894 0.99971447904067 0.0234725117844897 2.6764311796105456 -0.9175394435234621 0.013435752411070947 -0.3974177275057114 0.4585816080525472
-0.3950992044226099 -0.021476021384932455 0.918387390576599 58.443595860391675 0.005774642372101384 0.9996488801211427 0.02586058734869672 2.685203437510049 -0.9186203090342032 0.015520856226998739 -0.39483646089474284 0.04482895768027545
-0.39315552030936357 -0.021757572157395585 0.919214526051503 59.38573574906563 0.0067998167352228 0.9996238499159769 0.026569177095420362 2.6956893262883077 -0.9194468442181096 0.01669630896264652 -0.3928596873240913 -0.35543731978057175
-0.3924903985513885 -0.021996169309594745 0.9194930427037912 60.34950041280587 0.006746154976479321 0.9996182511703697 0.026792560910162817 2.709316364512678 -0.9197313610169034 0.01671886547571645 -0.39219217623404895 -0.7567270263754999
-0.39022814717655874 -0.02166076981778542 0.9204633638565151 61.3038490629702 0.0066413533433705724 0.9996309970732988 0.02633936438130274 2.7215559460249064 -0.9206942410903408 0.016391483799322603 -0.38994029502212 -1.1563516091474435
-0.3904847794782798 -0.021073092432266287 0.9203681664264254 62.234623438566956 0.0039047808279383048 0.9996910760239528 0.02454598143804767 2.7319720589461927 -0.9206011023687104 0.01317866811982063 -0.39028186356030253 -1.544983379024328
-0.3920677757482862 -0.019321788108474694 0.9197334003525603 63.17564419049821 0.0016314787370558265 0.9997632279892439 0.02169853077187466 2.744936469376747 -0.9199348876398385 0.0100078201831699 -0.3919434219862088 -1.9391203166488196
-0.3957790702925212 -0.0188738368500959 0.918151787996377 64.11218105795295 -0.0003327894875854529 0.9997916674224605 0.02040860122040203 2.7528348259059783 -0.9183456956775835 0.007771745953928546 -0.3957028976331651 -2.3354661195124504
-0.4004385138135864 -0.021001785882132112 0.9160829229084709 65.07189556853393 -0.0012909850489313656 0.9997492493973109 0.02235557396080962 2.7601109491516373 -0.9163227215410353 0.007769383455260132 -0.4003652166064824 -2.7521425725329305
-0.40521894134896774 -0.02338056868657554 0.9139206522340516 66.01001224394822 0.0022756645521095076 0.9996440299731038 0.026582601264339107 2.767832741439379 -0.9142168402096235 0.012851550374367058 -0.4050214892201487 -3.1706513864915427
-0.4106486883915506 -0.024693652771585847 0.9114592027266472 66.92739736447601 0.0015588054644652075 0.9996127277783622 0.027784250737168496 2.782273731518313 -0.9117923145364973 0.012830353709007612 -0.4104511629608066 -3.5749188205859705
-0.41541501032973005 -0.02270766179165898 0.9093485202543117 67.83796704852988 0.0019697859448115553 0.9996635611132692 0.025862801968644065 2.7893294102669386 -0.9096298638105953 0.012535018081092163 -0.4152305193330865 -3.983532222842107
-0.42049269333753964 -0.020599587908851698 0.9070620440894478 68.72217485580695 0.0011700206589318352 0.9997290796021014 0.023246471766549134 2.80323628224278 -0.90729517021827 0.010836252854228913 -0.42035467134632837 -4.389272480436858
-0.4258601764853067 -0.018741833048360648 0.9045948561526816 69.60225626527644 0.0004829302843455327 0.9997805905408135 0.02094128831286598 2.8136899200573118 -0.9047888576138877 0.009354916987846117 -0.4257576877355318 -4.799372741809996
-0.43012310652042574 -0.018033362305407544 0.9025901124437273 70.47027301445505 -0.0003603693743385681 0.9998038182234585 0.01980391879673127 2.825629753788127 -0.9027701719547078 0.00819285724002278 -0.4300452228767483 -5.208858092124999
-0.4330746552262675 -0.019290037433956003 0.901151617352178 71.33069786775225 -4.678732331415622e-05 0.9997714503687991 0.02137860702698191 2.8343725400261266 -0.9013580536122124 0.00921637039535192 -0.43297657870275136 -5.618843401276492
-0.43743286198722553 -0.024975641499892304 0.898904170968927 72.2437864540068 0.0021665930652966237 0.9995820602069454 0.028827257707387546 2.8472208347708166 -0.8992484623996609 0.014557549385373326 -0.43719592933573626 -6.0550248691308965
-0.4386418922668685 -0.032298375531153625 0.898081346697831 73.11433316304624 0.00458522114636074 0.9992604851419578 0.03817667587543743 2.8636468106412636 -0.8986502468121733 0.020863790928491804 -0.43816941487569877 -6.480714044204985
-0.43983468078758003 -0.03472105454427681 0.8974073222053748 73.98747761033492 0.005441371620391634 0.9991309943033992 0.04132369413774469 2.8794104277598547 -0.8980622723683346 0.0230587205550185 -0.4392635317835857 -6.899547922850828
-0.4397308055970276 -0.030285433964692576 0.8976188562516718 74.84131200599026 0.004443941124749218 0.9993456970386965 0.03589469595249141 2.9006821953761177 -0.8981186280198563 0.019772968917496574 -0.4393085017432724 -7.313100188453597
-0.4395514368880304 -0.0250837179323238 0.8978671067726894 75.65729825322273 0.0034957110395442328 0.9995546478170023 0.02963589093914598 2.9182020621945877 -0.8982106180256367 0.016165182402947502 -0.43926799626638363 -7.714317479706232
-0.439739786208423 -0.022138007560013953 0.8978523425634324 76.50646084901291 0.0070899753838979075 0.9995794470175376 0.028118701057644593 2.933096901018066 -0.8980972400995486 0.018730662598696997 -0.4393978944011766 -8.134782119199434
-0.4368164038105809 -0.02252687888116767 0.8992685745036711 77.35657119167774 0.008780381061412993 0.9995319942761576 0.029303537785458727 2.9467464288846035 -0.8995078289100146 0.020696186755067448 -0.4364141766526282 -8.546239723287702
-0.43383218416692815 -0.024757922056354572 0.9006534745818748 78.20032284012237 0.008354434215019777 0.9994688842605621 0.03149845748435702 2.9632677620783214 -0.9009549597010382 0.021189494812250992 -0.43339493063452195 -8.947310666731871
-0.43115695348907634 -0.029190887907367822 0.9018046204811759 79.05582213107559 0.0069856000269187014 0.9993385705459878 0.03568785243420516 2.98753603563043 -0.9022499004434871 0.02168671211320833 -0.430667857713385 -9.348704821539007
-0.42710441237077085 -0.03407037598042207 0.9035601974489424 79.9265917229262 0.006038559035343021 0.9991600944462966 0.04052951357769948 3.012100342384573 -0.9041821479868952 0.022766535674558143 -0.4265399490260951 -9.7499253465413
-0.42560143338878365 -0.03730376389297936 0.9041414983822109 80.78279792841191 0.002159235647109573 0.9991052334378454 0.04223825539163062 3.037994476487612 -0.904908148708383 0.019928916591857446 -0.4251400718406133 -10.13427858548714
-0.4234743968515582 -0.03969379203576538 0.9050380312920724 81.65159618863485 -0.0020843095548220315 0.9990796399721631 0.042843069997053985 3.0712729063445514 -0.9059056743750359 0.01625656381017214 -0.42316738209389104 -10.520643828904777
-0.42087632159467564 -0.040498761687167775 0.9062135356651553 82.49076805815037 -0.00016579535786442195 0.9990063090244683 0.04456867780413198 3.093213568405946 -0.9071180157139616 0.01860765517509414 -0.4204648150987789 -10.906516336969675
-0.418916000362827 -0.03857559849444335 0.9072052181512229 83.33435028364153 0.0037287204035275946 0.9990156864909239 0.044201298501523135 3.1180885835448207 -0.90801733534342 0.021899345786208647 -0.41835981806331707 -11.292317530781903
-0.4143307795539154 -0.03626797424372507 0.9094034523568191 84.1914399158746 0.005284611289109772 0.9990929842122411 0.04225259496648108 3.1450373964273974 -0.9101110250940638 0.022312394361318197 -0.41376331284938395 -11.678492474192655
-0.4078493319863444 -0.035636538459933184 0.9123535277100024 85.02513947531997 0.008970815865547644 0.9990333979780144 0.04303247828337073 3.170737519740047 -0.9130051735127239 0.025735323022958875 -0.40713541517277135 -12.050752923522285
-0.39900984159039327 -0.03498141258456894 0.9162791316447175 85.8765807353451 0.013418726167631043 0.9989422576602431 0.04398071905613435 3.193745786697659 -0.9168484520912098 0.029844038504274972 -0.3981183859905341 -12.420148714903709
-0.3878682882233961 -0.03537215062865624 0.9210358309808345 86.7126103012514 0.011416340844305265 0.9990023342434149 0.04317410494654278 3.2227994817501084 -0.9216441060151036 0.027260725157487942 -0.38707750478619735 -12.760496798949738
-0.37652829944839583 -0.037169056849562114 0.9256591710383544 87.57137641239468 0.010268577126668732 0.9989659612161644 0.04428955469699728 3.2521198966353855 -0.9263482045312621 0.02618147330420268 -0.37575728125656926 -13.102405875463743
-0.36401415201779297 -0.03964848648027846 0.9305491360753554 88.42218321930334 0.012168841794433227 0.9988057985947427 0.047316973517969166 3.281478839244078 -0.9313139193742083 0.028547753210039425 -0.3630969696465526 -13.431220713800302
-0.35109693459039887 -0.04140006308276789 0.9354234213969458 89.24699240848778 0.012141158272021847 0.9987367689383446 0.048759190378937736 3.3111407175273437 -0.9362603990327899 0.028476326085691214 -0.3501507733186126 -13.737679012344806
-0.3394512932764355 -0.042078709297777135 0.9396819683897254 90.07678751516121 0.01246447915556763 0.9987099535331605 0.049224642946121624 3.3422632816164226 -0.940541044427268 0.028422015016988243 -0.33848889613994476 -14.037601345229048
-0.32467295320650785 -0.041491431042624434 0.9449158346679347 90.908101966588 0.01566138511569032 0.9986645346573617 0.04923279632372196 3.3705861195005644 -0.9456966714927268 0.0307832481656858 -0.3235895504492488 -14.327487621460621
-0.311232496060985 -0.03822577222611865 0.9495647022364333 91.74351407522714 0.01686300217694045 0.9988112532617525 0.0457353202160894 3.396558132269993 -0.9501841782271634 0.03024682950996071 -0.3102179181661916 -14.603428751197777
-0.2987698765984276 -0.03073906846397916 0.9538300008425649 92.5839079408546 0.018636192804847924 0.9991025932594021 0.03803551577247666 3.4201316877637464 -0.9541432036938171 0.02913962615245069 -0.2979288992907444 -14.871346774227508
-0.2849761660220527 -0.026860058636978885 0.9581581926015085 93.45225407532365 0.015049841875765725 0.9993587074717531 0.03249116895252392 3.4437374712622595 -0.9584164476149634 0.023679338048287202 -0.284389173300794 -15.124334487128873
-0.27179536140787125 -0.029023477933927882 0.9619173141418049 94.35167075074071 0.01376011879618982 0.9993257350963496 0.034040186616054346 3.466188733011076 -0.962256691661783 0.022488061338404947 -0.2712127328304495 -15.372507867752445
-0.25748593503137696 -0.032976219101269966 0.9657191942975984 95.23216578230948 0.0134110929031972 0.9991992865062518 0.037695204370575185 3.4834939808693854 -0.9661889752259438 0.022657334776682234 -0.2568375154307836 -15.60440647885884
-0.24608249082741668 -0.03303675830665577 0.9686856973800956 96.06825224954262 0.011339255725095969 0.9992524169048425 0.036959823990814336 3.500930511466609 -0.9691825571004543 0.02007934038803833 -0.2455239114664925 -15.80691161046002
-0.2391843609944353 -0.02812612708699348 0.9705667222972206 96.93271131916364 0.008576530834454272 0.9994801780272514 0.031077594010148285 3.5170958194122526 -0.9709362927476394 0.01575736988523914 -0.23881880311183723 -16.014600517805423
-0.23403786651363928 -0.022422858445833443 0.9719688742222471 97.80587057969187 0.003948520961991879 0.9997038379656009 0.024013444964443513 3.5270030988627936 -0.9722194640203193 0.009457894901391243 -0.23388001625636495 -16.21338390295813
-0.23086925525201263 -0.020244616412792932 0.9727741477268401 98.66630285590529 0.0010216260125275722 0.9997779219922086 0.021049061195980264 3.5353732890709733 -0.9729842461518439 0.00585339245570208 -0.230797301841005 -16.409090502292234
-0.2270243723695745 -0.020646597177708958 0.9736701969225424 99.5344711422134 -0.0009061077996404543 0.999779296756758 0.020988967226099796 3.5430910338217063 -0.9738886555037268 0.0038827569514818996 -0.22699297539703622 -16.603548115508627
-0.22234293154907192 -0.02130017438126744 0.9747358223444405 100.39906346828133 -0.0032304892529507103 0.9997719319674759 0.021110376339789204 3.54903828312944 -0.9749631709604991 0.0015448693629431104 -0.22236103221855252 -16.79295239633916
-0.21730147327847055 -0.02501164494574037 0.9757840372378074 101.26286182233582 -0.007474472694036425 0.9996849814477136 0.023959760554545365 3.5565944651663943 -0.9760759201870276 -0.0020869798737085197 -0.21741996814012848 -16.980267626193918
-0.21231814368728236 -0.028858669189189286 0.976774376749214 102.11652499057635 -0.008148021011257308 0.9995813698362865 0.027761390992045956 3.5662676981288826 -0.9771666263308355 -0.0020645311434023157 -0.21246440195094168 -17.159992417423044
-0.20789522782216624 -0.031235310709362345 0.9776522539296165 102.95753054385543 -0.009602846369323594 0.9995070192295104 0.029891534797437745 3.5789561467795545 -0.9781039615451811 -0.003173936960441515 -0.2080926873626135 -17.333504865448006
-0.20463135550108985 -0.03205314707051608 0.9783141643197559 103.81280854452002 -0.01576814323319814 0.999441958610261 0.029447190498632866 3.593105464416502 -0.9787120996517638 -0.009400379362626391 -0.20502258134916457 -17.496541849410203
-0.2020509281816324 -0.030845391218487853 0.9788891583123801 104.66871097428486 -0.022153409258024503 0.999392117503989 0.026918802520543607 3.6073003590871413 -0.9791244297223861 -0.01624676310752339 -0.20261143553447492 -17.663982339200587
-0.1979805159682148 -0.02847398365809297 0.9797922981691571 105.49104756472447 -0.023114701743861737 0.9994356452152557 0.024374200221923548 3.613683203795367 -0.9799333782764277 -0.017821990006863915 -0.19852695235645829 -17.827987024548698
-0.19238322261387647 -0.026133496056162973 0.9809718324399445 106.35888580134996 -0.024587347514410194 0.9994598763681313 0.021804079260675027 3.6185970336242637 -0.981011803190413 -0.019924756311751626 -0.192921865238267 -17.998208092641367
-0.18544677476985622 -0.028786254949438102 0.9822325820565333 107.20942717641144 -0.027674278781504177 0.9993273435062868 0.024062311081678764 3.6270624866179255 -0.9822645407533462 -0.02272030032050288 -0.1861186716371152 -18.15704694930551
-0.17946637871717108 -0.03264064911664049 0.9832224605527425 108.07382562274172 -0.02882187603810708 0.9991948395077586 0.027910072782215824 3.6370347961715517 -0.9833418115649252 -0.02332939618397682 -0.18026264422198546 -18.31004238712376
-0.17225194098075364 -0.03553273134930941 0.9844118517324043 108.91835767658283 -0.029753435469345196 0.9990808986103121 0.030855973648276913 3.649431875475832 -0.9846034744536172 -0.023974633154012014 -0.17315084481167292 -18.45099395066703
-0.16738072183115038 -0.03217898241904266 0.9853670417919194 109.74455403261396 -0.03262344816639315 0.999100629207623 0.02708585141114411 3.6610784890954555 -0.9853524265911247 -0.027612421252162244 -0.1682799738637234 -18.583728249373802
-0.16350994571869054 -0.02992698661736582 0.986087659958827 110.59058557141667 -0.03290082800135182 0.9991492000362134 0.0248678825761377 3.671661424953119 -0.9859929174025018 -0.02837695436439782 -0.16435545410209101 -18.716769738764746
-0.1587111260268017 -0.029422130304772278 0.9868865774361477 111.42437569299966 -0.034443790221271635 0.9991124513100591 0.02424737000991818 3.6819842577352455 -0.9867240768272039 -0.030143786847936803 -0.1595836718588981 -18.844829135959262
-0.15249396143653965 -0.030773625330165696 0.9878251746687924 112.28263154916263 -0.03520654768496202 0.9990498524185347 0.025688351107278882 3.688999255410378 -0.9876771186604952 -0.030860595693261095 -0.1534325027755183 -18.969806813645647
-0.1441400159621849 -0.032076590692599334 0.9890372834873113 113.15226202601643 -0.033571269609128325 0.9990576691183934 0.027508973673216964 3.694897865717704 -0.9889876772009103 -0.0292380933930716 -0.14508104024815133 -19.09744247084261
-0.13612602363610954 -0.032911479667195535 0.9901447066944998 114.02222614124092 -0.03275555584279174 0.9990511194402836 0.028704255896049767 3.7006161450181576 -0.9901498771652962 -0.028525344016013733 -0.13707489010871737 -19.21959174362436
-0.12967634879480872 -0.033343998099120704 0.9909955713089807 114.87828624871943 -0.032595643790628716 0.9990376082663935 0.029349297695833432 3.709645719931334 -0.9910204682896927 -0.02849622887559056 -0.13063841843327872 -19.333572682650427
-0.12212799061980134 -0.033884156097189484 0.9919357932208874 115.72393811389772 -0.03555442449326127 0.998924968826788 0.02974541230768067 3.7243453071812223 -0.9918773295151588 -0.03163495882694072 -0.12320143089223862 -19.437799453252143
-0.1160398951369625 -0.03497685356577564 0.9926285118065272 116.56087818745802 -0.03893840561149986 0.9987716995938885 0.030641355367702357 3.7364777936428446 -0.9924810040021104 -0.035095751950539454 -0.11725930619779884 -19.532315600330623
-0.11225853223367116 -0.03537841964661476 0.9930490367368823 117.40441685388839 -0.03976126353923148 0.998725543276819 0.03108586701680629 3.747128350846599 -0.992883207563964 -0.03599523065255738 -0.11352215425970208 -19.627218175910553
-0.10731394422557083 -0.03599417863414965 0.9935734177599581 118.2758858461918 -0.040935668315115664 0.9986569814749663 0.031756958464310314 3.7600688959464708 -0.9933820958897669 -0.03726462740672473 -0.10864326536832403 -19.720738434690492
-0.10440852642031268 -0.03503318742860075 0.9939172678796416 119.12880502743248 -0.04252338270055097 0.9986227025007715 0.03073206751519348 3.775120273166062 -0.993624990393479 -0.03905603447162113 -0.10575445445422232 -19.807290552035383
-0.09958327751149626 -0.03656645960983956 0.9943571113396185 119.99029930097745 -0.04495120322745946 0.9984695914638866 0.03221590058252255 3.7920301200151156 -0.9940133601559248 -0.041489383624504605 -0.1010745807707692 -19.891998524006812
-0.09448556570769229 -0.03902422054972941 0.9947610708523849 120.83600864079118 -0.045234939465328874 0.9983676391155575 0.03486914708443649 3.8070188122521973 -0.9944980030771633 -0.04170332573445565 -0.09609658942033528 -19.968081911570593
-0.09035972995856001 -0.040158949958029655 0.9950991799514681 121.70781891039456 -0.045740409157061485 0.9982996049023183 0.036134662334382124 3.821715546291054 -0.9948582482806083 -0.042251125312158 -0.09204296951910884 -20.04273026429332
