1.0 0.0 0.0 0.0 0.0 1.0 0.0 0.0 0.0 0.0 1.0 0.0
0.9999290161118725 -0.001977355733581865 0.011749587305340647 0.007002287544310093 0.0019665485685428914 0.9999976327055524 0.0009312733319865631 0.0004644425061997026 -0.011751400949270394 -0.0009081010924882618 0.9999305375515518 0.22298406064510345
0.9998022727185776 -0.00420428748873842 0.01943551989217921 0.015454115983220237 0.004180175947644822 0.9999904424729432 0.0012810510583862848 0.0016649927002962313 -0.019440720043609187 -0.0011995538668598865 0.9998102917427419 0.4564560358360301
0.9997006299117015 -0.006418357884160695 0.023610489961416483 0.021349768139368938 0.006394002845726123 0.9999789455459223 0.0011068841287266318 0.00012434246425697092 -0.023617097233914298 -0.0009555872207249936 0.9997206207592737 0.6760334114678841
0.999631506334728 -0.0079293933180003 0.025961052840191748 0.026306904530875617 0.007932805966449397 0.9999685343945994 -2.84642871915818e-05 0.0029927356216450105 -0.025960010255418636 0.00023439779314804639 0.999662954662827 0.9063974739016354
0.9996442793529123 -0.009716393175326452 0.024837601749352258 0.03240198295606759 0.009742207532091367 0.9999521217023005 -0.0009185289704206067 0.001904423290670386 -0.024827487778642025 0.001160175301542505 0.9996910772052892 1.1631654433099845
0.999838082912041 -0.010844349126687617 0.014359946058162825 0.027813398340528046 0.010883348120039006 0.9999372883865626 -0.002640459775641563 0.0011016744593635602 -0.014330411455114609 0.0027963165320197855 0.9998934042793662 1.4258393948586465
0.9999524528241645 -0.009513252619234478 -0.0021424554931116038 0.011806106999392323 0.00950554023355312 0.9999484069074084 -0.0035816516028899423 0.002725649274333866 0.002176418113699352 0.003561116108583029 0.9999912907902027 1.6858894523203416
0.9997748301540723 -0.005487330594648394 -0.020498248543255052 -0.01659187378365997 0.005421372112622567 0.9999799513402384 -0.0032719477365845797 0.0037570319016402053 0.02051579183976335 0.00316008235960684 0.9997845348697229 1.9625302935771751
0.9992971298795637 -0.002600321766702808 -0.03739631721408434 -0.04784500831871137 0.002465319958112764 0.9999902790180111 -0.0036556896729223634 0.0037177946675639147 0.03740545965458706 0.0035609263106938798 0.9992938263553114 2.2542653691097776
0.9983756547649315 -0.0019129518634096298 -0.05694201074657439 -0.0859714090590078 0.0016651839314347056 0.9999889407233603 -0.004398362586988095 0.0033186323496751016 0.056949794865031836 0.004296399206359039 0.9983677988690794 2.574787719891421
0.9970302488939083 -0.0027233645429147937 -0.07696275772162683 -0.12608733714367146 0.0024583736473153105 0.9999907207148544 -0.0035376380816084948 0.004685815476127816 0.07697167784036946 0.0033379289615951256 0.9970276922135544 2.9017664581410414
0.9954320741718498 -0.0032738094997030965 -0.09541628729566502 -0.1734946948259631 0.003045908975192426 0.999992150519064 -0.002534036063823828 0.004581982313256297 0.09542383427867525 0.0022318314491850174 0.9954342322724985 3.2320824566270385
0.993448542311987 -0.0017958094510442326 -0.11426621918399121 -0.22989731615742437 0.0015719089308957662 0.9999966642449846 -0.0020495368297883377 0.0008142169843554231 0.11426951859748666 0.001856493285532946 0.9934480512599436 3.581155849843365
0.9912862951960163 -0.0011062854308458547 -0.1317203746164653 -0.29255493001710653 0.0008668195679541215 0.9999978659133361 -0.0018753113368790873 -0.002854183707765632 0.13172216814338072 0.0017447926292581593 0.9912851386550128 3.9334517535761995
0.9893829214875441 0.00024218597292586928 -0.14533195111442954 -0.36260725362440094 -0.0005766752774656054 0.9999972812073717 -0.002259429903597619 -0.008599992935563756 0.14533100878476274 0.0023192507021512635 0.9893803712232137 4.30838610371255
0.9872510662627637 -0.0004117113231727927 -0.15917023169180386 -0.43123143659124225 -8.935735599073134e-05 0.9999950635731767 -0.0031408350070020485 -0.01375013230701641 0.15917073907693927 0.003115015740674599 0.9872461559806835 4.6749423497424125
0.9854484745134066 -0.0031393977529437164 -0.1699454273022637 -0.5014726093817771 0.002237142745973574 0.9999823707043924 -0.00550031569617794 -0.020074354205686408 0.16995969896282564 0.005040085532240057 0.9854381250318529 5.047543913860632
0.9837292547678582 -0.0029816474374876646 -0.17963257803759683 -0.5866258160252743 0.0017301825237124194 0.9999731337808809 -0.007123074117226541 -0.023554056573606177 0.17964899048508295 0.0066963792457854256 0.9837079844764337 5.455852694622315
0.9821386468396724 -0.0021782849286132496 -0.18814604289941064 -0.6733295933213705 0.0005332506806487615 0.9999611936837692 -0.008793564137648641 -0.027256814454804705 0.18815789653280215 0.008536170177610625 0.9821016952286815 5.870769143103317
0.9802785871875783 -0.0022959192413377766 -0.1976072373582577 -0.7633189295290735 -3.947351185007355e-05 0.9999302161416637 -0.01181360608483228 -0.0353752657770906 0.1976205706483194 0.011588425334055486 0.9802100889375245 6.279228485479853
0.9783830320078996 -0.0037403643429650196 -0.20676714524704226 -0.8628097214392898 0.0009798211733492098 0.999909040804412 -0.01345176821348036 -0.04060372558375817 0.2067986523880121 0.012958386943706374 0.9782977039625104 6.70886351704836
0.9766126273018179 -0.008246067498661505 -0.21484826870479656 -0.9604134375407628 0.005110443230976902 0.9998722329596192 -0.015145993738550566 -0.04739701467341245 0.21494571306407556 0.013693798857613215 0.9765299894566596 7.151545006378575
0.9737417859741748 -0.008355327284363357 -0.22750191813212375 -1.082432164805878 0.00452256567613067 0.9998390191409513 -0.017363242870086087 -0.05597702210138466 0.22761037025480504 0.015878422756422754 0.9736228197013661 7.630006335273289
0.9710082124249075 -0.0041553941881328545 -0.23901000837313707 -1.219085737588147 -0.0009403841949383442 0.9997747621921285 -0.021202371594679848 -0.06194120560110868 0.2390442784944909 0.020812438175624896 0.9707855969966974 8.1074073861502
0.9682890577890293 -0.0022650795507976897 -0.24982227679024704 -1.3646308630982904 -0.003923255403909809 0.9996977367024099 -0.024270214237106073 -0.07240915864400702 0.2498017386510149 0.024480699473419704 0.9679874930598135 8.611705386218132
0.965043727976347 -0.003824295739485208 -0.2620610193363589 -1.5063525335461891 -0.0028108015840794 0.9996850139197412 -0.02493937326281137 -0.0864958000733509 0.2620738493020039 0.02480418727521322 0.9647290032986708 9.102069153800077
0.9619510383404811 -0.004297029346240892 -0.2731880952283026 -1.652010100976851 -0.0030108187973395184 0.9996488929847781 -0.026325381753690424 -0.10126257925033018 0.27320529790953946 0.026146248164994806 0.9616003530058912 9.587227442592201
0.9590408499385209 -0.00254728015023061 -0.2832563494664085 -1.809110554265888 -0.0057299220324084615 0.9995805206966822 -0.028389269755536205 -0.11589027046985759 0.2832098447136017 0.028849506193110545 0.9586239564342797 10.088700506744212
0.9560813692105609 -0.0005279881942747292 -0.29310089845806697 -1.9813453333378033 -0.009079948779888235 0.9994650640001291 -0.03141879013222096 -0.1323706718926337 0.29296069698615546 0.03270026103389154 0.9555651327616038 10.612334076357682
0.9532659657621618 -0.0008233534333997872 -0.3021312969698058 -2.153769214051332 -0.010673915459736925 0.9992802631937908 -0.036400867024107525 -0.15429105142500119 0.3019438127339119 0.03792463157991226 0.9525710767555545 11.137475471871428
0.950385389920343 -0.0012117192422575933 -0.3110725676790473 -2.341920829238147 -0.012679260136044427 0.999010514002934 -0.042628972237156365 -0.17782511613308363 0.3108164200751949 0.044458122408303255 0.9494296331817162 11.691992251171792
0.9487870731513506 -0.0010960572128444592 -0.31591436890315716 -2.5236421700378457 -0.01538280524420554 0.9986475119634464 -0.04966403278064676 -0.19961054579886386 0.31554153311998845 0.051980241513525934 0.9474869895510349 12.205311526336295
0.9476805314801632 -0.002620806619113982 -0.31920955754197083 -2.7107025560675395 -0.01656192154766356 0.9982158729143951 -0.05736526663758679 -0.22894167790804154 0.31879039039488727 0.05965067002488403 0.9459463433818315 12.730392435854844
0.9466275305915838 -0.0023101672954686705 -0.3223212395315381 -2.9182101226006227 -0.019603910838597936 0.9977105119223643 -0.0647257373804762 -0.26354351562497497 0.32173281617813326 0.06758992178336219 0.94441494983265 13.300993365407018
0.9459608026108788 -0.003206054464998137 -0.32426514018400054 -3.125717312542376 -0.020955357367915182 0.997256747158568 -0.07099192379626602 -0.30572059333916135 0.32360320289107924 0.07395066910771898 0.9432986089341783 13.882286683909262
0.9449948769627835 -0.0019860785722018697 -0.327079100533799 -3.3374746927970977 -0.024401167682950663 0.9967669428951674 -0.07655223423996813 -0.3476083089764898 0.32617367387605406 0.08032258115453875 0.9418911919255166 14.454834671303633
0.9443233672280772 -0.0020735168410231236 -0.3290122773316162 -3.5388360741981435 -0.026304840793707828 0.9963033342077445 -0.08177849104348418 -0.39129306906584665 0.32796559797918445 0.08587995560339755 0.9407779758092314 15.013901555069653
0.9434711067460622 -2.6762913398399937e-05 -0.33145477824147757 -3.765106436803901 -0.030235918587217914 0.9958236424801481 -0.0861455878426585 -0.4420408196266403 0.33007281009278505 0.0912977127934568 0.9395300248933696 15.616798674231283
0.9424275651041475 0.0021991589388529187 -0.33440312234162817 -3.9969319140132185 -0.03359518254589376 0.9955421062959274 -0.08813216383124088 -0.4898357314541131 0.33271857213202927 0.09429251450581998 0.9383002043411233 16.233416978312427
0.9418390480171478 0.0035600827064403463 -0.3360454335968221 -4.22965525099713 -0.035660139056090695 0.9953571939511549 -0.08940028485515827 -0.5436274533772538 0.33416696741696833 0.09618410607167108 0.937593225032338 16.85096446037431
0.9398884389763527 0.005356875510858703 -0.341439637657019 -4.464949910956913 -0.03800340947507658 0.9953065899448347 -0.08899737569532419 -0.6008474651385601 0.33936037356601456 0.09662347487617169 0.9356807366596734 17.481604087956605
0.9377784863240982 0.006509662610081492 -0.3471730618587599 -4.698538943141326 -0.03952374903584381 0.9953273851560729 -0.08809806819974259 -0.6526460770771071 0.3449773671559267 0.09633805401334286 0.9336538949198935 18.07945767738959
0.9355577400617692 0.007082238101608112 -0.35310275687678666 -4.940689267655546 -0.040351503286116974 0.9953953099573107 -0.08694787575058809 -0.7098435338079847 0.3508610425696553 0.09559298519484231 0.931535565605776 18.704265073145777
0.9323527178260032 0.0077048163217842275 -0.361467903648323 -5.239490542909727 -0.0410234223077469 0.9955707529744064 -0.08459287584740263 -0.7826104737017923 0.3592151004407053 0.09369904816710461 0.9285391752575402 19.460483660168933
0.9292527382249843 0.00856216060784602 -0.3693454181482347 -5.518427717217974 -0.04086602295479877 0.9959786293144803 -0.07972790049102618 -0.8466332654791411 0.3671775002219318 0.08918104818051065 0.9258657699559903 20.15458998385489
0.9267604255614406 0.01007785088638588 -0.3755177100147068 -5.756532220441894 -0.04173536060821644 0.9962137104955205 -0.0762653440013846 -0.8958298966197462 0.373327300485887 0.08635206970454828 0.9236720450298694 20.72383670665902
0.9232491643510036 0.012362406462713922 -0.384002801333043 -6.041190162134102 -0.044111181158287854 0.9962835559087186 -0.0739816188164325 -0.9489239317400914 0.38166108554841494 0.08524228488449767 0.9203632808003999 21.39340708514699
0.9200282455079862 0.013408599243492154 -0.3916225694898397 -6.328848014550805 -0.04563094906321352 0.9962810429523279 -0.07308830235689229 -1.0016243859403309 0.3891861302193172 0.08511341210496448 0.9172185470893855 22.05232767144893
0.9165664489987797 0.013993634331398625 -0.3996374891923514 -6.639275239419806 -0.04672018483798579 0.9962905037153331 -0.07226656581955797 -1.058157766817356 0.39714376351451386 0.08490824697782402 0.9138202343440863 22.753209821308257
0.9130982433608797 0.01379813142786537 -0.40750608528017757 -6.947966619474788 -0.04729057269738021 0.9962662151021163 -0.07223039789491616 -1.1109096738525128 0.4049879006899216 0.08522464558567237 0.910341452466912 23.428864031436582
0.909131305452629 0.013277955264505592 -0.4162979285920035 -7.277303812228815 -0.04723706461188791 0.9963300222721159 -0.07138029452235332 -1.1631087629474526 0.41382234010847135 0.08455875249339577 0.9064220254406385 24.14322171892836
0.9052738568760876 0.013164695339821467 -0.42462446332412684 -7.6084403583023485 -0.04733328727702195 0.9964220133303023 -0.07001950632743774 -1.219523936848548 0.4221833771860801 0.08348570025697134 0.9026579273901932 24.83955905060262
0.9020355917927697 0.01440260657042125 -0.4314213208257627 -7.951330205707205 -0.04803632110825851 0.9965847557024143 -0.06716648387360794 -1.277278212359961 0.4289805391780055 0.08131045212970481 0.8996467681156928 25.544217792403927
0.8987083418281538 0.016993174955391325 -0.43821746694241415 -8.313488360915269 -0.04932139354952185 0.996825862684905 -0.06249479675003443 -1.3332888456132002 0.4357645195134908 0.07777809130745232 0.8966938452146006 26.28358558240735
0.8952420568253642 0.01803682144104965 -0.4452149287292545 -8.670537226421205 -0.04936459407476711 0.99704436915685 -0.058869880112435206 -1.3896973287997012 0.4428372122382275 0.0746806467896651 0.8934864321589626 26.996950620380677
0.8920943880689678 0.018844108904229724 -0.4514559805069145 -9.059251248397894 -0.050037571124224016 0.9971047894345801 -0.05725626919918919 -1.4424602198015015 0.44906997701008944 0.0736677571684338 0.8904545004108466 27.762110497452138
0.8900271596687932 0.01908194059731139 -0.45550799619209886 -9.433647718720461 -0.050218982197094975 0.9971471876408207 -0.056351929932256864 -1.4912812879003898 0.45313321317134586 0.07302989609086684 0.8884463548228272 28.489828173948492
0.8881706181962057 0.02014039256058992 -0.45907223566719346 -9.81962893461166 -0.050982824656772695 0.9971900708471894 -0.05488819721756565 -1.5375718327445107 0.4566768053700414 0.0721548833502137 0.8867017357859014 29.2347539002037
0.8861952163486144 0.019395543255298082 -0.462905877498509 -10.221825977966867 -0.05022885906363785 0.9972564780556832 -0.05437443050865229 -1.5886999083670468 0.4605812634465257 0.07143759428905003 0.8847381363342464 30.00453280068725
0.8852684598616707 0.019502095772201716 -0.46467130558561237 -10.624508937926231 -0.05060881888428077 0.997226907624545 -0.05456411055561441 -1.6401411121429257 0.46231861462121954 0.07182035206039523 0.8838005066781967 30.762896979807095
0.8846312520456131 0.01840598226314169 -0.46592785677735565 -11.030617075656144 -0.04973079032200771 0.9972457033930492 -0.05502595349515672 -1.6892674971330648 0.4636317465383056 0.07184863868600128 0.8831100592343001 31.52625449052672
0.8842386170283785 0.019433038564477107 -0.4666309303591996 -11.465155503562139 -0.0513214103464511 0.9971262690128071 -0.055725366617459866 -1.7396431525588394 0.46420704539654695 0.0732226785685328 0.8826948840609974 32.3324068847954
0.884193242411345 0.01931117131213736 -0.4667219608467828 -11.902330373547986 -0.051120072913866235 0.9971442955477915 -0.05558769649643468 -1.79388184248861 0.46431567733535944 0.0730091262723505 0.8826554363179069 33.15455827714052
0.8838961781301748 0.02017404024737399 -0.46724785113146045 -12.345714322223976 -0.05168502598790685 0.9971632149234668 -0.054719109021668606 -1.8459622171072492 0.464818463892625 0.07251572866346442 0.8824314504373172 33.98665427270709
0.8841825563256751 0.020111522292962102 -0.46670840335315794 -12.776851380077956 -0.05140873625782354 0.997193707303014 -0.054422899147733725 -1.898160447626396 0.46430415561974875 0.07211266730839004 0.8827351892203582 34.79984082172451
0.8842392655056318 0.0184564538080703 -0.46666934830872664 -13.224547423232298 -0.04973125913564827 0.9972587115734517 -0.054789269530103886 -1.9549014011976937 0.46437885740292273 0.07165487773829453 0.8827331733278558 35.64230471097963
0.8829649855839186 0.016506247850172993 -0.4691485671028947 -13.667249175658629 -0.048283925828502855 0.9972745983996978 -0.055785642358131333 -2.00840467795822 0.46694913720808856 0.07190910351708163 0.8813555378461018 36.474330079514964
0.8820712484295671 0.015858393737344573 -0.4708490459180912 -14.12743690694106 -0.04699638506635122 0.9974100177091381 -0.054448107075934324 -2.0633493715735365 0.4687660957072307 0.07015531285318681 0.88053198669547 37.33319815854167
0.8807438922038618 0.017637430228462547 -0.47326432086153336 -14.58725673834923 -0.04781324306456661 0.9975119490108867 -0.05180545693410051 -2.1186882214738056 0.4711730999677729 0.06825564178467876 0.8793958592302562 38.17874128950425
0.8789508592700219 0.017386759952823516 -0.47659530795721544 -15.054166310344279 -0.04620338283976584 0.9977388140304049 -0.048810924918129606 -2.1736546180128 0.47466897349906084 0.06492271987173787 0.8777667150455204 39.03641861168908
0.876065546919186 0.017638757763054125 -0.481869309798584 -15.526006521568586 -0.04659876985864969 0.9977502867113255 -0.04819668054055556 -2.2288832231806888 0.4799351124358876 0.06467796836670169 0.8749165950301251 39.890050775290845
0.8719357263010707 0.015299904026532496 -0.4893812441610358 -16.022326635610344 -0.04556861993159491 0.9977092298094268 -0.049997936263514245 -2.2902984564798405 0.4874952205687295 0.06589541478630723 0.8706355174427393 40.77329353279088
0.8680440029888599 0.012418198807482288 -0.49633194256813057 -16.509779670464376 -0.0441674721791825 0.9976550583158575 -0.05228402258897106 -2.347295030625396 0.4945187997198664 0.06730655952550793 0.8665569708729264 41.62093289486058
0.862893260274036 0.012737504837561985 -0.505225669720134 -17.015056699517753 -0.04508292188004984 0.997636926657057 -0.05184681981586822 -2.4024379780992433 0.5033713852896311 0.06751532078554369 0.8614284241484159 42.487278416389394
0.8585503491403326 0.015434864276208647 -0.5124968906791415 -17.527562304605272 -0.04633525154117223 0.9977925519937372 -0.04757171061083988 -2.4573302546669913 0.5106313175429306 0.06458938109782612 0.8573703222025886 43.344920205864106
0.8551571398326563 0.01732741349475327 -0.5180791705278379 -18.034250088629904 -0.047376673449562146 0.9978707244743805 -0.044827090579563855 -2.509664684592599 0.5161992996954609 0.06287907425015664 0.8541571898751184 44.17489577782466
0.8521660126751279 0.01708415352723129 -0.5229925606924364 -18.561357522931306 -0.048008130063549745 0.9978041410319939 -0.04563020476840127 -2.5637759325546585 0.521064589364097 0.06399240453102953 0.8511149545585261 45.029305621625205
0.8505180846770714 0.014453855770033046 -0.5257471575678041 -19.06724573049826 -0.04773178857164159 0.9976184456346603 -0.049790694805724345 -2.616958514862578 0.5237753946082218 0.06744273854807323 0.8491824380073684 45.8409539067923
0.8494079928913598 0.013027404879344784 -0.5275759171288823 -19.57659644890818 -0.050082608058994824 0.9971732620056636 -0.05601087314971559 -2.675542247398183 0.5253549219168703 0.07399846122112302 0.8476593854577588 46.64952059255742
0.8473101741042889 0.012181546535117372 -0.5309586413115176 -20.08770130985439 -0.05053461693325652 0.9970501541169801 -0.0577688728184634 -2.7338716560129703 0.5286886809368715 0.07577994523170062 0.845426329463373 47.471808487121685
0.8460446744022068 0.011663928681273934 -0.5329843915945217 -20.614450313165662 -0.048782836556653095 0.9972599994964774 -0.05561230315113058 -2.7957692852212435 0.5308753561554268 0.07305098337465782 0.8442955110948089 48.30781687760446
0.8446841481680003 0.014141855019565372 -0.5350782164976495 -21.15434027682287 -0.049203568323044455 0.9974698942391439 -0.05131100223958797 -2.8542517885647287 0.5329987792649993 0.06966934780200759 0.8432428376682863 49.1533292294023
0.84325484353951 0.01612818098917759 -0.537271952204037 -21.673951370065023 -0.05039278569803261 0.9975194491337784 -0.04914789669391165 -2.9100584054922285 0.5351465556244839 0.06851883228590212 0.8419758509752091 49.95296040689417
0.8418789493742302 0.017086655793084233 -0.5393958479580198 -22.216674792925936 -0.05215203032388477 0.997396524977761 -0.0498029888197851 -2.964648509193794 0.537140577813331 0.07005867652258138 0.8405782423488402 50.79290039543729
0.8392956800728206 0.01535749072041456 -0.5434582862464 -22.760960509766825 -0.051869796350940786 0.9973031229499641 -0.05192306983182732 -3.0225053467496905 0.5411952380034525 0.07176787883880412 0.8378287927311673 51.631375714849526
0.8369069261664996 0.013467761593721973 -0.5471795101538399 -23.295440272198263 -0.0513416327544496 0.9972211304063328 -0.05398197678136136 -3.082374816282581 0.5449319532571464 0.07327097971755855 0.8352727278264152 52.44418865729244
0.835129015011243 0.011324383797814946 -0.549937529741289 -23.8393099780202 -0.04972636778837854 0.9972485445063224 -0.054978439652258244 -3.1419797047024116 0.5478018041526755 0.07326048601819318 0.8333943151686675 53.268843020721356
0.8322366147032727 0.010873776563552217 -0.5543139707155886 -24.389847440883173 -0.04933459187146734 0.9972939094542599 -0.054506478608641704 -3.2026365456261003 0.5522212556504071 0.07270914075055838 0.8305209603972696 54.09893803763409
0.8299956554758374 0.011378939906676794 -0.5576537739653837 -24.942440491252196 -0.050153575322936475 0.9972644359681948 -0.05429791557108519 -3.2607020745818467 0.5555104236407824 0.07303536458208719 0.8282958437338679 54.91246299988555
0.8262326538773896 0.011152635822111342 -0.5632186257404356 -25.50419745933926 -0.05070895959365748 0.9972175164873216 -0.05464271431569954 -3.3239443064627303 0.5610420689071848 0.0737078253991915 0.8244992136996057 55.7344044393842
0.8223927034455865 0.010362267209826255 -0.568825865039321 -26.07028436859447 -0.05078611650843911 0.9971795961061263 -0.05525960079130121 -3.3868959066553543 0.5666489316053203 0.0743335491409827 0.820599483172305 56.552548953755156
0.8185027592387462 0.008739298032114765 -0.574436121590961 -26.644866143361174 -0.05026185020109007 0.9971396537842242 -0.05644694203799685 -3.449877076905375 0.5722997287548917 0.07507420010219003 0.8166008112573082 57.37007136948533
0.8139304998830539 0.008168505373850637 -0.5809048260085984 -27.238419415144406 -0.05077832050403256 0.9970747492431276 -0.057127109051173006 -3.5147463095742775 0.5787388906293686 0.07599486786429883 0.8119643320561414 58.198238326793025
0.8101641991683614 0.006206995515123836 -0.5861701490118402 -27.839251339702482 -0.05001064766017281 0.9970302060880226 -0.05856366850433086 -3.5820721684403214 0.5840658400441664 0.07676093638531473 0.8080685943277043 59.029189947123214
0.8051595671735561 0.005775858430973838 -0.5930301095629776 -28.449451373700498 -0.050036218604842114 0.9970488419840642 -0.05822356503998548 -3.6490789261656236 0.590943692932432 0.07655224462824271 0.8030724161778672 59.85629686119112
0.8005150340949997 0.005101885213118364 -0.5992909568441309 -29.065153903883385 -0.04929227029684521 0.9971362762603146 -0.0573543255099081 -3.7122991794046705 0.5972821379188102 0.07545341167227568 0.7984740636928351 60.672700085616746
0.7965954406145835 0.004450782513798334 -0.604496397447555 -29.668158477608593 -0.0489068989025008 0.997169460852689 -0.05710675601448664 -3.776327610082693 0.6025311769790822 0.07505502566632302 0.7945583200057938 61.46466300219632
0.7921260522706844 0.003827376398842862 -0.610345532058655 -30.296094663899343 -0.04891007097142203 0.9971625827812289 -0.05722401994476957 -3.8413700364276466 0.6083947092732083 0.07518068030398838 0.7900656574218361 62.27538053642296
0.788156704735594 0.0020920800646660707 -0.6154710651048779 -30.92089977072877 -0.04845920427135139 0.9971007805548084 -0.0586663356481313 -3.9029156017400473 0.6135639447536966 0.07606350385036696 0.785973046026572 63.067346630007926
0.7846591866716348 0.003082114495613769 -0.6199197216914822 -31.566595213782822 -0.05038282902817492 0.9969966814222198 -0.058814860130742774 -3.9669539633390736 0.6178766311416273 0.0773829296635703 0.7824578908067555 63.87269510396042
0.781009900847496 0.0032487095846536612 -0.6245101926023457 -32.2204288148415 -0.05093157945096806 0.9969868259095437 -0.058508488080301534 -4.0318344562345585 0.6224383575847605 0.07750299896679894 0.7788220439601964 64.68016700299879
0.7790198230218546 0.0042039266885151964 -0.6269852010529404 -32.87854523658769 -0.05219249886023236 0.9969417739904496 -0.05816392641062225 -4.098156785536647 0.6248232217209306 0.07803477604999727 0.7768568177760325 65.48354237122484
0.7750239077400325 0.0037758135139167696 -0.6319206324085943 -33.53172477580203 -0.052619458851237186 0.9968950289970275 -0.058578952800631495 -4.16477957787007 0.6297373539671699 0.07865141062513614 0.7728161622437147 66.2779322932086
0.7714412343439194 0.003197124869554306 -0.6362925430542924 -34.19488528209796 -0.054178179584663276 0.9966859809394609 -0.06067767510078638 -4.233283296482801 0.6339898633344402 0.0812824322428475 0.7690578777945551 67.06685024046979
0.7698847597021968 0.0015638468848543294 -0.6381810175500455 -34.862863656665 -0.05379609391163825 0.9965968199912371 -0.06245605385552501 -4.300671613363444 0.6359115009638849 0.08241560996725543 0.767348832132808 67.86296297952116
0.7673113912626023 0.0018166255212705533 -0.6412721175213885 -35.545855733309956 -0.05575077505293831 0.9963987493810673 -0.0638857050743117 -4.371580528129568 0.6388466795089778 0.08477164681401873 0.7646493889206954 68.66870796520124
0.7645030002511443 0.002966730948062893 -0.6446133423335891 -36.2257762123141 -0.056468411685430264 0.9964534398717653 -0.06238477898855843 -4.443490792117981 0.6421421035010273 0.08409364229957175 0.7619591709770728 69.47062949034515
0.7617449425641367 0.002565071826413773 -0.647871949450264 -36.90672761316121 -0.056094430918458636 0.9964980492901059 -0.06200848797501908 -4.513997804337263 0.6454440775914629 0.08357666042346483 0.7592212355661336 70.26572025152194
0.7575592432020757 0.0028490494822447678 -0.6527601978951737 -37.608120443794895 -0.057255358624668726 0.9964264120937618 -0.062098544191578134 -4.585289135032622 0.6502505801211246 0.08441734536812047 0.7550151620021551 71.07576105101518
0.7556981928989541 0.002322875144544174 -0.6549159071974954 -38.318886298559796 -0.05701192292279986 0.996430852421796 -0.062251080204427614 -4.656690855386144 0.6524338141864662 0.08438104403855294 0.7531334261026156 71.88624078863656
0.7536542602427099 0.0023294509695164153 -0.6572669394364776 -39.03053475421482 -0.05733424655029496 0.9964148739438917 -0.06221079613610825 -4.732228482846077 0.6547656376067117 0.08456933629607749 0.7510858720332299 72.69607258602655
0.753164653977738 0.0019265956890954054 -0.6578292272525181 -39.73061967024655 -0.05700771407843713 0.9964248289362967 -0.06235126955261719 -4.802092374000282 0.6553572495472568 0.08446211285732039 0.7505817923168214 73.48543611824148
0.7526186834113725 -0.0004713394211620543 -0.6584564489920975 -40.447941229659634 -0.05503686113497906 0.9964553951924627 -0.06362066730428372 -4.876112860474348 0.6561524680259473 0.08412147901091245 0.7499250065656401 74.29922684023438
0.7506265953720604 -0.003666948572080119 -0.660716480654387 -41.18766386947179 -0.05314502093995323 0.9964094904328338 -0.06590701119511204 -4.956162263812291 0.658585849430005 0.08458534662428481 0.7477365833413586 75.14125320097882
0.7485803390893131 -0.006887287276802351 -0.6630083266467292 -41.91225098183034 -0.050535390803038614 0.996444793639238 -0.06740880881339313 -5.034456351869971 0.6611154590578815 0.08396629385189765 0.7455709297521353 75.95947608528733
0.7456930991399581 -0.010421822541371757 -0.6662080662300338 -42.64315092808893 -0.04657997769249575 0.9966158875750541 -0.06772797288531548 -5.115482824718322 0.664659392150003 0.08153623886287364 0.7426841415964698 76.78688167532248
0.7395646145771345 -0.012407884634324119 -0.6729711920017645 -43.38179599820814 -0.04505255706460423 0.9966752930294922 -0.06788687182744924 -5.19799086439569 0.6715760924625853 0.08052580122840905 0.7365467720173701 77.60984181495128
0.7331386238404772 -0.013362023019439827 -0.6799479499006665 -44.12432110755858 -0.04377322948542874 0.9968066494106251 -0.06678628655030168 -5.276017971629061 0.6786690376123751 0.07872712386205262 0.7302125562839232 78.41348810654961
0.7258526744860685 -0.011313527245999534 -0.6877571512115856 -44.901501695194824 -0.04561674559062551 0.9968718332278089 -0.06454192930760566 -5.35724595696155 0.6863359290195596 0.07822117499936859 0.7230659999741217 79.2350156566698
0.7184484967188093 -0.010341600465703801 -0.6955032773914805 -45.66227513473157 -0.04746286370706896 0.9968301518404277 -0.06385080226993327 -5.436227390091004 0.693958957094155 0.0788840901677751 0.715680282100321 80.01755036908065
0.711354511867261 -0.01086668628914857 -0.7027493675380893 -46.437369697054464 -0.049128870651731646 0.9966658787755758 -0.06514199991553021 -5.5121044034421365 0.7011141936336595 0.08086433833033416 0.7084489016660418 80.79696311372003
0.7021644629082364 -0.012333333422310348 -0.7119079687118851 -47.23321605527528 -0.049533604209638794 0.9965813890841874 -0.06612077574435052 -5.594465810519852 0.7102897219323895 0.08169102654347024 0.6991531213543163 81.59018315233327
0.693897069355329 -0.012891749670863005 -0.7199587904390845 -48.045290623294235 -0.05014989036915183 0.9965467071409922 -0.06617891644933158 -5.672206154877506 0.7183257239136351 0.08202721058812959 0.6908543197281775 82.37304386853287
0.6864706785714445 -0.013832190955696266 -0.7270259128497595 -48.8627098121597 -0.04917294084876919 0.9966473411544895 -0.0653918898485926 -5.755606068007109 0.7254929560994677 0.08063961720551616 0.683489007071075 83.15261367104691
0.6756411271102832 -0.013534679648501812 -0.7371064236621186 -49.6925653894129 -0.049731093282664965 0.9967173245166601 -0.0638857837806024 -5.83561564698234 0.7355514160941145 0.07982097127424244 0.6727501221306316 83.92205397538942
0.6664836271682046 -0.013134983463539262 -0.7454039488264911 -50.516722126799976 -0.05189853534563513 0.9966017270304265 -0.06396514448470411 -5.914653312881695 0.7437110438508302 0.08131709469345152 0.6635370474697888 84.66018145156814
0.6587509502859602 -0.013003023965671101 -0.7522487001418434 -51.36045859838043 -0.05426691526983431 0.9964251537523741 -0.06474577111020186 -5.99510661084333 0.7504014175122815 0.08347355471828313 0.6556903829234136 85.3978045490533
0.6506656337303198 -0.012299459961711449 -0.759264747217314 -52.219360747208114 -0.05751420929180921 0.9961985889249187 -0.06542543200880485 -6.079027382274537 0.7571831672797933 0.08623859175943815 0.6474847924696685 86.13545660372398
0.6429586945425008 -0.01260323764455518 -0.7657971503688679 -53.0808752701971 -0.05989325779417895 0.9959753584681436 -0.06667745492333398 -6.15652325495041 0.7635554431624487 0.08873693551801347 0.6396161673158901 86.85888856522867
0.6357610083035219 -0.011139842610837544 -0.771805574110148 -53.954234400340965 -0.06288544960023211 0.995824495019206 -0.06617397787892325 -6.239284774240617 0.7693200637897507 0.09060617543164111 0.6324058510356976 87.58379751777854
0.6299766200975273 -0.009453494947605001 -0.7765565591531447 -54.85485325463134 -0.06524631754634157 0.995746499553331 -0.06505249168118171 -6.314607326312738 0.7738684488833603 0.09164900468943382 0.6266802085292773 88.30829285263883
0.6243245977465537 -0.008139805962610085 -0.7811226153476131 -55.76146115646484 -0.06603182635403333 0.9958169334545804 -0.06315404146582117 -6.3937975162268135 0.7783691891107681 0.09100757443205994 0.621175520154359 89.02857992162618
0.6195131570121598 -0.006389927419179209 -0.7849602646735722 -56.69196094426319 -0.0686884209410437 0.9956900058922074 -0.06231623379988693 -6.4739220230365655 0.7819752867689956 0.09252340781636723 0.6164041449313861 89.75436415446393
0.6156257375071996 -0.006959103816698987 -0.7880079455137396 -57.61457373515868 -0.07027272746159607 0.9954924069525255 -0.06369153377785403 -6.554027471891687 0.7848991623729922 0.09458561504761537 0.612361712007078 90.46356426778149
0.611892458496291 -0.008608117794596547 -0.7908941266335207 -58.53130949521209 -0.07056153106860244 0.9953595535806428 -0.06542499085975091 -6.636739676896484 0.7877872108435245 0.09583975899269671 0.6084456023570245 91.16648172896485
0.6076274789520101 -0.008985865154442448 -0.7941713297833478 -59.455872925035266 -0.07235242942490885 0.9951518721779327 -0.06661739455329527 -6.720244479462403 0.7909197005883329 0.09793878459620586 0.6040314740914416 91.86204552120725
0.6047940634549622 -0.011527366317519914 -0.796298474590663 -60.37525776303993 -0.07245461639710339 0.9949519604165178 -0.06943288144731397 -6.807588328218902 0.7930791066295869 0.09968809502197273 0.6009058281781816 92.55438814307661
0.6028257786549063 -0.01125053111270928 -0.7977935235001523 -61.29815154645672 -0.07348688003603006 0.9948675408226928 -0.06955756378696548 -6.892878848955451 0.7944814403443772 0.10055844950619319 0.5989050335247103 93.24726851622991
0.6014020752257443 -0.01025326564003258 -0.7988807260523211 -62.20215562979797 -0.07411971219754104 0.9948893788416557 -0.068566698417079 -6.972858316967814 0.7955009818836948 0.10044896421456971 0.5975685679570991 93.92495408316816
0.60005381422921 -0.008402639618229284 -0.7999155053356719 -63.119462557661585 -0.07418984000852308 0.9950507063838376 -0.06610566817252428 -7.05682016564691 0.7965119507380205 0.09901256169028405 0.5964605812281656 94.60887536567381
0.597999232542237 -0.00712589590219552 -0.8014649957961275 -64.03035565116168 -0.07602778000359559 0.9949472154727419 -0.06557297530814031 -7.139114820570071 0.797882632062273 0.1001461932907496 0.5944359052267547 95.28184405315959
0.5958783065717085 -0.0066538835181300035 -0.8030471776871893 -64.94167870276279 -0.07693470233119112 0.9948934378560537 -0.06533068871651135 -7.220150838373131 0.7993810701626878 0.10071133573282526 0.5923235024211568 95.94979606153451
0.5953697431715701 -0.006566790959273108 -0.8034250096756486 -65.8556010197521 -0.07617843447988978 0.9950003870126932 -0.06458386768213792 -7.300761971420953 0.7998323043213571 0.09965494017402232 0.5918928770165258 96.61837590526997
0.5932641341927742 -0.0060519423720601095 -0.8049851185419662 -66.7515643817342 -0.07553876153986822 0.9951410118702151 -0.06315268797879796 -7.380944630041492 0.8014559018346056 0.09827380366837211 0.5899243145752082 97.27267948694602
0.5920858296734444 -0.006501994321011777 -0.805848679573131 -67.65098571630186 -0.07531171367205311 0.9951448174408849 -0.06336353923453633 -7.464344298103835 0.8023481264910437 0.09820649871774001 0.5887214685451133 97.9282793758477
0.5893211763303088 -0.00673548956981633 -0.8078707720353028 -68.5441659179944 -0.07468829943070215 0.9952287339249091 -0.062780770132043 -7.5458647190754045 0.8044390648500427 0.09733653142822349 0.5860063059325484 98.5721790304615
0.5886558432971116 -0.006374481226518548 -0.8083586234718223 -69.41494430724619 -0.07312063357081383 0.995449907190054 -0.06109709667010278 -7.623974260724539 0.8050699790070235 0.09507285766403507 0.5855112984710245 99.19993557462733
0.5881558847704819 -0.006488532232589356 -0.8087215553942646 -70.28620412246453 -0.07262945281731117 0.9955035616182069 -0.06080807009701182 -7.701743947650013 0.8054797438752324 0.0945016283189437 0.5850400195300819 99.82226234066606
0.5870192324899512 -0.007542788447901003 -0.8095378478053631 -71.16071660811785 -0.07158442147969421 0.9955562254568509 -0.061183923995815195 -7.779478045905796 0.8064019415206826 0.09386643860581058 0.5838707052208867 100.45429068975618
0.5857214665495136 -0.009183420618923799 -0.8104603805299943 -72.00388682123703 -0.07066243443288456 0.9955498351950895 -0.06234858461142835 -7.8541845558307495 0.8074262715462667 0.09378800791554363 0.58246598663624 101.059995955922
0.5852519824804674 -0.010934286742537467 -0.8107777490632774 -72.8640010112091 -0.07039764995382092 0.9954482965394169 -0.06424063976761546 -7.933857095227257 0.8077897547528453 0.09467380994871394 0.581818340915902 101.67453186394201
0.584950510173643 -0.011057916125210863 -0.81099360240298 -73.71490575975747 -0.07202610268209292 0.9952483331010009 -0.06552095841872325 -8.012109039109344 0.8078645562097793 0.09673922653529567 0.5813745615946138 102.27848617318762
0.5867411320506389 -0.010923632658891423 -0.8097008819369461 -74.5726272871531 -0.07353996133254942 0.9950583326814435 -0.06671423122867233 -8.092645107305433 0.8064283713059343 0.09868935510357348 0.5830383290505856 102.88870415691215
0.5898172301278581 -0.010195850403492683 -0.8074724018063101 -75.40128617318292 -0.07604096794152662 0.9947760994418007 -0.06810494236010099 -8.171168084641204 0.8039486340798255 0.10157045148027331 0.585960781236489 103.48248587029528
0.5933888055610637 -0.009954843799512551 -0.8048544132448684 -76.20595164984013 -0.07790766513145511 0.9945184038001882 -0.06973908671965001 -8.245100899897318 0.8011367680668383 0.10408672147614756 0.5893605291023208 104.06217551920248
0.5988673384663044 -0.009228251861962557 -0.8007950738396541 -77.0230031420216 -0.0794469586921367 0.9943165153398575 -0.07087205427368992 -8.323072686821288 0.7968977924883811 0.10606369166672969 0.5947305285901927 104.66323080133218
0.6033155551697706 -0.006636905602021119 -0.7974749478035164 -77.84830382092358 -0.0829236310190205 0.9940229718448561 -0.07100706206668214 -8.403483926836028 0.7931796847554864 0.10896918339030615 0.5991591647988347 105.27758184906403
0.6081560147563172 -0.004603094961793626 -0.7938041781399785 -78.66112852323073 -0.08479565411167278 0.9938849487038877 -0.07072768753213976 -8.48350280510045 0.7892755911337228 0.11032461310443448 0.6040467870818197 105.88478237622365
0.614317366584312 -0.0034245042255171693 -0.789051611672979 -79.47635436307543 -0.08621830060598659 0.993711728130785 -0.07143812718671169 -8.567856824130129 0.7843344807883509 0.11191637121591497 0.6101591170345074 106.50448945399891
0.6194827390696165 -0.0018230275573834706 -0.7850081608272174 -80.26460698227332 -0.08828365021812326 0.9934915820316998 -0.07197550650265831 -8.649303642944336 0.7800302129398383 0.11389096980303208 0.6152899429523899 107.11731380471373
0.6271156730993211 -0.0023297131949432254 -0.7789226566159279 -81.0417082526041 -0.08838814578786783 0.9933236417833216 -0.07413284264414932 -8.731082000722814 0.7738949981989597 0.11533739684399369 0.6227229051928981 107.72905224055222
0.6344909148163742 -0.0026236235671220284 -0.7729258668299688 -81.82098290863723 -0.0907214439777923 0.9928293470138119 -0.07784283724731833 -8.816118296096322 0.767587713957216 0.1195115237435547 0.6297031817248734 108.35581407359206
0.6416622493527533 -0.002007031099365293 -0.7669846997051059 -82.57726952100849 -0.09318254708990292 0.992385061946342 -0.0805537196136411 -8.897185462574573 0.761305832549182 0.12315786881852603 0.6365890108026336 108.97240603558834
0.6498019100131152 0.0004751033893689652 -0.7601034482358812 -83.34760450892384 -0.09604312837071963 0.9920361742232608 -0.08148586702761193 -8.985354668793192 0.7540114025902215 0.12595238508756232 0.6446726312281928 109.60834682332492
0.658439629415799 0.0022560664223255783 -0.7526301645423755 -84.08382126148663 -0.09677988788581769 0.9919474012887265 -0.08169459209366824 -9.069895004590807 0.7463852274232078 0.1266304198873254 0.6533558211599296 110.24038225140086
0.6695690229639523 0.0046405554355722425 -0.7427353423207678 -84.81265804355603 -0.09792543775971002 0.9918029679558993 -0.08208216245591368 -9.155761401261868 0.7362662100943299 0.12769235685474378 0.664534972649456 110.87988558359041
0.6792753558999587 0.004849244655769351 -0.7338674782910419 -85.53688492586755 -0.0973738053686263 0.9917324337088297 -0.08357704205099936 -9.244566248558838 0.727394894740826 0.1282312939817349 0.6741315912703932 111.53292124322024
