1.0 0.0 0.0 0.0 0.0 1.0 0.0 0.0 0.0 0.0 1.0 0.0
0.9999534622578882 -0.0028713078609217887 0.009210261105419771 0.008262812159955502 0.0028589737553097695 0.9999949990931608 0.001352056853730424 -0.0014484559651464224 -0.009214097217234547 -0.0013256620372772989 0.9999566705775977 0.31490814685821533
0.9998537738628756 -0.005729409356171486 0.016112254981707423 0.016494472402194343 0.005691627482345267 0.9999809469482931 0.002389794342127501 -0.0006181709318086207 -0.016125640104143246 -0.0022977399384758886 0.9998673332609718 0.619693622105358
0.9997717228556898 -0.00811194836536159 0.019766093996628115 0.023383910804137167 0.008070630059950292 0.9999650790579953 0.0021692383393032747 -0.003015405262147395 -0.01978300049540659 -0.002009218319392861 0.9998022784196602 0.9093397981209073
0.9997722585321116 -0.01042267569571394 0.01862253744640061 0.030043948594865737 0.010404904543765785 0.9999453152678485 0.0010509211760104389 -0.0004546753535944058 -0.018632472488527684 -0.0008569161131866771 0.9998260331996458 1.231569249578424
0.9998184301548598 -0.013125941487244375 0.013813630324612764 0.02892955399992087 0.013128222471795976 0.9999138184018719 -7.445615819793085e-05 -0.0017158733746236814 -0.013811462536699567 0.00025579105124948074 0.9999045844847074 1.570076031900463
0.999875270990151 -0.015293451007350979 0.003943706208397686 0.029678297296450325 0.015300755431482063 0.9998812643212445 -0.001828699695400753 -0.002552172670234276 -0.003915270820565449 0.0018888132876867447 0.9999905514747458 1.9078926106415377
0.9998150689559072 -0.014639033725848622 -0.0124710296394544 0.009856742922097744 0.01460592752297569 0.9998895691322739 -0.002741609321055249 0.001053751827368347 0.012509786964143906 0.0025589513573302594 0.9999184751758828 2.258394545798534
0.9994371843932162 -0.01189610549934798 -0.03136554042430773 -0.026362701382703368 0.011829862061720712 0.9999273870991967 -0.002296713428770001 0.002194130611486521 0.03139058482668267 0.0019243707858970938 0.9995053416472156 2.628834937283923
0.998689661135272 -0.00986106155039041 -0.05021673233709165 -0.06836296104810279 0.009698118513364428 0.9999468907678001 -0.0034874261440506035 0.006654933635719789 0.050248455088852555 0.0029958486124771707 0.9987322552377463 2.9878405447850325
0.9974872071251465 -0.010277061689687395 -0.07009745804736134 -0.10534317480459374 0.010003248006159458 0.9999409085328992 -0.0042561099289635095 0.006061108981341827 0.07013705619002333 0.0035442129488103026 0.9975310681395196 3.3746883980254028
0.9957396640480998 -0.012616889499389522 -0.09134186083465663 -0.15404402501715003 0.012321450649568313 0.9999168764330826 -0.003797641136000618 0.006985672780395319 0.09138218259194643 0.0026559976784225406 0.9958123529968206 3.7877034471123263
0.9936864543105075 -0.014980840701003596 -0.11118815104004123 -0.211473486188833 0.014755315424871582 0.999887069999103 -0.002850949898086331 0.00499540494759728 0.11121830418831433 0.0011923340555422372 0.993795284328204 4.1969909926140225
0.9914209576154446 -0.014961661988931566 -0.1298485019990751 -0.28257111365710885 0.014805549506438982 0.999888042419322 -0.0021675633020222353 0.0003744358145309915 0.1298663948244011 0.00022648925989873184 0.9915314761508723 4.601329847370281
0.9889091757680532 -0.015317371093882785 -0.14772955095214318 -0.3604930855923668 0.01528896081186836 0.999882235213336 -0.0013279239723161637 -0.0028807694896202216 0.14773249391735976 -0.000945435114316411 0.989026903776334 5.021854161406662
0.9863336522094781 -0.015448377540219141 -0.16403436880875719 -0.4420283057915 0.015338338863452363 0.9998804836463527 -0.0019374684632142457 -0.006373523089211688 0.1640446947634163 -0.000605024388678446 0.9864527216574888 5.445804012909458
0.9832894287996158 -0.017275905002320277 -0.18122759811153621 -0.5312637271919689 0.01702049063761412 0.999850746037213 -0.0029645484114317797 -0.013948209048541695 0.18125176443108237 -0.00016957352280913378 0.983436713335149 5.885446214457899
0.9806724937712274 -0.020193465209338003 -0.19461162329974374 -0.6213325453320754 0.019539497515147695 0.9997951456978599 -0.005279647322583703 -0.019481062506422765 0.19467837064599047 0.001374991576186541 0.9808661689551679 6.324393128704805
0.978676283624254 -0.020049599209583154 -0.20442784899067393 -0.7292048547644712 0.018954135525083574 0.9997935905881605 -0.007315529053341822 -0.02191956754155359 0.2045323265841257 0.0032847816317992796 0.978854298448812 6.801745661670455
0.9767464669684477 -0.02179046772043282 -0.21328739948993755 -0.8432060644014902 0.02035584123082248 0.9997530034024245 -0.008920309166034616 -0.026436428935222932 0.21342909593689655 0.004371236021638395 0.9769487772156749 7.300194446026483
0.9746771512937037 -0.023335082932850703 -0.22239587372635283 -0.9644308461130541 0.021161387399601616 0.9997022147472313 -0.012152263690559382 -0.03517366887969288 0.22261322159592156 0.007138328515688094 0.9748807095417816 7.804619642745344
0.9719816693221913 -0.026844387732659715 -0.23351876444711075 -1.0908028783920083 0.024338622602906174 0.9996111785901793 -0.013605994537196077 -0.043387708327716365 0.23379321194474376 0.007541252204477286 0.9722570974612368 8.32374045852374
0.9697000109804089 -0.03212784589959675 -0.24217698119855827 -1.2169108126556718 0.029396988500469894 0.999457020272809 -0.014882261068170444 -0.05442053871836347 0.24252361899761085 0.007312054789845661 0.9701179454494449 8.849068667958143
0.9665088986074771 -0.03346431160748911 -0.254441916281886 -1.366050953566441 0.029939924612686335 0.999394747396487 -0.017712701389076876 -0.06359928553029559 0.254880658008308 0.009501511719132709 0.9669258355470202 9.392341564119265
0.9636092206785025 -0.029951355173936944 -0.26563167383919767 -1.5288222455143339 0.02485226696595465 0.9994370590161841 -0.022537300009844087 -0.06947216731997757 0.26615716156065033 0.015115600825818335 0.9638111246305743 9.933904997934121
0.9609606868435375 -0.027773188294305334 -0.2752875012657967 -1.7062746076241404 0.021645877842454905 0.9994462463553273 -0.02527165642921537 -0.08248138828334693 0.2758369342811555 0.018326228695938616 0.9610297264019245 10.501099104818886
0.9578924789910569 -0.030551347937770305 -0.2854971345417554 -1.8883898373627725 0.023960183515902997 0.9993602455220965 -0.026552010769423193 -0.10214503861190728 0.2861256861909677 0.01859340768123511 0.9580116788915193 11.081310053114295
0.9546296941624499 -0.03186341906138959 -0.2960859158234747 -2.0699331772404204 0.02442569717874362 0.9992871139695997 -0.02878626706679558 -0.11922892779554199 0.2967920692010482 0.0202481204072585 0.954727438214349 11.63562784955239
0.9514022801727057 -0.03162620281404855 -0.30632251725549237 -2.2533107796281646 0.02295963459614808 0.9992287535597607 -0.031855191705883475 -0.1352655211694647 0.30709372585806455 0.023274048959557828 0.9513946406111611 12.175057376496754
0.9484170166341993 -0.03085557389766345 -0.3155203576920686 -2.458245529721429 0.02071482511178228 0.9991569579958895 -0.03544388958605748 -0.15410960335843243 0.3163480023317254 0.027079638990322404 0.9482566290687773 12.753211671345348
0.9459682284928979 -0.0317851779960057 -0.3226977117082969 -2.6679891762390335 0.01955900946140962 0.998965210435152 -0.04106036396747227 -0.18054349524806307 0.3236688984609077 0.032530152167105544 0.945611037038532 13.343019657491125
0.9436198251172587 -0.03363592105490154 -0.3293178562733313 -2.8801445876107015 0.01853417814467584 0.9986321394975094 -0.048891044201657456 -0.21001384680573632 0.3305118906880288 0.0400309227649755 0.9429524989820055 13.933261292648162
0.9421721526445007 -0.0343342043740227 -0.3333658608664523 -3.0979297244324653 0.016167819998665053 0.9982365819249036 -0.057116793531993525 -0.2385364065116328 0.33473905714409663 0.048424053082001005 0.9410658184767913 14.513193468661772
0.9412625000714463 -0.036952245608462005 -0.33564778787255967 -3.312123753352079 0.01566039805938743 0.9977018399835514 -0.06592260936930355 -0.27786839749798786 0.33731240399942664 0.05679410214034688 0.9396780151042163 15.105052605536523
0.9401611973500663 -0.03864737373251916 -0.3385310968003806 -3.537111158843658 0.014446597891356378 0.9971744391560723 -0.07371861164684385 -0.32025110904974025 0.34042358732416755 0.06441675556368631 0.9380630377517244 15.69011393427741
0.9394330586687398 -0.039967069867049274 -0.3403941268684561 -3.7662211338557388 0.013341096212189405 0.9966890199888214 -0.08020606327192502 -0.3680571503466836 0.342472690053022 0.0708069965467067 0.9368558191140628 16.279196783711093
0.9387648665258758 -0.03946039737035298 -0.3422913998569472 -4.006789069552488 0.010662957096636684 0.9962717390713006 -0.08560913078522421 -0.42294558432919055 0.34439341852394617 0.0767170057237649 0.935685670676948 16.905229417449764
0.9383002297341223 -0.04033680078869734 -0.34346123708946635 -4.242976751114134 0.009465007738043651 0.9957975803318142 -0.09109112269493176 -0.4797333233566722 0.3456921933012263 0.08221995808462375 0.9347388865256171 17.51694420903207
0.9378943923014335 -0.03938255360216134 -0.34467828965761405 -4.503480972039361 0.006708226061147252 0.9954086766960772 -0.09548071041460333 -0.5436932246210889 0.34685603438982826 0.08723864298542065 0.9338524029938697 18.189126317741245
0.9376026948595214 -0.03738842801787332 -0.3456924819004824 -4.775587453724418 0.0036953708468390606 0.9952173765886508 -0.0976151503113519 -0.6092607238621144 0.3476888419642876 0.09024676607145432 0.9332566583674486 18.88384909074465
0.9377585107694345 -0.0360655353006087 -0.345410267136015 -5.0387016699797895 0.0019300236167544768 0.9951189206226817 -0.09866412127814266 -0.6795979584306424 0.34728266655324375 0.09185646946312394 0.933250844376494 19.56193181377006
0.9364120259589455 -0.03461337930991484 -0.34919111044270823 -5.306446915242224 2.8179214715325085e-05 0.9951304953598328 -0.09856620318763488 -0.7489531429581053 0.35090243208817395 0.09228873808673639 0.9318531386312773 20.259061996106627
0.9347741303823558 -0.03291764753759582 -0.35371422596285446 -5.566567472929663 -0.002023598943440683 0.9951880142189559 -0.09796285725849146 -0.814271098317674 0.35523686494397894 0.09228892043751558 0.9302093984416903 20.913988948323414
0.9330487786603786 -0.031895281826267725 -0.35833317964933 -5.846960527098404 -0.003176404129112402 0.9952927487427081 -0.09686203981433165 -0.8877649818939254 0.3597358573970415 0.09151521893875121 0.9285553713190227 21.62476400696979
0.9299203269392341 -0.031181638427437652 -0.36643674893521333 -6.187539525841416 -0.00392520819512353 0.995500735679099 -0.09467247753702016 -0.9770371003382862 0.3677400961084512 0.089476201793288 0.925613975168263 22.468693877289994
0.9260795822640265 -0.030153842233142145 -0.3761214605845634 -6.494303142691972 -0.004047743291090226 0.9959504999946669 -0.08981212242577756 -1.0547669900416827 0.37730653729817076 0.08469561593702589 0.9222073679781095 23.20881826780858
0.9236485341047058 -0.027838409507052853 -0.3822282150788271 -6.761261365161521 -0.005758247784550294 0.9962375882528879 -0.08647259874967043 -1.1166288253849574 0.3831973747674692 0.08207125384802776 0.9200130875499178 23.83117957097479
0.9205180649934815 -0.026102177891205842 -0.389827100558687 -7.0860537480993795 -0.007228961648089364 0.9964571102762301 -0.0837912256351221 -1.1878487947346632 0.39063311960732067 0.07994938204439943 0.9170680793575643 24.5776220784409
0.9167875313217421 -0.025179430442319052 -0.39858075555097566 -7.4175108977833215 -0.008585511835939835 0.9965373583088176 -0.08270176830877715 -1.2594190826359393 0.3992829966320894 0.07924196979810721 0.9133968462957462 25.32271537597732
0.9123930631854666 -0.02515068648544197 -0.40854172518893583 -7.758961140258162 -0.009106359096175375 0.9966161067946442 -0.0816909413674351 -1.3347782735449438 0.4092138468759977 0.07825457588407991 0.909076591315688 26.07964935354161
0.9090386350542958 -0.02595590864935765 -0.41590269388981954 -8.109034354553156 -0.008909973815523097 0.9966194208280391 -0.08167216413803663 -1.4038072132838229 0.41661657713685546 0.07794883472233505 0.9057342915116997 26.83030498741323
0.9053571637239537 -0.025526049233747808 -0.4238830344614354 -8.481874492111242 -0.009435668050671005 0.9967360360242076 -0.0801763223101885 -1.4747632184480337 0.4245460802576744 0.07658782737005905 0.9021612552291184 27.611492515027123
0.9016367854927926 -0.025166076738534233 -0.4317612484091344 -8.854773210486792 -0.009628905116806283 0.9968901251986159 -0.07821356958827351 -1.547789938370263 0.43238685367674584 0.07467761955953316 0.8985904862085099 28.376513666022817
0.8979395990331487 -0.024055335397413898 -0.4394608257024804 -9.240512830238213 -0.010126360634119787 0.9971116851610813 -0.07527113746673655 -1.6172934808054542 0.4400021969359877 0.07203907380128183 0.8951024737633997 29.152271422664732
0.8940543640827405 -0.02182569135514857 -0.4474264557013547 -9.644899993866977 -0.010697767059699914 0.9974872148129592 -0.07003437773423744 -1.68652232177417 0.4478307178438555 0.06740100504855433 0.89157431135823 29.948600734960095
0.8901108155151581 -0.021758167060032873 -0.4552244702002827 -10.05614853161447 -0.009763971590879366 0.9977199952379262 -0.06677930788204714 -1.7555977329026198 0.45563955157746444 0.06388578299293546 0.8878689124919663 30.746138445756756
0.886438515601437 -0.02178499261524629 -0.46233339935059276 -10.503774942254317 -0.009313624334957804 0.9978499018231917 -0.06487549485895351 -1.8276572976695526 0.46275264932798416 0.06181413696073485 0.8843296885278314 31.604496190123832
0.8835363745918385 -0.021052458431688344 -0.46788916290836724 -10.939899749372294 -0.00986529013100618 0.9979311338158162 -0.06353052976098189 -1.8956661988911485 0.4682586366782162 0.0607473962821615 0.8815007674535494 32.42264704979727
0.880488684151451 -0.021095219350423376 -0.4735975810768083 -11.361465423225885 -0.009670769376532738 0.9980023078796714 -0.06243292149591981 -1.9512753219925578 0.4739685150945287 0.05955153387955084 0.8785257318437978 33.19644592665895
0.8777412771986389 -0.022528043844447725 -0.47860499113804184 -11.805092709735955 -0.007869119004090428 0.9980815089147751 -0.061411550448636346 -2.0158001021336034 0.47907027383026174 0.0576696523567516 0.875880062525258 34.006687451084765
0.8764970994279342 -0.023651938154879287 -0.4808257693967078 -12.26094448002527 -0.006685714680566371 0.9980979730178372 -0.06128407196731499 -2.077745499758928 0.48136071288964616 0.056929975225734536 0.8746718481848887 34.829705964898814
0.8745851394732587 -0.02436686391174935 -0.4842593207731236 -12.724615335619136 -0.0061962030835491025 0.9980932464824975 -0.06141236352214386 -2.1411623984702923 0.4848323843142991 0.056710909613008474 0.8727665391449062 35.65422021271484
0.8731306364784175 -0.023748520488529788 -0.4869074854809685 -13.2023019981877 -0.007013469643770103 0.9980973203283637 -0.06125806393362114 -2.2011519676923457 0.48743584489279157 0.056901203220543414 0.8713027890381764 36.49985908757292
0.8726264939610922 -0.024117477750567416 -0.48779232189951827 -13.703467799246171 -0.006236032059444712 0.9981483306815647 -0.06050637868654407 -2.265878880184692 0.48834835306502866 0.05584135765323746 0.8708602808913251 37.381392624387765
0.8720699422387688 -0.022878998931975113 -0.4888461590843702 -14.232862003599292 -0.006651290636964487 0.9982602017875427 -0.058586089304178045 -2.3323984812545646 0.4893360564852474 0.05434262539632382 0.8704005416407447 38.30543989636889
0.8709078695213148 -0.024103101675927698 -0.4908548902633491 -14.73180032592766 -0.005200062656680502 0.9982886820873933 -0.058246601313573704 -2.3982090279870945 0.49141880525088905 0.05327989964156933 0.8692921316450376 39.185967218883725
0.8699517421928918 -0.02639437316265179 -0.49242999839662804 -15.221875756487195 -0.0026652380637236066 0.9983003537179963 -0.058217697245659 -2.460949411816932 0.4931296612064783 0.05195903032076541 0.8684027846607297 40.05909522796868
0.8684520879963112 -0.028956802302184073 -0.4949267364522548 -15.722848189821391 -0.0005876465739202662 0.9982320073219385 -0.05943495797523237 -2.5234591064192173 0.49577275593395775 0.05190725535458126 0.8668996546978219 40.93280295006403
0.8675425902573571 -0.02918325651374827 -0.496505983477348 -16.251678406704432 0.0002303040400153441 0.9983005443963102 -0.05827495189255955 -2.59007279875334 0.4973628464708687 0.05044165537810736 0.8660749611627805 41.846314871796146
0.8658373037565542 -0.028181603665652963 -0.4995313409971521 -16.792665370058565 0.0005966650835753651 0.9984698516737899 -0.055295563016381284 -2.6594629386773567 0.5003253015932324 0.04757890828247962 0.864529259234347 42.77474539868219
0.8641823872110359 -0.028617013808053725 -0.5023642783428628 -17.32228497211701 0.0029520606173470774 0.9986526130267891 -0.051809688600474614 -2.7268477763993353 0.5031700378324877 0.04329001057376059 0.8631024782794781 43.6811311227499
0.86183948705466 -0.028844569004474394 -0.5063602367804043 -17.86109333643183 0.003488130134817061 0.9986949463106751 -0.05095328411084656 -2.7926186328927733 0.5071691350048064 0.042147301840855515 0.8608153538628436 44.59071555336185
0.8574743515370036 -0.031044558933956457 -0.5135893026697416 -18.424805796589713 0.004007148813766962 0.9985507700780281 -0.05366844822576514 -2.8607643370112563 0.5145111069885466 0.043961289075428754 0.8563560742169387 45.523945366080646
0.8523222418091613 -0.03414376824945736 -0.5219013309114409 -18.956467687650925 0.004977578269218956 0.9983511857127677 -0.05718508284933021 -2.9213845765502175 0.522993326756642 0.0461423132887625 0.8510868739984081 46.40031458822117
0.8461569748413381 -0.03504918714311614 -0.5317799623979471 -19.510551898083683 0.005359280886097138 0.9983441994626767 -0.0572724847340439 -2.9840359815539794 0.5329067948860655 0.045611554236116535 0.8449437461064653 47.28413323189592
0.8405155193051528 -0.032664079789453515 -0.5408019227949342 -20.09093850953237 0.004590008329802657 0.9985744235543291 -0.053179436313972546 -3.0531649395814777 0.5417680256629419 0.04221585619939188 0.8394672285769293 48.17551859536035
0.8353961491708879 -0.030807385778659588 -0.5487842735829234 -20.680786109810384 0.004246675415754549 0.9987599688662621 -0.04960332991016673 -3.1196844781518047 0.5496319129184233 0.03910792210982909 0.8344910609047209 49.06425527107079
0.8315539877292515 -0.03100986974739406 -0.5545776352052342 -21.277207448373854 0.003271627649370293 0.9986964736884844 -0.05093770602128295 -3.1848595735656704 0.555434300294917 0.040543081042718296 0.8305714879740694 49.94928283999329
0.829410889532538 -0.03466233379994691 -0.5575626412703644 -21.856758541846652 0.004287348305078742 0.9984387446786434 -0.05569283409062296 -3.248969780465121 0.5586225872352056 0.04380177781866592 0.8282645768657315 50.81376965285401
0.82794092033852 -0.03764478868330941 -0.5595504466212082 -22.452466234329776 0.0021002480546570557 0.9979457000342021 -0.06403099828485578 -3.320051947666786 0.5608113955574667 0.051838688913159015 0.826319144728386 51.69447175993678
0.8260714561328046 -0.03904204019759893 -0.5622114090445312 -23.046240166076263 0.0024706932090841557 0.9978387737044486 -0.06566336396400353 -3.3939647118261456 0.5635599746590372 0.05285357877392677 0.8243825896833908 52.56078825288353
0.8249565017993324 -0.039068156556436195 -0.5638443484529129 -23.656299062181013 0.004357897972875113 0.9980181540934253 -0.0627755750687317 -3.470050728675772 0.5651794218336917 0.04932994266400226 0.8234918201734005 53.4488903073934
0.8222199086521936 -0.036758585288497486 -0.5679817146912096 -24.28117360222898 0.004460666477193415 0.9982978676164018 -0.05815040814236968 -3.5438936345773695 0.5691524613586043 0.04527884627652506 0.820984349308383 54.340641324280654
0.819351637287788 -0.03543391347547544 -0.5721951871954479 -24.880309553350397 0.004359071695018301 0.9984442772550923 -0.055587981709304214 -3.6105603874345564 0.5732747098623651 0.04305186398251264 0.8182314122788568 55.18645449331975
0.8173350817552136 -0.03608420373692449 -0.5750315594581485 -25.488012227094387 0.004234447989668981 0.9983861585588857 -0.056631685903337003 -3.676025764419709 0.576147058989648 0.043852122396795756 0.8161688292129732 56.04379457658535
0.8141353207669575 -0.03801411177645775 -0.5794295529100415 -26.112113235026147 0.004866753050331539 0.9982664930331887 -0.058654271813449135 -3.7481704309378445 0.5806547977881786 0.04493257385311754 0.8129090168109244 56.91321021815668
0.8112428841987535 -0.04051980234574559 -0.5833036331575089 -26.727048889675984 0.0056843012227254484 0.9980953202707588 -0.061428172471764825 -3.8198492301896203 0.5846816839584573 0.04651749425187554 0.8099280530837474 57.762711982412206
0.8079874442565141 -0.04198594094789648 -0.5877018552689335 -27.344166422303264 0.006009908363078766 0.9979932247838753 -0.06303494496665235 -3.8890113538944044 0.589169051228333 0.04739940978747778 0.8066183267360747 58.605847885162795
0.8043121227507377 -0.042643651078782485 -0.5926748925160179 -27.967358849414488 0.006971387912244272 0.9980300829966109 -0.062348642201375315 -3.9591252753182387 0.5941661459110401 0.04601600217803757 0.8030249800577636 59.44853119419765
0.8011249036360977 -0.04194724589104866 -0.5970253908639139 -28.59716477734726 0.006312212158926994 0.9980775467825259 -0.061655223511357604 -4.032703917627173 0.5984639043014323 0.04562498406279909 0.7998495584030508 60.28986206261766
0.7954290255238368 -0.042114082659487614 -0.6045817309478921 -29.241842232795936 0.005409191792363478 0.998036267652325 -0.06240472013213559 -4.10818846718943 0.6060226117880033 0.046368227185936126 0.7940948189664006 61.142770747746624
0.7896679945127572 -0.04448796966535308 -0.6119193402706394 -29.903453563274685 0.006940690672792248 0.9979515507871408 -0.06359661228811853 -4.183444178954669 0.6134951387380218 0.04597306642584631 0.7883591769670852 61.99455347888094
0.7856407598627934 -0.04518144142298294 -0.6170309828470157 -30.57308596955399 0.0063786422749842475 0.9978683808702303 -0.06494618835738324 -4.265243698274964 0.6186500702052335 0.047088552859123625 0.7842542692422485 62.849020544404006
0.7799977251859245 -0.04541760330877488 -0.6241320293130852 -31.25035466881684 0.005080080946463061 0.9977894841206473 -0.06625962689172012 -4.346708471649718 0.6257617290010316 0.04851171701701906 0.7785042529297449 63.683548141403406
0.7749142418970497 -0.04774794581004307 -0.6302603044584371 -31.9468312793632 0.006142362118080079 0.9976643663880359 -0.06803001857392914 -4.428707400068482 0.6320365409473815 0.048846143250823384 0.7733976113208452 64.54261989692328
0.7683365424416735 -0.0479867489558242 -0.6382446470385986 -32.653964412089806 0.006055859363755058 0.9976858977216555 -0.06772131167292131 -4.516953024838 0.6400174092289529 0.048167638638252054 0.7668491341012741 65.38869258978983
0.7626485939475739 -0.04975105693197979 -0.644896855693947 -33.35926364891525 0.008252342926746474 0.9977047534515244 -0.06720955122936267 -4.600973374774669 0.6467604046213775 0.0459353597393539 0.7613086901773868 66.22428390921132
0.7580837838917072 -0.050660996074556625 -0.6501864656213362 -34.065865367298024 0.009693170206721165 0.9977433333333996 -0.06644007254737182 -4.68863013524346 0.6520851317518096 0.044064773521377096 0.7568641071439013 67.0545538796527
0.753071178581991 -0.05162988553448114 -0.6559101728962798 -34.81511791910588 0.00967069416989641 0.9976772192659916 -0.06742880565419503 -4.774849143054246 0.657867978901089 0.04443558345937687 0.7518212561900744 67.91688000618011
0.7496391942224583 -0.05413231571502754 -0.6596292677563906 -35.54580152888295 0.010480173985483465 0.9974955170048184 -0.06994897789477814 -4.857888543483049 0.6617637376275143 0.045523465933721995 0.7483290516949371 68.74204456879517
0.7451394464771433 -0.053097420397407905 -0.6647915983606274 -36.281944501916264 0.008347469421780145 0.997489984735285 -0.07031393963541964 -4.945994881350202 0.6668564501135077 0.046844362520392174 0.7437123641852871 69.55917460342634
0.7406489386955903 -0.052916437437865144 -0.6698051957531984 -37.04573234557228 0.008662220232052945 0.9975629928030847 -0.06923179421627386 -5.036317214933978 0.6718363755779732 0.0454744547920872 0.7393023457365838 70.3996379283579
0.7384160693635113 -0.05167374498669158 -0.6723626496056965 -37.80750034340312 0.0067836807432083215 0.9975785096611893 -0.06921776316622007 -5.125308753506042 0.6743112709878996 0.04655041504875197 0.7369785401743206 71.22748266660057
0.7345947188595673 -0.05111293924831138 -0.6765782042491701 -38.58442373621491 0.005659462320460409 0.9975854305190872 -0.06921906747631557 -5.215557528364269 0.678482549156481 0.04701889255869251 0.733110260624333 72.06244834183778
0.731410419886918 -0.05217780618785654 -0.6799384341411103 -39.334686507091185 0.004056719427150385 0.9973837748624079 -0.07217443223679193 -5.301395171497202 0.6819254656546652 0.050030812332365435 0.7297085562805413 72.85312754230286
0.7286094496532989 -0.053893322899244256 -0.682805813993111 -40.1169624658536 0.003840352030194099 0.9972053454573403 -0.07461066068324983 -5.392139624440245 0.6849186240512091 0.051739817724694895 0.7267802072770104 73.68232699950384
0.7253802663696297 -0.05359046918867598 -0.6862590842922685 -40.91817139162908 0.0022103547551490348 0.997140996395198 -0.07553110379074528 -5.485495589052638 0.6883448143869333 0.05327189615669332 0.7234248555216285 74.51772076752324
0.7230781811615621 -0.05284026077595215 -0.6887422237450066 -41.7138129717946 0.001999016543465241 0.9972258466674525 -0.07440843145263706 -5.582032584844173 0.690763308131625 0.052426306178408266 0.7211778799710524 75.35041859567963
0.7197957496701793 -0.05286236815980767 -0.6921702455243809 -42.518619667381515 0.0020881072647159216 0.9972567259919234 -0.07399096074468224 -5.676144509328829 0.6941827702880531 0.051813053339935695 0.7179315349939697 76.18433612728724
0.7159398363630465 -0.05309558379332026 -0.6961400790718062 -43.3202958438241 0.0018275584871813334 0.9972430751871109 -0.07418159489610772 -5.770360434847719 0.6981595883022951 0.0518373222012944 0.7140630793484348 77.00089578195093
0.713241137694949 -0.053849765152721975 -0.6988471093827401 -44.14885577014311 0.0020101550213335873 0.9971974572242177 -0.07478763656076344 -5.862420100708354 0.7009158571300874 0.051936827960045104 0.7113504952729306 77.84271718705081
0.7095510927496659 -0.054008523771291 -0.7025811882891548 -44.96912384208136 0.001760351733163447 0.9971911602030157 -0.07487784168056125 -5.959161515240434 0.7046517919792232 0.05189286437468587 0.7076531514007833 78.66971062834995
0.7067148392494929 -0.05331365058584734 -0.7054869174164563 -45.77234379075975 7.917366019565691e-05 0.9971627125468748 -0.07527628071106039 -6.056664000243507 0.7074985015645582 0.053143008640544734 0.7047139071400081 79.47170294889514
0.7051352628989145 -0.05564058161874469 -0.7068864029627439 -46.59984551175676 0.0016709083947886831 0.9970441350313268 -0.07681276498583843 -6.155862729861098 0.709070849126951 0.05298224680740928 0.7031439485920531 80.2953018404279
0.702046143706645 -0.05941300389916546 -0.7096487208995074 -47.44269799960155 0.0035004505132760974 0.9967895219542552 -0.07998997292418486 -6.257554090672068 0.7121228538341072 0.05367256179730451 0.700000212255169 81.12515283260653
0.6991238334387513 -0.06255491431066348 -0.712258905324104 -48.311930358683085 0.00604821513682537 0.9966472210060127 -0.08159495054628645 -6.361251763685385 0.7149750237676586 0.05273707952264519 0.6971581713154185 81.97503726137107
0.6953157642519086 -0.06498480264789051 -0.7157604092205708 -49.1641024879767 0.008945880249505257 0.9966091838390836 -0.08179306764119461 -6.4652904991410045 0.7186487036162702 0.05046890242922118 0.693539422584069 82.80914043268295
0.6886118431743733 -0.06645041344507685 -0.7220789929038034 -50.02744187006759 0.010181974686650198 0.9965801731400858 -0.08200174324706364 -6.57382248596309 0.7250586575108755 0.049115181533363805 0.6869335063246457 83.64255416666288
0.6817542336671578 -0.06738872699300233 -0.7284709495588477 -50.88732135073463 0.011893866745610313 0.99663785277267 -0.0810649514557288 -6.67768456847602 0.7314845868579489 0.04660203745486459 0.6802635880997243 84.45014165086064
0.6722946826869081 -0.0665212283619045 -0.7372888075972218 -51.76666645312486 0.012641763649018697 0.9968409032620001 -0.07841172996205481 -6.778973077632482 0.7401756855252354 0.04339515826706025 0.6710117843944507 85.25210898669704
0.6644515476923688 -0.06540132560814974 -0.7444641075148706 -52.64434576191604 0.011966790202763786 0.9969667545553322 -0.0769030964503466 -6.8840034376464905 0.7472355296032565 0.04218953567065007 0.6632187470046638 86.03275093146651
0.657417574919246 -0.06536336710863816 -0.7506861943765312 -53.5373784578486 0.009224556746038122 0.996854155494548 -0.0787191223661109 -6.984662707143606 0.753469999230319 0.04482658712720629 0.6559523895424044 86.81587411992105
0.646807163777021 -0.06627563829035613 -0.7597684072504806 -54.44074510140438 0.009013041702960578 0.996811620928876 -0.07928024634426747 -7.089318658907183 0.7626003264921849 0.044431206942338645 0.6453422424447824 87.59622908427464
0.6380446963624329 -0.06732476889649842 -0.7670504161636342 -55.34095048558459 0.008254787827505255 0.9967110633547341 -0.08061584623508276 -7.187207106741955 0.7699550791583196 0.04510467469463354 0.6365019594620251 88.35180650110651
0.630093687596993 -0.06752231648440202 -0.77357784458127 -56.27359516894806 0.009732584553050285 0.9968206930913723 -0.07908086129243938 -7.295514861369424 0.7764581261396786 0.04229943972934582 0.6287475930373354 89.1246756664736
0.6195472460992534 -0.06702765910465174 -0.7820923876152882 -57.23201516695029 0.009807227885302208 0.9969308071049043 -0.07767099926208079 -7.399564139452383 0.7848981004767671 0.040450695421896055 0.618303091620807 89.89463379828887
0.610244488999564 -0.06717963395186806 -0.7893595887982576 -58.178227610386 0.008934797057105006 0.996918260510341 -0.07793684149735852 -7.504085382378415 0.7921627566650742 0.04050776028280327 0.6089641108551977 90.63268055455828
0.6019003071106582 -0.06706496260391229 -0.7957501561991874 -59.12721512596679 0.006491732063780016 0.9968453308417402 -0.07910274201210499 -7.607546994753819 0.7985448501586542 0.042446167906624935 0.6004368785435612 91.35228476609309
0.5927434431296281 -0.06651626793922699 -0.8026398923092913 -60.09889277127451 0.003577331829722842 0.9967913226971812 -0.07996412753594218 -7.713115705993164 0.8053833952372086 0.044526903047947715 0.5910794714597567 92.06559317399991
0.5851406814942267 -0.06677657742301385 -0.8081777475086409 -61.09369823638382 0.0016512765078559796 0.9966998919702214 -0.08115786241914001 -7.822356641631242 0.8109301179179171 0.04615424199591729 0.5833199206262509 92.78252109353808
0.577285602287427 -0.06615137612227553 -0.8138582977575227 -62.114307530777324 -3.401742469390928e-05 0.9967110125663904 -0.08103799276694966 -7.931522601598039 0.8165423027831799 0.04680975182598816 0.5753846668964441 93.51015316092767
0.570352709130253 -0.06377303446647577 -0.8189205011859935 -63.13875040699756 -0.002171171436471192 0.996860971138477 -0.07914221525485565 -8.0341312071039 0.8213970253186789 0.04691699367809227 0.5684238933241946 94.22055026750633
0.5637066829231131 -0.06199215991226466 -0.8236454016973767 -64.16881326279514 -0.002107804051995621 0.9970683101498601 -0.07648752876764178 -8.140596724385864 0.8259723559477636 0.04485261424169883 0.5619234024364763 94.92420434399939
0.5572967707956515 -0.06141533089201884 -0.8280389280656816 -65.21774124535717 -0.002839797910517864 0.9971139148417458 -0.07586683318021842 -8.244787393427064 0.8303085238684272 0.044631804359576484 0.5555139577283743 95.6304366725097
0.5514950350571834 -0.06255363865677685 -0.8318294708641151 -66.26487663332199 -0.002883154434664307 0.9970355174012925 -0.07688864975302308 -8.350610099548891 0.8341731916861043 0.0448020014188493 0.5496797858217851 96.32770933251919
0.5464234902863202 -0.06509048248128459 -0.8349758070469285 -67.29904853043294 -0.0022019203078301186 0.9968601946275986 -0.07915114600550344 -8.456094688357469 0.8375061318045821 0.04508859564657279 0.5445645028206908 97.00216909103843
0.5407004060830575 -0.066298153540649 -0.8385986082141549 -68.36764867576599 -0.0033293090637675077 0.9967130066299937 -0.08094503144576833 -8.56775447396718 0.8412086462720024 0.046558965320322984 0.5387024003896087 97.68515780504772
0.5378279758974254 -0.06787236798693622 -0.8403180409856286 -69.40139434358875 -0.004156729486614684 0.9965283832415927 -0.08314988270510554 -8.681261765209138 0.8430443582291822 0.048213307890494495 0.5356787162098218 98.34394694389863
0.534119971229122 -0.06790958753815193 -0.8426767732972115 -70.44892645334595 -0.003773244034242139 0.9965671028144055 -0.08270291541149069 -8.790055133656743 0.8454002714475907 0.04735290390778804 0.5320301528370736 99.00417526624769
0.5322111004016177 -0.06664542340477714 -0.8439844383331349 -71.50410047583354 -0.0026827266588296747 0.9967589881635885 -0.0804010105208453 -8.896014583492859 0.8466074341670838 0.045054489835054806 0.5303074064716895 99.66758114124463
0.5304085375969576 -0.06486038138538294 -0.8452573064876753 -72.58127069565522 -0.0010319007275051903 0.9970187120529144 -0.07715324359504663 -9.006860223259697 0.8477415398723515 0.04179496073560422 0.5287603075420506 100.34190095950835
0.5277733601334009 -0.06396916246498083 -0.8469729786640353 -73.65867284063117 -0.0008155311267206491 0.9971213721056992 -0.0758175718354869 -9.115538139343357 0.8493848451923786 0.04070522747236224 0.5262019281739115 101.01169579283572
0.5259195181375051 -0.06404574340068375 -0.8481195689254364 -74.71134398865202 0.0005948434218831719 0.9971883326090655 -0.07493380725450417 -9.22240925789687 0.8505341301813336 0.038904653456951835 0.5244789045672634 101.66502209154199
0.5247415909985995 -0.06369038729584076 -0.848875607637753 -75.76521129893379 0.0026515548478985157 0.9973145972682417 -0.07318854645758155 -9.330370083848203 0.8512574416315826 0.036154234078331564 0.5235013270518635 102.31687629355704
0.5227820589526883 -0.06419106446429025 -0.8500461317364661 -76.8106780967273 0.00595597700314944 0.9974115943946914 -0.07165638635165593 -9.432455069928888 0.8524455672798857 0.032397817981789465 0.5218112074446973 102.96237562676554
0.5220234345092488 -0.06560199708976248 -0.8504045577259113 -77.83747974242719 0.008523157473496374 0.9973891983895411 -0.07170873532945954 -9.533239076277379 0.8528885563834526 0.0301855083393222 0.5212196710375067 103.59447801797506
0.519796865849081 -0.06642331467741201 -0.8517036817583555 -78.87166820048232 0.011093359073936573 0.9974134353310309 -0.0710167332789125 -9.634428064594772 0.8542178619286355 0.02746602061487961 0.5191892353214325 104.22552102995614
0.5194298799241837 -0.066250022978896 -0.8519410392141255 -79.88688818568046 0.014297694784700929 0.9975243021408273 -0.06885377667419051 -9.73211777095414 0.8543934548940505 0.02358391599695684 0.5190911510904966 104.84221871873635
0.5186874939402584 -0.06572906065509146 -0.8524335600006454 -80.88638736991638 0.01593625889322844 0.9976104667901292 -0.06722642488834825 -9.824691771225297 0.8548153714589266 0.021284903950453706 0.5184955482753517 105.44852578814825
0.517222433319648 -0.0677466101178513 -0.8531654888053327 -81.88429413555491 0.017699867871200994 0.9974956742681369 -0.06847696323361019 -9.9181185699724 0.8556679666484216 0.02031690512590493 0.5171262459185965 106.05490541035118
0.517097951225874 -0.06916947688125949 -0.8531267738771163 -82.86877779748043 0.01906455090495739 0.9974128187965854 -0.06931242167924834 -10.012234999318606 0.8557138842725388 0.019576832435880813 0.5170788101392103 106.65465391085982
0.5170447176439854 -0.07124093982677095 -0.8529885629063557 -83.86645663433238 0.020761696272552674 0.9972810189603847 -0.07070729233412562 -10.106487367991848 0.8557065571352939 0.018849342533245765 0.5171179656149327 107.25875596747852
0.5182929442523817 -0.07201121099765434 -0.8521659518127026 -84.83592082635062 0.02023031876604398 0.9972021094264991 -0.071963095805873 -10.199617529484517 0.8549638344051883 0.02005837595600189 0.5182996270625573 107.84956074842363
0.522075183192662 -0.07276928899359435 -0.8497894643226139 -85.84737636801378 0.01998407869359427 0.997123758769072 -0.0731084557148205 -10.298149136555777 0.8526653151695082 0.021185850882237088 0.5220277962228439 108.46539401319289
0.5263290142548442 -0.07312800777833554 -0.8471304877242324 -86.8133344906977 0.019048914751814656 0.9970588093265349 -0.07423523146815761 -10.39405125647536 0.8500675900187599 0.022935239757293516 0.5261739894530834 109.05317067491958
0.5315166406675638 -0.07389897701888277 -0.843818109481558 -87.76109151764817 0.018748106088209298 0.9969693741354577 -0.07550215595636542 -10.4846634853893 0.8468403445818895 0.024310660861373384 0.5312912784498821 109.6395104164526
0.5372587236135395 -0.07417405927768667 -0.8401495538482544 -88.69357598585827 0.01802198937308954 0.996907537946903 -0.07648901021506735 -10.580604917922875 0.8432249236118361 0.02595322166735091 0.5369340355061307 110.23444798152896
0.5425478852714958 -0.07230043406840621 -0.8369076648119241 -89.63268169154631 0.015927588140974544 0.9969954488241122 -0.07580492701677521 -10.674849716509193 0.8398738620313407 0.02779788224896236 0.5420693439210831 110.8364406372917
0.5486442258643285 -0.07058297992201737 -0.8330711592481519 -90.5571704221147 0.014884781920701844 0.9970966485392727 -0.07467741786459342 -10.767850234883811 0.8359234155668238 0.028571251584031808 0.5481019311131983 111.43904501322912
0.5568704290593635 -0.06959231635804856 -0.8276788234231695 -91.48826838033088 0.014672099565612273 0.9971525041225239 -0.07397035228060778 -10.864879139191984 0.8304697795426258 0.029048115706560747 0.5563058082029353 112.06279721492572
0.5634949380441523 -0.06875821233189248 -0.8232531585335945 -92.41521334165304 0.013743384769019377 0.9971726564780837 -0.07387700960063791 -10.959709355545874 0.8260051901614831 0.030315036027761005 0.5628467148495476 112.68493256836507
0.57093643909498 -0.06924047001066923 -0.8180692756889517 -93.32523063397839 0.013784140463284088 0.9971052465766548 -0.07477382376873133 -11.05298009123531 0.8208785415548593 0.03141471887524146 0.570238139247768 113.31036460362877
0.5801448082857936 -0.06947995050010318 -0.8115445384558652 -94.24132031786647 0.011128330654877727 0.9969382390679118 -0.07739707837513773 -11.146788178545208 0.8144373282677285 0.03587037723072782 0.57914173943988 113.95287683365501
0.5891594833481119 -0.06888193977292695 -0.8050753887395297 -95.13381824269135 0.008293821509924519 0.9968227893934714 -0.0792183000990328 -11.238941440582078 0.8079742048517065 0.03999506118182309 0.5878588941024153 114.59280079685993
0.5982170189649503 -0.06669840068888425 -0.7985535182855522 -96.02426154726271 0.005557435115118373 0.9968513682227075 -0.07909781657832085 -11.333924204799048 0.8013148651657661 0.04287975067629807 0.5967041258834306 115.23833961922504
0.6059318602448702 -0.06417044761190281 -0.7929241668617999 -96.89899453825919 0.003891195838135783 0.9969684146501497 -0.0777099658017991 -11.42940955159978 0.7955070328634064 0.04400152091979945 0.604344625873023 115.9007696447795
0.6178562784770074 -0.061399695980222976 -0.7838901048489378 -97.75130417978532 0.002102740253200317 0.9970719497393152 -0.07644020883323074 -11.521295824993537 0.7862882408061119 0.045580745678153935 0.616176271852019 116.5549059697609
0.6291008669615765 -0.061283032159968706 -0.7749041806297557 -98.59529352963496 0.0028158125537956595 0.9970605244834513 -0.07656619173268943 -11.612528916924521 0.777318577153444 0.0459858726791752 0.6274242018969941 117.22923624780901
