1.0 0.0 0.0 0.0 0.0 1.0 0.0 0.0 0.0 0.0 1.0 0.0
0.9998901768107364 0.0006185569323483041 0.014807150459013107 0.009359550662338734 -0.0006170745909271192 0.9999998041306679 -0.00010467843686273731 0.012491825968027115 -0.014807212308319224 9.55298244306621e-05 0.9998903626586813 0.1511974036693573
0.9993487536700016 0.0032803247410820675 0.035934774353089415 0.020414966010626152 -0.003332016228803733 0.9999934984221257 0.001378688263939514 0.02388671466409829 -0.03593001817513312 -0.0014975256495903058 0.9993531864215291 0.32711019639219674
0.9980624873297835 0.004032795024213636 0.062088710321430866 0.04331988252068473 -0.004215808883247434 0.9999871459402244 0.002816897190973381 0.03237099971744763 -0.062076552260461514 -0.0030731935534976376 0.9980666596679989 0.5417707307043134
0.9958053395758399 0.002974241149339046 0.09144878108444976 0.0812331374978301 -0.0033891208642145114 0.9999846567807397 0.00438178763451966 0.042270631194662525 -0.09143434547266024 -0.004673338495322361 0.9958001407789087 0.7936859453025551
0.9921569928754916 0.00020688983966363162 0.12499783472066987 0.13531343395875253 -0.000970587761872712 0.9999812346882939 0.006048820601730422 0.0535290070085378 -0.1249942376578143 -0.006122701027296647 0.9921385755450054 1.0733961940705758
0.9868956445124958 -0.003191160957915032 0.1613282471670925 0.205135035065989 0.0021107079064322624 0.9999741862299076 0.006868171952404768 0.060499437884872026 -0.16134600011899747 -0.006437652178764709 0.9868769046238877 1.3575900542880146
0.9796845448658118 -0.003967288195282603 0.20050549412782337 0.2877318470678955 0.0023224821529061026 0.9999617036020836 0.008437855525434561 0.0703379610667151 -0.20053129089425537 -0.007800766218407345 0.9796562404326781 1.6666619908648381
0.9701719784250564 -0.005225622661138428 0.24236135241951315 0.3881768298299379 0.0025757181657275487 0.9999334077316748 0.01124925677772068 0.08104195735583901 -0.2424039973984398 -0.010289459165755509 0.970120832203563 2.013244770491308
0.9585584010823269 -0.008935039410935512 0.28475596005214376 0.5131145803116495 0.004504177334861281 0.9998584434329822 0.016211276393614832 0.08968814737628913 -0.28486049936947944 -0.014256863838133575 0.9584629558477844 2.3649520375230764
0.9457361150179485 -0.01567306001542774 0.3245574770984498 0.6461585726387986 0.00921925250575583 0.9997282027980593 0.021413218193394347 0.09650283154343343 -0.324804873938174 -0.017259076450250745 0.9456235604859323 2.665488035611936
0.930721566935814 -0.020223983216290268 0.3651689408252167 0.79364857847914 0.01174937517735562 0.9996079458640607 0.025414695520016968 0.10536521306538693 -0.36553976120729353 -0.01936349834871376 0.9305942928624774 2.976156323361357
0.9120813852927887 -0.022095445407335764 0.40941340707729534 0.9733384753030292 0.010743323260071217 0.9994919392258765 0.0300074062162407 0.11838928331403929 -0.4098684271906258 -0.022970736051513743 0.9118553710306994 3.3177394221812397
0.8907297877597339 -0.02576050969868094 0.45380264580273655 1.1706172516101228 0.011093434344346079 0.9993273727393626 0.03495336619398819 0.13340457186169438 -0.45439782230106196 -0.02609977459495616 0.890416431145644 3.6489255372030356
0.8664711543210577 -0.031960891700287146 0.49820301096165237 1.4006689055762844 0.013940290584927713 0.9991084137462017 0.03985029334843364 0.152998669095338 -0.4990324709154121 -0.0275840349345587 0.8661441646682078 3.994455266359657
0.8401575654873596 -0.03783330132416781 0.5410211700712532 1.6214094137300747 0.016702010996694945 0.998895627390855 0.043915468893049835 0.16680229165532046 -0.5420851482774817 -0.027859771900445786 0.839861610699427 4.28312926093649
0.8123528950535661 -0.04358881234427489 0.5815348565103434 1.8616845501174248 0.019451171620485607 0.9986730759997074 0.04768374142067022 0.18820999371701755 -0.5828416816088916 -0.027424491092789938 0.8121228179700539 4.557899320149659
0.7791578829215405 -0.04838258177897928 0.6249576939774591 2.1332309336292172 0.021025908760034257 0.9984729320407786 0.05108537112232421 0.20750772318912813 -0.6264749832531525 -0.026663266159479865 0.778985343633416 4.846720646849593
0.7433598075333221 -0.05262145039943496 0.6668187006240021 2.423143688370781 0.021991781791076095 0.9982844899514128 0.054262681984045026 0.23189502187708472 -0.6685301474710594 -0.025672165477569613 0.7432418057684971 5.132579883944595
0.7050516867557286 -0.053667905253628766 0.707122248941857 2.7489963874599432 0.018258633137444115 0.9981754971737538 0.057552577334830934 0.26537337631791125 -0.7089208286676688 -0.02766645600030827 0.7047452205538742 5.4266633964066315
0.6662792529001438 -0.05637495266263845 0.7435683034309033 3.084160860470462 0.0166931561968242 0.9980159496937604 0.060708341214780165 0.29151290618584635 -0.7455154563729816 -0.02803620639721109 0.6658983972347721 5.69906251826857
0.6305868680023503 -0.059008184415064335 0.7738722349813465 3.4334783047251767 0.016753261984074858 0.9979081173238651 0.062439711658786146 0.3205038145773574 -0.7759378390798322 -0.026408777919039752 0.6302563338300882 5.951567255862476
0.5949501078857256 -0.06238032763623924 0.8013382955099297 3.836451508646171 0.01725583784955165 0.9977452866835264 0.064858144908087 0.3520271055385388 -0.8035773797132881 -0.02475959662037892 0.5946850907735308 6.227658047550856
0.561388593844606 -0.06361625422000455 0.8251035201113809 4.260922638882018 0.01592510761762451 0.9976867497928021 0.06608736819727282 0.3911514016840462 -0.8273990800384922 -0.023960832349703177 0.5611030572582602 6.499336320437621
0.5298075500431291 -0.06475963759904878 0.8456418563761715 4.683289583326452 0.016183531547675472 0.997670950791073 0.06626286482097037 0.42987951066210195 -0.8479634739916236 -0.02142109440893872 0.5296216418259176 6.753075339884558
0.4962075484342661 -0.06499430082573332 0.865767757390531 5.175938816655886 0.01756189767109182 0.9977413678863603 0.06483627501981257 0.4718023696304028 -0.8680262948937926 -0.016967724314967892 0.49622822139064776 7.0203177770438385
0.4672053020989428 -0.06361858016357176 0.881857064352612 5.679295350448152 0.01887060056664792 0.9978982135504418 0.06199238523472933 0.5151578058772286 -0.8839474566538952 -0.012321998653150885 0.4674238571407135 7.275339991095689
0.44164263916995045 -0.0622594486702369 0.8950282343693293 6.228419523164195 0.019893447593972158 0.9980236312832707 0.05960773559681737 0.5593858053006793 -0.8969704733210714 -0.008520120388371345 0.4420083455532721 7.535136625126893
0.41844127168305456 -0.06204422548140176 0.9061221861518904 6.82434624099447 0.020246874707464235 0.9980532813502379 0.05898908077435419 0.6036044897999887 -0.90801815302165 -0.006337323601964279 0.41888288591528255 7.807898451512034
0.40217493676877075 -0.06355404528596004 0.913354369104799 7.441971740520598 0.022586518721156586 0.9979729469802268 0.059496607194530586 0.6518471351816663 -0.9152842014407843 -0.0032985486795810218 0.40279517148237304 8.074045627709902
0.3907035635554429 -0.06596906467597183 0.9181496653219754 8.079229336510725 0.024623137046036317 0.997820809585961 0.06121546437976048 0.6986952072105348 -0.9201871693014907 -0.0013093750398783174 0.39147651141532724 8.343663001753812
0.38185801711528977 -0.06783378168734147 0.9217282857907602 8.723812072380504 0.024308146147445767 0.9976950364110427 0.06335399238913532 0.7435150343225835 -0.9239012765418465 -0.0017867240308159088 0.3826267617686774 8.615769507771828
0.37524316262675894 -0.06968909249495794 0.9243029802446256 9.363604273964324 0.023807285799936205 0.9975653944620935 0.0655476690243671 0.7882345834686195 -0.9266206246596866 -0.0025911694110989647 0.37598870168713194 8.878601955364774
0.3653030827172871 -0.07176379530229039 0.9281183197421857 10.075727712893773 0.02306428659394817 0.9974156872380049 0.06804399705668986 0.8370344964912156 -0.9306028672001604 -0.0034502949655874082 0.3660142060405461 9.161787833742151
0.3551707500069123 -0.07368332811149074 0.9318929689068064 10.778071187600446 0.02214858937368285 0.9972721235594759 0.0704113027853436 0.8821054821732264 -0.9345390191577255 -0.0043679205106952335 0.3558338698636329 9.429468187904444
0.3448636346492977 -0.07531393882303954 0.9356264661260045 11.471349709784215 0.022633887449712495 0.9971532755160624 0.07192393389200738 0.9300727384646698 -0.9383798701141184 -0.0036270851310052504 0.34558655011163697 9.685383571620443
0.3338528462422784 -0.07647525699752356 0.9395178615242461 12.227553737329771 0.02198556906691136 0.9970641185555447 0.0733469715929628 0.9853710243484773 -0.9423687769704245 -0.003831260395423995 0.3345540459104459 9.950960036269175
0.32387566591106265 -0.07914179368401607 0.942783713013299 12.985492990424188 0.020249122282440194 0.99684673677722 0.07672389734234537 1.0403963417677013 -0.9458829346581197 -0.005758460652344824 0.32445695254295115 10.21769310153008
0.3140029494113196 -0.0824352566631479 0.9458364426368195 13.751141392903584 0.018288572337565256 0.9965637583454452 0.08078492232004197 1.0999291300316587 -0.9492458458601998 -0.008068705675788657 0.31443158255154907 10.477304179027643
0.30259457968068104 -0.0866364504760955 0.9491736647193574 14.560909119140232 0.018707834520043105 0.9962082478991239 0.08496554445967178 1.159311075228063 -0.9529357466668162 -0.007953129362761997 0.30306799642637383 10.738170554180074
0.29166243694146365 -0.08967188596233547 0.9523087607206631 15.36982261838828 0.018238432376389516 0.9959363226176599 0.08819410907347996 1.2205195812324714 -0.9563474172401047 -0.008354289842405292 0.2921126895213737 10.98502237399665
0.2775216407624644 -0.09141824120196412 0.9563599971161747 16.163916388379377 0.017721815301521004 0.9957801227547132 0.09004379150739776 1.2828537838282463 -0.9605559203768039 -0.008040665528950275 0.2779706306913072 11.210066277029432
0.26449172997023046 -0.09071046445806955 0.9601123561412781 16.957158516777312 0.015974775099833652 0.9958420200734122 0.08968543703754864 1.3441691258270176 -0.9642556358859744 -0.008383477435269113 0.2648410579351848 11.424719219175259
0.2477716712370308 -0.09017139744432459 0.964613040558413 17.733934269008458 0.015214668440036473 0.9958986060366517 0.08918789356473032 1.4067819493272335 -0.9686989794547471 -0.007421965857611942 0.24812738991522065 11.62262633073712
0.22705030801522436 -0.08948520068116714 0.9697631445302731 18.56474801274308 0.012759749731587312 0.9959574975723704 0.08891485711718627 1.4732388793625 -0.9737994384969523 -0.007814210672463386 0.22727426535925127 11.82023749591133
0.2040921697576923 -0.08830850935426696 0.9749605086459783 19.383023473693964 0.009334343894824168 0.9960532893352887 0.08826502607717655 1.5416946855565465 -0.9789071744898239 -0.008913584014236003 0.20411097900987762 11.999597372426768
0.18026158458522967 -0.08843258141912494 0.9796353605634968 20.191256955067715 0.006455729235148443 0.9960352302789965 0.0887251013136019 1.6069065802300693 -0.9835975216941454 -0.009669466718299977 0.18011778571401316 12.155877549075056
0.14798673077284685 -0.08905317739645785 0.9849718062517119 21.004028875068073 0.003475737925085355 0.9959784122289573 0.08952609463034356 1.67211280707615 -0.9889832388675963 -0.00982517020107617 0.14770111465212044 12.286539402836214
0.11591696989754546 -0.08926977180045499 0.9892391843899363 21.805439560093042 0.003054125804656818 0.9959803222089867 0.08952022167115348 1.7397061753239835 -0.9932542113705539 -0.007355651920653725 0.11572366214167834 12.384441761232297
0.08168278971293291 -0.08880910611789701 0.9926937415614411 22.62196992362156 0.002080304092891061 0.996035093664224 0.08893685695020835 1.805821710899364 -0.9966562066227221 -0.005199505730435455 0.08154367504941934 12.456198572994099
0.0482800253411122 -0.08730600230238916 0.9950109050231747 23.474561085831393 -0.0009817560904817127 0.9961679729479709 0.08745516467144887 1.8789296092443097 -0.998833357126223 -0.005199195582650917 0.04800930177843643 12.503100338341202
0.016860327869545222 -0.08511748987442457 0.9962282581123711 24.27476975345324 -0.005021144696666743 0.9963501157644423 0.08521288002478286 1.9471797278751413 -0.9998452467507495 -0.006438923330816533 0.016371402391771317 12.520660476189633
-0.015139532052007354 -0.0818938574877519 0.9965260612121605 25.117761855753958 -0.004598065511562416 0.9966354495303362 0.08183299171493283 2.011721300080984 -0.9998748183461759 -0.0033431789124528863 -0.0154651476540546 12.507045799585153
-0.04490673753888097 -0.07873766006642492 0.9958834097477868 25.935990330958884 -0.002576126754806507 0.996894900427972 0.07870146803997341 2.0721384235866536 -0.9989878620356493 0.0009687042726765141 -0.04497013584007581 12.463885380615732
-0.07580919230093647 -0.07426334381764979 0.9943530168545281 26.759298068401055 0.00028519210162741143 0.9972210263029098 0.07449928432432674 2.13388508854474 -0.9971223019410133 0.005931312198261318 -0.07557734123043719 12.39558058947761
-0.10668179653845061 -0.07141573420854724 0.9917251570847555 27.574672163636805 0.0013497174003054765 0.997405883656368 0.07197000424204053 2.1913383878291466 -0.9942922973403084 0.009016438050258778 -0.10630866048736537 12.305428017229522
-0.13333524745585545 -0.06807806786828823 0.9887300382112435 28.341791622500843 0.005489543885477163 0.9975719193958921 0.0694271599644229 2.243057693894327 -0.9910557888907242 0.014684764489663719 -0.1326377811864624 12.19417285374909
-0.1616377655071793 -0.06017547470799575 0.9850137790942387 29.156130346225847 0.008303835327087731 0.9980208803600805 0.06233272562748135 2.2934300264235783 -0.9868152203329187 0.018254714704909105 -0.16081817779820679 12.051796557555443
-0.18677803177013458 -0.04804897156620055 0.9812264077059408 29.983625492636747 0.009590432947470834 0.9986664305169448 0.05072853392740825 2.340574508167843 -0.9823553279969294 0.018885361790937312 -0.18606813984686016 11.894891871612277
-0.20927361258367078 -0.03318123800164171 0.9772939990201814 30.77303278761737 0.009486264187738722 0.9993082047186554 0.03596001632005157 2.378140884574571 -0.9778111095032314 0.01679635158766206 -0.20881407209621555 11.72772981343787
-0.23209175342529492 -0.01895765628274408 0.9725091389083383 31.582689476143937 0.008385216732219003 0.9997339090018944 0.021489516796472652 2.405217274560671 -0.972657753854009 0.013142239537365756 -0.23187103184230812 11.542092165349427
-0.2569648002225476 -0.008871355215047286 0.9663800445493661 32.370969211272694 0.010420324998466648 0.9998743035258677 0.011949643324687956 2.4228971128491623 -0.966364583515721 0.01314063184589621 -0.2568400582486659 11.3348552162087
-0.2824863562041305 -0.004798838369035349 0.9592593130685889 33.179073961618805 0.011747138002456138 0.9998951986652402 0.008461467659401829 2.433207602988674 -0.9591993866278608 0.013658800698001506 -0.2824003786403764 11.099944213998551
-0.3066326454356292 -0.005560643770436486 0.9518116935581354 33.95513736372984 0.012614554831895646 0.9998713709289582 0.009905281572919668 2.4424920370023293 -0.9517443426464592 0.015043963490517707 -0.3065230585175529 10.850838740266633
-0.32835625177586886 -0.010011927534039067 0.9445008910672109 34.71265118080072 0.013620921535033116 0.9997896577437209 0.015333322054598225 2.4462627045514354 -0.9444557387279929 0.017899764684115478 -0.32815081290165143 10.588621885902798
-0.3478399897310732 -0.012153240661144716 0.937475141155924 35.45799259476808 0.018599741614468895 0.9996297418325168 0.019860233023084848 2.4510111964798704 -0.9373693995196143 0.02434497864629449 -0.34748515199782226 10.304420187197143
-0.3631711467267729 -0.012380464834816115 0.9316401892767588 36.20379951458812 0.01975814492847084 0.9995845265250465 0.020985472133950918 2.4593057726884453 -0.9315129273897097 0.026028799860407896 -0.36277564372995125 10.01304312427327
-0.37473385875731424 -0.009377226513514927 0.9270850029656221 36.9620625751192 0.02163953872809656 0.999587979167415 0.018857419432116232 2.466517988215411 -0.9268798549242985 0.02712820537591417 -0.37437654174452983 9.705330102343556
-0.3839515493120239 -0.006793254000946658 0.9233282512091652 37.73425428264052 0.022540002346040214 0.9996059942009559 0.016727362367076448 2.4750897476030578 -0.9230780877450928 0.02723431764516243 -0.38364715021392437 9.379552733917984
-0.39259011353334555 -0.005643089375502862 0.9196962315341818 38.514484093252854 0.017791601339175612 0.999747455426166 0.013728958106662761 2.479203735800069 -0.9195414409789605 0.021752721926387587 -0.3923905674339416 9.055498364231578
-0.4029926588387104 -0.006683256812940541 0.9151788082120781 39.294044854382854 0.017663981794253658 0.9997302685640403 0.015078921183050868 2.483257486324429 -0.9150327320207073 0.02224239634672192 -0.4027659061234904 8.708666533606046
-0.4119142594922468 -0.006184850582482853 0.9112016189901258 40.06693940295985 0.018787923017727044 0.9997067433960398 0.01527878127222717 2.485536516506667 -0.9110289000770688 0.023413133744908193 -0.41167726241876557 8.35443037794856
-0.41829671674908697 -0.004319844777934631 0.9083001682803041 40.82423088931869 0.020899304921405945 0.9996781780684437 0.014379128887352342 2.4917742044798756 -0.9080699729705505 0.024997584580345844 -0.4180718179385119 7.999545221736961
-0.42427412134908515 -0.0011749956918598401 0.905533041549885 41.58924510318923 0.02178762374974197 0.9996964159697928 0.011505448643603707 2.5028782448781994 -0.9052716550322346 0.024610877316240343 -0.4241197181373716 7.639296421943221
-0.4251067060962893 -0.00038206037318433937 0.9051431613075548 42.35867305026948 0.02058247095309259 0.9997372556205615 0.010088687413788676 2.50943429367093 -0.9049091945170123 0.022918851501313946 -0.4249871479520676 7.282812393432575
-0.42507621029400033 -0.000339384840220747 0.9051575002506588 43.11792876847436 0.022829951211915007 0.9996777827095199 0.01109612926383918 2.5154917574132174 -0.9048696087115274 0.025381402146226594 -0.42493149524992757 6.926331807608079
-0.423165250589937 -0.0015748554033548374 0.9060511522665896 43.905708494314595 0.020751006100673923 0.9997193441953172 0.011429286394839668 2.523769758762905 -0.9058148632248016 0.023637949829543117 -0.42301380697193597 6.564192188516772
-0.41668179238430514 -0.0026848550445100552 0.9090484450505336 44.71234134073247 0.018471105095653854 0.9997641798932454 0.011419407993933362 2.5327929171293464 -0.9088647326043344 0.021549388756448937 -0.4165339381998485 6.204047586957028
-0.4090540789656227 -0.0036851520481492343 0.9125027014403674 45.508286873056036 0.01685589940314485 0.9997907095639387 0.011593779579897604 2.5431189708274182 -0.9123544481926403 0.020123536568362212 -0.40890635130685443 5.852114787516462
-0.40382189092732873 -0.004776857070380174 0.9148251538105006 46.33361040109044 0.014282370042893334 0.9998315771061472 0.011525247389642617 2.552990766896585 -0.9147261307702075 0.017720018565559117 -0.40368565323553635 5.493912100613406
-0.3986510692509944 -0.006263723518137165 0.9170812890647846 47.175009717310225 0.01098309902804527 0.9998723570731878 0.011603495018643481 2.559768749171908 -0.9170369112095647 0.014698140310796751 -0.3985313891660545 5.141535543085545
-0.39735452399592475 -0.007996866827960244 0.9176303353643598 48.03498293038777 0.007753133809891516 0.9998970837098582 0.012071077194937647 2.5706299175944656 -0.9176324270513208 0.011911007911008025 -0.3972516289638671 4.780846246171151
-0.39762165658390625 -0.009610947793915164 0.9174991269194607 48.90972946268578 0.005117712871148609 0.9999063558285628 0.012692067940726633 2.5793772967113715 -0.9175351912763011 0.009742138171170547 -0.397535235562101 4.415101995609451
-0.3988085109634181 -0.010477626524613466 0.9169743676491465 49.80684491755268 0.004473837339414123 0.999900596720129 0.013370918374991235 2.5878368767434123 -0.9170233128784687 0.009434830212618064 -0.39872199289261356 4.037295907321877
-0.40023865752315524 -0.011194183422644454 0.9163425709207026 50.71552741713478 0.0044710268424045805 0.9998896376395768 0.014167655415429106 2.595143642128799 -0.9164000365250086 0.00976743561514649 -0.40014443674561695 3.646082347879426
-0.3993921905006461 -0.011836055025894798 0.9167037612928836 51.64204392383362 0.004318883312333627 0.9998812698490182 0.014791668332199547 2.6048298126557055 -0.9167699959172041 0.009866813393357515 -0.39929365206503165 3.243561078074779
-0.3994729338978827 -0.012397285946551869 0.9166611600717998 52.56554966196997 0.00454305599021937 0.9998695087900213 0.015502452524409849 2.61109873161917 -0.9167337321846993 0.010357253166804265 -0.3993644846272027 2.848878475201464
-0.40057419478501455 -0.012909961409045396 0.9161733718946182 53.50890144264801 0.004268739223819532 0.9998635881501885 0.015955655952352592 2.618674847356928 -0.9162543818928107 0.010302329243805919 -0.4004644424594723 2.4403883413402907
-0.399905322437286 -0.01377944923500149 0.9164528683271773 54.48301320737283 0.002703459287782226 0.9998649011545171 0.01621328921433465 2.6249394994897406 -0.916552466798388 0.008961373669721237 -0.3998140435099072 2.0234074786111305
-0.40056109131030204 -0.014229796045619149 0.9161595521702537 55.43511156871308 0.002667830658714043 0.9998570494305579 0.01669620865931262 2.629350760820111 -0.9162661702845283 0.00913201010287231 -0.4004658681880452 1.6112474406265127
-0.3988961435082041 -0.014441433477075803 0.9168823870559458 56.413459690163336 0.0014591341661515612 0.9998647207039295 0.016383260332977816 2.639164711431697 -0.9169949496162818 0.007873073782211717 -0.39882110912971047 1.193602095798889
-0.3975645293921696 -0.016226938518916746 0.9174307229624951 57.362942354082726 0.0007080455095307293 0.9998378921619296 0.01799133315644862 2.6423834632190615 -0.9175739445084191 0.007802298603180358 -0.3974885916548646 0.7899801245194098
-0.39660725730377616 -0.01805602390970279 0.9178107993778178 58.36231341728587 0.003269715717045681 0.9997724165343369 0.021081368461803147 2.651426155700053 -0.9179825665082678 0.011362004121845981 -0.39645795798448685 0.36045692743852464
-0.39414741666472203 -0.01973423853026323 0.9188353355015016 59.345596483831976 0.004634231176131315 0.9997140534245392 0.02345922605041153 2.6572746437604353 -0.9190355476465165 0.013504488702235584 -0.3939432585372657 -0.05890027077849852
-0.3922848213210989 -0.02010215920065008 0.9196241200384782 60.304263481337365 0.005437873321666998 0.9996930240887585 0.024172031813865815 2.6651696839331342 -0.9198277276179551 0.014483120649389 -0.39205508633538255 -0.4652571248344135
-0.39152869710091964 -0.020443981030648123 0.9199387604542356 61.28285551131881 0.00536813896836994 0.9996853949466773 0.024500902316496834 2.676295796800407 -0.9201502390536412 0.014531165470283228 -0.3912957740630515 -0.87243970955702
-0.38917778413957577 -0.02012070796466367 0.9209428915210814 62.251515640944525 0.0050203743165789395 0.9997002418632939 0.023962935133103446 2.686080583835747 -0.9211489826156957 0.01394932003620997 -0.3889601114466574 -1.2767037846495495
-0.38914312878418916 -0.01952892749854761 0.9209702743904433 63.198767720223806 0.0020593618485242778 0.9997543140230369 0.02206967650655428 2.6941035002831883 -0.9211750020212386 0.01048487401372006 -0.3890073046461822 -1.6697469828506435
-0.3904883484702232 -0.017662359741345092 0.9204384231209415 64.15403324378023 -0.00027702068599731733 0.9998181496512082 0.019068059355223526 2.704398128561752 -0.9206078279965566 0.007190874522762169 -0.39042223086686645 -2.0700368435926717
-0.3937027299428586 -0.017113579729618262 0.9190784981841206 65.11166918460188 -0.0020318283441481304 0.9998404445879099 0.01774702904236388 2.7099521517875624 -0.9192355694320801 0.005119644039246264 -0.393674684397906 -2.4724932949318053
-0.3981389913494828 -0.019075034857622374 0.9171267560225235 66.09135887807886 -0.00279464599539863 0.999804359807541 0.019581421388499692 2.715393602656872 -0.9173208454630132 0.005233082744815173 -0.39811440733036657 -2.896801748136785
-0.4028395267806431 -0.02140426450601711 0.9150203129570974 67.0446141460542 0.0007558847718910199 0.9997183955074365 0.02371831196035868 2.720407517468697 -0.9152703121490174 0.01024632348668178 -0.4027099062025257 -3.3182481620656077
-0.4082437091036365 -0.022712334990082274 0.9125903921347209 67.97903855943584 -1.961888147132204e-06 0.9996904652069837 0.024879183475258877 2.7319482158809443 -0.9128729780059526 0.010154979741136067 -0.40811738803069975 -3.7285944215724314
-0.4128428094267075 -0.020725335468382358 0.9105664584061872 68.90526583158272 0.0002832819418595936 0.9997381005336594 0.022883402122336558 2.7361479311189556 -0.9108022477223061 0.00970519505595602 -0.4127288150019589 -4.142348545583568
-0.4176168372766554 -0.018509903083894233 0.9084346760834641 69.8057551986237 -0.0004095580812381403 0.9997962151647966 0.020183171314887487 2.7476465303764406 -0.9086231394176694 0.008056775407869293 -0.4175393141786837 -4.552441661654352
-0.42295783489416977 -0.016672092549552125 0.9059959774919839 70.70540732228292 -0.0010336095706675093 0.9998389532145802 0.017916452942142332 2.755062100647174 -0.9061487745138166 0.006641458032069818 -0.42290695132891426 -4.968691103689704
-0.4266072989424835 -0.016012995554461486 0.9042951932098121 71.59467271441106 -0.0020395962951538157 0.99985774594466 0.016742996189944556 2.763821415816155 -0.9044346590749116 0.005298287255000403 -0.42657927237057847 -5.383980361935237
-0.42942148503181393 -0.01717062606923192 0.9029409492283883 72.47322513424953 -0.0017258735667292557 0.9998330156595003 0.018192365367411013 2.7698850243175586 -0.9031025465325097 0.006253830635724278 -0.42937941269799645 -5.798263905253315
-0.4337843913136917 -0.022788411013364963 0.9007284774981283 73.4030904580411 0.0005915516688471453 0.9996726906297679 0.025576584519119875 2.7801213682813133 -0.9010165103477479 0.011627550581551769 -0.43362892909518896 -6.2381563098484945
-0.4347823895933613 -0.030006436950205224 0.9000354923229638 74.29154267800514 0.0031594545889945553 0.9993877343397484 0.03484500391684019 2.793378641808507 -0.9005300059110671 0.017993615334831577 -0.43442138329160945 -6.667874162860936
-0.43588776422283015 -0.03228562890395001 0.8994217560005424 75.17754812783429 0.004078008040815911 0.9992752511613945 0.037846297926633285 2.8060796044584064 -0.8999917926577119 0.020164587340406288 -0.4354401940176741 -7.089227810220875
-0.43577555191301437 -0.027853407664223215 0.8996242860419 76.04551221743414 0.0028874148059531146 0.9994726418851325 0.03234348402525852 2.8243561673065094 -0.9000507381201607 0.016692088085209177 -0.43546531779776626 -7.505781836336683
-0.43547179263478686 -0.022683104480583395 0.899916548681359 76.87411547711332 0.0018098676356638563 0.999658403814188 0.026072975718388083 2.8384320556689615 -0.9002005566531199 0.012982775311666432 -0.43528198371471816 -7.909538862009472
-0.4355826555714842 -0.019738157304239293 0.89993230596058 77.74140146917154 0.005283494013598632 0.9996862757654827 0.024483356329306732 2.8503366088520306 -0.9001332317253387 0.015419312318409067 -0.4353417163003395 -8.333951748678627
-0.43276515202023746 -0.020136378347629512 0.9012817813891181 78.61415867845255 0.0068699015655416295 0.9996478209862254 0.025632761263109975 2.861517476384529 -0.9014805198391038 0.01728468294568749 -0.4324744062786682 -8.752282716545901
-0.4298977039290814 -0.022332133320705962 0.902601373795681 79.47316387175418 0.006431087949434089 0.9995929583021543 0.027794942355305257 2.8750807391086872 -0.902854697758333 0.01775369071754696 -0.4295790977242901 -9.155767662761843
-0.42733506796448306 -0.02661908791536008 0.9037013687310345 80.34438225607812 0.00513926059478364 0.9994787942918253 0.03187048417420656 2.8965683790362386 -0.9040787176393048 0.01826373235441699 -0.4269755360581643 -9.561429951696676
-0.42311491908846954 -0.031365854908356375 0.9055329637239198 81.23094545075419 0.004281172941212833 0.9993202807680683 0.03661486042410139 2.9177104954753754 -0.9060659119528807 0.019369036927450376 -0.4226930370913362 -9.965621592223236
-0.42130672876869907 -0.03452250938463383 0.9062609098046797 82.10250968315796 0.0002651540922656327 0.9992705057009599 0.03818882204854263 2.9402162624004746 -0.9069181716050931 0.01632950648169655 -0.4209902341272764 -10.351831115280115
-0.41938048768968805 -0.03678513675432481 0.907064970252476 82.98679479356578 -0.0037926593565252194 0.9992409744846995 0.038769712997047644 2.9701013084061496 -0.9078026339905414 0.012819072697886751 -0.4192016806920047 -10.740936663666975
-0.417055045144568 -0.03752968653376595 0.9081060576541377 83.84146632686628 -0.0017663634872392212 0.9991786957145279 0.04048226760257155 2.988664614722496 -0.9088795130706234 0.015279288559763935 -0.41677880711669374 -11.129966435400249
-0.41509117849639565 -0.03560741570490007 0.909082738523448 84.69750587755112 0.002045895537817293 0.999194735072549 0.04007113318521036 3.009710164568188 -0.9097775155750562 0.018493062215786844 -0.41468407107575433 -11.517211676945255
-0.4102376261405611 -0.033173373787164354 0.9113751243972673 85.57045755780939 0.003544669911466505 0.9992726556506881 0.03796834186582534 3.033243088524999 -0.9119717788472274 0.018806566417039504 -0.4098216534613874 -11.906881650557224
-0.40336823419535767 -0.03252248237808725 0.9144595976761828 86.42722722498081 0.007093324459792013 0.9992270108881356 0.03866607634180025 3.055998761615215 -0.9150102471503953 0.022083225568942884 -0.40282574242250696 -12.284476519026283
-0.39442698067154586 -0.031567637918458465 0.9183849090411803 87.29585602559749 0.01212290447507613 0.9991440459268583 0.03955010336264994 3.0754289745450722 -0.9188473170801644 0.026733120378235276 -0.3937066778318938 -12.656305908514957
-0.383503527514203 -0.031965031927637305 0.9229860676727618 88.1427404321216 0.009931079777243248 0.9992003260591342 0.0387308928089452 3.100778847881142 -0.9234860139918856 0.024019682287347195 -0.3828794024548644 -12.995921043402989
-0.37233675560421126 -0.03374742429041911 0.9274839361303743 89.01297136702519 0.008600470591424552 0.9991703155049703 0.03980844783842015 3.1259393003013636 -0.9280578496687238 0.022798946630504812 -0.37173758984101074 -13.339663114429264
-0.35974301481487064 -0.036288015089661986 0.9323455063723753 89.87192431574947 0.010351637729790149 0.9990267090116116 0.04287747984362385 3.1511449375144798 -0.9329940015285305 0.025076176787573665 -0.3590172397942742 -13.66847879956146
-0.34699842533656555 -0.03796761483546848 0.9370968749481826 90.7156557652504 0.010335807318954098 0.9989647372606707 0.04430152138228284 3.1773325641548436 -0.9378087565708745 0.025058210898324773 -0.3462467648449089 -13.978058522343222
-0.3353846580553067 -0.03873946645815658 0.9412844335691857 91.55740214821327 0.010428599241134486 0.9989402807638036 0.04482811378366765 3.2049561383648357 -0.9420235535585049 0.02485093974221107 -0.33462524611113287 -14.277217550420989
-0.32020288192686613 -0.03818758409081671 0.9465790103456955 92.4018935593914 0.013533680999965108 0.9989008664411905 0.044876480495132404 3.230686542822367 -0.9472523179619676 0.027180276752557506 -0.31933411761246827 -14.567772250183433
-0.3064501446148172 -0.03497201135002214 0.9512440629447796 93.2553308749645 0.014751898026640899 0.9990303723036358 0.04148128155530717 3.2531949088858747 -0.9517723942047118 0.026744600146440797 -0.3056370985218218 -14.84498133984049
-0.29396883259397694 -0.027462478455727326 0.9554203984322308 94.11220486182532 0.01620009448996965 0.9993004093143052 0.033708291009453974 3.2734627520073114 -0.9556777084361915 0.025387087689033826 -0.29331827999089805 -15.11232608180119
-0.280026910042431 -0.023551864172080914 0.9597032037802669 94.999076086983 0.012396632251346535 0.9995269422000093 0.028146319921519808 3.2927655599304115 -0.9599121069977778 0.01977881468439196 -0.27960247732945315 -15.366083331046562
-0.26699769078019564 -0.0258600696855483 0.9633501387937315 95.9128254874883 0.010794651918201396 0.999496929804872 0.02982218638194719 3.3109975854176694 -0.9636367098694445 0.018361484321625834 -0.26658422174896024 -15.612487143043673
-0.2529555528286586 -0.029890646389616055 0.9670160482388899 96.80716699320173 0.009866010762274951 0.999390953117993 0.03347214748934538 3.324908324987367 -0.9674275942543642 0.018007556311747237 -0.2525065895989506 -15.842154221139486
-0.24155002246296414 -0.02999565530880042 0.9699246606364524 97.65710401155847 0.00791288552811374 0.9994280252804948 0.0328786941125982 3.3383592816777043 -0.9703561062263486 0.01561675211196184 -0.2411745097698202 -16.04368078946319
-0.23470694042990414 -0.024878022933747725 0.9717477739048036 98.5353333755592 0.005101616334188536 0.9996271545955293 0.02682396887160013 3.3515591556785904 -0.9720527895257604 0.01125325598010435 -0.23449251289760642 -16.249208407803266
-0.2298268795401504 -0.019107714538087225 0.9730439356400965 99.42113526160743 0.00024004193732644376 0.9998061055028167 0.019689941065400694 3.3572239377979773 -0.9732314975486077 0.004758849064805301 -0.22977773072008706 -16.446434046921485
-0.22678475204762494 -0.016893552856551263 0.9737983795994839 100.2960557140897 -0.002880003225998788 0.9998568163511146 0.01667490262736389 3.3616760317290444 -0.9739406459431271 0.0009770711830461003 -0.2268009336660406 -16.640531505289353
-0.22317744357103964 -0.017221240491709464 0.9746257012602441 101.17278565445677 -0.005073105812840045 0.9998509085494305 0.01650528007306625 3.3662804164867 -0.974764634298202 -0.0012607730982756998 -0.22323153489748604 -16.832568898897147
-0.21831734486708043 -0.01778404611480924 0.9757157704136868 102.05411550074042 -0.00756164899264499 0.9998347480558072 0.01653172842423476 3.367798974637916 -0.9758485325063005 -0.0037688571168139106 -0.21841574421577936 -17.021277541513474
-0.21337230807063007 -0.021539090537430708 0.9767334978014387 102.92918750146796 -0.012134970431738322 0.9997382452440386 0.019395450213693582 3.3722114781105095 -0.976895593521249 -0.007714180137344008 -0.21357783308100037 -17.206865650000722
-0.20827790391330664 -0.025483427192106903 0.9777376486972486 103.79138049617823 -0.013267721950379173 0.9996421486993294 0.02322804550614522 3.377389781227055 -0.9779796942144182 -0.008134462633309775 -0.20854147842081788 -17.385150155847107
-0.20380031616197308 -0.0279703565042732 0.9786128398346836 104.64350048960343 -0.014836837138859457 0.9995652403357718 0.025479375506599684 3.3862236015189975 -0.9789000456614532 -0.009326814542769303 -0.2041267036291186 -17.557516885859666
-0.20040500020182994 -0.02878280280977606 0.9792902461254877 105.51701055030324 -0.020566738564728734 0.9994716730082485 0.025167123770964 3.395867013414888 -0.9794972410164894 -0.01509718902665224 -0.20089108921149024 -17.72017831933255
-0.1973619215321361 -0.027727437658674425 0.9799384986467404 106.38864976009744 -0.027380890517959968 0.999365875268794 0.022762560986878375 3.4057008610353963 -0.9799482429004028 -0.02233912597041771 -0.19799597139156982 -17.886695482771934
-0.19311547372985782 -0.02520952999059771 0.9808521261656856 107.22110785998858 -0.02784125719332614 0.9994081377943502 0.0202049129749273 3.408869621767807 -0.9807809532224757 -0.023406274972375993 -0.1937030409878221 -18.049252413929597
-0.18775987125827154 -0.023034691583170355 0.9819448221406056 108.10734678927955 -0.029372836589988273 0.9994095262412361 0.017827936754593043 3.4101442905139754 -0.9817756705152839 -0.025495133691278107 -0.18832559821311778 -18.21850431931794
-0.18093988326026433 -0.02571206988499703 0.9831579975304027 108.98090742577129 -0.032536751721030426 0.9992674945066549 0.020145327245712684 3.41537593916371 -0.9829558069583831 -0.02834367450811308 -0.18164393103589294 -18.376895305201998
-0.17470715070031867 -0.02941093718546544 0.9841810850997132 109.8577298920834 -0.03329858687847948 0.9991585063714872 0.023947510463423735 3.4220972181212237 -0.9840572217132868 -0.02858803804691818 -0.17553947839319634 -18.527173281847006
-0.1671994753302749 -0.0322792564980338 0.9853945326868904 110.71663685253841 -0.03448010998718813 0.9990439476814389 0.026875874243605623 3.432053489128016 -0.9853199771975357 -0.02948287979524452 -0.16815261619858013 -18.666615043602267
-0.16244597862206034 -0.028922658954817923 0.9862934572572732 111.55370264252778 -0.03746562779243899 0.9990303001756197 0.0231254419445334 3.4408077763186484 -0.9860058979355244 -0.03319546851597146 -0.16337206036028806 -18.797362856087293
-0.15837132514248836 -0.026626815162183466 0.9870205347848299 112.41566493276454 -0.03765683444560424 0.9990719421843757 0.02090973838851744 3.44796409154627 -0.9866612824025015 -0.03385656589583183 -0.15922702896679503 -18.92894191263467
-0.15340138570777156 -0.026075407630604768 0.9878198661597335 113.2612005203481 -0.03886211940737713 0.9990376178961153 0.02033651158931908 3.4550058844843243 -0.9873994888281554 -0.03526912453341515 -0.1542671005643918 -19.053654963490356
-0.14711492779523255 -0.027345832638173424 0.9887413228226729 114.13660063648972 -0.03965107255599672 0.9989772932413805 0.021729243734752338 3.4591313326826754 -0.9883243346518202 -0.03600795780727087 -0.14804876395832295 -19.176486233306683
-0.13858170051263569 -0.028807865848205286 0.9899319265223736 115.02258889895246 -0.03783380041134396 0.9990011683172453 0.023775391631125364 3.461068377695628 -0.9896280694429906 -0.034158052726269456 -0.13953319176629136 -19.301187619891994
-0.13036996266548795 -0.029332476274716707 0.9910314216361623 115.9083801608871 -0.036427117950596846 0.999029106106363 0.024777211912056393 3.464447642155282 -0.9907960122610572 -0.032870214296758474 -0.1313118848378645 -19.42054603829212
-0.12397590903680805 -0.029617824090586383 0.991843111824968 116.780598073972 -0.03599625494160416 0.9990307824317288 0.025333088718643895 3.4705842395337574 -0.9916321110213586 -0.03256194481272158 -0.12492188015450761 -19.532594182915833
-0.11625375776890245 -0.030109089971256896 0.9927630666507051 117.63789361802405 -0.038816885580601125 0.9989145004330447 0.02575014987185827 3.4821115861627505 -0.9924607363510317 -0.03554241868111115 -0.1172963054655376 -19.63312465957645
-0.10969050378749945 -0.03115215104639666 0.9934774969087259 118.4845532685384 -0.042233600955645496 0.9987521515399894 0.026654507021546852 3.491664839221923 -0.9930681327729554 -0.039034385859455734 -0.11086929417747393 -19.723046506397946
-0.10576721345925222 -0.03148612983020296 0.9938923081427788 119.34161106290321 -0.04293129282994248 0.9987112246796546 0.02707016429234037 3.499264489611515 -0.9934637389723968 -0.03980594587722007 -0.10698264354466636 -19.812938506838908
-0.10089781386175983 -0.03201916823230322 0.994381417778726 120.22721183617351 -0.04436483548189206 0.9986325614989311 0.02765444786554713 3.5099498547897308 -0.9939071347618864 -0.04132529467281604 -0.1021803674373048 -19.9024960443271
-0.09793142859569126 -0.031022262053299693 0.9947095327533075 121.09693921336351 -0.04532891366639871 0.998615739466706 0.026681350700221658 3.5224406419376755 -0.9941603114583841 -0.04247615974238312 -0.09920207142246762 -19.98570761813218
-0.09285945781498989 -0.0325487502065719 0.9951470745343609 121.97656287186315 -0.04727152764529337 0.9984826083294254 0.028246832348922314 3.535132613055839 -0.9945564457427174 -0.04441913690807201 -0.09425718279237699 -20.06721662255995
-0.08766679681463141 -0.03503176810241847 0.9955336799726472 122.83514343274953 -0.04713865097778645 0.9984077680622438 0.030981869810644425 3.546730352565255 -0.9950339091308683 -0.044212033391234834 -0.0891785612305771 -20.13937902280449
-0.08355426535756227 -0.03621751822418393 0.995844855443979 123.72285816959158 -0.04757835345789511 0.9983446028844314 0.03231646907945101 3.558403816271118 -0.9953667590505494 -0.044680479688656176 -0.08513911975113397 -20.20920472445528
