1.0 0.0 0.0 0.0 0.0 1.0 0.0 0.0 0.0 0.0 1.0 0.0
0.9998909537159528 0.0006122211458614475 0.01475485893768191 0.008857645094394684 -0.0006110262160155355 0.9999998096689006 -8.549342727218099e-05 0.012497556395828724 -0.014754908470257393 7.64684989070917e-05 0.9998911374887783 0.15164795517921448
0.9993479340230419 0.003287164530342818 0.03595693692778441 0.019877545466073523 -0.003337286403193732 0.9999935414453525 0.001334011636200217 0.023951043375308116 -0.035952319582208715 -0.001453140369308974 0.9993524498892901 0.3289548955620832
0.9980686573772707 0.00399485324345019 0.06199190518685213 0.04360069106107749 -0.0041760024189594885 0.9999873804074717 0.002792853307915499 0.03266843038104432 -0.06197996583517301 -0.003046337697299093 0.9980727446743073 0.5440497477036812
0.995807378675183 0.002933746493898181 0.09142788254996718 0.08174852139618963 -0.0033464734981533857 0.9999848901456986 0.00436126076055706 0.04243554887783946 -0.09141370625451749 -0.004648936631635005 0.995802149875671 0.7969091666142265
0.9921684849830531 0.00016085401388743058 0.12490665127373872 0.13518743099867148 -0.0009174514357474106 0.9999815801514113 0.005999803392597621 0.05370466670341102 -0.12490338541967629 -0.006067411628775256 0.9921503569655311 1.077142014426621
0.9868503173715808 -0.003324377595537569 0.16160259780465416 0.20648413308006264 0.002247220386106273 0.9999740285299097 0.006847792797669649 0.060877577907153896 -0.1616211653965742 -0.006394589843440766 0.9868321580271833 1.3639959169505977
0.9796273335695759 -0.0041603840513507895 0.20078092172292722 0.28952357494749115 0.0025148581499257095 0.9999611357479139 0.0084499989484064 0.07042313529746597 -0.20080827376343013 -0.007772914401148584 0.9795997238616719 1.672967003244637
0.9701448422669725 -0.005455510800488759 0.24246488905550173 0.389664638022289 0.002836601704322421 0.999933824821084 0.011148976161462164 0.08108890551312418 -0.24250966725795087 -0.010128345402066766 0.9700961178696956 2.0141081793747464
0.9585569182679192 -0.009188895001846303 0.2847528729431103 0.5148463918671655 0.004821690677572425 0.9998598204363486 0.016034050517663077 0.08952503247460399 -0.2848602916162937 -0.013996559778681491 0.9584668541867487 2.364651124701567
0.9457880717998887 -0.015897759649735266 0.3243951055104996 0.6483290462936345 0.009505885763546273 0.9997283787048145 0.021279260985615542 0.09630908993847684 -0.3246452854684622 -0.017042008401675572 0.9456822979059819 2.6671180497900298
0.9307226698891088 -0.02048219944543087 0.3651517373098023 0.7948894688038424 0.012059735191438294 0.9996063596218954 0.02533157299842691 0.10524325185489243 -0.3655268451722824 -0.019173035996936896 0.9306033097668731 2.976640430501037
0.9120474115020846 -0.022377982123233775 0.409473741634845 0.9742704927711654 0.011093099019714376 0.9994909066104691 0.0299143904688286 0.11839773612118479 -0.40993470495493106 -0.02274100963182947 0.9118313353655044 3.317067574365275
0.8908026143337701 -0.025907094864984617 0.4536513250633989 1.1714751897364515 0.01136286069788485 0.9993311835865772 0.03475731445626213 0.13308364474646334 -0.4542483766540959 -0.025807129772752964 0.8905012096342213 3.6495125481534343
0.8666303053792946 -0.03202733544115793 0.49792184485391894 1.40251096557138 0.014106100243204432 0.9991115422322789 0.03971327377799217 0.1527677996568299 -0.49875137266389474 -0.027392991125042225 0.8663121217569937 3.9973185527870347
0.8403369739901245 -0.03788803629290999 0.5407386308106608 1.623455568994426 0.01684852118442905 0.9988979533312897 0.04380646258782293 0.16671276339953284 -0.5418024524483243 -0.02770154393581014 0.8400492408094621 4.286666981582763
0.8126125077330798 -0.0436399594395862 0.5811681909876577 1.8629579497970137 0.01959077214275385 0.9986744405759751 0.04759793469378625 0.1875703051607637 -0.5824749899545955 -0.027293143468177357 0.8123902820670736 4.561712022387118
0.7795386022079897 -0.04839153776433397 0.6244820467718963 2.133258887364477 0.02114238247441924 0.9984758268412264 0.050980612756566845 0.20656362615641552 -0.6259972582455289 -0.026538317326701324 0.7793735627942151 4.850181459524653
0.7437593767714308 -0.05259136694519049 0.6663753728848397 2.422767045569358 0.022117766672218465 0.9982905150212675 0.05410038831658889 0.2308896832309684 -0.6680814275685308 -0.025498936083859097 0.7436511348721153 5.13601464637621
0.7055125268427483 -0.053622360486369314 0.7066659160620598 2.748259331795996 0.018372797997601734 0.9981821861124728 0.057400031545845186 0.2643015162672599 -0.7084592541294802 -0.027513011169164305 0.7052152291709999 5.430543476687956
0.6667839423936609 -0.0563248977102781 0.7431195597371218 3.0838634797939037 0.016807289293757036 0.9980227705902525 0.06056454746757484 0.2902973012036904 -0.7450615338296314 -0.027893642309366397 0.6664122264230706 5.703639305497555
0.6311256110236316 -0.058896807481298594 0.7734414193580267 3.4342743611589537 0.016818866351295512 0.9979178473115665 0.06226632919730159 0.3194390680951331 -0.7754982842306649 -0.026289467198106597 0.6308020886694454 5.957122519499515
0.5956565515347753 -0.06227829137256258 0.8008212578580904 3.836516123459575 0.017306310989104793 0.9977533340706848 0.0647207536326737 0.35056909685586163 -0.8030527779751766 -0.024692079186391994 0.5953961177332322 6.23349513197012
0.5621079672127143 -0.06350791476535857 0.8246219606329598 4.261056361297043 0.015961714089950733 0.9976948143791413 0.06595666034815527 0.3894460363793266 -0.8269098239102625 -0.02391238430452308 0.5618258991872589 6.505505613603629
0.5305599457474752 -0.06461922165799441 0.8451807499941957 4.681570813264453 0.01630521209946868 0.9976835193261416 0.0660434351271631 0.427946035418944 -0.8474905804944546 -0.021259149967001185 0.5303845440016641 6.758618490397966
0.4970004859789756 -0.06488876642503465 0.8653207295150738 5.173893040528344 0.017685918119723018 0.9977505226949852 0.06466144726300552 0.46979886596516285 -0.8675700117206246 -0.01683277914431506 0.49703011207506753 7.025794335792017
0.468016586859939 -0.06349563014654298 0.8814356354131972 5.676931061592135 0.018997340710092053 0.9979078125328019 0.061798857043986855 0.5128527774896824 -0.8835154641939881 -0.012177957065611034 0.4682436565419657 7.2813806024895396
0.44244307656117676 -0.062174570207803814 0.8946387241912547 6.226624334744925 0.02004084019473748 0.9980301645214125 0.05944876306242043 0.5571610925558639 -0.8965726343846158 -0.008373381923552983 0.44281756711742215 7.542345764573718
0.419275347115812 -0.06194796524807765 0.9057431384794136 6.82359661211454 0.020417222647411817 0.9980603393771594 0.05881067914686404 0.6012698117493062 -0.9076295060873029 -0.006165108593718327 0.4197269006339078 7.815829926909757
0.40301209675919103 -0.06344767890805143 0.9129926844761362 7.4412187917705745 0.022696974612920518 0.99798006622752 0.059334937060180046 0.6491851085783468 -0.9149131637533594 -0.00319052561436077 0.4036381093716539 8.082868038801706
0.391399091157692 -0.06593279070716082 0.9178559900934887 8.079158992673017 0.024796741882853614 0.9978233967418396 0.061103113722398635 0.6961100367018501 -0.919886880563544 -0.001155865105872643 0.3921820890134189 8.352875955581418
0.38246132454558934 -0.06781199851235144 0.9214797165888104 8.72333074241765 0.02448939483218605 0.99769679100232 0.06325648397142065 0.7406498008091293 -0.9236469048113498 -0.0016266780364121124 0.38324111098755986 8.625310163372486
0.3756490894503627 -0.06979551252809134 0.9241300493036975 9.363580458998587 0.02409042157958727 0.9975585265004494 0.06554874365210922 0.7855779928234693 -0.9264488184369555 -0.0023606433854392248 0.3764133554745044 8.888562801107758
0.36528748163977165 -0.0718466256316726 0.9281180518353341 10.073243039666442 0.02330257659692867 0.9974104737446503 0.0680392297753033 0.8344740866859841 -0.930603054841976 -0.0032263369034452247 0.3660157716123278 9.170757229764634
0.35510271389029086 -0.07373669770506228 0.9319146752784307 10.775493107404438 0.022394886976676763 0.997269234023479 0.07037431283874745 0.8793942167841775 -0.9345590038221517 -0.004119985652436674 0.3557843364921672 9.438000892192113
0.34478135964609996 -0.0753914959026702 0.9356505418082889 11.467823290935746 0.02286843976463773 0.9971482156199403 0.07191988979900227 0.9273029721647877 -0.9384044162850674 -0.003399769334404161 0.34552220343294154 9.693516758448233
0.3339881777670972 -0.07655962845607484 0.9394628893162742 12.223944436586578 0.022173521016122542 0.9970582368926079 0.07337034285290088 0.9827774836658465 -0.9423164182362322 -0.0036736269914659225 0.3347032601979941 9.959563374367212
0.3242535143335696 -0.07912017016622085 0.942655640791057 12.980807801700857 0.020446915618439795 0.9968494965191002 0.07663553308556945 1.038262060552157 -0.945749217331964 -0.005574940581321394 0.32484971595107287 10.226323521907489
0.3144143088470133 -0.0824214787239523 0.9457009792937786 13.74621652028227 0.018505233798662396 0.9965664591956667 0.08070222257328624 1.0977656845777255 -0.9491054729134752 -0.007873515807342274 0.31485998322193914 10.485976953490656
0.30281078338500683 -0.08664714018646348 0.9491037364604916 14.554434892479254 0.018962586736663775 0.9962092261309021 0.08489757402849657 1.1570723678513926 -0.9528620308155916 -0.0077104389743319 0.3033059500913395 10.746320110389307
0.29186565909761614 -0.08967334363489225 0.9522463591323688 15.359667905059773 0.018291264910946126 0.9959364841367173 0.08818134266017544 1.2178059645107633 -0.9562844067888335 -0.00831931528025074 0.2923198972458017 10.992665965256002
0.27757271233824815 -0.09151982443501971 0.9563354595018275 16.153939078345797 0.017879281535207264 0.9957718227274577 0.0901044302674476 1.2804530242325611 -0.9605382452859298 -0.007911940180492995 0.27803539441158814 11.217946459341821
0.2645549966183009 -0.09083668737764564 0.9600829911994833 16.947597226704115 0.016156251861713128 0.99583173694522 0.08976707201667719 1.3418874661902878 -0.9642352561953291 -0.008236984819841052 0.2649198421994963 11.432764474206587
0.24789186396338042 -0.09041585689324107 0.9645592758369089 17.722023829222064 0.015421227743597887 0.9958774608201644 0.0893883032911027 1.4041003467244577 -0.9686649624692952 -0.007283944854474589 0.24826424356261206 11.628634661100172
0.22732367357222144 -0.08971194506701742 0.9696781498754743 18.551743915366036 0.012986572721710776 0.9959382887904923 0.08909699125116385 1.4706295662578726 -0.9737326616492712 -0.007661059545434834 0.22756540115770557 11.825938295068337
0.20433986748130495 -0.08854958389199871 0.9748867573981487 19.368906440157783 0.009501890757450095 0.9960327511739357 0.08847865652751691 1.5392559689461383 -0.9788538872731499 -0.008816449480074741 0.20437058885468107 12.005231480370654
0.18058284745444486 -0.08861458580037093 0.9795597431441708 20.175786637972447 0.006483652734879504 0.9960187167186544 0.08890825717186729 1.6045497451506001 -0.9835384066992293 -0.009704181034693289 0.1804384421845514 12.162120695827337
0.14814353582995637 -0.08917662527550353 0.9849370651449112 20.990299589920767 0.003512119977655423 0.9959674037338365 0.08964706193146332 1.6706470638529751 -0.9889596340625137 -0.009821415588065319 0.14785933176768223 12.292561237433128
0.11607181689655793 -0.08946221366496906 0.9892036421528663 21.79215586695361 0.003073125055724442 0.9959629251754143 0.08971291756722846 1.738244612916641 -0.9932360692326494 -0.007373194843205484 0.11587815485707526 12.391078986075287
0.08176282547487801 -0.08897616998198975 0.992672192390671 22.607299245087184 0.0019119255206659913 0.9960191781763382 0.0891186918987012 1.8048123198111279 -0.9966499811424112 -0.005388680753975743 0.08160745804498304 12.46287803216928
0.04832770541938375 -0.08740922441384756 0.994999527827158 23.45882872239368 -0.0011552789260903251 0.9961579532460714 0.08756710292799005 1.8786018067250614 -0.998830865672212 -0.005381419140701303 0.04804104608074117 12.509531124016483
0.016948096014997083 -0.08519844525257886 0.9962198487121252 24.259438551881914 -0.005166069201948308 0.9963421944125194 0.08529679573258417 1.9467532650701176 -0.9998430245645897 -0.006592158962648746 0.016445962110623047 12.52709056211467
-0.014650419258081415 -0.08191334409536381 0.9965317703288123 25.10082217528388 -0.004680319716776071 0.9966334323466417 0.08185289326774506 2.0113996022016067 -0.9998817229167214 -0.0034649080892042577 -0.014984478269935542 12.51430933576465
-0.0444815357807159 -0.07874384358326392 0.9959020032474699 25.920724165321705 -0.0026512005728910673 0.996894511258829 0.07870390433481014 2.0721106924920343 -0.9990066887214075 0.0008605345751978369 -0.044552164595378474 12.471501837498748
-0.07516617100888495 -0.0742579530727798 0.9944022340789989 26.74539270609 0.00027651103615698724 0.9972217667008685 0.0744894056872892 2.1337340357271093 -0.9971709834714957 0.005874046598342994 -0.07493680870607272 12.403692679144108
-0.10562291272693364 -0.07141052061083443 0.9918388668796804 27.564585597582933 0.0014373192992021139 0.9974061642995353 0.07196441850331761 2.191707054152861 -0.9944052164084373 0.009026680640085369 -0.10524630452567546 12.314031327225775
-0.1322668707167426 -0.06815374426707137 0.9888683138078492 28.334875527416205 0.005579754991238167 0.997566378342815 0.06949954772685371 2.2435943048887994 -0.9911984368657157 0.014710130603706448 -0.13156470200089243 12.203370255984579
-0.16073647172235678 -0.06016878388299657 0.9851616639436844 29.147968645812476 0.008410766076785814 0.9980203793917575 0.0623264095928356 2.293973504569171 -0.9869615218802856 0.018304091476322254 -0.15991220892407437 12.061618231269282
-0.18604059123369027 -0.04801503234831814 0.9813681547115787 29.977654161081542 0.009745031938090936 0.9986659388370005 0.050708746379080544 2.341546166763794 -0.9824937316675078 0.018997349167773098 -0.18532449368244103 11.905503720283908
-0.20847704038838094 -0.033113070559211456 0.977466545815785 30.767372903609587 0.009651514667889887 0.9993083671181076 0.03591149777379128 2.378787195075402 -0.9779796377714194 0.01692075547610665 -0.2080132595259277 11.738477176368356
-0.23125339533743283 -0.018858055183906187 0.9727107693963247 31.577558240431078 0.008562596810852493 0.9997339479583586 0.021417638419041596 2.4059430160302653 -0.9728558727174154 0.013281831736427656 -0.23103039597629016 11.55382636062548
-0.2560658512440771 -0.008764340976006485 0.9666196077847286 32.36726091581703 0.010607702892371415 0.9998732115060419 0.01187592320375265 2.4237246240041617 -0.9666011361807897 0.013294631993799197 -0.25594041551532276 11.347033825116972
-0.2814112271247645 -0.004689674102375935 0.9595758063878788 33.17620233079698 0.011938928648520353 0.999893546039455 0.008388001631499725 2.4339304796387125 -0.9595129927368675 0.013816784917556129 -0.2813252801006022 11.112638209765125
-0.3054549154296992 -0.0054357467582886315 0.952191024583311 33.95212257740256 0.012761122887832755 0.999870532858852 0.009801594931301734 2.4433050910776486 -0.952121026121405 0.015144972028215947 -0.30534600282267926 10.864916937563097
-0.32721507070267847 -0.009952459051964836 0.9448974791287469 34.711897677438806 0.013687516276444267 0.9997897086087455 0.015270574914592537 2.4469635989230616 -0.9448507550948052 0.01793006187549482 -0.3270100357449564 10.603970072931178
-0.3467098571513139 -0.012042988986111445 0.9378951121369574 35.45788119883276 0.018769545135449674 0.9996282740723472 0.019774171298653224 2.451888994491132 -0.9377846123335165 0.02445976474581393 -0.34635493468269757 10.320245629242129
-0.3620198143132169 -0.012212526989853421 0.9320903970265685 36.20434382216593 0.0199991630121066 0.9995822676309234 0.02086441268370861 2.4602747467578943 -0.9319558398998523 0.026194358597664023 -0.3616243466004713 10.02922389922188
-0.3736240748891444 -0.009248750296481898 0.9275341024895982 36.96412830692241 0.021878046896054396 0.9995842453176065 0.01877997808426115 2.4672697490763413 -0.9273221671712832 0.02730928653012763 -0.37326639433783804 9.721618978778187
-0.3828789041617613 -0.006671853804514299 0.9237744481824014 37.736253727925465 0.02272032796007936 0.9996034287136079 0.01663646601251837 2.4758831696318597 -0.9235191018302088 0.027358210299842915 -0.3825754786756652 9.396983989051579
-0.39137893555840053 -0.005472120373682406 0.9202133365148484 38.515232642819164 0.018094158632486774 0.9997432328977539 0.013640736729744066 2.4800785441285917 -0.9200516997563539 0.021989183108149207 -0.3911794289091395 9.074076914473224
-0.4018797811947334 -0.006514348486973724 0.9156692660183935 39.29831207559012 0.017972896010615958 0.9997259422888525 0.015000510779886646 2.484032616494061 -0.9155160383498832 0.022485630488295712 -0.4016525612338095 8.726888884382575
-0.4108516150758319 -0.005998719732883254 0.9116824917432312 40.071316409540096 0.019094396980160213 0.9997023989207653 0.015182805934056595 2.4858223267540795 -0.9115022514473262 0.023645907756596966 -0.41061480325582767 8.373833310246122
-0.4173373293359505 -0.004207764115935897 0.9087419040981224 40.83115145065095 0.02122650990985915 0.9996713143403704 0.014377015060268294 2.4920406137704596 -0.9085037087540055 0.02528948410191818 -0.4171108403938643 8.018288212454042
-0.42315664932760233 -0.0009959204128972311 0.9060559906939349 41.594689279364346 0.022218225761203275 0.9996872833660168 0.01147544858808314 2.503413376590813 -0.9057840805478208 0.024986868927592967 -0.4230021936200029 7.6591053940917435
-0.424043779193636 -0.00019731581897109753 0.9056416699741938 42.36756676061277 0.021011607561615388 0.9997286581132703 0.010055968114348102 2.510012305958572 -0.9053979156563459 0.02329315808360263 -0.42392457243197956 7.3026125778113435
-0.42400760063637843 -0.00016711367271623166 0.9056586148630188 43.13006015402858 0.02319500701764518 0.9996699585386597 0.011043805719315071 2.5156319938984737 -0.9053615555412284 0.025689415492279634 -0.4238637843454336 6.9467719600086895
-0.4220988826345169 -0.0014410457629618657 0.9065486510197905 43.91943911461286 0.02110706798644906 0.9997120325157256 0.011416817607931964 2.523716294639198 -0.9063040466420241 0.023953609965648555 -0.4219469156302791 6.585493275637408
-0.4155767737868299 -0.002508502109253373 0.9095546451456877 44.72831760974337 0.018891466970833746 0.9997566741176679 0.011388811740876375 2.5329207026136764 -0.9093618958174023 0.021915747177477143 -0.4154282639169282 6.225693915380941
-0.4079471180694578 -0.0034592281913996418 0.9129990047087366 45.52419903495726 0.01736951640021081 0.9997824353902593 0.011549103218199224 2.5434749845322964 -0.9128403194200214 0.02056977455981562 -0.40779827809311775 5.87547284866519
-0.4027135349367963 -0.0045425144266361935 0.9153147952160469 46.348728652127534 0.014803622494302855 0.9998245719342241 0.01147510860915122 2.5533051184238404 -0.9152063491583503 0.01817115624360343 -0.4025756420115536 5.519134128280841
-0.3975401143993992 -0.0060479398861174455 0.9175648641193968 47.19000202950903 0.011458965631647285 0.9998675773220982 0.011555082288379932 2.5600757013594984 -0.9175132421660004 0.015107952977568305 -0.39741816793757956 5.168053757556956
-0.3962779815960567 -0.0077817978700798745 0.9180976009793648 48.05252074691818 0.008255728124953636 0.9998934528750578 0.012038515303887368 2.570849688031656 -0.9180934616123145 0.012350162731895526 -0.39617151490890096 4.807679228026077
-0.39664550810140353 -0.00932192588174798 0.9179245299047382 48.924543177443574 0.005792845257684443 0.9999031092599173 0.012657607837588937 2.5797155571952564 -0.917953584799798 0.010337978052059656 -0.3965530763504366 4.443605474877424
-0.3976787616872254 -0.010120519565323144 0.9174688973402004 49.81944805631427 0.005103182839997371 0.9998993012285985 0.01324178717025844 2.588902399775233 -0.9175105231155755 0.009947989057531983 -0.39758706906273333 4.068048207159813
-0.39909137347058316 -0.010821902795672099 0.9168472948322662 50.728608695137574 0.005116708794604016 0.9998884927280396 0.014029305084719315 2.5955144264783896 -0.916896883467533 0.010290215251875625 -0.39899149935505557 3.6778030691653028
-0.39833176842615864 -0.01144784777324042 0.9171699673691076 51.65610877346572 0.005039381020010586 0.999879707703101 0.014668836439775053 2.604988384391685 -0.917227565493659 0.010465032485493282 -0.3982261621160183 3.276182106008083
-0.398525038626924 -0.012044225891839995 0.9170783664497136 52.58432849230061 0.0051590901973972685 0.9998685115923853 0.015373461365721935 2.6107013826358765 -0.9171429427170795 0.010857999295199676 -0.3984104999564665 2.8803798835278
-0.3997121652858837 -0.012555487177295018 0.9165547144956547 53.528557639479764 0.004828814278122753 0.9998634715406027 0.01580255774999259 2.617732239907393 -0.9166279875037298 0.0107423470673421 -0.39959696508400433 2.472259161428699
-0.3990359636037792 -0.013431399303495262 0.916836897852368 54.50229538543723 0.003255095520837253 0.9998656596202196 0.01606446592244711 2.62385325669878 -0.9169294978917155 0.009394691318681321 -0.39893863647317124 2.0565685508799523
-0.39960382868225036 -0.013867438301514884 0.9165830427503229 55.455889219434084 0.003256350466493892 0.9998577860730813 0.016547018180797096 2.628284940181241 -0.9166821566301625 0.00959696743716173 -0.3995018422133794 1.6450693110505603
-0.39795871381499803 -0.014047179087714301 0.9172957750139212 56.43536611678225 0.0020904315643278807 0.9998662854466008 0.016218548735677414 2.6377967367678083 -0.9174009440776631 0.008371856836709752 -0.3978761362767542 1.2279177860866075
-0.396584654166275 -0.015822598663862673 0.9178617855926557 57.38512513023544 0.001291972572077066 0.9998408390500488 0.017794026373123703 2.6412105407011137 -0.9179972455768531 0.008242690047354234 -0.3965010910124891 0.8258893444932855
-0.3957284881175412 -0.017722607229213927 0.9181965328213803 58.383395532082496 0.003717563612524062 0.9997746719446887 0.02089940330910605 2.650023615552412 -0.9183600292984183 0.011683943293633793 -0.39557343446712806 0.3974418246128446
-0.3932786411393861 -0.019398115154652236 0.9192146776199807 59.36764538116453 0.005036899983730416 0.9997169482733712 0.02325194558594402 2.655744583879199 -0.9194055362363837 0.013774485958635847 -0.3930696165750585 -0.021342090767031252
-0.391451410786172 -0.019720166510169675 0.9199874499287082 60.32750318468731 0.005901020655916007 0.9996959904724736 0.02393960293068078 2.663778153231931 -0.9201798579347054 0.014800056286088563 -0.39121603671781463 -0.42745598971651017
-0.39075111153524145 -0.0200139409977518 0.9202787680913387 61.30574254779101 0.005654673697564799 0.9996925473105347 0.02414198660318618 2.674938240540584 -0.9204790022044758 0.014637384244217335 -0.3905178017493437 -0.8329939986551236
-0.3884412381618141 -0.01969419035262351 0.921263015301098 62.27490618138828 0.005345918054543965 0.9997065934223827 0.023625160908840315 2.6845220772228355 -0.9214579890887432 0.014101983341683777 -0.388221983419744 -1.236731392102075
-0.38846858555610225 -0.019138657287606976 0.9212631924880474 63.22222893307359 0.002309153391387016 0.9997609241862055 0.021743097317529145 2.692065336680937 -0.9214590744285156 0.010573848285843032 -0.3883315180174946 -1.6289889819148582
-0.39013636149071285 -0.01731000325747963 0.920594364109413 64.1798903633728 -0.00022789662207493497 0.9998250538088274 0.01870320398503095 2.70236017496588 -0.9207570621537029 0.007086999605056817 -0.3900720535115024 -2.028811705341329
-0.39354876042226417 -0.016755526741815137 0.9191510351915532 65.13460604182612 -0.0020394185667468286 0.9998473391934942 0.017353359317426917 2.707876847410119 -0.9193014815293236 0.004954859361721289 -0.39352285248343166 -2.4309002366454333
-0.3980016840153147 -0.01873343196693912 0.9171933918469507 66.1142442942807 -0.0028725676271173593 0.9998120278938651 0.01917439005510323 2.7126587672428393 -0.9173801872049568 0.00499673948667207 -0.3979806838507381 -2.8546661165938554
-0.4027122272132702 -0.021036655488322634 0.9150848710249738 67.06796593367528 0.0007094280855482402 0.999728389703038 0.023294710420226565 2.71714797141995 -0.9153263673492197 0.010030251623783017 -0.4025879224314171 -3.2762887093884956
-0.40812901372277927 -0.022300054163509872 0.9126518590031886 68.00388273310098 3.301567254705706e-05 0.9997012537005485 0.024441813752605356 2.7285368555113827 -0.9129242614081613 0.010005545155373 -0.4080063504389448 -3.6865004018432304
-0.41274040262530365 -0.02033380415071525 0.9106217087514786 68.93027717884311 0.00033960265519082655 0.9997472831611364 0.022477866490475375 2.732335669619347 -0.9108486398467853 0.009586773215603035 -0.4126291907616011 -4.100076168891312
-0.41760387949373207 -0.01807913340319801 0.9084493077586522 69.83111375946912 -0.0002904674098085369 0.9998046372143938 0.019763679649258313 2.7436157001771044 -0.9086291407722233 0.007989514377234577 -0.41752754663560526 -4.510578624970618
-0.4230446899148981 -0.016225072062932756 0.9059635408620815 70.72991563207678 -0.0009259854705387675 0.9998468882965006 0.017474052612753015 2.7509525363700575 -0.9061083450039052 0.006553396093442572 -0.4229949410027576 -4.92626967884514
-0.4271437608973492 -0.015555059399165936 0.9040499143595759 71.61742066858983 -0.00195375465468043 0.9998655541547941 0.016280554581340062 2.7595061974176645 -0.9041816135982956 0.005187845585124695 -0.42711672396309575 -5.3411088372631585
-0.43004806609386187 -0.016750336806642317 0.9026505896889414 72.49683762746622 -0.0016713657030448144 0.9998409245050495 0.017757596165441862 2.765284734766916 -0.9028044458162667 0.006127960651984774 -0.4300076519233484 -5.756655573084319
-0.43432926246304016 -0.0223853166522003 0.9004759793390896 73.4271137812761 0.0005912249360484415 0.9996838475354056 0.025136734670264924 2.77498029557662 -0.9007539854041097 0.011450003283363205 -0.43417871343886083 -6.1975373194965755
-0.4352956337003771 -0.02961796629567925 0.8998002485851487 74.31473259781626 0.003199986196740872 0.9994014887646563 0.034444511076941686 2.7880483859164333 -0.9002818843949533 0.017872893652033466 -0.4349403272895896 -6.627435458977309
-0.4364457136968233 -0.03189403537202476 0.8991651180419302 75.2004516064516 0.0042235346197554615 0.9992878701950458 0.03749552288426996 2.800399344519229 -0.899720679294961 0.020162415250587373 -0.43600020213329793 -7.048953431991776
-0.4362746825341232 -0.02740042372406229 0.899396252026598 76.06815743487356 0.0031956515628128145 0.9994827689232411 0.03199972557101622 2.818201143383948 -0.8998078623744289 0.01683482715305095 -0.4359614655034178 -7.46554569515748
-0.43593093293649954 -0.02222182222650513 0.8997057365194724 76.89702376881328 0.002147663599098527 0.9996665869169451 0.02573135330468488 2.832632727332091 -0.8999775604148016 0.013149358112052964 -0.4357378628614488 -7.869302144085785
-0.43609156439769914 -0.019284557616078488 0.8996956448148007 77.76350843139565 0.005650073883015327 0.9996919790902246 0.02416658039083799 2.8442646347460943 -0.8998845615556944 0.015622188714214034 -0.43584827990195574 -8.294062207736818
-0.43319959686241094 -0.01968745233797377 0.9010829670450358 78.63483163636758 0.007258814763276135 0.99965277038247 0.025330777226241438 2.8549903450121166 -0.9012687828203512 0.017514076826742494 -0.432906269562396 -8.711732017153222
-0.4302972175148763 -0.021899270557860083 0.9024215902492521 79.49318063334908 0.006811918701865919 0.9995984398792612 0.027505576789918572 2.8681097215695286 -0.9026615657944868 0.017982795666430185 -0.42997525126158714 -9.115888223364722
-0.42758063074741604 -0.026261887595485145 0.9035956603866375 80.36516072003437 0.005328652465909788 0.9994873270757427 0.031570373420093945 2.889158952729602 -0.9039615089551871 0.01831382742379987 -0.4272214812630001 -9.521182469068433
-0.4235571073167165 -0.031147615585108045 0.9053337522068079 81.25201449385996 0.0043764594608825015 0.9993266638082818 0.036428911655395066 2.9099896744289313 -0.9058588319622891 0.019391880908557084 -0.42313559471018924 -9.92594986320392
-0.4219009800531289 -0.034272061031317455 0.9059939231931279 82.12407414314873 0.00045640647822511524 0.9992771279844447 0.038013328981906264 2.9323802420151344 -0.9066418006706597 0.016451362248326197 -0.4215803576506364 -10.313889780721718
-0.4197532792388517 -0.036580755571553936 0.9069007844797824 83.00553273991851 -0.0037003497772423698 0.999248161386012 0.03859299649160068 2.962015093770707 -0.9076307024223874 0.012843686717172193 -0.41957305410590245 -10.701944748236826
-0.4172058463464639 -0.03733675638651032 0.9080447392044434 83.85671933843727 -0.0016995907289546648 0.9991860425696331 0.04030339595356417 2.9802598904120385 -0.9088104275181296 0.015271507999215459 -0.4169297157528414 -11.089480168356824
-0.41518577681225843 -0.03541396673378134 0.9090470954207931 84.71330042516328 0.0021156048680239584 0.999201741888918 0.039892395543448034 3.001042898739459 -0.9097341891722243 0.018485939692943616 -0.41477942943789414 -11.476878075934653
-0.4103809347662054 -0.032958676302004886 0.9113183933383742 85.58397409936904 0.003588982710775712 0.9992805398457085 0.03775608412920467 3.0243252881194262 -0.9119071266217398 0.018765083055757827 -0.40996739391614223 -11.865926015161595
-0.4036885467927967 -0.03225087635714777 0.9143278614165251 86.4404255243775 0.007368819225668621 0.9992314646379667 0.03849909843987996 3.0469601942213975 -0.9148667977861804 0.02227916182579853 -0.4031406469915933 -12.243901723749637
-0.3947192656109327 -0.03145663429516497 0.9182631330475955 87.30702759461904 0.012103004334217854 0.9991490324297754 0.03943004286999192 3.0660954139077283 -0.9187220573392433 0.026677540243878316 -0.39400265253534067 -12.615185118398589
-0.38376666909840856 -0.03184795457121452 0.9228807352408777 88.15671241818991 0.009948661249898499 0.9992044882367763 0.03861884030906556 3.0916323177273948 -0.923376503831697 0.024002051518822197 -0.38314453368727636 -12.95656950511457
-0.37251102775263495 -0.03363138165455738 0.9274181712532276 89.02691396322452 0.008616669182559189 0.9991747080189588 0.0396945319587817 3.1169124479662664 -0.9279877624273253 0.022777906471708673 -0.3719138068987116 -13.300622655803755
-0.35994677593049246 -0.03615535559764289 0.9322720143600001 89.8893425059744 0.010483630942988533 0.9990289970541555 0.04279201475999501 3.1421358425514665 -0.9329139359981151 0.025176443485456994 -0.35921822714601853 -13.630622931692024
-0.347229253717179 -0.037864008149636266 0.9370155613701704 90.73224486812757 0.010407897423611253 0.9989674113344353 0.044224277981636494 3.1683232883007606 -0.93772251814395 0.02510832488681295 -0.3464766240125698 -13.94037485270569
-0.3354859980578789 -0.038629109980934766 0.9412528549593829 91.57476917324132 0.010627046647052057 0.9989401524383617 0.04478434688575379 3.196200345899725 -0.9419852498774436 0.025027259308661662 -0.3347199206871721 -14.240911509518373
-0.3202634279786498 -0.03791513193170987 0.9465694794730948 92.42055410274524 0.014066790148708706 0.998898254649214 0.04477055141124058 3.2215161194300603 -0.9472240823133018 0.027653564496378742 -0.3193772350315036 -14.532388023768865
-0.30653480359342716 -0.034670020361612035 0.9512278401487546 93.27100530136246 0.015240473155433405 0.9990295752368941 0.04132354994418619 3.244045768229693 -0.9517374334152975 0.027164268628412275 -0.30570894711464675 -14.808334741013008
-0.2941690356275183 -0.02718488019991089 0.9553667153331711 94.12719021349353 0.01668723275093092 0.9992969440230284 0.03357311319125325 3.264231189823565 -0.9556077201137987 0.025818597071741473 -0.29350857790557827 -15.075720747872786
-0.28030899922451347 -0.02331793309280125 0.9596265622365981 95.01434666582354 0.012812550634266843 0.9995249660824305 0.028029996863370953 3.2837406803036577 -0.9598243086627866 0.0201523242876816 -0.27987708074404394 -15.329705488719915
-0.2672243475849478 -0.025583618717156892 0.9632946727305899 95.9312323522124 0.011257519333178236 0.99949641246236 0.02966799173073964 3.3022242071475727 -0.9635685841268707 0.018772318136214744 -0.26680176865142896 -15.57723318503506
-0.25298494527707116 -0.029549403648231186 0.9670188468727958 96.82793241451348 0.010476668713168463 0.999391173568714 0.03327944719528472 3.31606849962074 -0.967413488057631 0.018550335225626744 -0.25252134204297483 -15.808623709520948
-0.2415607011030731 -0.02959936885212341 0.969934175625412 97.67603962103534 0.00848258325461793 0.9994320861734496 0.03261212823957853 3.329426065997909 -0.9703486350090466 0.016105355958257687 -0.24117243633039326 -16.009961565127497
-0.23477550359801602 -0.02452858072488178 0.9717400946950377 98.55405039502631 0.005676436837650532 0.9996299336471957 0.026604018894361266 3.3421696757812054 -0.9720330452073768 0.01176199320380373 -0.23454938614446974 -16.215668041942987
-0.2299408609267231 -0.01873145166989959 0.9730243230231276 99.43988308935874 0.0009614666123989053 0.9998098954683574 0.01947430372324805 3.3475326150929665 -0.9732041286689194 0.0054134685637109315 -0.2298791384616688 -16.41292120110149
-0.22680269424933996 -0.016447653515225823 0.9738018343457174 100.31221605085815 -0.002109949091813959 0.9998633434284641 0.016396419819092 3.351859916413415 -0.9739384405577546 0.0016640798950288277 -0.22680640388232565 -16.60760864058326
-0.22310871958356976 -0.016974407564180508 0.9746457657701211 101.19192079040222 -0.004370900550482055 0.9998557454077652 0.016412909658570993 3.355540902529854 -0.974783768060465 -0.0005982164555650461 -0.2231507285735686 -16.80055867386918
-0.21830136801633726 -0.017509131707232718 0.9757243171250036 102.07109900182189 -0.006653797220795732 0.9998424962888838 0.016453254916829828 3.357069298147066 -0.9758587191313814 -0.0029005036928836814 -0.2183834869526251 -16.989091025446083
-0.21328974709343335 -0.021206747123577094 0.9767588021928729 102.94660083781977 -0.010885448467252815 0.9997539180460682 0.019329003161111406 3.361253989234205 -0.9769283447604978 -0.00650977941040448 -0.21346810528868682 -17.175019015101157
-0.2082868488190428 -0.02521594879278524 0.977742678078191 103.81205032838264 -0.012047192702933317 0.9996579117750531 0.023214749051383262 3.3665922021081025 -0.9779935857443094 -0.006943727530652578 -0.20851937773494456 -17.35359528915781
-0.20380356757988533 -0.027629731266843253 0.9786218390123089 104.66334185759781 -0.013658365255029115 0.99958463844305 0.025377148130504474 3.3755858525946465 -0.9789165209047561 -0.008194421199778385 -0.20409629237428423 -17.52584730644417
-0.20048871024103626 -0.028367538134128442 0.9792852290554039 105.53209392800363 -0.01980206741034559 0.999493834278347 0.024898862741992333 3.386116458223253 -0.9794958678790648 -0.014399931242100195 -0.20094896563073134 -17.687596173588346
-0.1978201081261427 -0.027289965669418863 0.9798583890515625 106.3997282066606 -0.02678553670392948 0.9993896119366447 0.022426292083294528 3.395798427184662 -0.9798723079281523 -0.02180966131980806 -0.19843033747053795 -17.853138396085104
-0.19361163572329404 -0.024801935548604832 0.9807647008868097 107.23297825396199 -0.02715535976320821 0.9994328623508484 0.019913314373075218 3.3983849165739297 -0.9807023610396179 -0.022777568927193334 -0.19417533675800774 -18.016638255387125
-0.18820001613500625 -0.022671584048802727 0.9818690102063012 108.11922501386374 -0.028869959830124275 0.9994292144460243 0.017543395657916044 3.3992379845836007 -0.9817063101285388 -0.0250448515372172 -0.18874712200531263 -18.186371789882298
-0.18138444365385376 -0.02539294497268564 0.9830843717331673 108.99152928499586 -0.03194269386987843 0.9992912183227319 0.019917964037657013 3.404106474809941 -0.9828933553080504 -0.027789554308846443 -0.1820670007513675 -18.345439818537095
-0.1754708611883492 -0.029141952641069432 0.9840532117066054 109.86831098647575 -0.03262618784326709 0.9991848715111851 0.023772345487832983 3.4107823603029326 -0.983943854465607 -0.02793455099769296 -0.17627862071142475 -18.496783598488644
-0.16817463209563444 -0.031967906531346645 0.9852387254221695 110.72535555174953 -0.033745842323591714 0.9990748933519424 0.02665662393620295 3.4200772868692697 -0.9851794309897914 -0.028764742755810386 -0.16909783655867028 -18.636795796014304
-0.1633470022825098 -0.028557573133758955 0.9861552726939241 111.56270231223517 -0.03682415964386935 0.9990609055546571 0.022831737972206917 3.428596251022029 -0.9858811987820036 -0.032584843240664824 -0.16424521265212183 -18.76808601561115
-0.15936083500152182 -0.026237141438772885 0.9868716921042675 112.42228565200763 -0.0368112712728904 0.999109513903268 0.02061818457696577 3.4357830041574764 -0.9865338588081465 -0.033042270459185785 -0.16018474892451712 -18.900125962325806
-0.1544322893954997 -0.02570798433964295 0.9876688552005969 113.26631917137252 -0.03798233336589941 0.9990769231261907 0.02006599184655132 3.4424800003536804 -0.9872730171255298 -0.034415130653490944 -0.15526618575194284 -19.02553929188469
-0.14800543155347556 -0.027048563770036702 0.9886165927338301 114.14286277117208 -0.038770104963738825 0.9990162101029212 0.02152883909310216 3.4463437321114307 -0.9882263258949188 -0.035142383948364504 -0.14890850096168307 -19.149252314355554
-0.1393676831262608 -0.02843226292494317 0.9898324380040215 115.02950246103649 -0.03697425790620024 0.999040082615172 0.02349079778458128 3.4482299552288436 -0.9895501771776427 -0.03332446178465906 -0.14028516348658837 -19.274686403934325
-0.1312159042691955 -0.02899440800839837 0.9909297203995145 115.91474997571927 -0.03566372227056729 0.9990632428197337 0.024509911471197913 3.4512850507990676 -0.9907121102422366 -0.03212415214072803 -0.13212703534331716 -19.394853538179582
-0.12473335035143246 -0.029306934173974848 0.9917573770431098 116.78667924962429 -0.035162924271973116 0.9990663315718105 0.025100475618776857 3.4572395159276015 -0.9915670224784356 -0.03174222312579308 -0.12564740826727022 -19.507275171295294
-0.11698205207730827 -0.0298310940924021 0.9926859046632184 117.64573041036171 -0.03800309037836189 0.9989511628387682 0.02554093547164782 3.4686814127029195 -0.9924066528462392 -0.03473730110879474 -0.11799303071877143 -19.60871163191421
-0.11049010415272492 -0.03090686645309986 0.9933965484590586 118.4934699631656 -0.041503885502802866 0.998787956976332 0.026458353826631725 3.4781048252220494 -0.9930102539110512 -0.03830643033611013 -0.11163894043932215 -19.699630591425716
-0.10655845112601553 -0.031240331825140844 0.9938155453408242 119.35007290557303 -0.04233242820671518 0.9987425627711752 0.026856262424028585 3.485332234166113 -0.9934048832252376 -0.03920886349691963 -0.10774693966666543 -19.79004167257208
-0.10146946659744205 -0.03176198534534464 0.9943314958480161 120.23445909470202 -0.04353090799568513 0.9986746676916829 0.027458480656775766 3.495097799591714 -0.993885812051617 -0.040497955477152736 -0.10271761389688128 -19.880372162710028
-0.09864031881499302 -0.030731864557438905 0.9946485007302329 121.1045509210899 -0.04500062660682957 0.9986382658193139 0.026392378566287615 3.5075553284690804 -0.994105140872468 -0.04215645315033945 -0.0998889500831498 -19.963518756365474
-0.09365902704482787 -0.0322518039344728 0.995081809599587 121.9821050865094 -0.046877358347019865 0.9985095247123044 0.02795071257076146 3.5200572356799715 -0.9945001256548043 -0.04402897002861366 -0.09503130994992204 -20.045588430730714
-0.08834821873533544 -0.03471145691790122 0.9954846593518809 122.84189542010527 -0.0467511973605804 0.998435760912646 0.03066523888930098 3.5317222563854584 -0.9949919184554443 -0.04383088054582665 -0.08983282317133362 -20.118319813607414
-0.0842165357855485 -0.03586120678591625 0.9958019627155489 123.72970705042215 -0.04715609158656887 0.9983759253488687 0.031965836608319774 3.543243461713856 -0.9953310394670513 -0.04426607653325989 -0.0857708361961747 -20.188358308335065
