1.0 0.0 0.0 0.0 0.0 1.0 0.0 0.0 0.0 0.0 1.0 0.0
0.9999024573430162 0.002086562055768473 0.01381021571827868 0.001963596325367689 -0.0020694327537133686 0.9999970718224017 -0.0012545097450686908 0.009715653024613857 -0.013812792891947038 0.0012258080641116913 0.9999038474509009 0.08547135442495346
0.9993832596961314 0.005733667950372573 0.03464426779382156 0.006852824778398093 -0.0056933826093905305 0.9999829970273618 -0.001261368557805547 0.01810279535919384 -0.03465091100675769 0.0010633475492055036 0.9993989111753082 0.21115340757690282
0.9980686600217961 0.006777326345482768 0.06174963748803036 0.03129697071180189 -0.006758843806717126 0.9999770296233512 -0.0005081889959798684 0.02361777213465063 -0.06175166323827028 8.985135535244756e-05 0.9980915408989504 0.35524847510248425
0.9960134995077944 0.0071977727652883265 0.08891175887055854 0.05751421203422061 -0.007226635333125792 0.9999738875262606 2.7165605579483588e-06 0.032177634911084094 -0.08890941761140429 -0.0006452385891722858 0.9960395068104297 0.524449123951659
0.9926415290643865 0.00575509522257488 0.12095318786909172 0.09673787048709616 -0.005919011436302862 0.9999819865175148 0.0009959639058356603 0.040231321523371145 -0.12094527721384417 -0.0017045584366360907 0.992657712608028 0.7089896946783402
0.9877057768342911 0.003796174721663294 0.15627823733857707 0.15642262215395653 -0.003925553915276398 0.9999921601727337 0.0005192490039925238 0.044516141330056436 -0.15627504098424763 -0.0011263438873158128 0.9877129354801524 0.9128267734352615
0.9809345159350806 0.00501820385642389 0.19427375807675246 0.2123476693500028 -0.0053280067129237675 0.9999852312809377 0.0010721774465159988 0.05427899987101546 -0.19426550849720137 -0.0020868277516725474 0.9809467658126301 1.1332745375692987
0.9727864162222268 0.005582970238329747 0.23163639363630795 0.2813932792356307 -0.006267769982036879 0.9999778919169632 0.002220526234657103 0.06461981843021324 -0.23161887546780152 -0.0036119413927204473 0.9727999025526303 1.3780142583377621
0.9630886608661146 0.002698985106200096 0.2691708505587315 0.3675340937380374 -0.004341492969246966 0.9999754118919442 0.005507000121194825 0.07173077864949504 -0.26914936884546553 -0.006472332727338012 0.9630766979629164 1.624495080472791
0.9514848511602052 -0.0036285055734999964 0.30767419774811383 0.4797983807661598 0.0007468023358173077 0.9999547535201078 0.009483311595218707 0.07601452847067536 -0.30769468682269047 -0.00879345551213351 0.9514445095964571 1.8740515015711985
0.938419517038492 -0.007093046224865221 0.34542509859084614 0.5840350138750525 0.0030694197032572943 0.9999209405020923 0.012193908647217587 0.08252864917012903 -0.34548428141368326 -0.010382747259919079 0.9383670975984867 2.0944363373458432
0.9220384237411788 -0.007271666927473065 0.38703006085442276 0.714764092113703 0.0016695264126476077 0.9998889483220889 0.014808906269695504 0.0917958130057794 -0.3870947659507162 -0.013008223685155832 0.9219481700671233 2.342003872764023
0.9037820345232072 -0.009469579630966545 0.42788825776679784 0.8724420930987489 0.0015636031730498733 0.9998215829060461 0.018824385789880105 0.09941655473685582 -0.42799017420755125 -0.01634409425027264 0.9036355910237979 2.620378940813802
0.8830592611508805 -0.014690035472607443 0.46903149590776366 1.058531330204998 0.004578341443880165 0.9997320254085547 0.022691764191710245 0.10917372521651685 -0.4692391502051851 -0.01789078618514203 0.8828898797043679 2.920115302112756
0.8603355206184662 -0.01895921273564305 0.5093754413147511 1.237663477890258 0.006663465075163308 0.9996409673173502 0.02595254696604318 0.11653987198016598 -0.5096845987425409 -0.018933692542059215 0.8601529661004361 3.1630448975534318
0.8358090406789896 -0.022968378092066283 0.5485396076192557 1.4267183427608137 0.008340173368962265 0.999540407979246 0.0291447134976138 0.1274147022675298 -0.5489569099915246 -0.019784499602017468 0.8356164697683113 3.3957894166831304
0.8081961344619317 -0.025883070078603902 0.588344350634981 1.641258968569407 0.009001807701899364 0.9994599405865333 0.03160371213736661 0.13977778307415523 -0.5888446108260561 -0.02024583527715237 0.8079926549511705 3.6547860351420223
0.7779907791013999 -0.028355555901684287 0.6276354914141672 1.8725304305735435 0.009342135402079836 0.9993926777677629 0.0335708226040056 0.15230308713492782 -0.6282062337635038 -0.020254334688823143 0.777783189447411 3.9011816696393025
0.7456851404677108 -0.027658526548454784 0.6657241750115577 2.1353895169194885 0.00520944314852311 0.9993495330525235 0.03568434516403385 0.17280205770935023 -0.6662781198476602 -0.023141233693820696 0.7453441824522382 4.169817980379109
0.7124620961937844 -0.028900935381448747 0.7011151812799635 2.4123529539145516 0.0034503985090174015 0.9992836881233631 0.03768561264857287 0.18853216392023855 -0.7017021136046889 -0.02443044380781137 0.7120514708769765 4.416957430924477
0.6794001715700113 -0.02974377932110316 0.7331648617209753 2.69214211795422 0.0019630213921444616 0.9992481927381925 0.038719450622009065 0.2083678176881411 -0.7337653258485667 -0.024866783088162626 0.6789477812624423 4.64112008768008
0.6464686901565542 -0.03196717854529147 0.7622705111331035 3.000256380145789 0.001898404123056049 0.9991861178328054 0.04029265431803514 0.22366924024363008 -0.7629381552321622 -0.024600841978691876 0.6460032274415389 4.877984149912825
0.615095811205476 -0.031937571446357726 0.7878052643690484 3.333548274181518 -0.0003772300701540242 0.9991672334715372 0.04080070163990661 0.24465136523087386 -0.7884522818376213 -0.025393524508096593 0.6145715321897891 5.120218744157494
0.5864894217739125 -0.031184086388393897 0.8093563559418205 3.6726379074480278 -0.0010367657548381072 0.9992288425642297 0.039251054820469436 0.2661189662070126 -0.8099562230541052 -0.023859441398974304 0.5860048155024475 5.353811209842085
0.5566912604332144 -0.03038301531481552 0.8301636663560137 4.068967629333908 -0.0008767863629492879 0.9993088887348411 0.037161487338513384 0.28666522232065367 -0.8307190089331968 -0.021415351407726886 0.5562798854184201 5.605793269860275
0.5294270742156157 -0.02845182209630065 0.8478782146669966 4.46070783776607 -0.00045645310033485924 0.9994277577848601 0.03382230949675877 0.3064224190975936 -0.8483553292919545 -0.018293462999875165 0.5291111267715055 5.8399060231221895
0.5069752743326792 -0.027056210903035283 0.8615358568666052 4.8829862430156625 0.0004735362322729267 0.9995158308087964 0.031110765436397052 0.32992097977239465 -0.861960467178595 -0.015364420398188385 0.5067426246203158 6.081031242343466
0.4856822500387718 -0.026337270027435536 0.8737385765804199 5.359461254058105 0.000548868882844715 0.9995549945717892 0.029824680543808275 0.35430315693920184 -0.8741352588359687 -0.014005750036778356 0.48548057450909593 6.341800195657247
0.46899201187519435 -0.0270900833061532 0.8827868486694413 5.853799829210203 0.0011943864735695173 0.9995480258167819 0.03003860061197086 0.37669318784458516 -0.883201599997537 -0.013033475063827816 0.46881239562276 6.600476956139806
0.45598236774894957 -0.02836207122304151 0.8895367745169399 6.377434474775233 0.0027217225331215653 0.9995318544522409 0.030473991561940257 0.398079724070432 -0.8899846473555119 -0.011474530543931993 0.4558460953219649 6.862677359525993
0.44606164920643265 -0.029234248953718445 0.8945246580141599 6.921444147025624 0.0012505026331667002 0.9994857748535013 0.0320409442535752 0.41827334428378166 -0.895001363881867 -0.01317363099560187 0.4458688305948173 7.134029179386982
0.43988159004314303 -0.029547865273232596 0.897569557415419 7.456892284316623 -0.0003281786872793291 0.9994532257493633 0.0330626955637531 0.4369360554996805 -0.8980557215673566 -0.01483823429479057 0.439631377136741 7.397556187587402
0.42942448372311937 -0.030633872598189525 0.9025830591301669 8.019707206039197 -0.001250952049587896 0.999403391954092 0.034515145510707015 0.45911936754095245 -0.9031019033852725 -0.015950736669305892 0.4291299641153067 7.670923023739081
0.4178471018484072 -0.03092273482768337 0.9079909602786055 8.624240001396085 -0.0033757066834238757 0.9993608484074145 0.03558790910970648 0.4811246316367406 -0.908511091886761 -0.017935415835436327 0.41747564812517585 7.962981854044694
0.40696992831097 -0.031505352819955444 0.9128980721823515 9.214853797770902 -0.004127946074390496 0.9993313757541735 0.036328521776665984 0.4992582067903474 -0.9134322292933236 -0.018553009916477063 0.40656776595208366 8.229282112190429
0.3967156610166196 -0.03203289946893093 0.9173824598583515 9.879283160707452 -0.00528076416317228 0.9992947538485006 0.03717671933774589 0.5243871550331769 -0.9179263575222141 -0.01959306720444602 0.3962667206358901 8.521721977225534
0.38515703504040605 -0.03380110989822958 0.9222318273235485 10.563541596392005 -0.007341394185739881 0.9991851676487666 0.03968758851474609 0.5510921981199319 -0.9228218475362907 -0.02205642129526064 0.3845950493562716 8.813527877360457
0.37365877900835304 -0.0362163664595152 0.9268589383883922 11.240014472529813 -0.009576625485962052 0.9990335874740282 0.04289731160662057 0.5802780316905255 -0.9275167950577977 -0.024905138008932695 0.37295083990583483 9.095304157114517
0.360577252140212 -0.038999894967352774 0.9319136512743815 11.958563680553455 -0.009522119139114639 0.9989194858633645 0.04548835026214866 0.6085553619703346 -0.932680746282518 -0.02527585715671905 0.35981628167563323 9.375673542440257
0.34828216431232206 -0.04051448723120519 0.9365138068102988 12.673520961848538 -0.01146048146628377 0.9988068496086948 0.0474714075977907 0.6350073617772497 -0.9373196847322082 -0.027266343706979237 0.34740229578165893 9.649026031718954
0.33336862080081686 -0.04028256436726029 0.9419356016593485 13.38423083473762 -0.012769206294787417 0.9988022419226713 0.04723376864963061 0.6621389540133028 -0.9427100880100745 -0.027774026323945142 0.3324549494680361 9.90138993866733
0.32009840545694085 -0.038027748959809225 0.9466207800027284 14.094572273054853 -0.01518441594625456 0.9988597927441798 0.045260887656185064 0.6903696110247205 -0.9472626057943465 -0.028861821635239926 0.31915599777475684 10.148670377016394
0.3042701758133013 -0.036605451830705876 0.9518821886172745 14.796700218062714 -0.016501137995552 0.9989089179511774 0.043688512019286474 0.7178172189114337 -0.9524428447709575 -0.02900025058301153 0.3033341604744313 10.378306407538114
0.28312101535956014 -0.03400486163853342 0.9584811735483991 15.52754079446476 -0.01957994183550407 0.9989580397186645 0.04122451648184362 0.7433385934742581 -0.9588843082142342 -0.03043853259254982 0.2821602012937372 10.594830913842934
0.260626528034754 -0.031923057945340595 0.9649117738197458 16.25274256332709 -0.02326677246604507 0.9989552090901217 0.039333796291798395 0.7688145763638035 -0.9651592978278577 -0.03270181345322966 0.25961148128175554 10.79824710053001
0.23480455372634407 -0.030682979129310284 0.9715582207676094 16.971145483716565 -0.02675161223494945 0.998919121947418 0.03801235392119934 0.7947950205222828 -0.9716744170719962 -0.034916222584207554 0.23372993947769455 10.981700669180446
0.20231783703652395 -0.030757353203087007 0.9788367984709214 17.714673653715256 -0.02993147333372926 0.9988455341442197 0.03757267390299174 0.8165843716143719 -0.9788624008107243 -0.03689964964723724 0.20116365510443568 11.144782399485871
0.16957279393287156 -0.03090344150203706 0.9850330171426386 18.45576330217639 -0.031354369927806595 0.9988330765848126 0.036734025188479284 0.8399862434244778 -0.9850187668487488 -0.03711418089420466 0.16840595753215531 11.27507531476121
0.13476254251816233 -0.030071591793584172 0.9904215044621358 19.210008574929844 -0.03250393468542357 0.9988672999646885 0.03475070202483218 0.8625138859461533 -0.9903446629148895 -0.03687568885123365 0.13363245192594797 11.377893480473436
0.10086725433274807 -0.028517253645515172 0.9944911076766298 19.984040856936936 -0.03452455959202388 0.9988867576165713 0.032144987839939056 0.8868431352217686 -0.9943006847972848 -0.03757674417469386 0.09977041900723932 11.464313116614795
0.0695429174383958 -0.026541461033927603 0.997225818699226 20.71832276787567 -0.037613121310218454 0.9988654262965635 0.02920810255199545 0.9087260123753341 -0.9968696182247003 -0.03953999235672151 0.06846570867939039 11.52349659766931
0.035761209020842344 -0.023343214486864373 0.9990876989868248 21.482968956602285 -0.03725208821063281 0.9990012244843869 0.024674590222402062 0.9237312687307598 -0.9986658189070633 -0.03810049627126231 0.03485590811567918 11.549404652982874
0.004443775592627319 -0.02032845193428804 0.999783480009766 22.21943693712079 -0.03484817339406 0.9991829349824001 0.020471132139057574 0.9355041411404105 -0.9993827383288048 -0.03493159718525003 0.0037317353212056315 11.545656730602005
-0.02701791543063453 -0.016046458500045983 0.9995061497636669 22.955803208471508 -0.031742405668373934 0.9993807045962615 0.015186407180912949 0.9444757731791062 -0.9991308482517031 -0.03131642460892373 -0.027510536555038823 11.515846576090947
-0.058252216449850125 -0.013387363166698401 0.9982121306546633 23.682964168806485 -0.029815473751007484 0.9994873566437905 0.011664537462371826 0.9504169399667148 -0.997856561236976 -0.029082682418425904 -0.05862150441319447 11.46549534713749
-0.08670953884501831 -0.0103868424498829 0.9961794865270043 24.37520144762235 -0.024907529679014252 0.9996556749948139 0.008255084248659261 0.9522842400623021 -0.9959222212796407 -0.024096575577968515 -0.0869383931691976 11.395367427153246
-0.11556680387337409 -0.002949306230309494 0.9932953314272915 25.11341945730589 -0.0215302140007588 0.9997680906112356 0.00046355220361828965 0.9487721965681858 -0.9930663440715201 -0.021332289804983605 -0.11560350204081876 11.30066710558239
-0.13939104213818154 0.00838305958023916 0.9902019297515563 25.874239023267407 -0.019237917437393056 0.9997525133724251 -0.01117204270449869 0.9415842799105792 -0.9900505239149686 -0.020606705646300058 -0.13919527211117122 11.192784931996588
-0.1598041497765894 0.022019744520727764 0.9869031181252916 26.601740664883664 -0.01999736354488232 0.9994738121181671 -0.025538291666298545 0.9330355488653341 -0.9869461683219787 -0.023816585423208792 -0.15927972593316397 11.07570948674075
-0.182869896687177 0.03538101101948511 0.9825002722365325 27.352817652919736 -0.021272663164955175 0.9989758608689181 -0.03993373515055237 0.9111157995009198 -0.9829069511848473 -0.02820307537207912 -0.18192996414022977 10.944053672990034
-0.20609148506019326 0.04535626819085243 0.9774810017189509 28.096245554924593 -0.017855388292600437 0.9985845799367247 -0.050100117979059 0.8813515316088718 -0.9783698098850989 -0.027778510550327054 -0.20498992525731785 10.787941393523042
-0.23061587968366615 0.049401523261677016 0.9717900007394371 28.832011248009767 -0.015646516642606675 0.9983929759006241 -0.054466982560527046 0.8422421075338825 -0.9729190626946733 -0.0277660795165992 -0.22947231265143175 10.61492015908397
-0.2532189977270174 0.048988020402028584 0.9661678493135731 29.531081273005825 -0.014160766696187765 0.9984223581313187 -0.05433477220043099 0.8047037005141635 -0.9673053353914166 -0.027440274061805943 -0.25212580090643644 10.435260223223656
-0.2728621164459098 0.044959941859097935 0.9610020130242629 30.237630029649992 -0.012934532434823384 0.9986456720547106 -0.05039364599915884 0.7606153875816245 -0.9619661965367345 -0.02618062861014933 -0.271911035830152 10.240592073614064
-0.2899338828726841 0.042905569620534434 0.9560844396066209 30.93160727137543 -0.008701914180919468 0.9988350949985605 -0.04746292962728652 0.7171341279746692 -0.9570071160926427 -0.022080876222521438 -0.28922277685771763 10.029020212044541
-0.3047842959848975 0.042786750433325194 0.9514598398820344 31.640722996942312 -0.007251911576808146 0.9988571855294726 -0.0472412181746296 0.6745726299756327 -0.9523937960210958 -0.021298284050531975 -0.304125698350255 9.803972149395598
-0.3148296521704312 0.04553122604363187 0.9480554823264349 32.35373668269996 -0.006242569888509214 0.9987278132471891 -0.05003783935857753 0.6311647373361371 -0.9491276628754597 -0.021671698167227957 -0.31414489819686103 9.574239983851154
-0.32284895732364355 0.04789699311250492 0.9452377631082125 33.08097374106116 -0.0062543078374136495 0.9985888730642007 -0.05273657389179384 0.5862257496758364 -0.946429835956428 -0.022937755843813953 -0.32209381392435726 9.327603958842994
-0.3309085423988927 0.049369046938919525 0.9423705395287902 33.80104970529949 -0.011434410956148427 0.9983474758359163 -0.05631670922684103 0.5420018549811582 -0.9435935517019636 -0.029411132184895737 -0.3297972020652638 9.085889367065532
-0.3411721752281395 0.04873314497488847 0.9387367189105561 34.51829532640221 -0.012030689840703258 0.9983470376886108 -0.05620013203127305 0.49457906624773035 -0.9399238316757675 -0.0304675716005104 -0.3400219371286378 8.827539729981808
-0.34927952369299403 0.048845393948243755 0.9357445921932095 35.24109656196804 -0.011911212479365371 0.9983282461547496 -0.05655825268564224 0.44276551706974054 -0.9369428677064928 -0.03090049222297954 -0.3481138064402372 8.562726132423016
-0.35666455749081244 0.05032654030593543 0.9328760007475367 35.934918662524886 -0.010607834229690711 0.998265458731479 -0.057909824352916896 0.3969933793647854 -0.9341722899352338 -0.030550175849990473 -0.35551205249990664 8.302059232342307
-0.36296378914474386 0.05283311567363056 0.9303042242502755 36.65058968267153 -0.011277143811332123 0.9980690794479368 -0.06108141024408694 0.3508255194655516 -0.9317350019169337 -0.032661514633658496 -0.36166712826117736 8.02622545261679
-0.3641693452692556 0.05306624309054504 0.9298196931719706 37.378600234296236 -0.01460189118127743 0.9979273441040444 -0.06267216817199436 0.3032005319603578 -0.9312182734139683 -0.03640040842770574 -0.3626396800216496 7.755714379289507
-0.3642040189605626 0.05245326819529908 0.9298408935020046 38.09069387038742 -0.014381513063919535 0.9979768832555878 -0.061929900447643856 0.2553099858889191 -0.9312081424982099 -0.03592763759412513 -0.36271283434962526 7.486052995716172
-0.3624102736696659 0.050631156925117396 0.9306424015093565 38.84259036291314 -0.018956667320061887 0.9979163561085207 -0.06167325980689613 0.20282045549214717 -0.9318258626496662 -0.03999290136407395 -0.36069534171886536 7.209581844415425
-0.3564201907110873 0.04941000928509496 0.933018380652771 39.594971503882036 -0.023838256151782276 0.9977947354936837 -0.06194677848550283 0.1554668371713065 -0.9340216192343271 -0.04432061375406226 -0.3544563414573776 6.938596271108758
-0.3498522048171091 0.04834644681196607 0.9355565487266206 40.32572087449409 -0.028740619541606303 0.9976434127919309 -0.062302469463367816 0.11165417229542768 -0.9363639311576308 -0.048685131133919896 -0.34763824075251115 6.682104081499142
-0.34613070912313526 0.04738782311926759 0.9369887546934235 41.11885717233702 -0.03250844401006603 0.997518023894665 -0.06245793042782435 0.057707226082129394 -0.937622916352816 -0.05207865421935894 -0.34373111657913735 6.404628040935867
-0.34257401545732713 0.04567057037010286 0.9383801164429652 41.93301556904824 -0.03752982202626026 0.9973552342413258 -0.06224186043257201 0.0027975729838057156 -0.9387409421092278 -0.05653968282100657 -0.33995397905360614 6.12276334699475
-0.34216158250608725 0.043957121405291906 0.9386123922763278 42.75257563954744 -0.042266749986023776 0.9971740912100044 -0.06210759748308839 -0.05096685655442667 -0.9386900304693501 -0.06092292915859181 -0.33933674042194156 5.842787870725702
-0.34275630645541827 0.04214849485569875 0.9384783528491422 43.5815670832309 -0.04596641938368757 0.9970439348140758 -0.06156687696731355 -0.10679961864988184 -0.9382991008596794 -0.06424092489888752 -0.33980568107972103 5.557061642983382
-0.34353820086120285 0.04134149855521306 0.9382283224494224 44.415410130075664 -0.04837159236564831 0.9969256570041813 -0.06163946348560277 -0.16217612346621574 -0.9378921545684554 -0.06655910834732327 -0.34048229248369116 5.265133984880314
-0.34565152436697005 0.040949402173969536 0.9374690235759178 45.26114854742173 -0.04986644550588289 0.9968340796581356 -0.061928630250692396 -0.21975592902145577 -0.9370370117105296 -0.06815397342571203 -0.34251521804277335 4.965218600853171
-0.34497661271025426 0.039769712389280135 0.9377683651411116 46.14541821026527 -0.052224146317037784 0.9967409684289853 -0.061482358418535284 -0.28096048776980154 -0.9371572841441377 -0.07018412806128281 -0.34177538375936556 4.648242403507892
-0.3452362787218071 0.0386479462436423 0.937719706578393 47.02218914677604 -0.05431012209932877 0.9966547110647532 -0.06107206849279867 -0.3437217495990025 -0.9369430732397112 -0.0720119654195164 -0.3419823889391727 4.3360409287590835
-0.3459620652918975 0.03811302248274744 0.9374740779862636 47.91469101146873 -0.05594011415096114 0.9965592164957517 -0.06115906838851591 -0.40903418861918994 -0.9365793895915833 -0.07360112454713798 -0.34263963789622237 4.011647335409611
-0.3457328929354072 0.037360553418440204 0.9375889055395135 48.83319920604528 -0.059149068798209 0.9963521066007235 -0.061513147640206774 -0.4757006467737064 -0.936466846398109 -0.07672462916540564 -0.3422618542528687 3.6856539634028693
-0.34576712944439314 0.037330325548415706 0.9375774842594257 49.75165933635225 -0.06031504628281701 0.9962576102875281 -0.06191016989223511 -0.548061795369703 -0.9363798307245227 -0.07795653108388723 -0.3422215537830442 3.354101102953424
-0.3446477397267566 0.03623837738047491 0.9380323637839305 50.66489958726094 -0.06434647003528737 0.9959923250023162 -0.062119403816188495 -0.6158464265522212 -0.9365241413307164 -0.08176838350677548 -0.34093469193300513 3.0299032395366785
-0.34381783319580006 0.03464881084913887 0.9383969082873653 51.547808009308724 -0.06653343486206789 0.9959086553397389 -0.06114942571151856 -0.6822137099482042 -0.93667635799245 -0.08345903262160516 -0.3401058515401726 2.719578532228429
-0.341808259231798 0.032790052317261675 0.939197490621626 52.47350088417839 -0.06570963334678946 0.9961112318656249 -0.058691207489521335 -0.7510932988239607 -0.9374696571123562 -0.08177546221317733 -0.33832442385004186 2.390914993589168
-0.3397859959404284 0.03080519552321498 0.9399981472809125 53.387257226177866 -0.06661063648762745 0.996165354717027 -0.05672397348752505 -0.8218483598065411 -0.938140980913575 -0.08188788671272929 -0.33643108349294787 2.0702911075800974
-0.33774049930063527 0.030328656206349027 0.9407505130186616 54.268644775464836 -0.0677433285738381 0.9961054453138003 -0.056433883881343544 -0.8897393848431085 -0.9387982725622662 -0.08278957922898897 -0.33437058633377476 1.7602163203069403
-0.33628129872151225 0.030183392156427635 0.9412777756688535 55.197684650545376 -0.06928177628476018 0.9959851199225307 -0.05668929676518065 -0.9573026776637062 -0.9392097335552916 -0.08427694661551036 -0.3328400106119529 1.439133947416282
-0.3335669454481104 0.03002872241321317 0.942248039920831 56.101935329509246 -0.07161347245651904 0.9957974436768476 -0.057087316711990535 -1.02791697943171 -0.9400024486495432 -0.08652009591352701 -0.3300146504868796 1.131312923117827
-0.3333944972401279 0.030841644902883804 0.9422828143130315 56.995494747243946 -0.07581812793768564 0.9953505651954324 -0.05940424093579956 -1.0966762703609463 -0.9397338563050857 -0.0912471660097902 -0.32950604548195267 0.8277891450909112
-0.3341545891205833 0.03232576903398959 0.9419637759627572 57.903928001403294 -0.08040792050191362 0.9947904031020187 -0.06266274983338263 -1.1651250099867885 -0.9390821459756394 -0.09668039383703561 -0.3298145305430063 0.5179072977655723
-0.33674950490634903 0.03171169724793997 0.9410601145532541 58.804619941392545 -0.08482119050470105 0.9943476689645157 -0.06385983766186061 -1.2368518503834716 -0.9377660350997438 -0.10132660796892874 -0.332156261315088 0.21159028486903064
-0.34067125160774686 0.03009747436046052 0.9397006120914965 59.72528551017656 -0.08581282562196353 0.9943201736074729 -0.06295674162454507 -1.3102285747026838 -0.9362581146707282 -0.10208591672863926 -0.3361535487227341 -0.11326843648828044
-0.34447447808241477 0.028127997767643884 0.9383742055765554 60.60764070481495 -0.08463931052253305 0.9945498885553907 -0.0608827257005634 -1.3806601853659757 -0.93497247075201 -0.10039589093206573 -0.34021631944960934 -0.42763001609417556
-0.3486469023682766 0.026833810533286057 0.9368699397895469 61.48141991684082 -0.08678678830738117 0.9943712263207871 -0.06077760805250508 -1.4479262035892797 -0.9332274057507609 -0.10249785791692347 -0.3443556276266542 -0.737931850658816
-0.35270876229584575 0.028407181075985263 0.9353018555862322 62.36934839310766 -0.08730272674781106 0.9941802471338339 -0.06311790642366438 -1.5245122248786547 -0.9316516317283676 -0.10391664097836112 -0.34817606009840024 -1.0583336413855575
-0.35642618816184124 0.03065162811290679 0.9338205663222715 63.223702444975444 -0.08873159101917674 0.9938339418799751 -0.06648910228387742 -1.5917711352377701 -0.9301005736734201 -0.10655784185754899 -0.35150867584034995 -1.3755016038090215
-0.36159721921942756 0.032650356629659955 0.9317625262183137 64.05316745564973 -0.09032536003657712 0.9934586668037253 -0.06986563308829125 -1.66105580776835 -0.9279486949110066 -0.10942500429299074 -0.35628273610777017 -1.685548780168474
-0.36501110237440554 0.033942917794113917 0.9303842074514396 64.87806922090036 -0.09178342882883724 0.9931550416979218 -0.07224171469740592 -1.7301651971924115 -0.9264678609298022 -0.11176288060721076 -0.359397219219258 -1.9971776577697415
-0.3665697208913114 0.03322416320256018 0.9297971793381371 65.7116892250152 -0.09237466413184563 0.9931246280885719 -0.07190545535955212 -1.8067245049294036 -0.9257934765120107 -0.11224806485381153 -0.36098034681181707 -2.3147510178325374
-0.36843645890332694 0.0284285592180045 0.9292181620973439 66.58443442789317 -0.0907451257682034 0.9936593630851822 -0.06638066211226712 -1.8802538835895433 -0.9252134337006193 -0.1087790750739242 -0.363520583909593 -2.6498016034136267
-0.36918724877032233 0.02201439364242227 0.9290942588445787 67.4048197028356 -0.08883372675151968 0.9943058972537924 -0.05885874342668056 -1.9494697341822715 -0.9250996402208991 -0.10426480306837947 -0.3651294380138029 -2.964888553844457
-0.3699664148332107 0.019851481750396735 0.928833015438068 68.21756868015045 -0.08894775806835933 0.9944221476577826 -0.0566823480661815 -2.017950277112198 -0.9247773506255834 -0.10358817944146329 -0.36613705200365887 -3.276342398224732
-0.37046433980606125 0.02572882131542823 0.9284902803399605 69.03607849542792 -0.08909555205574418 0.9940227287027088 -0.06309356089414841 -2.0833786055888646 -0.92456376499187 -0.10609826848794565 -0.3659576504022269 -3.594127874458873
-0.36922707762452317 0.03091374302485112 0.92882490580359 69.84189260232043 -0.09013997537961516 0.993542924608841 -0.0689002307563135 -2.151669225979214 -0.9249573773895836 -0.10916408499091788 -0.3640563865126924 -3.906902519938273
-0.3677401747507144 0.033805863566034586 0.9293139014686421 70.66997705600107 -0.08701755942414674 0.9937032370802481 -0.07058201589712416 -2.2239792497571185 -0.9258483181526981 -0.10682247050499934 -0.3624828983124989 -4.233428953749373
-0.3644604730379823 0.03368231856261013 0.930609512636303 71.48001795366993 -0.08630495808619927 0.9938226931527572 -0.06977040048860644 -2.295256657685333 -0.9272108809772834 -0.10574476814882142 -0.35930213777054315 -4.5458671954353
-0.36006388182279264 0.03188189010579519 0.9323827251134503 72.25680214955416 -0.08790410650338437 0.9938101158308872 -0.06792879898864937 -2.3628632190262646 -0.9287770825480911 -0.10641897742170178 -0.3550325790374394 -4.834195640112796
-0.35625590911333643 0.02852140610030145 0.933953026985775 73.09120019959501 -0.09062899624510623 0.9937665654036065 -0.06491839897535981 -2.430490846495079 -0.9299828558965131 -0.1077707886209485 -0.3514503447979303 -5.138384174845328
-0.35253554419145006 0.02418650896149769 0.9354858111515608 73.92425150435956 -0.09348342977514063 0.9937551780400636 -0.060922036046391445 -2.4984106146698957 -0.9311173601856614 -0.10892960526329314 -0.3480729846714171 -5.434805033450122
-0.3508429802019065 0.022053268169697618 0.9361745866055541 74.74445879979591 -0.09835848326290772 0.993324855619006 -0.06026060055874978 -2.5633640690995607 -0.9312544292583337 -0.11322272109659039 -0.346331926645839 -5.719859186779418
-0.34856593568639005 0.01999585626732931 0.93707094406518 75.57194387459329 -0.1043545025353789 0.992728592104728 -0.060000668482594194 -2.6237314601548505 -0.931456883746996 -0.11870176135972407 -0.343944712956071 -6.004721953685712
-0.3446396589175665 0.018914522536777285 0.9385444828767517 76.36254082781868 -0.10481761963744282 0.9927695419248832 -0.058497036162508065 -2.687192823723501 -0.9328648198505096 -0.11853639720973116 -0.3401651810838567 -6.276399253686127
-0.34212333872300854 0.020755074286952918 0.9394258076039665 77.15506206617889 -0.10308097264598183 0.9928931620871013 -0.059476732921668454 -2.753704074189127 -0.9339839046682656 -0.11718530442005175 -0.3375524703636457 -6.554660128806445
-0.3377547630056763 0.022510741936437956 0.9409649231318089 77.9838435712761 -0.10391190548630735 0.9927112057505192 -0.061047341265248745 -2.818877912963004 -0.93548064435625 -0.1183964884395737 -0.3329538039428199 -6.839328702080923
-0.3306233296023077 0.02383839325060668 0.9434616817496688 78.7709999700498 -0.10146201196734894 0.992989198717525 -0.06064578598604794 -2.878224225495432 -0.9382929574766197 -0.11577643213347619 -0.3258867037978403 -7.111356365463186
-0.32109911048995005 0.02467851078003857 0.9467240000909679 79.5932348229125 -0.09861402451067175 0.9933548908565681 -0.059340837381560596 -2.944302715711999 -0.9418973592766741 -0.11241455384875976 -0.3165317245879357 -7.381616938526593
-0.310388919040759 0.025001628889514606 0.9502808203313273 80.39724412737208 -0.10307693626637071 0.992874757533492 -0.05979014185255371 -2.9980773987498543 -0.9450046900130433 -0.11651023305135447 -0.30560023142607623 -7.635041508389719
-0.2996569600891693 0.02438658041301911 0.9537352887284173 81.2216653144432 -0.10607995475105464 0.9926228491388286 -0.05871049793289824 -3.0601589303246493 -0.9481311879007738 -0.11876520560868828 -0.2948594181412455 -7.885531863824497
-0.2874723382567767 0.021780832719176413 0.9575412524080835 82.03557176741921 -0.1080604500712844 0.9926206086762339 -0.05502059942980182 -3.116038294171248 -0.9516735752702044 -0.11928923906741341 -0.2829973207914604 -8.119542932237765
-0.2751508894351538 0.020323473620546123 0.9611862173705151 82.79352955651116 -0.11243806898401199 0.9922353461642768 -0.053166704481329596 -3.1672308087388625 -0.9548034712369823 -0.1227027882415613 -0.27072930589715677 -8.323315315439547
-0.2633521488934224 0.020107811308695045 0.9644901874034753 83.58737168474897 -0.11423731977957621 0.9920981557022887 -0.051875661168766136 -3.220628459525818 -0.9579120421222378 -0.12384234080673581 -0.25897411874686005 -8.538534771473591
-0.24904379126792403 0.02079783177024804 0.9682688883902837 84.36433276025615 -0.11517095449128434 0.9920391562026214 -0.050930970954401265 -3.2763918498092752 -0.961619904781752 -0.12420049417956441 -0.24466588641060444 -8.735300338352104
-0.23640913397058444 0.023548052319269597 0.9713682157695133 85.12831957529589 -0.11627542267461188 0.9918367954790313 -0.052343072280172244 -3.330510680557666 -0.9646713157636227 -0.12532063024839896 -0.23174121812277043 -8.915567657593865
-0.2254158948689966 0.0303995562528232 0.9737882425455964 85.91945093244122 -0.11601598126416374 0.9915635468917149 -0.05781024620977991 -3.3880816210015023 -0.9673303295316047 -0.12600634688440737 -0.21998734989340574 -9.094776835833137
-0.2126666349253269 0.03367711377757057 0.9765442920815985 86.7402478444606 -0.1213409402754648 0.9907597817311273 -0.060592335465429255 -3.443872968702043 -0.9695613846490607 -0.1313807707075187 -0.20661513614857607 -9.26360967661144
-0.201010640648718 0.03140043159057864 0.9790856628722112 87.58765077973293 -0.12440602414028393 0.9905749356866442 -0.05731001611417963 -3.4998350988999616 -0.9716572767718045 -0.13332407766538582 -0.19520969958246215 -9.42772469989105
-0.18762047033985874 0.02827951447187311 0.9818344199358083 88.41159431164861 -0.1255403816919763 0.990697122049931 -0.05252451738585379 -3.555891694722274 -0.9741859020095102 -0.1331145424933695 -0.18232483896248985 -9.575110235640334
-0.1764290230455829 0.02922287811570734 0.9838794759632992 89.18794889724938 -0.12811533773060893 0.990374580937323 -0.052389404190107416 -3.608017681192944 -0.9759401928731872 -0.13529306274845337 -0.17098692086469608 -9.696975857264704
-0.16949145777687563 0.034819171427936516 0.9849163776898735 90.01070883635977 -0.13105579990212196 0.9897036731876567 -0.05754143368803821 -3.6632731775823317 -0.9767789018261424 -0.13883178519320385 -0.16318306397228716 -9.823696193717623
-0.16494396054774862 0.041599723621635214 0.9854252649863542 90.86089557101997 -0.13519057951676108 0.9887266042144202 -0.06436776622303879 -3.726718778876636 -0.9769938572420735 -0.1438372869364027 -0.15746059125390677 -9.946821175204695
-0.16205428754647005 0.04395625440171995 0.9858023410333218 91.67678883700161 -0.13875213280821258 0.9880671650194106 -0.0668664568500344 -3.7902114836232252 -0.976978123362534 -0.1476181733712914 -0.15402149642678203 -10.06189335592335
-0.16031490272428678 0.043244622292854425 0.9861181646269633 92.51071932233666 -0.14307840029002653 0.9874703789986279 -0.06656441970567555 -3.8563599520426135 -0.9766410309499337 -0.15176347796177692 -0.15211884637347156 -10.17970541768137
-0.15689110253512956 0.04292279539875786 0.9866827329899254 93.32323022847176 -0.1479944229692775 0.9867527317693479 -0.06645823587577762 -3.917918148928299 -0.976464455428513 -0.15645024762168414 -0.14846038967957637 -10.292380114661093
-0.1532597683094607 0.03977176258242889 0.9873852593181739 94.11342080633156 -0.15316637616642542 0.9861583325968153 -0.0634964901542931 -3.977119786002982 -0.9762435682911185 -0.16096567941942183 -0.14504670082172993 -10.397584385670513
-0.1491503346180414 0.036125916237832296 0.98815438867583 94.8957922610239 -0.1553198649383975 0.9860711265777645 -0.059493469264922966 -4.03625892118245 -0.9765397673617006 -0.16235347703586608 -0.1414617660554267 -10.501764333193632
-0.14602427436227255 0.03336786529150611 0.9887181078866009 95.65500871084484 -0.15782575754249106 0.9858446656950215 -0.05658025606879621 -4.090048587804394 -0.9766104348987424 -0.16430727520885866 -0.13869094332482484 -10.598286425604831
-0.1444827212481109 0.03345169359775964 0.9889417209604328 96.4424870571181 -0.1646136816923563 0.9846890061046996 -0.05735762422055641 -4.143778281505441 -0.975718749978921 -0.17108052329818427 -0.1367639407431328 -10.692559967503037
-0.14195139946395696 0.03437520759714573 0.9892765767432672 97.22150783487152 -0.1731986003105634 0.983117314963543 -0.059013471930867346 -4.199053481077463 -0.9746035322328181 -0.1797183633397731 -0.1336011408551121 -10.783867696315449
-0.13684288722097765 0.03599500941133456 0.989938575627046 98.00277466675446 -0.17563664455566108 0.9826244516188638 -0.060007967553948445 -4.259353033804091 -0.9748978373687445 -0.18208115327568994 -0.12814312433969904 -10.879311139466374
-0.13244740826911733 0.037867796311798374 0.9904664123761503 98.8378088739209 -0.17753347430621835 0.9822042277420007 -0.06129209171258282 -4.324194131891078 -0.9751612941168027 -0.18395892206747816 -0.12336760291184418 -10.976454901757348
-0.1267655933429926 0.03469978861589987 0.9913255817411407 99.65762678637655 -0.18242496381898024 0.9815261839248837 -0.05768433795667288 -4.383414017182875 -0.9750136496070417 -0.18815492270963247 -0.11809364140413942 -11.067699962748057
-0.1215908642216525 0.031194921226355754 0.9920899851462635 100.48883900203852 -0.1846191758286225 0.9813537524462213 -0.05348431990855865 -4.439226280925637 -0.9752596688339941 -0.18966204008552248 -0.11356447022024913 -11.150015554556191
-0.11573257899023864 0.029379589288617364 0.9928458137563457 101.28167375878537 -0.18623223726964763 0.9811945147654204 -0.050743255668049186 -4.4900674072075635 -0.9756656824762312 -0.19077254500447252 -0.10808474504159521 -11.225417980302122
-0.11118667005247623 0.03277368921844716 0.9932589842018318 102.06854776863109 -0.18970011644814616 0.9803788168281158 -0.05358396527193654 -4.539694985160678 -0.9755262119606023 -0.194379167633049 -0.10278788337192984 -11.298302350687115
-0.10726805496465963 0.034968828574689206 0.9936149885203086 102.8804733443329 -0.19026248412121943 0.980189350685465 -0.055036569104820715 -4.595627766493818 -0.9758553947794323 -0.19495132169575305 -0.09848974895367313 -11.370750452144478
-0.10327666985551615 0.03611100000423301 0.993996944231847 103.69075667179196 -0.19123298869009905 0.9799759858747936 -0.05547081345518021 -4.646775677597209 -0.976096241925051 -0.19581384728210935 -0.09430304190412736 -11.43933705405749
-0.0984776393677867 0.034947470472349904 0.9945254289620415 104.5152653805107 -0.19192967308810555 0.9799526236911555 -0.05344020873007224 -4.705046873638257 -0.9764554035555548 -0.19614160606155184 -0.0897959644903597 -11.50702153207665
-0.09073670496910863 0.03358339980583702 0.9953084977175825 105.34687419119587 -0.19219194019717628 0.9800525191596117 -0.050589700652846376 -4.763786573708461 -0.9771535746721672 -0.19588061401369175 -0.08247227751811598 -11.570574550927038
-0.08366966516678775 0.03297315148187545 0.9959478693246104 106.13752738016119 -0.19257810335776576 0.9800761033941272 -0.048626182894714834 -4.816725254927941 -0.9777080654459203 -0.19586628815888113 -0.07565273243484871 -11.627014420232069
-0.07814567389545884 0.03284593289939429 0.9964007217698074 106.94226012267274 -0.1932400182496289 0.9800029424175387 -0.047460806986918846 -4.8685034104769676 -0.9780345336430138 -0.19625335040435604 -0.07023584168184599 -11.677081492719743
-0.07083699330105458 0.03265091489935988 0.9969533781156978 107.75513586333055 -0.19891446504682592 0.9789275453272539 -0.046194118615825314 -4.913823457749609 -0.9774534034802898 -0.2015807003554473 -0.06284954470006893 -11.719995961902372
-0.06420850955512125 0.032562825546086624 0.9974050980886178 108.54733453043399 -0.2039671597515315 0.9779402784391709 -0.045057846699666976 -4.95825693258545 -0.9768698301429948 -0.2063309821591818 -0.05615034067237956 -11.758313754419934
-0.06028266278969063 0.03222313792992498 0.9976610997472707 109.348472921537 -0.20659577355941877 0.9774341431318999 -0.0440531745438892 -5.007323495719555 -0.9765675536870811 -0.2087682093182725 -0.05226516874240583 -11.794590392829672
-0.056426685109664754 0.032218542542232845 0.9978867644798127 110.16922460773341 -0.21092541016266958 0.9765357284373676 -0.04345621282405812 -5.05150228847228 -0.9758721742908979 -0.21293176513088544 -0.04830696474630847 -11.82826845344018
-0.05360796810874657 0.03338890999348111 0.9980036905967327 110.96674327252313 -0.21420408321847106 0.9757905676760956 -0.04415176969157025 -5.092226461822471 -0.9753167672545089 -0.21614335225449416 -0.0451581087779781 -11.859099900609198
-0.049930542729217264 0.03189281507209582 0.9982433517181785 111.79934800554389 -0.21741673022940777 0.975173520111961 -0.04203059705500224 -5.137100608262503 -0.9748009572826234 -0.21913341602600034 -0.04175691154356531 -11.883585992112035
-0.045360276909306 0.02990223523389217 0.9985230601276709 112.61568827836159 -0.21950747686056726 0.9748244117123405 -0.03916419196149688 -5.1797908801873165 -0.9745557515509407 -0.2209597761080202 -0.03765454104454036 -11.90409159774574
-0.042655709424278265 0.028882876550467063 0.9986722534924469 113.44140417231237 -0.2213588674518434 0.9744658358256104 -0.037637569118261535 -5.2252622181763995 -0.9742590734778654 -0.22267041620041306 -0.03517305069490079 -11.92344420013008
