1.0 0.0 0.0 0.0 0.0 1.0 0.0 0.0 0.0 0.0 1.0 0.0
0.9998596799111883 0.00046553205752491707 0.016745261054984025 0.010457070544362068 -0.0004669554785167909 0.9999998876881181 8.109458777499891e-05 0.01201971061527729 -0.016745221422161945 -8.890249996405882e-05 0.9998597849978107 0.16422590613365173
0.9992938472077141 0.003199852724323105 0.037437519620677345 0.019748870237342276 -0.0032795109200014455 0.9999924870672413 0.0020665471683779606 0.023062217936788133 -0.037430625708523096 -0.0021878646247383998 0.9992968335321856 0.34463165332063495
0.9980393550111551 0.0040048646071081245 0.06246124325048291 0.04420561264537452 -0.004240717206418646 0.9999843691419057 0.00364387011843939 0.029338189951299633 -0.06244567372118304 -0.0039016062517382936 0.9980407382978732 0.5550762731750254
0.9957778125614298 0.00275209886220007 0.09175496696215849 0.08136707076412322 -0.0032687611014133107 0.9999796362355212 0.00548108703969815 0.041825347115461486 -0.09173801399221593 -0.005757869929716794 0.9957665307302895 0.8129308294110493
0.9920537560754218 4.345927158088368e-07 0.12581472511776545 0.13751358544506018 -0.0009283009909788571 0.9999728051226999 0.007316233478318206 0.05427014816297382 -0.12581130042217156 -0.007374890836496877 0.992026777698683 1.0854547271917026
0.9867927223962839 -0.002539656466318297 0.16196812393419782 0.20753587709037014 0.0012607350505185137 0.9999672173771822 0.007998419723148782 0.0626278120762346 -0.1619831274326526 -0.007688583482563549 0.9867635745765896 1.3760814805134498
0.9793296479561061 -0.003080046980027982 0.20224725942462218 0.28693311663576604 0.0010625062605052473 0.999948596504109 0.01008342352126657 0.07345385248815892 -0.20226792062661836 -0.009660106627965619 0.9792825795577703 1.6855598351090548
0.9699334750095078 -0.0040829358117351775 0.2433359482097501 0.38544626083122563 0.0009401857915576949 0.9999146638103823 0.01303000950298303 0.08553843761790295 -0.24336838353955983 -0.01240946139555321 0.9698545433008057 2.023629307127099
0.9588992159730664 -0.007690443311403056 0.28364264610229667 0.5040737811857977 0.002812357114746986 0.9998411313620895 0.017601212572884897 0.09498147587575499 -0.2837329453089608 -0.016080084522503153 0.9587685052336937 2.36336726820116
0.9463904943497079 -0.014652230453775278 0.3226923369825271 0.6386401224150429 0.007785757791363234 0.999715191031896 0.022559228614338463 0.09961594358597374 -0.3229309743275327 -0.018837435143596933 0.946235032567005 2.6618182697482093
0.9319610157992894 -0.019016729369539315 0.3620594274900776 0.7763362645491252 0.010292422425939803 0.9996086974239331 0.0260099610732895 0.1141529049578275 -0.3624123770940544 -0.020513801171741054 0.9317920652648441 2.9413395800321855
0.9135442983370642 -0.020305380479132544 0.4062320845273535 0.9452168975898958 0.008821031715990585 0.9995072725454706 0.030123106217323475 0.1286997872586084 -0.4066435839593522 -0.023935405831368876 0.9132732843855562 3.265878386865671
0.8923387440182752 -0.023302340856085697 0.45076442498772445 1.1286787517813532 0.00863921712542948 0.9993652819091254 0.03456005269315994 0.14123993183836292 -0.45128364678032235 -0.02694502227353143 0.8919736744564449 3.5864789826750947
0.8688804211403908 -0.02906839217600931 0.4941678281062006 1.3508783774218132 0.011126661819592586 0.9991690272680003 0.039210360175226736 0.1589277460945561 -0.4948969702429487 -0.02857067595665715 0.8684818393724362 3.9271516015182386
0.8432177241029603 -0.03472795550490658 0.536449288251064 1.5745341201931045 0.01389946174896824 0.9989859757004447 0.04282318667403696 0.1696058019495839 -0.5373924773586926 -0.02865291364381076 0.8428453807300645 4.221767864517675
0.8158064106429295 -0.040607098563437784 0.5768977066171779 1.8192268146717239 0.016459070587330475 0.998758051068867 0.04702610360767901 0.18817922930657008 -0.5780908227513228 -0.02886899671582193 0.8154615758448222 4.505143509936216
0.7836407399564072 -0.044646822223535276 0.6196078210819445 2.0968976282685494 0.017404517599525514 0.9986003803713531 0.049943599082532285 0.20501798514045377 -0.6209704288029363 -0.02835386371429737 0.7833209973981091 4.805629826246432
0.7494609027172805 -0.04890694855477726 0.6602397031997239 2.3859560569150697 0.01829721488261768 0.9984168995909218 0.05318746599331957 0.22594466582267117 -0.661795714118593 -0.027781378553116878 0.7491692918025605 5.09901688891088
0.7130188629324683 -0.04997811584646063 0.6993613436835984 2.7051430973559425 0.014848463392168804 0.9983089303038052 0.0562032277593026 0.2560199234104539 -0.7009876063365041 -0.02968952024048858 0.7125551965641035 5.390147305857632
0.6762849825113202 -0.05305328916345148 0.7347271404668558 3.0343665923229324 0.013600442302305362 0.998132390718106 0.059554668738397994 0.28057927116857556 -0.7365145283012722 -0.030283314024357667 0.6757434945989914 5.664110788076146
0.6420795981868663 -0.05572672272445281 0.7646099149020918 3.3787316966287437 0.013433206314655027 0.9980192892576752 0.061457686563298315 0.3072975008185331 -0.7665202792883564 -0.029189563956946336 0.6415564127929072 5.918163544728644
0.606889539366299 -0.059382734547548374 0.7925646836980669 3.7709552395857577 0.013752538512363636 0.9978402108764843 0.06423224456952481 0.3384897226471823 -0.7946671974431985 -0.0280821009831654 0.6063954492838348 6.194931781196739
0.5733773527991364 -0.06027323537490199 0.8170713239335331 4.189006649290128 0.011713059753333716 0.9977913717863668 0.06538488066744019 0.37396134629880845 -0.8192076754573713 -0.027919804550215324 0.5728169594081588 6.47105411482304
0.541791525353704 -0.06145433564399387 0.838263268720193 4.610637768503005 0.011164659289977088 0.9977616959477321 0.06593139223802667 0.41206396594162387 -0.8404387505570206 -0.026362145778770368 0.5412649479063774 6.732047840024337
0.5090690344627093 -0.06175766623950877 0.8585072561206775 5.092683769977803 0.012090676042029548 0.9978372708888614 0.06461111651965129 0.44914730946149517 -0.8606407692551241 -0.022511585588729687 0.5087147479779113 7.006879888307427
0.48121440063103704 -0.06053726232263456 0.8745101145760366 5.6026084406047545 0.01288332179798591 0.9979932437749535 0.06199601115391422 0.4909585184691404 -0.8765082547499263 -0.01856677812726931 0.4810286416682602 7.2792630405799965
0.45525406423888526 -0.05882913916200706 0.888415932646097 6.139369965648689 0.012736641729342347 0.9981429696966626 0.05956836410869243 0.5330544733937008 -0.8902704729190087 -0.01580330441979109 0.4551579293146282 7.548531026047459
0.43112468685811234 -0.05904569400496537 0.9003583233363075 6.741796660110193 0.013039564636523126 0.998160040895177 0.05921572860506395 0.5753279346771136 -0.9021981346331773 -0.013789081898757789 0.4311013652086999 7.833339284864327
0.4138791490972638 -0.059827118237841204 0.90836378498148 7.353638394122785 0.014675826540289347 0.9981469238265241 0.05905369227242653 0.6222108235133615 -0.910213529924646 -0.011110102564894666 0.41399021191703717 8.108063978147914
0.40174309429500915 -0.06212206317243707 0.9136428927395381 7.986405578240314 0.016997734528624003 0.998030381219855 0.06038572002589302 0.6663103850008563 -0.9155946500538139 -0.008729686669683594 0.40200774788986754 8.382326258814805
0.39276795522131835 -0.0638435779988965 0.9174188415873983 8.629648401812567 0.01691173401825547 0.9979200780234934 0.06220539470239792 0.7093272211967686 -0.9194820969457538 -0.008917142248733724 0.393030734129477 8.66153488499373
0.3854916233882787 -0.06538876943551374 0.9203915020952653 9.273958609056882 0.01593277465039704 0.99780884771301 0.06421565321302038 0.7526546789144254 -0.9225737666926201 -0.010090206011001662 0.3856887770641588 8.934751470745939
0.37528942347865685 -0.06768502742008563 0.9244331158543595 9.965120892935483 0.015556493171598896 0.9976497647832141 0.06673037050848517 0.7967168145849666 -0.9267771275475347 -0.010662264822258325 0.3754603467259901 9.21683102393542
0.3653718976965521 -0.06941033217343576 0.9282702096702197 10.66462879969863 0.014800019966927848 0.9975232179797745 0.06876328235514981 0.839152900646242 -0.9307439689746041 -0.011385753328121365 0.3654942254517195 9.491494409185346
0.35624156212722985 -0.0712885212133473 0.9316704868977901 11.358429798936754 0.015209020765343851 0.9973956746345481 0.07050215534048604 0.8842125412143067 -0.9342701082130962 -0.010946002170144856 0.3563980217902181 9.758967869017361
0.3473717028414816 -0.07200239602897163 0.9349591194437845 12.101625502337892 0.014525817630002786 0.9973412967856603 0.07140965164512167 0.935440803370658 -0.9376150066456859 -0.011224646630734518 0.3474940382522063 10.036620485863514
0.339512422997303 -0.07371261112230951 0.9377087850671081 12.850988536420243 0.012858227840163411 0.9971951023653092 0.07373326112041523 0.988636309291421 -0.9405136791175933 -0.012976084932369306 0.33950793895359366 10.315514799925932
0.33026351567849416 -0.07650693595312293 0.9407830243806197 13.608053222735998 0.0105954867912013 0.9969473258952768 0.07735479978588258 1.0444536630375731 -0.9438292991168151 -0.015579414023680342 0.3300659570257742 10.587393051947503
0.3188519265338293 -0.08060685513213484 0.9443706813806604 14.416046737188434 0.01085773901083787 0.9966223009417965 0.08140085238529025 1.1016961288305225 -0.9477423481354194 -0.015701088216627315 0.31865014887737875 10.864979154533117
0.3076149944229284 -0.08377063761340056 0.9478161717759548 15.214550179840925 0.010149363083517528 0.9963491824752608 0.08476613126643498 1.157788711756405 -0.9514567807500143 -0.016455602532993822 0.30734216682729276 11.12651876959131
0.2941410565759666 -0.08474531460346318 0.95199751600996 16.006808236102362 0.008412101516444621 0.9962522222957937 0.08608569055754517 1.2147395079262855 -0.9557249998741536 -0.01731303622858915 0.29375156747172687 11.371720684657172
0.2820503852181482 -0.08424836642107603 0.9556933571777478 16.804894883769716 0.007052795691557 0.9962920795555873 0.08574584705824764 1.2798667473386074 -0.9593736697821279 -0.017444339201682306 0.28159875134415857 11.60112269073654
0.26562186273285227 -0.08367843857712415 0.9604389334859477 17.580829965294225 0.005497155118580094 0.9963413354850752 0.0852861330429474 1.3397818940802704 -0.9640616200865649 -0.017374179724853653 0.2651100348062223 11.811503727674214
0.2443245615181417 -0.08328895526306421 0.9661099619454069 18.409380224057752 0.002393957171976574 0.9963532225111806 0.08529082577068331 1.4007387171442605 -0.9696905576564242 -0.018525817735625193 0.24363295439903004 12.023466679486473
0.2205709200604813 -0.08218378584124994 0.9719024100023997 19.23616687819583 -0.0010709501720939998 0.9964228800429014 0.08450027924651633 1.4662712323285383 -0.975370351348349 -0.01967916339202233 0.2196938966807872 12.218318197567179
0.196238051166708 -0.0815862389283825 0.9771562377080819 20.03746533800014 -0.004690292909570085 0.9964430315682398 0.08413849292397887 1.5281995641064106 -0.9805450670044263 -0.02109432285276986 0.1951573752556336 12.388377035033159
0.16424737309872733 -0.0817669860760677 0.9830243946200947 20.851458625269924 -0.007363941409253456 0.9964290651792291 0.08411236789538346 1.5898902798344547 -0.9863916933942056 -0.02105416951777969 0.16305872914023362 12.533667713423142
0.1312229467783319 -0.08257393944283864 0.9879079323316022 21.64901246089761 -0.007541114413472126 0.9964130243597003 0.08428651422237227 1.6518122193863571 -0.991324200164716 -0.018510251517622762 0.1301295537398801 12.643138313461598
0.09770348981411814 -0.08212585506313705 0.9918212399461362 22.470230378933184 -0.008661422834736206 0.9964814411641875 0.08336496368272547 1.7117559952108554 -0.9951778774835284 -0.016735631015675344 0.09664838758037686 12.729369083014745
0.06466919083674855 -0.08066223047281393 0.9946413928304367 23.327569141545343 -0.011585588062467386 0.9965999213187782 0.08157432792645017 1.7799285273622243 -0.9978395010750813 -0.016798851227267354 0.06351479112519481 12.78940914428331
0.0348104042207959 -0.0791322794182488 0.99625615085281 24.121437553265014 -0.01582292474186408 0.996691725975537 0.07971974927531095 1.8431520728694495 -0.9992686679820388 -0.018538762795217278 0.03344313776284408 12.821956797700086
0.003703712303691653 -0.07662905022326434 0.9970527925727163 24.982602082579064 -0.015787379014185098 0.9969308867776456 0.07667832583331316 1.9013321525450233 -0.9998685119449627 -0.01602484479231247 0.002482573331916871 12.826277322668805
-0.026708829739190976 -0.07390319317022566 0.9969076970578606 25.811551830948453 -0.013986986683656676 0.9971934687794288 0.07354964328371494 1.957089683053738 -0.9995453979772376 -0.01197930978374017 -0.02766755355341466 12.799939310477788
-0.05803564613190887 -0.0695577941633789 0.9958883356326536 26.645220230141913 -0.010950971665564982 0.9975540644886733 0.06903596629082516 2.0135852802334764 -0.9982544465203407 -0.006899398035551143 -0.0586554201171145 12.744500370267769
-0.08791398371658049 -0.06774832139099925 0.9938215616577168 27.46044526201384 -0.010580479925136967 0.9976917547129123 0.06707619564662587 2.06518252189608 -0.9960718773821671 -0.0046181735104401135 -0.08842786643243666 12.67321604987271
-0.11628633351175627 -0.06515664812575953 0.9910762331139865 28.22613843111683 -0.00748763487397373 0.9978750422804219 0.06472507487705631 2.110640931734088 -0.9931875069504182 0.00010582467789595901 -0.11652709916045673 12.576353933675719
-0.1445315722526998 -0.05707352648347466 0.9878528418731726 29.033171975682443 -0.004817854331822181 0.9983639284164028 0.05697591347758934 2.1555930672926547 -0.9894884602165911 0.0034754872620282595 -0.14457008019120526 12.4504179485974
-0.16976970639241656 -0.046043816719624917 0.9844075445329148 29.871780206760768 -0.003660621024054223 0.9989305012477205 0.04609179461353508 2.198916679561204 -0.9854769640357663 0.004221447484884636 -0.16975668686676654 12.304211951540283
-0.19258282584207553 -0.032965359355167305 0.9807268428432384 30.664027441757153 -0.004793580090751025 0.9994552343553365 0.032653577286930954 2.231408581143419 -0.9812690134619532 0.001587325519451321 -0.19263593542509383 12.14929423285809
-0.21582313963509098 -0.01984630119140228 0.9762307599779225 31.494104359821478 -0.006005845600175007 0.9998014884768913 0.018997722442950636 2.2552024880838464 -0.9764140014444072 -0.0017629431110152746 -0.21589949007561 11.973199265005803
-0.24068145735866198 -0.010842811497152514 0.9705435948593695 32.30425080646375 -0.005012403266757156 0.9999381514426575 0.009928197365712002 2.26939981978385 -0.9705912177107323 -0.0024752228744793436 -0.24072092010151436 11.77446257351113
-0.2656348829638063 -0.007756149346398707 0.9640425048202603 33.12274888607148 -0.0037515775023011498 0.9999683819835994 0.00701146912899685 2.2749644143963157 -0.9640664057102339 -0.0017541893908603187 -0.26565558191111244 11.55356845940981
-0.289722898764563 -0.008471046194347673 0.9570730814874233 33.89535829459688 -0.0031198415509965825 0.9999638783166753 0.007906241241576689 2.2802360949756637 -0.9571054845314364 -0.0006952972361232664 -0.28973886180765945 11.321666401499058
-0.31073744192766806 -0.013423680978456313 0.9504009927253013 34.656445528403815 -0.0021036008531898683 0.999907531638077 0.01343514186374466 2.279976318235896 -0.9504934597606131 0.0021755372755058967 -0.3107369466121841 11.073530360496795
-0.330987346521693 -0.01618656143357397 0.9434963548798088 35.413653057146675 0.0026857662927600836 0.9998326601958358 0.01809525532119998 2.280811034593853 -0.9436313703464663 0.008523311250674723 -0.3308884858428511 10.800441546357485
-0.3486347601746678 -0.01708621848159414 0.937102910643197 36.16744165384209 0.0033268275970524935 0.9998049618995464 0.019467161559574283 2.2838753190157783 -0.9372527600471987 0.009904509026009693 -0.34850992021011723 10.520248446515566
-0.3605977945911302 -0.014280855525939572 0.9326120778230683 36.923294390057265 0.0048284737422102 0.9998408011387299 0.017177258791327015 2.288677345860723 -0.9327089129934024 0.010697174566710403 -0.36047143309693136 10.225423603241204
-0.37036159551999853 -0.011745269091577063 0.9288134027983489 37.69366482276993 0.005218554118713433 0.9998779660929347 0.014724795915960445 2.2966493290813106 -0.928873002760222 0.01030056191783103 -0.37025510552507684 9.91944612511017
-0.3795759998019451 -0.01069083075971736 0.9250987874340887 38.483733029312084 0.0004802251898858032 0.9999308197699776 0.01175266173715733 2.298241104548449 -0.9251604346047885 0.00490528407007422 -0.3795446066407361 9.601444963941892
-0.3899973211649876 -0.0122753957416302 0.9207341658391525 39.267893805099135 -0.0005562506130702269 0.9999140965280904 0.013095424760885354 2.2983468182899887 -0.9208158230989457 0.004595021632040204 -0.38997064723747105 9.268227510435683
-0.398358173124988 -0.01215677469044981 0.9171493764560099 40.0477551223814 0.0003292487706091597 0.9999102050025264 0.013396773008927663 2.298226578966916 -0.9172298825811167 0.005638684326269671 -0.3983183999507173 8.928198985335017
-0.40538287892104546 -0.010223395909622731 0.9140898225304559 40.79153904745234 0.002054325021295475 0.9999247491676857 0.012094451233839664 2.302277360339738 -0.9141446828737736 0.006780721054279968 -0.40533137134398084 8.5956610259632
-0.4107864541783718 -0.008598290808072576 0.9116910433138741 41.548042587509684 0.0018203194828605193 0.9999458020201977 0.01025082724290803 2.3081973729289054 -0.9117297710947805 0.005870469944002922 -0.4107485387461479 8.25497774002395
-0.41209843106683697 -0.007048143563785978 0.9111120714734033 42.32499163116838 0.0005919539519609381 0.9999677982520885 0.00800325242570718 2.311295923401794 -0.9111391401442321 0.0038374641594537827 -0.41208098860060827 7.911729203273228
-0.4122647544790882 -0.007207325543345126 0.9110355792573689 43.09965814999884 0.0020164017365838795 0.9999590410911261 0.00882327967099965 2.314870850761209 -0.9110618564830458 0.005474540951369259 -0.4122333357008358 7.5631641602877355
-0.4105019015226279 -0.008488433592965555 0.9118202319215365 43.88822063806304 2.504676953340914e-05 0.9999565656818546 0.00932019969797301 2.318563696314646 -0.9118597415277012 0.0038487978497933804 -0.41048385904459805 7.2142489652541455
-0.4035280151040375 -0.009484322443504946 0.9149181322140157 44.706680408919496 -0.002158403100716247 0.9999533592547876 0.009413852087256706 2.3250328068891855 -0.9149647437591518 0.0018239909137814513 -0.40352966524766926 6.863083143463068
-0.3958559010809047 -0.010835420753650505 0.9182487131689957 45.49187655569671 -0.0043508643884448625 0.9999412928740812 0.009923748504719335 2.332695851379961 -0.9183023334166688 -6.680121942635123e-05 -0.39587980496496505 6.533196753120561
-0.39005294162189696 -0.011833227566653403 0.920716393607424 46.32687543484067 -0.007288357081888402 0.9999257732544878 0.009763597311523294 2.3392695211003995 -0.9207635866948433 -0.0029021899955881127 -0.3901102340493998 6.188026970295248
-0.38423790515486184 -0.01324595479416091 0.9231390886122169 47.17356090145348 -0.01090729275110927 0.9998924177839195 0.009807335166581959 2.3462171570932973 -0.9231696827815811 -0.006300598369926591 -0.384341045496231 5.854532744963651
-0.3820743838064216 -0.014773751404757535 0.924013474743942 48.04630562281637 -0.014031094839813903 0.9998496909425043 0.010184493103484958 2.3544638289538264 -0.9240250503187343 -0.009073686770503473 -0.3822242464729984 5.503325298693068
-0.3818008884093554 -0.016630630034248976 0.9240949646840906 48.92357906815927 -0.01652262987128376 0.9998011354719736 0.011166566665222512 2.3622019158096976 -0.9240969020140493 -0.01100507399412802 -0.3819997435004639 5.153656751324469
-0.38275384630601345 -0.017586392989954774 0.9236829607173425 49.82687741583738 -0.0179505383351691 0.999771620468678 0.011596770193094947 2.36836066986042 -0.9236759557937135 -0.012141897999765125 -0.38298211838352586 4.793490025474287
-0.3836761222327811 -0.018102663030465593 0.9232902722435786 50.741926222819934 -0.01813933115815919 0.9997626819705265 0.012064178556134108 2.3721917406630255 -0.9232895525746788 -0.012119130756991817 -0.383913439171051 4.418344975534616
-0.38266397672062014 -0.019317148210914573 0.9236856222250936 51.67511368021358 -0.01891684397208938 0.9997356195527534 0.013070731104576714 2.3790463795944294 -0.9236939070571465 -0.012471518851771161 -0.38292822732600107 4.037847054581391
-0.38303209952207445 -0.019599052154353813 0.9235270910430095 52.59661255999763 -0.019131408456905037 0.9997287591659381 0.013281464790800281 2.383492178182914 -0.9235368969056771 -0.012581146656212397 -0.3833031630480606 3.662087662518207
-0.3839951286069925 -0.020068097715251403 0.9231170091923293 53.54092010806973 -0.019970631965499096 0.9997104178333494 0.013425883001466321 2.387682904535722 -0.9231191229007221 -0.013279756381861756 -0.3842847030593861 3.2727070194263197
-0.38318705364858285 -0.020543967246469313 0.9234422707055888 54.49364516360251 -0.02127273560114689 0.9996837324892722 0.013412893660991954 2.3930481846556413 -0.9234257699653837 -0.014504496064785443 -0.38350289041641505 2.8834192424511795
-0.38348923659768946 -0.020659805353244725 0.9233142357055305 55.45717055795588 -0.021585967187275564 0.9996771511462057 0.013402965970127752 2.3927260166034183 -0.9232930474309399 -0.01479073760745489 -0.3838113894176621 2.491815251287707
-0.381230479206329 -0.021247657910585464 0.9242358242123205 56.45903193904441 -0.0233531210769845 0.9996381608211055 0.01334837691112621 2.3970442520742186 -0.9241850212268519 -0.01649498298006154 -0.3815887342105517 2.08437995682697
-0.38037094247609415 -0.022539078656095262 0.9245593199212166 57.41794703503909 -0.024379140748679935 0.9995999500899038 0.014338663697102905 2.3958501445592577 -0.9245126303172956 -0.017085950766548348 -0.38076825848565576 1.6974506430741427
-0.37967481783016294 -0.02435656177642515 0.9247993245045456 58.40850062161207 -0.023723995509540335 0.9995809463961105 0.016586248488409935 2.3986022579308615 -0.9248157680006845 -0.015642554148448916 -0.38009354869165696 1.2947653395894192
-0.3753061077458626 -0.02579174097098077 0.9265420182519175 59.386104318266504 -0.021570307052604147 0.9995851043818424 0.01908771729666202 2.399721584143894 -0.9266499054887489 -0.012822058946469816 -0.3757067306584565 0.9012422966722762
-0.3724183774803596 -0.026425413850709106 0.9276886598518466 60.33656201443389 -0.021567485703283405 0.9995710169483929 0.019814783299198047 2.405558252970746 -0.9278143109886454 -0.012628522462040577 -0.372828546043742 0.5236747707247372
-0.3709298281676984 -0.026569297821883612 0.9282807414724998 61.2999760702775 -0.022220484984965354 0.9995583837350097 0.01973037131147093 2.410856668173866 -0.928395019710099 -0.013308265037473392 -0.3713564022057216 0.14735390720640912
-0.368452177007965 -0.02639640034319799 0.9292718780351709 62.29277401383479 -0.023081553279250024 0.9995484127795371 0.01924090455580865 2.413473184932521 -0.9293601213503347 -0.014359685192587358 -0.36889505863437827 -0.24246353300626317
-0.36904865973742434 -0.026217216082781467 0.9290402275073344 63.24500582018242 -0.026262875158760798 0.9994970659943438 0.017772913579199648 2.4163874318373577 -0.9290389379000248 -0.017840197576459153 -0.36955159208969285 -0.6149458157250334
-0.37086320989741633 -0.02486484145519866 0.9283545762282819 64.2037873693411 -0.029727327219655143 0.9994470840259015 0.014893362565180732 2.4233648200874467 -0.928211595252376 -0.022074100016313474 -0.3713973189826621 -0.9898982858122845
-0.3735021432011901 -0.02440332392801427 0.9273082695659421 65.14893394066291 -0.031463787723052535 0.9994119835273543 0.013627811417755537 2.4240679694726377 -0.9270955609246742 -0.02408661377578064 -0.3740503387922272 -1.363335550215235
-0.3788698648809358 -0.02674593308052167 0.9250633927189823 66.12720839784987 -0.0321312723386857 0.9993598013948728 0.015734315806486474 2.4254395239470212 -0.9248919973829371 -0.023762205698404676 -0.3794866937816767 -1.7592384193224442
-0.38424587842370106 -0.029339860701355802 0.9227644756320129 67.07214606044259 -0.029092778475034095 0.9993833265434064 0.019661558118271884 2.424473647240622 -0.9227722986495647 -0.019290909803859117 -0.3848625022575445 -2.151067719724628
-0.38977614821155493 -0.031010390808716305 0.9203873695065868 68.01627755087074 -0.030923107085814906 0.9993100011923572 0.020573841767888217 2.4306301649669204 -0.9203903061927169 -0.020442044389482206 -0.39046614076979225 -2.5401101008814
-0.394492717323951 -0.029394903910531282 0.9184287863533328 68.95472199036757 -0.03177867437335433 0.9993267598282225 0.018334201545156643 2.4304728409966594 -0.918349395292139 -0.02195374034912375 -0.39516126005878377 -2.9357649494630307
-0.3994616278072213 -0.026984637211747268 0.9163526817029322 69.85890914107011 -0.03193275995223875 0.9993696861918646 0.015509002630947576 2.437757399816238 -0.9161935967640451 -0.023066418779785183 -0.40007153556987507 -3.3226238223030045
-0.4048477919187103 -0.025068695387693848 0.9140403852621086 70.75909038192258 -0.03299167641710829 0.999373705136875 0.012796357613925752 2.439949850600984 -0.9137887144552255 -0.024975147498136466 -0.4054212961127139 -3.7162635567394737
-0.4085481698506036 -0.023997781657139384 0.9124212291410468 71.63380122651621 -0.03326336518252519 0.9993817073476781 0.011390854031815986 2.4452793255597407 -0.9121304410271901 -0.02569648797747335 -0.40909381449389726 -4.103906376129684
-0.4111481771031095 -0.02546328685937285 0.9112128167926016 72.50783738545793 -0.03398224317263927 0.9993430971001713 0.012592911783748842 2.4456016829743237 -0.9109348953760338 -0.02578750279796318 -0.41174339227934115 -4.491264290652161
-0.41540224121870006 -0.030547522995322245 0.9091247586714001 73.42867409648098 -0.0314354662533251 0.9993210758534149 0.019214547005060936 2.4482159802975882 -0.9090944887369613 -0.020596994781372745 -0.4160804902348333 -4.907770896345229
-0.4168409250037646 -0.03745776518954346 0.9082073326443754 74.31047876213091 -0.029007067129480486 0.9991898508926761 0.02789680859198112 2.45179588423357 -0.9085165013903445 -0.014715899567367435 -0.41758976160985006 -5.311095173622322
-0.41828315745675443 -0.03966451145857268 0.907450233742193 75.19177976106597 -0.028609307474593823 0.9991257233923474 0.030484362902027017 2.458558848643755 -0.9078660185918581 -0.013210427187305024 -0.41905223648096274 -5.712500110999647
-0.4186146540745982 -0.035457071980914634 0.9074715243138732 76.066728405643 -0.029838822695037754 0.9992350434701378 0.025277906586700212 2.469590380664829 -0.9076736285990569 -0.016496179793275792 -0.4193524293455916 -6.116980911272659
-0.4188617643607777 -0.030298486498162403 0.907544392342599 76.89600736552835 -0.030651241904827677 0.9993453954108221 0.019216712540896637 2.4763314907435614 -0.9075325469239481 -0.01976821658896899 -0.4195162617666013 -6.500014026515052
-0.41992345719206375 -0.02800765813994763 0.9071272574371145 77.75120765161445 -0.028054298476006437 0.9994466342013637 0.017871254029442788 2.480270018474292 -0.9071258162112268 -0.017944260059460728 -0.42047682111388046 -6.90116817568785
-0.4171928465802061 -0.028605698297364777 0.9083676803955681 78.62093477205623 -0.026187671918082932 0.999467865422798 0.019447154720090346 2.4825811845280583 -0.9084406059846818 -0.01567482095962897 -0.41771996048317844 -7.301226719103985
-0.41502233484848783 -0.030395160863751682 0.9093033573967361 79.48674413476525 -0.026251006013158235 0.9994257355661917 0.021426240250540022 2.4880009657778204 -0.9094324308381613 -0.01497775964700292 -0.4155819058329535 -7.688478045181952
-0.41275498397748345 -0.03459275106299586 0.910184961848767 80.34995126041066 -0.027927817658827545 0.999289355573607 0.0253144393202931 2.5027738746115036 -0.9104138400763484 -0.01497081865427271 -0.4134277619926584 -8.073889506764823
-0.4087084510877507 -0.03904784323473578 0.9118292975925743 81.2248387904206 -0.02852759198773343 0.9991427200778502 0.03000002351359006 2.5165871974957628 -0.9122190408585172 -0.01375103102134703 -0.4094720144784218 -8.459838608151752
-0.4075455877221534 -0.04209339406208496 0.9122141963949797 82.08738623472566 -0.032743559960636194 0.9989682828107669 0.03146790776667076 2.5317883575684754 -0.9125976403702285 -0.01704453327144823 -0.408503403506323 -8.828687491204784
-0.40581416191576075 -0.044024038561036836 0.9128947091627736 82.9630717491235 -0.03702359075012234 0.9988111889666929 0.03170902904392925 2.5548312732988667 -0.9132054093776362 -0.020930667063369823 -0.4069616535494545 -9.20023092673912
-0.40351622147733357 -0.04403940985047934 0.9139120249699515 83.80948148707927 -0.035307590971057665 0.9988464988152412 0.03254298425705712 2.567692616634387 -0.9142910001878375 -0.019136409918166043 -0.4046056905073976 -9.571049926507268
-0.40173709082381437 -0.0424158827287405 0.9147722135858521 84.65872757185035 -0.03197449023972382 0.9989673578346241 0.032277700581360036 2.5782903586908343 -0.9151966683890015 -0.016282225684833663 -0.40267846639275373 -9.943416386105316
-0.39611991084670656 -0.03976411634418555 0.9173373595805219 85.51730203756001 -0.030193667472373686 0.9990856285336298 0.030269610207765515 2.591392758283677 -0.9177022167758806 -0.01570738389829493 -0.3969583346091962 -10.311416836234189
-0.38895402698854215 -0.03909020249264563 0.9204274664298544 86.35190724846305 -0.02726824243749449 0.9991501303287853 0.030910516306621297 2.6061024049052675 -0.9208535213831606 -0.013075669506982737 -0.38968938787600776 -10.665834474748232
-0.3809221338158873 -0.03837900804971001 0.9238102509229218 87.22013073646136 -0.022755958143111134 0.9992246496469266 0.03212889520301025 2.6166741583347672 -0.9243270494463205 -0.008783580084301312 -0.381500136805693 -11.023275043489187
-0.3696445052581324 -0.03918337225510102 0.9283467041311606 88.07476201560446 -0.025517916985749373 0.9991616917446977 0.03201171133479339 2.6352489494240885 -0.9288227902270587 -0.011856520931197136 -0.37033450725827477 -11.351507319967963
-0.35946416191350117 -0.04116771414587065 0.9322503610145872 88.94019082033772 -0.027815941234401308 0.999055167509271 0.033392299804998644 2.6536138361342023 -0.9327442252370522 -0.013928086193962954 -0.36026964721150867 -11.680904213091345
-0.34700892238243325 -0.04350391854471881 0.9368522919106496 89.80384329197673 -0.026174838867339338 0.9989836998131609 0.03669394116032428 2.6714301285903708 -0.9374964989786635 -0.011788832803250271 -0.3477949652077869 -12.002768878861893
-0.33415116379167914 -0.04529863370369432 0.9414303126207726 90.63343275407853 -0.02637526463233416 0.9989026332694584 0.03870238575226113 2.691506391476924 -0.9421503835122296 -0.011898026387641397 -0.3349792408729803 -12.294198430409477
-0.32206977570354933 -0.04637952303007442 0.9455791872824657 91.47587100497388 -0.026722555152305243 0.9988466665830671 0.03989037104399178 2.714597439587871 -0.9463387155899294 -0.012420809128157864 -0.32293770123075505 -12.58049327000781
-0.30749322329260936 -0.045920309672772476 0.9504416040918444 92.31154417477025 -0.024281407107938822 0.9988882939811383 0.04040531420877287 2.734690125329926 -0.9512404169808915 -0.010653699217070243 -0.308266390959203 -12.857036898967758
-0.2934941205610909 -0.043237580457148185 0.9549825720044756 93.1588553071114 -0.022988282241431977 0.999006960460608 0.03816584639236385 2.7531320803088595 -0.9556844354051499 -0.010751957378491012 -0.29419662699778015 -13.117005287017237
-0.2809482773472124 -0.036172981738181495 0.9590409693270685 94.01431080293024 -0.021571207492497937 0.9992749994340557 0.03137130079202308 2.7712712943179607 -0.9594804575721954 -0.011873958827500416 -0.28152488458183134 -13.370136864441104
-0.2664054979440476 -0.032853099341368715 0.9633009833529967 94.89183415738513 -0.025199149926318512 0.9993147257211281 0.027112391998826254 2.787783080689071 -0.9635315840740123 -0.017051475612780694 -0.26705080728440383 -13.608477160051846
-0.25356276439280456 -0.035006482058875014 0.9666853007713216 95.80048643110648 -0.02672231447436142 0.9992170547063366 0.02917525480826373 2.8061108729632016 -0.9669497620986378 -0.0184343103439061 -0.2542996928419933 -13.84183597724187
-0.23937056986011684 -0.038560617060164545 0.9701622591591483 96.68764106805361 -0.0272569820695093 0.999084104663444 0.032984977448941855 2.819749915792094 -0.9705456131544286 -0.01854806245363923 -0.24020237751927132 -14.058402081753961
-0.22728427833585219 -0.0385835255994503 0.9730638048831473 97.53177568019535 -0.02998604201238649 0.9990182749162787 0.03260864406463821 2.830829030112153 -0.9733666801908634 -0.021766900000216742 -0.22821811487828536 -14.243984852599608
-0.21919205157167937 -0.03458183120998762 0.9750686855180832 98.41795507344537 -0.03366879927005412 0.9990445613476002 0.027863531676627456 2.84127450218814 -0.9751006391565495 -0.02672192717499142 -0.22014695574670878 -14.437357469422766
-0.21343354847808615 -0.02950050417876569 0.976512079104632 99.30978847103395 -0.03825098076163698 0.9990298966751527 0.021820357925721984 2.8473778887666046 -0.976208473050109 -0.03269534833018863 -0.21435491910087412 -14.62134616915813
-0.20952974369829552 -0.0270979824077184 0.9774267163604428 100.1897335482664 -0.04115255440181766 0.9989746024677784 0.018873550025088007 2.8544710995621254 -0.9769359005441104 -0.036269036019379475 -0.21043004361139334 -14.800013492318303
-0.20626964672198922 -0.027778697801413406 0.9781008009349771 101.07391308316714 -0.04405655934807975 0.9988468808212335 0.019076903629836724 2.857596780483456 -0.9775028656835719 -0.039156769812520295 -0.20725562708465695 -14.978853426103335
-0.20078158883479869 -0.028312163916996 0.9792268250815596 101.94250233094387 -0.046204229622854635 0.9987435631095475 0.019402688272612476 2.863809482669829 -0.9785458204652108 -0.041348718499885834 -0.20183746116240375 -15.148613324918824
-0.1947240229274393 -0.031121639640189665 0.9803642172381958 102.82669534850568 -0.050178925417988955 0.9985038060374287 0.02173073336693579 2.8704212909958158 -0.9795736982682058 -0.04496212711688727 -0.19599432845435827 -15.318300856599478
-0.18991381742394775 -0.03509385576407846 0.9811733604409947 103.68594427151538 -0.0510301940577145 0.9983629894944503 0.025831385989460116 2.877745400207314 -0.9804736922762873 -0.04516372986495395 -0.19139377277954994 -15.478699346461038
-0.18473533296875838 -0.037247062553800246 0.9820822333613595 104.52275901607715 -0.05264652820918641 0.9982218197322115 0.02795606692709471 2.888640474590347 -0.981377195486242 -0.04653874667012586 -0.18636776877435784 -15.632704422214466
-0.18020947631412115 -0.03818786256718411 0.9828866830917692 105.38905586828173 -0.05828053367814928 0.9979050893152197 0.028085799133610808 2.8996913311338512 -0.9819001599148359 -0.052221833282002694 -0.1820575625671353 -15.777923175548786
-0.17713158925687655 -0.036898870255993206 0.9834952330647897 106.25034916250884 -0.06481487406460326 0.9975649347951993 0.025753309826892008 2.914076096043218 -0.9820506260816309 -0.05918339497596984 -0.17909185791597437 -15.923081857355964
-0.17137170535848023 -0.034794752630561115 0.9845918259826781 107.08165778547803 -0.06641019464592379 0.9975110812465355 0.023692379311878 2.9193530422280927 -0.9829656273998683 -0.06132673136361867 -0.17325590140205271 -16.06610202725236
-0.16643535241962898 -0.032913193951039685 0.9855029148251645 107.9728098575097 -0.06887551780510186 0.9973897018504307 0.02167823078086626 2.9228153496947016 -0.9836439582044071 -0.06426899957717286 -0.16826781980318267 -16.215937444534898
-0.1589953748073492 -0.035607486309717926 0.9866370040235536 108.85652335872986 -0.07239532602601804 0.9970795128159109 0.02431793355473317 2.930258188868797 -0.9846214437840856 -0.06756146861554382 -0.1611088464332538 -16.354532591828544
-0.15322196969425284 -0.039525875299134344 0.9874009991816147 109.7481578960744 -0.07291316209750084 0.9969283435283519 0.028592807885204404 2.9399520465002285 -0.9854981982712893 -0.06761348276530298 -0.15563328099217422 -16.488759543402487
-0.14640359613538784 -0.042003351642115924 0.9883327908601716 110.60572428291492 -0.07362471593172683 0.9967897890464941 0.03145659957177095 2.953545094915075 -0.9864813167225213 -0.06816036167359273 -0.14902609454027244 -16.611601537351607
-0.1410032354958775 -0.038913011003699066 0.9892440877530277 111.4401944274047 -0.0784642524926546 0.9965232069829133 0.02801533553714482 2.9655630179390466 -0.9868948518765628 -0.07367004492407926 -0.1435662767519626 -16.723555280886828
-0.13553384922925749 -0.03654666776464778 0.9900984379284726 112.30649917038542 -0.07848931289522137 0.9965747710820404 0.02604137868883191 2.9790196032168077 -0.9876588497423274 -0.07418265779870366 -0.13793813761097207 -16.836331145785717
-0.12941552882412516 -0.03578001167892057 0.990944706663005 113.15015313153019 -0.07982901080798727 0.9964809592891974 0.025554389202241012 2.991276582216994 -0.9883718682422071 -0.07579900090593324 -0.13181639324860955 -16.939632354227193
-0.12318100532666937 -0.036970137627476786 0.9916953407425675 114.016536305321 -0.08049578333162966 0.9963852179003276 0.027146388628036356 2.9993749727947523 -0.98911418390019 -0.07648337383721035 -0.1257116730217967 -17.04222257479745
-0.11468605968946782 -0.038528870363189874 0.9926543375523229 114.8959729225509 -0.07858318448548725 0.9964680891956785 0.02959780956141354 3.007181321551398 -0.990288741140191 -0.07461148278415551 -0.11730872008391352 -17.143484006044766
-0.10678653790478182 -0.03878600387414122 0.9935251789591373 115.75791898883492 -0.07701888532400934 0.9965591418081678 0.030626266210810896 3.0158978665149863 -0.9912944701882271 -0.07324972888716695 -0.10940635535561388 -17.23834200571144
-0.09999867805651425 -0.039165903406788494 0.9942164233190277 116.61752661279648 -0.0779626933510747 0.9964612653390634 0.03141281783475585 3.0255857523861702 -0.991928466590407 -0.07437054987831793 -0.10269828858554914 -17.326533818547514
-0.09120135582617755 -0.03978058889880025 0.9950375959944086 117.46757959568757 -0.08069117726531742 0.9962113835459816 0.0324316697833814 3.0440595564589965 -0.9925579311088116 -0.07733294278808885 -0.09406577141941758 -17.405540044892437
-0.08346225103638338 -0.04032917937759192 0.9956945364632017 118.30188186095188 -0.08349938633364642 0.9959499355112407 0.0333403424856475 3.058294117232716 -0.9930064980320343 -0.08035722273626575 -0.0864916852666775 -17.472626057621046
-0.07867968252623891 -0.04126478632177733 0.9960455436210678 119.16622330694959 -0.08427464221104133 0.9958416903076396 0.03459931394441938 3.070193013208086 -0.9933314110797924 -0.08121911877779504 -0.08183008314298112 -17.541336278020363
-0.07248522050582623 -0.04143896387465666 0.9965082564039383 120.06126666957665 -0.08491127840827996 0.9957654354572472 0.035231695214833644 3.0861881734337393 -0.9937484428200598 -0.08206101279922313 -0.07569691255971028 -17.609773199327016
-0.06746619745754923 -0.04039071883451592 0.9969036573474139 120.94202018960392 -0.08697110406538822 0.9956149057916892 0.03445266931680971 3.105267023264122 -0.9939237089728097 -0.08437742113526052 -0.07068317723685391 -17.667100489278834
-0.06273297730480937 -0.04177114572055173 0.9971558278141219 121.8097269452128 -0.0887274129847076 0.9954009784593578 0.03611562358860787 3.1232805027874115 -0.9940784776583362 -0.0862094163496384 -0.06615071268806766 -17.720351679930364
-0.057296593656355144 -0.04433358256954928 0.997372364672256 122.6770645461604 -0.08873608517801829 0.995285747964286 0.03914316142637318 3.1423627454567074 -0.9944058565508643 -0.08626014929108682 -0.060960471632209356 -17.768474068083798
-0.052955940810517854 -0.04583437911398082 0.9975444240855186 123.57847919388908 -0.08976379003542 0.995120556568329 0.0409577818444327 3.162660858251289 -0.9945542369983399 -0.08737441036353256 -0.05681181287615328 -17.814359353690232
