1.0 0.0 0.0 0.0 0.0 1.0 0.0 0.0 0.0 0.0 1.0 0.0
0.9998863979180448 0.0006982068093569544 0.015056685084327708 0.007918299175798893 -0.0006982658759349037 0.9999997562114635 -1.3341359261018097e-06 0.012619990855455399 -0.015056682345183276 -9.179585033601092e-06 0.9998866416911926 0.1518092006444931
0.9993275091354006 0.00344880766455597 0.03650527648065175 0.01841773400477746 -0.003507386027711979 0.999992662161364 0.0015407357596014684 0.023471419219389708 -0.03649969490952681 -0.0016677377255443755 0.9993322725312088 0.33148808529190443
0.998028196768696 0.004217747737266642 0.06262530685473448 0.04272090798862497 -0.0044194310748679804 0.999985483906191 0.0030823052858959883 0.03113923724574924 -0.06261139739376022 -0.00335299581356035 0.9980323493431839 0.5474324222752598
0.9957354611687061 0.003337846732468432 0.09219408956291428 0.08041992074682883 -0.0037818120210730602 0.9999820781066535 0.004641267427769896 0.04110409749969286 -0.09217694543095564 -0.004970135278778668 0.995730238812867 0.8028612608690832
0.9920602719580125 0.0005931461361225709 0.1257619377246382 0.13438536380301894 -0.0014251127165558802 0.9999776929289891 0.0065255419822215265 0.05177612520645471 -0.12575526174415005 -0.006652955890266206 0.99203898729918 1.0850764568143871
0.9866993532029217 -0.0029003393381843434 0.1625299185401249 0.2059214527273986 0.0017293974724802614 0.9999715260979475 0.007345486894982541 0.05923802900807183 -0.1625465950837434 -0.0069667083379140946 0.986676273861704 1.3711914542906594
0.9794547971827107 -0.0037146324721075144 0.2016296153380561 0.2889132114349882 0.0019505714542151593 0.99995807235249 0.008946999949403825 0.06870916643078098 -0.20165439629915657 -0.00836988904883425 0.9794209766032853 1.6801026521409386
0.9699667821120183 -0.004984926332032754 0.24318633207629306 0.3891801001565173 0.002182381612083141 0.9999280866560731 0.011792316431659462 0.07999537638894057 -0.24322762756265195 -0.010907429843430159 0.969907907568783 2.0203047712362405
0.9584277395136782 -0.008626775605705878 0.2852049208435051 0.514043401566442 0.004108070191020882 0.999856444756173 0.016438176262951583 0.08784474863415101 -0.2853057866395403 -0.014583162283778412 0.9583255915855521 2.37116500482437
0.9456909452405882 -0.015236449032307833 0.32470985003668845 0.6490669925080694 0.00871960086270265 0.9997304895731225 0.021515500893076536 0.09438095662944296 -0.3249501571791557 -0.01751567408839031 0.9455689274243688 2.6759693149352173
0.93059774433684 -0.01981160760286258 0.36550696086309437 0.7960524267242478 0.011186143509551522 0.9996070781406939 0.025701352579354173 0.10282388228475553 -0.3658725303006077 -0.019829007418798214 0.9304537076266697 2.9825807281356393
0.911807511872177 -0.021738400930883552 0.4100420749367534 0.9755966518840824 0.010256059898577159 0.9994918074566751 0.03018178361769805 0.11675548988007094 -0.4104897983249117 -0.023314560942829486 0.9115670884357423 3.3222099056325587
0.8904271777313622 -0.02530558570332898 0.45442168576067393 1.1720526651037748 0.010520645837130745 0.9993306994742391 0.03503525509394455 0.13135400671912187 -0.4550041287378949 -0.0264155336977994 0.8900974454580406 3.6531043454422143
0.8660049678769612 -0.03127470933559584 0.49905639778325395 1.4053815395051303 0.013025107468437339 0.9991143844701471 0.04000991527452685 0.15051225040550076 -0.49986572415785724 -0.02814852217813847 0.86564537687862 4.003260320118697
0.83969171305898 -0.03693155210194685 0.5418061345900548 1.626266086151205 0.015498799798207369 0.9989082459490239 0.04406930201239193 0.16403053861498929 -0.5428421632711394 -0.02860728289064709 0.8393473709619421 4.2926071607368765
0.812156497533544 -0.04282332120883432 0.581865952496528 1.8652633086808132 0.01849363364995437 0.9986911026866718 0.047687177824872695 0.1852207699147435 -0.5831464730481253 -0.02796863556065536 0.8118854268900307 4.564201056623783
0.7792157956580169 -0.04747256639658544 0.6249552777893518 2.1354338939522526 0.019961676389225715 0.9985012436041445 0.05095878723742357 0.2040423911097693 -0.6264377664802593 -0.0272327369300069 0.7789955730082974 4.851082306575655
0.743714707584543 -0.051624972711847975 0.6665007846319001 2.42475725268954 0.020807530442857495 0.9983182501320813 0.05410839241826184 0.22804429732396533 -0.6681732413074525 -0.026372971878800645 0.7435381536646071 5.136475935982467
0.705725402293768 -0.05264934380973346 0.7065265056271449 2.7490761863961057 0.01687185002620689 0.9982010984672691 0.05753179725535011 0.26054988098362414 -0.7082845453869461 -0.02868124152023424 0.7053441636186306 5.4291931973722125
0.6671032063636555 -0.055425695689915525 0.7429006019089089 3.0900804943355835 0.015274097357521499 0.9980364483042912 0.06074495704228523 0.2861884894338529 -0.7448087096760102 -0.029176019492812993 0.6666398922036634 5.706883310435402
0.6314509269048144 -0.05815965379616903 0.7732316480727883 3.445805390897301 0.015370825869776124 0.9979260973109959 0.06250793563801094 0.3155233943322027 -0.7752634807748471 -0.027585484878001644 0.6310353210406798 5.962847859638811
0.5960266297896735 -0.06145986530433113 0.8006091065796948 3.8508816392707512 0.015705316364192753 0.9977679836018227 0.06490295784518316 0.3463996015299534 -0.8028110609722965 -0.02611007192495794 0.5956615352065378 6.240852360916876
0.5624600569425848 -0.06268798773665163 0.8244446012544894 4.271915878236082 0.014360224638746245 0.9977119367049327 0.06606568931614512 0.3848671522087176 -0.8266997449452064 -0.025320101698494052 0.5620733263174023 6.511164876251504
0.5310548818123009 -0.06361489796855185 0.8449460676633591 4.692303442734257 0.014597722130587899 0.9977166712905048 0.06594202254702872 0.4239476030544034 -0.8472116730852575 -0.022684545079093774 0.5307709415582518 6.7636895649904485
0.49750214706450746 -0.06389123754112888 0.8651066543679274 5.182956144182471 0.015900700475213202 0.9977880365252978 0.06454612220256706 0.4649273222869504 -0.8673170016727466 -0.018356032590246978 0.497417605917747 7.030962604764591
0.46868714118961174 -0.062420873145518405 0.881156057846316 5.686869812371281 0.017309144100317735 0.9979577036711795 0.06148833396556455 0.5081849611250947 -0.8831946315586523 -0.013566734282702757 0.46881039504993827 7.284655297679548
0.44321284573118636 -0.06103823586204682 0.8943359028584915 6.238706678670011 0.018147806768658292 0.9980855846900206 0.059125483029465735 0.5508347962130893 -0.8962326876924048 -0.00997493843737101 0.4434720623836631 7.549083411501648
0.4199502815460848 -0.06076761831825877 0.9055103851382879 6.835017915652535 0.018275806657851147 0.9981197125306374 0.05850670345150682 0.5956531042505909 -0.9073630783321355 -0.008020973861329904 0.420271231537381 7.822505049214931
0.40373201015213417 -0.06215937241216077 0.9127632093811865 7.450090469563633 0.020380095868701344 0.9980526951163539 0.05895311241457156 0.6438556891846349 -0.9146502695953792 -0.0051990568672476145 0.40421263480597874 8.08798511320338
0.3924965957075852 -0.06457190804586886 0.9174840004323085 8.08831796102511 0.022223443277731205 0.9979071113791708 0.06072491768426742 0.6894903772384244 -0.9194849324088122 -0.0034446698238649806 0.3931101541845068 8.360073925894625
0.38344240769933774 -0.06639208271966995 0.9211753423371033 8.732792891160896 0.02172343040365905 0.997785202861645 0.06287115015524472 0.7337890223629973 -0.9233092724267596 -0.004096376751526767 0.38403542434035604 8.633355829636692
0.37645047366046047 -0.06845524564416494 0.9239041726416285 9.372760914678352 0.02145591027219748 0.9976430582180668 0.06517647047588994 0.7777314607173649 -0.9261882555912736 -0.004712508153858149 0.377031971418464 8.896510376262151
0.36616066355969457 -0.07054987789936201 0.9278734198100027 10.085482627564348 0.020754723652252068 0.9974930121028511 0.06765302840302308 0.8267482369507961 -0.9303201652698081 -0.005514121359447111 0.3667069464272398 9.180365333635233
0.3559620993550463 -0.07250318618470449 0.9316835685015671 10.788931802906589 0.019798808646562274 0.9973470749686579 0.07004869183388857 0.8716349444848175 -0.9342906351874266 -0.0064884547103568335 0.35645323530099526 9.448206262349567
0.3454540173681705 -0.07416198645926005 0.935500679662291 11.482015952726094 0.02016416528546132 0.9972289074082767 0.07160944538002906 0.9193778149714222 -0.9382190193779555 -0.005874180258665783 0.34599214685272317 9.706056180519575
0.33480675494646434 -0.07533656354233119 0.93927037589602 12.23599112716571 0.01938176091328123 0.9971385170916152 0.07306931692738938 0.9744374291515195 -0.9420874610067363 -0.006259387028069559 0.3353088664021789 9.972031494873692
0.32510188122818007 -0.0778172712948248 0.9424718770924287 12.99372880449245 0.01761508718961189 0.9969340526794868 0.07623780762428095 1.0298507831763315 -0.9455149261250193 -0.00818333039062552 0.3254758940052507 10.239769498957333
0.3151799505462104 -0.0811514296488965 0.9455559445319078 13.758461093082538 0.015571276515583335 0.9966454174845357 0.0803457973683172 1.0879379024722957 -0.9489041754157074 -0.010599871367882145 0.31538628474558106 10.499585840681776
0.3033681219218994 -0.08529476299762423 0.9490482527283629 14.567941722928555 0.015992846268244418 0.9963011141549398 0.08442937167754919 1.1472544202981465 -0.9527392148273418 -0.010435197113833415 0.30361010390198734 10.76167374945962
0.291884831740537 -0.0883625697696914 0.9523630091847829 15.378223569187702 0.015140332780373904 0.9960254023790013 0.08777339083713324 1.2083018053564936 -0.9563336318059185 -0.011200628529017126 0.2920625456943376 11.00987121326174
0.2773823740156042 -0.09023954825376056 0.9565123326525514 16.17093118378213 0.014798346439363633 0.9958624419215698 0.08966050252295668 1.2709694600286556 -0.9606456305673433 -0.010715442173133506 0.2775700844307725 11.233443385586607
0.26382239246206823 -0.08962517845086101 0.9603983926596513 16.965253444789642 0.012976919193441232 0.9959135309398657 0.08937470816252242 1.3319341374095384 -0.9644839785107047 -0.011116036997980666 0.263907349116356 11.448006645780305
0.24756858960198574 -0.08916554065928278 0.9647586743851653 17.74403992787974 0.01222142908736807 0.9959643709337311 0.08891348886215023 1.3947622281232237 -0.9687932855431782 -0.010221457308772879 0.24765922493809706 11.645137869481337
0.22727969865250314 -0.08840513208742726 0.9698084714009421 18.575516690436643 0.009793726801398221 0.9960280259601626 0.08850002495616219 1.4606041675509398 -0.9737802737249133 -0.010616219784193102 0.2272427653011791 11.843342034023436
0.20452698208929554 -0.08722941025844527 0.9749665345966544 19.39278074768889 0.006310994484832508 0.9961183135987588 0.08779793085134427 1.5284437753105218 -0.9788405819877196 -0.011804037407974345 0.20428357681128884 12.023406726532102
0.18078305982450754 -0.08731202503902123 0.9796397784716963 20.203042173492758 0.003418858924028642 0.9961014964059509 0.08814828564120378 1.5934862652578714 -0.9835170545975024 -0.012586466597540126 0.1803767839120181 12.181217484342268
0.14832134136469566 -0.08798234880628242 0.9850177084673694 21.01686593934421 0.0006244050635057993 0.9960427619801437 0.08887309168293583 1.659766399636936 -0.9889390222931312 -0.012566726124830722 0.14778933513758497 12.31072214864715
0.11621778158203538 -0.08840023430502615 0.9892819748782281 21.82114674044857 0.0003115882844263451 0.9960345232798884 0.08896702393216843 1.7265809241651593 -0.9932237059982468 -0.010031301481986242 0.11578446715205876 12.40991614641011
0.08227192790809562 -0.08789020690843283 0.9927268715048857 22.63510346378735 -0.000801223057588972 0.9960975893169354 0.08825503157668647 1.7920511462138566 -0.996609596542145 -0.008056307254741726 0.08188044939739941 12.480987860092851
0.0486881906243527 -0.08633098561135677 0.9950760880541238 23.48617105725606 -0.00387282244322721 0.9962338165084609 0.08662092178746117 1.8652731863391652 -0.9988065184709449 -0.00807116895857981 0.0481704773859688 12.528246843854598
0.017192424501657255 -0.08414153694424334 0.9963054864349667 24.28425223863077 -0.008028937982292268 0.9964090171294777 0.08428882925954635 1.9330582986577516 -0.9998199621405004 -0.009448404295381699 0.01645511961790902 12.546322943506617
-0.014272439264288395 -0.08082831580580413 0.9966258479697605 25.12518985022066 -0.007411418326973944 0.9967085421289115 0.080728885323919 1.9967691935627587 -0.9998706758155425 -0.006234212962119699 -0.014824514592833904 12.533130050791632
-0.044285751783876004 -0.07770997342740016 0.9959919338121418 25.946005459414078 -0.00549282194690992 0.9969739272107168 0.07754235854744249 2.0565543580281695 -0.9990038043451069 -0.0020367847096202304 -0.04457858692298561 12.491008204723014
-0.07471761387744041 -0.07320367495449463 0.9945142030909456 26.773348620901125 -0.002633125230880426 0.9973129352026566 0.07321185647817047 2.117289614503337 -0.997201255929805 0.0028515347829588186 -0.07470959725096465 12.423606726896884
-0.10512967879978341 -0.07036399824378829 0.9919660570738309 27.590026187923453 -0.0014587547496395098 0.9975034851770982 0.07060218901792942 2.1733373648979915 -0.9944574514125957 0.005975350256778887 -0.1049698648149745 12.334411366427037
-0.13186783611173153 -0.0670842908485008 0.9889947278527642 28.36064265749308 0.002726873507243363 0.9976790757728948 0.0680369453004611 2.2239938169862232 -0.9912635562553911 0.011668748274609106 -0.13137885048065695 12.223755494334794
-0.1604648630665657 -0.05922177332005014 0.9852633197708403 29.177483802663783 0.005606820534015129 0.9981276263072447 0.06090816994266529 2.2728826296587092 -0.9870256284841481 0.015297815762187958 -0.15983236702363657 12.081774561002188
-0.18585160103665999 -0.04703564034821356 0.98145138999807 30.00653146837837 0.007022450616213656 0.9987644973153484 0.04919516327610292 2.3183092522013675 -0.9825527301775988 0.016035193776599326 -0.1852916754230851 11.92618748961487
-0.20826076564117496 -0.032402152215984595 0.9775364719673247 30.793113546030607 0.006808725362350006 0.9993788525390477 0.034576731434261564 2.3537060253978446 -0.9780496381848378 0.01385675393117466 -0.20791078763979315 11.75966939069176
-0.23083287380373957 -0.018252165982755378 0.9728222051374263 31.604098951590487 0.005593107354216684 0.9997826284977851 0.020085141378247497 2.3794209305172163 -0.9729773386475303 0.010077409934994706 -0.23068061099141174 11.575694700215509
-0.2551335707426924 -0.008118624902239266 0.966871733483703 32.39640571277108 0.0077290484078005785 0.9999156765480273 0.010435593141329112 2.395808816843794 -0.9668749261878674 0.010135468573194844 -0.25504930775441903 11.368066449908845
-0.280385319670109 -0.004087087627822958 0.9598788299718946 33.20858991247289 0.009070286527617414 0.9999350086935987 0.006907118881242822 2.4049938006150544 -0.9598446761928712 0.010643030755155956 -0.28033002600604 11.134498060177599
-0.30406762788982694 -0.004809089879646597 0.9526383103381807 33.98945647650807 0.01004705775080423 0.9999154553564762 0.008254621118086924 2.412893969884849 -0.9525974670867051 0.01208117518210222 -0.30399360339687026 10.88567530119557
-0.3253308154193713 -0.009327347447775157 0.9455542613346712 34.75351670470248 0.011032612275821817 0.9998458471278084 0.01365882306959835 2.4154957663203604 -0.9455359020179712 0.014875569597957874 -0.3251777597318089 10.624854517130185
-0.3449156068395013 -0.011532181820735522 0.9385628550827015 35.49991821709154 0.016017898437461868 0.9997065972435671 0.018169930031110823 2.419253292088857 -0.9384970170907235 0.021300896932800822 -0.344629686332551 10.343198277419177
-0.360551962880374 -0.011673542408283954 0.9326660766162518 36.24673842346269 0.01733312702831503 0.9996651594566281 0.019212799795320114 2.4257771368981214 -0.9325780636335654 0.02309323225962 -0.360228896471776 10.05348672022798
-0.37219521301127784 -0.008777924311060212 0.9281129626593302 37.00752751784253 0.019148699314673688 0.9996698259972048 0.017133776737051177 2.4314997598974752 -0.927956922882763 0.024149265734348915 -0.3719042379947371 9.746854452086108
-0.3814354378940109 -0.006405449252685077 0.9243732887413373 37.78009978162005 0.019788378216697957 0.9996902645812519 0.0150928787519097 2.4379320861852194 -0.9241836542625915 0.02404880706684242 -0.3811905403764694 9.424398584311682
-0.38982362958306654 -0.005246364938962223 0.9208745916103948 38.55811747605782 0.01509716399788456 0.9998129724955676 0.012087004128348962 2.4405035215711597 -0.9207657755683066 0.018614394551125603 -0.3896715166105806 9.103967629788983
-0.40024502824046215 -0.006150539620801305 0.916387520774462 39.34145365657938 0.015196618205126532 0.9997954301210106 0.013347685352577122 2.4429299820363695 -0.9162821509578366 0.019268335982038986 -0.4000696827610959 8.757693537971672
-0.4092231856538088 -0.005508616841103753 0.9124176891445313 40.11243614762112 0.016442757420700664 0.9997748694620502 0.013410671890124463 2.4435366019489932 -0.9122861503123636 0.020490620601594508 -0.4090404801674391 8.40733458146584
-0.4156777415461353 -0.003715000481360039 0.9095043781942602 40.87084429891556 0.018476841752752195 0.999750793744614 0.012528237140884822 2.449261178903069 -0.9093242664209222 0.02201247778960804 -0.41550551057671165 8.053723275447316
-0.4214786426043515 -0.0005221224975718777 0.9068381780761611 41.63460535206587 0.01952771214096382 0.9997627286136762 0.009651680344726191 2.458894245135635 -0.9066280506839247 0.02177645203045365 -0.4213684419246799 7.696534312535107
-0.42213932042462426 0.00034738056881683174 0.9065309004541309 42.40603437170819 0.018386691120877208 0.999797497002858 0.008178910468137141 2.464015900903383 -0.9063444840352162 0.020120743365014043 -0.42206022312624697 7.343085702254075
-0.4220472749508861 0.00032708430621080503 0.9065737646338481 43.168078035550025 0.02046379533644334 0.9997485768332792 0.009166035143997327 2.4681591816906296 -0.9063428329208321 0.022420440131484146 -0.4219478558748122 6.989516201602617
-0.4200841030128574 -0.0009144433605362892 0.9074847162289972 43.956447076152664 0.01841575665790092 0.9997849744974661 0.009532296460900005 2.47466480211125 -0.9072983006170574 0.020716383913267293 -0.41997693405109543 6.631179386501045
-0.413650431144742 -0.0020096822996827236 0.9104335681370846 44.76616323494309 0.016250168480663546 0.9998219644728877 0.009590171110344735 2.4826819039819337 -0.9102907518140121 0.018761677287225244 -0.4135441289962305 6.272704743761933
-0.4057271055145365 -0.0028481868875792054 0.9139898269030403 45.56093339696257 0.014815824626425321 0.9998432603056733 0.009692582832289428 2.491707588711511 -0.9138741747042834 0.01747405656323696 -0.4056213137346084 5.925173862555261
-0.4001504444704197 -0.004001505261956904 0.916440728986749 46.38704042354465 0.012291172622257308 0.9998770944395057 0.009732578835109525 2.5004556725885574 -0.9163670382907142 0.015158626944755935 -0.40005208056383645 5.571570526886427
-0.3949121485051743 -0.005539383854495422 0.918702187974721 47.22879636716296 0.008950992072156052 0.9999111613083108 0.00987670147314227 2.5058249883725816 -0.9186752825149653 0.012123725400136981 -0.3948274820456028 5.223930593930833
-0.3933849722615641 -0.007316974136661969 0.9193447261437093 48.091583991752834 0.0056731735079479685 0.9999299718594774 0.010385878848382636 2.514860063888888 -0.9193563393489583 0.00930125080771314 -0.3933159137796167 4.867099115582797
-0.3937909832572392 -0.00888017236254092 0.9191571160819615 48.965137333422945 0.0032069970802352825 0.9999339749093004 0.011034536320752148 2.5216224959866773 -0.919194417234474 0.00729303509508904 -0.39373650448501424 4.505621561714662
-0.39485445879180064 -0.009734426233741007 0.9186921123630779 49.863047482023916 0.0024622262551026062 0.9999290644504029 0.011653476271511172 2.529329127936148 -0.9187403843383085 0.006863454905646679 -0.3948024812139042 4.131460817205221
-0.3965615585157818 -0.010376437606400762 0.9179494865460381 50.770242109533335 0.002550939023309184 0.9999198004995892 0.012405050542484065 2.534999435710761 -0.9180045876887729 0.007260999343251442 -0.3965032848172936 3.744512629144203
-0.3958853590707207 -0.011119505261208742 0.9182326170835977 51.69830427769536 0.0024340767707732996 0.9999104668544709 0.01315802208344913 2.542677648663645 -0.9182967155248465 0.007444116980576289 -0.3958228484797954 3.3458356308299164
-0.3961230151385179 -0.01173286937474304 0.918122484559552 52.63007736849979 0.002538517375278094 0.9999005406217732 0.013873168124879653 2.546864907889758 -0.9181939407375247 0.007826151066838823 -0.3960538328969613 2.9522447249698995
-0.39716269988549974 -0.012257499583610082 0.9176663574108068 53.57434178864576 0.0020916172642565156 0.9998961175787628 0.01426110753542173 2.552507313884199 -0.9177458335273883 0.0075833867681133725 -0.3970958036648648 2.54611344694694
-0.39645192367353826 -0.01337323764266379 0.9179580756932771 54.54840912060841 0.0003047153978177966 0.9998919249341964 0.014698489715418907 2.5570474357951083 -0.9180554337097938 0.006106960482988478 -0.39640500207437085 2.133400363993806
-0.397303455577861 -0.013861555434840299 0.9175825965365829 55.50217222773208 0.0002158819899076691 0.9998844753799545 0.015198331787395436 2.560502040236673 -0.9176872656743458 0.00623643929499602 -0.39725456478694215 1.7252094147265162
-0.3957121651406737 -0.014165470576027517 0.9182653330073175 56.478407900234075 -0.0013264795047206093 0.9998888082975861 0.014852996107065567 2.5679236362636546 -0.9183736292009933 0.004659451104223262 -0.3956869554377596 1.313024936754814
-0.3942123031950198 -0.015996896535328486 0.918880165914422 57.42476851173254 -0.0022696833536009677 0.9998623930495627 0.016433000416117012 2.5693756743402547 -0.9190165986243949 0.004392523925912148 -0.39419436473192776 0.9166547945554007
-0.3935980337686595 -0.01798382708739693 0.9191067238230476 58.420858045387824 -0.0001011199738481152 0.9998094692511614 0.019519604772174064 2.576313550634748 -0.919282642927732 0.007589938010392441 -0.39352485976466894 0.49265816353121195
-0.3913533552127185 -0.01961844574388808 0.9200313407435327 59.41465073869988 0.0011175553421303424 0.9997618586773895 0.021793967146646494 2.5809495134089335 -0.9202398070252152 0.009557328106011138 -0.39123823310825456 0.07356738486524367
-0.3896172067092198 -0.02000853362819526 0.9207595184510201 60.37689433083621 0.0019087026030280459 0.9997442873218336 0.022532572461491266 2.5879276429136935 -0.9209749123024352 0.01053653403204963 -0.3894793863096135 -0.33140864493094485
-0.3889990523848359 -0.020181818114694702 0.9210170636102706 61.35044512019022 0.0018339355479541526 0.9997410610001345 0.022681438021679556 2.5971400058125305 -0.9212363290296934 0.01051214383038596 -0.3888613132055998 -0.7329845857174986
-0.38669993056692237 -0.019882898742594638 0.9219912331671758 62.315146905334736 0.0015925675115054765 0.9997516642029525 0.022227767592551656 2.604967631294836 -0.9222042221917328 0.010063809468532324 -0.38657223427287485 -1.1326198794642224
-0.3866876383474179 -0.019228512595744346 0.9220102681926333 63.26624336163195 -0.0013290933550586144 0.9997931872167585 0.020293257644086023 2.6114277283612486 -0.9222097938431092 0.00662171415201667 -0.38663322288900487 -1.525364167215911
-0.3883740242296983 -0.017405071083585816 0.9213374413341756 64.22254080749913 -0.004014358897103152 0.9998440797338415 0.017195963009771182 2.6192234415324434 -0.9214930831136364 0.002979886199755766 -0.3883833390504304 -1.9221654849860488
-0.3916405600021575 -0.01692333514382531 0.9199626473334702 65.183540769856 -0.005814890730329885 0.9998563989019129 0.01591755699514785 2.6234302787365977 -0.9200999178388135 0.0008844786652168271 -0.3916827273323398 -2.3244703976804955
-0.39589863790132374 -0.018729962766738488 0.9181031842895617 66.16334026312231 -0.006449285377246686 0.9998240242716228 0.01761610647731758 2.62689499689009 -0.9182715694313961 0.0010530831182524267 -0.3959497642251434 -2.745155255109312
-0.40031833001204914 -0.021214969878527203 0.91613053639174 67.11753696642394 -0.0030983945213477974 0.9997576020504373 0.021797639637115177 2.6293628564739 -0.9163709044965114 0.005887460862938811 -0.40028702601612415 -3.1624592565071117
-0.40571660330668396 -0.022542778266174984 0.9137208878806093 68.05469601223962 -0.0038544054150868746 0.9997291089596403 0.02295326246222614 2.6387416338255942 -0.9139907993848642 0.005790668942856193 -0.4056935873205432 -3.5697759145247048
-0.41001749658698033 -0.020548229687255726 0.9118461617779972 68.98107834923452 -0.0035231058339656156 0.999774411767109 0.0209454840243413 2.6408743142081668 -0.912070852630336 0.005375484392223793 -0.4099973950523597 -3.9801124365430014
-0.414642728099303 -0.018275324012221025 0.9098007587195208 69.88256364601138 -0.004062455091337663 0.9998255264785043 0.01823219845801946 2.6504133445291655 -0.909975221911563 0.0038638237835181086 -0.4146446266054482 -4.386897601478466
-0.4200957099941997 -0.01633205587978398 0.9073328266932752 70.78391447070135 -0.004578143925702719 0.9998634566445128 0.015877930125874955 2.656541458142377 -0.9074682556666458 0.0025163500603512367 -0.42011311921875166 -4.800671198943896
-0.4244390804583585 -0.015479876464413532 0.9053241631616321 71.67018317339421 -0.005238017383813372 0.999879095896341 0.014640927682439159 2.663224685432299 -0.9054413455070128 0.0014720781779648806 -0.42446884789379774 -5.211248919516865
-0.4272087288061156 -0.01670596606136785 0.9039986796062368 72.55153937570911 -0.004965929617672354 0.9998575604836842 0.016130662932702176 2.6669485795470442 -0.9041393927790645 0.0024019661888863104 -0.4272308380530744 -5.623876651943791
-0.4314041628622278 -0.022321019426339437 0.9018825978789642 73.48542558909769 -0.002473639699873527 0.9997193836247875 0.023559183167299297 2.6750377745187515 -0.9021553798386261 0.007932597093268164 -0.43133831794958843 -6.06351844347538
-0.4323803315506224 -0.029557361365267244 0.9012067527916651 74.37122943580067 0.0004383399979320784 0.999455586097749 0.0329899875121518 2.6861450333656167 -0.9016912202889747 0.01465925670451016 -0.43213198151334653 -6.4900312693548505
-0.43338898957752137 -0.031847790491494735 0.9006440484196767 75.25745280781952 0.0014240141955003897 0.9993499329822734 0.03602337618681796 2.697650969375781 -0.9012058343666813 0.016894664516818536 -0.4330619059837959 -6.907989101934009
-0.43307382134703326 -0.02745229168611267 0.9009403070931273 76.12635631106092 0.0002939801240478667 0.9995317358102862 0.030597756188371406 2.713795029052055 -0.9013584075380695 0.013515945740381799 -0.43286295795687874 -7.322097052834485
-0.4328050661401019 -0.02225323110427982 0.9012128319264442 76.95439119885826 -0.000796737891034887 0.9997043305937567 0.024302604815567185 2.7273556131636925 -0.9014871823449265 0.009800260073495663 -0.432694828915596 -7.722079233481649
-0.43312624386636195 -0.019380773200838246 0.9011248761988289 77.82021415949167 0.0027176576099804776 0.9997361726504681 0.02280788090351597 2.737673670977777 -0.9013291691781267 0.012327640663635658 -0.43295930301165325 -8.143993743364808
-0.4301519521752592 -0.019903670480998087 0.9025370584863526 78.6893615150245 0.00429069092272012 0.9997005529571246 0.024091375814290397 2.746604541019792 -0.9027463032387448 0.014235459901370748 -0.42993774394693157 -8.556402511255937
-0.427280880907444 -0.022117065079313457 0.90384837458682 79.54418064583923 0.003907925111142902 0.9996462291885486 0.026308640984316744 2.7583459152416063 -0.9041104893387117 0.01477335105497007 -0.42704328956947935 -8.957300463837733
-0.4245856536867519 -0.0263627993957782 0.9050038814786442 80.41527818820636 0.0023639064429890316 0.9995403043280449 0.030225683948065657 2.7788930973207067 -0.9053846887537488 0.014972736283576068 -0.4243281543080309 -9.35853750144482
-0.42076651677036697 -0.031336047696225965 0.9066275919470533 81.304738224087 0.0014268687793212026 0.9993791264213181 0.035204058272449275 2.7991439157796103 -0.9071678468786354 0.016106327580899915 -0.42046056152918504 -9.76140426854433
-0.4194248626942859 -0.03457713428861088 0.9071313060071661 82.17922821821675 -0.002609331385501505 0.9993161292997501 0.036884483337652686 2.8204399374780955 -0.9077863052192404 0.01310326317190919 -0.419228253521453 -10.147460919220475
-0.41712397904436815 -0.03697024744467817 0.9080973444020597 83.06269672973849 -0.006825320813993065 0.999271554376393 0.037546978706327075 2.8489639169067638 -0.9088239659592938 0.009463689453198105 -0.41707246070671444 -10.533052348482787
-0.41450172708806515 -0.037630545004865845 0.9092701800475191 83.91294605437612 -0.004733155415723996 0.9992203508270898 0.03919550653835395 2.8665375847294006 -0.9100362165764733 0.011942888077191014 -0.41435667237725743 -10.91674106283616
-0.4126200886647408 -0.035683001462046116 0.9102040352783332 84.76526115094101 -0.0010139211338788673 0.9992498079451548 0.03871425171051966 2.8857978511557048 -0.9109026481431679 0.015051402865873191 -0.41234672410185763 -11.298927900644967
-0.4079256322274625 -0.03327253658843901 0.9124086896127175 85.63582217441126 0.00019320141908620372 0.9993325841122255 0.036528742173716315 2.907828439632349 -0.913015137467631 0.015077288899306962 -0.4076469478781979 -11.684867462984394
-0.40119617407234787 -0.03257809461853763 0.9154126379184069 86.4926742746247 0.003944620435728775 0.9992966187153735 0.03729219480856559 2.929400751891985 -0.9159836624521907 0.018572441278614522 -0.4007854719742522 -12.060346438764327
-0.39156868009260554 -0.0319141629421952 0.9195952669377075 87.35809526488647 0.008586319509217498 0.9992280961518518 0.03833388811523242 2.9463276657494544 -0.9201088217639369 0.02290628875319049 -0.3909924015217368 -12.428300908774235
-0.3806944596095244 -0.03226307716726356 0.9241378805537144 88.20643579065764 0.006597025609493594 0.99927095460777 0.03760370367907681 2.971015249255366 -0.9246773532836845 0.02041208291613882 -0.3802040757215851 -12.765599957238116
-0.3692464485204376 -0.03403459716025288 0.928708084626802 89.07685639230439 0.005060604658489225 0.9992407113578934 0.03863147739165073 2.9961552988237026 -0.9293177338970425 0.018964360287403607 -0.3687938482449988 -13.105507772089616
-0.35663093637851156 -0.036613257989043045 0.9335276345975059 89.93891296580708 0.006976150073831762 0.9990995469187114 0.041850073798900295 3.0201869566944963 -0.9342193043113238 0.021437459883433 -0.35605438737054323 -13.432048823232934
-0.34378412173541417 -0.03836615472837272 0.9382646299493382 90.78109505168848 0.007000788398420176 0.9990325473429752 0.04341610658737805 3.046080923106613 -0.9390226124031362 0.021494360208310213 -0.34318293354248397 -13.738083088687018
-0.33181474672029915 -0.03908590701585132 0.9425344904732621 91.62615346160601 0.007447493990785873 0.9990015945177935 0.044049392551583265 3.0729708128256004 -0.9433151693321807 0.02163575798659468 -0.3311923690004716 -14.036542857609232
-0.3166121055965447 -0.03841831557507494 0.9477767709846537 92.47578564464186 0.01086196928794647 0.9989671065537724 0.04412184999262994 3.0973483736608425 -0.9484929057261896 0.02426423400724584 -0.31586778046380654 -14.325521660763423
-0.3030056219013809 -0.03513735288186517 0.9523407790957042 93.32518652737993 0.012053473837597717 0.9990988046169609 0.040697572180739515 3.118962033342113 -0.952912538937653 0.023810607833808804 -0.3023090274702044 -14.597639428862959
-0.29058425414319566 -0.027742116786267187 0.9564471580804974 94.19012193713529 0.013802929770253504 0.9993540679995053 0.03318020347432783 3.1383951702815565 -0.9567498473340879 0.022843417630850675 -0.29001363398492563 -14.864437840493386
-0.2766087361382427 -0.023807535695801796 0.9606876747081216 95.07881091479054 0.009731452626718325 0.9995724194047562 0.027573124507329017 3.1580656106115423 -0.9609333514462791 0.016975853716848947 -0.27625878170441237 -15.115324618881695
-0.26400567886653065 -0.02609443755244181 0.9641680775959367 95.98594637527953 0.008228566215827852 0.9995366528902014 0.029304781641991764 3.1762333132995426 -0.9644860248983673 0.015670349641115088 -0.26366863279099234 -15.356692021780237
-0.24985689642453512 -0.030182481180089017 0.9678122489093187 96.88384924192941 0.00716330795183962 0.9994290922877506 0.03301782106787783 3.188510269036699 -0.9682562771953954 0.015182467477220492 -0.249498044787964 -15.58419881156724
-0.2383908516152406 -0.030341176601784 0.9706952224403805 97.73312607342484 0.004888472468426035 0.9994617010588103 0.03244088398233015 3.200712300024678 -0.9711569928199487 0.012478826829831388 -0.2381142040657493 -15.782976024086508
-0.23145893103971288 -0.025288082725108497 0.9725159515987601 98.61218746855101 0.002179124998793547 0.999646115419077 0.02651217346408256 3.2130149039816875 -0.9728422352345695 0.008255713151390346 -0.23132191539966312 -15.98539193462738
-0.2265220034317863 -0.019583721464969034 0.9738091495846773 99.4963654025613 -0.0028241033043682508 0.999806849719393 0.01944961939754498 3.2188426534686334 -0.9740019540030586 0.0016556291147514987 -0.22653355709576073 -16.17862570220815
-0.22304005085363493 -0.017335243955463375 0.9746551313322127 100.36404880785331 -0.0061922508180882 0.9998468888837229 0.01636627078312532 3.2227875267783817 -0.9747896140937358 -0.0023849751665931266 -0.22311324512103908 -16.368975582399194
-0.21940105336085136 -0.017876085165050407 0.9754709751516552 101.24544972656832 -0.008316259603937684 0.9998300712742302 0.01645200297738772 3.226149704817362 -0.9755993120181815 -0.004502683082332679 -0.21951243298435574 -16.559146198896617
-0.21371669947574684 -0.01854437167632407 0.9767196520211537 102.12709524349518 -0.010892528127747733 0.9998028896506463 0.016599237247644005 3.226744907050086 -0.976834952894387 -0.007091412084183039 -0.2138765687925463 -16.743492764781745
-0.20853708197315596 -0.022311074202115158 0.9777599405836122 103.00569268800115 -0.015197099643403336 0.9996929784280564 0.01957031027015668 3.230814100157892 -0.9778963818342665 -0.010777979847329523 -0.20881212020824086 -16.924453718804273
-0.20353681918645838 -0.026414425509171512 0.9787109079603024 103.87330264351904 -0.016525010591820977 0.9995862818998149 0.023541220500308484 3.2366496024163762 -0.9789278253581309 -0.011381702979974892 -0.20388911098162277 -17.098238970456894
-0.19875512465947592 -0.02861516185437777 0.9796313454221667 104.72428481277176 -0.01821124492303087 0.9995089054435942 0.025500950909766482 3.2456937856719215 -0.9798799676388686 -0.012771861688755517 -0.1991786348207401 -17.26652921142388
-0.19485024924217093 -0.029188578135364428 0.9803985961213428 105.59271293428745 -0.02376300759732003 0.9994041913874157 0.0250316141548243 3.25624746932127 -0.9805451034196202 -0.018419803031031988 -0.19542776418949376 -17.423887072636802
-0.19192890843052302 -0.02806521826761805 0.9810074605385319 106.46383090189477 -0.030668013792527517 0.9992743694265052 0.022587774066565196 3.2660169115215454 -0.9809295423416962 -0.025750303509896953 -0.19265034344754983 -17.58488524248576
-0.18750431426548558 -0.025637749966264504 0.981929140981414 107.30059740749374 -0.03114474090104508 0.9993118681659066 0.02014436042600951 3.2685664369688614 -0.9817699003565129 -0.026804774191056206 -0.18817376765779464 -17.742909923053865
-0.18202047473744815 -0.023596748568328805 0.9830115666834025 108.19129325713132 -0.03281855049781753 0.9993008271388819 0.017910880011020338 3.26945573110094 -0.9827469102060695 -0.029000867858566575 -0.18266762204581793 -17.907092551589425
-0.17536563371217345 -0.02635764391293336 0.9841504809327112 109.06826462581823 -0.0363209331221627 0.9991342405978376 0.020286918990264094 3.275047561300632 -0.983833158787537 -0.03218763539530608 -0.17617114348779045 -18.06125538634054
-0.16946672698855492 -0.030154339145864045 0.9850744866630458 109.94446611406997 -0.03704714461232504 0.9990202645444203 0.024207852149050534 3.2817239831652762 -0.9848393460457702 -0.03239177149019525 -0.170417826590609 -18.20670183426744
-0.16191801713878634 -0.032925579054926095 0.9862547652456447 110.80574816154021 -0.03794380932531661 0.9989118291987251 0.027118717166222692 3.2911962269285437 -0.9860744510734106 -0.03303125384776329 -0.16299114457392133 -18.34309069324657
-0.15688870981785308 -0.029471620229871955 0.9871764565328306 111.64532679114687 -0.04080970302521411 0.9988943954183609 0.02333570099184773 3.301143409386554 -0.9867727706370314 -0.03662527000328183 -0.15791798101072407 -18.469000741153874
-0.15298941250164716 -0.027120351413894662 0.9878556201194523 112.50550331400882 -0.041147279031183835 0.998931287716984 0.021051932177783287 3.307752919388587 -0.9873708224829872 -0.03742684810767466 -0.1539418395043866 -18.59628020166924
-0.14780084035775215 -0.02650337821163167 0.9886619657562001 113.34459540876257 -0.04186034227782739 0.9989127249301861 0.020520227019548476 3.314558805833756 -0.9881308735860477 -0.038352821485803074 -0.14874958067219118 -18.715254580128384
-0.14142843302618796 -0.027669803717204344 0.9895617112105787 114.2163629928308 -0.042293140202424404 0.9988655161120539 0.02188540641656879 3.319280528267239 -0.9890446342928995 -0.038756453455543405 -0.1424382276356076 -18.83223571830635
-0.1331230486824604 -0.02924823803496623 0.9906678527545635 115.10429872615771 -0.04043116222279482 0.9988926527181393 0.024058043707521168 3.3208895103867095 -0.990274494789602 -0.03685117253994647 -0.1341581754930714 -18.952370345889047
-0.12470797850848897 -0.029602928139192658 0.9917517767777944 115.98273329065505 -0.03931291973736456 0.9989173179518844 0.024873404220921807 3.3242791434981727 -0.9914143505306194 -0.035886746040838455 -0.12573673695682802 -19.065501501068255
-0.11811782731539444 -0.029957932811150667 0.9925475812936997 116.85524073754156 -0.039044921602184895 0.9989119409007481 0.02550349824984396 3.330115371232163 -0.9922316629534507 -0.035741524695837204 -0.11915901327657497 -19.172327195303605
-0.11043594952210262 -0.030515437145963685 0.9934146712974108 117.71568510218887 -0.04172875802118064 0.9987895393371424 0.02604163713573382 3.3417361523657676 -0.9930068538570929 -0.03857802750906554 -0.11157564244201518 -19.268317601816833
-0.10399002162929233 -0.03144079522548864 0.9940812601579049 118.56323486042476 -0.04493426600995722 0.9986281383292965 0.026884067309653738 3.351277674098412 -0.9935627746346406 -0.041872637038434544 -0.10526013076071011 -19.353536199126314
-0.09988418818305511 -0.03185335257544989 0.9944890712726391 119.4214796467043 -0.045810189578931106 0.9985747792549426 0.0273831474941273 3.3589021648349857 -0.9939439498692844 -0.04282258943182696 -0.1012010392861592 -19.43896370450466
-0.09491831424236763 -0.03233249914364837 0.9949598600549238 120.30849223889669 -0.04693689313221262 0.9985061877764992 0.02797000241576706 3.368242011201788 -0.9943779169332366 -0.04404545914357962 -0.09629411116132103 -19.5245330363701
-0.09172244583888134 -0.03131053698057487 0.995292240100023 121.17888172258982 -0.04845959874015175 0.9984616504382441 0.026944385205113133 3.3806215860382536 -0.9946047758880294 -0.04576005767179593 -0.09309864071293916 -19.60207649988538
-0.08671174399849774 -0.0328330277451891 0.9956922545354173 122.05719102004575 -0.05035036158155649 0.9983238942002555 0.028534949753653886 3.3932749030462843 -0.9949602577697992 -0.047659149781764616 -0.08821956076026344 -19.678771602811246
-0.08129775978954895 -0.0353672396849693 0.9960621630251129 122.91426073594111 -0.050174880006501735 0.9982483067951702 0.03134963152747952 3.4059397736090067 -0.9954261176348217 -0.04742864469538971 -0.0829298980635122 -19.745193904527547
-0.07718084322656427 -0.036493320905448885 0.9963490126296751 123.80001760907193 -0.050731947973985524 0.9981791031332822 0.03263046923967947 3.418464960721053 -0.9957255580196792 -0.04802827914186359 -0.07889168212853559 -19.808789210632767
