1.0 0.0 0.0 0.0 0.0 1.0 0.0 0.0 0.0 0.0 1.0 0.0
0.9999407008969081 -0.0025415087010217247 0.01058940146197872 0.007742388639599085 0.002527711255279166 0.9999959392321464 0.0013161288035098532 -0.00078818533802405 -0.01059270341368346 -0.0012892838089901381 0.9999430645700033 0.3087245523929596
0.9998069304777868 -0.004733348461405906 0.01907084636111267 0.017932050418025595 0.0046919897428127815 0.999986544174738 0.002212849230815924 0.00015773176073119888 -0.01908106393363844 -0.002122941781559101 0.9998156860728645 0.6109640309585568
0.9996872937263991 -0.00737003279691047 0.023895551438727028 0.028297572751269227 0.007323398007169923 0.9999711056915587 0.0020385346772814877 -0.0005991847677765376 -0.02390988506072258 -0.0018629005809123486 0.9997123821368868 0.9071843685544037
0.9996509592700362 -0.009767484108628731 0.024547013763064802 0.0392639274463648 0.009738580659747819 0.9999517380852095 0.0012967448099665936 0.0008877589155842335 -0.024558495011502503 -0.001057239119724 0.9996978356324544 1.2319461668653828
0.9996979395693544 -0.012651611485857514 0.021070508954421748 0.04769640553590774 0.012647357746178315 0.9999199628112395 0.0003351322270000375 0.0002884625886491373 -0.021073062492851676 -6.854473217460125e-05 0.9997779360131889 1.5705497128223784
0.999832621329916 -0.014890334822610771 0.010630486979402302 0.05092402165020411 0.014903224364648913 0.9998882973746956 -0.0011343177108193792 -0.0013391263066507633 -0.010612409155589123 0.0012925563827890008 0.9999428514019747 1.896946577696272
0.9998678883736233 -0.014726096719775674 -0.006880979194256933 0.034065746392232886 0.014714881529518553 0.9998903228113655 -0.001677679872913519 0.0005830120544280568 0.006904930183877199 0.0015762054382463958 0.999974918443244 2.2402088251709786
0.9995893886490637 -0.011681671665275261 -0.02616472142592474 0.005054498123669839 0.011648798909649498 0.9999311585067546 -0.0014084499644352291 0.001555613510708013 0.026179373257472927 0.0011030840604750111 0.9996566528670741 2.605090832554967
0.9989343485028831 -0.009365572181654166 -0.04519351102571063 -0.03315024275117209 0.009278410432686048 0.9999546689520658 -0.0021380226395800003 0.002058887462048448 0.04521148616185299 0.0017164203083625963 0.9989759633846862 2.9598314559746055
0.9978556273277671 -0.009610722164541487 -0.06474396519973612 -0.06993551976438772 0.009431588003446668 0.9999508031170237 -0.0030718875879466954 0.0009388806914329979 0.0647703030565852 0.002454661910677531 0.9978971803131136 3.343047317213831
0.9962477590788931 -0.011472735983809804 -0.0857833250657142 -0.11782298551833575 0.011289902038197653 0.9999328445624518 -0.002616195178472944 0.001720733996315524 0.08580757916554979 0.0016378932473638964 0.9963103816900929 3.747759447657328
0.994353955379343 -0.012931186511370358 -0.10532329199594966 -0.17251356951159377 0.012783155957382926 0.9999161278003521 -0.0020804539215057523 -0.0009766631391670646 0.10534136103746307 0.0007223435183045049 0.9944358580997654 4.1479548870870655
0.9923132505790799 -0.012679920694376191 -0.12310009072443595 -0.2407930898050188 0.012612369911268595 0.9999195790124837 -0.001328018342744797 -0.0053310179596626345 0.12310703006084323 -0.00023477368180957795 0.992393371617786 4.5656749336192
0.9901146652952356 -0.012828325585174704 -0.1396724154226046 -0.31596510109508724 0.012903448056210501 0.999916679425474 -0.00036774310970431575 -0.009327702425021848 0.13966549536504913 -0.001438147911311515 0.990197698005313 4.99982826638085
0.9880504441401641 -0.012837689343687064 -0.15359529148622883 -0.39562220328516173 0.0128733203050778 0.9999168445743469 -0.000762601340452389 -0.011554377616258587 0.1535923092434888 -0.0012237927915181458 0.9881335460718131 5.446277702908624
0.985654347282334 -0.014059138774498374 -0.16818991735640845 -0.477821622299051 0.014013302809997474 0.999900743699597 -0.0014594839321957355 -0.017671626870386807 0.16819374253458844 -0.0009183495589463592 0.9857535298472414 5.896400724310433
0.9836692126171714 -0.01632905127803674 -0.1792435277310553 -0.5632417962874003 0.01601652593848703 0.999866636311539 -0.003190687686159095 -0.022068559789556148 0.17927172405590383 0.0002677226327410544 0.9837995615360967 6.347248112561909
0.9819469436556695 -0.015800911617143355 -0.1884954403622461 -0.663105475321025 0.015092780679368364 0.9998726196248398 -0.005191579328613765 -0.024388626591180667 0.18855346142846155 0.002252935114029899 0.9820603425791706 6.8343422677371555
0.9803649479333592 -0.016265415774186602 -0.19651973212203117 -0.7698869104490689 0.015310521947165203 0.9998624490631308 -0.00637737180847006 -0.028241419508016632 0.19659643125277587 0.0032433321092570386 0.9804791298214877 7.340912304799564
0.9788456034423484 -0.016972106698804865 -0.20389515005460385 -0.8795702609992245 0.015403852828108824 0.9998383237870101 -0.00927618482094116 -0.035962760353830635 0.2040196214574348 0.005939181844890621 0.9789487832258532 7.845552499472639
0.9764737434743979 -0.020050879043556583 -0.21470209722933953 -0.9960154395910172 0.018202492864716154 0.9997783108319362 -0.010582931708673457 -0.04357871171646523 0.21486669718364004 0.006425841549645629 0.9766222458052924 8.36893136421215
0.9743825907408676 -0.02505199876864106 -0.22349712351350517 -1.1119452353290713 0.023003279493580095 0.9996661508843114 -0.011765879001821546 -0.05279344575243659 0.22371726798272687 0.0063233008659461 0.9746335721041542 8.896881290092779
0.9716162558602562 -0.026253017163617314 -0.23510131951544683 -1.2508776138509443 0.023473318493975635 0.9996176347100795 -0.014614639766581958 -0.06154176416501198 0.23539510331988173 0.008681213419412756 0.971860988962202 9.447195209718503
0.9690099796649143 -0.022014573836166257 -0.2460386511274488 -1.402789444005446 0.01778809183584032 0.9996537912859502 -0.019387659901744042 -0.06672938904516448 0.24638028147285282 0.014410277805717934 0.9690660972270777 9.995124407360612
0.9665150687133304 -0.019424051941015104 -0.2558736566281474 -1.569448577275782 0.01425422264892571 0.9996553838188428 -0.02204383675036976 -0.0776334129498336 0.25621365905575993 0.017658420319916688 0.966458866742431 10.56884317597727
0.9634448453184468 -0.021979971206054112 -0.26700357843125466 -1.7347762609392676 0.016405126517136298 0.9995987291106739 -0.023092262433166047 -0.09412682344273648 0.26740400493124794 0.017867893723281784 0.9634188271570275 11.143233989540652
0.9601407359663898 -0.022974115523953852 -0.27857127840789975 -1.9026908154679458 0.016630388135984737 0.9995462431478358 -0.025114497794984984 -0.10943924599582562 0.279021858155174 0.01948070391284232 0.9600871339866472 11.697510994302965
0.9571928827300583 -0.021699174640689777 -0.2886363301298603 -2.0786075242189406 0.014193481498216896 0.9995051375346926 -0.028071785207124014 -0.1231606141272459 0.28910262941364023 0.022773358594374647 0.9570271907341251 12.252977311586074
0.9543316484171807 -0.02049686840272942 -0.2980452704121107 -2.273277248659704 0.011605126160261076 0.9994340789150935 -0.03157281979715018 -0.13996350959011739 0.29852374424181305 0.02667208819759125 0.9540294407590516 12.835805831217911
0.9521120098515773 -0.020981196629566767 -0.30502870370570273 -2.4703295646168266 0.010057463127084951 0.9992520184389216 -0.03733967168024446 -0.16354329977012821 0.30558397885333793 0.03248373491045295 0.951610865235591 13.434020710091671
0.950128097116569 -0.02214965958497965 -0.31107232543239405 -2.678397761191004 0.008533203576111256 0.9989475768367542 -0.0450657649297775 -0.1902586065627189 0.31174313706379553 0.04016380599802315 0.949317167853493 14.051047092010586
0.9491698060342456 -0.02212677582172246 -0.31398580398586184 -2.8890969855494424 0.005660345199094086 0.9985647203895166 -0.05325842361198525 -0.21741897243052657 0.3147135837633004 0.04877401957130266 0.947932727154052 14.657769376043943
0.9483309535752327 -0.02324060879203189 -0.31643052411874867 -3.105589229077256 0.0037515873775370544 0.9980653261643996 -0.06206069851765748 -0.2530894882528655 0.31726066267855985 0.057666964644643805 0.946583431666451 15.275590079513048
0.9477148257188209 -0.022814919576390293 -0.3183018827425753 -3.3319387007984678 0.00037394541328583837 0.9975197723245016 -0.07038582234017499 -0.29335112199184266 0.31911826847984304 0.066586659823103 0.9453728087141229 15.896596280081978
0.9473211459027764 -0.023581829464928913 -0.3194159417507802 -3.558562442632675 -0.0011868261392623796 0.9970205024362644 -0.07712787541125586 -0.34095056335947194 0.3202830591354559 0.0734439585046044 0.9444706173248631 16.520104101370663
0.9467469254275227 -0.022698918169728848 -0.3211775495072111 -3.793588325314518 -0.004182804397063795 0.9965606637798353 -0.0827607851223649 -0.39507442931654474 0.3219514922172423 0.07969694172688374 0.9433957993008412 17.174008701466086
0.9465310604135386 -0.022973650340133305 -0.32179366535479137 -4.028088017205017 -0.00578689373108179 0.9960917150297898 -0.08813516386753546 -0.45245526944558906 0.32256079044633945 0.0852848558600028 0.9426988012231539 17.827845916531036
0.9465409679389105 -0.021062720759888923 -0.3218952590633505 -4.2830719769785714 -0.009348790253896637 0.9956558205545364 -0.09263955481683775 -0.5138091929387903 0.32244812936976275 0.09069646514646634 0.9422321131631404 18.518485085031177
0.9461616861580697 -0.01921993560531962 -0.3231232856385409 -4.544631012385976 -0.012186136335321939 0.9954129787639006 -0.09489204281495664 -0.577215090679014 0.32346493121779935 0.09372083964469152 0.9415874056552364 19.233038131133082
0.945988551403332 -0.017460685270611273 -0.3237294936883359 -4.803004496737151 -0.01446318281899753 0.995281531963481 -0.09594523685504508 -0.6450560894355496 0.3238772560038292 0.09544525447766958 0.9412723975774085 19.93870311172916
0.9447036852075084 -0.015882346999447006 -0.32754037645631123 -5.067750227804187 -0.016311784697831674 0.99531402851391 -0.09530955001143927 -0.7166306000361041 0.3275192709373366 0.09538205123187808 0.9400177612510707 20.66997127227528
0.9435138063383803 -0.014630389560193621 -0.3310100435790102 -5.331295506667518 -0.017650070609756957 0.9953868574772874 -0.09430524359207708 -0.7855861598182327 0.330862769522852 0.09482064998093705 0.9389030152688086 21.384816619832417
0.9415990695641442 -0.013635611697498195 -0.3364598970004795 -5.604338484265171 -0.01877572323136742 0.9954994187970758 -0.09288907035719315 -0.8578405547816356 0.33621223120683363 0.09378154012554679 0.9371053080196501 22.12282058528896
0.9386238347122329 -0.012735135131412485 -0.34470728632172526 -5.924628977289088 -0.019807845063391158 0.9956793309946621 -0.0907211061659141 -0.9422417335617628 0.3443732657800949 0.09198090107846861 0.9343160962183759 22.969869435080078
0.9353678485990048 -0.01233703378257811 -0.3534611511958805 -6.212820412243254 -0.019127429737630056 0.9961642667043032 -0.08538673885979112 -1.0148618110820822 0.3531587875714005 0.08662881356064889 0.9315440512515621 23.719176214835986
0.9330282447360272 -0.011061280806206227 -0.35963306659946404 -6.471717542321966 -0.01963254614055058 0.996473159104996 -0.08158312518743366 -1.0744874576738825 0.3592671118497315 0.08317987286739248 0.929520441460497 24.366545966177856
0.9299941075353835 -0.009194745645932903 -0.3674594081010476 -6.78094949993876 -0.021132824509509936 0.9966960536993552 -0.0784243601719666 -1.1404107315844678 0.36696643399324125 0.0806996480329294 0.9267271459980253 25.12261265552891
0.9266859579055123 -0.008483621342941446 -0.37574081970109746 -7.10024149465748 -0.02237681601453324 0.9967262416893617 -0.0776921954436338 -1.2047015452191898 0.3751698462374005 0.08040414974806744 0.9234623756155395 25.8799621914927
0.9233903537862697 -0.009079989618029883 -0.3837548805201104 -7.433420941597811 -0.02227684225346531 0.9967677361332858 -0.07718693220318114 -1.273652697738433 0.38321534002918256 0.07982251557211616 0.92020343901447 26.66252452080647
0.9202029094861923 -0.008855003625047023 -0.3913415315091755 -7.769120625554726 -0.023021665226929305 0.9967893270782747 -0.07668794137946 -1.3397563612013612 0.39076413384972497 0.0795778005076837 0.9170445819931731 27.433648002455023
0.9167974949196913 -0.008718710153227213 -0.39925723212265346 -8.125337967059666 -0.023311645737395595 0.9968884788005768 -0.07529892434614116 -1.4054166324225221 0.3986714442771046 0.078341208364026 0.9137416125962917 28.236308866188292
0.9132544926760481 -0.009237957691305186 -0.40728477966247173 -8.48043323873215 -0.022775189345076635 0.9970216135669187 -0.0736830566053979 -1.4729372980179942 0.4067524091598111 0.07656737045316378 0.9103240716495297 29.018029684885732
0.9099477666366693 -0.008744056209159391 -0.4146306832277958 -8.850319406528586 -0.022680704850697016 0.9972322568193391 -0.0708054488474101 -1.5395010073425996 0.4141022188064358 0.07383337619274023 0.9072309435527252 29.81679135717733
0.9060050524625696 -0.006352929893882529 -0.423219192846993 -9.235265896910079 -0.023476310931982193 0.9975939505617959 -0.06523168423039696 -1.603002874923442 0.4226153188625818 0.06903586085704111 0.903676016157564 30.630460565359584
0.9027113091085945 -0.006859718013270898 -0.430192092763484 -9.620331391301855 -0.021660935929084794 0.9978803221319694 -0.061365027144728516 -1.6672404398369844 0.429701170887541 0.06471326734585105 0.900649264013079 31.43644615173739
0.8989989397784145 -0.006606129679344364 -0.4379009766236501 -10.037059197279273 -0.021523408197192433 0.9980115350702716 -0.05924287945616033 -1.7319762413119384 0.43742159203320524 0.06268440729032859 0.89706912548911 32.294880161526095
0.8961882828282435 -0.006353278197319188 -0.44362844541069696 -10.453935941159713 -0.02144827014120478 0.9981080241996209 -0.0576224239014566 -1.7918522491978173 0.4431552024170699 0.061155603868138876 0.8943564494574907 33.13564960907079
0.8935984708883872 -0.00607887327420601 -0.4488260466212413 -10.874190932982456 -0.02124787115048112 0.9982145329905299 -0.05582359803945879 -1.8455331642134598 0.44836402710020024 0.0594204798551363 0.8918738171828324 33.96751940443196
0.8907034721145477 -0.007023158644097124 -0.45453052703393737 -11.306326364259963 -0.019972372801385356 0.9983105398169759 -0.05456345310755599 -1.9023376559275653 0.4541458235938888 0.0576779102689914 0.8890583949208458 34.81336360677606
0.8888564452151148 -0.007291501267822955 -0.4581277701785945 -11.740261543364324 -0.019747228429167575 0.9983346648327753 -0.054202804010462416 -1.9576177898416893 0.4577600537059957 0.05722526542089308 0.8872322143771564 35.646094018944595
0.8877050419588164 -0.008349239863744841 -0.4603368860677948 -12.185171838925283 -0.018876725942649993 0.998334856558505 -0.054508562611717465 -2.0127953830990006 0.460025464184954 0.05707717909994407 0.8860692794174791 36.4959562773357
0.8865484426015388 -0.007637321372981465 -0.46257272967937957 -12.650939455057074 -0.019818188126883917 0.9983189600579734 -0.05446552495050755 -2.0659861514036506 0.4622110971624913 0.05745367969949987 0.8849067613872287 37.371049315963724
0.8859602099861027 -0.007429850721350908 -0.46370173995752867 -13.125639970233689 -0.01987912093377519 0.9983442311777264 -0.05397792720228193 -2.1221801475449498 0.46333500501503383 0.05704027868456594 0.884345565791623 38.26509417377281
0.8851198388862258 -0.00594001477891061 -0.46532524865350683 -13.614075082446284 -0.020724079032406802 0.9984233916090125 -0.052165540697044606 -2.1774638556781674 0.46490147704463164 0.0558161922060506 0.8836012501854765 39.18032048176884
0.884633955510135 -0.006707677634299939 -0.46623789187414527 -14.098664139352229 -0.0195122396551533 0.9984881639170313 -0.051387343006189634 -2.2368724462860152 0.46587770633733133 0.054556333989283376 0.8831656521624454 40.091018672083194
0.8839801078054101 -0.008685242935175322 -0.46744383144875545 -14.586195576090153 -0.017421621355391017 0.9985210902283177 -0.05149873278636189 -2.2942361491085905 0.4671998032038165 0.053667484796743624 0.8825214699722077 41.0056587006703
0.882627821754453 -0.010822401880286131 -0.4699478735801784 -15.077112461779404 -0.015506318904016329 0.9985205445803077 -0.05211790599297892 -2.3510887571706074 0.4698166475754523 0.053287875436984926 0.8811541976251238 41.91953010018873
0.881992607438702 -0.011565659212134262 -0.47112129643062073 -15.584244216723638 -0.014046507216142529 0.9986094646209414 -0.050811738845507756 -2.409618662761325 0.471053856855569 0.051433186722834895 0.8806037083984075 42.86065435230732
0.8800235172966222 -0.010798391159269805 -0.47480733329767916 -16.097756850330313 -0.013403840207977866 0.9987785399876852 -0.04755801854311497 -2.46953224382577 0.4747409252134905 0.048216416379068185 0.8788038638507455 43.80732264337003
0.8777341182447308 -0.01130019664871758 -0.479014742179033 -16.607323348549635 -0.010959536398024413 0.998986832362158 -0.043648566173039215 -2.5275297415797056 0.4790226573253979 0.04356161524464074 0.8767209815250189 44.73175308088341
0.8748912041022531 -0.011585684911694297 -0.4841809092577246 -17.127116930973465 -0.010158630598438764 0.9990549180804292 -0.042261955511683644 -2.583931842023965 0.48421295233489414 0.04189322814529817 0.8739466655504166 45.66498759735216
0.8703163628745897 -0.014329383767221787 -0.4922845694043205 -17.66956302032927 -0.009152858346128362 0.9989333851069975 -0.04525833959361423 -2.642419791591656 0.49240801546770263 0.043894884434599914 0.8692569156605151 46.61794272185007
0.8651098473231191 -0.01780078873010879 -0.501266480013531 -18.19228226231799 -0.007814809422717062 0.9987704056707246 -0.04895513772856553 -2.6966922066952344 0.5015215656562101 0.04626887373734354 0.8639070033891504 47.52830841712614
0.8593090683820551 -0.017673323639446407 -0.5111512287258051 -18.74543756224179 -0.008433831716251061 0.9987772788764855 -0.04871157647485367 -2.752417020525042 0.5113871287771592 0.04616926284465613 0.8581093191950746 48.454251792853036
0.853868343683587 -0.015758944195985967 -0.5202504275182055 -19.312537471935116 -0.00859419623398804 0.9989784004080058 -0.044365474294251264 -2.8092760101703416 0.5204180929273495 0.042353408317276714 0.8528605966732022 49.37990990842121
0.849240586940345 -0.014312299595730056 -0.5278120722127341 -19.886942587150536 -0.008544910751132253 0.9991291079846971 -0.04084127909307766 -2.8632299725999215 0.5279369375157165 0.039194178878827694 0.8483786927714185 50.29671652661972
0.8454744480576116 -0.01440302873578658 -0.5338216091962869 -20.468821338168702 -0.009553401385545654 0.999068288942624 -0.042086655262975156 -2.91790594816751 0.5339304170054782 0.040683003729984915 0.8445491122509469 51.211631821772436
0.8433627690572736 -0.017700985202479088 -0.5370529907661904 -21.037643040870012 -0.008925091139436136 0.9988579604920695 -0.04693737859932406 -2.9706490552423093 0.5372704928769129 0.04437848447711055 0.8422416325493025 52.104383802547844
0.8416385766658991 -0.020080245646671022 -0.5396677589059483 -21.61822578966451 -0.011309329426055125 0.9984339760495723 -0.05478772250947374 -3.0297466479458364 0.5399227771966398 0.05221474125772799 0.8400934563842621 53.0007312026941
0.8388181327586611 -0.021194674971469044 -0.5439990127823092 -22.190080663615664 -0.011560540140568083 0.9983231187304226 -0.056721288067364886 -3.0896771908109755 0.5442889802916567 0.053867767368032435 0.8371665124524822 53.88585782025574
0.8373015431508584 -0.021135144738855013 -0.5463327113527607 -22.784906631513387 -0.010076312790057454 0.9984863202036602 -0.05406973540448185 -3.1552836106264452 0.5466485102492717 0.05077769217896184 0.8358211723922949 54.79094614299947
0.8347350282932041 -0.01890927444610665 -0.5503270590115171 -23.383377279727977 -0.009854791629096282 0.9987371533873687 -0.04926440424528535 -3.2191147040984984 0.550563634489503 0.046546082365947976 0.8334945390307554 55.68979230242885
0.8320917619555988 -0.01726890442289549 -0.5543690870040103 -23.976294630218 -0.010340238148446208 0.9988584584078065 -0.04663538937559703 -3.2778377974664745 0.5545415937156206 0.044537231696784106 0.8309633300165095 56.56799011190468
0.8300908602018781 -0.016973353376588004 -0.5573697776920272 -24.580437398256706 -0.011619994981458402 0.9987930889456372 -0.047721496110909374 -3.334293160177294 0.5575070757631129 0.046089811776423274 0.8288917840855203 57.455226811097404
0.8269526579603178 -0.01872394998042557 -0.5619597095784504 -25.196220156551966 -0.011308289063594842 0.998689394566208 -0.0499160873810769 -3.3962913800028085 0.5621578284528465 0.04763304397276794 0.8256571134745153 58.355731541004026
0.8242602331456694 -0.02107193357472812 -0.5658189124358334 -25.799020481495837 -0.010722663072307797 0.9985471313458679 -0.05280767915347267 -3.4590264356197458 0.5661096117813976 0.04959435548891215 0.8228367440460804 59.222121490262225
0.8216582811146043 -0.022783891840802692 -0.5695248575333482 -26.41516597336114 -0.009615523779550751 0.9985044825156457 -0.05381765601182857 -3.522511173290124 0.5698992988048317 0.04969600254295328 0.8202103977352468 60.105326684618326
0.8184551006159829 -0.023582220041525895 -0.5740863412184569 -27.034175537992496 -0.008546788962999837 0.9985471406569152 -0.05320301010582819 -3.589168805936639 0.5745069196050674 0.04845086979417362 0.8170644482181836 60.986907739118145
0.8155545955865537 -0.023098216253339132 -0.5782189671945802 -27.664889821948254 -0.009120674669891608 0.9985658736909345 -0.05275423389100411 -3.6540886609236494 0.5786082568640193 0.04829770497419881 0.8141743159686422 61.87001370545475
0.8108203242893571 -0.02360876810350094 -0.5848187991061309 -28.304901514918782 -0.009634904801353565 0.9985123719310686 -0.053667603915776435 -3.723061199869354 0.5852158322608598 0.0491494574662521 0.8093866569829296 62.74966181003123
0.8059111973114308 -0.02471189621091257 -0.5915204681443553 -28.9546025923027 -0.009645128912865418 0.9984478567600442 -0.05485297457320524 -3.7910305551294177 0.5919578646629424 0.04991191758423611 0.8044219582698835 63.62666158906239
0.8019039551780646 -0.026117375025414863 -0.596881838718149 -29.61219416528821 -0.009329239321926953 0.9983748755774983 -0.05621897463747552 -3.8637673173917104 0.5973801235088517 0.05065067163816034 0.8003571062339313 64.5140145708852
0.7971027282347674 -0.026676678431870233 -0.6032541715301547 -30.288859534946752 -0.009841112084423818 0.9983170813593076 -0.05715030690359759 -3.9377267616945275 0.6037635241993611 0.05149135746973638 0.7954987410123862 65.4055901185472
0.7924078456688141 -0.02860078360350453 -0.6093207704483532 -30.95356364695009 -0.009225904841948476 0.9982239962490468 -0.058853512999911706 -4.009770524261701 0.6099218710641197 0.052257520892680806 0.7907366582546902 66.27326862811358
0.7869679278105158 -0.02858487114158327 -0.6163313927907955 -31.648140947018224 -0.009773810444932153 0.9982233235239475 -0.05877643237038935 -4.0850752048088435 0.6169164880492409 0.05227907339101849 0.7852903572936365 67.16081463903872
0.7821379506540692 -0.029001936282737225 -0.6224300071803293 -32.34600420474424 -0.00884237559715072 0.9982990435636222 -0.057626660616037634 -4.158008786554128 0.6230425655927945 0.05057575814369093 0.7805511220591123 68.03092752264148
0.7780483744839914 -0.02996157882684437 -0.6274894666502553 -33.037805633859264 -0.007640964917398806 0.9983367492908606 -0.05714324693687739 -4.233211884753165 0.6281578962473926 0.04925483539268666 0.7765253496007002 68.88769396974817
0.7729786131854982 -0.031409892403254994 -0.6336540714120283 -33.75023908667727 -0.0067165633593466115 0.9983125759957785 -0.057679185026428305 -4.304398462909673 0.6343965253171425 0.048840754169945134 0.7714633039864224 69.7555138091405
0.7687655163753875 -0.033652512694226436 -0.6386447284848196 -34.47068265207659 -0.005738793443226973 0.9982113663412562 -0.059507431106867216 -4.377991118232136 0.6395050016081969 0.04941231118342373 0.7671973516779191 70.61613906478232
0.7647407644042575 -0.032432881810079056 -0.6435213061242695 -35.19056835266192 -0.007695894866248545 0.9982013803796677 -0.059453994065447345 -4.453094201021702 0.6442921204396341 0.05041936518461971 0.7631156866123121 71.46316424184637
0.7606024088144224 -0.03212927104101444 -0.6484224592409422 -35.931996307544814 -0.007384826918057448 0.9982818701365038 -0.05812720609280021 -4.529566970795598 0.6491759700089712 0.04900018060311173 0.75905832599595 72.32662827231972
0.7580396460489269 -0.03151274013559059 -0.651446730153099 -36.67463988240163 -0.008362988304838519 0.9982802946921714 -0.058021665401165254 -4.605780202470935 0.6521548554175082 0.049430764089364226 0.7564725005688646 73.18010180130638
0.7539131998369791 -0.031603304793626295 -0.656213470021523 -37.43141416247683 -0.00873837653147575 0.9982715780929408 -0.058116238242198734 -4.683883306382879 0.6569159214748577 0.04954883952173861 0.752333958169434 74.04120039892982
0.7505055181578268 -0.03238838406944028 -0.660070041580454 -38.16782034273449 -0.010427945844763222 0.998093592782909 -0.060831225461627086 -4.7573349655374475 0.6607819043830653 0.05253734503260561 0.7487370047064686 74.86591512608692
0.7476551596563614 -0.03417003364087238 -0.6632074871713998 -38.93064148590055 -0.010904133143796168 0.9979090578093941 -0.06370723838269635 -4.8323526654206646 0.6639976371340512 0.05486274822636014 0.7457192613426636 75.72007793911219
0.7443658462878073 -0.03374653374153947 -0.6669187794182043 -39.703745453453024 -0.01279419446361228 0.9978181843719441 -0.06477020553235888 -4.911034964697334 0.66764945552907 0.056745417410640986 0.7423100175362235 76.57554786341186
0.7417346877701119 -0.032687643002505144 -0.6698963882224741 -40.47296514299289 -0.01317966489355526 0.9979083995310553 -0.06328603778608345 -4.992935895582233 0.670563904032918 0.055770459387643315 0.739752462968406 77.4223144860129
0.7384913561965956 -0.03240487458279727 -0.6734838089562257 -41.24949866733955 -0.01316700349410348 0.9979609146562223 -0.06245512659103619 -5.073457452882167 0.6741343685363469 0.05499033480339312 0.736558834198811 78.2692069838525
0.7345630449425639 -0.03246862216527282 -0.677763175142614 -42.03765558407286 -0.013869506965281815 0.9979273567434239 -0.062838104997073 -5.153256967540253 0.6783986805568308 0.05555879082352248 0.7325902340196593 79.11313832079253
0.7321838610690583 -0.03304294742750247 -0.6803050471775949 -42.84449855154026 -0.01383336356923551 0.9978950607719271 -0.06335681288822516 -5.2336366488077655 0.6809665422341744 0.05579974294112415 0.7301855634325682 79.9778572965169
0.7291854995936069 -0.03363545913645338 -0.6834889633864631 -43.66582452737081 -0.013359815444360372 0.9979012372966932 -0.063361154763953 -5.320308347514866 0.6841856637738872 0.05533332170048124 0.7272057487368184 80.85037633031489
0.7264275885546757 -0.033399215662426096 -0.686430951356197 -44.4753657474841 -0.013993094010825189 0.9978924897471922 -0.06336223028077732 -5.4058847784294874 0.6871005398823691 0.05563336498257856 0.7244292765992221 81.6997685132334
0.7249850036121807 -0.035596093178237136 -0.6878442139670093 -45.28666652577338 -0.012336677214314863 0.9978323336847711 -0.0646408558770196 -5.49142725633059 0.6886541591631872 0.055349363172940626 0.7229743405291738 82.55404102651018
0.7223717282775791 -0.03935439866573198 -0.6903841810839254 -46.12962445716962 -0.010067554313284698 0.9976748956182467 -0.06740509627075578 -5.5806037361491745 0.6914316528301353 0.05564201612791744 0.7202959360608722 83.43513270818943
0.7198074102976421 -0.042792972376570385 -0.6928535585502756 -46.9782845411085 -0.007043086928382406 0.9975964983371353 -0.06893200586088769 -5.669465444638886 0.6941380892928447 0.054497596466856126 0.7177759573656772 84.31452679110372
0.7158965323010492 -0.0451025791008294 -0.6967480982376533 -47.8170954178377 -0.004167470526546063 0.9976175760125373 -0.06886075965511904 -5.759262717274394 0.6981939467144809 0.05220085621254814 0.7140029995608799 85.17966993605047
0.7092958612649294 -0.046555509014820334 -0.7033718545497915 -48.66225630175414 -0.002891460664745542 0.9976161291468171 -0.06894706898299154 -5.853915595299872 0.7049049727783642 0.05093764272610332 0.707470378111933 86.03820593740414
0.7022744163180006 -0.04735720922065184 -0.7103294580122967 -49.508358024965304 -0.0011818541464966616 0.9977060494034959 -0.06768487426630561 -5.942057370812612 0.7119053640800779 0.04837286138425758 0.7006074641876943 86.8790618090987
0.6930012733110164 -0.045540683861294826 -0.7194965471096827 -50.37787713405572 -0.0017467170653389756 0.9978938653050059 -0.0648442947847288 -6.030431129452508 0.7209342439978864 0.0461939357500609 0.6914621725959531 87.71918498511529
0.6849826043278043 -0.04482000096022413 -0.7271794821653208 -51.241407339150726 -0.002182132085790975 0.9979752439024858 -0.06356611406507326 -6.118672538881532 0.7285561543682537 0.04512848403945397 0.68349787846082 88.53350929833773
0.6775268745156595 -0.04512501802515417 -0.7341124348880568 -52.12169206239984 -0.00433679084470277 0.9978536749374238 -0.0653393882665555 -6.203959719676396 0.7354852320435885 0.04745288360160948 0.6758769838392791 89.34532648834477
0.6675239072211969 -0.04668127461294133 -0.7431236047177199 -53.024045602681234 -0.0041165397211471826 0.9977861678275722 -0.06637633157001037 -6.295366532221236 0.7445769855353246 0.04736688603316558 0.6658539559983481 90.16650107270169
0.6587629182083297 -0.04757271621263401 -0.7508450267970067 -53.927343021904996 -0.004380055189582753 0.9977394266688755 -0.0670585683339554 -6.378004067944887 0.7523378447945986 0.047464440822743786 0.6570653652013645 90.96152452064666
0.6507320476852133 -0.04763792031263064 -0.7578116063136647 -54.843390612429694 -0.0029699777461741073 0.9978626679434798 -0.065278443278833 -6.4702890259999 0.7593016405537371 0.04472945867108209 0.6491997336562881 91.76090013957946
0.640244283102095 -0.046744622805389005 -0.76674780612263 -55.77767741275592 -0.0030996113498203796 0.9979814796086713 -0.06342995165982099 -6.557611809768054 0.7681651192058674 0.04298728412995022 0.6388070467978312 92.5523353345547
0.6310449424242573 -0.046437320749395876 -0.7743551225906519 -56.706173450249054 -0.004048130232050459 0.99799597684248 -0.06314778577154259 -6.645919358732975 0.7757357109753232 0.04298378121852479 0.6295923294241822 93.31328052225803
0.6228790709886622 -0.04672897956851042 -0.7809212927003508 -57.65862519285114 -0.005761413160827945 0.9979134129573346 -0.06430883577110279 -6.733153965355368 0.7822969187224833 0.04455583809480153 0.6213101546321117 94.07618562216228
0.6137932666276203 -0.04611251856004105 -0.788118938660051 -58.636420149784655 -0.008190798719168363 0.9978670023495723 -0.0647638513232598 -6.823228728572964 0.7894243071117949 0.04620693945641824 0.6121063486740959 94.8353516673442
0.6063223797244013 -0.046217307484463246 -0.7938747585949725 -59.618745585180285 -0.010012856032859938 0.9977868207130928 -0.06573585874790146 -6.9131735496050295 0.7951559058193584 0.0478060759751876 0.6045177123463386 95.58294167487865
0.5982752079068414 -0.04528328501721279 -0.8000101247497282 -60.62326206622552 -0.011848994259296846 0.9977927370123254 -0.06533953856965799 -7.003080051519652 0.8012030809595461 0.0485703413978381 0.5964180957997742 96.336948603246
0.5917426072438133 -0.042799876625567945 -0.8049899734363967 -61.64232087096566 -0.01373220865787341 0.9979094712362524 -0.06315151353973986 -7.087508173981148 0.806009995730618 0.0484237315561232 0.5899178154662816 97.08198842751257
0.585881793502143 -0.040877662289036464 -0.8093648996395235 -62.66229128692408 -0.013687082283210493 0.9980854326676865 -0.06031693688451048 -7.174509591369017 0.8102809314190265 0.046416439138961124 0.5842005874324112 97.81915209635903
0.579542623722938 -0.04000156351256759 -0.8139595949461392 -63.69961521839076 -0.014468803516360158 0.998132106316813 -0.05935446120020832 -7.25917547811077 0.8148134762098244 0.04617546162316184 0.5778813249541378 98.55504558843884
0.5741495917038965 -0.041167435812135576 -0.8177147965977519 -64.73720136166693 -0.014746697016037836 0.9980531491916631 -0.06060071217173202 -7.345325452687057 0.8186176038135059 0.04685246650132334 0.5724247244043327 99.28216903864195
0.5696636631176177 -0.043192865837967574 -0.8207421563829415 -65.76610090562248 -0.014296303406145803 0.9979462382243278 -0.06244134305756598 -7.431602293681706 0.8217535680679074 0.047304143102021766 0.5678762113463168 99.99356216854278
0.5646002335053654 -0.04465954956765754 -0.824155386415754 -66.82487131443277 -0.014904399713732966 0.9978205534520911 -0.064280650103556 -7.520881812998997 0.8252299286834308 0.04857641136371085 0.5627040936977119 100.71252192494187
0.5613746920380317 -0.04655470841471226 -0.8262512416109439 -67.85455857033597 -0.01566037870180799 0.9976400262900842 -0.06685155557529095 -7.6151118794790325 0.8274135650798343 0.05046817876980875 0.5593207981592832 101.40925669717936
0.5572986945565801 -0.04669249280549729 -0.8289981762109857 -68.89028177534605 -0.015092220544213358 0.9976829750759668 -0.06633932561168285 -7.705088408599957 0.8301749152585718 0.04948224286728159 0.5553027261919816 102.10350448850123
0.5548558648654891 -0.045370276715344285 -0.8307084369471299 -69.93428035797882 -0.013802437511284397 0.9978724122247807 -0.0637192407318608 -7.792841655710728 0.8318319914160056 0.04682079571590841 0.5530491399011592 102.79627337382883
0.552899218100964 -0.04386367446359511 -0.8320928029287927 -71.00097076025801 -0.011498780426473 0.9981167120574601 -0.060256179436711924 -7.883584628309526 0.8331687900251946 0.04288364693163606 0.5513535709087194 103.50212447263739
0.5502100244491588 -0.042932152700856895 -0.8339219143661633 -72.070862236828 -0.01119711478202945 0.9982082993459656 -0.05877768060576699 -7.972365075420995 0.8349512282859487 0.04167758847757155 0.5487434965468657 104.20812725524225
0.548174261414374 -0.0432895605905259 -0.8352430742404781 -73.10915697391331 -0.00927411994044582 0.998283576641546 -0.0578263893658666 -8.057638779519664 0.8363127225040498 0.039445082730826815 0.5468318897304933 104.8907947482063
0.5472174410027613 -0.043176001428244376 -0.8358761302747303 -74.14862269728201 -0.006714962065896914 0.9984100101431089 -0.05596749887649874 -8.14280420287039 0.8369635485174031 0.036239268021106066 0.5460574456103051 105.5723272089036
0.5447084331769396 -0.043519463411347784 -0.837495539767414 -75.17532592140114 -0.0035209587195709213 0.9985251286325402 -0.05417721235966724 -8.223748173462475 0.8386181047864509 0.0324595716816745 0.5437518280710638 106.24258947790517
0.5437190959714006 -0.045193910545017354 -0.838049554099095 -76.18920705643747 -0.0005347773471771171 0.9985302176203485 -0.05419518901386278 -8.302966136320968 0.8392670961554681 0.02991512909396073 0.542895778545072 106.90269455082951
0.5414369537098505 -0.04597931672551636 -0.8394831312128029 -77.21086303664144 0.0020382535377350096 0.9985722882736372 -0.0533781848180325 -8.382944148721645 0.840738883768268 0.02718984232037354 0.5407576553269311 107.56058848293863
0.5408418942265307 -0.04589354580827611 -0.8398713162756555 -78.2083055269091 0.0053249567232171585 0.9986771845414302 -0.05114221262614908 -8.457710683679469 0.8411074189931713 0.02318757273942317 0.5403708413535097 108.20098256756717
0.5399555229919962 -0.046001605983233995 -0.8404355331834819 -79.19332147224978 0.007378226765398541 0.998725696681367 -0.04992538991451995 -8.5312332135182 0.8416612115098561 0.020756566076347592 0.5396068661576501 108.83433630774027
0.537827867481548 -0.04745118875042819 -0.8417182246134522 -80.17065512815883 0.009018628478357792 0.9986814543815213 -0.050537283413129436 -8.602799787840317 0.8430064349105646 0.019589215415142372 0.5375466615455811 109.46358544768219
0.5371535903257584 -0.04911056758736776 -0.8420535449431907 -81.15233374929471 0.010980689420092973 0.9986261240776075 -0.051237571854982455 -8.675608973036663 0.8434129740880247 0.018276117229368376 0.5369548758313045 110.08864554338295
0.5373912749147075 -0.050919821593119904 -0.8417943866612976 -82.14025874239157 0.012306341372744247 0.9985427134996833 -0.05254524982057914 -8.750470351407543 0.8432432458120034 0.017877949703879036 0.5372347785715504 110.71640297578085
0.5378998771411716 -0.05184498181165943 -0.8414129901733519 -83.10111240921296 0.012385448467086863 0.9984853809569505 -0.05360545384121535 -8.821796503180877 0.8429177438147696 0.01841308980595697 0.5377272870945049 111.3287723844124
0.5412124648124715 -0.052567706985864646 -0.8392411477721154 -84.09299326265814 0.01243677790787737 0.9984352832316754 -0.05451891188710864 -8.897053229163507 0.8407939072607981 0.019068858915322128 0.5410193934904628 111.95971720136748
0.544346557060234 -0.052396460686619635 -0.8372224535475534 -85.03369610500758 0.01074614524837409 0.9984010419518059 -0.05549666469121661 -8.969565349293182 0.8387915987770564 0.02121250426196788 0.544039229728855 112.5634210486127
0.5481683742448142 -0.052768614977121375 -0.8347016872818658 -85.96078081121406 0.009905285519392654 0.9983472867076206 -0.056609013790307486 -9.039748476885373 0.8363093439610589 0.02276331252098944 0.547785097284049 113.16347726332928
0.5541001563566249 -0.053010159962622545 -0.8307604586559841 -86.90540525083011 0.00992110111751366 0.9983200357214774 -0.05708483187050728 -9.115840630615288 0.8323908868303281 0.02338865575028169 0.5536952070444667 113.79121147628295
0.5594613897011732 -0.05141521632004262 -0.8272601942341934 -87.83433903575478 0.008170704397456641 0.9983678032135563 -0.056524057676241336 -9.188769700642224 0.8288161394563222 0.024863729352229087 0.558968337152846 114.41331587382656
0.5658138136507869 -0.04968559369323028 -0.8230346712388877 -88.7590266722616 0.007250143147003268 0.9984439838987316 -0.055290563758904225 -9.260358214968441 0.8245011605245324 0.02531704555789887 0.5652936259130459 115.04212249101815
0.5739767572848321 -0.04899152035960021 -0.8174047424805191 -89.68623241762917 0.007128501427602296 0.99846981041206 -0.054838145146437575 -9.335823277420294 0.818840562358867 0.025648949852965928 0.5734477001499391 115.68901429828345
0.5806795736230383 -0.04809788389055264 -0.8127101736426201 -90.60528304888633 0.0060397540658607175 0.9984803592836938 -0.054776760542496285 -9.409329192582176 0.8141097924406699 0.026899176380643618 0.5800876486896206 116.3371295881198
0.5881336681142464 -0.048596762129614446 -0.8073023864333608 -91.50560090022557 0.005707970364737452 0.9984176550498012 -0.05594287406964103 -9.482566872088425 0.8087435981229139 0.028293829634287882 0.5874804266525218 116.98320959030536
0.5969502398555924 -0.04895586879869558 -0.8007832004022786 -92.41061270764479 0.0032065201460679954 0.99827409504421 -0.05863914556178821 -9.555974799308812 0.8022718550247814 0.032436924543313754 0.5960769384578368 117.64678658177311
0.6057748653212585 -0.048381543591446446 -0.7941637355008854 -93.29242623858237 8.061225168186012e-05 0.9981531698835174 -0.06074736992784815 -9.627550219954308 0.7956361015229739 0.03673521050974008 0.6046600022013437 118.30793577677814
0.6151575462755368 -0.046376713788020815 -0.7870390039118043 -94.17640921904822 -0.002731147603850865 0.9981370548211942 -0.0609504768286393 -9.701736766975147 0.7883994762130597 0.0396436654599006 0.61388487983976 118.98253590763201
0.6236987717163462 -0.044220674675362795 -0.7804129510014406 -95.03721889157998 -0.004102516655578842 0.9981995601636289 -0.05983984831388356 -9.776316359122434 0.7816540229005489 0.04052369702277449 0.6223944235474758 119.66355979493646
0.6360052418146385 -0.041647996394253414 -0.7705600409965779 -95.88904369097864 -0.005691355332476767 0.9982622302880451 -0.05865260484256217 -9.850874199423373 0.7716637485710879 0.04168889512427157 0.6346629776224029 120.35198854100923
