1.0 0.0 0.0 0.0 0.0 1.0 0.0 0.0 0.0 0.0 1.0 0.0
0.9998938791279601 0.0006029039077226968 0.014555651456342893 0.008357460610568523 -0.000601641917677974 0.9999998148657234 -9.107975657977749e-05 0.012651680037379265 -0.014555703673934044 8.231280106133773e-05 0.9998940567455933 0.14956068992614746
0.9993618354005517 0.0032761204870865013 0.035569495068029554 0.018111914020328232 -0.003325870596653456 0.9999935720144285 0.0013395949381320665 0.023617747002968807 -0.035564877753407255 -0.0014570395938495204 0.9993663074698922 0.3212544835362544
0.9980956567690104 0.003862887157255468 0.06156409701805481 0.04159997419957148 -0.004037149468417428 0.9999881882210278 0.002706444641260922 0.0325197176067738 -0.06155291514630166 -0.0029498341032783274 0.9980994625365528 0.5314929811071769
0.9958387587982137 0.002832734123178588 0.09108864963660795 0.07969688094444546 -0.00324460912394861 0.9999851705125827 0.004373930332530375 0.04220034283424426 -0.09107490865691895 -0.0046512764171160025 0.9958331821348522 0.7832813935632635
0.9922179226702188 3.742583653637625e-05 0.12451342309687959 0.1336064748752615 -0.0007864357865909168 0.9999818919358885 0.0059663488897884745 0.053443555065754815 -0.12451094510423312 -0.006017840113186008 0.9921999849574797 1.0616778259796613
0.9868913607318438 -0.003494348622461471 0.16134816900279478 0.20397617928913078 0.0024411168968853673 0.9999744041842396 0.006725468360700363 0.06029343442451025 -0.16136754029588932 -0.0062434368804163065 0.9868746305558649 1.3440464742493774
0.9796513834494905 -0.004414940859876212 0.20065810525045702 0.28596241077453954 0.0028114359446880085 0.999961805276911 0.00827549486559103 0.06956268526419614 -0.20068697699010918 -0.007542962584111283 0.9796263782596029 1.6484227135722536
0.9701902333146283 -0.00576180352147058 0.2422761086056303 0.384966317312028 0.0031983721187765824 0.9999346841464033 0.010972595719455452 0.079736296734193 -0.24232350607544667 -0.00987061605031564 0.970145292903125 1.984840644851493
0.9586902956109373 -0.009399462327311786 0.2842966183572554 0.5066640301270884 0.005118725600177503 0.9998621249862318 0.015796508039660054 0.08821082023766375 -0.28440589963930696 -0.013688722583733071 0.9586062294416733 2.328454962122019
0.9460079520956249 -0.01596385617888358 0.32375007315480536 0.6393723575285681 0.009685092026619565 0.9997326504974856 0.020995869158199797 0.09449156618261685 -0.32399869376940055 -0.016726709932687173 0.9459096487564497 2.6276601450794446
0.9309979443370452 -0.0204820329342243 0.3644493297662622 0.7835240629961331 0.01220117821060397 0.9996127439147953 0.0250098671209429 0.10334542223747385 -0.3648204474676131 -0.01883742365652715 0.9308873146517334 2.9334470465977844
0.9123569102163577 -0.022316475529352252 0.4087870390562906 0.9593039124371514 0.011237603644272308 0.9995020823872899 0.02948395441262642 0.11551672426653647 -0.40924147473685474 -0.022306102829033524 0.9121534153484189 3.268996938677371
0.8912041945847036 -0.02588464923266899 0.4528631895934264 1.1536722365460297 0.011618825847639666 0.9993455746000108 0.03425529759462891 0.1299393825719088 -0.453453510782034 -0.025266726370387946 0.8909217171547519 3.597820793005292
0.8671729836964153 -0.03190471422987606 0.49698400935741105 1.3808812463586513 0.014302800132455855 0.9991296336265432 0.03918424578400373 0.1495713943866271 -0.49780161335157236 -0.026871256375542565 0.8668745522423484 3.94076098978056
0.8408786528436071 -0.0376636321364256 0.5399116057339506 1.5979315343878322 0.01698268593544284 0.9989206172945635 0.043234115259442644 0.16325830882960654 -0.5409571882971322 -0.027185495363165037 0.8406106526041177 4.225308374153784
0.8131556474353253 -0.043549686177118185 0.5804147808920028 1.8358231725939018 0.01991611515908033 0.9986948279083719 0.04703178782523371 0.18366038538900437 -0.5817054593185518 -0.026684556262791266 0.8129616799431881 4.498207690027939
0.7802578244945223 -0.04832162385719285 0.6235886047570781 2.102781025522562 0.021507563228211443 0.9984943805128612 0.05046183516502664 0.20195304277278694 -0.6250881154197862 -0.025961370380659852 0.7801223334893692 4.7848400086191765
0.7448680680176589 -0.05243460184895346 0.665148234438446 2.3874580646019403 0.02254233132159179 0.9983158065667957 0.05345459435329687 0.22601358231947355 -0.6668308665218098 -0.02482262854392464 0.744795564276495 5.066992874715319
0.7069427473945566 -0.05350864311124663 0.705243771343377 2.7079488042892863 0.018971892898929865 0.9982099013884549 0.056719133014202436 0.25854711618161846 -0.7070162792935306 -0.026717370425333634 0.7066924104102773 5.3575859414015286
0.668284522626389 -0.056265809323298 0.7417748684872073 3.0378953387625094 0.017554657952671245 0.998050633247541 0.059889627301789164 0.28334637206954505 -0.7436986155709745 -0.027001706897467906 0.6679695180338989 5.627525343979893
0.6330109888004836 -0.05885555657464202 0.7719022681130838 3.3814661398727197 0.017693915011760795 0.9979452684310863 0.061580569886642594 0.3112894488783152 -0.7739405748695378 -0.025323204305462612 0.6327517063543275 5.877134900625694
0.597868933341331 -0.06232654560273948 0.7991671541414406 3.7786788250004535 0.018283848032503946 0.9977735743804326 0.06413731495174872 0.3419846370723073 -0.8013853252003206 -0.023733857278688254 0.5976773917191878 6.151659267179408
0.5644016979726303 -0.06366274725095329 0.8230417838348629 4.202427236750543 0.016980104404490118 0.9977061813776021 0.06552901414897128 0.38017851519197277 -0.8253256323294609 -0.02300935143337814 0.5641880629423055 6.4253199283168
0.5330299636072846 -0.0648359803247856 0.843608530985872 4.619120899007804 0.01737579528213453 0.9976881865842416 0.06569904176288058 0.4178926528594458 -0.845917927245386 -0.020361188707228958 0.5329242745074562 6.678595157348709
0.4993038557959979 -0.06513237724598855 0.8639753659807299 5.103486606564772 0.018779179355767894 0.9977497483990808 0.06436444664793822 0.4594578535925241 -0.8662234134505795 -0.015912668030774013 0.4994034290893177 6.943022831509558
0.47012081358522617 -0.06382564771711581 0.8802912627803686 5.599188345617975 0.020132701090004427 0.9978977964872573 0.06160082883125268 0.5018285067591133 -0.8823724241955807 -0.011237190901973067 0.47041750664685844 7.196534999429563
0.4444145136805462 -0.06247041613173765 0.8936404126595949 6.138974349455456 0.02113617718360776 0.9980190397942241 0.05925587078322353 0.5458407079627792 -0.8955718854699195 -0.007446026896438026 0.44485453199816993 7.453388196548219
0.42101317196426286 -0.06224685636801891 0.9049161496541485 6.727486160574405 0.021570746655567945 0.9980474508739765 0.05861730710872443 0.5896661943637609 -0.9067979995132935 -0.0051589413891257666 0.4215338342321198 7.724332343035913
0.4045098621559116 -0.06369169939107738 0.9123130706327091 7.334853417919641 0.023845605287973727 0.9979673036970849 0.05909862824144785 0.636748491684999 -0.9142227072913119 -0.0021513205821846633 0.4052063835784144 7.987606191156916
0.39271654994378347 -0.066221841359292 0.917272249186269 7.964286601045715 0.02599008307953818 0.9978049214928453 0.06090857268213955 0.6830050017119361 -0.9192922424244483 -7.98225628240376e-05 0.3935756174442059 8.254065448742951
0.3836002099394476 -0.06814462095280052 0.9209816445345753 8.596578091220769 0.02569716597959642 0.9976753048484145 0.06311609744146278 0.7263146112323917 -0.9231416655069951 -0.0005447300453371023 0.384459580026495 8.522851728989568
0.37691854493179194 -0.07002780386927797 0.9235954293800651 9.226154140069996 0.025126115173400063 0.9975440051415903 0.06538070160504639 0.7694236426170658 -0.9259055507030908 -0.001436833783364351 0.37775236158875986 8.783594500988196
0.36616789506578906 -0.07203518370168141 0.9277564362116569 9.923627021638438 0.024309789258369057 0.9973994622844202 0.0678479681417441 0.8168973841973891 -0.9302312114572929 -0.0022901842315522503 0.36696682177941176 9.06180252750125
0.3556867095300629 -0.07391896956573424 0.9316774928063987 10.613969483426711 0.023426750909950493 0.9972593219150027 0.07017857362067435 0.8608966206418052 -0.9343115925672121 -0.003135409378268242 0.35644356804766564 9.324833150489136
0.3451221329330833 -0.07561544636618191 0.9355068239358613 11.296595868296613 0.023862407302828525 0.9971340340153745 0.07179347968959204 0.908213653550367 -0.938254389212986 -0.0024540739738269854 0.34593739121913075 9.57688832321835
0.33432197087025933 -0.07681603543029702 0.9393232225885807 12.040556806684924 0.02316020011740009 0.9970414947257868 0.07329299369987756 0.9622192775336007 -0.942174307081204 -0.0027485442946518918 0.33511195230894536 9.83869169061689
0.32450495394496226 -0.07944498092067445 0.9425417921088123 12.787006874335962 0.021422989985207825 0.9968282681121512 0.07664502196896286 1.0167466226114723 -0.9456413645591396 -0.004679625951161996 0.32517766026540873 10.101385668959171
0.31461388636205895 -0.08274555859910915 0.9456063002329685 13.542723224850036 0.01944544659645874 0.9965460366194445 0.08073333577117468 1.0752997348228168 -0.9490205356654965 -0.007012091713487184 0.3151362458603832 10.357677543013557
0.3028976593174662 -0.08689550099002669 0.9490533071896925 14.336930526062995 0.019752722293457058 0.9961930360270614 0.08490739033313839 1.1339386051385854 -0.9528183656615767 -0.006971863372057088 0.30346096154056396 10.613671695739743
0.29145805704119854 -0.08992192542006004 0.9523477559770479 15.128866478253615 0.01901151027653092 0.9959197723841495 0.08821773886985348 1.1938514082187437 -0.9563946692985983 -0.007606201617986509 0.2919783934372058 10.855793015159602
0.2772606558297272 -0.09178407038563671 0.9564006551400486 15.909545814136049 0.018532034906574145 0.9957523101283794 0.09018813977578954 1.255289820518839 -0.9606159963331296 -0.007281572456572752 0.2777838841464145 11.077012552911636
0.2641202070016552 -0.09112589166773327 0.9601752903096202 16.68761343664901 0.0167031011606558 0.9958095340327727 0.08991317112108296 1.3149307262815526 -0.9643451263240873 -0.0077099803626720295 0.2645355052498389 11.287137966386284
0.24754555029280811 -0.09072538972675094 0.9646191498146613 17.446674488796216 0.01581392685552635 0.9958518578654476 0.08960467009784892 1.3763091660184295 -0.9687471910914834 -0.006926820689568472 0.2479534208424955 11.47881311948335
0.22682978930652087 -0.09004619391701726 0.9697628213353091 18.26219428277194 0.013264553701668784 0.9959100336187232 0.08937145267169727 1.4423725332351027 -0.9738440831561566 -0.007408636758054747 0.22709648566882823 11.672671156124938
0.2036582117475284 -0.08892244186055126 0.9749954523593204 19.06126860474212 0.009775385862764566 0.9960018287294803 0.08879639068546227 1.509501429525733 -0.9789932454409648 -0.008553157375383091 0.20371320251736014 11.84884146050333
0.17990987219486937 -0.0890465777965476 0.9796443971511036 19.85364006047771 0.0066425217976758405 0.9959815756993647 0.08931168888548721 1.5737876406071765 -0.983660670552093 -0.009560745270848735 0.17977841182653936 12.00247638360603
0.14771004840736146 -0.08963767808221257 0.9849603181182098 20.6542083784087 0.0037166902909374425 0.9959277416324537 0.0900784084015831 1.6392338900964807 -0.9890237245955107 -0.009644693614147305 0.1474416904145942 12.130048628352476
0.11570914505999408 -0.08991236928339719 0.9892053172114125 21.441743285479788 0.003399331961079631 0.9959246164525442 0.09012548411005111 1.706389249735813 -0.9932773219457413 -0.007065705463625428 0.11554322790452787 12.22628014934594
0.0815333320549187 -0.0894606908638026 0.9926475208019178 22.241017230923703 0.0021568044230813738 0.995976971200079 0.08958359801770661 1.7725996229744214 -0.9966682818062905 -0.005163102680425691 0.08139827032565522 12.296849352455022
0.04809949045661732 -0.08799082639704842 0.9949593225292069 23.073922927446915 -0.0009023694768669141 0.9961080385548703 0.08813603834809308 1.8457468744990173 -0.9988421420560615 -0.005137119458782702 0.04783288885824477 12.342566457287717
0.016470024254081006 -0.08572231858044722 0.9961829261728301 23.854643113599476 -0.004793387755020986 0.9962998482739513 0.08581162953313301 1.913427036332237 -0.999852870043838 -0.006188410659770736 0.01599818235319367 12.360289813038085
-0.015395261474495325 -0.08244983220606476 0.9964762973063251 24.678997785278465 -0.004370156734034583 0.9965904373559527 0.08239175869461082 1.977455066543041 -0.999871935626884 -0.0030863149325320235 -0.015703089055511987 12.34677773120986
-0.04512984011978033 -0.07931664841197691 0.9958273780206356 25.477960631522713 -0.0023377607034075 0.9968486874676383 0.07929204984700872 2.0372348579749526 -0.9989783943637903 0.0012504314206511838 -0.045173045232810904 12.30475557330212
-0.07577353791197722 -0.0748488626131461 0.9943118317297751 26.285334696751647 0.00036424373794495535 0.9971765234403418 0.07509226608601693 2.097395717693469 -0.9971249862874773 0.0060521785294372354 -0.07553232987434128 12.23831725209194
-0.10636539541568296 -0.07208727498260117 0.9917105562832575 27.09020998914497 0.001483977455014343 0.9973558981809414 0.07265679716723582 2.154892475370905 -0.994326003114159 0.009199845067754203 -0.10597717858931183 12.14995843295047
-0.13294169638120568 -0.06886655520462392 0.9887284272931249 27.84967910551184 0.00545803775448634 0.9975171197394139 0.07021257473312723 2.2066785331080716 -0.9911088311518359 0.01473069587741388 -0.13223574180912367 12.04089346630355
-0.16128719169941969 -0.06089164982624192 0.9850272325043371 28.644931152459808 0.008240825730689509 0.9979768822623287 0.06304150427487414 2.2566426613594963 -0.9868731076409932 0.018285224948053024 -0.1604590912463611 11.902743653262405
-0.18642426830192083 -0.048818238300614665 0.9812557117272327 29.45422575272719 0.009510591584814092 0.9986282538357274 0.05148940948110502 2.3035142377142903 -0.9824233002305067 0.018931197802316765 -0.1857042512005831 11.749238963810896
-0.20886762905161893 -0.033837374021732126 0.9773583506849822 30.230252459227728 0.00958471978687965 0.9992823910919886 0.03664472677050247 2.3411220630236653 -0.977896950951869 0.01702160312048165 -0.2083934220320942 11.585395942247569
-0.23171895729459452 -0.01966434117891999 0.9725840007507348 31.02525874050074 0.008551916916466364 0.9997158515681503 0.022250412140504133 2.3686661471200536 -0.9727451822277816 0.013473299869277346 -0.2314849469042703 11.404439500824159
-0.2566027825517378 -0.009638339853812097 0.966468889510453 31.799008983557254 0.01068585657917711 0.9998608676849672 0.012808502700703763 2.3869081915096397 -0.966457875158496 0.013614245374867303 -0.2564640868952183 11.20188030936408
-0.2819880239138209 -0.005552509453639994 0.959401857413225 32.588040424445715 0.01202648294130763 0.9998842287435235 0.009321631725843774 2.3973609833243783 -0.9593425447030073 0.01416681858206207 -0.2818886006457553 10.973647530092055
-0.3063006650474813 -0.006378573402696859 0.9519134500535315 33.34672334374207 0.012727983223061073 0.9998607193245672 0.010795387664754533 2.407442626711444 -0.9518497260778848 0.015422572843247221 -0.30617681690871135 10.730966442892365
-0.32829417910066 -0.010950664458619207 0.9445120512288547 34.09087270527422 0.013597338719043457 0.9997743995487525 0.01631754842772623 2.411765859210353 -0.9444776568815081 0.01819980645079291 -0.32807121589187044 10.47415430697967
-0.3478095559198832 -0.013180789596441759 0.9374725487161893 34.82206120792656 0.018538423212795068 0.9996090059537774 0.020932321440404075 2.41716081652291 -0.9373819070558153 0.02465972428303755 -0.3474292133984815 10.194736002183143
-0.36337056417473734 -0.013314554188583634 0.9315495455090367 35.55032177190497 0.0197590698920196 0.9995628237075438 0.021994104182814223 2.4255536913164364 -0.9314351358244629 0.026398562623019296 -0.3629486239719104 9.908929907015048
-0.3748664743365124 -0.010543857873714473 0.9270188528178118 36.293668447074374 0.021470879838091275 0.9995683783171316 0.020051393653259825 2.4330938528354724 -0.9268301504253578 0.02742050564082749 -0.3744782879325718 9.607274695699502
-0.384087347474235 -0.008140206624484852 0.9232608767549491 37.05262354403396 0.022266606157226365 0.9995886374380315 0.01807634241263861 2.442050252365842 -0.9230282269575756 0.027500780732384333 -0.3837480935440123 9.287445232255445
-0.3922365877813449 -0.006890930690930099 0.9198385588133714 37.817137940231284 0.01784428201995364 0.999726770371201 0.015098549677376347 2.4470654067239597 -0.9196912747247522 0.022336062262194735 -0.39200645341343504 8.968950698734991
-0.40294070237976953 -0.007891450116903303 0.9151920647496624 38.5838751352368 0.01769362487353692 0.9997087754143603 0.016410362529649086 2.4523520336443547 -0.9150550398771281 0.022805468084921697 -0.40268372778260497 8.628206243494219
-0.41209673868165125 -0.007553013842511773 0.9111087915006869 39.337547047572734 0.018663073776149605 0.999685871396548 0.016728664242876404 2.4555616865690175 -0.9109489380010131 0.02389791857086554 -0.41182632485406684 8.282821160578347
-0.41866581683222565 -0.005843120243037124 0.908121573227963 40.08056777921012 0.020604670388435567 0.9996607621662914 0.015931357233251373 2.462454649923118 -0.9079065928686658 0.025381460378294907 -0.41840339398082776 7.934520735007175
-0.42451516830452274 -0.002581923451138555 0.905417144497869 40.82649150048701 0.021709328103852066 0.9996794186237925 0.01302939189967808 2.47516278526228 -0.905160525516144 0.025187172355954506 -0.42432302482430684 7.580998874119592
-0.42546994160436413 -0.00174646824308077 0.9049708717079544 41.58063988618038 0.02056155566579613 0.9997213354064111 0.011596290864956591 2.482555361433042 -0.9047389409215133 0.023541482151687453 -0.42531546809200393 7.2317979322747945
-0.42542347407643066 -0.0017865841318812203 0.9049926385456847 42.32672683569873 0.022757295342069064 0.9996607138214068 0.01267133579341915 2.489504544302324 -0.9047082254591557 0.025985868452207905 -0.42523847594888475 6.881946163990946
-0.4233465944746413 -0.003124093178979751 0.9059624169845751 43.097985509985264 0.020712441898583914 0.9996993057530141 0.013126036246330982 2.498605672896294 -0.9057310062581064 0.02432155666792858 -0.4231545889907462 6.52810903038126
-0.41675873991173606 -0.0041120756057858145 0.9090078346974765 43.892107814218434 0.018575865552943924 0.9997424259898211 0.013039129378396665 2.509137129144549 -0.9088273157900467 0.022319778453199685 -0.41657500832822314 6.173099608196704
-0.40922126274214926 -0.004976267071012177 0.9124216102689363 44.66870115192596 0.01715668865784632 0.999766369454929 0.013147415761586269 2.5208628487877505 -0.912273865762918 0.021034335571827302 -0.40904027989066455 5.829966820794103
-0.4038867804852871 -0.006148849792263334 0.9147883144178559 45.47749742025623 0.014591540886221074 0.9998068978002295 0.013162600261635592 2.5322291922003632 -0.9146926016339016 0.018664371334552197 -0.4037190678663701 5.479674808239242
-0.3986197609550255 -0.007678206081349186 0.9170841462633245 46.302295223906285 0.011285519441692917 0.9998481742198667 0.013276504062829755 2.540366647847456 -0.9170468489816045 0.01564204783816672 -0.3984725876548336 5.134649712057512
-0.3974465107151199 -0.009438468682805979 0.9175768013792088 47.146112765686986 0.008116250358024093 0.9998718278901866 0.013800517079567308 2.552370230225064 -0.9175894493729221 0.012932250402047046 -0.3973189641824774 4.780200207234305
-0.39806281802994675 -0.010982985167383929 0.9172924108150415 47.99643122835846 0.0057824065039988135 0.9998784232454829 0.01448110849174706 2.5622943490214625 -0.9173399351805636 0.011068548456787872 -0.3979509147595714 4.424301234767668
-0.39922258377851305 -0.011878931559248466 0.9167770828212378 48.87670718736789 0.005131141761618782 0.9998714589099456 0.01519003099138315 2.5728700442222077 -0.9168396806342045 0.010768316595814766 -0.39911031479061276 4.053900094859894
-0.40086960345800465 -0.012732606364848346 0.9160466373272597 49.776683199215846 0.0049269974009548715 0.999858992526105 0.016053652584169062 2.581733334552645 -0.9161218727440325 0.010948780746733281 -0.40075034432939277 3.6666718601015464
-0.40037302663356755 -0.013454995042814163 0.9162534598312166 50.68637254370516 0.004986162347952964 0.9998454051401604 0.01686131682724947 2.5927402240488204 -0.9163386806903422 0.011319404953745416 -0.4002440422319572 3.270786756139949
-0.4005950389137256 -0.014107309689261393 0.9161466032306413 51.58952816976767 0.005245180262827067 0.9998297717753318 0.017689419314907345 2.5993471798553016 -0.9162401993373361 0.011891647699937937 -0.4004528509490968 2.8834507029747134
-0.4020059270889851 -0.0146712340061084 0.9155195188951809 52.514050355079256 0.004969143090042031 0.9998219425765369 0.018204141271444114 2.608036771491364 -0.9156235810649899 0.01186752017980234 -0.401861443488307 2.482280576625697
-0.4014392449306115 -0.015624070945757362 0.9157523797602836 53.465990586151754 0.003294945587211177 0.9998233782806227 0.018502853215119346 2.6165975626576286 -0.9158797278917783 0.010445125686408725 -0.4013168615773293 2.073737275011065
-0.4021004282015732 -0.01609175700351263 0.9154541501335015 54.40004516371834 0.003364196371272273 0.9998128288654404 0.019052281198349997 2.6231323348569764 -0.9155893882209901 0.010740697958018585 -0.40197103077770113 1.6687450198859763
-0.4004598203703267 -0.01620097884469416 0.9161710869447036 55.36163308937299 0.002374882828667102 0.9998219772613056 0.018718272271862638 2.6353971522452877 -0.9163112419917786 0.009671714934139227 -0.4003500539899014 1.2567096522026342
-0.3991693274936249 -0.018005540339845267 0.9167004137150574 56.292023239300015 0.0015348356463975588 0.9997926349882877 0.020305942546823802 2.6412230417652034 -0.9168759415906962 0.0095124939025771 -0.39905891819620776 0.8607491623842484
-0.39851568561397693 -0.02003332539708961 0.9169426995146186 57.26774082247515 0.0039365643793368675 0.9997148483116378 0.023552611874827194 2.6523970526288836 -0.9171530688933605 0.012995689238098889 -0.3983231857182275 0.438167389445862
-0.3961115897153044 -0.021710508640775963 0.9179456750308121 58.23226888404491 0.005322217297777257 0.9996493456784228 0.025939539081036606 2.6608226838522144 -0.9181869540002461 0.015160458411940483 -0.39585714342991246 0.023190849057383
-0.3943545348972085 -0.02204712018292365 0.918693869195635 59.17406681186386 0.006288276274058407 0.9996240177752231 0.026688586856964843 2.671282390089702 -0.9189368631127537 0.016301766117827948 -0.3940676262190693 -0.37934206903599954
-0.39383517142373536 -0.02230598985436353 0.9189103876691429 60.13148908094814 0.006075751195153809 0.9996204941796798 0.026869180549243088 2.6843970899009073 -0.9191609994973959 0.016165099213746488 -0.39355018303941636 -0.7798065899688624
-0.3917174580901219 -0.022099119802277252 0.9198201247697174 61.08058124983899 0.0056948131614310855 0.9996341305723302 0.026441900422592132 2.695676731096964 -0.9200679334323473 0.015595957773297676 -0.3914482902896161 -1.1804379000026992
-0.3918159685140313 -0.021585271672654942 0.9197903689777523 62.00743333959015 0.0027126418243623145 0.9996933014144944 0.024615943640693878 2.7066109145492505 -0.9200396124035882 0.012139981622999976 -0.39163724599998 -1.5673605305590217
-0.3935039576648413 -0.01977198194380729 0.9191102784933485 62.940764258482126 0.0004918372492588047 0.9997640244438128 0.021717585593975013 2.719326888583258 -0.9193227906444108 0.008998008553293774 -0.39340137575235773 -1.959952523396618
-0.3969699055075042 -0.019300490563213805 0.917628675001704 63.8745372108355 -0.0014229140542390533 0.9997906195363173 0.020413044916952946 2.7281028449552744 -0.9178305232650295 0.006797657773570563 -0.39691425070389696 -2.3561734210723873
-0.40156265361680293 -0.02129518871053236 0.9155839394386593 64.8344739877487 -0.0021868514874472597 0.9997490744442747 0.022293627528700472 2.7360244215297502 -0.9158289430351083 0.006950042129325315 -0.4015084606998927 -2.774167347457568
-0.4064396906508658 -0.023613634761340617 0.9133724180842043 65.76748414251733 0.0013884903319031066 0.9996488551058615 0.026462021467353224 2.7440312964251685 -0.9136765565331239 0.012023424591124498 -0.4062641841251513 -3.191267756084776
-0.4118852598866904 -0.024953990841361837 0.9108939735387226 66.68338768560825 0.0007959571289268587 0.9996147327449361 0.027744414420192518 2.7579508030076725 -0.9112353697812233 0.012152547895799694 -0.41170671167630707 -3.5980166528044975
-0.41663556470029206 -0.023068594825073716 0.9087808570605265 67.58904021237913 0.0010754110525810698 0.9996647725378818 0.02586863038223877 2.764925721074978 -0.9090729617131601 0.01175510440538417 -0.4164710887954671 -4.005828037792833
-0.4215561361879888 -0.02099299707179775 0.9065592744637263 68.47108735400377 0.00021272754905977964 0.9997296725219426 0.023249443566669054 2.779241247167889 -0.9068022820820667 0.009993795731019777 -0.42143771219201887 -4.413120095661001
-0.42716123531761024 -0.019180658188525414 0.9039720025495196 69.34840726226916 -0.0005985514003725989 0.9997807495446045 0.020930708928523556 2.7903415762874904 -0.904175271049897 0.008399713773957816 -0.4270790606320583 -4.8230317235587385
-0.4315303381934708 -0.018551981442048796 0.9019076400625524 70.21339559747526 -0.0016960406878241702 0.9998034286815918 0.019754175318611702 2.8018661984546283 -0.9020968299825768 0.006994853901768056 -0.4314769766213245 -5.2323466597405535
-0.43445255890775797 -0.019866347587722898 0.900475597832626 71.07075629404585 -0.0013458132603837245 0.9997699237498987 0.021407670396154464 2.8102034968485494 -0.9006937120049021 0.008088745183648056 -0.4343793380861765 -5.641958108229338
-0.43870981494017813 -0.025479155112283405 0.8982675052176378 71.97953617985502 0.0008454855566240767 0.9995858166475958 0.028765957504188193 2.8232710205873888 -0.8986283900641735 0.013379380094885686 -0.4385065663806512 -6.078164180233543
-0.4398535888394943 -0.03276574623698583 0.8974715740671407 72.84650375553973 0.0034591122300202774 0.9992649887389793 0.03817743866563472 2.839339283394967 -0.8980628346210514 0.019896938307730296 -0.4394169511049626 -6.504202674920231
-0.4411416304996361 -0.035085035358634636 0.8967514160200731 73.71552345229688 0.004288961714989039 0.9991416771838821 0.04120089466973952 2.8553156290680892 -0.8974272486656121 0.022021562343824956 -0.4406125101996164 -6.923439482110833
-0.44109088550751113 -0.030708020011527826 0.8969369254463615 74.56438851279336 0.0031675780044125475 0.9993549502526047 0.03577219388296395 2.876648762841427 -0.897456849754787 0.018619906352772254 -0.44070908989448837 -7.336406714892635
-0.4408742855389256 -0.025624614713012153 0.8972030112919548 75.37757334678129 0.0021829901472044787 0.9995588285832744 0.029620647448178893 2.8941353693746 -0.8975662086467823 0.015017567114608794 -0.44062384612433214 -7.7380238986616625
-0.44113380025741966 -0.022752837252539244 0.8971528736326975 76.22300772250216 0.005677845565429995 0.9995877951954225 0.028142525936550332 2.9085832770367164 -0.8974233852202551 0.017508514880301633 -0.44082277568939676 -8.157971499522935
-0.438245920257633 -0.02322973338354789 0.8985548914031182 77.07275057730196 0.007370145384450482 0.9995395245333807 0.029435010660694202 2.922182047242333 -0.8988248963700062 0.019522253520339265 -0.43787291225072966 -8.57086680005088
-0.4353906358561457 -0.02536998662814089 0.8998840803054965 77.91270591405174 0.007138072269801258 0.9994741164148735 0.031631290536099844 2.9387968506398967 -0.9002133314570787 0.020195405299127264 -0.43498057826959546 -8.971932827294985
-0.4326798013181328 -0.029749341497000904 0.9010566942272813 78.7659994855964 0.005712476227933165 0.9993448843019873 0.035737512991158016 2.9632863791704227 -0.901529565320321 0.020610164966411822 -0.43222640358197784 -9.374014494794235
-0.42872165551920566 -0.03473760578278906 0.9027685422262736 79.63276978070019 0.0047078257949948205 0.99916103660648 0.04068242008224475 2.988652702616253 -0.9034243623376311 0.02169151151819047 -0.42819843514765527 -9.775580643121083
-0.42704673733029985 -0.03789208481650103 0.9034352627852229 80.486219955312 0.0007221908182697898 0.9991069721688641 0.04224614306639661 3.0149020366690396 -0.9042292643881682 0.01869353021297839 -0.4266380073929287 -10.15976297555963
-0.42504391777511935 -0.040255351583282306 0.9042771558716298 81.34915409217884 -0.003219521514219649 0.9990715204317138 0.04296198020905538 3.048193265871839 -0.9051670026263645 0.015349388625287974 -0.42477887615232574 -10.545958764568324
-0.4224202455659207 -0.04093332451950748 0.9054753442694107 82.18316107555208 -0.0010543832180123572 0.9990012672675479 0.04466941094152419 3.0701424707503446 -0.9063994838988253 0.01791454553188205 -0.4220415200502545 -10.932328649539128
-0.4203502386515756 -0.03909657600838822 0.9065192411692008 83.027307818844 0.002800861210335577 0.9990106043709936 0.04438431627030523 3.0948721677840036 -0.9073576097890202 0.02119599251562347 -0.4198248418796031 -11.319915713625925
-0.4154942918834463 -0.036777728814871444 0.9088519637848034 83.87870894326929 0.00436955307086637 0.9990900178604933 0.04242691619102359 3.1220403627015054 -0.9095852903484283 0.02159941838890648 -0.4149554972608828 -11.706228361348051
-0.4088373810102406 -0.03610208582534756 0.9118928858631079 84.71509151278848 0.008353053232881076 0.9990273353291381 0.04329676393047113 3.148369668717297 -0.912569023356796 0.025318425389852545 -0.40813815668888687 -12.08068973709439
-0.4000159695603225 -0.035520046607149726 0.9158196058098678 85.56313239216571 0.012759806245356088 0.9989360292602909 0.0443170033989758 3.171724174786801 -0.9164193425726548 0.029413189808481698 -0.39913713536076045 -12.4497891744097
-0.3891283052317711 -0.03592064038178158 0.9204829545743977 86.39636533362996 0.01085844458366286 0.998991162780733 0.04357465854396384 3.2013478842225007 -0.9211195667494386 0.026951146182718107 -0.38834569583138756 -12.789596580775216
-0.3777521928063257 -0.03776260793665824 0.9251363500975598 87.25398044048502 0.009567355741184082 0.9989554317789231 0.04468233457986371 3.2310420469847747 -0.9258573035485189 0.02572995843773341 -0.37699631656643323 -13.132832035165599
-0.36510238613697044 -0.04029785284686832 0.9300947966164649 88.10130836543227 0.011341071656625821 0.9987960651592473 0.047726306331877716 3.260283838493984 -0.9308982907551019 0.027973260059154695 -0.3642058058171136 -13.462378641487481
-0.3522535822711115 -0.04199892976824071 0.9349617658896496 88.9212773913433 0.011397483656032012 0.9987260153995864 0.049157334451492826 3.2893931728920682 -0.9358351944351526 0.027972058601179572 -0.35132613451625305 -13.768820677210948
-0.3405355885120562 -0.04280163012618551 0.9392569049069 89.74990699276 0.011716722070390177 0.9986925706993519 0.04975809134046029 3.321435310362035 -0.9401586203299277 0.027949413025349326 -0.3395888675013738 -14.069331826897761
-0.32561589933469826 -0.042138680212045955 0.9445626595046209 90.57955463676228 0.015029730544445253 0.9986494688828524 0.04973274072236599 3.350986997344934 -0.9453826702982328 0.030390293351391616 -0.32454281192132317 -14.360065538800756
-0.3121446836668173 -0.03890658170397508 0.9492375752985417 91.41314756317779 0.0162931110047228 0.9987949008058175 0.04629557924991706 3.377460109557042 -0.9498948525980812 0.029916952124330487 -0.31113460910554486 -14.635439312131677
-0.2997832432906613 -0.03161611114572795 0.9534833132038302 92.24977670286262 0.017439496531234076 0.9991020898852188 0.03861188868373984 3.401911384359938 -0.9538479286568008 0.028203466152397282 -0.29896269582361157 -14.901956165456193
-0.2859098290529935 -0.027917074236875745 0.9578497829080199 93.11625809243228 0.01384529250315979 0.9993508512005282 0.03325934575847413 3.4257892613986365 -0.9581564994959801 0.022770884278669384 -0.2853377109720647 -15.155321933117897
-0.2729144384415964 -0.030223510826932237 0.9615634397601662 94.01491063011197 0.012351462244842754 0.9993139320296902 0.0349157075221801 3.4483287081177285 -0.9619590171470522 0.021405715233425625 -0.2723538960338611 -15.40349418634926
-0.25864468609535596 -0.034097102141515054 0.96537055785858 94.8930693057381 0.01191964280484426 0.9991880804742512 0.038485087418198616 3.466360888064557 -0.9658989846096949 0.021460835578619827 -0.25802826214627683 -15.636320635114
-0.2472993256827855 -0.034158766706462916 0.9683368330152134 95.72735341039275 0.010153526654134487 0.9992321615524435 0.03784168621659621 3.4840857523983457 -0.968885932095891 0.019190257328263946 -0.24676260780424503 -15.839369566244033
-0.24054583682833036 -0.02936719920591671 0.9701934178272694 96.58947073210108 0.0070014079566025015 0.9994636952468994 0.03198909454858855 3.5011178544156913 -0.9706125285978869 0.014487563432590033 -0.2402112192105172 -16.045904857289916
-0.23566637639932908 -0.02361854101655514 0.9715469744459394 97.46102296243185 0.002505844451362824 0.9996865457639621 0.0249104588898539 3.510792473782985 -0.9718307876263209 0.00830510317617002 -0.2355333213853995 -16.24482026854245
-0.2326074297521955 -0.021416467354703775 0.97233487983828 98.32027458221405 -0.000714330969932557 0.9997610124002304 0.021849663972972208 3.520488255569453 -0.9725704464743636 0.004387825259888076 -0.23256713790676853 -16.44177230918851
-0.2290251125204541 -0.021961441272086317 0.9731727456789192 99.19003663791736 -0.0027696746962660394 0.9997561208968592 0.021909532887352916 3.528819527873674 -0.9734165741023062 0.002322461305993945 -0.2290300841296007 -16.638364120003097
-0.22471887770011345 -0.022673961489034743 0.9741598007901965 100.05413675833566 -0.005144901334816881 0.999742911458839 0.022082594459415933 3.535316653761421 -0.9744100553645044 -4.958021578373682e-05 -0.22477776034640473 -16.829154433121516
-0.21961689388175148 -0.02610705718463298 0.9752368130289638 100.91068918730488 -0.008979319759766924 0.999653626485786 0.024738610924403832 3.543811955343282 -0.9755448691569156 -0.0033239462955163626 -0.21977524802088427 -17.01799993361901
-0.21460900201660493 -0.030012855792841305 0.9762388051806767 101.75995394547675 -0.009594056982844252 0.9995443135713257 0.028620259919109745 3.5538389841134763 -0.9766529221397164 -0.0032239253070712216 -0.214799152655609 -17.199161322287026
-0.2102503180876319 -0.03243728625788228 0.9771093215215347 102.59627409477918 -0.011097615204405428 0.9994642207036633 0.030791467486857342 3.567128717886189 -0.9775845982219773 -0.0043696674293869225 -0.2104976468413174 -17.37357418248644
-0.2069500493345064 -0.03304862458044068 0.9777931608953842 103.45287189816621 -0.01624002169188194 0.9994076377122341 0.030341973862939013 3.5826391397908632 -0.97821671360486 -0.009600109155273316 -0.20736417030990245 -17.54036100818173
-0.20436077040567813 -0.03208507585546902 0.9783696762607407 104.30923304551771 -0.023219833442288215 0.9993403645080787 0.027922664625222547 3.5972931194211846 -0.9786202097106468 -0.01701128367316998 -0.20497097690570942 -17.70978269810407
-0.20034727117036671 -0.029630112885591912 0.9792767879128836 105.1292546673307 -0.02355563983713657 0.9993993027472494 0.025419785604430187 3.6047189003719824 -0.9794417301536886 -0.017974706637360505 -0.20092487938244524 -17.876289452877785
-0.19490852862871172 -0.027413892545447117 0.9804382407695539 105.99942254312775 -0.025234909148472293 0.9994185848451651 0.02292796603181851 3.6105457779084946 -0.9804967439150726 -0.020272413807796864 -0.19548699294415067 -18.04829345890868
-0.18812665777343646 -0.030128880719211958 0.9816825409375494 106.85202343468913 -0.027921757055631984 0.9992894242376138 0.02531841404559348 3.620286518202851 -0.981747796594381 -0.02264723279929223 -0.18883423081796386 -18.209245369188857
-0.18223523611630527 -0.03400445818033505 0.9826667876454848 107.7130103069671 -0.028823490188304303 0.9991570577677815 0.029229784915303248 3.6310881948925857 -0.9828323993087525 -0.022997189756403035 -0.183061749506304 -18.363832683005395
-0.17508145864838587 -0.036969415502874706 0.9838596165891401 108.56034985438619 -0.029691989966518232 0.999038506618905 0.032255976570189054 3.6443815737611085 -0.9841061266801371 -0.02356532643619036 -0.17601081449892242 -18.50819277347087
-0.1703193596689197 -0.033642641280524826 0.9848144436438976 109.3819652382354 -0.032692403599011224 0.9990597407697801 0.028475272078412443 3.6576741383768927 -0.9848464461371066 -0.02734606115494852 -0.1712590741257854 -18.6432772364644
-0.16633977461809613 -0.031315161817999086 0.9855711237756074 110.22889778442081 -0.03289143474048236 0.9991156158760786 0.02619426718342995 3.6697388862847244 -0.9855197780362978 -0.02805969980019132 -0.16722266696357146 -18.779340253624248
-0.16157373990633406 -0.030738733455554296 0.9863818007436211 111.05632619121785 -0.034057918866324526 0.9990930628122453 0.025556016961602937 3.681475891692322 -0.9862727740007706 -0.02946493010334944 -0.16247409996313122 -18.90836458538245
-0.1552740391170931 -0.03208608280851656 0.9873502195605511 111.90996282264197 -0.03464132755274141 0.9990345375987939 0.02701797753622172 3.6895062670736505 -0.9872638711112888 -0.030007931864244164 -0.1562356323748964 -19.034856920841786
-0.1468740454071849 -0.03343584962537345 0.9885899345762924 112.77458210116832 -0.03298762234627879 0.9990381794186165 0.028888281982079343 3.696299450513399 -0.9886049926829562 -0.0283682925775637 -0.14783574810771 -19.164570407076805
-0.1388514936794753 -0.034027509984403 0.989728443194011 113.63672878314107 -0.031642415842306384 0.9990516593079315 0.029908854102620803 3.7037110970598506 -0.9898075672688311 -0.027164509904113 -0.13979652777886925 -19.288682070701583
-0.13252171409707675 -0.034392936377530416 0.9905832227632889 114.4918209450896 -0.031267447994809246 0.9990454787552776 0.030503738697578286 3.7137610502924066 -0.9906868031767984 -0.02693060166370927 -0.13347059865515726 -19.405543584733195
-0.12479375671458709 -0.03489882762561522 0.9915687520870241 115.33211114576075 -0.034033941387729374 0.9989436529967493 0.030875054188244773 3.729437177562685 -0.991598814601287 -0.029893978789516218 -0.12584967585756796 -19.51199344278122
-0.11857793896346602 -0.03602012470129846 0.9922911986950604 116.16465228212196 -0.03717049511827703 0.9988023743940699 0.03181463809995161 3.742444319196176 -0.9922487725786509 -0.03311144094224318 -0.11977481285683433 -19.60830891974949
-0.11464813166506721 -0.03636365088447887 0.9927403944637597 117.00633274199267 -0.03819537738476816 0.9987522332352237 0.032172810789376415 3.7543944733159496 -0.992671606853014 -0.03422954136423118 -0.11589400090535246 -19.70421544425702
-0.10958570825644309 -0.03698610571472841 0.9932889813795344 117.87406409465504 -0.03943037894378855 0.9986826290202546 0.03283674328464976 3.768435036960902 -0.9931949545594175 -0.035567323166801425 -0.1108997193885779 -19.79956269932665
-0.10665635874475093 -0.03599045481268787 0.9936443570522037 118.72212447360621 -0.040874562404042046 0.9986586031824571 0.031784657272683245 3.784654891364668 -0.9934554299451935 -0.03722474247110026 -0.10798438433575114 -19.88795524966024
-0.10200568381049291 -0.03757799790646693 0.9940738073924367 119.58165798147651 -0.04314378141923485 0.9985131349131264 0.033318666402031294 3.802151400565894 -0.9938478025307511 -0.03948940971073296 -0.10347527204842144 -19.974365547129754
-0.09693413211500895 -0.04005326122023622 0.9944845450265848 120.42132424822378 -0.04306158226502734 0.9984230810132237 0.03601460027397287 3.8184465014721285 -0.9943588256579926 -0.03933303402593404 -0.09850603164462796 -20.05240617341764
-0.092850035142434 -0.04124559062921052 0.9948254481202704 121.2868980621189 -0.043604257709071524 0.99835150729747 0.037322065678511825 3.834363447637168 -0.9947248562711651 -0.03991327010554078 -0.09449545590023095 -20.12705429434265
