1.0 0.0 0.0 0.0 0.0 1.0 0.0 0.0 0.0 0.0 1.0 0.0
0.9999396571231108 -0.0025501870422348274 0.010685441430527768 0.007970260456204414 0.00253666522353198 0.9999959649852289 0.0012788052254646565 -0.0008354702731594443 -0.010688659507129281 -0.0012516226710034633 0.9999420913226076 0.305812269449234
0.9998034971012236 -0.0047633522631677855 0.01924260012005644 0.018294693477104468 0.004723218993497521 0.9999865758749801 0.002130556775173838 4.797237422386302e-05 -0.019252490397423553 -0.002039251100220181 0.9998125739699653 0.6062156570205723
0.9996829279205198 -0.007435442637261537 0.0240573859146135 0.028338384591965624 0.007390329558955409 0.9999707632348991 0.0019635947706574336 -0.0005484416118187765 -0.024071282750752623 -0.0017851801593442795 0.9997086507970869 0.9008481400862514
0.9996434354740772 -0.009913212043287399 0.024793752047028383 0.03976956555661186 0.009886366588901251 0.9999504025167685 0.0012050984287193323 0.0008800310127954088 -0.02480446873558391 -0.0009595486115181621 0.9996918613238821 1.2230119531836032
0.9996877591169827 -0.012852463176343651 0.021428916490729862 0.04844460636976508 0.012849359852199623 0.9999174036590625 0.000282508599196095 0.0001814414933840315 -0.021430777472005638 -7.072529229499284e-06 0.9997703344903394 1.55804874409639
0.9998247494342702 -0.01516562714053682 0.01097607270991081 0.05164827170549553 0.015179514649096015 0.9998840846482371 -0.0011830478329842727 -0.001119613495726372 -0.010956858752257204 0.0013494519596718908 0.9999390612560807 1.8766749754482714
0.9998652434838065 -0.01502113507468735 -0.006622716522434302 0.03490334900425033 0.015009808808607404 0.9998858034483943 -0.001756616602504681 0.0010377367320604344 0.006648346606305839 0.0016569741781756954 0.9999765266864895 2.2151137770103517
0.999591017993801 -0.012048659667380422 -0.02593504475292972 0.006132340128025712 0.012013708390228094 0.999926703147034 -0.0015030449820669872 0.0017140180874247904 0.025951253473221487 0.001190854198965601 0.9996625002016659 2.5746918959577623
0.9989437553869353 -0.00973488103963342 -0.044906632746077715 -0.031880647542916626 0.009642743232799926 0.9999509357860704 -0.0022679337530889694 0.002147306267383074 0.0449265075027339 0.0018325151312594088 0.9989886139550844 2.9263800820840964
0.9978710860916479 -0.00997406753880484 -0.06445008548486773 -0.06858613066247998 0.009786011210016585 0.9999468897859306 -0.00323289221000868 0.0007076414485628489 0.06447890761227913 0.0025953004017771463 0.997915695281396 3.3060242913120916
0.9962774987048203 -0.011856245632129768 -0.08538486408010172 -0.11638854786161804 0.011667702826264824 0.9999282662218196 -0.0027068656013369843 0.0008659367132246871 0.08541083236466444 0.001700544070682489 0.9963443671063931 3.708036225448282
0.9944017312588177 -0.01337044256015204 -0.10481616352076624 -0.17008043091503078 0.013214948004260397 0.9999103069897428 -0.002177871649856056 -0.0020023560954945015 0.10483588135133422 0.0007805391881433787 0.9944892300773623 4.105344813274102
0.9923949663387329 -0.013134770047222076 -0.12239161981668491 -0.23777617718497496 0.01305491346836697 0.999913723255195 -0.0014544003118035697 -0.0064037092801991005 0.12240016347978784 -0.00015447245748474313 0.9924808190178697 4.5213640048363315
0.9902236193365929 -0.013350729769264168 -0.13884862881053842 -0.3123039638158438 0.013416670903331557 0.999909886106867 -0.0004610939426051066 -0.010040960101647284 0.13884227256066609 -0.001406300245429227 0.9903135087788157 4.953910695120649
0.9881769945173865 -0.013357527509896407 -0.15273442298777154 -0.39059163719968115 0.013379484021839277 0.9999100998702307 -0.0008840728560329094 -0.012108297221090206 0.1527325011708199 -0.0011698873141407283 0.9882668741032342 5.394661974390852
0.9857832899874349 -0.014654410795667861 -0.1673814608186374 -0.47146224740918063 0.014610451045538868 0.9998921453129496 -0.0014941424676470259 -0.018197742087626853 0.16738530372107088 -0.0009726179617544539 0.9858910761907249 5.841462680826988
0.9838210108803228 -0.016923870776333397 -0.17835302393950633 -0.5552606737041365 0.016607155581971473 0.9998567488177634 -0.00326867359160914 -0.022398907718513862 0.1783827932674459 0.0002538533400562547 0.9839611347124366 6.286083461359538
0.9820998572741552 -0.016361317420927706 -0.18764908109110462 -0.6536603796493712 0.015656962985752466 0.9998637166397932 -0.005235232308337238 -0.02480372745546499 0.1877091629413628 0.002203506185861159 0.9822221819468048 6.768154606599899
0.980547629700933 -0.016731792123922805 -0.19556685051461045 -0.7594002276063022 0.015779285980124458 0.9998548396294329 -0.006427581470407381 -0.028564012409360986 0.19564600691514153 0.0032166445130153067 0.9806693087765302 7.2709520898965785
0.9790292651276281 -0.017329305006863013 -0.20298126320336937 -0.8678032288148813 0.015768105225273644 0.99983236764594 -0.00930609827579575 -0.036442837394605986 0.20310850519183363 0.005910312639208106 0.9791383984520502 7.770714771321178
0.9766692763413205 -0.020342222237575903 -0.21378334510751418 -0.9824621820750304 0.018501510640058796 0.9997725600834093 -0.01060764857551921 -0.04389167675957891 0.21395050538607574 0.00640484962376135 0.9768235046037436 8.28937260498814
0.9746062804187977 -0.025350209119322696 -0.22248587610417597 -1.0970903605929967 0.023316794598935 0.9996589336049984 -0.011761953636568677 -0.05277047548007634 0.2227081616328131 0.006275616409909377 0.9748649605872645 8.812255694081815
0.9718992001584005 -0.026627127398977806 -0.23388659820079544 -1.2339406816597163 0.023875207050416066 0.9996084764148642 -0.014590009179369503 -0.06125628107294887 0.23418351611452393 0.00859592729337148 0.972154406878972 9.35757495915532
0.9693557216601992 -0.022480349227119393 -0.2446305761413753 -1.3838118164246103 0.018316792933388584 0.9996462917290354 -0.01928176675058106 -0.06680833900539476 0.24497750913353217 0.014210043315036017 0.9694246204258046 9.902667693359128
0.9668754022656524 -0.01993738282683291 -0.25446897111366906 -1.5475260003094458 0.014843066445071523 0.9996494476202414 -0.021924079252123765 -0.07786094900269593 0.2548168751714459 0.01742075309975203 0.9668323936904976 10.472070871882362
0.9638101354042174 -0.022425108423202122 -0.26564475790858766 -1.71018725925992 0.016921588810672922 0.999592511574804 -0.02298848919999458 -0.09443097889754096 0.26605203010732137 0.01766140752554529 0.9637968623937256 11.040103988074144
0.9604809581349808 -0.02339987858118695 -0.27736036981244305 -1.8759507720390391 0.017116737124276957 0.9995395676613308 -0.025053342883109224 -0.10959812357265283 0.2778189093102337 0.019315754238081122 0.9604392512115936 11.590002094129277
0.9576104759583639 -0.022207631184780714 -0.28720897871054935 -2.0494717075675646 0.014794320837588155 0.9994996592896938 -0.02795637942833242 -0.12348018685299232 0.2876861213297411 0.022522260031958126 0.9574598912734165 12.14338657231711
0.9548365626352981 -0.021009651089447946 -0.2963878088179544 -2.2427140974156696 0.012239993539933727 0.9994315324940382 -0.03141328404928448 -0.1403092511436914 0.29687930411692726 0.026366767297458158 0.9545509270695466 12.72429456976235
0.9526376725585902 -0.021506727140525497 -0.30334621393690675 -2.4371002253607457 0.010713049900697325 0.999250356576317 -0.03720155163335083 -0.16329186957847835 0.3039188960627124 0.03218983643646986 0.952153936633261 13.317382807262536
0.9506955128634124 -0.022699632079840847 -0.30929398397772556 -2.6413178634586245 0.0092358329204641 0.9989476323283062 -0.04492579722093778 -0.18891748964410887 0.30998829205574674 0.03985416627043412 0.9499046816492958 13.925016469067186
0.9497500756161341 -0.022696023368865455 -0.3121853366037355 -2.848473155710278 0.006402247554630695 0.9985676645396622 -0.05311902260070288 -0.21534678861293918 0.3129437730541973 0.04845110792380987 0.9485350204644837 14.524562108760897
0.948881474487389 -0.023885948374198794 -0.3147275152332629 -3.0610291870018407 0.004586826162024807 0.9980706583499184 -0.06191867219765006 -0.25102677781237615 0.31559928453720865 0.05730988057242649 0.9471603186305771 15.135295800570598
0.9482122368223406 -0.023226684295339875 -0.316787113180158 -3.2830385567887617 0.0009852509046228922 0.9975331819447866 -0.07018960179231931 -0.2906887778914468 0.3176359287313521 0.06624252452733084 0.9458960538680863 15.748920610292778
0.9477938075887313 -0.0239605499172592 -0.31798237426643267 -3.5046796643097116 -0.0006010338962269962 0.9970370846137903 -0.07692002771118432 -0.3375573498496673 0.3188832655607859 0.07309544412955098 0.9449711736305998 16.36054556999648
0.947287431519297 -0.02310172798584091 -0.31955098536797155 -3.7354502249741808 -0.0035451046826097555 0.9965800947455443 -0.0825563261643308 -0.3909564192893273 0.3203653450646039 0.0793374118624388 0.9439659002107053 17.004792021360135
0.9470515870709242 -0.023564245873019737 -0.3202155801064018 -3.9664037953743834 -0.004938136066159919 0.9961163881868457 -0.08790765608173905 -0.4478385623627248 0.3210434647187755 0.0848343533129657 0.9432572428872917 17.651506634009017
0.9470711287200743 -0.021612772387272813 -0.3202954342706441 -4.215849161709147 -0.008525683844943836 0.995685856226825 -0.09239582471535417 -0.507848240696564 0.32091056364641635 0.09023615561176311 0.9428010640429662 18.330557227373337
0.9466999324121832 -0.01967982435186048 -0.3215150734946154 -4.473725062909924 -0.011426134937568617 0.9954521189235387 -0.09457548504250926 -0.5707556390805891 0.32191409010970073 0.09320827991180472 0.9421695893758865 19.039411401416796
0.9465250764708467 -0.017809545698710367 -0.32213832385151475 -4.72882439573247 -0.013806537111065425 0.9953246472234105 -0.09559406970411008 -0.6376858056776471 0.32233470049757074 0.09492979885999459 0.9418538496728367 19.73903344839394
0.9452790592843087 -0.01615931335232494 -0.3258625119134659 -4.9899781218208235 -0.015686420991889223 0.995366684023306 -0.0948635890788101 -0.7083667342855355 0.3258856183924623 0.09478418079209996 0.940645800924308 20.463600613381924
0.9441152840932597 -0.014866787448789382 -0.32927998568460914 -5.249416549434133 -0.017048951451043366 0.9954425697441351 -0.09382656124793688 -0.7762067593458817 0.3291742146583232 0.09419696901782669 0.9395590813950612 21.17078843577605
0.942217269852609 -0.013869643105534568 -0.3347151765182168 -5.518557056163865 -0.018157302760111585 0.9955595921249059 -0.09236563692504386 -0.8475776088059734 0.3345099830318575 0.0931060230501576 0.9377816055584638 21.901620054126475
0.9392772043872268 -0.012907968846132992 -0.34291648787829265 -5.833419027884603 -0.019245827469082568 0.995737945286958 -0.09019724186879277 -0.9305026982177016 0.3426192222330007 0.09131992474796755 0.9350255290100263 22.73880447807209
0.9360028751641759 -0.0124467174158816 -0.3517722230506064 -6.116820544710062 -0.018615487445264464 0.9962256305289883 -0.08478181824126699 -1.0021208038292033 0.35149976004482786 0.0859044370372638 0.9322383527755868 23.48011647881123
0.9335771882398677 -0.011146908842957909 -0.35820298717541366 -6.371433666133735 -0.019190793464633746 0.9965271003180723 -0.08102747545032112 -1.060766110051857 0.3578621900178064 0.0825196022463839 0.9301210502944002 24.121344422302787
0.9306169639204827 -0.00926273220496623 -0.3658773951141586 -6.676133193455285 -0.02065921343968566 0.9967563550342953 -0.07778152479091252 -1.1257816669021368 0.36541108817806356 0.07994354564844436 0.9274070121288056 24.86887873542253
0.9273830168034486 -0.008513031516528918 -0.3740164012966992 -6.990842415176896 -0.021897620781223804 0.9967918486217466 -0.07698379521277796 -1.1889252674306743 0.37347186553829814 0.07958353357095804 0.9242214165640741 25.618279100379457
0.9241068204593006 -0.009108804876496134 -0.38202567198334214 -7.319641690942478 -0.021769667819803263 0.9968374126201207 -0.07642809930803451 -1.2565799693231545 0.38151365105801605 0.0789442998230099 0.9209859562348588 26.39352709276241
0.9208568776751952 -0.008722023181060457 -0.3898032031037197 -7.649703934415193 -0.02269101315854873 0.9968564891750867 -0.07590953768373804 -1.3206532960570616 0.38923993726251843 0.07874684946808552 0.9177642425692568 27.154288630792607
0.9174950970747858 -0.008447701654687556 -0.3976573690760462 -7.998468134805353 -0.023107783156865465 0.9969536677079958 -0.0744943944277065 -1.384459904979558 0.3970752790105483 0.07753722190231485 0.9145048944748009 27.94206143573802
0.9139673684585313 -0.00896149373861015 -0.40568872429851954 -8.34772769847623 -0.02255160477808563 0.9970892767379758 -0.07283130738956621 -1.450360579265002 0.40516055399670925 0.07571437012954217 0.9111049663134136 28.714905423846467
0.9106858133413629 -0.008408660574363146 -0.4130140963770191 -8.712408965071194 -0.02248533574876241 0.9973016826428885 -0.0698839285811035 -1.5155052840272396 0.4124872835070748 0.07292906296538094 0.9080394224481367 29.505565014179762
0.9067816263288639 -0.005973235034518543 -0.42155830274779665 -9.092025199596945 -0.023298837435981212 0.9976616485885927 -0.06425261947674293 -1.577925252340698 0.42095634729329395 0.06808491315051965 0.9045220828010635 30.311941348032285
0.9034704078274444 -0.00641224620295745 -0.42860250265105104 -9.472120047722244 -0.02151016253832758 0.9979501750156488 -0.06027239080881952 -1.6408789148253367 0.4281104239418684 0.06367363100113736 0.9014805231547962 31.110083804980402
0.8996928183298735 -0.006123062292603274 -0.4364806304451671 -9.883934603112557 -0.021366008114885447 0.9980854806152738 -0.058041942440039254 -1.7045749287515946 0.4360003742462663 0.06154576746730095 0.8978395135902502 31.961471744913613
0.8968790462232957 -0.005776417322137138 -0.44223818180762314 -10.296485125910845 -0.021343593295826385 0.9981843899942394 -0.05632383684596397 -1.7631943127992842 0.44176059972661 0.0599546209624323 0.8951273741509849 32.7955470664488
0.894341977610883 -0.005430664345211354 -0.4473510198578122 -10.71102126308514 -0.02119996951585585 0.9982885983178871 -0.0545017042030359 -1.8152218851838129 0.4468814030317013 0.05822698990397914 0.8926962693274461 33.61985680679312
0.8914865580354929 -0.0062744933278316515 -0.4530036948806366 -11.136514611891547 -0.01998406850677297 0.9983862324809523 -0.053156070193410086 -1.8704728100465426 0.4526061796395919 0.05644077892773213 0.8899225160799589 34.45578717018862
0.8896077920271753 -0.006523108250068384 -0.4566786894779435 -11.563960670345153 -0.019756120246508746 0.9984125201737132 -0.052745950301234995 -1.923691021020394 0.45629778881486976 0.05594540748920107 0.8880666862930553 35.279666692755114
0.8884944566374477 -0.007613047951672627 -0.4588241951177078 -12.00263971678233 -0.01881965197689062 0.9984166406926022 -0.05300973766741817 -1.9771896785408303 0.4585012772326764 0.05573376973599856 0.8869443757570254 36.120953590198766
0.8873401702415737 -0.00679541231848249 -0.46106533663579286 -12.459946639856872 -0.019844993279522175 0.9984022098654421 -0.052907500201176794 -2.028309153852362 0.46068817926813677 0.056096788742526243 0.8857875319597729 36.983106104428785
0.886785534086045 -0.006567334423452244 -0.46213448979090327 -12.927354087176141 -0.019912187086547743 0.9984277496741717 -0.05239783856229137 -2.082348211744757 0.4617520128176576 0.055667753674278675 0.8852605152494386 37.86633236806306
0.8859449389337171 -0.00514021403920554 -0.46376194688370437 -13.409418857017393 -0.020670007450787467 0.9985074070599118 -0.050554019014084114 -2.1350994270867125 0.4633295975541785 0.05437404018576458 0.8845163355100686 38.77349476707532
0.8855761748879074 -0.005778253226997051 -0.4644582330635846 -13.888070104127943 -0.019571638341896132 0.998570418029826 -0.04974003627212658 -2.192612094720331 0.46408166247279836 0.05313879962309221 0.8841970812726654 39.67655065398472
0.8849305421004021 -0.00767817439035043 -0.4656597269422384 -14.370080761908126 -0.017539417860369007 0.9986053225348592 -0.04979737569560742 -2.247917095194349 0.465392634749421 0.052234619201076506 0.8835616787060826 40.58410202036526
0.8836064981259245 -0.009883109015692847 -0.4681259238985004 -14.853940089227441 -0.015553888708999486 0.9986059075994904 -0.0504412316803028 -2.30220267118367 0.46797182929709424 0.05185137860830563 0.8822209482441173 41.491102938964346
0.8829629347970627 -0.010561376523773414 -0.4693238893349468 -15.352966211607091 -0.01415127677040651 0.9986937348702772 -0.04909750804902479 -2.3584105994535407 0.4692293651726474 0.0499928120511318 0.8816600941422351 42.42095838956342
0.8810190683678499 -0.009827374091340789 -0.47297867170805363 -15.85823497745941 -0.013483864153452665 0.998856396254101 -0.045870307059813396 -2.4153838839510056 0.4728885561945194 0.04679019534837588 0.8798790206838232 43.35783491238851
0.8787406729144566 -0.01039061782199325 -0.47718640469645135 -16.36005992359582 -0.0109626454885754 0.9990599008777487 -0.0419420417008401 -2.4709494019360005 0.47717360590223346 0.0420874033342575 0.8778006609195732 44.27254042873736
0.87580463110761 -0.01065793015146459 -0.4825480874020221 -16.871511204199795 -0.010147076636875207 0.9991286597090738 -0.04048404850895078 -2.5247889043296605 0.48255909997241625 0.0403525695939701 0.8749333604115088 45.193918606601144
0.8712050711115289 -0.013291881661172459 -0.49073928918669385 -17.404959240983818 -0.009215872064288165 0.9990144180180018 -0.04341958422472489 -2.5802725376100315 0.4908327533607052 0.04234995246819874 0.8702239308099328 46.13516773944077
0.8660873390409243 -0.01666095499774063 -0.4996149854954057 -17.91905178258425 -0.007961382397281138 0.9988579500318329 -0.04711063625688774 -2.6314127109366106 0.4998293084077157 0.044779551547193784 0.8649655797891017 47.03375076609067
0.8603971476309225 -0.016389685379945146 -0.509360507461777 -18.46401132208856 -0.00872032758578056 0.9988629084540983 -0.04687052380138441 -2.684736223868173 0.509549511073624 0.04476905547100452 0.8592758738826924 47.950405528009995
0.8549254828585247 -0.014414452261874159 -0.5185505205137766 -19.02288945960017 -0.008894835500705512 0.9990595828467914 -0.042436208871795285 -2.7393484180633223 0.5186745614164376 0.040892217939180055 0.8539932820880272 48.86684505332401
0.850337013503878 -0.012874502171846219 -0.5260809924898759 -19.589309233599398 -0.008898421928302222 0.9992059722538236 -0.03883610561677283 -2.7907239552032075 0.526163265111212 0.0377050687059227 0.8495472595691131 49.77509734355701
0.8465517802671365 -0.01289938309364989 -0.5321500627100831 -20.16285026523545 -0.009962257736399489 0.9991473087612438 -0.04006755315661003 -2.84219266880409 0.5322131497316988 0.03922067453483533 0.8457014260019297 50.68091502760589
0.8444803969092406 -0.016094624484238946 -0.5353445827677002 -20.722887048928165 -0.009410573614506413 0.9989481879539905 -0.044877153293017225 -2.8918076251156757 0.535503781816952 0.04293577583030668 0.8434407026066457 51.56371360285883
0.8428110090263388 -0.018458238116749456 -0.537893015858758 -21.29469818610771 -0.011800302017061485 0.9985377499826738 -0.0527552341653936 -2.9480529896749963 0.5380802504611286 0.05080999217835755 0.8413607958293068 52.450621549766154
0.8400365968248032 -0.019485925689648076 -0.5421796885673795 -21.856938671722233 -0.012115846185498547 0.9984317596606447 -0.054655535603983056 -3.005218717075935 0.5423944342138962 0.052481615837990665 0.8384831290686899 53.32678491268816
0.8385884709087057 -0.019488585959629705 -0.5444167259336299 -22.44512480555189 -0.010521532205664886 0.9985940708273964 -0.05195362420865381 -3.068057691160694 0.544663817247891 0.049295808398513837 0.8372044251288289 54.22596813103902
0.836172008205571 -0.01724356733075989 -0.5481961620434534 -23.034168203962984 -0.010270609871202888 0.9988381083828353 -0.04708447530846077 -3.129250047016123 0.5483711218384282 0.04500102918722029 0.835023365005887 55.11461668939582
0.8335191846971833 -0.015585647476181932 -0.5522706368570495 -23.618648341454062 -0.010765183787632377 0.9989540977990284 -0.044438961605192624 -3.1851486163927007 0.5523856257722147 0.04298602195222851 0.8324796227878262 55.98406631719754
0.831569727486518 -0.015088206804085114 -0.5552153945483098 -24.21330719937639 -0.012231167977693403 0.9988910778077476 -0.0454644169211247 -3.2385061394794916 0.5552856804005482 0.044597765543954795 0.8304630349694 56.86111697820964
0.8285359394035571 -0.01671674492202999 -0.5596862938788811 -24.819315532480015 -0.012039565518805905 0.9987913028027219 -0.047654824601085444 -3.297715860477186 0.5598064361712751 0.04622211467310451 0.8273332279900057 57.75310083929062
0.8258677686886258 -0.01908634721969085 -0.5635407172432887 -25.413160114659735 -0.011388279004587274 0.9986584880063949 -0.05051268587290805 -3.3574952553229878 0.5637488232737915 0.048134558090739826 0.8245424965244817 58.611292849932845
0.8232142509044241 -0.020740059091078136 -0.5673518723479872 -26.01855207817219 -0.010358142789052522 0.998617481766548 -0.05153478425491004 -3.4174514258007687 0.5676363325103756 0.048300880521343625 0.8218613136989923 59.483167044876076
0.8197728574291937 -0.02164751428336681 -0.5722795185464239 -26.62817414066721 -0.009183979379569236 0.9986599002635036 -0.050931896964919385 -3.4810611500368562 0.5726151558814444 0.04700839000690139 0.8184754697141684 60.35649220053749
0.8169706872336265 -0.020993708238315173 -0.5762969377112991 -27.248274193508973 -0.00991926212020057 0.9986777212891536 -0.05044221683961712 -3.5429672456873975 0.576593881722662 0.04692625294127687 0.8156821821916208 61.22955473401566
0.812383201735792 -0.02136788052920433 -0.5827323118029354 -27.87728030249916 -0.01047349065442164 0.9986325090266084 -0.05121931187289747 -3.60840548855178 0.5830298787635292 0.04771294999170606 0.8110484787434558 62.09868805407815
0.8074758195174433 -0.022353096396566133 -0.589477005468508 -28.518150680596037 -0.01055225622789863 0.9985745744636314 -0.05232082877094302 -3.6729138445970597 0.5898062824208762 0.04846811649180713 0.8060889472636394 62.96799790376261
0.8035321767021747 -0.02371264722410478 -0.5947888292208343 -29.166835925430878 -0.010236102807199846 0.9985080686325605 -0.05363635963593037 -3.741951368432577 0.595173305183949 0.049186860413118275 0.8020906367481887 63.84669648420904
0.7988486004556317 -0.024221773894422188 -0.601044273926211 -29.83298693433411 -0.010750306481103752 0.9984545090944233 -0.054525445248769885 -3.8120313180936156 0.6014360684733173 0.05001898577961923 0.7973535957158138 64.72950712577457
0.7941745681827285 -0.0261212998653759 -0.6071280202272994 -30.488135841679735 -0.010139111493948253 0.998367094656713 -0.05621692560810641 -3.8802624512334365 0.6076050968103298 0.05080179130756314 0.7926129095151383 65.58981398007607
0.7888135389311246 -0.02604861731962373 -0.6140803451786184 -31.171180487324943 -0.010701469670510059 0.9983680160620851 -0.05609619462269638 -3.9519546515321897 0.6145394042255113 0.05082099999008359 0.7872474494173745 66.46805913826027
0.7840781339540666 -0.026458697892525765 -0.620097909334438 -31.85841312248733 -0.00970430354112059 0.9984461931279646 -0.05487281586593668 -4.020944478153083 0.6205862601990885 0.04904219340636439 0.7826030647256641 67.32980711251858
0.7801791451330982 -0.027420995466250826 -0.6249548707763051 -32.53594117737911 -0.008466456897112022 0.9984844411208934 -0.054379591273811395 -4.092261132223121 0.6254988573986349 0.04771697650875725 0.7787645790262069 68.17505681395907
0.775140706012502 -0.028878486764125973 -0.631128290353597 -33.23568800254685 -0.007469211674094657 0.9984661033856483 -0.054860288614327526 -4.159572985200107 0.631744486924427 0.04723847364271995 0.7737360207774344 69.03382640039852
0.7709953330427053 -0.031030663010111238 -0.6360843453344227 -33.94658213747654 -0.006501024719762438 0.9983766448261385 -0.0565845539285743 -4.228941777372182 0.6368076107459468 0.04776162705410704 0.7695420026724878 69.8887198501724
0.766970959761577 -0.029782073464085 -0.6409903080254687 -34.653778819975365 -0.008425989299162091 0.9983688057387863 -0.0564688447910889 -4.3000930591551185 0.6416264875975243 0.04871094156233819 0.7654689377011811 70.7268461369209
0.76283977355027 -0.029384374753647156 -0.645919529361135 -35.38361834058858 -0.00817516054284327 0.9984486576638246 -0.05507671703547348 -4.372265493385662 0.6465358819430455 0.047295206201517934 0.7614161259327807 71.58295917597243
0.7602939787742444 -0.028779280769400575 -0.64894130615798 -36.11495957344096 -0.009130179883664645 0.9984459338034811 -0.05497596826420475 -4.443910082407798 0.6495149772368002 0.04772284850772147 0.7588496715920673 72.4296587602652
0.7562172084685098 -0.02877229159404235 -0.6536877609780696 -36.85999489970124 -0.009539115750256332 0.998441775000672 -0.05498206256781236 -4.517572587217562 0.6542511283038017 0.04781398508736771 0.7547643896894364 73.28416384053969
0.7528327067000883 -0.0295664837794747 -0.6575475182521314 -37.58300239999658 -0.011156883171467739 0.9982738883774818 -0.05766079900245411 -4.586567781503348 0.6581173449169361 0.050745116224334856 0.7512033636099227 74.09934623571156
0.749998546307195 -0.031342583739341116 -0.6606964681165148 -38.333962870235965 -0.011579210267629182 0.9981014610365444 -0.060492936499178494 -4.656830386897914 0.6613381150566422 0.0530199577636384 0.748211722477047 74.94644985364548
0.746648247396477 -0.030884576013996214 -0.66450172131019 -39.093008361273625 -0.01355044728918554 0.9980082641078216 -0.061610795732208644 -4.730756461950781 0.6650810326855163 0.05500588820234271 0.7447426214639786 75.7925273666687
0.7440165544941826 -0.02970685103304422 -0.6675004641498803 -39.85013526298728 -0.014092041205915298 0.9980912520877671 -0.060127089406726106 -4.808647953401756 0.6680125605205758 0.054141993937923724 0.7421777842802693 76.63171161531187
0.7408119866239327 -0.029318290941820264 -0.6710723048156236 -40.61499322548526 -0.014137613189440885 0.9981451641178287 -0.05921451884038876 -4.884754184425104 0.6715636443164626 0.05335418600675853 0.7390234113124889 77.4714937382038
0.7369187173580561 -0.029312829047493938 -0.6753455130972514 -41.39106769608303 -0.01491672130368229 0.9981109455132635 -0.05959892509238288 -4.960264655377348 0.6758167617282851 0.05399350423756168 0.7350893864471468 78.30887010182855
0.7344769034844156 -0.029895044153139195 -0.6779748996703538 -42.18524840845508 -0.014799401298070797 0.9980860764851872 -0.06004299832306677 -5.035942064968401 0.6784722956533769 0.05413381809448689 0.732628742112504 79.16591008442667
0.7313362523232222 -0.030330072576759303 -0.6813423315304229 -42.99346253626131 -0.014479566819499603 0.9980950129543911 -0.05997238748201891 -5.117276748169035 0.6818633500801637 0.053725522920324245 0.7295038999240469 80.0300517750426
0.7286380640111835 -0.030193506481373256 -0.6842330917460758 -43.79317220509725 -0.014930068489885763 0.9980901872456096 -0.059942232014760365 -5.197790168344572 0.6847362008313288 0.053891838810559374 0.7267957106234838 80.87426037689715
0.72725322551536 -0.03237851811351715 -0.685605117791778 -44.59325583648946 -0.013325722688587555 0.9980323634114693 -0.06126848046217553 -5.277987782560623 0.6862398786811591 0.0536938837121116 0.7253907883062608 81.72167949079264
0.7246828567748984 -0.03605343948403893 -0.6881387262739563 -45.4206216670741 -0.011064597986766813 0.9978927583265936 -0.06393447857560226 -5.361717568629249 0.688993709527136 0.05394619894592807 0.722756858045168 82.59151655828188
0.722128680277958 -0.0396467191460111 -0.6906216813719158 -46.255273276166356 -0.00780110448162195 0.9978260449532114 -0.06543948946850564 -5.444946514955129 0.691714761942292 0.052643344061611044 0.7202495167906253 83.46240186773606
0.7181654349391562 -0.04207273547559678 -0.6945993758910624 -47.08182318570885 -0.004748414422223936 0.9978510682611644 -0.0653505786548829 -5.53036403849553 0.6958562068553588 0.05023077243735838 0.716422367658366 84.32257591026263
0.711682634613215 -0.04346159410146591 -0.7011554160299646 -47.916631632303 -0.00343675496305779 0.9978570619496124 -0.06534120164652121 -5.619618436057903 0.7024927161937816 0.048911897892505385 0.7100081759664716 85.17618845432116
0.7047868963303494 -0.04429859402577806 -0.7080346498077426 -48.751244472074866 -0.0016192514989393572 0.9979454506032817 -0.06404885357909607 -5.702591153182217 0.7094172318076413 0.046287278895530304 0.7032671462729018 86.01137096393535
0.6955464205974199 -0.04234005416646991 -0.7172325261777366 -49.60754210737145 -0.0022691278696496224 0.9981276911202996 -0.06112252676036052 -5.785483504971683 0.7184775764439892 0.04414104702020788 0.6941480678609798 86.84425767308062
0.6875119815947284 -0.041627869419201935 -0.7249788932453883 -50.45848562012849 -0.002654744236598453 0.9982048175544215 -0.059833891267262324 -5.868432050891219 0.7261681812753354 0.04306115069017774 0.686167260807822 87.65225962748227
0.6801301141161042 -0.041947271193644234 -0.7318903294290902 -51.32474784986879 -0.004758035418718817 0.9980879978773076 -0.06162555956923925 -5.947839049592995 0.7330759776253546 0.04539575897233686 0.6786301172921492 88.45618967181416
0.670166511144908 -0.043611423386377864 -0.7409283980858585 -52.21340463895705 -0.004311752796782538 0.9980266020536825 -0.06264431643014405 -6.033389738796359 0.7421982593132928 0.045176823077709566 0.6686559642513659 89.27166456119255
0.661293132611972 -0.044519432040335226 -0.7488053237865308 -53.10250815732326 -0.004464559526467543 0.9979860165329113 -0.06327699829327048 -6.110744220244075 0.7501142982695902 0.04518773036542 0.6597625395215635 90.0606200914598
0.6532039266708476 -0.04466130739790364 -0.755863742881808 -54.005250901652204 -0.0029011594869224576 0.9981040034164228 -0.06148155526449411 -6.197049504960123 0.757176474446623 0.042352874585080545 0.6518358846818446 90.85330214871155
0.6429109094435672 -0.043779724578677154 -0.7646887590610055 -54.92430733256977 -0.002876171976313787 0.9982201108756106 -0.05956792659012375 -6.278601739266809 0.7659355652750485 0.04049624623713753 0.6416406812909333 91.63756110924511
0.6337716299730964 -0.043452089928395166 -0.7722988002852907 -55.83764038489657 -0.0037398683386428745 0.998237168113119 -0.05923317974168231 -6.360820183123946 0.7735111727868281 0.04042860470453423 0.6324918920394083 92.39199419924492
0.6255838858450918 -0.04386439375245887 -0.7789227925357458 -56.775173732023895 -0.005249340918045672 0.9981588496172695 -0.060426445788707546 -6.442178040051574 0.7801392479492886 0.04189064205116374 0.624201832677268 93.14880377347207
0.6164297129586465 -0.04320316304247582 -0.7862238203494257 -57.74080235374993 -0.007657876258730639 0.998117494542324 -0.06085083417472496 -6.526584965899401 0.7873726982267842 0.04353106697152227 0.614938436183163 93.90343569329379
0.6088167480663522 -0.043362203573399226 -0.7921249185420007 -58.70810404307297 -0.009388859528875158 0.9980412609537983 -0.06185055173965525 -6.610656889740215 0.7932553287502451 0.045092801365759085 0.6072171132917199 94.64539951570666
0.6008307175829942 -0.04239582536378911 -0.7982512404001809 -59.697855840279146 -0.01118689142385213 0.9980488578359739 -0.06142744364352902 -6.694989048705395 0.799298005920805 0.045837444998942586 0.5991841339413067 95.39435870952678
0.5942600960330171 -0.03986195898652782 -0.8032844841577521 -60.702684870949554 -0.013142989135100678 0.9981563391887979 -0.0592552476478866 -6.773679762659755 0.8041655302855403 0.04577058840537358 0.592640576688436 96.13406287081493
0.5884096366029655 -0.037888681034209455 -0.8076747782382796 -61.70952610215894 -0.013120627655706535 0.9983225563702313 -0.05639080219616391 -6.854977341458997 0.8084565224442726 0.04377809146016433 0.5869254893301356 96.86650705733294
0.5821105026422442 -0.03693234601756887 -0.8122704996066472 -62.73571028061132 -0.013939973322793123 0.9983678209301462 -0.055383853919272426 -6.933897688589931 0.8129901843548626 0.04356255213862081 0.5806455581452564 97.59906021671452
0.5767173325316045 -0.03806478165403484 -0.8160564874782023 -63.760038216822025 -0.014202388049682197 0.9982957837093428 -0.05660230032282535 -7.013954668290126 0.81682030492105 0.044233478562958665 0.5751938706583228 98.32210352092311
0.5722086732345362 -0.04013970403830926 -0.819125166525171 -64.7738794789673 -0.013659998793061678 0.998196459676109 -0.05845709814090895 -7.09425909763715 0.8199942918753432 0.04463890735445086 0.5706283635099603 99.02783000900348
0.5671268713094201 -0.04158797058653092 -0.8225798153013983 -65.81763172374198 -0.014196416946594383 0.9980824373688902 -0.060248734108309894 -7.1772653549994505 0.8235080895684432 0.04584636210507018 0.5654489698434898 99.74139298725046
0.5642927732921396 -0.04356975337606459 -0.824424249158778 -66.83188177476984 -0.014779644659613506 0.9979132515521041 -0.06285462974548874 -7.265081723305233 0.8254424438529929 0.04765311078466786 0.5624712907505082 100.43325656694729
0.560299204233099 -0.04376235557281087 -0.8271333979295451 -67.8542260432271 -0.014119561151270481 0.997953543296102 -0.062364761008528224 -7.348316920393343 0.8281699340888028 0.04662168655759011 0.5585346709147734 101.1239945686456
0.5578095656246608 -0.04236068784284101 -0.8288872424058104 -68.8822395329062 -0.01288819103158164 0.9981341526952232 -0.059683395976789594 -7.430288171904042 0.8298688950849772 0.043974826308584625 0.5562228255129136 101.8113547262881
0.5559524151180152 -0.040796625828142204 -0.830212350814829 -69.93219686732907 -0.01057156321518501 0.9983669940356366 -0.05613899955854685 -7.514775054729123 0.8311468908536165 0.03998725473554963 0.5546132573993168 102.51202963430133
0.5532649356131791 -0.03991252994612739 -0.8320486169535075 -70.98542725719415 -0.010133752372797972 0.9984550642858491 -0.05463324688125467 -7.597186800079913 0.8329437064314682 0.03865843446443216 0.5520057131597169 103.21407587471917
0.5512393541050518 -0.04021939747884622 -0.8333772102429272 -72.01029039233629 -0.008331911685067483 0.9985223214397844 -0.05370058504501045 -7.67631949463578 0.8343055517815506 0.03654550113136695 0.5500896950621232 103.89274268743095
0.5503898995697616 -0.040157772766745314 -0.8339414318391922 -73.03829172393772 -0.005667401170969647 0.9986398875147162 -0.05182910020984558 -7.755613802345235 0.8348885189146842 0.03325249390661356 0.5494137171871809 104.57253865023347
0.5478201760639709 -0.040411301110500314 -0.8356195195421158 -74.05164696680501 -0.0025630794110058606 0.9987468997929616 -0.04998060401676657 -7.831089524222182 0.8365921857877784 0.029522142478221686 0.547030125114077 105.23913699318672
0.5468140833893778 -0.04199973410225951 -0.8361999644477236 -75.05342511543836 0.0003665838256718332 0.9987529250338745 -0.049924546593623324 -7.904667923707205 0.8372539780874937 0.026992907802228523 0.5461475616580624 105.89630468831513
0.5445175598030197 -0.04281012285983658 -0.83765620659486 -76.06085359049247 0.003036648171985616 0.9987906640174804 -0.04907125675383066 -7.978130211600541 0.8387439453337618 0.02417649379555463 0.543989054406161 106.55117009466387
0.5439033941135494 -0.04260180121781625 -0.8380657399063386 -77.04385226382657 0.006127948055987979 0.998885492398936 -0.04679980050767846 -8.04778882547815 0.8391254650672831 0.020318947018314146 0.5435582712715196 107.18684529876772
0.5431367550568402 -0.042708468202246885 -0.8385573636014078 -78.01511156679118 0.008209847046835608 0.9989279254128969 -0.045558733978825615 -8.115669836836135 0.8396041113035319 0.01786019524259188 0.5429051019359672 107.81715774629161
0.5411350356388962 -0.044075075897381744 -0.839779888356902 -78.9795368171709 0.009762167636686633 0.9988875040586027 -0.046135174418313885 -8.181684590404391 0.8408790479534639 0.01676728720500292 0.54096329338751 108.4445689258216
0.5404314565341736 -0.04577834096326382 -0.8401417643987252 -79.94746708802764 0.011831693120967029 0.9988335317161794 -0.04681438835737797 -8.24862170688541 0.8413048507088516 0.015359668552260734 0.5403426956624118 109.06645399442552
0.5407651588270841 -0.04749770085241037 -0.8398315375195513 -80.92131285317909 0.013104820334367401 0.9987590622649014 -0.04804788473740568 -8.317510531612793 0.8410715229293657 0.014976780610999354 0.5407165517716352 109.69033680874342
0.5414576894526313 -0.04834277657679162 -0.8393369683776979 -81.86905985952674 0.013187838798851895 0.9987109918492887 -0.04901464747629618 -8.383334698233401 0.8406245603362024 0.01547031713496844 0.5413972828222451 110.30004465797315
0.544922673643468 -0.048983013157218494 -0.8370543256989322 -82.84593449702025 0.013215465728795287 0.9986699172695814 -0.04983721306753014 -8.45281008814807 0.8383821510593039 0.016095364637283616 0.5448452147375137 110.92733263886186
0.5481423455258981 -0.048741918902363804 -0.8349635886570637 -83.76973548329906 0.011488947801724308 0.998645066058139 -0.050754665954416134 -8.51900556843158 0.836306147962441 0.0182279285562157 0.547959642218999 111.52590693113626
0.5520870707273648 -0.04898927153770698 -0.8323460323746866 -84.68224737050268 0.01053651400452224 0.9986026277705016 -0.05178584442182915 -8.582868151562126 0.8337198859379032 0.01982026952526629 0.5518317757320935 112.1219620892384
0.5581290141133557 -0.049221071536944314 -0.8282929975084957 -85.61435032548238 0.010471674013665576 0.998577349770471 -0.05228403741807175 -8.65320245729572 0.8296881026314681 0.0205076240003033 0.5578504187590586 112.74822411503972
0.5635138157075654 -0.04750298861501977 -0.8247397441492326 -86.5295599220898 0.008601124850839862 0.9986286355640526 -0.05164173586140569 -8.720116649239342 0.826061862185878 0.022007142116145666 0.5631496120374048 113.3671797457781
0.5698199403508295 -0.04568952203541379 -0.8204984479904592 -87.44105846681693 0.007546290905723719 0.9987020125443734 -0.05037205210614772 -8.785900625353005 0.8217349262822794 0.022511279750243147 0.5694251076409109 113.99253644798712
0.5780386279478895 -0.0448800622856325 -0.8147742783184551 -88.3546725651407 0.0072014151991822255 0.9987280693919138 -0.049903737613827964 -8.855306381139004 0.815977624827575 0.02297876014798335 0.5776266028870304 114.63583899290487
0.5847563942334142 -0.04394734205188072 -0.8100176482828699 -89.26223319681577 0.006097747085992113 0.9987413679321543 -0.04978451025655067 -8.922696613337429 0.81118603099635 0.02417252795187793 0.584288380860688 115.28241383713876
0.5922326202276162 -0.04441289359785186 -0.8045421172447084 -90.14835455213613 0.005659838214805795 0.9986844631879563 -0.050963803021022464 -8.989679438612718 0.805747162433548 0.025628848379301874 0.591704886206829 115.92525016987854
0.6011572864150334 -0.04474453744425872 -0.7978770853703049 -91.0408163307076 0.003164301023703353 0.9985566991703171 -0.05361441728781839 -9.056756430320474 0.7991244610128919 0.029705974331441454 0.6004312207904207 116.58660751708797
0.6099571543944808 -0.04412797123203836 -0.7912047724564937 -91.90977398456872 -6.672346631987278e-05 0.9984454342827309 -0.05573787139771222 -9.122046740967722 0.7924343918274663 0.03405050535474119 0.6090059915420539 117.24443073113002
0.6193705947659608 -0.042060236782562245 -0.7839713022943217 -92.77954621113986 -0.0029073382514828647 0.9984342026132844 -0.05586314022919235 -9.189831679975264 0.7850933789833866 0.03687925614447425 0.6182785025720033 117.91558421251462
0.6279215287045381 -0.03984791297599613 -0.7772558765431198 -93.62907339924602 -0.004336227839580448 0.9984937846043362 -0.05469331983554167 -9.258047343444504 0.7782645764246753 0.03771347157140334 0.6268029540011388 118.59510403800053
0.6401835279697661 -0.03725327859365242 -0.7673182154427246 -94.46729288766879 -0.005984814248264674 0.9985513688897115 -0.05347284999789229 -9.32648444285293 0.7681986933825112 0.03882469475098343 0.6390331842423329 119.2799004423753
0.6511147177633791 -0.03638576016806901 -0.7581066552727967 -95.28714908512961 -0.00636075204242758 0.9985535209023259 -0.053389200471847316 -9.395475096543475 0.7589526764860705 0.03958462265274371 0.649941453135642 119.97432788424526
