1.0 0.0 0.0 0.0 0.0 1.0 0.0 0.0 0.0 0.0 1.0 0.0
0.9999834120840297 -0.005672057771455133 0.0010016573362166994 0.025356145575642586 0.005669652628615538 0.9999810763149705 0.002387896778430352 -0.04002460837364197 -0.0010151826696482898 -0.0023821781190499925 0.9999966473101581 0.6127286553382874
0.9999055040924515 -0.007538691654628567 0.011495695444690958 0.07264931885173428 0.0075120607257018225 0.9999690038545392 0.0023580232853147496 -0.09385730912031981 -0.011513115532905203 -0.002271444099499691 0.9999311419855014 1.0782365549280777
0.999719200938111 -0.013668371529525925 0.01935703736101715 0.11502737125866774 0.013563695557951071 0.9998927243202205 0.005528653931902313 -0.13065552092592245 -0.019430528517675145 -0.0052645485293960044 0.9997973490114411 1.7302251034445146
0.9992092750563561 -0.017977598910918758 0.035463087552407076 0.14341226541533197 0.017835634567246326 0.999831619198099 0.004315482741411977 -0.13469056358522646 -0.03553469826711921 -0.0036795637113534825 0.9993616692819267 2.5155072962462217
0.9986953755087763 -0.022180019859619888 0.04599558300980026 0.20123627457154275 0.021777725868692904 0.9997202374947742 0.009229160274935654 -0.1574957921357935 -0.046187418128453804 -0.008215440488449403 0.9988990083808315 3.1870713111456364
0.9973579812186679 -0.028527672022378606 0.06680740399392227 0.2788628956115761 0.02794884089653282 0.9995634185438691 0.009583037171711963 -0.16500490760926909 -0.06705161886161912 -0.007690529102585571 0.9977198685854455 4.01285208650532
0.9957668965051202 -0.03213823145756218 0.08611284400913549 0.3706085793361257 0.031257408186665024 0.9994445398897916 0.01155794609501123 -0.1789747817417054 -0.08643646370608732 -0.008817355797694644 0.996218345534112 4.8642367070539905
0.9931091141487891 -0.041860503757714815 0.10946225659905737 0.48946867333406174 0.0405413555714301 0.9990762403079694 0.0142500715971422 -0.1957891648038733 -0.1099576549542523 -0.009714127713961206 0.9938888015465908 5.593436404025325
0.9898173315172065 -0.04996687534310013 0.1332852639889491 0.6379735865186211 0.0478390428496926 0.9986720164511078 0.019121441805046283 -0.22421276642610805 -0.1340637020501151 -0.01255049504703254 0.990893237875147 6.267001865423635
0.9863264617151469 -0.05923726243698748 0.1537890037013388 0.7921705643593635 0.05685845120847307 0.998185408310348 0.019824408250383098 -0.24566352703496538 -0.15468428312744836 -0.010809133881844669 0.9879048209104316 6.979551236356052
0.9820848613264714 -0.06496901310432913 0.17688513925600213 0.9467222184721013 0.06211062322533738 0.997834325445086 0.021654778828488076 -0.251151638302793 -0.17790895322025235 -0.010280384224340237 0.9839932510257752 7.7109328401758015
0.9778926888031488 -0.07203041077226804 0.19630972749542086 1.1349904890634992 0.06899359426704008 0.9973684225860923 0.02227360721224533 -0.27030346420636964 -0.1973975003272917 -0.008237083956635523 0.980288925425779 8.521461409756347
0.9741008291372929 -0.07834781296418478 0.21210656490964058 1.3711202351409193 0.0738642009867076 0.9968467742591282 0.028992903644964253 -0.2923930276933809 -0.2137092756214239 -0.012574929538571488 0.9768163679323081 9.481589994952238
0.9681631170900975 -0.08186473190759702 0.23655516138119553 1.592491402371549 0.0761558230227429 0.9965434900388243 0.03318679076030895 -0.3219567694560335 -0.2384543338379801 -0.014115173783454848 0.9710511276667919 10.24824484148686
0.9622317466459207 -0.08884569419141795 0.257325685407395 1.8793352967415498 0.08145679664378182 0.9959035112571514 0.03925540149088509 -0.3513845233584369 -0.25975922703009824 -0.016811867514409294 0.9655270607722001 11.086983994096146
0.9574135617629854 -0.09610327773111961 0.27225618773803795 2.1179488077355946 0.08834103074109044 0.9952602399096426 0.04065608370960767 -0.36076555296809104 -0.27487294162924836 -0.014873293661331458 0.9613655137853385 11.807079596578127
0.9520704362238577 -0.09692788499770175 0.2901152694678198 2.353323756439935 0.0892879252605949 0.9952227208792798 0.03948926750778847 -0.3568040319873974 -0.29255691902802744 -0.011692773645100737 0.9561766197587728 12.525241356106736
0.9466413675578299 -0.10905963390885456 0.30327564603823404 2.6598644088729135 0.10097860894389266 0.993991023209742 0.04225122855263138 -0.3890676899462023 -0.30606117323828913 -0.009372407914560156 0.951965711675523 13.317165578106732
0.9378565892790383 -0.11382045983858757 0.32782605275972526 2.9767814913703488 0.10439659070676457 0.9934590498973831 0.04626519237821791 -0.3949672367084145 -0.33094768437729544 -0.009166193273202759 0.9436045840849782 14.096541814528605
0.9329830924229495 -0.12272724154708385 0.3383497797179037 3.374805249096903 0.11156613221522642 0.9923787459287441 0.05232038581115357 -0.40568221203260274 -0.34219226670900216 -0.01106565909185149 0.9395647948882601 15.155743353982622
0.9270588012173628 -0.12891980899767852 0.35205349299989624 3.7016710658314524 0.11747058664712715 0.9916184980170089 0.053790479299511376 -0.40975463843124815 -0.3560374142673853 -0.008511006902444308 0.934432941630003 15.913200480549778
0.917277106454365 -0.13581950979392224 0.374373838207274 4.1145074764250085 0.12210268913603126 0.9906876093070264 0.0602411327190846 -0.410465121148815 -0.3790694438759964 -0.009545759522809661 0.925318991048317 16.75572448232096
0.9091315782146844 -0.1433515288730936 0.3910627988733064 4.513487285905036 0.1289119644929651 0.9896475120248172 0.06308333657673826 -0.4254153812315113 -0.39605741869512046 -0.00693837969818294 0.9181995316834582 17.491243352609917
0.9027674404096871 -0.14834693974082988 0.40373770446376783 4.8823911003309695 0.13329625494827238 0.9889220073209821 0.06530981436969964 -0.40282110154635536 -0.4089536122262613 -0.005142849965732905 0.9125406808144625 18.268393957024507
0.8947395230282748 -0.15320654945634685 0.41948651841842943 5.327426454158595 0.1371511005939052 0.9881874672837619 0.06837474028604691 -0.3758982006248945 -0.42500677822479005 -0.0036445448253266954 0.9051828300161247 19.099314836705577
0.8820414545906556 -0.16142185844426216 0.4426577187850688 5.778269104337594 0.14350089020892448 0.9868840359816287 0.07394182871594131 -0.352016881116229 -0.44878766348112414 -0.0016979814521928538 0.8936368109954633 19.901717041926812
0.8707385510696855 -0.16779293458532493 0.4622336062904882 6.2482044827832315 0.14874467465497784 0.9858216081592592 0.07765808810469851 -0.31608280673289635 -0.46871035559591595 0.0011348962671486398 0.8833511841660785 20.744723191941503
0.8567633084063875 -0.17226430933358333 0.486088100140669 6.785768548098095 0.15054729756777419 0.9850497216754348 0.08374101159043068 -0.25911305421320185 -0.49324653527782797 0.0014330237165162754 0.8698883847249868 21.66250348469988
0.848245508406017 -0.17640976327458682 0.4993587416781867 7.297396988328683 0.15349591386509934 0.9843126643085804 0.086991857713592 -0.1962318703933237 -0.5068713464931075 0.0028590738269695867 0.8620169741954715 22.548026057726453
0.8450454460488263 -0.17814671484241743 0.5041447630423178 7.805967361622313 0.15518891057979786 0.9839948566359753 0.08758152857196605 -0.13816515361235945 -0.5116782154295764 0.004227304673312567 0.8591667671354632 23.391452905385357
0.8411689162058084 -0.18571132877799346 0.5078839993272655 8.404095939407803 0.16204518339802682 0.9825870390272351 0.09090692643132778 -0.06055468977098749 -0.5159226811709732 0.005832075034068934 0.8566153010273349 24.362796625614987
0.8366911838766876 -0.18937081598406233 0.5138935267898956 8.887138176214254 0.16592753796337542 0.9818682258294084 0.09166700198011571 -0.008627211266129677 -0.5219347803781995 0.008572115266393614 0.8529423215384615 25.1400695669397
0.8353781833118807 -0.18997017183474432 0.5158048319467546 9.44234292380033 0.1664052983802953 0.98174936936972 0.0920730819138924 0.060253775949123144 -0.5238822076741173 0.008916813064944379 0.8517440477791778 25.99054018559026
0.8341249324212356 -0.19039476657279705 0.5176730918011476 9.971434814624839 0.1678978968620762 0.9816411323962341 0.09050405193764094 0.11828570285734138 -0.5254006978892976 0.011424537169168428 0.8507782241030324 26.888975780540104
0.8297744490606682 -0.19575018551944454 0.5226435004428617 10.500556831996864 0.17206447710814962 0.9805821151946694 0.09408789017640348 0.1620033869500802 -0.5309125911141716 0.011856653383268086 0.8473436377096282 27.722785406337373
0.8246568801349043 -0.19756380684479188 0.5300090303675588 11.047576384143593 0.1734254598820397 0.980202079870571 0.09553791122957478 0.21919040937390738 -0.5383907873569803 0.013131064023941229 0.8425929831459138 28.555766123245157
0.8230178712260001 -0.2016750916194921 0.5310072890864047 11.614798674577425 0.17697423882511581 0.9793580935122976 0.09766188337436688 0.27095912865408667 -0.5397422555580523 0.013597135441961387 0.8417205091197903 29.43310104864862
0.8178169488689482 -0.20761088649186651 0.5367244711700275 12.179952276012342 0.18179712279697405 0.9781009797238188 0.10133251998271761 0.342689760992548 -0.5460084653972191 0.014703512279970604 0.8376506207490129 30.294308886056807
0.810224599324338 -0.2122504883423333 0.5463385661365645 12.731213266637145 0.18532827002685937 0.97707795774873 0.10474777711447142 0.4162872482738649 -0.5560481372854043 0.01638275556835672 0.8309886126424477 31.12842728361684
0.8082092878945216 -0.2140420662664223 0.5486198509254209 13.273411514877047 0.18481675275691478 0.9767317157326579 0.10880222140346198 0.4828975070464773 -0.5591426605629551 0.013459173464184862 0.8289622040770263 31.931762353550592
0.8016826018250403 -0.21467128797993226 0.5578720678148987 13.851560059599825 0.18683819520951614 0.9765161658633198 0.10727379278487349 0.5669474919068656 -0.5677996959684679 0.018232277000918853 0.8229648165829917 32.76543111830462
0.797998950343436 -0.21557761014537716 0.562782346253667 14.42676187600876 0.187827727444303 0.9762857884103111 0.10764201852049243 0.6471604817335084 -0.572641615719538 0.019807911350397445 0.8195664869881223 33.595017356331816
0.7888638308380407 -0.22051785278100472 0.5736425132435589 14.985269658973253 0.19151383166332248 0.9751368661553518 0.11149235196349717 0.7142988361737521 -0.5839660167142983 0.021908191837184635 0.8114824227629711 34.354958361913326
0.7849806242285454 -0.22467805472975724 0.577343217946323 15.555780052054898 0.1939550075710855 0.9741983534173483 0.1154080726683693 0.7915363815798937 -0.5883764735472209 0.021385507283664063 0.808304265394138 35.136711459335814
0.7728160216053629 -0.22750897853791957 0.5924483618296974 16.08211554776672 0.19630777579943226 0.9734470926263615 0.11774555200925457 0.8854884174567114 -0.6035053056193784 0.025306571121285697 0.7969572909179916 35.862284453072625
0.762087758718471 -0.22961748041757257 0.6053908330146266 16.654070956534092 0.1967300817113089 0.9729171771653594 0.12136490978223763 0.9676928337496998 -0.6168626451336793 0.026607875963229943 0.7866209366495441 36.56774617381243
0.7436455929052064 -0.23451973016138683 0.6260924279351211 17.28819112236009 0.1996062858813396 0.9716287239961959 0.12686588722813377 1.057401558780411 -0.6380819404977086 0.03062872623134922 0.7693590308432885 37.30670307056463
0.7269828523034048 -0.23788638920533123 0.6441319727258196 17.939488492489247 0.2015649142491464 0.9706763375096797 0.1309924926953021 1.157292939717641 -0.6564049952586745 0.03460510987764967 0.753614602147421 38.03377069734619
0.717941577992193 -0.24337187717654207 0.6521733051801843 18.55740883080056 0.20360968088718867 0.9693365799181076 0.1375852197064908 1.2399837301429146 -0.6656598143489638 0.03401064880639988 0.7454799040407936 38.69931263982805
0.7110838338769807 -0.24715408589442234 0.6582360055667779 19.20052854373875 0.20398512444512146 0.9684344503758556 0.14326473512460416 1.3190292205276517 -0.6728668889192891 0.03239711639802517 0.739053838800104 39.40806312673317
0.6990466184754509 -0.24739487864107196 0.6709169838513604 19.81900152697805 0.203329863581924 0.968285217295717 0.14519195756770475 1.41961289591738 -0.6855587442180235 0.034921511833757884 0.727179273795294 40.03115011300402
0.6894049031090339 -0.25194588951141184 0.6791495772858339 20.47019781595551 0.20462102671581162 0.9671145054963413 0.15106213517733086 1.5330495158500443 -0.6948748916135844 0.03482530713246522 0.7182869085457 40.68809970853656
0.675614735940559 -0.2545833961052679 0.6919046343301054 21.084077590233093 0.20727611241374969 0.9662247146074665 0.1531222194992041 1.638810231385667 -0.7075177325004733 0.039963674871414216 0.7055647120485552 41.27046378873791
0.6576488951528032 -0.2588045916720109 0.7074730482737707 21.772628385450698 0.20727206167229068 0.9650514326728772 0.16035593143424837 1.748711377342448 -0.7242487301710755 0.04118149615435236 0.6883079697490606 41.923572147242965
0.6397201812302172 -0.2591512466895409 0.7236012168771103 22.424044246924197 0.20776651645161587 0.9647011413378439 0.16181712685319094 1.8605051424151577 -0.739994029954525 0.04682242241403101 0.6709817407284222 42.48094754043288
0.6289833328076719 -0.26499686170838016 0.7308601988991211 23.092853072888698 0.21264515699203643 0.9629037267972457 0.16612781262572304 1.9745576990123153 -0.7477713582760345 0.050922256476758875 0.662000694514235 43.04950755725279
0.61699419363181 -0.26541899997824103 0.7408582316983346 23.766195256924522 0.21286333783763245 0.9626027552131572 0.16758620188028783 2.1011627006632088 -0.7576327371683821 0.05430184257084765 0.6504182850013953 43.60774629419592
0.5996029884306108 -0.2666715952983137 0.7545611416751684 24.419967020140028 0.21097057149894796 0.9621696297083845 0.17239785853727396 2.212726772033968 -0.7719894262400803 0.055819924112121756 0.6331796442129428 44.13207874254499
0.5900356604471535 -0.26256715348165094 0.7634896261988336 25.065658719107617 0.20920522350739176 0.9630650997346877 0.16952518435394381 2.340078282830045 -0.7798019581008461 0.05970011378179729 0.6231731722053886 44.630665297987605
0.5846876515770868 -0.265102135792211 0.7667210755494331 25.774100592818172 0.20897218809754745 0.9624238025445685 0.17341005996589928 2.4534409466116722 -0.783881990286162 0.058832660096766555 0.618116286317505 45.18894452194321
0.5779942374006952 -0.2693594409513909 0.7703039355358008 26.532032856243898 0.21415150803991595 0.9609359331248913 0.17533186827734543 2.6107739194271877 -0.7874400251040194 0.06362093994707053 0.613099162341976 45.773350895060716
0.5600350447482767 -0.26966971060422995 0.7833511318919674 27.280928718338814 0.21319713702019816 0.9606073150087575 0.1782710495791636 2.7513188983076446 -0.8005671298649392 0.0671701833725099 0.5954665708883387 46.31322042238851
0.5398580349403785 -0.2714936036628246 0.7967713130381179 27.95968408423931 0.2126001417973167 0.9598478096345595 0.1830119177744972 2.8832842830725935 -0.8144657646691321 0.07059323983152789 0.5759011309869208 46.77419374681428
0.5289152711327871 -0.27642211494496804 0.8023960682430349 28.66546689634762 0.2168488318699274 0.9581032297364732 0.18712238050320612 3.0069962482248824 -0.8205030286837327 0.07502676547665882 0.5666972422580969 47.264653786796075
0.5223318309755007 -0.2813981685752956 0.8049748623853111 29.442517364424546 0.2211305247028717 0.9563894387987207 0.1908416422034272 3.155849218006274 -0.8235719454877114 0.07832184929339825 0.5617783713608496 47.803529131320644
0.5101458693093837 -0.2824114223266464 0.8124007512096563 30.206908480380534 0.21848585706267531 0.9561227162955442 0.19517500261872275 3.3043495596200176 -0.8318744630592776 0.07793035302801346 0.5494649559223661 48.29928991356687
0.4955843103390907 -0.28534481993347954 0.8203502453725836 30.947099907916265 0.22308851911571576 0.9546267085790855 0.1972799024386896 3.454700931753874 -0.839421052859937 0.08524189700254269 0.5367551723187427 48.72851622246409
0.49053185738428223 -0.287594935273289 0.8225981097086712 31.706809189508675 0.2214549579882929 0.9541213236564842 0.2015197293725904 3.585947841444511 -0.84281445079776 0.08331658267806827 0.5317162293717571 49.18366204582972
0.48375730751307117 -0.28936260757790133 0.8259831407258997 32.442119655847534 0.22175740745455408 0.953490830873388 0.20415407828258303 3.744810840012172 -0.8466419075776599 0.08440685266075049 0.5254264587524762 49.6399762085428
0.47728687076768916 -0.29136082683940473 0.8290392702256302 33.30357914302797 0.2240935566880032 0.9525966006196176 0.2057712184414267 3.9257951435769756 -0.8496936629419498 0.08757045775492488 0.5199539345796751 50.1605897466163
0.4703491119640197 -0.2940477386068555 0.8320502630820162 34.07621363064401 0.22860043673154462 0.951268509425414 0.20695425412805202 4.09074813544163 -0.8523576439504753 0.0928663038768402 0.5146477401130304 50.6261334544658
0.46234467159063797 -0.29766236525179113 0.8352451861366543 34.87799750426864 0.23139873061807062 0.9498328629425141 0.2104095053527113 4.255380341921738 -0.855974317441879 0.09599296217502801 0.5080288565551891 51.0901578884739
0.4588053297343106 -0.3031053047953918 0.835239392995974 35.685737174895564 0.2371697739463787 0.9476875090165673 0.2136325901640419 4.4194638576710545 -0.8562991111367653 0.10007776705575766 0.5066914966797048 51.55909840294197
0.45124345631947355 -0.30262008252594474 0.8395239298440788 36.48127811742831 0.2363453466745488 0.9476813016453053 0.21457173070362115 4.593218443735388 -0.8605348454502831 0.10159348484942513 0.4991578343590401 52.015543671133806
0.4490252745834327 -0.30497046243167947 0.8398626791502767 37.31309602980116 0.23842344765755952 0.9467635004734014 0.216317206385518 4.782944500731714 -0.8611216884926055 0.10311106252754537 0.49783284985232223 52.49644707187934
0.4503120891041781 -0.3051624674482633 0.8391036234384396 38.157124142959255 0.23880341027170243 0.9467082351553187 0.21613988232555997 4.965648639904943 -0.8603440902622833 0.10305040489968764 0.49918800105849365 52.98344407083988
0.44950462119898377 -0.30636258316170617 0.839099257036523 39.1129297232031 0.24076971245904097 0.9461362812073911 0.21646265947141877 5.183771582507281 -0.8602183101301373 0.10472872109185385 0.49905546174279647 53.55491608449393
0.45023056960015534 -0.3049435071975635 0.8392269607296762 39.98674939145297 0.24216247970907206 0.94635172203193 0.21395268548993313 5.367002552761969 -0.8594473617497892 0.10690124239339094 0.4999223507266669 54.06466482940946
0.45512835341338725 -0.3065058705421188 0.8360097686285949 40.75500044295846 0.24448973764536847 0.9458185360330258 0.21366343880608774 5.528608063097417 -0.8562026337878889 0.10715151991251365 0.5054063728081795 54.52343438126651
0.45506825211607616 -0.30664528691711673 0.8359913599598615 41.57329643773614 0.24653793710784994 0.9455220163738182 0.21261975947450232 5.718272215010174 -0.8556470834886457 0.10934708301508797 0.505876747788892 55.024862556263315
0.45655591762306946 -0.30980259627111223 0.8340138160888195 42.43181270331484 0.24819596282076503 0.9445506148848344 0.21499511613093675 5.903444087168157 -0.8543743079721151 0.1088415695603468 0.5081319263860614 55.5642221501246
0.4563779472207594 -0.3135363594118729 0.8327149095682835 43.277194735220476 0.2511591965072428 0.943196382862118 0.2174848072065102 6.08543615340588 -0.853603085339083 0.10988873774216167 0.509201569142351 56.068531182747016
0.45464157685709666 -0.3151272561287701 0.8330641326078357 44.086648854573795 0.25250321026751804 0.9425472138785933 0.21873929325637698 6.25783515063981 -0.8541329904631308 0.11090339063551768 0.5080917953953356 56.557361266462856
0.4528507065492737 -0.3162367943889519 0.8336189341974085 44.91745517563224 0.25447855099811 0.9419353527450269 0.21908550461179324 6.445447143925281 -0.8544980425136888 0.11292511290099058 0.5070315712227125 57.0533499202558
0.4439757120012561 -0.3170414506486843 0.8380753460898107 45.715288681987616 0.2528981484508438 0.9416222949966272 0.2222385656798117 6.624974319353979 -0.8596092680183904 0.11327917785658088 0.49823662470860614 57.48793090027602
0.43414682795143406 -0.319965820765164 0.8421035597370334 46.5324766050556 0.25538745219927494 0.9401599487984235 0.22555824067080618 6.813867754307195 -0.8638829672119201 0.11713728790364422 0.48988271529388316 57.952670418148095
0.42754665317693896 -0.3243988147116511 0.8437827139559535 47.431311251436036 0.25844996701312706 0.9382990724169812 0.22977916627132822 7.0274890447373775 -0.8662606270102042 0.11983430107906924 0.4850074910522303 58.44778460643214
0.42553458947389894 -0.32144496936562794 0.8459275647659268 48.31742014904276 0.25862548674943486 0.9389966320547278 0.2267116728214417 7.230636598905301 -0.8671984610023813 0.1223047695693388 0.48270940800412493 58.93024881470399
0.419549872879352 -0.32672731432712554 0.846892653315344 49.14053704831707 0.2597808161115397 0.9371710740348974 0.2328611293726356 7.414181687271514 -0.8697653889109074 0.12230960741029571 0.4780674933393792 59.36906181243879
0.41791667985841274 -0.3276471421848917 0.8473446753914223 50.028947130163964 0.26267475658783596 0.9364424082705696 0.23254588416899052 7.619521498901095 -0.8696824828336159 0.12539125252779715 0.47741953546316906 59.851631788464644
0.42044629175407516 -0.32804598629983267 0.8459377912251097 50.96199143455241 0.26332614280358496 0.9363391232511018 0.2322248668544007 7.84942085790407 -0.868265085251292 0.12511945149307585 0.48006339642972023 60.380786908183914
0.42250511433611315 -0.3303613939218829 0.8440087545551993 51.85872260999728 0.2644556774465212 0.9356197894973962 0.2338349934615213 8.061870932734129 -0.8669213476585576 0.12440642630844558 0.4826700923685161 60.88263220052716
0.41831568910194833 -0.3310408147956939 0.8458273838027267 52.698900046083615 0.26644232638874266 0.9349749596956671 0.23415873131412454 8.253807483275157 -0.8683435212861997 0.12741194481479648 0.479317979381949 61.342639850842616
0.41222426887575053 -0.3330428683252842 0.8480292447831742 53.495866427446494 0.26793541036677404 0.9339476280567102 0.23654268942166418 8.443232870562733 -0.8707937574543364 0.12970842649925596 0.4742298557383811 61.77920273298777
0.4127476145232795 -0.3380593532789148 0.8457867818581609 54.389449710549634 0.2724162792971767 0.9318869387921414 0.23953309600657366 8.646892727095876 -0.8691540585415366 0.13153937421644404 0.4767269821937095 62.26355986070146
0.4150011594875172 -0.34181456571612523 0.8431707064932421 55.33175685036208 0.2780464225829071 0.9300545923953614 0.24018459995000885 8.88105168823223 -0.8662933824708947 0.1347637110968492 0.48101405141486375 62.78375666345397
0.4121104962296097 -0.3397615412458493 0.8454153026694217 56.24883211146461 0.27650710293231934 0.9307493481265816 0.23926862098887752 9.09327212891026 -0.868164017294751 0.13515822598787097 0.4775180551795408 63.28032287667284
0.4115301204081562 -0.34417162460081335 0.843912822995649 57.19527040425739 0.27680795598916 0.9294154525348117 0.24405792773563956 9.310439323931867 -0.8683434317699144 0.13316459517885454 0.47775189700607157 63.79341907636021
0.41794190622544547 -0.3430701762872428 0.8412059302946465 58.02761787380159 0.27855524900821615 0.9297473736973961 0.24078370865315127 9.520594633083537 -0.8647147138048549 0.13368872519788302 0.4841443880541768 64.27537680940394
0.41625699031948243 -0.34975386653788487 0.8392868108411844 58.895981752881816 0.28477811078702575 0.926764288658174 0.24496812218017577 9.735847962171347 -0.8634995921404591 0.1370408191368851 0.48537435888554387 64.7628250551774
0.41042072583728856 -0.3528724048158271 0.8408542642590859 59.79984472197911 0.2882137084639817 0.9250231731048753 0.24751765083005162 9.95988424033949 -0.8651518283264694 0.14075935186865368 0.4813513465285875 65.2635789685127
0.4067353473735843 -0.3536121898357203 0.8423329367871569 60.7198701367312 0.2894086204470404 0.9244318294305957 0.24833131728910743 10.19035963426771 -0.8664923586551879 0.14277328859135027 0.4783375173002641 65.77964466393746
0.40169127402853394 -0.3566859624636664 0.8434567235790472 61.59162132402193 0.28999010520728724 0.92317625914913 0.2522921588660355 10.399731017346157 -0.8686482943350547 0.14325054528617467 0.47426724747131116 66.26281900320782
0.39080295709518675 -0.3559570175492486 0.8488625627173704 62.448956926638495 0.2881499270600475 0.9231595232334401 0.25445257750452643 10.623838675109148 -0.8742097392851139 0.14515886580175413 0.4633424601935391 66.71779945668727
0.3811909304439362 -0.35756130393698593 0.8525511060776174 63.351948231826746 0.2881786202849633 0.9221885090993022 0.2579174993982796 10.848750602223879 -0.8784341508376945 0.14737118989846365 0.4545714190641223 67.20588876159007
0.3721561609827521 -0.3583091376843127 0.8562209724682669 64.20638292141199 0.2929110823038247 0.9206813965864881 0.2579706646949542 11.09359167029259 -0.8807399671334227 0.15479123951787033 0.44758997136032813 67.61695284704591
0.3693399075090208 -0.3617918305745823 0.8559758781944271 65.08295296980623 0.29628839185418354 0.9188770647708624 0.26053431384473397 11.31783198102776 -0.8807957888033353 0.15738999703785905 0.44657268978155507 68.07175085507542
0.3644477433478673 -0.3647974880463928 0.8567967291509048 65.9181864272806 0.30048720542586904 0.9169280504322765 0.2625840621702239 11.545927903943701 -0.8814109607578059 0.1617582858635264 0.4437893365218401 68.47992253738408
0.36271256424410847 -0.3729066730277612 0.8540375922351605 66.75587931739364 0.3089091561342368 0.912743958312534 0.2673454690478248 11.762334611346427 -0.8792125618960968 0.1668504713068984 0.44625798729968824 68.8704817326853
0.3609573331415568 -0.3738005198240585 0.8543904113639145 67.60614456183734 0.30895419719250383 0.9123504811735729 0.2686333998956304 11.992678914444594 -0.8799188074410449 0.16700230801283517 0.44480683608721155 69.31150654663378
0.36029806088490296 -0.37537108223676885 0.8539800102713037 68.42723119363662 0.31116334066169726 0.9113947846090319 0.26932679409169286 12.210024726574654 -0.8794104176951917 0.1686893511987449 0.44517549353183766 69.70864757888879
0.35847490712262303 -0.3759996479097831 0.8544705996903266 69.30408439181029 0.3142376289470384 0.9104896196980579 0.2688184610026432 12.457321074844046 -0.8790622580438603 0.17214214241087317 0.4445409197014651 70.14167525026059
0.35777729579717643 -0.37817192557470725 0.8538040766587954 70.25010397320924 0.31897248545926926 0.9088236020310716 0.26887955279493614 12.724285554532175 -0.8776399946059866 0.17614100913298605 0.4457828897228081 70.61725043157834
0.34726402188976596 -0.38077324082967723 0.8569827525504868 71.07208245959207 0.3176277094945722 0.9075972273019263 0.2745540222890343 12.95451947456509 -0.8823379949102136 0.17685873476286237 0.4361199957304224 71.02540549494823
0.3471839819416231 -0.38230027670643973 0.8563350869334609 71.80908617077603 0.3244083267416423 0.905719175357082 0.27282231017857583 13.16535568493992 -0.8798991534396692 0.18308269667193236 0.4384725829005579 71.38510098871852
0.3448539585064754 -0.38490580674356784 0.8561093780805683 72.63300187103678 0.32804343546711817 0.9039673691106671 0.27428178946125764 13.39178288312583 -0.8794675956221155 0.18625390067921319 0.4380025487739003 71.77604678307847
0.3405974026014947 -0.3943149171636276 0.8535274778490478 73.48948596499464 0.3327201982842308 0.8996121511821288 0.2828343103287943 13.607723831035813 -0.879369478089169 0.18765320020640214 0.4376020994664885 72.15028757586322
0.3427530389719818 -0.3917246785375506 0.8538572073245762 74.24799800678682 0.33222272083855026 0.9007237309354323 0.2798657254620259 13.829996525002349 -0.8787197608077916 0.18774593671876905 0.4388656345756525 72.54109913109208
0.34546431341749584 -0.39188636938007676 0.8526895576052754 75.11026477995739 0.3329614579207186 0.9007026667628029 0.2790544277120234 14.08609444568339 -0.8773773849913661 0.18750941197837867 0.4416436852545669 72.99878096810859
0.3453250872887447 -0.39637783494910067 0.8506675002902628 75.93728747252267 0.3361877264415198 0.8985210324467782 0.2822016421654165 14.319467133277486 -0.8762011165703356 0.18853266616647477 0.4435392171038068 73.41392813883364
0.340572876408688 -0.39954286074549866 0.8511025897516796 76.77036427746596 0.3407572493872753 0.8961275066356271 0.28432373949607614 14.56286360562822 -0.8762959619014178 0.19318642363871577 0.4413438488038004 73.83112574653627
0.3381670632412504 -0.403141662136555 0.8503645321793261 77.58555456214256 0.3421898207150086 0.8944224375583091 0.2879490055396673 14.809328174346293 -0.8766693583887935 0.19361121724225788 0.4404151820954323 74.23273885237775
0.34064852837185444 -0.4062521428356412 0.8478901913334886 78.35009172921939 0.34806340591671997 0.8922445213432117 0.28766574282433405 15.03545464481656 -0.8733902023607449 0.19712663588280765 0.4453432876397537 74.60209947903557
0.34235125601373895 -0.4096471656306735 0.8455677484368543 79.06990918421836 0.35351925584524924 0.889978870662224 0.2880308065492546 15.252806799319238 -0.87052843333945 0.20031677280135202 0.44950354534977244 74.97439041955934
0.3408942450847281 -0.4086532118010761 0.8466366789554879 79.73711724689669 0.35429243346743194 0.8900234745626275 0.2869409108426213 15.463445133239375 -0.8707858435090906 0.2021404640643051 0.4481866213219987 75.3130986298335
0.34147576914163197 -0.4140869975828832 0.843757226648711 80.43087999485482 0.36042427697939855 0.8867805989065534 0.28933459863419814 15.670003330792033 -0.8680372340245601 0.20530983375310594 0.4520610937818729 75.67343810328684
0.3451546154594034 -0.416658266735818 0.8409900000521857 81.1206494500347 0.36621083119536985 0.8848180434019108 0.2880740480946007 15.876974854136117 -0.864151559937415 0.20854955965217944 0.4579838017076743 76.0359441539534
0.35299539038280464 -0.41954559763829957 0.8362868801259611 81.75563678458884 0.36946141578084846 0.8836921361987873 0.28737861901963957 16.05692326603988 -0.8595885740385936 0.20753240692177735 0.4669451610837738 76.34262200721204
0.3576090519411177 -0.4216910276180516 0.8332421275932983 82.44669130317178 0.3745176092419847 0.8821105235187721 0.28568791480408456 16.271687202574043 -0.8554836797610127 0.2098992651818234 0.47338142352513957 76.71625854971042
0.36470450118295533 -0.4247634670996088 0.8285931594180653 83.1958795374781 0.3824220889312128 0.8796980610113594 0.28263875769317687 16.504452342589296 -0.8489664143618283 0.2137926997593097 0.4832687749226577 77.13385145986014
0.37052508701396936 -0.4242999936718119 0.8262449245008353 83.80754451599557 0.3852384689620768 0.8796425100561731 0.2789630379348323 16.689470149077692 -0.8451641745395068 0.2149385257979035 0.4893862975224976 77.47676364004272
0.37093406745972046 -0.4256575529808998 0.8253626870583018 84.55226253647729 0.38824158684925014 0.8784512562562533 0.2785531558295236 16.897890010151883 -0.8436091439989043 0.2171152642540896 0.49110546137190647 77.91184413478324
0.3727773622365933 -0.4280077885137628 0.8233142602770136 85.24958312952472 0.396375472773786 0.8756931645497521 0.2757679570657163 17.1048880955862 -0.8390015034475717 0.22354152753436932 0.49609037753247687 78.30752040446639
0.38266823451014714 -0.4306506228645416 0.8173769407826901 85.92114397337704 0.4036463211168484 0.8737423325172415 0.27137425046633346 17.304860284551584 -0.8310443247779995 0.22608488979521063 0.5081839754071023 78.7087985209148
0.3906752530385057 -0.4327647706645285 0.8124576911661172 86.54316095696954 0.40685848637257166 0.872889513823146 0.2693140707876442 17.48072992226424 -0.8257354411250131 0.22534096371780776 0.5170903512354588 79.07872549491393
0.3934295811691916 -0.4339529939176237 0.8104924205265375 87.12501421217961 0.41098049578551027 0.8716133821474837 0.26717998455221353 17.653838372815567 -0.8223795940713333 0.22798006739922622 0.5212647044676184 79.44435217088656
0.3971326341983339 -0.4355356289142196 0.807833142920608 87.854030590062 0.4161884913805777 0.8699761528172162 0.2644402260846762 17.86056728329233 -0.8179687099743187 0.23119301346634805 0.5267608375983335 79.90176750404912
0.40198309631839396 -0.4333954282754551 0.8065841512354504 88.44161360729456 0.41871334088751355 0.8703989439540385 0.25900736770700455 18.029162256013432 -0.8143026024992759 0.23361096103057635 0.5313541102214951 80.28274480736279
0.4050514534698815 -0.43676533583538346 0.8032243531259129 89.09200259622563 0.424762861344929 0.8678501726565022 0.2577064016320667 18.21016463432509 -0.8096356165979885 0.23679552198613074 0.5370456676143202 80.6924541677041
0.4049335916267562 -0.4373181729273025 0.8029829400428017 89.70369554667245 0.42705950140751375 0.866986773372481 0.2568153364866286 18.380980777219406 -0.8084856019928996 0.23892833742505387 0.5378329489213898 81.08722902771692
0.4046624710757357 -0.4420893675133685 0.8005031390535015 90.32932399871697 0.43051079144433096 0.8644015711139272 0.25975061560225493 18.552139287429767 -0.8067891564422861 0.23951391397454214 0.5401151192660139 81.47651469063625
0.3980772750467892 -0.44568232579801526 0.8018115411757271 90.91493596796478 0.4357213538762096 0.8610230921634039 0.2622711126633151 18.72413412205775 -0.8072678519968485 0.24496224042215603 0.5369470326761774 81.84422465802433
0.3969088503256858 -0.45278900626725954 0.798401828866048 91.51272328804306 0.4397768757222887 0.8573207036433277 0.26757711166027015 18.89140919730412 -0.8056423922020771 0.24491493810712645 0.5394043093810963 82.2089848757984
0.3981881035319216 -0.45381256599588604 0.7971827827731114 92.08318631130616 0.44231878270940317 0.8563326531281108 0.26654921055790604 19.05883205343982 -0.8036170286076098 0.2464721934231137 0.5417112969110722 82.56909440423266
0.39948585480663723 -0.45661478814465695 0.7949301774728524 92.67511972104644 0.44481402418185945 0.8547598221504635 0.2674436956229262 19.231711332529386 -0.8015931235362183 0.24675611782672838 0.5445731196217192 82.9569569562519
0.3998978745918521 -0.4569892152048152 0.7945077388442522 93.23509377491933 0.44497021876903303 0.8546283952135383 0.2676038312568991 19.39906869396506 -0.8013009386650923 0.24651807901494605 0.5451106698765147 83.33407296608402
0.3968592079816416 -0.4591740563631348 0.794771637014815 93.8393623769714 0.45139995919343345 0.8515687189342487 0.2665873098496046 19.583661600936004 -0.7992126412165605 0.2529622558717152 0.5452240376431895 83.72577107199601
0.394307452978082 -0.45954876137455103 0.7958244583104078 94.43141720683094 0.452066679891287 0.8509597192218259 0.2674009595980917 19.75992213415696 -0.8000983373673555 0.2543275293416494 0.5432864422760485 84.10642609596825
0.39050832330788343 -0.46396960578195495 0.7951323502020298 95.01312351403833 0.4551264940897383 0.8480769220325308 0.2713400241273158 19.92562556039943 -0.8002269201950465 0.2559252610165051 0.5423459569027733 84.4821914691507
0.3899565617814411 -0.46935415438682704 0.7922376901431941 95.60640134109391 0.4613897296687063 0.8441497983625851 0.2730029950030678 20.09362315630539 -0.7969023762543536 0.2590710244010963 0.5457369394093928 84.87132128132038
0.3893733587201233 -0.47077281490252565 0.7916826032367787 96.20030165207201 0.459652382898866 0.8441543560245748 0.27590416832684905 20.266608501944912 -0.7981905000777727 0.2564690623710554 0.545083063057464 85.26910067593154
0.39190445005274627 -0.4707647100819816 0.7904375305932042 96.73892556905795 0.4676587498130206 0.8418225069500596 0.2694998339807279 20.437171502428857 -0.7922791148024649 0.26403684313698544 0.5500712224013158 85.62404981993089
0.3928915090584054 -0.47284100122315775 0.7887063139547513 97.29640915056439 0.47052822780705805 0.8402668011348733 0.26936014877356435 20.610163050885713 -0.7900882538973467 0.265279268833524 0.5526187298496068 86.0081964629823
0.39318693603068977 -0.4760553548883892 0.7866227383040031 97.90505081242736 0.47467269126314743 0.8378016470362317 0.26976700389850894 20.791825887472797 -0.7874578525253265 0.2673194704945139 0.5553831390947458 86.42505408055467
0.3915420055136251 -0.4814393440400775 0.7841626208438073 98.54468175153708 0.476910307036153 0.8349841311076722 0.2745142252070886 20.97932592026904 -0.7869252931257522 0.2664913859932921 0.556534746651387 86.8405490072305
0.39351677481191377 -0.4813296854373968 0.7832408836739604 99.12654639185901 0.48121329341132274 0.8337858124727227 0.2706196318884316 21.164207114636106 -0.7833123988459891 0.2704125604256183 0.5597309469541626 87.2318978410776
0.394680036791277 -0.4824860372517652 0.7819430237654945 99.70059903342244 0.48456123727998 0.8323637360661904 0.2690186205592999 21.344329170831273 -0.7806587448329336 0.2727230000183737 0.5623113811553586 87.62231787115806
0.395062481558081 -0.48649711108343846 0.7792600314225283 100.27921450194154 0.4925840594645196 0.8281915726379953 0.26731940328539433 21.52087358524592 -0.7754267083526502 0.27824320282600473 0.5668281397870975 88.00609205301556
0.40073301584688975 -0.4846976151107524 0.7774839367576707 100.88998366923072 0.49082566552015783 0.8301276885508982 0.2645339047604999 21.701042643210002 -0.773629896059447 0.2756016012418869 0.5705616016837773 88.45340258049403
0.401550625344919 -0.48642943263728877 0.775979060509541 101.48955008752256 0.4944563498526048 0.8283375605795538 0.2633814796517641 21.886644805522312 -0.7708891057574644 0.27792677596316523 0.5731375871701119 88.86686594140886
0.40587625768622004 -0.4870780401488294 0.7733171705396206 102.11119707208032 0.4941780672232158 0.8287453222542464 0.2626199320638712 22.07273874611817 -0.7687993895172888 0.27556518946790226 0.5770713344391343 89.32234551252596
0.4057710579593985 -0.49005326727130843 0.7714905338105104 102.683483685715 0.4967596236739202 0.8267910809022603 0.2639060151414088 22.240873447944825 -0.7671894973276524 0.2761599242779224 0.5789265682389749 89.72064714959647
0.4021051546861977 -0.48820958536858633 0.7745726856331961 103.28182289723485 0.49782502615185437 0.8265808796438263 0.2625534093173118 22.410584860541892 -0.7684280629386818 0.28002758821493173 0.5754153820735366 90.13814001445007
0.4040959658816601 -0.49348376242297354 0.7701819438178451 103.87512284817565 0.4985996301315275 0.8247399495376777 0.266837824285263 22.587188626133514 -0.766879950964212 0.2761843439832445 0.5793249079296287 90.54535323309013
0.4028113289115661 -0.4948911971642935 0.7699517752884207 104.51227381887256 0.5008571662371623 0.8232747903956591 0.2671342705978838 22.78768644833964 -0.7660842853951372 0.2780311537728752 0.5794942149860912 91.00188669261505
0.39361982636146164 -0.4992546006548005 0.7718861807418168 105.22052131510131 0.504863665809788 0.8191095788524818 0.2723456935169214 23.001551643312123 -0.7682292048863254 0.28249662220480776 0.5744732780579082 91.50066654887894
0.38824539027287347 -0.5013588585829596 0.7732430483698228 105.82908555595255 0.5061870999739844 0.8171731293103381 0.2756858657114597 23.198625838653072 -0.7700909925143858 0.28437188970350336 0.5710450871819728 91.93065314546187
0.38531583706723327 -0.5054643041805668 0.772034677268083 106.4416809146267 0.512445006888452 0.8129815451282534 0.27651604328858065 23.39108225912474 -0.7674189342336243 0.2890793048285078 0.5722773234189826 92.3529016273447
0.38453994071718306 -0.5090319888186343 0.7700749757994809 107.07381966160935 0.5133192280238787 0.8112604511085159 0.279928295476139 23.584239551390333 -0.7672238292272957 0.28765068195044013 0.5732579533153049 92.7883924158525
0.3851032762254255 -0.5106279148073292 0.7687357148331034 107.65787480273727 0.5175823274829241 0.8091485219258778 0.2781855563154321 23.772826546167643 -0.7640706779597047 0.29075385136690163 0.5758977313703458 93.20198938908422
0.3821218724803598 -0.5162085126903305 0.7664930828116718 108.2611710175128 0.520362102019785 0.8056352918827656 0.2831520073291412 23.96871786497258 -0.7636793550657597 0.2906553765183227 0.5764662130145508 93.62162802157106
