1.0 0.0 0.0 0.0 0.0 1.0 0.0 0.0 0.0 0.0 1.0 0.0
0.9999386543039162 -0.002631612922071824 0.010759286328650619 0.008622933179140091 0.002618761371520522 0.9999958409504212 0.001208375247648092 -0.0011989348568022251 -0.010762421556161765 -0.0011801251156047955 0.9999413870757421 0.3067035675048828
0.9997978133370489 -0.00498351577385729 0.019480683175586072 0.019274827830789064 0.0049457028789504625 0.9999857923639041 0.0019887416544934517 -0.0005599627941079667 -0.019490317326533904 -0.0018919938865894397 0.9998082555618574 0.6042089652205341
0.9996784622286474 -0.007574859202186167 0.024199042630519675 0.02894594704281464 0.007535944821236554 0.9999701612135463 0.0016988873433558625 -0.0015655438520246001 -0.024211189392880535 -0.0015159784369153536 0.999705716757467 0.8952644676099798
0.9996409089590935 -0.00999701432005634 0.024861875233415945 0.040056632085293184 0.009976935852144335 0.9999497952555599 0.0009315145549430852 9.133509320103381e-05 -0.024869939413668656 -0.0006831347220441243 0.9996904618133116 1.2167093350972833
0.9996883710742243 -0.012933286454282251 0.0213516004190689 0.0481366719287289 0.01293818492520622 0.9999162940152959 -9.128832003686715e-05 -0.0008395524056806196 -0.021348632504337845 0.00036751082662678225 0.9997720244265624 1.551953051458257
0.9998254342245555 -0.015153553349402474 0.010930274404892384 0.051979694910799686 0.01517241656942628 0.999883539224818 -0.0016449202704170703 -0.0028386141565830297 -0.010904075069588959 0.0018104718001236855 0.999938909803363 1.8772091801979773
0.9998657221070921 -0.015022295834366711 -0.006547395140659139 0.03498546419289256 0.015007450129012034 0.9998847119367643 -0.0023106872914806834 -0.0011147711922766539 0.006581352132227468 0.0022121173112116363 0.9999758958800522 2.2169956336301113
0.9995945156822692 -0.012087090900975641 -0.025781901626551265 0.006314266869145914 0.01203606206211358 0.9999252878587754 -0.002133520701066075 -0.0005917834393268596 0.025805763464128807 0.0018223430238237604 0.9996653148118808 2.5810688540636573
0.9989524148032277 -0.009755288040810982 -0.04470914128051659 -0.03128734130038166 0.00963669351766626 0.999949454947278 -0.002867348721081023 -0.00043509119361774334 0.044734853267301006 0.0024334966370484546 0.9989959314217804 2.9339621835993652
0.9978924163213457 -0.009971749550106036 -0.06411933919852993 -0.06788861556583826 0.009741955413434034 0.999944958154739 -0.0038955058259481064 -0.002120549905941003 0.06415465496025084 0.003262647977838304 0.9979346348208905 3.312162592707274
0.9963054248854742 -0.011846559479597462 -0.08505974002000682 -0.11438311573985074 0.01158310471837766 0.9999264685045504 -0.003590162823857333 -0.0018109744681101053 0.08509601652755486 0.0025916428216614957 0.9963693849966624 3.7112161178864906
0.9944246015843582 -0.01327412015719804 -0.1046112302663685 -0.16840537646294165 0.013025891709659159 0.9999104902901919 -0.003055740957085153 -0.004515883787430225 0.10464242881813828 0.0016760494267304736 0.9945084981785527 4.107378607519739
0.992378607791638 -0.013072230928734966 -0.1225308760112175 -0.23603782506862764 0.01287123600239345 0.9999142051448241 -0.0024317963248341795 -0.009273328407858772 0.12255215249558542 0.0008361388285513744 0.9924617225820643 4.522515890466275
0.9902284113202572 -0.013215867350519795 -0.13882735416456377 -0.30974256138244094 0.013138854737606757 0.9999125991904356 -0.0014712159635642376 -0.013536770594667744 0.1388346639364385 -0.0003671925936652732 0.9903155059168041 4.9534360610184205
0.9881818280490722 -0.013308094990917067 -0.15270746321416906 -0.3878949041998977 0.013187831133795732 0.9999114158345849 -0.0018004426296224783 -0.01621569601415735 0.1527178962125283 -0.00023471554870096588 0.9882697956960087 5.396333522150986
0.9858092405638306 -0.014470677366255302 -0.1672445536199172 -0.46833477100351 0.014239807407630586 0.9998952812260404 -0.002579625339262752 -0.022673756720947513 0.16726436890132101 0.00016148826311505947 0.9859120674875542 5.838511816824283
0.9838693208477419 -0.016587285938251723 -0.17811799864080546 -0.5527279839746672 0.016077333600595597 0.9998614788526061 -0.0043060946314446465 -0.027990697620202808 0.17816475195419118 0.001372971916126889 0.9839997134700901 6.2856974691510565
0.9821551772159385 -0.01611019104924142 -0.18738108125498099 -0.6508513545926732 0.015184134065198198 0.9998643821386456 -0.0063764726295080275 -0.03106750361325708 0.18745839522576452 0.003417466146389609 0.9822665987319937 6.7676933123574425
0.9805977611179308 -0.016521854732332607 -0.19533320047218164 -0.7552515245785683 0.015316445847163275 0.9998532013524933 -0.0076799890482770646 -0.03559373341406782 0.1954314134859407 0.004539169678965458 0.9807068667861529 7.2679416234258065
0.9790705209779037 -0.01729945525073642 -0.20278472279756252 -0.8629707102820228 0.015451824535324109 0.9998234560362769 -0.010691018576589406 -0.044190918655632745 0.2029338711762678 0.007333867172453561 0.9791649801344567 7.771320846787992
0.9767520811534385 -0.020253611930509688 -0.2134131279143693 -0.9775809466141538 0.018105779881729046 0.9997638929094123 -0.012014123750469362 -0.052671589929050015 0.21360606896177134 0.007870809258617047 0.9768881705007556 8.290034584070641
0.9746810196289236 -0.025243215817989724 -0.22217040763857018 -1.0911973939278266 0.022876323249957156 0.9996508803465884 -0.013220864451856584 -0.06230611298597494 0.22242658071751567 0.007803683582596683 0.9749182112940846 8.812123159156048
0.9719528359006013 -0.02640244987252779 -0.23368909992874629 -1.2282481436614088 0.02330774028690615 0.999600373571906 -0.015995074167510972 -0.07215634848174728 0.2340180207323723 0.010099692848532661 0.9721797993050815 9.359551241928937
0.9693510068757588 -0.02201488284003116 -0.24469158220603415 -1.378430363786235 0.01745840720706573 0.999631735303898 -0.020774931795552475 -0.07836330974644062 0.24505882862436307 0.015866275771499863 0.9693783739110327 9.90466170061116
0.9668841925499523 -0.019338704304066826 -0.2544817728499759 -1.542775962535369 0.013807703603745294 0.9996284107061127 -0.023502932377948548 -0.08991156561593944 0.2548417264072311 0.019210804902740807 0.966791931832683 10.476605694905189
0.9638379892775729 -0.02183877098948848 -0.2655925422654679 -1.706068456131467 0.01585296805484544 0.9995701748891821 -0.02466067468384469 -0.1073734527860469 0.2660169427484229 0.019558465013365556 0.9637699168458744 11.046601318502749
0.9605335513298104 -0.022799548340365468 -0.27722820449084506 -1.871842495485033 0.016006058739702053 0.9995141715785729 -0.026743726315160313 -0.12339985583204258 0.27770326403080625 0.021250915487910842 0.9604318277408147 11.596767331385706
0.9575555746192618 -0.021519782220070484 -0.28744429110486114 -2.0452500504718483 0.013545273316550366 0.9994669864089416 -0.0297030074135358 -0.1379620716352998 0.2879302816418505 0.02454876884549105 0.9573366758156795 12.146883105731774
0.9546899824142872 -0.02024198487354555 -0.29691294940805 -2.2363077818457864 0.010864626754456236 0.999389699322864 -0.03319922849769036 -0.1555511785138606 0.29740376151503944 0.028469122496744697 0.9543272560819852 12.722047448004185
0.9524797258863165 -0.020519096679945503 -0.30391008283202203 -2.4316152542278897 0.009086628428843769 0.9991984948229189 -0.038984626808647664 -0.18009647731313022 0.3044664266537832 0.03437054865800735 0.9519027578621799 13.31328235436404
0.9505784234420535 -0.021804707284730114 -0.30971796142078584 -2.636845981245496 0.007716759501810543 0.9988820014001698 -0.046639027665491065 -0.20684158799953056 0.31038864751986556 0.04194403436745757 0.94968393977774 13.92414053026089
0.9496575434131358 -0.021679087543114435 -0.31253890542111096 -2.8451182130209522 0.004739441282605833 0.9984829016844394 -0.054858296912597804 -0.23407636872142842 0.31325403099538385 0.050615335691072794 0.9483195663161355 14.524826006179083
0.9488446470273332 -0.022673026798833845 -0.31492819763138863 -3.059061046373481 0.0027336508045153213 0.9979709618225477 -0.06361199975050312 -0.2709138511009319 0.31573147287030884 0.05949700172914933 0.9469813851519928 15.138666175345374
0.9483032851962625 -0.02219176735471031 -0.31658869965248343 -3.2823170199340908 -0.0006582558404447155 0.9974125741786737 -0.07188688037131806 -0.31213945769492774 0.31736484680131866 0.06837896117919669 0.9458350129292261 15.75381710438776
0.947932901082395 -0.02283157383466665 -0.31765064816830907 -3.506181226909576 -0.002323131729098203 0.9969045865479926 -0.07858656614552886 -0.36040694954542657 0.3184616430662945 0.07523273593196309 0.9449456160751835 16.37116450513684
0.9474372983268096 -0.02200478756429552 -0.3191838891038306 -3.7375960781655966 -0.005213623060279511 0.9964376976640074 -0.08417085486460212 -0.41454276280977786 0.3198990213704655 0.08141071181547806 0.9439475155578916 17.017271331951335
0.9472927637061774 -0.022383337519030735 -0.31958630451166276 -3.969646313132087 -0.006702968485706062 0.9959531646576802 -0.0896234568728032 -0.4727188537878731 0.32029906344444986 0.08704182908154408 0.9433091910644926 17.668926787128854
0.9473324639102747 -0.02067729233555299 -0.3195835609091279 -4.221440097035878 -0.010013237987530399 0.9955131125204271 -0.0940923900477429 -0.535216343698218 0.3200952012865754 0.0923368419514204 0.942874843089869 18.357988740748752
0.9469864665057834 -0.01884444974432507 -0.3207203126849386 -4.479421447337951 -0.012848156021491966 0.9952583317366321 -0.09641461505219963 -0.5997304576840359 0.3210164437248325 0.0954240002444356 0.9422540544012596 19.068739587550425
0.9468347084476675 -0.01709152670887264 -0.321266111803876 -4.733162384717807 -0.015101634622687375 0.995125964949352 -0.0974487276230116 -0.6679377077293199 0.3213657970452729 0.09711948104464391 0.9419616929000222 19.76731765469507
0.9456082925873491 -0.015609869129807613 -0.32493274531168553 -4.994507695927257 -0.016838792508320606 0.995160283688907 -0.09681149123464614 -0.7400177867835595 0.3248713777126267 0.0970172240066913 0.9407689653624504 20.494187103704938
0.9444995334087997 -0.014294966900269785 -0.32820159248833636 -5.254082962844291 -0.018235871031394273 0.9952309502000078 -0.09582697309064943 -0.8093284469435027 0.3280062261578066 0.0964935732850115 0.9397344869251123 21.203578051363817
0.9426967274083459 -0.013269493987311767 -0.3333868633628439 -5.523639100306302 -0.0193661230398608 0.9953481207727377 -0.09437728409201243 -0.8829141452450814 0.33308832674232197 0.09542556787098597 0.9380544374312719 21.93736384943583
0.9397832514117669 -0.0123457558676941 -0.3415479800525591 -5.838472288427921 -0.02042707184120052 0.9955318047888766 -0.0921908910348352 -0.9684689481822051 0.34116004323766064 0.09361628045301586 0.9353319287462714 22.779140751889198
0.9365701952299027 -0.01203333571337181 -0.3502734192579155 -6.122253140812354 -0.019675449382598742 0.9960291395183183 -0.08682643561722125 -1.0421072391500075 0.3499273440281782 0.08821083868781637 0.9326144443656109 23.52419079170725
0.9343362713558918 -0.010813678157910522 -0.3562285732412077 -6.377529553786659 -0.020135911358045693 0.9963412185665805 -0.08305854115647873 -1.102311736789592 0.355823379083711 0.08477759462239226 0.9306999958888423 24.16766263306293
0.9314193390442141 -0.009008976619026589 -0.3638362999959151 -6.6803369638078145 -0.021580035433474146 0.9965675869605475 -0.07992087768738579 -1.1687336311693874 0.3633074688540406 0.0822914513173143 0.9280279091250223 24.915572267193543
0.928139427639128 -0.008246243712850067 -0.37214137411250076 -6.99242864210457 -0.02293230141182832 0.9965887650385746 -0.07927763209661248 -1.2332200524317414 0.37152565512178165 0.0821147542376951 0.9247842206281496 25.662977441583873
0.9248720205222406 -0.008649527613308389 -0.380180130105684 -7.3166196811098905 -0.023017512683243292 0.9966349706912854 -0.0786697483474911 -1.3026437262900623 0.37958126898595107 0.08151025007474497 0.9215607084548297 26.43241267054097
0.9217984997178676 -0.00831737005442501 -0.387580117231607 -7.64593736386241 -0.023872317645155836 0.9966546147312747 -0.07816451487154068 -1.3691537943047358 0.3869336356122808 0.08130436821126082 0.9185161736962668 27.197040275395157
0.9184733063533682 -0.008084895851928085 -0.39540032874970593 -7.996070096814395 -0.024284606470290314 0.9967513830925555 -0.07679152421759111 -1.435572548255547 0.39473667603213053 0.08013310652995567 0.9152931999271948 27.99319285609238
0.9149692788497518 -0.0084634750137579 -0.4034347386528049 -8.344150229540478 -0.023914208348864516 0.9968854885391075 -0.07514940704484885 -1.5035562426634912 0.4028142616643713 0.07840722116512466 0.911917199239575 28.766907290669515
0.9116841904529145 -0.007886195345442095 -0.4108159500326 -8.707836827803153 -0.023999017365463615 0.9970869583994983 -0.07239920272440507 -1.5708477173317372 0.4101901803355443 0.07586438764407748 0.9088391555405626 29.56054813813834
0.9077725952290094 -0.005148738077112077 -0.4194310501708265 -9.085265822469662 -0.025149526945258172 0.9974577198411511 -0.06667532094952083 -1.6357885057803763 0.4187080326977485 0.07107452163402281 0.9053352946444075 30.36686699483728
0.9044187052565725 -0.005681479309221006 -0.4266081649182119 -9.465033382648896 -0.02338020506101524 0.9977488136744023 -0.06285436200159981 -1.7017565753702297 0.426004896208166 0.06682084707770601 0.9022498560833845 31.16943385019902
0.9007161811463997 -0.005432827242702554 -0.434374084642716 -9.874509799840052 -0.023264808397338122 0.9978835183127684 -0.0607225869834794 -1.767331239797465 0.43378463517197285 0.06479944650907155 0.8986834381587527 32.022283910237014
0.8979207188129823 -0.0050432780403852785 -0.44012833136823226 -10.286279797774691 -0.023327575787127464 0.9979837904352005 -0.05902692806241665 -1.8285241125780118 0.43953862962687695 0.06326862868118174 0.8959926750205772 32.85982216007041
0.8954694299967778 -0.004633392348708116 -0.4450989009384195 -10.698404639679106 -0.02329976755594173 0.9980870687790248 -0.05726538193301051 -1.8830196414598883 0.4445127903368868 0.06165009984937101 0.8936485016019876 33.68306689326172
0.8927135492193862 -0.005485309139200702 -0.450591201005717 -11.123040331430895 -0.02209905987901528 0.9981898536724592 -0.05593431485071241 -1.9409003387290105 0.45008238200643974 0.059890962665516835 0.8909763868915984 34.52110101426667
0.8909973280481416 -0.0054316245372488855 -0.4539760553883417 -11.549483998458086 -0.022235440111253432 0.998206418688983 -0.05558354874577314 -1.9969392647872468 0.4534637213869828 0.05961915080744804 0.8892784773302835 35.34703002618349
0.8899142984242334 -0.006378383989911932 -0.4560831696936227 -11.98694537331913 -0.021543516636038013 0.9981985467018635 -0.055995877109306536 -2.0530149124838357 0.45561872036940865 0.059657167046089615 0.8881737465546805 36.189399284209415
0.8887508065705956 -0.005721288376679498 -0.4583549614430137 -12.444186714505049 -0.022440487383329294 0.9981801442268619 -0.055971637435756685 -2.107226072894979 0.45784105139897 0.06003054664545403 0.8870050197847437 37.058586998240905
0.8881031733797806 -0.0054983457059573915 -0.4596112723022154 -12.912090758436271 -0.022571504703828245 0.9982003961978321 -0.05555624362658337 -2.164685100462216 0.4590896215426444 0.05971379426053084 0.8863808335962836 37.94687129893648
0.8872664029883106 -0.0037647825644050083 -0.46124197178967513 -13.390421707657058 -0.023755673852087086 0.9982666553787699 -0.05384563788012499 -2.221497169995068 0.4606451976174483 0.058732539287238705 0.8856390295943687 38.85362467185165
0.8868072695775487 -0.004401074882607161 -0.4621184882303352 -13.867078209869003 -0.022710348521653052 0.998331504211708 -0.05308905507176973 -2.2821667289427507 0.4615810943858487 0.05757463189865857 0.8852276854387781 39.758293427840776
0.8862100114215995 -0.006315989389373214 -0.46324067603586155 -14.346430642574894 -0.020759378162428312 0.9983613462180576 -0.053326078010455524 -2.3410133216443656 0.4628183918930167 0.05687469257676228 0.8846267040225843 40.66587552291456
0.884940983401328 -0.008398205901475308 -0.4656274541243539 -14.827886443000045 -0.018961177571641404 0.9983585622169665 -0.05404308460079335 -2.399168657769015 0.4653170205803647 0.05665378527255041 0.883329167962037 41.5718120646385
0.8843327173996292 -0.008993709731531192 -0.46677056261278144 -15.325664332372458 -0.01770284596463871 0.9984493716897096 -0.05277747073493016 -2.459281975064692 0.46652144021613823 0.054936011483262014 0.8828022317942853 42.50569231458178
0.882436107711192 -0.008239425265098518 -0.47036010425930325 -15.828569474631305 -0.017133625126526334 0.9986203388877081 -0.049637260700231715 -2.520908714953287 0.47012014921458684 0.051860684830610924 0.8810774737055503 43.44386112898799
0.880242386814139 -0.0085118663079365 -0.4744479830157394 -16.32832818926962 -0.014953109474927043 0.9988450114916301 -0.04566232073949032 -2.5806612854763094 0.4742886726169816 0.04728838282539441 0.8790984381040502 44.360354584077676
0.877461443870804 -0.008821813181587094 -0.4795660435564149 -16.83921803909836 -0.014192985398089147 0.9989154809205734 -0.044344347359154476 -2.6385776530657634 0.47943714258039466 0.04571692891488774 0.8763846123277939 45.28984742041472
0.8729439029230264 -0.011472904814331452 -0.4876856721338404 -17.37040337342342 -0.0132759396644406 0.9987943749097623 -0.04726040705118649 -2.69871325545541 0.4876399202029511 0.04773016974345466 0.8717391462592011 46.234966568876956
0.867757891422448 -0.01489482543256329 -0.49676391379547746 -17.884085474172203 -0.012007312557875642 0.9986306897362048 -0.05091728549450801 -2.7543080873319195 0.4968420939485749 0.050148675878084956 0.8663908148107702 47.13953750870139
0.8620350392877711 -0.01479967458882003 -0.5066325696914836 -18.428039006966195 -0.01260521070512911 0.9986384435440179 -0.050619835430992605 -2.8118816130870155 0.5066919179375277 0.05002228211553837 0.8606747768981866 48.060481098964566
0.8567417355622998 -0.012957531056273584 -0.5155828749431309 -18.98641230357162 -0.012762871375842838 0.998845542955453 -0.0463108025440088 -2.8711320144767885 0.51558773032331 0.04625671526332351 0.8555872887281027 48.9834498686241
0.8522064090210522 -0.011434129558234326 -0.5230807749331727 -19.553295331765835 -0.012852456468288994 0.9990019865816631 -0.04277668954724404 -2.926880501028055 0.523047847511271 0.0431774418780927 0.8512089389372566 49.89910182230429
0.8485179629755883 -0.011588664460832282 -0.5290396670985766 -20.125428848860256 -0.013836572841635508 0.998932447781065 -0.04407396081733863 -2.982781036311062 0.5289856479714328 0.04471764334291812 0.8474517783414578 50.80967168541092
0.8464924832604267 -0.014743199096515188 -0.5321964992970144 -20.682945093489344 -0.013350418838551965 0.9987143722393231 -0.048901625734226545 -3.0371642182765624 0.532233259107726 0.04849990477326367 0.845207381141784 51.695505285591246
0.8447686757030319 -0.017037874584148557 -0.5348603512886337 -21.25339723370205 -0.015754886261527552 0.9982678989626619 -0.056683202622639636 -3.097322551313929 0.534899680416648 0.056310858014487 0.8430370212273245 52.58532271417818
0.8420338846444627 -0.01813355400932912 -0.5391197560185925 -21.813572259618045 -0.016129268408164577 0.9981415477963012 -0.058764762089384526 -3.159359853687739 0.5391834417071553 0.05817752815130017 0.8401765239561456 53.46324140902044
0.8405542415667905 -0.01804803644599308 -0.5414266666544251 -22.3973661803329 -0.014752916079610615 0.9983115670101236 -0.056181550716757955 -3.226948629038118 0.5415264706837754 0.0552112629291867 0.8388687608884591 54.361857634863966
0.8380716588096062 -0.015998601014868358 -0.5453255353141664 -22.983207692162146 -0.014417027211089693 0.9985713851672067 -0.05145228908067025 -3.2920036835950377 0.545369639810019 0.05098267834091509 0.8366437249407164 55.251948223970054
0.8355603651436523 -0.014411164973091065 -0.5492096089155077 -23.565005971906057 -0.014949493418513952 0.9986893755127593 -0.04894940126768549 -3.3521074850705412 0.5491952192504378 0.04911058503065745 0.8342498196526087 56.12422698351995
0.8336818730876464 -0.014082517076877025 -0.552065410253036 -24.15899771550758 -0.016207236956034616 0.9986202911410453 -0.04994836925891301 -3.410881001716471 0.5520071194788383 0.05058850496064543 0.8323033961305951 57.007783818046676
0.8306855688670836 -0.01585903357639674 -0.5565159267532178 -24.76358975536157 -0.0158628646681501 0.9985141862644629 -0.05213242132433303 -3.4754834245481256 0.5565158175654041 0.05213358689597848 0.8291997551355582 57.903726066932464
0.8280258926653427 -0.01830899097874388 -0.5603908474672858 -25.3550345281506 -0.015185666955230982 0.9983677493841756 -0.05505663001583652 -3.5398740304137677 0.5604841805036851 0.05409822399040638 0.8263963126528315 58.765689647577936
0.8254109747981121 -0.020081311591964614 -0.5641750292308025 -25.957356139450624 -0.014164267043293717 0.9983158397287597 -0.056257067874070324 -3.6047413261719523 0.5643545837697757 0.05442632700640307 0.8237364133669431 59.640734597896014
0.8222705143883817 -0.020900292158835838 -0.5687129143558649 -26.56460750211977 -0.013103341684138592 0.9983651616413465 -0.055635478406829635 -3.6735149668570943 0.5689459584215137 0.053199453084814656 0.8206523713408143 60.51733717395459
0.8193732008366548 -0.020266261426821267 -0.5729021176418138 -27.185603820229097 -0.013968762491855089 0.9983723164871419 -0.05529549119543306 -3.740792012375044 0.5730902471907379 0.05331037722505637 0.8177564259943062 61.397297958673995
0.8147270099405597 -0.02066661113021826 -0.5794763070719177 -27.814365587527657 -0.014662833100868897 0.9983107541036467 -0.05621956569081987 -3.8122246321038094 0.5796592970002045 0.05430036303194194 0.8130477046126064 62.27252973359615
0.8099493100592223 -0.02164319979095791 -0.5861004069589089 -28.452959155690255 -0.014845014534192584 0.9982421900020333 -0.05737730948227013 -3.8821441878199736 0.5863119823763365 0.05517338128802035 0.8082042794486907 63.14673731332553
0.8060023106046984 -0.023031300479428092 -0.5914641447273993 -29.100234534784345 -0.014612278133744392 0.9981639829461381 -0.0587804770042237 -3.957768829937343 0.5917319972991403 0.05601983887274464 0.8041859368485887 64.03098046960629
0.801199297917816 -0.023524153549949578 -0.5979350292596659 -29.766622843215522 -0.015290464419671516 0.9980959117728933 -0.05975577461691761 -4.034295796983667 0.5982022122274624 0.05701898895977979 0.7993140485342259 64.92071867442908
0.7964176554523053 -0.02538059239331486 -0.6042141537680309 -30.420501782391707 -0.01484037900936399 0.9979977958608999 -0.061483026988301215 -4.108152939802443 0.6045648693355509 0.05793293524887337 0.7944464071155072 65.78623732251984
0.7910319186974242 -0.025256145952839044 -0.6112533277565697 -31.103039878273577 -0.015529898096796405 0.9979965166083313 -0.06133331152595326 -4.186060742042678 0.6115777349339777 0.05800930898782888 0.7890548740130687 66.66935121511817
0.7862845952414272 -0.02548180248953326 -0.6173388154230298 -31.78863880378088 -0.014853184369589136 0.9980809036852127 -0.06011566029739995 -4.26073888520969 0.6176859381596024 0.05643746486859427 0.7843971534618788 67.5339173111446
0.7823240634176758 -0.02662592162232094 -0.6223022738954265 -32.4656018203217 -0.013515291611026952 0.9981250679913983 -0.059696612465325566 -4.337478372460591 0.6227249767676941 0.05511269313804562 0.7804974018949367 68.38466524376511
0.7772274489664548 -0.027967839071728718 -0.6285978782582352 -33.16783707438817 -0.012775584691216629 0.9981043107261449 -0.060204396398312106 -4.411284620634046 0.6290900388727315 0.05482321485963249 0.775396761731412 69.24937602923698
0.7730406053366201 -0.03033595958684589 -0.6336307694996649 -33.876308245302084 -0.011740412766590515 0.9980006177245545 -0.06210418447639331 -4.486285159384156 0.6342478894004001 0.055448143137106644 0.7711388449648902 70.1061748619996
0.7690396081230724 -0.02913609576160111 -0.638536740573072 -34.584427510082065 -0.013681526470274505 0.997981434437456 -0.06201509777143911 -4.563549565377447 0.6390546901254657 0.056428223806254826 0.7670886249884799 70.94947734338815
0.7648844748875658 -0.028779178340298868 -0.643524280015937 -35.31278234022447 -0.013467310637260239 0.9980687308738345 -0.06064189967417534 -4.642590619087197 0.6440266854876219 0.05505058897005992 0.7630196989815383 71.80931733748382
0.7624015609291697 -0.02826687449862985 -0.6464865379099898 -36.04343664005161 -0.014295657377402996 0.9980659340395868 -0.06049814451564167 -4.72083372860915 0.6469462837615763 0.05536582985710835 0.760522932469048 72.66049567301259
0.7583972072088425 -0.02817688815806819 -0.6511833375260424 -36.78574811320425 -0.014925748245111562 0.9980524001892902 -0.06056920435105985 -4.8009582643688855 0.6516217446779623 0.05565491398003068 0.7564995918126618 73.51619857242149
0.7549803594617175 -0.02882441101322783 -0.6551135856909062 -37.51038207560815 -0.016756251211102982 0.997859221676249 -0.06321551835602554 -4.876019745769734 0.6555332828105725 0.058703722585634235 0.7528811248013745 74.33831278329113
0.7520859580472973 -0.030615732272504224 -0.6583535438087179 -38.260292002293 -0.01724039044198752 0.9976647231047321 -0.06608985708689373 -4.95286237636597 0.658839495359444 0.061055525628533856 0.7498018019081687 75.18889512806098
0.748845918898669 -0.030004536739916543 -0.6620645871241199 -39.018648072441515 -0.01939945597149787 0.9975542055028096 -0.0671510848137889 -5.033580049917834 0.6624601503915676 0.06312950862062647 0.7464323239815518 76.03662771076661
0.7463703581461848 -0.029073410239729015 -0.664895499531895 -39.772857592165316 -0.019797466713740712 0.9976333682136354 -0.06584620671257728 -5.117063362988043 0.6652363104885768 0.062308903406732716 0.7440283944607197 76.87603580991755
0.7431690166205422 -0.02864635192351243 -0.6684902387146208 -40.53455486568364 -0.019905701283261096 0.9976943263669174 -0.06488292681194711 -5.199468898619018 0.668807577552526 0.061525747916926485 0.7408852856897516 77.71731281080909
0.7393637568920208 -0.0287341708943077 -0.6726927845737114 -41.30996128206673 -0.020646075495340768 0.9976516000875093 -0.06530715435136583 -5.281031512508166 0.6729895798310384 0.06217420900863277 0.7370341872484569 78.55901497156914
0.7371111472053433 -0.029402257201631872 -0.6751315900897187 -42.101772357243355 -0.020521094880989667 0.9976183833645693 -0.06585169578643049 -5.363834379964262 0.6754598739603325 0.062394458443937595 0.7347522645252478 79.41816005675443
0.733898550355579 -0.029936605890607513 -0.6785990844480491 -42.90713289942293 -0.02016866801820241 0.9976274731187553 -0.06582286615651935 -5.4526834071804835 0.6789596030813257 0.061993745704207646 0.7315535748509544 80.2854257016743
0.73129766575539 -0.029789460189689698 -0.6814075961730433 -43.70528040112827 -0.020699390129906146 0.9976162476638991 -0.06582824352245809 -5.540041870398018 0.6817442770635982 0.06224476249941832 0.7289378095780348 81.13275802001846
0.7299441247119804 -0.0320069544395686 -0.682757006310418 -44.50589953635865 -0.019007548113538417 0.9975661225948032 -0.0670860951753923 -5.628122358987025 0.6832424810513265 0.061946637670447065 0.7275591564733098 81.98686100334282
0.7274661900066763 -0.03572440997440278 -0.6852128931428183 -45.332616965044025 -0.016817999398830025 0.99741526934265 -0.06985653425664723 -5.71870046881295 0.685937385840276 0.06234217684770052 0.7249850727377073 82.86252741817086
0.724972076290902 -0.038930749426565874 -0.6876771665160513 -46.165816204530444 -0.014145217000590203 0.9973493014228273 -0.0713742515715915 -5.809943298377242 0.6886329947326553 0.0614716821022864 0.7224997099411532 83.73701104611736
0.721128555223933 -0.04137850170358216 -0.6915644774259374 -46.992024205978844 -0.011218919889199985 0.997386434002426 -0.07137532559956739 -5.901892576026956 0.6927104320545222 0.05922939189871187 0.7187796160563724 84.60099856503496
0.7146505156634195 -0.04286124375224658 -0.698167282423073 -47.82157640640746 -0.009935740106200387 0.9973981567665466 -0.07140166627773616 -5.9978352881197745 0.6994111248261287 0.057964046293419405 0.7123652488764058 85.4565436097369
0.7075882520420094 -0.04383596696445136 -0.7052639743900334 -48.65673164617831 -0.00803330420463913 0.9975104013029961 -0.07006044044888528 -6.088257789500891 0.7065793172713802 0.05523954464536797 0.7054744935939803 86.2981179382739
0.6984400858392324 -0.04187438809750517 -0.7144424274315919 -49.51715968585256 -0.008784574755039628 0.9977099446713397 -0.06706487568232626 -6.179611645053676 0.7156146153756637 0.05311687044030619 0.6964727707063421 87.14144553786846
0.6903555782522172 -0.04132684604499122 -0.7222889085206976 -50.365579980712276 -0.009087965868672818 0.9977930014794212 -0.06577640211396428 -6.269124320744943 0.7234131492117191 0.05197324306469321 0.6884563875460243 87.95230707363105
0.6829168018917378 -0.04168410700260241 -0.7293058870716437 -51.23293339885672 -0.011208013851582148 0.9976551721305755 -0.06751694562563466 -6.355909346016888 0.7304101738882504 0.054282527064496155 0.6808482834934876 88.76195415442744
0.6729742368817215 -0.043274921257889454 -0.7383989150070499 -52.1210599256853 -0.010954028904019433 0.9975944846280095 -0.06844891153660777 -6.4489529281832185 0.7395848063232741 0.05415279706441688 0.6708813522716708 89.58185959184654
0.6640806353582565 -0.04417672137601905 -0.7463546925092924 -53.01054997844481 -0.01128502540017437 0.9975468907113004 -0.06908580920807586 -6.533659267174352 0.7475757874248553 0.05430117973564499 0.6619530375603886 90.37522955968193
0.6559909620494428 -0.044250891225923836 -0.7534704482162244 -53.91427650724451 -0.009955609322037425 0.9976857353030419 -0.06726112856513647 -6.627931108669312 0.7547030830415851 0.051623949854116294 0.6540322807392509 91.17501238505193
0.6455975717693254 -0.043379105653761144 -0.7624447707986663 -54.833501131525026 -0.010122032721587588 0.9978116518205182 -0.06534104334025019 -6.716545829501889 0.7636107121951172 0.049901509835767216 0.6437456947716054 91.96378026486258
0.636350857303065 -0.04310800374254915 -0.7701943173141351 -55.74530297796109 -0.011075564864875122 0.9978238395838758 -0.06499936169698704 -6.80598431119336 0.7713202436553693 0.04989273666000062 0.6344886102649894 92.72087548502665
0.6282652552049587 -0.04339276824684962 -0.776788154367794 -56.68092449243839 -0.012861642615300158 0.9977276346643656 -0.06613732060105526 -6.89464539744894 0.7778928893179863 0.051542552235271315 0.6262795047401678 93.48120696460386
0.6191046066280886 -0.042829393868125676 -0.7841397382308646 -57.646984617149606 -0.015181590444489489 0.9976723330902608 -0.06647883195282148 -6.986408457243208 0.7851617701871734 0.05306183946231653 0.6170133190048817 94.24144955667896
0.6116055600876666 -0.04295017910044806 -0.7899961525128406 -58.6166627265592 -0.017046732575021373 0.9975781477358552 -0.06743328605678614 -7.077767963170409 0.7909791702556822 0.054709425834494715 0.60939218156003 94.98825078956774
0.6034869481664256 -0.04200847454317184 -0.7962655282374906 -59.610167963374316 -0.01891938580236937 0.9975757394812091 -0.06696790902648876 -7.169192264879628 0.7971483928564589 0.055479113773335045 0.6012291640475287 95.74315759082059
0.5968778194202726 -0.039498732170671194 -0.8013592944747131 -60.61538189082738 -0.02091798479676775 0.9976818762460906 -0.06475578524056873 -7.25517875777396 0.8020594158764939 0.05541411342780872 0.5946679488898552 96.48636378993096
0.5909689346653275 -0.037551942168946 -0.8058198123028919 -61.62472924375113 -0.021075497707667385 0.9978562615174043 -0.061957281629230546 -7.343802043664971 0.806418961617906 0.053597882326168605 0.5889106259469669 97.22533328609117
0.5846255605940056 -0.03685350924317773 -0.8104657751914067 -62.64825727999317 -0.021714198262176614 0.9978991045170957 -0.06103991151541286 -7.43011025053449 0.8110126062484945 0.0532841070155216 0.5825970789882 97.9613458574482
0.5792213162083233 -0.03795294180965868 -0.8142863384939539 -63.66925009699818 -0.022088364780646182 0.9978180619560574 -0.06221912387340916 -7.516913496649871 0.8148710149411468 0.054024896503835955 0.5771191727594355 98.68600450019164
0.574701381303933 -0.04005445042005534 -0.8173823850126077 -64.68673328544443 -0.0216022475544281 0.9977109485983047 -0.06407968435993223 -7.604396244240218 0.8180780312586012 0.054483979742844295 0.5725205941478724 99.39738273211391
0.5697502516535797 -0.04147490061774917 -0.8207706642902329 -65.72901033908069 -0.02216357038193916 0.9975869925472007 -0.06579489682761158 -7.6942596251592805 0.8215189753673419 0.055677867410480565 0.56745620817118 100.1139402143415
0.5667248837287606 -0.04347712719240406 -0.8227591662046182 -66.74153456219794 -0.02265517244838331 0.9974068020088505 -0.06831115917485278 -7.789559396326478 0.823595561743722 0.05735338453459898 0.5642702720846364 100.80783977025325
0.5627685570357862 -0.043708401449253004 -0.8254581314970553 -67.760300024309 -0.02214332388460985 0.9974455702015504 -0.06791176402248132 -7.879748723077883 0.8263178712936083 0.0564969922036108 0.5603631549742942 101.49884508126384
0.5603389231668333 -0.042419468473623836 -0.827176450268411 -68.78930746574252 -0.020977620305570613 0.9976404545006263 -0.06537172928796597 -7.968741722377833 0.8279977238075894 0.05398251789421303 0.5581269184793473 102.19072880894579
0.5584315400510865 -0.0409635093313343 -0.8285385965538561 -69.83867636471915 -0.018708904924367508 0.9979040903971113 -0.06194677752107162 -8.0606142843452 0.8293396119520053 0.050094084201389034 0.5564947356222891 102.89511372124068
0.5556761570979087 -0.0399776228947831 -0.8304371126705399 -70.89189829539 -0.01853853729349323 0.9979991214772298 -0.060448955042212364 -8.151172680592078 0.8311921144163472 0.048985132421584456 0.5538231899566158 103.59946659028091
0.553776424948017 -0.04029770579259058 -0.8316897054067985 -71.91481728647088 -0.016871039208713013 0.9980801611165615 -0.05959328839355184 -8.237802306987438 0.8324944679742993 0.04703282782687836 0.5520333992602222 104.27966480013416
0.552886672524858 -0.04001891543973244 -0.8322949079211155 -72.93771255079238 -0.014601689867896712 0.9982273428342913 -0.05769716345707484 -8.324607233088637 0.8331285122941072 0.04405290484199872 0.5513222502108813 104.95827489736115
0.5502983952152072 -0.04060068928066908 -0.8339803716236385 -73.94979083360586 -0.011099159449601513 0.9983731350144545 -0.055927559761912174 -8.407162889682743 0.8348942956345311 0.040033327507771554 0.5489525005003397 105.62709598775832
0.5493478789241253 -0.04214169621303582 -0.8345303981053376 -74.95071954202133 -0.00836406570813809 0.9984000764259874 -0.055922533896569496 -8.488889909825943 0.8355518836831108 0.037700992465334635 0.5481164883861225 106.28743596295632
0.5470364377889433 -0.0429766135139891 -0.8360048722477955 -75.96184264194459 -0.005714956123933631 0.9984662596120308 -0.05506784627041713 -8.57052041742093 0.8370892873569016 0.03490184962476902 0.5459518164500279 106.94728769674101
0.5463650548105177 -0.04300605482540577 -0.8364422909742515 -76.94204697281104 -0.002388387286153832 0.9985967785447334 -0.05290339768154881 -8.647092534399146 0.8375437436266069 0.030902315907306313 0.545495668528627 107.58482028584832
0.5456394103322788 -0.043132333016087473 -0.8369093354365409 -77.91392320383436 -0.00034346597072669807 0.9986629814640438 -0.05169266373939595 -8.721823865765174 0.8380199973290436 0.02849300443857472 0.5448950658380872 108.21850248967975
0.5437387125469716 -0.044357670372482866 -0.8380815053184791 -78.88103371878508 0.000974310008607527 0.9986349591297862 -0.052223262286623356 -8.795313934267389 0.8392539920654347 0.027579258202070744 0.5430397051038299 108.85013104175849
0.5430800796237885 -0.04620794286421901 -0.8384085240096721 -79.84815427295635 0.003219901778314091 0.9985919430127511 -0.05295057679153905 -8.86940549479641 0.839674734256282 0.026056810362662115 0.5424641769604392 109.47523384323884
0.5434019732047672 -0.04788017878390087 -0.838106069657527 -80.81804089793224 0.004290019042815108 0.9985174726579269 -0.05426280985572886 -8.94583112017215 0.8394616675309111 0.025891026948508436 0.5428017718005109 110.10085265048302
0.5438936723992952 -0.04883671514927357 -0.83773184753681 -81.76306762041825 0.004459449167749926 0.9984592020560374 -0.0553112569260657 -9.019256624414679 0.8391422921275798 0.026347620064243193 0.5432734269958561 110.71231221891422
0.5472941334107847 -0.04953869243854798 -0.8354729495834183 -82.7380316302186 0.004467411626712756 0.9984054149832458 -0.056273169143833096 -9.09531451398815 0.8369284161548678 0.027065573772079684 0.5466427361164625 111.34134615278506
0.5505568056400044 -0.04944519894386301 -0.8333320923046683 -83.66490410642027 0.002843604690833522 0.9983496409624781 -0.05735772225649582 -9.169369198283084 0.8347928591428155 0.029209017297623256 0.5497887918398032 111.94568370174309
0.5543639826891028 -0.04967133172779625 -0.8307907880456206 -84.58158355958415 0.001711026531400036 0.9982833827327929 -0.05854366018435281 -9.241314979689959 0.8322725797990013 0.031032991540606472 0.5534973408705373 112.54664518028846
0.5602870317320087 -0.049848394721609235 -0.8267971816694913 -85.51282712813779 0.001732637555625128 0.9982557898325993 -0.059011660142671445 -9.318698367854907 0.8282967101468145 0.031630928051069894 0.5593961425953813 113.17530729638402
0.5654896760806207 -0.04816723671589787 -0.8233476444087208 -86.42664396008351 -0.00013276861042435528 0.9982878261220827 -0.058492722529751726 -9.393418075797484 0.8247553628917673 0.03318634543906725 0.5645150643319168 113.79704109708332
0.5717870582158084 -0.046436893838390295 -0.8190867932933323 -87.33829066723042 -0.0010048604912341955 0.9983563970658004 -0.057301786125629826 -9.466480625644412 0.8204014567955771 0.033587487676757476 0.5708006047292337 114.42509275561791
0.5797831128564123 -0.04582388730747146 -0.8134812311286359 -88.25237997670726 -0.0010614137073326445 0.9983738716028456 -0.056995490187267635 -9.542844489178657 0.8147701611175209 0.03390846284892889 0.5787916729702944 115.07123595263197
0.5865532347107216 -0.044841612441820486 -0.8086683700034315 -89.16100950640529 -0.0022484887602763973 0.9983721139626491 -0.056991809587395394 -9.618403435580172 0.8099075546929316 0.03524701200624803 0.585497567028205 115.7208815444842
0.5942888772850574 -0.04531618820753558 -0.8029739556309441 -90.04567291247656 -0.0026315034922878913 0.998296405238321 -0.05828689799274207 -9.693029188911199 0.804247353445839 0.036752283936994395 0.5931572001592651 116.36535923766667
0.6030921262889741 -0.04571870864117647 -0.7963602745544429 -90.93374882735826 -0.005165435470816628 0.9981113604003367 -0.06121299303404912 -9.768208265798787 0.7976548159978984 0.041030621735149625 0.6017169455777244 117.02701788625212
0.6117326427280758 -0.04513364975443897 -0.7897759982936731 -91.80050091947436 -0.008293007700056209 0.9979503236206793 -0.06345374385068331 -9.841600562036943 0.7910211121355807 0.045366344851937905 0.6101044950748715 117.68519821759843
0.6212934546355611 -0.04290490594467324 -0.782402461826961 -92.6723803836967 -0.011341677094948724 0.9979028150152462 -0.0637286289301874 -9.918637137932294 0.7834958899622156 0.048467936107558215 0.6195038737423597 118.35823924301583
0.6297723617094259 -0.040859364464814404 -0.7757043797494402 -93.52151419640379 -0.012587905783972658 0.9979476539357323 -0.06278554477060747 -9.996225794101509 0.7766777433755302 0.04930509445989926 0.6279655170512108 119.04016351913822
0.6419445416161473 -0.038225896135152176 -0.7657976144869472 -94.35820789572803 -0.014149602538607437 0.997995823979655 -0.06167758156063568 -10.073406991229172 0.7666205020981594 0.05042931869293884 0.6401170905224544 119.72662484307489
