1.0 0.0 0.0 0.0 0.0 1.0 0.0 0.0 0.0 0.0 1.0 0.0
0.9999086425658805 -0.0002409863788328891 0.01351474926232439 0.011671287007629871 0.00023808115697099616 0.999999948206266 0.0002165752251195071 0.007828067056834698 -0.013514800754024307 -0.00021333783222209922 0.9999086481511942 0.168420672416687
0.9991997135981435 0.0005091020712370382 0.03999591429720114 0.03791121065675582 -0.0005535645641217204 0.9999992411126035 0.0011006091451118965 0.014852167036232013 -0.03999532362241048 -0.0011218686634438845 0.9991992371389405 0.4037518958172735
0.9975535737893555 -0.0008314537612674534 0.06990118814961388 0.06938878352875266 0.0006694296035731622 0.9999970350931086 0.002341296435324917 0.020208917620203385 -0.0699029275788268 -0.00228877470168636 0.9975511727356519 0.7028678813277578
0.9945922585992162 -0.0031379284835311547 0.10380940486941627 0.11357961839613356 0.0027750255064770963 0.9999895243939527 0.0036401010693241677 0.025587522909717 -0.10381973977981519 -0.0033323425977437073 0.9945905474741166 0.9952307277535715
0.9897534614153862 -0.0061943263145395056 0.14265243053579799 0.17850000685984174 0.0054956758198012046 0.9999709007171648 0.005291055299836714 0.03532194547577836 -0.14268105397545014 -0.004452868784422156 0.9897587023088221 1.3215925436922873
0.9839164742365266 -0.01057085801800277 0.17831609205768764 0.2571518308398702 0.009590678943974642 0.9999337952560257 0.006357985708868607 0.039126897608175074 -0.1783714960506754 -0.004545554492446715 0.9839527160036707 1.627086621155514
0.9765393859704221 -0.011815358713735761 0.21501447613353045 0.34684932610168995 0.010457490004072182 0.9999175527781481 0.00745174804821569 0.04976299906819807 -0.21508479386354937 -0.005028413728513631 0.9765824320066634 1.9360568233634037
0.9669214675285486 -0.013776609019326496 0.25470194478324404 0.45501962279123304 0.011737485241188344 0.999885754884094 0.009524107311360289 0.057922803793336086 -0.2548040562327275 -0.006219503500604573 0.9669727042184567 2.2765593865421514
0.9545479438018263 -0.019203224442635027 0.29743816021941666 0.5880566711907712 0.016056472828850973 0.9997863204279223 0.013019338135723294 0.06729386500933524 -0.29762461703293625 -0.007651774709288886 0.9546523124571564 2.6179416565515643
0.9403727434913514 -0.02498119807551057 0.3392271260398572 0.7320653066739289 0.02025430329499504 0.9996422496819286 0.017468138105903176 0.0753574675633577 -0.339542142445652 -0.009555751857633212 0.9405423016057555 2.9415105265963497
0.9243901527435316 -0.029525862236254363 0.3803039165851389 0.9016936036733987 0.023061565819949566 0.9995018858909009 0.021544008040865786 0.08409419984479068 -0.38075058725197347 -0.011144665079691009 0.9246106135814898 3.2832058151461463
0.9054007186777283 -0.031163420064515567 0.4234127771663674 1.0933911119513098 0.0222781758980742 0.9994157673039324 0.0259192388573934 0.092560404439842 -0.4239731377062794 -0.014034433161859258 0.9055660181286165 3.6463241387351513
0.8836479429625284 -0.034844255563141364 0.46685350031068945 1.3181601235435227 0.022933090781578073 0.9992508680965642 0.0311733212132884 0.10630251993778046 -0.4675899766304837 -0.016839847461109916 0.8837850605730957 4.014108658682547
0.8596326552365117 -0.0412059246735163 0.509248239881912 1.5610500972332668 0.025987546556185487 0.9989786158848418 0.03696447522684268 0.11938458193854735 -0.5102512572008178 -0.018541757646088317 0.8598254809834254 4.373026195207112
0.832921253835139 -0.04710995101747382 0.5513826597063343 1.8125658767612822 0.02924377021584302 0.998724723633441 0.041154930529281805 0.13107144753601868 -0.5526183011928423 -0.018154308536495037 0.833236721627353 4.704463491421478
0.8039288402678358 -0.05199872839147212 0.5924479319157785 2.086910321308323 0.03134799187371159 0.9984905620776982 0.0450987898645688 0.1498356766571904 -0.5938987482653071 -0.01768416487801256 0.8043454153045624 5.009904385673545
0.771548464641471 -0.05581845954385449 0.6337170238233623 2.3873306574921176 0.032408502114395624 0.9982985359274349 0.04847393274576953 0.16943449285208528 -0.6353445173290551 -0.016862168878624465 0.7720446953127901 5.324546182300504
0.7360072165596994 -0.059217187310509616 0.6743787525560662 2.6958679973031057 0.03266308393286952 0.9981129751639526 0.05199626676365586 0.19517653044326655 -0.6761852557694809 -0.016242337774931323 0.7365525686219327 5.619783037786849
0.6984413340217457 -0.06063054506553675 0.7130944116559744 3.034317292873338 0.02977725141263053 0.9980040060396023 0.05568948937828774 0.2260092912762593 -0.7150475636125427 -0.017661849675539323 0.6988526603210474 5.921194321390552
0.6619409726604886 -0.06340650648064654 0.7468693082790362 3.4078906606048633 0.028914472136432928 0.9978340550564221 0.059085970168294435 0.2504837838420074 -0.748998065427647 -0.017516092759998308 0.6623406106227108 6.214779991805743
0.6268571144007382 -0.06588448578775197 0.7763436047638077 3.756556824490342 0.02911464527654764 0.9977031587392289 0.06116162581378916 0.2747011919685969 -0.7785900690065348 -0.01573663160427501 0.6273355265487128 6.448345780787639
0.591432158300215 -0.06943243071393308 0.8033599067002934 4.140696399953687 0.029956418805052523 0.9974901113983539 0.06415676608804233 0.3033467308425106 -0.805798123043685 -0.013878588820711 0.5920276764405698 6.690910038912393
0.5598911935023887 -0.07119671704833831 0.8255015923182762 4.550343988322826 0.02928676843877767 0.9973793325964575 0.06615702611105195 0.3379082666906591 -0.8280483902725033 -0.012864462327817967 0.5605090266678423 6.947066421284983
0.5289764467236401 -0.07322218079892101 0.845471721023644 4.982909379475147 0.031084376012636104 0.9972739662060387 0.06692083304608547 0.37385090275192745 -0.8480670258768097 -0.009118583592154717 0.5298105048540807 7.195295937481436
0.49547309294165315 -0.0737070466210677 0.8654904305936788 5.457349729386017 0.03268869901090257 0.9972697087427802 0.06621613837324686 0.4155229358603124 -0.8680079856359655 -0.004516558699951871 0.4965296945497855 7.436912723770969
0.4626055962275193 -0.07306183541847862 0.8835485445318015 5.930485851304668 0.03534158768125156 0.9973260727447895 0.06396621611150274 0.4514917322168329 -0.8858594891511576 0.0016348788145327878 0.46395074377794887 7.664240124596465
0.4369341726776778 -0.07261310488864894 0.89655778717543 6.432895629044483 0.03823977972099485 0.9973346732992081 0.062139107509297936 0.4932062608624849 -0.8986802812977279 0.007133472758226653 0.4385463094965509 7.887283356209064
0.41280072779989163 -0.07300801202324049 0.9078906262916774 7.017005554996738 0.04048063903607475 0.9972679553501195 0.06178950635037729 0.53437655715793 -0.9099213575859789 0.011245239535317461 0.41462834876149335 8.13527505914209
0.39540451146760713 -0.0747279299684676 0.9154621831586989 7.599914375266843 0.04346032603120943 0.997090744399215 0.0626198650164676 0.5728126764993082 -0.9174783225626229 0.015026107814315938 0.3975018788781113 8.376927974000893
0.381813605751455 -0.07818548259544741 0.9209263818429734 8.201181335793287 0.04792367073388887 0.9967498535419428 0.06475377400202963 0.6148968547649782 -0.9229960412951199 0.019410300755864505 0.38431959093715823 8.603883800858622
0.3687658436069719 -0.08082044004644177 0.9260020567253281 8.823589288045737 0.0497466977408869 0.9965010994793309 0.06716267416029191 0.660277937979179 -0.9281901845272417 0.02129824422773428 0.3714961186070463 8.848012036298314
0.3587352190230692 -0.08369459899164194 0.9296796527471702 9.423287894751255 0.05239956038493654 0.9962073020417709 0.0694643608631192 0.7015966731040935 -0.9319674504530382 0.023795492394243587 0.36176020488409105 9.063675348617421
0.345466971174003 -0.08704797486936688 0.9343849431037528 10.093193926559909 0.05404955053157737 0.995881396807335 0.07279347210022637 0.7469941012699647 -0.9368731066239417 0.02535534587052683 0.34874903371993865 9.303456431800921
0.3333446621470715 -0.08930381401011286 0.938566015270797 10.739058142865558 0.05420795697565545 0.9956724117733289 0.07548473908021482 0.7883825150384586 -0.9412453631325789 0.02571531132865768 0.33674306101936224 9.536480542225563
0.3243417197335381 -0.09176344504035312 0.9414785812723608 11.375196504874518 0.05596799757170072 0.9954016155378282 0.07773806681733052 0.8307662912910626 -0.9442828136147058 0.027478972670166062 0.3279860880782707 9.74735075782749
0.31440087761857277 -0.09412229254472106 0.9446126625230034 12.06506366787638 0.05653976727839806 0.9951626138748286 0.08034069119645068 0.8789957474154562 -0.9476050563756908 0.02814899628663174 0.3182016516916268 9.966512198281146
0.30241627735728516 -0.09726451228074737 0.9482004059481043 12.782282497348252 0.05671346357856822 0.9948537331445377 0.08396209083449067 0.9333939956098971 -0.9514872454417264 0.02838422623862052 0.30637616986729044 10.19828315022228
0.29339856727658187 -0.10112785449702381 0.9506263397175979 13.529342040356731 0.0566401394798038 0.9944812231577209 0.08831189832877503 0.988607245270839 -0.9543108378928521 0.027933024031642342 0.29750726184194265 10.427613487431968
0.2814592075750203 -0.1059161757430507 0.9537098501049515 14.328116264356424 0.058739183059785954 0.9939274980781315 0.09304749828778341 1.050688325799342 -0.9577736803883843 0.02983106233631818 0.28597147563205694 10.66334779588799
0.2719678798324579 -0.10956007545473273 0.9560491944485864 15.083807906211083 0.05944935070625424 0.9935129990368943 0.09694171158650336 1.1139826331663825 -0.9604682436395503 0.030471472085694923 0.27671689928316306 10.879346116733124
0.25987994760988925 -0.11173605112974552 0.9591545588215762 15.818710922737274 0.06142028790985524 0.9931842358739598 0.0990586787945893 1.1787917644301946 -0.9636856131868692 0.03316818489742868 0.26497152761619175 11.06728616186973
0.24647783071813684 -0.11175802742790793 0.9626831370029834 16.569528941038232 0.060838830231951316 0.9931539752549532 0.09971869519449261 1.2420143155537824 -0.9672369490980428 0.03399006826570519 0.25158966504767916 11.25403064300233
0.2303863045261269 -0.1110656889036745 0.9667401736946423 17.30945734815661 0.06052840251883397 0.9931770023932225 0.09967825442758842 1.307764253751118 -0.9712149417998638 0.035550733685329614 0.23553700804570404 11.425441016310145
0.20816243504683868 -0.11088649774994647 0.9717883438548346 18.123607243663514 0.05912520584753165 0.9931624650837764 0.10066045888135092 1.3809442159340528 -0.9763055928698033 0.036503459636974774 0.21329530413413716 11.602000280596164
0.1882374186288278 -0.11061254027623232 0.9758747563912052 18.892099212888574 0.056627026337061515 0.9932068242901801 0.10165423784396321 1.4568202815497306 -0.9804897011780273 0.036125754207409745 0.19322234800035076 11.755900414739552
0.16526126460925655 -0.11024930970403168 0.9800682650354177 19.664723539759404 0.05560243635756901 0.9931932620741744 0.102349954770692 1.530033783511369 -0.9846812090676108 0.037579700374600115 0.1702665047180552 11.895839169826614
0.13660597680727488 -0.11083267452823017 0.9844058743005598 20.450244906071873 0.054000831335625415 0.9930771548396926 0.10431526614337078 1.6062873826368467 -0.989152524798674 0.0389086467564774 0.14164533134554086 12.007880236999174
0.10599659842892722 -0.11036370270021371 0.9882229375236116 21.239935759990434 0.05361524975023342 0.9930102669484229 0.10514758546558306 1.6841290062430585 -0.992919999856845 0.04183853321187104 0.11117288798516628 12.09577630680849
0.07397107544620307 -0.11046071654200015 0.9911239630330609 22.005349468493765 0.053463801552554084 0.9928567316085449 0.10666364152393822 1.75846968693596 -0.9958262408276263 0.04509923059904651 0.0793483300296407 12.160139809700574
0.04271900067682849 -0.1092981913321179 0.9930906264549583 22.807668678381 0.05175480339834628 0.9929055399597311 0.10705152517584181 1.8383172501406124 -0.9977457227702718 0.046824075952474606 0.04807263883775509 12.204188910382209
0.010758127291261299 -0.10696225088031361 0.9942048780728258 23.592182186453893 0.04908706642065924 0.9931201892132859 0.10631439078121838 1.9172504046966392 -0.9987365631673847 0.047658857136786976 0.015934576524543165 12.22062513272595
-0.018661762395475345 -0.1038893353872003 0.9944137693219561 24.38018287153442 0.05002739898230246 0.9932441372385121 0.10470598451086294 1.9938499930325189 -0.9985734815101792 0.051701932595690836 -0.01333837285842232 12.204779561316512
-0.04799140389332768 -0.1011263240998205 0.9937153977504855 25.171845191853997 0.05061663411960057 0.993337306250816 0.10353237349145922 2.0708199964054326 -0.9975644247379464 0.05526719265921315 -0.04255297771977229 12.162029333887778
-0.07790434234793397 -0.09617675016044447 0.9923109120491981 25.96032010387103 0.0532161974640255 0.9935157420670748 0.10047142176947393 2.1457276413983997 -0.9955395269756021 0.06063417347903013 -0.07228102957006866 12.095908589079992
-0.10649299361561787 -0.09482229450793242 0.9897817813917544 26.73117540146493 0.05514284347006443 0.9933472203084681 0.10109681854279864 2.219719726628854 -0.9927832135591435 0.06534548469244458 -0.10055574824687824 12.011039714638374
-0.1331531278173837 -0.09189957958123897 0.9868255731512227 27.47217267361745 0.05958872061095162 0.9931481055590512 0.10052872624487906 2.291071363087678 -0.9893024961701035 0.07218938770525356 -0.12676459826916636 11.907109426953033
-0.15895943480744423 -0.08340544036282725 0.9837557779264022 28.237629040475593 0.06287152737263176 0.9935475923677999 0.09439466481735337 2.3609067663970875 -0.9852812132236818 0.07685515088808909 -0.1526899363102846 11.779435074390454
-0.18451883344749148 -0.07169072013540159 0.980210814442304 29.028695117689526 0.06408708054399062 0.9943358955259556 0.08478781148222038 2.4349339280470605 -0.9807372972465794 0.07846379748051967 -0.17887925054184178 11.633473426415112
-0.20646620782898933 -0.05771245445214317 0.9767502125035988 29.74378575149239 0.06631502515147475 0.9951382078079984 0.07281665194063472 2.4952758364077905 -0.9762038836553947 0.07980739290187075 -0.20163520916330707 11.481677934557714
-0.22645991557087886 -0.043854203447546716 0.9730327412166621 30.477054610291045 0.06706819777306833 0.9959127778198922 0.06049459333311183 2.5448494449627916 -0.9717086824182971 0.07895915282630106 -0.2225931011910518 11.30742255078978
-0.24960400083525852 -0.033811369766715324 0.9677575285377689 31.22441477691965 0.07098713554116313 0.9960623629709426 0.0531092803604286 2.5850028792981687 -0.9657425481745601 0.08195462370873606 -0.24622097859050657 11.11030302861285
-0.27131630442853916 -0.029146761493304373 0.9620488185355733 31.977317586821954 0.07534590697302908 0.9958308371862328 0.05141923775571306 2.623412772568009 -0.9595365846353394 0.08643731834930635 -0.2679890534013074 10.895154126474408
-0.29485177250441047 -0.030196331633252114 0.9550657641266921 32.735677769618285 0.07633785441770045 0.9955614938872726 0.05504401758451573 2.6642312243054067 -0.9524888263039676 0.08913749741179165 -0.2912379479416332 10.658326988728684
-0.3172332213435795 -0.03421822253242107 0.9477300230143063 33.46791244157171 0.07804593223782878 0.995016910872589 0.06204981497715186 2.703373152377946 -0.9451306342178863 0.09365073584490541 -0.3129818268503845 10.414488875898392
-0.3386464990605302 -0.036267124092784986 0.9402144672276028 34.18602599559514 0.08380603612788491 0.9941226988544574 0.06853180233192414 2.747970839079838 -0.9371739950417842 0.10200370254245093 -0.3336167676916932 10.150580855555877
-0.3560839902725266 -0.036609989399705674 0.9337365263005132 34.91727513010759 0.08526628062423805 0.9937907709508158 0.07148122104085852 2.794750510003031 -0.9305556690817075 0.10506955909842217 -0.3507513855863713 9.866846695811295
-0.37151469344306026 -0.033261367374978174 0.9278310805293472 35.62198957419096 0.08796826688429589 0.9936009763315738 0.07084266972888817 2.844671598746355 -0.9242501915484153 0.10793878484256608 -0.3662114172843714 9.576273688413659
-0.38117479799935083 -0.030329902359309102 0.9240053411063319 36.32415642821058 0.08968658015924005 0.9935344769097803 0.06961006055843787 2.889374563657607 -0.9201424295778856 0.10940447986478412 -0.3759901183223061 9.273152221216154
-0.3911052767414207 -0.028502884502850146 0.9199044776932191 37.05670491846967 0.08640266642608407 0.9939687776066507 0.06753257271571786 2.932091681023084 -0.9162812023279098 0.10589454527102923 -0.3862837086162998 8.96364636559129
-0.4008475244309423 -0.02875945755726612 0.9156932651049681 37.78401465129741 0.08885014979033119 0.9935751852940792 0.07009994329578509 2.9782387499758807 -0.9118261418931908 0.10945887249943873 -0.39571687124929456 8.636107934147233
-0.41073071925400223 -0.027366770879567362 0.9113458926843941 38.48610122251275 0.09198236886741455 0.993206116969912 0.07128010263101818 3.0210998093195256 -0.9071050215265203 0.11310468188883634 -0.40542300237677226 8.308927518325602
-0.41885422007995315 -0.0254143938771439 0.907697775090956 39.16953637192993 0.09468131146927483 0.9929372749339083 0.07149137923751761 3.0667683564471 -0.9031038653331479 0.11588648165632517 -0.4134896997382715 7.983937293712807
-0.42589232007607014 -0.022004525309195597 0.9045062368862581 39.88581856144023 0.09728906565945836 0.992794149672047 0.0699615185660431 3.11891221756966 -0.8995279703285118 0.11779464012795388 -0.4206826040541657 7.640207338896107
-0.4263657362664308 -0.020642021141994676 0.9043153022597582 40.594745994759805 0.0988675468798784 0.992686474066939 0.06927317214119513 3.165792575607169 -0.8991315071289291 0.11894314258384991 -0.42120667340432605 7.301801822170196
-0.42530159914946297 -0.01982143191473451 0.9048346040010623 41.313613340386986 0.10311812101410935 0.9921885246723329 0.07020387900293819 3.215500728464107 -0.8991580522240955 0.12316266619958026 -0.4199354173860329 6.958303223504251
-0.4245689724177265 -0.019070022659703416 0.9051947425255598 42.05926366826656 0.10569997984837001 0.9918976604266938 0.07047372205372637 3.2636612715452955 -0.8992044828181243 0.12560002179860522 -0.41911326942006977 6.609718736934077
-0.4178579540303035 -0.018767498843103116 0.9083185075956468 42.823529400558385 0.1067594254664879 0.991845442355552 0.06960634707111768 3.3161706331274545 -0.902217909004069 0.1260571277861494 -0.4124468998630397 6.255120020796567
-0.4087478465984181 -0.017455045946452905 0.9124804213089523 43.53596962752939 0.11025715010235902 0.991549599181988 0.06835753955010848 3.363893108937749 -0.9059627800039369 0.128548487867598 -0.4033692198402007 5.936179768345434
-0.40104121347130794 -0.017470025852157435 0.9158934126273568 44.280090088698266 0.11204939512345538 0.9913751263786903 0.06797272872338883 3.413833494325935 -0.9091814330208952 0.12988516849263654 -0.3956247778586559 5.610462041343496
-0.3964956433278789 -0.01793167197412998 0.917861460113793 45.06155262621225 0.11266255533718245 0.9913014203681052 0.0680341282083759 3.464077784193802 -0.9110973347820243 0.13038385297416866 -0.39102646641461825 5.279944742813224
-0.39288105773033527 -0.018381599578060688 0.9194055640867338 45.8431683294287 0.11330602703695677 0.9912142507719424 0.06823527902572113 3.514367254133757 -0.9125821709379347 0.1309825403004898 -0.3873465572618882 4.95031706135853
-0.39031988193668854 -0.0190937660454652 0.9204812968567752 46.620095423277235 0.11555266926410612 0.9908632722405285 0.06955254381208956 3.564007069917623 -0.9133991298391245 0.13351181154861758 -0.38454729980346614 4.619847579050965
-0.3915133508271128 -0.018568584272946546 0.9199850562928861 47.44205291092236 0.11860377000017461 0.9904382588560983 0.07046418335471145 3.621520340491006 -0.9124968174552018 0.13670136455865828 -0.38556749741378493 4.268474828956246
-0.3935369377600689 -0.018638471942997954 0.9191198431010278 48.25440535121612 0.1200280846559301 0.9901944422435118 0.07147185070984109 3.6743449938988317 -0.9114394864785357 0.13844700760107098 -0.3874409484993196 3.9164914229181114
-0.39416013897256424 -0.018778293889521076 0.9188499118592371 49.11609347326952 0.1226678906169898 0.9897705086752715 0.07284867032604495 3.733007870199344 -0.9108185183979888 0.14142742250105997 -0.3878245875495772 3.5508577162754156
-0.3944463374831952 -0.018148040038745247 0.9187397539504023 49.92542665374594 0.12677492253510186 0.9891697757331979 0.07396805926989211 3.7929870613178145 -0.910131971673511 0.14564959120672963 -0.3878736788169576 3.197626546540742
-0.3954045463756345 -0.017694409919025544 0.9183366226842401 50.734884704659386 0.129392590939338 0.9887709360401645 0.07476358373073136 3.8454661259945797 -0.9093474595090064 0.14838781587406163 -0.3886749978898073 2.847915936557753
-0.3945916092493376 -0.018273858512692268 0.9186748761150901 51.589225007192375 0.13106533015625293 0.988459577782729 0.07595750338591688 3.9053827586234404 -0.9094610168341745 0.15037861943989 -0.3876427861760133 2.485131806619643
-0.39531260437054344 -0.017510040446827767 0.9183797380764281 52.46497552040437 0.1336752123541654 0.988077533021749 0.07637883437002145 3.9623181721419534 -0.9087677824548178 0.15295812244272888 -0.3882588445237895 2.110546806384769
-0.39631751475784244 -0.016323427725043152 0.917968394446929 53.33366385978905 0.13596017612043187 0.9877746427666731 0.07626326518365507 4.022660915787314 -0.907990780793213 0.15503161230689905 -0.3892530554537175 1.7345944229653927
-0.39767344402067994 -0.01774243885511894 0.9173554587967544 54.228306658808364 0.13842438425924783 0.9872091034666046 0.07910041640289286 4.077380206233995 -0.9070250943403823 0.1584404995452088 -0.3901308579703553 1.3483472828828704
-0.3979097428006788 -0.01911172889558497 0.9172254784963834 55.194602503457006 0.14328184790220028 0.9862199289005833 0.0827077015824966 4.144070702041501 -0.9061667333587282 0.16433196176626816 -0.3896881544209696 0.9302572199015449
-0.3954261371028641 -0.020163334418443687 0.9182764344362959 56.122274070793324 0.14636406960332682 0.9856007244945253 0.08466859515203587 4.212951449136068 -0.9067611202654531 0.16788285147982465 -0.3867810995303981 0.5287525760667193
-0.3946884616486918 -0.019959013694368963 0.9185982016168646 56.971791398239475 0.14984370323980378 0.9849812212046045 0.08578378910766367 4.271770342044676 -0.9065141382464872 0.17150402807699444 -0.3857699904251168 0.16900742045726141
-0.3951915513696729 -0.019665333567872686 0.9183882144178985 57.84713626322082 0.15227583281028295 0.9845360344985928 0.08660754883796551 4.333704133399205 -0.9058894570906355 0.17407490177923446 -0.38608576780630477 -0.20503229037621862
-0.3934181149132956 -0.01953011041252957 0.9191521972150986 58.760339905475945 0.15380371407082194 0.9842863517694018 0.08674557774608654 4.400339170061978 -0.9064031136288587 0.17549630340196887 -0.3842322775303426 -0.5960878585223899
-0.3922568283711712 -0.018072891146490827 0.9196781780611066 59.640281229323065 0.15429331870449872 0.9843488565612648 0.08515221893575259 4.45967467426721 -0.9068231097625058 0.17530173756166095 -0.3833290341319336 -0.9674905234285023
-0.392995968104593 -0.015554042716190236 0.9194086364662434 60.53807997897435 0.155352146248924 0.9843613166366472 0.08305726316957174 4.52479908923878 -0.9063221721382452 0.1754732745022714 -0.38443367467752326 -1.3444287934582118
-0.39812467930292855 -0.014950468937415584 0.9172094761876872 61.43608727462601 0.1551075889063775 0.9843733296349328 0.08337136059274826 4.587325423508121 -0.9041229869843983 0.17545834657259035 -0.38958438498536135 -1.7257227100824641
-0.401823459267785 -0.01651379104251363 0.9155682401041851 62.32842249174058 0.15624536416352075 0.9839391686029031 0.08631974667732074 4.650774378716837 -0.9022889192268069 0.17773859230463213 -0.3927896371419291 -2.1169589657175916
-0.40413487330071957 -0.019007802396787524 0.9145018904465185 63.20491410780749 0.16000619316038173 0.9828996334849227 0.09113906212775824 4.718922782736809 -0.900595926224705 0.18315843945406785 -0.39418265274389813 -2.5072712705410876
-0.41058345367289567 -0.019153923322611482 0.9116218266317391 64.05539975684174 0.16151922974883023 0.9824409308084103 0.09338819997006413 4.793152271971268 -0.8974033463228124 0.1855881049357841 -0.40028026345919515 -2.8906154202936545
-0.4160974189492222 -0.016654615295707415 0.9091675102714283 64.8906929114799 0.16486303214632916 0.9818804858536654 0.09343924299398165 4.8590402000322435 -0.8942500313532642 0.18876794031064148 -0.4058122055034375 -3.269590078789806
-0.42214776772968765 -0.013960963667514065 0.906419524113595 65.70983675677172 0.16732321204943737 0.9815016889947991 0.09304502786186872 4.930255830817462 -0.8909512921087779 0.19094377704924362 -0.4120027537479185 -3.6471345221559197
-0.42803840717245 -0.011211573604137812 0.9036909995139882 66.52271650851458 0.16879527875778721 0.9813363363319972 0.09212572313732048 5.00242435210707 -0.8878576889650464 0.19197212196517577 -0.41815718161217197 -4.025195935090141
-0.4321605452455444 -0.009831116120711275 0.9017430966128298 67.33556944204456 0.17064019898133784 0.9809844094987088 0.09247437921975651 5.074884829321646 -0.8855050455105739 0.1938373995809142 -0.42226517367529365 -4.408681790954508
-0.4336433354610677 -0.01037335066655938 0.9010248893377745 68.1754226803919 0.17319698403323003 0.9803293580435106 0.09464224468910072 5.148662504233441 -0.8842829085377558 0.19709577203468154 -0.423316659622628 -4.807700892067561
-0.43647847146465146 -0.01579416458702909 0.8995760603266849 69.05022472671924 0.17660058280641672 0.9788917925865174 0.10287415885045598 5.227579102712501 -0.8822124336577419 0.2037680121406516 -0.42447593468644595 -5.22549695012771
-0.43737556421581586 -0.0225363567952125 0.8989965119227639 69.8868104160976 0.18068057299850693 0.9770983555599759 0.11239810542407877 5.310725838325877 -0.8809410572608296 0.21159138967450916 -0.42328706269833244 -5.629047185471341
-0.4369256271516246 -0.024343993278663073 0.8991681524216747 70.70016453699515 0.18227021855704306 0.9764993654006722 0.11500676849321614 5.391799665702866 -0.8808368542274599 0.2141409801120114 -0.42222041266539895 -6.0136638309210895
-0.4380593418266169 -0.019632537297952335 0.898731648779365 71.51041589236047 0.18137032379595225 0.9772713957045356 0.10975165048353773 5.476279080677785 -0.8804594361380783 0.21108098591998686 -0.42454210474164233 -6.396256140271439
-0.440588480227908 -0.013918480342339973 0.8976012850901133 72.34533984908313 0.1805762210859831 0.9780681587004671 0.10380224137553362 5.563991851733213 -0.8793600056113361 0.2078195198753916 -0.42841221701766774 -6.797903049199833
-0.4391763028400745 -0.010481478875502631 0.898339754004188 73.16604747432655 0.18625128456373455 0.9771455902407089 0.10245464592440272 5.640820695089199 -0.8788826053700696 0.21231258576381745 -0.427186998753707 -7.197018194001004
-0.43559143505263975 -0.010183835298853097 0.9000868798107148 73.97616108744364 0.1901229312692081 0.9763364509552093 0.10305535183478091 5.716174074521835 -0.8798371285154919 0.21601718458213537 -0.4233476151472 -7.584432965930924
-0.4346254650272909 -0.011960762468191055 0.9005318680152249 74.82721347994622 0.19177125436837872 0.9757512093573377 0.1055147545875526 5.804130560927006 -0.8799570961971893 0.2185555252078345 -0.42179259269614716 -7.989751268287464
-0.43366521547482645 -0.015721038714278948 0.9009369177855444 75.67418786827135 0.1929154129936 0.9750442960054646 0.10987385611107406 5.888697805151849 -0.8801807338931484 0.2214530870612383 -0.4198099640484568 -8.383469124285075
-0.4319288027833241 -0.020375872054549396 0.9016775106234941 76.524583246085 0.19310549592601478 0.9744714299070563 0.11452379551021374 5.979268678814046 -0.8809924952968285 0.2235850087392131 -0.41696758518828986 -8.774890719788305
-0.43092120844679205 -0.022750520731648696 0.902102724703343 77.35375539905743 0.19084383530841986 0.9747724745331128 0.11574650498984798 6.068151380781263 -0.8819781985035283 0.22203836762827953 -0.4157083360547872 -9.148123017713917
-0.42888610976098746 -0.02421762680245139 0.9030338927228276 78.17210972741984 0.18993829330117823 0.9748770796422068 0.11635344569937678 6.154698218479186 -0.8831648484806909 0.22142309306018515 -0.4135113834802359 -9.516467596669155
-0.42505661433488573 -0.02302836502403728 0.9048737862345687 78.9560288285022 0.19594398023166254 0.9736317406082371 0.11682118939279884 6.236691222978615 -0.8837040405142086 0.2269601905279735 -0.4093363417708815 -9.8793607754278
-0.4224045978011313 -0.01998066689413569 0.9061871377960132 79.73449861428507 0.20272792122423758 0.9723475779819684 0.1159378175950348 6.316773035271353 -0.8834453835481649 0.23268210189669902 -0.40667344853625537 -10.241621074573436
-0.41754331739627737 -0.017154127325481883 0.9084950819973726 80.50892703023452 0.20630432990855568 0.9719214506382304 0.11316897653623949 6.400452572456481 -0.8849271730253815 0.23467941900596923 -0.40228033600503943 -10.59406028963103
-0.4118656957916986 -0.016815233226258067 0.9110894009709295 81.32918514562807 0.21129082763958024 0.9708187499181271 0.11343342083701262 6.486374361313809 -0.8864100827412794 0.23922416838386573 -0.39629403537732766 -10.957931400979671
-0.40447018798255535 -0.016692643907680202 0.9143988312944894 82.15332385758443 0.21646023645004858 0.9696773442444939 0.11344961037806511 6.5657197470702195 -0.8885656042574154 0.2438179724678169 -0.38859228406176255 -11.316295283872371
-0.3918009267007086 -0.01693368291179878 0.9198941701193182 82.95320132289741 0.21646831966839633 0.9700666384874073 0.11005536549248006 6.6476898834296865 -0.8942222880338018 0.24224773946682154 -0.37640740203509276 -11.638905320629553
-0.37922244791523085 -0.018257984153886353 0.9251253866432466 83.78439762024482 0.21712782860184315 0.9701335247327577 0.1081501282303662 6.731132877779511 -0.8994697554914389 0.24188342275615432 -0.3639320935998074 -11.96822887699933
-0.36683244645144186 -0.01960089153886997 0.9300805133327605 84.61425821906471 0.2217290126470145 0.9691228418554834 0.10787568004203633 6.809176299124422 -0.9034767297396376 0.24579813352593455 -0.351159616661906 -12.288410341575544
-0.3530532332660418 -0.02003217496027404 0.9353887568528683 85.37435177923071 0.2259083813672053 0.9683637182941629 0.10600524666049284 6.878365480772786 -0.9079200502844085 0.2487376550863652 -0.3373585055007406 -12.568974937790038
-0.3402717384651226 -0.020504998998045143 0.9401035522845415 86.14100366194567 0.23008723594101793 0.9675555865740207 0.10438414988122145 6.947885613394599 -0.9117428408597162 0.2518248039917695 -0.32451388296274986 -12.845240627895988
-0.3260835863973396 -0.02014263885421659 0.9451263242457263 86.93423140868352 0.2351597728012766 0.9666177984004052 0.10173452251623276 7.0150727603259835 -0.9156251284987219 0.2554296496406447 -0.310461460001329 -13.11617699491806
-0.31494170786944004 -0.01583309214761834 0.9489789427786719 87.74350486610635 0.2392965192477316 0.9662348520521944 0.09553735685895065 7.080441264555424 -0.9184491801510852 0.25717605618081846 -0.30051885066844014 -13.381056902535319
-0.30391322228569534 -0.00909613784170675 0.9526562935268368 88.58096007713422 0.24167966297826615 0.9665083424403969 0.08632823695540547 7.144498091429552 -0.921535508715013 0.2564739446210504 -0.29153631318907963 -13.647385061358914
-0.29107364369594435 -0.005316646550960272 0.9566858769810596 89.43404444511776 0.24304900385630596 0.9667654260872582 0.07932082101680428 7.202588756890881 -0.9253125502607344 0.25560974979795803 -0.28010772952241336 -13.900287650427794
-0.27820903535424113 -0.007148129637630937 0.9604939546347735 90.30447860306731 0.24488221476955974 0.9664003009394175 0.07812271906275799 7.259763813614007 -0.9287800781330411 0.2569423331934367 -0.2671108456732806 -14.145625747785576
-0.26555419423813387 -0.010526254990583392 0.9640384680490757 91.17326445822762 0.2463722100585966 0.9659979689203211 0.07841337993389247 7.309021105418459 -0.9320846013283226 0.258335289880588 -0.25393143556663933 -14.382056224525826
-0.2559743123274858 -0.010418909869784485 0.9666274348194325 91.98826675563916 0.24794030446322934 0.965784327174547 0.07606733074512825 7.353079419794095 -0.9343461654286124 0.2591371831697121 -0.24463271131987896 -14.589916665702036
-0.2499304272566385 -0.004979183268427542 0.9682509949725296 92.82002007780915 0.24857312329910974 0.9661429737705264 0.0691314444169197 7.3962344460669955 -0.9358131137703937 0.2579592253977816 -0.24023083508895526 -14.803205057633313
-0.24291753302080604 0.0006031589190226561 0.9700467557547957 93.59290087034309 0.24992938397467315 0.966277924340655 0.061986094875838976 7.428622799219657 -0.9372973781981503 0.2575006973412587 -0.23487659673036704 -14.994867832714787
-0.24132833021291666 0.0035500959346466826 0.9704370324011241 94.44826602330231 0.25142795757568576 0.9660766259936824 0.058990972682114465 7.464379133654578 -0.9373071103891001 0.25823119394743466 -0.2340342523788298 -15.202684317216924
-0.2377324021629656 0.0031206188782494926 0.9713256748895517 95.32522097268209 0.25284339927954197 0.9657199479753449 0.05878092822730509 7.500354653410548 -0.9378451473471473 0.25956741671541556 -0.23037195093390544 -15.413574454514587
-0.2351788177565321 0.0022712454230857937 0.9719494663421903 96.17476108179086 0.25386921047098276 0.9654269156072048 0.05917173815259365 7.53334714361533 -0.9382117818773542 0.2606639830613109 -0.2276245599251822 -15.613003005529006
-0.23280466256285226 -0.0005244085947454513 0.9725233745697953 97.00486744495647 0.25445863146810416 0.9651304366717728 0.06143325712619213 7.570173833333753 -0.9386441253000927 0.26176891565917265 -0.2245534253451612 -15.808798394208289
-0.22838910453713007 -0.0033369405293106336 0.9735642155279909 97.89577730539008 0.2564963433713504 0.9644585254844911 0.06347738540147946 7.611789105148669 -0.939174128032632 0.26421320453032904 -0.21941590595478783 -16.012718186100177
-0.22528318667932512 -0.0056627189506978926 0.974276869998305 98.68968228844572 0.2588859480157928 0.9636869687758817 0.06546367031810442 7.651103909836119 -0.9392686259636126 0.26697445538035774 -0.21563647292327148 -16.193198837432675
-0.2195603901040804 -0.005167817025297311 0.9755852237321644 99.4896918891805 0.2592364773945268 0.9637275887368069 0.06344748612527801 7.686810570241041 -0.9405262802736675 0.26683783160326685 -0.2102567186556606 -16.36728923893922
-0.21531063488826474 -0.0028820818789934144 0.9765413581144707 100.28127435716046 0.2598007412862043 0.9637885827527773 0.0601260557706193 7.721714950800504 -0.9413526997524101 0.26665194797607544 -0.20676516464195127 -16.535954325686497
-0.21217885809244713 -0.0005117148053218612 0.9772307149934161 101.0927321183192 0.26420529370307216 0.9627287961847835 0.05786905715381235 7.7510232831274335 -0.9408377622937223 0.27046811853628117 -0.20413549886677124 -16.711121229623142
-0.20644311124906228 0.0015583409813756388 0.9784573641151633 101.92053976008121 0.26414585108941363 0.9629587434583953 0.05419804193214002 7.782176881830049 -0.9421296148460978 0.2696442655989822 -0.1992078283088516 -16.885549616943532
-0.19978879985638548 -0.000781782690109839 0.9798386725720571 102.71485905820363 0.26680057940185053 0.9621714587104966 0.05516824153217563 7.809504766251494 -0.9428159344658862 0.27244352232846547 -0.19202250091715017 -17.048313494355945
-0.19196415123874738 -0.0036097907221787906 0.9813952995863234 103.53337396391625 0.26908919028345724 0.9614758436393842 0.05617125395188956 7.83946114340711 -0.9437906400848554 0.2748657336025653 -0.18359753859826916 -17.207267394924248
-0.18606028632480798 -0.006321067459178681 0.9825179967608264 104.31924002711287 0.26925618230080806 0.9613699647381088 0.05717428785950825 7.865838226806344 -0.9449246944310032 0.27518690921921485 -0.17717078441111878 -17.35199369281012
-0.17960891464299172 -0.003165195515764996 0.9837330020478697 105.09657181873847 0.2710683088645022 0.9611227367986854 0.05258380680346672 7.892215102068991 -0.9456545932369312 0.2761033617070833 -0.17176822739942982 -17.48870736500563
-0.17463490182996094 -0.0006322332488541693 0.9846330541597511 105.88089089254812 0.2754873177519944 0.960030607224365 0.04947697393969436 7.916631909157452 -0.945309149866144 0.2798943255472261 -0.1674806786044643 -17.625969193485588
-0.1679859059367917 0.00011864327822430631 0.9857893899461325 106.69371546454619 0.27732423895642405 0.959619111045461 0.04714263679048575 7.941813938371232 -0.945976744901182 0.2813025908876276 -0.1612353883800713 -17.75868129282074
-0.1613685732766158 -0.0008946015894071846 0.9868938054556154 107.52030728485734 0.27991216765201216 0.9588921033580401 0.04663810156884625 7.964026118976165 -0.9463663994241457 0.2837695082379191 -0.1544846407750241 -17.89365020606725
-0.1552531800905696 -0.003510798145550248 0.9878684752375423 108.33923393642867 0.28425712176652573 0.9575419101526439 0.04807680341117844 7.986531390043301 -0.9460942547107957 0.28827272607308474 -0.14766345724523905 -18.02955008486824
-0.14739628673507393 -0.0043924585080674095 0.9890677635859774 109.17911156687921 0.28900097591482676 0.9561588488067283 0.04731481553244969 8.012722742355601 -0.9459137225862567 0.2928155770392807 -0.13966483904749788 -18.167499661879457
-0.14186830746284712 -0.005272629630416886 0.9898714980816488 110.06601954182143 0.28973447886182624 0.9559711332363829 0.04661677999832309 8.036901531977971 -0.9465343707950036 0.2934133463145917 -0.13409434405738524 -18.299234741016246
-0.13540746844312396 -0.006553953534017609 0.9907683196302245 110.90686910871506 0.289078713937961 0.9562075034166917 0.045833476385633065 8.061032685803477 -0.9476804918525016 0.29261622665650616 -0.127583028885151 -18.41668269623907
-0.1310803387671341 -0.007597933664492185 0.9913426330955023 111.73737499552813 0.2899146803684981 0.9559626422408186 0.04566075718584155 8.087442949461067 -0.9480334503041151 0.29339001012983174 -0.12310515448384873 -18.528457339654636
-0.12627929293197965 -0.008835798777239556 0.9919553764341253 112.53348733051781 0.2929820546204191 0.9550201419522302 0.04580441175192643 8.106646767093038 -0.9477420829777461 0.29640927300863984 -0.11801053778155818 -18.630969479098628
-0.11926858696925241 -0.009242411243486626 0.9928190076729819 113.35726692832748 0.29661859549433306 0.9539580335826088 0.04451380651181938 8.12845462826212 -0.94751908316895 0.2997976784393247 -0.11103575565134033 -18.735429216017973
-0.11436150776987414 -0.01012503155501765 0.9933876027395403 114.15810704959432 0.2989861343155157 0.9532362320851115 0.04413589613051774 8.143571597239664 -0.9473799327765315 0.30205656684831295 -0.10598628871766974 -18.829149371428404
-0.10841205842094137 -0.01112748056107471 0.9940437640090589 114.96857337028072 0.3021086406271559 0.9522755261370527 0.043608388858244085 8.162287168611064 -0.9470887998743025 0.3050368854692212 -0.09987644194649148 -18.92053692402378
-0.1031511334543253 -0.013585195043449683 0.9945729164534494 115.79583187252888 0.30499054995304214 0.9513092461061556 0.04462603177831548 8.18410672946894 -0.9467526646946547 0.30793856651704044 -0.09398527089390857 -19.006605561257565
-0.10019605447474111 -0.014422220524866358 0.994863181660085 116.62913879827856 0.307406908202445 0.9505258400022405 0.04473947113510496 8.203621233087292 -0.9462884039536301 0.3103105332455981 -0.09080544862355056 -19.090784894905116
-0.09469010547863826 -0.01356589722078455 0.9954143611366272 117.47182989240729 0.3083611023045376 0.9503291185020415 0.04228471488213348 8.217500201451568 -0.9465448824593449 0.31095101376218076 -0.08580356944962847 -19.167735439168325
-0.0921784487103155 -0.011724367258602153 0.9956734770022476 118.27818786416368 0.31303383075124236 0.9488927693799445 0.040153866858150034 8.236152067805255 -0.9452581416727192 0.31538080384012734 -0.08379733987778387 -19.241628008519672
