1.0 0.0 0.0 0.0 0.0 1.0 0.0 0.0 0.0 0.0 1.0 0.0
0.9999207017396585 0.0014327386953467136 0.012511494407143966 -0.0017805250827223063 -0.001430376685544482 0.9999989574614423 -0.00019773357355959217 0.005698692984879017 -0.012511764663970838 0.00017982174372989886 0.9999217086397986 0.2294127345085144
0.9994518128552556 0.00281596323410706 0.032987029745151705 0.011997934369974657 -0.002756652680702436 0.9999945014711804 -0.0018433375718118277 0.013984589431908539 -0.03299203913584825 0.0017513932938761523 0.9994540799732567 0.4440470309756168
0.9985516636636997 0.003653501389195338 0.05367706141413583 0.03068423109442926 -0.0035154865762861867 0.999990268449837 -0.0026654004868389668 0.01839582979098104 -0.05368627709750149 0.002472839101607201 0.9985547900431844 0.6927888863912478
0.9969533418643256 0.003583498701149174 0.07791785856023006 0.060240453017619044 -0.003337942582834153 0.9999890449315705 -0.0032814868823723416 0.016639805601115935 -0.07792876416873848 0.003011403975613612 0.9969543816851546 1.0149288868056607
0.9940489385566935 0.001787967965982991 0.10891974533969345 0.10948418412475341 -0.0014502185948139141 0.9999938920975701 -0.0031800367262971307 0.025742722397875527 -0.1089247658723135 0.0030031546923129458 0.9940454599471574 1.3369942771161916
0.9897426841356315 -0.0003996533278501474 0.14286097954729748 0.16586475599082534 0.0008834660783818681 0.9999940879550431 -0.003323182608597236 0.027233084869141954 -0.14285880682577523 0.0034153085042603207 0.9897371858125452 1.656523782723724
0.9838248702520546 -0.0013782203850915948 0.1791276784366348 0.24472005972703123 0.0020435673508814923 0.9999916817714175 -0.0035299037458166893 0.03608342887745162 -0.17912132342636017 0.003838866570022651 0.9838195030580797 1.980625414777343
0.975356955280682 -0.0016225095058200146 0.22062678270894812 0.3352274060439989 0.0023924152101689744 0.9999919459976991 -0.0032224663221001 0.03581172447872146 -0.22061977729809276 0.0036708858111416235 0.9753529814699403 2.3173973387847306
0.9656362863310393 -0.004875092626950036 0.2598514883403171 0.4509529577868361 0.004680374193901726 0.9999881111677046 0.0013680718737577426 0.039509366567540755 -0.2598550684866554 -0.00010485764333439767 0.9656476233008967 2.7129563740866853
0.9543632575550087 -0.0063504543128636605 0.2985807166563383 0.5851033018664813 0.005841303033423515 0.9999795655631032 0.0025976210461522266 0.036670305473748714 -0.29859111140130085 -0.0007349736375728527 0.9543808506072867 3.072705711392148
0.9432989436736664 -0.007884929087943436 0.33185076579303446 0.7121588790978106 0.0064818912648009165 0.9999647629599995 0.0053345968904334904 0.03824418788259326 -0.3318811352725198 -0.002881099031659372 0.9433168138640344 3.389784124165834
0.9310432447773263 -0.011093117984936356 0.36474020766551074 0.865358026872901 0.00910132157300062 0.9999328081775941 0.007179489932834245 0.03250536043125066 -0.3647953430351496 -0.003364797682345304 0.9310816483189991 3.745786721721269
0.915248780034526 -0.011306017143301261 0.40273048633256864 1.0426743353731727 0.00861955016896317 0.9999268726797591 0.008482490657918632 0.03354372826836682 -0.4027969389161202 -0.004292233594799778 0.9152793031258661 4.090404016524292
0.8985730763536969 -0.011623326451596076 0.4386699496597108 1.21956016507388 0.008159569819905194 0.9999188782772925 0.009780505356849588 0.034693491267109765 -0.43874804600431855 -0.005209140704655439 0.8985950239014857 4.417283757429068
0.8781245538703781 -0.01454267237261907 0.4782110188715983 1.4171947806655254 0.010469139252321992 0.9998826637121446 0.01118284092803632 0.03967973039833988 -0.47831753575764385 -0.004813469452373757 0.8781737672571222 4.7567271997949625
0.8593182001967122 -0.014837831074999362 0.5112260454824981 1.6190318091808984 0.010259854950637278 0.9998780382861141 0.011774715686773888 0.038697599436473024 -0.5113384067201242 -0.004873122418148206 0.8593656302708543 5.0625292892662275
0.8349004070644331 -0.017373619370234263 0.5501267741472162 1.8772834702893932 0.012925394431487077 0.9998449344400222 0.011959985510794562 0.0386688855778767 -0.5502492566668622 -0.0028747912282727243 0.8349955036483487 5.4026536004501
0.8086764928863439 -0.019797011911956396 0.5879204097260115 2.14628652235305 0.01428734144259596 0.9997997175629131 0.014014158398642996 0.03727448137808678 -0.5880800980542923 -0.0029331008297418778 0.8087973758562629 5.735449958669764
0.7816470772689892 -0.019049835005949464 0.6234299883572278 2.422560937061462 0.013216353949171858 0.9998149214283552 0.013980374726824452 0.045127608290595936 -0.6235809286573295 -0.002688247655690361 0.7817541805065097 6.054673888206796
0.7508585943050503 -0.02068938832197668 0.6601388646103988 2.7348496921705276 0.015192985612705103 0.9997858151070061 0.01405336610892533 0.04822099331118826 -0.6602882283869796 -0.0005226104493886354 0.751012105316487 6.373978499893282
0.720222948091149 -0.02137230750948374 0.6934133900600815 3.0666272205431038 0.015977847770565254 0.9997712347487672 0.014219231679192838 0.05111066733468244 -0.6935586589636923 0.0008382366288722399 0.7203996695833773 6.698460366110748
0.6887061381266261 -0.02266954162154338 0.7246861025225876 3.4400605586788777 0.017771074135476392 0.9997385970112664 0.014384942475255283 0.05049449745171815 -0.7248227674616606 0.0029714522735716144 0.6889289703885342 7.023312861287898
0.6587727476584583 -0.02369126106118616 0.751968876411688 3.870996867457723 0.01799990224521287 0.9997142826326899 0.015727575126806333 0.05177556752546114 -0.752126631932209 0.003174468386561903 0.6590109652265087 7.383797686805552
0.6307887444379484 -0.024161591275816238 0.7755783502634774 4.2913228918344295 0.018973049665758187 0.9996965243605771 0.01571249718418778 0.05821298366898838 -0.7757226200625953 0.004803820188437149 0.631055734491669 7.712127683145343
0.5975549967467799 -0.02369226037220789 0.8014778241856799 4.760027858445569 0.019121639159957585 0.9997001618455256 0.015295401984473319 0.06519743055373328 -0.8015998932003374 0.00618572586571385 0.5978288618130794 8.05027080984487
0.5720468165167943 -0.022296513265616772 0.8199178649164789 5.210159832730894 0.020419360505366326 0.999707769351334 0.012939305048267617 0.06902320972139869 -0.8199667611736179 0.009340310207718656 0.5723349274469196 8.35558656431911
0.5527882696072524 -0.019872772273402388 0.8330847507347552 5.684961137550216 0.020767063999369055 0.9997336444164806 0.010068230956232714 0.07671240116721859 -0.8330629376208414 0.011735124367105025 0.553053730498785 8.670266859289761
0.5270526739615027 -0.020187244524979893 0.8495928166060013 6.268592941321234 0.02242451416502811 0.9997000862048987 0.009842703204933195 0.07927334038709347 -0.849536709056467 0.013864083107317913 0.52734729274464 9.022269700937475
0.5092794149078645 -0.020499065540589022 0.8603570571937361 6.846632253392112 0.02491065602319384 0.9996485149584831 0.009072252079482365 0.08437184977236904 -0.8602406272477471 0.016811747477945033 0.5096110559820504 9.369572784381916
0.5000202799812883 -0.020352159029699134 0.8657745140798868 7.478676440278855 0.02737209142337993 0.9995957387643475 0.007689450908155806 0.08826909309249642 -0.8655810119327622 0.019853177755428553 0.5003752223226757 9.736915353203749
0.4899405341238242 -0.020905077898234148 0.8715051639207486 8.113212159356893 0.02829358428690991 0.9995670729075543 0.008070926044995718 0.08402519059907872 -0.8712965890617624 0.02070373099450985 0.49031990517645274 10.098187259804241
0.483455848135946 -0.021248704962803813 0.875110813234848 8.725438530329875 0.028623690042863626 0.9995544812040708 0.008457155147635592 0.08424673622416112 -0.8749006385135876 0.02096023955647516 0.48384867581326707 10.442838340661565
0.47371701175752673 -0.02309166471801031 0.8803743339012506 9.424189788596953 0.02765752829983254 0.9995531836775354 0.011335525062711451 0.07881152614604307 -0.8802427244231352 0.018979146994909837 0.47414400563487286 10.824829203953914
0.46234883965162893 -0.022631431586707634 0.8864092558052 10.080331565870113 0.028364565496191513 0.9995401076288359 0.010724955270181469 0.07847253128052042 -0.8862443240421937 0.02018394276823295 0.4627781396709703 11.162445452486564
0.451128075843186 -0.02225715156273107 0.8921816397967054 10.735713381688328 0.028734101795158885 0.9995329247405481 0.010405947992914822 0.07521724951186845 -0.8919965305874514 0.020941622762322382 0.4515569043387893 11.488988266274784
0.44400566268532704 -0.021542192735929958 0.8957649833720294 11.468181044741046 0.027722441585306984 0.9995626215505758 0.010297175898763142 0.07784239280193875 -0.8955950188204003 0.020260788016976856 0.44440866635678733 11.847342112329668
0.44037512629375214 -0.019729024644481633 0.8975970776068402 12.172810651850726 0.02691572126840258 0.9995992725654081 0.008765742142528416 0.07047885550757596 -0.8974103253753903 0.02029925794912401 0.44072967682736247 12.211513018821295
0.4341494005959742 -0.0207280213042867 0.9006023801295252 12.895356459516861 0.02739820976518236 0.9995765765451903 0.009798251061327265 0.06899918363797602 -0.9004241423150646 0.02042098810064713 0.43453348223258215 12.564029884251639
0.42497780079564323 -0.023622091753801783 0.9048954998297173 13.700452935799575 0.0275850052086061 0.9995331280414097 0.013137482079760584 0.056530918939033295 -0.9047833643024942 0.019378408833798145 0.42543100610149515 12.951299825927572
0.4146767802796395 -0.022569129220924418 0.9096888491693854 14.477614414264519 0.026884986749514173 0.9995598330950506 0.012543426584196656 0.04902379793515929 -0.9095715284596314 0.019255504906491017 0.415101024024762 13.304374551795007
0.4018979471041925 -0.02378631284103567 0.9153754701950803 15.269424922981653 0.027765919271073178 0.9995194379549628 0.013782121651893537 0.042560791804922615 -0.9152634013443715 0.01987723500952099 0.4023652590469366 13.646848332039148
0.392355392127362 -0.021996649193839014 0.9195506477039901 16.05332842024754 0.02681409374097818 0.9995626618235804 0.01246954149153404 0.03494326600808455 -0.9194227812303948 0.019764425425552738 0.3927736203491315 13.981053358840256
0.3775038833622577 -0.022879667609598895 0.925725304210968 16.80074207296927 0.02616376227178652 0.9995591393981405 0.01403511273322489 0.028939636482447684 -0.9256383071103963 0.018922147228133557 0.37793607495722936 14.287625123771516
0.35682889942577556 -0.021461337162338882 0.9339232021648216 17.622985184516832 0.02588012162380242 0.9995794525185712 0.013081949679267468 0.025400396539707208 -0.9338111992471108 0.019502028352920208 0.35723425794679176 14.604262724174548
0.33333451556707816 -0.019800304235176397 0.9426006835791367 18.4051965460637 0.025257342096629304 0.999608162619312 0.012065980899091182 0.02202701954963746 -0.9424702474889461 0.019785580027834707 0.33370400570129055 14.890862321636444
0.3079941940214962 -0.019125303181436036 0.9511959836055173 19.214136143001692 0.02358456872407736 0.9996441597665771 0.012462823222440397 0.016800702243426252 -0.9510958650773058 0.018595069851782768 0.308335659322854 15.159905216122947
0.27947845926965514 -0.01980846539098185 0.9599476108117123 20.041876709896012 0.024299938624730497 0.9996128492845884 0.013552288662135531 0.008771952353718034 -0.9598444164483609 0.019539095270810023 0.2798516034774576 15.40847708214232
0.24850535109242627 -0.019674141679352764 0.9684306989287415 20.815409320202637 0.026338287126340457 0.9995612768437719 0.013548005967621811 0.008712231434549566 -0.9682723713447989 0.02214005383076162 0.2489145092329706 15.60488411994509
0.21464547881012425 -0.01915021014082204 0.9765042692574031 21.622738410516 0.028763506136201395 0.9994980433407815 0.013278632184899917 0.005270997537144091 -0.9762683950334177 0.025237488177540807 0.21508856326955944 15.78702985987502
0.1778153106289172 -0.019018395251323626 0.98388008209741 22.467773879584644 0.028920388308496924 0.9994823618220161 0.014093244721159467 0.0024417818164148824 -0.983638819102839 0.025948199335390613 0.1782732860111783 15.94790908337114
0.14817594292683878 -0.0172965128602588 0.9888097494364714 23.308593406612328 0.026874758974164928 0.9995482249221064 0.013457094231189686 0.0011961036217119402 -0.9885957906383291 0.024580006060647724 0.148573840342894 16.07776541426003
0.11982340493109511 -0.014170945078881522 0.9926940797377057 24.144285353282672 0.030447214794702845 0.9994802460487227 0.010592680002274344 0.001977241885066521 -0.9923282313539026 0.028955518885985767 0.12019259205158728 16.17944300348695
0.09164690988746854 -0.011245715269202925 0.9957280641802573 24.966566305127046 0.03254707237519562 0.999435806627277 0.008291954599977362 -0.0007280019570576426 -0.9952595299658689 0.03164810135487315 0.09196121841705712 16.258751359148903
0.06202982112627581 -0.009263910489324576 0.9980313027422978 25.776958755885094 0.03619149917165456 0.9993201708050192 0.007026493430953537 0.0006258520253145008 -0.9974179047313871 0.03568439693581619 0.06232292625171537 16.30510979193546
0.03406813345572468 -0.00938144172059249 0.9993754804046807 26.634599121596995 0.04039753988557378 0.9991516418341162 0.008002211655781303 -0.0034743423756261257 -0.9986027243373797 0.040099690415682426 0.03441821864260286 16.33214285522159
0.00984377785787005 -0.007658445582681691 0.9999222210995924 27.424477686666656 0.04497144234498372 0.9989622659422411 0.007208369923565407 -0.010332894720512102 -0.9989397726644469 0.04489698692340345 0.010177973978303667 16.331439069452024
-0.016562515655680288 -0.003046224245562664 0.9998581917417095 28.24416858302515 0.04847995463306565 0.9988167506587387 0.0038461152212283 -0.013225567440566719 -0.9986868263244146 0.04853678111870227 -0.016395237256714157 16.315833561240733
-0.040356139963648896 0.004178027620540547 0.9991766240522426 29.10780880348057 0.051654680996168115 0.9986628197723855 -0.0020895778166721522 -0.017880838033689343 -0.9978492751404986 0.05152782247941223 -0.04051799121515892 16.278971215910172
-0.07113481725356574 0.014221369486269616 0.9973653244545035 29.92125731368682 0.052937923819918076 0.9985429948869308 -0.010462484593804649 -0.020759289315289225 -0.9960609489363281 0.052054202637001834 -0.07178402323558908 16.222888774969512
-0.09861141500348292 0.022356121797478194 0.9948748628089802 30.779605751481462 0.05208296642948174 0.9984933344652569 -0.017275000328745047 -0.03260351833842873 -0.9937621211532045 0.050112521854612194 -0.09962721372423644 16.15271900311797
-0.12625308438275562 0.028850958862046243 0.9915784289992301 31.597670644144763 0.0544582040969103 0.998271192190112 -0.02211178079377043 -0.05053414637703563 -0.9905021265451074 0.051207899938124864 -0.12760598847055316 16.05717865238379
-0.15124745955211555 0.0318150122519529 0.9879838110892504 32.446394308288774 0.05577104360053455 0.9981645121188183 -0.023605030021354174 -0.07424181724422643 -0.9869213730965293 0.05153068738149962 -0.15274420310850328 15.938990695032611
-0.1781343203827508 0.0317234280366262 0.9834946812339052 33.242323215908776 0.057088165714696854 0.9981298911925717 -0.021855471700162256 -0.09919654631710789 -0.9823487696521571 0.05225269774385128 -0.17961222213809092 15.797542279676641
-0.20607190721802016 0.029567382908521372 0.9780900464289926 34.02089109164288 0.05960817512204686 0.9980664627919349 -0.017612532714376548 -0.12509757299204027 -0.9767196294301386 0.05467271456527899 -0.20743591725618882 15.628958183209468
-0.2266746749161213 0.02963965350443413 0.9735194310807606 34.781761911515176 0.06507281795371042 0.9977643460851664 -0.015226228843787406 -0.1481271238607334 -0.9717942787006074 0.059898252239754105 -0.22809664456845652 15.443075634773399
-0.243469892454445 0.0304427504872717 0.96943058050125 35.53297508216583 0.06543287333498816 0.9977457440812028 -0.014898632654520204 -0.1766353775341716 -0.9676987912337951 0.05980525989088802 -0.24491300564493296 15.248930578997044
-0.25492978874798733 0.032556875391676204 0.9664113268549979 36.316854462754776 0.06632471112264844 0.9976679657415044 -0.01611405683574088 -0.19941641753006992 -0.9646822458734294 0.059988998974304625 -0.2564946091025251 15.038762219539793
-0.2689123954991769 0.0340731855312042 0.9625617598755161 37.14795429163153 0.06803894505629637 0.9975494455343047 -0.016303547768139286 -0.2259783358640969 -0.9607584636642661 0.06110746060799657 -0.27057171462575613 14.805145045054987
-0.28336603822555223 0.0361064838418681 0.9583318893811954 37.93320677054158 0.06638127815858691 0.9976326956771437 -0.017959132105634244 -0.2508239877241147 -0.9567116672699185 0.05852628760251438 -0.2850920191255459 14.571375673895163
-0.29785790296315484 0.034633393963724814 0.9539817596080887 38.727335913084204 0.06532234931591226 0.9977386977682794 -0.01582661225619337 -0.2788569323841099 -0.9523726478234461 0.057602248204487484 -0.29944669088094267 14.323398118171838
-0.3099265948762088 0.03408109735229288 0.950149453818557 39.55620652342168 0.0665751688202999 0.9976822036330237 -0.014070090635905159 -0.3079127511310874 -0.9484267249951296 0.058895665012100445 -0.31147720295038533 14.055200766717991
-0.3133705995887831 0.03666124838635069 0.9489229790557931 40.40024743284408 0.06786407903435149 0.9975641917206661 -0.0161291715073593 -0.33562415311700866 -0.9472029001698561 0.0593433759020231 -0.31509527074579424 13.777999106027735
-0.317547197705819 0.040233907595203275 0.9473885210982886 41.21142360157126 0.06673450478913336 0.9975703640966311 -0.019996863420658664 -0.3620293171691038 -0.9458912638880492 0.056873555856267535 -0.3194606635323564 13.507673842221621
-0.3176042453705993 0.04005961571284353 0.9473767838149252 41.97857560481398 0.06638110706784095 0.9975952985839116 -0.01992909600870343 -0.38875268462538093 -0.9458969774489292 0.056558354221242876 -0.31949970363173164 13.259671213304905
-0.3166365323826513 0.04231940676482285 0.9476024346590524 42.76261400805352 0.0681491391350554 0.9974375254047911 -0.02177332656066936 -0.41796252568267134 -0.9460956617572247 0.05768405954369158 -0.31870919045223467 12.998111662040893
-0.3149623300751116 0.04246642203272946 0.9481536445288783 43.591057031798314 0.06541890203009597 0.9975939467978767 -0.0229496093520502 -0.4586523106750851 -0.9468469242125852 0.05479890794507783 -0.31698262065481403 12.730924536971434
-0.312328377040692 0.04298081030206634 0.9490013882186397 44.46135796427534 0.061833990265834374 0.9977773070224232 -0.02483954989297494 -0.4955096084935829 -0.9479596734792741 0.05092244629688051 -0.3142918419561814 12.454559223322212
-0.3082959166231639 0.04407389648901938 0.9502689721556515 45.323964022865155 0.05987149059399792 0.9978447475890666 -0.026856364663982987 -0.5286572044660532 -0.9494045672986496 0.04861431226693659 -0.310270230984664 12.17780037296722
-0.3046925999731602 0.04278647393703116 0.951489220732233 46.168319377262215 0.05586809150161818 0.9980732707689473 -0.026990785993427233 -0.5602358623291549 -0.9508107991990642 0.04493399408701526 -0.30649593847525214 11.916422539291109
-0.30274071639607664 0.04353608177799384 0.9520780788461682 47.05443099542082 0.053523371259946204 0.9981562632246406 -0.028623817257532564 -0.5935990744263007 -0.9515688663281081 0.042292833540004 -0.30451274007206547 11.644972596702768
-0.3021376649707411 0.044763568115979376 0.9522127148781172 47.92899695406083 0.05114990105635991 0.998219122413353 -0.030696437419355002 -0.6266001892430032 -0.9518910226638095 0.03943103622581913 -0.3038892468551747 11.374528795513907
-0.30412341408503124 0.04465063965938631 0.951585660559927 48.814049796757786 0.04800217469865913 0.9983502957800994 -0.03150362106152052 -0.6730493027446023 -0.9514224825120879 0.03609719232566584 -0.3057650282107813 11.102882811685088
-0.3071102194969944 0.04462800201455783 0.9506269796911387 49.71481565635834 0.04702741686698915 0.998391180974513 -0.03167762325579442 -0.7179088290375336 -0.9505113019545463 0.03497700942771189 -0.3087148743876256 10.821542337219865
-0.3094917420509325 0.04438744779033031 0.9498655779008628 50.631142681503455 0.044539431457125314 0.9984902474848154 -0.03214754614568151 -0.7615923081164367 -0.9498584634816681 0.032357072741108495 -0.31100147780335635 10.530336328492377
-0.31252995164717184 0.04450579879832595 0.9488647233387588 51.57400388586912 0.04444445404239466 0.9984929573075116 -0.032194793246321116 -0.8060736427852393 -0.9488675986818655 0.03210993741231556 -0.31403699159667037 10.22428197180361
-0.3162715371220799 0.04462984638584039 0.9476183259192561 52.49009606634829 0.044893523671593424 0.9984777897529568 -0.03204176809102122 -0.8510970547753867 -0.9476058707810886 0.03240802650003535 -0.3177936964126067 9.927603266390795
-0.31779384104010894 0.04555479750829535 0.9470648525950863 53.40476129102913 0.04505693717978441 0.9984422891763551 -0.032906953615567884 -0.8987980567482556 -0.9470886690320771 0.032214214382138555 -0.319351369783802 9.620386408929495
-0.31712861195854086 0.04686265769470483 0.9472240151046838 54.35363987945204 0.045453426107470225 0.9983816873407594 -0.0341759043437175 -0.9516791957197879 -0.9472926841965699 0.032216419670831005 -0.31874546705992685 9.305110598282686
-0.3175328034624724 0.049189835218419894 0.9469705797100815 55.2790024370191 0.04410442341895919 0.9983389542348355 -0.03706929041910705 -1.0014073324564343 -0.9472210505262982 0.02999487570368704 -0.3191748562643623 8.996485399546048
-0.3175056300730496 0.04849014925306078 0.9470157761607416 56.243718754881314 0.04202927900897069 0.9984298686228981 -0.03703156960821997 -1.0555735494230922 -0.9473245033133588 0.028044658441104854 -0.31904511053300894 8.681630886796524
-0.31801288532192984 0.04740776190129568 0.9469003690361152 57.20275849172821 0.04151001421563607 0.9984875302641523 -0.036049557928100245 -1.112810715504535 -0.9471772397439874 0.027841623848184976 -0.31949979732772504 8.362225886152522
-0.31784830060075403 0.04766382853290484 0.9469427740126638 58.20163245084305 0.04289719762503254 0.9984358317319115 -0.035856942838525405 -1.1643730039555842 -0.9471706753490271 0.029224122970454083 -0.3193957770470302 8.030687439365519
-0.3165721788886117 0.04672556411124639 0.9474168972591754 59.18849993626733 0.04528540290260064 0.9983916514365871 -0.034107808866500056 -1.2210500134057203 -0.9474868272634012 0.032106572539129324 -0.3181790064761087 7.6959266269676405
-0.3142664839909093 0.048821138998591175 0.9480786219649042 60.14221818703374 0.045148109635479224 0.9983153771819373 -0.036442500990314666 -1.2749514674448181 -0.9482606314913291 0.03135130091346415 -0.31594124563706316 7.3825190651776325
-0.314577687894927 0.04940364104191085 0.9479452297102844 61.1150287356535 0.04556579197248474 0.9982793808692778 -0.036905776420113966 -1.3337166769995163 -0.9481374567438003 0.03158414132208152 -0.3162875355374356 7.0666233191218595
-0.3152861073421588 0.05039827969074303 0.947657471833174 62.0967715068292 0.04433514545070725 0.9982807340649494 -0.03834019917280812 -1.389575664395087 -0.9479604767050648 0.029926399699255538 -0.31697846173856525 6.750523006447915
-0.32144670596725106 0.05242378739531344 0.9454754157237167 62.993494102241705 0.04258501229917778 0.9982564738192643 -0.04087210791490648 -1.4435110352252605 -0.9459696252788897 0.02712487775197999 -0.3231187228506847 6.453451237019317
-0.3281309129709031 0.05446152111337589 0.9430609983828719 63.91824692162699 0.040763775823729975 0.9982230332812969 -0.04346366766944243 -1.503317862601061 -0.9437523078294827 0.024180954172744292 -0.32976789249686117 6.136616901561855
-0.33059292655081446 0.05622510344797883 0.9420971577585998 64.85670663224958 0.040767560105894066 0.9981428573104403 -0.04526414080884394 -1.5679998008158251 -0.9428925299086744 0.023442997726711816 -0.3322711285983259 5.812329819038994
-0.3364040491648711 0.05419581553483868 0.9401569705554454 65.85394607274353 0.03834924477051499 0.9983028834684313 -0.04382565782902603 -1.6325251958920004 -0.9409365818858412 0.021311181035538137 -0.3379115008872299 5.463656610239293
-0.34467174300695963 0.05409061643051584 0.937163590194749 66.76792157778823 0.03992359214246448 0.9982798704916487 -0.04293491541414352 -1.696596970343284 -0.9378739234902456 0.022616484814053657 -0.34623835468022474 5.130955264852754
-0.3507340987108392 0.05307390439253807 0.9349699207322272 67.74290617814925 0.03710343774766791 0.9983963540015233 -0.04275576246273941 -1.763178898930365 -0.9357397752093263 0.01969469443776655 -0.3521408696845663 4.785524497173972
-0.35645752754548343 0.055211097380305905 0.9326788116936203 68.67814495646056 0.03957981361115701 0.9982486939452426 -0.0439657069899215 -1.8248937163975993 -0.9334728005735718 0.021243346315492306 -0.35801850626280907 4.427955869274354
-0.363332463357414 0.05786250950659336 0.9298609848059188 69.58256326131826 0.04001932759392124 0.9981175931986979 -0.04647282610482953 -1.884039460202637 -0.9307996425061434 0.020327324979905834 -0.3649641425806067 4.075668548830538
-0.36707442835580284 0.05757332729563777 0.9284081408687508 70.5242901671149 0.04122649079536486 0.998108923967296 -0.04559552997330515 -1.949143798704917 -0.9292775368553576 0.021538056573336496 -0.3687538089499328 3.7014546122397793
-0.37200040830353054 0.05985507739492224 0.9263007427029598 71.39719504589877 0.043012207714758804 0.9979584142395952 -0.047211793398423414 -2.0084806027164293 -0.9272354858446205 0.02227943353051961 -0.3738154365887666 3.347492467327284
-0.3760052779120688 0.05844736479272493 0.9247723701165894 72.25282220224025 0.043685748089477394 0.9980171195837491 -0.045314285072371056 -2.0666150037732995 -0.9255871576443414 0.02336096244899869 -0.3778130212649186 3.004704006914702
-0.3792227883653776 0.05704915822220387 0.9235450559287979 73.14499782413286 0.04595829148105661 0.9980269576156442 -0.04277881855081959 -2.125939228756252 -0.9241633579776525 0.02622185002244607 -0.381096447573144 2.6433610563971928
-0.3796263527855438 0.05353231906281803 0.9235898023941703 74.00634053107935 0.04798409379514953 0.9981200818519944 -0.03812910891203799 -2.192049625064324 -0.9238946687871968 0.02984280515508573 -0.38148138613446336 2.2888376538173043
-0.38142383719702894 0.052589608164345505 0.922903131174131 74.8847132562552 0.04875496970259739 0.9981353106623267 -0.0367267550747362 -2.255162692667926 -0.9231136492042534 0.030987654350425678 -0.3832766049873973 1.9304814396399512
-0.38060415630648586 0.05587285104308926 0.9230485906595304 75.77811301939218 0.048715734221831626 0.9979984343513333 -0.04032247848924531 -2.309517753523696 -0.9234539801427336 0.02962008691082029 -0.38256423906311404 1.5650673280327148
-0.3777602622327401 0.05910412774633301 0.9240150898990754 76.59547591570579 0.04941801611040345 0.9978251237227922 -0.043622037450197056 -2.364413486265836 -0.9245837138742837 0.029184320292575557 -0.37985948913709794 1.2288967754317568
-0.3767334075922411 0.06129756206563486 0.9242913764007258 77.46255035970441 0.05199384124182388 0.9976344030674309 -0.04496930385508192 -2.4206214342380785 -0.9248613842500174 0.031116020007390298 -0.379029303909396 0.868749143872079
-0.37425055068599306 0.06244849561279559 0.925222519563229 78.3480585951406 0.05423849914244706 0.9974959548899343 -0.045387280035192705 -2.4870862443321267 -0.9257400879955485 0.03319646628659265 -0.37670052310035 0.5112499093786502
-0.3724965870660238 0.06150753993379349 0.9259930427143915 79.19458604033393 0.05375542515163306 0.9975559620311882 -0.04463694526731921 -2.54611287651225 -0.9264753892526943 0.033150039929437124 -0.37489255522315373 0.18096582693631125
-0.370461650049879 0.06067693407052893 0.9268637847678168 80.02823768249628 0.0522200478933318 0.9976463656247911 -0.044438674076351735 -2.6021892358574785 -0.9273786887999634 0.031938046706816124 -0.3727582711788085 -0.14079787265841037
-0.3679339352510423 0.05769773354773586 0.9280601224242622 80.85682994867379 0.05040448146658004 0.9978431381573667 -0.042053060297004966 -2.6560522172050414 -0.9284847912264191 0.03130564127617931 -0.3700485769267599 -0.46119905222320534
-0.3683104807738497 0.055075911141253486 0.9280700586507984 81.68419743315069 0.04755360258731732 0.9980530854573837 -0.04035707484399522 -2.7134988002296585 -0.9284858882250733 0.029269141103850222 -0.37021246973317873 -0.7732572535495321
-0.36932434557749677 0.05334280610322989 0.9277683292723388 82.53389526193655 0.04224431104811982 0.9982828439728584 -0.040580557087495 -2.7712808283201857 -0.9283398870822169 0.02420554619286579 -0.37094358814472267 -1.0959417539829408
-0.3691249926650304 0.0546767635695347 0.9277700099246594 83.3476707711175 0.04441067943564592 0.9981652521849057 -0.041156055237448315 -2.829095386999292 -0.9283180658277127 0.026011167913125376 -0.3708759736107068 -1.4174160831530813
-0.3687756568847767 0.055984052069465766 0.9278309656414172 84.18515016015519 0.04598131370134136 0.9980612499005774 -0.04194592038799656 -2.883094206991716 -0.9283804358556358 0.02719425234825651 -0.370634913303805 -1.7453492970677913
-0.36594254232300616 0.05994154851988124 0.9287050481607246 85.0146250991208 0.045927173049561405 0.9978708282296272 -0.046308799854819095 -2.939746454553887 -0.929503496762573 0.0257064375080791 -0.36791633366404486 -2.0727425737081164
-0.3604015280035621 0.061670312576488126 0.9307564188118262 85.81832944066623 0.048111198099434704 0.9977129879272713 -0.047477429781671375 -2.9953030789815207 -0.9315557155801979 0.02766886820878 -0.3625443179832097 -2.3789475457921343
-0.355857098661247 0.06159746100457271 0.9325081651815118 86.67752163913113 0.05026722938146376 0.9976425692649045 -0.04671733768989556 -3.06511176394513 -0.9331875111587761 0.030249905591762986 -0.35811452390119375 -2.7064437621669675
-0.34922444226691374 0.061574268526459794 0.9350138492978564 87.5041180557444 0.04733393576859854 0.9977239631032269 -0.04802490993479443 -3.124190504102876 -0.9358428219781445 0.027486413098517456 -0.3513441470224892 -3.0089977333697626
-0.341822830441423 0.06082852662101685 0.9377937102252984 88.35387921681321 0.04607694062595794 0.9977876057690767 -0.047925038509803154 -3.1788728400348294 -0.9386341503118063 0.026828792793012764 -0.34386937599283746 -3.3096047072466637
-0.3341812810244107 0.060266960842258216 0.9405800151203095 89.20469453389615 0.04481387942167796 0.9978408618239524 -0.0480138593076135 -3.240149219792577 -0.9414428222808134 0.026105706373697475 -0.33616053377912625 -3.609567999317608
-0.32176620281558965 0.05993106016163763 0.9449205145161886 90.00410916204353 0.04585314066246525 0.9978100585781843 -0.04767154803012168 -3.2986552979767927 -0.9457082003541181 0.027988480274966577 -0.3238095810115458 -3.8839308797112024
-0.3111255945887043 0.05984626126464514 0.9484826247246015 90.80933300669 0.044397747266212484 0.9978409513475812 -0.04839706449197053 -3.358576828241915 -0.9493311879578755 0.027052926392504513 -0.31311089847543 -4.149566679519522
-0.297799091690021 0.061593661787873004 0.9526394500629078 91.61778671856956 0.045887607389378214 0.9976863968523872 -0.05016154925617126 -3.414830425281463 -0.9535250539323425 0.02877628126186784 -0.2999364885439268 -4.404281819156191
-0.2888314797511033 0.06341853943687906 0.9552771666696953 92.42779004852014 0.04741207187250113 0.9975267977377982 -0.05188818011581028 -3.478732046671596 -0.9562052456170405 0.03030472983986158 -0.29112394543181813 -4.649472209506532
-0.27927339937566875 0.06749712311242546 0.9578363674306298 93.22309547912354 0.04658945618135915 0.9973039498304005 -0.05669439324490015 -3.5429194081009983 -0.9590807009704052 0.028791839542277337 -0.28166511853953147 -4.877437772923076
-0.2673514670543147 0.06887306187095663 0.9611345870440962 94.07614334123015 0.043133062000355514 0.9972979886708055 -0.05946646748916028 -3.6075993506380915 -0.9626332281956504 0.025558230409894387 -0.2695997864092914 -5.118266340659078
-0.2570451223406362 0.06955996766508374 0.9638927409101699 94.93440008433979 0.040645436765042356 0.9973017811096341 -0.061131872748431806 -3.675080922797657 -0.9655442784000463 0.023464191739414803 -0.25917885360296994 -5.343693751909514
-0.24513986179037855 0.06737993987522103 0.967143418456542 95.77315134045487 0.03889661263010725 0.9974622486835711 -0.05963317849164991 -3.7456363050449824 -0.9687071289545142 0.023000133771897798 -0.24713860920377723 -5.5530985829588175
-0.23410367718653413 0.06662335974825395 0.969926180832128 96.55310436149719 0.03564073336713182 0.9975667274809571 -0.05991963240864479 -3.8108647865897924 -0.9715581333367531 0.020541474114309184 -0.23590854454303933 -5.733897419899881
-0.2295282958594273 0.06776258193117586 0.9709402627813349 97.40972071732187 0.03205743633956054 0.997558576493004 -0.06204197966366479 -3.8899425076456735 -0.9727739111300232 0.01688546579968261 -0.23114021473885832 -5.931259918291731
-0.22840426533732405 0.07207124325985598 0.9708950651181085 98.26118081278562 0.028046599850858188 0.9973293539684552 -0.06743550956039276 -3.9643516214464394 -0.9731623090792838 0.01182774736975089 -0.22981563171297614 -6.1265311847698065
-0.22870422280719566 0.07154126539951683 0.9708636494457875 99.08181069221858 0.02418058360925777 0.9974058007779674 -0.06780094358324219 -4.042336777276016 -0.9731956010209216 0.007969687540813068 -0.2298408280398186 -6.311963143850187
-0.22610650052880338 0.0712113933303752 0.9714961594770022 99.91336863480817 0.023868712351145724 0.9974298561107346 -0.06755713662980109 -4.114098068420993 -0.9738101123880962 0.0079132546316888 -0.227225098551673 -6.503606366401292
-0.22461490938739181 0.07119445004780196 0.9718433478515377 100.71692064816716 0.020776747114915357 0.9974506271326588 -0.06826839101655159 -4.183719827193525 -0.9742260873432905 0.004857645011418346 -0.22552147131642786 -6.68229595432437
-0.22061638759639263 0.07052247673067608 0.9728077866668675 101.53087394160225 0.018152886259673685 0.9975067653651599 -0.06819622988977722 -4.256713223881719 -0.975191715635629 0.002614063217912764 -0.2213465256766664 -6.86188367363921
-0.21333750070248608 0.06863029046596554 0.9745650281148891 102.33002328469253 0.018404352955319354 0.9976348953527869 -0.06622609279378122 -4.329068709498914 -0.976805195822746 0.0038077296374209313 -0.21409603127731153 -7.036609339826095
-0.20894207723448688 0.06577257831531585 0.9757136753693132 103.13636680928717 0.015357491186136538 0.9978333286616572 -0.06397496132445071 -4.402185042677336 -0.977807422668393 0.0016174528595504223 -0.20949947021613602 -7.20537938793163
-0.203478060920617 0.06796555387974187 0.9767176471272574 103.95640666844614 0.013375296059480412 0.9976875452368987 -0.06663830380863733 -4.47314655364663 -0.9789881409799135 -0.0004955451451743101 -0.20391658651444272 -7.370594074595367
-0.2012045601570418 0.06827754522702617 0.9771667727618367 104.78346786353737 0.008940422222692347 0.9976542383207725 -0.06786817819184027 -4.541332558486292 -0.9795084449980467 -0.0049191034112724755 -0.20134301229279816 -7.529527142816677
-0.19992887957252953 0.06738444512654748 0.9774905522141175 105.56699986691163 0.007101325448572043 0.997705788914091 -0.06732555194118321 -4.6151151666376125 -0.9797846775132517 -0.0065188436320260425 -0.1999487193956359 -7.688257862683225
-0.19330870976656078 0.06821151863969419 0.978763981485452 106.40819023966979 0.004897940596478349 0.9976350188951786 -0.06855931192719217 -4.691887111382491 -0.9811257579466054 -0.008459184291840317 -0.1931856342868582 -7.850949287278379
-0.19023858667059595 0.06587601905824592 0.9795252065437684 107.2498012672971 0.004014862492083153 0.9977900197754916 -0.06632463581199759 -4.770824797353315 -0.9817296781806814 -0.008684845966513834 -0.19008264631416022 -8.012858403094231
-0.18605531203313452 0.0640690285691416 0.9804481528578958 108.0596315123223 0.0033151250925303327 0.9979069742204033 -0.0645808078913585 -4.842816293844928 -0.9825336792242158 -0.008765294090114398 -0.18587829031288194 -8.162820213805603
-0.18290389320652933 0.06303995815385086 0.9811076034390191 108.86743353043948 0.003475558231869333 0.9979773153495008 -0.06347596823035004 -4.917031406081348 -0.9831246545300711 -0.008200105106902913 -0.18275303535472232 -8.308459712084648
-0.17922786959591153 0.06465666642514999 0.981680643716121 109.68182903191361 0.002528327469216104 0.9978650244104066 -0.06526101913567486 -4.984642950516404 -0.9838043394498315 -0.009214583289839796 -0.17900869569514 -8.447326973196391
-0.17474620505230576 0.06536218208556899 0.9824416262419009 110.53128584005823 0.0013317576873376272 0.9978089539654889 -0.06614769691954273 -5.057855587454777 -0.9846126092231808 -0.010250684821532054 -0.17445037466113356 -8.591552531804899
-0.16873594177956158 0.0668961586152065 0.9833885732070988 111.342077499541 0.002300603662928599 0.9977182316969984 -0.06747619848658312 -5.126995446293403 -0.9856586068079305 -0.009123272545735854 -0.16850482700357788 -8.725583626220098
-0.16256753771946897 0.06517076642972588 0.9845428212540028 112.22192309780657 0.0011410149042768922 0.9978281042712146 -0.06586176744897204 -5.206265608534013 -0.9866967587687807 -0.00958360733108201 -0.16228881879447632 -8.858518974902402
-0.15734014565388843 0.06539036410055674 0.9853771759323483 113.0304505994769 0.002865051856429081 0.9978313977217439 -0.06575935825820722 -5.280106613069218 -0.9875403131232029 -0.007523430299264729 -0.1571862842396211 -8.983203738087022
-0.15157614523812496 0.06289458798726508 0.9864425695379653 113.85828088693792 0.0013255769843085949 0.9979856084120964 -0.06342687323206905 -5.360680820419688 -0.9884446949831893 -0.008306395382502482 -0.15135418314450394 -9.108719273778094
-0.1467840069508159 0.062458440784021144 0.9871947115327815 114.69974987963829 0.0034057956713656745 0.9980305259714175 -0.06263760679544432 -5.428724915180087 -0.9891627044421498 -0.005832015435911539 -0.14670764034857736 -9.238068827624046
-0.1433451183833006 0.06323072351443709 0.9876507746362164 115.51351447650673 0.0002148431866539971 0.9979588772221359 -0.06385948023542758 -5.502115654746792 -0.9896727392820734 -0.008941754714519277 -0.1430661180872071 -9.350030423798737
-0.1408927223666815 0.0652622062995081 0.9878714922564705 116.28178773221039 -0.0015669026019751384 0.9978089776982776 -0.06614218654500706 -5.5672072268204875 -0.9900236288091014 -0.010866851137244657 -0.14048176374896426 -9.45752114378982
-0.13785539424401688 0.06498093577657202 0.9883184548835602 117.03922525977042 -0.00469611756151592 0.9977914193371626 -0.0662588105611536 -5.630281879592849 -0.9904412333690855 -0.013775394104396432 -0.13724577137235766 -9.555973880484176
-0.13599856354265089 0.06576965838614432 0.9885235165387344 117.83624848507215 -0.005265447716612762 0.9977319088459311 -0.06710672940173953 -5.702716877772348 -0.9906950417634476 -0.014331437695658845 -0.13534379970614202 -9.668860223266227
-0.1348756412127119 0.06689640862756963 0.9886017559766893 118.63799950144677 -0.005173198195930401 0.9976572346810972 -0.06821495517034516 -5.773285666202134 -0.9908490295841672 -0.014314768639408924 -0.13421359085768758 -9.773823837124963
-0.1304801338271268 0.06605605255289056 0.989247963150587 119.4567313753204 -0.0058503889745866455 0.9977093742224845 -0.06739271130786076 -5.848874221953111 -0.9914336627456732 -0.014580895367171075 -0.12979479906756847 -9.886733625874163
-0.12844735662652262 0.06628291533438779 0.9894987881298459 120.25174500483175 -0.00852657646080348 0.9976532456098774 -0.06793599206559071 -5.917238026954779 -0.9916796731150223 -0.01716323567548705 -0.12758075588281603 -9.981059763415484
-0.12682355273526685 0.06658998492538232 0.9896876074697725 121.09582040017224 -0.007904051032098187 0.9976445800993357 -0.0681382255103718 -5.993123890298118 -0.9918938009932752 -0.016464073191578374 -0.12599849937620428 -10.091215556458472
