1.0 0.0 0.0 0.0 0.0 1.0 0.0 0.0 0.0 0.0 1.0 0.0
0.9998868534548139 0.001315097282578361 0.01498501943172068 0.008153867907822132 -0.0013095473875866447 0.9999990702780716 -0.00038016921536572257 0.00827767699956894 -0.014985505459321561 0.0003605026074826729 0.999887646020291 0.17673872411251068
0.9992698831487871 0.004796452224439208 0.0379037554586357 0.019201689979174628 -0.004825985387290141 0.9999881183925424 0.0006877054487894173 0.01961859577513558 -0.037900006554762576 -0.00087012631341938 0.9992811578246372 0.39696626136841073
0.9978596065029127 0.0050339340738872656 0.06519865963033222 0.046066698328186946 -0.005141779414740324 0.99998567624059 0.0014864111477188317 0.027742950536634992 -0.06519024324469352 -0.0018184667689201595 0.9978711967805806 0.6702640957020132
0.995337461087573 0.004164154302300217 0.09636388521998603 0.0850806172616062 -0.0042801056784148 0.9999903437037782 0.000996591481631278 0.03078540393526647 -0.09635880474105939 -0.001404392447392553 0.9953456728346831 0.962480832366545
0.9913623309150523 0.0024346077066976497 0.13112894999956745 0.14374544702730233 -0.0026093684453148227 0.9999959217081787 0.0011609320939963258 0.026967792554059462 -0.13112558880322014 -0.0014930680911344266 0.9913646406386927 1.2766101352587833
0.9863796104534729 -0.0005949210814185049 0.16448376865381625 0.21158056545685583 0.0004773606797621304 0.9999996016162274 0.0007542507329287561 0.029161260152357617 -0.16448415184581366 -0.0006654594605160902 0.9863795014877742 1.599887008944549
0.9799484672365742 -0.0013725191268477521 0.1992463745013584 0.29308890529089643 0.0010980642173869669 0.9999982901150545 0.001487958985372915 0.044314311866770595 -0.19924807606514955 -0.0012393378127430513 0.9799482987515834 1.9141782749866019
0.9716122181786625 -0.0017644356187578093 0.23657257713624916 0.3805383340085614 0.001119629418788196 0.999995283596039 0.0028599328038351563 0.04603825031772521 -0.23657650753171558 -0.0025138720383359138 0.9716096111769743 2.2636768435379344
0.9612191270301181 -0.004536559091372861 0.27574845323785285 0.49426915732914245 0.0028397916308796813 0.9999745012727523 0.0065522811145194895 0.05492953055350637 -0.275771146813714 -0.005515109783221481 0.9612075000483132 2.6277567010116836
0.9490020435434872 -0.007979532868560783 0.3151689204307511 0.6131016020486885 0.004998564827833744 0.9999348148724934 0.010265493440383043 0.054801977766073304 -0.3152302899468062 -0.008166581972414284 0.948980068936614 2.9301677653934495
0.9352002772761865 -0.011177202217147582 0.3539428082800115 0.7483275947084496 0.007231864622996861 0.9998961247802701 0.012467549216792518 0.05645824393981547 -0.3540453947117779 -0.009099989010734487 0.9351839651551912 3.2350415363303324
0.9186490386727253 -0.011405072242048283 0.3949099493211478 0.9067578599524457 0.006177580546139535 0.9998756967135582 0.014506158008679233 0.062496196656719634 -0.39502630449664217 -0.010886480089104558 0.9186053033305414 3.5712843815110897
0.9002679031762527 -0.013435262269058553 0.43512894208314257 1.0839199494534628 0.0064047745738283444 0.9998242451870313 0.017619807003527915 0.06551831845360126 -0.435289192805532 -0.013075643920845391 0.9001957265854819 3.912614964690143
0.8781240071218241 -0.017345976766282883 0.47811854723105474 1.3075903491006056 0.008487050507452507 0.9997500590975319 0.020683068151646708 0.07334449301845662 -0.47835781386948695 -0.01410448242599801 0.8780517441959217 4.282699965060552
0.854327830596001 -0.02037023299784254 0.5193351629504249 1.5322519224584255 0.010313669701940018 0.9996993385020178 0.02224546731151317 0.07712760640197878 -0.5196321642146587 -0.013648670493565423 0.8542810589655774 4.5889115990658125
0.8280506826673504 -0.02443129066042768 0.5601206825058337 1.7674583329057976 0.013080141158883167 0.9996200024293992 0.024264390581917154 0.08534565960079486 -0.560500648386243 -0.012765687592677436 0.8280555901501344 4.886008572589018
0.7986059865479852 -0.0272194136293651 0.601238373502052 2.0311240329174125 0.014118939036932739 0.9995491515837083 0.026498096700714013 0.09049384340672759 -0.6016885687880323 -0.012672690715177558 0.798630245545363 5.19042037703302
0.7655259152085947 -0.0309433493883437 0.6426605498026733 2.3114406074564164 0.015942902983272465 0.9994484416965642 0.029131361704790113 0.09963572722557991 -0.6432075069435287 -0.012054937533651496 0.765597009850842 5.4929002413962795
0.7293553857278612 -0.031212604537285197 0.6834226325106315 2.6162410769351085 0.014102251989864738 0.9994323743006874 0.030595027185879434 0.11510707264079188 -0.6839896547452872 -0.012676849675269842 0.7293815528814349 5.7781424039731455
0.6931625234507919 -0.03251810024142059 0.7200474215216797 2.9299560393493658 0.01405618741079357 0.9994016684107505 0.03160267035047734 0.12601067787461226 -0.7206442532059789 -0.01178466522635299 0.6932048629277637 6.049654651426055
0.6588971932964625 -0.034149236440899025 0.751457462745928 3.2493343865951436 0.01551492096168346 0.9993734567639554 0.031811651060818145 0.1330151725402277 -0.7520729857491205 -0.009301804457529246 0.6590141884210362 6.301564910430899
0.6260707384317 -0.03636857752031883 0.7789176831018376 3.636473819985986 0.01621072488052791 0.999302910911223 0.03362892569209415 0.14535748695897863 -0.7795977442748498 -0.008427266075372038 0.6262238723556147 6.590258219286766
0.5951664466103183 -0.037635468629068414 0.8027206689318008 4.0513401473202055 0.01694610645093946 0.9992683779814535 0.034286123176421573 0.16294113780041408 -0.8034237551288864 -0.0068029601928668755 0.5953687843909972 6.880495409825476
0.5633255421717033 -0.0378756430578676 0.8253664454046518 4.4623264037601675 0.0170489895786698 0.9992689035955447 0.03421973496836377 0.17989320739739434 -0.8260591174312547 -0.005205186827737865 0.5635594383370625 7.147799716792274
0.525132045002501 -0.03695403266343533 0.8502180513147208 4.948744632859803 0.01882353156148067 0.9993167217048795 0.03180824390887821 0.20288311596581426 -0.8508125586585129 -0.000699421848744327 0.5254688390742427 7.433247847024863
0.489220788492463 -0.03544097480872842 0.8714395890774185 5.437648890472243 0.019531177477010265 0.9993686428221384 0.029679097866995817 0.22250375990034577 -0.8719412555976316 0.002500609614527284 0.4896041194050367 7.690613090026043
0.4622632591122355 -0.03373495985753509 0.8861008022557846 5.980515713599736 0.01989365885084586 0.9994191115587632 0.02767095568676788 0.23886490613188963 -0.8865195551212961 0.004836520909021844 0.46266584751096146 7.97264271032324
0.4369848347251724 -0.03302673195255135 0.8988623305027017 6.593711410127269 0.019831485779049123 0.9994365078770118 0.027080969229316805 0.2546083994558196 -0.8992502245715646 0.005991802661816802 0.43739356637798493 8.274399776751899
0.41936141895237444 -0.03349859300481661 0.9072011048058467 7.210894561239541 0.021007334638487453 0.9994094531824625 0.027192586874331136 0.27728209461561454 -0.9075762734809883 0.007654355376456732 0.4198174825541847 8.558316241028718
0.4085535153122255 -0.034573038646649276 0.9120793442046369 7.839871649680359 0.0229662332135333 0.9993553569321793 0.027593888869427208 0.29897582513755167 -0.9124453831643868 0.009673446629510822 0.40908415658920505 8.841032867271268
0.39843775528154896 -0.03489359389784026 0.9165313918634174 8.47907059088431 0.023501500623463983 0.9993363807554373 0.027829437059868647 0.31533449208072345 -0.9168942330687034 0.010451564644419199 0.39899339613812873 9.116841614374174
0.39263748966059847 -0.03689509757050598 0.918952965873818 9.121599410330335 0.02294484680769385 0.9992769613042296 0.030316474259993585 0.328715000658196 -0.9194070565957144 0.009181850676646642 0.3932001499238738 9.40158854344685
0.38449923786088613 -0.03618227737044277 0.9224159467879369 9.832984037140218 0.02192789307228359 0.9993076027496034 0.030057987162340913 0.3454194414402969 -0.922864834951364 0.00866936509378273 0.3850264127551024 9.701809056486315
0.3730006608810181 -0.036440032561872816 0.9271152199210265 10.555444201789966 0.021101675999205087 0.9993031770806844 0.030787652500229568 0.3579230736767527 -0.9275910878465513 0.008079870255144516 0.37350969123211747 9.993118238296148
0.3598477693546993 -0.03671238057874519 0.9322884660890581 11.263033952617306 0.020688416306890986 0.9992938453471196 0.03136558754559527 0.37348256322245854 -0.9327816316379521 0.008000735191781258 0.3603531821910708 10.273016352921713
0.3459104730669608 -0.035785270567278794 0.9375848543108076 12.029602191383598 0.021857846255669115 0.9993085675243938 0.030076925198696397 0.39236580781125596 -0.9380128885999677 0.010089662173288896 0.346453488274507 10.556544415175912
0.33458744798633483 -0.03720369011780934 0.9416300362093437 12.79881513320475 0.02158824014885393 0.9992607700138945 0.03180976891639864 0.40619799635617265 -0.9421173958362448 0.009684985950288477 0.3351432731084955 10.833597789829595
0.3259777069719787 -0.03805599077490296 0.9446111772170768 13.59481763924519 0.018309026818579488 0.999256178425144 0.03393920176040396 0.42371265909857897 -0.945200144992714 0.006231488210481575 0.32643200587631616 11.122294855001963
0.3109695101952651 -0.03963306380905111 0.9495931676154924 14.408708225912346 0.019585797357266732 0.9991852098634072 0.03528899165602723 0.44217147255972716 -0.9502180593268038 0.00762473890220247 0.31149238046198857 11.393615215131671
0.29818961053873133 -0.0417944345249124 0.9535912024602066 15.213390031764447 0.018148430694959982 0.999108568255835 0.038114345082734646 0.45795923810386346 -0.9543341084913973 0.005940882133013161 0.2986822982525273 11.646281133505854
0.2860544488336608 -0.04131406978445772 0.9573223072405214 16.015162278149962 0.018020718378887038 0.9991253395307798 0.03773340186907376 0.47716137088934873 -0.9580438956600993 0.006457828222330892 0.2865487575318928 11.880227007702667
0.27189912793614474 -0.03889218521984941 0.9615395270899628 16.774561569018047 0.01583419941806265 0.9992285316209524 0.03593911133326587 0.4882636707542131 -0.9621954803242184 0.005453395589977119 0.2723051929732266 12.094086050385553
0.2559981829049053 -0.03806041699560357 0.9659277069260969 17.55009653697952 0.01620634925790077 0.9992531512592968 0.03507839708561886 0.5042840643017024 -0.9665414034551846 0.006674155863192385 0.2564238113951125 12.298952069745729
0.23294200072886367 -0.036761703749998105 0.9717955553684281 18.386301234824796 0.014007491870824824 0.9993084322762621 0.034444845086723325 0.5268974962455457 -0.9723897441190559 0.005588767212629849 0.2332958448260924 12.50444866669479
0.20584482801628823 -0.034464548128160175 0.9779775568494744 19.197600700643562 0.01170107794493266 0.9993948663453132 0.03275646344709022 0.5453332722122614 -0.9785146864272767 0.004700643036402392 0.20612353674719686 12.68393497976047
0.17950839784842787 -0.03423625632158266 0.9831605229335513 20.005320500533838 0.009210172290513817 0.9994089296419635 0.03312044803870093 0.5604938928056576 -0.983713326039792 0.003109679242000358 0.17971761757474503 12.845062623136384
0.1472731283281708 -0.03482316292580244 0.9884826619603791 20.8508692998292 0.007788665223614318 0.9993898835879413 0.03404698630004708 0.5746776935359548 -0.9890651962163407 0.0026847543508022043 0.14745450053357906 12.979630124157968
0.11493676435630801 -0.03500414722818707 0.9927558863467546 21.69712743079093 0.008809372736504999 0.9993755788894115 0.03421764561513963 0.58820406638867 -0.9933337481185728 0.00481269116829299 0.11517335999451778 13.083258841405659
0.07726177011695695 -0.03452345894411904 0.996412941335533 22.528136271392217 0.01023079419337552 0.9993751411035575 0.033832797614405274 0.6041736665523507 -0.9969583490440147 0.007580113902722084 0.07756669481584516 13.15665676186769
0.041340989825071006 -0.03391626618525102 0.9985692812460911 23.395208317100472 0.00904267261655065 0.9993954612415277 0.033569958620533455 0.6238336361645027 -0.9991041750649596 0.007641919777493161 0.041622691285897184 13.207660399186954
0.008971786612195998 -0.03293797470911912 0.9994171285639679 24.183823033811386 0.006540074022114562 0.9994379102122647 0.03287994924458491 0.6394930580553788 -0.9999383653389695 0.006241270111335281 0.009182160455299737 13.220775584167848
-0.02377975748518485 -0.03083048164485613 0.9992417147695005 25.035676887134265 0.007917270529161132 0.9994872060254927 0.03102646964645299 0.6579538498972717 -0.9996858706420302 0.008649068903667104 -0.023523470105104638 13.198851341084247
-0.053596469106948375 -0.028092791381562426 0.9981674276250753 25.886426694556665 0.011475437606878114 0.9995208457974656 0.028747054597813192 0.6734587999039869 -0.9984967365149465 0.01299514866059703 -0.05324841105883271 13.149423845176184
-0.08186770866611098 -0.0253445277095989 0.9963208987032935 26.67438161591289 0.014458929970393825 0.9995411976424209 0.026614536623175474 0.6917558433768816 -0.9965383171869872 0.01658460523294043 -0.08146369281707949 13.078557077599582
-0.10755817560448788 -0.023330208575919612 0.9939250174074693 27.463245278353572 0.015775662664106297 0.999558711987488 0.025169619731377504 0.7036777977265659 -0.9940736226900614 0.0183870241670019 -0.1071426619705691 12.993233050809849
-0.13512284058542795 -0.02130611956947091 0.9905997512724384 28.23355915962237 0.019432742830692035 0.9995194891238186 0.02414869287844061 0.7178160777739743 -0.9906382722559236 0.022513110192784777 -0.1346438762485927 12.883437972379452
-0.16002224360985656 -0.01503174260961013 0.986998950487885 29.043221009751743 0.023254067465696564 0.9995491543131938 0.018993063420116817 0.727747482803992 -0.9868394651088742 0.025991052804728364 -0.15960054911476113 12.746140368475817
-0.18419087884254198 -0.0062292391800341 0.982870752810587 29.877327383065197 0.024275342686224402 0.9996460520208004 0.010884779129301896 0.7355058995116315 -0.9825906715864335 0.02586440137457743 -0.18397446793741895 12.587764931484147
-0.20950916042860623 0.005392480595300902 0.9777918146770967 30.66613480037727 0.02477709340749585 0.9996929798140727 -0.0002043348637626851 0.7407477569763338 -0.9774927147241441 0.024184029099586085 -0.20957844688262572 12.420517117136663
-0.233676903714283 0.01605272742704021 0.9721817806422107 31.49593284996051 0.024920393537411538 0.9996341261743571 -0.010516072155072883 0.7364428605817064 -0.971994896414815 0.021769789383071964 -0.2339914477363872 12.230981916092299
-0.25947344254385196 0.02300038330853709 0.9654763150808531 32.29213640796203 0.02574217857024777 0.99952586618415 -0.016893284798463824 0.7210570311670358 -0.9654071021371761 0.02047010494562499 -0.2599424973847394 12.028083506070205
-0.2849971902583843 0.02786766349553813 0.9581231626863668 33.0734957447719 0.02821401294607952 0.9993880589134391 -0.020675521147166902 0.7100947577097688 -0.9581130262230574 0.021140033881901426 -0.28560904738675097 11.806576014565866
-0.3102641642439604 0.02820839032881077 0.950231779673283 33.827479776696464 0.02897088157665824 0.9993759702813494 -0.02020787086466413 0.6926507943800819 -0.950208838312225 0.021259274194316984 -0.310887772120524 11.561471205812047
-0.33468229416915146 0.025488213368603654 0.9419862594268296 34.562059348587184 0.03006887825203496 0.9994139545582112 -0.01635878953290895 0.6712834818784589 -0.9418511689913316 0.022849472939090884 -0.3352525571208487 11.306010458538527
-0.3529385175949938 0.02561984903049968 0.9352956891451507 35.30542065768882 0.03517000755997769 0.9992818583876795 -0.014100995195263304 0.6468106159516422 -0.9349852797590341 0.02791757211721914 -0.35358610804300633 11.018047575512842
-0.3634282289668302 0.026097617062277447 0.9312565901907508 36.03066946558852 0.03646750749780977 0.9992399495354038 -0.013771134643905128 0.6263695355212112 -0.9309081819851679 0.028955787610667763 -0.3641037202184502 10.73130189096127
-0.3740768684090211 0.028217960186263664 0.9269683075727168 36.77398810023529 0.03776201009642061 0.9991714999669514 -0.015177096140920972 0.605250421456297 -0.9266285809939051 0.029326785993684497 -0.3748325126086355 10.430556259760733
-0.38197496356455013 0.030154895374940743 0.9236805776321094 37.55402592066397 0.037792772322036136 0.9991411585332226 -0.01698975235560673 0.5773549405835098 -0.9233996066547113 0.02841878973173352 -0.38278654472187007 10.11429855768445
-0.39033268249695025 0.03152064506459158 0.9201341456056541 38.35640078114718 0.03564728155800395 0.9991817714918603 -0.019106512918693065 0.5489108348453238 -0.919983515228539 0.02534238451882205 -0.3911369264779801 9.77681296510431
-0.407162413977946 0.029156347099929234 0.9128902869827462 39.10385691687006 0.03434187930383324 0.9992723014590936 -0.01659827890258277 0.5241720031876033 -0.912709923233846 0.024592172747348335 -0.40786740623642853 9.435951043180156
-0.4172310841060353 0.02949202251188844 0.9083217728667858 39.86428215333936 0.03530493773332018 0.9992448360638109 -0.016227106071445695 0.4998344237697033 -0.9081144111990234 0.025297790574787947 -0.4179572202566732 9.082216029050302
-0.422028790627983 0.0305343685017213 0.9060680726199788 40.60532799018928 0.03872370141516958 0.9991276503694513 -0.015633720476207317 0.4791458416105065 -0.9057550302536503 0.028488429360364543 -0.4228430377371591 8.734507666775
-0.4285811639473569 0.03424632328342414 0.9028540165780379 41.3417233963332 0.03911805026149781 0.9990476907573267 -0.01932588254626396 0.45719363856904377 -0.9026560607746827 0.02703517956330715 -0.4295126715391666 8.383148557965667
-0.4292336924030306 0.03353552506260104 0.9025706653026324 42.10048903496155 0.036335933464127286 0.9991426000721915 -0.01984350423366558 0.4342542683987629 -0.9024622636129176 0.024278247048678096 -0.4300842120735104 8.030575740643839
-0.42976448262935063 0.03444917265571175 0.9022836272335121 42.82821887345848 0.036930958090499996 0.9991063912656861 -0.02055537074770263 0.4098956403218751 -0.9021854542192776 0.02448823054846425 -0.43065268228557574 7.681909451214329
-0.42961580705415003 0.03350142572467183 0.9023901112066919 43.5994076183107 0.034967748905781575 0.9991792501626815 -0.02044706778009883 0.38534199847483164 -0.9023344805922433 0.022770167297497843 -0.4304346693931269 7.322480558621969
-0.4282341949987361 0.031646823107214415 0.9031134772668414 44.40541482930434 0.030897066211716777 0.9993150379957847 -0.02036728099164424 0.36088903574057135 -0.9031394385881362 0.019181590724037537 -0.4289186648351902 6.952207146236244
-0.42106874959328644 0.032921196115274165 0.9064310800950536 45.176657892733104 0.02892195967080695 0.9993202476160092 -0.022859635899934005 0.3346674363047725 -0.9065674979640214 0.01659028483833211 -0.42173467261328723 6.5992227405819435
-0.4171038203626479 0.032487641846440755 0.9082780170003794 45.98849851716689 0.025422894690632605 0.9993869284469926 -0.024071636314028658 0.3106508039255321 -0.9085032082851624 0.013050684907055651 -0.417674035773142 6.23536706319869
-0.41451515272102574 0.03301861552996925 0.9094432138364381 46.79074728753504 0.024560066650851902 0.9993834627423517 -0.025089789222162855 0.2832213106830832 -0.9097109383154469 0.011935888135824694 -0.41507052808364836 5.879602015661226
-0.4151512299787225 0.031586412555917945 0.9092039126560121 47.61038307550767 0.020093513048453342 0.9994716486858646 -0.02554748924124385 0.2544068731107226 -0.909530487108885 0.007663029101287848 -0.41556656627364447 5.518989223019672
-0.4159630483242906 0.030559795571362208 0.9088678899176715 48.45793467078969 0.017454341060826217 0.9995193779299174 -0.02561950664481007 0.22281170602160755 -0.9092139948366921 0.005206922049316883 -0.41629652839757875 5.141398460301942
-0.419052313887075 0.029514085887818245 0.9074822736340886 49.326017575709685 0.015244989663769469 0.999559364019162 -0.025468963303592614 0.1894518118463903 -0.9078340974627688 0.0031617298769302093 -0.41931760629401826 4.754746494451075
-0.4217515698529874 0.027629840840803933 0.9062903537066104 50.194439360181725 0.014228919649174051 0.9996142020048238 -0.02385340637890942 0.15716183954448085 -0.9065997745268627 0.002835321035066578 -0.4219820017281188 4.357495986064795
-0.42290339134700117 0.028075793903957574 0.9057397371120846 51.08993050821063 0.012376507470364815 0.9996056459340737 -0.025206639592763494 0.12264258710793477 -0.906090251382301 0.0005499212543327043 -0.4230840979481182 3.9497749571040237
-0.4236504433036909 0.02715922593590355 0.9054185100466796 52.00958192839093 0.01205647041087382 0.9996309384232762 -0.024343961638001142 0.08560806813713497 -0.905745518018068 0.0006028213361280264 -0.42382153460698374 3.52401453802092
-0.425184025027163 0.027122510651655142 0.9047004555529149 52.93263755930244 0.011341833073802465 0.9996320939619309 -0.024638172493336993 0.046840602257392984 -0.905035859888561 -0.00021479580135634613 -0.4253352162454185 3.098233077595546
-0.4248394955361752 0.027794595072171614 0.9048418997357175 53.86864003658762 0.010327303225941322 0.9996123095687828 -0.02585686304723297 0.006935528807191747 -0.9052097822276599 -0.0016404399830268774 -0.42496183254030534 2.6670589566919145
-0.4257948186897415 0.027590334163770075 0.9043989970348829 54.796570890723146 0.010278033316103934 0.9996179871984736 -0.025656221476004756 -0.031065815600894664 -0.9047613687642304 -0.001628843149063787 -0.4259157339919159 2.24291223652797
-0.4257453239003536 0.027729524829627483 0.9044180408581567 55.73533723956744 0.010035365225631102 0.9996135394188898 -0.025924182826623232 -0.06966047103111353 -0.9047873842078985 -0.001960934257711341 -0.4258590660242726 1.8111814181622647
-0.42533822821273937 0.027397368583352857 0.9046196857329359 56.64420661154257 0.008525230956242963 0.9996186340049467 -0.02626608054559092 -0.10711570140393022 -0.9049943160362891 -0.0034598764129175376 -0.4254095875708692 1.3931846589900037
-0.4254323497401946 0.025394052917772456 0.9046338805676839 57.6117256229151 0.008138573029729724 0.9996731731410002 -0.024234490529906352 -0.14864496319568068 -0.9049536338529047 -0.002947707348726663 -0.4254999783758042 0.9409890491562781
-0.423182884404673 0.024228254981692038 0.9057202868477018 58.556608513709186 0.007936013018859036 0.9997031751444214 -0.023034350512367914 -0.19534447667188357 -0.9060095286719151 -0.0025599349023440066 -0.4232495489530852 0.5050124929112247
-0.4221909444979743 0.023899658171999398 0.9061918189451781 59.471915023011114 0.008741125705833153 0.9997132504160047 -0.022293713554769917 -0.23666039066282057 -0.9064647809514188 -0.0014910673790582054 -0.4222787913366807 0.07690895317437985
-0.4214600976885352 0.025146981983020872 0.906498215857878 60.384467354580046 0.008779338535506007 0.9996817456663473 -0.023650171169859874 -0.27847819315985317 -0.9068044493005365 -0.002009148732751211 -0.4215467400539594 -0.3390423963257018
-0.41850431235959146 0.02426505518564516 0.907890603340107 61.332783765473934 0.008431499926951634 0.9997037536331184 -0.022832318779215252 -0.32505594196851983 -0.9081756715225352 -0.001900544314528279 -0.4185849227885558 -0.7742365916652472
-0.4188620761994119 0.025158976479072292 0.9077012652984703 62.25677851818246 0.006009799776665221 0.9996710129122963 -0.024934880179143255 -0.36241470284621913 -0.9080299793666301 -0.004989172820150023 -0.41887547639603845 -1.193959688453058
-0.4208232195625009 0.025676901693410827 0.9067791983699661 63.19654303685971 0.004231034516028305 0.9996440101760329 -0.026342954771703828 -0.40757572646447693 -0.9071327996627482 -0.007249112953097945 -0.42078205063597707 -1.6229150391671108
-0.42435336221463327 0.02771040948313007 0.9050725701198846 64.10954785500992 0.002982002487699493 0.9995689820674338 -0.029205440415054372 -0.45207285891270654 -0.9054917623249256 -0.009694498179441388 -0.4242530908157879 -2.0438037205001702
-0.42930525178140166 0.02652150172259304 0.9027699655722303 65.06409515349256 0.0023714687645235988 0.9995984042049474 -0.028238386051997612 -0.5020134385361976 -0.9031563413544779 -0.009981996659048665 -0.4291957395104157 -2.489590784998606
-0.43300746107278804 0.024531365989699086 0.9010564636791513 65.97694852222773 0.005010934171321422 0.9996796665237304 -0.02480836306034971 -0.5441070122505581 -0.9013764081636645 -0.006227071677994068 -0.4329916793476389 -2.9258265329888227
-0.44012497435945985 0.02438943241623666 0.8976052375802509 66.84691123951677 0.005023845829986591 0.9996822928784268 -0.024699681747095414 -0.5845667719386319 -0.8979224732225836 -0.006361516465835522 -0.44010767226906367 -3.345711356237208
-0.44618241030601896 0.02551044170104693 0.8945783778393757 67.74523425573169 0.005522128747659349 0.9996530947829434 -0.02575259569398748 -0.6338887187106163 -0.8949250040241392 -0.006550378241078453 -0.44616849924360763 -3.7833719730115605
-0.4522967769833893 0.028155593506573033 0.8914229568979763 68.61988508529608 0.004283658059734378 0.9995586187501018 -0.029397584186741946 -0.6724189549713413 -0.8918572059495096 -0.009477881444812965 -0.45221775060169034 -4.223789010404528
-0.4582680155922741 0.030221125801855795 0.8883001235170396 69.50555533309358 0.005325054962517211 0.9994971943685997 -0.03125703503123537 -0.7173667360623662 -0.8887981040004336 -0.009593852436123361 -0.4581985250092678 -4.682455947059645
-0.46341866804077236 0.03105153585939624 0.8855952462790715 70.37116601770778 0.0058955701496786 0.9994717827408842 -0.03195931409416049 -0.7639786671841243 -0.8861198453730323 -0.009589453870352373 -0.4633569488100311 -5.130471842319269
-0.46819210924719235 0.03079296194198532 0.8830899967350465 71.18183184196177 0.0053251670373313 0.9994727888336126 -0.032027909347712276 -0.8060552508721945 -0.8836106560214683 -0.010292612690672803 -0.46810925080509813 -5.5521045328887055
-0.47338543547556666 0.02666745437492803 0.8804516320370864 72.01142749977022 0.0066438558792163045 0.9996212857467777 -0.026704761017751155 -0.8508548184614828 -0.8808303404507954 -0.006792051171783877 -0.4733833323874168 -5.987401096840553
-0.4750333525228855 0.024239468482063604 0.8796338796104743 72.83042307952422 0.01034652658507696 0.9997052949952165 -0.02196070459139959 -0.8929208647617665 -0.8799069629105636 -0.001330911805293114 -0.47514415212151595 -6.424802103132031
-0.47737733889636935 0.023274519589461508 0.8783901029987194 73.65301976028235 0.011116778315530651 0.9997291116727166 -0.020447995353197752 -0.9351050984181409 -0.8786280746414289 3.4584421180310077e-06 -0.4775067606222292 -6.869234194861115
-0.47866831122252573 0.028292216457847782 0.8775398556870666 74.44892222282894 0.01097055652116348 0.9995953871005658 -0.026243265362492156 -0.9715095358419042 -0.8779272718858844 -0.0029347189256401177 -0.47878501720901456 -7.304663471200882
-0.47922264024380185 0.03165424482212121 0.8771223802084296 75.23558724761126 0.01046378597813332 0.999484464305296 -0.030353167797762596 -1.0143643336999602 -0.8776309989174058 -0.00536790434867505 -0.4793068071101641 -7.7320912544081555
-0.4807345373983857 0.03533025783057574 0.8761541402253291 76.06191206271575 0.013466146395832022 0.9993675959149735 -0.03291004613143049 -1.0644577247598253 -0.876762777182977 -0.004022575885164147 -0.48090628133727054 -8.18950715750395
-0.4788171507150643 0.035418118654259874 0.877199916240363 76.87695747428081 0.01529684733991152 0.9993707672426275 -0.03200118813951923 -1.1115067817075241 -0.8777813751969032 -0.0019043245191493006 -0.47905764883316376 -8.638929684313243
-0.4772683181229266 0.03326050888860098 0.8781279468645699 77.6729253311342 0.013264357277673661 0.9994422775199348 -0.03064621888221137 -1.1549459138346472 -0.8786575040037635 -0.0029786665200184064 -0.47744331412602203 -9.060524801067205
-0.4761087499471226 0.030372813341704497 0.8788617356749002 78.50215339222724 0.012485921758241142 0.9995361015889292 -0.02777918966156101 -1.1964933694994015 -0.8792977652545442 -0.002252516396361034 -0.47626711642548747 -9.502663328679269
-0.472384435368086 0.026904353514819505 0.8809818959456116 79.33957247768913 0.012225625188264928 0.9996378590035675 -0.02397258716784429 -1.235581328101663 -0.8813078232438033 -0.0005537225961162896 -0.4725422881399673 -9.946052672944136
-0.47274124806855616 0.024906939007973493 0.8808492247620118 80.15904184144361 0.007557681162055562 0.9996783066157815 -0.02421083925138383 -1.2742613223647588 -0.8811688792904778 -0.004788284771891277 -0.4727774090403504 -10.366218842106772
-0.4714821972749664 0.023380524847292146 0.8815655895681472 80.9824841511542 0.002887064291984367 0.9996840534346996 -0.024969144321406452 -1.3072648342768276 -0.8818708536472583 -0.009227370494048117 -0.4714007351725514 -10.78661657530337
-0.47097696043074316 0.023358003533205718 0.881836212918454 81.76291857555562 0.00333394772572777 0.9996893720948887 -0.02469907109770334 -1.348817939689048 -0.8821392109729509 -0.008692697594535273 -0.470908536206926 -11.201295699147474
-0.47036879159336487 0.025750092912646773 0.8820941744564398 82.57073029148945 0.007436268022601425 0.9996543531051922 -0.025216586520301898 -1.393990372757089 -0.8824386107899483 -0.005301606627230511 -0.47039769467364134 -11.631930583031687
-0.46735843913381947 0.02771003500226068 0.8836335458381906 83.40621665889387 0.00716546626410635 0.9995945620374649 -0.027556626033443644 -1.4363719505905592 -0.8840388823256692 -0.006547175368248372 -0.46736750960146933 -12.072035308131621
-0.46147843646998465 0.02978121095218022 0.8866514152401946 84.19131751718352 0.01030945618646053 0.9995489253795551 -0.028207461525558697 -1.4741676805542185 -0.8870915216517165 -0.0038762413235200674 -0.4615773033489017 -12.477961707248918
-0.45289114363980243 0.03071560537845451 0.8910365669257729 85.00839253594181 0.013965211183601093 0.9995281630407278 -0.027357342068014958 -1.517315266993748 -0.8914564402645986 5.3615893300752726e-05 -0.45310640277544834 -12.894121463189343
-0.44276571930971825 0.030132511093769052 0.8961308774834912 85.8170153773165 0.010114187923041657 0.9995394120394949 -0.02861235716256483 -1.5551171694224335 -0.8965802925599052 -0.0036049348017213358 -0.44286655262987534 -13.280676194732564
-0.43336058591883087 0.028904852447034557 0.9007569661551903 86.64923101851379 0.006584243513482316 0.9995604002593956 -0.028907680132307167 -1.5914255495575858 -0.9011965658553315 -0.006596645988059455 -0.4333603973049053 -13.673103564408631
-0.4224220871559979 0.026012990177135813 0.9060258851847527 87.4622915242222 0.007480954654490767 0.9996541034384139 -0.02521326627389832 -1.6333603807823518 -0.9063683663942756 -0.003872702000578066 -0.42247057480845546 -14.05335608711458
-0.4117256832298091 0.02663887959670387 0.9109184002218745 88.22968976744345 0.005962477731806153 0.9996300184289393 -0.026538182210855354 -1.6725196087046792 -0.9112883246416826 -0.005495120525626174 -0.41173218604107725 -14.398302348574695
-0.3993645342795825 0.024352701978459044 0.9164687199604801 89.04015151330108 0.0057090479809404175 0.9996938203382757 -0.02407638570497926 -1.7111753353252588 -0.9167744409236133 -0.004383090668919213 -0.39938128772563253 -14.750767973207488
-0.3861606442202143 0.027107307840503247 0.9220331613977176 89.83058334366596 0.007132406895857797 0.9996259789683892 -0.026401343590087133 -1.7500736273473478 -0.9224039709516115 -0.0036188441704646246 -0.38620955236706517 -15.083848318214745
-0.37493258399350793 0.027609670700924148 0.9266408492742687 90.64289737749701 0.0060381080654850275 0.9996079382154991 -0.02734064936223919 -1.7964683819032905 -0.9270324151349515 -0.004655742727633937 -0.3749522974309044 -15.408250939314357
-0.3617941451656691 0.03268320175482233 0.9316849278843661 91.45255650378701 0.0044059450519039495 0.9994340593865587 -0.033348891830230126 -1.8358404409759144 -0.9322475981047323 -0.00796048121399486 -0.3617333915562665 -15.716441377503132
-0.34967502964154107 0.034029373565084765 0.936252837314769 92.27517355320643 0.000494353188244423 0.9993466878898313 -0.036137971976159006 -1.8787911023505646 -0.9368709245462327 -0.01217370684681914 -0.3494634052393685 -16.019127202691802
-0.3392586962871496 0.03249164438006545 0.9401318152466831 93.08902967973088 -0.0029664493871369955 0.9993613906297285 -0.03560914344166361 -1.9176293318112927 -0.9406884378855613 -0.014869565027087415 -0.3389456576861963 -16.30304790637292
-0.3262658039227499 0.0301162328617147 0.9447981994631768 93.91903200344045 -0.0032206883853789763 0.9994511348155108 -0.032970536579079654 -1.963450441375971 -0.9452725809823145 -0.01380005921027588 -0.32598973298069817 -16.58665294257305
-0.314253190081048 0.03165882019183194 0.9488111780686113 94.72414368623978 -0.006382201571011031 0.9993507527460992 -0.03545899729140655 -2.0103987733369557 -0.9493177550362111 -0.01719860720716207 -0.31384710908839375 -16.840415069345536
-0.3073075529367196 0.0328740558803612 0.9510422516155738 95.56079969776977 -0.010947122094385742 0.9992148613828711 -0.03807651913529354 -2.058373806345386 -0.9515472812350924 -0.022112377565170444 -0.30670639760611357 -17.098632329694027
-0.3035490151209223 0.03654702417491599 0.9521146519422314 96.41772163011112 -0.016028511594793363 0.9989268401316764 -0.04345405482346143 -2.1095383995344585 -0.9526809970998551 -0.028451416282900977 -0.3026374640990825 -17.361258052954092
-0.29957234357012175 0.03950545339730747 0.9532553331189805 97.23272319022166 -0.018720449747362117 0.9987066050284309 -0.0472722099530214 -2.1608484287034777 -0.9538899075517896 -0.03200681528142426 -0.29844531835225585 -17.61067853611095
-0.29598946587072017 0.037930176130569634 0.9544378124489148 98.07699337220211 -0.019471327967632325 0.9987640456438049 -0.04573017074532455 -2.2150375655996126 -0.9549927243077525 -0.032119820483987815 -0.294885085501681 -17.866218129104475
-0.29399517619097315 0.03724168406622578 0.9550810925488736 98.90448117479862 -0.02193478460287089 0.998714585007388 -0.045695108249643956 -2.2689959399598236 -0.9555551797781562 -0.03438363944425381 -0.29280038206550074 -18.105425217947563
-0.29103839087775696 0.03467997906671751 0.9560826084011871 99.71632645716048 -0.027139611826991563 0.9986413310784233 -0.04448520351526603 -2.320266123058173 -0.9563263546013807 -0.038894612915498374 -0.28970176489104693 -18.342535947106516
-0.2877629432146389 0.032077705598207704 0.957164306331992 100.52025039022242 -0.02703651114508264 0.9987684633867798 -0.04160028376240851 -2.369225295989216 -0.9573199650992089 -0.03784940352985501 -0.28654128336922735 -18.576968802995527
-0.28385537197270966 0.030983795347867108 0.958366387259109 101.30227047889882 -0.02823790450101765 0.9987741907736669 -0.04065386320878479 -2.419570382326375 -0.9584512238771603 -0.038602075983665274 -0.2826325019846891 -18.801550626515834
-0.27988734422241063 0.03083862596600999 0.9595374165151949 102.11615936418637 -0.03410595814108297 0.9985336237002804 -0.04204028971433772 -2.4659271859797696 -0.959426838358926 -0.04449248800095684 -0.27842514316792616 -19.02353753560334
-0.27758485478057904 0.030336169680438112 0.9602220395333387 102.91560688585203 -0.039216040360584827 0.99831043855637 -0.042876222406194264 -2.5132842305068297 -0.9599003857561899 -0.04955789622762573 -0.2759261936580324 -19.2416890268434
-0.2753369743593755 0.03271937688502177 0.9607908164251369 103.67377655252665 -0.04031896275363925 0.9981482612744292 -0.045545908238884936 -2.5623447953761938 -0.960501916600428 -0.05127856171042805 -0.27350791088342313 -19.4561118897084
-0.27072856487045766 0.03387944275567328 0.9620593679819076 104.49676320187501 -0.043650360932964295 0.9979205598323841 -0.04742575517841396 -2.619208154197616 -0.9616655812462067 -0.05483374528869946 -0.2686867511136522 -19.680729663876136
-0.2652968774973331 0.0320340842273178 0.9636344660906865 105.31090704941909 -0.04652456952587384 0.9978583401297277 -0.04598040304278546 -2.6739787365498486 -0.9630436289289274 -0.05703113606848431 -0.26323832984225704 -19.894909014352805
-0.2617648730691429 0.029028730221298364 0.9646950212625929 106.11777605355468 -0.0479470901663648 0.9979222121883815 -0.04303876119993921 -2.726862139278451 -0.9639399502934163 -0.05752035503007599 -0.2598291380610343 -20.100849022010646
-0.2559080804096015 0.02765423864599026 0.9663054886866698 106.91071309140368 -0.048494582713542844 0.9979649555123311 -0.04140317640846323 -2.777175381637194 -0.9654839873496155 -0.05745598884521607 -0.25404621531781607 -20.304452723319258
-0.25091023042675215 0.029700076520283118 0.9675546298384828 107.70337921106818 -0.05001520688942751 0.9977963958376592 -0.04359852673181981 -2.824214990309113 -0.9667174020089851 -0.059331761376742995 -0.2488718681268161 -20.50145889873177
-0.24755087243988932 0.030966676783374385 0.9683798998756861 108.51198572896276 -0.05009439909486935 0.9977431705458109 -0.04471148407867251 -2.8728520754375473 -0.9675789976707709 -0.05957877607157984 -0.24544093527412864 -20.6999566349758
-0.24368503138335507 0.03275766912540552 0.9693010577695474 109.32283427567374 -0.05139052287486896 0.9975892644375535 -0.046633396161854086 -2.9221025939440888 -0.9684919306005294 -0.06117674878915446 -0.24141413746764673 -20.89030518179675
-0.23897256842049713 0.031237311086365183 0.9705237462002692 110.1356671194186 -0.051245158608090896 0.9976839156687973 -0.044729611388964835 -2.9742450365571975 -0.9696731641443639 -0.06042379342502299 -0.23681832683808018 -21.082051865016574
-0.23118450743152047 0.029070591463434946 0.9724755134375422 110.98736312331059 -0.05189345342042087 0.9977621709218605 -0.042163014235209656 -3.0323970539842255 -0.9715249832174919 -0.060212548436866103 -0.229158582634363 -21.276736691638874
-0.2219532713602645 0.028582129912301024 0.9746382955651565 111.80339046757803 -0.05219868508155433 0.9977886171394734 -0.04114818079397924 -3.088108963922338 -0.9736590997922392 -0.06000781079637576 -0.21997049810188835 -21.458645695224646
-0.2155770121110634 0.02949020152253852 0.9760414334767898 112.62223650078006 -0.05250468553355553 0.9977478671233057 -0.04174268376514878 -3.137651713399909 -0.9750742586317666 -0.06024551157600737 -0.2135431302773665 -21.633987681885017
-0.20965976251823248 0.028415921473474166 0.9773614067414428 113.43739491817759 -0.055950269420290015 0.9975911233342473 -0.04100631654406265 -3.183821218772178 -0.9761722959255684 -0.063281008616553 -0.20756483954628824 -21.803593245166894
-0.2033309444930917 0.027462507936888713 0.9787248528924581 114.25065830184882 -0.0584711410258236 0.9974819331203053 -0.04013625251212997 -3.2293339751727803 -0.9773626004092266 -0.06538810103065798 -0.20121317940164601 -21.967612095566643
-0.20166331323667414 0.026689976678800985 0.9790911873974212 115.07118341130192 -0.06049526796788681 0.9973807191674742 -0.039648752647032943 -3.2806942628714966 -0.9775848969004689 -0.06722608257110549 -0.19952048309444886 -22.127462250800015
-0.19732271181716993 0.02712759553129176 0.9799631834726287 115.92291400072807 -0.06047364476105441 0.9973765472960805 -0.03978644484071356 -3.331340597065066 -0.9784716069924727 -0.06711271462576958 -0.19516454043992743 -22.301089095977844
-0.19380139883018832 0.027740836853870358 0.9806484914494639 116.7628998389358 -0.06157769724599066 0.997285103905245 -0.040380796557097504 -3.378598112186345 -0.9791063297790202 -0.0682119307698553 -0.19156703131620811 -22.46355891905263
-0.1895152011795444 0.02685742826994004 0.9815104008968025 117.60423114800531 -0.06365531324275563 0.9971868626402032 -0.039577292400509 -3.428230378322743 -0.9798122216107756 -0.06997885055153273 -0.187272450877439 -22.621405404601962
-0.1831518403271733 0.025964473635849614 0.9827417002923927 118.43708304259147 -0.06464880415750858 0.9971692044221705 -0.03839413852477526 -3.4746059405452123 -0.980956643030554 -0.07056503284820889 -0.18095480273636705 -22.770353203310396
-0.1796283019155776 0.025531342967347208 0.9834031846995464 119.28758376161255 -0.06398278184229683 0.9972432583892485 -0.03757774906664327 -3.5245953039372644 -0.9816516066195009 -0.0696708986843018 -0.17749954675399776 -22.92305513443734
