1.0 0.0 0.0 0.0 0.0 1.0 0.0 0.0 0.0 0.0 1.0 0.0
0.9998915934958756 0.0006062276454904553 0.014711687337643003 0.008785520680248737 -0.0006050922950398992 0.9999998136003645 -8.162445019133122e-05 0.012250108644366264 -0.0147117340783881 7.271367291499107e-05 0.9998917739401243 0.15161868929862976
0.9993485187446528 0.0032366114871927205 0.035945269910648996 0.01975606697720319 -0.003287414776386414 0.9999936793158798 0.0013543383540635097 0.023738349162827528 -0.03594065924487797 -0.001471623039457905 0.9993528422627682 0.3273313502389424
0.9980745558850697 0.003775737097839942 0.061910618670701925 0.043413757155570346 -0.003957425460562078 0.999988214723807 0.002812329500201679 0.03283727782930099 -0.061899270420136335 -0.003051921175522856 0.9980777354988906 0.5396220639024418
0.9958137786953629 0.0026965461201768045 0.0913654573648304 0.08173210923170138 -0.003107423160642408 0.9999856883354861 0.0043551171631805935 0.042623620989970405 -0.09135240599876712 -0.004620796817226057 0.9958079062525114 0.7916041525431692
0.9921944008403563 -4.299384590041613e-05 0.12470071809166021 0.13491262236893953 -0.0007071247313337936 0.999981922911175 0.005971082438151361 0.053929050611562994 -0.12469872058550092 -0.00601265352386766 0.9921764344520289 1.0708417817199767
0.98682985716049 -0.0035597925434375263 0.16172248110159196 0.20687549275627215 0.002490399199278705 0.9999736781889546 0.0068147517255916345 0.06113834604053367 -0.16174248337538075 -0.006322246934509024 0.9868127473159556 1.3575477461370045
0.9795490335697438 -0.004455479270381248 0.20115625651978208 0.28978496492519373 0.002820095327156176 0.9999606102747954 0.008415756722039956 0.07094304996899353 -0.20118582925973422 -0.0076763665447926455 0.9795230142787577 1.6634950534570074
0.9700637868770965 -0.005794634009172989 0.24278111871883007 0.3897387941652728 0.0031855542954322296 0.9999328982655028 0.011137827893371845 0.08159723964142516 -0.2428293673209601 -0.010031011068245034 0.9700171530356826 2.002100587152344
0.9585381983403309 -0.00947923682969407 0.28480636648712576 0.5133790860600108 0.005133437436679504 0.9998587914371189 0.01600140637531207 0.08982909314883308 -0.2849178305100545 -0.01387592357397344 0.9584515056080893 2.35086720260908
0.9457813068922135 -0.016098518287590832 0.3244049278944463 0.6464844680145034 0.009734161088086828 0.9997271886695622 0.021231918018981933 0.09681839689389946 -0.3246582289749761 -0.016922941345927336 0.945679992605868 2.6514149544687196
0.9307249153955222 -0.020694565324680766 0.36513403953619633 0.7914526115060854 0.012301257734851218 0.9996042579791717 0.025298349512372413 0.10575490220070254 -0.3655130790001075 -0.019054196281447063 0.9306111576184379 2.9566596793689612
0.9120892931115729 -0.02260920617152734 0.4093677383325716 0.9693159167119576 0.01136710491928133 0.9994890077599827 0.02987494422956405 0.11891693695258887 -0.4098340033684193 -0.022595290731895486 0.9118802237792833 3.293612425845452
0.8909052966928683 -0.026122429497240016 0.45343728452979476 1.1653757776311215 0.0116205007217546 0.9993288443798448 0.034739383319505816 0.13335887868837865 -0.45404043463943605 -0.025680332311042685 0.8906109163067936 3.625675430988801
0.8668028988317364 -0.03213879181202063 0.4976141403113081 1.3967619971309808 0.014228529514271167 0.9991086134368528 0.03974326992273179 0.15343683343348563 -0.4984478744309781 -0.027369264095937956 0.8664875301226711 3.9758942645139426
0.8406429493494203 -0.03792511139769873 0.540260231402035 1.6171864918264938 0.01694196696135284 0.9988984577769469 0.043758894025304404 0.1668549726588695 -0.5413246728762588 -0.027632534742754497 0.8403594716305053 4.265756272289908
0.8131453769943027 -0.043598469683487864 0.5804255071187442 1.8557498307007574 0.01964808613476543 0.9986784780005586 0.047489475568050284 0.187326023436711 -0.5817289305028882 -0.027211597155359986 0.8129274139775459 4.539385929799699
0.7801395796870935 -0.048333316467305154 0.6237356224594814 2.124602002420175 0.021185149660822772 0.9984803119615426 0.0508749059854598 0.20604117885044382 -0.6252466918261095 -0.026475595261526437 0.7799779594424794 4.826692722489316
0.7446092663372808 -0.05248287591200634 0.665434135148372 2.4116781311367217 0.022147497087508065 0.9982978209260224 0.05395321220385721 0.23038150821563066 -0.6671330668295611 -0.02543636118552672 0.7445041723672368 5.111914116086347
0.7066213506315775 -0.05355318729204298 0.7055624160642829 2.733693036659708 0.01852272135404135 0.9981901229050665 0.057213523999214144 0.2631300560328018 -0.70734940137477 -0.02735936157207397 0.7063344036001098 5.403926645290571
0.6680504693099971 -0.05624573409138284 0.7419871884683821 3.0668148668452533 0.016993034099170145 0.9980323017088721 0.06035529419856675 0.288787490826808 -0.7439219093740937 -0.027711769019904856 0.6676917332204964 5.677069872150685
0.6325149972136325 -0.058835872831204936 0.7723102474835026 3.4154471273669196 0.017037742730149703 0.9979263697305056 0.06206992765547473 0.3176260989849315 -0.7743606999470596 -0.026101736813570794 0.6322058254341029 5.929777655117047
0.5972045264990647 -0.06222928647449169 0.7996713508897912 3.8143458590305093 0.01758017788172912 0.9977618513114426 0.06451531146332355 0.348389718662197 -0.8018963093035625 -0.024470471438828675 0.5969618958969549 6.204968219413337
0.5635927494925055 -0.06357242104721708 0.8236029140318005 4.239097580475167 0.016333560603067957 0.997696940790277 0.06583334364703429 0.38700865217093106 -0.8258912927967602 -0.02365082704511524 0.5633331260121122 6.478852794887636
0.5319900080983538 -0.06474094792753607 0.8442720183358902 4.660980609804811 0.01668961587131292 0.9976808098230279 0.06598832042820547 0.4254543386612559 -0.846586137380941 -0.02101455144207373 0.53183672364938 6.734970954779012
0.49848198618622963 -0.065010594401102 0.8644589822909166 5.149205104612423 0.0180410320315792 0.9977461307300142 0.06463110533265834 0.46728276262251356 -0.8667123113300441 -0.016621709566138156 0.4985313311719052 7.000959472310972
0.469454837976035 -0.0636263354459263 0.8806610270351568 5.648399919298946 0.019369344170030847 0.9979023491401116 0.06177159611884474 0.5102148145512637 -0.8827440079702141 -0.01194114811771654 0.4697024860210058 7.255488156913024
0.44385722802442296 -0.06234270522971751 0.8939262543605685 6.192171616427209 0.020456454937346085 0.9980219433086314 0.0594452195374819 0.5540375498460709 -0.8958639933504816 -0.008098628223572435 0.44425456400472085 7.514254489425573
0.42064155392847435 -0.06207707003004051 0.9051006134596993 6.784776956617852 0.020849629616181514 0.9980542321106083 0.05876259618985771 0.5978366998317317 -0.9069873075481854 -0.005846977218159789 0.42111736701768054 7.786820582187347
0.4044190724914669 -0.06356088517252527 0.9123624431558035 7.398583129982739 0.023061821655906863 0.9979736251160021 0.05930257966342217 0.6456023847386773 -0.9142829792723108 -0.0029423543142259208 0.4050653976385008 8.053782799850747
0.39281574974446304 -0.06605272939547935 0.917241965727748 8.032714688559643 0.025161912542069363 0.9978157158340808 0.06107925500320645 0.6923409664697775 -0.9192729001280964 -0.0009133312263604094 0.3936197415223865 8.323615931942259
0.3837921453413825 -0.06791791748357374 0.9209184250838691 8.673547220365148 0.02486942668085179 0.99768998684901 0.06321551833045655 0.736849921876614 -0.9230845577685856 -0.0013589061472446227 0.38459466010757104 8.59588187357298
0.3769577272001812 -0.06988733291814117 0.9235900782282487 9.31006191068801 0.02446691126965577 0.9975526962512198 0.06549800344166384 0.7811829431396234 -0.9259072535394657 -0.002092582019974261 0.3777451243146536 8.858636552531953
0.36646240628309906 -0.0719038573575978 0.9276503328724135 10.015963824620442 0.02366919104940754 0.9974072103506834 0.06796047480363018 0.8298081390669958 -0.9301317509773914 -0.0029482261728765793 0.36721415248621075 9.140496569509114
0.3564279098761739 -0.0737858331311483 0.9314047433261463 10.715969029784581 0.02276068643970523 0.9972666588672642 0.07029340128715739 0.8745947682452665 -0.9340455536075827 -0.0038551187875681195 0.3571330870208448 9.407610662737385
0.34571640504855955 -0.075496319600798 0.9352969972190835 11.40325465849631 0.023213689908733008 0.9971411112742299 0.07190777988239508 0.9218558825515065 -0.9380518599102724 -0.0031480046899518346 0.34648058846831603 9.662009334100592
0.33495396295053226 -0.076662083595293 0.939110625880978 12.15402556763341 0.022519292997339825 0.9970512526987569 0.07335994094013373 0.9770546176144336 -0.9419653518822408 -0.0034240955985858565 0.3356926442785101 9.927189840777285
0.325211038033496 -0.07926693001370805 0.9423133950800964 12.906227478313266 0.0207813052358425 0.9968390420600781 0.07668155956578204 1.0322098118234062 -0.9454130938874661 -0.005355187293432796 0.32583032988839683 10.193252980414073
0.3154262827954314 -0.08257497508902782 0.9453505347810955 13.668362411160157 0.01883065931435063 0.9965553109714851 0.08076458657303844 1.0917667403727096 -0.9487632298901785 -0.00767369947114134 0.3158946785635731 10.451917330532199
0.30378956666352663 -0.08684783118274295 0.9487725509337003 14.470026962365798 0.01927446788330628 0.9961930533765957 0.085017029423703 1.1509521599905548 -0.9525441690935924 -0.0075402004661128536 0.30430700173135805 10.711337757589027
0.2927349098864561 -0.08989831430260298 0.95195827934806 15.271053636577507 0.018600844969442976 0.9959176026282369 0.08832970814877722 1.2114536310583286 -0.9560126992358372 -0.00814996078369832 0.2932120342670693 10.957142559816775
0.2784538902656293 -0.09171268182076292 0.9560607799659918 16.059198378647825 0.018146842854429558 0.9957551428779379 0.09023517898555197 1.273564142142397 -0.9602781488143702 -0.007776851894016092 0.2789361889111289 11.181737517798307
0.2653820123905984 -0.09103163818013824 0.9598362507999773 16.847593800021066 0.01643499835687797 0.9958151975343086 0.08989985088261021 1.33453812297032 -0.9640032563889637 -0.008082896136072264 0.26576754591471047 11.39592123331015
0.24866679356926508 -0.09059064503333901 0.9643433832450058 17.617866973981943 0.015651609567944078 0.9958624317652292 0.08951560822882851 1.3965607569633185 -0.9684626233850809 -0.007166033148684213 0.2490558071497206 11.591392153795704
0.22805813504749178 -0.0898834927412269 0.9694897858003961 18.442132695788402 0.013157856209389814 0.9959233251223583 0.08923901219308979 1.462865204501747 -0.9735586052511853 -0.007595275496202689 0.2283110902507886 11.788226162960605
0.20509115463090943 -0.08870723724420837 0.9747146476547177 19.254114982097917 0.009599395814067192 0.9960186932753907 0.08862626160449516 1.5311825402615211 -0.9786958004876518 -0.008819790614480266 0.20512615971969894 11.96758720089391
0.18132161004831643 -0.08875966032455661 0.979410126774558 20.054855191161955 0.006424441988601343 0.9960042794809318 0.08907413654257437 1.596189899916399 -0.9834028677376437 -0.009858902309051322 0.18116733085917897 12.123962534238473
0.14907238060357347 -0.08935271793906417 0.9847809488094728 20.86260730055139 0.003409493493584159 0.9959494764243986 0.08984996251576126 1.6618403984982744 -0.9888204087170231 -0.010036543571794843 0.14877320692191492 12.254311237036767
0.11705546562291852 -0.08964225719266276 0.9890714249705157 21.660786191473793 0.003010317420521505 0.9959454351068049 0.08990899998857171 1.7293107696872299 -0.9931208163948784 -0.0075469209166244625 0.11685070828988914 12.353287183880955
0.08272563021293527 -0.0891735549439787 0.9925747061075686 22.471273651964538 0.0017331727429985982 0.9959999631451063 0.08933683186228465 1.795667372570175 -0.9965708535864953 -0.005670142291019045 0.08254927781806437 12.426083852119133
0.04930435465918903 -0.08765225437000482 0.9949302301747079 23.317957409834428 -0.0013306697013650282 0.9961350882620474 0.0878243431589961 1.869178289627693 -0.9987829143161125 -0.005654046075087092 0.048997161480988094 12.473815716595361
0.017856464564336594 -0.08540576742360696 0.9961862283549436 24.112016128005976 -0.005346784123550427 0.9963226818528677 0.08551330612861403 1.9374060486494997 -0.9998262641943345 -0.00685335803053265 0.017334154461830342 12.492288471133628
-0.013861911356507328 -0.08214958661262448 0.9965236037510198 24.951019366732385 -0.004804302544608639 0.9966133278738563 0.08209015398485724 2.0023327377194553 -0.9998923772539744 -0.0036496744474834725 -0.01420963707570283 12.480022781387975
-0.04374572257050707 -0.0789987871384035 0.995914405653139 25.764897376622038 -0.002883549901138392 0.9968745422796033 0.07894828747223731 2.0627240804077287 -0.999038536242097 0.0005818809952137238 -0.043836794109007815 12.437803383302002
-0.07441263002792303 -0.07451672984611574 0.9944395494273992 26.5823663832355 -3.4127849585924297e-07 0.9972042632777451 0.07472387369892833 2.123952847145766 -0.9972275369704806 0.005560060586977937 -0.07420461733651179 12.371553980852827
-0.10524639262132207 -0.07173394251993132 0.9918555531581933 27.398836268653913 0.0010682794816772381 0.997386177934442 0.07224728952891399 2.181749816661658 -0.9944456021417901 0.008663345535812932 -0.10489466537903414 12.2826061946125
-0.1319337236722829 -0.06850310152572145 0.9888886780822816 28.164710141077116 0.005099262235774123 0.9975491367429901 0.06978335982142378 2.233830497424495 -0.9912454237385495 0.014249381203132787 -0.1312610568779305 12.172997357636152
-0.16046211628582646 -0.06050929471357964 0.9851855330293574 28.97158267399847 0.007916567754283087 0.9980081602186228 0.06258626120828459 2.2839664155996564 -0.9870102518171054 0.017842011946665275 -0.15966347552784038 12.032603633323959
-0.18546912839689322 -0.04844209291087653 0.9814553306422616 29.79530236145819 0.009281911507736402 0.998653221553949 0.051044972315423966 2.331342362704719 -0.9826062530487273 0.018577048052202873 -0.18476970735271214 11.877465495285383
-0.2077154335809943 -0.033494618371163985 0.9776156756069483 30.57938330101263 0.009246003748942147 0.9993017148914451 0.0362021274194165 2.368536662766438 -0.9781455975809197 0.01655877879516495 -0.20726069761987853 11.712004110462242
-0.23053673850738882 -0.019270142877065157 0.9728727942500363 31.383771864002927 0.008179538996960382 0.999730189030527 0.021740383685301175 2.395827177091368 -0.9730292427980637 0.012969608108358562 -0.23031691628133294 11.529499854154563
-0.2552296199271355 -0.009148205364356114 0.9668371897328224 32.1681222952059 0.010252606538091992 0.9998734121956232 0.012167318663399337 2.4136653118470717 -0.9668261090656506 0.013018061410716977 -0.25510351801980663 11.325046395669444
-0.2808647720248308 -0.0051416833407889415 0.959733579139473 32.97011299372976 0.011570639504801543 0.9998948348062657 0.008742975992238847 2.423993391549869 -0.9596776021856976 0.013560325223754496 -0.28077574226228347 11.093565849148145
-0.3050061740734742 -0.005913837860949898 0.9523320115898741 33.7399467333304 0.012380632382433495 0.9998715942180333 0.010174233027592332 2.433544534709764 -0.9522698954177187 0.014893676431395542 -0.30489379246466175 10.848118538741833
-0.32685260744155165 -0.010469232555530762 0.9450173375014648 34.494162151046545 0.013269186696077025 0.9997892394266376 0.015665420873078185 2.4374598948180894 -0.9449821700397758 0.01765989514137148 -0.3266448015972583 10.58912374986678
-0.34646215107064515 -0.012592414396991573 0.9379794288656634 35.23568851480475 0.018351088520736792 0.9996275617729403 0.020198398302608014 2.44247861747123 -0.9378844360717401 0.024210924053847165 -0.34610203081006796 10.307166312126224
-0.3619052048648795 -0.0127942387202754 0.9321270997816117 35.97615809872049 0.01949841234967483 0.9995831756910487 0.02129053290174788 2.4508274201928626 -0.9320109627078171 0.025880153225337876 -0.36150488663568764 10.018755173222322
-0.3734946288594336 -0.009879268350506534 0.9275797336455841 36.73084523343084 0.02134417853681038 0.9995870287752899 0.019240528755117472 2.4581089995919774 -0.9273867522537417 0.026984661588510223 -0.3731295214576446 9.713007093613827
-0.3827361538175761 -0.0073631669762120044 0.9238283500374999 37.497691443899804 0.022089470898510138 0.9996094266066995 0.017118689040036245 2.466925582952976 -0.923593575029814 0.02695882065495455 -0.38242401879659893 9.391126322326887
-0.39117428104332874 -0.006161460941191624 0.9202959949110424 38.27347957462392 0.017528143971103215 0.9997463267610683 0.014143772363821463 2.4716361423924256 -0.9201496867462181 0.021663760680488784 -0.39096705162202006 9.069749482877326
-0.40177754701920765 -0.007167494390707891 0.9157092495630847 39.05039165541045 0.01740521047157921 0.9997289579294671 0.015461866824614196 2.4760243977322896 -0.9155718766758123 0.022150343144548498 -0.40154389665254564 8.725071209949142
-0.41084306243757834 -0.006715807635774357 0.9116813456327335 39.81717541684851 0.018431562093598277 0.9997073167550037 0.01567030137874536 2.478183637548703 -0.9115197505077453 0.023241745939368508 -0.41059903273143245 8.374820328575385
-0.41738186694792867 -0.004927793340727115 0.908717829689642 40.57120708776945 0.020566648605510628 0.9996779335026349 0.014867489130295165 2.4846977196535858 -0.90849842603507 0.024894700654819742 -0.41714609403793756 8.021952022533686
-0.42317780199520005 -0.0016036661840417212 0.9060452395732135 41.32950624936647 0.021749762427444322 0.9996922895389274 0.011927869498255023 2.496810676690843 -0.9057855682957536 0.024753878305991413 -0.42301270640011646 7.664773880089518
-0.42399482359573276 -0.0008497521289517924 0.9056642134286542 42.09623898694219 0.020577594660573517 0.999732366138977 0.010571598372421732 2.5037351392346667 -0.9054308102566472 0.023118694069561872 -0.42386386236916845 7.310609938360639
-0.42401549758829726 -0.0008846125928150487 0.9056545010463481 42.85201288882325 0.02260413320356238 0.99967766466985 0.01155940839104579 2.510132266085552 -0.9053728022019796 0.02537290327881309 -0.4238588265120118 6.958393712076076
-0.42197276356258917 -0.0021229274269149983 0.9066060224764069 43.631848886902986 0.02062257737375941 0.9997160376088385 0.011939574956702718 2.51830187625863 -0.9063739273135644 0.02373472828627849 -0.4218091589325226 6.601732090760241
-0.4153665060065917 -0.003218771284489487 0.9096484514356601 44.43706130268566 0.0183962405088893 0.9997595050023362 0.011937775865822262 2.52811021904979 -0.9094681105036148 0.021692663942025518 -0.41520739914900756 6.242966032922585
-0.4076034194456522 -0.004117774875343579 0.9131497666792056 45.22710249314247 0.016915570885460543 0.9997841979424076 0.012059063242043505 2.5390364301072283 -0.9130023635883046 0.020361765020072163 -0.40744580327625984 5.895144260749566
-0.4024019248390016 -0.005204843175977696 0.9154483057460865 46.04552062508209 0.014353125613150771 0.9998250535716856 0.01199374985187568 2.5494383131599885 -0.9153505769217605 0.017965852551151892 -0.4022568202916026 5.541823978624802
-0.39717213622501174 -0.006731263578242222 0.9177194474876845 46.88220994203182 0.010992018415984448 0.999866483470101 0.012090937278669294 2.5564756368910344 -0.9176783040573661 0.014889772455423415 -0.3970451170063955 5.192981205711909
-0.3958898150891491 -0.008459255286887738 0.9182590567528702 47.7420117150645 0.00786062262033932 0.9998897164983975 0.012600216378110122 2.5676745636942204 -0.9182643763757256 0.012206385244856342 -0.395779659960633 4.833987680414564
-0.39640416307830645 -0.010066354126815034 0.9180209191564106 48.613821089024704 0.005408387236033213 0.9998969309453891 0.013299505009465654 2.576922787230861 -0.9180601771352968 0.010236991774209985 -0.39630886333480136 4.4706099540510715
-0.39756728722059187 -0.010847409778841462 0.9175089023182006 49.50620702424195 0.004801906828472411 0.9998918305455915 0.013902118507512953 2.586995756604572 -0.9175604578570669 0.009932819804877101 -0.39747219433295433 4.0960452854527185
-0.398983223310113 -0.011506418446637716 0.9168860288234321 50.40624715272032 0.004883394451516811 0.9998804211548815 0.014672963223829522 2.5942991069727563 -0.9169452219057056 0.010331782308383879 -0.3988793229770487 3.709583070805275
-0.3982907677221687 -0.0122262078602275 0.9171777276998412 51.32834972863292 0.004714316085738528 0.9998706724084203 0.015375749782597991 2.6044554589159277 -0.9172470984261161 0.010447884900391394 -0.3981816195280478 3.310714389263034
-0.3984072563179484 -0.012854040821284994 0.91711854836099 52.24981129286163 0.004843615186854796 0.999858367604811 0.016117820031409952 2.6109054003897993 -0.9171958337809469 0.010863625785528023 -0.3982885689166409 2.918077937389557
-0.399606736160739 -0.013418389461981404 0.916588459036665 53.187022222640785 0.004385950252685945 0.9998534280527773 0.016549497016241376 2.618552404458513 -0.916676180477786 0.010633401871282984 -0.3994893126346451 2.5134325673478513
-0.398905203824322 -0.014290468159111534 0.9168808106191718 54.15170099789702 0.0028375458689794434 0.9998545373606988 0.016818217880150643 2.62551283549431 -0.9169877789236439 0.009310565987962302 -0.3988066281616521 2.101845790314084
-0.3994466596455406 -0.014760735838715323 0.9166375983863633 55.09828465085113 0.0028612008625648706 0.999845427307076 0.01734747885876185 2.6307623471800983 -0.9167519727972469 0.00955207677056651 -0.39934268266956585 1.6938316639963635
-0.3977941781992591 -0.014885620056974922 0.9173539175837729 56.070179823888765 0.001859197576164309 0.9998532416323105 0.017030519126950753 2.640949889510404 -0.9174727980573315 0.00848018354046872 -0.3977081232662605 1.2798366991286054
-0.39649163381941555 -0.016676574686083134 0.91788685368511 57.01381796186234 0.0010844206946316551 0.9998257893535474 0.018633705356516757 2.645240303126387 -0.9180376944020153 0.008383483780381392 -0.39640447633286957 0.8805119153528054
-0.39568585966751096 -0.018674615620808153 0.9181960352727505 58.00624458468251 0.0033148333659111014 0.9997576856565866 0.021761935813298303 2.654514530535325 -0.9183799389898166 0.011654557134483535 -0.39552807606927226 0.4544067393082656
-0.3931904575318944 -0.020340011854877087 0.919232042535291 58.982238407722676 0.004676005223004539 0.9996981201488347 0.02412060418066756 2.6611967391907743 -0.9194451582780857 0.013782325225790553 -0.39297665125342573 0.03840869143709025
-0.39130361394987756 -0.020706909878056144 0.9200286438981492 59.936578317749515 0.005576210578887109 0.9996751130184657 0.024871153714651272 2.6700137750827047 -0.9202447433076405 0.014862445788629986 -0.3910610184099599 -0.36562748340879136
-0.3905835767264022 -0.020993201111891343 0.9203280692767588 60.90871099576596 0.005365772480090975 0.9996710401276047 0.025080271447599677 2.68194765262479 -0.9205518334549678 0.014734213154053034 -0.39034244566204734 -0.7689486050276946
-0.3883347102427319 -0.02067394656305333 0.9212864596607301 61.87301255742884 0.005109740358981435 0.9996846340350973 0.024587049997467043 2.692312394201024 -0.9215042286252179 0.014255539541601473 -0.38810660419299814 -1.170511839059594
-0.3883809349120329 -0.02010357281538561 0.9212795969503024 62.813836109397656 0.0021865471825505516 0.999739079850805 0.022737441159554426 2.7011116536883826 -0.9214963203444025 0.010845209962108079 -0.38823564109005254 -1.5604157744725953
-0.3900315423969145 -0.018309182684947974 0.9206194489390788 63.7629091467282 -0.00029899119902616726 0.9998047599893146 0.01975734058450169 2.7125378444351402 -0.9208014479461611 0.007430728908949244 -0.3899608669188934 -1.9561170354102697
-0.3934993862455899 -0.01775594548158306 0.9191533927611861 64.70876445271752 -0.0020348011229092706 0.9998278378402019 0.01844327151503815 2.7191603669271385 -0.9193226270514256 0.005387121665811952 -0.3934677703591788 -2.354669649470274
-0.39790713967775004 -0.01978725375132153 0.9172122833796181 65.68166409798117 -0.0028148573684044654 0.9997890045432238 0.020347554459092393 2.7251128453475704 -0.9174213779782263 0.0055146154399924995 -0.3978788813760814 -2.7753670659562673
-0.4027516073667612 -0.02209274928341832 0.9150426510237599 66.62855482576198 0.0008192645457722383 0.9996995604834322 0.024497297296571886 2.7308989971534134 -0.915308948699342 0.010615987864188943 -0.40261250506234036 -3.1940002251671507
-0.4081405225653191 -0.023364726593017936 0.9126200761496219 67.5580444892624 0.00014554950117462266 0.9996707565612524 0.025658474069902574 2.743402422286179 -0.9129191052089176 0.010605094411964253 -0.40800274425187666 -3.6013271849631785
-0.4128296696641459 -0.021421431609922926 0.9105563058442755 68.4777240036233 0.00046622104160590205 0.9997182856588197 0.023730401541716236 2.748536299074477 -0.9108081282481689 0.010221134338815791 -0.41270338250357896 -4.011729692772071
-0.41764330333469124 -0.019183060991534353 0.9084085431955615 69.3729059500229 -0.00010021570017924517 0.999778072551557 0.021066456795273147 2.761180174671281 -0.9086110615310055 0.00870722780733028 -0.41755253926591174 -4.419770868524575
-0.4231288771086699 -0.017365893994448444 0.9059030737791597 70.26265109174469 -0.0008569879539686298 0.9998235350902704 0.018766039839068077 2.7699837837289047 -0.9060691027335624 0.007164105343189546 -0.42306909207153015 -4.830865496329868
-0.42734168638706316 -0.01673436794225151 0.9039353096352828 71.14134402370226 -0.001966099348009465 0.9998435195801375 0.017580409749408707 2.779702473594872 -0.9040880585038246 0.005735615326771221 -0.42730771721045313 -5.241347197034735
-0.4302893821004121 -0.017978021097977206 0.902511960258171 72.01276725275484 -0.0016920179896316237 0.9998159629310421 0.019109613899713586 2.7862274331438055 -0.9026894176441689 0.006695597484470678 -0.43024061203884245 -5.653894675714209
-0.43455639710311866 -0.023617434750555583 0.9003349124145749 72.93649731077412 0.000575893208186247 0.9996486321605496 0.026500576721180193 2.7973682473572756 -0.9006444393231824 0.012034491902263352 -0.4343901068404815 -6.091707783389881
-0.43557700793648735 -0.03087539990059897 0.899621798223051 73.81760641086487 0.003172563495349206 0.9993527096840593 0.03583429206774554 2.8118215219223064 -0.9001458798427984 0.01846270099705366 -0.4351971089907747 -6.518503664981202
-0.43682131496600995 -0.033206996696472334 0.8989351668289357 74.69765896951638 0.004098792360045135 0.9992345531116584 0.038903827175917415 2.8254555782705593 -0.8995389589631765 0.020678569538168975 -0.4363508428653483 -6.937627851154973
-0.4366697023259511 -0.02879735294165995 0.8991608774485904 75.55935243431607 0.003018136140211368 0.9994350128620468 0.03347455630295372 2.8442644292259343 -0.8996168417303028 0.017331114476395848 -0.4363360752289473 -7.35193977058386
-0.43636500396934325 -0.02368732851790238 0.8994578888299997 76.3821092193734 0.0019587501272747988 0.9996260341629428 0.027275540720690265 2.860011420873225 -0.89976760700126 0.013663904689074078 -0.4361554208076222 -7.7531585278334525
-0.4363584661069761 -0.0207561301434879 0.8995334747068805 77.23976135909915 0.005505066207754497 0.9996535954234875 0.02573681027133823 2.8730272056297177 -0.8997560687779859 0.016182466386840247 -0.43609304566666 -8.174172632814708
-0.43331232532160413 -0.021189657948308738 0.900994687620531 78.10379578868792 0.007167287057332103 0.9996109300907972 0.0269558609443252 2.8847253903615457 -0.9012153231723385 0.01813799435013897 -0.43299186417337243 -8.588446223919465
-0.43041207125122943 -0.023356213377447234 0.9023302811154538 78.95705353450651 0.006742540395471621 0.9995540852186338 0.029088981964927624 2.8991371443736096 -0.9026073271751355 0.018604247348592368 -0.43006266393439724 -8.99050026304519
-0.42760315100518725 -0.02778650149071793 0.9035394045559615 79.82553552379328 0.005328040773524922 0.9994326305217729 0.033257014746441695 2.921896587929789 -0.9039508599652697 0.01903489908656504 -0.4272124944156171 -9.393455002147828
-0.42362562889682887 -0.032748285828455556 0.9052452023165128 80.70293235053605 0.0043565496578170625 0.9992610700962289 0.03818814299253878 2.944318644066106 -0.9058268857882533 0.020121221768008807 -0.4231699297182131 -9.794264968744324
-0.422066705461689 -0.03587400819345806 0.9058547078184513 81.56842960105703 0.000514046986330112 0.9992071156986093 0.039810497270975055 2.968284727785894 -0.9065646319465657 0.01726833730855902 -0.4217136144709893 -10.179063616053
-0.4198389586475325 -0.03817738089823495 0.9067953111863265 82.44431575964407 -0.003572823810340846 0.9991766902164609 0.04041258044345687 2.9996230067321323 -0.9075915842116298 0.013726955810728624 -0.4196297021808567 -10.56452943343146
-0.4171910042340726 -0.03904367455591118 0.9079797671002025 83.28942552566448 -0.0017153265783218276 0.9991088029329471 0.04217413373885736 3.0196850039867953 -0.908817211347197 0.016037187380130546 -0.41688617748737944 -10.948899575084733
-0.415161904351532 -0.037118455175748716 0.9089899963479113 84.14280551121038 0.002014714924706982 0.9991273364919793 0.0417193767716613 3.042204642807786 -0.9097453127656014 0.01915165162093345 -0.41472482460205917 -11.335144838813324
-0.4103410666557476 -0.0346790815619918 0.911272500582477 85.00629251774352 0.003641410325681731 0.9992063922371017 0.03966517166678624 3.0674762127175508 -0.9119248593753017 0.019594565943963242 -0.4098891360341285 -11.721031856947643
-0.4035948915322541 -0.03397579096518474 0.9143067369090957 85.85317309851177 0.007392819861016578 0.9991565534697744 0.040392175887226114 3.0917354979753093 -0.914907924188861 0.02306138084963957 -0.40300330391913325 -12.094734602451451
-0.3947401124084723 -0.03323891887980958 0.9181913841500847 86.71285576606716 0.012160830808047958 0.9990688594028113 0.04139478669620196 3.1125401865468154 -0.9187123368333555 0.027506152825640034 -0.3939683409957301 -12.462992367717998
-0.3838043137242694 -0.0336773745902602 0.9228001317768383 87.55814561237888 0.009919821276735168 0.999126696992468 0.04058867456272462 3.140057758018826 -0.9233611676437777 0.024732120766898125 -0.3831350627257851 -12.802166709734923
-0.3725366931521293 -0.035468872629501456 0.9273394046031198 88.42469292185281 0.008754880218240169 0.9990905545029174 0.041730276483840416 3.166830623055158 -0.9279761658187353 0.023664804614568442 -0.3718873656026967 -13.145004605576913
-0.3599636433994922 -0.03806461543334461 0.9321894981614386 89.2835233996737 0.010564115418040414 0.9989370000069597 0.04486947160965634 3.193731375174889 -0.9329065199128997 0.02599913592808458 -0.35917888305828255 -13.473353327265155
-0.3469803170728033 -0.03985080013422454 0.9370253856180841 90.1217385208525 0.010484079612107407 0.9988696286329938 0.04636322971140178 3.2213966500252584 -0.9378138107528295 0.025910976887167037 -0.34617030149625616 -13.781318739743675
-0.3353175075974753 -0.04065058371129415 0.9412277615660031 90.96141379781282 0.010702355806882813 0.9988398324134282 0.046951557636544974 3.2505391366431624 -0.9420443878495325 0.025817033684100682 -0.33449342608331484 -14.080050164235479
-0.32004273955247703 -0.04003187282319784 0.9465569681841725 91.80166372051443 0.013989061589662198 0.9987982868396541 0.04697114392914799 3.2778340803449093 -0.9472998210786202 0.028274217309050536 -0.3190981316460105 -14.369159278991232
-0.30623506594759714 -0.036775380576641425 0.951245318394532 92.64584216023528 0.015294461504925782 0.998934483814764 0.043542812185314445 3.3021134472669282 -0.9518330546011446 0.027883120865039638 -0.3053463078857847 -14.643294707710568
-0.2938179817058337 -0.029321328630887336 0.9554115622670839 93.49412810761595 0.016679568737430497 0.9992199411205385 0.035795268595175754 3.3239981177900417 -0.9557158498283073 0.02645314639862243 -0.29309971926388684 -14.907946179901815
-0.2798814444552078 -0.025459345646313365 0.9596969306864163 94.373379619352 0.012971960354089441 0.9994567565223571 0.030297196015170863 3.345282870217014 -0.9599469283737714 0.0209287735204741 -0.2793991430636291 -15.159750842107004
-0.2665510644505719 -0.027668048524271065 0.96342358759329 95.28367014273861 0.011569598998302526 0.9994240089735331 0.03190289432465117 3.36570388275317 -0.9637513550803888 0.019650175015250234 -0.2660774252028619 -15.405083023749114
-0.25221754117067774 -0.03170150666457052 0.9671511393784394 96.17328108416312 0.010799624774014513 0.9993087634726008 0.035571946131778706 3.381328877979823 -0.9676102934707537 0.019416738193060782 -0.2517008348166214 -15.63373002789515
-0.240948275002699 -0.03178369827726661 0.9700173840179586 97.01532252883999 0.008818795592662871 0.9993506629408021 0.03493538784777383 3.3967528298305534 -0.9704978916090022 0.0169720064694553 -0.24051152442010393 -15.83248074207
-0.2341199456381604 -0.026731682283235414 0.9718401454028812 97.88942618171554 0.006122118608071001 0.9995615611943853 0.02896903599349042 3.4111983589448087 -0.9721884440365117 0.01273194977022729 -0.23385364383929286 -16.036712963302243
-0.2292341725696465 -0.021029724585658258 0.9731441027978135 98.77000004082667 0.0013588920074816598 0.9997586954546203 0.021924969222063048 3.4186367561544544 -0.9733703547667877 0.006348349921654447 -0.22915028019719008 -16.231373514945254
-0.22622380136372605 -0.01884000355218425 0.9738931388826494 99.63859810574955 -0.0016950367635861826 0.9998190374085028 0.018947804250247856 3.425336461974051 -0.9740738773557763 0.0026356596307764 -0.22621479781701986 -16.424597677238022
-0.22261622973664064 -0.019380590816168514 0.9747134999359862 100.51641053019192 -0.004021854815537968 0.9998121334361693 0.018961079021473932 3.4312971282384996 -0.9748978607739819 0.00030088774001162284 -0.22265235351300905 -16.616084370271246
-0.21816227087909157 -0.02004202741200631 0.9757066878432753 101.39647710696751 -0.006279248694527415 0.9997972316198318 0.019132869130193575 3.4352945497563683 -0.9758923068662394 -0.0019526347680060563 -0.21824388334327405 -16.8044304279382
-0.2132700266782348 -0.023654395764149697 0.9767068983485773 102.27160130385481 -0.010325848146815843 0.9997055972600905 0.021956677045835104 3.442009634463983 -0.9769387250901226 -0.005402626016964271 -0.21345149109670536 -16.991534938823143
-0.20826827155673383 -0.027670009026111594 0.9776802635132131 103.13115797147844 -0.011552295632890765 0.9995996115655998 0.025829460379816635 3.449578577039645 -0.9780035130450102 -0.005914994369999633 -0.20850453547398445 -17.169166711326465
-0.2035495696861342 -0.030104051559806007 0.9786017161032747 103.97671331738344 -0.013432036431609985 0.9995189713572754 0.02795364545446402 3.460688679548764 -0.9789724986320554 -0.007454661399320323 -0.2038560152301913 -17.339742353033188
-0.200181756886803 -0.030793215063039926 0.9792747531289646 104.83809985301068 -0.01933526523746286 0.9994354852878733 0.02747468408536848 3.474166905532232 -0.9795679719794387 -0.013434606561980537 -0.20066414632069912 -17.50052829395515
-0.19748491050318306 -0.02968252159729917 0.9798564476672977 105.70167314928038 -0.026327409390563068 0.9993415507316656 0.024966627645952432 3.485889809431366 -0.9799523343705712 -0.020866549615492568 -0.19813634060619156 -17.665047309177766
-0.1933792417235739 -0.02734017274754403 0.9807430773778371 106.52888885719567 -0.02713809089679381 0.9993782484222796 0.022508678390651616 3.490596107359657 -0.9807486899776584 -0.02226278362089702 -0.19400096796809085 -17.826130186937156
-0.1879265159102872 -0.02516977889182323 0.9818605332980634 107.41119952155701 -0.02873556174350378 0.9993845560043098 0.020119063381635126 3.493565700833208 -0.9817626455050661 -0.024433408493407117 -0.1885341253998556 -17.99471885804281
-0.1811640131875335 -0.02788209711539579 0.9830575715522643 108.27720689569871 -0.031688876595802135 0.9992444661930331 0.022501375129014952 3.500617404831659 -0.9829422238493388 -0.027075550650878123 -0.1819106899856865 -18.15206933428063
-0.17525511176363923 -0.031674538370622764 0.9840133990041611 109.1466747881157 -0.032354615502082386 0.9991277653766926 0.02639862324230583 3.509487891294373 -0.9839912726525712 -0.0272108815069403 -0.1761270656974348 -18.301812080171544
-0.16790851137424567 -0.034516112311359114 0.9851981373302503 109.99939796845563 -0.03349915236791102 0.9990094406494507 0.029290685958225936 3.5207436380332666 -0.9852332407093849 -0.02808514703863194 -0.16889844853373315 -18.441024339053737
-0.16306858235050464 -0.031143900406402466 0.9861230627653288 110.83322752911148 -0.03649423624946603 0.999008059532958 0.025516028467646626 3.5311594017426504 -0.985939556043252 -0.03182694543417068 -0.16404340088392905 -18.571719980211046
-0.15909330820399598 -0.028830611732081932 0.9868424976215112 111.685942882225 -0.036429486658772894 0.9990642205949358 0.023314708422188857 3.540918534036491 -0.9865912080423617 -0.032240951508715365 -0.15999471634815338 -18.702683488576444
-0.15420086280749595 -0.028332227513990994 0.9876332207826544 112.52550853653369 -0.037489662213269714 0.999036741059248 0.022806035184832797 3.5496671836152816 -0.9873280200301007 -0.03350932553502601 -0.15511449308697406 -18.827894840192936
-0.14782753576922347 -0.02972923213800107 0.9885662306719181 113.39835665101941 -0.03834199631712607 0.998968962181673 0.024308515299971602 3.555624110731489 -0.9882696549964571 -0.034310134860654616 -0.1488149980984016 -18.95082764972599
-0.13926556268680196 -0.031129893357365372 0.9897656453873752 114.27804805057978 -0.03659436454177715 0.9989848329300168 0.026270821448327472 3.5600765827710483 -0.9895786757672741 -0.03256122410698711 -0.1402633635392458 -19.07526060510695
-0.1309746133132692 -0.03166268625225954 0.9908799750558748 115.15510508477182 -0.03549042739200073 0.9989989502509398 0.02723099265642205 3.5652475106624664 -0.9907502612823138 -0.03160018507559666 -0.13196722347695022 -19.19382824633312
-0.12444609007208463 -0.03199540618084416 0.991710373369712 116.01820981628022 -0.03513140677739249 0.9989953575970251 0.027821929434058607 3.5735581196658956 -0.9916042330101321 -0.03137785019588109 -0.1254451098826609 -19.304881742625472
-0.1165705965766709 -0.032544336293785225 0.9926490629567714 116.86948877355755 -0.0378026035322349 0.9988841465240704 0.028309450525648434 3.5872173135309193 -0.9924627243276917 -0.03422466943706672 -0.11767078151342336 -19.405367590398626
-0.11001316638079373 -0.03364547186277137 0.9933605012511841 117.71016983712501 -0.04114633836447467 0.9987243019133589 0.02927025122663729 3.598827656479557 -0.9930780845744551 -0.037653034284181694 -0.11125721076463435 -19.49544186611916
-0.10612758938253364 -0.03403233754066362 0.9937699606917946 118.56150469295068 -0.04211705318952984 0.9986710783027902 0.02970237687749222 3.6083615515750247 -0.9934601595446507 -0.03870242063567353 -0.10741989589669487 -19.585199060527465
-0.10108616784234498 -0.03459243358108529 0.9942760935524337 119.43804044079391 -0.04328067221382945 0.9986020755764202 0.030342677323945504 3.620376505134474 -0.9939357977674759 -0.039965712722335234 -0.10244204079833358 -19.674272630408385
-0.09835275578311414 -0.03358074792446589 0.9945848725969549 120.30013547538096 -0.044873301240686156 0.9985635716262291 0.029277640902776556 3.634913169806907 -0.9941393877448123 -0.04175076993185611 -0.09971835811157087 -19.756157743545703
-0.09344336927758817 -0.035142848982032564 0.9950041793397044 121.17157055105778 -0.047183384352429546 0.9984102932195773 0.030832039086780786 3.650335168760296 -0.9945059401426939 -0.044066615012091914 -0.09495298027062077 -19.836884635209483
-0.08832240919105322 -0.0375635413656755 0.9953834097445855 122.02638926644335 -0.047295194810617495 0.9983197907064711 0.03347775427972203 3.6645381065109786 -0.9949685002966244 -0.044120016362835725 -0.08995058406496986 -19.908958097693134
-0.08429191564473604 -0.03873853348920538 0.9956878019640728 122.90856439744836 -0.0477051925824114 0.9982550705063863 0.03479983920889539 3.6785549897671976 -0.9952984916886068 -0.0445661332336074 -0.0859928613955171 -19.978959859356284
