1.0 0.0 0.0 0.0 0.0 1.0 0.0 0.0 0.0 0.0 1.0 0.0
0.9999153425342702 -0.008269139681835165 0.010046347271300295 0.021195176988840103 0.008265309833423546 0.9999657524118618 0.00042267805311096155 -0.0016018189489841461 -0.010049498391998275 -0.0003396060973666994 0.9999494448469722 0.4453638792037964
0.9996917985807849 -0.018201877983374398 0.01688192785773118 0.050294109862678044 0.018199549912848476 0.9998343319712495 0.0002915382908011565 -0.003108376865990859 -0.016884437606418123 1.5795050385709636e-05 0.9998574475980221 0.8634951838512415
0.9994243733831281 -0.02759941804982661 0.01972800068565136 0.06933247622382377 0.02760160520690294 0.9996189900750199 0.00016146640499712454 -0.003405385291208398 -0.01972494050040263 0.00038315102581018177 0.9998053710185534 1.2935624396881604
0.999168149651822 -0.035918704256734046 0.0193094641528851 0.08963672836423185 0.03594767138554453 0.9993530061002339 -0.0011550412904906392 -0.0056428174835675 -0.019255483460852978 0.00184821074098985 0.9998128877313723 1.7574391312975015
0.9988379282219122 -0.04572387099965383 0.015235510039546728 0.11068190828082275 0.045765157778534016 0.9989494096675967 -0.0023721842816217965 -0.0071943118083764 -0.015111038311909665 0.0030666831540119956 0.9998811189214291 2.2084247955812084
0.9985580447199194 -0.05361401814207476 0.002714476706996005 0.12317682645012229 0.05362493393968134 0.9985526391479801 -0.004122294333109991 -0.008526459915860289 -0.0024895351165142477 0.004261913803123782 0.9999878190786318 2.702036051923976
0.9980060078468201 -0.06088576438648215 -0.016641273891349784 0.12088786722664512 0.06079229529536832 0.9981320026025647 -0.006066482779557566 -0.010921837283029149 0.016979550476201526 0.0050427250240036876 0.9998431205894046 3.1759306732103303
0.9971896403885618 -0.06563851515542303 -0.03611656724997685 0.1050044694055198 0.06542603697416845 0.997832621430891 -0.007035147063911532 -0.021239791631879792 0.03650006558330465 0.00465241190646556 0.9993228208521344 3.640377439741301
0.9958716175442797 -0.07148076371105569 -0.05594838504393426 0.07597406808186857 0.07110443066314412 0.9974310135694403 -0.008690978650835252 -0.024290350447468224 0.05642589219330285 0.0046769209019787905 0.99839583587927 4.101520517508046
0.9938431532321614 -0.07874519260563415 -0.07794216711804004 0.03855329980106933 0.07818197107632296 0.9968863474219426 -0.010256204091155054 -0.028987422193201037 0.07850710905501425 0.0040993859588975955 0.9969051253066084 4.628665908504178
0.9912750271503988 -0.0849179800273473 -0.10081050151671406 -0.020655359949342658 0.0841485793851173 0.9963825419401211 -0.011867885422836927 -0.043372735063163956 0.10145362061278529 0.003281277955007795 0.9948348586974318 5.182618390304141
0.988462795908112 -0.09179494104426099 -0.12047817189930572 -0.07794245599924338 0.09086223164050052 0.9957756645943582 -0.01322424527042825 -0.051472879008614615 0.12118315050709828 0.002124758891043377 0.9926278907187874 5.697342926180488
0.9851421402069133 -0.09867465807957694 -0.14056413284128028 -0.15720241307145283 0.09745307134142091 0.9951184042393065 -0.015564717483469447 -0.0630724267998426 0.14141379874208326 0.0016350526275548012 0.989949223005018 6.221701900093366
0.9819883826663708 -0.1048222718560274 -0.15719767056552347 -0.23484576118007644 0.10353427440581932 0.994490953271338 -0.016382853375602753 -0.08005660554945213 0.158048949163056 -0.00018757507051805032 0.9874312606374416 6.7404333225690385
0.9788564702093709 -0.11124391109377857 -0.17165314728780956 -0.33117152160340046 0.1098159801371443 0.9937921405559644 -0.017822229818756176 -0.09240323074603643 0.17257016322577112 -0.0014048536413885319 0.9849962259574789 7.282648659272207
0.9752272755155207 -0.1202944424070154 -0.1856367641836065 -0.4286425154549536 0.11871211512297383 0.9927341169995529 -0.01965722941178936 -0.11484838035229042 0.1866526046258248 -0.002867066637377739 0.9824217959284557 7.858951157402348
0.9714155192082519 -0.1300389958660322 -0.19859946776242052 -0.5170543306939389 0.1281612093364897 0.9915017725172112 -0.02233695405907347 -0.12663599837258105 0.19981639938396226 -0.0037542841371892843 0.9798261641168021 8.40777221239029
0.9683696394186345 -0.13662580655539733 -0.20879087727990223 -0.6308831798434453 0.13436238526382235 0.9906154721746274 -0.025054654546740864 -0.14381686865463433 0.2102545858678003 -0.003791473503467776 0.9776393168496409 8.983371077665867
0.964987398929158 -0.14512671219109824 -0.21848926133002652 -0.7458949606328465 0.14246896991778124 0.9894043735650837 -0.027956719779884877 -0.16129098993936786 0.22023149756223523 -0.004150057696803341 0.9754388061291229 9.567112030130037
0.9613215310195746 -0.15261310096990105 -0.22928182529483682 -0.8613799730000036 0.1493485168502695 0.9882785681805255 -0.03163055784641508 -0.1776849841974193 0.23142155153054794 -0.0038357642525875223 0.9728460065189108 10.138966817526194
0.9573053686281573 -0.16186980462126457 -0.23950907612777822 -0.9888487582788499 0.15816709673672216 0.9868012548918184 -0.034734030198195265 -0.19947119882481468 0.24197024756276253 -0.004631381630400385 0.9702726161232261 10.72351914651466
0.9527943309204714 -0.17111459070134175 -0.2508042260707013 -1.1235664907399385 0.1668427180266541 0.9852369174743281 -0.038363053673586014 -0.2274257000017274 0.25366606081084153 -0.0052927587132167095 0.9672773729897304 11.30462733616566
0.9479372898433422 -0.17913318519862048 -0.2632986830294761 -1.2696872647873219 0.17389000074878458 0.983813347654549 -0.0432846926330493 -0.25866426301543566 0.26679048364596425 -0.004753833962874765 0.9637428281956791 11.907581308320916
0.9436740923702962 -0.18475036878861845 -0.27449318501843945 -1.4397737773640507 0.1783388024186386 0.9827798928442296 -0.04836273123977267 -0.28733559408874365 0.2787014153910661 -0.003314129381025238 0.9603720828957193 12.514133980704445
0.9392572212707645 -0.1913726921609899 -0.2849076429051658 -1.6165139013458403 0.1838392631786565 0.9815145337198982 -0.05321978401440422 -0.3238645757968474 0.28982580562236193 -0.0023901446956539063 0.9570764282980136 13.120703937466134
0.9343939158050121 -0.19836407431651024 -0.2959048903400046 -1.7994438527213104 0.19010390537490116 0.9801230637700598 -0.05673874361670419 -0.3616286553691086 0.30127813605999815 -0.0032363384472978707 0.9535308127405574 13.750446093767305
0.9294569194548068 -0.20552161709320704 -0.3063832563717773 -1.9875504345638864 0.19656182132173988 0.9786431589973338 -0.06017489299034808 -0.40407646426553856 0.31220711919535316 -0.004293280227590533 0.9500043591840124 14.372499916357908
0.9244590298125127 -0.21411642498083167 -0.31548321469063256 -2.1917966607148744 0.20415369315749304 0.9767974087454371 -0.06471546830824762 -0.4492016882706615 0.3220198313276126 -0.0045802643621859 0.9467218437376992 15.025310000505797
0.9202813458844722 -0.22164774485187286 -0.32241979098551576 -2.4012402165795903 0.2103651031392744 0.975120536445356 -0.06990323872127592 -0.49330068581921327 0.3298920547668086 -0.003495225972711971 0.9440121903858725 15.655022958175806
0.9150837748433984 -0.230674630369352 -0.3307731850109974 -2.609161961668346 0.2179300713554498 0.97302678442466 -0.07566611389000373 -0.5389551876219936 0.33930542143821585 -0.00284459068572096 0.9406719615713363 16.303315162935068
0.9113701807992519 -0.2383294125969091 -0.3355644269602356 -2.837129008032015 0.22329074581552605 0.9711838480157542 -0.083325723437956 -0.594113122193171 0.34575372215362365 0.0010121484697678054 0.9383247514439711 16.966838574511556
0.9071298567303029 -0.2469438585567276 -0.3407846148956479 -3.075858438915932 0.22956610943152808 0.9690197465402514 -0.0911050614155917 -0.6517535061632553 0.35272485655101177 0.004411523113615687 0.9357166847047701 17.648124085438297
0.9037538872568275 -0.2546432970704561 -0.3440722344584948 -3.320672177041391 0.23432536507892074 0.9669843881349272 -0.10016394752580059 -0.7156789618740946 0.3582185569576267 0.009898704986424367 0.9335852832445398 18.338339002928326
0.9001347804586889 -0.26336624050765506 -0.3469806916378091 -3.57683080163999 0.24048597446298828 0.9645939788534433 -0.10828181770856224 -0.7901557887617715 0.3632132611774731 0.014024240462404289 0.9316004763761544 19.039759087551275
0.8961646518383624 -0.26929494470715754 -0.3526601048468567 -3.8510551850245527 0.24379492641640896 0.962894005065327 -0.115754779006623 -0.8728146236833184 0.37074647759492574 0.01775859691595437 0.9285643120358074 19.768527916923585
0.8936318510187327 -0.27583699102481796 -0.3540283452312939 -4.117577691860041 0.24901819935290379 0.9610116621974601 -0.12019368332617261 -0.963463445872577 0.37337923246462335 0.019249402662142034 0.9274790613600286 20.485132653943054
0.8902576958745726 -0.2838968949669987 -0.3561513554153547 -4.37845575952471 0.2556266381393963 0.9586378870635577 -0.1251735729292254 -1.0544720553322797 0.37695657151673 0.020394962966743597 0.9260063653538986 21.1937519803341
0.8874270619740086 -0.29005161714032174 -0.3582502883047875 -4.660277588350764 0.26051212668575346 0.9567710372072887 -0.12931594724145556 -1.1534482991280584 0.3802717995405985 0.0214299266348063 0.9246264741605562 21.92959766065797
0.8838436906578117 -0.2976691638551526 -0.36085093788731293 -4.954284243364902 0.26749840465011704 0.9544539018924905 -0.13214519541717337 -1.2624848129350617 0.3837511354954162 0.020268647018857562 0.923214085656195 22.70191871772868
0.8804904004600351 -0.30368952101713953 -0.3640183093226322 -5.253332458592297 0.27310079866598214 0.9525876680673869 -0.1341368272099076 -1.3795722640769987 0.3874953012176146 0.018692497701438666 0.9216821480662148 23.4788186560111
0.8760501453037863 -0.30974728445181543 -0.3695845812367462 -5.557431087592274 0.27887680713827967 0.9506870491103238 -0.13572715680461175 -1.4956101301090317 0.39340039317923126 0.015835227457507983 0.9192308612192017 24.262213731184055
0.8714450877403618 -0.3165780433585577 -0.37464890433105574 -5.862394708886808 0.2858101334986836 0.9484902793349582 -0.1366702513225092 -1.6150841560471452 0.39861764467050137 0.012022165793246734 0.9170384075309943 25.040997507612285
0.8658936742207397 -0.32394595094710393 -0.38116553596762165 -6.191664898396754 0.29334586011256353 0.9460469291887498 -0.13763507593399701 -1.7437702384561966 0.40518681037186793 0.007364009608450933 0.914204255111055 25.872374183881284
0.8584986361417676 -0.3301468555134042 -0.3924068622454714 -6.547004016504023 0.2983784947264729 0.9439198759110349 -0.1413702293443022 -1.8817215895840171 0.41707357339861406 0.004280380205990197 0.9088626478834978 26.731699777914685
0.8500127971870084 -0.3377765436560852 -0.4042094149992884 -6.8912807002777665 0.30663616455557174 0.9412198362255221 -0.1417020906064914 -2.0133986329897042 0.4283135617803463 -0.003496634288962547 0.9036234095814933 27.534480558173474
0.8441740187931821 -0.3416092842030188 -0.4131262796541386 -7.204400328563874 0.3108281480245931 0.9398030575541926 -0.14197209376279818 -2.1267178105936453 0.43675632610206117 -0.00856212345696225 0.8995391051264741 28.228453607816054
0.8362437720344682 -0.34934292540919204 -0.42267703296975123 -7.555970931218241 0.3186198341855562 0.9368860665435536 -0.14396492482586443 -2.257530398050731 0.44629335083231203 -0.014283514381825485 0.8947727232206909 29.00599316570245
0.8291623081170724 -0.3551950185168932 -0.4316553783039812 -7.933801045990483 0.32406718735104073 0.9346119051513463 -0.14656413214615835 -2.3942672141837686 0.455489105117076 -0.01835989025443635 0.890052015080855 29.80363121684939
0.8209017535176402 -0.3625781147533021 -0.44119997934451993 -8.3199031340005 0.33058200473257987 0.9316878760605237 -0.15057635853220347 -2.5334006572264536 0.46565636387646636 -0.02224437690229754 0.8846860112365158 30.62163717503874
0.8141035752981353 -0.3688222364387654 -0.4485593902652146 -8.714563380933383 0.3364048962655051 0.9291362898226037 -0.1534193622176865 -2.6807207358822387 0.4733572799222469 -0.025998323849709515 0.8804867816734204 31.4311670072416
0.8067678085007396 -0.37428687901180757 -0.45720349448195896 -9.141943892441942 0.3410955311305143 0.9268470467836516 -0.15687061710599656 -2.8390090358866518 0.4824723223250289 -0.02939190480428744 0.875417942540744 32.27211990862636
0.7995121899456643 -0.3795744004517356 -0.46551426685977465 -9.551310407662616 0.3466113154124759 0.9245140206303629 -0.15853839183590182 -2.9885244257597754 0.4905515815450207 -0.03459913553235514 0.8707250115071306 33.067700331607774
0.7930605074090713 -0.38481526429026547 -0.4721993688658211 -9.97649043246365 0.35219936039670685 0.9221508080782727 -0.15997967901186574 -3.142877781760614 0.4970016520336901 -0.039434750281980215 0.8668530777161612 33.884320041618594
0.7858456797993213 -0.3887189664239393 -0.4809824660869117 -10.418794334079266 0.35709414608039913 0.9202167161711942 -0.16026529915803583 -3.3078205678925534 0.5049062669207557 -0.04581223004186199 0.861957598262663 34.70350253738033
0.7772778049669814 -0.3949001151907565 -0.48978884524664135 -10.859285662620914 0.36410846636745675 0.9172137610193563 -0.16169088198245993 -3.4634106894042036 0.5130928167741678 -0.05265753145614052 0.856716374161073 35.496264989133785
0.7705296953715868 -0.40043172999005255 -0.495921786341096 -11.335886824113523 0.37044947718290705 0.9144724215298179 -0.1628108568747864 -3.6303787403764347 0.5187014299242685 -0.05826336652275618 0.8529678814093496 36.335913594242356
0.7642572053876758 -0.4059464791984367 -0.501117132055384 -11.806301589518515 0.3759859427482735 0.9117805648941579 -0.16519918987992122 -3.7964004654677352 0.5239708912417864 -0.06215832613321801 0.8494650361395721 37.15594875002523
0.7586007005362225 -0.4099942416943928 -0.5063888811214087 -12.302982022027058 0.3803071568380597 0.9096937595533744 -0.1668044672285456 -3.9639747023859964 0.5290476761159658 -0.06604532994154308 0.8460180676493906 38.0176933569986
0.7516430179753855 -0.4163903249343092 -0.511519179337349 -12.78407691978699 0.38710895902628245 0.9064112878080827 -0.1690125178076505 -4.136000308888062 0.5340219352895934 -0.07097657807469845 0.8424861411289588 38.8484232357982
0.7467053467034894 -0.4217665172452042 -0.514338536506135 -13.251034278502502 0.39223834865922713 0.903712702918094 -0.17161709829022143 -4.2962699482959295 0.5371966148864906 -0.07359589333192343 0.8402401093968151 39.62872203950428
0.7417228233247533 -0.4285487989783482 -0.5159391245615824 -13.744425978881413 0.39904740691106333 0.9002522448101937 -0.1740892378975885 -4.469130868168879 0.5390810888880383 -0.0767582087364096 0.8387489236922243 40.455807438783076
0.7374386703034848 -0.43298352145739444 -0.5183719491710392 -14.268635041868057 0.4037395838921625 0.8978632985481549 -0.17560138245130746 -4.653907150571519 0.5414596531040996 -0.07979202508133874 0.8369317037810238 41.32072297574959
0.7337157434480222 -0.43875028436066066 -0.5188057399354364 -14.79098833353721 0.4105208831884596 0.8946928837674037 -0.1760603538623449 -4.8387246146975915 0.5414183338996597 -0.08380233713570542 0.8365664086059816 42.19849476980683
0.7281860283276682 -0.44507361654309885 -0.5212049347479581 -15.31456108010737 0.41876411350293186 0.8909296998777266 -0.1757295852094567 -5.024545183230182 0.54256955811258 -0.09029809373973934 0.8351434181483377 43.068867023963264
0.7227061686559865 -0.45239062968575483 -0.5225308717761193 -15.819189134246685 0.4272063722446886 0.8866976422632837 -0.17681065216288988 -5.206656011452504 0.5433143742807819 -0.095446369115122 0.8340860155419358 43.91200357399545
0.7205382615037862 -0.4587223210409042 -0.5199985056593406 -16.382743663575027 0.43439040027844616 0.8831324415158048 -0.17714985432752955 -5.40662533845043 0.5404901422366859 -0.09823911095474769 0.8355952867410084 44.84312836315616
0.7160723355406601 -0.4655015115986231 -0.5201430120387484 -16.909734543156517 0.441659055258228 0.8791855774576409 -0.1788015640280699 -5.594320260171803 0.5405346327311081 -0.10169101774429984 0.8351534276576817 45.73147782737301
0.711359532226669 -0.4717134646878952 -0.5210124980673655 -17.446407675595502 0.44884176294246847 0.875355282449235 -0.17970587449195125 -5.7871081456558855 0.5408407230867066 -0.10601668133063685 0.8344170273494462 46.624919811313084
0.7061864765753711 -0.47557723318103096 -0.5245254575155894 -17.972230222141224 0.4549321806650797 0.8724451990472116 -0.17853875112923495 -5.9800294746328015 0.5425286824651564 -0.11254185860979421 0.8324643888859601 47.492024331280774
0.6980733124678368 -0.4809966036375536 -0.5304110836976546 -18.49335159121046 0.4616857979170186 0.8685808580703274 -0.18003754329455818 -6.170881347891265 0.5473023610600525 -0.11920386018477835 0.8284024174850891 48.34404358321341
0.6921366468482635 -0.48484649918298567 -0.5346688080668682 -19.02232744627468 0.46593310283991846 0.8658900373127966 -0.18204611218152994 -6.361874730928371 0.5512288143480968 -0.12311911107722978 0.8252202607303971 49.18564370078541
0.6829391128379847 -0.4914857459890576 -0.5404034878178029 -19.5791489770347 0.47075897879392214 0.8618083113227575 -0.1888714335730018 -6.562223652635511 0.5585518346948385 -0.12541210477699843 0.8199339314447434 50.06575230261933
0.6747300794942359 -0.4983275721571641 -0.544434523752534 -20.17245153268072 0.4755615734488073 0.857650666980924 -0.1956438685113105 -6.781575073127107 0.5644293664264793 -0.12690533580241076 0.8156681470183083 50.97332922997431
0.6648855688006438 -0.5032315069907901 -0.5519829986262468 -20.770186976097126 0.48002835107156194 0.8540541669283838 -0.20041023456845225 -7.008893728940775 0.5722761244086303 -0.13171761584557767 0.8094136810727843 51.87821464581703
0.6554817076489561 -0.5061576146947901 -0.5604892505874567 -21.347269499627807 0.4837989221540784 0.8513116966688623 -0.20299506899758663 -7.2335215989998165 0.5798985548008896 -0.13810454084230295 0.8028977531034548 52.739669525948464
0.6475747336134686 -0.5093212257430825 -0.5667793692372802 -21.93406655172535 0.4882557552740778 0.8483948274643457 -0.20453003244874066 -7.456532182108348 0.585024172002478 -0.14428480772176636 0.798078074146576 53.60025301061811
0.6411967011267734 -0.5140110360311132 -0.5697889480345902 -22.51742323816776 0.492060368709722 0.8451726356151084 -0.2087098693226172 -7.676559152609067 0.5888492031151914 -0.14654648015436295 0.7948463657493637 54.43877476067431
0.6342263886309543 -0.5210311924206712 -0.5712122061798326 -23.104340286433796 0.497026964162816 0.8406846714612974 -0.2149732077843787 -7.901366187318656 0.5922170926773669 -0.14756618750480846 0.792150954961277 55.27239225907969
0.6268964630131457 -0.5302901381528328 -0.5707829657930036 -23.713962869545593 0.5030063909068482 0.8349491282052736 -0.2232588722002345 -8.137518764767144 0.5949667178661969 -0.14714728229601481 0.7901659837935459 56.13548129216372
0.619141098629177 -0.5377892620167151 -0.572229857354344 -24.29456698843593 0.5105747784960457 0.8293316668559536 -0.2269854222491822 -8.370937505679196 0.5966386641443627 -0.15163012896335168 0.788054952676898 56.962728643860146
0.611289353652462 -0.5419549141775923 -0.5767236748304287 -24.889340795886365 0.5167265930146274 0.825279969566161 -0.22783019971981883 -8.61758830931954 0.5994321931483588 -0.15873828407676382 0.7845273755489439 57.795285885181535
0.6036292329462907 -0.5456057285351251 -0.5813313496813399 -25.4847903567436 0.5234956282494599 0.8211913270387363 -0.22715002003095397 -8.863742815095751 0.601318614659796 -0.16721002776752014 0.7813173044785385 58.62481883546229
0.5969877968456258 -0.5490015565656654 -0.5849810777331884 -26.064966931425854 0.5289745440639686 0.8175846646792525 -0.22746702577215688 -9.100151845806554 0.603151309498473 -0.17364506030921517 0.7784959157763685 59.42548910838529
0.5909598427371843 -0.553833679603238 -0.5865447294189765 -26.666844124526314 0.5330765810520374 0.8138228821228088 -0.23134752055553898 -9.339562794433379 0.6054715707660545 -0.17595616462762154 0.7761724068295808 60.2449581983989
0.5822354857449223 -0.560245912071555 -0.5891743011592457 -27.264185135013257 0.5391046238327006 0.8084882120010478 -0.23603604728420416 -9.585474209496544 0.6085787078937092 -0.18019802735451942 0.7727616885146179 61.05613121969992
0.5724519519834612 -0.5675512686599058 -0.5917637367335518 -27.86205288650997 0.5450186527747769 0.8025844304091779 -0.24251371134915758 -9.833682308710541 0.6125793261267409 -0.1836948271109092 0.7687670516449057 61.8620015167309
0.5653612006300532 -0.572435417053639 -0.5938723820188739 -28.46204176960094 0.5492831706821601 0.7984002699005525 -0.24666780784706793 -10.087057458121537 0.6153492595489961 -0.1867476969746925 0.7658136760643224 62.659825491965776
0.557405741040381 -0.5772140218298446 -0.5967602641415053 -29.09166545029852 0.5543578865945585 0.7938331981564332 -0.2500323720543875 -10.358044416257991 0.6180503000772981 -0.1914492792040353 0.7624703273351803 63.49537338665252
0.5489090272547137 -0.5822020839958769 -0.5997829717398968 -29.71954575647799 0.5593976303554608 0.7890367499217087 -0.2539592455999236 -10.630090440698853 0.6211064087183285 -0.19611665065425954 0.7587918610430504 64.31503770905982
0.5391066477404767 -0.5874556056117444 -0.6035395047528903 -30.3379807781446 0.5644664813412519 0.7838510244720878 -0.2587569571553287 -10.899878082295299 0.6250932840818654 -0.20118022484677034 0.7541782967749411 65.12539566021262
0.5304865297083424 -0.5932172562859043 -0.6055388745923946 -30.96580569441949 0.569409524797753 0.7785518604964756 -0.26387457927408164 -11.1810907854541 0.627978371337419 -0.20481769299086514 0.7507948306763323 65.92071621858734
0.5212689747845494 -0.5982030763700675 -0.608631033836143 -31.628179315965543 0.5737213268717439 0.7736188425662676 -0.2689939135351476 -11.481338994955143 0.6317614225477769 -0.20896642277604308 0.7464653636523222 66.75960079721057
0.5104999153059169 -0.6028795178566919 -0.6131281460033738 -32.27909649047131 0.577467083180768 0.7686920321696519 -0.27503513870337887 -11.784333668763871 0.6371197723468859 -0.21365590707437437 0.740560294005072 67.57971969316826
0.5003644409173422 -0.6088294065430058 -0.6155990415797988 -32.954053785116564 0.5812319384981741 0.7631801469683241 -0.28235703806185186 -12.095913940912313 0.6417202349428685 -0.21652440278614926 0.7357393037367047 68.41239560872285
0.49142932028183095 -0.6122155694087094 -0.6194266056127292 -33.60578845512661 0.5847205578617419 0.7590339667769178 -0.2863028230610907 -12.407994349028241 0.6454448794290578 -0.2214938686565991 0.730986575640307 69.208290936823
0.4814503147845781 -0.6165259760750362 -0.6229777806780548 -34.24618679904593 0.588997929186145 0.7539441804178947 -0.2909460641225826 -12.715595866713544 0.6490662784402403 -0.22685654859120322 0.7261191861898593 69.98987658654843
0.4720522831048782 -0.6202979622978982 -0.6264160598073355 -34.93877597162488 0.592244769939056 0.74947697809574 -0.2958553561866216 -13.051208414153963 0.6530028901125223 -0.23133243887002364 0.7211605426194226 70.81177131702259
0.4635525377692477 -0.624077195706752 -0.6290045298139649 -35.60375028385485 0.5957231601131215 0.7450027558987491 -0.3001413170626555 -13.376959082197656 0.6559214596523938 -0.23558129701244493 0.7171251573229096 71.59433313760343
0.4542992486699696 -0.6282510528644711 -0.6315954458611819 -36.254150288219726 0.5998578071778433 0.7398958853886775 -0.30450729047544156 -13.699226598516477 0.658621897469019 -0.2405300259002795 0.7129954437545308 72.35933528430813
0.44511263073102914 -0.6317529821810368 -0.6346360496135317 -36.94001603144056 0.6022737891012016 0.7356746853876103 -0.3099177959419598 -14.044315942334336 0.662677167952378 -0.24427633283887182 0.7079463569292582 73.15052587866336
0.43667897557653124 -0.6350055641901238 -0.6372435999969038 -37.61991903950406 0.6068973251762171 0.7308214683318216 -0.3123709623496931 -14.389312687940526 0.6640686026182719 -0.25033560448506487 0.7045175484994769 73.92359291869542
0.42811951851738816 -0.6384580356451086 -0.6395975411027072 -38.32256360547585 0.6106065699550127 0.7261115839869042 -0.3161037556369797 -14.741232570152755 0.6662381665682432 -0.2552122730595424 0.7007092129318464 74.71716565132205
0.41870293541836595 -0.6421951395430119 -0.6420850836294013 -39.01142405280385 0.6131908717288044 0.7214537631215627 -0.3217163696584386 -15.095357762907826 0.669839388734727 -0.2590171238066465 0.6958630058240054 75.4941990720108
0.4106517108557872 -0.6460662032834792 -0.6434000569988202 -39.69326194591808 0.6152620117439203 0.7171206661891871 -0.32739976638537877 -15.446506142217283 0.6729174015256546 -0.2614123392253062 0.6919868204125816 76.24746454871158
0.4032419382054927 -0.6500912814513171 -0.6440320372879459 -40.40092539513843 0.6182017959955217 0.7124317918189843 -0.33206547762979355 -15.813185588136411 0.6747017701919783 -0.26423903531949233 0.6891699743265337 77.02086490784778
0.3945272426498223 -0.6536126977297465 -0.6458627533567574 -41.11288357635926 0.621497922628647 0.707526572837047 -0.33637253291215585 -16.18951664699029 0.6768224190845076 -0.26869423160147343 0.685357441725622 77.80047547712164
0.3850202882553919 -0.6567465063713954 -0.6484160732127959 -41.81151978346557 0.6252455228224881 0.7023962090521316 -0.34015820098834576 -16.563838991822184 0.6788427018258123 -0.27445143810547085 0.6810646036167718 78.56177700923831
0.3745507503513724 -0.6605152665205355 -0.6507160041865654 -42.52399514045817 0.629523186266218 0.6964110978719289 -0.3445462823976536 -16.948092284188863 0.6807439264249464 -0.2805907437071312 0.6766509744184415 79.3291483909775
0.3651755165576356 -0.6638457721586136 -0.6526527659437276 -43.240143043637545 0.6327322345809935 0.6912355083260143 -0.3490607273117661 -17.34102293888474 0.6828592544800185 -0.28548601159498277 0.6724589026509968 80.08996397020393
0.35854401628536203 -0.6664066437969901 -0.6537188795569496 -43.99345486323415 0.6364289858151094 0.6868070019633433 -0.35107590072301365 -17.751809355156357 0.6829380165141733 -0.29016948005838883 0.670371045349015 80.88803103324629
0.3492007780119022 -0.6695915097213285 -0.6555196616006224 -44.74064606959 0.6409399433392335 0.6809943066723549 -0.35417897073674337 -18.167241486731157 0.6835603891889747 -0.29646916262733086 0.6669716860128824 81.67596944145726
0.34121793302182857 -0.6725959152363468 -0.6566468282050041 -45.44634252682387 0.6435615519302915 0.6763297826789343 -0.35833860235612397 -18.561562263221784 0.6851268868329324 -0.3003210946118284 0.6636327215182865 82.41637964950696
0.33215966167411204 -0.6763136520613964 -0.6574722832119361 -46.17059386850121 0.6468234973235185 0.6706567917195809 -0.3630961732524472 -18.96415012704221 0.6865051510853447 -0.3046626195577256 0.660220694751015 83.17212860107296
0.3238255863653876 -0.6807817601460087 -0.6570184051209033 -46.911094003468754 0.6510366210952598 0.6642223791548623 -0.3673689548978271 -19.37757421286066 0.6865044119362819 -0.308779575235081 0.6583060582355772 83.9353671291714
0.3138468328724876 -0.6848828937383777 -0.6575983480517987 -47.64423432637668 0.6546518141563165 0.6577332544829874 -0.37258283396992603 -19.795641685361346 0.6876999110933143 -0.31356400911418975 0.6547873276648563 84.6956375709705
0.3037678207655926 -0.687762145242637 -0.6593241559647038 -48.38341949333273 0.6583987371585704 0.6517336510215896 -0.37650279020754795 -20.22647072643039 0.6886481060565859 -0.31972875957178937 0.6507974387836529 85.45426772250596
0.28997246240427443 -0.6912982558120662 -0.6618328282568015 -49.151735462981414 0.6622317257589272 0.6441860276058433 -0.3827185692330028 -20.667466216561223 0.6909161399515537 -0.3273088500920786 0.6445958456318551 86.23604812441168
0.2754955523964054 -0.693710882468196 -0.6654828413678268 -49.9417872830342 0.6641793468186986 0.6378271020329731 -0.3899261252746553 -21.132630704708095 0.6949589886239952 -0.33457704562240365 0.6364669706067219 87.0251120893576
0.2616675012155151 -0.6951775055674914 -0.669520988887271 -50.70557733832843 0.6660554061555606 0.6320982223984789 -0.39600761756768604 -21.59352764304631 0.6984986147005446 -0.34231575043173806 0.6284262981987437 87.76908845249926
0.2491541111714599 -0.6962321772811233 -0.673188669100087 -51.45060170799567 0.6656376389551222 0.6280109394095084 -0.4031485998837616 -22.048103111422144 0.70345487594629 -0.3476535851970658 0.6199098500645206 88.47719270093697
0.23743921250821598 -0.6993100274129942 -0.6742314928295144 -52.254671147988475 0.6639108908179023 0.6234973953214475 -0.4128841569747497 -22.543073348220453 0.7091156107552968 -0.34959474193272383 0.612322273803701 89.22584646287264
0.2234946768836264 -0.7021836043548109 -0.676009108799556 -53.04967488744386 0.6648089210592703 0.61700789121495 -0.42110611567452855 -23.04323309260548 0.7127967647827061 -0.3553019109908739 0.6047159036783643 89.96580692942302
0.2101807108829521 -0.704492998172276 -0.6778743868143821 -53.840701900720504 0.6649961204553044 0.6112769858873712 -0.42909277120902983 -23.54489830417613 0.7166618648652453 -0.3605968137001326 0.5969637421126853 90.68235361407463
0.19516251845489807 -0.7060354161687178 -0.6807536871040856 -54.63189655977293 0.6650443977440045 0.605419662259012 -0.4372447616375735 -24.065216690866556 0.7208519545785086 -0.36739763698974665 0.587700124140445 91.39418762831018
0.18166414848837603 -0.7063316757888151 -0.6841737359263053 -55.42374775982805 0.6647061001480791 0.6009320978932172 -0.4438991035670029 -24.586462956575172 0.7246819561572685 -0.3741339031670631 0.5786707914877453 92.09158080705797
0.16878268307601912 -0.7079571114649853 -0.6857908822810455 -56.192909807348514 0.6640629930850767 0.5958376266038695 -0.4516612269588318 -25.10223296912265 0.7283767892434174 -0.37917575219048794 0.5706951917111516 92.76589065152986
0.15580504706226472 -0.7098221784990781 -0.6869332298125841 -56.9719882024598 0.6619954771717709 0.5911783490464025 -0.4607278457211909 -25.633735775985866 0.7331348958507193 -0.3829629675694414 0.5620076422579698 93.42495127683301
0.1401989242278781 -0.710960630274811 -0.68911482631314 -57.76712091399951 0.659921840407371 0.5859574484857387 -0.47027335999121966 -26.179744742813902 0.7381378097609511 -0.3888301052687745 0.5513290515091507 94.08441432554578
0.12842593581858097 -0.7126655789734025 -0.6896481360488309 -58.616264507730286 0.6580287594338566 0.5815083244044233 -0.47837874159111604 -26.775996639105063 0.7419601948669898 -0.39237206984552964 0.5436351975710122 94.78078137555418
0.11473900305735757 -0.7131905170600046 -0.6915159054953739 -59.45417967533374 0.6567252207697678 0.5767548599398247 -0.48586604732240024 -27.369288460778282 0.7453502167319086 -0.39838814981306425 0.5345464774051178 95.45536967856786
0.10233342629607795 -0.7138944653894039 -0.6927355643742296 -60.24674243442554 0.6564101056614136 0.571713561503919 -0.4922086719858523 -27.938411539932765 0.7474313634361868 -0.40434922514935245 0.5271129490659865 96.08752162521772
0.09144036990510529 -0.7140423114954809 -0.694105349457709 -61.08042609408092 0.6558568490800109 0.5676806162786338 -0.4975846776342201 -28.55033363373618 0.7493266659251208 -0.4097344204429272 0.52021846606771 96.73875395968427
0.08068910680736746 -0.7151888930588706 -0.6942579601904877 -61.89536887683184 0.6574486832569384 0.5617120043191673 -0.5022358540441552 -29.147971112463043 0.7491665348414513 -0.41591401929842575 0.5155240359330315 97.37246264899238
0.07150170870746964 -0.7171198339946142 -0.6932724207290013 -62.69217140520826 0.6574532675770154 0.5565768730940954 -0.5079147421458693 -29.737011893417566 0.7500951317027846 -0.4194774463881658 0.5112689755573341 97.97364518428469
0.06177886299486601 -0.7192411190915579 -0.6920083703937296 -63.54564185167015 0.65829960167155 0.5505080965893504 -0.5134028340676057 -30.3693552949747 0.7502166397289123 -0.42383139123653196 0.5074859064805303 98.61384333756253
0.053189288034939386 -0.7210153625696077 -0.690874624354487 -64.36675703953993 0.6584699036466667 0.5454526264911365 -0.5185545470299825 -30.982176573680658 0.7507251731691738 -0.42733860016682074 0.5037791531788273 99.23143205230521
0.045301064926777324 -0.7227311358174879 -0.6896430372565678 -65.18360749048267 0.6598308715505166 0.5399762539539656 -0.5225407793796847 -31.60310108732046 0.7500473548152715 -0.43137611255817865 0.5013418145824344 99.84490337527905
0.034999012836945065 -0.7234281975643505 -0.6895119375828342 -65.9899603922918 0.6605260042861062 0.5345037424017305 -0.5272676237171928 -32.22648851121784 0.7499869777284605 -0.43698671870817707 0.4965502400667936 100.44159024593792
0.024707336767007926 -0.7224785804761604 -0.690951697489075 -66.77791941416284 0.6609309008835211 0.530363083378409 -0.5309287560931735 -32.84001174660983 0.750039926782021 -0.44355349231236973 0.4906122783729751 101.0211885336792
0.013362012482888763 -0.7210516559921379 -0.6927524565192119 -67.62901556847383 0.6632542393524051 0.5248532149977387 -0.5335006248240013 -33.50304456456608 0.7482748630038759 -0.4523423615996328 0.48525366283934174 101.6490202822493
0.004896942034576357 -0.7202678057041971 -0.6936788219520407 -68.44795793760105 0.6664051339091344 0.5195516638144233 -0.5347618779673933 -34.139371870603576 0.7455737505158417 -0.4596524303141727 0.4825343778924108 102.24067206007416
-0.004502179392807226 -0.7198234997482832 -0.6941425355003455 -69.26800525825506 0.6681834916319872 0.5142751670177039 -0.5376354472125131 -34.774575720168784 0.7439828975797772 -0.4662351142921843 0.4786588203613851 102.82286110082859
-0.012547325316520808 -0.7189953691131719 -0.6949015929045029 -70.08708265674056 0.6707095236822729 0.5093781470592622 -0.5391499217660812 -35.41586343724988 0.7416139827897666 -0.4728420058458075 0.4758457082273763 103.40320545080068
-0.02152800110454528 -0.7183922808333602 -0.6953050237179978 -70.88273668911414 0.6728708093419916 0.5039682533546899 -0.5415356623031178 -36.04154307664955 0.7394466979464416 -0.479508634384894 0.4725357663145069 103.97341402926784
-0.027668771093556033 -0.7185017179491988 -0.6949746185366935 -71.68538160699642 0.6762283633782797 0.49855927333752426 -0.5423595223944109 -36.674132993439024 0.7361722893921682 -0.4849679703580538 0.47207671840272347 104.53807456620767
-0.0352808907643965 -0.7183063748344262 -0.6948317858439523 -72.48915603056585 0.6804821466937049 0.49192489097122566 -0.5430966301442821 -37.30798381684345 0.7319148220783604 -0.4919815581047455 0.4714391155884598 105.10171204564946
-0.041916354439598846 -0.717602703308715 -0.6951901750129375 -73.25820433463798 0.6835593215051495 0.48687284204468895 -0.5437844146927596 -37.913686916031224 0.7286903822707651 -0.4979971846138812 0.4701160823698063 105.64545548263685
-0.047355003874612556 -0.7170332945983365 -0.6954284708332631 -74.03078875144539 0.686939642782581 0.4820597201434912 -0.5438127925940314 -38.52788851222571 0.725169932348119 -0.5034696422353925 0.46973065533940883 106.19055828672008
-0.05336649989592662 -0.7171465318470892 -0.6948761533888971 -74.83280335199466 0.6902905252226484 0.47633395204261775 -0.5446145030379759 -39.15944952474715 0.7215615063712161 -0.5087305947072116 0.46961918032821925 106.74907853450554
-0.05973725637707328 -0.7171577112315766 -0.6943459349788306 -75.60679232400105 0.6941763430909973 0.4700075325960897 -0.5451716463608005 -39.7647288487184 0.7173218697999872 -0.5145655803918703 0.4697569569283971 107.28532785815378
-0.06592670650931892 -0.7174775617142001 -0.6934548419367195 -76.38804633443351 0.6982987315812487 0.4632529312499812 -0.5456881922493095 -40.38326681851321 0.7127640218479419 -0.5202140618293074 0.4704729312449338 107.83262449965157
-0.07038418811595609 -0.7181144021536898 -0.6923566793804382 -77.16067958529949 0.7026518537999067 0.45696808270994943 -0.5453994350344965 -40.984727729282575 0.7080440935526634 -0.5248732006912166 0.4724210884172569 108.37440374366739
-0.07251184145250855 -0.719170898836028 -0.6910392543962651 -77.93820820255162 0.7090400223294248 0.4501071211805496 -0.5428313054694316 -41.59746480542014 0.7014301672898418 -0.5293361859252945 0.47728285396168063 108.9285860061761
-0.07294126953580315 -0.7194017865775528 -0.6907536758262897 -78.69915600844739 0.7157408398383545 0.44456788885147036 -0.5385855943019957 -42.19764546149812 0.6945463421442751 -0.5336857330594216 0.4824778926985521 109.47681083807521
-0.0722014259316015 -0.7196787261566517 -0.6905428916519112 -79.44918733918757 0.7232520732063843 0.43897130815717283 -0.5331140864931707 -42.790027436922486 0.6867993831506483 -0.5379281752542062 0.48881477634331966 110.02109181608706
-0.07104952908931722 -0.7199192481679223 -0.6904116457111072 -80.20054848489156 0.7303066789046876 0.4339109789548625 -0.527611047164138 -43.3728505729649 0.6794145414718408 -0.5416987524997321 0.4949326644876474 110.5720936205902
-0.0698649849961176 -0.7193356840743319 -0.6911404036003145 -80.94872619513917 0.7368230067798665 0.42983656292615374 -0.5218547555131676 -43.947127902654614 0.6724661631274614 -0.5457075249519141 0.49999255660408276 111.12589867195305
-0.06926542286522691 -0.719025977883201 -0.6915229167022653 -81.66526001633264 0.7444253232521693 0.42420278263586236 -0.5156383784251275 -44.48823406366049 0.6641033348028039 -0.5505030811295231 0.50587856089253 111.67110555485604
-0.06699241213095919 -0.7190409615836755 -0.6917312428116134 -82.40800807548781 0.7512818050816863 0.41986671999494285 -0.5092028935443036 -45.037669155230766 0.6565726662526234 -0.553797826833504 0.5120745072002799 112.2393085522768
-0.06498767095008406 -0.7190286564054765 -0.6919352526734126 -83.13228632930618 0.758888532358284 0.41464297374538595 -0.5021547568017986 -45.56432850833602 0.6479697508985847 -0.5577355964893391 0.5187159206435713 112.79898519350687
-0.06192843095958889 -0.7194504885254537 -0.6917773225535584 -83.8902861651751 0.7680252365568693 0.40829847747191855 -0.49338584222277665 -46.10938758835415 0.6374183127669371 -0.5618570528654061 0.5272708475676917 113.3917789426131
-0.05637863651272057 -0.7208764077259285 -0.6907667146939895 -84.64057207061677 0.7773887494597743 0.4024421174772271 -0.48343259539858696 -46.638638037369404 0.6264887720927923 -0.5642495430787753 0.5377120712584558 113.98585130492049
-0.05334834500363572 -0.7217879998578018 -0.690055097326762 -85.36744745703953 0.7845170943360098 0.3972434524652474 -0.47616233384012546 -47.14275796919657 0.6178081278034123 -0.566762492349983 0.5450627436224915 114.56572926865402
-0.05271795554503206 -0.7217711492489287 -0.6901211670967881 -86.11643500415397 0.791875254673406 0.39082698408221 -0.46924178154671226 -47.65766067412111 0.6084031543303178 -0.5712273423297285 0.5509491130547675 115.1811467777753
-0.050034829337656184 -0.7204678463241234 -0.6916809945822068 -86.85943335951552 0.7999951870693212 0.385694488042025 -0.45961664739206504 -48.15671135516139 0.5979165631750581 -0.5763383071660945 0.5570726516118407 115.80124807371747
-0.0444547245768091 -0.7193254068760503 -0.6932494042445366 -87.62786636379712 0.8087345007231123 0.38147753354950287 -0.4476867194111598 -48.65684125384655 0.5864915044593048 -0.5805565006264186 0.5647847951011684 116.43542554081576
-0.043067718909691965 -0.7196999370570095 -0.6929481742439709 -88.36436474285377 0.8163963434500378 0.37444729583233904 -0.43964330205890434 -49.12867237643786 0.5758838268169406 -0.5846547898067591 0.5714338061111633 117.05575780437624
-0.040027164881913824 -0.7203946367657035 -0.6924084007222373 -89.09130899923998 0.8236860860895787 0.3684871412680394 -0.4309970513849707 -49.58064063763495 0.5656315564516774 -0.587578755605849 0.5786295432370652 117.67399064702225
-0.03742718254380739 -0.7213440762089276 -0.691564841302044 -89.83033679211191 0.831387250804251 0.36148610755180743 -0.4220462453892851 -50.0383670926722 0.5544316415997396 -0.5907541940310979 0.5861868618688806 118.31015404360734
