1.0 0.0 0.0 0.0 0.0 1.0 0.0 0.0 0.0 0.0 1.0 0.0
0.9999139340228206 0.001851841781954363 0.012988272749724127 0.0018055677646771073 -0.0018416429611989341 0.9999979864499333 -0.0007971494732104731 0.014690776355564594 -0.012989722791887618 0.0007731611046744418 0.9999153310774349 0.16651059687137604
0.9994677790024695 0.006531093148870791 0.03196096929305813 0.021504239884460433 -0.006555312903925034 0.9999783004537542 0.0006530653512984829 0.0014958218984681224 -0.03195601052388527 -0.0008622319306344978 0.9994889043643733 0.3714565592539836
0.9983490326038884 0.005525999269115925 0.05717230475464704 0.05545474525244799 -0.005685880327671492 0.9999803657277588 0.0026341837212396422 0.018366575872266304 -0.05715662572073254 -0.0029549096526925943 0.9983608509177254 0.6489960020991671
0.9965226509213118 0.004363120802001919 0.08320798866472488 0.08433769073153581 -0.0046856044442068956 0.9999822484461582 0.0036807476901732886 0.02285591109895197 -0.08319045204682012 -0.004057828167064932 0.9965254049540396 0.9159910902216308
0.9933818556943881 0.0036299664201653275 0.11480118518971287 0.12890375545464394 -0.004239761327141741 0.9999781695560664 0.00506802083540326 0.015812984650810644 -0.11478028228342683 -0.005521209567448095 0.9933755599187295 1.1724432868900903
0.9886481047776758 0.003265346081683861 0.15021405538256585 0.18000522684496628 -0.0039038953208664347 0.9999845537583322 0.003956241407319444 0.02533583945903255 -0.1501988166425869 -0.004497750517325704 0.9886455814494143 1.4467877101448188
0.9820654026469198 0.002781926809725683 0.18852004086348206 0.25346900908680575 -0.003816360585828491 0.9999795879246292 0.005124365908880175 0.03220301157443035 -0.18850193716729424 -0.005751922923204726 0.982055973489731 1.7474896309801438
0.9733621119847659 0.0034494158467337655 0.22924724749246755 0.34739790665041775 -0.005383064630800008 0.99995501260376 0.007809954148079991 0.03622481445769318 -0.22920999447610702 -0.00883596621376428 0.9733368913861903 2.093272278752579
0.9621614562697519 0.0006434259764644648 0.2724792066780197 0.4749482669777357 -0.004405869995372706 0.9999032145637359 0.013196583447673563 0.03597213646731305 -0.27244434363453773 -0.013897751908864546 0.9620711679046543 2.478572079289313
0.9496862498648272 -0.0021349553531915524 0.31319557593191033 0.6003187733069406 -0.0030816999799848097 0.9998646657861661 0.016160236308663218 0.04545222128362239 -0.3131876912378813 -0.016312329016984487 0.9495511455309436 2.8305245137631374
0.9362612998823325 -0.006022271171835979 0.3512527730745736 0.7592846490234345 -0.0016719626372591668 0.9997653444218987 0.0215976997363577 0.041635263467218256 -0.35130041685654834 -0.02080837194244493 0.936031531933364 3.164558524108107
0.918598933848002 -0.008622183218648456 0.3950970218691333 0.913626231916797 -0.0008041097564516981 0.9997191151039712 0.023686373788169447 0.052982081316628335 -0.3951902733378112 -0.022075979078567693 0.9183339801003276 3.47281819171181
0.8982264147312715 -0.010892817558909737 0.4393980591725848 1.0982238608750272 -0.00025890809570352277 0.9996795755971936 0.025311639623170974 0.0755597366301678 -0.43953298038441213 -0.02284934702444705 0.8979357808300952 3.8059832881487137
0.8763321257589944 -0.015680407332241294 0.4814521058097233 1.3167487879830033 0.0027963557859035613 0.9996188081313913 0.027466685717346746 0.08515309390512225 -0.4816992690019787 -0.02272362770052021 0.8760419230762233 4.159030279489622
0.8522192940246152 -0.020859166664747464 0.5227687539039025 1.5412358727709625 0.005311344112229498 0.9994983392558476 0.03122273928604087 0.10404771159319355 -0.5231577816642969 -0.023832016088759324 0.8519025592714444 4.482561890803558
0.8236957242004782 -0.02634558160813983 0.566419689155999 1.7806388777312507 0.006852591514712443 0.9993096018452416 0.03651522489917203 0.10738768648398378 -0.5669906488853077 -0.02619599186199038 0.823307581701386 4.759603495956919
0.7916552482891019 -0.027068995573770266 0.6103681162503065 2.053488666791917 0.004824223781441586 0.9992638520662226 0.0380589124737038 0.11221552495501289 -0.6109490115559784 -0.027184985422134753 0.7912030598059966 5.066125011104976
0.7586693473244386 -0.03250137650551686 0.65066464630834 2.366241931350223 0.007080612198136101 0.9991071513906472 0.041650509852416306 0.12858360408909 -0.6514374001860886 -0.026991861093916034 0.7582221000956624 5.402513305070426
0.7218840014952992 -0.03127145280394205 0.691307156497505 2.704871692657489 0.0018783097805819323 0.9990633163528324 0.04323149165190372 0.16245439398434622 -0.6920115319396803 -0.02990963319085133 0.7212665620316012 5.726175898661092
0.6829499646215721 -0.034608876130432294 0.7296448255941942 3.0761864215593144 0.001738565180605646 0.9989511582761178 0.045755445248796885 0.1662474323345134 -0.7304630881944046 -0.02998014462592296 0.6822938279903332 6.041352558842097
0.6484028338931874 -0.03665447882317064 0.760414501559173 3.418818570096156 0.0019538285378275164 0.9989170743245812 0.04648506401914604 0.18457117871514636 -0.7612949149661572 -0.02865532768999633 0.647772278383114 6.301989664325956
0.6148376034514234 -0.0370961538453328 0.7877808050162136 3.830127708145574 0.0003718296657602184 0.9989066571045544 0.04674775005178191 0.2068278731604825 -0.7886536521977248 -0.028449354335162248 0.6141791685763223 6.598575856573059
0.580621008296871 -0.038402984119631875 0.8132677637377694 4.29620285406836 -0.0021264182275757826 0.9988120347787778 0.04868262037523545 0.22047772086123824 -0.81417118781608 -0.029995499525514793 0.5798495899268781 6.902931362762963
0.550850366190045 -0.03766119802132463 0.8337538654974214 4.699943371206072 -0.003716131944733733 0.998860785275014 0.04757438389671598 0.251144206456948 -0.8345957491095092 -0.029304706164391972 0.5500828753605733 7.16201215777337
0.5209770206992815 -0.03703084022592815 0.8527670612631929 5.182136000535937 -0.002730119904702521 0.9989810935970322 0.04504798642540683 0.2816236114492009 -0.8535663362320508 -0.025797122084439447 0.5203450952431032 7.447629448029533
0.4969420582359588 -0.03427402654947196 0.8671066150481699 5.6963829134125055 -0.0021050496963163703 0.9991691755037724 0.04070046054884059 0.3113420052334118 -0.8677811702969735 -0.022051073152973347 0.4964570380715911 7.736954443801175
0.4734214951124158 -0.0315028506868778 0.8802724909731791 6.250916800744566 -0.0038731920056382183 0.9992761243615047 0.03784475742739545 0.34593225983889825 -0.8808275009042422 -0.02132598601826481 0.4729567802359286 8.036195029656632
0.45262815229653747 -0.031623600509994194 0.8911384312436578 6.875358454952252 -0.0034933606451235735 0.9993003836550054 0.03723626805095632 0.3777103053666264 -0.8916925210968331 -0.0199672511313867 0.4522010136015073 8.362088194670642
0.4365280640895894 -0.030937864892182303 0.8991585498554238 7.482560200749109 -0.001421175046498321 0.9993836258507967 0.035076325959290236 0.4122208070742386 -0.8996895184027003 -0.01658966236028452 0.436215031353906 8.65248598390541
0.4265619384390848 -0.031814368915857566 0.9038986439892344 8.103861228841177 -0.0021958782688221677 0.9993417929282118 0.036209929931665594 0.44042109591331224 -0.904455687578844 -0.017430629291948493 0.4262113118733098 8.9557036078337
0.4206466181126908 -0.032121178960386736 0.9066557519436752 8.723191014972517 -0.0022382612922377115 0.9993332257558697 0.03644302521410555 0.4726123139349164 -0.9072218101747466 -0.01735896778506922 0.4202942461903246 9.246266829319676
0.41211156025377055 -0.035437336118234505 0.9104439890042914 9.435231435453542 -0.0027096235681985936 0.9991912682838779 0.040118167024110425 0.4907764796582382 -0.9111293650439117 -0.01900012089695828 0.4116822507232725 9.57878728361927
0.39981693937600316 -0.0392949349520987 0.9157523262733849 10.16455106355885 -0.0046648582883777046 0.998980463304687 0.04490292899914652 0.5068696354352407 -0.916583140847111 -0.0222248064707743 0.39922600603189895 9.888225804395098
0.3905338948886263 -0.04314857882735096 0.9195767923823976 10.872152126713791 -0.006463095344172293 0.9987478403495407 0.04960826338122151 0.5252755890136026 -0.9205658614904701 -0.02531702080238482 0.38976601072438327 10.178296341021813
0.3821402607460614 -0.04292558493882982 0.9231068276611281 11.5557055074631 -0.006540112264392498 0.9987699252368797 0.04915143308070504 0.54778608617704 -0.924081191264329 -0.02481996373843421 0.3813894615108308 10.456409788050284
0.3746004412524129 -0.04256883243599943 0.9262086179249973 12.322555067647158 -0.007356391571742858 0.9987775976846609 0.04887938078884824 0.5847537474657649 -0.9271571565363346 -0.025123790882226313 0.37382937580554765 10.761256854913004
0.3602577943925429 -0.04450944844958092 0.9317903361691056 13.083928910254095 -0.012496903879095043 0.9985411673436414 0.05252965365805371 0.6059970556964457 -0.9327690759093901 -0.030568711433629568 0.35917600825838936 11.042623558083351
0.3465886953639401 -0.048788566390157356 0.9367475391136694 13.848243884551701 -0.012853216171370183 0.9983056651030715 0.056750276273922 0.65452265828747 -0.9379291396901871 -0.03170922283354882 0.34537436805200006 11.333854628565806
0.33523885595448566 -0.051901108837602294 0.9407024951384765 14.66454581663262 -0.013046234880868816 0.9981299797326635 0.05971883550695276 0.692373783596982 -0.9420428361883345 -0.03229269979888088 0.3339348384429791 11.628940474863898
0.3263231226268881 -0.05313762436588677 0.9437635363351282 15.496248595372087 -0.016314064487876846 0.9979533811866921 0.061829606807212556 0.7364178193753356 -0.9451174905475628 -0.03557304955720028 0.3247883729542649 11.926720999686486
0.31884184734786375 -0.054267113498542206 0.9462531145377214 16.270608666626508 -0.019055071885613638 0.9977907696586604 0.06364341458008378 0.7613517126293952 -0.9476163678489496 -0.03832310499574196 0.31710338851587455 12.177690343433419
0.30799414489527666 -0.05305911191090332 0.9499075414762502 17.062378165834048 -0.019224313044149635 0.9978926886158846 0.06197263746962918 0.7952685556736727 -0.951194003607155 -0.037348529424701404 0.30632508035027817 12.434708223133915
0.2931666832059098 -0.05124694931916562 0.9546868837705507 17.819078818182387 -0.023268895673597516 0.9978841161574756 0.06071119513520582 0.8416747420509818 -0.9557781407587105 -0.04001300921066391 0.2913539166404501 12.668513485949243
0.27501912979137766 -0.05118263583509961 0.9600754220569159 18.669430003384267 -0.02575704501055328 0.9978313493479818 0.06057369801085889 0.8811085364644373 -0.9610936753933603 -0.041387631574638026 0.27310439592127467 12.917038159253769
0.25564392728464846 -0.04862392948145977 0.9655474591775712 19.501130337436177 -0.028442056461750673 0.9979238249196223 0.0577848516656218 0.9245300009929861 -0.9663525401563904 -0.04223450176778879 0.25373020118566625 13.14208313993489
0.2330275235818372 -0.047580955866188185 0.9713054235883667 20.29886343565806 -0.03145127848951647 0.9979110652560625 0.05642980525294859 0.958335640886312 -0.9719614140153361 -0.04369849514995543 0.23104426239778852 13.346994845054914
0.20292733155225468 -0.048259432697714225 0.9780038472648132 21.107259092308787 -0.03454353373499999 0.9978102543346457 0.05640426066999325 0.9899491593135239 -0.9785843052012331 -0.04522967499689137 0.20081592096618078 13.52505984563573
0.171565708803267 -0.04658448224725661 0.9840706750922861 21.87716520620058 -0.03427297087974734 0.9979945469415218 0.05321886641091346 1.0311505060309525 -0.9845763408847019 -0.04285755812854597 0.16962505322430915 13.65996978884939
0.13960551141790706 -0.04515672806153977 0.9891770170664708 22.69484853312495 -0.036295078727104475 0.9980549854797696 0.05068444750779684 1.0640897575853965 -0.9895417972182571 -0.04297808592472996 0.13769500967104292 13.788607047913093
0.10766018893965018 -0.04495900104409677 0.9931706660703363 23.553659516949292 -0.03879863453059764 0.9980259660759923 0.04938458258042961 1.105501594104337 -0.9934303949829801 -0.04385041919068803 0.10570331622404755 13.881551590842003
0.07707223643669714 -0.043321153108497226 0.996083906136424 24.358074922149058 -0.03979633852300911 0.9981257461141606 0.04648920717986437 1.142886336063753 -0.9962309580668571 -0.04322351949344746 0.07520376022375241 13.951246840347327
0.04326721953179652 -0.04314684332372375 0.9981314029851908 25.189991052058907 -0.040806685967754365 0.9981569472978491 0.04491684473967379 1.156055164876681 -0.998229814268396 -0.04267386169819784 0.04142679607991279 13.984589763458995
0.015349228887782063 -0.04111783170870738 0.9990363982799251 26.02577287467605 -0.037387860800099176 0.9984317591883358 0.041667374633848085 1.1823903639499331 -0.9991829407257427 -0.03799139586353017 0.013787849832285592 13.99244098239557
-0.012796659063112004 -0.03656246749400527 0.9992494340691779 26.855054356615252 -0.036440187103047916 0.9986844834767461 0.03607513307917135 1.2190679761057521 -0.9992539008083569 -0.03595119516142504 -0.014112168003102776 13.978115185681567
-0.04265700926837046 -0.03388154567259597 0.9985151077590734 27.68521955012151 -0.033825800317989964 0.9989008158837769 0.03244958026804637 1.2356338130027753 -0.9985169977487242 -0.032391370603305866 -0.04375619175972312 13.942329600685852
-0.07052310423158614 -0.03182814373944507 0.9970022372269997 28.464469026394248 -0.031837089634192746 0.9990534389176549 0.02964162462538874 1.2644670268001166 -0.9970019515994769 -0.029651230209036844 -0.07146966527083709 13.881653212369164
-0.10026014871431671 -0.026919055868054393 0.9945970375036091 29.262465606877438 -0.030154364770909953 0.9992569497082413 0.02400547323099577 1.2734999253864443 -0.994504206559754 -0.02758464955285305 -0.10099737741149656 13.79775977267817
-0.12666173444418244 -0.0172060892800418 0.9917967309480701 30.089288006519766 -0.02824510623199848 0.9995066920591849 0.013732680104364656 1.2895846694036446 -0.991543755464949 -0.02627399894559111 -0.12708523902433572 13.698468453833078
-0.150935944378622 -0.006442915364389706 0.988522548825337 30.901292643107634 -0.03064564233144653 0.9995286268321086 0.0018354152697210337 1.3025149868846035 -0.9880684112452064 -0.03001687833080888 -0.15106224450420047 13.582343003685182
-0.17146978862020085 0.0019255725386486192 0.9851874967542685 31.761013759372286 -0.03239242392489555 0.9994463984753126 -0.007591274398723428 1.28829878867061 -0.9846567130034779 -0.03321428525687797 -0.17131248872181276 13.43626150720984
-0.19389022237547843 0.009144704423004597 0.9809806094149892 32.58557890948075 -0.030334886362973306 0.9994224974422663 -0.015312291651126736 1.2862495680988868 -0.9805541169851532 -0.032726838944199144 -0.1935008467066422 13.278142162034337
-0.21793400179311356 0.012528166601236831 0.9758830954084874 33.41106741770657 -0.029147868456329294 0.9993880110358087 -0.019339213074556442 1.2670462949004697 -0.9755281506070912 -0.03265958419058983 -0.2174354592370023 13.103191483331258
-0.24381142125136074 0.012043939106502179 0.9697478715615674 34.18125648556577 -0.027643414819816213 0.9994303030358787 -0.019362618384695628 1.24547027010235 -0.9694286113399434 -0.031527970191730634 -0.24333958702007014 12.910996259564229
-0.26280661599202376 0.008051144943851247 0.9648149364805223 34.9193549595549 -0.02771428531061362 0.9994895890818067 -0.01588961002677974 1.2280318631990732 -0.9644504139563335 -0.030915051062133662 -0.262449344897797 12.714096097958535
-0.27926700410259014 0.007087705073062127 0.960187328002386 35.70136383872776 -0.025430164178087987 0.9995674144670463 -0.014774663635429754 1.209219842152818 -0.9598766833137682 -0.028543797442910242 -0.27896595573313004 12.484290995361903
-0.2943751090188366 0.006477977785914045 0.9556680024956122 36.441317403172675 -0.023675979688949984 0.9996206859314907 -0.014068839455497518 1.191284082322442 -0.9553966418069076 -0.026767892364946106 -0.2941100759280821 12.26010163279264
-0.3056340127570843 0.009784459815426614 0.9520987945544954 37.21024474205544 -0.023601072725784124 0.999562115636965 -0.0178484270888899 1.1779698474189542 -0.951856522597915 -0.027925639284991702 -0.3052692566543998 12.017748761430914
-0.3151991613539357 0.011146644533678762 0.9489600839853147 38.00168067924905 -0.022811408177088436 0.9995531317105433 -0.019317777942182753 1.1499419781320475 -0.9487513522197235 -0.027736063226150697 -0.3148040381856007 11.756677542161317
-0.3220112351932371 0.011563529675403505 0.946665225510461 38.81968718188099 -0.026449796902905012 0.999425213394947 -0.021204977582153547 1.1260771837524985 -0.9463662994069056 -0.03186734397326863 -0.3215202944371764 11.489251530267367
-0.3298480417440041 0.009756636565603688 0.9439836213624536 39.6295331061134 -0.028855323997032375 0.9993751689787755 -0.02041180799611167 1.0985173628047695 -0.9435929417045635 -0.03397174813827757 -0.3293604115460104 11.205839090612063
-0.3395011163064666 0.00813079581631623 0.9405705088859934 40.42295175933385 -0.029813341138231034 0.999367197064747 -0.019400260852027652 1.067369447235186 -0.940133052666929 -0.03462795966187771 -0.33904387281414905 10.920003698964962
-0.3469370902271296 0.008596676747922036 0.9378490030775872 41.19063262846789 -0.028981685261257023 0.9993821958414137 -0.01988186496814303 1.042671762764528 -0.9374405140296369 -0.034078201010114544 -0.3464736048702184 10.638926188667908
-0.3539496225924192 0.009583315939395142 0.9352153894811024 41.956800067962476 -0.03115543052486809 0.9992717205029311 -0.022031063340708937 1.0254738527216722 -0.9347454219280746 -0.03693492464751954 -0.35339327600534215 10.34791028265268
-0.3551867170251067 0.013866492006967285 0.9346925250842374 42.73714549901883 -0.03310850449482641 0.9990760243523062 -0.02740300156016967 1.0026162675046635 -0.9342088754550789 -0.04067945382882267 -0.35439943433525084 10.054441180442714
-0.35452894251595973 0.013026744653546746 0.9349542945204579 43.548460882637016 -0.03208654365386382 0.9991445657013065 -0.026088130364144337 0.9668572900755782 -0.9344943459619564 -0.03924844905571671 -0.35380768308765825 9.749808213617037
-0.35318529840449253 0.013503742642884092 0.935455928371596 44.372030213519814 -0.03438760985922505 0.9990327698617778 -0.027404689935735062 0.9455677853144361 -0.9349211930847965 -0.041847027097976795 -0.3523793255058558 9.452220565089801
-0.34645512043254245 0.011273491417005982 0.9379988048592299 45.20262075046146 -0.036922758128650625 0.9989890329744262 -0.02564414024673892 0.9104875507321776 -0.9373396179924575 -0.043518046694353635 -0.3456886173330883 9.15318143726467
-0.33827725863540203 0.010361042123433306 0.9409894500451287 45.98015638776232 -0.0400082346283676 0.9988769415943837 -0.025381030573473885 0.8690972436429237 -0.9401956378605673 -0.04623315214396017 -0.33748282651239403 8.866218750847949
-0.3324528115826008 0.010438076879533732 0.9430621265971193 46.837596361973645 -0.04283175412194466 0.9987399213587296 -0.026153591019135287 0.8445645437143076 -0.9421467873477367 -0.04908783999541904 -0.331586813753085 8.572116339184584
-0.32718184596269856 0.010766366872914573 0.9449000608618876 47.71146970679595 -0.04521690021195499 0.9986113006370136 -0.027035202519569892 0.8169508585056678 -0.9438789496580922 -0.05157087922859044 -0.3262406670050915 8.286794660000732
-0.32605077038222774 0.009097487298644964 0.94530848449488 48.57276361069493 -0.04980318909736333 0.9983997884464813 -0.02678627980428954 0.7909469073769085 -0.9440394787766495 -0.05581306437450297 -0.3250759362921831 8.007623770678833
-0.32557289236762704 0.006263346210209946 0.9454961989609628 49.44946254549321 -0.053938005431086594 0.9982266133878133 -0.02518570813801451 0.7580992140608608 -0.9439772154694698 -0.05919796295944841 -0.3246576933571083 7.724574496473169
-0.32550810732128765 0.006113837343967123 0.9455194831736915 50.383415015691355 -0.054776258715829085 0.9981777765387587 -0.025311813550916544 0.733441857699868 -0.9439512876993228 -0.06003122035300729 -0.32458006567520303 7.4166214890592315
-0.3248744801230522 0.002616715244798583 0.9457535223122908 51.27522028171101 -0.056605694732971105 0.9981496274263879 -0.022206228683883278 0.6971387094010062 -0.9440616333103335 -0.060749272175811886 -0.3241252203108157 7.108869302905609
-0.32666668393130577 0.0019043737335538678 0.9451376888951193 52.187157249181126 -0.05899210325688367 0.9980070941380534 -0.02240026346826347 0.6723161263168032 -0.9432967769279472 -0.06307307992163846 -0.32590332497006697 6.808888008981619
-0.3281105046167366 -7.699341719773906e-06 0.9446393474235925 53.06538602269481 -0.059422926573390114 0.9980196616125014 -0.020631791786501822 0.6333195257870445 -0.9427684830103328 -0.06290274219450384 -0.3274611923065203 6.503643132572495
-0.3300648443777185 0.0009482585900781292 0.9439577847083837 53.99102600170515 -0.0589695811362201 0.9980255915711085 -0.021621911797015527 0.598617422568745 -0.9421145296653329 -0.06280142812695828 -0.3293572431550326 6.178353884187603
-0.3292148144933429 -0.0006934520640946712 0.9442547987923327 54.98852155511245 -0.059820404732915555 0.9980062949060813 -0.02012348144397451 0.568692086766795 -0.9423582785202791 -0.06311065244529337 -0.32859993982383107 5.841740883886714
-0.3288935470200843 -0.0021044349687202833 0.9443646573660042 55.987946395222345 -0.06070446314060862 0.9979764986688038 -0.018917617703244006 0.5318022457519299 -0.9424139233284695 -0.06354903192195795 -0.32835577908485775 5.505356160569428
-0.32734338073401953 -0.00197221274345772 0.9449033926632483 57.009008462816944 -0.06279271041274528 0.9978327224820829 -0.019670624367697825 0.5058545513167713 -0.9428167301276761 -0.0657720937851951 -0.3267577773679881 5.16057212084277
-0.3275433785918865 -0.00517717497648152 0.9448219578311436 57.98228262374753 -0.06496013972093151 0.9977421436503999 -0.01705271331319597 0.4700204958591033 -0.9426004006937667 -0.06696126972487819 -0.3271401427045953 4.830169693169605
-0.3268008456855771 -0.008005584163440712 0.9450593197685497 58.99742479262979 -0.06362260230751557 0.9978820706108157 -0.013547606028037961 0.4387399511282751 -0.9429492943604187 -0.06455450236562345 -0.3266180406675592 4.488390235061408
-0.3261594155864857 -0.010619998668609597 0.9452551249544012 60.00236449563087 -0.06359097106390565 0.9979183575580133 -0.010730333073436345 0.41130260243068995 -0.943173485644837 -0.0636094904632642 -0.32615580433218144 4.146614963867934
-0.3251115048152198 -0.01240885448109973 0.9455942733367467 60.928879200601344 -0.06278827829395393 0.9979907469111768 -0.008491241873394829 0.3802283360584669 -0.9435889685375006 -0.0621328368106462 -0.3252374041284263 3.8381517830082936
-0.3271089238308894 -0.013002884836413708 0.9448971779702426 61.907465250681 -0.0625749995053358 0.9980087697302791 -0.007928743807308757 0.3571816208923762 -0.9429125735650705 -0.061720503298220715 -0.32727123015246795 3.513379066786972
-0.32698930490529654 -0.01444471091160858 0.9449176391645102 62.91177428942816 -0.06621600878125579 0.9977758986553453 -0.007661347374930891 0.3312559466930373 -0.9427053806246319 -0.06507385334524736 -0.3272185186571346 3.1681529341352332
-0.32778770625698056 -0.012825526735261217 0.9446643454109773 63.843442099283266 -0.06804911392850557 0.9976311749370355 -0.01006761577015191 0.3053601007614774 -0.9422974783582585 -0.06758361234584345 -0.32788400025306835 2.852584913868212
-0.3290818117010645 -0.01173938317809237 0.9442284406276604 64.78849715182844 -0.0706804797229529 0.9974239968150695 -0.01223275780786182 0.27342314598624745 -0.9416525001260703 -0.07076409725313029 -0.3290638411406989 2.5231786630271587
-0.33368507684279153 -0.010485827728908131 0.9426262869818876 65.7401787516817 -0.0730626623300036 0.9972179668207448 -0.014770715052145958 0.25364788722411236 -0.9398489862023962 -0.07379955329634103 -0.3335228763782004 2.2020034540202404
-0.33917745534323473 -0.013112430961729656 0.9406310211454659 66.70905906164205 -0.07315257410175083 0.9972427223482553 -0.01247612222321719 0.2127327759798661 -0.9378738479610017 -0.07304119986497123 -0.33920145700322313 1.8620692608993892
-0.34286844767246716 -0.015271438805888313 0.939259288347723 67.64662809753337 -0.07187525556593957 0.9973632846090057 -0.010021284910972022 0.18461955176324102 -0.9366296894867278 -0.0709454837937836 -0.34306203972643556 1.5200334964999258
-0.34836208460591866 -0.017469434545826154 0.9371972454428514 68.5747820261996 -0.0735781815567751 0.9972509727066394 -0.008760629798150087 0.15123204618795263 -0.9344678213870274 -0.07200914033864791 -0.348689796954072 1.1821167799520511
-0.35293704038783924 -0.016723848880871858 0.9354975993560234 69.5472650980803 -0.07451163147668283 0.9971671067833298 -0.010284839524604218 0.1264353990101982 -0.9326754324506227 -0.07333535319321516 -0.3531833287048961 0.8281196363761487
-0.35963240639726335 -0.014471489270194121 0.9329818370510847 70.48082162194116 -0.07405993179925953 0.9971680037388191 -0.01308047481660619 0.1057091958441416 -0.9301503420258486 -0.07380073385706606 -0.35968568627533104 0.4740117169537241
-0.36617888270583526 -0.013458902057357364 0.9304471418708947 71.39713834204025 -0.07500009259547337 0.9970692869680544 -0.015093809846633 0.07960392334874383 -0.9275171221982789 -0.07531065622092505 -0.3661151363828011 0.11891843409040254
-0.3706049361656169 -0.01420799950317022 0.9286819229638302 72.25898598352687 -0.07495331334206964 0.9970793233909008 -0.014656864787180864 0.05377737424801199 -0.9257612986665219 -0.07503969360586496 -0.37058745563606615 -0.23303019948180675
-0.37322809679188024 -0.014175772738942497 0.9276313034995989 73.14237876828871 -0.0739512266090733 0.9971562117335844 -0.014515697852336633 0.027773295300035517 -0.9247875452492451 -0.07401713901780246 -0.3732150308917031 -0.5874389423270348
-0.37670806475902263 -0.01944795685671911 0.9261278588400264 74.06756685683015 -0.07247662921292783 0.9973335732999766 -0.008537083028326804 -0.000560176443218114 -0.9234923779671624 -0.07033861345519943 -0.37711312267508834 -0.9583415663809278
-0.37701323763100747 -0.024391011372903827 0.92588665462636 74.94986470163894 -0.07101243751667743 0.9974719395393155 -0.002638853845195868 -0.03679331342819714 -0.9234815928695739 -0.0667443510409922 -0.3777921905428848 -1.3257417608725584
-0.3770619828686255 -0.026970744177213887 0.9257952473596459 75.8613693669933 -0.07145818669861169 0.9974435951266922 -4.576555510873992e-05 -0.05236995362709679 -0.9234273055465313 -0.06617290608146933 -0.3780253402508969 -1.689497092566503
-0.3774513677143925 -0.023735551001842214 0.925725169058924 76.76634619742632 -0.0726469610972157 0.9973495006501705 -0.004048777123457234 -0.07190647042955832 -0.9231754351443034 -0.06877933680615676 -0.3781752487599251 -2.055189866697755
-0.37545504287175546 -0.0206598398761851 0.9266103182020256 77.61569233235025 -0.07295210528379893 0.9973085566441358 -0.007323467693154791 -0.09297181113886668 -0.9239650973477462 -0.07034780636723192 -0.37595170570498626 -2.400605924766222
-0.3764758428732454 -0.02080072141411882 0.9261928901268525 78.50072637084463 -0.07200434704466124 0.9973806676351828 -0.006868612252030941 -0.11446375277773341 -0.9236240110237236 -0.06927578087794453 -0.3769874698769172 -2.766036307653112
-0.3737155141740829 -0.02097460193513847 0.9273061956760902 79.38412871304403 -0.072122284844123 0.9973745731570685 -0.0065066772333315925 -0.13287637231238927 -0.9247351461334559 -0.06931108781009036 -0.3742470876468085 -3.1189998394417873
-0.3706777097231254 -0.024036765494879264 0.9284504668634523 80.2564334886751 -0.07362990865000298 0.9972792174333045 -0.003577572893432024 -0.15056948157291117 -0.9258383617384898 -0.06968784958771353 -0.3714390011202776 -3.450742764867367
-0.36866523058529593 -0.028308436155235102 0.9291310888135945 81.11036974708685 -0.07502364090955121 0.9971815666641666 0.0006135225122534949 -0.16231991732674714 -0.9265297626423911 -0.06948061274660224 -0.3697499741584728 -3.783298940845281
-0.3648816006858652 -0.03279165020555091 0.9304762894118891 82.00345937852668 -0.0772827595766993 0.9969975159615536 0.004829931542143902 -0.17523160538735483 -0.9278409306304237 -0.0701474222141377 -0.36632027872284184 -4.12411061239752
-0.3631326084876348 -0.033815533713297374 0.9311236321416457 82.85335634569286 -0.08026839787988369 0.996761266460797 0.0048950980852940015 -0.1876521779568722 -0.9282735011594173 -0.07296223244359246 -0.36467083744396717 -4.442898806398914
-0.3605004321965353 -0.03634527034428933 0.9320506744323036 83.75083688839035 -0.08319749336451678 0.9965106924408553 0.006679591971705999 -0.19315951604531664 -0.9290412345445023 -0.07513628400877842 -0.3622663707016976 -4.774379165079933
-0.35830716835216364 -0.03647590204403524 0.9328909269992545 84.59461193751918 -0.08145969468340011 0.9966470351184353 0.007681505823695325 -0.204439417590656 -0.9300431663366715 -0.07324067148590445 -0.3600770928436747 -5.097967300753988
-0.3560070958308162 -0.03712485299321239 0.9337455183337376 85.47001416549442 -0.08056977857997445 0.9967091503563912 0.00890956651104223 -0.21286979529295297 -0.9310034685744634 -0.07205980076348507 -0.35782667119185635 -5.427143023481156
-0.35339062107259506 -0.036474716224013846 0.9347644965521013 86.31760157607928 -0.08275307023185796 0.9965411011904939 0.007600197710539804 -0.2165320518040459 -0.9318084558025469 -0.07466879344422123 -0.3551866734274492 -5.743841222614486
-0.3484067134574645 -0.03662798672272202 0.936627542092591 87.116489349669 -0.08075319297888772 0.9966940488516145 0.008938389535586289 -0.22022561527514972 -0.9338584924074326 -0.07252146973424807 -0.35021272476325277 -6.03413210990934
-0.3409426247974195 -0.037431304004900204 0.9393386099148375 87.97331832408217 -0.07913136638602358 0.9968035084572926 0.010999653681536218 -0.2273918245393865 -0.9367477533734081 -0.07058089690366352 -0.34281479481222427 -6.341364837757197
-0.329732061028204 -0.037094642084836815 0.9433455122375315 88.79212720066982 -0.07931252569639569 0.996783769207441 0.011473478647105025 -0.23941379402548207 -0.9407370999369332 -0.07103594141844574 -0.33161363637378344 -6.626121724735704
-0.32061117715925486 -0.04046231667844858 0.9463462759527138 89.61827707332317 -0.08443136612799979 0.9963310098970493 0.01399511097797421 -0.23413169516369145 -0.9434404154446198 -0.07541431990370998 -0.3228511465972273 -6.899119293377697
-0.3067988070103276 -0.04385537964999474 0.9507634814678121 90.47112502220725 -0.08325049263266816 0.9963457085984563 0.019094094214133182 -0.23731991309924233 -0.9481264934034159 -0.07329348288350715 -0.30932865672832066 -7.17654992201889
-0.2952757217123381 -0.04432370781633958 0.954383391039822 91.29027677251263 -0.08338018947068467 0.9963074654799662 0.020473842646627362 -0.23442623106300842 -0.9517667740424073 -0.07353123930886712 -0.29788112507275716 -7.423811107937112
-0.28317933797777906 -0.04525113500033478 0.9579988503769974 92.10622106981491 -0.0845407160347954 0.9961756969146212 0.02206463706915412 -0.22439765407789639 -0.9553336222884607 -0.07474165945341915 -0.2859219377161505 -7.663745063436127
-0.26848572262816306 -0.0455664113677149 0.9622053413382725 92.93288867519124 -0.08248292339071049 0.9962994476703717 0.02416563511754859 -0.2159746981846807 -0.9597457913915306 -0.07287738144843361 -0.2712506279798522 -7.894037641250825
-0.2545133713681698 -0.043457292795015076 0.9660923390120308 93.74020968093963 -0.08310207425128234 0.9962773808387122 0.022922165785336002 -0.22073468845304864 -0.9634920804292804 -0.07445027959708683 -0.25717730618772167 -8.114418179989343
-0.24275001363084747 -0.03655291053879063 0.9693999771061307 94.57712505286668 -0.08160170202252155 0.9965176049846104 0.017141329667316144 -0.21393142682597038 -0.9666507089477828 -0.07494363006206184 -0.24488744190723588 -8.324461256159402
-0.228697392976147 -0.03365318267859888 0.9729157033070824 95.42872151243347 -0.08426226297314915 0.996335819340941 0.01465626612954541 -0.20332299566216522 -0.9698439944055733 -0.07862822898817606 -0.23069509774077412 -8.524403777834962
-0.2158046076692734 -0.03464530964779612 0.9758217428547693 96.30013914525763 -0.08620330717312742 0.9961441701320355 0.016302826269519094 -0.19700172443652283 -0.9726239566971022 -0.08060083641853233 -0.2179590420870549 -8.715147909797349
-0.2026474839950188 -0.04110801001203958 0.9783885366986568 97.20871972635562 -0.08642535023824198 0.9959705056986776 0.023945993704958226 -0.1916865795823119 -0.975430497814522 -0.07970497657719212 -0.20538369127597128 -8.899329608942779
-0.19226395521164524 -0.0413924176407018 0.9804699073853478 98.02271012529144 -0.08867822050783906 0.9957553040713276 0.024648481117124792 -0.1884528573453802 -0.9773283709858922 -0.08220731217888044 -0.19511845912262255 -9.052770621402656
-0.18619466706554877 -0.03787025001633407 0.9817827611646327 98.85383986132958 -0.09238826855861754 0.9955041494238805 0.020878130006714207 -0.18044277658878774 -0.9781594725754542 -0.08681781293914774 -0.18885633049324269 -9.20253761273126
-0.18008975428247959 -0.03418350276801875 0.9830560353006259 99.7015929908783 -0.09683096333447382 0.995157937141816 0.016865487937309416 -0.1722048922691028 -0.978872537638172 -0.0921529613314439 -0.18252776987530278 -9.351637251353267
-0.17877238421109648 -0.0337732237345476 0.9833106345413217 100.54777492428681 -0.10105155619453238 0.9947558078775323 0.01579448272599531 -0.1708483573864941 -0.9786873952565976 -0.09654145250872648 -0.181247704298184 -9.499912152371255
-0.17681575962328716 -0.03386528232842018 0.9836611864873274 101.37365969712975 -0.10036434883138903 0.9948187157507331 0.01620864817662676 -0.17271354937272146 -0.9791134687218287 -0.09585857001269525 -0.1792984939218119 -9.644444859213285
-0.17461385976706634 -0.036030120128692375 0.9839775558521442 102.20588405208663 -0.10380728738648552 0.994434686898633 0.017991680807456528 -0.16837227806911786 -0.9791496550899188 -0.09900244409270809 -0.17738226800039314 -9.790514985595069
-0.17022399712108766 -0.039098032319704615 0.9846294402834234 103.0303384710476 -0.10483107539623891 0.9942606891900627 0.021357143127532167 -0.16890782326509526 -0.9798133681652789 -0.09958426482145236 -0.17334571746825128 -9.933055238836031
-0.16599953595729522 -0.041384960348014616 0.9852570421564901 103.85708501231433 -0.10813469566170283 0.9938578131941627 0.023527319164491828 -0.1541767753352165 -0.9801790865225157 -0.10263494633851677 -0.1694550858899675 -10.06517031461502
-0.16234965765874798 -0.042628977734606 0.985812030214376 104.71037823816738 -0.10754510927153169 0.9938790909286883 0.025266620006216746 -0.14931616445544632 -0.9808550545977024 -0.10191723540239261 -0.16594046823506203 -10.212377630742592
-0.15895344721240678 -0.040605094583725514 0.9864507224961313 105.52586286151266 -0.11073277029764689 0.9935827570405391 0.02305555234492565 -0.1426683375658019 -0.9810566014259837 -0.1055676617414999 -0.16242971893385483 -10.340837553460617
-0.15681127060473943 -0.04022264442501857 0.986809183321064 106.36741846677279 -0.11690731331952706 0.9929014821860498 0.021893532496031466 -0.13214528669385212 -0.9806849165270856 -0.11193205773237344 -0.1604004643012592 -10.463817947287845
-0.15376239864861274 -0.03895195956839752 0.9873397944008979 107.1648301421818 -0.11741748084948532 0.992863029479879 0.020883962339504528 -0.12999214883350382 -0.9811066506515926 -0.11271978325839267 -0.1572386419090268 -10.588779444656568
-0.15047337764359647 -0.03748039144913196 0.9879033266860413 108.00936248606584 -0.11960447465411925 0.9926312378118045 0.019442102841944982 -0.12747457834786824 -0.9813523996318751 -0.1152321395142191 -0.15384739763719057 -10.716745005649615
-0.1445153984751435 -0.0414666883884917 0.9886333058104317 108.84197875940573 -0.12356497941825993 0.9920570499507544 0.023547940554791987 -0.11876939472707376 -0.9817570959585349 -0.1187574140721275 -0.14849135038097594 -10.83776779155187
-0.1396119953837004 -0.044887767571414855 0.9891883435764073 109.68663097773612 -0.12461039358996187 0.9918267893570475 0.027420242942868683 -0.1144985334050787 -0.9823343323707752 -0.11943495399649881 -0.14406439952159522 -10.952706062876988
-0.13576429267741202 -0.048367703041315435 0.9895598123086392 110.52985982044856 -0.12605186762126327 0.9915338316861806 0.031170295008430354 -0.10258071733965601 -0.9826896679537206 -0.12050404941008491 -0.1407117286255068 -11.062878117333069
-0.1328014088102149 -0.045866416575896685 0.9900808338961565 111.344538511517 -0.12676181432105524 0.9915112225791645 0.028929879529737197 -0.09240581752769939 -0.9830031679745782 -0.12166251407092121 -0.1374881973912176 -11.170102707101382
-0.12907112040341817 -0.042341011957075576 0.990730984972337 112.18189800884959 -0.12774618935352938 0.991473081778111 0.025730122717692226 -0.08118996454616646 -0.9833725423172331 -0.12324109223739485 -0.13337944444581928 -11.273663763253008
-0.12559583999853785 -0.040847216584084106 0.9912402281346306 113.00072456880999 -0.1295929379450451 0.9912663301666155 0.02442812135188168 -0.07362837034730696 -0.9835808840201365 -0.12538966295250772 -0.12979243820355302 -11.368924809553084
-0.11994316513463166 -0.04160518572312767 0.991908587349878 113.84320888315473 -0.1308715396601849 0.9910650106314038 0.02574460737995459 -0.06697936135163772 -0.9841170038386996 -0.12672471433433738 -0.12431640894275153 -11.460912367023424
-0.11234596575407535 -0.0454785347392285 0.9926278692726481 114.68347685428816 -0.12947640944729094 0.9911054505343104 0.030754598319919002 -0.053910111824019384 -0.9851975656564637 -0.12506673738110738 -0.1172350963893643 -11.55624533682963
-0.10562882287349379 -0.04507764206124233 0.9933833892131267 115.51213910505818 -0.12898377908677516 0.9911538300410725 0.03126131678939059 -0.04328349364462764 -0.9860049373663673 -0.1248282475287992 -0.11050869697917348 -11.644956184822272
-0.09911205462073419 -0.045062984534989595 0.994055394861703 116.3484714283352 -0.12771859017506398 0.9912874989040639 0.032203357592342094 -0.03624302111546343 -0.9868458655497074 -0.12376761265098997 -0.10400392159012001 -11.732925300976746
-0.09345494179158342 -0.04775232769901582 0.9944776966096616 117.13876014532357 -0.1299951995172073 0.9908837791485086 0.03536360166685235 -0.019036526171087625 -0.987100512590898 -0.12597242325086927 -0.09881055926919269 -11.802992914500217
-0.08737283199617635 -0.047397298322261854 0.9950474784354357 117.93681917271212 -0.1330161207058223 0.990477902928065 0.035499794979651215 -0.004312510547573084 -0.9872551341276188 -0.12925563787693622 -0.09284546416322276 -11.87145359184131
-0.08360703642197226 -0.04774935178578265 0.995354139422132 118.77253131908806 -0.1366537985041802 0.9899640693233727 0.03601223129837699 0.0160279067720075 -0.9870843949810545 -0.13300804807509378 -0.08929309229800259 -11.942624583076656
-0.07901678511351296 -0.04975899825971688 0.9956306492683492 119.60540511218812 -0.13750332161439752 0.9897507515543171 0.038552384396716294 0.03038147407062084 -0.9873445114119653 -0.13385623590200835 -0.08504894999242152 -12.009602078627427
-0.07717854107263417 -0.049500401871478555 0.9957877198542179 120.41877030648025 -0.13825287014962034 0.9896491480607175 0.03847996411236077 0.0506001074202623 -0.987385242290613 -0.13470068283887235 -0.0832232500533931 -12.076557863102456
-0.0725059676765969 -0.050796868267449 0.9960735729982497 121.30828268549615 -0.13897988276701648 0.9894730822642277 0.04034366939923904 0.0699547445917674 -0.9876373204964191 -0.13550903161320343 -0.07880244611625442 -12.139417984407478
-0.06745411086490816 -0.053008284324287024 0.9963132362467237 122.15099600446317 -0.13978342364236354 0.9892406717273594 0.0431681349518612 0.09169631571718417 -0.987881843846846 -0.13635620702189588 -0.07413802940703029 -12.196052039866844
