1.0 0.0 0.0 0.0 0.0 1.0 0.0 0.0 0.0 0.0 1.0 0.0
0.9999619760451306 -0.003476548525907648 0.007997504252265473 0.006949157454073429 0.0034661171029424062 0.999993124660298 0.0013178256192167793 -0.006565774790942669 -0.008002030751420862 -0.0012900552240052762 0.9999671510911609 0.3092666268348694
0.9997190058545307 -0.005919532776847523 0.0229536155089523 0.021513196736615947 0.005915637654458677 0.9999824742365785 0.00023759383803076227 -0.010508568168050974 -0.022954619673829023 -0.00010174180334255115 0.9997365028267375 0.6334429793602983
0.9995126876207615 -0.008227356261567271 0.030111424643605316 0.030065715353052358 0.008241696956331075 0.999965974624779 -0.0003521704077585456 -0.016115589520298207 -0.030107502659673966 0.0006001680275952378 0.9995464862035865 0.943632200467103
0.9993823095146468 -0.00906655160068107 0.03395286543494132 0.03885487495461531 0.009150095739774721 0.9999554780264936 -0.002306016643434959 -0.013690948506633563 -0.033930446167476216 0.0026152642082646433 0.9994207748571156 1.2702856258102604
0.9993466880745256 -0.011396781368690677 0.03429738195418741 0.049285209934307114 0.01143647700769096 0.9999341391507597 -0.0009614335557547479 -0.023021348161148376 -0.03428416585144972 0.001353046659890281 0.9994112092810481 1.6531747401566732
0.9995534248955056 -0.012675657835466328 0.027060644450994584 0.04968361608666 0.012798817323572294 0.9999084860835642 -0.004382890962888828 -0.028918899159318664 -0.027002611999263862 0.004727277917885507 0.9996241852759987 1.9852434449259746
0.9998571583596073 -0.013840591631041295 0.009700561857643177 0.03998208501336432 0.013906301015641595 0.9998805907089786 -0.006739370558613638 -0.036433730529309996 -0.009606126644677212 0.006873306829081069 0.9999302375586607 2.334036392120317
0.9998930598898316 -0.012860077990696888 -0.006963273527794873 0.02060751775912747 0.01280245758646304 0.9998839511761101 -0.008257194450729633 -0.04687654099250771 0.007068653612712281 0.008167164411442857 0.9999416640792501 2.7434515550028493
0.9997097819684923 -0.009174454633333487 -0.02227512555947762 -0.01146596434640126 0.00902104072606801 0.9999349622231689 -0.006977975922026699 -0.05886910023399416 0.022337695958361724 0.006775005972740373 0.9997275261956835 3.138882965604909
0.9990581377332678 -0.0076462781606557685 -0.04271266626218307 -0.048752399160846754 0.007356697790108978 0.9999489062841268 -0.006932807425824311 -0.06914007856021094 0.042763494087361 0.006612053498606742 0.9990633434982847 3.5398470486388702
0.998165036867151 -0.010956422906281772 -0.0595526319577737 -0.08682275509984812 0.010544613375854557 0.9999183024450014 -0.007224926592063361 -0.08405382002289075 0.0596269260045585 0.006583709638620099 0.9981990204676828 3.9829616244348465
0.9969617459373276 -0.01009293000958371 -0.0772360660664255 -0.14276650314162892 0.009518562560714152 0.99992426737634 -0.007801056253334019 -0.09121287373352947 0.07730895229126683 0.007042178335682469 0.9969823135943361 4.388841486928584
0.9957780486418419 -0.012064665962742124 -0.09099737182058026 -0.19722692223678895 0.011364796509595255 0.9999017519483413 -0.008205355015672254 -0.10200761648186223 0.09108742637346262 0.007136545792270795 0.9958173278623011 4.834558043417017
0.9945184982482026 -0.01296070913836684 -0.10375440550054106 -0.2563607281429023 0.012132183421882606 0.9998893106221458 -0.00861258549959766 -0.11766673974439008 0.10385454620553618 0.007306608118733161 0.9945656573149113 5.324357289068796
0.993385681165497 -0.012689465298910477 -0.11412215352765546 -0.32541436306507127 0.011768640689313447 0.9998925595360862 -0.008738906150107327 -0.1320354963324953 0.11422078423687983 0.007338041619008074 0.9934282891047095 5.806058432573056
0.9919730830496644 -0.01481780741884649 -0.1255780039984777 -0.3970182557584036 0.0138412290009729 0.999866827413845 -0.008645681992469182 -0.15085176331935923 0.12568939050169006 0.0068381299103085985 0.9920460760945751 6.293082685569536
0.9906599291135754 -0.017885270402442244 -0.1351777420706431 -0.46159968321645306 0.016526415481174905 0.999801057749419 -0.011167923463501605 -0.16821560819590606 0.1353505908373856 0.008829610737431791 0.990758424407381 6.732816138930941
0.9895794760103208 -0.01754714632193452 -0.14291451401133287 -0.5444514192351028 0.01576366855435904 0.9997832211189855 -0.013602114639054193 -0.17919749393503434 0.14312221145876397 0.011207516446665611 0.9896415634775303 7.249768882413169
0.988536775009045 -0.01739552252556454 -0.14997479871891561 -0.6314360812849819 0.015235937762924196 0.999763210002916 -0.015536734700367621 -0.19858339134913594 0.15020955580521828 0.013073626915584047 0.9885677364875263 7.785850528887073
0.9879270426682795 -0.017858554269357486 -0.15388707029544796 -0.7274887377159298 0.015482418613897451 0.999741910896848 -0.01662547172813494 -0.21890982169117035 0.15414426060859926 0.014042209075761052 0.9879485630768947 8.353192687655223
0.9867404839416232 -0.0203769728184903 -0.1610217262651409 -0.8150041601355595 0.017907487434757955 0.9996989511461188 -0.016772864130017776 -0.23814568632620953 0.16131503105546444 0.013666969528924787 0.9868083272345598 8.905480888746578
0.9859961892047555 -0.022914051412909406 -0.16518614082769426 -0.9110256493471326 0.020024182741919062 0.9996162925070659 -0.01913896183042813 -0.26012316875198516 0.1655613088231019 0.015563225959771278 0.9860766902318028 9.443066686077186
0.9847405649554871 -0.024500084697807383 -0.17229557620829497 -1.0164475405968405 0.02115426940352218 0.9995508185352406 -0.021228708192770143 -0.28267733411258467 0.17273828937775007 0.01725998306287829 0.984816519138219 10.036408018816173
0.9830557975263844 -0.02344890072922525 -0.18180057206828493 -1.1358269222169242 0.018932349130055537 0.9994684714599013 -0.026539418117709726 -0.30103353870620203 0.1823262600564779 0.022647816941150714 0.9829772180888111 10.62535621357653
0.9816124306290941 -0.01980233885418789 -0.18985495361023966 -1.2711558879547906 0.01449873201933144 0.9994659874107227 -0.029283558167359596 -0.32445239837376966 0.19033345161656148 0.02599244861519284 0.9813753460377497 11.254489675792044
0.9796066215298245 -0.020726901651749365 -0.19985310255996075 -1.400315748300429 0.014912461957349233 0.9994218289230169 -0.030555299876497133 -0.3513510985202029 0.20037086997189507 0.02695187229286239 0.9793493304468102 11.844494576476588
0.9774786607564755 -0.019960906970460258 -0.21008814806800505 -1.5344243755819669 0.01299833330628324 0.9993211966375966 -0.03447012158465937 -0.3777113051613113 0.21063359441690718 0.030963012510398 0.977074603476774 12.414342485407602
0.9758626556940604 -0.016999247608919837 -0.21772253627602842 -1.6810784767827616 0.009319291152469536 0.9992992079381002 -0.03625250097167449 -0.411462749662622 0.21818622329136958 0.03334844216775935 0.9753371998292859 13.03881709270906
0.9730554156871551 -0.017267606165243296 -0.22992387387833327 -1.8317023926160596 0.00841925609355924 0.9991876752196637 -0.039409463532952216 -0.43843330554887144 0.2304176081134615 0.03641180394385969 0.9724103590587799 13.637965231745145
0.971452180107913 -0.019762681148718198 -0.23641086734200106 -1.9943167033515632 0.009748526545297728 0.9990078936242435 -0.04345336243201575 -0.47180759038187847 0.23703507755979653 0.03990820605172063 0.9706810532280697 14.295410190887676
0.9707393078828894 -0.01939399783979516 -0.2393513504846781 -2.1545872481807944 0.0078130903649355 0.998756468004186 -0.049238940268378 -0.5060984409905798 0.2400086493233078 0.04592810106670605 0.9696836895516023 14.926882756935548
0.9711634142320851 -0.020501048480011604 -0.23753174496959326 -2.3159325487534477 0.007497251058542782 0.9984294196844413 -0.05552013270116485 -0.5401451433018879 0.23829690321874694 0.05213828650627089 0.9697918255979193 15.564192284545658
0.9715878342091798 -0.01892833008023406 -0.23592117059960763 -2.4923606264635314 0.0050605186708416764 0.9982304071346788 -0.059249011996114175 -0.5816898417943887 0.23662517103532651 0.05637173575567215 0.9699643064775092 16.238852541218176
0.9710646485082587 -0.016352128264126506 -0.23825628285265807 -2.663824830606069 0.0005844191275967466 0.9978128007210961 -0.06610047784551729 -0.6224947946370522 0.23881605237465833 0.06404859575631597 0.9689502931058067 16.870503253654157
0.9711643259996104 -0.014504717102733707 -0.23796946251040718 -2.8414607872506616 -0.0024515709003501765 0.9974872470137324 -0.07080382648618544 -0.6723013744838755 0.23839849350581682 0.06934554943711213 0.9686884705969314 17.542668080702576
0.9713007990677398 -0.01643952848399252 -0.23728569201195926 -3.0201086766175482 -0.0015228399284594654 0.9971583817268664 -0.0753182760716769 -0.728292237057613 0.2378496135984305 0.07351804985907234 0.9685156981980192 18.24879416596753
0.9708096523144808 -0.014780222631709554 -0.23939541347317855 -3.213126722996064 -0.004333777840843862 0.9968556597654548 -0.07912023738087648 -0.787818044862823 0.2398120875657923 0.0778481766808776 0.9676930422632994 18.959566082863173
0.9708756118177299 -0.012241955320427857 -0.2392711451627245 -3.408901761246708 -0.007565765103810303 0.9966290544355962 -0.08169018945505901 -0.8480826164840962 0.2394646228066745 0.08112128194710755 0.9675102232221193 19.676858237503218
0.9700413246496185 -0.010976153537402921 -0.24269188805054243 -3.609566038462975 -0.009550541787111172 0.9964836578087528 -0.08324125702835763 -0.9045925112680109 0.24275216914290654 0.08306529825150702 0.9665254991994789 20.43294141557631
0.9700080573373908 -0.010961690161368609 -0.24282547240631008 -3.803951405525292 -0.010326611599744701 0.9962223294104183 -0.08622314931008014 -0.9694354533537546 0.24285330920827397 0.08614471389984711 0.9662304893107567 21.149304135626156
0.9696796239468121 -0.008900087770970923 -0.2442175573951191 -3.9962760614917445 -0.012633178737667786 0.9961748197710605 -0.08646462426378426 -1.0404773143016217 0.2440529239680431 0.0869282283942579 0.9658579882212935 21.8811527134119
0.9687380499405569 -0.008475167434127545 -0.24794104568290196 -4.1939528366348116 -0.013356196935757486 0.9961851889174795 -0.08623619532921831 -1.1083059778548854 0.2477260636283163 0.08685183313211836 0.9649293012862705 22.617442680748415
0.9680863764214963 -0.008147101110960432 -0.2504843159373154 -4.401055941910511 -0.01370902353268719 0.9962535458788425 -0.08538697206022432 -1.1818962722065889 0.2502415442345201 0.0860958597571398 0.9643477964260622 23.374242340926124
0.9664289927043729 -0.006947634847871224 -0.25683989649279937 -4.637690375897055 -0.014857523261294804 0.9964504500381383 -0.08285984927171743 -1.261160636051802 0.25650391042428833 0.08389416540387236 0.9628953800638138 24.20870469248228
0.9651345691555333 -0.00654418084679272 -0.2616723850886978 -4.8354271630114205 -0.015188418621265031 0.9966029178280315 -0.0809440307647171 -1.3304171236043099 0.26131317487020905 0.08209627198416947 0.9617565319588701 24.904103775985867
0.9646198215539125 -0.007091801080630262 -0.2635494379101026 -5.022188358026964 -0.014183030220972715 0.9967947624330147 -0.07873400307275732 -1.4012044532702905 0.26326306523902904 0.07968630963686771 0.9614274026349614 25.58175301095197
0.9629521787561939 -0.00548000953990528 -0.2696165256881375 -5.251120681594173 -0.015581744138077815 0.9969925204008026 -0.07591523901346206 -1.4709494876035716 0.2692216757215418 0.07730384052748054 0.9599707316170567 26.362255143797178
0.9619449286907316 -0.006952626313090361 -0.27315492884722803 -5.4757687963735115 -0.014929903005470401 0.9968454688430535 -0.07795004325412871 -1.5399505714060722 0.2728352106353411 0.07906182539268755 0.958806641405422 27.112202193384903
0.9591180769955676 -0.00887640898741861 -0.2828669718150436 -5.728022540466377 -0.01382197016799437 0.9968459957930552 -0.07814738518995581 -1.6178099722271808 0.2826684763481766 0.07886234865156075 0.9559703250855437 27.94061363987744
0.9562425635468784 -0.009637612898657565 -0.29241627191199543 -5.992319048156464 -0.01375482788597595 0.9968713135135201 -0.07783565380760082 -1.6918436561431118 0.29225154297474903 0.0784519006235358 0.9531182166538595 28.77988689800924
0.9546563184074593 -0.009583728046545344 -0.29755581977411544 -6.25732746198506 -0.014477168872235074 0.9968048341772132 -0.07855274751645253 -1.7662165958854472 0.29735790775790844 0.07929864259663347 0.9514672879170208 29.61329411579727
0.9523038100532153 -0.010126310794978267 -0.3049834605151777 -6.518973974539109 -0.01432087858518525 0.9968649284006409 -0.0778153388563804 -1.842295555598114 0.30481529783571865 0.07847147478204056 0.9491732517569453 30.40782177950869
0.9496280195696508 -0.010267166365705903 -0.3132111264675025 -6.7929539422001515 -0.01490567050498627 0.9968521027483794 -0.07786980308778976 -1.919288286651704 0.31302467224648556 0.07861596874015664 0.9464856491379185 31.23444693889549
0.9470237317327298 -0.010391023306203749 -0.3209954488301431 -7.070638434617343 -0.014208245906591883 0.997142387919973 -0.07419692690072963 -1.9976171033590038 0.3208491503546065 0.07482703286850503 0.9441698670625023 32.05694278630368
0.9446659506985923 -0.011504350724089998 -0.3278321087159433 -7.36361983297807 -0.013020027522019575 0.997282352325132 -0.07251474763230885 -2.07536227829906 0.3277754116373753 0.07277059608982682 0.9419488945110985 32.87679659142854
0.9414321046677135 -0.012660602645759463 -0.3369648370996084 -7.680149324030966 -0.012108545769499518 0.9973811576810866 -0.07130364241806818 -2.158378920657309 0.3369851264080766 0.07120769230484854 0.9388133409450202 33.756726404254806
0.9394790343128446 -0.013656038523464763 -0.34233413019804293 -8.00934996377346 -0.010721526420726598 0.9975440509119347 -0.0692164385201748 -2.2378917036932395 0.3424385973540579 0.06869773724114296 0.9370253080574357 34.652035841192394
0.9383296465333939 -0.014736080836080755 -0.345427738258103 -8.337862678624528 -0.009705587033794226 0.9975748763488499 -0.06892146006801081 -2.307964609465183 0.34560566548719296 0.06802362824173272 0.9359110587999189 35.527376557857124
0.9369850531048145 -0.015758110870058777 -0.34901388539709277 -8.670866379139396 -0.008330533268868562 0.9976905267082421 -0.06741079388411642 -2.3876488735751455 0.34927011391418006 0.06607037807094407 0.9346898376830349 36.41088926854418
0.936156975309871 -0.014275919880978084 -0.3512923507425488 -8.998326614036086 -0.009756514327470659 0.9977356333417935 -0.06654634767008963 -2.4535535947155798 0.3514469063839542 0.0657252164059007 0.933897889451275 37.262421994817814
0.9358313845957323 -0.014848175117192476 -0.35213513215997627 -9.31964818897656 -0.00966803399039718 0.9976547430261721 -0.06776092410927667 -2.519408870215211 0.3523154108528256 0.06681725385760637 0.9334930668529537 38.103132036459634
0.9364272916496127 -0.015122195182524738 -0.3505356567692268 -9.681771649926846 -0.009629381654113122 0.997586740037389 -0.06876024367710358 -2.5960517968623433 0.35072952892896114 0.0677644103821236 0.9340218317699177 39.03815032102256
0.9366742282428506 -0.014534904094587676 -0.34990016677421226 -10.048028354975836 -0.009945006946619941 0.9976313691229821 -0.06806429444750121 -2.6704246865274466 0.35006069042737736 0.06723383006170035 0.9343110430219386 39.994210138580236
0.9366435376017075 -0.012302598863491767 -0.3500678927439122 -10.403507869130369 -0.012562926154260285 0.9975602463570424 -0.06867115678740045 -2.7451871083295214 0.3500586470227551 0.06871827231007153 0.9342038014776634 40.91717241312724
0.936552596686167 -0.013573710972198415 -0.35026416889376716 -10.762831407051866 -0.010603226978210274 0.9976956335354578 -0.06701488194371809 -2.824459635036642 0.3503666725275775 0.06647689218612089 0.9342505111517083 41.86634533633033
0.9370604565731185 -0.012820549794498377 -0.3489317042487623 -11.128681003696927 -0.01095995998207781 0.9977532833663378 -0.06609284990741317 -2.9004727743490077 0.34899510025811276 0.0657572736255038 0.9348146345458925 42.8144743879598
0.9369320302611388 -0.015816573621140907 -0.3491535574351602 -11.489871884009247 -0.008779254521040053 0.9975953297159059 -0.0687494204998699 -2.9809779625770854 0.34940133852175703 0.06747884207586971 0.9345401599242831 43.7764577018024
0.9368540521868961 -0.017373607635234482 -0.34928876686594085 -11.859492364986803 -0.006756500727518685 0.997679677345122 -0.0677466686299223 -3.061736404692511 0.3496553082664579 0.0658287108355494 0.9345628637126654 44.76267512317686
0.936422120853088 -0.015658112051017054 -0.3505259407005457 -12.224771329513121 -0.007822523087759775 0.9978238220358553 -0.0654708202965192 -3.1473238898148783 0.35078828331280704 0.06405032166004664 0.9342618137255201 45.71587063617726
0.9354657740445461 -0.018053610314494293 -0.3529558793190033 -12.581717656151936 -0.005400771530476869 0.9978475434746075 -0.06535374242204703 -3.222538120151417 0.3533760281316689 0.06304242330608861 0.9333547212103136 46.656610459117786
0.9340472474471428 -0.01771573447327391 -0.35670981523990664 -12.95475913842772 -0.005539766590836974 0.9979301976305324 -0.06406739922304912 -3.3002716593834682 0.3571064974521395 0.06181806701247591 0.9320158132072149 47.617315094834325
0.9320303943044742 -0.019430581929563963 -0.3618588075182432 -13.335122134569543 -0.004801815189089262 0.9978115742853741 -0.06594698471524742 -3.3858262916456043 0.36234829468832375 0.06320217328559001 0.9298974129593232 48.59212754425252
0.9280005185088477 -0.022609530941116195 -0.37189225154328365 -13.719208892828753 -0.003249779314150934 0.9976278661991493 -0.0687610319682731 -3.4645326925147892 0.37256472804295304 0.06501884106591926 0.9257257011257306 49.54890175763295
0.9240121208568951 -0.022129113227905804 -0.3817222849890863 -14.123474925649772 -0.0053081880184605405 0.9974852585003864 -0.07067518810995842 -3.547846360735548 0.38232633135778565 0.06733098411700113 0.9215710037367347 50.514102932687734
0.9202914984823883 -0.02236111568372709 -0.39059382781403407 -14.544231742091476 -0.005041872756424344 0.9976045267203526 -0.06899121528259511 -3.6336967631851196 0.3912008912824053 0.06546135327382357 0.9179742228883181 51.509068852714584
0.9180779800732513 -0.022110360906651666 -0.39578271114993974 -14.96006543746213 -0.004221019884122844 0.9978413041894569 -0.06553559830063174 -3.711141277863772 0.3963773524001552 0.06183739640429192 0.9160028007108831 52.46544114617106
0.9164485778477076 -0.024077315369825096 -0.399427449038616 -15.38538904275776 -0.003293812421189965 0.9977004018099839 -0.0676982941286607 -3.7913850592381704 0.400138919577499 0.06335764446993454 0.9142618081964121 53.43376930183507
0.9161823952968802 -0.025215967618877573 -0.3999674655832834 -15.798244796512696 -0.003091302895017245 0.9975442157015102 -0.069971291019033 -3.872926958868837 0.4007496255699842 0.06534288559210304 0.9138544987622563 54.37170600703871
0.9160479250590687 -0.026651745466854317 -0.4001823127757457 -16.222381837310234 -0.004069380766530699 0.9971206360342579 -0.07572237010827045 -3.964518408975231 0.4010481755788844 0.0709938142249514 0.9133018335723636 55.32103727577167
0.9157358002098054 -0.025693419180649955 -0.4009585919080858 -16.645991502066618 -0.005715885137020031 0.997019087089407 -0.07694328194524792 -4.046370929527739 0.401740305261008 0.0727515511189482 0.9128592109074538 56.26198745356491
0.9159775898946307 -0.02639475036878299 -0.4003603026822133 -17.075984386606525 -0.0043998213712041 0.9971130728084702 -0.07580344059706003 -4.139197439984297 0.40120530452964515 0.0711957666397388 0.9132170970967718 57.23163571048826
0.9148231584604195 -0.027182591690932182 -0.40293882346265253 -17.49019122365103 -0.002952096219354078 0.9972554992679837 -0.07397806639590235 -4.22249139309056 0.4038438731396259 0.06886636253446907 0.9122321800061962 58.17011091681894
0.9138531632145943 -0.026455796180216873 -0.4051820417184736 -17.91285472451175 -0.003706772487849074 0.9972900256157028 -0.07347696676615226 -4.312432259204305 0.4060279004211452 0.06864907614747442 0.9112785789338488 59.10580548759308
0.9136735217571103 -0.027172966590079485 -0.4055395486591337 -18.334256079506194 -0.004175835779525903 0.9970825036786157 -0.07621707980187759 -4.396907118086584 0.4064274326807947 0.0713309942779278 0.9108944127723149 60.041191019187856
0.9115844715661555 -0.030442437455261304 -0.40998415725639376 -18.761926278613817 -0.002007331067060499 0.9969131372118348 -0.0784867343978874 -4.487414374836569 0.4111079199205972 0.07237026223691477 0.9087094273321479 60.985737098890944
0.9095368791489065 -0.032218253369685784 -0.41437259757116485 -19.18790326693265 -0.0016139514414254472 0.9967096536568153 -0.08103864182016023 -4.570902573831261 0.41562009170492775 0.07437641062271176 0.9064921891081409 61.91182432075115
0.9088427868412197 -0.033311733358948825 -0.41580658632026 -19.60888012850092 -0.000741816162348849 0.9966756314375086 -0.08146861608880357 -4.65823826045634 0.4171381527928929 0.07435061613238914 0.905796747270196 62.81090584650004
0.9081546727031945 -0.03267272188414765 -0.417357860465135 -20.036477638223207 -0.00158814957749593 0.9966737096512779 -0.0814800237535559 -4.753782183558331 0.4186317811971201 0.07465929101352137 0.9050819974107789 63.73321002377394
0.9060005913643927 -0.03302648703792495 -0.4219859945558676 -20.493583607482226 -0.0019417866979862912 0.9966165504627149 -0.08216861206214002 -4.854665884137803 0.42327196683904134 0.07526421791085533 0.9028710536895493 64.71475717187167
0.9030863333066881 -0.03434821555700003 -0.4280832567185168 -20.944829491984827 -0.0026590159724587774 0.9963301376280383 -0.08555224420289952 -4.956791054057254 0.42945081700788496 0.0783993427405116 0.8996807982996614 65.65993217559371
0.900732224656769 -0.03395715220174362 -0.43304546098442775 -21.392870235633296 -0.0035516250611535276 0.996330606343596 -0.08551437786961634 -5.055592254436746 0.43436027146171285 0.07856357093049017 0.8973064804727297 66.5851490988245
0.8984750246139657 -0.0332827737227859 -0.4377612215789011 -21.85656210075827 -0.00488241008181416 0.9963030649871489 -0.08576925305146402 -5.160461892975103 0.43899748543326184 0.07919886154819969 0.8949909206873231 67.53413182224453
0.896203761271335 -0.03426471236569703 -0.4423174739591551 -22.34198539918475 -0.00465523826387324 0.9962317083921229 -0.08660665073086835 -5.269155446130265 0.443618244710267 0.07967629936567144 0.8926670937586831 68.50547943732929
0.894017082341132 -0.03513700363497568 -0.4466529384855823 -22.82532245249064 -0.004089239242582423 0.996238556326353 -0.08655643830011059 -5.374038318338717 0.44801421250298146 0.07920940515077507 0.8905106038284967 69.45612628248192
0.8900181591961261 -0.03425009365164114 -0.4546367862216968 -23.323806386771974 -0.0056677445452316885 0.9962661235394767 -0.08614921798480808 -5.481014937234499 0.45588984741153105 0.07925113357219439 0.8865008205605978 70.42564151225847
0.8877019759750482 -0.033446712996438054 -0.45920204620594746 -23.8136008660735 -0.007253676993252085 0.9962181885053958 -0.08658351495004961 -5.585989350421155 0.46036136460401705 0.08019126062584252 0.8841022427859606 71.35800757177478
0.8850189034237604 -0.034357699070230674 -0.4642855684782849 -24.339009288912166 -0.006089521646114685 0.9963334747359845 -0.08533771057768517 -5.694628590952843 0.465515261091112 0.07835276405538434 0.8815647373030271 72.36188016160266
0.882346199833012 -0.036241084217322146 -0.46920333274071674 -24.83364479633812 -0.0049901054427164 0.9962537311436672 -0.08633424598612331 -5.797662448099524 0.4705744175876047 0.07851806796575449 0.878859846912471 73.2837704813632
0.8802973287154914 -0.03917595628942432 -0.47280213356665307 -25.323975597212826 -0.0033963878520049742 0.9960388243386535 -0.08885451569634252 -5.897755528196298 0.47441024188557407 0.07982421223464682 0.8766772596202033 74.18162690832465
0.8775159027418813 -0.03856168081687052 -0.4779945995591154 -25.841324726046118 -0.004238489500676002 0.9960990511466035 -0.08814031717431599 -6.005994851330736 0.4795288058520092 0.07937050508478678 0.8739293148079723 75.12235523683589
0.8748763862348704 -0.04042517634792579 -0.4826563103553634 -26.36834970951673 -0.0014160645909934814 0.9962930998932168 -0.08601194025388995 -6.11603509692243 0.48434419947975826 0.07593328797308663 0.8715760622045035 76.06912802294143
0.8745143851464589 -0.039572208229892755 -0.483382488830244 -26.889160808572008 -0.003707263610855733 0.9960912602783659 -0.0882522373290119 -6.220310753347933 0.48498540840774845 0.07896987737654544 0.8709494314245246 76.99251103820784
0.8733116288950917 -0.038098732049504605 -0.4856699346807682 -27.43135107817936 -0.005573918519972923 0.9960905687894295 -0.08816184095788683 -6.333456855175686 0.487130095835737 0.07969984557683334 0.8696851179283768 77.94942558248576
0.8714385828424498 -0.03971066041147962 -0.48889452828112856 -27.950983211111485 -0.005886607923884825 0.9957989833222342 -0.09137687158989144 -6.437925894132005 0.49046931013132056 0.08250726188699511 0.867543893734039 78.86219561256709
0.8697222784470451 -0.039087821915201076 -0.4919911590169144 -28.481324753937304 -0.007398446324832556 0.9957142811969366 -0.09218640470507027 -6.543854536650267 0.49348598902588897 0.08381654012421387 0.865705704172467 79.78263573009808
0.8667910625122528 -0.03793077787055473 -0.49722681950897885 -29.02593918878887 -0.01069309531036315 0.9954599227525165 -0.09457906695584133 -6.6580493111311325 0.4985568289187938 0.08729718370994945 0.8624501667080527 80.71691640628721
0.865251884395928 -0.039247939978768964 -0.49979873524921864 -29.580366978961116 -0.009207536879068922 0.9955186892181902 -0.09411567713148032 -6.767495369365294 0.5012528282353289 0.08603568227613127 0.8610130449426213 81.67635382510318
0.8642938650166375 -0.04144489305979428 -0.501276805501576 -30.126821799933136 -0.007194294461801514 0.9954789888693194 -0.09470915925566403 -6.879740593920881 0.5029357384614853 0.08546287825120363 0.8600882160681081 82.61058126740282
0.8629775553377692 -0.04261602399453494 -0.5034417677171262 -30.69694606598104 -0.006464708183111685 0.9954234422647565 -0.09534347454278247 -7.003359041075722 0.5052008971996732 0.08553388269382037 0.8587525885724975 83.58293671005785
0.8631621253776105 -0.04019872835206577 -0.5033241575292043 -31.262444103173717 -0.009208651400221805 0.9954067915406575 -0.09529176299200039 -7.119332878559172 0.5048428924457545 0.08688717738315134 0.8588272657254155 84.53804458663248
0.8623918456147017 -0.04091696722119131 -0.5045850834207135 -31.82656599573873 -0.009549682759969154 0.9952360822895819 -0.09702548153999718 -7.23705164027715 0.5061512700531852 0.08849261156901372 0.8578927377715954 85.49251374158118
0.8602321460952738 -0.039771040996951425 -0.5083492098177576 -32.41286771642321 -0.010139958487075981 0.9954221508816785 -0.09503642867855118 -7.361721975169912 0.5098017615369723 0.08690803088387043 0.8558908564190228 86.47157288444954
0.8587759567888171 -0.041969699145703934 -0.5106294159124317 -33.01223148352215 -0.009139602078783143 0.9952257687539157 -0.09717065854474564 -7.483048987899603 0.5122697763047256 0.08811477493472446 0.8542923754329718 87.47310945325134
0.8585403157225683 -0.04199640341642129 -0.5110233149075275 -33.64062269725283 -0.009754390429086903 0.9951220606324588 -0.09816789857161112 -7.619319763867957 0.5126532728329644 0.08926581956546631 0.8539427588023426 88.5128041847672
0.8584864391186009 -0.04298379988011204 -0.5110317277795298 -34.24596111620044 -0.008249827598043814 0.9951948061647001 -0.09756658304669466 -7.748256934580186 0.5127699037522264 0.08797551210803772 0.8540066364351399 89.51349646211314
0.856216419074361 -0.044555235429679305 -0.5146924078547149 -34.85560150311667 -0.006802447857210191 0.9952153390714521 -0.09746874155361153 -7.875920294947788 0.516572521927588 0.08695550513165128 0.8518166291618585 90.5141058418413
0.8517115548837043 -0.04511139676276403 -0.5220655027481659 -35.456816151747674 -0.007217492784705841 0.9951830578312587 -0.09776803773999161 -8.004608613949856 0.5239611961543388 0.08703817144068567 0.8472833183987375 91.48590875429089
0.8468692369343194 -0.046028950316906854 -0.5298054654937109 -36.069880377529124 -0.006123256982180955 0.9953372335782629 -0.09626160801015576 -8.13180649706874 0.5317659271316789 0.08476512953741316 0.8426386364013293 92.47541767621583
0.8429156140248258 -0.04583779453350818 -0.5360896979288586 -36.67673740508685 -0.006973320285476734 0.9953500750072197 -0.09607081235900171 -8.25515378983988 0.5380005952016663 0.08471791295485416 0.8386764780219049 93.42185187322045
0.8393450725808663 -0.04582572906884958 -0.5416639656553949 -37.3016571046513 -0.007970382892609096 0.9952957924736743 -0.09655443273483685 -8.381143010462091 0.5435405432263224 0.08535975655722858 0.8350313705662352 94.37980084075818
0.8347704536852479 -0.04644971753097751 -0.5486353191286701 -37.92041737648314 -0.010604762532137681 0.9948939289836187 -0.10036737061005016 -8.505082964665423 0.550495984241268 0.08960186277545013 0.8300154682422534 95.30705493299487
0.8285371680149775 -0.04769905050514649 -0.5578987020944115 -38.54458187122157 -0.01055243549459789 0.994857885532173 -0.1007295075913032 -8.631891196495461 0.5598346249767459 0.08934533102161266 0.823773393902586 96.23514426777992
0.8239747874766034 -0.048043012817710576 -0.5645860594473476 -39.20059181434972 -0.012211453747487097 0.9946619855607959 -0.10246177276247057 -8.75896620604247 0.5664948631719969 0.09132033398784997 0.8189897231345997 97.17407709111686
0.8169452927923964 -0.04988224427587415 -0.5745538706599651 -39.849256089242914 -0.01040805399209423 0.9948149211453392 -0.10116790537858442 -8.892522092856218 0.5766212457033157 0.08862863178789673 0.8121901899376537 98.10509833840848
0.8098621577225256 -0.04933771845942509 -0.5845417649973639 -40.51618249196053 -0.01368883358112876 0.9945961245475606 -0.10291338528180552 -9.020425090817488 0.5864604857313092 0.09134735120512083 0.8048103876712857 99.02757467097739
0.805580969116763 -0.04914741934333708 -0.5904437597000982 -41.1942724210062 -0.01546835909783299 0.9944693115494615 -0.10388223261540436 -9.15552880808517 0.5922837428663037 0.09281874572644616 0.8003653218237606 99.94304140666846
0.8001181979186403 -0.046932359479704894 -0.5980035309202576 -41.91610779185666 -0.018020004111521683 0.9946038596572189 -0.10216869288967283 -9.294515059895229 0.5995716377642029 0.09252305652447552 0.7949549265210704 100.89541939487651
0.7944028337245417 -0.04645368334365823 -0.6056122464698228 -42.61799488410814 -0.0197315984895473 0.9945710849854756 -0.10217152701149744 -9.425858111360297 0.607070672814513 0.09311504827159241 0.7891734828248561 101.80138916678746
0.7898138590618674 -0.04716680140463485 -0.6115303433837578 -43.331985659970336 -0.021218890418165964 0.9943407098133679 -0.10409760562697874 -9.558769627008123 0.6129794668039239 0.09519372696298779 0.784343246049632 102.7062516784615
0.7855871540645333 -0.045891914928644126 -0.6170468017200715 -44.07465387992294 -0.023575461707088005 0.9943015506694493 -0.10396453213296546 -9.697506929076818 0.6183017232501337 0.09622036416741973 0.7800286023892997 103.63942107063588
0.7817761457430117 -0.04567769537881623 -0.6218839168945289 -44.80066940234712 -0.02527566635484363 0.9941724098375391 -0.10479675666803222 -9.829818637289696 0.6230467066260121 0.09764613490917191 0.77606574057858 104.54747651719615
0.7765134730484186 -0.045600874437025936 -0.6284483959919558 -45.55819679172253 -0.024588987933013166 0.994425050028232 -0.10253878070651516 -9.969558556679743 0.6296206856883861 0.09507565475413392 0.7710631699325028 105.47673130138318
0.7716930718946032 -0.0465128168700486 -0.634292015286874 -46.296886319631156 -0.024835154969172074 0.9943576354967876 -0.10313150734326962 -10.10689637029925 0.6355100454497379 0.09533861020620654 0.7661837452833499 106.36594475249922
0.7689927100233541 -0.04741843039120957 -0.6374964348058519 -47.03369671611868 -0.024637094893037247 0.994305761734086 -0.1036777012555285 -10.245371552060243 0.6387826120725025 0.09543345661576527 0.7634456299385031 107.24321977847525
0.7650709436983452 -0.04859491971478641 -0.6421097919253663 -47.80081493655678 -0.024629049716213876 0.9942106904288214 -0.1045873460181618 -10.383025131802377 0.6434748332441603 0.095831293505618 0.7594448644677507 108.15743637293204
0.7623128640953646 -0.051592796311040814 -0.6451490375126739 -48.5654755088977 -0.024828797656208854 0.993752590697715 -0.1088086360934951 -10.521154437776842 0.646732269213211 0.0989644979292426 0.7562693965168389 109.05252108815343
0.7606318878910188 -0.05087463471008087 -0.6471869147830946 -49.36847247412856 -0.023685613488952373 0.9940859764112847 -0.105981428637637 -10.667348410792172 0.6487512025707518 0.09594187326469304 0.7549284960295676 109.98322121596243
0.7579817175231653 -0.052913556426697365 -0.6501260427385689 -50.14695704614534 -0.022264957353667646 0.9940245335147607 -0.10686205334356204 -10.811896887615106 0.6518956876484705 0.0954745113474882 0.75227430509641 110.88716736068997
0.7564169003107888 -0.05118143472646085 -0.6520842995070188 -50.929299500374285 -0.022346356252916148 0.9943298133076718 -0.10396568053809174 -10.947946139662779 0.6537079724819304 0.09321310587504217 0.7509841566948614 111.7737679364298
0.7566586279521141 -0.05125063881503455 -0.6517983528413333 -51.67495694123334 -0.021953733997927848 0.9943691743630949 -0.10367245844488077 -11.081294844416908 0.653441469688887 0.09275406782189219 0.7512728722596868 112.62508330857342
0.7562219103839694 -0.05090461815245731 -0.6523320796235399 -52.44888952485104 -0.01985886302199373 0.9947242184286178 -0.10064469599064438 -11.220921686790184 0.6540137978779146 0.08906429768615509 0.7512213409262136 113.52293362482544
0.7558285336464692 -0.04957167015425861 -0.6528904021686533 -53.20751425147842 -0.019283652394894234 0.9950121878479098 -0.09787178747948344 -11.35033465478627 0.654485575453074 0.08656440118335984 0.7511026800455616 114.39726071608814
0.7558681946425121 -0.05173124648702959 -0.6526769112392191 -53.969380877470954 -0.01750438887390542 0.9949205756343542 -0.09912943331602525 -11.478395896872208 0.6544897773823671 0.08635349625987004 0.7511232954619874 115.26864859890522
0.7525581472854292 -0.05517023130561522 -0.6562106982761006 -54.72233906901567 -0.014076139492335833 0.9949090702358805 -0.09978879826597993 -11.606980802113561 0.6583753467827566 0.08433378646818278 0.7479503427425008 116.12547349254157
0.7520211966345998 -0.05412278234023345 -0.6569131177286813 -55.51492208715722 -0.014394516310357226 0.9950369744684668 -0.09845921663729994 -11.746548616164993 0.6589817279048453 0.08349936450292071 0.7475098249622897 117.02306142631036
0.7501839032063563 -0.05591615339845887 -0.6588607555160623 -56.27443763221053 -0.011877935540715794 0.9951177049131611 -0.09797789554615624 -11.877910897001177 0.6611225499235122 0.08132734569308725 0.7458571155557546 117.89541030176372
0.7477450366582333 -0.05580161373911882 -0.661637015331736 -57.01954268592607 -0.011422809590229205 0.9952338124206488 -0.09684615653564407 -12.000789749207321 0.663887701026343 0.07997398651293613 0.7435437323434217 118.72545428357809
0.7481037862945104 -0.05729904411528535 -0.6611032782215591 -57.77000035830184 -0.009156009024655389 0.9952788799901527 -0.09662359206884939 -12.127287523629683 0.663518569770702 0.0783375426537083 0.7440472679745692 119.57252543957081
0.7470943007947763 -0.05782588567923505 -0.66219806150832 -58.49569771219315 -0.00925273891400806 0.9952077203142485 -0.09734464674293135 -12.250158637933332 0.6646536636042518 0.07885277656702351 0.7429789681310754 120.38333170791618
0.7470428101387921 -0.06030355645347932 -0.6620351356982488 -59.23194389120855 -0.005800304066403122 0.99524793044607 -0.0972003776512832 -12.378908222652502 0.6647506271472587 0.07645284835685875 0.7431430317815335 121.21019496379488
0.746790557769596 -0.061664764607905015 -0.662194321654926 -59.93754560676269 -0.004578923302322093 0.9951918206093058 -0.09783799698341712 -12.501571949687401 0.6650435296186012 0.07609662934839724 0.7429174965729677 122.00467273825176
0.7467097162318577 -0.06354231747838418 -0.6621079772774338 -60.6340641331782 -0.002931931844943416 0.9951023700256708 -0.09880625964456603 -12.617735255514875 0.6651435961208642 0.07572084956449594 0.7428663065994013 122.78407454840625
0.7497560885514969 -0.06254960823913992 -0.6587513599144144 -61.34441103999911 -0.0037563574100947274 0.9951039759678242 -0.09876217288028763 -12.732689426130085 0.6617036326475529 0.07652204598779566 0.7458503060392709 123.57325741158144
0.7535702149067278 -0.06504525342040038 -0.6541414573415326 -62.04535542359605 -0.0022205933776292056 0.9948350395653283 -0.10148060414731119 -12.85684004803787 0.6573636742097021 0.07792534286435918 0.7495336155029958 124.37433288418057
0.7569361555166265 -0.06399551046588874 -0.6503477770484958 -62.714656340373104 -0.005775261758272476 0.9944994442386499 -0.10458251173422894 -12.97029706905951 0.653463314060807 0.0829182130127454 0.7524029951611304 125.12930958748092
0.7612032331996985 -0.06705133025963306 -0.6450377949211499 -63.44130563256688 -0.0026683404144364833 0.9943084036795918 -0.10650670557094005 -13.100151393547229 0.6485079164711549 0.08279442905507498 0.7566918559041627 125.98063437072055
0.7648080252609532 -0.06536988840996391 -0.6409332743630263 -64.1315091148683 -0.0039679085660009675 0.9943422672299819 -0.10614947621892164 -13.227008574449812 0.6442460245884745 0.08372713591905805 0.7602215640934809 126.7801366174269
0.7700513715754143 -0.06467761763795665 -0.634694958946029 -64.80393608886077 -0.003976582755135311 0.9943420125673444 -0.10615153712082842 -13.359224699669761 0.6379694913743249 0.08426605378324853 0.765437234693599 127.59293249917785
0.7761925251579505 -0.06560368553091359 -0.6270736163591049 -65.50235631985022 -0.0019150534436351493 0.9943220741774274 -0.10639523191293418 -13.487307671417307 0.63049305821653 0.08378406321168738 0.771659727012177 128.4487772341672
0.7822264399730283 -0.06372383685003584 -0.6197266084526565 -66.17463604038254 -0.003585548407114031 0.9942780238137046 -0.10676307977823879 -13.619133018249622 0.6229839006344726 0.08573496356927174 0.7775220740094991 129.27597095002284
0.786166308745539 -0.06452374052534025 -0.6146374719312453 -66.85271202216262 -0.004185722127919764 0.9939561606671813 -0.1096979051852147 -13.748710525947354 0.6180008209733072 0.08881349886348965 0.7811447674381128 130.11565962394175
0.7909682776385437 -0.0643298690966232 -0.6084659823782484 -67.53228510810274 -0.004964127592133976 0.9937501308807907 -0.11151697095805842 -13.883724237733034 0.6118370217686772 0.09122688921816173 0.7857054877476755 130.97175667337984
0.7980031744953221 -0.0625725004365763 -0.5993960424331339 -68.1937045393801 -0.006771406208515542 0.993601483000485 -0.11273970479470077 -14.015569135174752 0.6026152018936695 0.09402539640092805 0.7924734337997082 131.8257941901049
0.8042763305379356 -0.06139282363276717 -0.5910757187897584 -68.80940817574813 -0.0078096556661013915 0.9934712951338178 -0.11381473992199749 -14.145695319664384 0.5942041681230539 0.09615459922193499 0.7985459909320557 132.65081185978283
0.8097141924332584 -0.05903787312309924 -0.5838471170685502 -69.41218243305211 -0.007820751872354127 0.9937523546921205 -0.11133325372060837 -14.269529648289836 0.5867723258746169 0.09471423906133186 0.8041936648014119 133.46513868902795
0.818233670102909 -0.05641410901592953 -0.572111098838209 -70.02249019625154 -0.008873921496865562 0.9938155232700667 -0.11068856862707784 -14.397743900136225 0.5748172880378526 0.09564598272474735 0.8126727086357866 134.3172651743295
0.8254839993507901 -0.05512702170345509 -0.5617269606258293 -70.65888782612915 -0.007859693329477425 0.9939997284559363 -0.1090997939974766 -14.53599470552967 0.5643707930399939 0.09447513592280274 0.820097589714649 135.2213535018086
