1.0 0.0 0.0 0.0 0.0 1.0 0.0 0.0 0.0 0.0 1.0 0.0
0.9999285086121541 -0.0011521618386671625 0.011901688442014747 -0.0015338364755734801 0.00116295844443172 0.9999989185219289 -0.0009002680872821464 0.003203465137630701 -0.011900638316064952 0.0009140448949437898 0.999928767127739 0.24362070858478546
0.9993003514835678 -0.0007654013516653881 0.03739280259072781 0.009040830079692481 0.0007297833100135574 0.9999992669587244 0.00096617717550206 0.014991522976714364 -0.03739351469357618 -0.0009382125478292642 0.9993001775322952 0.5240350304305184
0.9980524102299745 -0.0007942345535874238 0.062375921841787314 0.03319805155004091 0.0008983049482267986 0.999998251045672 -0.001640412697247809 0.018324617840157226 -0.062374509876702545 0.0016932504455007148 0.9980513781467215 0.835183419037669
0.9961714560649751 -0.0013941554898020728 0.08740987616887141 0.06942346105369326 0.0016695546863391623 0.9999938703532164 -0.0030776359667814028 0.01938263888289677 -0.0874050496741264 0.003211788670656633 0.9961676775046451 1.1131852934623518
0.9926569136202031 -0.003664880928714773 0.12090831439479661 0.13334812442313332 0.003638283703532817 0.9999932842984649 0.0004407376342269063 0.017164303082835782 -0.12090911766159428 2.39749017626008e-06 0.9926635811092028 1.4859918519792856
0.987134658916113 -0.006065864993287311 0.15977600085260746 0.2099501082932302 0.006051118132821505 0.9999815242870367 0.000578838420722986 0.01563295874879498 -0.15977656003279034 0.00039543198894099107 0.9871531261651508 1.8499317782525582
0.9809980587359884 -0.008384286633107635 0.1938363033435076 0.2973875138933631 0.008080004325511097 0.9999645705173841 0.0023603474497475687 0.02505382117232119 -0.19384922565314033 -0.0007492980966881831 0.9810310475545819 2.237298677991153
0.9726669413210554 -0.011856032250727839 0.23190182353835087 0.4204585747577098 0.011082392838444399 0.999927829382205 0.004638598491614396 0.02635429636845802 -0.23194008241379305 -0.001941784298451419 0.9727281365538992 2.665995302124231
0.9614604157435008 -0.014785470063861373 0.27454554965128347 0.5453863771198837 0.012581240659717465 0.9998729465467306 0.009787908225005876 0.02797025103842673 -0.27465538651516913 -0.0059565626790561745 0.9615242784346393 3.0879552279150118
0.9491390226264191 -0.021743245225562296 0.31410563034563277 0.706328792141068 0.01866073137268667 0.9997437117436947 0.012817485462329652 0.02460442647344908 -0.31430382249091826 -0.006304134833715629 0.9493015142996434 3.483925463430671
0.9356047054365905 -0.02519745313171299 0.3521490075530326 0.8478891292273084 0.02083105979586239 0.9996520180770652 0.016183624508500326 0.03221911145282684 -0.3524342521842788 -0.007805838207781017 0.935804021564976 3.8302563282476254
0.9183620149874484 -0.028138156011858043 0.3947397289410403 1.0389288671513368 0.02208145844033935 0.9995585233537326 0.019878822501674734 0.03368546291256184 -0.3951248139782431 -0.009539526568853436 0.918577911127576 4.2474896800720074
0.8980858382021362 -0.030378462935760596 0.43876984423548 1.2560076404022056 0.02280261611434275 0.9994861565825196 0.02252695048703528 0.03843794497909179 -0.43922871936965674 -0.010226034889635489 0.8983170711343115 4.628135664641539
0.8760455157143406 -0.033663090541607946 0.48105202497441235 1.4782890830932234 0.0239468704178004 0.999366596267671 0.026324013021635843 0.041236036875642465 -0.4816334724601149 -0.011541343056927254 0.8762967508820595 5.008868906559829
0.8533746619905256 -0.03804508893366482 0.5199079317346351 1.7208568079905606 0.027657630909755797 0.9992329417282994 0.02772334066214227 0.0471353981314037 -0.5205638690161047 -0.009278974783832794 0.853772310924842 5.374923413037531
0.8296017911364042 -0.04199785372740881 0.5567737856846005 1.9722319090306133 0.031244330911644656 0.9990965364017008 0.02880803249111033 0.05592834650679972 -0.5574806363714833 -0.006503170950882077 0.8301644709564666 5.6907651346695705
0.8001041562925229 -0.045365969118807206 0.5981431834680907 2.2850449383352895 0.034844649162437416 0.9989673407285969 0.02915651869449064 0.058258697202554444 -0.5988482190907619 -0.0024861624136335476 0.8008586825952979 6.0583171264264974
0.7726187929126133 -0.04607732788133846 0.6331959259925575 2.59454234320484 0.034009455720741544 0.9989345791759524 0.031193964931409038 0.06629044994576741 -0.6339586404173663 -0.002566394723865821 0.7733626936039041 6.429597179230385
0.7402384064173374 -0.048132684290959224 0.6706193751806367 2.9429014692579107 0.0341953562979557 0.998838538398993 0.03394483490340316 0.06843661979018195 -0.6714743325491873 -0.0021952020203804684 0.7410245622215994 6.778897097065418
0.7063353607472438 -0.050449780212496784 0.7060773171789135 3.312951831733573 0.03374882274476909 0.9987228739034228 0.03759837902663101 0.07512708966491435 -0.7070723973691827 -0.0027277863917137615 0.7071359021150022 7.125729813100472
0.6748305151962858 -0.052284496858347414 0.7361182698100797 3.7068409161241496 0.03489200476984735 0.9986320528021503 0.03894317808428775 0.08043656429922484 -0.7371474233578088 -0.000595402748615529 0.67573169359777 7.451852077670458
0.64292875569726 -0.05228345732520831 0.7641394213019612 4.137128537376621 0.03470236218170779 0.9986313591194355 0.03912997115100937 0.0855793119826133 -0.7651394390283268 0.001359659292753116 0.6438631765911336 7.797929705436134
0.6144279071622113 -0.05384104186635112 0.7871337174273576 4.573451109983493 0.03695042809991231 0.9985377860708635 0.03945827735636846 0.10439148919162682 -0.7881072343047604 0.004840661054516724 0.6155189316642153 8.106071120416
0.5910448729574038 -0.05708811090422126 0.8046159989362339 5.035999913076326 0.03827639376820486 0.9983537178159858 0.04271734780039879 0.11366136340356656 -0.8057300266409758 0.005549929403716857 0.592256973325554 8.433941816193721
0.5597468776639426 -0.05578275249404567 0.82678396057837 5.567918897573906 0.03931505084100276 0.9983958249235458 0.04074436835444042 0.1303234145571686 -0.8277304873706399 0.009698520475876667 0.5610420474240254 8.779569023115535
0.5348141156937397 -0.054855471927437116 0.8431872501730214 6.159807761789076 0.04021793996483722 0.9984120568877539 0.03944466967981054 0.14703172356724054 -0.8440120727570833 0.012815688072935216 0.5361710353791123 9.146726767609891
0.5122536444180505 -0.05338053468371612 0.8571736826905654 6.707909058622979 0.040176646435730295 0.9984632833398022 0.03816947607028903 0.17163873816418557 -0.8578939566529209 0.014885910760938596 0.5136111065769642 9.473728645383298
0.49199128842883 -0.05577697358053155 0.8688115453470545 7.360281024227722 0.04140396297758407 0.9983154393539713 0.04064474624399253 0.1935208928062546 -0.8696150205463858 0.015975379985602313 0.49347188701528377 9.839653066228614
0.47206413075830916 -0.05686897233551331 0.8797280127612765 8.041987288756639 0.03928285206775083 0.9982828494960594 0.043453537663250615 0.20105887698917452 -0.8806885453920843 0.014045368899781792 0.47348750102578613 10.203491775220984
0.4585586650776437 -0.05611954318696117 0.8868903807995081 8.685023911884299 0.04228359986323937 0.9982515196706554 0.041303760819482546 0.221696849631525 -0.8876576186034879 0.018560720560214197 0.46012982058053004 10.538399289189266
0.4510555905452421 -0.05890876925821927 0.8905496118366257 9.377451625725149 0.041433157241912676 0.9981256226611331 0.04503925918898114 0.23238249897946184 -0.8915335931521874 0.016583072447745102 0.4526509184673582 10.894235961620009
0.4409490529525602 -0.059918298132206296 0.8955298600544712 10.054354595618193 0.041115072931268926 0.9980701844825068 0.046534477808518555 0.2534600889569274 -0.8965899193489169 0.016300441588960456 0.4425616478253715 11.240721113942701
0.4337995613554569 -0.06343661078989099 0.8987734625473236 10.775220107446083 0.0425908476923383 0.9978470555413934 0.04987257202330285 0.2793721114286597 -0.9000022001421226 0.016644823785891365 0.435567434021961 11.590053001953985
0.4266757976957426 -0.062223689518493885 0.9022615896309716 11.506676579271183 0.04045219248851732 0.9979450144485448 0.04969273850539656 0.30638956187103006 -0.9034995206327303 0.015295770657271668 0.42831606976207004 11.942969781351163
0.41662227893199266 -0.06215021021005609 0.9069527154534348 12.2686764371086 0.04106693378535622 0.9979285053766952 0.049519744608637464 0.3397860890448664 -0.9081516303167564 0.016614738260994424 0.4183115666886783 12.291341174769125
0.409508139773861 -0.06235352301933041 0.910173127281854 13.031446620967758 0.041269651014347035 0.9979064097419436 0.049795715690191804 0.363119397460022 -0.9113725359939843 0.017170776424560462 0.4112241056563585 12.641274667596072
0.4030472761467378 -0.06304148750728977 0.913005292451015 13.827221230989801 0.040589437743200285 0.9978743412444617 0.050983297555398016 0.3871682864996832 -0.914278617673183 0.016509692268471047 0.40474935370771653 12.998000927400307
0.3980909112526143 -0.06485165977035559 0.9150507573916835 14.590221259464641 0.041960407334880226 0.9977412254474904 0.05245732798028632 0.41375415361408924 -0.9163858088132719 0.017513117014696256 0.3999129156929987 13.337291128160226
0.38735304185102587 -0.06953571456874841 0.9193053928745177 15.396564568816071 0.040816351853536235 0.9974672916619624 0.05824969944916773 0.42922060298995546 -0.9210274949153939 0.014959494107876527 0.3892101837643906 13.677525673079005
0.3797085479842793 -0.07189418788956728 0.9223083239000772 16.222831606368263 0.04513112800978553 0.9972281508020591 0.05915400690122309 0.4642183474491918 -0.9240046535987979 0.019163532962509666 0.3819007189469014 14.016056813577647
0.36859669423406616 -0.0720962937740995 0.9267894051097896 17.0617190873753 0.04458975269296397 0.9972115413794476 0.059840585679013326 0.5012248946307238 -0.9285193756484025 0.01926826830998999 0.37078363351398824 14.346663706415015
0.3518212696879151 -0.0709572402570757 0.933373914489945 17.847825302102695 0.043998286591617 0.9972742286751539 0.05923059680079891 0.5346633047517906 -0.9350325903262332 0.020228269216037986 0.3539842823521098 14.660986007309948
0.3352556527221867 -0.07317129806828064 0.9392814319770317 18.6508999866421 0.04255378779963785 0.9971380061434738 0.062489773948391475 0.5685648373520624 -0.9411656721649615 0.019019932786960698 0.3374098689947518 14.952338000457729
0.3182170420267253 -0.07304150040312986 0.9451999012815336 19.435898527462086 0.0422295485824098 0.9971299577924354 0.0628371904160408 0.6061850487538836 -0.9470768603393745 0.019919500287794874 0.32038825527474835 15.225525043308568
0.29713313908122785 -0.0726599667054827 0.9520674487125866 20.28620449579294 0.03860101120855673 0.9971993927888324 0.06405726309530295 0.6442038438278187 -0.9540554803539534 0.017717230594597108 0.29910573405845176 15.508895589096852
0.2744066039525691 -0.07328034738240101 0.9588175042179469 21.04506690163556 0.039491585252728265 0.997109718257198 0.06490473365847643 0.6768383465481213 -0.9608024929200821 0.020054935665962677 0.27650744864106236 15.733586268399456
0.2435730806135104 -0.07349501658708896 0.967093913194219 21.897427632512134 0.039241369741892365 0.9970550691406008 0.06588857261932352 0.7185252100374684 -0.9690883702228731 0.021901407212672294 0.24573981985197318 15.962645769372532
0.21567874558838163 -0.07348863948331452 0.9736950747376273 22.73149704286404 0.038670293448067605 0.9970245178401718 0.06668372537743814 0.7543985185233012 -0.9756983586672997 0.02327081202847618 0.21787882458254826 16.15650601231627
0.18422498641122875 -0.07137558705180018 0.9802890797896271 23.515440126841526 0.0371624713244727 0.9971524612482421 0.06561950740161934 0.7918430239264246 -0.9821812995098413 0.024341211958000895 0.18635289183046055 16.314317546722283
0.15011554899509216 -0.07360186250431422 0.9859249909530635 24.392006920578986 0.03661076643405068 0.9969549613962735 0.06885097478225444 0.8363122403860306 -0.9879903712744441 0.02575986768699077 0.15235306195063902 16.447787192247645
0.11891393101461811 -0.0706086014554551 0.9903907826767955 25.229484941127026 0.03335201127732387 0.9971894182884128 0.06708880232478556 0.8726393917118722 -0.9923442549611541 0.025053731341291196 0.12093465256687386 16.553737931000523
0.08000890951784323 -0.07135559552046795 0.9942368698583278 26.01639291337845 0.03348815888285632 0.9970638631404753 0.0688636045674965 0.9177662810395248 -0.9962314578512378 0.027785460358096054 0.08216355992948776 16.626757043693893
0.049189752638214124 -0.0693364347803141 0.9963798608198317 26.875398130437194 0.03631082999578844 0.9970521717173778 0.06759060954509709 0.9657204608061326 -0.9981291959763569 0.03285461437326681 0.051562413189994105 16.675289751041458
0.021724704727826394 -0.06803731936907269 0.9974462192908248 27.729155332770272 0.03771621236680055 0.9970272604393249 0.06718727011538403 1.015552523812174 -0.9990523132094694 0.03616026982650962 0.02422623282482972 16.69923222434491
-0.007594387421925253 -0.06678202646660565 0.9977386863406167 28.562947176273862 0.03915250833786413 0.9969825159225056 0.06702942663997939 1.0607708361150612 -0.9992043866849961 0.03957301967053412 -0.004956787630748083 16.69291274172843
-0.032618767947650784 -0.06521110956235024 0.997338221050023 29.352203051324302 0.039897320587601766 0.9969888994523672 0.06649314384722566 1.099503141868983 -0.9986712270750107 0.041960047168763615 -0.02991880101353822 16.66821552963424
-0.06492481584947485 -0.05822940281694488 0.9961897936309597 30.16751240869815 0.03917628517640306 0.9973776833104988 0.06085207896169197 1.1394581618540982 -0.9971208487273192 0.042977825465754134 -0.062473350730901656 16.621327474984692
-0.08895292049102604 -0.053251509826156146 0.994611308319663 31.010636035197788 0.04056340305008159 0.997547716734047 0.057036507358761715 1.1760706166405934 -0.9952095197842079 0.04541838328170922 -0.08657472027654461 16.543502607100436
-0.11151847071606474 -0.0469688634675812 0.9926517801090743 31.841521543270446 0.04073434285772951 0.9978268938766646 0.05178999100595235 1.210797616823604 -0.9929271594639252 0.04621055854468111 -0.10936288345636042 16.452090381995117
-0.14115572842512603 -0.036465484924822544 0.9893155860199361 32.70581059685978 0.04036886701625576 0.9982782021271805 0.04255567804121898 1.2516165608936178 -0.9891639979844575 0.045944527061681346 -0.13944061648057382 16.343472023188617
-0.16565139408592255 -0.03305860398072214 0.9856301255238884 33.54335252221307 0.03805986806904898 0.9984791139995832 0.03988615485571009 1.2821181627317355 -0.9854496750620789 0.044120149698894745 -0.16414125109365463 16.21432173676855
-0.18423068388588 -0.03041929128875123 0.9824121954823398 34.393973644654366 0.04135304287762545 0.9983960267720862 0.03866910356438254 1.309544859289891 -0.98201271934721 0.04774976903820348 -0.18267725254419614 16.051958021218013
-0.209115042684263 -0.028667024219972397 0.9774707671565072 35.18635791955403 0.042007677836032334 0.9983841799682771 0.03826727311809976 1.3309093212562166 -0.9769883591558209 0.04906353953235171 -0.2075729152914088 15.881787995849907
-0.23576937349882976 -0.02991273297475599 0.9713485630431284 35.93346853449386 0.04077519473090747 0.9983414673058294 0.040641089457597125 1.3473443638611968 -0.9709532357506339 0.04918885100939827 -0.2341586447726185 15.699867460635863
-0.2635352031146479 -0.032221912841530954 0.9641114795770013 36.722465426100975 0.043073997252486444 0.9980520451761605 0.04513032107548583 1.363322973095367 -0.9636876192418445 0.05342156355364781 -0.2616339218592832 15.478296352765998
-0.28156816253976796 -0.029361707890921067 0.9590918933833751 37.49101049248178 0.043326691217564196 0.9981232154965685 0.0432763736342243 1.3781225888310282 -0.9585625528217326 0.053739527319463486 -0.2797675741242434 15.263376799607292
-0.29406666552791255 -0.025841586809670098 0.955435507303582 38.28857425380455 0.04464802534477258 0.9981717576574363 0.04073936729843649 1.4099350049872943 -0.9547415095501542 0.05463839864255408 -0.2923752645756306 15.01716720789126
-0.30251788749476044 -0.022567091830402123 0.9528765156682296 39.144875737501884 0.045320528304657076 0.9982483527140342 0.03802993581251595 1.4259744106372332 -0.9520656371594841 0.05468960294274867 -0.30096523033412054 14.75025228604308
-0.3124228072288101 -0.02177592118834579 0.9496935288711136 39.9429836199136 0.04244498727254685 0.9984187648146234 0.036856385084202546 1.4413440430051123 -0.9489944217848191 0.05182450503806712 -0.3110045145956185 14.49461762971792
-0.32618883300429524 -0.021910727791838124 0.9450506680760182 40.73585828156265 0.04253777163636961 0.9983784287244897 0.037829235279499586 1.4592921972415678 -0.9443470671355465 0.05253982361268108 -0.3247278610271074 14.225080605816641
-0.33506629280636346 -0.02158513988756225 0.941947270902695 41.52858228044185 0.043409068899582876 0.998322271966567 0.038318325025812526 1.473858456854173 -0.9411940459662247 0.05372823309533744 -0.3335671518692773 13.94291010336432
-0.3500585171870088 -0.019782288690876382 0.9365189243143907 42.278550838879454 0.043138138186973596 0.9983758138340737 0.037213376424516345 1.4949652121636166 -0.9357340089889831 0.05342654214247823 -0.3486365858829273 13.663510966083711
-0.3616609669694458 -0.019612183519039872 0.9321033779728197 43.09738844294243 0.04189465459980674 0.9984269150756055 0.03726302683052981 1.516239261142398 -0.9313679095216286 0.0525267313872222 -0.3602703979000859 13.349612132782207
-0.3622742631868932 -0.016963037402779435 0.9319171709945393 43.88339844447984 0.0435142805904617 0.9984363906004694 0.0350896182567074 1.5390787131034045 -0.9310552430533261 0.0532637708651837 -0.36096967337455516 13.049193988529684
-0.364847101267879 -0.018248113771394202 0.9308886072136733 44.688431626183736 0.04412276675226356 0.9983457565884833 0.036863691566289186 1.5550225195482905 -0.9300213837060691 0.05452299189842215 -0.36343839808679157 12.74085314194438
-0.36316390738696236 -0.018545381781122805 0.9315406835914501 45.499238744934885 0.042094812507821947 0.998454398313932 0.03628830731096755 1.572839368704079 -0.9307738732535229 0.05239163389470024 -0.3618219362704238 12.436459276825357
-0.3596128192883824 -0.018308165914408137 0.932921985625975 46.345247174131075 0.040954226306007036 0.998534345306914 0.035382376830408846 1.598184768885276 -0.9322024305649164 0.05093105441028288 -0.35833595430199183 12.11707026250096
-0.3551435659910817 -0.01768725483101636 0.9346444289416596 47.19609600997951 0.04067077080671202 0.9985819370854496 0.03435117652510615 1.618092113836947 -0.9339266223516312 0.05021230868237181 -0.35392059578337637 11.80482662389873
-0.3517256402060471 -0.017097235221328968 0.935946984913907 48.058008200041215 0.038618388039654505 0.9987169918304462 0.03275653117110726 1.6323247706397634 -0.9353062034044601 0.04766607574503695 -0.3506141056720386 11.491691765744116
-0.3504933975131505 -0.01781058645106868 0.9363958358034051 48.98104644274896 0.03611649446589768 0.9988184462454932 0.032516307712187824 1.6429773347325947 -0.9358685682974844 0.04521608618631109 -0.3494360147763946 11.158986358808079
-0.34840319661684127 -0.019506676688628172 0.9371417727066338 49.856915908317205 0.03160862042317798 0.9989703339143581 0.03254484711869679 1.6584981928957556 -0.9368116714164647 0.040960487345748475 -0.3474278785219871 10.85599524318655
-0.35086663051723793 -0.0203830434787223 0.9362035778227001 50.78157094359797 0.03094926112357973 0.9989644737267513 0.033348515225405995 1.677049529255647 -0.9359138586565457 0.04067569016475535 -0.34987245876781486 10.517711161148206
-0.3515339618914615 -0.020742215390660176 0.9359453157837695 51.72593930557808 0.031193761135497013 0.9989398515753043 0.0338544266076188 1.6920371112470953 -0.9356552906402625 0.04109663532938617 -0.350514256003218 10.172170730249476
-0.3515833189416588 -0.02001192125167748 0.9359426760490114 52.6205559645846 0.029804084422114567 0.999025419858071 0.032556520532217435 1.7060118070183756 -0.9356820434280694 0.03934124407313382 -0.3506442358303509 9.844298528469453
-0.3486041390361226 -0.01879089277599985 0.9370816701843896 53.55114651442995 0.0321785679344997 0.9989696536951809 0.03200266804214038 1.7271197299385048 -0.936717510251927 0.041310208723891996 -0.3476402920298796 9.499869980203071
-0.3503941764473303 -0.021765793985567262 0.9363493852852014 54.52060150853591 0.02991770265964983 0.9989596667094791 0.03441678885739627 1.7428682900224193 -0.9361243785840456 0.04007286488215758 -0.34937846716815624 9.14802939589631
-0.3518930568774122 -0.02054836740287661 0.935814640363436 55.47211090123523 0.032022064206490744 0.9989095488451953 0.03397500007128745 1.765731266135743 -0.935492310992146 0.04192228313158762 -0.3508513335468589 8.794971432159828
-0.3527740701573014 -0.020302021773567963 0.9354882593258759 56.427886460340225 0.03292134947966336 0.9988763163666712 0.03409236498379125 1.7842610189238728 -0.9351292104159133 0.042824438276009395 -0.3517092937544514 8.436290712110202
-0.3566464393311965 -0.020917645863738493 0.9340052298589651 57.38524866436933 0.03367052090515653 0.9988120068465383 0.03522599893780532 1.7926831594875512 -0.9336324830115726 0.04401166971054459 -0.35551843777072295 8.078354431166025
-0.3578776647516268 -0.019553897187547502 0.9335637215405819 58.357778370651204 0.03314897389467063 0.9988844760316284 0.033629586270863175 1.8108977031976852 -0.9331798983056014 0.04298195723554019 -0.35683025201144253 7.724560022855127
-0.3616417604895634 -0.020989586073507968 0.93208083037174 59.26306780491195 0.03243188670112301 0.9988582461389415 0.035076727972314675 1.8272865457950638 -0.9317528694857962 0.04291434954302631 -0.360548122735765 7.385290892019519
-0.36271415115675454 -0.019861711542179472 0.9316887661473923 60.21079781888974 0.033740843566965634 0.9988374317003862 0.034428774441823316 1.8427551663913735 -0.9312894287094773 0.0439237686087117 -0.36162232028068153 7.025084710733087
-0.3623853683378132 -0.019947642221968362 0.9318148616460525 61.138961125037845 0.033629013398129036 0.9988400956505417 0.03446088766537537 1.8558130669242874 -0.9314214589929396 0.043824135936735904 -0.3612942164453544 6.666701018213989
-0.36182170112992 -0.021387089641255887 0.9320019576096005 62.04272803149529 0.034720224682514116 0.9987340625240557 0.03639750475226737 1.86553161053215 -0.9316005381006639 0.04552872445909806 -0.3606210929212003 6.321398369957729
-0.35895876976837804 -0.01808196108011513 0.933178248937399 62.96524064440531 0.0344307316652044 0.9988752768947202 0.03259917062587601 1.8729370207142513 -0.9327181387339756 0.04383176806830278 -0.35793246539624657 5.978123733119858
-0.35798782105009036 -0.020564970450479596 0.9334997600268463 63.97741401249856 0.03288008444303167 0.9988597343097332 0.034614032150397316 1.8880048090801524 -0.9331471588269601 0.04308495288451101 -0.3569034418552332 5.608913835174519
-0.3613576730950371 -0.019145961322680725 0.9322306926187159 64.89627784055259 0.03026933125879703 0.9990213446239643 0.032250900311025725 1.8978734565852162 -0.9319358345296557 0.039872109936105966 -0.36042449302004653 5.2614606427138115
-0.36639639062707297 -0.020019118278096562 0.9302434734190943 65.829974163625 0.02825579821080336 0.9990680318779984 0.032629396974098696 1.9034970892313483 -0.930029727913535 0.038240065151494446 -0.3654892647045679 4.906079100049997
-0.37116701304366956 -0.019663664181935492 0.9283578990557364 66.71960571984617 0.02605080193489799 0.9991617178831871 0.03157874657531083 1.9186372783145533 -0.9282006270988992 0.035905456795020135 -0.37034361615336603 4.560739556352617
-0.3778447166746288 -0.020280264584236988 0.9256468446170295 67.6578763961723 0.025387709210537058 0.9991572177149252 0.03225396889084013 1.9307969134030665 -0.9255208448771487 0.0356870446599801 -0.3770114063809289 4.198700945836528
-0.3799597076761226 -0.021095965980658042 0.9247624455837392 68.57935493387092 0.024332346891320904 0.9991660029916638 0.032790781637873766 1.9381690243961605 -0.9246829496846126 0.0349608164236079 -0.37912950805438356 3.8298876586451525
-0.38672291240939255 -0.024581074876841715 0.9218682984979454 69.53615842671984 0.022908923301990573 0.9990801306550683 0.036250155356850805 1.9502547535184298 -0.9219113678932163 0.03513777579972026 -0.38580405189825023 3.433167465431897
-0.39153992887894334 -0.0223683668797813 0.9198891999891092 70.48713903193702 0.02321218824681361 0.9991462467817338 0.03417560326855079 1.9587079435349812 -0.9198682940564189 0.03473375454952134 -0.3906864316617959 3.039744146837831
-0.3993122600376215 -0.022497638487355708 0.9165389109285756 71.41523685271723 0.02347365672040864 0.9991202709703522 0.03475156940776696 1.9749605818832925 -0.916514433287234 0.03539124748610426 -0.3984328716077001 2.641944668118911
-0.41113866394796517 -0.02198673044476119 0.9113076224258371 72.32701254449995 0.02349322444024908 0.9991214504867212 0.03470440292975583 1.9966703731333175 -0.9112700299101703 0.03567787636141161 -0.4102609190818175 2.2436010028601765
-0.4131401067869601 -0.02188031760776588 0.9104045825156214 73.1511048515836 0.023629860852523315 0.9991171443861202 0.034735593701783966 2.0184970505293447 -0.9103608525415346 0.03586340049560719 -0.41225833486388364 1.8874304892312053
-0.41385615773905743 -0.021030678170700888 0.9100993304453888 74.05794554899491 0.024788837750054055 0.9991020565890076 0.03435977361126023 2.036723131381808 -0.9100047220891032 0.03678030852638359 -0.4129632122601699 1.4772743352728612
-0.4169225241278182 -0.023544896282060936 0.9086370269441787 74.96730876079849 0.025301286989894176 0.9989764558163199 0.03749514103613358 2.0497964257540486 -0.9085898160069504 0.038622255031672215 -0.4159000693252221 1.0656461292694408
-0.4201519793934208 -0.02197880595231985 0.9071875474788555 75.79623223448667 0.03133999255019927 0.9987588209114089 0.03871204616919575 2.056288599962315 -0.9069124098162644 0.04469619380397797 -0.4189416799277595 0.6734947424071914
-0.42121547916613183 -0.024848591087279187 0.9066201341420912 76.70683097159545 0.032664262839319363 0.9985604783515021 0.04254429465373156 2.071044654393267 -0.9063722006129766 0.04753439381539288 -0.419797469454728 0.2586214875509459
-0.4236272730255762 -0.022489681904240836 0.905557368561904 77.55122649750903 0.03287531887403997 0.998651439495823 0.04018103783939528 2.0876982708415657 -0.9052398284199852 0.04679227073744964 -0.422316630552704 -0.12980985864534422
-0.4249524881110156 -0.01854861175503167 0.9050255973453007 78.39029437305511 0.034431149131466464 0.9987353403886782 0.03663626384059784 2.1086184039937557 -0.9045605998592599 0.04672974278414425 -0.4237764178450516 -0.5283530755160608
-0.4260035284368167 -0.01721761391671881 0.9045576529610466 79.27253840211435 0.036546100212539366 0.998675349867697 0.03622054839297708 2.125138792198889 -0.9039830619644582 0.04848813605045852 -0.42480998616289006 -0.9427075979717955
-0.42581944250664655 -0.01674674330430451 0.9046531650152057 80.1387552678436 0.037433040156126376 0.9986466308488458 0.03610642877549186 2.1283189998308165 -0.904033500423518 0.04923873762546689 -0.42461627009460184 -1.3420234714879655
-0.42122245632847133 -0.019665250690974256 0.9067441316048704 81.01387706698088 0.03917539972237284 0.9984373096185459 0.03985256350942133 2.144182066973783 -0.9061108819240621 0.05230885849396148 -0.41979382199105475 -1.7408797374415996
-0.4200861365942573 -0.02159547642919793 0.9072272445419103 81.87820312975458 0.03911454394420077 0.9983568571214068 0.041876464639509635 2.159632371698861 -0.9066408827608361 0.05307750216864835 -0.41855117783873086 -2.1404050722438988
-0.41947084401428625 -0.023705582224456255 0.907459231256888 82.71648614570302 0.038727369967460575 0.9982815087809551 0.04397976854672331 2.1792916843381387 -0.9069423365558286 0.05359174001111984 -0.41783193219910175 -2.524262870949442
-0.4171323851411738 -0.026402495995647778 0.9084621519202853 83.5665364641293 0.034939136683177364 0.9983731784476858 0.04505833201639669 2.1977051880854783 -0.908173898542713 0.05053617280191875 -0.41553130477048883 -2.8963190354971835
-0.41403033633029684 -0.026386994829174018 0.9098805455124901 84.4271318150186 0.033473177515458266 0.9984623241434303 0.04418748299143053 2.220400653660196 -0.9096474190505022 0.048751551462332836 -0.4125104353162179 -3.271501895377371
-0.4133701558637357 -0.028207150053369844 0.910126074193602 85.2543213330591 0.03637184483777014 0.9982108675275931 0.04745685253899035 2.2424495734713674 -0.9098363606409058 0.052720210884223316 -0.41160463580969897 -3.643414358934293
-0.4128718239871524 -0.02431101054872005 0.9104646240923486 86.0914367688585 0.03921952657554845 0.9982419190058331 0.04443984557513206 2.2666310481072505 -0.9099443310954312 0.05405595162099874 -0.4111924955560796 -4.016775431837276
-0.4089878478937422 -0.026237118432020704 0.912162569880846 86.96777415500536 0.039674278016134684 0.998130163993258 0.04649868160163686 2.2854387494138226 -0.9116769668797955 0.05520678711151437 -0.4071821689584164 -4.402593946518613
-0.4055257418994405 -0.025107371530570022 0.9137387441450288 87.75715489634368 0.04251242270069387 0.9980229777215905 0.046290710254297575 2.3093705786077847 -0.9130945003519767 0.05761732234802069 -0.4036566332818257 -4.750223385468908
-0.3979756951664183 -0.024660694322374943 0.9170644449613915 88.59450353012652 0.04546455882991575 0.9978801360922116 0.04656401918854018 2.3279744579378616 -0.9162686941870314 0.06022527831507292 -0.39601085326625174 -5.112329656851944
-0.38901718793146384 -0.026899241411743463 0.9208376937904796 89.4440389023114 0.04366894057921393 0.9979114944917802 0.04759908391840124 2.3537814673360424 -0.9201948984441206 0.058728868307287053 -0.38703006201684137 -5.4583892275816455
-0.3790677036511705 -0.026725073160970437 0.9249829439039239 90.29986065029483 0.04445004712561636 0.9979031403718535 0.04704801533033871 2.378929877745856 -0.9243007461639092 0.05894991857953731 -0.3770849211256093 -5.802891837059156
-0.3707139837390513 -0.029549170165411302 0.928276892313311 91.14490450580627 0.04576405528829212 0.9976984155190993 0.050035216740303694 2.3977572189692653 -0.9276188837577063 0.06103046954771519 -0.36850846433005147 -6.128168653486435
-0.36254806648418847 -0.02984266218757064 0.9314871523548433 91.94057889828935 0.04671366543345012 0.9976489449068258 0.05014395465127578 2.4244521537259884 -0.9307936038404799 0.06169277299535219 -0.36030163586888664 -6.428398025854217
-0.3517421489526368 -0.030679933839018753 0.9355940371281843 92.75124470445056 0.045502848639606276 0.9977209197833354 0.049824261082087956 2.4433900208694666 -0.9349903483009128 0.0600974865225528 -0.34954447599384186 -6.725385866014549
-0.3379312653435331 -0.030597109977659333 0.9406733103284763 93.57566678511677 0.04650264113502358 0.997707867885879 0.0491580586077304 2.467505334452402 -0.9400212573504847 0.060355838322641686 -0.3357338358128137 -7.018767605185429
-0.3266688180372714 -0.03150321889056561 0.9446136938038033 94.37684562269344 0.0467168221519165 0.9976844811125918 0.049428885028139455 2.4822094596252495 -0.9439835919390541 0.06027622538473967 -0.32444067994505515 -7.295122824906191
-0.31723457525898335 -0.025005893194685193 0.9480173677553532 95.16478648226938 0.048051716415381175 0.9979444242357954 0.04240234293317723 2.500961310386007 -0.9471289546887416 0.05900535096262859 -0.315380899466009 -7.5530112511212355
-0.30561290612794495 -0.023492111854780874 0.9518659949218875 95.98936027447375 0.046250448382966346 0.998149246772206 0.039483885224895536 2.5267285494802834 -0.9510318857075228 0.0560910139744382 -0.30396077134872673 -7.8105835862206225
-0.29528530809852394 -0.023362932661176575 0.9551234266829755 96.84285728763 0.04553649146273754 0.9982206927123127 0.038495150164854 2.5483518930676308 -0.9543233282103208 0.05486002204173779 -0.293696038814207 -8.073658860307514
-0.2854418443307763 -0.026566293659870337 0.9580277582336654 97.66807753453813 0.043903974588007745 0.9982038592131697 0.04076145811069585 2.557057875378388 -0.9573898863683596 0.05369625213282558 -0.2837627847101652 -8.308655032453967
-0.2764868865738443 -0.026525576913029918 0.9606515472959658 98.43638779358236 0.04048591435209677 0.9984100578798951 0.03922049290025704 2.5706458424966105 -0.9601645131391687 0.04973680823791734 -0.27497337619218304 -8.515440161210597
-0.2708858042616599 -0.02246738507832586 0.962349259706296 99.22514684605348 0.04021852749146427 0.9985904724038379 0.03463435390905957 2.583206837180972 -0.9617709452338078 0.048086224971626526 -0.2696003781007105 -8.729821095414703
-0.2710144679940754 -0.02051624897907986 0.9623566083660033 100.04108452795712 0.038794679773237896 0.9987277154335612 0.032216816201355254 2.598462118541052 -0.9617931851282691 0.046065539752491606 -0.2698737391598734 -8.943210956582135
-0.26835739394196895 -0.02228882316874533 0.9630615335888084 100.87458971750016 0.03754356579333645 0.9987307654005564 0.03357586797002465 2.608914112780646 -0.9625875491529052 0.045167096477098365 -0.26717998355346934 -9.164710979657004
-0.2692607770325362 -0.021296759229401042 0.962831803586774 101.69262858745832 0.03564701905792982 0.998849987891469 0.03206230998378565 2.620654611835025 -0.9624073586502333 0.04295520615173083 -0.2681919578964736 -9.386376888640351
-0.2690688575778931 -0.021774809422594642 0.9628747621348983 102.465638321856 0.031024961104640602 0.9990295942139849 0.031262144409750954 2.6280951082530692 -0.9626211101311788 0.0382848215256421 -0.2681321889862661 -9.588634465317933
-0.2678651529888447 -0.024228410096255856 0.9631517242669871 103.27832128642864 0.02912994903300211 0.9990230566868263 0.033232187370754555 2.6451235122578804 -0.9630159426944072 0.03695830559316656 -0.2668976915675454 -9.809620288841781
-0.2666544025660046 -0.02682394411553693 0.9634188630155909 104.05555089725084 0.02970766942566712 0.99890888783428 0.03603454152583651 2.6550627480039477 -0.9633342535015883 0.03822969824323106 -0.26556657583884513 -10.016207140357816
-0.2642252086582785 -0.02425537738772631 0.9641559602975384 104.79839534692817 0.032561917712407316 0.9988894506818936 0.034052706666513256 2.6666462138040328 -0.9639111788045515 0.04039235056547411 -0.2631419719303939 -10.22002972767631
-0.26145558619130116 -0.023946924341905908 0.9649184013500449 105.55891080982678 0.0320914292029241 0.9989238217543484 0.03348639280962816 2.6771659104585366 -0.9646818732727784 0.039720815024997164 -0.26040572235009185 -10.419484712609464
-0.26054107004433896 -0.025159451488542657 0.9651348884072871 106.31092705821686 0.027711850020202843 0.999053631025772 0.033524553728248474 2.6880059544715884 -0.9650649740761544 0.03548019637792474 -0.2595972871128958 -10.613954626784158
-0.26043903577104943 -0.023858065523553948 0.9651954731328363 107.04628543800239 0.028720792681489624 0.9990607811149623 0.032444902615173445 2.69828715414262 -0.9650630159292153 0.03617109823374185 -0.25950920395656885 -10.80602299213384
-0.2606489071546001 -0.021366808911910905 0.9651971853854706 107.843674555115 0.03016967085656908 0.9990865154164088 0.030264263967659695 2.705467368190006 -0.9649621433815521 0.03700802872377538 -0.25976617880405684 -11.018609256693505
-0.25392037355045366 -0.024847802182337658 0.9669059057750684 108.6488381958121 0.026904188206222094 0.9991017080063191 0.03274052100715651 2.7137496798333944 -0.9668508719306004 0.03432730379105375 -0.25302376896543627 -11.226499106070888
-0.25124320462731053 -0.025285865161151746 0.9675936529099658 109.43039314064369 0.024898769688825862 0.9991590769462144 0.03257591478334523 2.722145437691054 -0.9676036912892501 0.03227636874000879 -0.2504023414914023 -11.425730082616745
-0.24928760187873444 -0.02712759385042322 0.9680494745628635 110.16330168537327 0.027013421636624495 0.9990238414156031 0.0349519575230637 2.7305745655416014 -0.9680526672661108 0.03486341829337137 -0.24831144851550824 -11.613028793075808
-0.24553012367781363 -0.024861532782798134 0.9690701019815064 110.92022533579762 0.023888304621453003 0.9992123206551284 0.03168733427263235 2.741324917662761 -0.9690945811782616 0.030929636898656403 -0.24474282480237713 -11.78953789252783
-0.24160758758026507 -0.025280375197683565 0.9700446774522858 111.75086265224694 0.023776584548456436 0.9992062259334651 0.03196235415315207 2.7479017232354486 -0.9700827014491368 0.03078669656955356 -0.24081472476466131 -11.990704835218612
-0.23804731078390512 -0.023655326201353927 0.9709654491128193 112.51614530600703 0.02387598495162704 0.9992587284009509 0.030198196255817013 2.7558972487626523 -0.9709600481848576 0.030371355860789293 -0.23730605886078154 -12.174726845303018
-0.23578385791733936 -0.028186956622941017 0.9713966583337378 113.3158900351303 0.020279194599177992 0.9992189050816883 0.033916574027467554 2.76314924898488 -0.9715939103411594 0.027696122538876412 -0.2350280795655849 -12.35340097493961
-0.23018195007085418 -0.028247832667095782 0.9727375441562801 114.1024546145019 0.024078293416765914 0.9991072815637441 0.034711319658609054 2.775990462247652 -0.9728496829663437 0.0314117792542506 -0.22929630279698654 -12.531488843758957
-0.22561676669501607 -0.029531625375449348 0.9737684312447037 114.88658480213108 0.022749156092550498 0.9991081936181776 0.03557096206316741 2.782610328323855 -0.9739504866691961 0.030177815489306693 -0.2247437406672984 -12.711383177344805
-0.2219642316562359 -0.02879819533049737 0.9746294392285529 115.72454932782502 0.022556701886033342 0.9991445851146685 0.03465967737965236 2.798001948017383 -0.9747938628578258 0.02967763436905787 -0.22112476784154012 -12.898669444258807
-0.2196396916404066 -0.029957958263922904 0.9751209804905053 116.52974010753425 0.023368209881884074 0.9990800666609976 0.03595757455075514 2.8080223633982566 -0.9753011497086547 0.0306845423187955 -0.21873757390915433 -13.07679160224181
-0.21462271467081195 -0.03243952538191502 0.9761581672763526 117.32801187629308 0.023212865746516615 0.9989965496221052 0.03830217626928219 2.8152051299496064 -0.9764211454137839 0.030879945533064973 -0.21365433707909953 -13.25597733709396
-0.21599486835708182 -0.03093805620992263 0.9759042235390514 118.07588479975642 0.020835086130248263 0.9991242450950347 0.03628556254520722 2.8249274345637976 -0.9761721754021431 0.028170543857523878 -0.2151611127258346 -13.414731897630706
-0.21329771480524817 -0.033297537594130865 0.9764196632847099 118.888735644717 0.021018630864986326 0.9990313366652547 0.03866012826408623 2.8353717140677697 -0.976761128431829 0.02876912148470294 -0.2123912324781274 -13.592944527601857
-0.2114512262581671 -0.0316904238108536 0.9768746572373581 119.69845924536823 0.019400650292628017 0.9991412131768429 0.03661216873840596 2.848148393960171 -0.9771959852978012 0.026693691580499713 -0.21065481990133667 -13.758310711537725
-0.20899697564702524 -0.03365232596361046 0.9773370887915979 120.52089290857938 0.017408686170194136 0.9991213194091955 0.03812514587324225 2.8557755568980707 -0.9777613214973399 0.024982194844873386 -0.2082274912793899 -13.929886015942008
-0.20455706330755075 -0.03807401864918597 0.9781138875176512 121.32319318756086 0.01627490623064085 0.9989728305158089 0.04228961241743764 2.8657723911070416 -0.9787193342721778 0.024569350726762938 -0.20372729745100637 -14.097978597500726
-0.20202227189269145 -0.037985876471161736 0.9786439980135949 122.18134942830288 0.019810239713032862 0.9988846243844898 0.04286095625121797 2.8821986308882885 -0.9791805533515398 0.028046039951734474 -0.201044431858229 -14.27515172221125
-0.19893947593349726 -0.0376192963562875 0.9792894737803342 123.03497862657275 0.016857689854840055 0.9989837545897908 0.04180043490734341 2.8987813340949438 -0.9798667782959396 0.024824314841357546 -0.19810313017363868 -14.44029468703061
