1.0 0.0 0.0 0.0 0.0 1.0 0.0 0.0 0.0 0.0 1.0 0.0
0.9999224305701079 0.0011912230259203069 0.012398138185652123 0.0025489807594567537 -0.0011958188949182812 0.9999992190207917 0.00036328360444224994 0.01143975742161274 -0.012397695751169427 -0.00037808135264437486 0.9999230741384821 0.1542253941297531
0.9994645088280133 0.003781708685511554 0.03250221950261212 0.013533749621100878 -0.0038443994050117443 0.9999908682738196 0.0018665374861722914 0.023809791234406234 -0.03249486400022007 -0.0019904894851436672 0.999469920390412 0.34868838964895454
0.9983756011539819 0.004227090638631074 0.05681804929032706 0.03618302234200532 -0.004433083008861744 0.9999840490357151 0.003499921309555281 0.03452077177928609 -0.056802348503048536 -0.003746115170324503 0.9983784151441121 0.5841141873673359
0.9962848880644992 0.002922256707423859 0.08606905500843015 0.06970534549887059 -0.003372015273615095 0.9999814081559643 0.005080635335192697 0.044521775154698004 -0.0860526079052969 -0.00535198637429304 0.996276219185496 0.836261294168763
0.9928233588621129 0.00016943217316397368 0.11958992177642278 0.12088724874399755 -0.0009619795023766928 0.9999779578187407 0.00656951079594837 0.05455894489095529 -0.1195861726671994 -0.006637406827954124 0.9928016378599559 1.1072174358696731
0.9876715069458875 -0.003251027878119043 0.15650694931847522 0.19121335567090114 0.002067982346198356 0.9999680519937896 0.0077212978677000405 0.06095501135865254 -0.15652705138810954 -0.007302452292321397 0.9876466758787086 1.4001897949523407
0.9805211150540103 -0.004288923218213257 0.19636687111340514 0.276130785725407 0.0024370339494389727 0.9999502610054268 0.009671420821587635 0.07094333377299401 -0.19639858400398327 -0.009004479596691203 0.980482797171079 1.7279275231910958
0.970828823915004 -0.005584105484319239 0.23970859897331617 0.3804041283271107 0.0026417825931516975 0.9999172008422349 0.012594143264237816 0.08295631897801437 -0.23975907832768426 -0.011593499289240581 0.9707631920987165 2.0854716868919696
0.9592383953112827 -0.009059145270861222 0.28245288606703384 0.5031585410304055 0.004288415117645465 0.9998375961633721 0.01750402222429556 0.09119776316271516 -0.28256558611482413 -0.01557925496329384 0.9591214606911758 2.4280503198709806
0.9468862937430202 -0.015873291112078435 0.32117656413704637 0.636445685517164 0.009169605789749081 0.9997076135017813 0.022374222583901267 0.09695664127582401 -0.3214378089946291 -0.018240782215808875 0.946754988797465 2.7357017661626886
0.9321895885394971 -0.020595001234081745 0.3613840297283919 0.7849405306413807 0.011719068892822915 0.9995738438902911 0.026735632303595106 0.10577926500188341 -0.3617806440964585 -0.020687593735278616 0.932033684489244 3.051646764514498
0.9138168939096214 -0.022622037482769777 0.4054959035865835 0.9652715278009526 0.01100743370908033 0.9994602487645875 0.030952343086896532 0.11796259390748783 -0.4059772417371593 -0.023821304740859785 0.9135726706901488 3.393901507222644
0.8924115173195241 -0.025944815960095128 0.4504759153165262 1.170927516001029 0.011004817110554035 0.9993000662903232 0.03575292313251236 0.1332880967010125 -0.451088215048707 -0.026948915320525863 0.8920724063702559 3.7395838751668444
0.8680169563584117 -0.03186107403439213 0.49551128689027274 1.410022431846756 0.013475748913446878 0.9990832143035615 0.04063416158954735 0.15431291872927227 -0.496351657260758 -0.028593755581222517 0.8676505226623564 4.102838741650944
0.8417581849573138 -0.0377258068210497 0.5385349770971891 1.6365205356430697 0.0163104427453603 0.9988771223316494 0.04447992738184246 0.16685543799415994 -0.5396083093456024 -0.02865759902965521 0.841428318101451 4.404518351731295
0.814465748815311 -0.0431782372986136 0.5786027858820759 1.8785097979787595 0.018896011276695115 0.9986720858440169 0.047927087474532296 0.18878935424502707 -0.5799038582080187 -0.028101686421726935 0.8142001046767982 4.6776371639140315
0.7818328642474806 -0.047736149112131435 0.6216579706321839 2.1537141774303272 0.020228930768542288 0.9984819450906207 0.051230807996873594 0.21106699838823362 -0.6231598211875846 -0.02747845330427747 0.7816116502851417 4.970275131572609
0.746820359611141 -0.05148246130073096 0.663030094828813 2.4471701276532807 0.020757268675609116 0.9983177908400221 0.05413616433980512 0.2364913521346972 -0.6647018025155451 -0.02666729590184482 0.746632686842646 5.268504798983784
0.7092708226561906 -0.0526957823385964 0.7029637648217253 2.775843725615449 0.017241085501272218 0.9982005569730131 0.05743163787934523 0.2691123571706945 -0.7047252266659314 -0.028614726671588046 0.7089030627089729 5.57135408932896
0.6709684986611206 -0.05564134890415844 0.73939523537589 3.1166514643660137 0.015903677689772695 0.9980310245594274 0.06067245711852945 0.29781950477311164 -0.7413152816719631 -0.028950203954129148 0.6705322802450548 5.85604051438953
0.6358035108325522 -0.05821970314373208 0.7696521043814905 3.4765821130500716 0.01618425664638826 0.9979375551253657 0.06211848281479423 0.3278211463289004 -0.7716812589727736 -0.027038902275494874 0.6354344437579157 6.1232740741700145
0.6002159165432043 -0.06167140938170805 0.7974568896141502 3.8755178255938976 0.016845545451310718 0.997776539817159 0.06448413904942328 0.358665292380164 -0.7996606037105048 -0.025270810342592986 0.599920248881449 6.401063741397963
0.5666295685258423 -0.06374630443810084 0.8215030984376765 4.295404662565557 0.01687295526163534 0.9976914863918691 0.06577994650288077 0.39681874494905417 -0.8237998758515059 -0.023411677677346587 0.5663970849990096 6.668761872059319
0.535646146132067 -0.06478722915613394 0.8419535741786096 4.719771606947871 0.017312496588900463 0.9976855026505098 0.06575648456889552 0.4344477989996534 -0.844265055297046 -0.020645889161541885 0.5355280232303494 6.92718329395743
0.5019655989753429 -0.06503248341276813 0.8624391651278909 5.209239216942037 0.0186357091311598 0.9977508440880178 0.06438915643823032 0.47792552384199266 -0.8646867917289498 -0.016248976054389668 0.5020485265257532 7.1960992718879915
0.47310897791324624 -0.0639353440750513 0.8786809243382313 5.719978093069566 0.019729222020944705 0.9978820079699346 0.061985933632881074 0.5204007739697719 -0.8807829771381438 -0.011990410664212792 0.4733683314669157 7.458511948263609
0.4476982402499161 -0.06260985967546931 0.891990073458526 6.269652038448158 0.020988664374417616 0.9980066216848507 0.05951688030273042 0.56418728887851 -0.8939383433128409 -0.00792392229956419 0.4481199056173292 7.723846538449571
0.42497582348178775 -0.06257715225405229 0.9030391184615149 6.865116129146775 0.02189176731965045 0.9980263542756893 0.05885700208810116 0.6077006145666847 -0.904939942747362 -0.005243680668158349 0.42550699622150956 7.9958315664690485
0.4098902452263869 -0.06407443887961184 0.9098815599574023 7.464081722076879 0.02417540371282674 0.9979423676726403 0.05938502049546749 0.6551159310983452 -0.9118144201116666 -0.00234458657083441 0.410595867234727 8.256442432561904
0.39936173115425816 -0.06629403520229737 0.9143934101829864 8.09786154299709 0.026280313627085206 0.9978000926030773 0.060863127728968736 0.700630882797162 -0.9164166916884134 -0.0002758584551548378 0.4002254003645654 8.530950231033813
0.39075442673527383 -0.0680909196717388 0.9179730958176524 8.74090041944798 0.025899908580213044 0.9976787718177522 0.06297827402968724 0.7446973211764187 -0.9201305193951153 -0.0008336201044750781 0.3916109451422385 8.809456233343026
0.3825576159019026 -0.07031728781301443 0.9212519468365178 9.377404609702017 0.025422091974428174 0.9975232799777614 0.06558218616402424 0.7888378642964948 -0.9235818251541638 -0.0016688130604448903 0.38339774035311325 9.077779242584986
0.3712413732297254 -0.07186024358323556 0.9257515585699361 10.07301604832612 0.024442766283811587 0.997411638302709 0.0676208174654908 0.8341185287540154 -0.9282146271088938 -0.00247571615180614 0.37203692941781064 9.36128884509534
0.36324710097268753 -0.07382368160160677 0.9287634831698126 10.788854912980728 0.02385949155326051 0.9972660310141062 0.06993702916332582 0.8799708862906409 -0.9313872815847113 -0.0032445986125534537 0.36401539017201645 9.642406663782205
0.3521286145348477 -0.07543615779030449 0.9329066539175316 11.498132562271188 0.02441308921685667 0.9971478112272025 0.07141599008407781 0.9281078784617997 -0.9356331759298931 -0.0023724802708528017 0.35296590690420226 9.909006261574634
0.34001866056454433 -0.07704755844057856 0.9372571601253514 12.280876811341155 0.024226806884821546 0.9970250506905731 0.07317178502418445 0.9832181054951984 -0.9401065749669335 -0.0021730241152668195 0.3408737386043925 10.189070554246786
0.33023889489251745 -0.07971664033564665 0.9405251349930878 13.052019324189203 0.022856848931836975 0.9968104989474624 0.07646171358933944 1.0386628993265505 -0.9436206000067379 -0.003753190870199055 0.3310076687951744 10.466002185594194
0.3205450396610073 -0.0830836464883907 0.9435825269868637 13.821035938927333 0.02124417618960405 0.9965258877847081 0.08052850397793576 1.0985035856938932 -0.9469950171604645 -0.005767379048708242 0.3211964738476439 10.730716997618998
0.30899628005383667 -0.08727286044027618 0.9470505513136366 14.626707612420448 0.02215841314826191 0.9961711501027297 0.08456976072897278 1.1572166015002168 -0.9508050818330968 -0.005146604081998851 0.3097470077769619 10.995782122477332
0.29688422132175196 -0.0898329575072275 0.9506785991467788 15.420880231474102 0.021325378164407667 0.9959405979622162 0.08745029203386394 1.2171735248874038 -0.9546753308723976 -0.0056890312152191175 0.29759477069920137 11.244134050137061
0.28332651383187996 -0.09131808123108794 0.9546659596948799 16.217924892172118 0.020854740015504927 0.99580753820785 0.08906417162533604 1.281855958706318 -0.9587967283938548 -0.005324930862841484 0.2840430930907258 11.47572308344954
0.2706588379023322 -0.09082344693047714 0.9583813932631549 17.004069693190942 0.019695771201236716 0.9958536326560435 0.0888122678606415 1.342043450754446 -0.9624738282478893 -0.005161764565398304 0.27132542476595106 11.692883789424739
0.2544966741796938 -0.09066701795578996 0.9628140706732943 17.776841392132894 0.01916687489550538 0.9958727282170341 0.08871381008784021 1.4038133613486556 -0.9668836919393226 -0.004123232780936993 0.2551841006278004 11.894872800972996
0.23436555286764377 -0.09002138438796536 0.9679715584571265 18.612577032249188 0.01684416679908253 0.9959299053218634 0.08854319697429806 1.4705723754583628 -0.972002603738225 -0.0044468009241303424 0.23492799809229375 12.100274561725623
0.21170597038272165 -0.08886394251799372 0.9732850465431329 19.425541963900386 0.013768870563972621 0.9960301082243541 0.08794567478832296 1.5364210143801853 -0.9772364096305981 -0.005217588594322718 0.21208907671437882 12.28437823866153
0.18765474022049738 -0.08870634088211217 0.9782212855791294 20.21531054117892 0.010837486954176787 0.996040004124028 0.08824318138601242 1.5998309390014007 -0.9821752630509976 -0.005957790858460529 0.18787298203518027 12.443488111408573
0.15467219759181206 -0.08909078202869206 0.9839407217153051 21.023195896116054 0.008205743281386436 0.996007340655109 0.08889343698123998 1.6654658052018194 -0.9879317674158066 -0.005675378282879756 0.15478570028276772 12.580421884425306
0.12261661095023119 -0.08926396705231192 0.988431641999164 21.811471479729615 0.007543407857984352 0.996002000554034 0.08901186376124237 1.732407186527213 -0.9924254449161246 -0.003458190053430371 0.12279974431808321 12.684044586349126
0.08953722968975614 -0.08826631503161014 0.9920645856647765 22.623576262836814 0.0066050026096711525 0.9960960248213868 0.08802887750935691 1.7978859812651127 -0.9959615747808799 -0.0013292726476085287 0.08977067780861542 12.759913844571923
0.056446292955596 -0.08649375660385188 0.9946520226089749 23.476014402233087 0.0031034331515260027 0.9962507787020536 0.08645666335353233 1.8720926959315856 -0.9984008136586454 -0.0017933220864197325 0.05650309090350114 12.815369893822448
0.02459006434087313 -0.0844943859584556 0.9961204884336108 24.273853678981478 -0.0006236347067062539 0.9964202973930414 0.08453521173401915 1.939516987411868 -0.9996974241316541 -0.0026999416042572458 0.024449345591841254 12.840384026865483
-0.0072228328069195435 -0.08152172253419226 0.996645393026678 25.106970862877162 0.0002939966682969225 0.9966711750021082 0.0815259620358825 2.0034831803308886 -0.9999738717847594 0.0008818588182317594 -0.007174822145697368 12.838295838110984
-0.03742865719764604 -0.0781816044959655 0.9962362833880414 25.922312573080966 0.002017263839497796 0.9969268907594329 0.07831158999364032 2.0661370558577743 -0.9992972662161062 0.004940769086548953 -0.03715592192168632 12.804595756387066
-0.06787719572089018 -0.07348967990543838 0.9949833934536116 26.7670125851646 0.005076072199069026 0.9972450987677486 0.07400301665968617 2.131120391178174 -0.9976807704832735 0.010073724787791054 -0.06731716182967046 12.741867054534953
-0.09706725561432383 -0.07080461993924411 0.9927560897233334 27.59017792119033 0.0063539986386439914 0.9974018882463094 0.07175722976813721 2.1901569332597943 -0.9952575418397009 0.013273248206687127 -0.09636517157791002 12.659340422215118
-0.12296741941347417 -0.06757774575549935 0.9901071972475485 28.351994122024546 0.010676120212074109 0.9975310620704108 0.06941037863241774 2.2421928387693226 -0.9923532809539192 0.01910571860159516 -0.12194235235023382 12.557081350659347
-0.15184789465721377 -0.05922346645312053 0.9866279936781885 29.13902712524489 0.0136417853497359 0.9979826311766415 0.06200459307357093 2.2923492527324525 -0.9883097280613216 0.022874634227097436 -0.15073364763161884 12.429647336063889
-0.1782001430175958 -0.047036914393543176 0.982869389956185 29.974613163184774 0.01543910463332207 0.9986002167496622 0.050588943017714376 2.3386026218477176 -0.9838731336288383 0.024189580233288675 -0.17722449359924142 12.281430032008794
-0.20088526235093557 -0.03216468280153596 0.9790865868504546 30.77458705464055 0.015461803031245511 0.9992322113441692 0.035998895250616135 2.3762937151236394 -0.9794927483229363 0.02237009147318005 -0.20023370093533915 12.117885019897033
-0.22326884357358862 -0.018226619439924395 0.9745864835062636 31.578107227395922 0.01392976551715197 0.9996634084383813 0.02188678738406981 2.4047903879090224 -0.9746573680642596 0.018462398900210224 -0.22293980062990087 11.940491380765788
-0.24708863431811928 -0.0077648100115206295 0.9689617714421411 32.37142680039055 0.017136541921843027 0.9997764921948209 0.012381622897696643 2.4253383081354842 -0.9688413418727383 0.01966401230941535 -0.2469003460875005 11.740214593643309
-0.27094719073754026 -0.003405622400230052 0.962588188981925 33.1875595497498 0.018714068480898283 0.999786106494712 0.008804822601086023 2.4346802440806536 -0.9624122835211151 0.02039958323621826 -0.2708255038423475 11.512232596365408
-0.2956657835671054 -0.004348338223020481 0.9552815482266723 33.97053213849136 0.019676936206921024 0.9997497635004868 0.010640891044921667 2.4448202903294343 -0.955088772109252 0.02194316147275394 -0.29550623522257913 11.27218733580354
-0.31797821908340923 -0.008867845808536057 0.9480565455178607 34.7362565516411 0.021072164488106622 0.9996431432835367 0.016417977037284516 2.4509281232309097 -0.9478638172608602 0.02519816257044654 -0.3176778817147076 11.01585296943985
-0.33709663776967824 -0.010322735765351063 0.9414134574833193 35.4850633660157 0.026560320510895758 0.9994376149770762 0.020469566270259587 2.4578989965146847 -0.9410953225782908 0.03190446513033561 -0.33663288449884154 10.739976578574232
-0.3518875184739173 -0.010667229481413422 0.9359815086621421 36.232785913305605 0.028163714886328343 0.9993616854682913 0.0219778702739359 2.4663212085151773 -0.9356185010494771 0.034094454580873006 -0.35136247474760685 10.456167961518206
-0.3636304536404918 -0.0077750248856762565 0.9315108384625684 36.996054634163535 0.02988057168646689 0.9993532535088077 0.020005652627463816 2.474814296844092 -0.9310639315433179 0.03510874092570042 -0.36316295473204857 10.156735865986118
-0.37330591422131393 -0.005267932822831566 0.9276933455033314 37.779381688237414 0.030385171771652623 0.9993779353441707 0.017902058083634285 2.484698653194112 -0.9272105671010207 0.03487106581389196 -0.3729136267625616 9.837638928486673
-0.3818337131028576 -0.003930749978625164 0.9242226813613104 38.57026160406601 0.02627436479695244 0.9995406265256439 0.015106080869629765 2.4896153273012827 -0.9238574962041501 0.03005137483258738 -0.38155503086457926 9.517861546498148
-0.39194526473752467 -0.004777353496251942 0.9199761335727159 39.3681512907072 0.02704012379816794 0.9994946690999916 0.016710420272335557 2.4944897252751064 -0.9195910727898633 0.03142583864068198 -0.39161802245417465 9.173794569638796
-0.39938737630039195 -0.0042162585612051575 0.91677257093329 40.155972242587445 0.028144849164187802 0.9994616976499278 0.016857710290825195 2.4986901346715307 -0.9163501465692109 0.03253518241026691 -0.3990537191758979 8.826266328661019
-0.4051018562991153 -0.0023732733870274747 0.9142684800409786 40.93550558130513 0.030611872321596116 0.999400736112134 0.016158029938425265 2.506721270041185 -0.9137589393795156 0.03453311790086694 -0.40478644304381994 8.474183841263876
-0.41095576462442446 0.0006758545988431192 0.9116550349460677 41.69670529999268 0.031682700820934696 0.999406247408821 0.01354101580050024 2.5195012574176108 -0.9111045856490054 0.034448452226181016 -0.41073317147337246 8.127730908868969
-0.4113738589108142 0.001923430055636586 0.9114646721742137 42.46919852205117 0.030836666709962022 0.9994546811413301 0.011808485546450892 2.5271522234028057 -0.9109449205034541 0.0329642345808771 -0.41120884115915185 7.781084362351301
-0.41149785309723985 0.002191254109038001 0.9114080948191059 43.24463365650587 0.03385954942953895 0.9993435408773723 0.012884805745704733 2.5365711357909784 -0.9107815587772907 0.03616193733894191 -0.41130191645445013 7.432118668484072
-0.4091449375682659 0.0010907022783999548 0.9124687558655362 44.04872648472386 0.03224272213900923 0.9993920674686592 0.013262818319859641 2.542142452843101 -0.911899570638854 0.03484689152935816 -0.40893137226118365 7.0763283796561405
-0.40303602287793655 -0.000701701583148381 0.9151838459444221 44.86473842744801 0.029092074208370157 0.9994845098105791 0.01357813930408067 2.5511040377858367 -0.9147216054521672 0.032097075623716 -0.4028078478076306 6.726703365922626
-0.3962242135287238 -0.0018466096717195905 0.9181519278672046 45.67081593304922 0.02755644167075265 0.9995235732839189 0.013902121140051741 2.5630978821946044 -0.917740167550702 0.03080935706025976 -0.39598455573613306 6.381384835519099
-0.3908241381364867 -0.0031314816191459743 0.9204600408886534 46.50175585695955 0.02515456615933445 0.9995843972900194 0.014081210732194968 2.571642056605996 -0.9201215902538142 0.02865705004388567 -0.39058293950398587 6.033113207263087
-0.3852484035645013 -0.004436087710365031 0.9228022478715737 47.3380300865081 0.02226907655084804 0.9996525457327299 0.014102341636949574 2.5829401497235835 -0.9225441755171272 0.02598285850130274 -0.3850157597859153 5.69563328869395
-0.38418361112622756 -0.0060374229301242595 0.9232369698329755 48.204040167703425 0.01942447559436123 0.9997044214040004 0.01462051890929809 2.5957643926309686 -0.9230523510017706 0.023550357739446078 -0.3839527808994858 5.346833112112482
-0.3851687886725279 -0.007288353739030876 0.9228173622837365 49.07432629474837 0.017475795762917423 0.9997318953602892 0.015189929617252965 2.6082714852009694 -0.9226806602476237 0.021977654540443026 -0.3849381533518217 4.997038251549729
-0.3864344829915713 -0.007836267056339566 0.9222835698816599 49.97029040682894 0.017048184625624244 0.9997323787464416 0.015637464211061707 2.6205469992474604 -0.9221592865421936 0.02176611597422319 -0.38619747078326266 4.635810305096261
-0.3873224681608128 -0.00873824740847337 0.9219028954776337 50.88873478275001 0.0171002819494194 0.9997149685421574 0.016660192976195167 2.6288671220288533 -0.921785705039445 0.022217666506229004 -0.38706264257862905 4.256117697286179
-0.38677463757267166 -0.008987358361752119 0.9221304718532004 51.822100523982414 0.017851703042474163 0.99969215826665 0.017230943057495233 2.6403934928750763 -0.9220014622705388 0.023126091106037975 -0.3864951325452152 3.8661021702172045
-0.3870610256555905 -0.009503649036496956 0.9220051209583565 52.752017375069485 0.018591990702667205 0.999663142458546 0.018109099690949954 2.6478619852761907 -0.9218666391079321 0.02415123733674774 -0.38675394947556746 3.480091464750984
-0.3881070944225064 -0.00981699917736804 0.9215619945429995 53.717407622240884 0.018695445256203175 0.9996536426604832 0.018522285018313572 2.6563628916108075 -0.9214246380391574 0.024417642039699254 -0.3877891375111339 3.0719280583186546
-0.38779701445954956 -0.010806763281765209 0.9216814468370469 54.69846984530008 0.01697620571457956 0.9996779269876539 0.01886400628719652 2.66504888893921 -0.9215884569675319 0.02296205916373801 -0.38748865767034363 2.66648772651413
-0.38833181629159447 -0.011180310428012923 0.9214517899024369 55.65743163375506 0.01724885766055273 0.9996630299228495 0.01939854414316742 2.671717769250835 -0.9213581699670751 0.023427062645617544 -0.388008112506325 2.2652804643396047
-0.386447329512346 -0.011381006568798578 0.9222412559641092 56.62043406322325 0.017334564681721683 0.9996576161730397 0.01960008404398331 2.6817910011333135 -0.9221485641587649 0.023561050840676983 -0.386117731402239 1.8664778112139075
-0.3847495912418926 -0.01288521848228231 0.9229310500702966 57.560017860861066 0.016714529533833275 0.9996413388640388 0.02092410420004436 2.686492346962664 -0.9228696422256283 0.02347689883216157 -0.38439622615156527 1.4802235701175142
-0.38372057077121907 -0.015014682859354143 0.9233271808333398 58.56437319217529 0.019143221815790316 0.9995236080303032 0.024209379351740598 2.6992898017044027 -0.9232508113321761 0.026965093894107825 -0.3832503399682257 1.0632916517462179
-0.38131271385694077 -0.016627100448817586 0.9242965724169491 59.53969757912161 0.020316405727472557 0.9994460340145277 0.026360363255249892 2.708329355936092 -0.9242228399630535 0.02882992582884907 -0.3807636766648461 0.6615560265446194
-0.37975338240839157 -0.017111014677526765 0.9249295009491759 60.499458591294854 0.021067975121101513 0.9994096366307399 0.027138876798961282 2.7196752380890605 -0.924847830171906 0.029792471973940245 -0.37916869549054216 0.2691873128573317
-0.3788811009074525 -0.017122165690892203 0.9252869516086403 61.48583243477925 0.02122471102537116 0.9994050756901371 0.027184670803246495 2.7342561579768887 -0.9252019363452749 0.029938706165180694 -0.3782922823110573 -0.12519508431930138
-0.37669186930337484 -0.01709252305002229 0.9261809117318895 62.46986210831659 0.0208506942065785 0.9994199935154608 0.0269244333767742 2.744859810206236 -0.9261039272953298 0.029453730109122944 -0.3761169946051707 -0.5225637057293997
-0.37640700479207445 -0.01668425740800784 0.9263041629498395 63.43422798359441 0.017713228164977623 0.999525464829246 0.025200926686444955 2.7570852734677427 -0.9262850577934608 0.025893642320528515 -0.375932854371551 -0.9077798884875816
-0.3783259083843082 -0.01500315762776346 0.9255508696481164 64.40357919115567 0.015347141067757685 0.9996295510549258 0.02247723111893179 2.771383968312199 -0.9255452297463557 0.022708278642909356 -0.3779555023740779 -1.2972612296235633
-0.38196127264658636 -0.013987146865123173 0.9240724787162388 65.35695265245758 0.014494584461657283 0.9996718149577135 0.021122722372721624 2.780029932723272 -0.9240646585707538 0.0214621085106908 -0.38163318078855685 -1.6867463843067703
-0.3863587550935571 -0.016082102435228236 0.9222083703501175 66.34299724774517 0.01382323240963586 0.9996347257043583 0.023223552952152907 2.7888182773367265 -0.9222449948946895 0.021720523640904314 -0.3859953215318276 -2.099109961307734
-0.39070117671717886 -0.01789254554011102 0.92034365718785 67.29500361101896 0.01842834584571853 0.9994586674720405 0.02725377192984327 2.7962092673731287 -0.9203330845847075 0.027608491974542498 -0.3901599474442363 -2.5050288536385152
-0.3961336423399909 -0.018974189726032608 0.9179967960350911 68.2349600644972 0.017694906910624548 0.999443034280024 0.02829331190516576 2.8117651495809013 -0.9180223459567182 0.027451800548947265 -0.39557726295977164 -2.9021883179478687
-0.40048163021986816 -0.0168261268316104 0.916150285331115 69.14531774000403 0.01880910339294389 0.9994697597620184 0.026578505428391127 2.818417986657628 -0.9161117188891268 0.02787616862303768 -0.39995279438567444 -3.296444703094379
-0.4045688345443192 -0.01440319846406471 0.9143941196166215 70.0311938758008 0.01882192961392861 0.9995330293481042 0.02407193818142611 2.8324204656044984 -0.9143138373015361 0.026949417734096724 -0.40410881678420923 -3.6884588843931
-0.40915870921590297 -0.01235322615803226 0.9123796076613424 70.9308465962091 0.018364742967950678 0.999594324018922 0.02176978651424677 2.8448623369029304 -0.9122784042651113 0.02566291473397521 -0.40876585953190786 -4.088079167171289
-0.41239904211962597 -0.011343708684943374 0.9109326815588992 71.82698144136158 0.017952664922868077 0.9996271002488615 0.02057576900678064 2.8571533934846993 -0.9108264005182232 0.024839096628587617 -0.4120416088184462 -4.493258189627873
-0.41517586054214795 -0.012452032058555296 0.9096559523911774 72.71535560493372 0.018482991972087033 0.9995844812542642 0.022118857190267592 2.8683654230379254 -0.9095533980096204 0.025996379233585533 -0.41477319638074117 -4.8962221899803025
-0.4191839950052667 -0.018337927419949336 0.9077160892863834 73.65306576172392 0.02040252299176811 0.9993532505491087 0.02961110724881735 2.882867069824438 -0.9076720307396253 0.03093220061475194 -0.41853874800086777 -5.321849882193565
-0.4199947458841589 -0.025430782497426724 0.9071701542330796 74.53415806717234 0.023010733171995743 0.9989875184396313 0.03865804134606976 2.899291922123535 -0.9072347654210503 0.03711082461217749 -0.4189843279980961 -5.7290475741548965
-0.4209424910523475 -0.027807589242739416 0.9066609935401169 75.42599131838875 0.02381287832569096 0.9988467493026774 0.04169074517588659 2.917351668087524 -0.9067747052341562 0.039139614049987205 -0.4197948600918403 -6.134694609765592
-0.4208566066801874 -0.023090809006435786 0.9068332432994869 76.30025977477743 0.022710917591918886 0.9990944137768059 0.03598008591031542 2.9384147270754046 -0.9068428368994107 0.03573747192246415 -0.41995107127476167 -6.5363006051180195
-0.4210314759828283 -0.018019115922828025 0.9068670286723853 77.15142174113973 0.02174881080994212 0.9993146583421436 0.029953344569154848 2.959517798887781 -0.9067852477075676 0.032334580310943564 -0.4203510312299005 -6.933079784484936
-0.42150976151614533 -0.01533911174901877 0.906694122952914 78.02780718326248 0.02496996103088316 0.9992814778370889 0.028513665107108375 2.974522734332346 -0.9064800174260428 0.03465890509631352 -0.42082388038799107 -7.345297520248278
-0.4187451811900264 -0.015313070671560266 0.9079746599419719 78.89474735694495 0.02770971220403446 0.9991767628314143 0.02963053268682582 2.987653278498763 -0.9076809158948432 0.03756735929424998 -0.4179761338114358 -7.745627550005261
-0.41591371652112846 -0.017732243585301725 0.9092311850937659 79.76753980138348 0.027453559480601374 0.9991093680618939 0.03204329450615641 3.0033966297834866 -0.9089895942646579 0.03828887812922595 -0.4150564772777046 -8.137169988832888
-0.41319505952361685 -0.021777551326938174 0.9103821071635125 80.65119348443291 0.02626964287830458 0.9990129038051712 0.03582071877847083 3.028614185106443 -0.910263559991457 0.038716356865832885 -0.4122151077565163 -8.529604070767276
-0.40904048124404546 -0.026568213102559926 0.9121293848770452 81.54267480502642 0.026053699809698336 0.9988285250638961 0.04077722703799732 3.053669071876646 -0.9121442262218548 0.04044388175261145 -0.4078691003237619 -8.917441089328545
-0.40793358877454683 -0.029745639187551416 0.9125269223967275 82.4154436535007 0.022169197559885806 0.9988517524548015 0.04247002822606156 3.079370775591934 -0.9127424137340555 0.03755494065094122 -0.4068057430809385 -9.290338004575908
-0.40621612988484385 -0.031535035023229574 0.9132327180885841 83.31166147010467 0.018573506086474803 0.9989129103185921 0.042755379433422724 3.1130271341495144 -0.9135882446118905 0.03432985821298927 -0.4051888203566835 -9.670258429374233
-0.40387249418798377 -0.032764736423156096 0.9142283524839393 84.19735082718852 0.020318120759634285 0.998790628390799 0.04477113587468638 3.1352748581264254 -0.9145896251364182 0.03665723238098889 -0.4027183443884724 -10.05662848366401
-0.4016665432582814 -0.030868294758002374 0.9152656097579963 85.05889101032106 0.024237446991502973 0.9987233421475383 0.04431965718488627 3.158981600227326 -0.915465200971767 0.03998542519950039 -0.40040558385384434 -10.433370218381299
-0.3969900524461497 -0.02882718468436732 0.9173700952625266 85.91416255541453 0.024886960680719043 0.9988010438355729 0.042155830214177424 3.1862106910421835 -0.9174854426348573 0.03956599873810326 -0.39579665776377737 -10.800494315724258
-0.39061982461083145 -0.02886874594408577 0.9200993142746163 86.7539047609894 0.027746201779741256 0.9986848086226277 0.04311381812346843 3.2142796027186944 -0.920133849452242 0.04237037330495759 -0.38930508673557984 -11.154490179261714
-0.38140170919461086 -0.02823360557545513 0.9239781381286244 87.61383196369707 0.03334113174539898 0.9984629879853228 0.04427223235118511 3.2361839619080013 -0.9238079373751699 0.04769198192181786 -0.37987414982202145 -11.51004621377352
-0.3685546060351998 -0.02922511320396353 0.9291465950690743 88.47349739676636 0.030288957835450117 0.9985974842108787 0.04342399752378981 3.2648422331969256 -0.9291125235424831 0.044146996340853076 -0.3671525041595109 -11.841650332460398
-0.35665409572716794 -0.03152288318772085 0.9337045377615821 89.34560257988178 0.028528977022242063 0.998596987184722 0.04461114945460289 3.2958144303738806 -0.9338008103825467 0.042548384471444246 -0.3552543898501039 -12.17033618098205
-0.3442419057763946 -0.03409876578138483 0.9382615757237543 90.22169907650618 0.030415365893477993 0.9984107265906136 0.04744393055353998 3.3241475568133145 -0.938388201026101 0.04486975820070271 -0.3426576848313907 -12.490427220757669
-0.3316054718656342 -0.03597443936818029 0.9427320142760164 91.06368566608593 0.030289784280099433 0.9983515619757524 0.04875128376607699 3.3551703290922017 -0.9429317790789719 0.04472134180366955 -0.3299691827887025 -12.782671375392583
-0.32038508554042516 -0.036476175013216074 0.9465848538930144 91.8979671889348 0.030723039400878872 0.9983325727457004 0.04886889649790143 3.38716769252795 -0.9467890429304864 0.044738829347176594 -0.3187302077547996 -13.064802746775536
-0.3055788285553325 -0.03600953987934924 0.9514856239462729 92.73918867412772 0.03430895212311007 0.998219295872615 0.048796855962191105 3.4138570491960234 -0.9515484618993216 0.047555760799909835 -0.3037992334943867 -13.337971135891443
-0.29263481728131646 -0.0325866197566971 0.9556688631150243 93.5882432561265 0.03615781703045027 0.9983273130091106 0.04511306205082566 3.442589437863032 -0.9555404104392042 0.04775655256445553 -0.2909670697945652 -13.601945747638972
-0.27996543526341233 -0.02486071263384125 0.9596881264374931 94.43412176463633 0.038261353838273754 0.9985814157974803 0.037030053015926184 3.465402579178254 -0.9592473215288279 0.04708610189044593 -0.278617076196941 -13.852786108071214
-0.2665271685145591 -0.02076821102953042 0.9636036269412048 95.31453226626627 0.03529794242324155 0.9988868176916654 0.03129186319961092 3.486281976101975 -0.9631808364498836 0.042353357038734614 -0.2654974000687242 -14.092730032149106
-0.2544608568642534 -0.02312072158416625 0.9668066531408117 96.23174346287362 0.03344985498348585 0.9989055627151628 0.032692261749352663 3.5071824645254495 -0.966504412574249 0.04065844328220018 -0.25340898063086564 -14.32567031443011
-0.2408838386555276 -0.02685710254334441 0.9701822881899843 97.14194514293777 0.03271479704635099 0.9988243386140967 0.03577265221266568 3.5227739231151585 -0.9700024321251951 0.04035637043997581 -0.23972201616897365 -14.549390352218937
-0.22896151272359733 -0.02699435510312982 0.9730611134373258 97.99060502031911 0.03067044315760727 0.9989190790603524 0.03492846125630787 3.5356371330849496 -0.9729521825906132 0.03784148889490935 -0.22788609459635412 -14.737745345149053
-0.2217033378395532 -0.022086352798346028 0.9748640023156399 98.88449270970587 0.026733483945293467 0.9992299991272312 0.028718107185890438 3.5481864360994164 -0.9747476344300343 0.03242841137429566 -0.22094218091797635 -14.933911331529755
-0.2165190858585046 -0.016694860437929643 0.9761356294562533 99.79400712684031 0.021706202472146593 0.9995242923001701 0.0219095841147749 3.556160074745507 -0.9760370516702919 0.025932040737324767 -0.2160537040412917 -15.123726967340971
-0.21347187980061688 -0.014468096154400662 0.9768420705150135 100.69431610263896 0.01879717702959695 0.9996444073263044 0.01891362040858673 3.562821291127733 -0.9767683567100797 0.022399399431885052 -0.21312401139942427 -15.313847472640525
-0.20967691904014757 -0.015310728294508871 0.9776508432057547 101.59754571823231 0.01651576155991663 0.9996792847043594 0.019197847615718158 3.5693530009690804 -0.9776312286552262 0.02017199375550371 -0.20935680410724783 -15.498422016374038
-0.2049007283652678 -0.01588927562178787 0.97865378067813 102.48359936953278 0.01456447524215402 0.9997080270833825 0.01928047317810619 3.5724023715893067 -0.9786743930318721 0.018204161756748022 -0.2046094839405806 -15.675956385265293
-0.20005657363698404 -0.019756604924443543 0.9795851386717184 103.35895488451813 0.00997114654219211 0.9997038524267118 0.02219873149136188 3.578943420744541 -0.9797336084779701 0.014208589129498558 -0.19980033136530329 -15.848576015523633
-0.1948898577292193 -0.023497994064389856 0.9805436184225742 104.22037062589986 0.008900910123871689 0.9996294435680785 0.02572448931933537 3.586347935682074 -0.9807847455753234 0.01374117268371736 -0.19460848650566298 -16.015162713423653
-0.18992036452816552 -0.025662445101706725 0.9814640564222875 105.07102884204619 0.007395973091513804 0.999592579749716 0.027567627597194277 3.5963594656072146 -0.9817716408205722 0.012494535634023071 -0.18965318837228073 -16.1751561420187
-0.1852271729534571 -0.0266418281878004 0.9823345190873025 105.9399938680914 0.0023817645210396417 0.999617323084995 0.027559655044196194 3.6090603650644413 -0.9826928419386378 0.00744448649676362 -0.18509283622918277 -16.324595773515824
-0.1820862392627774 -0.025202687494052273 0.9829595240976182 106.81116859788192 -0.0047791961550812685 0.9996823434203741 0.02474614187425278 3.6210006464611775 -0.9832709498176228 -0.00019182446802202234 -0.18214884695798556 -16.47841010237464
-0.177774975059783 -0.02321665441480971 0.9837972581788776 107.650729687553 -0.005101564966317874 0.9997299683477886 0.0226707834497247 3.6239258262926226 -0.9840579415244757 -0.0009886076639243936 -0.17784541146034338 -16.627360283349077
-0.17323967899622644 -0.021469637701490397 0.9846456562023982 108.54283603241105 -0.006729081978391713 0.9997648351213937 0.02061538043356606 3.6291928261861437 -0.9848567068751741 -0.003054359451557166 -0.17334341006028525 -16.78300104593095
-0.16687323295144485 -0.024596833674878756 0.9856715070942768 109.42239199223171 -0.009332508164429404 0.9996834051938087 0.02336650747269854 3.6369123800725043 -0.9859341907123889 -0.005299542742649472 -0.1670499519036901 -16.931455471672137
-0.16180311992416196 -0.028533338202499883 0.9864104617216046 110.27735520787782 -0.010582068621136871 0.9995745886402573 0.027178329020715472 3.647674600508217 -0.9867663199595459 -0.006040724764668166 -0.16203622878175328 -17.065278876003145
-0.15506275551611343 -0.03144211404477048 0.987404139811124 111.12953039651741 -0.011573554997306971 0.9994826161999375 0.030009210900201727 3.660366200052956 -0.9878368259365888 -0.006774465183623157 -0.1553464255945451 -17.19180561769114
-0.15024367662801452 -0.02792699501740547 0.9882544816911252 111.96407676476393 -0.01442454825068102 0.999556477434369 0.026053422553657307 3.6711503923518105 -0.9885437623297515 -0.010340762461900686 -0.15057987445421184 -17.31286511884425
-0.1467128568686596 -0.02603820874801536 0.9888363612421577 112.81491083161882 -0.014406394074571064 0.9996037098928026 0.024184271300038612 3.681970944465358 -0.9890742102790894 -0.010697422761604033 -0.14702983271110376 -17.432166446800327
-0.14222909552213148 -0.025563946229190865 0.989503597285097 113.6551996780882 -0.015326571012194944 0.9996034731281751 0.02362186976295183 3.6912374763744067 -0.9897151007274592 -0.011805979979686161 -0.14256450550103517 -17.546189044760695
-0.13564007622190422 -0.02643326281795426 0.9904054989444037 114.53430650231148 -0.016172897439226355 0.9995699092102417 0.024462910494247307 3.697289006108726 -0.9906261692035682 -0.012699575513624321 -0.136009241122938 -17.659092178243338
-0.1271961056915601 -0.02792494271529549 0.9914844165549194 115.42894436496299 -0.015033934733611561 0.9995430570888146 0.02622323076915434 3.7011027133007666 -0.9917636469962624 -0.01157041917539207 -0.12755780609895556 -17.774562236609427
-0.12042341138863027 -0.028585300123434073 0.9923109807950217 116.2942036329907 -0.014298674501078235 0.9995315947992738 0.02705806544327941 3.7065810471813885 -0.992619640092335 -0.010930307171977193 -0.12077573633842725 -17.880037931654606
-0.11556181533975907 -0.029465953932438897 0.9928631448463734 117.14491286223411 -0.015264741258087824 0.999494549984389 0.027886057911205325 3.7144702328365042 -0.9931829914520802 -0.01193323553588273 -0.115953194781093 -17.979213690298714
-0.10886545906126827 -0.02916158000115182 0.9936286600512366 118.01637977398147 -0.01694379734232683 0.9994788293603936 0.02747685193030699 3.7274859984860313 -0.9939120783826917 -0.013844562550484548 -0.10930282948205988 -18.078067495249964
-0.1031180699019088 -0.03055417076199292 0.9941997315976061 118.85623090929522 -0.020433318329480955 0.9993822375246784 0.0285941046758503 3.737610919752148 -0.9944592214675025 -0.017366230714071583 -0.10367869052526896 -18.16133305890904
-0.09989399235195423 -0.030868748311025013 0.994519135396448 119.70245419199914 -0.02131925681113246 0.9993555830513459 0.028877463758543588 3.746499356874591 -0.9947696615704607 -0.0183177237072625 -0.10048771774289494 -18.246439274746322
-0.0945024244374531 -0.031554513869120844 0.9950244240368812 120.59875281085463 -0.022077025554776294 0.9993181701706462 0.02959391338511374 3.7576756522200503 -0.9952798082539892 -0.01917048307360355 -0.09513461967458242 -18.330611124073666
-0.09180477364623413 -0.03029673814647559 0.9953160257895218 121.47133436287189 -0.02303114055678528 0.9993342657597752 0.028294731718556194 3.7703185942101016 -0.9955106479091108 -0.02032567184757642 -0.09244142449966536 -18.4081506957246
-0.0864346275339411 -0.03216888821721114 0.9957380266887157 122.34397066280495 -0.02354376516739537 0.9992653729917158 0.0302391379088336 3.781290638565857 -0.9959792900883087 -0.020829713646507268 -0.087128507071986 -18.4845291533321
-0.08157726744315702 -0.034571222597109555 0.9960672567676586 123.21386771023127 -0.02348957981734806 0.999187320625567 0.032755731423745896 3.795168097587628 -0.9963901791349171 -0.0207250782686397 -0.08232303477306152 -18.550811684032393
-0.07777744919735718 -0.035506110524579415 0.9963382881891919 124.09679644692174 -0.02320690310091799 0.9991593142528011 0.03379503499535245 3.8076709350560547 -0.9967006110386495 -0.02049343449226714 -0.07853604967079797 -18.61637872197285
-0.07309290401398388 -0.034553369375789365 0.9967263877552269 124.97267414024043 -0.026167808254886463 0.9991220215376573 0.032717455427350085 3.8235294839680867 -0.9969817817763463 -0.02369073116823129 -0.07393291596289547 -18.676946620289776
