1.0 0.0 0.0 0.0 0.0 1.0 0.0 0.0 0.0 0.0 1.0 0.0
0.9999416728846408 -0.002555489650679441 0.010493822054499707 0.007464464753866196 0.0025415484821317696 0.9999958702677949 0.0013416328367443925 -0.0010183773702010512 -0.010497207246654126 -0.001314884025656779 0.9999440382941537 0.3092478811740875
0.999809702066563 -0.0047565570429914505 0.018919165379779116 0.017414737587202744 0.004714961386495336 0.9999863698550926 0.002242597413297699 -0.00021012767370071745 -0.018929574551334278 -0.002152967517414039 0.9998185014982343 0.6125589468499006
0.9996888113315597 -0.007447126347341325 0.02380799881678235 0.027929791410600965 0.007399579035030578 0.9999704499208869 0.0020845899173164684 -0.001040515863011961 -0.02382281949303044 -0.0019077720476451594 0.9997143760480874 0.9066204036967871
0.9996482276814339 -0.009883701787123757 0.024611650337825513 0.039356907554721654 0.009853716800866021 0.9999505540392751 0.0013393064455425384 0.0007980130505340023 -0.024623670696638848 -0.0010963190821780483 0.9996961903127838 1.229663562913412
0.9996895340652233 -0.012873050449743824 0.021333542897868856 0.048505457779842616 0.012867623869409631 0.9999171320088664 0.0003916262487028016 0.00029511996608086227 -0.021336816454482144 -0.00011699265628172331 0.9997723373730173 1.5652557891338774
0.9998230933978739 -0.015157649228291093 0.011136766953582235 0.052446967705474586 0.015170550182519012 0.9998843428717575 -0.001074842813294642 -0.0012070153437737726 -0.011119186816759009 0.0012436035484450613 0.9999374066084078 1.8868870490228384
0.9998669906143453 -0.015063220184914624 -0.00625303745981975 0.03600911663352313 0.015052942260759358 0.9998852740652101 -0.0016874942472053596 0.0005977406800454915 0.0062777391716583265 0.0015931431827952106 0.9999790257228859 2.2259729227741234
0.9995959845867325 -0.012066555774452661 -0.025734526026779652 0.007113790358118387 0.012033224588962325 0.9999265472893047 -0.0014496661965476094 0.0015380205305008878 0.025750128234099504 0.0011394111776893753 0.9996677611277137 2.588398535435849
0.9989511937429518 -0.00972405428469667 -0.04474321499177364 -0.031023488950938257 0.009635347850836194 0.9999511636553515 -0.002197811662101649 0.0020191165569840674 0.044762401536615426 0.0017643901430681353 0.9989961032637205 2.941263347639684
0.9978860376458687 -0.01000979922502061 -0.06421261395475823 -0.06747474904410317 0.009825049985827575 0.9999466374352161 -0.0031922836309909246 0.0007196095301516923 0.06424114152320166 0.0025546431217451514 0.9979311346652716 3.321779204006635
0.9962998918994994 -0.011860062148606555 -0.08512264285651214 -0.1146693173618181 0.01167244371699248 0.9999282254760199 -0.002701472571011378 0.0008995419091034591 0.08514857285192612 0.0016978875726838078 0.9963668188569264 3.7246894032445166
0.9944329864405133 -0.013327876737888957 -0.10452465345870243 -0.1682682547067245 0.013176350797696662 0.9999108979448976 -0.002140081934148745 -0.0021053186717095765 0.10454386284549769 0.0007509145680233854 0.9945199931970465 4.122543499361844
0.9924021259416169 -0.013074789561702632 -0.12233997835734757 -0.2359365694742188 0.013000253925724119 0.9999145025326152 -0.0014074881240871836 -0.0065238068815902436 0.12234792121007114 -0.000193656577331412 0.9924872536575492 4.538172085826634
0.9902327850508185 -0.013176873734487388 -0.13879986098366612 -0.3102764171202156 0.013246613783942788 0.9999121709811601 -0.00042136326661424686 -0.01046663103388102 0.13879322257862134 -0.0014213804306980383 0.9903203628341248 4.969707722504755
0.9881947429962893 -0.013181486663235773 -0.15263485291323547 -0.388958925357754 0.013213362056690396 0.999912375228098 -0.0008055612096366098 -0.013036609099076234 0.1526320968134059 -0.0012207682214876354 0.9882823244130661 5.412703459242498
0.9858078592502401 -0.014379677281037933 -0.16726054382834135 -0.4701729472148898 0.014345940403002123 0.9998960975066904 -0.0014100300866081135 -0.019198774260230582 0.1672634408184072 -0.0010094910523775341 0.9859117213490277 5.861165165222577
0.983837735941728 -0.016633093242177266 -0.1782881082580997 -0.5543410396337167 0.016325010611557708 0.9998616334328227 -0.0031949988388432406 -0.023363679640573343 0.1783165818581866 0.00023280516471595658 0.9839731411152278 6.307926067246166
0.9821218459218658 -0.01604425379722381 -0.18756135444999708 -0.6527845199708838 0.015345540078411378 0.99986884919645 -0.0051767563462943615 -0.0257878226157438 0.18761981282031234 0.0022059752168368 0.9822392475922626 6.790080931538635
0.9805344244276909 -0.01639301030145246 -0.1956617277995715 -0.7582130521347786 0.015441902826424748 0.999860376564053 -0.006385531637192617 -0.029405265875210043 0.1957390869227615 0.003239844201008121 0.9806506581143956 7.289492664115369
0.978999000558487 -0.016779773328527123 -0.20317331545389258 -0.8666136284137058 0.015198206591949795 0.9998408567902866 -0.009342141577503776 -0.03688758875133243 0.20329774081841664 0.006058077245212437 0.9790982219768449 7.7862900261390795
0.9766746862493143 -0.01978018958572032 -0.2138113685933386 -0.9813872803399885 0.017936206815376003 0.999783355252359 -0.010561015358934504 -0.04469583137143206 0.21397394636936434 0.006479711435592835 0.9768178763796412 8.304792522875308
0.9745798848353492 -0.024711481757875964 -0.22267328250970778 -1.0961613772949013 0.022665429747820806 0.9996741736441603 -0.01173988258936512 -0.053785550190528435 0.22289083957997144 0.00639446778048354 0.9748224373767461 8.828802735596225
0.9718510027866758 -0.02582997768136946 -0.23417608894913458 -1.2332695570534205 0.02306503758167917 0.9996282472939155 -0.014538612500871326 -0.06238386971481588 0.234464565390783 0.008728084845756264 0.9720854839524334 9.374559879661028
0.9692486955600071 -0.02159954955313386 -0.24513348529796328 -1.3840741790510045 0.017412341182576535 0.9996633365838691 -0.019236004381060743 -0.06741839664530543 0.24546644685122773 0.01437612427284746 0.9692984837092884 9.920055641012144
0.9667341812687134 -0.018924207994219188 -0.2550821379840269 -1.5483284585907529 0.01379230628143512 0.999665189973021 -0.021892470021516224 -0.07836116765903574 0.25541103158272094 0.017646028108201345 0.9666715174441911 10.48883524592277
0.9636260400553294 -0.021464086809209724 -0.26639096813655605 -1.7118570269512232 0.015925210813734773 0.9996101026723513 -0.0229353503550649 -0.09462908194038304 0.26677938936099055 0.017858768513483225 0.96359214494482 11.057629480530554
0.9602626834143005 -0.022344216784257152 -0.2782019317299308 -1.8782322145083832 0.016036991144792852 0.9995606390169397 -0.02492676960757734 -0.10977005472137082 0.2786366697995596 0.01947472475660508 0.9601991154644259 11.607785050376092
0.9574036994497188 -0.02114039554591663 -0.2879778462940414 -2.052396325658235 0.013700351916668518 0.9995188734059989 -0.027826643034367708 -0.12353412876983122 0.28842755873416775 0.022695933145937756 0.9572326979273552 12.16200756722374
0.9546259615827735 -0.01991941498755362 -0.2971405229495278 -2.2453299994415494 0.011097174131690448 0.9994469262961123 -0.03134795437575811 -0.14004218446145877 0.2976006152521466 0.026628150964858523 0.9543190322830918 12.740873468856043
0.9524248918254835 -0.020285355085159485 -0.30409756625182804 -2.4401744840368673 0.0094389430095887 0.9992671522610103 -0.03709534697280231 -0.1629124617332293 0.30462720132331866 0.032460172230594386 0.9519183817075298 13.333625990954632
0.9504565659942411 -0.021513162367492157 -0.31011207651974 -2.6457626519922464 0.007990087707929468 0.9989635002657553 -0.04481164620062602 -0.18887736991559706 0.31075468565550984 0.04011370067371502 0.9496433100703681 13.944697685270357
0.9494917853947433 -0.021457363634451054 -0.313057392523738 -2.8536960083582543 0.005131611859154424 0.9985876616437644 -0.05288051221920842 -0.21524329671649076 0.31374992594043716 0.04860312293153396 0.9482608925889924 14.545895239978215
0.9486412074459908 -0.022614962118087573 -0.31554464505646473 -3.0669610612653306 0.0032744123674549874 0.9980900697516197 -0.061688660926096366 -0.25093046535097874 0.31633706352411617 0.05748718249840128 0.9469034196206787 15.156382247096396
0.9479908118789987 -0.02201986215043475 -0.31753511028526143 -3.290289731506654 -0.00026391145537926937 0.9975494685425699 -0.06996419199262062 -0.2905462788223807 0.3182975823718129 0.06640921232263196 0.945661919279267 15.771632706188171
0.9475202734111274 -0.022731674087727968 -0.3188865040544544 -3.5135313900545686 -0.0019165090700107301 0.9970470922181436 -0.07676863221609019 -0.3371413028173387 0.3196899411427998 0.07335098426411245 0.9446787679627393 16.387652636379595
0.9469228453483569 -0.021878155837639496 -0.32071556129149065 -3.746664741509892 -0.0048691232288320015 0.9965907192589143 -0.0823603662326876 -0.3907104726524421 0.32142404483229686 0.07955051592632155 0.9435879920916236 17.037622609948635
0.9466718338328572 -0.02218176098681994 -0.3214349211069929 -3.9795236347907257 -0.00643511237612493 0.9961267100551724 -0.08769359636464401 -0.4471052743173391 0.32213510885378793 0.08508552752485028 0.9428623572131704 17.687480484659158
0.9466901199872492 -0.020352065334975862 -0.3215021153198357 -4.231992498420599 -0.009917696869440105 0.9956880058087548 -0.092233585951058 -0.5075809283632637 0.3219929440334585 0.09050518507348725 0.9424061520742955 18.3710167898733
0.9463008973681873 -0.018492418129945766 -0.322757869171103 -4.490794353756619 -0.012754545152646594 0.9954498295457402 -0.09442964807361029 -0.5698835171810015 0.3230354983869616 0.09347549052593437 0.941759204602123 19.078929433497848
0.946138540633068 -0.01668241380553264 -0.3233319640838955 -4.7462327043493895 -0.01507306707766929 0.9953190617379079 -0.09546081913561726 -0.6362684824890698 0.3234109840088932 0.09519276448760126 0.9414582693946704 19.776236413833352
0.944873953202839 -0.015116087134650038 -0.32708518228219563 -5.008185079876309 -0.016896436619931145 0.9953520187567544 -0.09480964711674895 -0.7067011980974386 0.32699804737702654 0.09510974012471847 0.9402267887829088 20.499879687210047
0.9437211087313193 -0.013758974097211293 -0.3304559873367734 -5.268997038326807 -0.018323918378128932 0.9954247236573304 -0.09377554876938525 -0.77450246899054 0.3302343152220877 0.0945532133960552 0.9391512055501388 21.207573408662007
0.9418107104533016 -0.012737652550355501 -0.33590227430452696 -5.53923470298822 -0.019456356043952298 0.9955407868455627 -0.09230380239409874 -0.8458157728603047 0.33558014822831556 0.0934681439551695 0.9373631474410744 21.938750714831905
0.9388382667959636 -0.01180708788257316 -0.3441559261080426 -5.855636990558565 -0.020517003691670407 0.9957186758824885 -0.09012974569108627 -0.9285561830584844 0.34374665286962036 0.09167830263784936 0.9345765498162126 22.776646379529204
0.9356302260331046 -0.011414697311808495 -0.3527970873158129 -6.140070928155531 -0.01978120950884736 0.9962107450292123 -0.08469271065864468 -1.0002182342788715 0.352426990855707 0.08621981311520928 0.9318590880292845 23.518200692263516
0.9333483984565848 -0.010028604011140795 -0.35883170735055775 -6.396129279906354 -0.020381588802829143 0.9965166842033369 -0.0808646334454046 -1.0590297842815424 0.3583927425833299 0.08278843642668335 0.9298928523532292 24.160532027740096
0.9303312479179416 -0.0082078654314525 -0.36662842237407695 -6.701822448251176 -0.021806164360509184 0.9967423081444251 -0.07764832484224209 -1.1238394442625417 0.36607138694976943 0.08023342258674408 0.9271215333259654 24.908956217541125
0.9270194255697927 -0.007531494175703484 -0.3749376764366758 -7.017697171095815 -0.02298632651740918 0.9967772433996532 -0.07685542162934222 -1.1871453860126904 0.3743081797255933 0.07986490866500917 0.923858746213101 25.65890269526335
0.9237584019772739 -0.008048878368819727 -0.38289114684645975 -7.3465434453755565 -0.02292726273723035 0.9968236776403043 -0.07626858015616036 -1.2546665596709965 0.3822888376604413 0.07923238764963855 0.9206397087610149 26.432894944143023
0.9206276445777448 -0.007684954060587232 -0.3903660865396998 -7.6780653635201075 -0.02381072525001831 0.9968403176111468 -0.07577882651490687 -1.3190296851847325 0.38971501049138696 0.07905898219680592 0.9175357692927854 27.19638704565304
0.9172995378266037 -0.007352574888654489 -0.39813000081079813 -8.029260945690671 -0.024276880497034657 0.9969369892812198 -0.07434562849441687 -1.3831147795212646 0.397457156151996 0.07786256510932502 0.9143113419279912 27.988801567734914
0.9137805766022649 -0.007897334954516258 -0.40613137027943136 -8.380677944965257 -0.023680365603724052 0.9970749983498832 -0.07266834214741982 -1.4492690980304248 0.4055173215897274 0.07602025891955833 0.9109207551288405 28.764565429335125
0.910513156740089 -0.007411414782382714 -0.4134136697475323 -8.746545604484771 -0.023546467880446023 0.9972874022863059 -0.0697380892438787 -1.5144629817940645 0.4128091026776824 0.07323187947851362 0.9078687881927053 29.556978679497597
0.9065936253481727 -0.004882743535007384 -0.4219764890294585 -9.126956581049214 -0.024488087236925908 0.9976394395866945 -0.06415514137326116 -1.5763685620521315 0.42129364113588763 0.06849603927759447 0.9043339872755798 30.36336826980921
0.9032737991927141 -0.005248350706800287 -0.42903251451005325 -9.507371348618285 -0.022794762351497175 0.9979260821178497 -0.06019911492918879 -1.639011614581773 0.42845868237357426 0.06415597745944912 0.9012808486009917 31.162300087693808
0.8995248015723 -0.004901871742951086 -0.43684219463065826 -9.919901547340567 -0.022743736177011892 0.9980556052049915 -0.058032158184997115 -1.7025152127702237 0.4362772671375678 0.06213678920183843 0.8976642833524466 32.013664193194764
0.8967060304884317 -0.004588375258536899 -0.442602803536271 -10.332852944686016 -0.02269195553560808 0.998154796260666 -0.0563212025421901 -1.7610690009200958 0.44204453400042176 0.06054708510172278 0.8949473059605436 32.84936185938272
0.8941506872749158 -0.004296803714109915 -0.44774555935669363 -10.74799761064593 -0.022493743025878622 0.9982603786309362 -0.05449998147069303 -1.8132376409567266 0.4472008273365355 0.05880266944163809 0.8924985524335913 33.674526607303704
0.8912924343635006 -0.005232580135189674 -0.4533987390272653 -11.17526777804345 -0.021179076626810255 0.9983616133974531 -0.05315576739800096 -1.8682077776864612 0.4529340384201888 0.056979899960981864 0.8897213315644488 34.51266227611797
0.889418640417459 -0.005478982468232196 -0.4570606774040748 -11.604536632467088 -0.02095276038300985 0.9983883752227684 -0.05274119881433249 -1.921706083569435 0.4566130351953294 0.05648568819757424 0.887870431492431 35.33890862616967
0.8882980258967931 -0.006589010995896801 -0.4592202109249509 -12.044849526317527 -0.019996060253317384 0.9983940331169812 -0.05300483195666375 -1.9752078965227835 0.45883196789479064 0.05626668259729209 0.886739694424068 36.182725228161935
0.8871584117470594 -0.00585865644884989 -0.46142781516836334 -12.505759634322061 -0.020923364174874615 0.9983803634118719 -0.05290427946002346 -2.0267623937901464 0.4609904177941669 0.05658909875756139 0.8855989547214735 37.051223910677635
0.8866215850859349 -0.005612517687118122 -0.4624615275943681 -12.974226221358794 -0.021008449432997962 0.9984054965674044 -0.05239379234619375 -2.0803900026417588 0.4620181921874136 0.05616906683581889 0.8850899536310802 37.93629745497056
0.8858290799067781 -0.004199717280453909 -0.4639926761989627 -13.457356026849405 -0.021743546220545272 0.9984848546989212 -0.0505491160618003 -2.133509808683359 0.4635019518721212 0.054866723172052136 0.8843956033919975 38.844347911286036
0.8854648302541123 -0.004848029435404846 -0.464681106775012 -13.937693147796521 -0.02062885532934073 0.9985497941327933 -0.049726843506879434 -2.190840725454998 0.4642483007086378 0.05361721037083145 0.884080714664217 39.749971818311934
0.8849006077103327 -0.006728101238273999 -0.465731303572791 -14.419977952757595 -0.018630669589851732 0.9985842024631026 -0.049824579694794514 -2.2459837333937838 0.46540714715667775 0.05276668688535118 0.8835224185784002 40.65714668536351
0.8835723885690568 -0.008785317500816563 -0.46821218731978975 -14.904444759937782 -0.016781146684515507 0.9985878638216656 -0.05040507260222502 -2.300521069998818 0.46799383251740057 0.052393667790035924 0.8821772363313298 41.56496177507633
0.8829941061022519 -0.009537423850181258 -0.46928716809112436 -15.40557532496732 -0.01529548026267609 0.9986779341369117 -0.04907577968371265 -2.356667508996027 0.4691347960578274 0.050511596830155846 0.8816808502590088 42.49892606440329
0.8810363194229163 -0.008705544407221478 -0.47296851624002934 -15.912365039344852 -0.01468421485735127 0.9988455201334985 -0.04573839462928209 -2.4143498945828683 0.47282066123610134 0.0472423581737268 0.8798913466459601 43.438279240846185
0.8787630950988076 -0.009149544320755126 -0.4771705235354411 -16.415597156899032 -0.012285480935517682 0.9990512373559834 -0.041781480295242826 -2.4700331875942316 0.47710008347363286 0.04257829231194307 0.877816950948916 44.35587613607034
0.8759339537430336 -0.009431173332567076 -0.4823388452630251 -16.92882516383097 -0.011459595496549794 0.9991200283889594 -0.04034658031482447 -2.5242373952204433 0.4822949163646169 0.04086834767416223 0.8750550792991441 45.281115578170734
0.8713614081600004 -0.012111339492936168 -0.49049221382720076 -17.46454710000485 -0.010486021678788543 0.999007250056381 -0.043296162464353465 -2.580024541363906 0.49052965223192524 0.042869917080332186 0.8703693644026955 46.22687952790646
0.8662814858101222 -0.015447863009120254 -0.4993172847709746 -17.97979787511921 -0.009239899678623454 0.9988552965956505 -0.046933151574808936 -2.6316173381163996 0.4994707314713607 0.04527096189906362 0.8651471137397371 47.12835978333319
0.8606276718686098 -0.015225243084512528 -0.5090070749872089 -18.52556321279222 -0.009950705307339235 0.9988592954316848 -0.04670215619866517 -2.6844948135891715 0.5091374999721618 0.045258147363049804 0.8594944480445242 48.04660821633539
0.8551594596333039 -0.013182948338508957 -0.5181973644016149 -19.08562057940245 -0.010233601733479224 0.9990523738303615 -0.04230399200406781 -2.739157033214586 0.5182639983591726 0.04147968438915497 0.854214179107172 48.96577203252094
0.8505424184174379 -0.011712716261094071 -0.5257760043501443 -19.653537449891367 -0.010169069437137395 0.9991987590994659 -0.03870955748739932 -2.7905396061855585 0.525808125174382 0.03827077333781874 0.8497418216192062 49.87691877419516
0.8467467526344881 -0.011728431298061006 -0.5318668825958576 -20.227814995779756 -0.011255287866660158 0.9991382400594517 -0.039951167015995 -2.8420084721266474 0.5318771055403567 0.03981483580511135 0.8458850533327943 50.784082409433225
0.8447086437647411 -0.014935367021885741 -0.5350179828389446 -20.789459469633176 -0.010728408914625082 0.9989372712963868 -0.04482442701350902 -2.8918710463967825 0.535118873140625 0.043603472646686896 0.8436507149181214 51.669658693978334
0.8430463062224963 -0.01732592911187927 -0.5375618455071148 -21.36318731296725 -0.013062482794908476 0.9985266047890027 -0.05266869157079624 -2.9478347277126815 0.5376823384749009 0.05142403824046763 0.8415778461813294 52.55917699723079
0.8402454342067279 -0.01837550863303496 -0.5418947785107588 -21.92711798745766 -0.013360817624280001 0.9984203880354163 -0.05457304561428952 -3.004887099288768 0.5420416025058943 0.05309490971539413 0.8386726606460688 53.43631937451841
0.8389091265322287 -0.018220403895545315 -0.5439664459346888 -22.51522030001044 -0.012009429382427765 0.998576495194981 -0.05196880650945101 -3.0674331176869463 0.5441389997297031 0.05012983269462879 0.8374961187057328 54.33557547864712
0.8365327272833918 -0.015970467379651868 -0.5476841611325691 -23.105770269604847 -0.01177908008989328 0.9988199268769268 -0.04711694966576894 -3.1287837317675082 0.5477903334817495 0.045866086003126534 0.8353574400810155 55.22796075791143
0.833908035776133 -0.014270794698572753 -0.5517188888253356 -23.69048846086991 -0.012322393752670484 0.9989350118516082 -0.044463476126274805 -3.1846492695952198 0.5517658438868757 0.04387694742913242 0.8328440832497432 56.09984005817154
0.8319185289029348 -0.013956358680921578 -0.5547222560167803 -24.2869811085364 -0.013589502583996573 0.9988714001211856 -0.04551100349873645 -3.2380993312648694 0.5547313644346211 0.04539984661110559 0.8307899657796739 56.98129818755621
0.8288671654084813 -0.01565710478453053 -0.5592263201758979 -24.893570548651084 -0.013286952229323272 0.9987753837380662 -0.04765700094775745 -3.2972432054294396 0.5592876531876646 0.046931736688994405 0.8276440859954174 57.8750807629779
0.8261909365696019 -0.017972328917581132 -0.5631034822512845 -25.487149932575633 -0.012742275193031042 0.998639293387598 -0.050568726751069 -3.3572331385540672 0.563246101409632 0.048954643248597905 0.8248377247381774 58.73364010686162
0.8235524749243786 -0.019513805425432636 -0.5669043415284004 -26.09318853225472 -0.011900069964344924 0.9985937894989697 -0.05166073856354594 -3.4170662113414494 0.5671152522907267 0.04929153042770839 0.8221621711361572 59.60761695398887
0.8201088542586874 -0.020415778082865925 -0.5718432155510584 -26.70405662907961 -0.01073009725773435 0.9986388797136605 -0.05104167843130531 -3.4808669736553686 0.5721069237295968 0.047995665736776556 0.8187735241757278 60.48314747879303
0.81724394659454 -0.019942266507685543 -0.575946731704519 -27.326649370437814 -0.01126285393153863 0.9986575050043391 -0.05056021973671844 -3.542813502319804 0.5761818114761152 0.047806837429858 0.8159221938512629 61.35979878139325
0.8125777418938125 -0.02030721401969386 -0.5824989531643048 -27.957665383080148 -0.011888327658216492 0.9986075007373144 -0.051397734742549245 -3.6086226926373492 0.5827315686010528 0.04868959365134318 0.811204809173259 62.23215138624673
0.8076913394278725 -0.021325349923180636 -0.589219763470187 -28.598762834063354 -0.011969379010257693 0.998546700335974 -0.05254732356882923 -3.673280210465854 0.5894840406485302 0.04949461282596655 0.8062622706798884 63.102435111931214
0.8036411732059785 -0.02271072886005311 -0.5946806601216854 -29.247382521335144 -0.011646343733896003 0.9984800156919574 -0.053870408773466175 -3.7428524542989066 0.5950001910972385 0.05021833388747132 0.802155154278657 63.98216858068873
0.7987846120555872 -0.02317096665744059 -0.6011707326936043 -29.914286314249136 -0.012264766886040439 0.9984231928426622 -0.05477867730326565 -3.8134699917682275 0.6014920772848437 0.051129583393804426 0.7972408962575488 64.86616006479375
0.7940481345700895 -0.0249905316818275 -0.6073409530996744 -30.57226352410298 -0.011729721041833093 0.9983385159058171 -0.056414725943246175 -3.8825415749283696 0.6077416997623596 0.05191994785465767 0.7924357042591706 65.72932739239104
0.7886726434543478 -0.02491926082355088 -0.6143081408436153 -31.258872876947432 -0.012297448306556234 0.9983389882406769 -0.056285320677145936 -3.954653984786901 0.6146903563843171 0.05194511525244137 0.7870562055974984 66.61067064339362
0.7839076463867743 -0.02531281715721354 -0.6203612360745259 -31.94822301756756 -0.011330727338018803 0.9984189375578765 -0.05505669572170911 -4.023920344261384 0.620774046295703 0.05018850877807454 0.7823814268196132 67.47436874288104
0.779841993286563 -0.02630399732662938 -0.6254235086974914 -32.62877083611936 -0.010077190140998185 0.9984597300823417 -0.054558387464806846 -4.095359638405262 0.6258952913592678 0.048849433246850454 0.7783757557412482 68.32264940888206
0.7746289521005795 -0.0277043818247888 -0.6318088744195228 -33.33218383931711 -0.009192408337102225 0.998441211886922 -0.05505130366066209 -4.162464829545361 0.6323491805929079 0.04845217883109866 0.7731667997075387 69.18317892583401
0.7704134616730166 -0.029943088793761896 -0.636841039433302 -34.04251240361023 -0.008158858801289812 0.9983516264858795 -0.05681076408621669 -4.232172699450346 0.6374923772846701 0.04896367353955424 0.7688992310943301 70.03525610812
0.7663903110109967 -0.02870931135195448 -0.6417333298420494 -34.75126923944136 -0.010037928712305745 0.9983435896567386 -0.05665083387263278 -4.303525843224637 0.6422967625448807 0.04985832360794441 0.7648326721521324 70.87320274373579
0.7621986084318638 -0.028487205950010322 -0.6467161358754647 -35.48330587716423 -0.009589405010660516 0.9984247652631636 -0.05528138403421857 -4.375693917852279 0.6472722183255453 0.04833701693690803 0.7607247913520165 71.72965036404503
0.7596635102814503 -0.02793511321890304 -0.6497160769107628 -36.21655831190869 -0.010465736138305258 0.9984224102154435 -0.05516483614285818 -4.4478558279105 0.6502321274083191 0.04870647009414755 0.7581727113639871 72.57685248509208
0.7556039455500498 -0.027974852377119257 -0.6544311156291973 -36.964365514310444 -0.010812814622699594 0.9984187760435294 -0.05516367177478425 -4.521926330876448 0.6549395090457839 0.04875813038067989 0.7541066795968911 73.43218343276456
0.7521794642470891 -0.028760837124499762 -0.6583303637330277 -37.69081449228894 -0.012473288725352359 0.9982466439752977 -0.05786237862747963 -4.591296873645089 0.6588402466708728 0.05173443765958813 0.7505018836263573 74.2494606123984
0.7493709136876592 -0.03054071263328631 -0.6614457639071958 -38.4442058059056 -0.012910195360314368 0.9980719544131214 -0.06070997174872325 -4.661943505581217 0.6620245921222876 0.054033681031587 0.7475318058380496 75.09657943129841
0.7460341487692778 -0.030126021559683747 -0.6652258802054267 -39.20709465898182 -0.014738839964106111 0.9979843725344181 -0.061724863495972095 -4.736479760058942 0.6657445572189169 0.055853513784446814 0.7440863992382329 75.94486146143517
0.7434697362618289 -0.029069701708803096 -0.6681374886244057 -39.96591407545398 -0.015129418732739416 0.998068064714293 -0.06025976175090013 -4.814326919947947 0.6685984235335708 0.05490984101258191 0.7415935931549011 76.7849816308319
0.7402779261594015 -0.02881500900806707 -0.6716831747907648 -40.73361704492553 -0.015030009710591007 0.9981220522039809 -0.05938406951543086 -4.890789903600503 0.6721329413510662 0.05405612046733467 0.7384546329943267 77.6263412671878
0.7363146073284889 -0.02885994500276836 -0.6760235961925669 -41.51188282208613 -0.015758793900603335 0.9980875759296977 -0.05977333175905953 -4.966510116556755 0.6764558074623146 0.05466529382723075 0.7344516636248372 78.46448679891492
0.733869917036287 -0.029415634404178218 -0.6786528312191388 -42.308883626309715 -0.015703631616174146 0.9980603033478815 -0.06024140465824329 -5.042846734350637 0.6791084897298932 0.05486666869543337 0.731984499728682 79.32246959248415
0.7305919470525808 -0.029946735982326965 -0.6821573131660498 -43.11656385458733 -0.015407088479911492 0.9980604246560099 -0.06031592128151406 -5.124294143745997 0.6826404826308586 0.05457638444849956 0.7287135169145955 80.18627351197496
0.727868307067364 -0.029798381564308248 -0.6850691819247438 -43.91359631410459 -0.01595587518073131 0.998048851206 -0.06036473021227773 -5.204987751021256 0.6855312812805164 0.05486845234314566 0.7259726684410106 81.02551028684675
0.7264455230073906 -0.03199834225759958 -0.6864787019240178 -44.71649129774634 -0.014272886966267165 0.9979974525876549 -0.06162279875338338 -5.286185073402024 0.6870758231812316 0.054563639186892075 0.7245340726829317 81.87440439430462
0.7238711882515587 -0.03574011690346828 -0.6890088147933981 -45.54672166267249 -0.0119457939508512 0.9978584084438602 -0.06431092212657695 -5.370618261159681 0.6898317192085042 0.05478358094916084 0.721894007754758 82.74559720297239
0.7211912543204353 -0.03925285405723895 -0.69162301012913 -46.38355741010196 -0.008875486933243765 0.9977878102496602 -0.06588407583692892 -5.454449400109107 0.6926791468085461 0.053653510281709255 0.7192474542263152 83.61654393466956
0.7171981057556875 -0.04153579452519099 -0.6956304010562038 -47.21168253299679 -0.00600470125563107 0.9978167363551645 -0.06577008599932604 -5.54003717328988 0.6968434692693075 0.05134723383678263 0.7153828631677072 84.47423584195121
0.7104874433426955 -0.04301497371519469 -0.7023939812446015 -48.04748539586199 -0.004621835931039337 0.9978232940864527 -0.06578231077643708 -5.629277139799175 0.7036947004809594 0.049983855540987485 0.7087421129721805 85.32601628364245
0.7034681293499169 -0.04386562946040733 -0.7093718330614569 -48.88523573858346 -0.0028412161126489047 0.9979119982658158 -0.06452574066314998 -5.7127403209553185 0.710721125674431 0.047407280761177464 0.7018746549426763 86.16147167684896
0.6942267802217095 -0.042033130209786995 -0.718527935147803 -49.74461842503066 -0.003341674004438938 0.9980943272685425 -0.06161612685980481 -5.796416420118419 0.7197485747383224 0.04517665148196128 0.6927633501586462 86.99434275251315
0.6863051615990787 -0.04139226300024357 -0.7261349087643296 -50.59757296779497 -0.0035962455619182113 0.998173915541281 -0.06029843572470418 -5.880346412186842 0.727304813802522 0.043994487117212364 0.6849030536674316 87.80029966051745
0.6789239512559893 -0.041800805455750045 -0.7330177085679483 -51.467616131230464 -0.005583151335781293 0.9980551951078308 -0.062085875522792024 -5.960351619869715 0.7341873717465568 0.04624413672586395 0.6773701964113588 88.60552021767491
0.6688891350751074 -0.04340663575262256 -0.7420937871664968 -52.35903987701831 -0.005230791037578859 0.9979941599145817 -0.06308958393831336 -6.046643931202937 0.7433437722908531 0.04608167476370029 0.6673203993940068 89.42063151174244
0.6600671547967427 -0.044264382567802886 -0.7499013372400558 -53.25335258395313 -0.005450938870004141 0.9979539433403047 -0.06370411475698542 -6.124916020549417 0.7511868199216278 0.04613666012431847 0.6584753375553293 90.21069545267137
0.6519665189920896 -0.04432985928708017 -0.756950805329465 -54.15955307799912 -0.004054877096958384 0.9980714347701466 -0.0619432729809322 -6.211993804393102 0.7582369129006227 0.04345428254440976 0.650529406901398 91.00339741495415
0.6414499442301215 -0.04344331822518248 -0.765933839929246 -55.08250192372579 -0.00409429658634097 0.9981872464799229 -0.06004546361127536 -6.294350584020687 0.7671539648484113 0.0416521195909097 0.6401092837562563 91.78731341513864
0.6323371908388253 -0.04312087208536322 -0.7734922543068292 -55.99828808814143 -0.005088040772711789 0.9981969740462757 -0.059807297597818526 -6.377493990298089 0.7746765705267962 0.04175393868195611 0.6309776697169127 92.54013588485503
0.624207028530007 -0.04345781806411735 -0.780049359709272 -56.94082720333004 -0.006709444505585811 0.9981167002229041 -0.060975700820638024 -6.459734158984624 0.7812301638366032 0.043295158912372275 0.6227398817536796 93.29750102040532
0.6151873866349289 -0.04286196650445846 -0.7872149205602353 -57.908230395746855 -0.00906502890883237 0.9980704360962521 -0.061426621602686485 -6.544696896966693 0.7883288048626468 0.04492500882591206 0.6136117982941847 94.05167235499
0.6077458732824831 -0.04304120652025557 -0.7929643170089011 -58.88022708288468 -0.010776973836802185 0.997991186343086 -0.062429550826839736 -6.629753777700254 0.7940584426495529 0.04648705758381351 0.6060611711157269 94.7939072462023
0.5997057328252954 -0.042141504492221434 -0.7991102099307752 -59.87433937676236 -0.012457755499690325 0.9979996921435472 -0.06197918045033306 -6.714577894243097 0.8001236394110509 0.04712438944450201 0.597981148177012 95.54341198638495
0.5931299669741164 -0.03965837343709594 -0.8041293774596272 -60.88052236472996 -0.014375043811760248 0.998105185753219 -0.059828056026767204 -6.79398627809634 0.8049783850468866 0.047045207926587645 0.5914360050068397 96.28215163755853
0.5872659860517222 -0.03766562632443783 -0.8085171378643045 -61.890947741480026 -0.014401697912241803 0.9982722270739048 -0.056966233420783496 -6.876251988913856 0.8092658727043563 0.04509835081790105 0.5857088748086053 97.01502588665467
0.5810607243451995 -0.036768288339268915 -0.8130292292384282 -62.92027843652501 -0.01516232768938642 0.9983165311051493 -0.05598399361622316 -6.955944188639882 0.8137189554400659 0.04485751547714197 0.5795250338533671 97.74806638831618
0.5758270757553434 -0.037890566287731194 -0.8166930168756468 -63.94748703829198 -0.015431076475905407 0.9982438419856005 -0.057193651890946384 -7.036782044312781 0.8174258747469676 0.045536105720878725 0.574231140195246 98.47164213050338
0.5713487896056163 -0.03993034660453516 -0.8197354012339829 -64.96461028611282 -0.014907904800273437 0.998145971822947 -0.05901163705652274 -7.117630337547443 0.8205719438237352 0.045936764727900356 0.56969421504494 99.17733914325369
0.5663742322139111 -0.04147033918755717 -0.8231041489700875 -66.0124342802512 -0.015354198522693365 0.9980288993852967 -0.06084870236495818 -7.201673208322229 0.8240051442022852 0.04710124159130527 0.5646211077959529 99.89238722493351
0.5633879645020432 -0.04338999183764888 -0.8250523074706071 -67.03061296949923 -0.015997255411983692 0.9978598603828785 -0.06340178905950264 -7.290629501067169 0.8260375834509761 0.04891837737487491 0.5614881148176523 100.58471565819596
0.5594162844922437 -0.04359316555516349 -0.8277397275483238 -68.05572187989065 -0.015393885423437656 0.9978974290666013 -0.06295831441388536 -7.37518348354886 0.8287438982800799 0.047962036853616614 0.5575690038769991 101.27580459692668
0.5568687658788081 -0.04221729767655566 -0.8295268997238745 -69.08764884747922 -0.014141909800897934 0.9980807714551762 -0.06028913698689253 -7.457906072365439 0.8304800924620632 0.045304231903102773 0.555202974231833 101.96379905660031
0.554950965731801 -0.04062980069110167 -0.8308902724964005 -70.14239360624615 -0.011892174919430698 0.9983170460261087 -0.05675959645196598 -7.543671406996648 0.8317980535015859 0.04137988532494647 0.5535338321019477 102.66481083672778
0.5521424466132818 -0.039646064538819296 -0.8328066451550943 -71.19812059361071 -0.011623686057915826 0.9984056742407742 -0.055235853992241735 -7.627306894769554 0.8336687643005022 0.04017834255427928 0.5508013182802531 103.36581675652528
0.5501621258554318 -0.039987097497123 -0.8340999144634819 -72.22296069042216 -0.00975030050223336 0.9984771378641089 -0.05429858932618476 -7.7071507095993965 0.8350009382715377 0.03800575214955095 0.5489344185685561 104.04329694041846
0.5493764553369644 -0.039813987428940885 -0.834625878299014 -73.25886730880583 -0.007200250870329279 0.9986015032755683 -0.052375509956273276 -7.7876145138992 0.8355439346370702 0.03478338771286512 0.5483214834660592 104.72608619781579
0.5469078649503456 -0.04005031888475842 -0.8362342729239719 -74.2739414647395 -0.004073818905209935 0.9987159298628169 -0.05049648936091347 -7.863870770149028 0.8371828899678865 0.03102359417408718 0.5460424391469398 105.39245512317095
0.5459160854882956 -0.041669868395580296 -0.8368029933461225 -75.2786239586802 -0.0010772796377202798 0.9987267189188066 -0.05043590374184989 -7.938211968234071 0.837839165397344 0.028435241964330338 0.5451760907639952 106.04987031959747
0.5438461980865937 -0.04261232816454359 -0.8381023221034261 -76.28931562865901 0.0018020771567205628 0.998766952627249 -0.049611761282987075 -8.013023928770759 0.8391829748896715 0.025470842704475145 0.5432524006640423 106.70584150455026
0.5433922777445699 -0.0425072746304927 -0.8384020301090976 -77.27457157959707 0.005041169387606379 0.9988644319872042 -0.04737544851592858 -8.082932884836207 0.8394637687826519 0.02151692622954801 0.5429895052271807 107.34319136955071
0.5425628381253992 -0.042551817550537 -0.8389367732484121 -78.24777015136667 0.0070623716955599235 0.9989119330497789 -0.04609851317328953 -8.151627119714384 0.8399855293940162 0.01908645681890711 0.5422730101846803 107.97340227550771
0.5404448873224713 -0.04399352251353829 -0.8402284771083709 -79.21411813420018 0.008691910682229367 0.9988707162081524 -0.04670913176783595 -8.218280415950385 0.8413345199477397 0.017940520579507 0.5402169594391154 108.6003588805783
0.5397954673783787 -0.04559531704027922 -0.8405604799547466 -80.18323110261217 0.010629989089187965 0.998821625440495 -0.04735360476638638 -8.285967501828063 0.8417290874917662 0.016626112486200998 0.5396440638549402 109.2215662473413
0.5401323092737134 -0.047333648457312555 -0.8402479480500773 -81.16083404397318 0.01188115122117871 0.9987464460365401 -0.04862483701813623 -8.35563547251052 0.8414962428462205 0.016280732572595782 0.540017602511802 109.84663073423184
0.5407589963283116 -0.04824896244681364 -0.8397926800781269 -82.11024006917812 0.01208061018011207 0.9986961208732218 -0.04959956663576122 -8.422006984302046 0.841090819559739 0.01667620387213803 0.5406367888672964 110.45574295768256
0.5441466052949966 -0.04897014286882041 -0.8375597871515434 -83.08977303997492 0.012225699078513372 0.9986519571490774 -0.05044601832017212 -8.492007518106039 0.8389010693925554 0.017210275701592382 0.5440117665844209 111.08424827754844
0.5473646264403533 -0.04870757670481373 -0.8354756356072611 -84.01995988741984 0.01040390271834643 0.9986238066597596 -0.05140283630888757 -8.559502076788528 0.8368295671939655 0.01944388705778228 0.5471180957764462 111.6859774463217
0.5512253060237359 -0.04898436794136875 -0.8329172790238076 -84.93742365401029 0.009470117721349536 0.9985781400553143 -0.05245965186705717 -8.624522855442413 0.8343026901966591 0.021029262969815637 0.5509054285715143 112.284168199765
0.5572339590215883 -0.04926433501290003 -0.8288928400033769 -85.87183289827863 0.009497637922959823 0.9985513142469251 -0.05296288974011261 -8.695398678538627 0.8303012162986464 0.021640196659820865 0.5568945969404921 112.91000956642391
0.5625834303187669 -0.04760158629924647 -0.825368991974235 -86.78979380595028 0.007679835021473201 0.9985988691677223 -0.0523576033732361 -8.763614652261934 0.8267048470069668 0.023116822418782837 0.5621607496583574 113.52916868702198
0.5689214611456251 -0.04580529018319848 -0.8211152455283973 -87.70374586093772 0.006621966949393682 0.9986704641348271 -0.05112194850013469 -8.830218999515857 0.8223651990458062 0.023646975619775697 0.5684683807762659 114.15569134946047
0.577131585601599 -0.04503820181482397 -0.8154082985095696 -88.61999217037665 0.006344076423551292 0.9986952179332934 -0.05067163280874126 -8.900236211850624 0.8166265276093574 0.024071187225788215 0.5766642804528687 114.79963207373952
0.5838603106987648 -0.04409727278115002 -0.8106556409006274 -89.52833621736137 0.0051988562427558865 0.99870636501639 -0.0505822930432817 -8.96837973809857 0.8118374895781231 0.02531851119268491 0.5833342639571901 115.44574771213797
0.5913518203611379 -0.0445648841141304 -0.8051813433379232 -90.4172266371425 0.004872752958979296 0.9986510698077795 -0.05169426515947578 -9.036122034857577 0.8063989588498793 0.02664604803102256 0.5907712817073619 116.0890871253217
0.6000975253353726 -0.04489257453400118 -0.7986661485489861 -91.3125765646304 0.002308445331485026 0.9985170143756279 -0.05439157179686778 -9.104485756246474 0.7999235158229276 0.03079657049236857 0.5993112213861803 116.75179590711423
0.6088482897826066 -0.0442545982181249 -0.7920513181387602 -92.18524680443434 -0.0008603177288732215 0.9984053043299888 -0.05644562108036299 -9.171188774890792 0.7932862156133816 0.03504823565166824 0.6078392890357653 117.41142348387346
0.6181776353225781 -0.0422414654349204 -0.7849025861754414 -93.05704837253431 -0.0036367357090956558 0.9983905900308851 -0.05659508716455194 -9.240014488187597 0.7860300155467143 0.037840300417563665 0.6170291130278543 118.08209302447602
0.6267749423920667 -0.04006953378913306 -0.7781693929032054 -93.90914406967002 -0.005069952819187706 0.9984460588914162 -0.05549561300327947 -9.309391522121135 0.7791838468345149 0.03872854175049811 0.6255978203974557 118.76206923499474
0.6390471135922167 -0.03747340811569769 -0.768254209421368 -94.75002288516016 -0.006688463052834208 0.9985040073179776 -0.05426796321893144 -9.378739985806781 0.7691385122794514 0.03981822515048588 0.6378404642811695 119.44730528020843
