1.0 0.0 0.0 0.0 0.0 1.0 0.0 0.0 0.0 0.0 1.0 0.0
0.9999283195298684 -0.0016412240896851449 0.011860109007131735 0.008269302546977997 0.0016320306716697832 0.9999983602878247 0.0007847914045694747 0.0007283593295142055 -0.011861377578525152 -0.0007653790886836538 0.9999293584632819 0.2239058017730713
0.9997925336465256 -0.0037955097050493603 0.020012090613926666 0.017850634140880874 0.003772242877984462 0.9999921647497119 0.0012002594948269853 0.002267066437089132 -0.02001648941074911 -0.001124520015074406 0.9997990176062413 0.45617410706542155
0.9996937469114011 -0.006067593347867969 0.023991596387247828 0.02433167015985923 0.006052697922239691 0.9999814418295232 0.000693429455925195 0.0016085008002809254 -0.023995358595066046 -0.0005480032054082843 0.9997119197340708 0.671175734357586
0.9996236708084771 -0.007346259807751105 0.02643008184289974 0.029248664637532153 0.0073573152769662795 0.9999728830453385 -0.00032106994408086876 0.003686987344814229 -0.026427006476343027 0.0005154035610026259 0.9996506128082294 0.9085788042084703
0.9996530698024981 -0.008487152765657762 0.02493407853469456 0.03214647400677674 0.008512394066987972 0.9999633581643319 -0.0009063531102951291 0.003340918337278864 -0.02492547254697965 0.001118287371216114 0.9996886866678372 1.1582560286080172
0.9998517964585603 -0.009144225198017058 0.01458657821827476 0.027631795065183658 0.009192359006770736 0.9999525125075307 -0.0032362425384163643 0.0028134000405044975 -0.014556292607684785 0.003369847979473937 0.9998883730047644 1.4193226216719985
0.9999689692149997 -0.007723803454189815 -0.0015503119984380184 0.010591345339590608 0.007717959178514454 0.999963218434478 -0.0037409737074112397 0.0038399502791456566 0.0015791495211790042 0.0037288923773425263 0.9999918007906007 1.6848595383762293
0.999788172573794 -0.0037436365298171626 -0.02023845762616096 -0.018387188539584903 0.003678887983238664 0.9999879983693875 -0.0032355680169947193 0.004413178128620739 0.020250327522291497 0.003160427616389197 0.9997899459048992 1.962211627112019
0.9993040885344323 -0.0004125550263381215 -0.03729837042978793 -0.05057029135583228 0.0002839178225355823 0.9999939942732959 -0.003454100173633636 0.004462114095002128 0.03729957143235673 0.0034411067536030343 0.9992982041189071 2.252301464295526
0.9984029850489717 0.00035421697232452794 -0.056492070024379594 -0.08936287000213397 -0.000558989812960335 0.9999933311359047 -0.0036090461490240733 0.0046498972035738835 0.05649041490104225 0.0036348609400218006 0.9983965248388312 2.570395671795081
0.9970332007570747 -0.0007767446681455704 -0.07696878104675593 -0.1287216105153452 0.0005629064603118358 0.99999592183327 -0.0027999023457166384 0.004868174832499715 0.07697064196445218 0.0027482693734635555 0.9970295719240384 2.895319864493159
0.9954153888635511 -0.0011712087970086836 -0.0956390709050408 -0.17795074633067584 0.00101258176533663 0.9999980302140881 -0.001707116314853153 0.004477612897997887 0.09564088190619176 0.0016024474711326818 0.9954146140530128 3.219548783564716
0.9933533160803433 0.0004892762363504681 -0.11510408351118656 -0.2361223569376205 -0.0006410378620790296 0.9999989734640233 -0.0012814606349227716 0.0006947730138267237 0.11510333836446729 0.0013467292467375343 0.9933526100120192 3.5656750100977153
0.9912127593778108 0.0010796624559848503 -0.13227282402522222 -0.29908109110543957 -0.0012088275004946741 0.9999988677726966 -0.0008962083458123217 -0.00332729468236009 0.13227170665981564 0.001048228174679836 0.9912129422253292 3.914605406665992
0.9893484293232111 0.0024868837261554574 -0.14554552828935594 -0.3682508045362948 -0.002684610177915594 0.9999957211602344 -0.0011621228056636315 -0.009752216757694162 0.14554201545906856 0.0015404773790597044 0.9893508723731722 4.292146264898096
0.9870907042048462 0.0017372331275947565 -0.16015281356704614 -0.43734322875552667 -0.0020497882725934342 0.999996303528373 -0.0017864203389940756 -0.014385574134886715 0.1601491181381221 0.0020916382694960963 0.9870906164121567 4.659992534792965
0.9851827581358601 -0.0010960280876334094 -0.17150432004544547 -0.5090805218490287 0.0004963889268972902 0.9999936138270907 -0.003539195257232679 -0.021071491595760748 0.1715071038466125 0.0034016212997162376 0.9851770106446256 5.034695455874182
0.9833904795273225 -0.0008596473843973021 -0.18150048424562779 -0.5927447093641967 -0.00016451831018947578 0.9999841511717265 -0.005627640632404481 -0.024675698683620663 0.1815024454621714 0.00556402837307435 0.9833747525127515 5.437508052509546
0.9818187473738563 0.0002486629800906887 -0.18982066660918134 -0.681203604060602 -0.0015259172905261469 0.9999771700990304 -0.006582617804275347 -0.028734508420713754 0.1898146961688007 0.006752588204312614 0.9817967119882246 5.855754624845855
0.9799628076738067 0.00015203472297166463 -0.19918050221222158 -0.7697377990521853 -0.002049109337953589 0.9999544842072806 -0.009318297305442796 -0.03526927959169916 0.19917001964901973 0.009539727417202336 0.9799185154255504 6.262505434772945
0.9779790323532951 -0.001530607471377328 -0.20869755513201724 -0.8699996650655638 -0.0007433920918424189 0.9999412152096988 -0.01081727752943327 -0.04046904367955269 0.2087018438958089 0.010734214723004178 0.9779204042194692 6.695472235720685
0.9761533233887597 -0.005279235683330103 -0.21701801516850971 -0.9673528329114364 0.002742320675062771 0.9999243643898661 -0.011989377666815342 -0.04650944351263659 0.21706489562892195 0.01110833786496708 0.9760939687937238 7.1307450976460585
0.973168907121655 -0.005623050885800975 -0.23002317168141853 -1.0893646901737575 0.0025160866522643474 0.999901633770061 -0.013798264090858537 -0.05378573335948278 0.23007813351034026 0.01284928335349765 0.9730873282484463 7.60870138859214
0.9706000453956893 -0.0016192472762780025 -0.24069260461456662 -1.225122512394217 -0.0026687094887991344 0.9998435108673258 -0.017488046379293524 -0.05836754052003668 0.24068325630909645 0.01761623724744289 0.9704438357358409 8.087062960462108
0.9678232661298776 0.0004538750222006097 -0.2516305218672027 -1.3716597529971115 -0.0057030938414169875 0.9997810658352044 -0.02013194272937662 -0.06728146209637001 0.25156629396310737 0.020919235045458305 0.9676139650432815 8.589882328153315
0.9645388781296325 -0.0007384092343416396 -0.26393977973816846 -1.5160354830362814 -0.004875555533985399 0.9997756167620734 -0.020614196231023483 -0.07985499562399326 0.26389577778862866 0.0211700467599568 0.9643188516178226 9.081948344439216
0.9613201851451576 -0.0013346305547198931 -0.2754300644333559 -1.6629575213218781 -0.004821949721129873 0.9997534575281579 -0.02167424650087757 -0.09269360983927594 0.2753910863360814 0.02216400058149061 0.961076743369049 9.565243021082273
0.9583007225568629 0.000732870766094078 -0.28576071816720133 -1.8204848590040128 -0.007826220721365382 0.9996889210444775 -0.023681457095137685 -0.10516334250048907 0.28565446857386095 0.0249303838993422 0.9580083509773891 10.065464466469868
0.9554942662714565 0.003034074368827213 -0.29499407030497327 -1.9926997671115902 -0.011257137657041671 0.9995938292345459 -0.02618116513809541 -0.11905773623953718 0.29479481673554153 0.028336742031190423 0.9551403274267695 10.586174253914974
0.9528387136628248 0.002720942492177009 -0.3034649604440817 -2.1667282043423186 -0.012782224409259572 0.9994322592673978 -0.031173287840981157 -0.13847471353287907 0.3032078503016126 0.03358207271178479 0.9523325280110176 11.108840874612797
0.9499780091815797 0.002530211036442186 -0.3123065482879176 -2.3548752637409907 -0.014985008553922742 0.9991847735214845 -0.03748650265707013 -0.15885362058596061 0.31195709895759893 0.04029126946288402 0.9492414771885118 11.658093919129444
0.9483723359593066 0.0027649289066310357 -0.3171470755899063 -2.538596302295988 -0.017678927202806193 0.998868147033745 -0.04415744981688543 -0.17829144653237325 0.31666601952221896 0.04748452389478231 0.9473477988945981 12.170454840555987
0.9472510069497267 0.001123853400571263 -0.3204906656772752 -2.726745995629034 -0.01872940499978728 0.9984789352412448 -0.05185581228622507 -0.20532423522399604 0.31994490028922623 0.05512306988044381 0.9458312259308598 12.69618234858203
0.946332773952516 0.0021161275686720736 -0.32318694736552933 -2.935314895601153 -0.022236863261102052 0.9980351654071706 -0.05857755989274955 -0.23681680045988007 0.322427980882 0.06262052870101559 0.9445204426213135 13.264311113824517
0.9456872059917234 0.0014531497015787508 -0.3250747556786174 -3.143392112724966 -0.02367376252611573 0.9976426371536855 -0.06441056979174437 -0.27667706960591487 0.3242148383270344 0.0686079943518603 0.9434922796290335 13.843627074346431
0.944662685220851 0.0027625402262400484 -0.3280316745724873 -3.354760423405163 -0.027057433689635115 0.9972134347355992 -0.06952165752454582 -0.31473518452340093 0.32692553652699385 0.07455021096098687 0.9421050682446253 14.41583522979068
0.9438577429323256 0.0027521755878619977 -0.3303407129559259 -3.55825011965681 -0.029047688272256643 0.9967835514121772 -0.07469125410759439 -0.35515637234786507 0.32907262559005673 0.08009355257235759 0.9409018173665121 14.97684955766149
0.9430267612214298 0.004659995172927485 -0.3326842528061837 -3.7854122199063824 -0.03275622357424401 0.9963446449131813 -0.07889472967176443 -0.4015145983200875 0.33110052467094425 0.08529732116435391 0.9397323073965321 15.581142359965657
0.9420195315496742 0.0068318102254539635 -0.3354884924225806 -4.0177839700932285 -0.03602104404056307 0.9960743824894811 -0.08085981037837577 -0.444124272550813 0.3336190740427777 0.0882561664544889 0.9385676121183798 16.195211649151023
0.9414686442608545 0.008201303715005043 -0.3370007870777205 -4.249486542270487 -0.03809207531790739 0.9958892276280478 -0.08218053353675434 -0.4920110491905653 0.3349414660378791 0.09020745485704038 0.9379108856477845 16.80972811266329
0.9397460724231194 0.010138434749079812 -0.3417228870095767 -4.484442230183133 -0.040438155970882066 0.995839484408794 -0.08166074230682727 -0.5443944731731912 0.3394732315028622 0.09055900525771077 0.9362462238427123 17.437264738824823
0.9378179938506199 0.011218615116717208 -0.34694603771316007 -4.7164318923708635 -0.04169017905293918 0.9958832442104887 -0.08048908541737802 -0.5922109224456729 0.3446147695333623 0.08994835504696609 0.9344249322678695 18.0352799634972
0.9356531119526358 0.011854370773199409 -0.35272188475755206 -4.958759051868908 -0.04256704246457014 0.9959300158931769 -0.07944463694193554 -0.6442915009949498 0.35034454611020815 0.08934694922932726 0.9323496241615825 18.658271647705945
0.9326923173819915 0.012064169598491124 -0.3604712150900672 -5.256268046731324 -0.04291173198769323 0.9960532301106207 -0.07769521249095938 -0.7106890739335597 0.35811118993187996 0.08793417195890223 0.9295288898401574 19.409010141634546
0.9294649209690465 0.012948349443349468 -0.3686831986064694 -5.535741529850993 -0.0428056030282482 0.9964187744517917 -0.07291986196762786 -0.7694718446406467 0.3664186690623071 0.08355816038354831 0.9266905593540516 20.10001005519907
0.926805631514092 0.014234342820446054 -0.3752715082153658 -5.773383883920686 -0.043579491838654304 0.9966068281639205 -0.06982591172433612 -0.8139364165463626 0.37300422153757185 0.08106918984127161 0.9242811461744906 20.667165953783766
0.9229821457932574 0.01673010648098385 -0.38447894881775946 -6.059937780103198 -0.04604101096331075 0.9966795646527743 -0.06715706003863595 -0.862916792271314 0.3820787665604445 0.07968656687730746 0.9206877142674155 21.3348844839717
0.9198300136261025 0.017442608291470523 -0.391929204638535 -6.3486047399214405 -0.047300829557973906 0.9966542004653899 -0.0666561041302457 -0.9088983366829084 0.38945523177347585 0.0798508616777864 0.9175774966364331 21.992755101028244
0.9162969585150017 0.017535381532835813 -0.4001154760949086 -6.660270468067618 -0.047821462675121294 0.9966839609934081 -0.06583456239774788 -0.9612127179819683 0.39763424339934494 0.07945811659603352 0.9140970496524108 22.6962877161378
0.9126356867875705 0.018169843987974176 -0.40836988132235236 -6.972075817712998 -0.04912708342084719 0.9966460426656845 -0.06544612527408968 -1.0090225403399584 0.40581108027793006 0.07979049071338888 0.9104673770736522 23.369806902665843
0.908014338711754 0.01808024087002576 -0.41854876129781815 -7.303032278346877 -0.04946234834623839 0.9967072771956437 -0.0642501337066446 -1.0575129617403578 0.41600893835341024 0.07904244730097994 0.9059187903640924 24.085404346090776
0.9038643415937038 0.018408707453685908 -0.42742294216064874 -7.631158274093504 -0.05014413362618475 0.9967460489401088 -0.06311006088700749 -1.1080484379501683 0.42487035417672997 0.07847568675817418 0.90184629994782 24.770514497850726
0.9003748228141945 0.019588242417250233 -0.43467399186207484 -7.974624094744601 -0.05093187975540548 0.9968633027357149 -0.06057639212947018 -1.1614231846423928 0.4321239660871507 0.07668022181661617 0.8985482855780571 25.476951444522836
0.8972091506355911 0.02183362323043619 -0.4410657920451241 -8.337162173145868 -0.051781947492520755 0.9970884091118529 -0.055976194303257676 -1.2122184771693414 0.43855942576764106 0.07306159943106633 0.8957274321795283 26.214685974161693
0.8938627647847757 0.023425423625135385 -0.4477282739109739 -8.69541873247541 -0.052256731033443374 0.9972711034800025 -0.052149594681808 -1.2619923117741874 0.4452848434350932 0.07001139687051995 0.8926476418583221 26.925417234195574
0.8906798574049529 0.024318728419488844 -0.4539801659336583 -9.082177866618625 -0.052999152594047166 0.9973139327828932 -0.05055699062871344 -1.308596776046886 0.4515312629679209 0.06909065729299484 0.8895763034374378 27.68140875160242
0.8886018482019229 0.024406590740869486 -0.45802955548799984 -9.454342972272022 -0.052931603947566755 0.9973683403020763 -0.04954431417044556 -1.3525331637275329 0.455614969766869 0.06826940816712548 0.8875552305253154 28.40284415104652
0.887092315388686 0.025202916409635873 -0.46090350072741815 -9.839359753036323 -0.05359031986095392 0.9973793313980164 -0.04860603786821809 -1.3918475296194444 0.45847061148512114 0.06781800870340347 0.8861181727625072 29.139436429882622
0.8855011159724591 0.0244867097210825 -0.4639915674433803 -10.242332256384728 -0.05271970583483807 0.9974563908469565 -0.04797271073487136 -1.4386588038538255 0.46163666040319806 0.066941387837413 0.8845396793621999 29.909434900896308
0.8844842082548349 0.024333994602096745 -0.46593512644414675 -10.641598367887111 -0.052894471025602005 0.9974304921831048 -0.04831757649438825 -1.4820685555856392 0.4635621428489816 0.06738152543594153 0.8834986529402215 30.660997693875718
0.8836385727313469 0.023424381490477018 -0.4675833306835231 -11.048789455276149 -0.05220650246035849 0.9974485827721951 -0.0486909213981042 -1.5254613478607157 0.46524977580023064 0.06743606659294694 0.8826069470836421 31.424187064577364
0.8832466689684071 0.02429638625563786 -0.46827877100198606 -11.479751615342359 -0.05359592905385713 0.9973428082843846 -0.04934368401600761 -1.5689356882141485 0.46583559132495184 0.06868048032981819 0.8822019006308014 32.22422711577155
0.8831402782880242 0.023929265588406287 -0.4684982808012756 -11.918616505053622 -0.053051391641551204 0.9973858550791523 -0.04906124675263732 -1.6175528101013337 0.46609955879645076 0.06818244888846345 0.8821011024555667 33.042969402319564
0.883039083141337 0.025093991810601173 -0.46862807131019896 -12.362365002933464 -0.053766856038244874 0.9974037718626424 -0.04790449943311274 -1.6641263432386564 0.4662092908090422 0.06749820330337639 0.8820957372724042 33.870224796604546
0.8834952060756314 0.025085095830773105 -0.46776806091110873 -12.78980919731815 -0.05367732628099352 0.997409070105356 -0.047894587532340174 -1.709172797260719 0.46535466634031036 0.06742317731114547 0.8825526328081337 34.67515407038629
0.8837682146320075 0.02318680448490333 -0.467350098859445 -13.234881858711342 -0.05190443437580529 0.9974656271782075 -0.048664692438285154 -1.7583452455943636 0.4650372807617491 0.0672658508885752 0.8827319144598513 35.51008088602944
0.8824151882851214 0.021739321454946118 -0.4699689749189967 -13.678706855156205 -0.05077092144874695 0.9974983754359766 -0.04918642635761262 -1.8067108798122173 0.46772400945320225 0.06726360758438549 0.881311442156378 36.340612888651656
0.8816419905199815 0.021295586707579743 -0.47143811740115454 -14.140609671186791 -0.0497975519012867 0.9976021645046681 -0.04806376181948204 -1.856613175180178 0.4692841403420784 0.06585149476193532 0.8805884261452767 37.199927240729224
0.8802518834364663 0.022726043771953603 -0.4739621806020278 -14.60003983033888 -0.050136041376552726 0.9977157073432461 -0.045274106017181806 -1.9059949041322077 0.47185061095821695 0.06361520459011095 0.8793805243939145 38.047212788660076
0.8784146509045814 0.02237073483690031 -0.47737537776789435 -15.063765214574266 -0.04843980799174435 0.9979270816959149 -0.04236891100321069 -1.9551406072430066 0.47543799393601865 0.06034144380715581 0.8776774031962783 38.89824034337993
0.8758172546324443 0.02174574149069912 -0.48215273432296113 -15.52999080013487 -0.04808446075401121 0.9979456889481811 -0.04233540532150574 -2.0040789626147566 0.4802416278521513 0.06026213269342454 0.8750636858201556 39.743035077499044
0.8719456462416245 0.019212860414326974 -0.4892255676014652 -16.0228484987646 -0.04658645725778039 0.9979518074544761 -0.04383938866491645 -2.0599199718210652 0.4873812593857556 0.06101685007474732 0.8710547927693819 40.62311506450586
0.8677558959834687 0.01670428390175356 -0.4967098467770264 -16.51214161008965 -0.04551988976821531 0.9979054236020797 -0.045964172798423346 -2.111418555823142 0.4949016514636185 0.062495859421912194 0.8666986921264503 41.47510449918708
0.8626961618969775 0.016947931346701577 -0.5054385223459839 -17.01482081786242 -0.04631635419809819 0.9978857673060356 -0.04559375770696053 -2.1594235480869277 0.5035971878217951 0.06274362940659554 0.8616571878577161 42.335184369711385
0.8588020105141827 0.019560399270061854 -0.5119340753624371 -17.524443822462732 -0.04734441853694457 0.998024873724313 -0.04128991960476026 -2.2085793760880557 0.5101152936054714 0.05969708709782002 0.858031843827395 43.18715938249692
0.8553070056756465 0.021514303732507605 -0.5176746669261159 -18.030823822244976 -0.04837463534101126 0.9980891148344613 -0.03844494120929016 -2.2538633725186443 0.5158583339423564 0.05792455078692455 0.8547133588041954 44.01703256317124
0.8524012447107034 0.02166160840694576 -0.5224393675220771 -18.556305599735953 -0.04919823943057524 0.9980316130308715 -0.03889000678746094 -2.3027235510139774 0.5205685845809134 0.058852987283748846 0.8517891022050021 44.872177195361154
0.850631147682173 0.019137812051868763 -0.525414498032531 -19.06058865751287 -0.048813312883491666 0.9978956334328645 -0.0426797992141557 -2.3489268373839693 0.5234920353532111 0.06195198887436662 0.8497752879416198 45.68397251119393
0.8497715251611391 0.01782008740821483 -0.5268498832780312 -19.56837329295727 -0.051102909887542756 0.997505978426092 -0.04868588712584654 -2.401338077477081 0.5246683215387958 0.06829544266617332 0.8485628349655046 46.49199492189593
0.8477547024409398 0.016977235702878447 -0.5301167210692024 -20.080625850053593 -0.051188739864221025 0.9974407401563464 -0.04991675858339352 -2.4517971955644517 0.5279125660565267 0.06945317375216623 0.8464541211757225 47.31562648858028
0.8466669241293044 0.01652981987463325 -0.5318664161613654 -20.605154709615217 -0.049690353475990566 0.997605930197426 -0.04809653632393345 -2.5044511058249572 0.529798063753402 0.06715037669172465 0.8454613170058732 48.1458367432227
0.8453893383338698 0.018897023342608264 -0.5338162316192819 -21.13972957536153 -0.05007858070393463 0.997776173353886 -0.04398685760491908 -2.555453030437907 0.5317978961843507 0.06391877968222516 0.8444556751054692 48.98852266394625
0.8442013850550348 0.02105028355064094 -0.5356126464466633 -21.653937042737475 -0.0515101728022178 0.9977900485273858 -0.041972862156431354 -2.603756166945934 0.5335454278400729 0.06302304834070421 0.8434200447041788 49.784452797855984
0.8425471169572394 0.021471058725877623 -0.5381945274194397 -22.19213622922162 -0.05283398537332741 0.9976809677112147 -0.042909866655410925 -2.650409346643865 0.5360251166658285 0.06458854622921958 0.8417276245908655 50.62199218612239
0.8398391345638351 0.01975015812331289 -0.5424759527473755 -22.732465527215787 -0.05241109883907584 0.997619289841324 -0.04481996491490275 -2.700027662429446 0.5402992733416816 0.0660733213225779 0.8388748484940136 51.45652930774822
0.8374788836291553 0.018098808701733415 -0.5461698935302475 -23.26310726162417 -0.052002958522140194 0.9975552090038562 -0.04668294436105661 -2.7519257110623543 0.5439897166125554 0.06749843044731485 0.8363726143932145 52.26515704481837
0.8358841693229442 0.015748101943960528 -0.54867991831345 -23.803135849995368 -0.05005129109663619 0.9976108810899234 -0.0476172047746034 -2.803387597382201 0.5466191761499511 0.06726460596888495 0.8346753554819977 53.08801021867284
0.8333072212879593 0.015087121046957811 -0.5526042469325174 -24.3509930833116 -0.0494554845213729 0.9976538214265381 -0.047339282248272864 -2.8560573514367853 0.5505935252072045 0.0667774765286907 0.8320982746216723 53.915873339654084
0.8312911518413598 0.01590363796825242 -0.5556096607958143 -24.89726926944634 -0.050621916732611336 0.9976026591703898 -0.04718427664470084 -2.907536500467694 0.5535272734171115 0.06734989766541488 0.8301033362587313 54.72395338531161
0.8277181556975431 0.016006886651461272 -0.5609157105202038 -25.454980489935984 -0.05122027807062335 0.9975753624016863 -0.04711559660571419 -2.964262197826958 0.5588015191846081 0.06772869339409729 0.8265311163217648 55.542925176987815
0.8238453657068265 0.014831681490210937 -0.5666205384801705 -26.01374375198343 -0.05103356380102586 0.9975384500789356 -0.04808966604044651 -3.0188040067028212 0.5645125231287186 0.06853511390731021 0.8225743427755087 56.35541454841315
0.8203790640814329 0.013270591671006454 -0.5716660586510047 -26.580415110012463 -0.050603572025065116 0.9974931624237898 -0.049463819263084685 -3.074208098216641 0.5695765705462055 0.06950742632617378 0.8189940463582963 57.16775046595245
0.8155128316442362 0.013123430165084965 -0.578590180528759 -27.17514637091152 -0.05126562466033714 0.9974508974189644 -0.04963409076721375 -3.131564488051511 0.5764639252822203 0.07013902493480159 0.8141067866253235 58.00197420539122
0.8119999408332338 0.011160669886243292 -0.5835507994463851 -27.76490129959962 -0.0506553718612391 0.9973921001481603 -0.05141042563179188 -3.1900348148341426 0.5814551826137802 0.07130524531710637 0.810447674191149 58.8224530337481
0.8068195835588032 0.010983401418545011 -0.5906957969033456 -28.367893062259547 -0.05112518766692997 0.9973745504442042 -0.0512856833067758 -3.249703420553885 0.5885816636389726 0.07157772711885181 0.8052628479002857 59.645650463546616
0.8022939856604172 0.010424258946818935 -0.5968380813910354 -28.9793454280523 -0.05035688547038136 0.9974653316056699 -0.05027023304615151 -3.305117436688976 0.5948012648430108 0.07038641253964542 0.8007853696659011 60.46243297619559
0.7984923500313496 0.009946578652220178 -0.6019227795278462 -29.57500321064994 -0.05020406703626314 0.9974807891990188 -0.05011613344943181 -3.362196164855482 0.5999079250972031 0.07023632074659136 0.7969801381800871 61.25089551662458
0.7936030370003101 0.009221299971953846 -0.6083659978094696 -30.197433277202727 -0.050332590982249625 0.9974529699824899 -0.05053912304466455 -3.4195561350245853 0.6063504349375021 0.07072863847083036 0.7920458381628961 62.06047466034301
0.7897560578238014 0.0075594719957020225 -0.613374456196013 -30.818926457070575 -0.04958141221611913 0.9974390584108347 -0.05154617657172096 -3.4745878061369413 0.6114139781631296 0.07112087696066437 0.7881083479871802 62.8551928967618
0.7860844600665501 0.008669193100951433 -0.6180583036679138 -31.4593167419554 -0.051496563993930516 0.9973440266845595 -0.05150724544613085 -3.5302610678816424 0.6159702310491147 0.0723169242128519 0.7844430743742297 63.659441194603374
0.7826707906080106 0.009010664018572832 -0.622370662437567 -32.10621144026399 -0.05224956499668761 0.9973171872489591 -0.05126803073535698 -3.586765019732048 0.6202389994886556 0.07264458652762082 0.781041834706402 64.46481001473073
0.7805292850775476 0.010235502539487379 -0.625035414695917 -32.75797476385539 -0.05400627563661517 0.9972316516306302 -0.05111120403500298 -3.6448924659669846 0.6227819500661484 0.07364962643360728 0.7789212894753845 65.26351236143128
0.776754945933028 0.009901082357259425 -0.6297251166475211 -33.403277861991015 -0.05455937184989543 0.9971753576042122 -0.05161958088028969 -3.703585169596826 0.6274352786638029 0.07445317155814583 0.7751010878156537 66.05378957721251
0.7729710808742002 0.009455872024763511 -0.6343707863831861 -34.06286600145212 -0.055832162246191155 0.9970234786773743 -0.053169094641364295 -3.764605718671974 0.6319798080564644 0.07651646522362793 0.7711982577512709 66.8442005700393
0.7710137520999126 0.007614040003847446 -0.6367729740399124 -34.72325647278673 -0.05535285189759707 0.9969452877591354 -0.05510131578880828 -3.8238317427597157 0.63440827221878 0.0777310723563949 0.7690799857821733 67.63588721067407
0.7684422769334522 0.008606698115506826 -0.6398612285244981 -35.40545417174062 -0.05764371955944564 0.9967754770148447 -0.05581979950860425 -3.8867634820650347 0.6373175571225725 0.07977827504638918 0.7664605392412183 68.44412378136255
0.7655408196115496 0.009707672415800284 -0.6433140870560388 -36.0810726851044 -0.05832639795879811 0.9968161109785777 -0.05436609416443426 -3.950477332739592 0.6407380781642598 0.07914165773985109 0.7636696361651152 69.24570827597948
0.7636287297601234 0.008842893159714107 -0.6455950482504543 -36.75307353598388 -0.057834484623361854 0.9968235104494809 -0.05475455600700296 -4.011829243232058 0.6430601336370424 0.07914980894316664 0.7617144952480357 70.03664286130596
0.7607581017336907 0.009169596335966965 -0.6489707459890524 -37.44446173533717 -0.059128865345776035 0.9967212880943658 -0.05523088938655159 -4.0744149305497155 0.6463365129168186 0.08039025041971092 0.7588059829152533 70.84249050533067
0.7595626612401754 0.008523741841894063 -0.6503782818289332 -38.14604482662431 -0.05893419766930643 0.9967030577901285 -0.05576535606344717 -4.137865216703671 0.6477586927203816 0.08068680447768813 0.7575607669278825 71.6494024777781
0.7575504337949645 0.008545125871138499 -0.6527207067964887 -38.85026306935995 -0.059288299351334506 0.9966822370217849 -0.055762137380817534 -4.2066969750219325 0.650078639717602 0.08094133201953757 0.7555436869922316 72.46101560162546
0.7565618895395568 0.008465336267389517 -0.6538672995174292 -39.53746761600846 -0.059534330039274094 0.9966552816604992 -0.05598136372942007 -4.267943478173795 0.6512063965004568 0.08128091793349078 0.7545353812358827 73.24388166977768
0.7556269016561901 0.005895406286202411 -0.6549757473969455 -40.24234972992417 -0.05768387926929264 0.9966731817329065 -0.05757724278611002 -4.3340465766871255 0.6524573208769386 0.08128845550953465 0.7534531381811096 74.05219500756135
0.7532645120257495 0.003137950883952599 -0.6577102159666216 -40.97593801869832 -0.05604927478500103 0.9966572607684417 -0.05943722195411172 -4.407004081541036 0.6553251511415424 0.08163613061504565 0.7509224250610167 74.891791402137
0.7510840969476726 -0.0001777279064692286 -0.6602065189962082 -41.69370017739018 -0.05335823786752258 0.9967122933662727 -0.06097132690222744 -4.477915919784991 0.6580467899503591 0.08102205048834955 0.7486052695317416 75.71017132154464
0.7476438787630009 -0.00302309703048902 -0.664092984026002 -42.42021578325002 -0.05030641116886067 0.9968586008123043 -0.0611734826689207 -4.549765802976487 0.6621917362392292 0.07914411456880074 0.74514314972735 76.53449356160529
0.7422645170070006 -0.005326517580242534 -0.6700858265944983 -43.147266981079504 -0.048761595642504374 0.9968881380555269 -0.06193825146532794 -4.624553753870162 0.6683305271965075 0.078649020430344 0.739694962807363 77.3519854066733
0.735612036066583 -0.006338626537121781 -0.6773734230153996 -43.88455561312628 -0.04753715330504622 0.9970079433514023 -0.06095391660803924 -4.69460077717345 0.6757330474748362 0.07703883895691942 0.7331097229218427 78.15334698635417
0.7279910898953826 -0.004521999845149102 -0.6855716771792237 -44.656922706357086 -0.049467977404938655 0.9970253277566551 -0.05910511841794441 -4.768831674524142 0.6837995994766286 0.07694184381164274 0.7256018608207033 78.97498283018265
0.7205486925880809 -0.0031553440188253692 -0.6933971628249789 -45.413765826283516 -0.05173367380332828 0.9969579666875998 -0.05829613754733162 -4.8418621669027 0.6914717699258721 0.0778771883304055 0.7181935219238144 79.75738888304413
0.7130193360534288 -0.003098268265669994 -0.7011375237053583 -46.18809579303858 -0.053697485534829545 0.9968119826446815 -0.05901229789811942 -4.91064132820194 0.6990851210411824 0.07972623150339893 0.7105798488200339 80.54063368762522
0.7039093386513806 -0.004453987360698287 -0.7102758653903193 -46.98264010562375 -0.05379878402673691 0.9967735198216244 -0.05956711357498103 -4.9857980329078755 0.708249485560435 0.080141825403474 0.7013985700187723 81.33591168121828
0.6955915404741821 -0.004983734353424155 -0.7184201912618051 -47.787437885062 -0.054532238950592477 0.9967248872704064 -0.05971376734749621 -5.05669713748884 0.7163648817019086 0.08071345295358091 0.6930416255727505 82.11671030337534
0.6884756428807796 -0.005694280730170486 -0.725237109038736 -48.605145783766694 -0.05334387640884254 0.9968631051692177 -0.05846691715888042 -5.132530933955275 0.7232950435400312 0.07894000708988608 0.6860122121879998 82.90243087196619
0.6777227853814537 -0.005259950104175289 -0.7352986869971317 -49.42930372385541 -0.0538871285320581 0.9969303056044515 -0.056799147405437136 -5.204200718553721 0.7333403054199147 0.0781172112425726 0.6753589399380968 83.67166253995212
0.6688468299771297 -0.004969401335223472 -0.7433836311622112 -50.2498866970937 -0.0555810121286094 0.9968445494387856 -0.056671821436621514 -5.276897455844495 0.7413195458911793 0.07922278273675078 0.6664601125162268 84.41082378574133
0.6607563459789298 -0.004932521109306698 -0.7505842534213456 -51.0876127458995 -0.057675747429999896 0.9966883025818436 -0.05732308134524847 -5.349072873923515 0.7483812927959674 0.08116709759520391 0.6582836340522276 85.14926086551989
0.6524670567659767 -0.0038826434079032544 -0.7578071422963174 -51.94195436022849 -0.06104517355412378 0.9964678835180104 -0.05766492784079459 -5.424068075250682 0.7553543715507912 0.08388493426893893 0.6499254504801341 85.88567475367212
0.6453295121721774 -0.003914133115409269 -0.7638942991550431 -52.80691250048995 -0.0633600096084499 0.9962670114657664 -0.058630632330616654 -5.493419227111918 0.7612721785945135 0.08623642749456677 0.6426725049906349 86.6145923542828
0.6378113553821975 -0.002639281188691611 -0.7701880998433637 -53.67728254383515 -0.06611819271673229 0.9961149129058505 -0.05816755864262133 -5.5664336653595425 0.7673493725399123 0.08802337463070115 0.6351588982146326 87.34165462521258
0.6319313085406719 -0.0007145758371935318 -0.7750240710245374 -54.57683997781622 -0.06802850426961012 0.9960886768112844 -0.056386793978592746 -5.63272505672391 0.7720329940442402 0.08835630882804874 0.6294110094345099 88.07008353189691
0.6260408147690597 0.0007667642329936206 -0.7797899142178635 -55.479883779536046 -0.06860568719981086 0.9961759482702683 -0.05409935093578604 -5.70227484377331 0.7767664758002457 0.08736642467471487 0.6236994066955841 88.79306590490192
0.6211645603049858 0.002129324936279167 -0.7836772645652224 -56.404301934080785 -0.07126537606624903 0.9960064675899605 -0.05378069070870525 -5.770504065411875 0.7804331074443536 0.08925571407078123 0.618835666643791 89.51746130320146
0.6172555995482527 0.0016082917747631126 -0.7867610426450298 -57.322859612240954 -0.07271863426565359 0.995833945680304 -0.05501593279528663 -5.842049661281023 0.7833948717325543 0.09117108109682923 0.6148010319727596 90.22921221577299
0.6130780318521791 0.00012202753290412038 -0.7900223490316837 -58.2369019982762 -0.07309967137801478 0.995718776411381 -0.056573459733770294 -5.914734408271497 0.7866331831957539 0.09243431944415179 0.6104622278931039 90.93627435301234
0.6089486757292516 -0.0003112492903656408 -0.7932095646495132 -59.15126630122784 -0.07524915618906602 0.995467242589255 -0.058159551447539176 -5.986836245438515 0.7896322402361904 0.09510453225595852 0.606165037860112 91.62841946169551
0.606458411043478 -0.00274336409123932 -0.7951104763667016 -60.0644115300806 -0.07514501154588046 0.9953203914765455 -0.060749860499808586 -6.063505982728062 0.7915563295902508 0.09659084979665315 0.6034142729677274 92.31971028652265
0.6044279768239524 -0.0022221173357196353 -0.7966566908192324 -60.979274863385115 -0.07647224742508979 0.9952164864848463 -0.060795891329217 -6.137471370222451 0.7929809683758241 0.09766886516850909 0.6013667571211732 93.00935609330635
0.6022345186617049 -0.0011394433318885067 -0.7983184115384026 -61.87819898674307 -0.07720629689246444 0.995228355442993 -0.059663290576269845 -6.207564034809327 0.7945771027738324 0.0975665013779278 0.599272897398517 93.6833178183382
0.6008868886507153 0.0006435322223363737 -0.7993338056869244 -62.78974875465004 -0.07719676679750587 0.9953719768772122 -0.05723012182026285 -6.281849922337379 0.7955976409238996 0.09609481522865551 0.5981556488427542 94.36614940569827
0.5992434045044805 0.002232941243713031 -0.8005637739313975 -63.69926748114382 -0.07909284848063905 0.9952689605871639 -0.05642709819728084 -6.354710142407148 0.7966502767696113 0.0971324357006918 0.5965849700233428 95.0411071907937
0.5974258673703414 0.002596491426919964 -0.8019199406605783 -64.6044879447459 -0.07987823735629217 0.99521419706809 -0.056286491727314925 -6.425056913815213 0.7979359624641863 0.09768295750225406 0.5947741080611746 95.7094423529945
0.5969248478040493 0.0023736509669407824 -0.8022936444065849 -65.50741372777554 -0.07930735428561281 0.9952725293417238 -0.05606189342096514 -6.496110928507988 0.7983677533758042 0.09709252349596494 0.5942911510790453 96.37480309579219
0.5953960583653712 0.0027709188837984414 -0.8034275671717515 -66.39370031268916 -0.07864281619216038 0.9953929529219467 -0.05484684799232605 -6.5658592421136195 0.7995741623791666 0.09583940359719822 0.5928709535588566 97.02773040168995
0.5943950497067807 0.0024991234402293797 -0.804169310074753 -67.28571721477786 -0.07820129511135121 0.9954353609649529 -0.054708313659639546 -6.63901563754623 0.8003618446221566 0.09540543235374305 0.5918772855503194 97.68566596408755
0.5916741019150282 0.0024653778205714766 -0.806173479491385 -68.16967278621651 -0.07786963931970195 0.9954942551783381 -0.054106443046511736 -6.710559941670601 0.8024076746861687 0.09478981917446475 0.5892001474758878 98.32875656683449
0.5909642252507076 0.002771423795592212 -0.8066930046083062 -69.02900063036397 -0.07662473069636168 0.9956656111570439 -0.05271282011978433 -6.778878905460341 0.8030503938854282 0.09296402513561854 0.5886151161081773 98.95327612979749
0.5905600964190209 0.0024862052090959263 -0.8069898334559211 -69.89348902887335 -0.07577578874146294 0.9957478570026023 -0.05238544755306243 -6.845961880171486 0.8034281563140331 0.09208704609435434 0.5882373446011825 99.57657091317978
0.5891961233311083 0.0011440798942528585 -0.8079892445650433 -70.75861397484444 -0.07476824344804923 0.9957855333120691 -0.053111970572477546 -6.914117413575694 0.8045232364719411 0.09170530370482421 0.5867985167407288 100.20640525919099
0.5885484062172843 -0.0006090160674460388 -0.8084617508815889 -71.59037804929852 -0.0736350452157252 0.9958028782888877 -0.05435538342836946 -6.979241878969179 0.8051016418162199 0.09152189186744639 0.5860333519978457 100.80783386190159
0.5882779175269497 -0.0015888343651503795 -0.8086572619815616 -72.4479015486527 -0.07350230239718174 0.995753584602195 -0.055427522894254094 -7.051277409566704 0.8053114324858855 0.09204495834775486 0.5856630621358081 101.42426306286328
0.5878077105806743 -0.0018192670162630459 -0.8089986314261786 -73.2913530767123 -0.07520294656303356 0.9955446527082492 -0.05688023639410284 -7.119815455890229 0.8054977419025728 0.09427372238081533 0.5850520088490605 102.03014798343789
0.5894756661582444 -0.0020236818109587162 -0.807783599560688 -74.13999936381103 -0.07638035706287527 0.9953768629312754 -0.05823179368730445 -7.191116909890135 0.8041669478797556 0.09602502513939325 0.5865958698156144 102.6407289326583
0.5919808848450758 -0.0007690435271776389 -0.805951636607368 -74.96288927073968 -0.07895123018707506 0.9951345438832057 -0.05894016306655632 -7.260962444520969 0.8020756418380932 0.09852232306649121 0.5890399108953428 103.23494945866805
0.5960423334963356 -0.0003835057985341478 -0.8029529186717895 -75.76668284578301 -0.08075485860768743 0.9949010045176284 -0.06042055958915231 -7.326487189794771 0.7988818370018781 0.10085556074464304 0.5929721463739998 103.81915608645807
0.6009495423057536 0.00012099964388801593 -0.7992869528283265 -76.57769292660915 -0.08210516178519578 0.9947193334295807 -0.061580760872511756 -7.395254500815553 0.7950587336862177 0.1026325146359419 0.5977860628425282 104.41915873751611
0.6048252363283276 0.002769065004649754 -0.796353417635275 -77.39907839210042 -0.08581988445913387 0.9943969775236742 -0.0617219452318426 -7.465864571772862 0.7917205194586051 0.10567394840158897 0.6016740277736897 105.03310807456924
0.6094679147547788 0.0046603526934828055 -0.792797037076473 -78.21086255607362 -0.08734307406512493 0.994290402648313 -0.061300755413859945 -7.536226962296848 0.7879848020725502 0.10660617390295989 0.606395147893233 105.64338158018057
0.6154600398894354 0.005737155321469074 -0.788147209820673 -79.02056958081559 -0.0887093314113018 0.9941238215664421 -0.06203613394379792 -7.61118703708949 0.7831600052478769 0.10809677350851113 0.6123524260890907 106.26383754847049
0.6209774785445599 0.0075739875878457555 -0.7837918128256127 -79.81042016401 -0.09077692111839777 0.993919670607442 -0.06231563986559732 -7.682978288913396 0.7785541225455719 0.10984681648374608 0.6178892742034623 106.88131335212807
0.6286425751168955 0.007186603045113121 -0.7776611508151032 -80.58796378462996 -0.09102566527825354 0.993764086992802 -0.06439928310170989 -7.7560572333010835 0.7723489114455009 0.1112712547787379 0.6253765800291177 107.4954913219477
0.6362560915632108 0.0062811123901876376 -0.7714523534061251 -81.36256689267954 -0.09311306815850681 0.9932820276375511 -0.06870786061539369 -7.830967005497945 0.7658381960223819 0.11554809041856526 0.6325665943707482 108.12268968510548
0.6435065717025816 0.0069834602968465165 -0.7654087296718484 -82.11690040669393 -0.09562335578719025 0.9928582209146267 -0.0713353137670181 -7.902628149006521 0.7594441822830607 0.11909569448357427 0.6395785718360869 108.74273626632194
0.6512195505170165 0.009248075435921072 -0.7588330317831102 -82.88877226111387 -0.0985680009912867 0.9924862583540532 -0.07249397325953044 -7.980733501725902 0.7524609266965276 0.1220061477102827 0.6472380193683773 109.38533019380782
0.6597456425326038 0.01095522201306566 -0.7514091230946603 -83.62020554458991 -0.09950075317299856 0.9923638376098577 -0.0728945397285839 -8.056019621869348 0.7448726651430081 0.12285762863933408 0.6557977705115134 110.01809625534338
0.6711112735415155 0.01331151968864331 -0.7412371158873955 -84.34299508033935 -0.10076737627411178 0.9921975944233723 -0.07341573059845527 -8.13238114240245 0.7344764083374747 0.12396264382487268 0.6672163581115431 110.65656138928321
0.6803774540977311 0.013521257027229706 -0.7327371258260998 -85.06021537382001 -0.1005562963303511 0.9920957078382269 -0.07506355811770729 -8.212705726245535 0.7259304038431044 0.12475288412446181 0.6763591994486481 111.30625778575973
