1.0 0.0 0.0 0.0 0.0 1.0 0.0 0.0 0.0 0.0 1.0 0.0
0.9998869728554438 0.0006492516178547689 0.015020651993633217 0.00885214377194643 -0.0006486122888345362 0.9999997885259941 -4.7434859393945086e-05 0.011914749629795551 -0.015020679614314972 3.768691849785789e-05 0.9998871825179181 0.1518687605857849
0.999334376317796 0.003255386975863316 0.036334649649604235 0.02028526817729088 -0.0033052170293734625 0.999993677816707 0.0013114370000328755 0.023250273866660405 -0.036330150700359685 -0.0014306579792861254 0.9993388181031675 0.3290234584598759
0.9980460923284292 0.003912653380094263 0.0623593515960499 0.04362124315011803 -0.004089282069653178 0.9999879801454638 0.002705057624219555 0.032144876267564196 -0.06234801809285799 -0.0029547771697324768 0.998050095902891 0.5409228807607609
0.9957753290219433 0.0028549487616817003 0.09177877411912219 0.08171463332389298 -0.00326461192875572 0.9999853667176032 0.004313775563852917 0.0418951911498921 -0.09176511548619828 -0.00459517336221832 0.9957700778601333 0.791675011971021
0.9921038412966278 0.00010558027906726228 0.12541912508577224 0.13514699359362722 -0.0008541202873162367 0.9999821441319307 0.005914549504541553 0.052989073946872536 -0.12541626115863408 -0.005974970302147951 0.9920862165995846 1.0710568571870271
0.9867157907905499 -0.003396996984449581 0.16242046858714376 0.20683053879312602 0.002333170818469168 0.9999745631981767 0.006740123926732137 0.060770690900431405 -0.16243923331052618 -0.006271632012762196 0.9866986176707582 1.3561805157923748
0.9794632255675303 -0.004304950601211321 0.20157692616262118 0.2896694860826702 0.0027002049768624792 0.9999624440264399 0.008235255293703184 0.06974951497370721 -0.2016048081121396 -0.007521830694097648 0.9794380651215661 1.6622940525842818
0.9699438161935947 -0.005663235866612349 0.24326306992086874 0.3895662324392004 0.0030923199080146262 0.9999352761408767 0.010949022178036373 0.0800309821393082 -0.2433093318913043 -0.009867689120951845 0.969898550223692 2.001893817701279
0.9583399000170542 -0.009494632637243806 0.28547239443838834 0.5149929264839889 0.005175620335636011 0.9998605093743446 0.01588001095144636 0.08821670910237553 -0.2855833485857401 -0.013740951377560798 0.9582553611985667 2.3511457087629606
0.9455581315379212 -0.016064897971774447 0.32505651652546785 0.6468254079213372 0.009748335684497775 0.9997308640545504 0.021051589206629435 0.09476196200799633 -0.3253072237653164 -0.016736741316600637 0.9454602538743782 2.6506683042886445
0.9304822785653958 -0.020617979042259427 0.36575624152700664 0.7924771172774465 0.012288961832710464 0.9996097669776737 0.02508575651470437 0.10332158752675613 -0.3661307289655203 -0.01884708738913783 0.9303725472111282 2.9583334285717333
0.9118321275528832 -0.02245435095730948 0.4099487447053209 0.9706262456041078 0.011296990345199563 0.999497432021281 0.029618598751548084 0.11650815693982788 -0.41040778400454697 -0.02237600290379657 0.9116275365095804 3.296624558900301
0.8906052524304782 -0.02591711648959253 0.4540380902700888 1.1671306859621586 0.011565646061547391 0.9993426798122976 0.03435759212684405 0.13073120850295303 -0.4546300915848217 -0.025347808158506596 0.8903195878150364 3.6274866655498097
0.8664198590556889 -0.03189022273477351 0.4982967404347001 1.396558001263759 0.014201820920233277 0.9991285290319644 0.03924908606544713 0.14970617991226037 -0.4991141513887079 -0.02692946654409973 0.8661176985347778 3.9734752060328997
0.8402124957854802 -0.03786693831910381 0.5409335050708837 1.6157884089240424 0.01716458813868047 0.9989161304895194 0.043265935351900736 0.16346248997247262 -0.5419855522428287 -0.027067678699559214 0.8399517854792937 4.260448079535763
0.8125066833477456 -0.04361746723749556 0.5813178184668285 1.854350931125452 0.01996459079288433 0.9986939635946417 0.04702958849593998 0.184521428023057 -0.5826099077682417 -0.026606082601743034 0.812316324924515 4.533172001918395
0.7795137123055551 -0.048466262243763936 0.6245073208151617 2.1238015723395263 0.021715298053446044 0.9984937574536337 0.050385138251019514 0.20282320523251102 -0.6260086406416947 -0.025714543555020557 0.7793920349167642 4.819892957963495
0.7438653195629041 -0.0526256713729471 0.6662543996583625 2.4103547125659084 0.02267789093979393 0.9983084738657583 0.0535341411656486 0.22648627666868698 -0.6679446830495033 -0.024712946412100593 0.7438004911705365 5.103138341122847
0.7056699118709691 -0.0536496597769221 0.7065066804254858 2.734654466712286 0.019052059047348895 0.9982054400083209 0.05677075465282351 0.25914921045502964 -0.7082845434753433 -0.02660100643989356 0.7054256813657337 5.396283887007226
0.6670283223913599 -0.05643043813780847 0.7428922013181611 3.0694975644154256 0.017638225953616592 0.9980440408433313 0.059974874091773794 0.2851463339669451 -0.7448235429368337 -0.02690163914503955 0.6667189750549574 5.6694141810149565
0.6311925137082719 -0.059055058054372896 0.7733747544087716 3.4189459299012928 0.01773078635167718 0.9979352887935258 0.06173150407963217 0.3138081458942009 -0.7754235164437459 -0.025251920694812736 0.6309363760691238 5.9221042663656185
0.5958002024139905 -0.06240743590337201 0.8007043341630009 3.8205615023787645 0.01826193611551308 0.9977713368691681 0.06417835313893683 0.34403086248499987 -0.8029250403946566 -0.023615064392875956 0.5956120450771285 6.197468278163937
0.5624191781415407 -0.06356997718244962 0.8244049527141482 4.243518651253816 0.016887193060399593 0.9977153506563609 0.0654133149687125 0.3822773598040749 -0.8266797994200263 -0.022867817247783605 0.5622077660128747 6.469265560882885
0.5310066713188837 -0.06469301018697315 0.8448945078811834 4.6626564220762114 0.01733971037847549 0.997702191735135 0.06549558039210347 0.4208343606065211 -0.8471902085475431 -0.02012836406308492 0.5309082778609826 6.721790878610447
0.49747856654149014 -0.06493593197132522 0.8650424270351367 5.152127771758063 0.018801471612135915 0.9977672144942508 0.06408658475532744 0.46249755740621057 -0.8672724949501409 -0.015617631683425733 0.4975886946902619 6.987094620944459
0.46843873671595815 -0.06363003238679579 0.8812016618926752 5.652479985845803 0.020171751146100234 0.9979134149552238 0.061334465907048774 0.5051645170497727 -0.8832656737356304 -0.010956059093416931 0.4687448286322575 7.240832448950516
0.4428563097652391 -0.06227822530144166 0.8944270297539187 6.199701555025962 0.02130440750779348 0.9980339384651599 0.05894387069461339 0.5487648911457974 -0.8963394508342564 -0.0070484271312331 0.44331242769983253 7.5007036911860965
0.4197874851573115 -0.06203000530754586 0.905500273742005 6.79243753308304 0.021768350691380774 0.9980629647989092 0.05827913181395665 0.5921943024930342 -0.9073613426929084 -0.004753602671375073 0.4203246329305073 7.771884131889439
0.4033966934549601 -0.06353277755990878 0.912816900525581 7.405274487843197 0.024053624502005554 0.9979781732787008 0.05883016919595106 0.6391435526791933 -0.9147089869777828 -0.0017753407647156279 0.4041092888158445 8.037518014235578
0.3917507630118621 -0.06599782161253688 0.9177012734120095 8.040847379408609 0.026186212295588467 0.9978197224500034 0.060581216357949816 0.6855017474334482 -0.9196986582382484 0.00029838263708521426 0.39262487058586554 8.306771477771745
0.38283393742131533 -0.0678335297425631 0.9213233898046642 8.682949479842096 0.025837493486562606 0.9976966319801843 0.06272044695096264 0.7291801927278422 -0.9234557922763948 -0.00020682857996597026 0.3837047783558529 8.578136329552475
0.3758869874838589 -0.06979316595249874 0.9240334878274903 9.31946766002541 0.025405822774879013 0.997561020617817 0.06501195515496343 0.7731634545743489 -0.9263171793772591 -0.0009613169438363878 0.37674335967644174 8.839436808226742
0.36524396775308565 -0.07183138058661093 0.9281363567833147 10.025691384035985 0.024605449961307056 0.9974151284958938 0.06751024573886255 0.8211469229464916 -0.9305865977179044 -0.0018204973335463129 0.3660673024694694 9.120663727015767
0.35494586295587427 -0.07374154602696222 0.9319740440377422 10.726218092016161 0.023677193979291685 0.9972736193341312 0.06989076237579411 0.865536026737037 -0.93458698089358 -0.0027409067397736325 0.35572413830729444 9.387525531087018
0.34464367325696993 -0.07536023755115889 0.9357037849021325 11.416079690428663 0.024043148586891126 0.9971541018707766 0.0714536502098663 0.9128900733071814 -0.938425631304885 -0.002128783342228595 0.3454747498609851 9.642660401890101
0.333812613664749 -0.07659423108237919 0.9395224652573284 12.170924163250952 0.023415745139093266 0.9970595607856516 0.0729653008320001 0.967392778235227 -0.9423485776706462 -0.0023571191786464357 0.33462456895943493 9.908294528917008
0.32406410816352976 -0.07914465400760096 0.9427187160241349 12.925688633751884 0.02151745063238409 0.9968532592850741 0.07629271768005175 1.021894059729127 -0.9457903854017863 -0.004438828082084088 0.324747353625551 10.174370575282628
0.3141228106603013 -0.08231342121858845 0.9458072533609392 13.688022137185449 0.01963386779840516 0.9965844622907771 0.08021172455369385 1.0807932237236608 -0.9491793144912859 -0.0066264777894548335 0.3146660431854041 10.433173121996017
0.3023627165759906 -0.08656804232920592 0.9492537920240698 14.492941409886445 0.02005643802153549 0.9962247367655712 0.08446308750132601 1.1395355287978448 -0.9529819132169695 -0.00649983874085823 0.3029574643042607 10.692796429560136
0.2913994322309291 -0.089556370439751 0.9524001403869858 15.295007231145846 0.019386429574127104 0.9959564618128602 0.08772053648705268 1.1994137672154137 -0.9564050069107018 -0.007098076279318577 0.29195732576743716 10.937369845994462
0.27685091159828423 -0.09140086863144486 0.9565560380660489 16.083904548383515 0.018916922930589754 0.9957914282146043 0.08967486560434082 1.2611814989193022 -0.9607266639237391 -0.006731471439129645 0.27741478785066065 11.160439825810714
0.26387093419667923 -0.09067059197422375 0.9602869226628135 16.87412594629174 0.017131576408778923 0.995855499597842 0.08932151482416303 1.3215030976468463 -0.9644058477507913 -0.007118122770565262 0.2643306511782188 11.373805789288145
0.2471012128328291 -0.09027065848644159 0.9647757246287705 17.64674058214237 0.016422827203880185 0.9958983311763395 0.08897642781553645 1.38358766773941 -0.968850494845916 -0.006141838210675141 0.24757018491776733 11.568823923261306
0.22633337539241422 -0.08958352775197062 0.9699216436078681 18.474817679005916 0.014033293344760597 0.9959583128650326 0.08871361627697252 1.449836204954033 -0.9739488024846976 -0.006467657269053059 0.22667575862467887 11.764550584285464
0.20338198807762992 -0.08843791326384473 0.9750971758871665 19.28700743199749 0.010620513515673898 0.9960529509178432 0.08812334344837544 1.5179139977578564 -0.9790418640784746 -0.007566668050973287 0.20351848544137746 11.94217077960582
0.17957475553103613 -0.08842064265683124 0.9797625718142748 20.091245685337203 0.007533423841769776 0.9960468447880342 0.08850949391462157 1.5822822545728488 -0.9837154846301797 -0.008513104014114571 0.17953097882776664 12.09778678011665
0.1472714969856731 -0.08893556474366454 0.985089626125118 20.902234188231184 0.0045651188653172275 0.9959998626030886 0.08923807138421724 1.6475821002292927 -0.989085570547536 -0.008645173124615955 0.14708839218749048 12.226826077330887
0.11518482791028778 -0.08924376864450223 0.9893270466217955 21.700138377181343 0.004174136834938044 0.995990745285914 0.08935889371793457 1.7143530799783164 -0.993335306933646 -0.00616320232804949 0.11509553829798497 12.324063546095596
0.08089689350543094 -0.08873883941449676 0.9927643783902298 22.51367760967824 0.003089699603059985 0.9960464283733435 0.08878043861723642 1.7808090858882664 -0.9967176863974743 -0.004114717982339637 0.08085123819949824 12.39507738031071
0.04741373639584884 -0.08715067701655355 0.9950661772447809 23.359786732921936 3.48158993702663e-05 0.9961866956153498 0.08724715621052562 1.8538481961855204 -0.9988753357595923 -0.004102069541959595 0.04723596761615895 12.440303069612284
0.016235456752159372 -0.08493412477125176 0.9962542870138079 24.159176856724585 -0.00401634560153908 0.9963720360458959 0.08500961565473292 1.9214943397577593 -0.999860129674175 -0.005381471462142462 0.015835430301838482 12.457127770391086
-0.015193557315052564 -0.08161301618167491 0.9965482785123078 24.996443235019356 -0.00360005715218617 0.9966613270949268 0.08156738724441512 1.985648306864508 -0.9998780902713168 -0.0023483319844199435 -0.015436642519529364 12.443581779268928
-0.045012832958119586 -0.07838410141025129 0.9959065104291628 25.81241563527314 -0.0016840618453876147 0.9969215141443266 0.07838787260721031 2.0456760256604234 -0.9989849892790109 0.0018512920598238516 -0.045006265263004275 12.40160763997856
-0.07551018891685402 -0.07381699577027678 0.9944090016211601 26.632469663109042 0.0013761833865365766 0.9972474732157657 0.07413220139762294 2.106864203748151 -0.9971440806067237 0.006966225679810242 -0.07520075937615467 12.334047680760847
-0.10592223507921911 -0.0708507513531324 0.9918470906084866 27.448140286018976 0.00267087669065328 0.9974345064422394 0.07153510869517221 2.1637759498646685 -0.9943708294864277 0.010226259874625991 -0.1054612586471953 12.24440712093442
-0.13249134734664092 -0.06761638899697898 0.9888751522903594 28.217406095052116 0.00683934090646009 0.9975843368466761 0.06912824527024422 2.2159259898393815 -0.9911605653446052 0.015922148636005114 -0.1317088413455072 12.134215833236405
-0.16090192133053582 -0.05965694696142876 0.9851657832016819 29.026347176499232 0.0096752933977312 0.9980282551360449 0.0620160515332092 2.2659051137983046 -0.9869229759255834 0.019510269842908805 -0.1600074653284871 11.992641921944776
-0.18603098454343364 -0.047520167014677775 0.9813940628089707 29.851404082873884 0.0109511481073046 0.9986674328655041 0.05043243885591467 2.312995651517336 -0.9824828472522728 0.020129387986742756 -0.18526268538037166 11.837417444225
-0.20848699009756877 -0.03260502136681271 0.9774815024038697 30.639500553853757 0.010877877699739066 0.9993050221900944 0.03565311209985448 2.350060079596632 -0.9779646449319148 0.01806613426621636 -0.20798742283097127 11.670811145212967
-0.23103593425208752 -0.018338644485304863 0.9727723737867492 31.44679682940946 0.009807989578108453 0.9997276483016007 0.021176226334899823 2.377536449919588 -0.9728957808648885 0.014433410539189492 -0.23079314598901418 11.487591029148254
-0.2560357651243214 -0.008259944361262695 0.9666320190725902 32.23185143541437 0.011680500516759746 0.9998640547929287 0.011637776450911182 2.39506213317255 -0.966596737468569 0.014270432796248757 -0.2559044780048338 11.282475047813602
-0.281519145470962 -0.004130364862446931 0.9595467215406464 33.03719812421611 0.012959361629315689 0.9998831661431312 0.008106109408862607 2.404407858575712 -0.9594680951857963 0.014717137958546643 -0.28143272761150073 11.049513112344048
-0.30559372986963795 -0.004895596868188803 0.9521494133777887 33.810069693734846 0.01375667060051634 0.9998597073681623 0.009556128695328339 2.4133002540747723 -0.9520626167843961 0.01601869885343277 -0.30548351020749276 10.803137940735004
-0.32746296339675374 -0.00935139800007406 0.9448177384865617 34.565775569006426 0.01474288332314376 0.9997787228221416 0.01500509191734068 2.4167028001552358 -0.9447489904703454 0.018842949545436985 -0.32725263674673666 10.542791055735453
-0.3471306738449088 -0.011463674836217085 0.9377467032387953 35.30792177220796 0.019815041576767802 0.9996124078631075 0.019555003795229904 2.42153726161969 -0.9376074121951524 0.02536963155763157 -0.3467689755317501 10.260170554286722
-0.36258882966351236 -0.011690958891346035 0.9318758834112221 36.04857290852779 0.021011176855573598 0.9995646042050488 0.0207155127271414 2.4294942061288123 -0.9317123327778744 0.02709102250941086 -0.3621853192069032 9.970978995346663
-0.3743464635376964 -0.0087321999054937 0.9272477953177516 36.804724458519374 0.023004558522924056 0.9995604433950268 0.018700542428046172 2.43671813407723 -0.9270035142996955 0.02833140809681525 -0.37398103667334015 9.664309385754128
-0.38377489798784215 -0.006256552802568498 0.9234054814768268 37.575483084031184 0.023756641000273047 0.9995791757315319 0.016646124241262203 2.445027607498533 -0.9231210373958584 0.028325377153712604 -0.38346476151831 9.340430145032864
-0.3921036421470065 -0.0050656446235073285 0.9199071002332795 38.349500344286824 0.019172293383610872 0.9997226400362953 0.013677213359188744 2.4485056853378495 -0.9197212387356646 0.022999613983898763 -0.39189776827015316 9.019355853209113
-0.40294120312376924 -0.006012843818624937 0.9152061147820104 39.12911147650363 0.019225286933139393 0.9997021638051683 0.015032365934986839 2.452466751929709 -0.9150239205438883 0.023652259775288217 -0.4027055940013927 8.672593224703693
-0.41199813304739846 -0.005442123365803381 0.9111684375891923 39.89766746837683 0.02042898527749012 0.9996756338359223 0.01520801352180843 2.4545077109823903 -0.9109556492639971 0.024879919775167944 -0.4117533177352563 8.320311099302
-0.41860654597304053 -0.003660647141769533 0.908160315875465 40.651205489540786 0.02253088780123238 0.9996422228673376 0.014414761730137745 2.46071617252294 -0.9078881642379799 0.026495771801399184 -0.41837430049327734 7.966139840754655
-0.4244176776907629 -0.00043851095039233387 0.9054664226638812 41.41222766759987 0.023597026214028274 0.9996548903675289 0.011544718192256744 2.471910771611304 -0.9051589999648871 0.026266097396273915 -0.42426085950760917 7.606326776331647
-0.42536370081076674 0.00036514076834246595 0.9050224244209576 42.1797942913143 0.02231857944796753 0.999700027066591 0.010086470863605397 2.4780965256549456 -0.904747259207782 0.024489233456294494 -0.42524425263691673 7.250236123805266
-0.42526046189129185 0.0003698685070031762 0.9050709379652473 42.93769973959747 0.024532657832153137 0.9996371979686518 0.011118504264194322 2.483590439683371 -0.9047384640058669 0.026932055893858886 -0.4251152503893909 6.895152141449161
-0.42326901234303627 -0.000880466713296087 0.9060036246994366 43.72471220226427 0.022552604645558756 0.9996794252355911 0.011507683708698535 2.4914094224933514 -0.9057233149333476 0.02530358747302646 -0.4231134661614342 6.533547877850578
-0.4168691097157052 -0.0019020990275023832 0.9089645358231118 44.532596547788415 0.020262046408566613 0.9997298835870292 0.011384609716728519 2.5003300065070357 -0.9087406642382483 0.023163373725662482 -0.4167179661083414 6.172675265457506
-0.4091318565204789 -0.002783312423781126 0.9124710281165412 45.325549876253994 0.018885285006608736 0.9997553189641991 0.011517300595700965 2.5104398163964516 -0.9122798200060799 0.02194437000107773 -0.40897918606566086 5.822116869117891
-0.4039229872745858 -0.0038437454697949963 0.9147849178752012 46.144078645997745 0.016349477155780317 0.9998011184861328 0.011420073143841053 2.5200078808271464 -0.9146468799202825 0.01956908517640752 -0.4037798112306397 5.466961564267955
-0.39876871055678287 -0.005340505447158967 0.9170359831993778 46.98465683722859 0.012963609675040429 0.9998502959625687 0.011459951472726507 2.5264409487197277 -0.9169599011434874 0.01645796661598612 -0.3986397810427268 5.1143512367652155
-0.3976159535993154 -0.007061583543425419 0.9175247612359934 47.84335036670072 0.009775326361117158 0.9998810324819167 0.011931633477041235 2.5365666119662307 -0.9174998618189765 0.013713311808459196 -0.39749962093240204 4.754265155855449
-0.39810561317174176 -0.008679388297915227 0.917298527732344 48.710499448618904 0.007224256853276877 0.9998945671694127 0.012596216019540604 2.5448870222549895 -0.9173111418019895 0.011641424477574104 -0.3980009376396789 4.390895641089039
-0.3990597984778175 -0.00945691710556694 0.916876133377733 49.59952573803389 0.006656818973337728 0.9998905793297256 0.013210455284445668 2.553512805520097 -0.9169007383572118 0.01137524006448053 -0.3989531801019708 4.015868379872976
-0.400526439481214 -0.010148371815693067 0.916229000755811 50.50387172323411 0.006578580131390016 0.9998810426864133 0.013950726138299466 2.5598482632560033 -0.9162615857712012 0.011615120568526097 -0.40041203205476017 3.6261993230755523
-0.39986642240899295 -0.010777072996434472 0.9165100648260568 51.42688965815766 0.006468033371459837 0.9998727965646855 0.014579274132172547 2.5687942521371623 -0.9165506034988679 0.011757779873125561 -0.39974585155860787 3.224844804765477
-0.4000290561052753 -0.011390412110392618 0.9164316738216104 52.352649241076584 0.0065791931702979005 0.9998613142407418 0.015299232072394075 2.5742463411510026 -0.916478842357395 0.012149518374507165 -0.3998986380503402 2.8282937940678416
-0.40113511078073627 -0.011937553736257614 0.9159411103939602 53.291017807718475 0.006065897164461976 0.9998585387616141 0.01568780918676466 2.581779706279075 -0.9159988142953662 0.011848935660392768 -0.40100595373784576 2.4217544355141825
-0.40043238097909795 -0.01275418058065294 0.9162375451492514 54.25939315362942 0.004623447875890564 0.9998622783984195 0.01593888219607202 2.5873393926297483 -0.9163146468288877 0.010618621079849965 -0.4003182645011505 2.006777144797787
-0.4010253840050166 -0.0131845735077986 0.9159720565634341 55.20860255348807 0.0045580026320444144 0.9998553258909324 0.016387553189669692 2.5915616901417766 -0.9160556020218619 0.010746827855485188 -0.4009072706941212 1.5960023265491154
-0.39931660393095586 -0.013329519345277614 0.9167161903986817 56.18311499656791 0.003388534910161163 0.999866016433079 0.016014587519145605 2.6007628263823874 -0.916806832247781 0.009501215515376173 -0.39921793452639326 1.1800045000258537
-0.3979991048075661 -0.01507705667708897 0.917261900949959 57.12902411748056 0.0025557981004962456 0.999842836155409 0.017543400034709125 2.604025613539549 -0.9173822433797407 0.009326593733200734 -0.3978980198252943 0.7783271669466048
-0.3972489711495588 -0.01704191116031481 0.9175526296538096 58.12114777466553 0.004853734956687653 0.9997745618097655 0.02067043335447408 2.6126436290230903 -0.9176980419384076 0.01266486565643173 -0.3970766991405028 0.35036394844500185
-0.394733783121688 -0.0186569154084235 0.9186060961967775 59.09942857031462 0.006268500924946952 0.9997158610737504 0.022997891506037718 2.6180328729199975 -0.9187741541633581 0.014836327881671814 -0.3945046729969031 -0.06809652375851832
-0.3929894454955829 -0.018938306735857162 0.9193479408075341 60.05404274075785 0.0071462153979190025 0.999694800804236 0.02364818915828072 2.6257284355615664 -0.9195152132153993 0.01586334715493132 -0.3927341682136676 -0.47424252104305237
-0.3923961108788513 -0.019195401288234416 0.9195960138759498 61.02746835919133 0.006910854834669247 0.9996924668549546 0.023816208743411067 2.6361509479875993 -0.9197703693056254 0.01570058224523057 -0.39214277943697284 -0.8795591785003756
-0.3902597184008654 -0.01881410797380548 0.9205125645719493 61.990061982301825 0.006777323017616971 0.9997054053358121 0.02330601714309897 2.6445250325399305 -0.9206798684050782 0.015334010679190645 -0.39001724068315013 -1.2836695976226027
-0.39021812084399626 -0.01833142857105581 0.9205399376950057 62.93161311061832 0.0036434446181214846 0.9997632077674425 0.021453524322791784 2.6520800504833284 -0.920715234736721 0.011725490228481534 -0.39005893067920744 -1.6756085957459876
-0.3918190068020797 -0.0164568087172988 0.9198951241068052 63.88389919309479 0.0012082346967916312 0.9998299486365765 0.018401466743130777 2.661777293656438 -0.9200415241050535 0.008321493629350285 -0.39173249375846697 -2.075435235246373
-0.39520589191592653 -0.015887740673142595 0.9184551609584652 64.83271690418503 -0.0005790485631983746 0.9998545275881383 0.017046652582329402 2.666678033003428 -0.9185923838665868 0.006205107396665291 -0.3951576001350568 -2.4769741632157345
-0.3997021134454848 -0.017913541761308722 0.9164700352596253 65.80538411334337 -0.0014826984488766522 0.9998203538526828 0.018896074386133374 2.671572845024989 -0.9166438905662999 0.006193952168239224 -0.39965686888131313 -2.8997651278170977
-0.4043534297653612 -0.020203469659047797 0.9143796386899291 66.75312277391843 0.002049785874387358 0.9997334594718066 0.022995834196715963 2.6754410290317856 -0.9146005150965412 0.011172726894971709 -0.4042042404018939 -3.320298487012528
-0.40975492877146924 -0.021522889512850266 0.9119416996576621 67.68429318247149 0.001309121847501312 0.9997067043394117 0.02418246262936268 2.686781067725946 -0.9121947075857635 0.011102726054882547 -0.40960657334407324 -3.7303988305873728
-0.4143221280994838 -0.01943639861829831 0.9099227442897916 68.60600194960946 0.0017692378362864133 0.9997528535030251 0.02216081474218902 2.690336493762437 -0.910128586500058 0.010791585671697234 -0.41418534222506814 -4.1440793055397345
-0.41914590200226187 -0.017122833706051954 0.9077574132997126 69.50358655463347 0.0011544099427641674 0.9998112859711299 0.019392260890350642 2.7005591341183517 -0.9079181571994219 0.009176110866280274 -0.419047036520932 -4.554790596302135
-0.42462398927117756 -0.015209602768884816 0.9052420315689299 70.39608709308754 0.0005556750911986765 0.9998543148802119 0.017059901541780068 2.707548333438517 -0.9053696256008502 0.007747063897693107 -0.42455367627703006 -4.969338351128554
-0.42871004535118257 -0.0144943738766627 0.9033258604406889 71.27768353689508 -0.0005192620447847188 0.9998750828215488 0.015797123773965898 2.715392747564926 -0.9034419889411363 0.006303322816155817 -0.4286640184801607 -5.383441489237111
-0.43169348532424545 -0.015591682455660026 0.9018855992678937 72.152998567727 -0.00013403283545958874 0.9998516959814431 0.01722115205877116 2.720676930230177 -0.9020203527436644 0.007313376869419679 -0.43163155324299607 -5.799166667765398
-0.436066601270523 -0.021276966120955386 0.8996628312701723 73.08000331411158 0.0021164865965556112 0.9996934447080197 0.024668544592261348 2.729781649859851 -0.8999119066557911 0.012661252722440338 -0.4358878903326373 -6.2413133295829395
-0.43705034761578115 -0.028569352286850997 0.8989831954818928 73.96262964325518 0.004551961787992605 0.9994123528983616 0.033973938806707134 2.742142000318472 -0.8994255240389868 0.018940458919229686 -0.4366634696458171 -6.670635526868583
-0.438253220357262 -0.03092038134707973 0.8983195672275207 74.84749652994152 0.0055471323716648965 0.9992960789557095 0.03710223586518033 2.7543025749315593 -0.8988344364614321 0.021243271901837765 -0.4377732052444099 -7.093638968587865
-0.4381575465892691 -0.026410961166640747 0.8985101142987356 75.71108460786994 0.004474164617946067 0.9994918116564496 0.031561056425282764 2.7720081142012325 -0.8988870597677131 0.017848797213329458 -0.437816713043476 -7.510148113294665
-0.43793618902070736 -0.021258818942743615 0.8987546700647397 76.53614610807263 0.003382424173043047 0.9996743310774878 0.025294090050671007 2.7860714407149287 -0.8989996960804454 0.014117166923199753 -0.43772166047081756 -7.914657907345008
-0.43817959414008484 -0.0183422570123756 0.898700286462023 77.39689837218691 0.0068736087375260765 0.9996941826884409 0.02375488585141027 2.7971506272188167 -0.8988611665781061 0.016586220382657547 -0.43791951373655863 -8.339863269590396
-0.4353106820707853 -0.01869241386584723 0.9000862201694545 78.26194122292652 0.00846315068479504 0.9996552860430123 0.024853252639233103 2.807291896415617 -0.9002405151711149 0.018436451668663804 -0.4350024276878404 -8.75743112346685
-0.43242244833862786 -0.020872133724771508 0.9014295203767193 79.11689566634605 0.008156774356070484 0.9996005833830418 0.02705809920129405 2.8197637395651443 -0.9016342347121316 0.01905328669962678 -0.4320794823420928 -9.162096730888427
-0.42971807462599415 -0.025158912714751444 0.9026125444789368 79.98548373159986 0.006757734315633909 0.9994941618025432 0.03107657557632873 2.840179719604603 -0.9029378214288337 0.01945378198817612 -0.42933068956191406 -9.56928540489037
-0.4257119367884521 -0.030025149977238954 0.9043604575857291 80.8669652428473 0.005718713680294463 0.9993400840754514 0.03587049865715037 2.860741933932158 -0.9048406728201754 0.020442277977615924 -0.4252592974661673 -9.973713196138904
-0.42408466612316903 -0.03315022489325839 0.9050156123231948 81.731416556028 0.0017186636506079135 0.9992985562402561 0.0374091124112327 2.8826075309502923 -0.9056209152589493 0.017420048383014246 -0.4237302204939802 -10.360762828327289
-0.42191116142203494 -0.03549159786458203 0.9059422268271464 82.60811703489568 -0.002381804139046484 0.999273426677862 0.038038740049153044 2.91174213131789 -0.9066340490388354 0.013891192047575149 -0.42168914606252866 -10.749056643255816
-0.41926263572320144 -0.036156257420512275 0.9071447334002309 83.4542813542943 -0.0002680003929479806 0.9992115320568461 0.039701919102229546 2.9299519929784537 -0.9078649516652924 0.016402416101058123 -0.4189417504663677 -11.136028780952644
-0.4172524312073105 -0.03424753294585171 0.9081450958622811 84.30661873436597 0.0035687337373465702 0.9992202264747273 0.03932178967578699 2.950100346592775 -0.9087836226468328 0.0196480403836542 -0.4168048484818545 -11.524137897946582
-0.4124090034918153 -0.03183506458031857 0.9104423883486835 85.17366617481483 0.004949831416020418 0.9992961719279285 0.03718413558416032 2.97260533270989 -0.9109853527954449 0.019841608638293075 -0.411961160255192 -11.914214222739924
-0.40560314784123397 -0.03107547026032912 0.9135208818682699 86.02406616804026 0.0087940915569453 0.9992429891459447 0.0378960762660927 2.994543695053405 -0.9140069750362796 0.02340435409868965 -0.4050228213252346 -12.291108763512696
-0.3970647896074489 -0.030163623616441287 0.9172947774103579 86.88389999944036 0.013794476848239241 0.9991507486268596 0.03882645910805652 3.0132572030879308 -0.9176869102599621 0.02807022138694063 -0.39631149038201313 -12.66201888928478
-0.38625139017410653 -0.03046795461381857 0.9218902143586409 87.7305671218099 0.01175857046485259 0.999210457976766 0.03794992345822654 3.0381433042729866 -0.9223185998391195 0.025498321739135067 -0.38558816887878483 -13.004702617642193
-0.37506002916296943 -0.03216999688153904 0.9264421546027115 88.59697823809393 0.010553318655532159 0.9991847162864782 0.03896832309536816 3.0625668727060282 -0.9269404522350007 0.024392499670020995 -0.3744147486013615 -13.350078453845732
-0.36250552927810725 -0.03463988950562567 0.9313376505316626 89.4537316303751 0.012180231455375943 0.9990475960942635 0.041899196889281676 3.087134902699087 -0.9319020244663561 0.02653259869125836 -0.36173835572440455 -13.680324370861351
-0.34983505123197345 -0.03628836756063452 0.9361082155975917 90.29092360254953 0.012313099521239428 0.9989850489986882 0.0433273522993151 3.1121532843419177 -0.9367303905125013 0.026683820132679656 -0.3490331635151942 -13.990804284807835
-0.3380686224383777 -0.03695830344261587 0.9403954967614749 91.12980850307291 0.012618543896665006 0.9989607888806833 0.043796285559518665 3.1393754063700516 -0.9410368637160531 0.026672571783135056 -0.33725093779251075 -14.292115471930341
-0.32294979022040954 -0.03620074714251535 0.9457235002382658 91.97359558000606 0.01624055985503534 0.9989090733464308 0.04378250109084976 3.163744560083638 -0.9462767445162057 0.02949862865454786 -0.32200955528572833 -14.585804999697844
-0.3090994995203343 -0.0328592288600771 0.9504618721837295 92.81871976843624 0.0177357395739981 0.9990299582692002 0.04030615365429545 3.1858407756129754 -0.9508643136315729 0.029315756162197712 -0.3082168773811654 -14.863161527214148
-0.2967623905729118 -0.025372810832268958 0.9546142173736574 93.66712277031138 0.019202944815581754 0.9992862746778728 0.03252980403919667 3.2046126763875424 -0.9547582575981526 0.027985026547936477 -0.29606335105387666 -15.130777985365834
-0.2829174078165552 -0.021554681608570665 0.9589020471638979 94.55245102141734 0.015365711846627224 0.9995172985897218 0.027001198479909574 3.222753537555051 -0.9590211860296974 0.02237332162773773 -0.28244964015826673 -15.386285617846255
-0.26975591851506503 -0.02375607334307883 0.9626356493530727 95.46364218489802 0.013770186802855872 0.9994982402924093 0.028524543954139264 3.240279215393456 -0.9628302687293894 0.020950337269252457 -0.26929344029663355 -15.635039052608
-0.25545830929344754 -0.02768916062397246 0.9664234902965023 96.35399133974677 0.012845928140549315 0.9994043624165128 0.03202971297173517 3.2527468947655915 -0.9667347280113308 0.02059686303260159 -0.2549504557557705 -15.867137475246023
-0.2439787499886677 -0.027765477704591222 0.9693830243004069 97.19821503426694 0.010781096544563572 0.999450631438151 0.031340122449958006 3.2644479476218673 -0.9697206492136095 0.01809733587347624 -0.24354537343792565 -16.07035992071621
-0.2371523892270142 -0.02284677260873602 0.971203773296461 98.06988796199217 0.007810356994239343 0.9996462715503868 0.025423023011305078 3.2754170139442387 -0.9714410649172401 0.013614578832102014 -0.2368900602298103 -16.27653977361803
-0.23230842508770683 -0.017060504508196166 0.972492537153471 98.9521761137512 0.0031769973920790368 0.999827512442695 0.018298963091477615 3.2795757201492477 -0.9726369838335576 0.007340609550872144 -0.2322141535965921 -16.475290933661753
-0.22921106507490763 -0.014801665313425083 0.9732641976108936 99.82046227404322 0.00038946425202236994 0.9998828996648628 0.015298211509290074 3.282950905903756 -0.9733766670538304 0.003885570966528265 -0.2291784596628602 -16.671677095446835
-0.2255022162298298 -0.015321541204499023 0.9741221693661191 100.69773233158146 -0.0017853773575576904 0.9998811491788988 0.01531339101492514 3.2853304718942797 -0.9742410188978528 0.0017140279471783348 -0.22550276983902007 -16.86648778867755
-0.22066340992062206 -0.015838145254057284 0.9752214172571864 101.57482562079137 -0.0041418349962134985 0.999874349059135 0.015301349497204712 3.285707558104573 -0.9753412247644758 -0.0006627582386123532 -0.22070128233983943 -17.057170242761945
-0.2157121492277546 -0.019528795042990023 0.9762616938299443 102.44689315077072 -0.008334029625602589 0.9998003921181904 0.018158190177231907 3.288618851346023 -0.9764214318754697 -0.004219251649502721 -0.2158318449390072 -17.244654637197797
-0.210743064344796 -0.023435621406312775 0.9772605243638288 103.30704727931477 -0.009255858920331931 0.9997156052342213 0.021978119273998127 3.292647669064237 -0.9774976674684255 -0.0044136493375834165 -0.21090004692581926 -17.424633645482917
-0.20631757086837593 -0.025711268310973673 0.9781472233937047 104.15415492511491 -0.010469445716173642 0.999655493514158 0.02406834006245114 3.3006478613454027 -0.9784290728802825 -0.0052749378012274285 -0.20651567585494418 -17.59857884195301
-0.20302937127954185 -0.026383713165407302 0.9788171300490403 105.02057305543045 -0.016206065083239865 0.9995905392282056 0.02358214027571196 3.3097317117675 -0.9790385272563853 -0.011074907000561046 -0.20337381488917677 -17.763129903603733
-0.20038359012465412 -0.02533136932712972 0.9793899828652362 105.88648238888972 -0.023067325898014954 0.9995105446850194 0.021132192015287363 3.3177993810042965 -0.979445922593315 -0.01835736341277685 -0.20086983826314453 -17.930712711635426
-0.19625096248780266 -0.022715385093252896 0.9802905543779745 106.7148943297403 -0.023190190054777966 0.9995595285324612 0.018519287383360932 3.3191341147403195 -0.9802794371034387 -0.01909869629135608 -0.19669129363582966 -18.096264004667276
-0.19078704415970654 -0.020587035868501597 0.9814155479382581 107.59710302511319 -0.02487316075280326 0.9995604404540432 0.016132320151934384 3.319071943274561 -0.9813162740192215 -0.021333069011943154 -0.1912152465457823 -18.268653327315608
-0.1841088839076776 -0.02326594685854516 0.9826304567756105 108.4667300619984 -0.02790230776130031 0.9994406293377298 0.018436096403429404 3.322410033839254 -0.9825097353654381 -0.02402340828813045 -0.18465507240896145 -18.430105935069225
-0.178254349972577 -0.02700685299708077 0.9836137537707819 109.34364614338712 -0.02889333269573191 0.999335894553715 0.022202368843439818 3.3274368373750267 -0.9835601466314035 -0.024462210605758164 -0.17891628827664569 -18.583623476813695
-0.1709658738674002 -0.029820437474637616 0.9848255741407093 110.1975344387794 -0.030159711788207925 0.9992318774556337 0.02502092846682098 3.335143862002046 -0.9848152424478454 -0.02542433057743643 -0.17173392692499861 -18.725655182175323
-0.1662389868401613 -0.02647212546510802 0.9857300978603204 111.0316306665177 -0.03312172408024632 0.9992254217459162 0.02124871597646181 3.3416416768006028 -0.9855290714374231 -0.029116715303342373 -0.1669870241714469 -18.858493773136473
-0.16235649323959972 -0.02421004414217316 0.9864351184267387 111.88436781935303 -0.033278049367100326 0.9992646076321241 0.01904771283219864 3.3475353047573977 -0.9861708475377179 -0.02973411670877577 -0.16304276055773909 -18.99171183092567
-0.15737139776176884 -0.023655215013411363 0.9872561339232977 112.72340591597755 -0.034418969994742546 0.9992370678582911 0.01845580457379177 3.3531071340485115 -0.9869395005120669 -0.031075923488035853 -0.15806552219999653 -19.119118305346113
-0.15095920291037274 -0.025020144135586193 0.9882233105144301 113.59667638685394 -0.03512054089186038 0.9991842846985206 0.01993270726643677 3.3550128028356148 -0.9879159208475833 -0.031697911586424585 -0.15171478417389367 -19.244831068788503
-0.14248158827379387 -0.026350546497900786 0.989446636106384 114.47602344524931 -0.0334297183490263 0.9992033667885292 0.021796461400255346 3.3558877534971137 -0.9892327587247006 -0.02997132792737111 -0.14324897405631953 -19.372053295986756
-0.13440449137767663 -0.02697311890007704 0.990559379115816 115.35543187920443 -0.03223565792453278 0.999219407368126 0.022835023474134124 3.3575052937006626 -0.990402087566298 -0.028862203583476707 -0.13516907245603693 -19.4940129037956
-0.12792973655544998 -0.027208765831261323 0.9914099382025543 116.22156674902176 -0.03187834456244681 0.9992199129724504 0.023309583164155833 3.3622021827886854 -0.9912707771607165 -0.028622518779247316 -0.1286973106398131 -19.60822009468193
-0.12007825621459461 -0.027664643742189677 0.9923788993479659 117.07507565858052 -0.03470926029377917 0.999117520026886 0.023652662116224688 3.3725825561508374 -0.9921574873145498 -0.03160456710577336 -0.12093250887886114 -19.711316810726842
-0.11371601926262065 -0.028759515584397162 0.9930969525813752 117.91906388061945 -0.03827166096815806 0.9989658246195112 0.0245471222141928 3.3800184894500305 -0.9927758795064482 -0.035216068855154284 -0.11469909138518652 -19.804713512985813
-0.11007109247629271 -0.02902448102151004 0.9934998410178572 118.77349894763081 -0.038945238901700784 0.998931845498896 0.02486838183435624 3.3859404920783636 -0.9931604215674147 -0.03595479870061701 -0.1110838848908034 -19.898396399371457
-0.10517433018804861 -0.02953502976876366 0.9940151116990393 119.65184801748002 -0.04027124194903698 0.9988654288871155 0.025418144032189408 3.3935708610390023 -0.9936380565081923 -0.037356886791022156 -0.10624441476099006 -19.99163746499577
-0.10243475280635783 -0.028417168423089792 0.9943337397254076 120.51666541023731 -0.04190619297866065 0.9988277385209265 0.024228490485529927 3.404715075526166 -0.9938566256797486 -0.0391869021483698 -0.10350552783536959 -20.07714531871879
-0.09767004657296935 -0.02991731746328948 0.9947690767802521 121.39171899637975 -0.043782031132700336 0.9987095338764227 0.025737146194443318 3.415197616169468 -0.994255347359183 -0.041039262421973956 -0.09885384761116328 -20.16274575478471
-0.0924702040808204 -0.03239025243626553 0.9951884911434449 122.24747237385643 -0.043902384882073375 0.9986314197933792 0.02842301889535881 3.4243404047645143 -0.9947471246296306 -0.04106286581054254 -0.09376566051869772 -20.238538149034586
-0.08834956446776765 -0.03346705769898621 0.9955271520693589 123.13322424578949 -0.044286123605085645 0.9985791126280987 0.02963941765477456 3.433773116847241 -0.9951045642114154 -0.04146940886788493 -0.08970615594125819 -20.31180919165596
