1.0 0.0 0.0 0.0 0.0 1.0 0.0 0.0 0.0 0.0 1.0 0.0
0.999890284883936 0.0006890540460250006 0.014796736101012307 0.008595663122832775 -0.0006879850872343943 0.9999997603480346 -7.733300190897375e-05 0.012296633794903755 -0.014796785841563274 6.714458353245447e-05 0.9998905193171721 0.15017390251159668
0.9993416020084046 0.0031708573747791877 0.03614288531349442 0.019140383124013633 -0.003220857112543418 0.9999939348773808 0.001325250132451897 0.02382957504752748 -0.03613846392330727 -0.0014407886596561387 0.9993457537575782 0.32224889524297273
0.998057659833944 0.003718637597743063 0.06218584550529142 0.04258705062547014 -0.0038996111274279986 0.9999885069399977 0.0027890896308616175 0.033137256640009306 -0.062174759186072945 -0.003026172885145818 0.9980606903379288 0.5340959685514719
0.9957791341204437 0.0026135452991606824 0.0917446752204657 0.0809240047712387 -0.003027907313118185 0.999985834233142 0.004377569000068721 0.042921209676207994 -0.09173193461190418 -0.004636886241480627 0.9957729417183121 0.7838982987439866
0.9921589976284286 -9.109058544107409e-05 0.12498205922234336 0.13364788642749725 -0.0006635573335324119 0.9999818012312134 0.005996407094540028 0.05418773587975155 -0.12498033091897785 -0.0060323220142478 0.9921408811124051 1.0609776048316548
0.9868345323660102 -0.0036637822832936906 0.1616916275795963 0.2043506863962924 0.002588678056965668 0.9999731242029579 0.006859272388032579 0.0612254848508945 -0.16171241286888163 -0.006350399291104849 0.9868174947542063 1.3472844320929007
0.9795125588864476 -0.004588487449042558 0.20133080431631284 0.2877033822821418 0.0029437321999143144 0.9999598124323746 0.00846805532252206 0.07096912924748577 -0.20136156888656448 -0.007701902566255008 0.9794867019375002 1.6567522592399326
0.969934753961856 -0.0059562938390432234 0.24329220213697103 0.38792250162019903 0.003333285212666728 0.9999318168063569 0.011191556997546044 0.08165040737840878 -0.24334227389963467 -0.010044117783124619 0.9698884747388815 1.9960416456154537
0.9583369518691456 -0.009715138599376942 0.2854748723866082 0.5120367490810179 0.005353953408118542 0.9998568007426567 0.01605344796494867 0.09027686763964016 -0.28558995406886956 -0.01385619322377236 0.9582517331287675 2.3446953489158817
0.9456380133230093 -0.016350160328523954 0.3248098213043189 0.6455423674791265 0.009975910445120653 0.9997237772997875 0.02128027989092409 0.09671496642477867 -0.32506803744647517 -0.016883167909983517 0.9455399143727463 2.6451447223945515
0.9306306295702165 -0.020975397328896014 0.36535826802282384 0.791096456550648 0.012591482459252346 0.9996002263577878 0.02531485798770773 0.10553196306944246 -0.36574319662192073 -0.018958380003428865 0.9305226993214215 2.953265349812811
0.911989965287288 -0.022922438979797094 0.4095715627414927 0.9686847560848404 0.011686949130326823 0.9994841282170219 0.02991475659745084 0.11857418671040089 -0.41004599551186466 -0.022495315811898578 0.9117873887761372 3.290537884386077
0.8908214879411616 -0.02646708076533289 0.45358193334617786 1.1625159750024827 0.011986836888991515 0.9993234526517373 0.034769997434683585 0.1331486308763479 -0.45419532402226676 -0.025536848199661143 0.8905360616057812 3.6182783912031513
0.8667718609806372 -0.03249231988062246 0.4976452452911996 1.3909394585035755 0.014643142277706057 0.9991031928227262 0.0397289375099458 0.1524587730901763 -0.49848983880957665 -0.0271488349696562 0.8664703234175956 3.9629943648209003
0.8406724864866135 -0.038252557090660035 0.5401911812871812 1.6101436468646022 0.017387644975903914 0.9988944626640767 0.04367519045450588 0.1660339559945808 -0.5412646674840381 -0.027323878477830216 0.8404082135476321 4.251681275457545
0.813244430712819 -0.04399258548784896 0.5802569675037755 1.8471549171584036 0.020150934239439124 0.998669252382411 0.0474727731993258 0.18622337078403906 -0.5815732419599969 -0.026914248420699532 0.8130486993213188 4.524128459809832
0.7803595007037235 -0.04873879850310166 0.623428888632785 2.1132683808208768 0.02174185034000936 0.9984699073265759 0.05084423376403166 0.20472626745535896 -0.6249530715223568 -0.026122283279470773 0.7802251500118661 4.808715191410035
0.7449581700874264 -0.05290167643397474 0.6650103288299126 2.397756497426491 0.022746106383899137 0.998285447241528 0.05393311107431986 0.22866316465893577 -0.6667232855273361 -0.02505151604709029 0.7448842071620104 5.090758411653666
0.7070167923527937 -0.054013462088810166 0.705131052531618 2.7192007872033512 0.019158086292840337 0.9981759499394501 0.05725155624148944 0.26132499604207815 -0.7069372129551271 -0.026968850098901355 0.7067619528975653 5.382080311775418
0.6686502165478696 -0.056734381041436285 0.7414095345477644 3.0499603080347253 0.017678984968545818 0.9980160791147995 0.06042647862323698 0.2869256755192397 -0.7433668955508911 -0.027296809999846138 0.6683266736879977 5.653467951839219
0.6332858366848344 -0.05938394675148688 0.7716363106558722 3.396001631436005 0.017831210915441237 0.9979067010682494 0.06216320358839618 0.31554736906165165 -0.7737125415628715 -0.025607866590169382 0.6330190677989265 5.904819843159818
0.5980449831523795 -0.06281757741480096 0.7989969650092581 3.7924823092718687 0.018338632005760285 0.9977351947253364 0.06471611686861486 0.3456993643664586 -0.8012527021498446 -0.024050637707354088 0.5978425161557533 6.178569272576992
0.5644989127485203 -0.06396851046705213 0.8229514002505647 4.209074897525803 0.01689904975146106 0.9976792626016702 0.06595840425666208 0.3840828350610489 -0.8252608070320777 -0.023326350833644274 0.5642698660512978 6.447294403645352
0.5331475481498491 -0.06506729751139709 0.8435164128197907 4.622012562906674 0.01717364880985496 0.9976649791479706 0.06610336729876348 0.4221610524762442 -0.8458479518733613 -0.02075659356066894 0.533020080424178 6.697957959206492
0.4995926006417217 -0.0654204640587704 0.8637866613153832 5.106287239396747 0.018572560116128702 0.9977239585748959 0.06482254620401892 0.4637706634492785 -0.866061368145915 -0.016342134743493917 0.49967053268854217 6.963201124088714
0.4704976993819486 -0.06410445415199378 0.8800696187428405 5.60262532998365 0.019990715493170396 0.997876042975842 0.06199817859378409 0.5066854988349585 -0.8821747480915358 -0.011576779031775522 0.4707798763932936 7.216592796586281
0.4449181188317365 -0.06294345138954897 0.8933565858392718 6.145962019538031 0.021268552689164544 0.9979883737665063 0.059723148723022396 0.5511249970074125 -0.8953186674038116 -0.007571509364420453 0.4453618259844544 7.4747451880489955
0.4216952614015717 -0.06267691423996492 0.9045687983414065 6.73536126773042 0.021696279547099694 0.9980199548975549 0.05903762427551265 0.5947889081545367 -0.9064780074360735 -0.005270108882990881 0.4222201416170091 7.746592417114306
0.40531172712388214 -0.06424079212460546 0.9119185953159739 7.344749905626085 0.02400082838866722 0.99793181556079 0.05963263978898671 0.6427363775856514 -0.9138634274838409 -0.0022830065152173763 0.4060152999441499 8.012274949351625
0.3935472224988462 -0.0667618882827413 0.9168770004402808 7.972664008854883 0.026055889340738148 0.9977688910431581 0.061468127490350355 0.6895566779852413 -0.9189350762127361 -0.0003005651834924773 0.3944087161390626 8.280002169371043
0.384461740249843 -0.06866668716044483 0.9205835412163699 8.606568805270276 0.02576560630133948 0.9976393731908813 0.06365386548537308 0.7334352794678176 -0.9227812870967782 -0.0007530828076620436 0.38532340838612206 8.550178747367676
0.3777312542139416 -0.07059749652046912 0.9232199592052833 9.235576808559813 0.02524814082569009 0.9975035992540231 0.06594771307722044 0.7774475357285706 -0.9255709756549245 -0.0016009248300967796 0.3785707411632331 8.810887019549654
0.36752060951245336 -0.07269924430625661 0.9271695753533405 9.93504635668859 0.0244996970044028 0.997350884135801 0.0684907202490122 0.8259982135521959 -0.9296926193265639 -0.0024563775840062488 0.36832811429332624 9.091666957783053
0.35712204497862887 -0.07465700927662453 0.9310693722575951 10.629203176551519 0.02361090658849864 0.9972036850571915 0.0709037065210759 0.8708829717588291 -0.9337592677346509 -0.003337884693585022 0.35788613894005583 9.357482453051835
0.3464476046279959 -0.07632866269396572 0.9349588186112128 11.312350970130401 0.023992032489303858 0.9970790855765861 0.07250985783182132 0.9183306572436158 -0.9377624643930658 -0.0026893042054696586 0.3472669405778996 9.610317622664967
0.3356163984394818 -0.07763907629094782 0.9387938042675823 12.059506762979348 0.02334813687217726 0.9969771626782 0.07410399181369581 0.9731152830836836 -0.9417093487924548 -0.0029514286057099395 0.3364146124443413 9.874347649296569
0.3260040579500441 -0.08022078999646812 0.941958586697126 12.803941817472358 0.02152181628136442 0.9967647134296613 0.07743976682194093 1.027792123583321 -0.9451233600033678 -0.004973018583108703 0.32667583850373233 10.138937109853389
0.31638713314818884 -0.0835282624430623 0.9449456129066444 13.560337393125057 0.01961183911383888 0.9964789704877353 0.0815170972390251 1.0871427112814407 -0.9484274130078926 -0.007258839366364303 0.31691126755956495 10.396177304787862
0.3046303365899029 -0.0878072250591522 0.9484145977664696 14.35809502853576 0.019941133068837248 0.9961112456492013 0.08581804881916111 1.146400006811294 -0.9522618910998454 -0.0072303193987808476 0.3051966796024135 10.65541576773938
0.29352660572372297 -0.09085053002089605 0.9516240396959466 15.153898214458222 0.019205489415080094 0.995833278381103 0.08914724249841768 1.2072454586862678 -0.955757961467566 -0.00789068207867391 0.2940483909626032 10.900624929908387
0.2791853176913126 -0.09264062147906088 0.9557579576637456 15.938393148362115 0.01868035937982148 0.9956708597411025 0.09105263991699881 1.269621024609636 -0.9600555205606818 -0.007566658072577032 0.27970724539520087 11.124372425902626
0.2660029691621149 -0.09195708039285196 0.9595761125427006 16.722282622070868 0.016850246298732593 0.9957310682482977 0.09075080674449174 1.3306637233806082 -0.9638249268392113 -0.007970890209167227 0.2664169200945436 11.337244361883071
0.24944336882981005 -0.09157016871638932 0.9640502631855288 17.48589677752757 0.016053055958592882 0.9957734489186117 0.090429739705051 1.3927942448941018 -0.9682563220249201 -0.0070811460926172645 0.24985906473207925 11.532121977471885
0.22889599660780385 -0.0908172716791506 0.9692052651021227 18.304455501585124 0.01351055909889775 0.9958390736172416 0.0901221629233889 1.4596164946607968 -0.9733571222987768 -0.007534097285674876 0.22917056933283236 11.728483858559715
0.20571714949313136 -0.08977022049835459 0.9744853831208027 19.112822471911713 0.01008646856236594 0.9959253169113311 0.08961599347775544 1.5282989171077288 -0.9785595115047225 -0.008606430545905805 0.20578438180993586 11.907395586112852
0.18152142741755767 -0.08980489505300226 0.9792778217711315 19.90736315100451 0.006990291864145577 0.9959140889209825 0.09003478943355085 1.5936170075901357 -0.9833621444859197 -0.009497805704952442 0.18140750943344258 12.063132405220262
0.14945848075628926 -0.09028462333697468 0.98463742023088 20.70998122677864 0.0038971437911767062 0.9958685499997268 0.09072289342669945 1.6594974435650476 -0.9887603222218683 -0.009722032212556221 0.14919285267520427 12.19256085545191
0.1173821449548269 -0.09062464639265694 0.9889431760783883 21.501888999280737 0.0034414483516493413 0.995858652052082 0.09084988478943554 1.727379817663258 -0.9930808569693846 -0.007260757482293011 0.11720790468964282 12.290896995746166
0.08314228909187449 -0.09018467900524013 0.9924485293642612 22.30441160311284 0.00223232602381835 0.9959109923164393 0.09031230316966024 1.7942309705106088 -0.996535185773732 -0.005293302939284816 0.08300364123884207 12.362741677966014
0.04981786750287437 -0.08860520159029875 0.9948202341773156 23.14937826373942 -0.0008264880686786186 0.9960530207632723 0.0887563898873372 1.8686093230300003 -0.9987579771871355 -0.005243861125468437 0.04954800627228523 12.411348661357003
0.01873364045329523 -0.08636898882705224 0.9960870687266045 23.942754533814302 -0.004607570416513843 0.9962438661344934 0.08646924010452736 1.9375047576174036 -0.999813893187239 -0.0062094249645245556 0.018265323194140592 12.43001607780197
-0.012920514381546622 -0.08312878768892472 0.9964550491444589 24.774078963846137 -0.0043286633949395775 0.9965335457247302 0.08307920870176025 2.0025447832764374 -0.9999071571807704 -0.0032398923850957342 -0.013235562549564706 12.419850725343132
-0.042742696718509776 -0.07996162010719972 0.9958811179990619 25.577817674092532 -0.002371962464036176 0.9967973854306662 0.07993338597017548 2.0634636541062417 -0.9990832976640629 0.0010543758436706296 -0.0427954742967242 12.37952796510275
-0.07348766306554322 -0.07550158586027156 0.9944340470386909 26.3893113860384 0.0004302391055255525 0.9971276682309962 0.07573789106205958 2.1249737558405446 -0.9972960334181006 0.00599364503456553 -0.0732440983815239 12.31437522222561
-0.10391460177286582 -0.07273619347456972 0.9919229817365947 27.197214072705375 0.001524260116258322 0.9973094438993171 0.07329085714011686 2.182806056203089 -0.9945850552715363 0.009127938872768374 -0.10352414482839412 12.22821518765712
-0.13076959057811688 -0.0694863100658114 0.9889747048804989 27.955939512772424 0.005630799441850451 0.9974726554517973 0.07082793039180323 2.235426528430171 -0.9913967965843331 0.0148308576750768 -0.13004782729036368 12.120572888603334
-0.15940371862131097 -0.06156907182830194 0.9852916846720569 28.756075983623884 0.00841370916329983 0.9979323377069174 0.06372016052179233 2.286075370823265 -0.9871776253480494 0.01844718821416896 -0.1585561012991229 11.982703021658923
-0.18496988199657655 -0.049537802095326385 0.98149485424924 29.574103414311438 0.009723701688627615 0.9985875839245086 0.05223300543988308 2.3344025482393502 -0.9826960834254114 0.019205296024184366 -0.18422693675187757 11.829466042036769
-0.2075801390934126 -0.03461999761814574 0.9776052074425952 30.35227248529029 0.009653522253005042 0.9992523842217294 0.03743637449461099 2.372562648263894 -0.9781703815604266 0.017208381449445136 -0.20709074398876498 11.665951922781224
-0.23049737936456566 -0.020464121339651385 0.9728577377211243 31.148872392339566 0.008668351873321097 0.9996959840605804 0.023082442005745225 2.400425867083749 -0.9730343353560902 0.013753515584908673 -0.23024991428269387 11.485379958474391
-0.25534281806423625 -0.010377854898254674 0.9667948827909285 31.925458519447115 0.010676955920229336 0.999851153606685 0.013552610215702986 2.4195176290614135 -0.9667916258818607 0.013782988032065787 -0.2551940073074132 11.28337990807725
-0.2809106042405975 -0.006340984838034741 0.9597129906052464 32.71853832548749 0.011895636854423117 0.9998783531248281 0.010088249412504588 2.430822788502048 -0.9596602139554447 0.014250293458908913 -0.2808010022904563 11.054424344351931
-0.3051859699876794 -0.007151678929726828 0.9522659172789737 33.481285205975006 0.012603236972738054 0.9998538879781127 0.01154820820994113 2.4411858172179604 -0.952209368857757 0.015525984140699245 -0.30505124434424863 10.811484613651876
-0.3270015959434161 -0.01167933990770462 0.9449516121314252 34.23077357940989 0.013617127695347023 0.9997615831369522 0.017068998705958953 2.446231758450554 -0.9449256743700998 0.018449116586322326 -0.3267645941857789 10.55368349873775
-0.3466377604302003 -0.013885363091845349 0.9378962947659739 34.9646982488994 0.01842538526388058 0.9995967038187548 0.02160867632591232 2.452634247036447 -0.9378180890886103 0.02477148373610451 -0.3462421195806474 10.274334648060483
-0.36206971887633355 -0.01411907753917222 0.93204408174842 35.69840809475655 0.01972877035509569 0.9995452361583845 0.022805624160610372 2.4614971625015487 -0.9319422161771022 0.026645309578272134 -0.3616265106216485 9.987429379050171
-0.3737425306630047 -0.011248728926603696 0.9274642779488322 36.44792370424574 0.02148787314019688 0.9995530884315493 0.020782076769712728 2.470036474918705 -0.9272835553818064 0.027696380710974085 -0.373333789542266 9.683327951757692
-0.3830547841956074 -0.008744740737391832 0.9236842327409798 37.206918652950705 0.022330592736894892 0.9995752920190972 0.018723787356074585 2.480517040543695 -0.9234556713415516 0.027798652743835646 -0.3826968225276402 9.36412701613182
-0.39137716902225944 -0.007433321897966219 0.9202003354127203 37.97287374080149 0.017940494229142748 0.9997156889839314 0.01570604553023175 2.4862931810447186 -0.9200554604125427 0.022655836443283943 -0.3911325387130547 9.047040521516104
-0.40191624308866875 -0.008497822576537495 0.9156370026123605 38.73955440556519 0.017800746440269154 0.9996954600208823 0.017091537081425506 2.4918779251545917 -0.9155033953883839 0.0231683884872079 -0.40164257593941205 8.706508580914168
-0.4108755815312319 -0.00804886466702471 0.9116558957627292 39.49624152689805 0.018821431956406467 0.9996730293405851 0.017308613697467758 2.496080684141994 -0.9114971257225568 0.024270356128201505 -0.4105897461127443 8.36075806872005
-0.41751739757624035 -0.006312678485077649 0.9086470012119712 40.24102900812372 0.020877321500391996 0.9996452552649049 0.016537867859337516 2.5035558679333594 -0.9084290617148558 0.025874963124759745 -0.41723749365937796 8.011984655510993
-0.4234283999151326 -0.003081790802134783 0.9059243305656176 40.99256333771132 0.021965672302422964 0.9996652994158358 0.013667420537538277 2.5164436121971536 -0.9056632372938703 0.025686410985173304 -0.4232189845754649 7.657552067722778
-0.4245161705430287 -0.002227405056969934 0.9054176161386492 41.75205353911088 0.021026712451443483 0.9997030281755231 0.012317987667377836 2.5244945670192434 -0.905176169765293 0.024267140816370304 -0.42434326619569673 7.30630868581643
-0.42458263589300965 -0.002225778239384425 0.9053864540677495 42.50440966415101 0.02328739947067092 0.9996392959358753 0.013378155579928979 2.5316506717457217 -0.9050896543017367 0.026764228590722947 -0.42437765462369265 6.954457387161838
-0.4226340477501756 -0.0035353836236388346 0.9062935301241735 43.279790147324796 0.021308419719403362 0.9996771995301228 0.013836473129844488 2.5413570047307297 -0.9060498953873148 0.02515944757431834 -0.4224222878428541 6.59880380365363
-0.41611422153565303 -0.00449980659572426 0.9093012187258844 44.077128625948426 0.019272916971664826 0.9997194739149742 0.013766922189461954 2.5527629894294495 -0.9091080845021569 0.023253499000547476 -0.4159107662432542 6.243142006128759
-0.4084852990115742 -0.0053249977411073245 0.9127493658669295 44.86049052895587 0.017956346296781264 0.9997425830346316 0.013868572201659334 2.5649895127777973 -0.9125882588106724 0.022054751558332506 -0.4082845304620362 5.897371375108537
-0.4032730338806273 -0.006400116217870664 0.9150573198751607 45.67016758182881 0.01546643603465768 0.999785028683053 0.013808902114678074 2.576912569572412 -0.9149489873764002 0.0197214333562413 -0.4030873547573467 5.547056705667391
-0.3981095818782154 -0.007931026292334635 0.9173035809581814 46.49772592089152 0.01218221990802293 0.999828737051941 0.013931621701479826 2.585797806206534 -0.9172569729006507 0.016721106036111086 -0.3979447829511828 5.201799345181505
-0.39679437428312664 -0.009704649017721216 0.9178562220330072 47.34938081420152 0.009005819528356239 0.9998548204002389 0.014464900173487555 2.598775923101515 -0.9178633448133141 0.014005638502015019 -0.39664936951704105 4.845385583151327
-0.39730132039586935 -0.011271260503507557 0.9176189947349394 48.20618066156819 0.0066667538263205095 0.9998627340186497 0.01516797660105682 2.609286664392847 -0.917663999078703 0.012143797075587064 -0.3971716417211442 4.487476046445765
-0.3982997762267513 -0.0121085788303705 0.9171753761284855 49.0892835980785 0.005889039896986588 0.9998584988545827 0.015757584756322735 2.620916855024061 -0.9172363967194128 0.011677524864871742 -0.3981721084483678 4.116413286608809
-0.3999488478992484 -0.012914994005493166 0.916446464335971 49.99043129457399 0.005640281047922148 0.9998471008004937 0.016551805054082894 2.630035691014768 -0.916520106868237 0.011788890986262845 -0.3998148518446379 3.7289493008673973
-0.39925556033317045 -0.013642743978735928 0.9167381704062381 50.907205393202375 0.005591614885172319 0.9998344552660097 0.017314615384047972 2.6414839561591172 -0.9168226280944543 0.012039003266560567 -0.3991131807073349 3.3312435367239
-0.3995126227100475 -0.014253473738925795 0.9166168789530951 51.82113392272674 0.006046555805685666 0.9998163981824777 0.018182658999874608 2.649160913318429 -0.9167077524807064 0.012806576895905667 -0.39935308704200756 2.940596174222645
-0.4008389028000551 -0.014774388225752952 0.9160294162605277 52.75271252729015 0.005828113650736417 0.999808603173359 0.018675923318843064 2.6585708446432634 -0.9161300164787324 0.012824760157287108 -0.40067607669236505 2.5370388447695578
-0.40022706234293964 -0.01582727641219473 0.9162793219808646 53.710251799059456 0.004087966971325838 0.9998100655131776 0.019055745185554817 2.668076870773947 -0.9164068894843503 0.011372344521136826 -0.40008634403802207 2.1275728013446087
-0.4008005666771594 -0.016204628522451636 0.9160220061579948 54.650735233022026 0.00416627741688943 0.9998009884416221 0.01950962951060104 2.676186855162078 -0.9161558534898707 0.011635872361140134 -0.40065328975392406 1.7212360446203119
-0.399191206168902 -0.01650147340786086 0.9167191948970999 55.61231708690553 0.002794871908554088 0.9998114833127133 0.019214227204001212 2.688408060320064 -0.9168634410905652 0.010232263259018798 -0.39906983246064365 1.3112376649990685
-0.3978828481221519 -0.01831682960880419 0.9172533635388243 56.547735349880575 0.001958087844467587 0.9997814431262542 0.020814222838671535 2.6948555129778278 -0.9174341420844321 0.010077684925942154 -0.39776002212934314 0.9127945542641316
-0.3971834833934568 -0.020272377685405393 0.9175152920918649 57.52751770475603 0.00426877038860324 0.9997043732184965 0.023936243798528656 2.7064233395363777 -0.9177292945737371 0.013423742801227044 -0.3969795271930247 0.4903347985202508
-0.3946915430725576 -0.021900323319523365 0.91855264501579 58.495243587244076 0.005856917059286438 0.999635616130291 0.02635017051888844 2.7159181763625244 -0.9187950165023558 0.015780076118770754 -0.3944194554634973 0.07620744786913325
-0.3928097275765096 -0.02231745296742822 0.919348926803265 59.44269197966171 0.006776187252435076 0.9996081042143818 0.027161024930031287 2.726536806372087 -0.9195948027297612 0.01689879528180853 -0.39250455985941785 -0.32671663321252115
-0.3921813087651718 -0.022666233782348895 0.9196086465999331 60.40593924617029 0.006504669274029854 0.9996030589497253 0.0274119283522198 2.740503691227436 -0.9198649413543667 0.016732196044621447 -0.3918781995501304 -0.7288767792939035
-0.390018953934286 -0.02246356834929783 0.9205327825064255 61.356308583387225 0.0061379937354618126 0.9996167501446275 0.02699403384448546 2.7529645752068057 -0.920786370774953 0.016178409294804602 -0.38973159798479395 -1.127304925083423
-0.39022978202768094 -0.021909750045065804 0.9204567779486398 62.288302378330336 0.0033234173522251834 0.9996767942100859 0.025204404673563083 2.764473950400684 -0.9207115031950736 0.012894571369709774 -0.39003084225924994 -1.515819009070133
-0.39182131836960105 -0.020001630579726957 0.9198238903427438 63.230717238844505 0.001217220790875731 0.9997515153208203 0.022258166754473244 2.7780471647906246 -0.920040527827255 0.009840853005497517 -0.3916996103744172 -1.9100527517790844
-0.39520560914660396 -0.019575665865921105 0.9183840807663034 64.16721747246383 -0.0006297815257197015 0.9997784447171731 0.021039602043308073 2.786745191317896 -0.9185924721410971 0.00773658741414601 -0.39513037764881054 -2.3051197209120513
-0.3997304852613187 -0.021567864370441333 0.9163789425664739 65.13035597526516 -0.0013746568319931846 0.9997361250978851 0.022930121954757902 2.794967001513674 -0.916631686923022 0.007906162201982902 -0.39965465483075635 -2.7241642779629434
-0.4045644771968684 -0.023920270223338994 0.9141965896145463 66.06683726947726 0.002071682934324238 0.9996313261662162 0.027072492995503697 2.8033643907930674 -0.9145071306010928 0.01284649444846371 -0.4043657696444414 -3.1404474077100066
-0.4101585599517044 -0.025267638361327668 0.9116641388965484 66.98761785523993 0.0014992900892269838 0.9995961024939837 0.02837928836432349 2.818220367664433 -0.9120129976198653 0.013006857056116332 -0.4099550144124953 -3.5461297157935157
-0.4148447374465466 -0.02334270833506447 0.9095927450131132 67.90110551058567 0.0017598596370681022 0.999648418496077 0.026456422516098404 2.8258585311437576 -0.9098905135822464 0.012576063210584302 -0.41465780581964184 -3.9556346445069526
-0.4197109262760289 -0.02108618167844628 0.9074128670603816 68.78711777614838 0.001173151396327548 0.9997166765129565 0.023773733776803353 2.840780568476736 -0.9076570729522904 0.011042628496539319 -0.41956727502936675 -4.362121177571454
-0.42534559138998396 -0.019248462512165228 0.9048262952501009 69.66999798952051 0.000439520151596531 0.9997692931384262 0.02147480662376937 2.8520980071655546 -0.9050309026255079 0.009531903713829577 -0.4252390011563487 -4.7730659892151355
-0.4296093106140593 -0.018659534431266913 0.9028220544539889 70.54125769882145 -0.0006195852288560302 0.9997923407257716 0.02036888657308623 2.864150391684053 -0.9030146490217406 0.008191288109414399 -0.42953165942832633 -5.1835557642303005
-0.43246890836500185 -0.019904895974986243 0.9014291089230526 71.40616086592954 -0.00034505780474330776 0.999759873544672 0.021910640909220847 2.873835622339867 -0.9016487809744407 0.009164625806131586 -0.4323719294787053 -5.594454997793692
-0.4367678003430248 -0.025571143670622857 0.8992107679487008 72.31894266115646 0.0019475337977558488 0.9995666830346002 0.029370959795592576 2.8873137972148033 -0.8995721737001553 0.014579532865770472 -0.43652874077864995 -6.030410296448593
-0.4378478140099194 -0.032868018460663465 0.898448098183309 73.19550193299656 0.0044611691684677286 0.9992397772843886 0.03872938757966532 2.904235011446177 -0.8990380357562107 0.020965706644783224 -0.43736832236514284 -6.458377285283681
-0.4390861242859097 -0.035190190173561335 0.8977555491196515 74.07003905287719 0.005386098271311451 0.9991115871491321 0.0417974445361615 2.920834192701259 -0.8984288315748722 0.023188077537612047 -0.4385064967079955 -6.877384670374549
-0.4390436548251096 -0.03066851357239741 0.8979421537232058 74.92206206809779 0.0044613862905132275 0.9993305169798068 0.03631272318676648 2.9425002687548125 -0.8984546539420767 0.01994893751886509 -0.43861289846707835 -7.289131737937897
-0.4387909194486805 -0.025577939981136968 0.8982250820343993 75.73776254335118 0.00341782669876782 0.9995400656620412 0.03013263342258509 2.960615561352412 -0.8985826881651122 0.016291903591786235 -0.4385016834714745 -7.689525502304797
-0.4390982783978854 -0.022667706225863813 0.898153036515755 76.5859604541631 0.007078486935310547 0.999563359634349 0.028687716869767205 2.97589015042983 -0.8984111513837748 0.018954291623567023 -0.4387460973026758 -8.108778239979602
-0.43610209741868367 -0.02306478487442615 0.8996015653197375 77.43972439744005 0.00871470358870469 0.999516364800072 0.029851137971790693 2.9899737855023236 -0.8998549964124144 0.0208579048695287 -0.43569018033009155 -8.521378937088484
-0.43315618763597796 -0.025259117717047665 0.9009648683965553 78.28350260574723 0.00838779995117923 0.9994509796095357 0.03205283403255984 3.0073746372245616 -0.9012798466207069 0.02144099647162317 -0.432706507630356 -8.921897158513097
-0.4304216656301248 -0.02971246774711369 0.9021387692681022 79.1408896705903 0.00689483275714871 0.9993206777600159 0.03620282147173224 3.032195429598699 -0.9026016015039195 0.021802574656216565 -0.4299244081241725 -9.32293217556336
-0.426551343289916 -0.03474680802615764 0.9037956687601251 80.00845158819028 0.0058002026491729905 0.9991361588165051 0.0411496512090709 3.0571925022781974 -0.9044447518708906 0.02279463703139426 -0.4259813321447435 -9.722574992527822
-0.4250394289825511 -0.03790270514150275 0.9043809312193306 80.86464436252416 0.001874455392606316 0.9990839281484907 0.04275267164006164 3.083643711459799 -0.9051728952123833 0.019866792854864694 -0.42457901539583165 -10.10616331986616
-0.422994489608525 -0.04024799745919169 0.9052379579212023 81.73046510545797 -0.0022395767990560644 0.999056447695968 0.04337278654726745 3.117372253119488 -0.906129486363061 0.01631909978027568 -0.42268551066458 -10.490878707398164
-0.42053099356304685 -0.04100913841248967 0.9063508890156956 82.56873081680526 -0.000230789490449166 0.9989827523587707 0.045093316865208545 3.1400988862348918 -0.907278143784522 0.01875396108453537 -0.42011267387993906 -10.87594941611079
-0.4185376975526361 -0.03906497574639685 0.9073588724409278 83.41385936002622 0.003736291790143169 0.9989919671215317 0.04473354166966804 3.1649998472119805 -0.9081917395853132 0.02211283103961236 -0.41796983964446116 -11.262071166020261
-0.41374195177687056 -0.03674703634842035 0.90965227018871 84.26978469233069 0.005263929684787283 0.999071783032944 0.04275351905572094 3.1927733430926977 -0.9103789806361631 0.0224772700073241 -0.41316447566178605 -11.647907804467916
-0.4069768456626433 -0.03606993814100569 0.912726030447795 85.1109044869043 0.00902669086271507 0.9990124376129363 0.04350480831733512 3.219875605699548 -0.9133938722952734 0.02594434537935228 -0.406249338456425 -12.022121100023448
-0.39809244163004714 -0.03543717098752449 0.9166605777655265 85.9618039338742 0.013584580443413255 0.9989162749567251 0.044516680028470305 3.243770821542723 -0.9172447149431847 0.03017420320375876 -0.3971796197815472 -12.390556224648337
-0.38717297880760726 -0.035816919664533944 0.9213111487152363 86.7985362782476 0.011666790609861227 0.9989748655769166 0.04373904368464004 3.273889912885633 -0.9219332787561743 0.027683320092169526 -0.3863582059573276 -12.730197958701872
-0.37597754379195425 -0.03761593365087142 0.9258649621298684 87.65525990378197 0.010340726154210313 0.9989431669055386 0.044784134192108346 3.303819195632728 -0.9265710744172694 0.026411944803561443 -0.3751912222119821 -13.07226816993887
-0.3633495573774228 -0.04026177677119022 0.9307825140626881 88.50776507726262 0.012341889376290282 0.998770096433224 0.048020539744905937 3.3329303393940153 -0.931571133580391 0.028935856683283558 -0.36240576606581487 -13.40199907422015
-0.35044041017583455 -0.04198091993654253 0.9356436935484973 89.33267888470021 0.012314654413536812 0.9987020335481451 0.04942264130411041 3.3630392902981927 -0.9365040673710221 0.028841819430840483 -0.3494685697590712 -13.708819094813128
-0.3387896549943439 -0.04283876865714123 0.9398863812018734 90.16120041318085 0.012511616480140242 0.9986694473551443 0.05002793592008763 3.3949146668178942 -0.9407789480647764 0.028708445086950366 -0.3378028952789218 -14.008220468181808
-0.32385556554075795 -0.04222371558460848 0.9451638643698278 90.99220368988756 0.015723193924513816 0.9986254708639084 0.04999950114400758 3.424209431141912 -0.9459758738155474 0.03105361144967802 -0.3227465249616865 -14.29692343468827
-0.3100840156562291 -0.03899543829005371 0.9499090793476366 91.8287306408731 0.01713273230360135 0.9987669800936008 0.04659387254266835 3.450515517573397 -0.9505547710249636 0.030722553072228584 -0.30903357748698357 -14.571573069831127
-0.29762351448726826 -0.03147594835289639 0.9541642983781843 92.66721388953974 0.01862013263219007 0.9990748369493327 0.03876545930881871 3.4750475715153377 -0.9545017204201397 0.029304178028906183 -0.2967620778756001 -14.836147872519385
-0.28382497333875306 -0.02763466239758349 0.958477808790286 93.53764171638167 0.015204601475180865 0.999329244520242 0.03331487866679991 3.498830350836427 -0.9587555499725867 0.024028867654849184 -0.2832144221539375 -15.08927676483359
-0.2705725881635752 -0.02983478547323707 0.9622371641701595 94.43719053594236 0.013833575811107923 0.9992959808858847 0.034873697331890614 3.5216398216506186 -0.962600180092827 0.02274704730473621 -0.2699693781231003 -15.335621881092326
-0.2563207882854492 -0.033823678965792144 0.9659997992929114 95.3188720092439 0.013125411558827052 0.9991736282784274 0.038467962310659916 3.539790738175795 -0.966502652383395 0.022539283354667088 -0.25566502232749916 -15.566164268640524
-0.24495517186893356 -0.03388976105911617 0.9689419218250478 96.15475516505782 0.011184912026088295 0.9992236148421281 0.03777651763727124 3.557116689661463 -0.9694698868544757 0.02009108352444966 -0.24438593831311928 -15.767302931451237
-0.23813899291266205 -0.028852140568366227 0.9708024382124133 97.02335798462083 0.00842812997893353 0.9994596308493431 0.031771259458089944 3.5747944930285525 -0.9711945153673395 0.01574802486403623 -0.23776714035644297 -15.974355178545094
-0.23335473245417587 -0.023139837552964608 0.9721163082467356 97.89851195848175 0.0036795199656593884 0.9996886452201266 0.0246794195792814 3.585045313657542 -0.9723847129475361 0.009335980718184521 -0.23319693284854198 -16.1718440886091
-0.23033742914080035 -0.020939361691084582 0.97288550809886 98.76007468395238 0.000522027536507725 0.9997656591247805 0.02164149537449968 3.5945044284167733 -0.9731106803565862 0.005492719432421692 -0.23027252074266003 -16.367331177603084
-0.22679824037201246 -0.02155376177126038 0.9737032368836342 99.63193653932571 -0.0016387337687334535 0.9997621216943565 0.02174889829012027 3.6032853377124194 -0.9739403845799774 0.003336971487222869 -0.2267796108681276 -16.560534887171585
-0.22241904752181207 -0.022317926178080177 0.9746956845449765 100.50580907591302 -0.004314307612685482 0.9997507012829658 0.021907122906526223 3.6097706077793195 -0.9749416157131224 0.0006674243989287544 -0.2224598851374303 -16.751839384052264
-0.21732526559111787 -0.025845776169588615 0.975757000892098 101.37413055817201 -0.008120376064782447 0.999662659061433 0.02467037840795462 3.6188739861566357 -0.9760654631879547 -0.0025620172553459785 -0.21746183030423227 -16.941357863187736
-0.2124988261494184 -0.029849693427282498 0.9767053008392126 102.22994001429011 -0.009042782443760396 0.9995505913817738 0.0285804715500122 3.628911255481327 -0.9771194793733233 -0.0027588168919821104 -0.21267325162925965 -17.121906086874976
-0.20800642149110277 -0.03234287622935868 0.9775925874185414 103.07222514812275 -0.010712688615868615 0.9994685507958212 0.030787242044731968 3.6423959967332116 -0.9780687945748425 -0.0040687009368910315 -0.20824235580592382 -17.296728143833853
-0.20472052048766287 -0.033066182610514 0.9782617932122407 103.92672975991655 -0.016298081603980205 0.9994058359173651 0.03037017731826512 3.6573870280810103 -0.9786847710204193 -0.009726392027931257 -0.20513779824992906 -17.460523616253194
-0.20195873724661878 -0.03197791322424464 0.9788718412108781 104.78465052336425 -0.023290340820566028 0.9993409913961946 0.027841388969183846 3.671722475450766 -0.979117065765996 -0.01717544704204802 -0.20257042119888263 -17.628072780840384
-0.19787685710907632 -0.029512530277585252 0.9797825064662306 105.60239307966023 -0.023861186295193734 0.999395491309093 0.02528429828258883 3.678949387026793 -0.9799364230444852 -0.01837559543719549 -0.19846144281222045 -17.79276903857963
-0.19232126815240586 -0.027347153077957573 0.980950897361729 106.4692890621314 -0.025632103568859466 0.9994105722168931 0.022836449105267585 3.6850247988220803 -0.9809972095183991 -0.02075190014511853 -0.1929088737136822 -17.96276115452818
-0.18546842731216917 -0.03013925860876428 0.9821879084782428 107.32387136960217 -0.028627351415134273 0.9992709957008769 0.02525770975232678 3.69419768518718 -0.9822331379165057 -0.023432930706431106 -0.1861960271788916 -18.122529894588027
-0.17950933031211913 -0.03400039566249399 0.9831685376504318 108.18954554939542 -0.02953324981450904 0.9991383573731262 0.02916041805470298 3.7046918024800037 -0.9833128634805346 -0.023801594915574577 -0.18035879960009327 -18.275826937545588
-0.172283743454355 -0.03684551022924616 0.9843580243576523 109.03558544580228 -0.030644065886972688 0.9990170000372056 0.032030842364460896 3.7185935858397814 -0.9845705931863235 -0.0246463387262405 -0.17324348478405344 -18.41746782212804
-0.16753621215633052 -0.03343387774454671 0.9852988345853616 109.85796182684517 -0.033660839377121644 0.9990360527134872 0.02817646661812473 3.731483754418172 -0.9852911069875424 -0.028445407320293097 -0.16850012846774332 -18.549564611103424
-0.16375346384924988 -0.031035419186520884 0.9860129846169823 110.70255533558634 -0.03347004098221725 0.999104359628304 0.025888895850642784 3.7431210676158546 -0.9859333443159437 -0.028762498633353516 -0.16464555638809458 -18.682958820552084
-0.1589361323120545 -0.030485747094763392 0.9868180810411611 111.53444680868195 -0.03474534336983318 0.9990767084226325 0.025268395309373536 3.7541774106817503 -0.9866772861274338 -0.030271272049131114 -0.1598486256704449 -18.810660326803497
-0.15257444473640364 -0.03182493893138003 0.9877794349324106 112.39967129375523 -0.035431724928019166 0.999014990373051 0.026714076412226204 3.762577715442044 -0.987656636530127 -0.0309228438528381 -0.15355176992157954 -18.936646372633323
-0.14408756456574667 -0.033182270104342236 0.9890084482390606 113.27082258328066 -0.03338351457936293 0.9990317485151632 0.028654954424421335 3.7691085166493736 -0.9890016757780755 -0.028887755355144443 -0.14505579236521404 -19.064411253873
-0.13589896165727156 -0.03373006714546767 0.9901483498904788 114.13810545784843 -0.032354581055950155 0.9990382787511604 0.029592206315397485 3.7765957769540637 -0.9901942502888863 -0.02801428493253651 -0.13685958692963107 -19.18523967824454
-0.12934612265553702 -0.03418559436850334 0.9910100532747642 114.99340512576751 -0.03207434226923174 0.9990268323546809 0.030275812183468812 3.786311146618141 -0.9910806309892123 -0.02786993672480541 -0.13031672764837365 -19.299428694222716
-0.12174743192221454 -0.03474523927512748 0.9919527867635938 115.83702075687499 -0.03505300980877641 0.9989142126186257 0.03068684297638003 3.802262844522638 -0.9919419586466194 -0.031034886438092837 -0.1228331653100379 -19.402963343057333
-0.11545559208522321 -0.03581609528325131 0.9926667182770417 116.66894326893113 -0.03838029675754908 0.9987643127682029 0.03157214534145464 3.815073472453147 -0.9925708836536828 -0.03445366249501686 -0.11668755744991183 -19.496582207495504
-0.1114830349700397 -0.036186354259426096 0.9931072855836275 117.5124112094922 -0.03914348924747724 0.9987211787077799 0.03199678812124637 3.8265352075922454 -0.9929951259514832 -0.03530658530578415 -0.11275692826005795 -19.590142651348224
-0.10626479267456929 -0.036798730901929685 0.9936567049247129 118.37921765283801 -0.0404080726475491 0.9986492700928993 0.032662256624882736 3.8403357619669927 -0.9935164726881689 -0.03668090439079532 -0.10760822343265458 -19.68226577729258
-0.10337919998941159 -0.035803906980309726 0.9939973949938171 119.2321946932756 -0.041342154290420936 0.998642950009875 0.03167151202897161 3.856197068568303 -0.9937824547093675 -0.037819818092100756 -0.10471911989366678 -19.768726605693384
-0.09842629123409802 -0.037442573581529505 0.9944397009761289 120.09779568268578 -0.04309042153928629 0.9985150250085204 0.033331072647022265 3.872762351191051 -0.994210984029782 -0.03957017204696251 -0.09989354693225522 -19.85383650702749
-0.09320190134526535 -0.03987446821456529 0.9948484469356289 120.9449234599067 -0.04286811112218934 0.9984318604041065 0.03600201631590039 3.88884523036041 -0.9947239469493248 -0.039291817400068846 -0.09476509088771351 -19.930122947219072
-0.08926658920127983 -0.041110041095882253 0.9951590026591054 121.81886078285422 -0.04340069663254719 0.9983593636893838 0.0373491695428239 3.90492298081769 -0.9950617345593086 -0.039856561000967836 -0.0909043396158653 -20.00359252191733
-0.08403550123529219 -0.040046826526120856 0.9956577153908468 122.69655053315539 -0.04639381010044528 0.9982657797135168 0.03623599643074265 3.9231035975862807 -0.9953821622454853 -0.04314724485006841 -0.08574769002924348 -20.07376517421795
