1.0 0.0 0.0 0.0 0.0 1.0 0.0 0.0 0.0 0.0 1.0 0.0
0.9999493144459631 -0.002584406053300244 0.009730847054609523 0.009009994566440582 0.002570835968816816 0.9999957058582267 0.00140679334964657 -0.0015838812105357647 -0.009734440994221265 -0.0013817056339311825 0.9999516646058806 0.313882976770401
0.9998535440443139 -0.005156622549069952 0.016318691917904044 0.02112897077799361 0.005117914830678288 0.9999839923985847 0.002412860205890446 -0.0027704812459159295 -0.01633087290413365 -0.0023289891527591444 0.9998639299423273 0.6162136300990279
0.9997588719105474 -0.008279014895345197 0.02033853358805725 0.03212292286700927 0.008229309846732395 0.999962947277386 0.002526367307100059 -0.0033721057468522313 -0.020358695822580427 -0.0023583860342537457 0.999789958701185 0.9176432911686707
0.9997063068629808 -0.01083714211819497 0.021676170535633223 0.04337840462511277 0.010790867936698588 0.9999392440790229 0.0022506265450127614 -0.0007418228105645647 -0.02169924393965236 -0.0020160608578191227 0.9997625109550093 1.2468583407825409
0.9997334401895501 -0.014175065097650872 0.018224052684421125 0.05038351092901043 0.014141778891772245 0.9998980906370493 0.0019540803871795766 0.0014653850914071033 -0.018249894699515986 -0.0016958389843068741 0.9998320186279273 1.5992765439450243
0.9998268415780537 -0.01727911709538513 0.006907892041553738 0.052613540867221004 0.017274229083617452 0.9998504954586276 0.0007666424876953015 0.0007420599232099293 -0.0069201061856374 -0.0006471812274812379 0.9999758463517199 1.9145701816830196
0.9997907566407396 -0.017756983206081902 -0.010155416444260228 0.037766600319150224 0.017763387075768928 0.9998420723758966 0.0005407279063905317 0.005021214285269867 0.01014421092711657 -0.000721009355881976 0.9999482862279303 2.260391251607965
0.9994641634474196 -0.015827437051849833 -0.02865097242188407 0.00854364457765508 0.01584217142061416 0.99987446364149 0.0002873366019042699 0.006222266425199428 0.028642827881159117 -0.0007410762529248514 0.9995894353268036 2.610970738429402
0.9988087198459825 -0.0143927217790756 -0.0466260733862474 -0.028455872703083064 0.014372940299381933 0.9998964155034834 -0.0007595067055047179 0.008393602583507267 0.046632175016612806 8.844815106447227e-05 0.9989121244784972 2.9535340752041472
0.9976928606524396 -0.015337966889717874 -0.06613397443706186 -0.06527623628978574 0.015272145827578392 0.9998822477367139 -0.0015007407498085744 0.006199016621277359 0.06614920532382239 0.00048727063001405345 0.9978096237270715 3.349174307342521
0.9961005230426877 -0.017109439410905883 -0.08655065035647524 -0.1131536804244217 0.017065713786151814 0.9998535947967552 -0.0012451445601509665 0.006807641380629662 0.08655928261632853 -0.00023675947935876992 0.9962466735391872 3.7681142001036463
0.9943624424367553 -0.018099868946970382 -0.10447836051218039 -0.16939569707555802 0.018163513903252305 0.9998349711697561 -0.0003423282919375604 0.004605344066255526 0.10446731466778016 -0.0015572957572657599 0.9945271011873068 4.169983347730649
0.9922995478052942 -0.018073765099649336 -0.12253549053450424 -0.2400545740461657 0.0182597133001913 0.9998331996617515 0.0003946192332190911 0.0005600331826351775 0.12250791931791064 -0.002629043412936928 0.992464053674051 4.6072372151808985
0.990128849960057 -0.018525174233047684 -0.13893048044403353 -0.3164651280979974 0.01887892203929256 0.9998210222577792 0.0012287204903885754 -0.0034669661631435422 0.13888285271914988 -0.0038394493152551674 0.9903013742540937 5.056531981006407
0.9882194487044934 -0.01922123867666179 -0.15183170020098655 -0.393674571262978 0.01964890323417231 0.9998060746450107 0.0013167021796434842 -0.005276440768143985 0.1517769475377654 -0.004284517087204333 0.9884054841558945 5.51295855750285
0.9859796889721097 -0.020934707567395485 -0.16554694486317045 -0.4734561105923917 0.021343443214351995 0.9997719644973687 0.0006902440352626201 -0.010523661040063855 0.1654947442253611 -0.004213908416199631 0.9862016693403244 5.974315778856037
0.9841229711808099 -0.022854532494327395 -0.17601036315717428 -0.5592318920150982 0.023013133937142966 0.9997345124069748 -0.0011403371341462691 -0.013697443880732994 0.175989696461599 -0.0029283180930573887 0.9843876531593131 6.435693517566342
0.9823966054306156 -0.023011262965380985 -0.18538444221439335 -0.6600216667495169 0.022811941085622737 0.9997346256238875 -0.0032083753788851596 -0.016916379198681407 0.1854090747032349 -0.0010770818928218272 0.9826608341194263 6.920934081022847
0.9804481864994499 -0.023775969832316668 -0.1953357541477568 -0.7693454779352809 0.023349741901859053 0.9997172982287665 -0.004484771487157948 -0.019052615739638117 0.19538716217565752 -0.00016395337210666503 0.9807261748195748 7.430059332447177
0.9787422534161082 -0.025159258629679063 -0.20354511313997145 -0.8789792598420896 0.024042968844143565 0.9996792707494164 -0.007955581881593083 -0.026128132940061482 0.2036799868104827 0.0028926353244247646 0.9790332454180306 7.944500655831066
0.9762732360471459 -0.028463021822837258 -0.21466351568617004 -0.9966218507742424 0.027134958990081757 0.9995900699880819 -0.009131592513253406 -0.03230068724738294 0.2148354313856084 0.0030900436783667965 0.9766453752777542 8.476467930534541
0.9741142096698648 -0.033152846322605053 -0.22361215373938131 -1.115694217659317 0.03158395417062669 0.9994449981376056 -0.010590067831210356 -0.04063490583426644 0.22383913946895595 0.0032533795400499855 0.9746206724481921 9.012279775213582
0.9710173182196656 -0.03576633469512391 -0.23631787283226163 -1.2466381772433248 0.0336276546416294 0.9993488920216901 -0.013075659001510307 -0.052787208452373426 0.23663167277605063 0.00474987552435358 0.9715878190476203 9.558162583318644
0.9685564807179703 -0.0324080864006572 -0.24667399456583944 -1.3980222865462921 0.028869714884647853 0.999422030041365 -0.017948410249274703 -0.05841876875381605 0.2471130980375168 0.010262641172946894 0.968932296383218 10.114399017999819
0.9661432130756948 -0.030733676912792905 -0.25616934424554566 -1.563533724243097 0.026139976660547598 0.9994309429773771 -0.021318814215079473 -0.06834424160397624 0.25667877482947216 0.01390076698499433 0.9663968000926277 10.686090663894776
0.9627982885070046 -0.03304756537069321 -0.2681926808677905 -1.7295074498540863 0.028022542819915626 0.999353043892748 -0.022543973833493047 -0.08358768152237446 0.2687641954239604 0.014189858539428175 0.9631014770898975 11.269605144061117
0.9592543776978865 -0.03492872930969315 -0.2803765730874299 -1.9063409821892177 0.02939198490928699 0.999281489451452 -0.023929397459611767 -0.10088433626094864 0.2810109430085117 0.014713555263701928 0.9595917679935407 11.856723040668896
0.9564581538632662 -0.03377678935164443 -0.28990848281753934 -2.097122589030795 0.027109372135250737 0.9992681864041522 -0.026984691641542147 -0.11631501875058249 0.29060778009355726 0.017950491404172295 0.9566738723344772 12.452821818208372
0.9534676266608539 -0.03346747361575901 -0.29963212965150576 -2.295262469356265 0.025533110714739293 0.9992129258714738 -0.030357684835925627 -0.13415234183468208 0.3004122919704637 0.02129452937134319 0.9535717056686958 13.04655053896493
0.9514699850326914 -0.034300364750910924 -0.3058240549071386 -2.488433432299488 0.02434626313962627 0.999044158503232 -0.036304666803390784 -0.1553693200493672 0.30677699889826504 0.027097127864842373 0.9513956162440788 13.63866229434247
0.9494568538540049 -0.03547383935849486 -0.3118866611300048 -2.692186879592183 0.022973267567931485 0.998782059915346 -0.04366492606784632 -0.18258502589335054 0.31305576443647704 0.03429290761113671 0.9491154222962911 14.25053996097651
0.9485307525128658 -0.036037508242593004 -0.31462789058988705 -2.904645200690408 0.020768889857319183 0.9984441646932867 -0.05174846088551677 -0.20769719859835106 0.31600326699493386 0.042550534539419774 0.9478034539180255 14.86735455915965
0.9480315017350425 -0.03805291319209104 -0.31589277851130954 -3.1240716365469594 0.020010721445268248 0.9979878737433393 -0.06016456505692196 -0.24396510795013163 0.31754659932872836 0.05071666056478776 0.9468854089043278 15.500169972467958
0.947557321827971 -0.03912806440293324 -0.3171815196796357 -3.3427079669943995 0.01823907444466385 0.9974800551251777 -0.06856293306790952 -0.2840673883824046 0.3190649745954658 0.05918221188459029 0.9458831892907509 16.11989565954144
0.9471577711345671 -0.040271285557925064 -0.31823007422132693 -3.5653223676208983 0.017101457472294225 0.9970164904424864 -0.07527056488476147 -0.3283627972332912 0.3203118741659799 0.06585090238758942 0.9450206145492372 16.74168944947645
0.9465653356586741 -0.03990873608176886 -0.3200333703127497 -3.802912361206469 0.014629322093196203 0.9966059793162856 -0.08100928913477268 -0.3833416073200455 0.3221801487746807 0.0719987137064503 0.9439365110854339 17.41105945667172
0.9463189837382566 -0.041052600861928704 -0.32061669479156035 -4.0426591402969025 0.014100201602372995 0.996200655960604 -0.08593856746790145 -0.4409389941134306 0.3229265633721788 0.07680453779649861 0.9433024422964783 18.0813886895411
0.9461954336376249 -0.03965791190050174 -0.32115642821995527 -4.293126365502214 0.010936304589566527 0.995813917587078 -0.0907471144544038 -0.5009036852970333 0.3234108820142443 0.08235224079263707 0.9426682925776173 18.763067371089605
0.9458990283782799 -0.038048426312946936 -0.3222225090960195 -4.554151631101827 0.008388601860945824 0.9956362968003409 -0.09294081908678241 -0.562429164800082 0.3243526776085634 0.08520963413142747 0.9420905788613659 19.476744824645372
0.945751447706939 -0.038176735606843405 -0.32264025790132594 -4.8042364853863555 0.008300946645611068 0.9955873582641092 -0.09347141996075099 -0.630547124471904 0.3247849957202698 0.08572251118053843 0.9418950884423842 20.17989879635968
0.9445577083392076 -0.03776705924967992 -0.32616619207486186 -5.057278410771569 0.007658052843211109 0.995626639607131 -0.09310718947139689 -0.7022240236091382 0.32825613451028623 0.08544731558242881 0.9407160392042445 20.897343295801615
0.9436128587761229 -0.03627356302212159 -0.3290577477860583 -5.3114481882107585 0.006172093719339144 0.9957338575810859 -0.09206514066577934 -0.7696376228595492 0.33099347125203643 0.08484287531885171 0.939811155762772 21.597642385895416
0.9422220722752583 -0.03558206508842951 -0.3330938053482243 -5.564165309519551 0.005356541007441467 0.9958159946888958 -0.09122396719174697 -0.8358926420325581 0.33494607623579287 0.08416900478090553 0.9384704069113946 22.294579284843337
0.9394909226239149 -0.03400090631213115 -0.34088230326201924 -5.855687329699448 0.0036270757767241125 0.9959938814057225 -0.08934781767717523 -0.9151472189253625 0.34255459510649605 0.08270505771908707 0.9358505344333075 23.089577910326668
0.9360189569226927 -0.03509791548677075 -0.350195157890337 -6.151054584914251 0.005740255947646931 0.996405184986767 -0.08452074770813581 -0.9932531643665667 0.35190277313913015 0.07710281227017818 0.9328556129417992 23.87183011510483
0.9331831546583429 -0.03412669842126962 -0.357777260759774 -6.423902716742141 0.0053937475822617275 0.9966993378412909 -0.08100208289761003 -1.0580106579449613 0.359360692548479 0.07366001901707707 0.9302871031297175 24.566239876382532
0.9301009041551217 -0.03239617127801344 -0.36587265021637055 -6.732660870117701 0.004142679980154053 0.9969646787337282 -0.0777448876771718 -1.1278479833223338 0.3672807458776011 0.07079489701863861 0.9274119560711482 25.326952027881294
0.9270502535377209 -0.0319098064156836 -0.3735767547240611 -7.047550354170786 0.003098432610385036 0.9969897946196529 -0.07747095674910377 -1.1934058824581557 0.37492429519971976 0.07066196769674761 0.9243585122614588 26.08331771212049
0.9237938630234178 -0.03273168648720162 -0.3814885782562493 -7.37820324574644 0.0035584355249885843 0.9970302867614357 -0.07692817960295074 -1.262262267465751 0.38287365563183556 0.06970827770152473 0.9211669337546815 26.87368423206169
0.92084927961734 -0.0327041027056933 -0.38854477978019686 -7.716254133474836 0.0029269910463257335 0.9970280599270888 -0.07698363749161533 -1.3305009948821898 0.38990772876623125 0.06975306003496318 0.9182082953579314 27.657115812423072
0.917569601991816 -0.0327376388790737 -0.3962250276057837 -8.069622712065065 0.003007218563232574 0.9971470129525686 -0.07542407570718603 -1.3970634752957931 0.3975638088874459 0.06801530386900982 0.9150502370375699 28.4547063351709
0.9143360266889045 -0.03366831346998597 -0.40355430237681 -8.423429347978407 0.0040657319195319015 0.9972508195858257 -0.07398832785890959 -1.466839305780731 0.4049359210081338 0.06600945010743355 0.9119592383291091 29.251386671849477
0.9115567117211776 -0.033506587299398975 -0.40980686905373126 -8.792071852009878 0.004558104451263834 0.9974363860104295 -0.07141344093561938 -1.536703727956228 0.4111491031242627 0.06322945887797543 0.9093725587074382 30.056674711149004
0.9078433269309008 -0.032296245020985256 -0.4180639260981245 -9.177571537931755 0.005068028844426529 0.997801678194909 -0.06607666815946078 -1.6044976533592816 0.41927891531850925 0.05786850221811451 0.9060112734510352 30.883002245126157
0.9046570429283449 -0.033194050509258805 -0.42484560688670353 -9.554383101998647 0.007087510459557678 0.9979957114140804 -0.06288344133863193 -1.6707882938776102 0.426081449814033 0.05387685040805816 0.9030791123232114 31.69174855038276
0.90154181257871 -0.03362659688499102 -0.4313833702801124 -9.95820012791216 0.007945222805260744 0.9980940573566417 -0.06119743543590532 -1.7379592112931774 0.43261903981085836 0.051744609876694866 0.9000906963977795 32.5404430007626
0.8983629095002362 -0.033245822638331556 -0.4379940617307171 -10.370694712970431 0.0077259662476752405 0.9981733149687297 -0.05991946870489534 -1.8012702530540252 0.4391860565635143 0.05044550090382442 0.8969787395243836 33.38386279733462
0.8947022527531927 -0.03332961310722968 -0.4454177991599401 -10.794192864749814 0.008242655516636926 0.9982743082813618 -0.058141758275812236 -1.861017738531059 0.4465869876613026 0.048348136628946825 0.8934329970043151 34.23215518219318
0.8914010032968556 -0.03429447708839717 -0.45191607645954873 -11.22792274120505 0.009538482756062332 0.9983317140267118 -0.05694564175773274 -1.920932037182299 0.4531150722146325 0.046450808493729526 0.8902410087848163 35.08176038889743
0.8895382001341368 -0.034791876774985075 -0.455534099505838 -11.673807485995042 0.00986592438708681 0.9983264210043249 -0.05698263472922074 -1.9816109532552744 0.45675426001090424 0.04619396535446769 0.8883927417120885 35.94403900032111
0.8884099726341195 -0.03578900439255852 -0.45765365473120906 -12.123612189943724 0.010322662336365229 0.9982616736559852 -0.05802649008720882 -2.0444748141206595 0.458934813635371 0.04682710832563743 0.8872350639821031 36.80802087315703
0.8871814461079404 -0.03410661317711439 -0.46015847337565197 -12.587744403707763 0.008350607369258271 0.9982878984055498 -0.05789248011266535 -2.104547027753002 0.4613451517447522 0.04751853148633226 0.8859473122748295 37.68400083660174
0.8863219692921906 -0.033797075080166196 -0.4618345206521907 -13.060692441670927 0.008186418808062345 0.9983207800190487 -0.057346340155735157 -2.166915756602842 0.4629971374610346 0.04704655033245146 0.8851103167428928 38.57792747985517
0.8854161318292936 -0.033366872612554235 -0.46359996258467123 -13.537977994955634 0.008334094680658023 0.9983992835767159 -0.05594116033256963 -2.226247376608809 0.46472445208134333 0.04566751980957595 0.8842769143611843 39.48282977884898
0.8848267545534477 -0.034721202718955756 -0.46462463613992994 -14.02025121919789 0.010146225179211548 0.9984188378961062 -0.05528904275533962 -2.2898402498950956 0.46580969133437516 0.044207038081489 0.8837799891619159 40.399247229672326
0.8843688184150003 -0.03728744901393484 -0.46529715146483497 -14.507053290618051 0.01289975231100635 0.99837597909561 -0.05548874440097502 -2.353915444383395 0.46661053289180154 0.04307029731630906 0.8834135838232927 41.3261882510657
0.8835375026040717 -0.03962121519550928 -0.46668151966688287 -14.989898052787893 0.0149694552497826 0.9982952079032611 -0.056414477635705555 -2.414243934429825 0.4681211348590072 0.0428583385564106 0.882624362860271 42.238391970465464
0.8828463126735133 -0.04039928925418839 -0.46792123869999475 -15.49281426787299 0.01650514567749515 0.9983469447849865 -0.05505413703481127 -2.4768156721986885 0.4693718870628552 0.04088123366826804 0.8820537151267006 43.178222416701985
0.8802677823978635 -0.0404713285880688 -0.47274803313674835 -16.00494482820136 0.017893634954934328 0.998478416265355 -0.05216004294791003 -2.5420275934878727 0.4741396936562548 0.03745562460492191 0.879652560437931 44.129512790061575
0.8777901490756671 -0.04091607335940635 -0.47729480316316636 -16.494018793768365 0.020013915682675062 0.9986081230241185 -0.04879815374882371 -2.6017667679600627 0.4786270963545261 0.03328200070751068 0.8773872640197944 45.02352043449249
0.8750696688087161 -0.041766029973212895 -0.48219153193651254 -17.00215715638088 0.021402192103422674 0.9986343685003366 -0.04765862170795798 -2.6632202520605697 0.48352354741436565 0.031384658516713765 0.8747685307014748 45.95257059591017
0.8702885575112 -0.044930455969744605 -0.4904886143341407 -17.539733716667058 0.022713361782524387 0.9984322084304692 -0.051158854220870124 -2.7321584455803056 0.49201822106667015 0.033382320096226416 0.8699446481491695 46.90987802342698
0.8651219494962334 -0.04863544860059299 -0.4991979623749035 -18.071767569067298 0.024250115249470044 0.9981794757343243 -0.05522378231466043 -2.7937849372341486 0.5009749937973191 0.035669698094722625 0.8647263892281809 47.84804750436869
0.8594058149482158 -0.04967974359532649 -0.5088748061257264 -18.63305876274665 0.024744521529781564 0.9981433374015145 -0.05565596693283273 -2.856934455376903 0.5106949714726543 0.03523919802250061 0.859039489799669 48.79905155445467
0.8545238643650371 -0.04836834133050295 -0.5171551689653497 -19.19194428200938 0.02526267907484294 0.9983466943622918 -0.051630174334842766 -2.924648294861744 0.5187974193041105 0.03105449102498259 0.8543329891269412 49.72044326433407
0.8500445615167991 -0.048164627432439044 -0.524503967668508 -19.756722287235824 0.026277903707073058 0.9984481875793373 -0.04909876267584128 -2.98663550527461 0.5260548595084688 0.027953271433432063 0.8499911172498771 50.637777995864376
0.8466203356098061 -0.04822719141785209 -0.5300076842272058 -20.334040913045545 0.025376755889837257 0.9984110670711894 -0.050312636685793326 -3.0510035274477696 0.5315919747253971 0.029145825733968837 0.8464989623442182 51.55321205622739
0.8446800299356749 -0.051798913799533636 -0.5327593448800836 -20.8906498026358 0.026529962559914758 0.9981347490677799 -0.05498348652067915 -3.1114344010945794 0.5346136998940796 0.032309367567141714 0.8444787129661555 52.43680140421883
0.8433720017454043 -0.05475754378665492 -0.534532766133567 -21.465072259999815 0.024543277506223295 0.9976813504014368 -0.06347874124790422 -3.1787029006726493 0.5367693119033563 0.04041700705913824 0.8427604471848328 53.331576655135216
0.840510113659905 -0.05632388125052026 -0.5388602501913562 -22.03167407007587 0.024728033852075233 0.9975332595870607 -0.06569566469276775 -3.2482739333038753 0.541231256652112 0.04189291608961163 0.839829572237299 54.22040368656346
0.839159374267103 -0.05634388838718232 -0.5409592506104843 -22.6183626535844 0.0261672484836411 0.9976502286699168 -0.06331900458517972 -3.3219591483362336 0.5432557589997915 0.03897932113666642 0.8386619061560416 55.12611759013068
0.8366456014216096 -0.05439938902064774 -0.5450365529907636 -23.212638898405018 0.026432113614881462 0.9979064607740397 -0.059025747901064365 -3.397235579355757 0.5471064622098 0.03497716425913108 0.8363319418679802 56.03130132786003
0.8345097441658624 -0.054163837009168006 -0.5483245076163125 -23.775289550712078 0.027465625807466865 0.9980086683739179 -0.056783247965608415 -3.4667548944315945 0.5503082102706004 0.03232609798543345 0.8343356021996216 56.879582933308996
0.8329022741164388 -0.05386096845802152 -0.5507928810800199 -24.36149432240055 0.026240468478399975 0.9979769051181513 -0.05790971131710884 -3.533874691863619 0.552797647956012 0.033780067015339046 0.8326305708336323 57.75266587347042
0.8296896485675551 -0.05536461005454578 -0.5554726339013967 -24.97371509729505 0.02612937588203627 0.99783059787195 -0.06042643185330498 -3.607799772245944 0.5576130762238833 0.0356210317651656 0.8293363607850093 58.65972212602342
0.8266729668995164 -0.057846473837657224 -0.559701341129446 -25.570056426053156 0.02698899896665343 0.9976330120212514 -0.06324529437186442 -3.6825335292920487 0.5620350520495401 0.03717739622344529 0.8262774603471379 59.5353421217988
0.8244460617902176 -0.05958794459491164 -0.5627947832536782 -26.187655850614313 0.02791661686408364 0.9975129083569698 -0.06471985911668648 -3.7588991614683294 0.5652515844307424 0.03764670663117196 0.8240590826987844 60.4445898038824
0.8212485589896618 -0.061011420325504065 -0.5672992252306264 -26.803432970110435 0.029483155372980362 0.997475959805019 -0.06459452887287831 -3.839228389370659 0.5698083431353538 0.03632239255502146 0.8209745038016846 61.33877646005221
0.8190562091248619 -0.06092325198924431 -0.5704693538316195 -27.42669651587632 0.0293925726491263 0.9974959279393985 -0.06432690274981531 -3.91683433578391 0.5729598615671749 0.03591978718441137 0.818795924465645 62.22725075435652
0.8145154737240764 -0.06185458310500852 -0.5768349448611356 -28.067966516832346 0.029801609083579896 0.9974482141772522 -0.06487622161193157 -3.999856364756529 0.5793758772680075 0.03565207684717067 0.8142803707915417 63.12870891205644
0.8091299446893429 -0.06402174364112029 -0.5841317907357655 -28.681413838537125 0.03089299825367049 0.9973071351822872 -0.06651391413379758 -4.080031948738889 0.5868171395468269 0.03577281727303791 0.8089288907428329 63.98187169175043
0.8048097349186986 -0.06525168453791744 -0.5899351729173796 -29.30787462402485 0.03101669510265428 0.9972040975484765 -0.06798494287294765 -4.16047835553437 0.5927219037668539 0.03641710446332985 0.8045834570120763 64.84121918810312
0.7996312047716898 -0.06600174375168735 -0.5968531696967962 -29.96709872404167 0.031182468510940812 0.9971641792281868 -0.06849272458984977 -4.248300361027629 0.5996812403376817 0.03615756471215155 0.7994216912876123 65.72254507864841
0.7946199162094619 -0.06806133869935829 -0.603280070065073 -30.61933347640258 0.03170257095333632 0.9969921547593592 -0.07072192264948032 -4.3328374687491005 0.6062789257084703 0.03707151902393042 0.7943875418956682 66.59024390425301
0.7891942843247799 -0.06863539879182412 -0.6102962916664214 -31.30109581482797 0.031887861925663244 0.9969745275005653 -0.07088692246694311 -4.422075010219573 0.6133152092121215 0.03648251016188217 0.7889952348407308 67.47363596280384
0.7846249610229243 -0.06966936723481555 -0.6160437077098303 -31.987259478779944 0.033171075028479394 0.9969601349079812 -0.07049942684671175 -4.510911969611047 0.6190826684064329 0.03488077799247431 0.7845508148013169 68.33946036756136
0.7802878971804084 -0.0705170981790194 -0.6214323264669994 -32.66763973872923 0.034270611866749456 0.9969512500825154 -0.07009800368904086 -4.602598589835829 0.6244808425212542 0.033399757833264515 0.7803256586199279 69.19394153802918
0.774888272478813 -0.0717711762221821 -0.628010400740693 -33.368210350033806 0.035068292887817855 0.9968840245270081 -0.07065731722030143 -4.687565259990312 0.631124694500806 0.032728273809056366 0.7749906322561224 70.06245973231933
0.7697784456411536 -0.0747875082457627 -0.6339147996668633 -34.085156173441106 0.03690759772063107 0.9966659063064871 -0.07276606651977781 -4.776583417847327 0.6372432611309291 0.03261747716575633 0.7699721594490022 70.93619231804144
0.7656141702306667 -0.07397067885134502 -0.6390330828777794 -34.812098306904346 0.03531605374987018 0.9967020112826959 -0.07306077643007255 -4.866734293756821 0.6423299142104032 0.03336823902006135 0.7657015358056662 71.80128070777184
0.7617850626355059 -0.07443218319409166 -0.6435397178499394 -35.545749341760214 0.03648313921439468 0.9967302439109162 -0.07209577953215032 -4.961883726994525 0.6468017462085902 0.03144313881034315 0.7620097309898818 72.66671392333932
0.759752275309156 -0.07389085360437556 -0.646000481359091 -36.281968864406956 0.035559981050974986 0.9967568245751133 -0.07218947576060801 -5.052944996142903 0.6492395304586859 0.03187435358644711 0.7599158227548835 73.5236274463004
0.7564805822858357 -0.07390490492516788 -0.6498270490311133 -37.01742599949645 0.03499986351692471 0.996745685980206 -0.07261574921217392 -5.149060236932826 0.6530789677966056 0.03218854622145263 0.7566054185068131 74.3709104038825
0.7534030224232 -0.07507442888077596 -0.6532593022160594 -37.731793041033896 0.03390283939861112 0.9965746565021328 -0.07542911572044325 -5.238706399048115 0.6566844624964866 0.03468117855381141 0.7533675945843565 75.18798317344262
0.7510087622597341 -0.07743817656068293 -0.6557355929184101 -38.486010994573725 0.034224742191566085 0.9963293914103976 -0.07846279904328964 -5.33109289511722 0.6594046603042953 0.036483867979468884 0.7509024046746912 76.04952817219177
0.7492619974846317 -0.07781940441566274 -0.6576857908011481 -39.25186115281549 0.03336670351802684 0.9962469744795182 -0.07986631916362832 -5.426291411694073 0.6614326286339979 0.037895991038604346 0.7490465750816315 76.91855574468812
0.7467792106805848 -0.07737532420615595 -0.6605557279285944 -39.99856138587153 0.03367130322959307 0.9963342122720321 -0.07864083414543753 -5.525199227619079 0.6642191308853606 0.03648556783526434 0.7466470046184038 77.76740851809637
0.7437345403633076 -0.07794727158184626 -0.6639150219143453 -40.757274098167095 0.03464304068478195 0.9963381419592441 -0.07816755470982706 -5.622698531814012 0.6675768069688253 0.03513587525802036 0.7437114205571679 78.62016417724861
0.739267508217546 -0.07824848144340725 -0.6688503019701953 -41.518896243421366 0.03415945709904354 0.9963049051488233 -0.07880144330590119 -5.722400331981218 0.6725449299374128 0.035407783440866585 0.7392087702992205 79.45409275705937
0.7360105278126722 -0.07898745054254529 -0.6723462542512606 -42.326306447204345 0.03450469470661238 0.996255954143926 -0.07926853017420646 -5.825547549823254 0.6760901781508997 0.035143370492378284 0.7359803085126124 80.34103855926081
0.733163637456994 -0.0787576498132788 -0.6754763602871078 -43.15103299989377 0.03418784962796942 0.9962838554263475 -0.07905485661632852 -5.934684560352474 0.679192367189624 0.0348670620027248 0.7331316500729274 81.23201282667252
0.7305883507872876 -0.07889828941794647 -0.6782445883461463 -43.93374820514601 0.033958227075515074 0.9962710757377058 -0.07931445304811957 -6.033950403940265 0.6819732403165093 0.03491423170222374 0.7305432881882117 82.07357418557989
0.7291069253861784 -0.08115132550882995 -0.6795715957293047 -44.73122008955824 0.035738192295789874 0.9961050548267123 -0.08060708008668746 -6.137525691136347 0.6834660730170465 0.03448451995943147 0.7291672955624278 82.93252304346416
0.726303567383595 -0.08486123905128713 -0.6821156046540382 -45.55918719612119 0.03806200863162991 0.9957925339071741 -0.08335774057431843 -6.24783359769161 0.6863194675257214 0.03458033431605226 0.7264776589639909 83.8172079815536
0.7237956608070764 -0.08785278263285062 -0.6843988091606477 -46.39727554372254 0.0407291540508782 0.9955717890915496 -0.08472277601301173 -6.360839957180097 0.6888112785133149 0.03344699311920614 0.7241687104840531 84.70640811559366
0.7196479837018196 -0.09065822789169617 -0.6883951374533691 -47.23566658746963 0.044181836164210786 0.9954092034273931 -0.08490278608621493 -6.470854892547275 0.692931991545393 0.030685557638407357 0.7203496731764064 85.59042091670234
0.7118235433668305 -0.09253400823834468 -0.6962360953211462 -48.059574145307955 0.04585724230441059 0.9952912021853633 -0.08539634758377589 -6.583294341240294 0.7008597266478684 0.02885966340345032 0.7127150646586018 86.44503231482652
0.7047661576362794 -0.09280505667599223 -0.7033433617415898 -48.88506570080251 0.04652834721943688 0.9953188521361669 -0.08470829644946701 -6.691797684866812 0.7079122657191514 0.026974136459007057 0.7057851089436984 87.28183245832824
0.6964438394162099 -0.09063443391461101 -0.7118647188393219 -49.73187826407313 0.045114093278497025 0.9955596671093508 -0.08261759989722423 -6.798767532415185 0.7161918019126357 0.02542338714838687 0.6974402872354276 88.11437304015247
0.6898131793434006 -0.09085370817820797 -0.7182641445279155 -50.5829493562285 0.04574250671812301 0.9955819528319261 -0.08200120898200816 -6.906312546279693 0.7225409335693666 0.02371031222142662 0.6909214285366104 88.93570105760631
0.6817380958659277 -0.09163452895792909 -0.7258348860090411 -51.43399682742727 0.04383952597715407 0.9954588124268163 -0.08449762555179381 -7.016334055805048 0.7302816337600158 0.02578499300855405 0.6826594096094708 89.74599381401498
0.6697152074388408 -0.0937231920862774 -0.7366800555127776 -52.319537457164486 0.04406076553110856 0.9952712620698119 -0.08656652839739339 -7.131938058576246 0.7413097799610923 0.02551623332552809 0.6706778153263415 90.57592968509475
0.6616504786197617 -0.09447347391577718 -0.7438369491148752 -53.20852951721853 0.04351676214572859 0.99519687126975 -0.08768967343566145 -7.240230127063695 0.748548552569967 0.025650538808879537 0.6625836658899928 91.36907824484541
0.6533946245836699 -0.0950579890291441 -0.7510255942954943 -54.11934554820014 0.04550504998115072 0.9952227662414532 -0.08637670971345829 -7.3574592031365915 0.7556485657972086 0.022262620610457813 0.6545988242673346 92.17554044786043
0.6423268381786276 -0.09444734347364775 -0.7605892007294199 -55.016063590953486 0.04509982752181654 0.9953162603708846 -0.08550758679099668 -7.469390635929043 0.7651027633677383 0.020621376095892346 0.6435779054123613 92.94158094239818
0.6333491240598317 -0.09383859240091194 -0.7681557170449619 -55.89173265446155 0.04411255040750204 0.9953846540327392 -0.08522601370866636 -7.5764581480816515 0.7726079018164321 0.0200925133405383 0.6345654583716882 93.66659218413473
0.6261879126222772 -0.09427732973766387 -0.7739512149892209 -56.82045992438016 0.04252766861954152 0.9953146489258902 -0.08683402003430757 -7.686718289978442 0.7785114613719839 0.021460072951130928 0.6272633974506965 94.42378482420753
0.6170965386132647 -0.09460857442146427 -0.7811792877934399 -57.77414247742308 0.040775369557783867 0.9952568023768739 -0.08832477885614434 -7.803495210316538 0.7858302814660135 0.02265204115524482 0.6180272273634452 95.18466470770507
0.6099646052266965 -0.09507206453196976 -0.7867048257868191 -58.76856984108 0.039582949349534574 0.9951929995583262 -0.08957725018604717 -7.925524168302436 0.7914394294520791 0.0234988547748712 0.6107957378148909 95.95979644099903
0.6026344518788234 -0.09502036056678745 -0.7923401090986547 -59.76485292241792 0.03863253274044163 0.9951954103827705 -0.08996456284075438 -8.047533915906037 0.7970817052365265 0.02360563980973711 0.6034099178389465 96.73166681022106
0.5955580847346281 -0.09343542367674197 -0.7978598807494767 -60.7411443111971 0.037868500501169786 0.9953739243633275 -0.08829907908546766 -8.167583443368935 0.8024191824582799 0.02237347312994776 0.5963412473769437 97.46377073231342
0.5891623209368232 -0.0917413669767084 -0.8027896867633394 -61.75189562467708 0.03777129807638326 0.9955743691456709 -0.08605233606256407 -8.289218797168248 0.8071313948979811 0.02037638548527128 0.5900200965090892 98.2105064654223
0.582928896986907 -0.09083600735112726 -0.8074297002378189 -62.77686296961266 0.03676767176542417 0.9956623090322335 -0.08546756510835699 -8.410049017096897 0.8116908520924565 0.020134203264772235 0.5837401600783647 98.95329208901015
0.5778277433989246 -0.09171605335561009 -0.8109890655954479 -63.81432622525653 0.03566373869276423 0.9955541219152472 -0.08717848404288567 -8.527082990694506 0.8153791735756812 0.02145124458935469 0.5785297290585912 99.69438840210078
0.5732226696175989 -0.09348566454387978 -0.8140492623676178 -64.83728534324247 0.03490289186440247 0.9953544110271931 -0.08972950790131164 -8.647025857859994 0.8186559467663904 0.02302231468594973 0.5738226327451073 100.41085179748504
0.5675219504769982 -0.09542655937251453 -0.817809640132169 -65.89129487977436 0.03546352254806061 0.9951722767460747 -0.09151217495239394 -8.770039194122171 0.822594173511621 0.0229327574085264 0.5681662734995583 101.14428823346091
0.5643732198432142 -0.09735457079933549 -0.8197590842853041 -66.92074453562341 0.03491588420436232 0.9949482274742008 -0.09412175984422311 -8.896459048271927 0.8247810313980498 0.024497187398214174 0.5649213556377084 101.85261851473916
0.560955974194498 -0.09783408863419166 -0.8220443334252835 -67.94334520047413 0.03585329219554595 0.9949316911089878 -0.09394398046575625 -9.01933347169153 0.8270688825329134 0.0232254413978877 0.5616205502095083 102.55598734761392
0.5581211439641784 -0.09619946324455342 -0.82416409284291 -68.98081666076864 0.03693734370319116 0.9951524518040992 -0.09114400862614426 -9.141488542773423 0.8289369223893152 0.020426965994737256 0.5589689774575873 103.25824571761414
0.5564676773795707 -0.09523819586509195 -0.8253928822567762 -70.00323138734787 0.04023574024112318 0.9953322182561127 -0.08772035401555847 -9.265847574825186 0.8298944566865325 0.015603248050595896 0.5577021870238961 103.95254186131449
0.5538499093357143 -0.09515074134714198 -0.8271617824524478 -71.01079844904893 0.0428491082066214 0.9953895332776417 -0.08581160158868958 -9.388326761631077 0.8315132180877935 0.012083603039161402 0.5553735271714647 104.63610102040491
0.5511675621041019 -0.09625825940699405 -0.8288236639841774 -71.98671550325324 0.04577091185319339 0.9953157059155197 -0.08515673306332208 -9.505236374709032 0.8331382490993605 0.00899961409320045 0.5529915594598396 105.28998313230464
0.5496901410888413 -0.09668539131479514 -0.8297545925730299 -73.01858973206251 0.04933301194536441 0.9953031689997303 -0.08329379155431046 -9.625418214423869 0.8339106683105382 0.004851482804187193 0.5518781209583076 105.9763029365388
0.5473356300700741 -0.09733280635777636 -0.8312340421700226 -74.03707423367896 0.052940578763863405 0.9952516440879657 -0.08167900623996784 -9.740864664846434 0.8352370939894507 0.0006998190631436751 0.5498895407964555 106.65221513726257
0.5456552688663896 -0.09978054560597988 -0.8320481778580621 -75.01121890625734 0.05719734377366245 0.9950050973312871 -0.08181271386522784 -9.851781008274223 0.8360554954209592 -0.0029494072843771132 0.5486369560766804 107.30376668992456
0.5434847186340797 -0.10065348712464388 -0.8333626078369994 -76.00910342627627 0.06054775417484136 0.9948995751068955 -0.08067716477728855 -9.964543728458212 0.8372325424131687 -0.006611428118639406 0.5468070582414001 107.96205792828815
0.5434476342239016 -0.10015304200580122 -0.8334470811235882 -76.97335959148388 0.06308604926932598 0.9949221844346865 -0.07842191853876197 -10.06833001562032 0.8370691842637817 -0.009960677521948902 0.5470063671103573 108.59562133335466
0.5428891166200598 -0.1002887789329237 -0.833794679687772 -77.95155068669843 0.06503950450959506 0.9948828938698813 -0.07731681795209336 -10.171329243031796 0.8372820730844759 -0.012255133831743273 0.5466338278830982 109.23767926331645
0.5405688172447072 -0.10224021357772668 -0.8350642445645957 -78.9093737209952 0.06764512130378485 0.9946565357227349 -0.07799047062201761 -10.275095845397818 0.838575870977966 -0.014328805659523394 0.5445963587299469 109.87127839912584
0.5396827509109846 -0.10364468088083356 -0.8354641275927187 -79.8798649777827 0.06960297300214516 0.9944883508689961 -0.07841139034048192 -10.380020781635034 0.838986265989149 -0.01583351227539047 0.5439221868710729 110.50706999280938
0.5392363870647033 -0.10651045788283195 -0.8353919087631835 -80.85245637441639 0.07305752929838355 0.9941466081883592 -0.07959345978406102 -10.484934176556193 0.8389795684509972 -0.018111979162162013 0.5438614161094792 111.14382650566971
0.5395523585408417 -0.1081821808694422 -0.8349729744939929 -81.79148764902354 0.0746979606388935 0.9939508200241819 -0.08051075735357724 -10.58480034386783 0.838631902010295 -0.018931009365260088 0.5443694975060663 111.75827626296312
0.5429026601543969 -0.10869879830118201 -0.8327312128443117 -82.77100245328329 0.0746554240405406 0.9939088959951425 -0.08106586287114889 -10.691310418373167 0.8364707222961282 -0.01815702920622747 0.5477107384667548 112.39571240780369
0.5464842841909047 -0.10904589393189316 -0.8303396414413496 -83.70362723779355 0.07378770611101514 0.993900138161244 -0.08196273415360619 -10.792566053067123 0.8342123839641972 -0.01647751133073709 0.5511970519343481 113.00645292093972
0.5505513254695993 -0.1097092206235768 -0.8275609493770443 -84.62203029458712 0.07386919894589308 0.9938405077674528 -0.08260984546422881 -10.891038818915149 0.8315266558991116 -0.015650304492215106 0.5552643411011926 113.6162391239151
0.5596043216565707 -0.11040433460792395 -0.8213731710270742 -85.54459804353115 0.0749433993651018 0.9937677584130493 -0.08251744803559145 -10.99322314772433 0.8253644589361069 -0.01537937705127361 0.5643908084710652 114.24863638234972
0.5655479985071197 -0.10960308049896918 -0.8173999181121365 -86.46063104860188 0.07493121348732913 0.9938591807777223 -0.0814201573883953 -11.093226858178348 0.8213043130471842 -0.015201760719444221 0.5702877623105036 114.88518501205212
0.5713856379306788 -0.10929403740197971 -0.8133715425037479 -87.35846977359635 0.07590159467469704 0.9938823804382342 -0.08022943213227399 -11.193319754762499 0.8171642434005476 -0.015894251879337122 0.5761857097020082 115.52025956493092
0.579782725395171 -0.10893026263386767 -0.8074566175441654 -88.26482791300809 0.07622263347260837 0.9939279584097196 -0.07935567804503604 -11.294206704393813 0.8111979422310244 -0.015537418511568292 0.5845652120560616 116.17324666751176
0.5873324131100679 -0.10818784809485338 -0.8020823062721866 -89.17160982975805 0.07601274155164378 0.9940186181288115 -0.07841587808021452 -11.395886676089104 0.8057683908122159 -0.014912288150816841 0.5920430085981925 116.83290951836949
0.5968177295103863 -0.10887271129284394 -0.7949561814828617 -90.06285605597472 0.07625236046344856 0.9939634827465621 -0.07888074853902512 -11.494202543949 0.798745375739866 -0.013539856057937116 0.6015168302151741 117.4978170053325
0.6067506425717307 -0.10939519431931996 -0.7873286157625863 -90.96376501385194 0.07479004881108356 0.9939474190550179 -0.08046724024535927 -11.59318494745477 0.791365974968363 -0.010060795878401113 0.6112599071169853 118.189975074803
0.6156065559902655 -0.10862552636235355 -0.7805312698696357 -91.82114050484515 0.07229402895817634 0.9940623682153841 -0.08132392928908805 -11.68557254257215 0.784730617217653 -0.006364206197466221 0.6198042878850367 118.861868123292
0.6241242912117357 -0.10741710259263154 -0.7739059601721985 -92.68048140281016 0.07055732022398731 0.9942060269442378 -0.08109278975693918 -11.78248083643536 0.7781327224081109 -0.0039927507256902126 0.6280871947901695 119.54688198164222
0.6324156430140536 -0.10572918002647406 -0.7673798244429226 -93.5306458981728 0.0701503996805334 0.9943878960127275 -0.07919364676564963 -11.877830045080326 0.7714462884062523 -0.0037487003495224255 0.6362834048990331 120.24771301038554
0.6437529853751647 -0.1036549629955858 -0.7581805474073748 -94.35447664935357 0.06944898945088251 0.9946085505952134 -0.07701083655655155 -11.973861411225254 0.7620754107598631 -0.0030789168992401764 0.6474809561569463 120.94208855267294
0.6542510534483043 -0.10266068094421806 -0.7492772141536492 -95.16945632378501 0.06905471685112417 0.9947143763070267 -0.07599181303754965 -12.068403999928295 0.7531181880305342 -0.0020234021331159355 0.6578821328333917 121.64961359525587
