1.0 0.0 0.0 0.0 0.0 1.0 0.0 0.0 0.0 0.0 1.0 0.0
0.9999264342885262 -0.0022415594553532752 0.011920630110939233 0.009393335320055485 0.0022322207764659545 0.9999971912637844 0.0007966523379474017 0.00015350397734437138 -0.011922382372614481 -0.000769984253449159 0.9999286294145251 0.2229275405406952
0.9997999325222457 -0.0044785514223076965 0.019494550666034546 0.018300062806749874 0.004459826650968328 0.999989551028335 0.0010038826586464614 0.0018753293123144855 -0.01949884290813573 -0.0009167394977659515 0.999809459204071 0.4509533479187341
0.9996987154139653 -0.006710402343652044 0.02361035577991548 0.02473760817215906 0.006694012370824543 0.9999772959585113 0.0007731532082997283 0.001183747275512472 -0.02361500789851926 -0.0006148722554851012 0.9997209377291557 0.6722943008555626
0.9996296807185258 -0.008261780753024684 0.025927676435949645 0.029107727530274307 0.008283278081318846 0.999965432533022 -0.0007218332728900661 0.004074669002052604 -0.025920816553609772 0.0009363321180325341 0.9996635606799714 0.9020362051329407
0.9996515065252358 -0.010067069416750674 0.02440327058376824 0.03369693212531299 0.010101849219213237 0.9999481269188396 -0.0013023493603623107 0.0029516241143573065 -0.024388893869517043 0.0015484136600012496 0.9997013475388331 1.15740080384616
0.9998363794752316 -0.011096489250200969 0.014285734289184017 0.029946335691847775 0.011146388359613527 0.9999320351351522 -0.003418060416329485 0.0011799178003128103 -0.01424683489051746 0.003576735493879967 0.9998921115094416 1.4237530357540111
0.99994911660037 -0.009829936871037948 -0.0022663960931852806 0.014587589522240837 0.009819564380769252 0.9999414658994558 -0.004543229052097785 0.0029401002481790773 0.0023109230865012756 0.004520742854808958 0.9999871111762038 1.682458491915005
0.9997674014894032 -0.005918035848292676 -0.020739329083285536 -0.013455158938398321 0.005837331775842411 0.9999751622704424 -0.003949734160845698 0.002743455847717583 0.020762188633793668 0.0038277531138951166 0.9997771150757723 1.9619601182832307
0.9992747232283623 -0.0030264018873316055 -0.0379587724840591 -0.044872118633404 0.0028677534994258807 0.9999869277326554 -0.004233243871059294 0.0038222163659745287 0.037971087774078024 0.004121317194985866 0.9992703394166325 2.2538752723907103
0.9983491129409713 -0.002258817498338392 -0.05739291274613131 -0.08252847764810521 0.001982251547881995 0.9999861510131365 -0.004875290835792872 0.003938253186125097 0.057403130304686 0.0047534750911145856 0.9983397643617034 2.573550057806285
0.9969802327770062 -0.0032117975862400974 -0.07758930215030783 -0.12230180248528298 0.002902741409170627 0.999987399650562 -0.004095684609280116 0.005375670038809984 0.07760147900793017 0.0038580949148809413 0.9969769934955418 2.898346825998197
0.9953466109513537 -0.003963613176212296 -0.09627779514635729 -0.1711390405342898 0.0036649701166239536 0.9999879095434381 -0.003278530309298049 0.005161269702958139 0.09628962592978974 0.0029104187901552647 0.9953491032802346 3.23014772818601
0.9933182352746308 -0.0022793294030080866 -0.11538495624805643 -0.22916778346342728 0.0019775793251327434 0.9999943193086919 -0.00272956596532238 0.0006200363729584445 0.1153905223617006 0.0024831447438322177 0.993317100095068 3.5793232277404745
0.9911750722762279 -0.0013792330220080858 -0.13255215507295756 -0.2928264931838595 0.0010550005817476407 0.9999962776612323 -0.002516274518409578 -0.004927014590424458 0.13255513219784024 0.0023542259769375705 0.9911728378784714 3.9334779332467353
0.9892965598878604 -7.182902748102853e-05 -0.14591885222491388 -0.36267292166242976 -0.00032376044363617833 0.9999963368635801 -0.00268727345027451 -0.012077483131800274 0.14591851072849046 0.002705753132165773 0.9892929127042038 4.309933959035323
0.9871640391895702 -0.0008588179341739286 -0.15970730153217416 -0.43228244331206694 0.00029009151560535314 0.9999935341738951 -0.0035843349892902853 -0.017127007727720526 0.15970934718370566 0.003491996872681593 0.9871579054943519 4.675771876772341
0.9852590223722941 -0.0033606488159654484 -0.1710361507796732 -0.5044614953128034 0.0024338822335960137 0.9999812010771238 -0.005627940087270938 -0.02343378714455162 0.17105184901445625 0.005128696899669112 0.985248679987366 5.051533329181683
0.9836070873531436 -0.0034140882473285353 -0.18029265572980233 -0.5887437243800667 0.0020215052556252153 0.9999666944049248 -0.007907186439528252 -0.026568075747872767 0.18031364680790815 0.007413102071834235 0.9835812293311142 5.459502234520727
0.9820162877425944 -0.0024401867260376783 -0.18878044415933656 -0.6770157030188773 0.0006301840231149633 0.9999532651366695 -0.009647300690389937 -0.030195438425304734 0.18879516274616606 0.009354839990927531 0.9819719311122865 5.877941275781043
0.9800669452242499 -0.0025190926584981524 -0.19865154681246555 -0.7691187463416729 7.576924127750129e-05 0.9999242731501926 -0.012306186415018381 -0.039147786163176525 0.19866750398046823 0.012045834850146646 0.9799929187116271 6.287059908093216
0.9781231268670247 -0.004174640421806381 -0.20798490585911023 -0.8688886419070871 0.0012695095190336089 0.999899791046849 -0.014099510986156857 -0.045111609961708175 0.20802292429791341 0.013527018955272262 0.9780304099181827 6.71815514265217
0.9763404481990823 -0.00837917293909674 -0.2160766499908582 -0.9657597823388264 0.00507337199449885 0.9998615199231503 -0.015849349310716406 -0.05294039259028774 0.2161795321186087 0.014378123584959922 0.9762477551601104 7.154582151568793
0.9733840206819506 -0.008565919274773345 -0.22902002818098272 -1.0875137709205407 0.0045728798222608846 0.9998282425484046 -0.017960350016069167 -0.061126644748426634 0.2291345391929624 0.016435036645734105 0.9732560056425453 7.632705699485503
0.970604691806875 -0.004532500224786519 -0.24063663204963956 -1.2256011506717086 -0.0007741223619452697 0.999758697094236 -0.02195332136612869 -0.06616158269379162 0.2406780691651195 0.02149427891668144 0.9703669733646142 8.114580551320671
0.967786703177802 -0.002711162249942673 -0.25175691996744687 -1.371711108025616 -0.0036840922718562423 0.9996824686102079 -0.024927683757886544 -0.07691841105304127 0.2517445622379427 0.025052176605142265 0.9674694123490268 8.616640737881456
0.9645404072843382 -0.004156112264988377 -0.26390249988699255 -1.5144989952029064 -0.0027488242081153465 0.9996636013274401 -0.025790078451331536 -0.09031987888406952 0.2639209098977119 0.02560099435361387 0.9642045127496917 9.107202265458929
0.9613139325696907 -0.004692737778180059 -0.2754151434826006 -1.6618651310888948 -0.002949383177669491 0.9996221988840611 -0.027326921470701464 -0.10506772270689213 0.27543932941079335 0.027082055135086148 0.9609369064113381 9.59211054796131
0.9582744088348507 -0.002828242611829345 -0.2858358942049548 -1.820202777420171 -0.005817454692233989 0.9995509916299948 -0.029393406614370003 -0.12022643180046284 0.28579068318110246 0.029829786710979314 0.9578276824312691 10.097272891722817
0.9554261842013648 -0.0009304899548072615 -0.2952286245113506 -1.9943923340708167 -0.009015589756096634 0.9994367009087418 -0.03232646002890106 -0.13750513607923578 0.29509240194178127 0.03354720651700191 0.9548796045843351 10.622239216020217
0.9525937654007259 -0.00118932386099623 -0.30424283660987045 -2.1688289696860075 -0.01071306790577117 0.999241109267844 -0.03744910847022775 -0.15989296508444759 0.3040564886591191 0.03893316141700045 0.951858109513369 11.146147418926818
0.9496939430465501 -0.0015717099362859326 -0.3131755805751341 -2.3580812406242444 -0.012787782729876452 0.9989588290891374 -0.04379189876807345 -0.1843385763916209 0.3129183394330694 0.04559372229524476 0.9486850506536479 11.701745555538063
0.947949626048341 -0.0014970423536155592 -0.3184168107041498 -2.541476248853689 -0.015535779545989543 0.9985805663671374 -0.05094597165415254 -0.20677696229804132 0.3180411074510798 0.05324106815306002 0.9465808167468915 12.213711009836487
0.9469757305026512 -0.0030942735177056455 -0.3212901979680799 -2.727859928824035 -0.01678125822279848 0.998112548326931 -0.059073938795205866 -0.2360687754950098 0.32086656917078493 0.06133324012081537 0.9451364337728455 12.736357066606383
0.9457668004230572 -0.0027771014498669325 -0.3248344915877477 -2.936597076970243 -0.019880216567285336 0.9975943076647079 -0.06641064902717136 -0.272601713282614 0.3242374688507965 0.06926676708573493 0.9434363671020529 13.3068450532432
0.9450949774827679 -0.0034911144771061914 -0.3267771345375225 -3.1445776874047477 -0.021395977077787693 0.997136438762924 -0.07253367946051101 -0.31563068109164794 0.3260946115803404 0.07554293223658393 0.9423139443345651 13.884968941276604
0.944105086284163 -0.002486233117112085 -0.32963526009403293 -3.355537046908404 -0.024701424517683212 0.9966266000630923 -0.07826403818790906 -0.3574562382648132 0.3287178511720508 0.08203193702192252 0.940858828745982 14.454427712281786
0.9431254980694477 -0.002501014777643208 -0.3324274955781159 -3.560644450590703 -0.02680232797647554 0.9961443364783726 -0.08353499935418782 -0.4022950770578786 0.33135468927766465 0.0876938186370324 0.9394220904718803 15.014791833752266
0.9424447256789347 -0.00029730805892617257 -0.33436185585062794 -3.790349041041504 -0.030839651089909617 0.9956596435021132 -0.08781110534492663 -0.45538970698145154 0.3329367131462234 0.09306871606057142 0.9383450107131313 15.621074730951069
0.9413367315778592 0.0018598371997453032 -0.3374636258738177 -4.0246422345134265 -0.03417893935674621 0.9953682465008729 -0.08985462682703416 -0.5047071818419127 0.3357334625663064 0.09611760953835746 0.93704025914038 16.23696214526952
0.9407421924957126 0.003447783126409195 -0.33910505754098236 -4.258819037362118 -0.036457899745746175 0.9951812190280543 -0.09102286987326207 -0.5592347213901127 0.3371571574273469 0.09799211236292911 0.9363346608505755 16.85137371462212
0.9389528346050671 0.005125335055486634 -0.3440077111456642 -4.493768566110178 -0.03860635794656442 0.9951435394623094 -0.09054769457324095 -0.6168815319983988 0.3418729639986342 0.0983008993193663 0.9345907177368029 17.476020572006938
0.9369692801927091 0.005994482770803902 -0.34936032137532064 -4.727439127651693 -0.039858842210271535 0.9951597206407178 -0.08982429021119767 -0.6700389792423056 0.3471308696627447 0.09808769846723553 0.9326730202684044 18.07608432161734
0.9346645271787701 0.006944844534276337 -0.3554630652656913 -4.973286368829599 -0.041060165964857946 0.9952277018526565 -0.0885205300256296 -0.7285121888183197 0.353151928218755 0.0973323717962056 0.9304891858565046 18.70245982984462
0.9314409645981173 0.0076634047544823294 -0.36381176684667305 -5.273371516918543 -0.04181880878947668 0.9954086044865054 -0.08609818433426601 -0.8024507800687117 0.3614815578974372 0.09540955057957794 0.9274848251902803 19.45658596673952
0.9284799796279601 0.008424499102556018 -0.3712868907528701 -5.553436986258696 -0.04150891988543011 0.9958325948979839 -0.08120623442010283 -0.868024397354078 0.36905546602104083 0.09081008068281177 0.9249603192820618 20.148513162669268
0.9260924422624646 0.00971541542742111 -0.3771715777831314 -5.7923974734249875 -0.04221677312922645 0.9960590810301575 -0.07800032797311744 -0.91671814534927 0.3749273695676264 0.0881584811599604 0.9228529404778801 20.716210202400415
0.9227999138375362 0.011907052679082923 -0.38509549610185406 -6.079223884722763 -0.04420036951874979 0.9961948108718883 -0.07511475305376775 -0.9719349343660086 0.38273573958521506 0.0863372508736529 0.9198147817662741 21.386796329787956
0.9194138769246923 0.013264205034091342 -0.3930676580222804 -6.370587995623839 -0.04610125664076204 0.996175877170822 -0.0742178946015448 -1.0244582327328549 0.3905800776466324 0.08635787519246295 0.9165094218488938 22.047066455015926
0.9159799024996071 0.013368396193079505 -0.40100137680565995 -6.682298692638155 -0.04687994698452616 0.9961650269476889 -0.07387495960769097 -1.0823473482871206 0.39847595760288734 0.08646690158398654 0.9130938539618625 22.75006299419791
0.9125113639776994 0.013698428022013619 -0.4088219217229971 -6.9942434146784 -0.0478265037130206 0.9961571393190106 -0.07337287868384164 -1.1364452762936268 0.40624578293706276 0.08650610876401173 0.9096598578547709 23.428505943862575
0.908546323852992 0.013911767111909303 -0.41755243999890396 -7.32598540937561 -0.04841388733129709 0.996217963910174 -0.07215167285752944 -1.1909259838131252 0.41496948433190456 0.08576847391956718 0.9057836915924364 24.14225418672095
0.9045104777218712 0.013500093284308925 -0.42623766043448963 -7.65462321602926 -0.04859353499805165 0.9962515045506266 -0.07156541089804491 -1.2473890637803646 0.4236737707809458 0.08544405866956364 0.9017759415677082 24.832763173902066
0.901176089066867 0.014897954170765278 -0.4331970769242009 -8.000269628850337 -0.04958207693342963 0.9963921747757147 -0.06887852853167756 -1.3055236796521705 0.43060802842157236 0.08355049375825035 0.8986634747510543 25.543934364514225
0.8976653307382171 0.017520594272121513 -0.4403294025692574 -8.368724500022843 -0.05056667187609263 0.9967045376384567 -0.06342772537531124 -1.3638738127364434 0.4377670221545052 0.0792028624941171 0.8955930665691394 26.294383348169692
0.8940386756759087 0.01875726413750374 -0.44759692965629655 -8.727120907890026 -0.05097505547348928 0.9968934170850832 -0.06004214096700226 -1.4207476132371653 0.4450802063843577 0.07649627451387811 0.892217422980719 27.005832203854283
0.8908444494102455 0.019799416041191443 -0.4538768005520709 -9.117868276386014 -0.05181136368321747 0.9969594177159528 -0.058202250993873154 -1.4747313958605819 0.4513443802112107 0.07536512822185235 0.8891615983047524 27.768978472646015
0.8889003758665345 0.019884772298225068 -0.4576687859303728 -9.491349483344347 -0.05162819672017793 0.9970409674831311 -0.0569547053694832 -1.5247815045609643 0.45518199776326423 0.07425567312299965 0.8872967056860371 28.493366118519294
0.8870778583565259 0.020607265839767214 -0.46115964026376904 -9.880333190123096 -0.051909006220049805 0.9971198601347961 -0.05529411901831485 -1.5716978898339846 0.4586919753896361 0.0729885273133655 0.8855926527437882 29.24028043982501
0.8850198389296404 0.019857125386040262 -0.46512963706084803 -10.285833244281706 -0.05124602471718906 0.9971739021793107 -0.054936816099694405 -1.6230769859962155 0.4627242479616109 0.07245621701337622 0.88353628502992 30.01197617295391
0.8836699881690271 0.01986279594940055 -0.46768880823302156 -10.690840717572964 -0.051651856031769916 0.99713595791515 -0.055244612417046646 -1.6733914797490983 0.4652520153398853 0.07297500099149618 0.8821650704105589 30.767754455470286
0.8830010593249552 0.019134518401588977 -0.46898080924121643 -11.101657669155353 -0.05117680316555606 0.9971366415625369 -0.05567273004926851 -1.7228747864467362 0.46657267820647286 0.07316001817197729 0.8814519542733541 31.530376590726423
0.8825562771520307 0.020039920301802152 -0.46977954324751686 -11.536713542383117 -0.05265343709062269 0.9970196233526061 -0.056386932993127095 -1.7735811986408365 0.4672494336241532 0.07450014928927985 0.8809810977165078 32.333111275416556
0.8823735819800044 0.019544089369364786 -0.4701434785195886 -11.97945786489941 -0.05198428364397713 0.9970700026340686 -0.0561163443331872 -1.8287705025065348 0.4676692165171865 0.07395565169762607 0.8808042151943759 33.157038379946414
0.882036176865011 0.020480336541038445 -0.47073637900264403 -12.428179998134828 -0.052599413322022524 0.9970901640283439 -0.05517704700425051 -1.8813332586424183 0.4682365688618672 0.07342860895520244 0.8805468499559634 33.9896460779639
0.882190939812079 0.020033693087830696 -0.47046551080259197 -12.864219972691853 -0.05197667543752835 0.9971324252722045 -0.05500319700920857 -1.93491341816032 0.468014498625783 0.07297655522175993 0.8807024761314247 34.8047696788293
0.8824656563691459 0.01863856309909434 -0.47000741408468627 -13.313913120265484 -0.05051424444364762 0.9971912289929054 -0.05529886009590526 -1.9920162156425731 0.4676565795936801 0.07254141427639915 0.8809285253512454 35.64266764389597
0.8812148421817859 0.01667886940902565 -0.4724216519527518 -13.759528253586636 -0.04894717834048856 0.9972249233220811 -0.05609479510412685 -2.0459170216313907 0.47017504788220604 0.07255527286494232 0.8795857870204925 36.4719971159136
0.8802922726096076 0.015885782623259116 -0.47416574812428086 -14.22354976766949 -0.04745782356744779 0.997374870326361 -0.05469116038004399 -2.101742073150933 0.47205218966344537 0.07064708027881446 0.8787352959122704 37.33250827362383
0.8785691809115147 0.01753079443220553 -0.47729327001231264 -14.687968813325577 -0.048207872962140096 0.9974775707389119 -0.052100833556342985 -2.1573389360037702 0.47517596249909017 0.0687834799888414 0.8771981746126062 38.177424379051054
0.8766627711722607 0.01714365588660146 -0.48079983434212464 -15.157809589915159 -0.046464534639314665 0.9977102437033043 -0.04914587093790541 -2.212928401747612 0.47885637999438274 0.06542449596546482 0.8754519990646776 39.03145317291617
0.8740436936692512 0.01690265435158671 -0.4855532121538103 -15.633207754258539 -0.046200882533263 0.9977573423553195 -0.04843309022969277 -2.267834454612161 0.4836456347473427 0.0647656239985435 0.872864430446057 39.88453515150759
0.869976720808525 0.01471865579180547 -0.49287307333930125 -16.132635180565288 -0.04542037857707012 0.9976968755275978 -0.05037790956743432 -2.329808516253555 0.4909964301918716 0.06621409014818003 0.86864158305062 40.766075106778196
0.865860252013191 0.012040561787552282 -0.5001410289663243 -16.625606273278706 -0.044261198909247707 0.9976338179909657 -0.052609043632105064 -2.3867938235481194 0.4983241618211679 0.06768892134322174 0.8643443987627973 41.6147200276764
0.8608501183478643 0.01236809771375997 -0.508708269934165 -17.134956760261055 -0.0452178873615629 0.9976090327922944 -0.05226433156350688 -2.4423106920863646 0.5068455547827417 0.06799446926159551 0.8593511131934425 42.47809176373822
0.8564157166152041 0.015210310269435333 -0.5160627547071905 -17.650788793756092 -0.046696753178049645 0.997751014534441 -0.04808665343026004 -2.497978822556435 0.5141707241540447 0.06528062083804917 0.8551999222204736 43.33262201521373
0.8526355232573885 0.0174402944390685 -0.5222149946233623 -18.163136099393345 -0.047918188595647365 0.9978410156795825 -0.04491274461944694 -2.551479547877693 0.5203042491478536 0.06331779810936485 0.8516304038497395 44.161436903212675
0.8496982857884765 0.017345986373979497 -0.5269838136839103 -18.694229151464302 -0.048853489024373906 0.9977494045350358 -0.04592888372393807 -2.60622944065476 0.5250011045114763 0.06477069172623805 0.8486333706348312 45.0137695862131
0.8481341129465031 0.014607524057184258 -0.529580160785284 -19.20322384546617 -0.048446277100453336 0.9975699451715764 -0.050071576023571734 -2.6594214472826656 0.5275618302071848 0.0681235989308919 0.8467807807084125 45.82497430783587
0.8470435711349562 0.013320679048292879 -0.5313565169531966 -19.716583463676038 -0.05112293464691158 0.9970928981598509 -0.05649953975278669 -2.718761764151115 0.5290591972095637 0.07502207641009069 0.8452621214150616 46.631742716515674
0.845136048288271 0.012316499997617771 -0.5344093596780415 -20.229683134088422 -0.0513513121905034 0.9969815049719013 -0.05823161924827842 -2.777671277084419 0.532079037944551 0.07665626244327135 0.8432174777649177 47.45022382553629
0.8438546527641924 0.012182853388739895 -0.5364335029540314 -20.762087931211614 -0.0496753649950794 0.9972224331446919 -0.05549573808488254 -2.840116766188034 0.5342674265953614 0.07347786684634164 0.8421159777387444 48.28786803878973
0.842166916464091 0.01436661926899703 -0.539025495745929 -21.304858941310524 -0.04985683593641124 0.9974374517975046 -0.05131106763759997 -2.899740477734107 0.5369070503576708 0.07008658931978548 0.8407250973259602 49.13018856330129
0.8407909422857719 0.016372419903228536 -0.5411123129598107 -21.826449630785444 -0.051067259150274394 0.9974841339339579 -0.04916846136397555 -2.9545565643648017 0.5389459401582709 0.06897351967628161 0.8395117194955548 49.92540666982473
0.8393221590690977 0.01701167111345185 -0.5433681223089152 -22.373238694866185 -0.052579590525677594 0.9973645913638268 -0.04999258498836558 -3.009278410122177 0.5410856678528276 0.07052995774558941 0.8380046689038582 50.763064556565055
0.8370762093924429 0.015388333685150472 -0.546869837215012 -22.920829731420532 -0.05230147315965741 0.9972768880600087 -0.05199388855120096 -3.0666714757909848 0.5445805501250562 0.0721249452529396 0.8356015896931693 51.59791033902646
0.8347441775932882 0.013266756563722473 -0.5504781114126011 -23.461039111804567 -0.05151991171476897 0.9972059940094752 -0.05409162789634842 -3.125993707822991 0.5482224518122251 0.0735132551439095 0.8330953994874412 52.41168628251509
0.8331214497323092 0.011293970200382142 -0.5529747699787473 -24.006315097166997 -0.050024032686372774 0.9972324915765376 -0.054999580887891045 -3.1853831204456626 0.5508232440172875 0.0734833585321455 0.8313807490368706 53.23041141056993
0.8301966588616114 0.010680210582730134 -0.5573683169295918 -24.559951654270634 -0.04945330515076968 0.9972856201201067 -0.05455055005514811 -3.2464035442933428 0.5552727962224353 0.07285138985333706 0.828471361467465 54.05877584521681
0.8279721422112205 0.011359272756210487 -0.5606541702730953 -25.1152972195488 -0.05047865697295936 0.9972456457187098 -0.05434176372993707 -3.304619334079648 0.5584926471426183 0.07329453606868672 0.8262650144294549 54.87103975714662
0.8242530784984008 0.010954549864662884 -0.5661155892776419 -25.678953228782145 -0.05091290597331572 0.9971967320068068 -0.05483204975465529 -3.368737391847076 0.5639279551425531 0.07401807557757291 0.8225002041923949 55.68995951880304
0.8203105500763912 0.010250559223807888 -0.5718264837072237 -26.24986741430918 -0.0511344188327088 0.9971495745182811 -0.05547970123074013 -3.433374918046821 0.5696278369637581 0.07475059915218259 0.8184964723701502 56.50749310579773
0.8164707075494111 0.008779182532334926 -0.5773201102229406 -26.826758767844268 -0.0507589630861411 0.9971045047840701 -0.056622735766955666 -3.496840346892177 0.5751513812729516 0.07553497529872279 0.81455224272384 57.3215167203336
0.8120034636052921 0.008314052109067296 -0.5835933958078493 -27.42453951987019 -0.051460372996747675 0.9970242620581075 -0.0573973072410381 -3.5623172106799594 0.5813795705939838 0.07663874610805056 0.8100149983123406 58.14918719163697
0.808467422446077 0.006518179453890428 -0.5885048344576309 -28.02757348028546 -0.050816278832931494 0.996977488576108 -0.058767278974363485 -3.6288412079835832 0.5863430162020953 0.07741705631890033 0.8063550500505011 58.97552041224933
0.8036297815448163 0.006321761946594662 -0.5950959666643032 -28.641353618265377 -0.0511809623833137 0.9969730927677168 -0.05852487835691336 -3.696109499862709 0.5929246860299786 0.07748991949321063 0.8015208226073651 59.80192554497536
0.7988124322232094 0.0057423657388036495 -0.6015527602474805 -29.261661374430194 -0.05051974797980644 0.9970625147250252 -0.057568192556881205 -3.7594241031117726 0.5994551302555494 0.07637648175931595 0.7967560353360189 60.62213260281194
0.7946600235274205 0.005036390498309087 -0.6070338390717178 -29.865725554378837 -0.05010046167767061 0.9970983601443302 -0.057313209098531825 -3.8236034025969694 0.6049837937887956 0.07595719168213313 0.7926065318206 61.41140664287607
0.7902281686320299 0.004649408370365513 -0.6127950917739745 -30.493804354696135 -0.050437355206683854 0.9970719846679532 -0.05747634809261812 -3.888728426300823 0.6107335873359373 0.07632719300560306 0.7881488722999371 62.21645119943632
0.7862238477908919 0.002785248129390995 -0.6179355173136936 -31.120780605123237 -0.04970550892996256 0.9970346023980663 -0.058748310639058846 -3.951483832761858 0.6159394641901896 0.07690412221583227 0.7840308236538374 63.00667578276521
0.7828455803558574 0.003875819842569371 -0.6222039660254899 -31.76599647610381 -0.05213777155829663 0.9968724035624925 -0.05938908815998241 -4.013936855544609 0.6200277817116229 0.07893281343070975 0.7805992319171708 63.80452860846393
0.7791952046186349 0.004164746982154757 -0.6267674911655023 -32.42413560561503 -0.052507688150317054 0.996896556927071 -0.05865319660564214 -4.079642483638898 0.6245780782131507 0.07861240149954515 0.7769956978941657 64.61380166645587
0.776955399991537 0.004893213548241154 -0.629536625531162 -33.08482446620413 -0.05405032107824003 0.9967960384885355 -0.05895948138256886 -4.145089191414247 0.6272311130798044 0.07983554418135842 0.7747305445572262 65.41228152127727
0.7727481804339457 0.004575194736827489 -0.6346962401252636 -33.73900163602484 -0.0545610851829144 0.9967513690861837 -0.05924353305198224 -4.212909337744205 0.6323632955980991 0.08041004799114759 0.7704874343961571 66.20360215108077
0.7690773247736926 0.003941695713223316 -0.6391435922809873 -34.40511625381258 -0.0561309780146952 0.996533899081834 -0.06139626444557796 -4.281097045306065 0.636686250696569 0.08309422973746067 0.7666328763875733 66.9900123253365
0.7673441484087464 0.002143179749149276 -0.6412319117787408 -35.07426436957536 -0.055726991064817086 0.9964338661727142 -0.06335655302302583 -4.348890090664227 0.6388094084855966 0.0843502052437368 0.7647271294426673 67.78213469142294
0.7651974876596913 0.0022981229609233197 -0.643791521775608 -35.761184865912774 -0.05735309131645515 0.9962609404676344 -0.06461239366399593 -4.42054043306589 0.6412358597238172 0.08636467524052471 0.7624681731553493 68.587751511238
0.7624653702743464 0.003315930521688302 -0.6470205280647434 -36.43900864978644 -0.05799544911779146 0.9963119862353361 -0.06323728303323328 -4.49258199385013 0.644424617014302 0.08574048453662322 0.7598456963735436 69.38346171847003
0.7597359817555739 0.0028916402729030587 -0.6502252505420153 -37.12291315443076 -0.05767491319093261 0.9963483046026674 -0.06295760719570478 -4.563863070043506 0.6476687752349289 0.0853328443913737 0.7571284324695282 70.17753048123892
0.7561961552358996 0.003154683392161236 -0.6543373921602972 -37.82149633908417 -0.05873787730399084 0.9962785778337824 -0.06307818259364639 -4.635242677132936 0.651703334789891 0.0861338686127083 0.7535673295078179 70.98151871825121
0.754149239565156 0.00303110855993333 -0.6566960764647488 -38.5397261606543 -0.05886470358709901 0.9962759336514452 -0.06300167218847919 -4.7073692782268575 0.6540595317972978 0.08616888306018314 0.7515191630672238 71.79255195291641
0.7521202525125257 0.0032070193264060153 -0.6590180883614158 -39.25474904796337 -0.05943425412980831 0.9962433185137864 -0.06298269407283026 -4.7835118736188615 0.656340380592668 0.08653880830978909 0.7494853830861504 72.6011540669271
0.7514345023085238 0.0031963991382597777 -0.6597999482971258 -39.95785329830606 -0.059290679916541106 0.9962697880803189 -0.06269868127345847 -4.855010697137343 0.6571383446545905 0.0862339399015573 0.748821009049345 73.3900943643986
0.7509594321894374 0.00047984687038217164 -0.6603481664642519 -40.67705864454628 -0.05708209468197935 0.9963037579838097 -0.06419078044436288 -4.92938113434604 0.6578765580809487 0.08589872859547945 0.7482110950482121 74.20373137784043
0.7490517307759967 -0.0030852426699405876 -0.6625043289663483 -41.417544420931065 -0.054968669026421696 0.996251807572183 -0.06678908095356582 -5.010551625515923 0.6602271957795646 0.08644545787272943 0.7460745490674687 75.04151436805327
0.7469810517101787 -0.006380955227663427 -0.6648147048586832 -42.14717926642699 -0.05216510343912567 0.996308672487899 -0.06817500354665093 -5.090427192239049 0.662795677693466 0.08560556369642747 0.7438908368134912 75.86174501785982
0.7439824613811463 -0.009901554623426744 -0.6681257788570135 -42.88412150666889 -0.04825944799572274 0.9964827619330651 -0.06850642925593822 -5.172213754405913 0.6664541415854505 0.08321096313761805 0.7408878543864184 76.69087142722252
0.738162533524185 -0.011896520102459736 -0.6745180108126161 -43.62135943691871 -0.04695123794020164 0.9965141856157204 -0.06895693672517991 -5.255297890791489 0.6729871138120249 0.08257088273774035 0.7350308796008991 77.50725890236814
0.7316328856868433 -0.01284162701796997 -0.6815778849090351 -44.36664413216887 -0.04568511873539949 0.9966511762524088 -0.06781815981595404 -5.334559799036602 0.6801662962156204 0.0807559625676097 0.7285961048496647 78.30875504887558
0.7245413832711369 -0.010723915137547776 -0.6891478662606962 -45.14368259182071 -0.04751049762647251 0.9967234570360121 -0.06546069667721578 -5.416677099019764 0.6875918386243636 0.08017074178466964 0.7216578937549727 79.12642652037574
0.7170200148916337 -0.009869697373648262 -0.696982702309429 -45.90712799061777 -0.04926549893395365 0.996681725785187 -0.0647954327144304 -5.496700051794151 0.695309433892271 0.08079682270742004 0.7141545102992739 79.90852246214311
0.7098974667491492 -0.010140856749661746 -0.7042320283312337 -46.6852313581439 -0.05151691418111276 0.9964702276486954 -0.06628041160865693 -5.573926610908782 0.702418389748159 0.0833321572632076 0.7068692646518616 80.68757434997167
0.7005026344998446 -0.011512340665887515 -0.7135569529274938 -47.482663506367004 -0.051831745716957124 0.996408512255959 -0.06695929240814254 -5.6573363726775705 0.7117650800613288 0.08389006327485389 0.6973900831593687 81.47861535720095
0.6922141988909357 -0.011997619996968127 -0.7215923779864838 -48.29783812370146 -0.05247830722149604 0.9963781057722289 -0.06690812812290922 -5.736340438913942 0.719781585013778 0.08418270280855628 0.6890774574914637 82.26070551459516
0.6850685383628051 -0.012767837551746559 -0.7283667208691664 -49.11894702198673 -0.05139227923641332 0.9965081427546703 -0.06580543335108892 -5.820832584323603 0.7266635613406913 0.08251365794758038 0.6820202085508709 83.0405486016733
0.674348598998654 -0.012772487887305246 -0.738302668681159 -49.94876511545236 -0.051744678200707286 0.9965750642858111 -0.06450294196109739 -5.900227999424154 0.7365978925482056 0.0817007025483875 0.6713780901225792 83.80733318585831
0.6654271830869642 -0.012609577780862549 -0.7463562571300225 -50.77619261473659 -0.053615887083396 0.9964674342940256 -0.0646373656930911 -5.9809502067352165 0.7445347545019027 0.08302801298158495 0.6624004441417 84.54680346558645
0.6572713730560698 -0.012660508217158844 -0.7535476452704714 -51.61859241476317 -0.05574614525073204 0.9963031969129297 -0.06536288787041558 -6.0615760898195905 0.7515894553881616 0.08496853154409278 0.6541357956850913 85.28151960715113
0.6490674966801482 -0.01165636939909729 -0.7606415146478646 -52.48351590007212 -0.059087660964689655 0.9960894244148576 -0.06568490610939134 -6.1465823457637425 0.758432616041193 0.08757846551127427 0.6458405215713883 86.01903514984444
0.6416438291767443 -0.012133080724506567 -0.7669067641060014 -53.348734430293305 -0.06131378118198681 0.9958636063446725 -0.06705443904284734 -6.2248708250221965 0.7645481127545688 0.09004702055213208 0.6382458126561517 86.74268361906906
0.6347428302638166 -0.010816627449539921 -0.7726477463885454 -54.222533185561545 -0.06425851833627882 0.9956998186829523 -0.06672865873042982 -6.306946869541687 0.7700470000265608 0.0920047370810542 0.6313182605506832 87.46551998596651
0.628955530194004 -0.008812036079853713 -0.7773913358524822 -55.12815729197022 -0.06661909328836067 0.9956469424636571 -0.06518483237845911 -6.382978151925184 0.7745817177340402 0.09278746673392087 0.6256306007296042 88.19074246090855
0.6234114630772355 -0.007636610284660585 -0.7818566555880055 -56.03502316475685 -0.06715088998374338 0.9957348498343446 -0.06326821318613934 -6.462359534911618 0.7790050742314147 0.09194449961110127 0.6202397143951461 88.91098390883775
0.6184408284231848 -0.006025907897599138 -0.7858082655287195 -56.96497755084248 -0.06976261753778656 0.9956013680671906 -0.0625387327742979 -6.542858750663905 0.7827286368426298 0.09349654719158447 0.6153001517387513 89.63518430355325
0.6147382275995439 -0.006761052715743968 -0.7887022249835147 -57.88746621336735 -0.0711985617705519 0.9954050789975842 -0.06402728721114381 -6.623252941521077 0.7855110924293665 0.09551448514224598 0.611432176777143 90.34383246073696
0.6108521188096205 -0.008098223348059728 -0.7917032952592796 -58.80835249195276 -0.07146314666623688 0.9953021616968281 -0.06531941204711678 -6.706074851228491 0.7885129723817846 0.09647810995363687 0.6074037098054446 91.05043728314789
0.6063550479901842 -0.008669129700114991 -0.7951467801400344 -59.72745492094706 -0.07345918606705841 0.9950540853521128 -0.06686639818650117 -6.789394340089976 0.7917937255113777 0.09895561335423583 0.6027192404648289 91.74122941159847
0.6036207371000223 -0.011382325100771987 -0.7971903464155385 -60.64266991296626 -0.07341495149202827 0.9948563396781036 -0.06979332561004055 -6.876422194560184 0.7938842803836395 0.1006543892614045 0.5996802842199873 92.42787532047757
0.6015059681345215 -0.010987046833363184 -0.7987927485276975 -61.56633416444545 -0.07464038149589577 0.9947584980483226 -0.06988808203687145 -6.962221606608641 0.7953737384077368 0.10166029393291572 0.5975330960614433 93.11990912526008
0.5998741168718161 -0.009338450178455013 -0.8000398972898309 -62.478133792223225 -0.07561341093120436 0.9947948322065688 -0.06830705602244483 -7.044267683906629 0.7965134374225004 0.10146938042271228 0.5960455593677578 93.79838519841286
0.5987197817699739 -0.007668959184786293 -0.8009218501091958 -63.39706266500452 -0.07559603005722618 0.9949493744996337 -0.06603773483679357 -7.128114788920576 0.7973831344823529 0.10008461044441239 0.5951161295035519 94.48008635259804
0.5967390409042022 -0.005800438235759688 -0.8024144016510458 -64.30844268290889 -0.07764697463278875 0.9948639382962705 -0.06493605784161278 -7.209994728598431 0.798669809364989 0.10105493156648694 0.5932237658885429 95.15117517839616
0.5943747907013384 -0.005179984187416553 -0.8041714841640174 -65.22179617911715 -0.07883420940618695 0.9947875501937739 -0.06467532301250137 -7.290621401699051 0.8003147978177348 0.10183760476016723 0.5908682819805698 95.81776727208603
0.5936183823684815 -0.0046950444405221975 -0.8047329822195243 -66.13675806050522 -0.07845706330490079 0.9948816401088074 -0.06367897134832251 -7.371676681929567 0.8009130448006191 0.10093799449221891 0.5902116704506026 96.48308385165068
0.5914985601081296 -0.004508678880375538 -0.8062934485686728 -67.03080278113329 -0.07772283315231442 0.9950088978554691 -0.06258158191690603 -7.449936237021381 0.8025513158650897 0.09968432676804605 0.5881959030799302 97.13379808720187
0.5903745882705438 -0.004907260575060524 -0.8071144679151987 -67.93093502746889 -0.07728760241841721 0.9950427157470243 -0.06258290781994033 -7.532643197781156 0.8034204827092712 0.0993273005393529 0.5870686632164643 97.78760802730554
0.5875836085305629 -0.00547179822880578 -0.8091449576005191 -68.82324039744901 -0.07663563303061956 0.9951058506601053 -0.06238049159813401 -7.612948105701323 0.8055262148038379 0.09866309039439163 0.5842885518796597 98.42823774760701
0.5868498477359624 -0.005076142108697723 -0.8096798682155624 -69.69516032162782 -0.07485805336711515 0.9953574298864561 -0.0604967653343124 -7.691543397828669 0.8062279628358 0.0961135763101188 0.5837453660548536 99.0548656405786
0.586551001565365 -0.004983430076042933 -0.8098969613397402 -70.57198023724769 -0.07419126775378486 0.99544605092766 -0.059856624375359324 -7.768243961981989 0.8065070231261187 0.09519624528942225 0.5835101511808023 99.6782340982037
0.584976038318884 -0.006763164838671447 -0.8110223758899064 -71.44681220813622 -0.07301940276597182 0.9954652012797472 -0.06096884336096002 -7.844026818755455 0.8077568949952978 0.09488568196749946 0.5818294474716094 100.30612666486243
0.5831803919882753 -0.008032031826997868 -0.8123029711044591 -72.29300248088029 -0.07222297724809286 0.9954785848419618 -0.061694640597595385 -7.918393948884579 0.8091257454548231 0.09464604368791701 0.5799634940721716 100.90839175917469
0.5830298816053473 -0.009846129331529042 -0.8123910455516123 -73.15473885542832 -0.07179696699202426 0.99539008342703 -0.06359070172499197 -7.99787497220655 0.8092721128804583 0.09540249238000818 0.5796352402689829 101.51955989029828
0.5827888580164442 -0.010149541003776227 -0.8125602339453375 -74.00613845787244 -0.07340124469871132 0.995177067565463 -0.06507581323722297 -8.075085265582164 0.8093018004728327 0.0975683914452764 0.579233117787832 102.12059249656188
0.5842407421985232 -0.010031986948087303 -0.8115184005265635 -74.86483812144175 -0.07493714254746903 0.9949851134449423 -0.06624989577180983 -8.155763190153321 0.808113345900276 0.09951875833645014 0.5805590727195917 102.72725577138597
0.5872969779736065 -0.009118754282151885 -0.8093201517220555 -75.69637232919783 -0.07740775620070758 0.9947200520782906 -0.0673799471158509 -8.233851709775397 0.8056614046502669 0.10221969630998119 0.5834902182070015 103.31976514442094
0.5912075663239915 -0.008784712447895943 -0.8064716004599735 -76.50367581331997 -0.07944790881003469 0.9944429760830942 -0.06907385253995146 -8.3080522278276 0.8025968124201439 0.10490946642799368 0.5872242847045905 103.89882230575452
0.5965785561548783 -0.00818800307596012 -0.8025129176167751 -77.32283010528286 -0.0809141569561172 0.9942391766649097 -0.07029479915871042 -8.385870481641227 0.7984653565059925 0.10687102596265591 0.5924792471213214 104.49639162568454
0.6011434349663258 -0.005598936277963172 -0.7991215317518621 -78.1496538100865 -0.08414555331428436 0.993973151343111 -0.07026307897094965 -8.46512799059499 0.7946987457233841 0.10948071209852576 0.5970493088716209 105.10824874689416
0.6061000061101276 -0.0035722550453752 -0.7953804257003023 -78.96735673210244 -0.08589920037265503 0.9938472636251487 -0.06992098368975164 -8.544527810209646 0.7907364352100148 0.11070165120130251 0.6020639787038113 105.71631792426207
0.6118801884507291 -0.0027090001923953527 -0.7909458238713054 -79.78078900538614 -0.0872810717487898 0.9936557459422761 -0.07092441801158186 -8.628629550915619 0.786119996880809 0.11243184546140206 0.6077618206421498 106.33364561760881
0.6171399939479625 -0.0013836755679109275 -0.7868521546719127 -80.57194903512082 -0.08909867310547358 0.9934439084167597 -0.07162839716534808 -8.708524896323173 0.7817925903465399 0.11431223150457545 0.61297068397085 106.94570093711967
0.6246001157856391 -0.0017456222590052986 -0.7809427944244668 -81.35818065138699 -0.08909938412884405 0.9933084414929587 -0.07348224143757491 -8.790157270121028 0.7758453422612183 0.11547853853317604 0.6202650336991558 107.55975387293934
0.6323558323339975 -0.002027372666431014 -0.7746754101384972 -82.1422694737371 -0.09160499970380692 0.9927848684553139 -0.07737395553692993 -8.874405371214104 0.7692428909924633 0.11989201277081256 0.6276075843481502 108.18631298058499
0.6393322011862811 -0.001643731779885825 -0.7689288879162628 -82.9035549025067 -0.09390322432102116 0.9923459459142557 -0.08019793070682923 -8.954661576615038 0.7631752885074443 0.12347802141829611 0.634284366225593 108.80299875354373
0.6473646370414365 0.0008307265466114544 -0.762179989636053 -83.67948272962825 -0.09651897602316055 0.9920381021141494 -0.0808980297732702 -9.04276250439402 0.756044386247031 0.12593535582655535 0.6422905667820361 109.44053423396744
0.656285303922964 0.002611648736127535 -0.754508302900387 -84.41428881562382 -0.09737140348221474 0.99192504530187 -0.0812620101079653 -9.126591287902155 0.7482034547091096 0.12679859539349164 0.6512401297275768 110.06885489545198
0.6676563231945678 0.005095474761671437 -0.7444521947279517 -85.14476474387341 -0.09845078996216153 0.9917984426651488 -0.08150638676086625 -9.212593710805471 0.7379312136331795 0.12771016116166609 0.6626821550954305 110.7090143097023
0.6776007291777844 0.005233599883521629 -0.7354113551271794 -85.86948940474942 -0.09776024046296636 0.9917414105962095 -0.08301752762678448 -9.30070077966179 0.728903414179381 0.128146728170875 0.6725163409588959 111.36011228594661
