1.0 0.0 0.0 0.0 0.0 1.0 0.0 0.0 0.0 0.0 1.0 0.0
0.9999460023152923 -0.0022434772459297044 0.010146884423944876 0.0027948736678808928 0.0022308720910097397 0.9999967260730974 0.0012534164513823027 -0.0016565595287829638 -0.01014966321507533 -0.0012307123685238732 0.9999477334759487 0.3196394741535187
0.9998259631389267 -0.003854551715423922 0.01825337953342226 0.009549513104255468 0.003816584346831536 0.9999904814576658 0.002114397784135208 -0.002838017621966492 -0.018261355843462352 -0.002044364238377762 0.9998311574749107 0.6135677218732865
0.9997507304473012 -0.006507192027331374 0.021357280304559034 0.01898762148232787 0.006464555276843261 0.9999769728160076 0.0020647912259159425 -0.005239141415265126 -0.02137022449953926 -0.0019262112172387838 0.9997697751058422 0.9171637917404616
0.9997343109236909 -0.00822298437810589 0.02153346441821314 0.027898393439486108 0.008199874929629276 0.9999657061688247 0.0011612654401001142 -0.00575086528369729 -0.02154227502079254 -0.0009843851895270143 0.9997674536474607 1.2274918586647863
0.9998118653189066 -0.0101287302230131 0.016542151963946795 0.028321532176962996 0.010130000161790356 0.9999486902073581 7.022213641958184e-06 -0.006040972962616746 -0.01654137431566722 0.00016055110955110757 0.9998631692182138 1.5484664208369172
0.9999290574414954 -0.011332438994740237 0.003668229899155758 0.021892431531270948 0.011338157598069087 0.999934532173285 -0.0015419305027160161 -0.010111030520163943 -0.0036505159147602103 0.0015834120829236944 0.9999920832385284 1.8780363166757303
0.9998026484272842 -0.011079738564071509 -0.016489499420553298 -0.004029161654317815 0.011032873103168453 0.9999348421010615 -0.0029304032853591784 -0.011418961686604426 0.016520893101705583 0.002747898411020387 0.999859744736953 2.222308255226567
0.9993020672934909 -0.007216940225950238 -0.03665097647717926 -0.0391759504661407 0.007122310792125751 0.9999709589471631 -0.0027118169686883506 -0.017212206507319 0.03666948311520161 0.002448884657626475 0.9993244478006119 2.5865101524095966
0.9984062991721167 -0.004663027163651505 -0.05624160338316487 -0.07850889713722989 0.004444199262336158 0.9999820630632014 -0.004015301331239834 -0.023730776225268955 0.056259318040257335 0.003758953249915971 0.9984091142433098 2.9238530673621215
0.9970769176651108 -0.004400369876336051 -0.07627749998783043 -0.12420211083730787 0.00410217415812848 0.9999833214186634 -0.004065593643557002 -0.027629088343888834 0.07629411790314125 0.003740805989299959 0.9970783389202336 3.3198840665909257
0.995216498922596 -0.004688015814802056 -0.0975814674001717 -0.18375256558097477 0.004304720014208275 0.9999821725137961 -0.0041381203689676745 -0.034262111382700106 0.09759912734164114 0.0036982647699909583 0.9952189373096963 3.7219086091284446
0.9930995732327249 -0.00527073828450601 -0.11715569539256827 -0.24272885473480682 0.00489349110369464 0.9999818755729306 -0.003507459260261912 -0.037928165018134806 0.11717205891251574 0.002909955941346581 0.9931073661828421 4.109883187061249
0.9910708156668804 -0.004845145863578986 -0.13324850053544834 -0.3112526189880515 0.004504186350230941 0.9999857658532921 -0.0028601391797391986 -0.045130256109418586 0.13326046164825905 0.002234424392484423 0.9910785320593558 4.535250103962197
0.9886971997190822 -0.004651335901728631 -0.14985397005743592 -0.38970186005932517 0.004375311687610938 0.9999880703421604 -0.002171594114717108 -0.05666927077108249 0.14986228316451697 0.001491391193520045 0.9887057559441162 4.978758108681859
0.9868280349409005 -0.003695731173342654 -0.16173055068778824 -0.47550736881960937 0.0034285548941410233 0.9999922580142627 -0.001931041914123705 -0.06379736917181439 0.16173643518397057 0.0013511042264104719 0.9868330659495307 5.437644639586012
0.9843261324243529 -0.004776483993564357 -0.1762930804858054 -0.5660362542499663 0.004374170054875238 0.9999868671332247 -0.0026706174210425738 -0.07413077192166913 0.17630352141363048 0.0018576226036972159 0.9843340985536445 5.900948811890318
0.9823270509443276 -0.005751757677078349 -0.18708415824608154 -0.6596978673822578 0.005220648892257033 0.9999808229273114 -0.0033314565524936468 -0.08341690173270382 0.18709973225038162 0.002295879187053995 0.9823382406944129 6.352034998721999
0.9805380536072557 -0.005040157187587552 -0.196264419199251 -0.7655786490825325 0.004162761454481217 0.9999794149393434 -0.004882736388733389 -0.08825682745871066 0.19628498884318177 0.003970706875757172 0.9805388501440109 6.8413344073656
0.9790491041208984 -0.00519511710356339 -0.20355800764977672 -0.8787527690520066 0.004058515102033573 0.9999737595453866 -0.006000722942441593 -0.09357999162497786 0.20358384065350782 0.005048859172688678 0.9790444978885391 7.349130147767759
0.9772153647871485 -0.005695204884512152 -0.21217373886804136 -0.991978481919325 0.003948974514834254 0.9999547641922498 -0.008653043944386698 -0.10525628043895582 0.21221342187571823 0.00761801880712608 0.9771936498797221 7.8491457754151
0.9745379069391576 -0.008235993579325848 -0.22407149829553755 -1.1085335855147591 0.006081921950339948 0.9999284389667088 -0.010301804259009107 -0.1156497990872304 0.22414030910132107 0.008676713396342444 0.9745182586696887 8.359134269204377
0.9720957905486196 -0.011333272387610805 -0.23431033040530355 -1.2336106184803082 0.008993335376362299 0.9998984748244686 -0.011052599807737337 -0.12660517049174536 0.23441180413209264 0.008636954364238792 0.9720990222723442 8.87417058366808
0.9691319708756487 -0.010999833044086206 -0.24629702941709045 -1.3810531774523749 0.008123425406608676 0.9998864596910433 -0.01269163843540461 -0.13886854034213386 0.24640867068012065 0.010299097024205766 0.9691112916554744 9.421468954652893
0.966313688829602 -0.007634847883278685 -0.25725388991874587 -1.5440716548612612 0.003660582390190407 0.9998665013708123 -0.01592418202156843 -0.14678919826471995 0.25734112558448885 0.014446056011611275 0.9662126352664913 9.9713159194725
0.9636022251166139 -0.004504353483939861 -0.2673021933131164 -1.7227979355683236 -0.00026534389150410526 0.9998414425676255 -0.017805036279355736 -0.15896134539881282 0.26734001074087316 0.017227899581250504 0.9634482436192867 10.551379335857089
0.9605283315912454 -0.005730878077643182 -0.2781231404378242 -1.8954628187560854 0.0007822609411520486 0.9998394652028394 -0.017900611462183046 -0.17758086286770555 0.2781810782176934 0.016976479592638746 0.960378616412445 11.122671479057301
0.9571138049923341 -0.00545102853896204 -0.2896609234621819 -2.0703250798504524 -0.00020052523847230094 0.9998102720874318 -0.019477669729323435 -0.19262191231960554 0.2897121400333878 0.018700430912770117 0.9569311207192248 11.673303394464305
0.9540965057323068 -0.004662864289199172 -0.29946304520929284 -2.2579961074193298 -0.0014434604835875749 0.9997955941138352 -0.02016646752398095 -0.20672642169815025 0.2994958667014201 0.01967301926964868 0.953894752130224 12.255798438188714
0.9507048941540378 -0.0023627525006442406 -0.31008808689174217 -2.464454093383717 -0.004881457523757711 0.9997330375003198 -0.02258373536038782 -0.21955705907230788 0.31005866477814115 0.022984149560185633 0.9504395579230651 12.838879834489607
0.9482570163837829 -0.002139749750531409 -0.3174965391148872 -2.670760500351397 -0.006714078144062368 0.9996185464932549 -0.02678959987360328 -0.24023266329201218 0.3174327519863087 0.02753512262034512 0.9478809339725539 13.42784558328356
0.9455103779560297 -0.0018777510332739222 -0.3255865464488712 -2.8844552762526847 -0.009142753220398694 0.9994359232118383 -0.0323147869751805 -0.262545683751155 0.32546356976011437 0.0335307238925354 0.9449598696845521 14.026936606734273
0.9437303415392324 -0.00016884203101592225 -0.3307159112450027 -3.1078406117157114 -0.0131053156669815 0.9991953149737606 -0.037907429822613664 -0.2846152702364802 0.3304561894707266 0.04010852810632887 0.9429687231364735 14.629896551603451
0.9420170888533155 -0.00035961196293583624 -0.3355647105813731 -3.3375740642184804 -0.015461360974456802 0.9988908666148867 -0.04447451978580771 -0.31224303413113497 0.33520851812736224 0.04708404477736349 0.9409667061603514 15.244858319760429
0.9402976316880364 0.0013994286437663279 -0.34035041566206625 -3.583140922563741 -0.019737634842977164 0.9985328398316305 -0.0504241365675692 -0.3434380309165103 0.33978050210786903 0.054131408417392786 0.9389456858679709 15.877307961258394
0.9389537327355714 0.0016208005552126401 -0.3440396209559265 -3.8300322377494567 -0.02189055231575445 0.9982441082125377 -0.05504093148073247 -0.3794316327547895 0.3433463142386249 0.05921210538830461 0.9373405118068012 16.507303680026627
0.9370606877611604 0.0035576680294664917 -0.34914840748709325 -4.084154816273504 -0.025756855653853824 0.9979280640375716 -0.05895899755805791 -0.4221122052690106 0.34821523780473446 0.06424112393488031 0.9352107923651094 17.152052884764846
0.9354209363889899 0.004671235705196584 -0.3535050937711253 -4.333675103256809 -0.028912176279507734 0.9975741730626742 -0.06332341826769115 -0.4633043557294699 0.3523517529797862 0.06945465279813 0.9332868226739105 17.7827903138998
0.9348249085641265 0.006770449410556647 -0.3550444357300255 -4.610178966120143 -0.03241193807085329 0.9972716601785047 -0.06632271160998168 -0.5082953275720105 0.3536267192938965 0.07350780107980867 0.9324938319269718 18.476240353224025
0.9343196143674313 0.008476569830918216 -0.3563355244319543 -4.894680161802014 -0.03502971029205018 0.9970612651199594 -0.06813041166939318 -0.5555736674979589 0.3547108366051838 0.07613791014525892 0.9318708285130312 19.18759506513551
0.9341383387766304 0.010298734876760944 -0.3567625261817387 -5.17375704647207 -0.03746596132357819 0.9968905100413357 -0.06932252686988633 -0.6034664687460998 0.3549392423637287 0.07812328109766101 0.9316194969947754 19.873866863549228
0.9329585633880844 0.012330861807114693 -0.3597725237534626 -5.46156909682527 -0.03958050668584187 0.9968675032915892 -0.0684730923187026 -0.6568403369085611 0.3578012052681404 0.07812253662220259 0.9305241355173862 20.59426325372748
0.9308233900715308 0.013685608343437879 -0.3652129798076908 -5.746191931744554 -0.041209868966880794 0.9968558399978351 -0.06767703422833253 -0.7106630169105798 0.3631384903800136 0.07804574547328254 0.9284607145259536 21.292590135956694
0.9283360617091178 0.015142857673147953 -0.3714335073628873 -6.044063244282367 -0.042731189248589985 0.9968937962790952 -0.06615742139514852 -0.7641913008480072 0.36927794680403875 0.07728811552719378 0.9260995330969825 22.015904209353597
0.925210153378009 0.017402237164315333 -0.3790558457904559 -6.386797972816897 -0.04522873274237566 0.9968838594079993 -0.06462919298839423 -0.8258748749729664 0.37674996193863075 0.07693980110118087 0.923114149596761 22.830293896593
0.9222263432737106 0.018067615701471355 -0.3862280842130259 -6.690762130916294 -0.04487192211621361 0.9971592552639305 -0.060497357356169984 -0.8772876375342049 0.38403786581220967 0.07312305316620485 0.9204172622881732 23.548509664692148
0.9198313317608041 0.020113906553804576 -0.3917981009069473 -6.96894343748379 -0.045973650004939595 0.9973303442176437 -0.056732777192200795 -0.9222301851368128 0.38961101706236306 0.07019697476288703 0.918300408427313 24.17493374440482
0.9161936053245258 0.02174252233403679 -0.4001456488392713 -7.297221474300568 -0.04725954587625091 0.9974213256537033 -0.054011428927403154 -0.9706171116552327 0.39793945882007986 0.0683956274462286 0.9148585821099451 24.899170134518332
0.9130248944333241 0.022795848081707204 -0.40726636425716956 -7.641706834360553 -0.048659106787618644 0.9973945008761878 -0.053258810994725445 -1.022040863835293 0.40499115233749106 0.06844383779549836 0.9117552344769811 25.646683282347936
0.9090638877758921 0.022351826347784896 -0.41605677953940245 -8.00581742604892 -0.048878083091548584 0.9973862046250953 -0.05321364314575029 -1.075127145306431 0.4137798701424178 0.06871065916192373 0.9077802952160055 26.41876445427694
0.9051264079170416 0.023977956273832462 -0.42446583290545736 -8.379600106645588 -0.050893568128173375 0.9973397227680307 -0.052185458819203764 -1.1233859330350529 0.42208533546473326 0.06883701767158434 0.9039388444932023 27.196780256977853
0.9014397134605053 0.024219419547573715 -0.43222663350726176 -8.76384267395248 -0.05162412964078651 0.9973232172525021 -0.05178174937127792 -1.1690639275587709 0.42981553279875007 0.06899144907810807 0.9002770616421533 27.975676159917434
0.8975935282641092 0.023515689249917607 -0.4401963997779735 -9.142508882525409 -0.050622294548725424 0.9974686364580203 -0.04993698606444061 -1.22011520871409 0.4379078000138959 0.06710686732130595 0.89651181087887 28.747264170773324
0.8942077587732694 0.024154014951323334 -0.44700007573983447 -9.53795096890637 -0.050569026564205456 0.9976019798270281 -0.04725530020582478 -1.267287436409032 0.44478675531318956 0.06486041479149814 0.8932848755526087 29.53066487752526
0.8904591560119764 0.026076944861218317 -0.4543154019193536 -9.951608833978696 -0.05096973781267788 0.9977899714327689 -0.042629317793055704 -1.3145009812072903 0.4521997095330178 0.06111600326346153 0.8898203508817694 30.332276233255797
0.887463396923624 0.02671087896172504 -0.46010351885839146 -10.361933499132222 -0.050261752661376086 0.9979739299302995 -0.0390101448200371 -1.3595618343108977 0.4581293216333013 0.057745684899961895 0.8870078694889045 31.11365778806468
0.8832935523942811 0.026659420021093228 -0.46806172202267327 -10.806535450502393 -0.050138822271650466 0.9980276750755565 -0.03777377773656263 -1.4049607317864816 0.46613152521568757 0.05683339781693789 0.8828880824275965 31.95762552195056
0.8803593999341667 0.026318996198988975 -0.47357643246537495 -11.25714406368612 -0.04935316060946578 0.9981224359197456 -0.03627490112308843 -1.4459946414684903 0.47173254338174564 0.05530744391771482 0.8800053943936245 32.78543289137134
0.8774500425823382 0.02666372606285706 -0.47892637062986815 -11.713724944531304 -0.04918033234819163 0.9981928239883805 -0.034530870945044256 -1.4830024175495098 0.47714014469794336 0.05385287225902442 0.8771756668234013 33.61228025214222
0.8748483018692097 0.026036489265420588 -0.4836967541169692 -12.173261528443705 -0.047983625033310454 0.9983011945949877 -0.03304991072428363 -1.522164197937312 0.4820145438108925 0.05212318195344653 0.8746114299835243 34.43726107104684
0.8727971961602755 0.026250084881425863 -0.4873766381541894 -12.624622740656246 -0.04896531217986005 0.9982242347800192 -0.03392307917884234 -1.556628056156937 0.4856206879632401 0.053472517628807184 0.8725326568562042 35.22772334994478
0.8714374572401012 0.026351892922866563 -0.4897982603667438 -13.099909882586617 -0.04895340674109584 0.9982428001709844 -0.033389757040638 -1.5950884737268078 0.4880577036451198 0.05307437843417272 0.8711961824218921 36.06991611118324
0.8699669411935994 0.026516395094744134 -0.4923965901805495 -13.588715330933795 -0.049702518132049824 0.9981831166292059 -0.0340606131439011 -1.6284214947710804 0.4905987983287218 0.05410495788358641 0.8697042443329972 36.92047116441689
0.8698937564186018 0.02655461701435331 -0.49252381146413143 -14.094644846652914 -0.049170649666719926 0.9982442806395512 -0.03302428472772163 -1.6687561686820325 0.49078213063974424 0.052945334880855656 0.8696721748791708 37.800873807309905
0.8694422911893057 0.028274983305387778 -0.493224723235333 -14.60355786370241 -0.05068776012739307 0.9981976642775966 -0.03212746494852366 -1.707613394698048 0.4914273631624095 0.0529334331952009 0.8693084598607164 38.68308037560634
0.8689700540196746 0.02802587305975253 -0.4940704359261771 -15.105383181433933 -0.049858717650526685 0.9982730483116022 -0.03106492055207694 -1.7469329914548266 0.4923465786326631 0.051628204054571095 0.8688667188095138 39.5623117836134
0.868106130698543 0.026176622407835408 -0.4956879363903483 -15.612685332272298 -0.04840784051702402 0.9983130654226643 -0.03205782872999838 -1.7837938329712224 0.49401257759300293 0.05182478022839221 0.8679088462126633 40.438295655191546
0.867572313230396 0.024566846748999907 -0.49670388699593554 -16.132376270221574 -0.04712156514686959 0.9983463063872761 -0.03292735368949099 -1.8257359794848562 0.4950735696986553 0.05197232497872944 0.8672952427069668 41.335817421594264
0.8668064248050825 0.025614980451144652 -0.49798644027033334 -16.666632921407096 -0.04745158745359431 0.9983848604001281 -0.031241276733684115 -1.8663874016191684 0.4963818779576513 0.05071038651306278 0.866621882907956 42.24748962292589
0.864871558027718 0.02623247349817566 -0.5013073363206202 -17.197130697097165 -0.046898775974081944 0.9984883474498576 -0.02866225425512596 -1.9065042785545825 0.4997976519821204 0.04829986895448189 0.8647944436293167 43.16021702935636
0.8618438025878822 0.026475259674747877 -0.5064823003482102 -17.73135147075142 -0.04540627202822755 0.998654176396692 -0.025062051511072887 -1.9495033942401092 0.5051371401920062 0.044597046882049705 0.861886055698804 44.059770547663
0.8586325737521069 0.025937591889493752 -0.5119349027159676 -18.27074571936319 -0.0447424980017789 0.9986994651401926 -0.02444355132247482 -1.9893534038924114 0.510635106670501 0.04389327574546832 0.8586764048114626 44.96443857016254
0.8540105357415343 0.02376496338418748 -0.5197126430613425 -18.83438856299049 -0.04391375283850634 0.9986839666636436 -0.026493717002517354 -2.0271738206229033 0.5183990616832718 0.04544844600554709 0.853930238135168 45.883951482156604
0.8478509111613007 0.021684532778213316 -0.5297911036258941 -19.410088186941806 -0.04356328460147103 0.9986342560122126 -0.02884203449249076 -2.0641350785264985 0.528442118568991 0.04753318585078621 0.8476376133497092 46.80510633183036
0.8418860748626769 0.021777215631948933 -0.5392157173447701 -19.99896807882517 -0.04364914628635764 0.9986595735512299 -0.027817407912096345 -2.1016235874581417 0.537887152645225 0.046955394086253904 0.8417081453719081 47.72239784843295
0.8371024612436548 0.02372151004862902 -0.5465315721354335 -20.5851176260012 -0.04443660766801112 0.9987064579654876 -0.02471434233373917 -2.141171733548514 0.5452383490536731 0.044974445844754886 0.8370737374581659 48.61166465668905
0.832818954253514 0.025436083836868763 -0.5529607536481478 -21.179194450294055 -0.04425208840517407 0.9988058441594785 -0.020703582894095872 -2.17635266341178 0.5517738142643818 0.04171200441019137 0.8329500384658255 49.50192287918907
0.8290393931066233 0.025100164999579663 -0.5586265894086992 -21.77576826821733 -0.044846421255567454 0.9987586401209374 -0.021678959484809093 -2.2089999407761605 0.5573889873131419 0.04302511476765265 0.8291359094390138 50.38253908408494
0.8265252570074049 0.022915424219060333 -0.562433002998316 -22.361270378359176 -0.04492219075721944 0.9986694003638936 -0.02532638060191479 -2.2391941347576507 0.5611042650937661 0.0461986158849111 0.8264548938592493 51.23406902026506
0.8244024426986614 0.02201629334940336 -0.5655757202175793 -22.973851988013237 -0.04816202311112662 0.9983477564663823 -0.03133969828163897 -2.2728052563696965 0.5639512674002283 0.05307579472503334 0.8241006783227292 52.10130368579394
0.821470906994844 0.02115885906066285 -0.5698577468494391 -23.569284366284343 -0.048815084355388116 0.9982524534318945 -0.03330355471387206 -2.310875934276397 0.5681572286792141 0.05517555527998366 0.8210682198204367 52.95920224994843
0.8190486133565951 0.0211564513405316 -0.5733339110198475 -24.180350844865107 -0.04755841938815483 0.9983842039222912 -0.031099487194374303 -2.352392892644334 0.5717495655476611 0.05273884645238641 0.8187313652052988 53.824912421014325
0.8161860012141561 0.02300409587566212 -0.5773311207573945 -24.811461529178768 -0.04710847727541242 0.9985298919653892 -0.02681130769620337 -2.3927582097108933 0.5758656117453428 0.04908020399847465 0.8160698075438342 54.713830114759624
0.8136902680656141 0.02394580890971565 -0.5808052564250507 -25.426329142533724 -0.04701371017735452 0.9985889558263238 -0.024694298067620673 -2.4288889714541573 0.5793943896092447 0.047399320009385834 0.8136678964737266 55.56427915574011
0.8120086144252073 0.02410883884609164 -0.5831473004213842 -26.054451887293922 -0.048024488711437045 0.9985182830201451 -0.025590759240522346 -2.465637297872477 0.5816662776741145 0.04878526789917738 0.8119632621324351 56.43327104908488
0.8086418927542511 0.02341848273933113 -0.5878348951440447 -26.687851413965138 -0.048597885910726765 0.9984513755285181 -0.027075749116474455 -2.5057748743077446 0.5862904866768951 0.05046211818183946 0.8085276988828348 57.29649378824827
0.8055150527648556 0.02181666443137282 -0.5921735665514978 -27.297651334713716 -0.04862908689236465 0.9983851081614667 -0.02936643848735347 -2.5408094528250635 0.5905765925578554 0.052451968070850674 0.8052751575506645 58.121232838946185
0.8026893185068191 0.020550421078717414 -0.5960432351336151 -27.939428352562242 -0.0475959460549722 0.9984258157481349 -0.029673496032719897 -2.581390887783609 0.5944951504210869 0.05218783997406939 0.802403854355555 58.98272424899155
0.8002759716440425 0.020912877805254602 -0.5992670696368075 -28.572897660005818 -0.04779634502946615 0.9984364512389412 -0.028985552249592546 -2.624304369541158 0.5977239150402199 0.05183921661533981 0.8000242602632123 59.82047532399414
0.7982195709594944 0.02127121247737407 -0.6019909069553985 -29.223038580112167 -0.04810912841929041 0.9984350757550915 -0.028511598774204137 -2.6635107153318103 0.6004423605142938 0.05171977399087684 0.7979937572928473 60.67537251063814
0.7937277314307909 0.020768784183845087 -0.607918535628957 -29.881408025716034 -0.04802337024493822 0.9984369261508165 -0.028591264554526374 -2.7056805304548113 0.6063745082604052 0.05188797646887186 0.7934844633828176 61.532301721972836
0.7891645450210621 0.01936614776330499 -0.6138764315418129 -30.554824013328062 -0.047658114605749854 0.9984200043939867 -0.02976909367342266 -2.7455975763559106 0.6123299968104824 0.052748906592664443 0.7888406225970828 62.392439897175066
0.7845972934941788 0.018777212497325203 -0.6197213110200744 -31.232907871947056 -0.04807448819785127 0.9983744785306984 -0.030614444353455863 -2.792962094702006 0.6181390867969151 0.05381279503414109 0.7842246186294393 63.24922185593489
0.7795033523213383 0.01795008019440912 -0.6261408135082795 -31.935439072898095 -0.0480483340713216 0.9983577277160367 -0.031196235392155196 -2.839537443463006 0.6245525448773437 0.054402593051125436 0.7790856670203524 64.11958830904803
0.7746612361186465 0.016818571150942246 -0.6321527544190341 -32.621742148595274 -0.047969075037151254 0.9983289544757448 -0.0322221429369102 -2.882401729258097 0.6305544679844962 0.055285027989567054 0.7741735132287735 64.96599124958789
0.7687061216139681 0.01707338468460538 -0.6393742238537795 -33.327821890285776 -0.04867786814944079 0.998306066290948 -0.03186633269015196 -2.930171561517444 0.6377471001467879 0.055619219179212434 0.7682350803707534 65.81150160060946
0.7634087190592077 0.01727402425860373 -0.6456847030480843 -34.037673544884534 -0.04847107033933401 0.9983557618264607 -0.03059947986595138 -2.9707296535610728 0.6440944674537572 0.05465693838681965 0.7629907837461999 66.6487809867284
0.7589838738978144 0.016893137119524462 -0.6508902373529101 -34.75372626885444 -0.04743932963493479 0.9984412377848972 -0.029404161174064705 -3.0196942107130353 0.6493789257181469 0.05319508068255298 0.7586021976136914 67.48470824846885
0.7534155967460193 0.015846320301108194 -0.6573536587809902 -35.47751191971629 -0.04721399254934268 0.998432836731265 -0.03004512346970538 -3.063090854638463 0.6558473736223928 0.05367275537620472 0.7529830395453379 68.31426083460167
0.749229739948792 0.014405402441524676 -0.6621535178164982 -36.213154801978845 -0.0467825039586539 0.9984172996470908 -0.031213668300447944 -3.1078276371431293 0.6606558817566256 0.05436340815207939 0.7487178545717115 69.14356871452823
0.7446245841521741 0.015598339599809968 -0.6673012216967169 -36.96527770481232 -0.04878747936941007 0.9983247391120825 -0.03110461595281073 -3.154085794865539 0.6656981376967952 0.05571720630578548 0.7441381473815849 69.97941134774031
0.7395325027630116 0.016733412959777108 -0.6729128251473544 -37.73396634213552 -0.04970683550883907 0.99831910582576 -0.02980257450208604 -3.201242994877824 0.6712830311133848 0.05548833962169654 0.7391211918929492 70.81490441389356
0.7366705607145574 0.017015243659850774 -0.6760376960345447 -38.511643527868316 -0.05008084966214198 0.9983109954342302 -0.029445965635964747 -3.245143007994742 0.6743948349992144 0.05554851823687461 0.7362784586337361 71.65822381911511
0.7326399453138602 0.01716202354439007 -0.6804000113744606 -39.27209305699603 -0.05085321232603346 0.9982680498609457 -0.029577887398325776 -3.2921191353047012 0.6787139760802245 0.05627046805106993 0.7322437934859443 72.47449838597142
0.7288484771638096 0.016614351403172672 -0.6844734185221863 -40.02557204817976 -0.05227933404092727 0.9981374430126645 -0.03144067569848771 -3.3367656886957917 0.6826761813394644 0.05869930309290075 0.728359542566839 73.2700673032441
0.7246737051682415 0.015717759620519977 -0.6889128922224088 -40.81069793563289 -0.05375335228968017 0.9979829008314518 -0.03377435070674598 -3.3809239330310774 0.6869924294745571 0.061506761258842836 0.7240568487101642 74.09119898075915
0.7189912487518633 0.015598350909576088 -0.6948440657206033 -41.597022662108714 -0.055074010259370115 0.9978830641903965 -0.03458675463144278 -3.426954243669373 0.6928336291002243 0.06313542310689428 0.7183282541686122 74.89706249215858
0.7160169687012627 0.0178317205125743 -0.6978550926054895 -42.38050230601181 -0.05585439727441095 0.9979321089841996 -0.03180868063060561 -3.476417244717726 0.6958448008262813 0.06175383066587065 0.7155323036461204 75.69164868046013
0.7129382399674837 0.018381164601133003 -0.7009858763056304 -43.18665376361519 -0.05601530298038123 0.9979546645357138 -0.030802164914610696 -3.5244274912369282 0.6989859453694921 0.06122597748763865 0.7125096686056973 76.50622876102766
0.7080186626155335 0.018113332695814822 -0.705961387447474 -43.981834739767 -0.057119018005282324 0.9978645358371522 -0.03168258039708093 -3.5690275834705205 0.7038799550848313 0.06275567940159671 0.7075413299112783 77.29987790491774
0.7042952850966262 0.01857080905143898 -0.70966419977468 -44.82077800566876 -0.0575504016494281 0.9978611096549864 -0.03100253389819444 -3.6153861067798787 0.7075705637324461 0.0626763981837995 0.7038576322311596 78.12962771998626
0.6999500331496876 0.018634434636945685 -0.7139486738831529 -45.671782443225126 -0.05739420233567245 0.9978940113221157 -0.03022329739967248 -3.6661987010358867 0.7118819119994573 0.062131312662928324 0.6995454548167535 78.95998829980611
0.6971890506683304 0.019164911774364222 -0.7166311002076823 -46.49411891336113 -0.05839026182306199 0.9978393211401186 -0.03012086504171869 -3.7113340184398713 0.7145054268180379 0.06284421487542029 0.6968016932415315 79.74969697896819
0.6935610151658613 0.01636554269379343 -0.7202119738343965 -47.33631457223443 -0.0557605093613422 0.9979621798943452 -0.031020204646171293 -3.7576706240099664 0.7182366489102764 0.06167379113419494 0.6930602135812387 80.56070060260761
0.6904751252307795 0.013877237850472048 -0.7232230110465104 -48.1981329649675 -0.05422454896260744 0.9979958202022223 -0.0326196436016035 -3.8043460561476166 0.721320871545626 0.061739494074176456 0.6898437758972125 81.38415693573745
0.687198210517185 0.011333590590605912 -0.7263815589525269 -49.06014819867342 -0.05161176440230991 0.9981134093563122 -0.03325429052617554 -3.851713213704275 0.7246342837854549 0.06034212282844682 0.6864866954102589 82.20388327137384
0.6833325176391036 0.009705486836379375 -0.7300427890625819 -49.919070651471934 -0.04996503726002641 0.9981890566206894 -0.0334977953648126 -3.8999119886583373 0.7283956104951544 0.05936674799892238 0.6825799761518236 83.0135595185001
0.6757560602131423 0.008958664177184175 -0.7370708849367016 -50.78149447157215 -0.04888630225963834 0.9982693729748842 -0.03268621164514024 -3.95195985493802 0.7355024653504509 0.05812057567240761 0.6750245344777601 83.81207704443231
0.6680936805502042 0.008678717319145497 -0.7440265545493495 -51.633044180681296 -0.0477969194139026 0.9983673804268082 -0.031273442315387555 -3.995894724221737 0.7425404288679659 0.056455766449560636 0.6674177536829313 84.57917377212505
0.6586071194950665 0.009079018874315416 -0.7524322119411764 -52.539022356504525 -0.04673161053435082 0.9984905943154632 -0.02885636221735152 -4.043229285899662 0.7510344990260283 0.05416737468101131 0.6580372913390926 85.38007116285301
0.6503288891820611 0.01006844418233942 -0.7595860466905471 -53.42770611701146 -0.04713964432960721 0.9985199861326497 -0.027123628557618136 -4.089526257968929 0.7581887560678442 0.053445895309187426 0.649841016285441 86.13863979486047
0.6412706841169246 0.009844493184176847 -0.7672515856263565 -54.34561213476248 -0.04890356892871767 0.9984091814017011 -0.028063275625258836 -4.1315462528790805 0.7657547588087493 0.055517496762118 0.6407319696370881 86.90287606133663
0.6300207216076685 0.009160776606895044 -0.7765242884269052 -55.28713576477982 -0.048480058680652874 0.9984439997427002 -0.02755473259023951 -4.17913803873458 0.7750635936845913 0.05500599558009761 0.6294845241902053 87.67448160996311
0.6206231126797027 0.008726276089021576 -0.7840604594757825 -56.215571996145286 -0.04891269442449045 0.9984215153462584 -0.027604818742700772 -4.216215023242681 0.7825819448031583 0.055482698197718484 0.6200702942963865 88.41202959286679
0.6122369274539246 0.009301194176547317 -0.7906196509375846 -57.16820940944951 -0.047760837866475614 0.9985399172761125 -0.02523759046554825 -4.262247383414038 0.7892305411146164 0.053212041805447245 0.6117872437202538 89.16112557271123
0.601909562362411 0.009554180607760886 -0.7985071047709001 -58.13533164841988 -0.04616850836013906 0.9986722377653111 -0.022852359891832874 -4.303039364728831 0.7972285416193344 0.05062093588368717 0.6015514718440718 89.90092417384297
0.5933386649180951 0.009618927865026695 -0.8048954621191128 -59.09928847262549 -0.04677926302213686 0.9986506998212343 -0.02254950770337711 -4.341911188921925 0.8035925144401971 0.05103191132307645 0.5929880393080416 90.61356043461473
0.5849614214779576 0.009998651881206747 -0.8109994835652152 -60.091707655799745 -0.04761108671466885 0.9986229987265964 -0.022029317650548587 -4.383282353861109 0.8096624727652477 0.05149886770462948 0.5846319755374363 91.32919186752883
0.5754739676544949 0.01053818167820635 -0.8177521991892842 -61.09082237355767 -0.04901213409307463 0.9985640999897477 -0.021622879625709624 -4.4253122972064896 0.8163501229641827 0.05252318477189452 0.5751641433519492 92.03673065658643
0.5671096565291084 0.010649395721560703 -0.823573450180494 -62.100949899747114 -0.05078031457770453 0.9984662645048891 -0.022056253014567203 -4.462759808171923 0.8220754205806341 0.054329632949421267 0.5667806399840727 92.73416486610147
0.5583869787436807 0.011317420893130797 -0.8295034044257034 -63.12867090110311 -0.0520787175608011 0.9984129090388719 -0.021435256979087824 -4.497478620031758 0.8279443152451297 0.05516864189795642 0.5580901645831151 93.42903283305736
0.5507434099891657 0.013888130563285032 -0.8345590549403697 -64.16823864310827 -0.053858152678395194 0.9983691851594908 -0.01892800871843595 -4.532556205220896 0.832935168991907 0.0553722850660117 0.5505932385191376 94.1123914402073
0.5439135788698297 0.015482999835637855 -0.8389983882208017 -65.20946329210366 -0.05416912285520841 0.9983922361774829 -0.016692778966450196 -4.56889717917025 0.8373910226710762 0.0545272359157794 0.5438777948154108 94.78667135792323
0.5364274786558474 0.016976104110764088 -0.8437756645176199 -66.27550557824911 -0.05595106053900173 0.9983134181404911 -0.015485412012921092 -4.603820743587614 0.84208968582182 0.05551694380879999 0.5364725808302221 95.46255416483069
0.5306354495907782 0.017085345438421724 -0.8474279382984977 -67.32945175618363 -0.05730156433773561 0.9982325959926253 -0.015754841232860067 -4.636180739357505 0.8456610138595968 0.05691902378883604 0.5306766193915886 96.12134247711903
0.5260059861658446 0.014870614458089074 -0.8503508495576025 -68.3929763348391 -0.056051654886383695 0.9982794540720978 -0.01721463220671531 -4.669085610467634 0.8486317897075241 0.056718571942121515 0.525934491257848 96.77845646952836
0.5199634176412996 0.014180845685745399 -0.8540708096700278 -69.47245472935106 -0.05721850483281524 0.9981946575686986 -0.018261114588267343 -4.70163555954689 0.8522699613499685 0.058363766301925774 0.5198361124081105 97.43115299684993
0.5149217911340862 0.012590479618076834 -0.8571446953917705 -70.51863465946121 -0.05778770244713264 0.9981274545507091 -0.020054074847865613 -4.735910189750282 0.8552871625723995 0.059858702751637766 0.5146851515671935 98.05486502568377
0.5089016648972141 0.011885773399152672 -0.8607426002328151 -71.5706504977807 -0.056631905399167765 0.998200771695409 -0.01969890041473589 -4.774639978021376 0.8589597911169669 0.05877029672712197 0.5086591486122143 98.67522909105894
0.5057249598029313 0.013847054049136703 -0.8625836331199913 -72.61828461528715 -0.056932234604591736 0.9982272028434138 -0.017354312615069693 -4.803274676780143 0.860814141203112 0.05788532281653206 0.5056167557618859 99.28479278220463
0.5039948105739782 0.016129353318262356 -0.8635560635396144 -73.67213907094832 -0.05573613624358169 0.9983490218986463 -0.01388213206439324 -4.836685315239 0.8619064415765418 0.05512780093157186 0.5040617140125921 99.89874366037176
0.5003025725895698 0.017008285832385228 -0.8656835761831815 -74.73655833229897 -0.056528625806130064 0.9983156179188672 -0.013055323961546603 -4.868332086959045 0.8640033855979551 0.055467515108523574 0.5004213269265779 100.51567673865654
0.49694541124327174 0.016993478384863234 -0.8676153986281243 -75.76331789793895 -0.05636462746596749 0.9983290873361677 -0.012730363276730789 -4.897457226026289 0.865949355918046 0.05522911434124232 0.4970728899409057 101.10378809404685
0.49522871158115844 0.017184962168949092 -0.8685926549890446 -76.82595212433239 -0.054672226399000434 0.998439076437533 -0.011417456071391704 -4.929116207498864 0.867040639697034 0.05314214634183971 0.49539523755880044 101.70817795875087
0.4907565171128177 0.01714671744331188 -0.8711280221598983 -77.88128697622383 -0.05179959341026845 0.9986120687886371 -0.009525659673200577 -4.957957920709676 0.869755622593972 0.04979885692059598 0.49096357381742123 102.3080865336216
0.48853091918139097 0.015472908459538345 -0.8724093821753569 -78.91781278171243 -0.048908556540908754 0.9987564102946938 -0.009673985339146502 -4.982912041142217 0.8711747781592796 0.04739432454482326 0.4886801447778188 102.88751951461418
0.48511728047061936 0.015566999033821995 -0.8743105242017115 -79.96744426620353 -0.04683236106231861 0.9988691013202622 -0.008200511263374458 -5.012230819329097 0.873194110233297 0.044924235872556506 0.4852977012980258 103.46974975627685
0.48460158821532145 0.016153345987715763 -0.8745858277565381 -80.98546351035178 -0.044892121380275644 0.9989711876106468 -0.006423687550956288 -5.037467989387842 0.8735822789738621 0.042374942326507764 0.4848281820662435 104.02776266941966
0.48432462915907837 0.016270022034333326 -0.8747370690515657 -81.98056569525806 -0.04348367325274963 0.9990390311972047 -0.005494024481077133 -5.059245753270538 0.8738070861181944 0.04069767226209475 0.48456668862198715 104.5757296047257
0.4822332793847511 0.015431267640566107 -0.8759069244119687 -82.99310285520869 -0.04155628088859595 0.9991222295264155 -0.0052769294929175745 -5.0798728538634945 0.8750566494647859 0.038944145197581694 0.48245125534326566 105.13484939188294
0.48228634427903666 0.014293502529129247 -0.8758970132997441 -83.98301543900286 -0.040074040561499005 0.9991801093300006 -0.0057602423875426426 -5.10059867432097 0.8750965394715247 0.03787881868191888 0.4824637206052124 105.67700486619775
0.4829365177221885 0.012804646002683575 -0.8755617401937525 -85.00375778663445 -0.039703187278999436 0.9991849486923751 -0.007286647137373382 -5.124760038342762 0.8747548095153608 0.03828157973963266 0.483051284940205 106.23238557025851
0.4810789231261243 0.012573331575450023 -0.8765871212018246 -86.01226394471753 -0.04002769548629833 0.9991693928274212 -0.007635969548048446 -5.1472325839744055 0.8757630120745366 0.038761266361876545 0.4811826170095497 106.7823313433349
0.48351014534099845 0.012236574418510593 -0.8752532237009052 -87.01478118320344 -0.04157131068081244 0.9990950306105889 -0.008996996026781605 -5.165714926452166 0.8743510539140478 0.04073556254339452 0.48358127389681593 107.3228632408334
0.48572065598676356 0.012587537333347658 -0.8740234540626869 -87.98885302686209 -0.043654202342825014 0.9989979197862295 -0.00987253162049721 -5.189227282429015 0.8730233415926517 0.04295008925098533 0.48578342382972745 107.85109469530957
0.48926853083986327 0.012279187919127882 -0.8720467454637101 -88.93778207565532 -0.04527214110159365 0.9989103847913569 -0.011334742875824009 -5.210802888946813 0.8709573686294177 0.04502515630212062 0.4892913215356373 108.36957981608751
0.49557249250129226 0.011565994990684052 -0.8684895695608165 -89.9096198727738 -0.045212816032160985 0.9988992151723628 -0.012496367251326714 -5.233374154559499 0.8673890164986521 0.04545971500035538 0.495549905024295 108.91308157496546
0.49988682051410616 0.012978244705427359 -0.8659934941098946 -90.8767411583472 -0.04742980097806063 0.9987974811314889 -0.012409901876106771 -5.257959758457895 0.8647910618499011 0.047277445465666666 0.4999012527437409 109.45763067784574
0.5053859078113658 0.014447479732221012 -0.8627724813153632 -91.8164982040856 -0.04784891390864221 0.9987906273516476 -0.011303280597503386 -5.280804389915917 0.8615657639573691 0.04699524490722028 0.5054660041314999 110.00046192444593
0.5129608266435504 0.01445462953251107 -0.8582903087034383 -92.77477476757703 -0.04836056830011881 0.9987568598689284 -0.01208264451382108 -5.30770166747795 0.8570486834263588 0.04770533041323251 0.513022178553042 110.56196747026378
0.5199769421066313 0.01604922599704711 -0.8540295088709366 -93.72825518624752 -0.050579007296257236 0.9986476293467395 -0.012028151190555725 -5.33505059266951 0.852681501909337 0.04945032603566348 0.5200854944685579 111.13418161429492
0.5276619703319776 0.015854814287146097 -0.8493064640807201 -94.67091699927238 -0.05172487021828784 0.9985701938034635 -0.013494659988864632 -5.359411278617498 0.8478781651076271 0.05105088550881259 0.5277276041884579 111.70967456940163
0.5343303814562783 0.015617073792627927 -0.8451314397529796 -95.61789051345465 -0.054913610402506724 0.9983585386022338 -0.016270334740689226 -5.3893227103123715 0.8434900941003102 0.0551029527899185 0.5343108886673396 112.29548182242517
0.541221375845456 0.016640714693819093 -0.8407154744278414 -96.53240018329137 -0.05906692369648204 0.9980868328835658 -0.01826944305354756 -5.416860814217582 0.8388030286384197 0.05954628988385222 0.541168844731552 112.86741857086527
0.5495609872255465 0.01789150135152332 -0.8352620041035456 -97.46068957013874 -0.06296171306505485 0.9978144762509427 -0.02005227348633654 -5.443148574085394 0.8330777538787101 0.06360947384977786 0.5494863882108072 113.46099340889079
0.5571825707428947 0.020458162701113575 -0.8301379683156495 -98.36254839654157 -0.06561143458709293 0.9976556433254952 -0.019451400777742486 -5.475513886996538 0.827793888906993 0.06530452449629734 0.557218625468092 114.05200206647147
0.5663891803843761 0.024064796038688354 -0.8237864905029284 -99.25957248488295 -0.0686690275760118 0.9974757567145996 -0.01807427504498916 -5.510217360383145 0.8212720992431679 0.06680569106186476 0.5666119824416591 114.65089276753241
0.5742518911290164 0.02483603256253658 -0.8183018617975281 -100.14224612206598 -0.07016721354495445 0.997354849167655 -0.018970160386794912 -5.541355075487943 0.815666186425602 0.06831161195811869 0.5744755834616458 115.25927031545177
