1.0 0.0 0.0 0.0 0.0 1.0 0.0 0.0 0.0 0.0 1.0 0.0
0.9999592461264705 -0.0021918582934377082 0.008757958860514642 0.011859490536153316 0.002205859518132226 0.9999963040744487 -0.0015893461640381723 -0.026994604617357254 -0.008754442870179922 0.001608600218937485 0.9999603852830213 0.3748858571052551
0.9998000147180545 -0.003490167277278033 0.019691350947944334 0.010405361720684611 0.003547708063854848 0.9999895366751582 -0.0028879590884197358 -0.029083719304523623 -0.019681065450634267 0.002957240703653408 0.9998019355803173 0.78569307851701
0.9995903710491857 -0.00785132873365411 0.02752175035980489 0.028619932542432936 0.00792045979271452 0.9999657435505219 -0.0024037558369933046 -0.04400918219876639 -0.02750193488508246 0.002620756106161744 0.9996183147656953 1.2129677632888827
0.9994675264719851 -0.009762733806540509 0.031134427192330713 0.036861040686873195 0.00985586062211574 0.9999473995052693 -0.0028390551327718695 -0.05451167027153288 -0.031105072566533894 0.0031443999860261153 0.9995111741293135 1.6152197867381595
0.9994853054860859 -0.012894174767795478 0.029374553178620543 0.05429872274213926 0.013003024320816788 0.999909269936683 -0.003517563532077785 -0.07158043110748018 -0.0293265319446113 0.003897711090820208 0.999562285389137 2.0511049293165753
0.9996546868061084 -0.014020099758601511 0.022224849815923358 0.05279211296088171 0.014111264503535855 0.9998926274652546 -0.003950411971033472 -0.07631971188787236 -0.02216707830754282 0.004262668575962422 0.9997451926845755 2.496740330723299
0.9998341194831677 -0.014370573610703612 0.011190180133411968 0.03795009664166532 0.014396627685174716 0.9998938288962358 -0.0022512322225090946 -0.08583710904672866 -0.01115664056126753 0.002411959644055286 0.9999348537890167 2.955352380677232
0.9998706135316154 -0.015961033008392266 0.0020004052629974548 0.03128073640264061 0.015967870254702116 0.9998665538184892 -0.0034498803845218846 -0.11169191792489785 -0.0019450746618612747 0.003481376228378948 0.9999920483204436 3.4354966054111724
0.999831351123496 -0.017467808984652375 -0.0056696525325987575 0.03520877415107833 0.017463354906469122 0.9998471560246345 -0.0008341611721149735 -0.1445793441917602 0.005683356928383652 0.0007350093373973392 0.9999835794728326 3.9195670998551613
0.9996387037586241 -0.01869186088320727 -0.01931518274572043 0.009652426576535075 0.018642625005253738 0.9998224949320786 -0.0027260155368360405 -0.1599896938759759 0.019362708506075237 0.0023649449288322363 0.9998097281757126 4.360551192551767
0.9992711960026316 -0.01917486161864186 -0.033006083096549524 -0.03384467935296356 0.01905824090315071 0.999810984448353 -0.003844324400032834 -0.17469360220231667 0.03307355882193312 0.003212484758119458 0.9994477573382868 4.8827036697381585
0.9987550433677858 -0.019860969731565762 -0.045759209223219494 -0.07202248980246662 0.019658687602829707 0.999794906006235 -0.004866407886536231 -0.19013727408451683 0.045846475863984326 0.003960783420691031 0.9989406453065905 5.345963492162531
0.9981989089448211 -0.0213225611304476 -0.05607393840463901 -0.10186255986008733 0.02113449884688185 0.9997688591514894 -0.0039447724168443655 -0.21947088083929278 0.05614509007794069 0.002752572935976704 0.9984188260456491 5.86872540567315
0.9975730964541681 -0.024234290416005055 -0.0652733973290479 -0.14758066520731528 0.024217084727446422 0.9997061668200516 -0.001054907229503375 -0.22668425338858492 0.06527978276730641 -0.0005283843221582585 0.9978668602433199 6.438566683578935
0.9968319022217484 -0.024304668407246578 -0.07573269971805051 -0.20109229369915632 0.024240082161852923 0.9997045955109279 -0.0017720415115527908 -0.24335349901834988 0.07575339681992642 -6.93393527274092e-05 0.99712658076209 6.991575970634615
0.9959830470544322 -0.029188626736064826 -0.08465101328059425 -0.25329918169038773 0.02901326489381127 0.999573574957286 -0.003301319026155893 -0.2546361351668073 0.08471127693743143 0.0008320555111301006 0.9964051923004297 7.537982567201053
0.9955690598970147 -0.030062626534088442 -0.08909817877850637 -0.30856198036382687 0.029825080883431457 0.9995471435558656 -0.00399654345741233 -0.28144114138501 0.08917797668747332 0.0013214746240981694 0.9960148303006069 8.091365001978252
0.9955545805020442 -0.033990611793467615 -0.08783914589353138 -0.35818310335056464 0.033951583449054384 0.9994215983625853 -0.0019387386820959745 -0.3024912817549367 0.08785423850162953 -0.0010521579165407497 0.9961327851953362 8.678500248164415
0.9952992965411537 -0.03751799225512564 -0.08928443627995354 -0.40801567756667534 0.03740624350772841 0.9992958604424457 -0.0029251067044957805 -0.3228487134992148 0.08933131170717958 -0.00042843871964573965 0.9960018740890693 9.335624690932141
0.9950647454899241 -0.03857852707337497 -0.09142127505084138 -0.4718568354141017 0.038262814435283336 0.9992541584532482 -0.005204214194487634 -0.33756054172079464 0.09155386018384912 0.0016804947902055454 0.9957987078836247 9.948904555145113
0.9945649481289225 -0.041130923540184765 -0.09564941757295373 -0.5370509698727512 0.04073807759501243 0.9991515001941061 -0.006057119260002136 -0.35845453749304274 0.09581739396986613 0.0021276251076299863 0.9953966547182208 10.585119319250303
0.9941418026808092 -0.0448056318518065 -0.09835919640232633 -0.5931652091399356 0.044220250403775335 0.9989887693297159 -0.00812454351499361 -0.3767503289772003 0.09862375787191659 0.0037274800415294366 0.9951178122593131 11.171320305840675
0.9934381970097484 -0.046681324049825404 -0.10440978262105247 -0.6564980649435972 0.04583042714683837 0.9988936783128455 -0.010535244381214432 -0.40620249432654715 0.10478607097109127 0.005680969247299375 0.9944785598085324 11.787540858754275
0.9925687608158718 -0.045436882393123115 -0.11288376664001903 -0.7279202948433919 0.04414079836065643 0.9989278372921253 -0.013955851925307834 -0.4253792058584248 0.11339684727772922 0.008869363070184119 0.9935101858693752 12.371039564065493
0.9919047313916974 -0.04508946137388947 -0.11870949547436074 -0.8020250339702277 0.043604447095236865 0.9989350751836362 -0.015078718824292727 -0.44837003129949116 0.11926297009668774 0.009780390630026987 0.9928145284608001 12.986631990714937
0.9910434509461116 -0.042724193496454774 -0.12652083475420153 -0.8906786299277878 0.04091851964762669 0.9990206038545748 -0.01683769057465045 -0.47833147811326 0.1271162974864721 0.01150983771034047 0.9918210375613197 13.610360349365314
0.9902049849484666 -0.046316875098715675 -0.13171497585429393 -0.9708864364409164 0.04465221513662119 0.9988813210267706 -0.01556554487343462 -0.5110566258941339 0.1322885764780926 0.009531714688553211 0.9911654145239815 14.279650242221194
0.9895618201267161 -0.045541629502781185 -0.136723678014207 -1.0540423204110523 0.043456872977998266 0.998889589941863 -0.018195804372197873 -0.5315447948536419 0.13740052524817822 0.012064289784673657 0.9904420975370123 14.886085452139888
0.9888103574152471 -0.0434775069619356 -0.14270172898989716 -1.1447399468919053 0.04133735816223755 0.998984365790857 -0.017929297967467176 -0.5660569252314654 0.14333631740943434 0.011829763049789749 0.989603333067188 15.502054510399258
0.9874923158644767 -0.04207551168241917 -0.15194925937718656 -1.2452769462953204 0.03904123303825012 0.9989751855906726 -0.02289892348855549 -0.5910875002810408 0.1527570235094477 0.01668022454118287 0.9881229993668754 16.157927591111736
0.986819712401781 -0.04324408917171365 -0.15593846211559015 -1.3604577217160672 0.03950311629788942 0.9988542922095779 -0.02701123353826805 -0.6178575574521739 0.1569278783964847 0.02049516250758484 0.9873973816532866 16.84682746868037
0.9868416490978889 -0.04509581887730104 -0.15527371550119257 -1.4729782235351465 0.04100424751703894 0.9987247099558717 -0.029455142320511822 -0.6566477185707094 0.15640400024079 0.022700679358685714 0.9874322598868914 17.56258092635912
0.9864125474596421 -0.04643352211404755 -0.15758875035440778 -1.5916608848112737 0.04238003286652851 0.9986809635863522 -0.02898733834741446 -0.6874220136090881 0.15872686927049107 0.02191485784393271 0.9870792875839656 18.312535674394038
0.9867102892820911 -0.044990921898894636 -0.15613654912140174 -1.7115808834334065 0.04035272367100846 0.9986485922443051 -0.03275128853646888 -0.7224106217244919 0.15739905564260404 0.026015498364539674 0.9871923475836213 19.041906318729644
0.9865663610831003 -0.04328917762556648 -0.15752098996563108 -1.829438887771524 0.038192109361397074 0.9986487073192876 -0.035243753376213285 -0.7508910380321434 0.15883380610492648 0.028754242643798045 0.986886526186372 19.727963594981677
0.9862618320573623 -0.04112727256047272 -0.15998795604229726 -1.9572852767567128 0.035422486613807654 0.9986363792661888 -0.038348786789305395 -0.7885616924707982 0.1613469741549251 0.03215477348471879 0.9863737752359378 20.462985196553905
0.9858779910470752 -0.04287845052396476 -0.1618827515507659 -2.088025159777599 0.036590923280294424 0.9984630525169713 -0.04162495756138865 -0.829098627438725 0.1634187599465823 0.03511369019564456 0.9859317104436623 21.2060942784562
0.9844583196272315 -0.04264240226911095 -0.1703626791449547 -2.2343632743038127 0.03598806820012872 0.9984709327527936 -0.041960164382292935 -0.8800517970154512 0.17189146536099562 0.03517700920324924 0.9844876343355279 22.020786425126097
0.983309810434356 -0.04148262773628922 -0.1771468551785317 -2.406073716034982 0.03464503774801045 0.9985368376383948 -0.04151993784380259 -0.92103651087019 0.17861001669276608 0.03468970272583419 0.9833082357337415 22.873583768069466
0.9834268882637373 -0.039926269100106854 -0.17685431426925585 -2.5575087165230426 0.03294239578291566 0.9985637429247032 -0.04225221741268777 -0.9661871118408322 0.17828727941158506 0.03572596187582845 0.9833297013962622 23.65184436880559
0.983517566094072 -0.04086110415017022 -0.17613508268377864 -2.694056518590507 0.03365987603854219 0.9984783113128949 -0.043681513055522966 -1.0147947607035745 0.17765193477545516 0.03703285035450002 0.9833963382406702 24.411411316069902
0.9827995544502292 -0.044296268248808966 -0.17928434508249932 -2.839192579421335 0.03707560846075502 0.9983683390278357 -0.043428779444802314 -1.063617495617264 0.1809155466777135 0.03603470890724735 0.9828382698716377 25.201978824427986
0.981855409670936 -0.04349076116201515 -0.1845765645835556 -3.002299907781601 0.036197157094900935 0.9984318310051464 -0.042704152654726324 -1.1111146753403045 0.18614435344153196 0.0352481563951884 0.9818899363740188 26.028032079318994
0.9816428051339757 -0.044249218226767015 -0.1855246878855194 -3.178896071344485 0.03635824019618743 0.9982922595313286 -0.04572354896189483 -1.162944301560065 0.18723109116419684 0.0381388416991707 0.9815752376946506 26.931173071180886
0.9813771463096146 -0.04574554063003737 -0.18656431120035563 -3.335994674180542 0.03840249609938687 0.9983458893871789 -0.04278707091002504 -1.2186344288614062 0.1882130308839803 0.03482571831547103 0.9815105829023331 27.72842565745278
0.9808871488836242 -0.04649941488350147 -0.18893968765308952 -3.4678261411079854 0.03940714364017947 0.9983766264405121 -0.04112406603662446 -1.2667642931560534 0.1905452129681491 0.032892494474490504 0.9811272117427834 28.440152927018836
0.9799922888620418 -0.04513696821490909 -0.19384985909538993 -3.6311347151951896 0.03880552704514009 0.9985858583793443 -0.03633750838371895 -1.3245084041405168 0.19521589290240982 0.028088032062681623 0.9803580048192397 29.237335054737525
0.9799457284325699 -0.045896402567426664 -0.19390690951621278 -3.785585400961145 0.03911896404218618 0.9984871950837615 -0.03863971927988931 -1.3728788149181586 0.19538699030136616 0.030279390435264966 0.980258681438651 30.023841783320613
0.9786600398813637 -0.04885876475355202 -0.199592954400111 -3.9576134676934416 0.041570235329156054 0.9983124454835656 -0.04054844913559092 -1.4165254012757944 0.20123727754590176 0.03138602076371073 0.979039568059705 30.85639029691849
0.978234161894302 -0.04772017766238411 -0.201942341144256 -4.148252514702558 0.04075465380336564 0.9984266472934407 -0.038513480338023265 -1.468801170830895 0.20346248473937498 0.02944511195852355 0.9786398738481024 31.74509705731248
0.977256961607529 -0.049965700304065615 -0.206087990389409 -4.336437589494767 0.043296818017381423 0.9983862489346305 -0.036746203719675324 -1.5265324548336174 0.20759146547772767 0.026987529182243092 0.9778432679777711 32.65215887625587
0.9757238122622687 -0.050279137581346195 -0.2131549917512166 -4.520365251716983 0.04361758964090416 0.9984051018845888 -0.035843526678353506 -1.5765147671427655 0.21461721286584368 0.025676075535412537 0.9763606869834514 33.45975942257802
0.9738634741998295 -0.05225398954681515 -0.22104174763125484 -4.729431311008457 0.04516705356045843 0.9982940539015241 -0.03699890832886151 -1.6260138267622173 0.22259800289334292 0.026048080952387857 0.9745622743501788 34.361918484266724
0.9725704758323385 -0.05356394407025162 -0.22635718109858527 -4.93022998165808 0.04628502325561324 0.9982298954144958 -0.037346653437651374 -1.68808970056351 0.2279569392703063 0.02584530511337896 0.9733281327702956 35.249676040074434
0.9721853951246278 -0.053755787342378944 -0.22796024397594505 -5.136608924278857 0.04699407028909501 0.998282127906581 -0.03499071962638815 -1.7430923862953471 0.2294495911176027 0.023304686857150418 0.973041508213527 36.13520835430584
0.9713362095034102 -0.053479367827651 -0.23161590041338323 -5.367208942327183 0.04670540952090446 0.9983080478241243 -0.03463591158134148 -1.800661927889376 0.23307632404221598 0.022825399587755403 0.9721905308655435 37.114209782167265
0.9703756399467238 -0.054539458037739005 -0.23536474866669488 -5.616798666096287 0.04860642628797361 0.9983386631929934 -0.030940732013627792 -1.855373456535062 0.23666121930197714 0.018583893321289006 0.9714144873263548 38.118695054080995
0.9707112835216571 -0.05391570956518101 -0.23412112315171396 -5.847191546795682 0.0476760653946851 0.9983426082041154 -0.032233979473312184 -1.8895985499974763 0.2354710105983721 0.020127913609891385 0.9716729234992062 39.03968232369101
0.969929178391474 -0.055684098555963325 -0.23693178358517064 -6.0566617675353465 0.049513371189541515 0.9982632531499569 -0.03192026760401277 -1.940261968221945 0.23829774438354856 0.01922910758394342 0.971001764387294 39.90823613716382
0.9695260236335737 -0.05925022268451731 -0.2377155876443667 -6.286568525543761 0.052824551815041185 0.9980478931048313 -0.03331620918633394 -1.9848421804422662 0.23922553421993129 0.01974371243820787 0.9707632716560439 40.80976897064785
0.9687746729846213 -0.0598641687450445 -0.24060738617923863 -6.517515392362454 0.0536317123204609 0.9980358369773888 -0.03237448906806868 -2.0336374847043532 0.24207286592494368 0.018459398942219464 0.9700824594711402 41.75014150113904
0.9680819800818755 -0.061890689378330636 -0.24287202887329468 -6.757342702813766 0.05536104166835453 0.9979000353607468 -0.033625503600918115 -2.0791221507897473 0.2444431117993514 0.01910659559669477 0.9694753751893621 42.69900602576186
0.9678607285242193 -0.06456584307582286 -0.24305732263907578 -7.009652143709046 0.05847665881372327 0.9977695809326517 -0.03219229316877516 -2.1282587505835817 0.24459372550118894 0.016944476191053683 0.9694775882773464 43.709775020258455
0.9676696166425698 -0.06832829616607149 -0.2427895322493609 -7.254099091794202 0.061795335923270564 0.9974947602620466 -0.03443166722498415 -2.181875762060123 0.24453394342085105 0.018315217519961957 0.969467742280394 44.6806273234201
0.9674734357151924 -0.06819118006172584 -0.24360852642555592 -7.494976136832328 0.06152183863103918 0.9974957164388791 -0.03489067293050644 -2.2289009166264915 0.24537769775775847 0.018768554762593828 0.9692458546701274 45.58552460103534
0.9679529643321811 -0.07018144508750652 -0.24112574231295278 -7.730941975324876 0.06287754356612961 0.9973027818076017 -0.03786259254077269 -2.2804743260904776 0.24313262503340163 0.021487814319944426 0.9697550208584222 46.55241821768626
0.9678878184656552 -0.07476359648897783 -0.2400074488548812 -7.987138292109316 0.06865397239755498 0.9970702015407865 -0.033728997516252454 -2.349343938955444 0.24182597656130925 0.016168421056148484 0.9701849201161191 47.59870813564652
0.9682030280782162 -0.07483542945746754 -0.23871019022674672 -8.241677769233632 0.06870058709820212 0.9970601888503356 -0.03392947305950632 -2.394557169575583 0.2405475540356533 0.01645108834241127 0.970497931960607 48.601436138813526
0.9688333790396515 -0.08125914427273671 -0.23400605789311066 -8.44956083338065 0.07483997663192558 0.9965383751577925 -0.03619730287742278 -2.4477917830426565 0.23613737856668124 0.017556147354405777 0.9715610738053098 49.56724497934724
0.9673665963991139 -0.08208695312408011 -0.2397156655248023 -8.67722337933557 0.0767733414610108 0.996552832790398 -0.03143732651394003 -2.4977404718901726 0.2414699198908735 0.01200764690678869 0.9703340116700316 50.49191792919631
0.966594490820448 -0.08319247381970488 -0.24243370767143071 -8.910028937835769 0.07732293224195128 0.9964383065558998 -0.03364320700405233 -2.549631864565186 0.244369094742084 0.013773653392205832 0.9695844635755907 51.42845998222302
0.9650436711799252 -0.085025332042462 -0.24791410937387598 -9.159718338143847 0.07972627248734519 0.9963235272727125 -0.03135523047491292 -2.6083144190491203 0.24966864879445044 0.01049389889080349 0.9682744672329348 52.43634935957538
0.9631398270447966 -0.08706904519060901 -0.2545204410842381 -9.406070421370957 0.0803339237293946 0.9960899906703771 -0.03675855253581347 -2.6476717651509425 0.25672579585690103 0.014957000230127403 0.9663685393708535 53.37441747988182
0.9611084795165071 -0.08915983084205067 -0.2613828899635266 -9.661883721883937 0.08234376613065816 0.995919254777065 -0.03693700236504305 -2.7079266549905583 0.2636095498666306 0.013977214619251957 0.9645281969391045 54.328914968567595
0.9600898430922974 -0.08933600320972034 -0.26504069823617804 -9.938642178173112 0.08300040075617181 0.9959335812349662 -0.035031917486916114 -2.7671146705389824 0.26709254326042653 0.011635303992937227 0.9636006398065898 55.31895400642089
0.9591274901106658 -0.09090395077778396 -0.2679756135304203 -10.230807959407596 0.08446975075982655 0.9957946188690415 -0.03546742502682479 -2.819905933845968 0.2700728030005757 0.011381949062040465 0.9627726275268537 56.348117394871686
0.958024715942413 -0.08971870822450614 -0.27228513921619885 -10.523535026062904 0.08307144765783148 0.9958979166391694 -0.035867453461239575 -2.8789161981369418 0.27438618446906365 0.011742786223377944 0.9615478816700815 57.368074670301674
0.9576776298839379 -0.09040956329715735 -0.27327580954834046 -10.788438190400878 0.08319981678848598 0.995812585183167 -0.03788252469385535 -2.938546665927258 0.2755564328885209 0.01354274917568403 0.9611894954890627 58.32059537450219
0.9577574061378481 -0.09299144272905083 -0.2721274381007377 -11.0731871240629 0.0845632106562541 0.9955086126738281 -0.042563664030912496 -3.001010155256839 0.2748632649002175 0.017753694584510142 0.9613194016230989 59.32128554396665
0.9566205459594208 -0.09422692297787397 -0.27567810583073415 -11.355211686930211 0.08648128936930416 0.9954441933221482 -0.04014778412615466 -3.0707360435564093 0.27820517183784044 0.014565197126693664 0.9604112334803973 60.341700194714626
0.9561876759415705 -0.09527442750551188 -0.2768174702596554 -11.635548462244717 0.08786335179269125 0.99536551230338 -0.03908360690601187 -3.1292076490251484 0.2792582313723483 0.013049152483086458 0.9601273664625236 61.3530688808212
0.9558142619065774 -0.0938143346901112 -0.2786000131777396 -11.91658131649417 0.08704795746058867 0.9955319942638882 -0.03658826996327302 -3.1896117716789925 0.28078773092484727 0.010720028153769072 0.9597100245170195 62.3120562510142
0.9565232443405015 -0.09690609074275812 -0.2750863366532003 -12.179631998967714 0.08964790790939374 0.9952148146590338 -0.038868049740809735 -3.250082963693869 0.2775365483027243 0.012517278463848725 0.9606335316321559 63.265347407294854
0.9572553079870619 -0.09778617774996168 -0.27221340667139854 -12.47860670711885 0.09024176964778 0.9951110858504187 -0.04012916431272534 -3.3178874035585655 0.27480665629025863 0.013848836003563497 0.961399766694331 64.29357006336305
0.9560663949058236 -0.09859207732080874 -0.27607363297017246 -12.749532716103245 0.09158650028387885 0.9950646140886741 -0.03818804465155528 -3.38088374683015 0.2784761417025396 0.011225688314120907 0.9603775416076437 65.26942139110115
0.9556989054913232 -0.1010950597776406 -0.2764405739598339 -13.021710918470298 0.09341410866946717 0.994788979421073 -0.040849611061417275 -3.4365536421900194 0.2791297303122261 0.013216478764608937 0.9601624437275647 66.21000383295416
0.9540261268425286 -0.10396680729337658 -0.2811139489300832 -13.303149892895268 0.09561493821007923 0.9944760181065185 -0.043303960581988 -3.499662440819034 0.28406325509105584 0.014434416934034274 0.9586968836471976 67.18970725425483
0.9544950896124365 -0.10768476714162728 -0.2781063013155231 -13.574552973233715 0.09935608536100829 0.994082474207779 -0.04391358303163781 -3.5599634339605726 0.28118942406762576 0.014283745958046897 0.9595459772173103 68.14852492544578
0.9551114716006197 -0.10707666050921509 -0.276218510587348 -13.875769878479206 0.09899683434759236 0.9941550539853236 -0.04307383689194411 -3.6309532981137798 0.27921623091441855 0.01379555760499543 0.9601291470340401 69.16541602382854
0.9550478066784011 -0.1071247670229739 -0.27641991832906915 -14.16411926040404 0.09905326815488712 0.9941508268286502 -0.04304164940784002 -3.6911814461848347 0.2794139170238514 0.01372653656917703 0.9600726249441776 70.16146770033453
0.9536659503333981 -0.10736511453796388 -0.28105869023203445 -14.459925046771824 0.09925050769146282 0.9941332834317593 -0.04299245859655178 -3.7570209403662176 0.28402568879888956 0.013105226188022817 0.9587271046282551 71.15510874721639
0.9536738093004702 -0.10933750414266258 -0.280270540089721 -14.74360828913876 0.10143028056353565 0.9939297091071745 -0.042610228102302805 -3.8116118284834557 0.28322811237434237 0.012208339034490989 0.9589748655824542 72.12015564052794
0.9535138825532171 -0.10937953478206759 -0.28079777981520476 -15.03155203137171 0.10216900025515958 0.9939529432429709 -0.0402373210526836 -3.871941924338462 0.28350091916103365 0.009678015782896749 0.9589231277038609 73.10136006506625
0.9524801442767781 -0.11309660377361129 -0.2828263300567385 -15.314730305117713 0.10508593789294322 0.9935162287093605 -0.043387197976943306 -3.9279811389188763 0.2858994935561252 0.011604374434012611 0.9581893435424684 74.04638811153977
0.9511318736395268 -0.11604458878006847 -0.28614998228521377 -15.611198654107664 0.10728501446860352 0.9931562476452724 -0.04615835172137071 -3.993293183224177 0.2895480696144163 0.013203074567199807 0.9570724080259226 75.03452794904231
0.9507910191031209 -0.11794812033285118 -0.2865042388914972 -15.898951931943829 0.10905068819340893 0.9929303561975387 -0.04687488822357763 -4.045934532807187 0.2900075609314225 0.013324738322993655 0.956931588960899 75.9834458758354
0.9499087321926104 -0.11904449494278042 -0.2889667951998052 -16.196152138377023 0.11047980938533829 0.992821016795777 -0.04583274295500078 -4.110490111471315 0.292348443167408 0.011611926300928017 0.9562413664683069 77.00600148858234
0.9493977444874744 -0.1187196564868722 -0.29077408056038223 -16.495467640497495 0.11038071515142324 0.9928711770567732 -0.04497692177726678 -4.181638018589722 0.29404084832682165 0.010605137129574112 0.9557340166498764 77.99816496651347
0.9496350266938347 -0.12284757077428708 -0.2882738115595251 -16.78338288080551 0.1146020546368083 0.9923746247263925 -0.04537591070351994 -4.24521374441091 0.2916499359664289 0.010053783069488547 0.9564722872602059 78.95331512429183
0.9501645445414496 -0.12164516914144051 -0.2870362191795489 -17.097325090586917 0.11241985423546046 0.9924779035828297 -0.048470478370955514 -4.304222261534408 0.29077330460346174 0.01378636008458256 0.9566926474085607 79.95166955209606
0.9497382234863564 -0.12701362617590758 -0.28612033415090726 -17.409921182549326 0.1184712785368267 0.9918423456256305 -0.047045909340740905 -4.37597123834827 0.2897617348975355 0.010784256557333387 0.9570380539976852 81.02441091458527
0.9485750595761531 -0.12844141751570645 -0.2893236226384799 -17.70801148714339 0.11958080137878148 0.9916549743908432 -0.04817513578086218 -4.444369520093886 0.29309689232693337 0.011100181640499016 0.9560183040485375 81.9954506518142
0.9468515324386803 -0.13253314817181694 -0.2930991984877991 -18.000821042474975 0.12362883704871586 0.9911285511757496 -0.04878632691894105 -4.523923921298236 0.29696478944229243 0.009957895356296442 0.9548365065033743 82.9928050456428
0.9469280648768656 -0.13310858137193082 -0.2925907474847874 -18.29044666269969 0.12346595104639994 0.9910236173960878 -0.05126742333471421 -4.584414818978034 0.2967884749796773 0.012421567063977654 0.9548624538596712 83.92678738830799
0.9464121437937221 -0.13268640079224572 -0.29444587469443473 -18.607442623068486 0.12245536275084554 0.9910576790292595 -0.05300340527453304 -4.656427029111056 0.2988456762500171 0.014106590018041269 0.9541971839744304 84.95836296700843
0.9454508029754423 -0.13328706062299847 -0.2972496234204057 -18.936663264207976 0.12320156156744781 0.9909920272333734 -0.05249930654048253 -4.732846487093159 0.3015694851612713 0.013013893743623304 0.9533553818955426 85.99166569028128
0.9454355299829151 -0.13572873574899372 -0.2961914396769498 -19.247017805159075 0.12565336211660758 0.9906635708171736 -0.0528859342789699 -4.811282506947406 0.30060421027443546 0.012782791078112424 0.9536633100929994 87.00847245730876
0.945474362464957 -0.13682341897098652 -0.29556316066548793 -19.545939926489137 0.12648316868220413 0.9905021196989414 -0.05392178513377521 -4.88132922865259 0.3001337001431066 0.013597900315630202 0.9538002197239284 87.9671513321489
0.945147496950609 -0.1353807985634702 -0.29726797403742633 -19.867933585537777 0.12512607198586342 0.9907053120257909 -0.05335213991274486 -4.965961258751781 0.3017278162804805 0.013229667576990695 0.9533023134234047 88.99221890089458
0.9454715041385023 -0.13662989725760932 -0.2956618102451741 -20.176777573188758 0.1271283886605873 0.9905628373512182 -0.05122146088571651 -5.0391789763344255 0.2998699845910571 0.010841422142848552 0.9539184744553802 90.00238057648345
0.9446533150365413 -0.13816729630994007 -0.29755657045488776 -20.504084020734712 0.12830319494811426 0.9903427611326872 -0.05253099692745057 -5.119948208268833 0.30194106139539806 0.011446121722524794 0.9532578778803424 91.05356343249197
0.943728135706074 -0.13881654173317226 -0.30017856955149325 -20.811835831855657 0.12800175731760677 0.9902198020958587 -0.05550039333953556 -5.194462835990957 0.3049471364029227 0.013953898325597115 0.952267049057761 92.00187264431685
0.9421630889377194 -0.141992074076675 -0.30359012622735115 -21.125678023680724 0.13000853529433135 0.9897297627733861 -0.05943717213292955 -5.263927540299495 0.30891179095974564 0.016530202053844752 0.9509470320822824 92.97134226825618
0.9399594944995932 -0.14561877376580565 -0.30866052780848524 -21.469820479825614 0.13441656384470144 0.9892625619328712 -0.05737395682882443 -5.355118976229317 0.31370102974688 0.012440107915754773 0.9494403128426725 94.0501261233714
0.9390758144934519 -0.14919625656110738 -0.3096402616934887 -21.804638835834087 0.13748453849220557 0.9887188636329617 -0.059439131655250825 -5.443874549900602 0.3150152636128052 0.013247102494403147 0.9489941506492322 95.07378679112706
0.9380837706753183 -0.15420971441733197 -0.3101905916930784 -22.167730776395068 0.1429089846822331 0.9879769140349464 -0.05897999178601049 -5.536080023291026 0.3155564312332588 0.010999150572181066 0.9488430625735852 96.19510992514208
0.937129361929752 -0.15440382807061712 -0.3129664788540062 -22.523346424649755 0.14313483253744083 0.9879538871219554 -0.05881782582769668 -5.620117457394162 0.3182781467892739 0.01032350704740399 0.947941161928644 97.24827278091425
0.9358247607061821 -0.15625773461409748 -0.315935970763836 -22.856200422959507 0.14542375894336934 0.9876831886495618 -0.057739494228951506 -5.704945454982132 0.32106688957909996 0.00808945191620506 0.9470219708030525 98.263998417815
0.9341001010481638 -0.15730104853894797 -0.32048928429880147 -23.222255565851555 0.14714164160530604 0.9875380310585837 -0.05583882626481075 -5.7858035592233845 0.32527886271245193 0.005001733847735303 0.9456049091089843 99.3451029830419
0.9320816461141641 -0.15621407925330183 -0.3268347692950573 -23.57884921967239 0.14505250357798843 0.9876981462012049 -0.05841355319154201 -5.867641288922532 0.331939115174557 0.007037999271567442 0.943274557264949 100.38349811824139
0.9301681939593995 -0.15780862914248617 -0.33148690398638386 -23.950985605647293 0.14723137697395078 0.9874608982321034 -0.05695521132435581 -5.951526588636908 0.3363183797841908 0.004172652731404866 0.9417391020811018 101.45715494820733
0.9271260742314769 -0.16062366513123205 -0.3385812763280629 -24.340615303737344 0.14908023776855206 0.9870022087049012 -0.06001435427061586 -6.0402186916130285 0.34382019310535306 0.005165095493485712 0.939021297203392 102.54912917028494
0.9235690171275276 -0.1644599438754829 -0.34637147322284717 -24.716240181717787 0.1531276514293538 0.9863808131240772 -0.06004010216858777 -6.1210492613261875 0.35152836723346076 0.0024121279313390545 0.9361741230503116 103.57130920564
0.9209310880360075 -0.16607582569195822 -0.35256878932989777 -25.098460566558764 0.15438532638596736 0.9861110267915753 -0.06123898951455378 -6.206007775506828 0.3578422866089387 0.0019654416296620396 0.9337799713817418 104.57384102189022
0.9168465461588702 -0.16809185675249674 -0.36212917376269044 -25.495255361932287 0.15548400344067206 0.9857686695400097 -0.06391286902792222 -6.294107231223983 0.36771882664695293 0.0022929995240688096 0.9299341948130367 105.5969219244193
0.914505309789329 -0.17047463557776488 -0.36690385251691177 -25.933080886783614 0.1580178113861594 0.9853619253150686 -0.06397067628303998 -6.398549838329755 0.37243846424859456 0.0005241793677817422 0.9280567415757179 106.73449046050382
0.9117339914684497 -0.1678230824296776 -0.37493538350602584 -26.37821377090024 0.15539253620360874 0.9858170177096912 -0.06338743792093647 -6.499890105008476 0.3802555568209611 -0.0004696783708600799 0.924881338826235 107.81392003106495
0.9097108708975643 -0.16797944680689084 -0.3797486495318267 -26.832317006856336 0.15503731353791642 0.9857904961561106 -0.06465701121483364 -6.592002647460125 0.38521365861264706 -5.602446118625065e-05 0.922827412943243 108.90425136338204
0.9087563969755574 -0.16987974747604673 -0.3811858894994378 -27.263275769191768 0.15689527062278275 0.9854646116226747 -0.06514117972200545 -6.692781079838007 0.3867113717130734 -0.0006087995116935557 0.9222005987587233 109.97349637087707
0.9044570206411915 -0.17125628911573496 -0.39067733649543485 -27.717827090776296 0.15879243900614384 0.9852187216131025 -0.06425754350676718 -6.795604817322149 0.3959071344739061 -0.003918420772681688 0.918282193473939 111.03296710124137
0.9005851007333969 -0.17147355122299007 -0.39942871400037594 -28.141501894025527 0.1580977696040068 0.9851832582489833 -0.06647588218410978 -6.878219197630619 0.404909337485882 -0.003281599746138217 0.91435094986545 111.99426082271046
0.8992026355913604 -0.17408732191449863 -0.4014078032303174 -28.57496240833078 0.1599381581946824 0.9847274227931274 -0.06878726882569473 -6.966464671494418 0.4072522629757191 -0.002346731310434322 0.9133126995467176 112.97797768976463
0.8981657806718009 -0.17335068022253022 -0.40403931998829085 -29.0351255338565 0.1597083619438527 0.9848524994798449 -0.06751883732347094 -7.069716082298157 0.4096235705564632 -0.003885348721550483 0.9122463672220822 114.0295908415439
0.8976833740032278 -0.17561746463575634 -0.4041324858918053 -29.489777933458765 0.16079666745264187 0.9844572143837758 -0.07062878155441589 -7.160030318202866 0.41025478884993627 -0.0015808740132490923 0.9119695768297585 115.0266474760444
0.8961647877480997 -0.17636136286771262 -0.4071674629533243 -29.96652894364053 0.1612495255954334 0.9843241435443844 -0.07144628003515854 -7.2621628598065815 0.4133851275694995 -0.001627919856020614 0.9105548232705658 116.09328202162976
0.892814901832824 -0.18076286796514573 -0.4125607065999625 -30.412156679813517 0.1643103468036753 0.9835265734919549 -0.07534977882137614 -7.364135535315463 0.4193848602399722 -0.0005145873974772286 0.9078083906867734 117.1072149624117
0.8918737616948047 -0.18041219506815595 -0.4147440573064892 -30.88960538513262 0.16437774246234102 0.9835893727842283 -0.07437676740026147 -7.466285469591371 0.4213563230608306 -0.001840004515741761 0.9068933032060822 118.14563906402259
0.8904400673915617 -0.1794662212885781 -0.41822047032649007 -31.378704174279953 0.16452348002454809 0.983752314091774 -0.07185686494477828 -7.570299679076637 0.42432123550951767 -0.004822855531642682 0.9054988841297363 119.20891710922486
0.888429549673224 -0.18220648268891337 -0.42130005095367307 -31.839528209491437 0.16657144158280662 0.9832502156211019 -0.07397951290784743 -7.664875656708415 0.42772291277935814 -0.0044509714884998705 0.9038989427675808 120.19294846291842
0.8872630039326923 -0.18365659481509847 -0.42312482441149435 -32.344113908960075 0.16905574637391393 0.9829617665656394 -0.0721548341285348 -7.775387733387663 0.4291672360167934 -0.007511368123067526 0.9031938124669731 121.25959562576405
0.8879895214534141 -0.18518079962825107 -0.4209307321139411 -32.83020918498783 0.17183242162887152 0.982650019600683 -0.06980370947116929 -7.8738057876775915 0.4265538988991832 -0.010344584468175523 0.9044029859006916 122.3135060591251
0.8875674246723084 -0.1890089940632328 -0.42011863422582335 -33.2875275083339 0.17540009169253468 0.981919275062499 -0.07119933352909419 -7.96674629690262 0.4259798991675742 -0.01049463786614898 0.904671757092727 123.31247036700223
0.8849232759157046 -0.1907466459334533 -0.4248841169163137 -33.7345752165696 0.17789749408600708 0.9815462187703291 -0.0701391617827631 -8.069320499735028 0.430422208233424 -0.013518042861573955 0.9025264456937846 124.2876542701462
0.8844956990664627 -0.193715607645645 -0.42443093865481624 -34.1991937131106 0.1802902642725724 0.9809738722565714 -0.07201168348590647 -8.168103638255428 0.4303054484217645 -0.01282674176971308 0.9025922090036661 125.27579148089166
0.8851171264244608 -0.19580275193898794 -0.42217171250952396 -34.68784923365065 0.18260549716250773 0.9805514274042068 -0.07193142999833868 -8.277002674351385 0.4280454472554735 -0.013423134831017109 0.9036575205990209 126.34075788380144
0.8851410857291145 -0.19604189951388035 -0.4220104643125264 -35.17349617153243 0.18382496912657686 0.9804698740879264 -0.06990855978790306 -8.385241970746298 0.4274735536613903 -0.015697122060919312 0.9038915650005299 127.38531355815108
0.883906202971714 -0.2007360943599092 -0.4223918142782326 -35.638946133069595 0.18949228605887886 0.9794590608394166 -0.0689392606846651 -8.484146477723076 0.4275540876571142 -0.01910415035268017 0.9037878808475996 128.3976251883255
0.8829838816838166 -0.20345150360344733 -0.4230212173970434 -36.09402167051681 0.19316104187499716 0.9788369422780994 -0.06757996991288666 -8.58724830226481 0.4278180414479335 -0.02203919492988637 0.9035961472353106 129.37288210384673
0.8840248987197963 -0.2038307088023167 -0.420657842661467 -36.55443300275062 0.19375752197032955 0.9787541013508796 -0.06707034940083258 -8.680154834307476 0.4253915856283145 -0.02221376235529826 0.904736728357289 130.3655149210521
0.8848774151353552 -0.20218836354924796 -0.41965679528473 -37.00782581537823 0.19270436261168056 0.979076196872641 -0.06538217913033968 -8.775418379553491 0.424095494922781 -0.02301448158623266 0.9053249940344731 131.32646823586185
0.8862088390470603 -0.205923695275268 -0.4150052111950409 -37.47208684713012 0.1973410921003571 0.9782439148921711 -0.0639948149858835 -8.864587301471929 0.41915437128043925 -0.025184810910897505 0.9075656110364045 132.35119870092805
0.887207635616192 -0.20894259517858357 -0.4113460869199622 -37.93169584833877 0.20134318553297506 0.97753916165706 -0.06227446560386099 -8.962554038723468 0.41511869741528207 -0.027571350109325838 0.9093493760427774 133.37577379946362
0.8887196845402596 -0.20726970372528883 -0.408921254312236 -38.364319018201854 0.19940415067899794 0.9779339938774458 -0.062314431000332265 -9.042745782824692 0.4128138890621885 -0.026160533949800894 0.9104396297727887 134.29798430248857
0.8895287734263743 -0.20969972181888366 -0.4059120445560258 -38.76959634166081 0.20183798790995358 0.9774143148444198 -0.06263133220421659 -9.121143184630158 0.40987801585719585 -0.026216098227927132 0.9117635265301371 135.2037996185091
0.8914499686323806 -0.21075488404328163 -0.4011225900859122 -39.19837688066173 0.2038931464397376 0.9771361751501833 -0.06027005929791496 -9.206636147729826 0.40465360280149687 -0.028058404530075732 0.9140394891223219 136.1524611465977
0.894843602829462 -0.212322058861417 -0.39265031490632607 -39.63484897133652 0.2059066142448848 0.9767953178246469 -0.05893533139005118 -9.282398833857993 0.3960522600432881 -0.02811139264952775 0.917797557698814 137.1570560141178
0.8966623799231926 -0.21197962759736955 -0.3886659412839733 -40.07641994723501 0.2073145931853556 0.9767580096359438 -0.05444676358076969 -9.37107933011997 0.3911741758895479 -0.03175575689084188 0.9197686317881378 138.18608167613235
0.9002636533965303 -0.21256964708567383 -0.3799203857533897 -40.45385411569751 0.2076441084732807 0.9766888169736716 -0.054432334277582387 -9.442809625970433 0.3826346541930943 -0.02988477767094999 0.9234162774578372 139.12268595294967
0.9048678175187996 -0.21343384566029683 -0.36832081986417886 -40.83096503947729 0.20842939939329536 0.9765546168498124 -0.05383554381508974 -9.512152539318874 0.37117572426993994 -0.028054836231438972 0.9281387330979742 140.06075957939933
0.9069246551311517 -0.21435456965324803 -0.3626841441033953 -41.189779073567784 0.2101470237410157 0.9763108471776111 -0.05153016685523544 -9.5845879001643 0.3651381907278866 -0.029483014637351052 0.9304863532152738 140.99508436663328
0.9103592808935522 -0.21454887772289116 -0.353856975003776 -41.544020658170794 0.20859141596847436 0.9764331850311264 -0.05538823299435884 -9.655051590054038 0.35740117637641033 -0.023388335507649644 0.9336580663642018 141.9110316424198
0.911228548006648 -0.21421200920862324 -0.35181777727752844 -41.89838859368764 0.2074754757357362 0.976564755767304 -0.05722940469178285 -9.733126122890777 0.3558320675064655 -0.020844493372366355 0.9343174229511743 142.85032250072115
0.9130786629056183 -0.21588123038814233 -0.3459518025861264 -42.241713152086966 0.21023198830019957 0.9761443913011507 -0.054264522725726294 -9.81255176959721 0.3494136036874253 -0.02318235746010178 0.936681755913266 143.79514640650626
0.9158474096485115 -0.2147445462056114 -0.33927614433534464 -42.59192943365372 0.20948644208035583 0.9764000324601538 -0.05252054070860543 -9.884735714408102 0.3425477380229292 -0.02297295119823714 0.9392195114501285 144.7576684929835
0.9184177850703685 -0.21242445398727589 -0.33374334961860486 -42.89813476759651 0.20840917556154887 0.9768512370200038 -0.04824185189484445 -9.950254600287435 0.3362653529702311 -0.025249001578207392 0.9414287547717617 145.62280457415946
0.9210288922735136 -0.21397107678299634 -0.3254568449084294 -43.23780391738779 0.2105830797781538 0.976490685008789 -0.046051152018312294 -10.019112727894353 0.32765919200988713 -0.026121263204352665 0.9444348222614607 146.60692929287285
0.9234657341415774 -0.2168834156847777 -0.3165005874674824 -43.53954560589433 0.21387763801935855 0.9758390837064533 -0.04465913866399383 -10.087388385206644 0.3185394698018093 -0.026451213806808968 0.9475404685112551 147.52894838435827
