1.0 0.0 0.0 0.0 0.0 1.0 0.0 0.0 0.0 0.0 1.0 0.0
0.9999407651634039 -0.0025929164852288456 0.010570853727452978 0.007729288190603256 0.0025791466418471068 0.9999958080015556 0.0013160478395065124 -0.0005995955434627831 -0.010574221816589003 -0.001288706101735169 0.9999432609251173 0.3081047236919403
0.99980898771307 -0.0047508586726234155 0.018958307678667186 0.01758319318166926 0.004710208969294517 0.9999865126767581 0.0021882403984891763 0.0003423217136740383 -0.018968448002718352 -0.002098524826815605 0.9998178805032042 0.6112090438562495
0.9996909917251617 -0.007470555034370649 0.023708898562384638 0.02799892987873788 0.00742419236813183 0.9999703534881307 0.002042917644977046 -0.00018635627269020965 -0.023723457404939488 -0.0018662669427562668 0.9997168172119817 0.9064608383148212
0.9996524278203652 -0.009906666369139205 0.024431158676988803 0.03915348582866798 0.009878337391855152 0.9999503888444154 0.00127996104439367 0.001317673490850059 -0.024442626766006868 -0.0010381769372583775 0.999700695301061 1.230015039573272
0.9996989470249328 -0.012817500298087937 0.020921926377595646 0.047860942418301765 0.012813617598773105 0.9999178511452337 0.0003196328064236845 0.0008407125017988672 -0.020924304558895834 -5.145101598418665e-05 0.9997810614487153 1.5676193209009646
0.9998306494381932 -0.015130351518149865 0.01047592033847455 0.05132608743312053 0.015143055583917675 0.9998846938197227 -0.001134430527632681 -0.0006725008341761758 -0.010457548067459427 0.0012928758551637093 0.9999444825391258 1.892341734439838
0.9998620575180488 -0.015006925352207434 -0.007117452300310141 0.034544059995269494 0.014995236234823978 0.9998861320889743 -0.0016928515623254993 0.0012134089531894566 0.0071420463479130655 0.0015858901675461755 0.9999732377050601 2.2334313496287983
0.9995761237240609 -0.011994430343915187 -0.02652746730289191 0.005213286832587795 0.011960463397381606 0.9999274360270362 -0.0014387479687371126 0.002302581281917835 0.026542799326765208 0.0011208573159046332 0.9996470494543445 2.5951382574510182
0.9989146264811977 -0.009666587412118175 -0.04556452665981882 -0.03307583583137835 0.00957738437246661 0.9999517689939672 -0.0021756365545757303 0.0028456607763262345 0.04558336001779041 0.0017368861907022684 0.9989590284470375 2.9482670677967286
0.9978251555808286 -0.009906367208793003 -0.06516765132195353 -0.06990333061513673 0.009722783263392792 0.9999478225010588 -0.0031336497896169036 0.0016723676263424659 0.06519529412241538 0.0024932236392726107 0.9978694090211285 3.32925726838085
0.9962167901413478 -0.0118135246559113 -0.0860961536636468 -0.11754756258686473 0.011631838360685594 0.9999289373017372 -0.0026116437294805435 0.002037462259907099 0.08612088815624806 0.001600306790283597 0.996283409297453 3.732554439677071
0.9943294035140651 -0.013276631672853223 -0.10551193467464709 -0.17208263273327454 0.013133602369055525 0.9999116484660107 -0.0020503050496789295 -0.0007978048714201978 0.10552983367832597 0.0006529268018625488 0.9944159229871655 4.131231042574928
0.9922850623467894 -0.013050364060274064 -0.12328845461487033 -0.24011234171977902 0.01299176704617899 0.9999147851354121 -0.0012792406421820858 -0.005051805061065839 0.12329464316200624 -0.0003323635014556085 0.9923700521993077 4.547347770257844
0.9899972677269356 -0.013211627891860344 -0.14046658955655314 -0.3146475822129572 0.013295012152871368 0.9999115579693423 -0.0003448060003103775 -0.008988245381755657 0.14045872185470418 -0.0015261480170236418 0.9900853591116137 4.976846015145188
0.9879123241770003 -0.013128568303002082 -0.15445672673441949 -0.39396131577362536 0.013176641676762944 0.9999129304010942 -0.0007125523272066172 -0.011289867227856711 0.15445263304107157 -0.0013312817170767171 0.9879992974874375 5.418203468763614
0.9854991272407313 -0.014391117923683486 -0.16906911584515943 -0.47611566519455895 0.014370538948883533 0.9998958333318716 -0.0013453980381810103 -0.0173421615592934 0.16907086626050016 -0.0011037257218873878 0.9856032792008432 5.86549937218873
0.9835180417083714 -0.01667575576073176 -0.18003938681282677 -0.5611074814087247 0.016376122270570722 0.999860938622819 -0.003150561168214129 -0.021550827033900495 0.18006688827630013 0.0001502867384789695 0.983654356550301 6.313256394843169
0.9817891129770278 -0.016195853618768852 -0.18928241324893502 -0.6606681795481842 0.01550488701993566 0.9998666279517663 -0.0051307686425676 -0.024039323945142237 0.18934026544367216 0.002102530362191282 0.9819092846326467 6.796987463709594
0.9802059460771876 -0.016632340505752626 -0.19728068462022968 -0.767127061369699 0.015691315435158313 0.9998568321101942 -0.006332290460922568 -0.027861434516009528 0.1973577611720405 0.0031113553104441458 0.9803265953616133 7.300225635722375
0.9786937043597373 -0.017156825061438504 -0.20460761569508162 -0.8769755543659987 0.015594216261822159 0.9998356415129653 -0.00924718224848061 -0.035251390355423254 0.20473263898507865 0.005859463641690193 0.9788003949835927 7.802751639914033
0.9763451892322285 -0.020234322758494194 -0.2152687707160261 -0.9929055437292805 0.018408606243000798 0.999775591472095 -0.010482838967215826 -0.04304328814212248 0.2154325757151738 0.006272071358611169 0.9764985747258408 8.323047908410071
0.9742616510686383 -0.02524403182677972 -0.2240021743513659 -1.107740824723094 0.023234031525998664 0.9996626977980366 -0.01160475808453692 -0.05223651034388544 0.2242195688071407 0.006101597190921184 0.9745195510997509 8.845863737881995
0.9715090704605139 -0.026428644087003683 -0.2355242084896393 -1.2455837883385825 0.023689731646545163 0.9996149012809573 -0.014451496516865957 -0.060749581433607654 0.23581544187661518 0.00846025465247929 0.9717610310481443 9.389811930819787
0.9688716279291352 -0.022128231946622046 -0.24657272749609646 -1.3966743427817543 0.017958526559203793 0.9996553847028108 -0.019146883780339574 -0.06580260740418069 0.246911441447678 0.014122789582513588 0.9689351303862597 9.934895112861195
0.9663388238502929 -0.019547288700848774 -0.25652910365897746 -1.5621910485132768 0.01441183492032223 0.999656637673994 -0.021883915750033137 -0.0767344257049335 0.2568687924483278 0.017450222312934506 0.9662887318019223 10.504174508872316
0.9631770038934604 -0.02216706107145576 -0.26795275810163166 -1.72680314133469 0.01662569677820027 0.9995987755293259 -0.022931946426587087 -0.09272466273164835 0.2683535827550222 0.01763262214552532 0.9631590965457455 11.075092833755997
0.9598058452349365 -0.02305250150934952 -0.27971650224291517 -1.8940899905880593 0.016740085137700946 0.9995488934489297 -0.024935499886764037 -0.10808853826284812 0.28016514594508696 0.0192507604832049 0.9597587713682989 11.626200519142586
0.9569076297058711 -0.02184011946914143 -0.28957002157037126 -2.0694534068008 0.014381761375710993 0.999508377174836 -0.027859807914951955 -0.1217737308355443 0.2900361238715339 0.022494735804172973 0.9567512914601561 12.179871039373204
0.9540955257044643 -0.020646395633855872 -0.2987899833964529 -2.2648705178145536 0.011813056037651811 0.9994389758696663 -0.03133983439082158 -0.13847746017971846 0.29926940962579784 0.02637157295125041 0.9538041521204988 12.762511511315768
0.9518669558340953 -0.021167340433126843 -0.3057797280561952 -2.4614822519871034 0.010304166846897968 0.9992585508436787 -0.0370968019023586 -0.16180559167336314 0.30633824856965525 0.03216041456168843 0.9513793066902899 13.357253309062262
0.9499230818290242 -0.02231783240487262 -0.3116858241325663 -2.6680509133419115 0.008757139556022604 0.9989558087918422 -0.04483976569778878 -0.18784259027332004 0.31236109091121667 0.03986485216057208 0.9491266208715096 13.967891646191925
0.9489517941782095 -0.02230766016748781 -0.31463130903298425 -2.8778198137373843 0.005921780757315139 0.9985801498192222 -0.05293974782412991 -0.21440630221820062 0.3153655416157885 0.048374091049569634 0.9477365258744165 14.569786260213817
0.9480879729167698 -0.02349045278526613 -0.31713939244205186 -3.0933232443932472 0.004080361881043482 0.998084563578956 -0.06172968971511845 -0.25003339956911175 0.31798199046092274 0.05723113290288998 0.9463678202312046 15.18322713040581
0.9474885841805291 -0.023243520635518995 -0.31894375929941476 -3.3170870390630722 0.0009008625220515588 0.9975450795731394 -0.07002144433054519 -0.28972935174327674 0.3197883226359167 0.0660571946716289 0.945183514317628 15.797450713864686
0.9470784310404627 -0.02405062270651223 -0.3201000046944156 -3.542234827908807 -0.000661042240803501 0.9970410423659793 -0.07686821749538313 -0.33642535624757075 0.3210015708389785 0.0730118304467889 0.9442601676093925 16.416689261504732
0.9464842800143061 -0.02316470507295603 -0.3219175424307966 -3.776219093196822 -0.0036618292166422546 0.9965860627368527 -0.08247915230799975 -0.38978182139448464 0.3227291413749135 0.0792440281506502 0.9431682168679509 17.066165194383608
0.9462893785524051 -0.023436208522848993 -0.3224703958024311 -4.009862326581402 -0.0052601416667868335 0.9961214936262807 -0.08783109270294483 -0.4466371372489202 0.3232781201203514 0.08480987009671394 0.9424959113893441 17.715366217756234
0.9463322665373349 -0.021562751774070653 -0.3224752533858071 -4.2633347718889185 -0.008761961298240861 0.9956935109820055 -0.0922911708807248 -0.5073112374634086 0.32307656885716557 0.09016362861074764 0.94206796502759 18.400447943341565
0.9459469398074614 -0.019714488741278367 -0.3237216798463912 -4.523244850626701 -0.0115992257172029 0.9954556865481952 -0.09451684549128321 -0.5699343848780338 0.32411393834832336 0.09316284158682438 0.9414195875993911 19.10958713600335
0.9457848857863136 -0.01792039307215956 -0.3242989505538206 -4.780085757966012 -0.013898654430522432 0.9953290588318826 -0.09553476880099657 -0.6365953679648987 0.32449618984387313 0.09486265944500102 0.941118110876542 19.80841999778448
0.944541694679027 -0.016351475223074036 -0.3279841707627074 -5.044335858782419 -0.015714002322138036 0.995364952856937 -0.09487718774883361 -0.7075251748831007 0.3280153306537538 0.09476940372365322 0.9399067522759754 20.536344029726568
0.9433821078306288 -0.015060843318533563 -0.33136591499967916 -5.306917798732172 -0.017073523212723075 0.9954398455412863 -0.0938509920770413 -0.7759737622887646 0.33126831033188886 0.0941949303692871 0.9388229980473319 21.246613771543224
0.9414648666499454 -0.014012298792343636 -0.3368197742804819 -5.577779933795125 -0.01822952212815281 0.9955577395642063 -0.09237137931625418 -0.8472451143373604 0.336617868490043 0.09310447183869423 0.9370271970102353 21.97820158361843
0.9384429052200612 -0.013071910434638633 -0.3451869620940515 -5.895670171207295 -0.019303754953234813 0.9957376758151821 -0.09018783735562652 -0.9303338404199971 0.34489459068944067 0.09129954063284362 0.93419062037327 22.817242767634202
0.9350811634450569 -0.012610304769859658 -0.35420925733787706 -6.181695312100234 -0.018713800956226677 0.9962163342982007 -0.08486936391435118 -1.0017269537980613 0.353939276464212 0.08598834508854733 0.9313071421850706 23.559023347251376
0.9327321810907016 -0.011229279569532872 -0.3603950355348035 -6.439788129840615 -0.019318350734216436 0.99652301489921 -0.08104740650445813 -1.0606316932061088 0.3600520513518744 0.08255776193997966 0.9292721540328049 24.20229545692186
0.9297234035924791 -0.009277209030464821 -0.3681417202722633 -6.747448944036888 -0.020894696537868053 0.9967432462595822 -0.0778865372994597 -1.1253827892379245 0.36766534303494897 0.0801051460801039 0.9265016789528654 24.951679048353867
0.9264527415712807 -0.00851693330458177 -0.37631473460674253 -7.0655835050691795 -0.022145860389282457 0.9967788776898058 -0.07708067111195649 -1.1889447797737938 0.37575906975437884 0.0797454126488571 0.9232799091601568 25.70516326658376
0.923264277307219 -0.00905344693411406 -0.38405873163747994 -7.397544798446976 -0.022057071129087003 0.996823839698161 -0.07652266476424902 -1.2570407918982978 0.38353169342517845 0.0791218535426618 0.9201321494385405 26.483174077078345
0.9201478585764606 -0.008795472541802107 -0.39147229534147127 -7.730919616867581 -0.022794830129783006 0.9968490819319494 -0.0759756774947346 -1.3223397490085969 0.3909070401981884 0.07883240142350093 0.9170480567610925 27.248494383819896
0.9167583020550467 -0.008580806138872486 -0.39935020393027815 -8.083901650520003 -0.023134497764488803 0.99695042246173 -0.0745295254685196 -1.3869496890204205 0.39877187792813645 0.07756432762156157 0.91376406388864 28.043581438905907
0.9132072981945558 -0.009067269871406658 -0.4073944220792412 -8.436492091082515 -0.02260886769457529 0.9970850469752858 -0.07287144982681171 -1.453257174854259 0.40686763157784994 0.07575746640016037 0.9103403411136187 28.81909893895163
0.9099003155746982 -0.008562745818086123 -0.41473858646274947 -8.804425608353757 -0.02248638493853335 0.9972988832738273 -0.0699235290383217 -1.5187653284845886 0.4142170665357245 0.07294941264213008 0.9072500234145533 29.61252463061276
0.9059741115084666 -0.005990230301148102 -0.42329071147071473 -9.187226742523455 -0.023458251751877792 0.9976531625677332 -0.06432633708945135 -1.5813909259152228 0.42268264655789944 0.06820765616512128 0.9037074172204578 30.420915120787917
0.9026364231167873 -0.006524701644464685 -0.4303544073567544 -9.570085576718641 -0.021619840312090015 0.997935490585325 -0.060475938480578265 -1.6450075157820678 0.42986052408637426 0.0638919783593972 0.9006318587155966 31.22219220608867
0.8988934784021065 -0.006187578966822197 -0.438123530927855 -9.984901477294407 -0.021538808009083008 0.9980675107976446 -0.058286564830513414 -1.7086351610852835 0.4376375146576326 0.0618300716215267 0.8970231033856193 32.07533829880956
0.8960886400011114 -0.005876478823227454 -0.4438362493731207 -10.400290040494285 -0.02145899280734157 0.9981696463898989 -0.05654085826691106 -1.767434677338498 0.44335613324803946 0.06018989967182718 0.8943223776071145 32.911256228797804
0.8935643283749442 -0.005585212999122234 -0.4489004304426422 -10.81801481524292 -0.021234194755250756 0.9982776526588037 -0.05468854701969015 -1.8199960557582469 0.44843271516352495 0.05839977395318594 0.8919067027292068 33.73817050957117
0.8907140129736307 -0.00654032732985344 -0.45451707471868336 -11.246819184918712 -0.019901395366073632 0.9983766372203932 -0.05336688781428722 -1.8752719042395256 0.45412826553177027 0.05658015880958507 0.8891378993576802 34.57869053496238
0.8888401788962457 -0.006803266010710516 -0.4581668385547757 -11.678182307829537 -0.019664095894481814 0.9984022971300646 -0.052973355737230554 -1.929439234731008 0.45779521591246775 0.05609428363922714 0.8872862963162788 35.4068993776475
0.8876808806879924 -0.0077744504288394835 -0.4603935403342665 -12.120795880199408 -0.018876366762397744 0.9984025222120051 -0.05325491919586661 -1.983323125473244 0.46007209960922624 0.05596393089514312 0.8861160768205947 36.252888284360964
0.8865331029427347 -0.007026460295939939 -0.46261180944981967 -12.582630142280896 -0.01982596273979797 0.9983892823322027 -0.05315799211435135 -2.035070640721547 0.46224018495601055 0.056298044192483965 0.8849658420707176 37.121258058294465
0.8859570017977364 -0.006791384535716373 -0.4637176598552766 -13.053048628250822 -0.019881286592445722 0.9984173886147395 -0.052606582811977914 -2.0894355518673087 0.46334104654022934 0.05582647407648529 0.8844198546975258 38.00781297172092
0.885107640820594 -0.005329522672487648 -0.4653558427151057 -13.539211024035755 -0.020680415983798186 0.998496256417046 -0.0507695412219005 -2.1426107044278044 0.4649266442738465 0.05456026126429958 0.8836664491396242 38.91783950806499
0.8847142642389008 -0.0059907759671215585 -0.4660952491235371 -14.02167368151438 -0.01954572678557953 0.9985611872160508 -0.04993515745538958 -2.2004848356502413 0.46572377566175843 0.05328851648322394 0.8833242319750847 39.82420091037499
0.8840995767275699 -0.007951642378720897 -0.46723089561116654 -14.506172516057946 -0.01744802164326178 0.9985962924508653 -0.05001011141881484 -2.256045855049079 0.4669727025971306 0.05236617311649702 0.8827198190492072 40.733177770521536
0.8827609032876343 -0.010104839038339117 -0.4697138276172091 -14.993103823913906 -0.01548084173161798 0.9986001906723505 -0.050576701438764436 -2.3109877143186917 0.4695673872471134 0.051918700071887196 0.8813687749272521 41.640841027002494
0.8820840545311031 -0.010833060014116075 -0.4709674782325217 -15.496993570576048 -0.01402724726607249 0.9986882994172709 -0.04924344566717663 -2.3674805582122644 0.47088316711909195 0.050043235484631424 0.8807750663512922 42.57624061064164
0.8801100873133684 -0.010026407420765366 -0.47466378139003623 -16.006641733526234 -0.013423273943107888 0.9988517990618022 -0.04598803352666387 -2.425120556090774 0.4745798667515338 0.04684607417099217 0.8789649568719236 43.516867710194454
0.8777921662056268 -0.010604617387554287 -0.47892426858335035 -16.513015603810288 -0.01086680126220992 0.9990568805718623 -0.042038815544060186 -2.4815123718470136 0.47891839135531344 0.04210571780748388 0.8768490650901988 44.43569508217162
0.8749301520814002 -0.01090009844544573 -0.4841264471527015 -17.02815395869998 -0.010026464128786328 0.9991245445614313 -0.04061544622414816 -2.5356828252628483 0.4841453283838356 0.04038975499792122 0.8740549002753294 45.36096388036643
0.8703601953766765 -0.013616847970184297 -0.4922272968408301 -17.5658782546015 -0.008987812444901383 0.9990117464626538 -0.043528722208374414 -2.591894263090356 0.4923335754661966 0.04230971379004401 0.8693776731591834 46.30635295684584
0.8652046307816471 -0.016984666666240794 -0.5011311883850683 -18.083599142415192 -0.007751086716011766 0.998853679674122 -0.04723608002563071 -2.643731686172757 0.5013590205917463 0.04475318647541884 0.8640811795031655 47.20781189990222
0.8594976013873362 -0.01674716587128393 -0.5108653498180277 -18.632176652412095 -0.008459088671471236 0.9988601786140872 -0.04697645578247016 -2.6971974881401404 0.5110697770640172 0.04469760636000422 0.858376261879033 48.12713270048915
0.8540595919113313 -0.014816725983750188 -0.5199641123148526 -19.19538394439711 -0.008627004894689802 0.9990533032220406 -0.042638856782008704 -2.751799368979599 0.520103632222269 0.04090185756481133 0.8531232324798984 49.04681572067473
0.8494075344962981 -0.013340254969087166 -0.5275688371561382 -19.765653544136146 -0.008586000469753623 0.9991988116273635 -0.03908983804517625 -2.8034390432162306 0.5276676235442663 0.037732909241462734 0.8486124596205985 49.95798260693954
0.8456404666195886 -0.013375745692457489 -0.5335853171167432 -20.342832343318427 -0.009643270525144739 0.9991399182406718 -0.040329035589793366 -2.8557667570256906 0.5336658210425168 0.03924937203567275 0.8447841607451113 50.86693041990562
0.8435868665386761 -0.01663272735398866 -0.5367350845475128 -20.906695856162774 -0.009061675526464247 0.9989369480387318 -0.04519800747507584 -2.9059806362110576 0.5369162733984797 0.04299216467952981 0.8425393694873001 51.75225490321684
0.8419092434334243 -0.01902273421343071 -0.5392837485075962 -21.481867479982967 -0.01142115905216604 0.9985264157552576 -0.05305237190610575 -2.962405775888532 0.5394982696425116 0.05082452775977171 0.8404513575637391 52.64142114520595
0.8391034709845424 -0.020122622035481492 -0.5435995263648697 -22.048068628451137 -0.01164715462145939 0.9984218586812801 -0.05493756362127787 -3.0202230206383383 0.5438471373197779 0.05242968805777211 0.8375448758360639 53.520644848805
0.8377354767701919 -0.020108649365148633 -0.5457058852361122 -22.640136629618166 -0.010071808000395135 0.9985828101108006 -0.05225830110920083 -3.0838710506578604 0.5459833602265022 0.04927487769570039 0.8363457160671365 54.422324364490834
0.8353128553530732 -0.017844162419507762 -0.5494852314206836 -23.232756801890424 -0.009868822376996485 0.998825407537984 -0.047438503364585334 -3.145357986550144 0.5496863105688438 0.04504876384682168 0.8341556023003659 55.31394098037766
0.8326574017880174 -0.016193320166709865 -0.5535516485655217 -23.82044317022233 -0.010377188840969644 0.9989406432637973 -0.044831966134335696 -3.201869461346306 0.553691218279094 0.04307397842885882 0.8316072794191518 56.18604515920553
0.830618594587799 -0.015750695465057574 -0.5566189593585155 -24.41934684401472 -0.011841069529321808 0.9988742417743979 -0.045935152030048 -3.256053724073709 0.556715851577258 0.04474555522047828 0.8294970137924667 57.06630855712821
0.82747451241168 -0.01735446521622397 -0.5612350254983303 -25.02958432271438 -0.011661362193318554 0.9987755406495255 -0.04807735466978624 -3.315884815866684 0.5613821728028499 0.04632755052133718 0.8262589268031204 57.959891499296596
0.8247592928557883 -0.019684448273015052 -0.5651412490202846 -25.62683670919668 -0.011069093091358805 0.9986404861971028 -0.05093775128673399 -3.376098716493757 0.5653756132220024 0.04826698482608305 0.8234201322226969 58.81893457688102
0.8221141673898361 -0.021301706142740164 -0.5689240134607827 -26.23915128405279 -0.010025522313317615 0.9986031569471223 -0.05187700682948243 -3.436757291958169 0.5692343846600112 0.04835258266783009 0.8207522421961996 59.69760173218921
0.8186742302353526 -0.022162336642527505 -0.5738304066386658 -26.853680032801226 -0.008882543325264957 0.9986467599695865 -0.05124206500837155 -3.5006548555060344 0.5741895202567077 0.047047631574720826 0.8173695095797137 60.574379534160535
0.8156986704492 -0.021660082398010677 -0.5780713795526632 -27.479003510381414 -0.009455005332805013 0.9986660596104882 -0.050761247583345735 -3.5632556446174055 0.5783997595967382 0.04687155014049015 0.8144057808524344 61.450632875904176
0.8109739975687191 -0.022097050480880703 -0.5846647720082477 -28.114978664605058 -0.009995799644789992 0.9986174416181061 -0.05160706623680228 -3.629439176115838 0.5849968027749145 0.047696180729214485 0.8096319009815348 62.324173324704546
0.8061139653135719 -0.02314719264510333 -0.591307434757149 -28.759278485672976 -0.010020448201296937 0.9985574773390664 -0.05274992955526236 -3.6944737794821414 0.5916754731643645 0.048447620404829896 0.8047191824064064 63.194634251578016
0.802075144657427 -0.024540028181952393 -0.5967187355359278 -29.4112654029632 -0.009704346559320825 0.9984879970780596 -0.054106795773745046 -3.7642628245538963 0.5971442773573437 0.049188481455256776 0.800624259757036 64.07469126316956
0.7972376503874834 -0.025003191180286297 -0.6031475517942911 -30.081389701816406 -0.01029609794319859 0.998433328048693 -0.05499890734146557 -3.8349905549749095 0.603577765637361 0.05005726593026338 0.7957312052168106 64.9581652981839
0.7924375094381187 -0.026889737764597944 -0.6093601034187116 -30.741848397448923 -0.009711069832112144 0.9983449696216096 -0.05668347866833537 -3.9038476344563655 0.6098757978131512 0.05083565317942659 0.7908648731658232 65.82045433833574
0.7869812720414591 -0.026744736321505317 -0.6163969472142931 -31.431339793003794 -0.010362522962983404 0.9983461398657681 -0.056547353014635295 -3.9763114669600093 0.6168898569224887 0.0508891353258561 0.7854025721449721 66.70125782706978
0.7821529086802722 -0.02718813251757183 -0.622493078590595 -32.12476702634278 -0.00934640629985555 0.9984232155384603 -0.05535094726487784 -4.04609614322192 0.623016430066068 0.04911097763278817 0.7806655107942735 67.56505222223178
0.7780083463333906 -0.02809791978409445 -0.6276253021822732 -32.80868102252647 -0.008182758364696983 0.9984614525097467 -0.0548431428500575 -4.1180090927364095 0.6282006490772897 0.04780412906782661 0.7765814250565992 68.41218807564562
0.7727744745525535 -0.029417051782184962 -0.6339986187244174 -33.51508152733296 -0.007393687039703417 0.9984402503048223 -0.05533895520519731 -4.1858680658400855 0.6346376484829622 0.047452119401436246 0.7713516393269209 69.27164023590801
0.7685720978487119 -0.0315599235540393 -0.6389842733852635 -34.231326537064284 -0.0064346832856625805 0.9983506453371136 -0.05704895972743283 -4.256307409445082 0.6397308225022798 0.04795790008155314 0.7671013717627708 70.12690257195075
0.7645539709991067 -0.030354803350650526 -0.6438445552639555 -34.9465154704442 -0.008298040164996977 0.9983441503635943 -0.05692187597236551 -4.328484300453379 0.6445062978427111 0.04886249429098561 0.7630360992068109 70.96789585642182
0.7604517307888939 -0.030064834915622823 -0.648698135377058 -35.68418956013208 -0.00790034861176497 0.9984254948300737 -0.055534815792753364 -4.401412108043696 0.6493464018780639 0.047356488201922356 0.7590168729304988 71.82668884417717
0.75789342038773 -0.029460028587970553 -0.6517128739319054 -36.421699603889806 -0.008850879211695131 0.9984235870154544 -0.0554256513572323 -4.473930853599234 0.6523183465687346 0.047774968412228606 0.7564379202043239 72.67378220777974
0.7537659730218391 -0.029473297649857573 -0.6564816696908478 -37.17321839192575 -0.00924512144422752 0.9984192158586404 -0.055440031869574885 -4.548272628237585 0.6570779144393166 0.04785806232873302 0.7523019475092547 73.52895853641782
0.7503658593190972 -0.030324107831372592 -0.6603268324493139 -37.90375003827239 -0.010846857213684597 0.9982478624765055 -0.05816829677473551 -4.618205293583011 0.6609337507321735 0.05080997486044502 0.7487221938728557 74.34700514512132
0.747510566302247 -0.03207522840450139 -0.6634750432301829 -38.66038833237178 -0.01132931646488921 0.9980725268543407 -0.06101538926393774 -4.689429377367556 0.6641532954483719 0.05312636691314893 0.7457063693463246 75.19381976953922
0.7442000031894788 -0.031693345049246154 -0.667204531708508 -39.42633126702309 -0.013160413062978058 0.9979840924609731 -0.06208506038379971 -4.764503019677012 0.6678271923041108 0.054984389370417525 0.7422826672803096 76.04127279229613
0.7415904171702246 -0.030562981809182266 -0.6701563678009962 -40.19046209432737 -0.013670239262322253 0.9980657880192345 -0.06064492842815148 -4.842921300666968 0.670713633169778 0.054134895663299716 0.7397382208266114 76.88224309099127
0.7383742091558918 -0.03032056391287002 -0.6737092775503516 -40.96011741874138 -0.013540231239097037 0.998120894218851 -0.059760711690482506 -4.919431524621499 0.674255285030383 0.05324794763901005 0.7365761784641356 77.72105796791963
0.7344338078531125 -0.030320567354706507 -0.6780026881050445 -41.74129429879132 -0.014280051254685051 0.9980899942017392 -0.06010360730052867 -4.995758004534358 0.6785300745129439 0.05382403431238967 0.7325980557657779 78.55777514571399
0.7319587331456331 -0.030832081835207678 -0.6806510087420331 -42.54238253303318 -0.014288735121719812 0.99806131470538 -0.06057593694851244 -5.0722179425815295 0.6811991228858575 0.05406472804218921 0.7300991440628203 79.41521271631186
0.7288949421551542 -0.03139259807797065 -0.683905452593083 -43.35330183571047 -0.013898148419761664 0.9980638210292491 -0.06062549482682706 -5.154128900562237 0.6844844810301669 0.05369463603015064 0.727047372108897 80.27666068088331
0.7260720022073208 -0.031084652005599053 -0.6869157095454602 -44.153167972063244 -0.01463364912447425 0.9980529007788876 -0.060632199037719735 -5.235277701172365 0.6874629473098562 0.054075425625127495 0.7242033860867452 81.11517138663295
0.7246602327922477 -0.03328971426720772 -0.6883017811494413 -44.95928376821717 -0.012981401442864367 0.9979957494755106 -0.06193518584289062 -5.3168250920131825 0.6889840565833617 0.053817087925879706 0.7227756849957763 81.96369101810961
0.7220894324009658 -0.0369682872868707 -0.6908112602946818 -45.794112826748695 -0.010760916322491964 0.9978501469624567 -0.06464740433230105 -5.401931331786019 0.6917160214240751 0.05411496966717329 0.7201392335952608 82.83564867895024
0.7194897018492539 -0.04038893209937428 -0.6933277025308768 -46.637886705987924 -0.007728218955696989 0.9977801418147912 -0.06614426076257857 -5.487054369510216 0.6944601094120848 0.05294830274831591 0.7175804022347796 83.70922051353915
0.715578314347789 -0.04272927447082897 -0.6972244151909582 -47.47199281242875 -0.004719997838036321 0.9978088044129141 -0.06599478355506827 -5.572754292652219 0.6985165693493506 0.05051533370441039 0.7138086602200524 84.56956616794756
0.709206643459959 -0.04413996733173674 -0.7036175098419682 -48.310622667059185 -0.003457138595834401 0.9978083384481437 -0.06608001147158192 -5.663457781250699 0.7049921879460709 0.049296886385535754 0.7074997045424851 85.420793544411
0.7023231476316445 -0.04494535146748033 -0.7104379717345101 -49.15246822601881 -0.0016618439423903841 0.9978985624588759 -0.06477420255951162 -5.748180979981404 0.7118563300101298 0.046673058866697016 0.7007725672431359 86.25699593607428
0.6930779774205339 -0.04304773081281213 -0.7195761322379516 -50.01568367095592 -0.0022914624689678344 0.9980787410822158 -0.061915876796608316 -5.832324931501479 0.7208589781742444 0.044561412361000544 0.691647752916163 87.09074832215686
0.6850722688738868 -0.042217082818453905 -0.7272507850379296 -50.87229492960436 -0.0028160988090856105 0.99815839491079 -0.060596107602824766 -5.916494841771109 0.728469667184216 0.04356072299004523 0.6836917488204037 87.89833139784325
0.6776265111074673 -0.042528753623718815 -0.734175467146332 -51.74531016432889 -0.004925996034257692 0.9980415420899424 -0.06236036261761589 -5.9975799024695595 0.7353897238929793 0.04587358039158369 0.6760899116350316 88.70352817914402
0.6675722644480194 -0.04417312454912915 -0.7432334806824237 -52.64082666138975 -0.004538379648513759 0.9979785161165707 -0.06338993989532968 -6.084335615223112 0.7445311778897574 0.04569044142197224 0.6660223034649484 89.51901864768723
0.6587656267034795 -0.045093317275575945 -0.7509956336830836 -53.53700899603807 -0.004709215928909022 0.9979354751889303 -0.06405162484105181 -6.162765937359873 0.7523334848053136 0.045731609380473145 0.6571932345544688 90.30870514876109
0.6507136479841453 -0.04521953499298365 -0.7579755550030516 -54.446941474003665 -0.0031864731185851994 0.9980537704781424 -0.062277745812031604 -6.250515936772512 0.7593165313070895 0.042940247896138345 0.6493031190394729 91.1025611544946
0.640407940799038 -0.04433611558869524 -0.7667541836964711 -55.37254736581164 -0.0032411168814929434 0.998167526653791 -0.06042419958273211 -6.333445332097723 0.7680281013888075 0.04118127715794154 0.6390907117841288 91.88658060611799
0.6313249495763964 -0.043988476424766235 -0.7742698637969766 -56.29181004380837 -0.004163374526913632 0.99818341494034 -0.060104379629025304 -6.416978275466226 0.7755072368165944 0.0411689698665042 0.6299949536029806 92.64012734401442
0.6232033921994683 -0.044346731922442345 -0.7808014467960949 -57.23536736722204 -0.0057709133458100845 0.9981030234361576 -0.06129478906690451 -6.499647825745648 0.782038508329501 0.042705057960389176 0.6217652688228644 93.39595247975208
0.6140823788308757 -0.0437253652851914 -0.7880297738284319 -58.20592446098546 -0.00812678849115605 0.9980608963429509 -0.061712255670371946 -6.585245167609801 0.7892000933338978 0.04430056006171841 0.6125362626489841 94.15028798376053
0.6065866956050733 -0.04387775159093081 -0.7938055956153514 -59.181471039186526 -0.009848254748112604 0.9979844991397607 -0.06268932409252238 -6.670676949294117 0.7949563463444609 0.045844109677095894 0.6049320003228296 94.89358318483438
0.5985579908926856 -0.04294896509220128 -0.7999273204085611 -60.178609174722595 -0.011635021957228573 0.9979903173104968 -0.0622892672821644 -6.756009970533852 0.8009949798859957 0.04659091061573044 0.5968553671078367 95.6426586282508
0.5919916744709355 -0.04045584208962494 -0.8049280602624793 -61.18953031783416 -0.013516058057083622 0.9981005343734565 -0.06010523652743049 -6.835979576674137 0.8058307350378835 0.04646125401062858 0.5903204031236464 96.38234729607707
0.586125824906307 -0.03854561019432935 -0.8093026339464416 -62.20368607223143 -0.013456168505093258 0.9982668306076588 -0.057291067695605574 -6.918730272593192 0.8101082945551562 0.044469886926849014 0.5845912933406121 97.11603529127572
0.579787905425125 -0.03756546285331651 -0.8139009895087748 -63.235826124384026 -0.014291193898960965 0.998314009612134 -0.05625744385489452 -6.999337631788854 0.8146420971811419 0.04424900239282695 0.5782735332760363 97.84879627189882
0.5744770563690897 -0.03867085346211672 -0.8176066760967753 -64.26681553996234 -0.014589255907100656 0.9982408987167428 -0.057465309024375154 -7.080836060738154 0.8183906556880907 0.04494077460059293 0.5729023140647242 98.57261214623054
0.5699878040534786 -0.040702833772578814 -0.8206443703293013 -65.28693472121334 -0.014106746126138624 0.9981402654478011 -0.05930438605639639 -7.162594389772862 0.8215320462063705 0.04537939857110544 0.5683535934973041 99.27856698170964
0.56496504815995 -0.042225265584806 -0.824033689422901 -66.33912665697429 -0.014558353052183894 0.9980241103427429 -0.06112225070287146 -7.247303831144884 0.8249863930478087 0.04652850868950456 0.5632340092404731 99.9940036298863
0.5617397521005035 -0.044165573616361836 -0.8261342826787923 -67.36169870977044 -0.015187007485850872 0.9978552868178681 -0.06367245380268628 -7.33664684358036 0.8271745920382769 0.04831385595011261 0.5598642385521174 100.68664255521507
0.5576412858267001 -0.044312450499495254 -0.8288984274760537 -68.39068041684409 -0.014612057273868885 0.99789535035037 -0.06317719154360892 -7.421886984726525 0.8299534228640605 0.047342121623797744 0.5558201502252216 101.37727977047363
0.5551192142913013 -0.042972822801557925 -0.8306599752155356 -69.42663205889848 -0.013300704068717919 0.9980782054974433 -0.0605226154613283 -7.504968294739867 0.8316644450713789 0.04464562925381753 0.5534808204379318 102.06529829423405
0.5532475935590819 -0.04139902775389569 -0.8319875123594807 -70.4811456011475 -0.011040932065194244 0.9983121492130449 -0.057017107544690616 -7.590640269405008 0.8329436943996975 0.040730495143850444 0.5518567103199163 102.76416109568201
0.5506720021924647 -0.040436784496037936 -0.8337416940881409 -71.53859208756364 -0.010772812847515835 0.9983984584920526 -0.05553795624656705 -7.674496347501488 0.8346521985262451 0.03956494079755692 0.5493544602121577 103.46350026153532
0.5487211165059191 -0.04074485400402546 -0.8350119718738697 -72.56728098420032 -0.00892853120028705 0.9984690363372566 -0.05458813796380656 -7.7551261078443625 0.835957784598662 0.03740909445496815 0.5475172527153426 104.14023316976254
0.5478363668200593 -0.040577048980511274 -0.8356008725973368 -73.5997182658105 -0.006406619796889976 0.9985902514237043 -0.05269217194537755 -7.835607450883492 0.8365609782987583 0.03422006513109413 0.5468040935565938 104.81787345067112
0.5454156559444472 -0.04077597654772354 -0.8371732687964112 -74.61831944091308 -0.0033739458909460597 0.9987010313940755 -0.05084158122575498 -7.912081001875 0.8381589221262359 0.03055437168376357 0.544569602191673 105.48368090715933
0.5444722961927082 -0.04248510778961577 -0.8377021751760854 -75.62767569604648 -0.0002727976658251606 0.9987073848443582 -0.05082799463658502 -7.986855660787867 0.8387787814794039 0.027902958148696796 0.543756913212585 106.14178873506096
0.5422846812873793 -0.04332867956744116 -0.8390768438992865 -76.64097109859742 0.0024687023122027633 0.9987472512839121 -0.049978330921751024 -8.062593666636152 0.8401911865462165 0.02503105231052696 0.5417123004605752 106.7962794454224
0.5416745131491807 -0.04318621912457825 -0.8394782142988122 -77.63306083334963 0.005632585368395195 0.9988434278971628 -0.047750188781964915 -8.132857130583048 0.8405694473311924 0.021136627554306293 0.5412912775844118 107.43416940418236
0.5409112998719053 -0.04315584964414954 -0.8399717485203757 -78.61078823218232 0.007555118429491449 0.998891785565626 -0.04645558002040023 -8.202674177069323 0.8410457097306911 0.01878226213763956 0.5406379017166582 108.06485428471521
0.538809224213942 -0.044589033391176564 -0.8412469542311644 -79.58037621951028 0.009242876283993038 0.9988510600505758 -0.047022644266779164 -8.269751702953258 0.8423771062534694 0.017560692955626837 0.5386022956903818 108.6907253836093
0.5381326731723388 -0.046232639369287364 -0.8415912125975072 -80.55345978067174 0.011235707874953434 0.9987992545797387 -0.047684462034370795 -8.337794743355278 0.842785254340002 0.01620469400846743 0.5380059692597754 109.31186191096067
0.5384310180188546 -0.048010352941520694 -0.8413008052091775 -81.53382641236445 0.01255310239623783 0.9987218567413221 -0.04895990693818387 -8.408047901476774 0.8425760846685653 0.01580059738100658 0.5383455049194652 109.9367610980418
0.5389797988980493 -0.04888824924529119 -0.840898754586751 -82.48570498756322 0.012645544698748595 0.9986713814737294 -0.04995560053312631 -8.474960406138813 0.8422237627727507 0.01629143674092691 0.5388819188930225 110.545378238408
0.5424216966538866 -0.04961624483209802 -0.8386399294380636 -83.46839880038817 0.01270912177390279 0.9986248579878382 -0.05086129405064614 -8.545330418646158 0.840010226856111 0.01692989242527812 0.5423063686880447 111.17248796575626
0.5455810906871368 -0.04938572246381695 -0.836601651863873 -84.40096585129284 0.011014054121057937 0.9985985082927272 -0.05176591395270043 -8.613294793821417 0.837985658646049 0.019028127923335605 0.545360400332918 111.77306805432644
0.5494060451276879 -0.04969551326024481 -0.834076347547965 -85.32037496983597 0.010040788601360533 0.9985503271286874 -0.05288125145506822 -8.678735424188865 0.835495170627225 0.020678494940207792 0.5491085682318134 112.36972438815904
0.5554052267272516 -0.04995166836859996 -0.8300782282118017 -86.25770742444584 0.010042817907746217 0.998524377663704 -0.053368614557475366 -8.749896544572996 0.8315191975730459 0.021304882973298172 0.5550873138786113 112.99454996460314
0.5606523852696748 -0.048342247672206545 -0.8266389356795527 -87.17903071228426 0.008270945223406719 0.998571524070562 -0.052787335417756834 -8.818674718881581 0.828009960300319 0.022758260157454937 0.5602513429150081 113.61372777919517
0.5670306409483006 -0.04651608157142879 -0.8223822142902893 -88.09723726355102 0.007113910771048185 0.9986434838539278 -0.0515808533239938 -8.885578027312723 0.8236659787191049 0.023397570628806343 0.5665923659822545 114.23977172135525
0.5752098822270624 -0.045755781328704566 -0.8167251678890084 -89.01773195850316 0.0068809239668991 0.9986696938920848 -0.05110279235865196 -8.956500994041734 0.8179769216021262 0.023775007391997047 0.5747595190597714 114.883921010572
0.5819852990499207 -0.044820226361206764 -0.811963212835843 -89.92964537234154 0.005696723480858697 0.9986801695635549 -0.05104376810240271 -9.025184922279118 0.8131793523149472 0.025081192743556226 0.5814725055746003 115.52887912940953
0.5895244592091882 -0.04533518393157258 -0.806477298559609 -90.82122254507055 0.00537165859366151 0.9986216940454647 -0.05220974493061056 -9.093555352650334 0.8077326644862565 0.026446800934267198 0.5889554392670773 116.17085912201458
0.5983795719364374 -0.045663403559406256 -0.7999104584042747 -91.71853602072645 0.00277961840531301 0.9984868916150786 -0.0549199507863865 -9.162349922447852 0.8012079390586984 0.03063953080954527 0.5976010856257576 116.83125456354442
0.6071581044318968 -0.04505216942298529 -0.7933028036336116 -92.59259837618819 -0.00039410391881556164 0.9983741046765 -0.05699992801309734 -9.22924267949585 0.7945809467290084 0.034920611988906135 0.606153173672755 117.48880864581727
0.6165010004002378 -0.04304245229902558 -0.7861767382755563 -93.46891338406601 -0.003185398378652473 0.9983601086899918 -0.057157209638656954 -9.298675862211198 0.7873476803437448 0.03774176302975537 0.6153528984093034 118.15984508214011
0.6249778788992115 -0.040826415455622045 -0.7795741495763487 -94.32293733321042 -0.004624335466504256 0.9984203561194813 -0.05599471410536191 -9.368691476309664 0.7806287635029442 0.038600470039792646 0.6238018413763872 118.83834156331874
0.6373076809232434 -0.03827037632449026 -0.7696585594484215 -95.16703582031599 -0.0061931574383460135 0.9984794389526387 -0.05477640723676446 -9.438562313963155 0.7705845603418104 0.03967604169780419 0.636101601222645 119.52331347541428
