1.0 0.0 0.0 0.0 0.0 1.0 0.0 0.0 0.0 0.0 1.0 0.0
0.9999020853493913 0.002432577004076 0.013780503730201012 0.001828752807341516 -0.0024103264468709265 0.9999957650429658 -0.0016310188696962355 0.009172226302325726 -0.013784412949355439 0.0015976436564613657 0.9999037141117083 0.07244452834129333
0.9993690053152577 0.006215739109051239 0.0349707849857642 0.006905236565686906 -0.006155310042210173 0.9999793715494525 -0.0018353838416821995 0.01784216794235606 -0.03498147185978037 0.0016189697002267894 0.9993866496825106 0.18971469299968358
0.9980537789588456 0.007495362622540805 0.06190697735412814 0.02872207057780151 -0.00745149040073198 0.9999717958953253 -0.0009395236483602885 0.022615062455121956 -0.061912273393695656 0.00047639588017456963 0.9980814813682246 0.31570851272538847
0.9960412007958526 0.008242615689731324 0.08850980512772372 0.055143521804419976 -0.008243342208163076 0.9999659592351915 -0.00035732349826891717 0.026344748388617598 -0.08850973746653726 -0.0003737076861573065 0.9960752414934175 0.49533588668318784
0.9928041065618373 0.007156936084548525 0.1195357028666924 0.09250796859200254 -0.007373221274674664 0.9999718827874269 0.0013672024734995244 0.033739846121254774 -0.11952255687520733 -0.0022387274176517142 0.9928289613511295 0.6842139628854316
0.9878126977819688 0.006238345042837011 0.15552220790560917 0.14481891324311932 -0.006475336490373648 0.99997851735549 0.001017273243766673 0.03598439558271959 -0.15551252077580585 -0.00201193405522124 0.9878318723362353 0.8845084183905183
0.9811681636062946 0.007924038480364153 0.19299286085141482 0.19905955535628347 -0.008300191239410507 0.9999649023399332 0.0011405760287046113 0.04548263556000039 -0.19297704928524806 -0.002720974540445148 0.9811994979343953 1.1028502757298582
0.9729502460541805 0.008183893166298497 0.23086975244876176 0.2686908608631092 -0.008919424781269274 0.9999579261778907 0.002142366818166055 0.05408957449033386 -0.23084250597470388 -0.004143641714109962 0.9729823059381214 1.33948234223497
0.9632026236820569 0.005492419055185717 0.26872018730442293 0.35383347397545656 -0.007239136091508634 0.999958618293506 0.005509683220572033 0.06038963990702013 -0.26867880571539415 -0.007252243340144396 0.9632025250828015 1.5736302779360085
0.9517992887417321 -0.0004595994842621291 0.30672121335024577 0.4616868430694157 -0.0025865321788986085 0.9999512935035237 0.009524729493126943 0.06068381812497152 -0.30671065159531136 -0.009858975045296857 0.9517517411641735 1.8196440108699188
0.938796026338319 -0.003333034877632803 0.34445741654069056 0.5609044229759692 -0.0008678269953416667 0.9999271316904847 0.012040688748827251 0.06552203601316575 -0.3444724485465978 -0.011602680196595189 0.9387247253612568 2.0263975429514867
0.9222479919507797 -0.0032562631572295806 0.38658509812589253 0.6859111550104617 -0.0024292758301440696 0.9998959735706316 0.014217617809611715 0.07490902192221664 -0.3865911793635444 -0.014051291310409149 0.9221441434238002 2.2686580901601148
0.9038706003344638 -0.004849036365745281 0.42777847619689807 0.8415161817068916 -0.0032831061114872795 0.9998276911473609 0.018270446880097428 0.08032305187190802 -0.4277933602398208 -0.017918561919457343 0.9036989355274585 2.5403056892022695
0.8826177807445059 -0.009952291887577328 0.4699859625561468 1.0228488867689005 -0.00043866736053741265 0.9997579976981202 0.021994399505153778 0.08751488873558337 -0.4700911195551243 -0.01961881558173103 0.8823998194642722 2.8283297623514305
0.8595282825591178 -0.014157943240665822 0.5108920474270154 1.1956309104505596 0.0014150628631274358 0.9996783306445923 0.025322575633907753 0.0927173701340286 -0.5110862246999689 -0.02104252558120498 0.8592718330302103 3.0650237341475237
0.8351803079180542 -0.017870505776937162 0.5496858177988413 1.3826581958086372 0.0023999832708823067 0.9995808625036984 0.028850292834948124 0.1006975251165849 -0.5499709931861898 -0.022775959686459527 0.8348731414497398 3.300332770433201
0.8075058328397863 -0.02013931890488477 0.5895156806767491 1.5937920401994725 0.0024316969625380602 0.9995221387772105 0.030815271280866103 0.11038824749037546 -0.5898545725681931 -0.023449987809769517 0.8071689298357042 3.554413389904692
0.7770673442375159 -0.02265495820552987 0.6290096147026373 1.8261917698702774 0.002661923559084206 0.9994613733948964 0.032708978194885704 0.12161703965009985 -0.629411833923243 -0.023742703306355216 0.7767091008589295 3.8043852703247865
0.7443553212409834 -0.0220774569588304 0.6674187153762352 2.092321186963661 -0.0015284660019462357 0.9993943981518809 0.03476349715320723 0.13889261888165988 -0.6677820149808722 -0.02689652090645078 0.7438707936404114 4.073663037530635
0.7113988183980412 -0.02319088300320085 0.7024057973332816 2.3701853796057115 -0.003538752410207442 0.9993245311060983 0.036578118608756385 0.15128713738595273 -0.7027796229354195 -0.028507270565749518 0.7108362238319325 4.32322061767555
0.6791970218977909 -0.02363049097529401 0.7335754939618954 2.6479337360460633 -0.005637510839228385 0.9992841246576672 0.03740931272688272 0.16490031452667345 -0.7339343457808128 -0.02954383359394436 0.6785775843482187 4.549863051523377
0.6461136856181973 -0.025227185268184467 0.7628241569197414 2.9536738027444582 -0.006560846951304341 0.9992331084839621 0.03860246360998649 0.17700208033743142 -0.7632129850468683 -0.029946352581298897 0.6454526748127438 4.783815694453542
0.6148397601187862 -0.025169391399179397 0.7882503226219882 3.2746605941700557 -0.00887053057891697 0.9992066735209464 0.03882444176615266 0.19364420009286054 -0.7886021703395966 -0.0308630090529066 0.6141287256006498 5.014706466443784
0.5867242347804357 -0.024555401773480104 0.8094144207790317 3.6155004148301546 -0.010103036255142868 0.9992403800020347 0.037637635842553537 0.21073174052182933 -0.8097237806682842 -0.030260456327232944 0.5860304632040285 5.251515611849795
0.5562842247584908 -0.02500508965566049 0.8306157997390596 4.018208436910934 -0.009524649809655329 0.999289657118714 0.036461791255598855 0.2271432462246386 -0.8309375080779834 -0.028194443900808067 0.5556509074970326 5.504169970722079
0.5294066036862911 -0.023509347368788208 0.8480424273346473 4.407316944985555 -0.009388840730758276 0.9993923947370758 0.033566218306891896 0.24345126435131148 -0.8483162721786487 -0.025732312915614893 0.5288642079295347 5.739250476027378
0.5058601805838729 -0.02179055456116783 0.862340216754135 4.8290157254002954 -0.009578111699499419 0.9994773749218906 0.030874533122279856 0.26427253816887103 -0.8625623093295485 -0.023877787819720893 0.5053870930019019 5.9831578785467565
0.4846737629602132 -0.021379212487983412 0.8744336868919114 5.301830194604526 -0.00968660233439294 0.9995087591981121 0.029806207767277163 0.2851702348284277 -0.8746413626356822 -0.022916578270859165 0.4842285795026489 6.242560570771318
0.4681416796886094 -0.020736340141436455 0.8834100814094588 5.790250260374241 -0.010030666211269499 0.9995355079303936 0.028777667064730176 0.3036678264977952 -0.8835964879251648 -0.022333217051491053 0.46771623228453973 6.5024119725885825
0.4557426652375229 -0.021743794362304062 0.8898459588540755 6.30477822116724 -0.009058275346766679 0.9995365254774138 0.029063411435714163 0.3219632738192872 -0.8900654867648454 -0.021305906300114905 0.4553344788469125 6.757332414889973
0.4465382111437775 -0.022406885322366697 0.8944839615547422 6.840867998321328 -0.010576749996852382 0.9994843667482436 0.030317206094338654 0.3389700740101053 -0.8947020500412521 -0.022998524213801837 0.4460709691696691 7.028237493780992
0.4397825668762204 -0.02242727535706877 0.8978242095153268 7.377930639547739 -0.012634572019893733 0.9994347296017537 0.031154275079736473 0.35552392275184425 -0.8980154015726218 -0.025044731700059924 0.43925061178379154 7.297180375164933
0.4294710687848687 -0.023063631253180148 0.902786059922394 7.9453753278177555 -0.013479256796485744 0.9993987603511905 0.03194413005105186 0.37617582517621795 -0.9029800167849771 -0.025887964808409592 0.4289019731419775 7.570384015968219
0.4184435490199646 -0.023359719737523446 0.9079423548757712 8.545629716490314 -0.01571990232125798 0.9993331751644232 0.03295587484504871 0.3924271717118446 -0.9081067563643532 -0.028062938363200028 0.41779730795666536 7.86140972615358
0.40781722278178206 -0.02387683412579959 0.9127513405055527 9.134811592359528 -0.016040022358966528 0.9993164142031011 0.033307986834693395 0.4082133766533626 -0.912922685929799 -0.028224122597262556 0.40715545976731854 8.12364095313163
0.39730042317037245 -0.02422423821772054 0.9173688244274568 9.812047942797212 -0.016941104964888782 0.9992875790379161 0.03372437313144623 0.42982348097039635 -0.9175322188954519 -0.0289399492624213 0.3966069926583203 8.421388027513743
0.38601156685717875 -0.026210728749298542 0.9221215038978847 10.481111551917174 -0.018388713768495817 0.9991790294355438 0.036098785882423046 0.4562724985005719 -0.9223106447712757 -0.030891177295069017 0.3852126811346148 8.70841365966405
0.37509394314082567 -0.02828655702856355 0.9265551276154793 11.135082959015936 -0.020627297099311742 0.9990321408002545 0.038849662320762625 0.4797436815438707 -0.9267572758999219 -0.033684600925799606 0.3741474298014432 8.97916089276053
0.36318714943213776 -0.031270900099049655 0.9311912936096178 11.851185788562727 -0.02008992456652542 0.9989414181321854 0.04138161513244586 0.5026169050802879 -0.9314995917434798 -0.03373683368447327 0.3621744560770083 9.255821362204102
0.3515157109496464 -0.032352749373135786 0.9356227896773165 12.574288825708221 -0.02226017744811056 0.9988312844850056 0.042901627405177035 0.5276562828714594 -0.9359172984059775 -0.035907725380940926 0.350384711142515 9.529766754231677
0.33777249359038714 -0.03206512391214729 0.9406814393843596 13.28834004535759 -0.0240285802078649 0.9988000494668686 0.04267421373821631 0.5497005734427535 -0.9409210221410328 -0.03701741500266337 0.33659670390482804 9.788542526446927
0.324638900477425 -0.02988283066920791 0.9453658554908804 13.993843414791213 -0.026449451361376206 0.9988230918600319 0.040655352536272234 0.574797582593193 -0.9454681437359436 -0.03820271715940935 0.3234664458365773 10.03512249176085
0.30993593113529383 -0.0284099919958416 0.9503328842811318 14.692066759066135 -0.02715457384273246 0.9988811715329877 0.03871736401546404 0.5971825478970528 -0.9503695847988394 -0.03780578674862588 0.30881770476706716 10.268844737684375
0.2900301919762276 -0.026250659892650498 0.9566574050293203 15.419447831935543 -0.030605342113262067 0.9988580263042404 0.036687277382323295 0.6158604839164872 -0.9565279926778739 -0.0399192452683882 0.28889557469930116 10.493611456213767
0.26871898886483964 -0.02419605737618386 0.9629146669518056 16.136649347189785 -0.0346812427206801 0.9987931907808876 0.03477604711698649 0.6371406273854345 -0.962594055885869 -0.042740061501851036 0.26755554697298006 10.70269350895276
0.2438288024072207 -0.023285783229428862 0.9695386982560584 16.852730192220044 -0.038750383683386055 0.9986794423629548 0.03373098228643771 0.6586675530167999 -0.9690438188653033 -0.04579458156823421 0.24260447938556173 10.892118640126824
0.21176907537739081 -0.023308102292928075 0.9770417550347107 17.59952056706815 -0.041157451538093325 0.9986160075593656 0.032743451697746916 0.6797087185564367 -0.976452724353153 -0.04714659917423087 0.21051668648734229 11.060899787059391
0.17897125067508718 -0.02346572164832314 0.9835744259278596 18.339708667941256 -0.04315818970758015 0.998565958354074 0.03167644988906126 0.6967658699332143 -0.982907249995115 -0.04811846551931082 0.17770186038167207 11.195871488326825
0.14519391069013077 -0.022240936352928536 0.9891532080768133 19.080158992000023 -0.04380785129296676 0.9986223377247522 0.02888423033844901 0.7142087260702745 -0.9884329013461661 -0.04752649100550397 0.14401955488441187 11.303518964675037
0.11245045979033036 -0.02064133967680839 0.9934429169254217 19.841279827860276 -0.04501400723516404 0.9986519834529373 0.025844827299621707 0.7313603448096908 -0.9926372112940238 -0.04762510936324754 0.11136972529625283 11.394478904728699
0.08170468097018962 -0.01893978305388423 0.9964766077161228 20.57731928275987 -0.047647260762905 0.9986019858339379 0.022886948907792554 0.7476579322329451 -0.9955169931494648 -0.04934935163087731 0.08068802788679846 11.464543453227785
0.04835175481078846 -0.015890405828163087 0.9987039615468308 21.343971240150598 -0.0477890476770363 0.9986915566181319 0.01820389139098319 0.7559905837310458 -0.997686481179754 -0.04860730132674557 0.04752910191547499 11.502568161390382
0.017016705910438912 -0.013653847822529125 0.9997619737515511 22.07881648053219 -0.045203883683827266 0.9988738300920241 0.014411122690110556 0.7624111975522261 -0.9988328391777359 -0.04543835380963554 0.016380335259503442 11.509074465356907
-0.013914635810443887 -0.009586372464041423 0.9998572319952701 22.8126822878953 -0.04150483999262508 0.9990977537510681 0.009001483586427998 0.7650906161989185 -0.9990414061326234 -0.041373662063573874 -0.014299962237708297 11.489780282734534
-0.045064182133946085 -0.00750335541776195 0.9989559145157875 23.539640543143108 -0.0394402339996108 0.99920552466134 0.00572603076416444 0.7648889893540706 -0.9982052331212526 -0.039141016130536985 -0.045324313846042574 11.450303460026795
-0.07330852653453235 -0.0049994264374527125 0.9972967791347932 24.230427919891742 -0.0348222060722321 0.9993905194149726 0.0024502383015671536 0.7605795714178852 -0.9967011958965429 -0.03454845059865874 -0.07343793746854055 11.392163716602687
-0.10205038935768657 0.0013529329319672528 0.9947783107830742 24.966490218660873 -0.03140506870646302 0.9994962408336945 -0.004581071802131981 0.7520042211608795 -0.9942833799734799 -0.03170858135892475 -0.10195649158693892 11.309181866403817
-0.12580781079358888 0.01099348890847571 0.9919937187023636 25.72750807669168 -0.029656499851777377 0.9994500227282486 -0.014837253285075895 0.7388019356447918 -0.9916112578827786 -0.03128570392564611 -0.12541259095485885 11.212996442836666
-0.1457522249042843 0.0227297642797741 0.9890599813718262 26.451090220883483 -0.030984622523088763 0.9991407268312679 -0.027527461818840932 0.7253026939007774 -0.9888358013859293 -0.034657838981563036 -0.14492271076189345 11.107703792686467
-0.1684974109952504 0.03433267123821188 0.985103999673916 27.204134847008575 -0.03266452970870331 0.9986498506837181 -0.04039188319819895 0.7000675007695529 -0.9851607234288257 -0.03898388660763015 -0.16714845377136012 10.98850360676129
-0.19122106321902754 0.04308844317870799 0.9806007806675558 27.953392740761885 -0.030091282186887343 0.9983090684610278 -0.04973448064295007 0.6672447497070134 -0.9810856332235907 -0.03901781507094051 -0.1896011349896306 10.844936815949222
-0.21578875498696193 0.04664056114568383 0.9753255206735815 28.69499108259872 -0.028190600745732784 0.9981446030399944 -0.05396889337133814 0.627905462657032 -0.9760330441387585 -0.039140892659058034 -0.2140735557491409 10.681739672945167
-0.2391340404487935 0.04616851100132943 0.9698883334129528 29.39324274287202 -0.026586843766778518 0.9981831042613193 -0.054070602972014346 0.5912953703962471 -0.9706225066611406 -0.0387163913498717 -0.23747208384079144 10.51440614004448
-0.2593177820028689 0.04258228423263004 0.9648528576972988 30.088099540056525 -0.025426724994446245 0.9983802401612869 -0.05089575337439927 0.5482422757820609 -0.9654572852245558 -0.03773122215118905 -0.25781502144329815 10.334772943865435
-0.2770541472136598 0.04091128428353599 0.9599829510621444 30.778742164808364 -0.0210026178383127 0.9985965910868422 -0.048618291965843996 0.5042022487105811 -0.9606247391961388 -0.0336320544720355 -0.27580608288495106 10.136696546848299
-0.2922132204185229 0.040959944826593216 0.9554756494712141 31.48114241304735 -0.01954779768677213 0.998617866907922 -0.04878769822270025 0.4587878034103306 -0.9561533963848233 -0.03293385510496277 -0.29100866614190807 9.925286167210462
-0.30216611725031267 0.04343324630358024 0.9522652942858955 32.18841453850117 -0.019056490047454907 0.9984866039662259 -0.051588292151073904 0.4146244943520952 -0.953064786765801 -0.03373506803796066 -0.30088113502101227 9.708151961772593
-0.31066387873596046 0.04519806039157132 0.9494446217581985 32.9166546515932 -0.019336716802887934 0.9983615861333293 -0.05385382731643412 0.36778395057323227 -0.9503231270636393 -0.03508958064986338 -0.309280900635334 9.472505202544347
-0.318499324784719 0.046357280202631586 0.9467888796790407 33.631389522749245 -0.02469679177033742 0.9980586268067987 -0.05717557111896876 0.3220041948783067 -0.947601313099518 -0.041593028607476545 -0.31673612263732553 9.242175272447973
-0.3289867452411997 0.04543251001718649 0.9432410129384433 34.343338103737935 -0.02506456290758225 0.9980700193831844 -0.05681552688044132 0.273350005288226 -0.9440018480606137 -0.04233347897336749 -0.32721306119431964 8.99733039394848
-0.33675956022644987 0.0458332740485081 0.9404745129912253 35.057030988558104 -0.02491534965925806 0.9980311096935022 -0.057559790090945265 0.22304492887415173 -0.9412609754725014 -0.042816060934550315 -0.3349545655437524 8.74701712694172
-0.34318114968003044 0.046868381273764706 0.9380991703125368 35.744903786684745 -0.023773832225823216 0.9980008717009842 -0.05855821876879801 0.1751143537516333 -0.9389683186378501 -0.042398289126485036 -0.3413808454989179 8.501005973135324
-0.34927412402090746 0.04864733878267568 0.9357569250178122 36.459884084029824 -0.02482936429426786 0.9978202360000055 -0.06114146954102317 0.1265883285385559 -0.9366915655423456 -0.044589382797443004 -0.34730490636265526 8.241128423258575
-0.3512371381436512 0.048255749415139285 0.9350421677320447 37.19213168276683 -0.028427419979945027 0.9976609121367771 -0.06216579596287556 0.07690961351952036 -0.9358548790180782 -0.04841577266549959 -0.34904377716163504 7.983244354482627
-0.351936835142362 0.048016379014763785 0.9347913625062488 37.895440733807554 -0.028391853813217193 0.99767623709902 -0.06193568087128226 0.02961570227336434 -0.935593056145153 -0.048337907218361925 -0.34975574336774257 7.729190091806801
-0.35152670953265563 0.04608625444769286 0.9350427956174662 38.640894707544845 -0.03289913927473716 0.9975625095446303 -0.06153605598347117 -0.023768610539127676 -0.9355996040615481 -0.052393670438345516 -0.3491536684296367 7.465381336843456
-0.34787010257217 0.04462222551811424 0.9364802447068699 39.3899848684412 -0.03764709058932362 0.9973962554018388 -0.06150939993650967 -0.07154853780870156 -0.9367865756438802 -0.05665303787265771 -0.34528444070535813 7.203337448557068
-0.3428928162267451 0.04367763304389368 0.9383585567104799 40.11734315058577 -0.04202033272949086 0.9972053669317618 -0.061771739491401044 -0.11461379357104964 -0.9384342322280207 -0.06061122448997052 -0.3400992079503154 6.954718935190408
-0.3398789969891246 0.04294884631013723 0.9394879797029313 40.90591306671867 -0.04533195528115579 0.9970473910855917 -0.061979946432721526 -0.167620468304534 -0.9393760063127302 -0.06365450911006973 -0.336928512052486 6.682069185364331
-0.3368652200030104 0.040979190568465614 0.9406606877576404 41.72137088130441 -0.0500483396585455 0.9968607067141182 -0.06135059174002963 -0.22285462148104643 -0.9402217755666726 -0.06774538618815534 -0.3337567608311049 6.40445595366191
-0.33669539436723905 0.040258277435358494 0.9407526149364811 42.53179019437137 -0.05395919678078201 0.9966189038361473 -0.06196100063111601 -0.27528848336852685 -0.9400662830325648 -0.07162423901427517 -0.3333846905467672 6.129383979111265
-0.33695140334827245 0.03878494328591534 0.9407228497043846 43.35003692571156 -0.0577019743232895 0.9964223553644098 -0.0617492663052452 -0.3317712222347708 -0.9397522194391584 -0.07508806765625269 -0.33350794316601473 5.853194859999587
-0.3381857262708614 0.037585559389608274 0.9403285278412117 44.17968208022454 -0.060648722493677025 0.9962545354793576 -0.06163305117138454 -0.3871510991413753 -0.9391230734075993 -0.07787314211061333 -0.33463954747053615 5.568668853504724
-0.3406622489472537 0.037282952817043684 0.9394462270781876 45.02950618972227 -0.06170404268780256 0.9961725979947498 -0.06190933790933592 -0.44500026908568535 -0.9381587516290519 -0.07905780438155738 -0.3370578886603697 5.27358228217416
-0.34053344236031646 0.036111828435797313 0.9395386689653901 45.913096444629346 -0.06386971403866805 0.9960655279796659 -0.06143389617473685 -0.5056567276527538 -0.9380605706791284 -0.08092836225707967 -0.33688717090375386 4.962320703684486
-0.34065695656964384 0.03525511715668822 0.9395264310571452 46.78563319936623 -0.06575777679321741 0.9959561243475468 -0.061215301729450916 -0.5684242825605774 -0.9378852556320105 -0.0826345877274311 -0.3369610840723248 4.6573868235905955
-0.3415091162725851 0.03440683783329356 0.9392484724571187 47.67450103892125 -0.06814226398333534 0.9957934040829715 -0.061254618144864645 -0.6331658661975735 -0.9374050113808562 -0.08492152786638486 -0.3377279655919769 4.343632584954353
-0.3419774358870891 0.03318566417971605 0.9391220075352527 48.59348112849978 -0.07124020965040409 0.9955846758283657 -0.061122710874881435 -0.6997347551585945 -0.9370038771921163 -0.08780583664357962 -0.33810334097471256 4.023565638592142
-0.34194241338021564 0.03296988561033578 0.9391423601214863 49.51561372997213 -0.07203095121405412 0.9955245180109473 -0.06117578038954584 -0.7729198376246683 -0.9369562038851724 -0.08856591151178177 -0.33803720404590815 3.697124843328737
-0.3408795787214711 0.03164859443790578 0.9395740946198856 50.423047651991354 -0.07644436172615689 0.9951904052228431 -0.06125615816123723 -0.8395233541926758 -0.9369937952681189 -0.09270611534574724 -0.33682072947867714 3.3815020730398953
-0.3400061408898728 0.03057352473041282 0.9399261054693261 51.29843491955616 -0.07881507591654231 0.9950287784055896 -0.060876218287192745 -0.9047442047727389 -0.9371147250819644 -0.09477863541030279 -0.33590624034738503 3.078115315862592
-0.33855191172353216 0.029054539730387532 0.9404990360385264 52.21311367293872 -0.07832934641341012 0.995183687690482 -0.05894014968780971 -0.9738824667371554 -0.9376817778749835 -0.09362297514941913 -0.33464551687626354 2.7571220508149104
-0.3370740226879756 0.02725080588789379 0.9410836821491522 53.121533100602264 -0.07863730516874595 0.9952732140556173 -0.05698599493909972 -1.0448140562862225 -0.9381882953142955 -0.09321278325348895 -0.33333781599661694 2.4396784961143863
-0.3345992700629165 0.02748667445766039 0.941959559217179 53.99565239524746 -0.07967725694411301 0.9951700493210569 -0.05734202350969922 -1.1125883154445402 -0.9389860825375558 -0.09423935304098657 -0.33079310926800004 2.137270313289334
-0.33340141304470244 0.027116015403092986 0.9423949381700091 54.91797540983269 -0.08116661260650146 0.9950494388452003 -0.05734627496044088 -1.1803147722792011 -0.9392845568717619 -0.09561033397343403 -0.3295499738426732 1.8238189325785696
-0.33070004554544585 0.026997904134484763 0.9433496663743437 55.816997387619246 -0.08331440374568282 0.9948527017441283 -0.05767852252710558 -1.250515881624131 -0.9400511635037434 -0.09766890500437507 -0.3267485194924453 1.5195823795499563
-0.33037333282451403 0.02779907633551029 0.9434408684773601 56.69806095328804 -0.08756663708902777 0.9943522995888028 -0.05996322515824286 -1.3177881807489633 -0.9397795193700178 -0.1024241946873496 -0.3260732115879906 1.2246028275578134
-0.33111926611458875 0.0288673017122114 0.9431472369145724 57.604858387643624 -0.09180525905902545 0.9938042745867384 -0.06264868891071873 -1.3864174963955707 -0.9391122542150334 -0.10733006431090472 -0.32641757195067744 0.9189249165291302
-0.3336918730170013 0.0283113484061545 0.9422569720802444 58.498172052691864 -0.09601344577395016 0.9933301686937702 -0.06384821213956038 -1.458312806848662 -0.9377799060083437 -0.11177496819158977 -0.32874793440073646 0.618598322917618
-0.3373934708306282 0.027316460138139202 0.9409672984999977 59.40190150912117 -0.09697119479678634 0.9932527755532025 -0.06360433346512948 -1.5323746235086353 -0.9363558261796345 -0.11270641002791779 -0.3324680915788357 0.30249744189349786
-0.3414979344666725 0.0256892033602069 0.9395313861631843 60.288567216500056 -0.09533553618389429 0.9935238799831438 -0.061817759938137595 -1.6048799637421167 -0.9350349171531115 -0.1106813657936952 -0.33683725888107535 -0.009456919928849283
-0.3455878439547919 0.024609531768996926 0.9380636508557347 61.14899378459297 -0.09752903706064951 0.9933002904759107 -0.06198886892414136 -1.6725423599343126 -0.9333044139190072 -0.11291104413024732 -0.3408723618492946 -0.3115953951115955
-0.3497094424239724 0.026138118278234625 0.9364935155420926 62.02940293430731 -0.09861862872710739 0.993030013887537 -0.06454268034799449 -1.7490473540269966 -0.9316531929572827 -0.114926891071635 -0.3446942670847737 -0.6246896919220761
-0.35395268496050375 0.02815830594981135 0.9348393480247219 62.87769573007811 -0.0996886698631171 0.9927165590417728 -0.06764615661798332 -1.8176281297445647 -0.9299353020023344 -0.11713642990248208 -0.3485676274118526 -0.9370354725326986
-0.3589398014407404 0.029624330873979053 0.9328904640749368 63.69575941012359 -0.10152507191613938 0.9923264995041283 -0.07057462826190389 -1.8863004491230075 -0.9278226547752025 -0.12004381451017043 -0.35317786437394855 -1.2408773668809556
-0.3618975896799005 0.031010079297298654 0.9317019424504027 64.50921070915831 -0.10302447479446822 0.9919939319836877 -0.07303421459060794 -1.9543325468821227 -0.9265074701140852 -0.12241900951044424 -0.3558054158290448 -1.5456624497028923
-0.36365918412462045 0.031080652228077738 0.9310134214171634 65.32807366236884 -0.10284356728012373 0.9919940091991939 -0.07328769597966844 -2.029798783886578 -0.9258375659212118 -0.12240048517055369 -0.35755128689336174 -1.8547977728505083
-0.36604440127490256 0.025957320045453106 0.9302353002500798 66.18521527043382 -0.10159438392259358 0.9925215501374031 -0.06767239960453089 -2.102280692198066 -0.9250351763315203 -0.11927778522803217 -0.36066983863418456 -2.1821530432237966
-0.3667662240272231 0.020685886592469525 0.930083131235427 66.98385029889289 -0.09955618175143124 0.993139019863216 -0.06134699585315291 -2.1714287612729155 -0.9249708663454699 -0.11509553128168905 -0.36219044036403963 -2.4873063139447478
-0.36775474915174083 0.018261509117653722 0.9297434924542827 67.78513337008371 -0.09950267058012116 0.9932944382453506 -0.05886745703933413 -2.2424185854864525 -0.9245840486531036 -0.114160747350391 -0.3634716780447083 -2.7919097605600025
-0.36796491647064206 0.02282665509852814 0.9295594462237294 68.60772146604036 -0.09961014433211599 0.9929781084186562 -0.0638145386839305 -2.3128669744389834 -0.924488853038742 -0.11607506200007253 -0.363107340312463 -3.1124282385661157
-0.36633697637912976 0.027455521230569768 0.9300771011541757 69.4071318512785 -0.10061774352997652 0.992534470382806 -0.06893036187964638 -2.3825650795788307 -0.9250261020232526 -0.11883399957874377 -0.36083956423843877 -3.420630172757936
-0.36473059026484594 0.03012639419472301 0.9306255943707337 70.22239223567297 -0.0977188011138358 0.9927185047864524 -0.07043441036471504 -2.4552003093204062 -0.9259711833712384 -0.11662920143503785 -0.3591308910950069 -3.7399164927070787
-0.3606225442790551 0.030509224816940156 0.932212726666382 71.02762414371946 -0.09682888258090297 0.9928398607370188 -0.06995125752858915 -2.5240018405230504 -0.9276721123628946 -0.1154911171162817 -0.35508626249321246 -4.045403275892188
-0.3563730259685756 0.028441915540320536 0.9339107686510518 71.80729637137033 -0.0981962760800761 0.9928610664007305 -0.06770815452816689 -2.5923260734449816 -0.9291693912984901 -0.11583591958456552 -0.3510360124089716 -4.334143331803935
-0.3529859949501542 0.025204761536384394 0.9352890501684193 72.6346869504855 -0.10059812626023229 0.9928197802350869 -0.0647217194370231 -2.658185314762189 -0.9302047647491279 -0.11693418648901771 -0.34791592614907924 -4.6322276015148915
-0.349776650625977 0.02148129839585273 0.9365868077738986 73.45573685986601 -0.10302043916316186 0.9927919845688247 -0.06124430169839541 -2.7251048887435076 -0.9311514827306577 -0.11790941096928247 -0.3450424423362644 -4.920261031660143
-0.34891907360382013 0.01920787787256633 0.936955995499834 74.25758971072084 -0.107679344441098 0.9923466258958447 -0.06044280646915959 -2.7882272024187125 -0.9309460987920771 -0.12198045540481262 -0.3441803737040321 -5.197070768560333
-0.3463910496654963 0.01791814444941176 0.937919069435698 75.06759335414715 -0.11338450540628023 0.9916878725606912 -0.06082036953047336 -2.847246449776322 -0.9312127547695044 -0.12741312144178923 -0.3414801631706459 -5.475854562062459
-0.34277003627314756 0.01665840665342193 0.9392716325542225 75.84873672759447 -0.11397542225942976 0.9917192712930845 -0.05918183899388501 -2.9097443600254276 -0.9324796541233968 -0.127339642035317 -0.338033001661417 -5.745509310255358
-0.3395910168950285 0.018527094469040085 0.9403907102979783 76.62651047097013 -0.11254121662644076 0.991822933165776 -0.06018092560502524 -2.9746321922524586 -0.9338160503035067 -0.1262696163650318 -0.33472909670147694 -6.015575820596952
-0.3349105367292377 0.02005896732000339 0.9420363953785378 77.45296155273758 -0.11369318109575485 0.9916084775275937 -0.06153444456347664 -3.040525618826347 -0.9353655932094476 -0.1277116483546537 -0.32981955962992177 -6.2960842776121675
-0.32800713797829795 0.02168301921405466 0.9444263677561365 78.23284355103176 -0.11216919155735758 0.991770042003352 -0.06172727314598212 -3.100619006926987 -0.9379922120682319 -0.12618252835647573 -0.3228754862743727 -6.563502506977562
-0.32002580001776026 0.02244899200302463 0.9471428245418114 79.04979169967673 -0.1095330262868286 0.9921387146740388 -0.06052509394784173 -3.1660060769680936 -0.9410557919036688 -0.12311301150972748 -0.3150510798609716 -6.829916075651197
-0.31024862652097107 0.022631024616284884 0.9503860407574746 79.84020296452981 -0.11399627909868507 0.9916173679924414 -0.06082634172295553 -3.2190874147147457 -0.9437958667495349 -0.12721176132952552 -0.3050680738555481 -7.078620910507222
-0.300980329572556 0.022040778444126947 0.9533756055700046 80.66230134298118 -0.1170540900908246 0.991319168377375 -0.059871916627074466 -3.2809375383996495 -0.9464191361143356 -0.1296167832233432 -0.29578760674414367 -7.327594273034739
-0.2891917865192736 0.019710491393243004 0.9570682353619454 81.46975504704923 -0.1193227911079444 0.991248337854193 -0.05646949816945411 -3.336494110882298 -0.9498053390732236 -0.13053056818361364 -0.2843089668611637 -7.560967645377977
-0.2770466535560428 0.018900421883991 0.9606705604972005 82.22051893159923 -0.12353719484923936 0.9908079210598011 -0.05512009664302308 -3.3885523867897995 -0.9528817939504245 -0.13394938453670582 -0.27216511374542224 -7.766234264998212
-0.26597781159318284 0.018921453390277766 0.9637934334398117 83.01295049342167 -0.12537947179651024 0.9906354801202162 -0.0540493624293283 -3.443715166418698 -0.9557906631643402 -0.1352158427425882 -0.2611146952572417 -7.981323787068073
-0.25227786361512566 0.019349296828281112 0.9674613605938168 83.78693745819815 -0.12596915441894652 0.9906354566563691 -0.052660840766197314 -3.501006159466441 -0.9594204769884599 -0.13515545393167916 -0.24747798206660349 -8.180061784198108
-0.2405447530927463 0.02186554312985544 0.9703917352199503 84.5513953884072 -0.12646545297643044 0.9905181740832214 -0.05366783034842713 -3.55649518795865 -0.9623641259746831 -0.13563054535936117 -0.23549871380223358 -8.364691020400898
-0.22948022968743154 0.028135954902682565 0.9729065691135598 85.34495214665088 -0.1265960829550075 0.9902280088626805 -0.05849719860215566 -3.616089890585285 -0.9650452092845457 -0.13659011130226592 -0.2236758492358576 -8.547144932408733
-0.21660758099826477 0.030491496593499083 0.9757824678121496 86.16671751521439 -0.1317404067530435 0.9894568610119265 -0.06016299049222651 -3.673952503247492 -0.9673291172515293 -0.14158173904820395 -0.21030689500219307 -8.72050198858708
-0.20523302810313587 0.029633188786089393 0.9782644214617976 87.00151254125068 -0.1350010625092997 0.9891297281955831 -0.05828459420028486 -3.7290342201389897 -0.9693575796871748 -0.14402866007187495 -0.19900157733275053 -8.885916422820895
-0.19216654620773965 0.026905116175120945 0.9809934419975459 87.81541056546791 -0.13616618148266582 0.9892238660131997 -0.05380440437668045 -3.784613103978332 -0.9718697389768955 -0.1439175376161741 -0.18643216682611052 -9.035121582547697
-0.1815601037321221 0.027928627956767746 0.9829831740539783 88.58580474453655 -0.13875462058158738 0.9888684741765115 -0.05372425939068688 -3.837118633053061 -0.9735415163207171 -0.14614763946184872 -0.17566383657340706 -9.159475389169215
-0.17436587552370242 0.03299946551072585 0.984127825401182 89.40544859023932 -0.14177896526504793 0.9881826831044633 -0.058255556137045375 -3.8941578887626678 -0.9744204772382534 -0.14968640582387743 -0.16762670864246065 -9.289385766576682
-0.17090221247784282 0.039057223524857285 0.9845135687539849 90.25042504897006 -0.1454010865436473 0.9872741583590676 -0.06440698928160957 -3.956634590270658 -0.9745003631616075 -0.15415663958105702 -0.16304837524787247 -9.41689284691717
-0.16837174762438056 0.04148952169938311 0.984850026243117 91.0608328625596 -0.14867708717146097 0.9866146865826186 -0.06698196749641597 -4.020500570621767 -0.9744465497666466 -0.15770250412925454 -0.15994949777739464 -9.53726359372116
-0.16717460919280175 0.04109085161558664 0.9850706532806366 91.88494105620632 -0.15326759485237423 0.9859014980386132 -0.0671362832854738 -4.086293946796261 -0.97394131979776 -0.16220289170888652 -0.15851980163964613 -9.659063276549457
-0.1644899646194949 0.04098529186185941 0.9855268932862644 92.67869099925264 -0.15834162779964117 0.9850816508883098 -0.06739488102906911 -4.146253938504177 -0.9735866579022321 -0.16713571411927697 -0.15554636807268146 -9.774512283787576
-0.16171319460149414 0.037744882039050937 0.9861156963417819 93.46108587215438 -0.16329561850371657 0.9844690736101307 -0.06446071736103823 -4.206498788813354 -0.973233468222948 -0.17145252108111192 -0.15303806502195105 -9.884159172524184
-0.15768047847725453 0.0347799270899285 0.9868775118416689 94.23585507525628 -0.1652608407382044 0.9843556970604711 -0.061095958811498104 -4.265468646709332 -0.9735634140751624 -0.17272584733100513 -0.14946591731261138 -9.994317856778347
-0.155113145192807 0.03188066019433615 0.9873821629409599 94.98815557683977 -0.16771899999139406 0.984119926754436 -0.05812320368605063 -4.318807115533839 -0.9735554679782153 -0.17461842191022298 -0.14730294463893584 -10.095401104975231
-0.15387096091029412 0.03203087909009822 0.9875716430584965 95.76123463089955 -0.1744733442627263 0.9828888982718191 -0.05906323556824497 -4.372542490581855 -0.9725650515674121 -0.1813930440748082 -0.1456495246506206 -10.195936188638983
-0.1518385359853925 0.03234272678738122 0.9878760079148442 96.5344019915137 -0.18284484628801306 0.9812950636706765 -0.060230890757781805 -4.429299598149615 -0.9713458813294703 -0.18977340709256335 -0.14308470492947417 -10.293363703788836
-0.1471586185152729 0.033317072964078126 0.9885516241682997 97.30912124882633 -0.18578880743262824 0.9807124066311399 -0.06070992103865537 -4.490585431122251 -0.9715075192861033 -0.1925958154500359 -0.13813034366748522 -10.394655413002747
-0.1428863384596767 0.03512611643419418 0.989115589921541 98.1375234742219 -0.18786256445171862 0.980239737142327 -0.06194929059130172 -4.555845354660175 -0.971746443862395 -0.1946694985646008 -0.13346398454038566 -10.49914802403617
-0.1372284755847375 0.032007805038335946 0.9900221441489666 98.9495815039221 -0.19252973466933798 0.9795544155423531 -0.05835621868861436 -4.6147720286757705 -0.9716484172563878 -0.19861683566129773 -0.12826030498579688 -10.596926635109462
-0.13247308469051328 0.028958945131788413 0.9907634739580554 99.77265461694658 -0.19448076565434114 0.9793838863342059 -0.054629982421823486 -4.670601918747328 -0.9719198082265231 -0.19992144128572492 -0.12411004669710296 -10.687765199213164
-0.12680691105772268 0.026815949693352076 0.9915648804541449 100.55880348431809 -0.19607623963352358 0.9792323040985704 -0.051557762373692334 -4.722370241048042 -0.9723549329124505 -0.20096019369976906 -0.1189154531126021 -10.770980232576903
-0.12290500911978558 0.03061534151459562 0.9919460971228277 101.33807520688545 -0.19903657220112553 0.9784553154075009 -0.05486017387170973 -4.771201512158364 -0.9722544942861883 -0.20417614114962784 -0.11416348683162963 -10.85168665656375
-0.12010129662624669 0.03196317179596009 0.9922469623019443 102.14671749720024 -0.19939408055282093 0.978337931750151 -0.05564972542009486 -4.827769507916614 -0.9725315826178549 -0.20453177490937377 -0.1111263868900263 -10.933852934169243
-0.11700715917099985 0.03331683257079916 0.9925720696101527 102.94623457491569 -0.2005632771075559 0.9780517573365568 -0.05647239898172303 -4.878933551386703 -0.9726683384271383 -0.205681182022864 -0.10775692452491131 -11.01112469536144
-0.11229069864148461 0.032407195305628286 0.9931468031922724 103.76579815067615 -0.20117610359366994 0.9780288659682315 -0.054659973250671484 -4.937392304549857 -0.9730976180946475 -0.20593521074677348 -0.10330399137112617 -11.088646767416543
-0.10438939822287457 0.030541268966157303 0.9940674446075594 104.59305815865424 -0.2016151961514134 0.9781244613357067 -0.05122353772984348 -4.997000963572754 -0.9738861156313366 -0.20576629711075242 -0.0959482399725829 -11.162407027186058
-0.09859392099684772 0.03140118504579527 0.9946321954975053 105.3694192360512 -0.201867725669316 0.9780898236582447 -0.05088927381366133 -5.048767796265766 -0.9744376122028364 -0.2058015122245309 -0.09009482499306565 -11.229884999325405
-0.09402805950060755 0.031271862465691205 0.9950782856863459 106.16379057320904 -0.20210315802827872 0.9780954633296479 -0.04983551072235545 -5.102777864461673 -0.9748400061248753 -0.20579440039002103 -0.0856482762614923 -11.293018154622139
-0.08686577225799413 0.031164730369194468 0.9957324425723199 106.96886221354302 -0.20768651180169095 0.976982602902396 -0.04869606187060453 -5.148632435638218 -0.9743308731769044 -0.2110302187059357 -0.07839385414212358 -11.348542439991377
-0.08079720103905319 0.03136378823570776 0.9962369823951333 107.74766489812387 -0.21257508980983944 0.9759667492357773 -0.04796598355593916 -5.193867711000015 -0.9737985641274042 -0.21565068322093395 -0.07218822154445204 -11.39832544589797
-0.07694898935537686 0.030565598346631348 0.9965664038261067 108.54821683115478 -0.21493970031265874 0.9755189116134403 -0.04651643058139347 -5.24586998901595 -0.9735911761446335 -0.21778107650170514 -0.06849543379720935 -11.44890223199954
-0.07286880186500594 0.03044123218022915 0.9968768575396402 109.36085665907466 -0.21905653996655539 0.974637843084939 -0.04577452484318359 -5.291927638397548 -0.9729873431924178 -0.22170792996662905 -0.06435234088417358 -11.49424308883633
-0.07048458845329952 0.031667489304359184 0.9970100766349995 110.15131720626772 -0.2219307814326384 0.9739470614404603 -0.04662456181232209 -5.335013201422084 -0.9725115171776978 -0.22455353845497705 -0.061620267153605135 -11.538985740275134
-0.06719753704436066 0.030444609469652065 0.9972750958333476 110.97228485928468 -0.2250460428527042 0.973314098378603 -0.04487699292272643 -5.381051096307547 -0.9720281732601741 -0.22744843734721057 -0.05855287129425352 -11.576504952461857
-0.062835152606953 0.028849326421622315 0.9976068664368142 111.78089610194684 -0.22672348465776015 0.9730349836914196 -0.042419123249792204 -5.425627422249447 -0.971930144146946 -0.22884631715991705 -0.054599981875814885 -11.612751792421497
-0.06041584833047042 0.02773540597347443 0.9977878895466692 112.59257896906243 -0.22814167156650336 0.9727704426870534 -0.040853929177937884 -5.473074168929317 -0.9717516673334559 -0.2301052217789088 -0.05244314964538144 -11.646241453451147
