1.0 0.0 0.0 0.0 0.0 1.0 0.0 0.0 0.0 0.0 1.0 0.0
0.9999250933175947 -0.002201211242015911 0.012040034172199433 0.008773455396294594 0.002193537054204746 0.999997382581512 0.0006505576970631492 0.0006149467662908137 -0.01204143467330775 -0.0006240987048537382 0.9999273045335922 0.22125664353370667
0.9997985929417448 -0.0039026200354142786 0.019686114613264808 0.016524759587749717 0.0038776891331532373 0.9999916309545893 0.0013044338876589331 0.0012324559376301844 -0.019691040569102498 -0.0012278345327570652 0.9998053587292209 0.4568476881731335
0.9996923614306525 -0.006279470546498059 0.02399480666438602 0.02314812165392164 0.006262122919026877 0.9999800742705317 0.0007980466458259521 -0.00014721402256349567 -0.023999339860766973 -0.0006475427071468871 0.9997117646475357 0.6737809264141534
0.9996188657614425 -0.007690530090269803 0.026513750408760656 0.027262346006177662 0.00770857908322998 0.9999701210706854 -0.0005785969208196558 0.002494205118209039 -0.026508508489256625 0.0007827597395417601 0.9996482812794035 0.9059984970544708
0.9996285974702384 -0.009443627430227187 0.02556335307903616 0.03240648607796108 0.009484009672285132 0.9999539615115446 -0.001458909834343453 0.0022507932875820754 -0.02554839877997071 0.0017008110793979025 0.9996721395344836 1.1570201283496013
0.9998289945886194 -0.010402735346020747 0.015289364840680528 0.029049486370928638 0.010450569898904128 0.999940733518276 -0.0030520549996139726 0.0007821368370202026 -0.015256708973396139 0.0032113156576705857 0.9998784527546577 1.4195823171400772
0.9999573458688399 -0.00918089351093399 -0.0010087800980542086 0.014144142401314144 0.009176827174775184 0.9999500341212854 -0.003964228026313358 0.0027943263881981626 0.0010451248488328225 0.003954801534993979 0.9999916335944362 1.6799138776773994
0.9997948281995721 -0.005328721647283801 -0.01954242131861163 -0.013616910516845968 0.005264014338588217 0.9999804964972229 -0.003361068016423745 0.0025726686227994055 0.01955995036884028 0.00325750683401555 0.9998033791655213 1.957010525295054
0.9993160446352665 -0.00229324605011488 -0.03690777637679938 -0.04474733632525967 0.0021514687870516 0.9999901558167731 -0.0038806509253148424 0.0033755614420341753 0.03691631233729258 0.003798590804421651 0.9993111410323193 2.248622171475712
0.9984238919426334 -0.0017008979814677086 -0.05609669280965958 -0.08230167925792359 0.0014292477000744622 0.9999870601118789 -0.004882300668045085 0.002894931917818902 0.05610427122008185 0.004794429565443703 0.9984134034537023 2.5682598747399625
0.997054651285218 -0.002938795536976592 -0.07663801818487037 -0.12169696397736121 0.0026290627188274877 0.9999879655204332 -0.004142082027858484 0.004268795980973459 0.07664926861838375 0.003928395995426544 0.9970503785291746 2.8958785381395398
0.9954507232834447 -0.003723902498064046 -0.09520498970459294 -0.1706069408480092 0.003428967067816071 0.9999888029559284 -0.003261310720734808 0.00413262809273394 0.09521606849326729 0.0029200193414186996 0.9954523463168546 3.2274311800511737
0.9934390758310612 -0.0021904087569307538 -0.11434161412803587 -0.22709674258928506 0.0018782316362323172 0.9999942093348683 -0.0028378764335834517 -0.0004135977328041402 0.11434716812342904 0.002604497304508747 0.9934374372530678 3.5774834741223587
0.9913123702636198 -0.001320944316811486 -0.13152201210609546 -0.292068700604607 0.0010118001903461184 0.9999965664256731 -0.002417311986295756 -0.005157628446869165 0.13152475365002156 0.002263237277917853 0.9913103030506266 3.9321437680214113
0.9895219844306408 8.639739835112644e-06 -0.14438227818469218 -0.3617540855481088 -0.0003951139423651246 0.9999964158015607 -0.002648068919979941 -0.012218665801266433 0.1443817378113295 0.0026773698637488665 0.98951844120117 4.306895597915459
0.987385530248148 -0.00069323673096947 -0.15833298481181568 -0.431314928649436 0.00013817700054376226 0.9999938070923812 -0.0035166296367760037 -0.017050868399984234 0.15833444212710113 0.003450391241665988 0.9873795112501471 4.672928026793363
0.9855234566808168 -0.0033026757443235127 -0.1695069575705434 -0.501695957509656 0.002418798730477337 0.9999823829307573 -0.005420631035741719 -0.025021662403132302 0.16952187394137547 0.00493215582195679 0.9855140831537377 5.048775768682243
0.9837897864831596 -0.002959934182748371 -0.17930112883373986 -0.5873295446907669 0.0016253864866062947 0.9999698783301707 -0.007589502692082959 -0.027850745996313386 0.17931819241278543 0.007175041601118043 0.9837649641290513 5.4592274897633875
0.982119220245371 -0.0018554238353535677 -0.18825088214140118 -0.6757495490571704 0.00015941812017643742 0.9999592699499945 -0.00902402498539847 -0.03135905613395836 0.18825995806460671 0.008832657780381753 0.982079514268599 5.882566291666045
0.9802555098132809 -0.0019653822906771823 -0.19772524561410115 -0.7660721030678921 -0.0004025902720220018 0.9999286923336322 -0.011935165228243413 -0.039730966908221504 0.19773460345063026 0.011779113735934885 0.9801848188366408 6.289677084671467
0.9783740260036249 -0.003461010138156164 -0.20681461904392082 -0.8638378106661845 0.0006407676283890181 0.9999059178671521 -0.01370200098871636 -0.04577093570443729 0.20684258424779198 0.01327316175867512 0.9782841961917934 6.719963332282295
0.9765680399456169 -0.007834687974288324 -0.21506622473350348 -0.9616366508318797 0.004624647646992608 0.999870333137868 -0.015424964988951347 -0.05281832878634085 0.21515918755869443 0.014068922315328598 0.9764776441035238 7.161255950192688
0.9736099954701289 -0.007838316859630354 -0.22808361955533768 -1.0826120393425998 0.0039016280951345433 0.9998356304588217 -0.017705630833671805 -0.06149473309798674 0.22818491190011497 0.016348481697669892 0.9734805458391648 7.642057264392492
0.9708306137682516 -0.003657500360560139 -0.23973848681734933 -1.220544144301218 -0.0016732574809802108 0.9997559449331523 -0.022028408481367397 -0.06727247150034427 0.23976054633688632 0.021786997542849677 0.9705875576980707 8.121396657343753
0.9680113776563394 -0.0016379398844948766 -0.25090095631705067 -1.364716384310416 -0.004659743032764161 0.9996888683247229 -0.0245041494956126 -0.07841056875508269 0.2508630294059776 0.024889429494657087 0.9677025662757571 8.62217218585848
0.9647004880157649 -0.0031931594612391013 -0.2633301580806883 -1.5085366143025432 -0.0036400683102314597 0.999669282789925 -0.0254573162170345 -0.09218701411011507 0.26332435953561545 0.02551722514170258 0.9643698216432459 9.115581826160119
0.9614986173960565 -0.0036363374919144175 -0.274785708862591 -1.656919128978287 -0.0038471901991375397 0.9996363502815749 -0.02669019151868361 -0.10695441617688364 0.27478283766102163 0.026719735129249463 0.9611349790126147 9.603466408809357
0.958548712337562 -0.0019565214326781317 -0.28492198598894686 -1.8164521567814 -0.006522959084261414 0.9995636587234078 -0.028808734166223055 -0.12125965807308892 0.2848540276716957 0.02947310949592064 0.9581176956594918 10.111245878168129
0.9557604956285579 -0.00020561836718104975 -0.2941459377875894 -1.9877847457069795 -0.009679123888834677 0.9994362270268325 -0.032148758407040894 -0.13756335841850625 0.29398671663290826 0.03357358824219971 0.9552196734866516 10.633536179735831
0.9530479405861738 -0.0005217537465361114 -0.3028190065327493 -2.1616405424918117 -0.011357803451619474 0.9992332977512636 -0.03746754550126561 -0.1602254595559776 0.3026063833517192 0.03914772583641358 0.9523113106104693 11.160611729013661
0.9501349443728528 -0.0007446171802404072 -0.31183815197446757 -2.3505508922237177 -0.01359921974419294 0.998946854690875 -0.04382057422669613 -0.18496212185063424 0.31154237063992657 0.04587621440859221 0.9491241880004913 11.717328087335853
0.9485215205672899 -0.0005012043693464231 -0.3167122887020589 -2.5336717887478866 -0.01647358646871963 0.9985670136533781 -0.050916993157803306 -0.20726057067593068 0.31628396413598614 0.05351325104639336 0.947154045545323 12.227814632208629
0.9474148625797415 -0.00217381405725375 -0.32000055108617254 -2.720674838181303 -0.017480067040275007 0.9981324168210542 -0.058533116671068273 -0.23654468071111004 0.31953016355154507 0.06104877577319536 0.9456074881034504 12.750790092774897
0.9462200597130103 -0.0016970724714224401 -0.32351927074246134 -2.9282236935548034 -0.020735967427059153 0.9976119983189701 -0.0658811085584875 -0.27243211847999743 0.3228585111958042 0.06904651153431296 0.9439252941803026 13.318401989646732
0.9454606467791995 -0.0025227813986636455 -0.3257265739326048 -3.136904328879959 -0.02220588494134596 0.9971445239279834 -0.07217823130561875 -0.31537237235870313 0.32497855939404646 0.0754747240766752 0.9427048859318171 13.899035896843344
0.9445335082272113 -0.0014387089996727772 -0.3284119089686171 -3.348058915894355 -0.02548975733808244 0.9966527299500156 -0.07767630368411685 -0.35794435850695294 0.3274243792188399 0.0817390114914276 0.9413352271606338 14.469265211489343
0.9436927117276731 -0.001462460341422717 -0.33082008258541473 -3.551276284225163 -0.02746597364880385 0.9961915345727452 -0.08275292585233508 -0.40258866691346024 0.3296811886104424 0.08717962867177527 0.9400585227639061 15.028859710045664
0.9429402122986865 0.0006752726370127301 -0.3329614092308202 -3.778731440256413 -0.031503339590403044 0.9956927919983086 -0.08719749742546908 -0.45389007599430947 0.3314683931006993 0.09271142307978368 0.938900046014357 15.63025604266895
0.9419914430991115 0.002872893284029867 -0.3356245932768222 -4.01178193765843 -0.03478769799583496 0.9954134326113783 -0.08911741830295677 -0.5034591892088561 0.33382920362994656 0.09562345246335843 0.9377708772097713 16.251425424223104
0.9413318596063076 0.004175320683038705 -0.33745651095707835 -4.24454300101367 -0.03690984970830039 0.9951989416830587 -0.09064617734593634 -0.5572817220874783 0.33545788570943097 0.0977836037897666 0.9369665809116378 16.866278879306776
0.9393897745024303 0.006323564138392593 -0.3427927421881344 -4.479840129802149 -0.039497612125898175 0.9951689809428325 -0.08988124390303279 -0.6149107898330528 0.34056833410730547 0.09797301621258786 0.9351013302832922 17.493315297567545
0.9373130374655948 0.007434992882528919 -0.3484092287495517 -4.713735448382757 -0.041020119909123555 0.9951760221226504 -0.08911809442969043 -0.6676491626577299 0.3460659179400102 0.09782334012379071 0.9330964444082741 18.090773380103595
0.9350783707854281 0.008143732152113739 -0.354347456765114 -4.9588031709583245 -0.04193866982376633 0.9952551087597074 -0.08779758801422964 -0.7267611602701163 0.3519511165810996 0.0969584865513995 0.9309830629087618 18.717402834416834
0.9319088424290628 0.00876095126331448 -0.362586755322759 -5.261100374686016 -0.04253127451119022 0.9954505557131592 -0.08526008338499629 -0.8006034126989718 0.36019022764502967 0.09487590243747128 0.9280417894931766 19.478321793157598
0.9288720963676664 0.009447247503768557 -0.3702801346334142 -5.540492991170638 -0.04204626141232856 0.9959023320789989 -0.08006657767669122 -0.8652693423827507 0.36800644082785144 0.0899405051921215 0.925463108413838 20.17198912932537
0.9262408212246821 0.011007697066423835 -0.37677151126686936 -5.7792344570087515 -0.043001915596738216 0.9961332879434639 -0.07661140845824098 -0.9136475842913174 0.37447132914555403 0.08716251061229409 0.9231326667341614 20.738895781862325
0.9227308988654334 0.013445252406763142 -0.38521021983678977 -6.066543721524892 -0.045429058774184856 0.9962193371240077 -0.07404885521798767 -0.9676092031372169 0.38275826431036225 0.08582690445263229 0.9198531695733823 21.411000923250025
0.9195185924012887 0.014648304094160809 -0.39277345304324945 -6.356346662974362 -0.04717978810669565 0.9961933706789858 -0.07329963035000953 -1.0191003162545116 0.3902045948250225 0.08593134121149124 0.9167094298495213 22.06853741500059
0.9161309054141175 0.014769387724745394 -0.4006070759876136 -6.6675857982599265 -0.0478676336996654 0.9962016551328539 -0.07273893011694217 -1.076325830473995 0.3980111226952133 0.08581449467775755 0.9133580999334802 22.770048629669127
0.9126810123936121 0.015240249470004859 -0.40838842345524884 -6.97913315934625 -0.04904929263113655 0.9961657990483643 -0.07244216795982296 -1.1295058008233734 0.405718543461544 0.08614775448278429 0.9099291334433783 23.44671294130134
0.9089179362287858 0.01504032186805368 -0.41670370039118976 -7.31065402925428 -0.04921067917015522 0.9962344316696474 -0.07138113344201592 -1.1834902301514154 0.41406097891158156 0.085385864602756 0.9062354880872978 24.164482070193255
0.9047696323529695 0.015256785387138972 -0.4256279394864994 -7.640985058235391 -0.04975167158932964 0.9963023453358234 -0.07004575542033285 -1.2388146214103521 0.42298544129312526 0.08455097384411596 0.902183157277984 24.85527602728998
0.9013178298364937 0.016326132776485335 -0.4328505827735458 -7.985878382035077 -0.0504135789237724 0.9964521350889539 -0.06739149454316863 -1.2961842645811772 0.43021464489128014 0.08256270262794167 0.8989431347175638 25.56916911248651
0.8977428489007087 0.01882187638064865 -0.4401176140728192 -8.351353582032388 -0.05161718327259965 0.9966990420278884 -0.06266327482419433 -1.3521066185892339 0.4374853639136312 0.07897313840921626 0.8957509697293978 26.313170242598883
0.8941992952374984 0.02020679448521654 -0.4472128194197854 -8.71205858558614 -0.051894403052058884 0.9969248764917931 -0.05871764269530787 -1.4083913729580946 0.4446510894270156 0.0757131170171695 0.8924981415010974 27.029941746211716
0.8908623732621024 0.020996351928263334 -0.4537878194834229 -9.102563100948192 -0.052489458545981985 0.9969982363682819 -0.05691549367338943 -1.461070449930517 0.4512306379750434 0.07452294870870654 0.8892903021333333 27.794541698893312
0.8887509472349082 0.021017890705003994 -0.4579082900094361 -9.478100999862558 -0.052267539366919386 0.9970796591725125 -0.055679956833259256 -1.510243604249471 0.4554007664876958 0.0734193539520649 0.8872540449880634 28.52232939116332
0.8872002994876823 0.022079299731205607 -0.46085587021578284 -9.866115842948496 -0.0529696349515727 0.9971240963136933 -0.054201054636399196 -1.554928411150151 0.45833377178870865 0.07249855911658097 0.8858183293226415 29.26465861423482
0.8851750365059766 0.02082077263963357 -0.4647920504627113 -10.26918712948814 -0.05185056321790439 0.997189648903854 -0.05407701187190864 -1.605114631707403 0.46235989644499775 0.07196735055354708 0.883766952659848 30.03401910695606
0.8840993812249914 0.0212177285754636 -0.46681697924527704 -10.674406390615369 -0.05240733909787687 0.9971684803789489 -0.05393044175063159 -1.6548900768877959 0.4643508963340844 0.07214450590887761 0.8827080011764347 30.79178161321212
0.8835638920695367 0.020302815694219076 -0.4678703285161591 -11.083277238870846 -0.05166555724793802 0.9971872791802232 -0.05429733359386632 -1.7040115006916126 0.4654519511455421 0.07214794464175772 0.8821276298012537 31.5561047952213
0.8832381606596218 0.02126427605742546 -0.46844229326392134 -11.520012647579676 -0.05327758341130625 0.9970532218249439 -0.05519394853016352 -1.7532210252216287 0.4658882383796133 0.07370687493207562 0.8817683629657439 32.35962691200332
0.8829654455593956 0.020661897228893836 -0.46898305721102646 -11.958664549337922 -0.05261706377015972 0.9970915746301959 -0.05513471140473692 -1.8068963582214728 0.46647986724863616 0.07335855644966925 0.8814845748209753 33.17879954193971
0.8827709329372898 0.021552552603711358 -0.4693090319153164 -12.408644107417288 -0.05312942235878684 0.997118649861393 -0.05414482965542293 -1.8581842479614177 0.46678982898179017 0.07273159956207055 0.8813724354575051 34.01549378879985
0.8830806498768254 0.021277473117601732 -0.4687385571412423 -12.840916274345727 -0.05271276343171049 0.9971461912919366 -0.05404477554192691 -1.9104049967494163 0.46625093070632734 0.07243440018191957 0.8816821010351573 34.82864774214168
0.8829912814609948 0.01995123745056797 -0.4689651852622554 -13.290046045272685 -0.051376969254560215 0.9972014399707806 -0.05431109601561901 -1.966365745864045 0.4665691844668767 0.07205023417306058 0.881545211467637 35.666597165544914
0.8815181976003446 0.018076329516587355 -0.47180389317029553 -13.736938354659491 -0.0499777491812823 0.9972253164170097 -0.05517148614789759 -2.0210035754386544 0.4694974886899958 0.0722143656636446 0.8799756777920539 36.501587832379556
0.8804058284959055 0.017275889218336928 -0.4739062362980191 -14.202202587250541 -0.04860357535212203 0.9973608210550533 -0.053935935028332424 -2.076137076293105 0.47172372169886556 0.07051904903007165 0.8789219499537292 37.364162076888014
0.8789269571144049 0.018882871327499204 -0.4765824600507682 -14.665853290922248 -0.0491244936373378 0.9974859044927035 -0.051074988627001494 -2.1314364290222283 0.47441984379080115 0.06830305636501402 0.8776448622926643 38.210757009564304
0.8770596732119204 0.018741099586466956 -0.48001572975444246 -15.133764708893395 -0.04768176977537256 0.9977004666587233 -0.048168741524505426 -2.185648751603379 0.47800918239766915 0.06513486021522095 0.8759364540468993 39.063022152803015
0.8744308360674377 0.019096165189494845 -0.4847742251909211 -15.60944457550663 -0.04801245157546509 0.9977260737761428 -0.04730207396041941 -2.240328101532676 0.4827685961494554 0.06463759109294602 0.873359298564792 39.913820066181444
0.8704578457776491 0.01675613118098511 -0.49195769207522355 -16.10886708171202 -0.04700398680186536 0.9976829718797451 -0.04918651081272392 -2.3014297940812605 0.48999363664119655 0.06593875710874264 0.8692285754403669 40.79761481462384
0.8663463558226651 0.014146526852834965 -0.4992432949282249 -16.599491081830216 -0.04572063168046997 0.9976479432937176 -0.05107058919333287 -2.357313010990545 0.49734657492690887 0.06707053764371791 0.8649554482102854 41.64683182688902
0.8613457152694989 0.014161258791666874 -0.5078218364114632 -17.107405944514046 -0.04650135587860934 0.9976127113603744 -0.051053913010201374 -2.411500247192156 0.5058865314359796 0.06758947315697705 0.8599479521634061 42.50912258929891
0.8569698748346418 0.017102777674886598 -0.5150826425164237 -17.62261171171013 -0.048003429039404084 0.9977531626658191 -0.046736465322214156 -2.4657257583935133 0.5131260122293133 0.06477747591685733 0.8558653949000881 43.36455511288332
0.8529016488859351 0.019216268276245407 -0.5217178474627722 -18.13656003807025 -0.04919564100085415 0.9978339320129006 -0.0436718791694281 -2.518045026355052 0.5197485605888372 0.06291406168106947 0.8519995625636333 44.199336077195156
0.8499787242862329 0.01924002935806851 -0.5264655634806978 -18.669465089719175 -0.05011418818393172 0.9977540479071074 -0.04444578751296037 -2.571652821404959 0.5244280087899706 0.06416136809079438 0.8490339112434226 45.055074834975194
0.8482369530989349 0.016617289634033857 -0.5293561533435256 -19.17864805733348 -0.04977995540589002 0.9975842907584968 -0.04845140732378059 -2.6233427596169245 0.5272722517231712 0.06744959982895324 0.8470150671892981 45.86687480607941
0.8470564752845218 0.015025189275426443 -0.5312904773904761 -19.69330489887357 -0.05213967881204755 0.9971280093082722 -0.05492892631664025 -2.6813040455554966 0.5289392985702035 0.07422921756397532 0.8454071455150477 46.676881395551156
0.8448227356909436 0.014001402319413603 -0.53486307219022 -20.209180505599704 -0.052390019870190443 0.9970185203801666 -0.05665117683636197 -2.7382837004897325 0.5324751929223291 0.07588168917488344 0.8430374476678335 47.49757705827305
0.843497371051233 0.013793574981264031 -0.5369561642433158 -20.742406735125275 -0.05086239157620974 0.9972294148225256 -0.054281777198905784 -2.799459117242024 0.5347197416898004 0.07309741104826892 0.8418619639496927 48.333444885547436
0.8421676879519667 0.01617112669743937 -0.5389731719028084 -21.283738742536247 -0.051134657387935274 0.9974406877916124 -0.049973204336061366 -2.8570112105690666 0.5367856482651687 0.06964602644179084 0.8408392229299321 49.1753791643714
0.8405277243391802 0.018646130060950748 -0.5414475657447813 -21.809808174657075 -0.0527822423602503 0.9974715518618217 -0.04758716337199583 -2.911805836673673 0.5391912272177868 0.06857714677732905 0.8393866781354454 49.975355052558285
0.839165759501277 0.019282983024255074 -0.5435338026713068 -22.35719278585192 -0.0541783222502317 0.9973642346128879 -0.048262748711591696 -2.9649957473771837 0.5411705253233909 0.06994819569320203 0.8379986351065678 50.81441741914468
0.836706879208752 0.017498240672979486 -0.5473713637541713 -22.904250801944396 -0.0540582039491366 0.997247126878826 -0.050753113379577316 -3.0203084675243503 0.5449764296467732 0.07205539192369413 0.8353494547937279 51.64514707031404
0.8341712692003865 0.015557805158795866 -0.5512859950508968 -23.4433526212001 -0.0534201165308913 0.9971810236979157 -0.05269057910673676 -3.0779390138420566 0.5489121831317305 0.07340272934583723 0.8326508599251787 52.45564623191804
0.8328041428193858 0.013668605087918229 -0.5533989780780401 -23.989760161141554 -0.051911056341060205 0.9972181762914256 -0.05348972895387174 -3.1355466197454462 0.5511283896991913 0.0732739934011647 0.8311969802391143 53.27606710249612
0.8298959589407359 0.013230997288060441 -0.5577612733460435 -24.542093538767052 -0.051487484731965405 0.997268849887562 -0.052951675704504965 -3.1949048349556857 0.5555373401039863 0.07266210673179502 0.8283106192700207 54.10177021908094
0.8276549845114249 0.013752199220113882 -0.5610687156044291 -25.09654059653845 -0.052341203502212455 0.9972341601817427 -0.05276768123155179 -3.2518611092824976 0.5587912177453519 0.07304044621458017 0.8260856300574669 54.912351563041746
0.823796817269793 0.01321342869334726 -0.5667311612734253 -25.65994525415806 -0.052802664104781134 0.9971705748144281 -0.05350442400120758 -3.3133518726647013 0.5644206609609511 0.07400168934848154 0.8221636500441831 55.729041406798395
0.8196320483096274 0.012316046225388916 -0.5727579073126261 -26.23306185626525 -0.05267723510883873 0.9971537045190915 -0.05394069396235695 -3.376085276632556 0.5704633329891176 0.07438282442356305 0.817947908577142 56.54738254197435
0.8159716852852058 0.01078111581070745 -0.5779913289615144 -26.813276992217375 -0.052287505988904415 0.9971043306233981 -0.05521748427378731 -3.4377506798941257 0.5757223510775673 0.07527762877470157 0.8141726187214705 57.36321360123731
0.8113224541767972 0.010030028752689678 -0.5845128517592739 -27.41019253342969 -0.0527269911837825 0.9970331592292268 -0.05607801528310969 -3.5008029291329312 0.5822162310939503 0.0763169569663753 0.8094442428791178 58.187793312954454
0.8076508051221941 0.008311199491007316 -0.5896024940148171 -28.014011298788496 -0.05229056174102165 0.9969708078179242 -0.05757521612364373 -3.5665858517733664 0.5873379556424735 0.07733131527328733 0.8056388729075972 59.01256734276462
0.8026642568176442 0.00787371109729906 -0.5963791541468697 -28.631338809567588 -0.052370321752906485 0.9969811932651094 -0.05732233138294557 -3.6335575785278755 0.5941274612630496 0.07724315470794449 0.8006535173368619 59.84233181103689
0.7979048686607688 0.007276348826781687 -0.6027394754910219 -29.252733366064483 -0.05169175548282751 0.9970696220966103 -0.05639265118103923 -3.6952550836942537 0.6005628884492821 0.07615263252096927 0.795942833109 60.659406456750595
0.7939118863969368 0.006713250000296309 -0.6079957638932125 -29.86050047745895 -0.05123728791424571 0.9971210964272494 -0.0558950748001346 -3.758494037496455 0.6058701651054046 0.07552781828011103 0.7919702593538449 61.450413185467795
0.789293839667352 0.006194487208509271 -0.6139844159189971 -30.490730029592104 -0.0514013184264464 0.9971057551844038 -0.0560180099803884 -3.8222830334318876 0.6118603918600971 0.07577427865947288 0.7873278348734059 62.25699030252907
0.7852944810079994 0.0044420795811479855 -0.6191064900543134 -31.122597994871718 -0.050806402632952496 0.9970639410477178 -0.05729054820728696 -3.8831168150314945 0.6170342677273891 0.07644452492747864 0.7832144962005854 63.04997651588803
0.7818707097759552 0.005632260290607434 -0.6234151673150589 -31.771076585738044 -0.05332744420441077 0.996898503787244 -0.05787535607993845 -3.9455529943677687 0.6211556784648028 0.07849618328793483 0.7797460947771123 63.84948149710227
0.7781974463177995 0.005858857096575697 -0.6279923632799825 -32.431880783778205 -0.05362563469413319 0.9969242878310021 -0.05715116478516312 -4.010006655948273 0.6257259990188254 0.07815137955385941 0.7761181198926628 64.65983004141793
0.7761823685666747 0.006936303401451009 -0.6304703152578638 -33.09521688285747 -0.055257790876934075 0.996840274966324 -0.057061745087798856 -4.074709521808229 0.6280824048432087 0.07912871729142926 0.7741131305088328 65.45909004671923
0.7721753907987979 0.006483152036576217 -0.6353763723844272 -33.751083224360116 -0.055580661153617886 0.9968042651983757 -0.05737636262480454 -4.1404219592399985 0.6329738983168662 0.07961925409093577 0.7700680609060166 66.25140850092794
0.7686956467816995 0.0061445103623101495 -0.6395852152850879 -34.41723171965171 -0.05744710616904322 0.9965757361401538 -0.05946958995582087 -4.207109502351301 0.6370296952353692 0.08245633468156498 0.7664164143983442 67.03671595227033
0.7670494128498345 0.004292768991580834 -0.6415736671506312 -35.08562662421229 -0.05697682851999671 0.9964824224156175 -0.061452606360559034 -4.273026670929455 0.6390530801572957 0.08369201844314579 0.7645958453917894 67.82707900226062
0.7646413231956424 0.004755725156625219 -0.6444385385278041 -35.774517381306616 -0.058911970086755486 0.996301720453767 -0.06254807432176678 -4.343388533104124 0.6417577632114119 0.08579198621723753 0.7620936349680313 68.63412876222183
0.7619297888065847 0.005740674083472046 -0.6476341880955796 -36.45437747054882 -0.05966808990449547 0.9963301788633891 -0.06136687814445181 -4.414188301472378 0.6449051992163672 0.08540034746483356 0.7594761778203338 69.4312861996086
0.7591541124151207 0.005221876812265304 -0.6508899796476881 -37.139546059890264 -0.05918536667515046 0.9963792831301482 -0.061036190252832336 -4.4834188740673975 0.64821456785137 0.08485903694721901 0.7567144890073483 70.22426742486633
0.7553562654017867 0.005428179855481909 -0.655291879380267 -37.84174451357353 -0.06035510946907148 0.996291771557747 -0.06131856723132727 -4.552907718503251 0.6525290591837595 0.08586757705783334 0.752882850203785 71.02922944555169
0.7532291441643354 0.004775293862588997 -0.6577408706701972 -38.56015002612554 -0.05980013922293692 0.9963295649206 -0.06124819519010763 -4.624625756677586 0.6550341973747481 0.08546692128334846 0.7507500287285813 71.84356988358228
0.7510797001644717 0.004924327443139538 -0.6601931800617757 -39.27657078407945 -0.06049406065628258 0.9962788893100781 -0.06139090600725293 -4.700525040762249 0.6574342192388236 0.08604722955627393 0.748582742026243 72.65139530163887
0.7502681565110201 0.004802811204566722 -0.6611161972982426 -39.98454542448293 -0.06038053998423578 0.996292287999742 -0.061285130851220254 -4.770079195280884 0.6583706279268294 0.08589883513047411 0.7477763745976868 73.44248646134872
0.7495695857550626 0.002250687820250955 -0.6619217253688836 -40.70601354440447 -0.058378424325303144 0.9963222655743602 -0.06272083142042363 -4.842947805963699 0.6593461880410616 0.08565557497974151 0.746944259493713 74.25455300906783
0.747258177414519 -0.0009940680051689077 -0.6645330903092279 -41.45079523925642 -0.056304760302783155 0.9963082749904312 -0.06480428344513713 -4.922984172731897 0.662144236744818 0.08584190709899588 0.7444435349515972 75.09443816583337
0.7450277250211261 -0.004254765027285657 -0.6670199291808364 -42.18174386762407 -0.053620909854300194 0.9963614191681909 -0.0662474182104171 -5.000563069988021 0.664874790450234 0.08512237877145751 0.7420887370497184 75.91052039997393
0.7417689751073633 -0.0076343063834712135 -0.6706120375703191 -42.92070294433068 -0.04992646038814579 0.9965319688982395 -0.06656863763747335 -5.080088678198046 0.6687945395420649 0.08285983544421034 0.7388153433361246 76.73642588725178
0.7363301435910106 -0.00938987073926141 -0.6765572776688916 -43.658086980768786 -0.048763375968302713 0.996567181701194 -0.06690280652045415 -5.160320789595701 0.6748629881712404 0.08225377002690713 0.7333445742029766 77.54913607709449
0.7298263913423775 -0.010582914782395387 -0.6835506129138292 -44.406005946154465 -0.047430236793967656 0.9966869304324897 -0.06607219795594513 -5.237006024689595 0.6819851986207847 0.08064220123341129 0.7269064755815557 78.34887855312674
0.7224145588924211 -0.008549285416090433 -0.691407343625408 -45.18842226604378 -0.049364542320460864 0.9967344397654575 -0.06390304020100408 -5.317565585517141 0.6896958366278285 0.08029549367376689 0.7196334390743151 79.16587056493968
0.7148567274604462 -0.007497610519946744 -0.699230752356497 -45.955952190136856 -0.05107289270892755 0.9967120665163072 -0.06290163822298352 -5.3958287617758725 0.6974033401374587 0.08067739644586895 0.7121234014325273 79.94648367097864
0.7075492868698365 -0.007756095395541146 -0.706621433041909 -46.73677139017323 -0.05306165778200618 0.9965337663428263 -0.06406959506666643 -5.470634735018863 0.7046690479391097 0.0828269009609596 0.7046852044379763 80.72322281597417
0.6983416692536141 -0.009143956313201949 -0.715706155518463 -47.53634874465868 -0.05354437841450886 0.9964492523209161 -0.06497605012072702 -5.550786742335525 0.713759001711558 0.08369752452748891 0.6953724267352643 81.51043527755215
0.6900836000267545 -0.009620965820323815 -0.7236657114930888 -48.35227907719086 -0.054105007546049314 0.9964277329959422 -0.06484150734683147 -5.627061578927 0.7217044222758763 0.08389999960221342 0.6870978947240287 82.28927050214412
0.6829753758145293 -0.010503999711793464 -0.7303658686035768 -49.175518685626294 -0.05272823826458512 0.9965790188260633 -0.06363954843644212 -5.709640416036765 0.728535770515433 0.08197515005009606 0.6800850725120708 83.06854655819598
0.6721667267342124 -0.0101238964416678 -0.7403306006050626 -50.00775585637338 -0.05348754913672422 0.9966299662003453 -0.062191579485047145 -5.786708211835384 0.7384652825683554 0.08140157979017859 0.6693599997377362 83.8322414145912
0.6631202614336601 -0.009787591795858398 -0.7484488772942292 -50.83677854345506 -0.05564159181366347 0.9965034110087516 -0.06232948827292653 -5.864274437908409 0.74644191477743 0.08297683348236948 0.6602570052401134 84.56858945161157
0.6549463414782593 -0.00991643631366278 -0.7556103189310486 -51.68268730910422 -0.05772210762827021 0.9963360629154989 -0.06310790778494957 -5.942934273908494 0.7534676158105234 0.08494771347646962 0.6519742616851725 85.30102036246434
0.6468871978399737 -0.009008138995554502 -0.7625324955059841 -52.54956172475023 -0.0610426319971243 0.9961098763005618 -0.0635524304440298 -6.025219078128684 0.7601386389005697 0.08765824415487888 0.6438208461071087 86.0366004644799
0.6393871660246059 -0.009344348501135677 -0.7688281570507891 -53.41682357350974 -0.06309286272389455 0.9959163521876967 -0.06457484121897522 -6.100326878067219 0.7662919434499669 0.08979589409455974 0.6361865723256281 86.75826447585939
0.6322129123755813 -0.007899727475880528 -0.7747544305981039 -54.29489781374709 -0.06591826109475196 0.995774059245208 -0.06394377052195824 -6.180536007122556 0.7719855026357875 0.09149654223044476 0.6290204817651353 87.47988583984215
0.6261860319234933 -0.00629279642111286 -0.7796482887412198 -55.197968599167915 -0.06830845616295893 0.9956794767046094 -0.0628993997258199 -6.25263446252725 0.7766756132649867 0.09264329647868638 0.6230507293768457 88.19941593147594
0.6206697178267102 -0.0047698399275975314 -0.7840576190561365 -56.11127900080366 -0.0689948989349827 0.995770177460525 -0.06067501628501376 -6.330677787243276 0.7810306045820893 0.09175512142273182 0.6177153004409364 88.91878688139812
0.6157374065571068 -0.0036363277534778096 -0.7879430330212948 -57.04503329834821 -0.07127842463176923 0.9956323953044857 -0.06029527014837517 -6.407344648446766 0.7847208626947172 0.09328939136215668 0.6127889172553115 89.64125915078685
0.612016001438181 -0.004225122039091901 -0.7908340927953064 -57.96897122497419 -0.07268993481761127 0.9954521840624432 -0.06157209287918785 -6.485835214967594 0.7874976745107454 0.0951687847409364 0.6089255414671826 90.34576507836475
0.6081545976368997 -0.005861658586818579 -0.793796967953212 -58.89059503380739 -0.0727651164084537 0.9953511463087014 -0.06309780801278857 -6.565615589858698 0.7904765797967486 0.09613395082158081 0.6049008516213785 91.04742050317232
0.6035608224301913 -0.006690205003299372 -0.7972888904182756 -59.81041235991799 -0.07467683082928303 0.9950948426243449 -0.06488162389864321 -6.645665194671304 0.7938121343017412 0.0986990138727038 0.6001006583031467 91.7336376832419
0.6010313301378516 -0.009256034229068892 -0.7991718626322347 -60.73254577888592 -0.07465204695429636 0.9949112114238621 -0.06766648556439872 -6.7303533632460795 0.7957313692938458 0.10032949323829835 0.597281826869266 92.4200442589864
0.5989633993096031 -0.008872135848140977 -0.8007272516237831 -61.65755856906035 -0.07572232669845294 0.9948304293666526 -0.06766495433778458 -6.81314887154401 0.7971881682055109 0.10116176160809895 0.5951951969408762 93.10878141080028
0.5976134678294476 -0.007549837354828268 -0.8017488029456469 -62.56536291605617 -0.07667039689786907 0.9948352169894192 -0.06651722541672005 -6.890000572749416 0.7981101385826302 0.1012219886859133 0.5939480749173986 93.77960141341117
0.5962776310583122 -0.005715165954573186 -0.8027579483116932 -63.48667522962502 -0.07651275476365865 0.9950178240568077 -0.0639165719335121 -6.972130545687939 0.7991237607892557 0.09953324413163314 0.5928695878982739 94.45908042960109
0.5941272479740728 -0.004282253585927355 -0.8043596680086469 -64.39778671188652 -0.07818833311994491 0.9949428899180173 -0.06304942795544555 -7.050656537712991 0.8005619262609729 0.1003509247880168 0.5907878588084818 95.12757585414451
0.5924590269311066 -0.003468722068696903 -0.8055931165141971 -65.31306055450267 -0.07929140395438979 0.9948841450503136 -0.06259721388727016 -7.1292457408411565 0.8016889513188942 0.10096289365265343 0.5891530526429402 95.79256985919007
0.5920553518216924 -0.0031503158322170183 -0.8058911439452906 -66.23010789335981 -0.07880683196178513 0.9949733764950215 -0.06178562375053799 -7.207966625540788 0.802034876807386 0.1000902371675348 0.5888310460635611 96.4574307921628
0.5897840579693067 -0.0029913013640190944 -0.8075554575887697 -67.12332195318884 -0.07811494803697698 0.9950925638194132 -0.06073585699146435 -7.2850842647630385 0.8037741099702317 0.09890319280719323 0.5866560649938815 97.10338472591796
0.5886610224728251 -0.0033015527121924987 -0.8083732432304627 -68.02401775049901 -0.07784541351315616 0.9951127238680091 -0.06075161224985907 -7.366194100992171 0.8046230746232759 0.09869025557612118 0.5855270627717442 97.75549035731034
0.5858179938545819 -0.0037813421621754675 -0.8104338218063495 -68.9215730118316 -0.07687584921686341 0.9952208383452442 -0.06021284522903462 -7.445003684851927 0.8067883129318244 0.09757655648178076 0.5827275810717892 98.39706248614037
0.5850297795931465 -0.0037799684499576144 -0.8110030017377938 -69.79134505206987 -0.07516060110257133 0.9954328893882624 -0.0588578522037288 -7.520384474448606 0.8075215421467683 0.09538906940867573 0.5820737791777365 99.01941367187845
0.5848452544103252 -0.003851577357714006 -0.811135743106898 -70.6699143810731 -0.07450635608184737 0.9955062420627855 -0.058447625421702495 -7.595548669145178 0.8077158109738394 0.0946175848660714 0.5819301344121859 99.64236934879584
0.5836678013598637 -0.005309628133105565 -0.8119751877396445 -71.54560282075462 -0.07337772514646046 0.9955422989617353 -0.05925572065474781 -7.670275674568444 0.8086702709436481 0.09416654834425618 0.5806763763619592 100.26918930270122
0.5824431341046183 -0.0067635355780029105 -0.8128433121585458 -72.3911630355612 -0.07251764065345527 0.9955458671926248 -0.060246312001162455 -7.74271027787546 0.809630278169268 0.09403552999887951 0.5793583793899799 100.87075269480636
0.5821781095519778 -0.008602779428925511 -0.8130157691856799 -73.25717855507905 -0.07204348847983398 0.9954650331608088 -0.06212168318555104 -7.821130718652489 0.809863188770882 0.09473837628040288 0.5789181768899742 101.48327845742489
0.5819066211760922 -0.009021568099158751 -0.8132055678243088 -74.10877233521195 -0.07364150494128621 0.9952459711654208 -0.06373684671350724 -7.8960963613704696 0.8099145714094832 0.09697457495669079 0.5784758584682361 102.08346440896345
0.5835766788233712 -0.008607958002178139 -0.8120124155408688 -74.96890715227096 -0.07539061020161286 0.995050895109715 -0.06472999331672578 -7.975488963992683 0.8085508739880951 0.09899302601894557 0.5800395374219761 102.68953222439814
0.5862938438450114 -0.0077925039478601715 -0.8100609887852049 -75.80126527896611 -0.07796444121072833 0.9947692727444455 -0.0659972719904838 -8.051926766322074 0.8063380646950385 0.10184974661583404 0.5826195624403202 103.28106846375464
0.5902492382574867 -0.007146301748611639 -0.8071894245514957 -76.6112220139873 -0.07993446873258876 0.9945285766302117 -0.06725615937833776 -8.12512446041179 0.8032535822795288 0.10422015465927581 0.5864484989476068 103.86008498164051
0.5954627616291721 -0.00648258250460438 -0.8033567548959993 -77.43097250969312 -0.08153947484758409 0.9943159763098025 -0.06846205735050984 -8.201555604789123 0.7992342670047 0.10627189364622847 0.5915495508123598 104.45736573608582
0.5997816846105628 -0.004100786887303753 -0.8001531818049721 -78.2568042913678 -0.08492870107589644 0.9940119720786896 -0.06875547322065209 -8.27875032446549 0.795643793754012 0.10919424394692101 0.5958419006326963 105.06598317740422
0.6048236028508915 -0.0023157039083961176 -0.7963561056147405 -79.07781629208213 -0.08646330103633176 0.9938933009836198 -0.06855803259855274 -8.358039021356156 0.791651758671935 0.11032109397251365 0.6009299037461359 105.67560277857234
0.6109452605945076 -0.0013188294914487572 -0.7916717433670862 -79.89451121748804 -0.08788940911252488 0.9937041020519984 -0.06948099978326884 -8.440737807611836 0.7867790924541401 0.11202864925457175 0.6069829004372658 106.29333199479183
0.6164395999120182 0.00033610057117641756 -0.7874021251537977 -80.69136976215829 -0.08978842799717805 0.9935070815359087 -0.06986928606903585 -8.520604186143746 0.7822661042497665 0.11376979376973155 0.6124672857936874 106.90794670869218
0.6242563092446927 2.6359316066183747e-05 -0.781219597599408 -81.47759558257738 -0.08987809587216258 0.993362305394868 -0.0717861971620401 -8.601188659654225 0.7760322082559389 0.11502751638533884 0.6201150556337361 107.52156167650361
0.6322159240095825 -0.00038647237399944134 -0.7747921502363159 -82.26215279587139 -0.09205370473106818 0.9928793180255081 -0.07560935975451236 -8.684591472669782 0.7693043226669113 0.11912392906677521 0.6276785392616979 108.1492968460024
0.6392241939857911 3.195995587753492e-05 -0.7690204345801075 -83.02105642584334 -0.09451542550015546 0.9924218706790054 -0.07852174820079111 -8.7631134886443 0.7631901887247639 0.12287729479665924 0.6343830910874868 108.76345632263586
0.6477201692942267 0.0022244710247013924 -0.7618750776985154 -83.79823359823634 -0.0970060938955733 0.9920976259458628 -0.07957460863683916 -8.849028065287635 0.7556774444408022 0.12544860430169466 0.6428174294791448 109.40281428419486
0.6565752023473356 0.004120013227982382 -0.7542493149838166 -84.53463440205348 -0.09776957071682466 0.9920134318134566 -0.07968978694623446 -8.931357781722614 0.7478971284236912 0.12606496972866676 0.6517342316488425 110.03262685067229
0.6675903661678677 0.0062787339295560865 -0.7445023038917306 -85.26269575845387 -0.09878509639893371 0.9918704808837797 -0.08021504772069452 -9.01464758048138 0.7379462092383876 0.12709652493920426 0.6627834228607958 110.66782124091293
0.6767844150036881 0.006160613164862473 -0.7361554879599477 -85.98680384649326 -0.09803497098013506 0.9918131231501477 -0.0818283154664324 -9.101664768763344 0.7296245610401557 0.12754911051270734 0.6718476198769907 111.31755672258058
