1.0 0.0 0.0 0.0 0.0 1.0 0.0 0.0 0.0 0.0 1.0 0.0
0.9999379147521295 -0.0021861860324112314 0.010926446439483286 0.006972081959247589 0.00216870066623733 0.9999963492969198 0.0016118716614578147 -0.0005523946019820869 -0.010929930401583934 -0.0015880753963332635 0.999939005458809 0.3157085180282593
0.9998095126831834 -0.004149138850645794 0.019071523143505215 0.017164999801300394 0.0041031557699358215 0.9999885817595147 0.002449584316173199 -0.0001898065481570762 -0.019081469045721708 -0.0023708642712017575 0.9998151211807434 0.6217465609747205
0.9996935724220919 -0.006641684219984415 0.023846368458902867 0.026061445491384644 0.006589775202906605 0.9999757452249479 0.0022547338169389016 -0.0002749557580473857 -0.023860765300612312 -0.0020969006967666974 0.9997130922853502 0.9134365934510176
0.9996362935684721 -0.009341313480399889 0.025298625321325874 0.03844850284420456 0.0093138214608769 0.999955900202702 0.0012043170675264192 0.001063090625726648 -0.02530875956033484 -0.0009682521702149122 0.9996792131365203 1.2356886755805905
0.9997077300499547 -0.012696184939027143 0.020573316853658073 0.04791553276187695 0.01269116386335467 0.9999193937656237 0.000374608037039952 0.0008294963681095046 -0.02057641460897577 -0.00011339921496518885 0.999788276737859 1.5704356984110062
0.9998409222861379 -0.015145376702360644 0.009420599054686344 0.05280207924162608 0.01515744656822732 0.9998843857920678 -0.0012111410944950357 -0.0016779194909746146 -0.009401166711472553 0.00135374065575066 0.9999548917079711 1.8940069315608414
0.9998475769727309 -0.015448589273259495 -0.008134120187522988 0.03951760866935676 0.015435351067479857 0.9998794434271716 -0.001687764554984845 0.001605512967279018 0.008159213147270132 0.0015619543000825642 0.9999654931744304 2.2387344020959508
0.9995554142519054 -0.011939503024267313 -0.027320726696693526 0.007906952486304145 0.01191072716651065 0.9999283256846165 -0.001215759813704844 0.002940973344968946 0.02733328407028427 0.0008898095825434443 0.9996259799649267 2.6036029659916347
0.9988225326818061 -0.009701700429547037 -0.04753341157415454 -0.03152020637347817 0.009633381619554553 0.9999522097967313 -0.001666157617449037 0.0035853801693870335 0.04754730450482625 0.0012062882779343485 0.9988682589325362 2.968746406117094
0.997663268786787 -0.009982731484796423 -0.06758954938277126 -0.06916897145721417 0.009834970796037384 0.9999484637907263 -0.0025185535547252356 0.0028350921001836305 0.06761120811747645 0.001847927127724878 0.9977100328763996 3.359415798125356
0.99610137092739 -0.011776742303328949 -0.08742635287655119 -0.11621031331519177 0.01161824674445961 0.9999298109229148 -0.002321544797977502 0.003845369977609525 0.08744755673636127 0.0012967530162467723 0.9961682805894072 3.7603812072783924
0.9942893736246382 -0.01349239089751165 -0.10586121520648291 -0.17013069064944714 0.013416173498341946 0.9999089735442894 -0.001432101346915383 0.0017942737134026402 0.10587090150644289 3.670721236007546e-06 0.994379883244195 4.159840704224695
0.9922333349716955 -0.013448868715319832 -0.12366137999078462 -0.23842920920867477 0.013488171797263542 0.9999088955723519 -0.0005194004689889626 -0.0021622314678725794 0.12365709924025649 -0.00115259947847161 0.9923243387733306 4.57833955603342
0.9899405519928905 -0.014017838907890356 -0.14078779674518654 -0.31552379717250834 0.01420347221376528 0.9998990763834029 0.0003137270959607894 -0.005664437395913552 0.14076919015567407 -0.0023102467336580407 0.9900397455975924 5.0286015883153095
0.9878351214716456 -0.014065723919871678 -0.15486745364249202 -0.3987666662487952 0.014236538669254138 0.9998986553293505 -6.105401831625872e-06 -0.009261256402879382 0.15485184452830483 -0.002198745362030283 0.9879352568691002 5.487758734244687
0.9854134530964415 -0.015725515264639445 -0.16944920957682014 -0.4819176200970345 0.01579819400629922 0.9998747780360847 -0.000919409283104274 -0.014047682738520636 0.1694424489987289 -0.0017709932106359533 0.9855384924295758 5.947684556079566
0.9834170098104182 -0.01824869460134114 -0.1804382718851043 -0.5642073709778285 0.018108476764333886 0.999833088611972 -0.00242445579877545 -0.016267783198984927 0.18045239783613687 -0.0008832111817786888 0.9835833223744682 6.396525404480034
0.9816252136754426 -0.018928692302307638 -0.18987797261495645 -0.6602848213669874 0.018429621613404775 0.9998205050363106 -0.004393945393792419 -0.020570736759988977 0.18992706211550872 0.0008138283980456281 0.9817978655301255 6.875987202525023
0.9801181699803276 -0.02012936663751246 -0.19739093564089094 -0.7637998858355828 0.019330675774431618 0.9997953066928869 -0.005972410650664882 -0.0246266261620397 0.19747075188117746 0.0020379680196149215 0.980306660610767 7.367441981422581
0.9789911079630864 -0.02170517779735848 -0.20274440999937257 -0.8691552219621648 0.020314781786239102 0.999753693286889 -0.008936576537053653 -0.031246813613591093 0.20288844267278042 0.00463012051789003 0.9791909118317039 7.87739911893577
0.9767910205647856 -0.024996417644783657 -0.2127310067877561 -0.9860069977264019 0.02329411395265981 0.9996734595853806 -0.01050516329037353 -0.040292125041844 0.21292413296562998 0.005305968858225643 0.9770543282209596 8.411338675614765
0.9749674951056402 -0.030149984996754458 -0.2202938081111886 -1.1028319262165782 0.02834589708460136 0.999533772975213 -0.011346664726020694 -0.049081369075010775 0.2205332029557066 0.004818203672637251 0.9753675672829533 8.953406052166924
0.9723869722665448 -0.03143462387722916 -0.23124757423159964 -1.2403574205492065 0.028895804636573718 0.9994792984328567 -0.014358428833613664 -0.059739730227763126 0.2315785150671517 0.007279864412344364 0.9727889775965963 9.516252547372016
0.9697788572023 -0.02732563483807594 -0.24245056775371246 -1.3905019810337327 0.02336327111547216 0.9995425845980375 -0.019203623039943205 -0.06532489338727306 0.24286441832056485 0.01295882925928974 0.9699736816316422 10.069451382563347
0.9670912891194411 -0.025481389170788748 -0.25315042428410955 -1.5564609919467516 0.02060288948109267 0.9995477670084941 -0.02190393602444814 -0.07737965667135076 0.25359408402864553 0.01596747551305609 0.9671789287776137 10.652301428433224
0.9639222803856283 -0.028256915872136697 -0.264679776487675 -1.7233241824209184 0.022920125528988623 0.9994673638313512 -0.0232305075653843 -0.09475757299527524 0.2651952209635498 0.016325910124858657 0.9640565125741797 11.24114376539322
0.960579467972273 -0.029759485959057003 -0.27640813791485525 -1.8817032919716774 0.023624079940824327 0.9993956173817736 -0.025501035372177776 -0.10913260711777359 0.2769999793448629 0.017965883044153707 0.9607019509137 11.783750402213084
0.9573385397436955 -0.029445338641284693 -0.28746459321751094 -2.049863915054119 0.02213966862935223 0.9993447871117882 -0.028632700631927435 -0.12092493957238416 0.28811934227745184 0.021046816975380567 0.9573631892342706 12.324748446977688
0.9547129452249487 -0.02819978084206016 -0.2961890689751465 -2.2453116594218385 0.019587750973222504 0.9992957832055417 -0.03200402598790177 -0.13981510206993372 0.29688299417736164 0.024752980185889704 0.9545929906196681 12.919695862414635
0.9526270105804018 -0.028860253579678998 -0.3027686649505922 -2.44369265476684 0.018268741917164575 0.9991199535292727 -0.03775674149642936 -0.1640003992883592 0.30359188358948486 0.03043688918041366 0.952315895066132 13.524027559207346
0.9510094976032485 -0.030627819017827674 -0.3076408168150451 -2.6444152201024695 0.017443120608365097 0.998811270925372 -0.04551683881691532 -0.18983005376850756 0.30866919673310295 0.03792073014400189 0.9504132497042993 14.12582286850547
0.9505022523303353 -0.03112076362127158 -0.30915524641608244 -2.8504288679299017 0.01524004830407136 0.9984434209561476 -0.05365143126771871 -0.2171922037165463 0.31034369534863965 0.04628426537187462 0.9494970023840711 14.737552422038881
0.9498786892083253 -0.032660295525895236 -0.31090799424272625 -3.063171816949608 0.013894825526245012 0.9979556073572448 -0.06238220553834359 -0.25482210865531707 0.312309797495162 0.05493551529196866 0.9483905733125657 15.35856246241436
0.9490682454368087 -0.0324259245426986 -0.3133975509174389 -3.2872183388095815 0.010813468014479133 0.9974562785859125 -0.0704559523322373 -0.2960187632547838 0.31488495424995677 0.06347859266787405 0.9470047169153429 15.98499589039015
0.9488734527245161 -0.0337737024868402 -0.31384471914465323 -3.518140103985287 0.010137451402151809 0.9970071935169454 -0.07664129536048574 -0.34335241132363603 0.3154939029422357 0.06954130496183263 0.9463760373712348 16.63007824039606
0.9486167114515878 -0.0330563812090355 -0.31469606037594106 -3.7506473825355733 0.007505419976034012 0.9965990685606598 -0.0820607410093804 -0.39945182544704033 0.31633843178747406 0.07548226417767409 0.9456386330775903 17.29355491689097
0.9484386020282831 -0.03324672561912866 -0.3152124258626907 -3.9804849891431187 0.005819767458366038 0.9961425854443337 -0.08755615210257314 -0.45755725239534184 0.316907476228262 0.08120717148063189 0.9449735693715189 17.94997853546048
0.9485946078027412 -0.03138631747280341 -0.3149335947831863 -4.232105122598908 0.002454431507789588 0.995770225073402 -0.09184571096812254 -0.5206454754369992 0.3164841952033898 0.08635136323627284 0.9446593016816698 18.652908834628903
0.9483681122431655 -0.029555329318030524 -0.3157917133004562 -4.484306173677295 -0.00026725430019568404 0.995574088344815 -0.09397958922835228 -0.5838238181281927 0.317171644784766 0.08921164231922629 0.9441628199729286 19.359556888706702
0.9481870963589435 -0.028033107699512075 -0.3164733403797282 -4.733810740990258 -0.002401138380556868 0.9954390230867035 -0.09536973236130505 -0.6525422802913323 0.31770342275914054 0.0911882458922042 0.9437951255321411 20.063556176959455
0.9471413074074102 -0.02650508954234232 -0.31971991497392543 -4.994996701468642 -0.0039624914666226575 0.995538814701835 -0.09426965091397328 -0.7246806789610659 0.3207922107283134 0.09055356785029432 0.942810908340386 20.80148759800369
0.9461551583083472 -0.024760846115580368 -0.32276511104229827 -5.2488626044838185 -0.005695215426123891 0.9956427678502398 -0.09307547125190291 -0.7926105332860871 0.32366337594444733 0.0899020540763909 0.9418915222811431 21.50913518149928
0.9447875895625971 -0.024334987858041824 -0.32677854729839034 -5.51018584170325 -0.006329960943679332 0.9956971874159531 -0.09245021669207537 -0.8629042750418016 0.3276222553535533 0.08941431282467677 0.9405683061102696 22.236947258895924
0.9423528950686182 -0.02295369547997122 -0.33383251642044526 -5.819161717440248 -0.00766691623432283 0.9959015180849901 -0.09011872542079344 -0.947793411582494 0.3345328676696058 0.08748310773986731 0.938314694710109 23.087815957698417
0.9392704747828481 -0.022620449668202865 -0.3424314390619115 -6.096725043364446 -0.0070100160212712564 0.9963524119051569 -0.0850454641127816 -1.0197160430252403 0.3431061568619614 0.08228114332935102 0.9356858332666099 23.839411198953613
0.9369660463181121 -0.021350824073381673 -0.3487675018667783 -6.348377405423923 -0.007455954676997248 0.9966825305628552 -0.08104530838165797 -1.0829208474340122 0.34934086045989565 0.07853709685372245 0.9336984993192016 24.495752632723555
0.9339965461233807 -0.019761770441399346 -0.3567350897495471 -6.648984708507815 -0.008622298502543882 0.9969316261607115 -0.07780095583662708 -1.1497052436144113 0.3571779777619682 0.07574170046665973 0.9309603036715852 25.26005383628894
0.9307743491551137 -0.01903067210005963 -0.3650985407726178 -6.954843254893469 -0.009917611964476814 0.9969624127937868 -0.07725016795653819 -1.2145305516371305 0.3654596447322151 0.07552338045804957 0.927758302078937 26.01482458795509
0.9278103935681264 -0.019629102691242413 -0.3725353297534274 -7.2751174752108465 -0.00951932891838252 0.9970438248352831 -0.07624299138132551 -1.2815755298311076 0.3729306315709423 0.07428532617795985 0.9248807676402035 26.79308809704385
0.9246794401719352 -0.019895872029584358 -0.38022636310426844 -7.599430662021396 -0.009767778718841049 0.997065514021955 -0.07592727604118556 -1.3465068644831928 0.3806212335409263 0.07392235808141566 0.9217716428451608 27.565737391729996
0.9214674762984693 -0.019984856928921758 -0.3879410981291626 -7.9369154243073075 -0.009655642796038182 0.997188802360901 -0.07430518829952065 -1.4119187470650096 0.3883354975872349 0.07221563500767983 0.9186840824647569 28.356699045913878
0.9179560088302036 -0.020496290172058448 -0.3961523292140362 -8.282024861905237 -0.009246456182450687 0.9972873378509205 -0.07302375510948524 -1.4794656412693836 0.3965744178594849 0.07069559994375062 0.9152763862615511 29.141563292476185
0.9149240010427693 -0.02006729304959299 -0.403126997440698 -8.640912660109219 -0.009128637646992194 0.9974790714402956 -0.07037165632067904 -1.5462041379203821 0.4035229117294341 0.06806471764627844 0.9124343559517757 29.94025217257058
0.9115398815466875 -0.017717488019425867 -0.41082981265742213 -9.013604461741053 -0.009949625320698235 0.997828589193817 -0.06510845984551267 -1.6124114339099451 0.41109129071999173 0.06343656048177987 0.909384271630213 30.755390538812097
0.9084873814613921 -0.018141750759633007 -0.41751832846570763 -9.391008194663032 -0.008288621067876143 0.9980786211926196 -0.061403295343430316 -1.6776130709549628 0.41783008087764134 0.05924477021319879 0.9065914629623252 31.568874244187935
0.9054088554736692 -0.01788252899873814 -0.4241639065107609 -9.79241162155349 -0.008115732911019136 0.9982008381811946 -0.05940725152435023 -1.7440230863953463 0.424463118903371 0.05723025258523417 0.9036347486013655 32.426321312082734
0.9029655940893762 -0.018176061918015032 -0.4293282737765734 -10.198928087277816 -0.007411614961410429 0.9982976507669433 -0.057852125603696646 -1.8065882891970733 0.4296489309360419 0.05542049482235412 0.9012937173303505 33.2855979399928
0.9006866900714212 -0.018027233622627446 -0.43409504163961926 -10.611848916861348 -0.006900753668417607 0.998419193513229 -0.05578076391733091 -1.863721370461955 0.43441439424470657 0.05323657457339264 0.8991384772106553 34.138208457348014
0.8980668187935945 -0.01971931668391243 -0.43941681525798804 -11.033793264227807 -0.004929506089332569 0.9984806403090682 -0.054882701261037656 -1.9217499507211984 0.4398314324280024 0.05145444079486866 0.8966051257776854 35.002525931324655
0.8964419967358302 -0.019747329731580027 -0.44272089340435505 -11.452115020198903 -0.004990571126788088 0.9984935156620227 -0.05464241375271551 -1.97922384666102 0.44313298307405025 0.05119318459879927 0.8949929704542529 35.845748102553834
0.8953439259127308 -0.021378013481918822 -0.44486204026725557 -11.888131210985753 -0.003365497622405955 0.9984940645234963 -0.05475652049849017 -2.034789914772693 0.44536269237210696 0.05052310017125722 0.8939236480774816 36.71571473435119
0.8943313305993522 -0.020791512557053624 -0.44692189934482124 -12.336405794432192 -0.0041106730821155735 0.9984956092962688 -0.054677422972239965 -2.087072404304677 0.4473863805204676 0.05073688226195167 0.892900439748538 37.59358416860289
0.8939845342805495 -0.021150450244252494 -0.44759838127684787 -12.79320214151441 -0.00356309279229528 0.99851832528732 -0.05429970934691451 -2.143640887278962 0.44808364937469275 0.05013793493824115 0.8925845789857598 38.49130368498294
0.8935014566053174 -0.019658313567147555 -0.44862980033862204 -13.260735942334666 -0.0044309457247147105 0.9986067643020299 -0.052582287989540795 -2.200360000505378 0.44903843239099345 0.04897020520608502 0.8921694935593311 39.4116812158998
0.8929017500579534 -0.02068942375029429 -0.44977595810394877 -13.73109988780204 -0.002894450826374984 0.998659303022709 -0.051683833455066136 -2.2612239158509158 0.4502422535678521 0.04745043973534992 0.8916447548609615 40.33526683881736
0.8921051411091402 -0.02247334892953376 -0.4512686182248137 -14.20261231779283 -0.0010333734244577925 0.9986581672433227 -0.0517764148775623 -2.3200954833769702 0.4518266806486828 0.046656334897838415 0.8908848618468572 41.26551457847794
0.8908274335335455 -0.025272911321946336 -0.4536383621535436 -14.680318329952975 0.0014916598724894065 0.9986090190113238 -0.05270485841045737 -2.3797654916888713 0.45433936502889705 0.046274259611090385 0.8896260080969891 42.200919546769455
0.8900362496425261 -0.026149593385527352 -0.45513917990878217 -15.163988246182711 0.0030909370388275854 0.998676776881063 -0.05133362861393758 -2.438528238382944 0.4558792827388509 0.044281983743089594 0.8889393598470526 43.13803140369318
0.8881899605836854 -0.025528208705566803 -0.458766721197862 -15.65373487499085 0.00400746533844777 0.9988478071143139 -0.04782257254151018 -2.497863480590091 0.45945895805818493 0.040637037087020586 0.887268897841503 44.084315372116734
0.8860232050446134 -0.026080869662449355 -0.4629067598989255 -16.14523307261817 0.006235088971952494 0.9989965635259473 -0.044350757928810755 -2.554457031411361 0.46359896870892947 0.03640953585255466 0.8852967535866257 45.02057103812293
0.8831352517119117 -0.025912410081289763 -0.4684022568130065 -16.64755777889384 0.006319889982743243 0.9990398670565731 -0.04335208209752957 -2.6121820002476324 0.4690758853046537 0.03532550120471038 0.8824510880441429 45.96484970340749
0.8788575438289418 -0.029187798872239278 -0.47619060264977237 -17.167128783176256 0.007891143520621032 0.9988795760026289 -0.04666178842206166 -2.6706972734936683 0.47701902216672304 0.03725137637459848 0.8781031758565171 46.920467776594805
0.8736378395198641 -0.03320685545863292 -0.4854423035846938 -17.666681067549828 0.009798126043892028 0.9986668413573749 -0.05068073301869199 -2.7257903922706355 0.4864780797580633 0.03952018122217297 0.8727985066388887 47.82488632840651
0.8677198152165022 -0.03335620062015548 -0.49593314686641743 -18.20255754386174 0.009275503963222279 0.9986586323891562 -0.050940170600898234 -2.7849114633560537 0.4969670887562554 0.03960176555165575 0.8668652795321335 48.76469597374728
0.8625808147868056 -0.03209644709152637 -0.5049001446284517 -18.754532835286124 0.009628420331771349 0.9988462628581176 -0.04704717522112325 -2.84534019332627 0.5058276697489427 0.03572059991759922 0.8618946613466645 49.70846312254422
0.8579546354714755 -0.030209185567203374 -0.5128364735277456 -19.31649428297694 0.0092283149248754 0.9990147438198574 -0.043409444066841205 -2.907583933388656 0.5136425621739841 0.032510717277709586 0.8573881102426333 50.642494932209495
0.8544034415344046 -0.030268011134697636 -0.5187278733556888 -19.879322360378602 0.008356396114837805 0.9989732481907941 -0.04452662173471494 -2.966473813943844 0.519543000855692 0.03370900326447349 0.8537791127456671 51.563019625915025
0.8523919184750334 -0.03402401269475557 -0.5217953467391206 -20.41697488688081 0.009577971650700937 0.9987293631365906 -0.04947647590359107 -3.020294902394128 0.5228157225806339 0.037175607176310785 0.8516347189103801 52.44251740211095
0.8508936450448257 -0.0380963457539097 -0.523954838953253 -20.972877643249245 0.009512882961159885 0.9983209459468568 -0.0571383753841551 -3.0814375104700864 0.525251853761696 0.043634359442667595 0.849827354699724 53.336631970498324
0.8479226928775996 -0.03960185691228415 -0.5286386287742308 -21.52415075408006 0.010032933358178056 0.9982259884166484 -0.05868744582818125 -3.1463391394777456 0.5300249495556133 0.044458620971689206 0.846815790989909 54.227478920314354
0.8464270943917751 -0.03961589467042931 -0.5310289585031674 -22.104555373959766 0.011658946072452181 0.998368478153721 -0.05589678707674746 -3.216151686662175 0.5323769743856105 0.041121317081108194 0.8455080096755668 55.14841306658515
0.8436603003121437 -0.038424115145778204 -0.5355005929525082 -22.679781911167648 0.012784499512263365 0.9985905921487845 -0.05151102643280457 -3.2822179703445813 0.5367251198234017 0.036611700960268584 0.8429624719424652 56.047956323933036
0.8411055787848317 -0.036607599247483004 -0.5396306968792354 -23.2556849306982 0.012144126800055425 0.9987335832713893 -0.048823660556695285 -3.344519913156893 0.5407346165368901 0.03451250966282964 0.8404849559364378 56.93440076551739
0.8397966488163543 -0.03657552409445852 -0.5416676284162055 -23.837411870243358 0.011250024515711738 0.9986861917224279 -0.0499932736610626 -3.401605012631026 0.5427845111876505 0.03589040958486954 0.8391047925703997 57.81973463914458
0.83653091670178 -0.03871957292167509 -0.546549924595039 -24.422845529787462 0.012300878045976456 0.998575725269294 -0.05191540524932877 -3.4636976623907634 0.5477816296676786 0.0367057975756842 0.835815751600169 58.70971031071299
0.8332344203450691 -0.04087909712584051 -0.5514066558996117 -24.99718739082552 0.012605331080408374 0.9984084342538592 -0.05497002855293508 -3.526681142896389 0.5527761810901134 0.038852256420101344 0.8324235675366818 59.57030190093244
0.8305099477855008 -0.042530681496042375 -0.5553776802868541 -25.604558843481584 0.013713294645061162 0.9983396292439743 -0.05594577938488146 -3.592940918887223 0.5568349595520227 0.03884746854669284 0.8297142291224198 60.47182164487666
0.8268403972761688 -0.04287471002564519 -0.5608000683598429 -26.209026838506805 0.014257713314642942 0.998367623975653 -0.055306464434518886 -3.6625908564090905 0.5622558803989737 0.03773389242347109 0.8261019781596877 61.36342843379328
0.8243799941306995 -0.04259270601947353 -0.564432003585026 -26.82257801068855 0.013855825287568322 0.9983845779630091 -0.0551021831802064 -3.7280210357097254 0.5658671587772773 0.03760446621830101 0.8236384296144568 62.25651826142548
0.8204596248019216 -0.04311823639473204 -0.5700761543514148 -27.450972246872777 0.01362536920428293 0.9983433501251762 -0.05590084592282047 -3.800645206023186 0.571542083650834 0.038096888994351506 0.8196879123575112 63.15435688608315
0.8154677020378063 -0.04447730626615465 -0.5770911506516856 -28.084703633564047 0.014014879999240046 0.9982681379959031 -0.057134121160649115 -3.8714957806614905 0.5786328802200811 0.0385031672658174 0.8146787686190883 64.04765111850749
0.8110506289287077 -0.046281765610371915 -0.5831422429273448 -28.722380020914315 0.01465774455305019 0.9981601779699156 -0.05883374575602068 -3.947136722983535 0.5847922946131946 0.039169596462730494 0.8102368264118718 64.94047751498374
0.8058009637672718 -0.047231839606210316 -0.5902998899874106 -29.387268948818072 0.01475285671706646 0.9981059610956534 -0.059723057892305476 -4.025273307860803 0.5920026689217046 0.03941628791166396 0.8049715499549306 65.85229656771216
0.8011666026348123 -0.04907869007582949 -0.5964254831938637 -30.04221166844392 0.015129071228416762 0.9979739605588371 -0.061798747966883866 -4.098453598060823 0.5982501032397393 0.040487729338030506 0.8002859224968862 66.73807947341004
0.7962050306575709 -0.049519512885204536 -0.6029969875539917 -30.72119201408721 0.01531076096531106 0.9979748576483993 -0.06173948574713306 -4.17708282205958 0.6048331420765894 0.03992494640283692 0.7953507835543326 67.63437848004021
0.7914569564323842 -0.05028490025719698 -0.6091529487090338 -31.403188772928075 0.016373087842385003 0.9979967148668926 -0.06111038462811232 -4.2544086400860985 0.6110055712588 0.03839252428551728 0.7906947615671254 68.51512831673287
0.7870297584968917 -0.05065677471311507 -0.6148317252842351 -32.08125784273009 0.01696073434645989 0.9980230339208238 -0.06051741281567949 -4.333125180045714 0.6166818407661713 0.03720100723285941 0.7863330034597986 69.3868173233373
0.7813736174464393 -0.05178529845542425 -0.6219112097579111 -32.777926364794226 0.017169734990537214 0.9979578047538109 -0.061525768026979344 -4.408841573149776 0.623827275901768 0.037396561270223574 0.780667039810278 70.26217940650895
0.7775935168613161 -0.053959817031003346 -0.6264476519879622 -33.48737089042784 0.0182557463597243 0.99782827351242 -0.06328873757685952 -4.487126130053165 0.628502227728828 0.03777664258776604 0.7768898731575129 71.13682112584871
0.7739502699243158 -0.05308833878247329 -0.631017121771982 -34.193981850097494 0.016800714850489017 0.9978503112817617 -0.06334423616560567 -4.567302561082181 0.6330234716537702 0.03842374994985273 0.7731784398023525 71.99554422702472
0.7699818618618046 -0.053053559453891966 -0.6358563141410969 -34.92104390135892 0.017174311354426767 0.9978994318345471 -0.06246412549447422 -4.650456303426963 0.6378345988054663 0.03717584933206727 0.7692756208233232 72.8744257854064
0.7674507819085915 -0.05280349071838229 -0.6389296430091859 -35.638340920953326 0.01666782941430529 0.9979088867336997 -0.062450278146091345 -4.7317405425739985 0.6408911614389042 0.037277944496206736 0.7667260749730835 73.73274145024307
0.7633547906083616 -0.05284631280118709 -0.6438142052475883 -36.372927304921014 0.016428564383162723 0.9979139359086008 -0.06243299441572097 -4.816914334059388 0.6457705211044965 0.03708158225756094 0.762630572642943 74.60350685682485
0.7604652638771366 -0.05403826461716642 -0.6471263001867891 -37.085108037055 0.015269877139592797 0.9977441006722854 -0.06537232155732653 -4.893629461148816 0.6491990552122044 0.039831840665701834 0.7595748884611467 75.4286111025938
0.7582869905818306 -0.05547246371754952 -0.6495564992234747 -37.824248284380324 0.014981805958781316 0.997592870937741 -0.06770531252722367 -4.974762405230152 0.6517487133892664 0.041608528252039374 0.75729277361674 76.28045060619792
0.7559420713671556 -0.055625083718563006 -0.6522709826432855 -38.57491918135742 0.013275756232239203 0.9974811574821638 -0.06967851006232098 -5.061648290234983 0.6545038877146541 0.04401352666335273 0.7547764373886203 77.14155399073054
0.7539670804063723 -0.05355941002950229 -0.654725157039794 -39.309234779759905 0.011580300996055153 0.9975995050120313 -0.06827242656146841 -5.150327480655743 0.6568101234697376 0.04389324773859851 0.7527774202980761 77.98629154410955
0.7505948038137499 -0.05399769869841359 -0.6585527230397535 -40.04927780182521 0.012493567365093133 0.9976369178776252 -0.06756101584587672 -5.236766236884835 0.6606446482507012 0.04248327462553078 0.7494957105379586 78.83219124888518
0.7469026388362618 -0.05369773682751855 -0.6627616473205364 -40.81341831895601 0.011607267582566378 0.997634895912369 -0.06774869590762227 -5.322368186557657 0.6648320986825886 0.042908827967206575 0.745759420352023 79.68507731262385
0.7444337197511852 -0.05489401849609185 -0.665436010169847 -41.604261782086326 0.012056886479384882 0.9975573662141541 -0.06880357985093127 -5.411224620564893 0.6675874986740219 0.04319661844671382 0.7432771917454026 80.56687049213105
0.741137499308494 -0.055593691400808845 -0.6690474935273161 -42.40489890459852 0.012872554801360746 0.9975590360087706 -0.0686313850227333 -5.503212829420156 0.6712298447265574 0.04225294254468355 0.7400440421992989 81.45140643677092
0.7385906419236925 -0.05621578286943386 -0.6718062588418809 -43.183927389868956 0.013312697119597296 0.9975391244060925 -0.06883652645600517 -5.5942757808116435 0.6740227264403995 0.04189846101592637 0.7375214459297759 82.3084106825492
0.7367415182803545 -0.05882731859992113 -0.6736106307269071 -43.971771931816654 0.015458831567324544 0.9974133009180621 -0.07019780394220856 -5.686974962812844 0.6759977513043453 0.041304403373962885 0.7357451912811865 83.17150599855616
0.7344183208019592 -0.06243260956239559 -0.6758194280528346 -44.78032381450007 0.017627824106860587 0.9971788004591733 -0.07296368776358661 -5.78331175321074 0.6784681200231065 0.04167264304113725 0.7334469312324361 84.05212285080563
0.7326269261258944 -0.06646620922570357 -0.6773773174136322 -45.588915656842616 0.021557870658979423 0.9969871438831508 -0.07451102699848194 -5.874275826015879 0.6802889425295506 0.03998597207625182 0.7318524965518278 84.93400207308692
0.7284477291118698 -0.06869172004982531 -0.6816489958536992 -46.41112949815462 0.024162791594909538 0.9969177229697633 -0.07464055955794736 -5.972288146447879 0.6846751532326122 0.03790120348193374 0.72786223512456 85.81983461112951
0.7219545898303014 -0.07075127984619682 -0.688313755944981 -47.225929923540924 0.026509984301543856 0.9968565720331759 -0.07466053526862627 -6.073177954077737 0.691432419658851 0.0356543292517337 0.7215607928998885 86.68420866894093
0.7148504611686209 -0.07198464413466214 -0.6955623833818332 -48.05193137057497 0.028594969590707297 0.9968645867004697 -0.07377888245703096 -6.168808513754428 0.6986924544326472 0.032851282947670646 0.714667508235526 87.53975826553118
0.7058595502938654 -0.06977663389293054 -0.7049067432089966 -48.89871135534853 0.02702633499016654 0.9970647924640296 -0.07163362929282102 -6.263064357576343 0.7078360491497602 0.03151223557975445 0.7056735127045826 88.38934811412727
0.698447146900401 -0.06914324003415014 -0.7123136916726155 -49.74646490505226 0.02657529077599574 0.9971412066606385 -0.07073307500411317 -6.359216746306104 0.7151680480186887 0.030473370948192174 0.698287932558048 89.22095503576429
0.6908966978265294 -0.07031571294715268 -0.7195258532152483 -50.59251692777503 0.025577300437471483 0.9970131615225275 -0.07287357170597622 -6.453384405818854 0.7225009028608399 0.031944581130269364 0.6906315871010267 90.03819869947894
0.6819419471696476 -0.0725733443697102 -0.7277968743938551 -51.48425099466646 0.026693294464706478 0.9968716773523779 -0.07439305695612257 -6.55364670349536 0.7309190438900125 0.03130444983787256 0.6817458343835026 90.88866288951787
0.6734016454126653 -0.07411137694148288 -0.735552668245689 -52.34900871773603 0.027426649362226174 0.9967819651847842 -0.07532259147905959 -6.646899414733024 0.7387678951201633 0.030548611919320352 0.6732672422222296 91.68585294903046
0.6651129089518591 -0.07481811835634436 -0.7429852404396821 -53.22649347780493 0.02924232654653542 0.9968144665643274 -0.07420111580172825 -6.748665377048795 0.7461700239782766 0.02762550295816792 0.665182025390469 92.48559519783707
0.6554027373549108 -0.07410163867660775 -0.7516356823708752 -54.12630327880387 0.02928802315679775 0.9969204223716673 -0.07274533083204235 -6.845672591157209 0.7547115101595157 0.025663565686355465 0.6555546642569219 93.28434485083572
0.646602484579399 -0.07401630128380746 -0.7592277748344122 -55.04373526397495 0.028386830474060702 0.9969268893376237 -0.07301345883634307 -6.946724445271495 0.7622987700314 0.025658613755892307 0.6467164917865794 94.07267384263805
0.6380443708387382 -0.07460255676017205 -0.7663770869264319 -55.987135419705425 0.02701245201521571 0.9968514421872963 -0.07454884066994769 -7.04627721085744 0.7695256384793974 0.02686374385585307 0.6380506492347788 94.86296894243543
0.6295241887570827 -0.0742776579139866 -0.7734223460080201 -56.95311421893404 0.024466608691172155 0.9968214656020846 -0.07581787898685205 -7.151608200886552 0.7765955709562666 0.02880616686969412 0.6293405468594769 95.64825140202117
0.6227163997399546 -0.07389452377484847 -0.7789505021829035 -57.924301789138696 0.021696545164774334 0.9967784606163739 -0.07721373180442118 -7.256100298746406 0.7821467544027925 0.03118172232800056 0.6223135502058729 96.42397366917723
0.6157912745494095 -0.07282878957492298 -0.7845362156063067 -58.900146769228414 0.019828145167904182 0.9968359706762764 -0.07697332151522508 -7.360295427020391 0.7876597938501204 0.03184360178964192 0.6152869527115364 97.19584480102333
0.6098355135511948 -0.06996164260527715 -0.789433983925016 -59.863307986537656 0.01728484104419428 0.9970331821364482 -0.0750071195883806 -7.459972113204632 0.7923394983729057 0.03209676436714704 0.6092355185273857 97.94020863158549
0.6035327172953404 -0.069793763765926 -0.7942777157225858 -60.84072128918262 0.019301794053708507 0.997148534979393 -0.07295368348999433 -7.5599678908211585 0.7971045727509101 0.0286989499430931 0.603158909717624 98.68913620968077
0.5977400812435657 -0.06957557130208344 -0.7986651583441738 -61.83429757884595 0.01955316319841148 0.9971958505835079 -0.07223648238923866 -7.659729362846899 0.8014514764375146 0.02756221067010414 0.5974243512438249 99.4335847115322
0.5926976907795127 -0.07078091425100833 -0.8023088616751186 -62.840211544774 0.019125785865314125 0.9970870147061707 -0.07383555660635842 -7.763519561618855 0.8051978959607802 0.028417376411766376 0.5923249117319013 100.17045491148882
0.5885136347802702 -0.07269739511815819 -0.8052122642016508 -63.85541257473296 0.019941775977570398 0.996951429519609 -0.07543323372140623 -7.864847078281999 0.8082413174594423 0.02833612397351288 0.5881692246535708 100.91129040216958
0.5840819245389596 -0.07400782542926002 -0.8083137677919989 -64.87325525281835 0.01874766868086928 0.9967990738082041 -0.0777182821100608 -7.968923677646693 0.8114781761365475 0.03023984507795659 0.5835997955994876 101.6376907656257
0.5817022125933706 -0.075509063943313 -0.8098894474719264 -65.87005005122992 0.017637161269398106 0.9966186639426614 -0.08025066494118449 -8.07938539647124 0.8132105916712685 0.032397838562930145 0.5810670474653643 102.35260698221632
0.5774883833991887 -0.07561538565817887 -0.812889586900187 -66.89938051867522 0.01852016329944732 0.9966586048254135 -0.0795526805256883 -8.189804036451788 0.8161888081751388 0.030885900978040125 0.576959175791859 103.085530757443
0.5743284060719931 -0.07435093625915937 -0.8152415717173594 -67.92721860073796 0.01995412878424446 0.9968425331111423 -0.0768556889567914 -8.29866864125556 0.8183817658790217 0.027872970023800826 0.5739985913038348 103.811638683355
0.5726007985528985 -0.07304624523377379 -0.8165736779702311 -68.96348859990749 0.0225150466200062 0.9970482212073429 -0.07340243363113075 -8.405169102759773 0.8195251052727319 0.02364509768474191 0.5725552472759263 104.53916743431596
0.5698941715907544 -0.07228585132333971 -0.8185324604958241 -70.00352646323867 0.023164122692287847 0.9971405717479507 -0.07193124212792869 -8.510373379066934 0.8213915367270254 0.022032609301444368 0.5699390384247999 105.2686215708332
0.567882737215478 -0.07283382990166805 -0.819880741324317 -71.03255364870658 0.025239214471829394 0.9971498410601195 -0.07109976460315248 -8.612428309426079 0.8227224190609501 0.019683183066607473 0.5681024498088924 105.98602054755226
0.5667317531079836 -0.07278155334083045 -0.8206814031720516 -72.06016096330157 0.0279608486998932 0.9972158329464709 -0.06912867321783696 -8.714636500028714 0.8234277812650806 0.016230465617863867 0.5671889112338977 106.69828665447783
0.5638445426279743 -0.07374643647553285 -0.8225817861196604 -73.08365949836347 0.03199372417094026 0.9972080829840457 -0.06747177813692527 -8.812706962966812 0.8252610092342448 0.011726139110759006 0.5646297586022463 107.40404514806606
0.5621906778354198 -0.07609658382710688 -0.8234992117086668 -74.09023061934649 0.035294982541233116 0.9970581400673482 -0.06803917645632324 -8.909115020755676 0.8262541412679065 0.009185600431367465 0.5632226192034104 108.0982670384245
0.5594438540418241 -0.07718995040150287 -0.8252661908328995 -75.08587263557283 0.03885821378106433 0.9970019717714229 -0.06691119118383689 -9.005791792449745 0.827956891025478 0.005364684604745585 0.5607660891695541 108.77431219072525
0.55848308967304 -0.0776438715539142 -0.8258741234349062 -76.04277474929415 0.043137515802664186 0.9969810655387291 -0.06455935011782038 -9.096919019546048 0.8283935014711489 0.00042914727039917305 0.560146429563726 109.42286014722386
0.557203078494261 -0.07812369140859535 -0.8266930616360664 -76.98909241166157 0.0455497113129915 0.9969410963599183 -0.06351121308861199 -9.182882475685588 0.8291260176329178 -0.0022669868500962975 0.559057159559557 110.06348722616234
0.5550121493920039 -0.07937471822426706 -0.8280465978035815 -77.94842319794746 0.04680956254099683 0.9968399046775718 -0.06417997582681396 -9.271327748041061 0.8305241591200033 -0.003139832675179515 0.5569737539317122 110.71275148046047
0.5542610184217319 -0.08113943494356854 -0.8283786064084123 -78.91270334263557 0.04893133716682227 0.9966922840308547 -0.06488617107231026 -9.360331533830614 0.8309033925199557 -0.0045697976319269695 0.5563979414487727 111.3618106289739
0.5542183959276402 -0.0831202052094389 -0.8282107226432984 -79.88766594535029 0.050313622080444195 0.9965274756403287 -0.06634402555664565 -9.452652666607811 0.830849269752667 -0.004901201878659996 0.55647593763936 112.01609062787567
0.5545560681642436 -0.0843952907250027 -0.8278556650562082 -80.84190076553928 0.051571061141424804 0.9964170652260846 -0.06703325875253291 -9.540982416724189 0.8305468035667599 -0.005519694708847583 0.5569214846415597 112.6559347057633
0.5575137121642186 -0.08533893261924481 -0.825769778647948 -81.81191238019592 0.052360215308134825 0.9963365717868204 -0.06761540928643381 -9.631654412980732 0.8285148572003757 -0.005540965574174696 0.5599396655879518 113.30733388553877
0.5603008317981474 -0.08539965540469516 -0.8238749157141901 -82.73684318567012 0.050872931405004734 0.9963408656465516 -0.06867914015873025 -9.719310000474746 0.8267254216102019 -0.003431952715313949 0.5625951465876631 113.93226322860158
0.5644743350270552 -0.08570421574121152 -0.8209893498090873 -83.63483459276699 0.0497309304007663 0.9963196127728496 -0.06981449538336128 -9.804859584826398 0.8239511876666227 -0.0014200733583538266 0.5666590012824458 114.54327106133007
0.5699080047863883 -0.08607159975827645 -0.8171881948458686 -84.55381830476212 0.04972192841762603 0.9962887788043464 -0.07025951225974092 -9.895553706803936 0.8202027773147509 -0.0005907144786415769 0.5720725960414239 115.1863039747204
0.5752398103031812 -0.0845126082376354 -0.8136072637896201 -85.46987960245968 0.04805946475213529 0.9964220116460817 -0.06952310806425815 -9.984609643656652 0.8165717656704148 0.0008909298783929473 0.5772432396779137 115.83148814211201
0.581408862682387 -0.0832161503558321 -0.8093446773250126 -86.37675714468328 0.048083861936044 0.9965313561469131 -0.06792053030792405 -10.069487457930446 0.8121894339473326 0.0005731805559467534 0.5833935162892725 116.48069817173602
0.5923832453084774 -0.08304341429861309 -0.8013650117265075 -87.28559125916557 0.04899921786044395 0.9965458278219079 -0.06704841310436371 -10.157225841044985 0.8041648881459954 0.000452097752222054 0.5944061139328577 117.15162841286832
0.6011217992074138 -0.08197085972439132 -0.7949423631142615 -88.18011700610586 0.04833533652293341 0.996633769351574 -0.06621801138126227 -10.243491891479565 0.7976943510899753 0.0013812835039776275 0.6030603736733373 117.8212764593153
0.6080173303615568 -0.08237807082680663 -0.7896383852288712 -89.05753522447539 0.0482782954000205 0.9965980399178731 -0.06679485777454539 -10.327374069759607 0.7924544984876255 0.0024900358846843204 0.6099259525122858 118.48744363542934
0.6163531595726808 -0.08316569890959127 -0.7830659290312998 -89.94310785179496 0.04661369651326144 0.9965169617875902 -0.06914555782550513 -10.414183641521586 0.7860890191206993 0.006116485470425453 0.6180830386148346 119.17888936219256
0.6240018168795836 -0.0826574023735272 -0.7770389220391986 -90.79152496364145 0.04402493228055329 0.9965290707468725 -0.0706513729099996 -10.496663151055781 0.7801817338727378 0.00987749913874688 0.6254749372613524 119.85198912836131
0.6323152850249287 -0.08084230701884632 -0.7704816037516494 -91.65454805945532 0.04172940468510919 0.996650799198119 -0.07032667518358186 -10.582684465763705 0.7735864768133357 0.012316893018177625 0.6335710355105489 120.55218970361089
0.6393611277452804 -0.07866262514428468 -0.7648722375231651 -92.50358427932123 0.04104179248827686 0.9968264013926862 -0.06821067919216581 -10.668308718165006 0.767810471143519 0.012219529120104926 0.6405605072984522 121.2621269907458
0.6507100239415811 -0.07635357746755786 -0.7554777269713864 -93.34687689514477 0.03937830201649023 0.9969860334531115 -0.06684458414658051 -10.75229467212968 0.7583045655092979 0.013747010850975638 0.6517554799312532 121.98040007656533
0.6618340715437052 -0.0757790103605746 -0.7458104339124343 -94.15363066521714 0.039364036266391365 0.9970181996482845 -0.06637154675696158 -10.834585999994893 0.7486161462276244 0.014568842056431129 0.6628435821884637 122.69268362091482
