1.0 0.0 0.0 0.0 0.0 1.0 0.0 0.0 0.0 0.0 1.0 0.0
0.9999233623115296 -0.002237773057824936 0.01217628331419617 0.009421112015843391 0.0022273049504161774 0.9999971383082017 0.0008732056260940627 0.0006105134962126613 -0.012178202505450089 -0.0008460184095299403 0.9999254850420541 0.22341731190681458
0.9997940031309103 -0.004379856426339209 0.019818379377596708 0.016899153264266817 0.004350136263427703 0.9999893484649062 0.0015424886457674335 0.001063808996738441 -0.01982492416024098 -0.0014559582471229476 0.999802406762268 0.45951152551577246
0.9996992483107409 -0.0062215044362625 0.02372142089946 0.02368773109215795 0.006185406317646255 0.9999795984364368 0.0015948227451112957 0.00018173416081676986 -0.023730859142167472 -0.0014476164727815688 0.9997173354158276 0.6797445326006882
0.9996379633577109 -0.006995449321119024 0.025980875713562755 0.028504074915096912 0.006979318292337041 0.999975391132192 0.0007115097989078233 0.0010326531151103246 -0.02598521368436652 -0.0005299234051706673 0.9996621868666248 0.9164953246118254
0.999662650805179 -0.008143151283816596 0.024663204826863242 0.03337273042959545 0.008147325108505469 0.9999668076325672 -6.875106479270029e-05 -0.0011153030303060005 -0.024661826346385026 0.0002696670196184655 0.9996958145360815 1.1615712771184425
0.999848384631842 -0.009196960483237244 0.014785928004894016 0.028080695108313326 0.009223365008908807 0.9999559870293183 -0.001718587249564558 -0.0019050392062506024 -0.014769471453256994 0.001854702696310588 0.9998892052577124 1.4228533784049895
0.9999714189498019 -0.007518182280639174 -0.0007988859211282714 0.012761229733994465 0.007516289625893014 0.9999689996932938 -0.0023462827308812933 -0.001414288597839017 0.0008165009366723744 0.0023402110136955348 0.9999969283645985 1.6844567740308065
0.9998217373097407 -0.0033180028710932652 -0.01858721226757058 -0.016269755433189627 0.003289966715950839 0.9999934041888208 -0.0015387325505259225 -0.0031243704848721394 0.0185921951888486 0.0014773069422192554 0.9998260587933576 1.959901357574049
0.9993741700192875 -0.00011116026662233527 -0.0353730962972655 -0.04730944417518058 5.430638420369522e-05 0.9999987053385979 -0.001608220117035948 -0.003925071639919376 0.03537322927126005 0.001605292659713128 0.9993728822048354 2.249864098972078
0.998519459337627 0.000983238587832238 -0.054386786685487694 -0.08472708841084137 -0.001086541338989675 0.999997661498781 -0.00186987296043886 -0.005468099317871032 0.054384820970671675 0.001926198029516054 0.9985181926280258 2.5774409714102187
0.9972568515649237 0.00011526932352019861 -0.07401863765160202 -0.12342441342635929 -0.0001723395373754699 0.9999996928135156 -0.0007646384495563769 -0.005089103071475694 0.07401852677472012 0.0007752972705601167 0.9972565650865592 2.905027931091796
0.9956511275090396 -0.00024232948758514864 -0.09315993541430691 -0.17191973834409233 0.0002404641530323133 0.9999999706002718 -3.1248147131621675e-05 -0.005764249414874067 0.09315994024777761 8.710627958221163e-06 0.9956511565087219 3.2360609866136976
0.9936619465670299 0.0019073514567328135 -0.11239349605311592 -0.22998992021944475 -0.0017886021972417989 0.9999977306924905 0.001157372908473298 -0.0094157067357593 0.11239544851461426 -0.0009490101631412313 0.993663103135519 3.5796694042478823
0.9915544165113013 0.0025966260469883744 -0.12966532547333157 -0.29090206523162765 -0.0024106889573642662 0.9999958287824977 0.0015909105432294242 -0.012906726880702216 0.12966891561081148 -0.001264891607141925 0.9915565401799025 3.9327010715305994
0.989780180805484 0.004495903297662415 -0.1425306301754173 -0.36015669016074875 -0.004313374788570319 0.9999894339711565 0.001589573521331575 -0.01791643292376738 0.14253627076150419 -0.0009585403405494913 0.9897891152754807 4.309663028793889
0.9876426974698307 0.004292471118164706 -0.1566635784929484 -0.4313465879303038 -0.004151758515633529 0.999990630593413 0.001225408754738352 -0.023075114893066517 0.15666737067987177 -0.0005598366619352117 0.9876512651473534 4.676529918790883
0.9857196674271392 0.0019309628613678345 -0.1683835165025315 -0.5010827338052652 -0.001943949319542862 0.9999981066815767 8.77171886658451e-05 -0.028900652812257732 0.1683833670775511 0.0002408644642879898 0.985721554839873 5.049287575721627
0.9838978251975344 0.002550480556268338 -0.17871363859676284 -0.5851623112308116 -0.002917014564481992 0.9999941466369454 -0.0017882163957545576 -0.032351249789629735 0.17870803170980556 0.0022807325094238106 0.9838995058752839 5.452691674388284
0.9822773746378181 0.003352632367897412 -0.1874030926394797 -0.6707895983320212 -0.004082856184182242 0.9999855025780724 -0.0035106864085566584 -0.03505230857402173 0.18738860573688834 0.004213607704291682 0.9822768224640646 5.862940351025747
0.9802337234636564 0.0031784988167935196 -0.19781745254109362 -0.7599060402858161 -0.004429743556315797 0.9999728831371671 -0.0058830572296331 -0.04249783492868793 0.19779338906192356 0.0066430516792737515 0.9802212225348854 6.27407123921006
0.9782462686352272 0.0017494161318159264 -0.207439575405593 -0.8575097846571033 -0.0033098235084436578 0.9999687788969182 -0.007175395442028517 -0.04478463017405095 0.20742054616068756 0.007705892200405616 0.9782215169662738 6.697568360414624
0.9762247963505736 -0.0013909533982980624 -0.21675611234501582 -0.9539836538812257 -0.00043512273974024624 0.9999648208924357 -0.008376613024407857 -0.05038408661664701 0.21676013853677692 0.00827177285731913 0.9761898483980022 7.131992236907203
0.973205187903513 -0.0011096348140953113 -0.22993571046765962 -1.0762964595150593 -0.0011451932503624667 0.9999525629552606 -0.009672661041559472 -0.05532028139899887 0.2299355361185116 0.009676804730122739 0.9731577511791744 7.6121974795875085
0.9705092803318793 0.0032839255990163257 -0.24104139192752377 -1.214916880185205 -0.006634140388236351 0.9998923310256461 -0.013088717943685425 -0.05799206220204288 0.24097245687216445 0.014301824665416189 0.9704265726165132 8.093175970858717
0.9677573175158618 0.004997337349077393 -0.25183486854270826 -1.3592971270922678 -0.009310885747820206 0.9998296009170394 -0.015939778438387796 -0.06536678166200437 0.25171229966192493 0.017770642911649825 0.9676389421935292 8.594375354646338
0.9646677992762975 0.004202530939302746 -0.26343571468790883 -1.5033750502986631 -0.008688461147629905 0.9998363791059783 -0.015865864588254657 -0.07620746561689619 0.26332593431394336 0.017594139647931373 0.9645464729953338 9.090967336593685
0.9614777329462207 0.003536487013479122 -0.27486007769081233 -1.648350707092087 -0.008527792627088197 0.9998196898332224 -0.01696657227339576 -0.08708958664399152 0.27475051556185526 0.01865693118930536 0.9613345271637196 9.571502341714574
0.9583706980488863 0.005682255422275649 -0.28547034363416174 -1.808654601067184 -0.011524712512327152 0.9997570233863736 -0.018790295131428894 -0.09738833835037111 0.28529420976037806 0.021298031902831055 0.958203322742239 10.072846089588962
0.95537434071331 0.007826472852479439 -0.2952941168213449 -1.9815438739738294 -0.014706266785060821 0.9996695319922317 -0.02108441423609648 -0.1092642307977637 0.2950315149672239 0.024486182412170612 0.9551737182560159 10.59446402636578
0.9523624536576326 0.008079151342740131 -0.3048614179865913 -2.155772673761404 -0.016494104134165122 0.9995504429948857 -0.025037101220775307 -0.12717046693020884 0.3045220868706001 0.028872811125852146 0.9520675708087456 11.115203879473214
0.949624562995789 0.008249058291594478 -0.31328125126211925 -2.343783468645433 -0.018823417823610033 0.9993500349647535 -0.0307438865042167 -0.14421621888573632 0.31282402129071707 0.03509217367516914 0.9491626157041043 11.664756338183583
0.9481480034468948 0.008840461645706179 -0.3177061689636483 -2.5255165646422624 -0.021668281662391063 0.9990852958448239 -0.03686539293782487 -0.1606836653968269 0.31708965471845135 0.04183799546526744 0.9474722861413846 12.172604542055838
0.9472135988808933 0.00828754391159974 -0.32049604476657684 -2.713572446852387 -0.023407597967969214 0.9987855565491173 -0.04335315889574999 -0.1834499855707955 0.31974752923592115 0.04856674422671886 0.9462572530251698 12.699319608991898
0.9459133958809532 0.008998373373070757 -0.32429442913747664 -2.9227996361785626 -0.026513809893067362 0.9984155445056686 -0.04963283564741797 -0.21053146950106427 0.323333984260729 0.05554664495798223 0.9446532193646484 13.270954620277463
0.9452086927493857 0.008870529939229798 -0.3263461978476149 -3.132460447561104 -0.028332213486720333 0.9980881481528823 -0.05493026666322438 -0.24429235982428796 0.32523501169145413 0.06116667569311957 0.9436529155122196 13.849499415484738
0.9442132555453913 0.009896611112896341 -0.3291859431094436 -3.342636243898563 -0.03153739079090777 0.997671937443806 -0.06046567802666316 -0.2765226792926212 0.3278211723401576 0.06747416042903111 0.942327181312267 14.416961914359092
0.9432109048104792 0.010859748041812362 -0.33201694974664414 -3.548309103772838 -0.03424700234553358 0.9973188769995851 -0.06466993436390248 -0.3125730723967251 0.3304244722730783 0.07236797256214098 0.9410539541760095 14.977672301882496
0.942355470431696 0.012991735608035107 -0.334361155269789 -3.7766843168250546 -0.0382493028399882 0.9968785115871219 -0.06906680800572235 -0.3520692737736265 0.3324201530889966 0.07787456543529059 0.93991084357962 15.579499737861934
0.9412618189947222 0.015481614458007055 -0.3373225573787209 -4.01018162170984 -0.04179247465579086 0.9966091434258203 -0.07087738921685743 -0.3902640956043466 0.3350814485537687 0.0808117247299329 0.9387171501476266 16.192714989315924
0.9406128411590517 0.016294481124329616 -0.33908991865224386 -4.244394354099076 -0.04353504850012741 0.9963898502510113 -0.07288323448406271 -0.43130000417167824 0.3366781587789562 0.0833172023153453 0.937926468972678 16.806125312452508
0.9389795844490426 0.01843956186886575 -0.3434782708498282 -4.479171347834004 -0.045921691192332734 0.996343357235411 -0.07204937731102606 -0.47770683393392627 0.3408937345653916 0.08342599745256174 0.936392847411334 17.428153944187354
0.9371152847073826 0.019307382659588812 -0.34848553505509744 -4.710335484241246 -0.04712562566390616 0.9963248618733584 -0.07152583462511053 -0.5188853371913387 0.34582382591947985 0.0834505517529362 0.9345811290832615 18.02131885588547
0.9354229763862696 0.019244653406623284 -0.3530063718460498 -4.950839358508007 -0.04734038236578412 0.9963430875011913 -0.07112903897885112 -0.5648591652555529 0.35034660473039264 0.08324719396984206 0.9329132656630164 18.642440121216165
0.9322407205661548 0.020053513822014972 -0.36128257016037624 -5.249869951079682 -0.047962592238717454 0.9965010591297386 -0.06844873190243941 -0.6250024144489973 0.35864582621862395 0.08113874374612762 0.9299406839144426 19.40102786808873
0.9289162780591904 0.02091532858301716 -0.36969865754006354 -5.526768999695209 -0.047996285244069306 0.9967818576335024 -0.06420502235397185 -0.677089575185612 0.36716604548818327 0.07738525261940105 0.9269307513064828 20.085246924739625
0.9260304329120239 0.022031183746495583 -0.3768053400145725 -5.758695895107791 -0.048739365902784035 0.9969167913993565 -0.06149296900789808 -0.7158438205062062 0.37428880765014066 0.07530961405252273 0.9242490738427039 20.637678499159925
0.9221625996152469 0.023837367851671606 -0.3860672477234426 -6.04161157026051 -0.05069509143195183 0.9969380734803783 -0.059535580537507155 -0.7580591894779019 0.3834659666457454 0.0744732001402924 0.9205474430388193 21.295484567957153
0.9184222767172122 0.024706460059721706 -0.3948292193605866 -6.328979341417425 -0.05240961084104733 0.9968495400477813 -0.05953341245063315 -0.7988123591404573 0.39211446584009474 0.07536965793901818 0.9168236800721788 21.942920597320082
0.9148256858315998 0.02430041657091886 -0.40311717192055113 -6.640200148998473 -0.05269647707413805 0.9968365483667548 -0.05949770705018614 -0.8451395951071136 0.4003961111783158 0.07567288546589682 0.9132122253663425 22.64387817467549
0.911166074049985 0.024077260212631534 -0.4113352295160128 -6.949553838546344 -0.05342484041509015 0.9967677641323527 -0.059998423422728785 -0.8881021948752065 0.40856109938044743 0.0766440469132739 0.9095072941685495 23.313464187028906
0.9068905149652413 0.02409443621631068 -0.42067689740405 -7.283756839334384 -0.053621330502060284 0.9968461905099609 -0.05850149896342606 -0.9335213542142715 0.4179406019774441 0.07561170947146385 0.9053223307803331 24.02875507014326
0.9034247181363566 0.02413941276514095 -0.42806666234547996 -7.6107477507912655 -0.05383739812825265 0.996898245406674 -0.05740577382001882 -0.979743729375231 0.4253531629399563 0.07490779035887582 0.9019221195427719 24.711776429998935
0.9006802803172721 0.02465074874502785 -0.43378263362415714 -7.949341416063195 -0.05414799342600039 0.9969740392652198 -0.05577418613597083 -1.0283280543225457 0.43109514895848466 0.07372316879720792 0.8992896457354329 25.40933709969808
0.8975959658746875 0.02748786987244838 -0.4399612472199822 -8.31255301250374 -0.05540439599831477 0.9971742640348316 -0.050733027217523825 -1.0749968847921207 0.4373234900500417 0.06991354773194847 0.8965825454992885 26.148992266667843
0.8942798405718142 0.028521555255755955 -0.446598351578511 -8.666192424591115 -0.055807922444941906 0.9972841370843024 -0.04806064619205093 -1.1208123455410366 0.4440146873012534 0.06790339318333813 0.8934428278602717 26.85283506949466
0.891494837600582 0.028959359817274592 -0.45210431319606476 -9.048339620531795 -0.05621011528687125 0.9973141259627902 -0.04695697067009735 -1.1640568311969706 0.44953017414957636 0.06727473250819628 0.8907282037159271 27.603815420220197
0.8900728153867354 0.029107763038302606 -0.45488803176214326 -9.417929788617165 -0.05610680948710199 0.997366243213647 -0.04596305937461942 -1.2059292901374912 0.452352085480667 0.06643278579739655 0.8893617237842479 28.32487435220804
0.8887139634626213 0.029636365188604387 -0.45750319890134783 -9.799960833191651 -0.056263047149291 0.9974156721521317 -0.04468161222234602 -1.2440300854640554 0.4549966600669012 0.06544969674275902 0.8880846674299955 29.06413645576344
0.8871547791148127 0.028776102339696134 -0.4605739178762552 -10.197083119813582 -0.05538196740833777 0.9974795549652636 -0.04435510243795738 -1.2870265876920337 0.4581366996647725 0.06485733081491415 0.8865124314186661 29.83056230891551
0.8867209146948585 0.02836343472326225 -0.46143421526086764 -10.59110984290346 -0.05522658265258064 0.9974676347731234 -0.04481453055236178 -1.3291978037258398 0.4589946012876744 0.06522141635084391 0.8860418290565963 30.583389426514998
0.8861436945613191 0.02740529568583046 -0.4625995053581316 -10.991148559791107 -0.05465680489752009 0.9974630762735727 -0.045607511982739456 -1.3697875483977782 0.46017603834577286 0.06569902007818305 0.8853935014970217 31.345827600583863
0.8859071334444487 0.02764176419256724 -0.4630383178361836 -11.41384976241169 -0.05541607064559373 0.9973806922200864 -0.046484555508083954 -1.4094065248548289 0.4605405628459263 0.06684076345243284 0.8851184679548008 32.14416329612438
0.8856230099449742 0.026755276807380633 -0.46363351843774736 -11.843005605660183 -0.054351331616940224 0.9974497145990495 -0.0462601296770813 -1.4546210338927181 0.46121341806962857 0.06616813439440034 0.8848186034342265 32.96320045992412
0.8854222526474502 0.027539084808432146 -0.46397094017258095 -12.283756799222754 -0.05468533669208671 0.9974821722463987 -0.045153405203580986 -1.4974994992454806 0.4615592578072591 0.06535223682873939 0.8846988960510194 33.795573889801396
0.885791801438129 0.027399907432284855 -0.46327327742672236 -12.70455124460033 -0.05443295775647131 0.9974992457355601 -0.0450811253949035 -1.5399036917957039 0.4608795261398328 0.06514982601428054 0.8850681118170693 34.598768103844385
0.8858896630034622 0.025404226359314695 -0.46319988154866504 -13.14254058664294 -0.05263040054491279 0.9975564783850577 -0.04594685376045199 -1.587304694416437 0.46090079835263326 0.06508223809217856 0.8850620070722834 35.43365957750896
0.8848036133213829 0.02437945118455372 -0.4653259161204809 -13.57631201565162 -0.0518719071778425 0.9975767362045437 -0.04636766792953544 -1.6319498943433717 0.46306789037802887 0.06516362285378507 0.8839241093880241 36.25562057575098
0.8840734608304126 0.023473653936337952 -0.4667580780513758 -14.026123664293122 -0.05049705775541319 0.9976885700925874 -0.04547047684657755 -1.6782723110139313 0.4646118412324245 0.06376915145652892 0.8832153374512531 37.107792919798385
0.8829279962497861 0.02522129136076688 -0.46883050231446444 -14.477172682905042 -0.051195793502466294 0.9977737325595638 -0.04273838253618156 -1.725066248310021 0.4667088430338454 0.06173706403977651 0.882253586423857 37.95184854159452
0.8814207194753606 0.02476690642018592 -0.47168221889945333 -14.934281379651859 -0.04962666485056158 0.9979530065609198 -0.04033597441281275 -1.7723166146455562 0.4697176911883862 0.058960978980973536 0.8808455560098248 38.80112392782186
0.8790352570497236 0.025107304351456743 -0.47609520070226474 -15.396117794804438 -0.04997840343244466 0.9979629899875693 -0.039648831072487456 -1.818744153607012 0.47412991474264754 0.058647198426473576 0.8784994764158119 39.64607480806389
0.8748317812825498 0.022429426788099942 -0.48390730028793594 -15.880242901903708 -0.04834707531857816 0.997982703837032 -0.04114709163801179 -1.8706082779484898 0.4820082102683948 0.05939228616650881 0.8741513836732027 40.52359056154061
0.8707893710756931 0.01989804768154778 -0.4912534365478393 -16.36130982244046 -0.04691433367348233 0.9979842771285345 -0.04273672776675592 -1.9194346937672027 0.48941282831324756 0.060261515934296704 0.8699676046725696 41.374086112537
0.8658559711708946 0.020210442082424604 -0.49988496198479515 -16.857065868955672 -0.047743764695303295 0.997961439744355 -0.0423497073908858 -1.965494501897536 0.4980100100604672 0.06053513702146133 0.8650557941921241 42.23447471850293
0.8618481441945729 0.023193184779210476 -0.506635818441776 -17.354921749590755 -0.04938933781072659 0.9980439191831293 -0.03832791009430662 -2.011647344986249 0.5047558515351641 0.05805524576966941 0.8613077956106253 43.0787579515098
0.8585849470494504 0.025052169890089848 -0.5120588613469066 -17.85038366585741 -0.05014004364709432 0.9981203303206124 -0.03523893051355362 -2.056113291681656 0.5102135481572005 0.055930268946874 0.8582272078490465 43.90691086879163
0.8558692805918282 0.025298775338126203 -0.516573079540173 -18.36381726541097 -0.05085476382058132 0.998079283067139 -0.03537707886385018 -2.1004091423489513 0.5146858921089442 0.05654835699272967 0.8555119612170501 44.75542135372848
0.8545335777847703 0.023327979588876283 -0.5188720167889774 -18.85890437478669 -0.05070617139292895 0.99796581967145 -0.03864074210159156 -2.1444673301294173 0.5169151270963454 0.05932982501062824 0.8539781749220394 45.56453640313187
0.8538609340388996 0.022601844782844986 -0.520010251759165 -19.35820074164144 -0.053239057830807394 0.9976093623131141 -0.04405863078341979 -2.193591784281671 0.517771289319431 0.06530479949922473 0.8530229628321034 46.37265936242863
0.8519000242376885 0.021962698597935853 -0.5232437181410994 -19.861717463791734 -0.05388248360547754 0.9974937268048331 -0.04585785587563679 -2.2394941468154554 0.5209251641688386 0.0672599795963503 0.8509483347891148 47.19453006256208
0.8512789109338935 0.0219453046907886 -0.5242543460966566 -20.378633328202014 -0.05251735562334974 0.9976714929784736 -0.04351458900684176 -2.2883027120020745 0.5220786752564551 0.064575503870525 0.8504492113832154 48.030889316589295
0.8503337820496867 0.023864245019443883 -0.5257023463089435 -20.899840495838564 -0.05269591963693174 0.9978115317393991 -0.03994104632446012 -2.3352783172195433 0.5235987004937029 0.061665589574142435 0.8497304018944947 48.870414759782165
0.8494364869963276 0.02586184228731369 -0.52705675185206 -21.404128221177324 -0.05414537857189088 0.9977981326312815 -0.03830358334195772 -2.380194697255921 0.5249056415572656 0.061074148631264556 0.8489664397550246 49.665162715515024
0.8485606278641191 0.025972420052395376 -0.5284603052599823 -21.930187553553612 -0.05476989416527084 0.9977406236425035 -0.03890895303902894 -2.4239557480226868 0.526255754868274 0.06196032060996988 0.8480659167411062 50.507948815516336
0.8464656906776731 0.02489425478547889 -0.5318609880262377 -22.456510468585936 -0.05500518620937005 0.9976502678580654 -0.04084571621116305 -2.470042470716562 0.5295944335013754 0.06382961006778909 0.8458460361572616 51.34163782953253
0.8444946277765378 0.02314905439698492 -0.535063496173204 -22.975650940054713 -0.05437704811239394 0.9976086420946624 -0.0426630268104143 -2.5187169750204217 0.5327963591233983 0.0651238704206773 0.8437339161170906 52.158685434510645
0.8433505216826913 0.021449065060186706 -0.5369355968694721 -23.501882439331165 -0.05296148133652266 0.9976559776143475 -0.04333164923011462 -2.5675382784361043 0.5347475844472546 0.06498067357610576 0.8425096634397864 52.98518265504887
0.8406803400128579 0.021266926995238963 -0.5411139286065783 -24.032612138057196 -0.05287345951712258 0.9976778421661033 -0.04293390885394814 -2.6160026312882274 0.5389443043530167 0.06470425849174924 0.8398526035790304 53.811173927875885
0.8392293288527866 0.021955846928179187 -0.5433342197754234 -24.565352189644287 -0.053813858732548694 0.9976330305439028 -0.042806599679275546 -2.6637996208484487 0.5411083091226885 0.06516346486686252 0.8384244275096775 54.62453679697748
0.8361994997885189 0.021167685569477877 -0.5480167202203439 -25.10150872128225 -0.05382237545940692 0.9975985416235477 -0.04359244946636601 -2.714806681650258 0.5457779296136274 0.06594754611206365 0.8353306966156936 55.44193199180219
0.832567048947657 0.02039102671204124 -0.5535488370832505 -25.64857139373314 -0.053808635244810915 0.9975732778048007 -0.04418355104422082 -2.7665247400923536 0.5513045798645982 0.06657147616971697 0.8316438533295993 56.264225067595284
0.8290166199796785 0.019226479636417486 -0.5588933585920124 -26.20054196390229 -0.053431139860237835 0.997559852365095 -0.044938338226568536 -2.8197406829355613 0.5566655702400725 0.0671169384739813 0.8280209897576116 57.08637653418755
0.8246638713825496 0.01871625998070462 -0.5653133651778279 -26.765963772634198 -0.053819990274704084 0.9975141406528725 -0.045485688346907735 -2.8719365824788734 0.5630567536964426 0.06793556366069199 0.8236211819197754 57.90817958394262
0.8213669534725627 0.01693999655251971 -0.5701485457843436 -27.337606243908567 -0.05318701567647739 0.9974785684039345 -0.046985603521373306 -2.925719454572189 0.5679150192648821 0.06891692166397277 0.8201969207463112 58.728190895076274
0.8164363415529706 0.017020319325788194 -0.5771845536062528 -27.928875743136164 -0.053565244852967875 0.9974878610930488 -0.04635441204304465 -2.980454793460535 0.5749456189375155 0.06876245852253222 0.815297037626468 59.564152539587816
0.8124204256439886 0.016519325983917286 -0.5828380254114155 -28.515505856414407 -0.05308875300535476 0.9975422748792775 -0.04572738930895377 -3.030468032574712 0.5806501841046613 0.0680920090591639 0.8113007099722703 60.37479158040529
0.8087100355722389 0.015747777735514668 -0.5879966716412101 -29.09516085871054 -0.05216228721663045 0.9976231539885528 -0.045023753933474256 -3.0833567873807994 0.5858900700277127 0.06708241291370724 0.8076092964550352 61.171964674165956
0.8042125619259171 0.015554823680901435 -0.5941382016844308 -29.70223239446719 -0.05256478036793664 0.9976016168007238 -0.045032854911196234 -3.137124958489796 0.5920127524854712 0.06744673169871418 0.8031013879191955 61.9910035370586
0.800228175430934 0.014118216361969315 -0.5995294348180373 -30.306087581381778 -0.052399159117786046 0.997545382802417 -0.04644929895411246 -3.1871293699658603 0.5974020383043797 0.06858487600292207 0.7990037042551409 62.78912259815028
0.7969916869562225 0.015056120883427983 -0.6038025870651917 -30.928819662114417 -0.05417016798199608 0.9974423281085762 -0.04663040851360666 -3.2373986685384644 0.6015561850928617 0.06987213551400243 0.7957688363182086 63.60129721256551
0.7946015582817075 0.015845794853630368 -0.606924438758021 -31.558140088526596 -0.05496327178691969 0.9974319874649018 -0.0459180698232535 -3.289644312472673 0.6046382408769391 0.06984512271642629 0.7934319482488514 64.41670909535357
0.7926750817528442 0.016888894805715232 -0.6094103543593296 -32.191782688545956 -0.056759615809536396 0.9973188467578334 -0.04618943509915616 -3.341833543919171 0.606996343301404 0.07120311182713027 0.7915084055680379 65.2249229935916
0.7893407044056334 0.016932942424341638 -0.6137218652038334 -32.826339345610236 -0.057455661366275765 0.9972700728362808 -0.046381556701809545 -3.3977518074259656 0.6112610729838619 0.07187264629866677 0.7881587551811149 66.03246504999709
0.7864929967433817 0.01617512230224527 -0.6173873431583471 -33.459848245595815 -0.05862089986886446 0.9970988328237393 -0.048554172633271026 -3.452487549636394 0.6148108295827098 0.07437931836232653 0.7851594493017173 66.82796920912797
0.785238231598992 0.014446052080592325 -0.619025226638279 -34.10036142139159 -0.05817505936461885 0.9970268661983843 -0.05052811639624042 -3.506339814107004 0.6164548500119136 0.07568843807289038 0.783744013207677 67.63065720336651
0.7828945384297756 0.015025854936549569 -0.621972961936654 -34.75677299971121 -0.06005434579667347 0.9968652141010015 -0.05150942114116796 -3.5644998461738506 0.6192492367760837 0.07767862382142465 0.7813426995585532 68.44684384955983
0.7805729759022895 0.016143436007151846 -0.6248561584596306 -35.40733295546319 -0.06102810493237219 0.9968586205663411 -0.05048228412953459 -3.623426604034428 0.6220782906511104 0.07753889395944905 0.7791061033159336 69.2562738454652
0.7790619372696186 0.015215915024472351 -0.6267622945165711 -36.05943749904268 -0.06020696436479897 0.9969007995047922 -0.05063513986039668 -3.680397399283952 0.6240493725176596 0.07718336528471754 0.7775635721814912 70.06182017173506
0.7760284491191128 0.015267213998096829 -0.6305130913268343 -36.72612823587747 -0.061486705935285504 0.9967762456535777 -0.05154125623213175 -3.738883951061786 0.6276935806195666 0.07876565417423288 0.7744654547308698 70.88042897527572
0.7745400067828963 0.014857857865248444 -0.6323503949175703 -37.4046481820531 -0.06146750842705723 0.9967604339043532 -0.0518689002252334 -3.7977575227258247 0.6295311932704531 0.07904354156072237 0.7729441087407406 71.70269147477325
0.7724925156518769 0.014862586874499175 -0.6348499167309016 -38.08550075985479 -0.062349521020101134 0.996670797498314 -0.05253435678333618 -3.862072154761347 0.6319555763583375 0.08016498565753541 0.7708474068089797 72.5248526871386
0.7713930666170983 0.014234668669823754 -0.6361997414200427 -38.75220690320227 -0.06189129332369675 0.9966883463798389 -0.05274284786909242 -3.9212525907539986 0.6333420912791041 0.08006069196854618 0.7697194820294784 73.32600667805862
0.7710111823977441 0.012506822585967942 -0.6366987796489294 -39.438514034169835 -0.060562167395999664 0.9967156974819661 -0.05375911339798201 -3.9849280082025884 0.6339353125500518 0.08000873565955968 0.7692363887130063 74.15135421111142
0.769073643577881 0.009662896624522924 -0.639087129570504 -40.15029887118009 -0.05869021925719618 0.996729085430954 -0.055557073532686435 -4.054880399558808 0.6364598879091946 0.08023564472725245 0.7671251869139857 75.00851267436717
0.7670882184794967 0.006710714394735605 -0.6415065326107476 -40.8516962181758 -0.05580684259069452 0.9968527936434645 -0.056303677724264575 -4.121846563002729 0.6391097412729752 0.07899034192566008 0.7650485373441727 75.84877932633957
0.7645182965837733 0.003224301635591887 -0.6445939637225967 -41.555506238672486 -0.05224136665074877 0.9970079491659725 -0.05697358081008884 -4.1892079569982315 0.64248160580604 0.07723181455089871 0.762399260900788 76.68985155526813
0.7595018141522084 0.0012676481852759817 -0.6505039487717066 -42.258848750207996 -0.050749990872361886 0.9970656607177705 -0.05731061545552682 -4.258100567069803 0.648522499783901 0.07654058587125168 0.757337511277849 77.52010756384308
0.7533181595739417 0.00022866421335610704 -0.6576562157912045 -42.968433378196956 -0.04964394341707251 0.9971665612821782 -0.05651838588175398 -4.324641070710425 0.6557798634741177 0.07522497439915732 0.7511950305270358 78.33579742015021
0.7467226033889125 0.0023712976585384266 -0.6651313633677933 -43.716759215239215 -0.051785405488537675 0.997165475589191 -0.05458283678383111 -4.393642471088856 0.6631166001288706 0.07520233533871953 0.7447287985522852 79.17705789806662
0.7394883493254156 0.0031125966523771163 -0.6731621594787186 -44.44978385723061 -0.05313081288062771 0.9971396602572985 -0.05375513616951546 -4.46206602390196 0.6710693689437895 0.075516949647341 0.7375385362008857 79.98035519779663
0.7323460104351541 0.0032603500886778207 -0.6809248792025541 -45.19734075916088 -0.055252129346247944 0.9969756650119802 -0.05465094305339747 -4.527314773036745 0.6786873530591381 0.07764594961245219 0.7303112920572719 80.78070913906106
0.7235303643317001 0.0017211140283025748 -0.6902904096512851 -45.96902569236453 -0.05531775615261103 0.996925351429175 -0.05549585148509857 -4.599250032396777 0.6880724945412929 0.07833825019948705 0.7214009708971877 81.5980243324104
0.7156254374658649 0.0009957375282662918 -0.6984835300553367 -46.746712842688765 -0.05576380619220209 0.9968884890448222 -0.055711204697890065 -4.664955903083945 0.6962547171622955 0.07881845543212887 0.7134542871919304 82.39655454531265
0.7083664763883168 3.2129826091013836e-05 -0.7058448371256071 -47.53633973912038 -0.054572155754236566 0.9970092335947065 -0.05472173191001608 -4.736176024920186 0.7037320618996522 0.07728251480490657 0.7062496711219722 83.19827035079082
0.6977128554224612 0.000214550065642867 -0.7163775019823733 -48.33555138410073 -0.054736464569851345 0.9970926116594873 -0.05301172719744656 -4.804526513871803 0.714283340716154 0.07619893530970377 0.6956960769136467 83.98738065301254
0.6885065957155996 0.0006197192191882243 -0.7252298143376382 -49.13457299923681 -0.05627915554788668 0.9970297260541112 -0.05257739072339669 -4.871442161025238 0.7230430998958034 0.07701520182764772 0.6864964197871056 84.75121380582752
0.6807884346501092 -6.0479336400950934e-05 -0.7324801045686526 -49.94364991898249 -0.05757042516155968 0.9969020832007149 -0.05358994921431219 -4.93850342084167 0.7302141832321334 0.07865260868099146 0.6786759269005375 85.50635357930415
0.672481572164446 0.0012657138149604792 -0.7401127840186075 -50.77720236308728 -0.06086387614457006 0.9967060161992398 -0.05359762917237716 -5.010342125178648 0.7376070252376219 0.08108955074964862 0.6703434650082947 86.2673183693521
0.6651518989992502 0.001281378501407776 -0.7467069768837219 -51.615098555449144 -0.06270294464690992 0.9965624534144979 -0.05414441039556174 -5.075322384522899 0.7440707573815125 0.08283498363380411 0.6629457545652506 87.01694739320124
0.6576302555445462 0.0027989635003041954 -0.7533356574567136 -52.46127738612819 -0.06581713600890318 0.9963827856181142 -0.05375359645151993 -5.142704823819213 0.7504602265276958 0.08493238679803648 0.6554356856876107 87.76450384619025
0.6513649862862043 0.004442577980822572 -0.7587515523155502 -53.3336155848605 -0.06828076673185643 0.9962688493023748 -0.052783679335869235 -5.2037255783627785 0.7556860403202396 0.08618957831783593 0.6492379879940104 88.50815414726867
0.6453524695042798 0.005355154186233092 -0.7638661613321862 -54.20756089884071 -0.06852478897993589 0.9963496929129466 -0.05090817937750677 -5.268435971046216 0.760805194120008 0.08519748679344255 0.6433636956217674 89.24676262524441
0.640347752059448 0.006681459308245097 -0.7680560621034925 -55.10859226133653 -0.07118196687914735 0.9961750022133742 -0.05068029751688548 -5.333848460178885 0.7647796310203533 0.08712475576262078 0.6383740227403337 89.99157655145014
0.6375344661195279 0.006190343206278745 -0.770396965311181 -56.00311195249352 -0.07263132714087797 0.9959970112590539 -0.05210224448895351 -5.4006008397765335 0.7669905441577772 0.0891719306397501 0.6354320356722158 90.72077329213086
0.6342412464618928 0.004602986576892211 -0.7731215000250853 -56.896669609881286 -0.07288143919325946 0.9958852293413908 -0.05386005756370092 -5.470255578784456 0.7696923652392456 0.09050647763679075 0.6319669614767827 91.4494083121438
0.6294915526900223 0.004520681346237614 -0.7769941753527312 -57.799016339301446 -0.07477164926170499 0.9956946852091622 -0.054784069882695574 -5.541216994377091 0.7734013095144006 0.09258324517099883 0.6271194121975633 92.17216608215878
0.6276146591177537 0.0023935897062361544 -0.7785204624085512 -58.6878573813916 -0.07493766231704803 0.9955376381542885 -0.057351179452888645 -5.614198522462014 0.7749091472082145 0.09433494446120991 0.6249933854262288 92.88160379362294
0.6257066478262896 0.002729281309967975 -0.7800536788513459 -59.57324175576818 -0.07573779433950514 0.9954818320331817 -0.057268740168150756 -5.685072601552415 0.7763729628049747 0.094912976538466 0.6230863098400046 93.59165070508561
0.6239492816626181 0.004209926296704698 -0.7814534985738304 -60.4459022485195 -0.07708050805658592 0.9954406972384995 -0.05618196827336116 -5.751553543817041 0.7776540935341636 0.09528953143922306 0.6214290112375281 94.28369123184292
0.6221529027549322 0.0057549691488295585 -0.782874604214307 -61.33200579745561 -0.07707845565708936 0.9955650745434053 -0.05393601786285189 -5.82158200463652 0.7790922135839441 0.09389921554240903 0.6198372851429561 94.98619068680442
0.6207019276996535 0.006949488387657396 -0.7840158299174091 -62.20705428631769 -0.07892641584546692 0.9954350753386463 -0.05366219961324635 -5.889648776487574 0.7800639318874591 0.09518779016603592 0.618416968372945 95.6753220666987
0.6192313671719762 0.007480586955553745 -0.7851729457445189 -63.085433074549385 -0.07968868432256133 0.9953903974756 -0.053363566263004716 -5.955835033407917 0.7811544197540357 0.09561379310626332 0.6169730748311213 96.36397475067908
0.6187944106832959 0.007825001403370016 -0.7855140015684955 -63.96616138485696 -0.07934855177092352 0.9954586847263034 -0.052591010019162804 -6.022372584804651 0.7815352101082652 0.09487242147229019 0.6166051727037445 97.05482246468209
0.6162999935371396 0.007907424243911575 -0.7874717713086281 -64.82737030954367 -0.079078152044609 0.9955168571089363 -0.051892514692923664 -6.088603074398784 0.7835310867064122 0.09425316893225605 0.6141623370989923 97.72756185643533
0.6151029211943214 0.007970644851839334 -0.7884065354617871 -65.69629116567404 -0.07930655652742008 0.9955030150645552 -0.05180943050394542 -6.160838006581125 0.7844481285782863 0.09439393951957865 0.6129689370204648 98.40103806448589
0.6130737138588219 0.008085096692440917 -0.7899843369249959 -66.56080903595948 -0.07922425761510987 0.9955362688182804 -0.051293805402907705 -6.228649990564591 0.7860433438307879 0.09403280639675995 0.6109776533887826 99.06693893548072
0.6122404842331518 0.008249279946068826 -0.7906285719896085 -67.39704248259822 -0.07775772479353199 0.9957265135761043 -0.04982415474957759 -6.293507034098068 0.7868388181202612 0.09198184354506002 0.6102655280754132 99.71124434944402
0.6119275357489786 0.008155459920663542 -0.7908717844667776 -68.23504812705256 -0.07698546197697251 0.9958127177169358 -0.04929776746874924 -6.357493856424986 0.7871581350887349 0.09105229105680539 0.6099930742696446 100.3496609065301
0.6110458339322699 0.007219667873672876 -0.7915622939666916 -69.07825850903806 -0.07574298836588361 0.9959036056140271 -0.04938631428226162 -6.420969140048425 0.7879631898429157 0.09013259521823697 0.6090895884283386 100.9989165683775
0.6099096038362636 0.005693773020488693 -0.7924505385808527 -69.8894298248271 -0.07464706950964102 0.9959408117782261 -0.050296266741687794 -6.481764845534743 0.7889474571617017 0.0898302865592632 0.6078588894264572 101.62109128026543
0.6091379000173106 0.004301415857069703 -0.7930526568798099 -70.720427538811 -0.07439720206147457 0.9958854259585966 -0.05174238773663947 -6.5481291669099155 0.7895670174772532 0.0905191481670545 0.6069515703309332 102.25365694963943
0.6084576652621063 0.004452467915895146 -0.7935738435163074 -71.54504570845847 -0.07602659328706651 0.9957118574357608 -0.05270535148341446 -6.613126054913328 0.7899362168535823 0.0924016909546855 0.6061870180165236 102.87752324241683
0.6100135592875784 0.004419172656863493 -0.7923786521596409 -72.37262339294361 -0.07751850532996583 0.9955206185037286 -0.05412558974608697 -6.680390396821836 0.7885900955608739 0.09444135242033802 0.6076236434967861 103.50610588793161
0.6127593958394852 0.006058818106142817 -0.7902462992849669 -73.18068953060596 -0.08037484770325823 0.9952631033307173 -0.054692220700824364 -6.746730383626959 0.7861716140049239 0.09702909806684959 0.6103437944808046 104.12264833910947
0.6162571630072108 0.006286583345444206 -0.7875198968357212 -73.95843347673507 -0.08205839851512495 0.9950377452132 -0.05626992832911791 -6.806815788187497 0.7832582768636646 0.09929936792785697 0.6137150049116374 104.71982538049309
0.6213848429234803 0.007204468933917754 -0.7834723815249277 -74.74481743630663 -0.0840880998085102 0.994795398515359 -0.05754395331624382 -6.8713202267383835 0.7789801463808662 0.10163764420748955 0.61875659255025 105.33182558080063
0.6250303648037578 0.009893956209904499 -0.7805377330429311 -75.54279256083352 -0.08728172460289688 0.9945351784626957 -0.0572859437429285 -6.936827250138721 0.7757054490098838 0.1039321337733927 0.6224782469658552 105.95966155136044
0.6294043795098947 0.01166608155894195 -0.7769903664749161 -76.3336447567924 -0.08895342221957916 0.9943962079717542 -0.0571267909725465 -7.003634165767433 0.7719698282505539 0.10507180455505585 0.6269150661440148 106.58505827152487
0.6350378376883291 0.013017081243088313 -0.7723713487047809 -77.12021287196731 -0.09036521086621482 0.994245010591501 -0.057541181592060134 -7.074174700628707 0.7671773415379496 0.10633632732898361 0.632559492949831 107.22014996755676
0.6402975886907144 0.01450259075488642 -0.7679900212751812 -77.88869534331398 -0.09251946343156545 0.9939987777337147 -0.05836590400410882 -7.141344045191726 0.762534685639409 0.10842557228476088 0.6377967924594244 107.85304153465246
0.6473888102067211 0.014184901403274379 -0.7620278977775718 -78.64300077358946 -0.09293942964555493 0.993834554328894 -0.06045776243831441 -7.20950060642018 0.7564720687747071 0.10996211708614972 0.6447157063153083 108.47827223847911
0.6547281615216984 0.014771294203657928 -0.7557200826880055 -79.40279157794635 -0.09589433737022052 0.9933535448725663 -0.06366326216455648 -7.280721158354168 0.7497568342941219 0.1141514071602085 0.6517930236452376 109.12410620926964
0.6614673427671949 0.01532054784538233 -0.7498174679655204 -80.13565586802125 -0.09808000826943364 0.9929719491697804 -0.06623458416745279 -7.346224651113305 0.7435329625715156 0.11735411784715913 0.6583211561190638 109.7559749275268
0.6692916979426428 0.017851486367879615 -0.7427852633833762 -80.88538164633049 -0.10116155383350298 0.9925912696959739 -0.06729718678611846 -7.419512245788244 0.7360808128806549 0.12018275981933452 0.6661389803570743 110.41293941865717
0.6774671389942312 0.020180878353676067 -0.7352761438615054 -81.59749869312455 -0.10228410238036306 0.9924962211406569 -0.0670015926807686 -7.491359142552064 0.728406643286025 0.12059843767806591 0.6744477584263997 111.05839707482944
0.6881860629290453 0.02236449878684038 -0.7251894731614862 -82.30250529528743 -0.10356273401536908 0.9923178692135335 -0.06767574574967661 -7.5625837606847846 0.7181049386499737 0.12167610954302563 0.6852154562274494 111.71114074605691
0.6972768191114993 0.022751466865552433 -0.716440791890869 -83.00415925350202 -0.1034197380390188 0.9922315698347358 -0.06914383274910905 -7.636165890569019 0.7093020480117694 0.12230651077829711 0.6942130235796129 112.37777900940077
