1.0 0.0 0.0 0.0 0.0 1.0 0.0 0.0 0.0 0.0 1.0 0.0
0.9999240100204426 -0.002048546801565852 0.012156382711959025 0.009633849374949932 0.002037236094187416 0.9999974804483561 0.000942743886867834 0.0007634807843714952 -0.012158283338299119 -0.0009179068261435841 0.9999256640337442 0.2249787300825119
0.9997944472205911 -0.004043514165492228 0.019867392885481523 0.017498567668961806 0.004013268968983952 0.9999907268890643 0.0015619884965690264 0.0014309312966488885 -0.019873524575555506 -0.0014819342341302365 0.9998014037256951 0.45779106222939053
0.9996904652390743 -0.006288259857931792 0.02407138338447398 0.023152702516004157 0.006263563203197529 0.9999797773228891 0.0011012362439172321 0.000386905773168448 -0.024077821456326903 -0.0009501227418026968 0.9997096357346432 0.6769531956009323
0.9996219611529199 -0.007841310437598831 0.026352393276738724 0.028027603188520104 0.007846280200083483 0.999969213840926 -8.519027364422149e-05 0.0029771912787119833 -0.02635091398438541 0.00029192633000347867 0.999652711751039 0.907320104717922
0.9996386044560277 -0.00962723051721156 0.025099340903182228 0.033469335882443 0.009653820235977653 0.9999529604547115 -0.0009384203269430056 0.002175464568526827 -0.02508912585278958 0.0011803857111393173 0.9996845214634046 1.1593753064615018
0.9998306916089928 -0.010789873143376061 0.014905259280982327 0.029829170090437916 0.010834383231490679 0.9999370758708594 -0.002908683349677642 0.000977745081157845 -0.014872937056165181 0.0030696801763946536 0.9998846797540897 1.4213406438438874
0.9999532191610341 -0.009539684967891792 -0.0015980926751956901 0.014901778173786741 0.009533207948559675 0.999946506625581 -0.004012708998479533 0.0029896084320982907 0.001636287167539179 0.003997286330792347 0.9999906720896427 1.679894076630033
0.9997838302929838 -0.005645306444996167 -0.020010577198886333 -0.012466310910623736 0.0055784353052402225 0.9999786737729868 -0.003396035742460463 0.002958265637578179 0.020029322111238666 0.003283673912084495 0.9997940006528363 1.9581478795772878
0.9993067980650321 -0.002818506928522156 -0.0371211443749647 -0.04366897850230799 0.0026785831403864464 0.9999891217740535 -0.0038185764254616288 0.003527415300356538 0.03713150324688106 0.0037164973094200447 0.9993034769850327 2.24964579303008
0.9983953668361328 -0.0019273724686559726 -0.05659484707560475 -0.08099101001293835 0.0016677924294256968 0.999987874447178 -0.00463351130653268 0.0033773667920064736 0.05660309133392248 0.004531687763127865 0.9983864751975867 2.5680348644937947
0.9970598088227222 -0.002866419716276631 -0.07657363298425099 -0.12156279084449809 0.002575527817037031 0.9999890886552417 -0.0038973358750226577 0.003712211188338524 0.07658396886333521 0.0036886594406655053 0.9970563121031181 2.894014955106173
0.9954378594217815 -0.003610579876590138 -0.0953437556567624 -0.17112542513154025 0.0033393571939543077 0.9999899120284438 -0.0030040863630288886 0.004050668343600112 0.09535364032543717 0.00267199444238061 0.9954398744888548 3.2233291389669456
0.9934238290952483 -0.0021328503047881656 -0.11447509220486635 -0.2277065046112017 0.0018557793065946285 0.9999950854766904 -0.002526876655534761 0.000696524847027191 0.11447991906400223 0.0022978189755584336 0.9934229049901434 3.575356494238062
0.9912700320806523 -0.0015497903648950466 -0.1318382404640156 -0.28952312156914467 0.0012449907903185672 0.9999963586132005 -0.002394317913669555 -0.004114588018699481 0.13184147108082017 0.0022092781999049956 0.9912683519577739 3.9315960255384907
0.9894217386426799 -0.00012942184865007207 -0.14506759235363884 -0.35892354464459925 -0.000258640644612848 0.9999964388922609 -0.002656182940584712 -0.010475654015366891 0.14506741952041954 0.0026656055188251306 0.9894181817315187 4.306873761041787
0.9873192742032337 -0.0008505460425232525 -0.15874484986364018 -0.42859023473924507 0.00029808302249619505 0.9999938166407013 -0.0035039730129577313 -0.015460467394861222 0.15874684857757593 0.003412220947328086 0.9873134227867537 4.6742254521633555
0.9854322882694506 -0.003596706174314845 -0.17003020008436814 -0.4995378434345654 0.0026728358849004486 0.9999803977977006 -0.00566215230146732 -0.021998095120599772 0.17004723221613166 0.005125204878662774 0.9854225850317138 5.048127202636596
0.983731766574977 -0.0034205625417176866 -0.17961099961631957 -0.5834028863040259 0.002048532023316202 0.9999672951213219 -0.007823822869725895 -0.025191269501821493 0.17963188733580907 0.007328604208551294 0.9837066008788037 5.455426663748785
0.9820781528665832 -0.002590477100116557 -0.18845633735842846 -0.6711665607105681 0.0008182973201735712 0.9999547208298502 -0.00948085858939955 -0.028986006499647565 0.18847236415892868 0.00915673077523666 0.9820358049632681 5.874175401010906
0.9801754766345836 -0.002706404800359493 -0.1981128728205809 -0.7622875496043414 0.00027755227484616246 0.9999244773158066 -0.012286685047066937 -0.03811687978277692 0.19813116354804408 0.011988120693740183 0.9801022023204166 6.282787141220646
0.9781870066579356 -0.004155389488078146 -0.20768464734734463 -0.8614431139082022 0.0012683909554924266 0.9999007406335735 -0.014032108352483037 -0.04443773690468288 0.20772234157637584 0.013462600738125188 0.978095183093851 6.712342122508067
0.9763780204409946 -0.008588881326155455 -0.2158985695119119 -0.9586735457974134 0.005276225646756323 0.9998594229937234 -0.015915266054422984 -0.051336844772274765 0.2160049134687661 0.014400186395452522 0.9762860810178168 7.1504414963104805
0.9734361186981243 -0.00910674175900311 -0.22877759957755103 -1.0807806423350426 0.0050405352149772015 0.9998188880154095 -0.018351680369293192 -0.05957278344535444 0.22890328922642858 0.016711026963204725 0.9733057206033247 7.63057314986372
0.9707437154037873 -0.005025233696230237 -0.24006537865829186 -1.2201154148830122 -0.0003682503930319712 0.9997486488361339 -0.022416590774976694 -0.06598860679717104 0.24011768655327914 0.021849168785631423 0.9704978672968212 8.111559950604116
0.9680746380356967 -0.0032084005246457922 -0.25064157946782945 -1.3654658116018878 -0.0032170459983460594 0.9996766961930538 -0.025222087613545476 -0.07610968402199603 0.2506414686501404 0.025223188827233782 0.9677513342477428 8.613676179920896
0.9647681173754298 -0.004824358660438321 -0.26305741817972855 -1.5086813997631223 -0.0021136655058805777 0.9996574889219084 -0.026085192360300487 -0.09011724276446785 0.2630931624235004 0.025722177315695535 0.9644274765269506 9.106858794650257
0.961601997798066 -0.005351518614205321 -0.2743956251096039 -1.6580830317601376 -0.0022614529950435768 0.9996214248344151 -0.027420664513564043 -0.10556228925328581 0.27443848793695047 0.026988298585424682 0.9612258569547245 9.597307786094973
0.9586945340253374 -0.0037043854941515497 -0.2844135509395645 -1.8153929283420727 -0.004944083395991331 0.9995471011845963 -0.02968414649007263 -0.11964026336141995 0.28439470190092325 0.029864193302035262 0.9582420276157293 10.100769352380087
0.9558447342360058 -0.001986359244877867 -0.2938654426948668 -1.9882331627093253 -0.008031621683339183 0.9994270454046569 -0.032879689275505185 -0.1365382149530833 0.2937623820138233 0.033788093918839864 0.9552811249171086 10.626172409961054
0.9529596970461507 -0.0022351041377745087 -0.3030887990592893 -2.1628537990294423 -0.009744970479609757 0.9992298986652278 -0.03800848804978026 -0.15899488279290303 0.3029403428994898 0.03917414865663398 0.9522040404876297 11.15372224256148
0.949959137971075 -0.0026147759244930244 -0.3123632486899141 -2.3519349226587836 -0.011870448950081793 0.9989405285757352 -0.044462487678429516 -0.1833563092041301 0.3121485681962612 0.04594543846450577 0.9489216448460477 11.70921235036794
0.9483174473897028 -0.002612707516417086 -0.3173124528531967 -2.5351089264277227 -0.014528094204517401 0.9985600571582347 -0.051640553123760556 -0.20592977054887304 0.31699046271940606 0.05358158272743468 0.9469139668086853 12.222681876816909
0.9472829106577125 -0.004445000085015424 -0.3203674907822212 -2.7212904298319467 -0.015544358449468363 0.9980886989640416 -0.05981071743978168 -0.23607212101936395 0.3200210307093064 0.06163757761715799 0.9454032731745973 12.746742156240312
0.9461408847842886 -0.004235793441689825 -0.32372748445802846 -2.9289925702714377 -0.01862008317603673 0.9975473853146843 -0.06747226507502525 -0.27247951892119787 0.3232193042535071 0.06986610126346206 0.9437414949296882 13.315921152538184
0.9455394629311046 -0.005231541213768399 -0.3254654436595181 -3.136735272984273 -0.019928503756305376 0.9970648169283942 -0.07392297059495585 -0.3162907275366616 0.3248968740662077 0.0763831252311427 0.9426598747172441 13.894979993668649
0.9446872501152487 -0.004231837390797986 -0.3279452561358184 -3.347093158605732 -0.023156038753604728 0.996560803455781 -0.07956357762701298 -0.3595341422833911 0.32715408806697077 0.08275661041793585 0.9413402923986642 14.465595653029926
0.9438837304796222 -0.004089568147789971 -0.3302525984276837 -3.549387784025134 -0.025350359836474975 0.9960765168316138 -0.0847875690933601 -0.40485271144376517 0.3293036024583295 0.08840162922121209 0.9400767465260493 15.023938069362165
0.9431487941850046 -0.002156953967918167 -0.3323638060573868 -3.7761226790558546 -0.029274804678088892 0.9955534387348152 -0.08953399596993612 -0.4579142911321894 0.33107905073929356 0.09417376584200653 0.9388918808833653 15.626893785698101
0.9419689599792603 0.00011528124806461579 -0.33569996298156624 -4.009955391476659 -0.032703573323130924 0.9952749061760606 -0.09142394340725335 -0.5088051013440161 0.3341032096934863 0.09709710524247317 0.9375218383728684 16.246208193975004
0.9414068409909618 0.0015599287870529145 -0.3372695159032275 -4.243394190785523 -0.03486466272533069 0.995082200970803 -0.09271390728553934 -0.5645134501953912 0.33546626511240596 0.0990402944931101 0.9368315777332931 16.86314437728862
0.9394442029901625 0.003604465505780235 -0.34268293989721166 -4.4783320476551305 -0.0374423791493813 0.9950381663462305 -0.09217980124715631 -0.6238903166744921 0.34065034523953197 0.0994286444780824 0.9349177968920256 17.48980360062647
0.937294294561317 0.004799635076811092 -0.34850590939886983 -4.713965890982359 -0.039038330548776826 0.9950590281783184 -0.09128822042731263 -0.6786319074794858 0.3463458013759778 0.09916901705649112 0.9328505196039083 18.090517054130967
0.9350732427355396 0.005491498361571454 -0.3544120118813524 -4.958494497491286 -0.039930229108963655 0.9951471669432943 -0.08993160138706098 -0.7386408206147478 0.35219825031273044 0.0982443869667902 0.9307547651804804 18.71864275715876
0.9318303609060147 0.005962037811478079 -0.3628451909546289 -5.260797803595211 -0.04041605685168555 0.9953497233765987 -0.08743838129042696 -0.8142033967161287 0.360636549509791 0.09614251026087924 0.9277380540208583 19.479170078418743
0.928818406914148 0.006689220677333827 -0.3704748592066595 -5.539567503285245 -0.04012664654435397 0.9957727827957584 -0.08262213553458878 -0.8808124268532677 0.3683561038106587 0.09160687403203649 0.9251605057586008 20.169171252887867
0.9263200543201386 0.008167334805425874 -0.3766489766433882 -5.7787599919540265 -0.04098409121860651 0.9960161088935743 -0.07919731745134266 -0.9316458680424297 0.37450161712777746 0.0887986794196844 0.9229644268887073 20.737282370110016
0.922845728321245 0.01066839352466591 -0.3850220085902027 -6.064797889912662 -0.043432010906132676 0.9961232247914872 -0.07649955202259814 -0.9873397335076226 0.38271323748713054 0.08731956487873432 0.9197314126643213 21.405400685619032
0.9196570841706003 0.011947282503493056 -0.3925405838580403 -6.353491531214564 -0.045344761671822005 0.996082431547114 -0.07591865483604711 -1.0406097950287345 0.3900957576336291 0.08761878796223403 0.9165960112679271 22.061897979067947
0.916123069009311 0.012261320874610786 -0.400709598636433 -6.663845173991226 -0.04627669394301585 0.9960849468320597 -0.0753209552002446 -1.0997834906435024 0.39821726485257497 0.08754678009488781 0.9131038118792143 22.76321960896207
0.9125603332485295 0.012470851385820145 -0.4087519003589413 -6.976110578933724 -0.04734645604609178 0.9960351324966545 -0.07531485864188836 -1.1546105128932243 0.4061920128230104 0.08808230638490863 0.9095326030553862 23.440342140627983
0.908678330358101 0.012713780978685946 -0.4173033090101729 -7.310126090032312 -0.047828893183717094 0.9961255483953203 -0.07379897567678699 -1.2110805360167023 0.41474822352173424 0.08701868539198017 0.9057657862152981 24.160334048486604
0.9045796711604706 0.012688786210706564 -0.42611572750570254 -7.640740045762529 -0.04807280797532791 0.9962174684852577 -0.07238619079763735 -1.2686370301550205 0.4235854384378462 0.08596365621193465 0.9017680556296581 24.853757467748004
0.9013991608657982 0.01370341925421828 -0.4327721907553422 -7.985355373506037 -0.04864567471695595 0.9963761624331564 -0.06977206651883582 -1.3279813985374092 0.43024777875285686 0.08394497742998004 0.898799248799482 25.566368179012358
0.8977487118134762 0.016143481775210952 -0.4402120380378273 -8.351486285030658 -0.04968838082727539 0.9966615654817489 -0.06478262654626797 -1.387254098757904 0.43769660182369224 0.08003194292058018 0.8955537799955674 26.311286683416704
0.8942382044086976 0.01726681018702439 -0.4472581928169384 -8.710184658480646 -0.04978607886428847 0.9968919703061644 -0.06105526914536079 -1.4453995536760855 0.44481387132960143 0.07686518591052043 0.892318532289739 27.02643529788183
0.8910312207574704 0.018093383172074175 -0.45358129714621237 -9.101622566140572 -0.050404922130919946 0.9969699163805987 -0.059248035047907016 -1.4994091815135488 0.4511349104873486 0.07565457895891448 0.8892433172209514 27.791720716302688
0.8889532956782354 0.018449437276934943 -0.45762610979594287 -9.4767240658958 -0.050564297614876935 0.9970336703080013 -0.05802682206419794 -1.5505529331788341 0.455198077664568 0.0747226775237637 0.8872492499597628 28.516673953256838
0.8873056865360484 0.019420855621524128 -0.46077266521324856 -9.865215113870388 -0.051175273606197794 0.9970889405133687 -0.05652199640192549 -1.598455600420682 0.45833362304343694 0.0737324560343435 0.8857165544998133 29.26229719886549
0.8852682050528405 0.01850546591876661 -0.46471254862942046 -10.271891447681293 -0.05031050677702028 0.9971549507724787 -0.05613249555983815 -1.6517702562132441 0.46235166056840493 0.07307223741658128 0.8836805927984237 30.038049997447047
0.8842152029274033 0.018498618244265276 -0.4667132696154076 -10.675112894286576 -0.05070790045356074 0.9971113669423076 -0.05654759717295437 -1.7031971547995588 0.46431905382359984 0.07366629512535484 0.8825990557545715 30.792935253354678
0.8835304102718174 0.017883684452558012 -0.46803225097776674 -11.085685627508164 -0.05013113848141089 0.9971412909348604 -0.05653419201967731 -1.7539826457153624 0.46568324328825866 0.07341266745706408 0.8819011833404959 31.558567487692365
0.8829895290276164 0.0187019438370164 -0.46901996644525223 -11.521771794365446 -0.05157774473999836 0.9970211548990359 -0.057345905968330106 -1.80509858924076 0.46655034870324985 0.07482682660991358 0.8813238440802371 32.36244891629204
0.8827597274471325 0.01858479459420905 -0.46945699377829647 -11.96355246573129 -0.051411686689644374 0.9970379318185916 -0.0572031553905158 -1.8611207204719489 0.4670033212614127 0.0746322177400398 0.8811004085835014 33.18484640943338
0.8824756267401253 0.01958408762755989 -0.46995024387845474 -12.414029423465935 -0.05199368109840054 0.9970713643418644 -0.05608343369740252 -1.9149632141901056 0.4674755879566984 0.07392670641418549 0.8809094259589291 34.02064984350602
0.8827077362663011 0.01932690428635749 -0.4695247843365974 -12.849191908585926 -0.051566563858614745 0.9971037455020525 -0.05590179064746953 -1.9689316255981977 0.4670845125107851 0.07355672285035597 0.8811478120588385 34.835185390398
0.8829854185059786 0.017877015492473503 -0.469059871469415 -13.300301987148906 -0.050072542211518925 0.9971600109922297 -0.05625524859470683 -2.026678278010454 0.46672207063979515 0.07315958443743699 0.8813728972362628 35.675051852699795
0.8817541490905565 0.016009618747253228 -0.471437496036491 -13.746776017040242 -0.04863333971364476 0.9971833432767326 -0.05709796983899942 -2.0817011669764733 0.4691955017153149 0.0732739517086779 0.8800491515654727 36.5072518278282
0.880858187077935 0.015390943385078962 -0.4731299748689482 -14.212795079502595 -0.047324866432077964 0.9973273216560634 -0.05566480481892884 -2.139349067256318 0.471008716771739 0.07142361192253412 0.8792323108172149 37.372840399961426
0.8791626047644838 0.016803854983617143 -0.4762255188893364 -14.677117474089323 -0.04762986717048544 0.9974720935620054 -0.05273346488096345 -2.1961769162056184 0.4741355398375554 0.06904384855089885 0.8777405293366773 38.22193623176329
0.8773095668856578 0.01663787734679016 -0.47963642990112126 -15.144638726896446 -0.046184113902966575 0.9976874463147285 -0.04986769584604655 -2.251436944292889 0.4776975523005093 0.06590099015484642 0.8760491470361199 39.07400051473955
0.8745725525064195 0.016621797225514906 -0.48460970508172885 -15.619523826856671 -0.046181453781781526 0.9977245564480071 -0.04912212115970653 -2.307575396136379 0.48269050511586353 0.06534083958460878 0.8733501307914089 39.927363298062986
0.8705575972762546 0.014273174862468128 -0.49185947820890885 -16.117815279121743 -0.045049464586387894 0.997693175780093 -0.05078260275244347 -2.36975461031377 0.4900000158827288 0.06636718678065316 0.8691923728115357 40.809129610642024
0.8664043948666814 0.011625123328054453 -0.49920765324993516 -16.60932024057812 -0.043833770881035475 0.997640277111783 -0.052843902341460816 -2.4276264450373 0.497415344642733 0.06766634312516441 0.8648694935780883 41.65746713671413
0.8612229496751453 0.01199117954105897 -0.5080858614112937 -17.11903312185919 -0.04482903001274162 0.9976172438049327 -0.05244228190274011 -2.483451786102072 0.5062463718595511 0.06794149303822988 0.8597084183040069 42.52185463129589
0.8569810314643512 0.014920928902232754 -0.5151319030995762 -17.633940101765237 -0.0464077288438375 0.9977539825002344 -0.04830437980637794 -2.538795118500054 0.5132541616137696 0.06530203890857066 0.8557486834933081 43.37635533959283
0.853119657602258 0.017076838672164488 -0.521435740425962 -18.147627285458288 -0.04754093057005278 0.9978505094253279 -0.04510233652647361 -2.591951993845141 0.5195447138920188 0.06326723022686169 0.8520977337408437 44.21202928936787
0.8502231295562811 0.01701071467584023 -0.5261475701300353 -18.677606934241258 -0.04838929760159563 0.9977717168878368 -0.04593557288553743 -2.6469002317090493 0.5241937674611818 0.06451539789008097 0.8491517282499854 45.064329986347744
0.848392594977594 0.014158942113562101 -0.5291781638970083 -19.18765531517147 -0.04790573871023594 0.9975940363894338 -0.05011166290259848 -2.6995932409260326 0.5271954523569136 0.06786503457939044 0.8470296878479098 45.87871767193938
0.8473312277944544 0.012543500424445096 -0.5309166139813712 -19.70118600556687 -0.050231479332610525 0.99713194174122 -0.056609974769839186 -2.7588315665817515 0.5286838269593652 0.07463612634968574 0.8455311110509853 46.686369795343694
0.8451552551647172 0.011517332270112583 -0.5343968054964793 -20.21541179906864 -0.05053401146542062 0.9970115093662815 -0.05843255835903778 -2.8173584553637796 0.53212677845855 0.07638979806590303 0.8432115336016083 47.505888337130926
0.8438937671505962 0.011293454258978038 -0.5363914313775676 -20.74660005835214 -0.048932669926935485 0.9972316052887138 -0.05598856335999796 -2.8797909137272515 0.5342741838964308 0.0734954645144535 0.8421101549783185 48.340792416509224
0.8425229476678934 0.013630339598276708 -0.5384879724705466 -21.289213629257496 -0.04913551056965676 0.9974567896948268 -0.05162997475061983 -2.939638839898132 0.536414750220446 0.06995831997787069 0.8410499683204384 49.183398653577065
0.8409979886253193 0.01583840828618481 -0.5408063682605149 -21.813721226858927 -0.05059018207802289 0.9974941007182039 -0.04945859389119759 -2.9953257657048202 0.5386678165673906 0.06895407062198741 0.8396918003286552 49.9828423137276
0.8394972347775819 0.01664771129038421 -0.5431088716911054 -22.360557539433902 -0.05228052412767663 0.9973679109292369 -0.050239397344962335 -3.0502466338493908 0.5408429897832909 0.07056985161839013 0.8381579543527755 50.82060920557097
0.836857563904583 0.01498896319540442 -0.5472154499993709 -22.911313820799446 -0.05198253344531739 0.9972838409229536 -0.05218004264628118 -3.1083405549603715 0.5449470010489952 0.0721129088047908 0.8353636899168042 51.65863499580856
0.8344275309390224 0.012881791795521867 -0.550967108865079 -23.45005179426095 -0.0514059941140533 0.9971875234757304 -0.05453867245804576 -3.167296183719559 0.5487149709823426 0.0738315817552144 0.8327429244102711 52.469526755861644
0.8324875387328994 0.010934672623046388 -0.5539358543992853 -23.999829749745167 -0.049790835547869325 0.9972362306031477 -0.055143205092473044 -3.22824446182578 0.5518019305420055 0.07348696011573967 0.8307311816364324 53.2935878588206
0.8296224257836738 0.0102907514706349 -0.5582299983617706 -24.55544501021662 -0.04933287866570974 0.9972706161388334 -0.05493255199447937 -3.289120975787003 0.5561410771731999 0.07311236981688833 0.8278657401175576 54.12231107499445
0.8273425330680626 0.010809942412457557 -0.5615936948734034 -25.113441899329526 -0.049960468758101624 0.9972682437425272 -0.05440589659371763 -3.3477939669920227 0.5594714331741993 0.07306979654915494 0.8256225047164549 54.937603951629136
0.8234262114269331 0.010573888337056844 -0.5673248339536382 -25.679041141789373 -0.05065353241527294 0.9972043592505087 -0.05493346471539295 -3.411719340748896 0.5651579372077707 0.07397066159781107 0.8216598123517053 55.75503859487678
0.819542924964819 0.009678236167669347 -0.5729360574137324 -26.2506895076795 -0.050565381326446654 0.997178276463909 -0.055485377891645316 -3.475357761113838 0.5707823896647654 0.07444337910889362 0.8177197851069946 56.57111177095367
0.8157379082689765 0.007935388254828118 -0.5783672662125688 -26.830802873567837 -0.04989338691066218 0.9971444129884097 -0.056689236973020925 -3.5383138355015586 0.5762658370539923 0.07510026137934206 0.813804421089746 57.38760372869175
0.8108332734821807 0.007202025827752808 -0.5852328882061806 -27.430885731217163 -0.050434001319190944 0.9970646962560221 -0.05760558124715418 -3.6033762037606647 0.5831001750343652 0.07622415826929818 0.8088164585188842 58.21578961559719
0.8070400552518764 0.00536107401866108 -0.5904723601527976 -28.038109333250485 -0.04978395930505281 0.9970163570179729 -0.05899102672884489 -3.671026886519379 0.5883943461786164 0.07700417341921724 0.8048990313455856 59.04345000321824
0.8020459585607633 0.004824604275255048 -0.5972428346576741 -28.65748218498885 -0.049789029522854966 0.9970268991337721 -0.05880828974615472 -3.739372091489033 0.5951834447424751 0.07690309224785828 0.7999016073913083 59.871885374756644
0.7973340649941834 0.004317583865743099 -0.6035227810691273 -29.281842385667208 -0.049101514170689406 0.9971236464025008 -0.0577362545644085 -3.8023973575691996 0.6015375550254507 0.07566896493637842 0.7952526501932956 60.6915430918968
0.7933461481538111 0.003619052235436883 -0.6087600444102986 -29.890844888542922 -0.04837033471589326 0.9971955189957884 -0.057108735007817796 -3.8674791041642043 0.6068461089345337 0.07475292205417713 0.7912962787195315 61.483048229124144
0.7884724966297115 0.0029325390073739153 -0.615063023009415 -30.522824124877555 -0.048537066341841295 0.9971668272203342 -0.05746713741139594 -3.93241408298334 0.6131519185727445 0.07516461206114747 0.7863809546550959 62.28954673393466
0.7845230609453225 0.0011594753682168668 -0.6200985586677754 -31.15650688004723 -0.047840451428290964 0.9971309557398134 -0.05866130166083924 -3.9951609039703166 0.6182514521229363 0.07568693891469747 0.7823276993853687 63.082290153105504
0.7810063204136598 0.002189173694968502 -0.6245192831229868 -31.80839955169983 -0.049974193504923464 0.9970062232867773 -0.05900144668539369 -4.058320099879184 0.6225204474211657 0.07729035027718627 0.7787775640685738 63.88320628261616
0.7773973007806784 0.0025724876875532487 -0.6290046256157525 -32.46927585948845 -0.05053102523794819 0.997015057674447 -0.058374568596445936 -4.123710568615901 0.6269769152268029 0.07716448067288936 0.7752068051140714 64.68977304153552
0.7751729178127659 0.0034232104618849082 -0.6317398429098617 -33.13617441017889 -0.05189642519512633 0.9969506241664814 -0.05827704544698412 -4.190252405765109 0.6296139361081596 0.07795982686099834 0.7729867766360519 65.49135626345908
0.7712400949482661 0.0031264776403230575 -0.6365366769336658 -33.79665051455529 -0.052275937851170406 0.9969211424469137 -0.05844195465691513 -4.258118379844753 0.6343941537135804 0.07834833042193634 0.7690289961075102 66.28541073025843
0.7675972839452443 0.0024398126303815486 -0.6409278095029213 -34.46423685993479 -0.05381590825187464 0.9967068269867628 -0.0606576380763806 -4.32544205844341 0.6386691300657251 0.08105275043024757 0.76520075401739 67.0699628871997
0.7659122238565279 0.0006787757744557872 -0.6429447912617352 -35.137506695769105 -0.05336479645202834 0.9966160604934149 -0.06251900883907162 -4.393051030067207 0.6407266685933883 0.08219469100881359 0.7633566459546837 67.86312627442379
0.7635495235694482 0.0008994225595711468 -0.6457486477693379 -35.829949497943716 -0.05510772424121578 0.9964417483417664 -0.063772885229997 -4.464751494475865 0.6433935528009456 0.08427949454442393 0.7608821873414527 68.6698311934007
0.7607601927445891 0.001890449973709834 -0.6490303192718445 -36.51282722310839 -0.055725534628347145 0.9964932985302088 -0.06241610989775766 -4.53655949395264 0.6466363691639996 0.08365125332761596 0.7581977801940062 69.46781526839808
0.7578595631000906 0.0014982632712310234 -0.6524160005892788 -37.20158035522209 -0.055291776649072776 0.9965471988467277 -0.06193948583681922 -4.606920176982986 0.6500705362133626 0.0830146714617998 0.7553256663647546 70.262269325919
0.7539029597401554 0.0019245027421331412 -0.6569829705435517 -37.90721301514313 -0.05658183693793876 0.9964703996893176 -0.06200998525834642 -4.677496036856219 0.6545447448599389 0.08392281473000862 0.751350875519574 71.06732285097424
0.7522596492485729 0.0014970352537430932 -0.6588650688857799 -38.62710969561445 -0.0563792908994875 0.9964758407218096 -0.06210695947664779 -4.749692197693172 0.6564501471323511 0.08386690493402063 0.7496929682121227 71.87801668212909
0.7500593924157732 0.0014623322213305166 -0.6613688603444796 -39.34524693555491 -0.056845265918160276 0.9964394977742789 -0.062265102730475655 -4.825801134120397 0.6589230027792132 0.08429821385899881 0.747471930943636 72.68608619855637
0.7493864925214572 0.0011751068586561067 -0.6621317874488877 -40.05429536744579 -0.05646521697922717 0.9964690620998324 -0.062137650014861955 -4.895784467111289 0.6597208228469653 0.08395253064530823 0.7468068080168873 73.47643538688911
0.7489382914421756 -0.0014089531392039029 -0.6626382500752026 -40.7754755832477 -0.05424653957355116 0.996510867512195 -0.06343030722287428 -4.969357144162126 0.6604155877596851 0.0834512179728049 0.7462487156859203 74.28625606040988
0.7467908149260605 -0.004515675691220047 -0.6650436733141084 -41.52294542982958 -0.05232012964952207 0.9964788343993791 -0.06551745284664441 -5.049540078418947 0.6629977999778943 0.08372300321361385 0.7439249800600632 75.12595225419975
0.7446603900071429 -0.007828590261889614 -0.6673976451328859 -42.255883286512514 -0.04964332862678525 0.9965118564133896 -0.06707950469698787 -5.128060558259905 0.66559480427454 0.08308329075121942 0.7416742703644812 75.9438404524342
0.7414323706349322 -0.011294228704539597 -0.6709325451732346 -42.99563160178479 -0.04577586733754315 0.9966778407453629 -0.06736357871028584 -5.208122437424606 0.6694644200733604 0.08065805703791021 0.7384522111082807 76.76952134710999
0.735398839815059 -0.013224818997194347 -0.6775054616467358 -43.74157187989949 -0.044286046653147525 0.9967341296454719 -0.06752644572105657 -5.290925235083705 0.6761858416666977 0.07966290832234915 0.7324114475942635 77.59009538394196
0.7285606939935269 -0.014068065377198648 -0.6848367723072509 -44.497419507405894 -0.04287875558491058 0.9968916174280008 -0.06609474579173447 -5.3694588592149595 0.6836378628244343 0.07751898243867347 0.7256928274928123 78.39596844835779
0.7210272199467254 -0.012315053950608931 -0.6927972918120351 -45.282281601312626 -0.04456376117154108 0.9969478946894419 -0.06410122046057498 -5.450619590888248 0.6914722115068273 0.07709237783648251 0.7182777638165995 79.214133179027
0.7134226164649509 -0.011295306566726473 -0.7006429806726585 -46.05528219042 -0.046211442573541345 0.9969350916733984 -0.06312626684213957 -5.530006720273838 0.6992086047036149 0.07741342932409329 0.7107140691366027 79.99739032931224
0.7062405485647125 -0.011715624697309947 -0.707875011355088 -46.84064977469522 -0.04802439245382715 0.9967672526599601 -0.06441041650351376 -5.605082930407415 0.7063412385614016 0.07948451523829725 0.7033948155516062 80.77511590012942
0.6969786690532207 -0.013179715740512073 -0.716970731604715 -47.64137221968536 -0.048326578964488165 0.9966947125161769 -0.06530077953504435 -5.687011537918944 0.7154615829311802 0.08016199308459512 0.6940380236084441 81.5607233008705
0.6887289813887688 -0.013948764549236364 -0.7248846957708095 -48.456468680112636 -0.04878524076147217 0.9966572999919301 -0.06553034912650242 -5.763923636402244 0.7233756911032014 0.08049632501143185 0.6857462731802629 82.33599224536167
0.6812954986797364 -0.01487637395366661 -0.7318573200950581 -49.282533661717075 -0.047499117929318775 0.9967879790195905 -0.06447913366336022 -5.846414552214308 0.7304657947328309 0.07869192067824674 0.6784005486033325 83.11323042487884
0.6705842789480727 -0.014684876363620317 -0.7416879931843842 -50.11845323937203 -0.04797747770545305 0.9968523789729559 -0.06311494410186537 -5.924994658731714 0.7402802756123633 0.07790820843880329 0.6677689904429074 83.87763999040706
0.6614824980911675 -0.0144236023266197 -0.749821888460848 -50.95079217420632 -0.049814845835734395 0.9967619486385144 -0.06311971863620479 -6.004113498511402 0.7483043403946222 0.07910485094022472 0.658622074261328 84.61317918595448
0.6534681921828995 -0.014402143941409574 -0.7568169528063602 -51.8026630095629 -0.05197602780985496 0.9966054807618081 -0.06384362339838594 -6.084149398077098 0.7551674081541937 0.08105611615058218 0.6505014155989679 85.34821918819932
0.6452610849206586 -0.01352306319147576 -0.7638424307728225 -52.67346353418858 -0.05543769498283171 0.9963785022973439 -0.06447125045081963 -6.166918945873632 0.7619480259584673 0.08394645270421584 0.6421745859315624 86.08278510757025
0.6380596632856658 -0.01407784088369729 -0.7698582210276358 -53.541521525085244 -0.057557609725658335 0.9961634810425326 -0.06591995600645321 -6.244071332249771 0.7678326560198202 0.08637206396328172 0.6348014484201112 86.80278716174664
0.6309318485581185 -0.012652539014868576 -0.7757350808952195 -54.419335317657435 -0.06040486285673844 0.9960308045891201 -0.0653749864459545 -6.325432398961899 0.7734831963386755 0.08810533222244464 0.6276632818762609 87.5218775643653
0.6251875200177732 -0.010815500758424506 -0.7803996346471281 -55.330063715660806 -0.06253055591077467 0.995995507476282 -0.0638974073382731 -6.3993791070657515 0.7779656126021998 0.08874668461643079 0.6220076619930626 88.24530589136026
0.6196210033646993 -0.009437971214719752 -0.7848444029797714 -56.24934209295158 -0.06294624650203409 0.9961095092797876 -0.06167345923236567 -6.479076799316465 0.7823730454461151 0.08761717994623675 0.6166162887384993 88.9683396580243
0.6145849338003285 -0.007859901753713504 -0.7888114990858512 -57.18707049795059 -0.06543806932507817 0.9959959631546809 -0.06090895223680863 -6.557478029244525 0.786131807160003 0.08905202593990517 0.6116097762849662 89.69149744073896
0.6106146499282181 -0.00840379782394569 -0.7918832776837592 -58.11514041422351 -0.06688407073824536 0.9958237349562539 -0.06214185368379315 -6.636721363722517 0.7890983908072053 0.09090910339405406 0.607502481102397 90.39760304665558
0.6067307328437017 -0.010383527215275232 -0.7948396065782797 -59.038096069438794 -0.0668310979206779 0.9957081660870443 -0.0640222800147882 -6.717428500391367 0.7920930640863242 0.09196428845016323 0.6034328027843645 91.09839232076557
0.6022552345100013 -0.010899547412847106 -0.798229185366896 -59.96582753415818 -0.06892999804697467 0.9954623767554744 -0.06559963287691388 -6.798834337949427 0.7953221283697237 0.09452965847043408 0.598771121376871 91.78789898550221
0.5998876536790607 -0.0135986848778566 -0.7999686735948003 -60.8873356555215 -0.06869540702001864 0.9952878411688747 -0.06843284500702057 -6.884393040659638 0.7971296908394426 0.09600619246170364 0.5961267205814725 92.47321191602039
0.5978797148674733 -0.013243921286414068 -0.8014764158095657 -61.81500675703869 -0.06980705114800762 0.9952045400037369 -0.06851933424931839 -6.969045793328003 0.7985404323889982 0.09691502517623177 0.5940880875216082 93.16277323947892
0.5962948914197335 -0.011647299799729817 -0.8026809720393921 -62.72535128132633 -0.07077564990762103 0.9952382834285185 -0.0670191508332483 -7.049143183094646 0.7996394248952974 0.09677344473372351 0.5926311589407756 93.83319699336776
0.5949289113956595 -0.009476089906428623 -0.8037224608692113 -63.65159739723675 -0.07079501795417832 0.9954266052394903 -0.06413999543382763 -7.132356061242138 0.800654517141097 0.09505828370778184 0.5915372066743458 94.51341428276574
0.5930314349888126 -0.008072331756581674 -0.8051388418000471 -64.56826057369119 -0.07243830751330373 0.9953599510769515 -0.06333450399819036 -7.2121020832023275 0.8019142153121603 0.09588224680356854 0.5896949940674262 95.1814351519892
0.5912702999148097 -0.007544666077646173 -0.8064381628199572 -65.48521153364707 -0.0733176206079088 0.9953125384824845 -0.0630672438588177 -7.290269644415487 0.803133836260835 0.09641591545657618 0.587945586172415 95.84710128839437
0.5906276340818977 -0.007108936388998982 -0.8069129202598241 -66.40472628210082 -0.07279782644416719 0.9954143306963376 -0.06205470739087686 -7.368580508714707 0.8036538274181396 0.09539273173454883 0.5874016959529446 96.5114391907057
0.5884404478953296 -0.006945563779801205 -0.8085107287009398 -67.30291364628262 -0.07199079849091697 0.9955414100223601 -0.06094773058392916 -7.445506101201899 0.8053292272191442 0.09406944283066496 0.585316816529428 97.16026728618202
0.5869336823166259 -0.00715158888608132 -0.8096034259677083 -68.20745831504621 -0.07175877612832778 0.9955661655201414 -0.0608168407604912 -7.526644451223399 0.8064487154251103 0.09379160329116293 0.583818126252742 97.81117832233659
0.5842283822325071 -0.007599152735104087 -0.8115537260537322 -69.10672870078146 -0.07086415069596567 0.9956594167322202 -0.06033736834329481 -7.606306262189177 0.808489622407194 0.09276086863631414 0.5811539827874446 98.45165801988789
0.5831126976528339 -0.0072968447003432975 -0.8123585033059321 -69.9839658208169 -0.06907420268904127 0.9958932384381168 -0.05852702073498835 -7.68229675086009 0.8094494032111631 0.09024086485988254 0.5802139691100452 99.07598641684645
0.5825188663846512 -0.007346018502574023 -0.8127839850280644 -70.86707637444923 -0.06829245604895975 0.9959810850906092 -0.05794668746816755 -7.75743298282064 0.8099431527908251 0.08926205326953007 0.5796760949818147 99.69864289578683
0.581219789961537 -0.009233816688272008 -0.8136942253613666 -71.74678764322506 -0.06677054147640565 0.9960226195316592 -0.05899691663332488 -7.831738225736947 0.8110026205555778 0.08862097951760227 0.578291510780961 100.32603563679106
0.5799073118361907 -0.010464188552845952 -0.8146152530101888 -72.59782829581168 -0.06584827450392142 0.9960438789163216 -0.05967072999540448 -7.904556636415363 0.8120169422024269 0.08824450142223444 0.5769240795329676 100.92734807020867
0.5797805005433415 -0.012268648573717053 -0.8146803369738875 -73.4656397758309 -0.06532278383209626 0.9959680274502347 -0.0614867645051656 -7.982508948077569 0.8121499277240241 0.08886601464600008 0.5766414192015688 101.53821434233403
0.5795777689353601 -0.012477932084210771 -0.8148213982013558 -74.32460100155767 -0.06695587195633382 0.9957729329982322 -0.06287429616834975 -8.05928453417321 0.8121616347541157 0.09099762150188406 0.5762923840504248 102.13937917243197
0.5809116343696183 -0.012534307801857315 -0.8138701150564179 -75.18417740239451 -0.06836756825639019 0.9955968253647011 -0.06413140365247476 -8.136964645599512 0.811090345562519 0.09289699915313261 0.577496838851622 102.74348015044508
0.584030413408248 -0.011684205818176537 -0.8116476794450839 -76.018820734538 -0.07109253836898591 0.9953179061467962 -0.06548371317978047 -8.213037805602172 0.8086125940167178 0.09594657387294231 0.5804652683491054 103.33339876255184
0.588165062320128 -0.01136668547603695 -0.808661027827636 -76.83034426284787 -0.07294871148846446 0.9950796248426405 -0.06704495294354783 -8.285068554662208 0.8054441910884531 0.09842427893725521 0.5844418844996897 103.91074682340631
0.5936366096809184 -0.010650132302479028 -0.8046627556489021 -77.65363996339518 -0.07444846842276617 0.9948974319621477 -0.06809203642591392 -8.361256843921751 0.8012820983873592 0.10032783540505243 0.5898146524518422 104.50896528073375
0.5981787653067356 -0.007908599354488538 -0.8013236666867887 -78.48224842753895 -0.07784429343865117 0.9946488132100197 -0.06792646287667735 -8.438572723624489 0.797572837247575 0.10301064234412695 0.59436215967094 105.11686760817669
0.6029288173216971 -0.006113118349021923 -0.7977715656922792 -79.30214131546957 -0.0795831171595594 0.9945220767509622 -0.06776700021486377 -8.515838549131352 0.7938157019776237 0.1043478252720408 0.5991395185219952 105.72136866406386
0.60926305099183 -0.00485912523933197 -0.7929532921919396 -80.12358077987486 -0.08133156946895628 0.9943246038314795 -0.06858394872772987 -8.597367152540313 0.7887862261118936 0.10627780162047025 0.6054100415246486 106.33946158463468
0.6146471753147114 -0.0033390396570289957 -0.7887950942366563 -80.91971889843762 -0.08324720351300585 0.994131961930911 -0.06907637349095629 -8.67627442613046 0.7843970633454148 0.10812258358717984 0.6107624365770399 106.95045156776335
0.6219788416403829 -0.003771043676085703 -0.7830249675337824 -81.706551080962 -0.08333587024788632 0.9939902083250121 -0.07098308590098788 -8.754956888122427 0.7785868309197859 0.1094040446400069 0.6179266151693843 107.56189510523316
0.6296528907246122 -0.004054980981216531 -0.7768660079649395 -82.49344443704126 -0.08576742610556728 0.993510828046222 -0.0747006236529262 -8.837218581534536 0.7721277004624078 0.11366526155405632 0.6252191795638409 108.18650376857232
0.6365049507850975 -0.003416311621399555 -0.7712650494097124 -83.2546571412131 -0.08827734086777855 0.9930957936116445 -0.07725189835966763 -8.914986739801883 0.7662039928866038 0.11725644342962084 0.6318088063321542 108.79905079259683
0.6446814909175599 -0.0010446571277377692 -0.7644505765317976 -84.0363954582239 -0.09110055485194882 0.9927678089517793 -0.07818418263786256 -8.999399792427177 0.7590035995790662 0.12004576710808695 0.6399238623660253 109.43597336609999
0.6532263704375263 0.0006066284909293992 -0.7571624270702356 -84.77647573091795 -0.09164838384420568 0.9927104321858997 -0.07827241894837365 -9.081127843782994 0.7515955579324302 0.1205223208835549 0.6485202290330507 110.0643296825393
0.664514057674565 0.003021078941969464 -0.7472696569745836 -85.51129403006267 -0.09277027415606917 0.9925895379603993 -0.07848366304250297 -9.163543406287364 0.7414949382065215 0.1214779083355808 0.6598699677970801 110.70189572308651
0.6746162906931009 0.003179836081837875 -0.738161736324753 -86.24062710377764 -0.09216204256282984 0.9925289631691916 -0.07995258082724106 -9.248793012146098 0.7323926667042269 0.12196780687042798 0.6698692677269866 111.35127048262264
