1.0 0.0 0.0 0.0 0.0 1.0 0.0 0.0 0.0 0.0 1.0 0.0
0.9999529412471272 -0.0026611831466066918 0.009329169066943001 0.008263768628239632 0.0026518986277669653 0.9999959762380567 0.0010074429830763307 -2.2354557586368173e-05 -0.009331812518875278 -0.0009826555634191245 0.9999559748624718 0.316947340965271
0.9998386892619427 -0.004780688954492169 0.017313014413467345 0.019015778259291245 0.004751571460061117 0.9999872275757068 0.0017225719467585316 -0.00026046793403278743 -0.017321028364980645 -0.0016400300522317849 0.9998486346831742 0.6148168837599779
0.999755906690126 -0.007789528451177692 0.02067487085117234 0.026347592583326036 0.00775830528862947 0.9999686398395216 0.0015899800457999519 -0.0010005180479723558 -0.020686607678708134 -0.0014291899824415573 0.9997849877242314 0.9092076134181633
0.9997538847693948 -0.00945817671754946 0.020067704943106602 0.03419405301159728 0.009444621385759862 0.9999551019899867 0.0007701500341357935 -1.9353617110489177e-05 -0.020074088158211007 -0.0005804286132137579 0.9997983267075623 1.2291431591279756
0.9997903993235387 -0.01253169085175574 0.016189939619254558 0.04002434603400231 0.012537789421778377 0.9999213609475913 -0.00027524013535310877 -0.001079518039488498 -0.016185217233458102 0.00047816849853206985 0.9998688964549267 1.5669293066617693
0.9998845422164199 -0.014632864633126363 0.004096524049623514 0.04069246727293846 0.014641960851813136 0.999890381898429 -0.0021993565940400753 -0.0012154117961912104 -0.004063892109113593 0.0022590838059655238 0.99998919060222 1.8932185185441968
0.9998147982881816 -0.014639977759343104 -0.012491604187158072 0.021809976349258135 0.014612563252518942 0.9998906242544948 -0.0022830950807979315 -0.0036993501663252814 0.012523662369842892 0.0021001378913704455 0.9999193704002756 2.246100820449394
0.9994290466629091 -0.012770216891610784 -0.031281020555761284 -0.006937473783300046 0.012714731936466222 0.999917219903139 -0.0019720377688034487 -0.0041971819592552095 0.03130361445987583 0.0015731820361928866 0.9995086837141679 2.6035913775822124
0.9986586748987094 -0.011290669105138483 -0.05053089986050085 -0.044375094755518374 0.011174565565319068 0.9999342352000284 -0.002579604496907899 -0.0033845059077142426 0.05055670216677586 0.0020114835550790557 0.9987191666329066 2.9609189121572745
0.9974199875156615 -0.011713940074254544 -0.07082479870917219 -0.08226030889757216 0.011473560575785332 0.9999269564887088 -0.0037998809115658136 -0.0037659351590478536 0.07086413699447536 0.002977464553117484 0.9974815330585641 3.358232741305374
0.9956581337228861 -0.012823907377153807 -0.09219776651872637 -0.136878658528696 0.012565655451116636 0.9999153328434182 -0.0033810424014230327 -0.002381711368666002 0.0922333185705861 0.0022078370000019895 0.9957349749814146 3.766514571505896
0.9935555707407594 -0.013972686595748482 -0.11248151794539851 -0.19825381782147602 0.013697533886568402 0.9999010039251477 -0.0032186821695075582 -0.003167529392111328 0.11251535635383433 0.0016572201962884391 0.99364860398724 4.150231539198536
0.9911976961120795 -0.014144390467913891 -0.13163230393940947 -0.26840353757292146 0.013933946172757818 0.9998997430422638 -0.0025197238082373613 -0.0063526907836686936 0.1316547468424917 0.0006633869958757993 0.9912954088219784 4.538411770430466
0.9886207139953059 -0.014553226709930799 -0.14972403765508388 -0.341680409378317 0.014507777917639656 0.9998937823610637 -0.001395842246853945 -0.009164249654464584 0.14972844832998192 -0.0007922045285227149 0.9887268400183546 4.955067169558829
0.9859762376026828 -0.014442304969168955 -0.1662596725307601 -0.4261156299937452 0.014351846494281563 0.9998954833029022 -0.0017455579796021607 -0.011152925191102994 0.16626750549960942 -0.0006650546091055112 0.9860804603668528 5.389605737580867
0.9831053615456692 -0.015877187600539258 -0.18235065948347096 -0.5192670053044159 0.015645130231929087 0.9998739319166997 -0.002711120333981263 -0.015846233688024926 0.18237071585149156 -0.00018758287936459345 0.9832298240047839 5.8478772499343
0.980579438164774 -0.018863768785855755 -0.19521302127586238 -0.6088159154399241 0.01838392160302613 0.9998218844125736 -0.004269763012677873 -0.02054909436468902 0.1952587946161461 0.0005980609370430752 0.9807515717286236 6.29060740965845
0.9786215114771516 -0.019303454205864812 -0.2047616026746653 -0.7198734449669325 0.01827873431941739 0.9998091560073225 -0.006894884742025157 -0.023283117538702568 0.2048556202447362 0.003004699593593098 0.9787875901514572 6.777974873935238
0.976965263754123 -0.01975489619342538 -0.21248204040394528 -0.8362808237069682 0.018399156795205082 0.9997958023037791 -0.008356119013527868 -0.02518674241914978 0.21260372632449862 0.004254147638454806 0.9771292431305123 7.282543728197076
0.9751293620064966 -0.02110326738499541 -0.2206295072253049 -0.955095439131749 0.018992246918500055 0.9997513432287667 -0.011685301419476116 -0.0314364789407819 0.22082124424472888 0.007204430439297368 0.975287687952768 7.778985644458378
0.9723869275639433 -0.024774370976413232 -0.23205579856034192 -1.0765735137455685 0.022330174168161576 0.9996641103660955 -0.013154077982997003 -0.03878262529074038 0.23230373743092148 0.007609007076238713 0.9726135288936401 8.283922305888673
0.9696880488537897 -0.030283131992072276 -0.24246240910063027 -1.2002408828445839 0.027610766455321817 0.9995148378829821 -0.014412995091441207 -0.049139399949916174 0.24278124615768892 0.007281536136486672 0.9700537334321295 8.79703420954217
0.9667073850822444 -0.030889972684608795 -0.2540130729214415 -1.3472590331469152 0.027641153095643183 0.9994841878437167 -0.016350073575654312 -0.059752644582206846 0.254387103216717 0.008784522635306744 0.9670625801255456 9.342643932891058
0.9638374269885184 -0.02721375513327285 -0.26509776662148465 -1.5097705343251595 0.022444164693790306 0.9995274138662158 -0.021004961345185428 -0.06592139624813882 0.2655441089675139 0.014295469962928218 0.9639927207874489 9.887579950859406
0.9609326823761094 -0.025109869114201596 -0.27564084315377385 -1.6877708604503323 0.019306945005207476 0.9995315693687 -0.023746235699790577 -0.07802562067723626 0.2761079894099799 0.017496751367376155 0.9609673469351427 10.452074683512569
0.9577963449262697 -0.027898784190230286 -0.28609057916433633 -1.8748105207160901 0.021573780961939792 0.9994486768272087 -0.02523716234738456 -0.09938822956661097 0.28663693694442915 0.018000006362469914 0.9578701718657214 11.059658927996216
0.9542633489914628 -0.02887022507296171 -0.2975701108576509 -2.0559873427091384 0.021532877751125366 0.999378577992069 -0.02790686342650628 -0.11548709269384773 0.298190871670065 0.020222956133738625 0.9542920077721808 11.620261861804552
0.9510232863844412 -0.02806776855541751 -0.3078423445903065 -2.2413972248227747 0.019517684351303223 0.9993344109802972 -0.030818744754218697 -0.12956419129441044 0.3085024615008775 0.0233009742067216 0.950938113574652 12.164883623565418
0.9477591892786466 -0.02698833286446645 -0.317842962840267 -2.4444302232295425 0.01701958577144667 0.9992735180797963 -0.0340994100329542 -0.14802732348751524 0.31853234190275076 0.026908473639802158 0.9475299896089437 12.733598360249353
0.9452861569524206 -0.02768882968642743 -0.3250652398899644 -2.6549513355480703 0.015681627078736115 0.9990964966673993 -0.03950034074654337 -0.17419930837195702 0.32586526056989806 0.03224157343439677 0.9448662936607418 13.314281653843377
0.9432509869209981 -0.029202925590017886 -0.33079414264697465 -2.873439092315323 0.014504453907413761 0.9987982149627875 -0.04681609342947189 -0.20117935853794336 0.33176376608878017 0.039361337936269516 0.9425409744867626 13.922161947015525
0.9420917051614552 -0.02991915520384974 -0.33401805822121333 -3.089887699527105 0.012215985791925918 0.9984129261225049 -0.05497634621025157 -0.22854316778094227 0.3351327927212039 0.047712399891285374 0.9409620280008651 14.500249047546008
0.9411552397042553 -0.03135735955778194 -0.33651676151239496 -3.315442082860686 0.01055171153798245 0.9979274245828887 -0.06347847390243627 -0.26606207754963707 0.3378098224753764 0.05619227052653289 0.9395354983034052 15.102066262056988
0.9404684106998459 -0.031305840130738644 -0.33843627590643227 -3.5454722713199365 0.007547878367404828 0.9974271505326544 -0.07128891156737241 -0.30740144177935524 0.33979728958285843 0.06449049351662939 0.9382850197238176 15.690595333288009
0.9400299080233829 -0.03323253528933401 -0.33946924841551335 -3.776357034031951 0.00716367094380824 0.996946401311595 -0.07775959574527981 -0.3573726759098087 0.34101679407348723 0.07066449964518019 0.9373975008766224 16.292089806205936
0.9395437317082865 -0.033400722288916315 -0.3407960797284006 -4.020840563426856 0.005196386587054763 0.9965076477937347 -0.0833396991537416 -0.41032264701104054 0.3423895059345505 0.0765303837647308 0.9364360771492722 16.920448365938764
0.9391738909179214 -0.0337240980077351 -0.34178222281396875 -4.256712209597169 0.0036623844530902835 0.9960940924635657 -0.08822213950762797 -0.4666354986065421 0.3434224651332677 0.0816041921273061 0.9356290751516007 17.537026510908724
0.9390274143480526 -0.03307238718557357 -0.34224805669084296 -4.50801448766421 0.0014921652183719353 0.9957460850377967 -0.09212766997412962 -0.528575430060806 0.3438390445335899 0.0859997170794682 0.9350822210460851 18.198852985155586
0.9389924698289065 -0.03216896775416207 -0.3424299915577517 -4.771722778512659 -0.00015693253828439474 0.9955761554847076 -0.09395793741067261 -0.5965429489071342 0.3439376643765388 0.08827953411703714 0.9348334647835893 18.90258842249663
0.9390904428173056 -0.030871532802452244 -0.3422807161842809 -5.042524037424537 -0.0017890359938898589 0.9955045726019212 -0.0946965959202293 -0.669244629281555 0.34366544714214387 0.08954102071728767 0.9348135996280205 19.61573701637205
0.938035179742855 -0.02963417328450252 -0.3452706436095224 -5.320765131624381 -0.003457265958178711 0.9954870753820682 -0.09483422409315656 -0.738524258887074 0.3465227970522058 0.09015153088550795 0.933699444469212 20.351490304556275
0.936850891076241 -0.027467751023369805 -0.34864872084000437 -5.598254985590928 -0.005778696216970395 0.9955590637602514 -0.09396146675549333 -0.8068405563116908 0.3496813042753146 0.09004261890088422 0.9325316682138923 21.053311896176936
0.9351119848010154 -0.02740510101332677 -0.3532910079806097 -5.884131598862275 -0.0057812939706611 0.9956922747000987 -0.09253902280966833 -0.8801666841039099 0.3543051686350775 0.08857682846542245 0.9309253423005933 21.795890116422516
0.9322109697748151 -0.026458449508773872 -0.36094689121959556 -6.211521605835657 -0.006569402678941828 0.9959227469234543 -0.08997069027679772 -0.9665635922691278 0.36185570436285897 0.08624286990837685 0.9282362935212274 22.627463409656706
0.9286892092299512 -0.02599099084096554 -0.3699470516911206 -6.518144294292168 -0.00603753632896477 0.996349363452423 -0.08515570505273282 -1.0426144076595032 0.3708097906136301 0.08131675315121994 0.9251419809099679 23.396040544225837
0.9264017585456426 -0.024281150005913868 -0.3757528543044367 -6.786067139124376 -0.007037625562692421 0.9966277703981297 -0.0817530372383329 -1.1030334628163474 0.37647078716678706 0.07838056535674655 0.9231068374702771 24.033917372258095
0.923471196707274 -0.02227530385212304 -0.383020573455697 -7.1059213330368625 -0.008524995032808621 0.9968753650216032 -0.07852917338630296 -1.1708814602088546 0.3835730351728677 0.07578467820965552 0.9203957894498068 24.780854369150322
0.9197650412449991 -0.021229268366669118 -0.3918948673664933 -7.4346144633455 -0.010342682820800333 0.9968781015683721 -0.07827566368614992 -1.237486856605697 0.39233314646567113 0.07604846335104261 0.9166740606160358 25.52608428168599
0.9161785110473702 -0.021182941296526182 -0.40021021837660764 -7.773458219182372 -0.011298138434468766 0.9968401225878553 -0.07862647179510002 -1.3056070366562884 0.4006111430838384 0.07655751430825067 0.9130441714616017 26.281238817820668
0.913061968837461 -0.020880596612081297 -0.4072859459247067 -8.118739776325798 -0.012141501089411498 0.9968539064649038 -0.0783254308443746 -1.3719644965292703 0.40764006796922625 0.07646103485295389 0.909935868693646 27.039513809559104
0.9096589748494368 -0.02055064377848799 -0.4148472255133949 -8.487004937166379 -0.01254243657356561 0.9969607035536125 -0.07688980982343559 -1.439844692659325 0.4151665169069755 0.07514670059407598 0.9066364964136148 27.83197150252783
0.9055602157599469 -0.021182986017505828 -0.4236885374141963 -8.831638501827168 -0.011944063609029502 0.9970834099089216 -0.07537912860269157 -1.5063158813955042 0.4240495666514731 0.07332090280254198 0.9026660568753643 28.558757912508426
0.9021589221468465 -0.020474896868261597 -0.4309176925923025 -9.19789509945771 -0.012059015746298685 0.9972858929538411 -0.07263214064372772 -1.573794115171112 0.43123527143552465 0.07072217695669283 0.8994634591557544 29.32337972680908
0.8983260073074604 -0.018860128451674372 -0.43892445836364957 -9.582431873006229 -0.012224559745738528 0.997618185758215 -0.06788604851890105 -1.639040370539383 0.4391593614327943 0.06634946118299727 0.8959558048624198 30.111390340023366
0.8949414849557773 -0.018684063146017216 -0.4457921536876843 -9.975706697821778 -0.011035077825155969 0.9978903670279651 -0.06397688996962796 -1.7050449603990026 0.4460470441136687 0.0621749240220587 0.8928473068001662 30.89979573986843
0.8912613675820891 -0.018878463980038968 -0.4530968751309797 -10.400464646207624 -0.010196255241543876 0.9980463352208097 -0.06164048289363449 -1.7729304749843098 0.4533753533604948 0.05955767247018245 0.8893276520018822 31.729477731872976
0.8884453778659199 -0.019180164606065836 -0.45858143424518105 -10.822921352341805 -0.009591108787454956 0.9981324986531241 -0.060328482201184946 -1.8341319156664857 0.4588821430181287 0.05799686558906182 0.8866022458808314 32.54795249262494
0.8860668584478294 -0.019044875076770836 -0.463166077226846 -11.243417056660764 -0.009483857183262846 0.9982017907648144 -0.05918818604118068 -1.890215643878252 0.4634604393185269 0.05683729099128613 0.8842929059646754 33.350125923370776
0.8834754616646445 -0.01946213409166829 -0.468073000687971 -11.692694153991676 -0.008456864970434387 0.9983113473761714 -0.05747116785698101 -1.9521972695420435 0.46840109956245324 0.05473279671797678 0.8818189898681665 34.19447054332472
0.8818812318505336 -0.020580071088528284 -0.47102224319428565 -12.125063374667128 -0.007356682189426187 0.998324566270736 -0.05739285327905278 -2.0114899858086868 0.4714142256412607 0.05407884109647897 0.880252297247052 35.00609012150289
0.880675408838644 -0.02183868029594257 -0.47321654272628616 -12.575457553348029 -0.006564262992323105 0.998278323705294 -0.05828635236070286 -2.0699307668794322 0.47367471403723355 0.0544376750337485 0.8790158160230481 35.8350834410011
0.8799421871788031 -0.021559505258959756 -0.4745913346827701 -13.061983088063167 -0.007693269758026683 0.9981921252409258 -0.05960951859757073 -2.131921052315158 0.47501848471761016 0.0561040893339584 0.8781854988193513 36.71514069154925
0.8793155402665053 -0.02226024190703072 -0.4757191001799955 -13.543094440913867 -0.006612970699965737 0.9982399869656957 -0.05893383613213489 -2.193960261849715 0.47619370981182174 0.05496735442941025 0.8776207271268645 37.59731014527088
0.878473982403291 -0.02141547305040383 -0.4773100038282562 -14.021657504067042 -0.006669605231255187 0.9983480102810384 -0.057068088578041874 -2.255723125085317 0.4777436327221554 0.05331630033975957 0.8768799196648986 38.480515243023284
0.8773748680776408 -0.022679871236643397 -0.47926919816156766 -14.513817299428842 -0.004850946930931688 0.9984118519451922 -0.056127018531587636 -2.3193553810381595 0.47978100126997114 0.051569344925654945 0.8758714480357965 39.373082034516074
0.8767583327070725 -0.02455140913065598 -0.48030412692211366 -14.994140627350735 -0.0030411829606669973 0.9983931144183716 -0.05658568978270319 -2.3805637146300542 0.48092159156656134 0.051072667755696036 0.8752748170565643 40.2458820388617
0.8751626184822348 -0.027539075086493493 -0.48304450162971424 -15.506152344933273 -0.0003044305343901134 0.9983472565807174 -0.05746879674923583 -2.447086061682558 0.4838287905172327 0.0504415961398499 0.8737078154883909 41.17712184105744
0.8752847068952927 -0.02769024581669315 -0.4828145939818233 -16.019618792331862 0.0004971346205973615 0.9984104273266635 -0.05635930679629027 -2.5110523576918604 0.4836077281561894 0.049090415480014776 0.8739071440236709 42.099401827036715
0.8734228428048832 -0.026213806310593384 -0.48625648995704623 -16.54009472443994 0.0005380864895572768 0.9986013907445627 -0.05286750292906937 -2.5779788548626055 0.4869622656115831 0.04591403665259782 0.8722153708280415 43.03380187826977
0.8711100219909967 -0.024782288232317595 -0.49046219811196035 -17.058774056225253 0.0009070417720066053 0.9988053680820871 -0.048857076924747764 -2.6428025429315296 0.49108706647810363 0.042115019653055114 0.870091844725345 43.95725329062182
0.8677193422642331 -0.025688633372833433 -0.49639020656733646 -17.567745929850815 0.00269991545431709 0.9988924654760881 -0.04697395950568333 -2.7019244726011755 0.4970471341000432 0.039420001655735455 0.866827670273853 44.84648822988776
0.8627710995855037 -0.02898927782827975 -0.50476296564924 -18.086875238951727 0.004750195339119252 0.9987755893549548 -0.049241829300941314 -2.763736091519216 0.5055724135712522 0.04008670452478778 0.8618524181993581 45.739166235834446
0.8575544942771156 -0.03231163384848507 -0.5133772956249256 -18.614028426295224 0.006042132172417447 0.9985890654184879 -0.05275766357072831 -2.821101306843346 0.5143576401531642 0.04214067802815409 0.8565397721480281 46.63280865108645
0.8515136099184493 -0.03224907736656977 -0.5233398218487259 -19.172081286019303 0.005480711612747531 0.9985996812233255 -0.05261785306234548 -2.8818654089055253 0.5243038564838799 0.04193654336825679 0.8504979673147098 47.532558134037785
0.8455036622743023 -0.03031878730619266 -0.5331081768431476 -19.74571216319449 0.005207497093954542 0.998807427220529 -0.04854487926779213 -2.9446846650470264 0.533944228412256 0.038268713923907995 0.84465322261852 48.43575777910686
0.8400305893299678 -0.029561845951744763 -0.5417330581143011 -20.33924127624709 0.005656745142451089 0.9989373855395984 -0.045739490658570046 -3.0078193993760887 0.5425095485098311 0.035358125448577894 0.8393051845070554 49.35146718565959
0.8368113967089592 -0.030070718422092725 -0.5466648317127969 -20.932895517121533 0.00490811974715036 0.9988624165786795 -0.04743187859603053 -3.0708761876672384 0.5474692655287134 0.03700844012087187 0.8360070446241893 50.25254671750837
0.834927139420532 -0.03396123770294054 -0.5493116658079747 -21.515765535005784 0.0062269225726943826 0.9986133276913134 -0.05227472804860175 -3.1329576205973018 0.5503252649972755 0.04022506794234127 0.8339808430741756 51.14105544952545
0.8336800470518445 -0.036989287715420927 -0.551007596809645 -22.090614713273325 0.0048265106704436615 0.99820426754192 -0.05970716084229044 -3.198981228688713 0.5522266599344715 0.04711722461483547 0.8323615099235504 52.00088959444755
0.8311509255870131 -0.039719538021539054 -0.5546264483372632 -22.668869220014482 0.006709840784572908 0.9980892783983171 -0.061422881591246245 -3.265788144170812 0.5560064000823166 0.04733022972352964 0.8298293393353966 52.87137903306471
0.8295339023761815 -0.03991838234691024 -0.5570278516908737 -23.283104762724786 0.008390156333704737 0.9982203055746764 -0.059040891042529554 -3.3365159688895925 0.5583933291912074 0.04430286998836235 0.8283925069829848 53.778885703052865
0.8267411423750488 -0.03802866389895902 -0.5612957368682392 -23.901039033665924 0.00883494301997886 0.998467327642004 -0.054634599049221855 -3.4061506000006525 0.5625131352121773 0.04020965497856849 0.8258100001575855 54.68004711919875
0.8241872454630416 -0.03699116086204494 -0.5651079882943814 -24.487897525830302 0.008719783432786404 0.9985750697793393 -0.05264784318538823 -3.474216521234014 0.5662502536802342 0.03846406158047069 0.8233353910611424 55.52850001874122
0.8224152126499193 -0.03737110401497844 -0.5676588928103653 -25.06725786589755 0.00842871659667735 0.9985309029360663 -0.05352562580874088 -3.5393418209206975 0.568825258527187 0.039235653000633426 0.8215219953203281 56.35446745635539
0.8189348345711435 -0.03986323305600894 -0.5725003575337371 -25.664403305674966 0.009630660492338287 0.9983987380935592 -0.05574235509619624 -3.6053635993526907 0.5738057050120848 0.04013579977415968 0.8180074146803764 57.204346444406305
0.8163689670098596 -0.04163108013169628 -0.5760282656869569 -26.275349898732415 0.009370848909664001 0.9982220620919229 -0.058863417702864705 -3.675336641032871 0.5774546708564814 0.04265639365930927 0.815307632238295 58.06049048900072
0.8141315800463038 -0.042104904779766555 -0.5791519207986758 -26.88570092885476 0.00908324323840343 0.9981690951565632 -0.05979926560251465 -3.7437591887296233 0.5806093911258935 0.0434238928219809 0.8130234316848465 58.91220460004982
0.8102692090804327 -0.0434385796401508 -0.5844458046859577 -27.49931326055562 0.010946733224173794 0.9981971352598209 -0.05901396606571794 -3.819962308233926 0.5859556108169706 0.041419427300884 0.8092839138362865 59.76348724892073
0.8074323516089557 -0.04370925350998736 -0.588338761881989 -28.12803811178313 0.011659013443618593 0.9982391272944044 -0.05816108788552322 -3.8928725315512107 0.589844949949352 0.04010169442935912 0.8065201727936759 60.61221359621427
0.8038690950022644 -0.044353604641456205 -0.5931502641452249 -28.777830462658272 0.01118096486616764 0.9981665086392395 -0.059486192142486065 -3.974579784017953 0.5947011553081953 0.04118711917894526 0.8028911240565794 61.4821860367013
0.7996556566316972 -0.04554845602407641 -0.5987287941720792 -29.447657003998266 0.011289017195285942 0.9980829619441716 -0.06085194464858121 -4.0514136758995924 0.6003527204133364 0.04190154210255548 0.7986368836096502 62.36322920116926
0.7961611018307104 -0.04703826584394033 -0.6032535963242193 -30.106950045866455 0.011586914121753965 0.9979761787384033 -0.06252431600449453 -4.12995015487722 0.6049737542677734 0.04278958070710192 0.7950948424119391 63.23171787432059
0.7919962468636075 -0.04829457407888788 -0.6086128318303012 -30.774821872187854 0.012046575645652605 0.99790852168302 -0.06350954548430585 -4.211338446957595 0.6104070977382008 0.04296762114602523 0.7909215881260786 64.0972874629967
0.7880550379018216 -0.05087520823005722 -0.6134989571507902 -31.412383835237247 0.013731954974609183 0.9977840281022903 -0.0651035074058497 -4.288934054114927 0.6154516151982493 0.04288060693969407 0.7870073461527216 64.91192248265152
0.7826895976336457 -0.05073679663397271 -0.6203408508420231 -32.09450444969935 0.013478151295491389 0.9978199052831961 -0.06460476807705179 -4.372079970983653 0.6222662880099951 0.042204432089020014 0.7816670983982283 65.77257365437391
0.777399038400117 -0.052052303673018586 -0.6268502953472265 -32.77626866894771 0.01522165150530879 0.997835042694988 -0.06398069158224523 -4.447348773195997 0.6288235336086144 0.04019683137043654 0.7765083246995826 66.61719710056857
0.772415787742123 -0.053824267933816866 -0.6328323625006108 -33.44018478774263 0.01738555710088419 0.9978210042646811 -0.0636473554243655 -4.525709631933286 0.63487919579319 0.03816007900427236 0.7716684619183165 67.43242815708561
0.7658769331494258 -0.054851505066652415 -0.6406432983037854 -34.15527950858897 0.01804327252811901 0.9977957220136213 -0.06386029633341976 -4.606229871647004 0.6427339757521039 0.03734982628124481 0.7651784281399044 68.28857566795507
0.7600842844407374 -0.057099716723265186 -0.6473109785074984 -34.845299224799945 0.019221331649580183 0.9976716754819634 -0.06543522255352192 -4.682685861019562 0.6495401611569751 0.03729410531350721 0.7594120941577347 69.0998493562821
0.7554155871063011 -0.05541833908767975 -0.6528982297798069 -35.56833795396183 0.01706288959532583 0.997742835376268 -0.06494684175526534 -4.767948756802162 0.6550237770917178 0.037921526183537266 0.7546560867682783 69.93819495496362
0.750484777417683 -0.055303506985094675 -0.6585697540727791 -36.297361312507455 0.017791389889065787 0.9978221068640534 -0.0635177888405858 -4.850790341229006 0.660648216004665 0.03595226235623544 0.749834228027317 70.76069046528066
0.7482432517224318 -0.05420768104922369 -0.6612061430197903 -37.03271813235256 0.016351020723273064 0.9978603194812682 -0.06330424097995943 -4.932710913095274 0.6632229492208098 0.03655557577179322 0.7475286011296451 71.58131102298587
0.7433580752171248 -0.05399731833273251 -0.6667106281006514 -37.793326355038616 0.015674195693404558 0.9978687924325779 -0.06334187144783311 -5.011518968630981 0.668710020561122 0.03663553878438949 0.7426201893963841 72.42358552781641
0.7394717410369559 -0.05561852209188413 -0.6708860739410889 -38.520210373131604 0.015296394291563983 0.9977120684558464 -0.06585323666482876 -5.090200686496746 0.6730137922282504 0.03843446965773736 0.7386306431584586 73.21709414579243
0.7358742462121923 -0.05896746671090583 -0.6745457224171952 -39.25670925612933 0.017210989307071548 0.9975078362242373 -0.06842440002156994 -5.170578949101605 0.6768994575331772 0.03874215457274109 0.7350552155112922 74.01464965291188
0.7312480585093701 -0.05934131283488185 -0.6795254855539339 -40.02324207363442 0.01667634047911683 0.9974661434338667 -0.06916062732070513 -5.256659198104464 0.6819077478622027 0.039241576092221134 0.7303847767521562 74.83593971890292
0.727315234253411 -0.05992713075647568 -0.6836821549683759 -40.77711745007089 0.018003382575130122 0.9975035864783017 -0.06828230501952104 -5.339813086521438 0.6860673642134273 0.037354169274950735 0.7265784457297223 75.64024134172548
0.7241591180879181 -0.06105880351626966 -0.6869245913514017 -41.55637076318477 0.01920335484706327 0.9974718937012519 -0.06841821715490921 -5.4259135343180915 0.6893655074434364 0.03635441911515183 0.7235009007306442 76.46331339193239
0.7207007165091892 -0.061938437796503265 -0.6904738279952907 -42.33117055367951 0.01970964168231444 0.997428776523308 -0.06890113052753151 -5.509724892932476 0.6929660938659961 0.03604810239868193 0.7200684183225633 77.26721290589869
0.7187767501245091 -0.06363041595008047 -0.6923230125067843 -43.13807130027025 0.021296806985873412 0.9973507980840458 -0.06955452230677604 -5.596453867417656 0.6949146922411813 0.03524990393089174 0.7182276900678555 78.10295645136101
0.7155560451589739 -0.0650491664556556 -0.6955200587904514 -43.95319752647101 0.023133776343532423 0.9973154460564715 -0.06947466768016225 -5.687112686994521 0.6981721668962005 0.03362301296145206 0.715139929224245 78.94056164817053
0.712509109286798 -0.06528841244712477 -0.6986187747144134 -44.75630281336299 0.022897255769823287 0.9972948105222643 -0.06984823965979686 -5.776611608558195 0.7012891592357217 0.03377105425501618 0.712076562620172 79.75740285062567
0.7108682655548563 -0.06731605996505922 -0.700096319871638 -45.5802400784367 0.024428359687369058 0.997171700841773 -0.07107639751218545 -5.8688575486917065 0.7029008210764979 0.03342375070374701 0.7105021383633402 80.59670175096753
0.7084435466502228 -0.07079629508131448 -0.7022076799725371 -46.4173346989945 0.026638728603949346 0.9969294379135338 -0.07363473337882483 -5.962598082825447 0.7052645740061093 0.03346013186114087 0.7081541500463133 81.44736635987913
0.7059509639816707 -0.07366920071496347 -0.7044189700166861 -47.26176186710999 0.02906900200972384 0.9967514974687255 -0.07510955608983812 -6.056341525259709 0.707663924172703 0.03254690707075393 0.7057991706318584 82.29905726611851
0.7027228009380174 -0.07633570795397071 -0.7073567167511694 -48.1124895267768 0.032707690554911434 0.9966423835220095 -0.07506108409910184 -6.154379609009599 0.7107115251776857 0.029611130656129536 0.7028600919961767 83.15230922132199
0.6961691093808596 -0.07753864712063124 -0.7136780291886272 -48.95876595206976 0.033873300591552774 0.9965904229683236 -0.07523382453957944 -6.256953283812356 0.7170782179448035 0.028200834216741535 0.6964219570767315 83.98479838176813
0.6895457171198693 -0.0781972120649751 -0.7200082638601524 -49.80187335081576 0.03519277841898413 0.9965973890105048 -0.07453262751706287 -6.350788106851331 0.7233865995087259 0.026054562800213413 0.6899514384422227 84.79959182998441
0.6802525838506853 -0.076588475400914 -0.7289654502102484 -50.66886072549721 0.03463266414950153 0.9967736764680402 -0.07240729572560152 -6.44617684049786 0.7321591362117762 0.024009234393259405 0.6807103318780136 85.61538149456779
0.6715974146420598 -0.07558297561730062 -0.7370509659738166 -51.50124591688829 0.03328941993746888 0.9968567138665541 -0.07189232601190654 -6.539841844775398 0.740168039816857 0.02374670116058107 0.6720025052168049 86.3792829332014
0.6636774381357922 -0.07550071737215719 -0.7441988308145892 -52.35106965164589 0.030609960047717145 0.9968009787921144 -0.07382979767654868 -6.630985958311632 0.7473923256599501 0.026219274501263316 0.6638653938783363 87.14035265644613
0.653921392844862 -0.07684842909281375 -0.7526494077097267 -53.26745399667617 0.03036178612934873 0.9966920084046225 -0.07538701695514793 -6.73186627297033 0.7559530236217534 0.026445402782465842 0.654091481941786 87.94831571472284
0.645701925863549 -0.07817719059872409 -0.7595770861513625 -54.17368287042438 0.030111982830287654 0.9965784191963537 -0.0769722214966223 -6.825255792278046 0.7629956038052462 0.026828739481894934 0.6458466747701658 88.71852187857765
0.6377116967658734 -0.07888143729303698 -0.7662254959596265 -55.09890536955128 0.0320419491309818 0.9965981812467319 -0.07593009042266342 -6.929227194631926 0.7696084103645687 0.02387014843462323 0.6380698321577589 89.49724858236334
0.6274297475869532 -0.07799124157961432 -0.7747575608407075 -56.04755208309557 0.03184282021887597 0.996709014051621 -0.07454646945867986 -7.030971795513909 0.7780218163030396 0.022102206792892525 0.6278483461883162 90.27599991338894
0.6180762313947803 -0.07759321152273396 -0.7822794038643829 -56.98130301281595 0.03059281499368442 0.996737142209521 -0.07469370127901806 -7.133268614505613 0.7855226615799115 0.022234272319670158 0.6184333313129449 91.02333693417319
0.6100507223517291 -0.0773888366688339 -0.788574082833806 -57.930339826073194 0.02827036558118651 0.9967111920818368 -0.07594462462024792 -7.232922186709564 0.7918578802967361 0.024036795498752594 0.610232193410108 91.76066247530281
0.6009522919715982 -0.0768124481525603 -0.7955854388957189 -58.89708128652107 0.025976398739818444 0.9967226649500588 -0.07661041628501337 -7.335018217805366 0.7988626724804415 0.025372760663028376 0.6009780807431695 92.49488720073765
0.5931861536223495 -0.0770906922748837 -0.8013658417447687 -59.84046011337358 0.024627744098476127 0.9966764930857197 -0.07764948390666429 -7.433573925555823 0.804688549298014 0.026324765809604637 0.5931132651810505 93.19697296687818
0.584517606699938 -0.07643941104387311 -0.8077723589582912 -60.853381940615144 0.022807126314142796 0.9967069353987604 -0.07781465104530094 -7.540994653385633 0.8110604184936332 0.027061067371355288 0.5843361157635695 93.93316408362918
0.5773368091754532 -0.07441021329804687 -0.8131084361436954 -61.873041120296634 0.02063121767378314 0.9968502658479392 -0.07657610812903937 -7.639990051813932 0.8162454052724609 0.027434788787824075 0.577053525018056 94.65219793777311
0.5709908027976338 -0.07247625818320172 -0.8177509982386297 -62.88199119398257 0.02007947933300457 0.9970303960666738 -0.07434516681565256 -7.7428986283395655 0.8207108611625833 0.026030392215517038 0.5707504717920759 95.3569226573633
0.5647488288938154 -0.0720098233552443 -0.822115165657106 -63.93331516428431 0.019162726643698707 0.9970614999635922 -0.07416977280490214 -7.845283135923526 0.8250403324508706 0.026133324141762636 0.5644692190001671 96.0792529277297
0.5593003075214209 -0.07315064732390003 -0.8257312812304852 -64.98703138548116 0.01854581147604855 0.9969538056759546 -0.07575725856263466 -7.950312801343084 0.8287576357917549 0.027057201339484756 0.5589532082138322 96.79072347498743
0.5544130218220912 -0.0750408440438175 -0.82885165920042 -66.02094336519777 0.01853893760953624 0.9967930889086998 -0.07784501073391341 -8.05449662765633 0.8320351609315604 0.027792258437284872 0.5540262460791437 97.47882745668599
0.5493297466945621 -0.07650850535958512 -0.832095714448843 -67.08401515078782 0.017884019037381384 0.996647893119341 -0.07983194225276694 -8.163585786080318 0.8354142632607842 0.028972845017720805 0.548856614237289 98.17944822717183
0.5461950717018254 -0.07853066657314398 -0.8339687512468411 -68.12116543987366 0.017008309263897355 0.9964302088369512 -0.08268951767384679 -8.275291850139443 0.8374853199099203 0.030980208597223554 0.5455809432253395 98.85419364656104
0.5422181575127408 -0.07866937497249583 -0.8365468301923843 -69.16810707575004 0.0173803053845757 0.9964443837754823 -0.08244097905191658 -8.384697952966215 0.8400579710045181 0.030161556387834236 0.541657535596096 99.53204721913328
0.5398211667707922 -0.07712456785388601 -0.8382391716804769 -70.2137507018808 0.018506318052546118 0.9966406289171428 -0.07978078079199427 -8.492108785851627 0.8415762734882435 0.027554633457797444 0.5394349989355973 100.20383124634529
0.538347741469311 -0.07565092330065011 -0.8393203482929812 -71.272673356488 0.020600941392797875 0.9968463150931872 -0.07663566597129993 -8.602447117919027 0.8424709552670777 0.02396584838667944 0.5382084425596501 100.88537734665233
0.5356053297450133 -0.07482535937598243 -0.8411468934395412 -72.34920010213595 0.020812791741575434 0.9969338008823532 -0.07543092441556506 -8.711277421929466 0.8442119156045227 0.022894590027339574 0.5355203817772229 101.57572832081932
0.533863946946431 -0.07477412047110707 -0.8422577497764868 -73.38325368621355 0.02157987648631649 0.9969627644307989 -0.07483017619473448 -8.816354475017263 0.8452949751900894 0.021773315004198362 0.5338560926617906 102.23525115069215
0.533277071868479 -0.0746537436214044 -0.8426401267342369 -74.42598547376036 0.02350237592755385 0.9970213928049578 -0.0734573387417627 -8.921314546414244 0.8456140981234532 0.019369069481308548 0.53344318929225 102.89672315758777
0.5303717225977891 -0.07536394729658508 -0.8444087347467052 -75.45669250089618 0.027123443334409223 0.9970393664162341 -0.07195012604575211 -9.022093304949001 0.8473311953954835 0.015257039824031149 0.5308456160179426 103.55077025885852
0.5295107871057558 -0.07641119395645112 -0.8448548134305638 -76.4735362187446 0.02971214019837716 0.9969944378334965 -0.07154914153155509 -9.121010217382654 0.8477827050981137 0.01278359758519216 0.5301896496248346 104.19168153811776
0.5273373129152406 -0.07643549041137389 -0.846210951366683 -77.4926103428825 0.03121745168196888 0.997015871166283 -0.07060328146072191 -9.222253212069342 0.8490823453104049 0.010815195241453173 0.5281497916633799 104.82547431444439
0.5265898055650775 -0.07608958814845895 -0.8467074767889627 -78.46912824351224 0.03477275006601512 0.9970807424155477 -0.06797682661691959 -9.317032781478515 0.8494080483064547 0.00635355644172577 0.5276983985125987 105.43859514654963
0.5258305994510102 -0.07621003991052479 -0.8471683483805493 -79.45206131124115 0.03675125789416467 0.9970836189454201 -0.06688498989983588 -9.409878943560555 0.849794990408974 0.004035671882198354 0.527097891883729 106.04946732368606
0.5239915051389319 -0.07753961847924737 -0.8481866009955177 -80.4474205177263 0.038510189273676665 0.9969858080720125 -0.06735179155079683 -9.50394456609536 0.8508524360101124 0.002627940084771768 0.5253981595576526 106.66947804758954
0.5237269351165266 -0.07865506906691601 -0.8482472973983048 -81.42176168657525 0.03949430220590204 0.9968995918560394 -0.06805441830278866 -9.597401883969095 0.8509702095412732 0.002140996810069233 0.5252095949294346 107.27499940464456
0.5243318045099465 -0.08072736402137626 -0.8476787430846097 -82.40980351057611 0.041174732322918677 0.9967350704745267 -0.06945387465272654 -9.693135431430735 0.8505179599499822 0.0015139300845347856 0.5259438257249722 107.8876881326174
0.5253054108610122 -0.08176937774319853 -0.846975793150922 -83.3724484870521 0.0410725440317629 0.9966484464204455 -0.07074546186485414 -9.783849378281698 0.8499219207944352 0.0023755233534407325 0.526903297998689 108.4854882492728
0.5289329246669445 -0.08273015448826795 -0.8446216210479223 -84.36209344431298 0.041721255179867967 0.9965686646791538 -0.07148589683164652 -9.878598461670729 0.8476374803354847 0.0025725703014281495 0.5305695843266512 109.09952643773809
0.532171681299714 -0.08310393691309176 -0.842547943616374 -85.30332087965982 0.040870167493379864 0.9965323045092644 -0.07247755154886147 -9.969452162639623 0.8456494137830989 0.004135424887440314 0.5337227437811711 109.68734476354474
0.5361272802148557 -0.08360832135780952 -0.8399864213242684 -86.24449152660566 0.040253016469866475 0.9964830163526187 -0.07349348805073623 -10.058639381271103 0.8431768699831007 0.0055898766101142305 0.5376072164740586 110.27836946041762
0.542050830400101 -0.08317286004473806 -0.8362195720111671 -87.19275789707399 0.038860589161872724 0.9965063419630339 -0.0739254018416224 -10.152597389088298 0.8394466938838661 0.007575340218869575 0.5433892365036461 110.89488871526939
0.547612266947262 -0.08130752056332025 -0.8327724132010654 -88.11577280455641 0.037365239315948075 0.9966509594082491 -0.07273722569275459 -10.241666150472682 0.8358975080592972 0.008715056538086567 0.5488163662007497 111.49668624447027
0.554654127828013 -0.07969434175011383 -0.8282557638654635 -89.039500254167 0.03657956215539162 0.9967758480658142 -0.07141319447551094 -10.3292644810587 0.8312765689683947 0.009312389902348714 0.5557810227764535 112.10746927765533
0.5629419005419691 -0.07999231155327874 -0.8226163423532014 -89.96663751869455 0.03719786316739139 0.9967489268866601 -0.0714695440455028 -10.425053995767017 0.8256589705138413 0.00963363081372895 0.5640872783243468 112.73838949261165
0.5692289413452108 -0.08035132118185961 -0.8182432874881042 -90.88578856776779 0.03747519703578697 0.9967143063257434 -0.0718066930913921 -10.518003856892067 0.8213245533539951 0.010210619468086803 0.5703698110068051 113.36771852711877
0.5767156170306376 -0.08105931981616984 -0.8129135770448856 -91.78525462443338 0.03723530479925311 0.9966393094122847 -0.07296313460036714 -10.610404044025662 0.8160959681002462 0.011809894374822747 0.5777957227648693 113.99804801026049
0.5855759174274254 -0.08163354719344902 -0.8064966267143614 -92.6910902668183 0.034764460710928854 0.9965299623302737 -0.0756271541808997 -10.700450520592637 0.8098717658990882 0.01624801989899762 0.5863818931795681 114.64536042837032
0.5939067076465407 -0.08139401363421686 -0.8004060451776708 -93.57342234668863 0.03216108559728297 0.9964759157975629 -0.07746879248195923 -10.78858761414882 0.8038908428298278 0.02026730815677168 0.5944314502399985 115.28980083678323
0.6037066801306116 -0.07962733426928519 -0.7932198509888939 -94.45258711897706 0.029753071897808014 0.9965564791106131 -0.07739469397382641 -10.880030518966555 0.7966511150298601 0.023122966501422273 0.6039969613680642 115.94578440620708
0.6122622355993513 -0.0773914211974299 -0.7868580067483121 -95.31789237787342 0.028654716959503144 0.9967161294702214 -0.0757354900285988 -10.971313240113968 0.790135344137228 0.02382278696843059 0.6124692749568762 116.61543530048696
0.623742863049816 -0.07538420055224532 -0.7779859016084533 -96.17156481267712 0.02751646208823761 0.9968391203415192 -0.07452927257724465 -11.060058296445025 0.7811451114284501 0.02507968229155835 0.623845593418427 117.2885187981731
0.6339293553995127 -0.07537707246563774 -0.7697089510388122 -96.99522245455428 0.02812628752629623 0.9968277285172099 -0.07445395630326086 -11.148407602180432 0.7728793465430077 0.025549493257788145 0.6340384365963343 117.9609404403622
