1.0 0.0 0.0 0.0 0.0 1.0 0.0 0.0 0.0 0.0 1.0 0.0
0.999934490037159 -0.0014183037629993376 0.011357994918234948 0.0028994635213166475 0.0014114437329988186 0.9999988166555519 0.0006119755586416766 -0.0002699804026633501 -0.011358849445052407 -0.0005959042973987952 0.9999353086261895 0.3460695743560791
0.9997765690720309 -0.0033272576854477803 0.020874417138052673 0.008186332526603514 0.0033039547390365737 0.9999938798346627 0.0011507285956059007 -0.0012677094197114701 -0.020878118153732063 -0.0010815033578200485 0.9997814433829256 0.6676700024581893
0.9996144287622243 -0.004680462982638831 0.02736945517617198 0.015558926688030177 0.004704128981634352 0.9999886152297295 -0.0008003633253285984 -0.005678367317168691 -0.027365397510295507 0.000928804175556354 0.9996250658831577 0.9740975862753889
0.9994484363344597 -0.00646749099104142 0.03257291311633779 0.02585323215130868 0.006579691184580277 0.9999727804195865 -0.00333857512079649 -0.013654347254105631 -0.03255043429079325 0.0035510533933528488 0.9994637858608377 1.3205573493395604
0.9994650521144945 -0.00953362071558536 0.031284495805782735 0.03567847519330533 0.009678852837195906 0.99994305958042 -0.004494152278741304 -0.01263111001869552 -0.031239868910201602 0.004794546172472696 0.9995004166669834 1.6581605384768596
0.9997440816176251 -0.009595107787400378 0.02048670732645511 0.030856756268565547 0.009710482813005088 0.9999375073479818 -0.005539668062549429 -0.014862549399527693 -0.020432273345616574 0.0057371861790485755 0.9997747780878837 1.9755486997167342
0.9999553382328251 -0.008114413737610366 0.0048453925920832605 0.012813152091217646 0.008147999252948911 0.9999426355000816 -0.006952396516682082 -0.018328140070900004 -0.004788700016756028 0.006991566265588084 0.9999640925319787 2.3240052523230106
0.9999107857313317 -0.005706970349108773 -0.012076881533960039 -0.018889871506024905 0.005626914309025119 0.9999620403454718 -0.006652496033832796 -0.025441106693890488 0.01211438869732188 0.006583946958752478 0.9999049420964649 2.7081829954009162
0.9996000147941534 -0.004592970232130012 -0.0279054662741044 -0.051017574850561326 0.004345977920352964 0.9999509032985849 -0.008905249477685218 -0.035548588478921506 0.02794499775351959 0.008780410969355359 0.9995708986779103 3.077789117746376
0.9989669253981547 -0.0037239975505416957 -0.04529032791669249 -0.08627156507887955 0.003278611077896235 0.9999455758893623 -0.009904340901434067 -0.04297016113403714 0.0453247467721318 0.009745619607571556 0.9989247670513065 3.4963478560553543
0.9978555698042434 -0.003985906184264937 -0.06533279699001833 -0.13154445295712 0.00324810977334259 0.9999297968489171 -0.011395225165993152 -0.05545234811675923 0.0653736307202608 0.011158580804636664 0.9977984638597502 3.91431510692028
0.9965180909664145 -0.00405101847425504 -0.08327835028369969 -0.18406479638218315 0.003051758393930091 0.9999218588009451 -0.012122832291524494 -0.06276235218328136 0.08332095263112645 0.011826476287745058 0.996452584577539 4.3249764967259035
0.9950282404760755 -0.00418658143450633 -0.09950514153036218 -0.23974022067983905 0.002952318109809359 0.9999169119054014 -0.012548031851417545 -0.07362286444065508 0.09954940719493839 0.01219187522319452 0.99495792559569 4.743135811698575
0.9932578325710808 -0.004090796917674398 -0.11585397454026852 -0.30941854155511744 0.002474434035777265 0.9998976395377757 -0.014092112083969394 -0.0887000754171215 0.11589976364256066 0.013710427687089664 0.9931662846473573 5.183505138108247
0.9918667053705882 -0.004193306074790943 -0.12721185071155122 -0.3799962005344434 0.002349594184712647 0.9998900712352948 -0.014639837848976253 -0.10101814918213242 0.12725925579093272 0.01422187150976532 0.9917675232564827 5.643902426984314
0.9903408668735244 -0.004442622579937799 -0.1385829372787595 -0.45319446384191653 0.0021511605382101345 0.9998585591986969 -0.016680350878948813 -0.1161207365116463 0.13863744050051993 0.016221119003269405 0.9902103490621307 6.095726883391318
0.9889621924061326 -0.004744494423167971 -0.14809210567725828 -0.5231394053617466 0.00209125557127149 0.9998345966595211 -0.01806670896506924 -0.13146443620914608 0.14815332814821047 0.017557593666599515 0.9888085367062965 6.533880103077748
0.9878158974025083 -0.005071238145501596 -0.15554431967303986 -0.6068789162701282 0.001856713470222325 0.999781836371218 -0.020804621536682576 -0.1427049765932346 0.1556158907501631 0.020262334659824147 0.9876098077379378 7.031741138239
0.9869279227422564 -0.007553802535596599 -0.16098514024253308 -0.6935115840156766 0.0036565568050998714 0.9996933569830044 -0.02449125550849648 -0.15753038537287978 0.16112077738139768 0.023582452614276484 0.9866529090945354 7.553978476435179
0.9859410380671947 -0.007604421741810877 -0.1669204667647298 -0.7829126058434623 0.0029437340299149125 0.9995993393360637 -0.028151291779707727 -0.18361812181778717 0.16706766259496095 0.027264144381912905 0.9855683956713398 8.059039617959346
0.9837322788532743 -0.009649800871810464 -0.17938139503660502 -0.8817747076187827 0.004395214494975707 0.9995501681633695 -0.02966721109446057 -0.20072290367146897 0.17958698625370187 0.028396173469580982 0.9833321777001902 8.581288844227537
0.9818423789666763 -0.012802088455363857 -0.1892660809448932 -0.986298095398594 0.0070707294207037205 0.9994966571735041 -0.03092631702046245 -0.22031778832379756 0.18956673666684518 0.029026519429170113 0.9814386957519615 9.104172298490115
0.9796742516502621 -0.013292287914883965 -0.20015412994861512 -1.103692443134289 0.00666357694119721 0.9994079095361734 -0.0337554010327957 -0.24631339935630203 0.20048430710618728 0.03173555480094763 0.9791827700514487 9.6512968835023
0.9775501542740102 -0.009957051057908908 -0.2104674630746746 -1.2309621411156484 0.0017757767369418224 0.9992366479738084 -0.03902522213963825 -0.26737114860675243 0.2106953784396797 0.037775368698369706 0.9768216208826782 10.202142316168276
0.9754945440767956 -0.006663845108187484 -0.2199226856074173 -1.3766600976214232 -0.002681581009812326 0.999106923841132 -0.04216828021153478 -0.290140467759142 0.22000728078791537 0.04172466777680546 0.9746054835158803 10.779849756861987
0.9735509417136756 -0.0071418200799453595 -0.22835839878218062 -1.5234317937640358 -0.002927426546573072 0.9990393183187639 -0.0437249428472383 -0.3245311499871356 0.22845129472653503 0.04323696172403336 0.9725947620045281 11.377145583129208
0.9711591811025255 -0.007996692532708679 -0.23829791830565636 -1.6709138662267726 -0.003200935001308373 0.9989100842602269 -0.04656605607461074 -0.3568858631756487 0.2384105680866294 0.045985829032036754 0.9700751025321941 11.954122089527452
0.9684458444896185 -0.00707798626727306 -0.2491235605100212 -1.8216857669155977 -0.005082508393448557 0.9988278574738099 -0.04813604930516349 -0.38931799391782623 0.24917225848641422 0.04788332950703093 0.9672747140063679 12.513474459161925
0.9668927409234267 -0.00430505968852647 -0.25514680874089257 -1.9793673949984525 -0.009373339984821847 0.9985837715177475 -0.05236975996622683 -0.4262726676044742 0.25501091750572624 0.0530275185396177 0.9654830470963321 13.088597581571674
0.9654889698509398 -0.004367814770723911 -0.2604073180429069 -2.1533935566405447 -0.010704567683997935 0.9983489625755619 -0.05643368812152916 -0.465103882694353 0.26022386771176415 0.05727365117074308 0.9638481558599893 13.706615721994027
0.9645890223749655 -0.004829642366810421 -0.26371327700424446 -2.3336143873225454 -0.011878461797853929 0.9980224556380006 -0.06172584699793391 -0.5077805796287115 0.2634898860659088 0.06267258249748554 0.9626241360697698 14.344713228447592
0.9640765356322385 -0.003821003143030346 -0.26559712607316127 -2.507055398529732 -0.014730614930768526 0.9975887106380071 -0.06782162922962255 -0.5446200268603965 0.2652158412069369 0.06929765033953118 0.961695582411772 14.936281275815249
0.9635076820544924 -0.0028846112440149346 -0.2676651371395802 -2.6859373268473212 -0.017557778793951265 0.9971075198967274 -0.07394807752213829 -0.5934563305106499 0.2671042325119578 0.07594914603449075 0.9606701078886705 15.552019289201755
0.9627970775808008 -0.0015422055091663268 -0.2702210373084174 -2.8737586120721708 -0.021066696153742258 0.9965119025639447 -0.08074789385211939 -0.6440974010873951 0.269403009847766 0.08343650070895073 0.9594062583881814 16.17603381961138
0.9619075606836577 -0.0007390385459208355 -0.2733739170470428 -3.070915526058769 -0.023715006735529717 0.996000974465647 -0.08613743273987101 -0.7010119769613513 0.2723443466553869 0.0893393120944507 0.958043341482702 16.81527277505772
0.9614813041481859 0.0009741924521694569 -0.2748686099258515 -3.2800522448069875 -0.027010704075409484 0.995488690180157 -0.09095432693800863 -0.7687151724602661 0.27353998544793123 0.09487527956460336 0.9571700777232247 17.49518798471808
0.9619599107422627 0.0009627351259969205 -0.2731889515807974 -3.4791571394852236 -0.02811894844852858 0.9950315638866181 -0.09550660504645944 -0.8345659743514046 0.2717396821645434 0.09955531131199666 0.9572075454814826 18.17061765413466
0.9625921101710636 0.003755070741819211 -0.2709286416755217 -3.7009059143664227 -0.0317828582361638 0.9945660115838797 -0.09913777546664218 -0.902451996110926 0.26908414921499785 0.10404012709458971 0.957480742675999 18.885632287890232
0.9626888153437194 0.007313304289154337 -0.2705120337295193 -3.924688402311499 -0.03587021704012605 0.9942625300411276 -0.10077375097568923 -0.9761056422897332 0.268222989957238 0.10671708830637301 0.9574277469980748 19.61490893597609
0.962564207181178 0.008954753143146721 -0.270905812875648 -4.142864921558319 -0.03790692145427476 0.9940794176019758 -0.10182915498999304 -1.052561292991645 0.26839003774270337 0.10828630521105559 0.9572047136032126 20.341499154409806
0.9622631995737616 0.009568610302966945 -0.2719521583715362 -4.351879133567173 -0.03895444892452897 0.9939324446576284 -0.10286324108201562 -1.1302682352075526 0.2693178153317255 0.10957525794530697 0.9567973542977458 21.044652634860054
0.96190938811882 0.011123541444941471 -0.2731420800144132 -4.563490287201371 -0.04089161254719333 0.9937849321345258 -0.10353446134339167 -1.2100517300338667 0.2702928135784739 0.11075999046631735 0.9563859155381439 21.752578226985456
0.961384190408982 0.011612804197315762 -0.27496469084291714 -4.789046381029102 -0.04106374771405699 0.9939779319900236 -0.10159546909440562 -1.2917654442074176 0.27212902648439113 0.10896335849959313 0.9560715346924343 22.50202415656692
0.9584810648796229 0.012659372922994246 -0.2848750402271506 -5.0396002836139395 -0.04306139809391177 0.9939833062397405 -0.10071197997712072 -1.3811338256462697 0.28188608383781877 0.1087976433288464 0.9532593081342912 23.31022559789702
0.9560140492252258 0.012285933687042446 -0.29306346329323474 -5.25613374030855 -0.043082195387800754 0.9941680886117854 -0.09886220727131642 -1.4561339268549254 0.2901397286214953 0.10713947647541949 0.9509679649998828 24.005019239947778
0.9545429051705321 0.014540102519576536 -0.2977187055045767 -5.460350298380191 -0.045424534183873606 0.9942391898962817 -0.09708267079434778 -1.5214132868713306 0.2945920125916158 0.10619330813712234 0.9497044421419305 24.622841993799916
0.9521168326362279 0.016250468357870116 -0.30530224252190985 -5.709481113597799 -0.04771983872865859 0.994246640423405 -0.09589804481053459 -1.6052910687145292 0.3019873407983653 0.10587511645765658 0.9474144318684457 25.36178208629347
0.9493590529408485 0.01652968162912027 -0.3137581205713975 -5.971798454015877 -0.049247895383809984 0.9941002151989469 -0.09664060710526023 -1.68925397063281 0.31030957671254844 0.10719856233479949 0.9445720908611642 26.12633228984076
0.9467041528712378 0.01741465539215654 -0.32163329540631347 -6.250024925845632 -0.050854258792047344 0.9940948119320969 -0.09586109352808792 -1.7783944341073203 0.3180646023987327 0.10710851818255063 0.9419992961959551 26.90938222763099
0.9449090319708456 0.017376017397235682 -0.3268715272386545 -6.536560687389095 -0.051589466947839197 0.9940152168223402 -0.0962926561357301 -1.866728198541226 0.3232420891529401 0.10785092834578253 0.9401503757670875 27.69881764378175
0.943197854509106 0.018635355202313294 -0.33170850273380575 -6.823432048072219 -0.053382573359280094 0.9939536063030513 -0.0959506611686461 -1.9498864419292792 0.3279147878808772 0.10820791123408154 0.9384897121627902 28.48750131494353
0.9404722138473538 0.017723074426904354 -0.33940817257973566 -7.1075682909100255 -0.05328320325628948 0.9939792329579299 -0.0957401937490957 -2.037272414524872 0.33566786446099683 0.10812574661579846 0.935754191915254 29.263579504016754
0.9382700805514411 0.01872978598963154 -0.34539607852257803 -7.417218933726621 -0.05469970255674435 0.9940028688696202 -0.09469022768569361 -2.1273184900780073 0.34155116524789664 0.10773807031754097 0.9336676655652464 30.072923127822367
0.935677373867262 0.019402014445304566 -0.3523228829757281 -7.7278958424562365 -0.055437852065253895 0.99416999405196 -0.09248063302723009 -2.2133435839100097 0.3484745278944438 0.10606405971011279 0.9312979752187559 30.866282708288914
0.9333436299996322 0.020053193629552914 -0.3584236847145641 -8.041744178682672 -0.056017353569406104 0.994343521303789 -0.09023867098013724 -2.29460069178982 0.3545866952357205 0.10430163501324885 0.9291875184780375 31.650629153512718
0.9304283938428737 0.019789241284227446 -0.3659390521116394 -8.383364052570291 -0.05649977281742975 0.9943484677811268 -0.0898827029683932 -2.389317018626515 0.3620922252721665 0.10430489226647137 0.9262881354345044 32.513436030997056
0.9276246270562161 0.01938058105930279 -0.37301064911959264 -8.728212953557849 -0.05664138061190026 0.9944025390915895 -0.08919273653486313 -2.47480443541505 0.36919412953241 0.10386521711335057 0.9235300273368499 33.35174938278657
0.92582205889164 0.019621647329278357 -0.37745000493539543 -9.066632653681191 -0.057359500214677825 0.9943785742238803 -0.08900078010672362 -2.5617275938079156 0.3735818558291703 0.10404922912049093 0.9217431067898825 34.17646761890674
0.9237417107439352 0.01796331617991008 -0.3825945257105602 -9.415219118913297 -0.05601906199822021 0.994494302769059 -0.08856041131748858 -2.6486060165498424 0.3788972374202635 0.103239532310563 0.9196621566877636 35.00894872726864
0.9226978889539575 0.01871180944260081 -0.38506944037055724 -9.760388852075943 -0.05723451384443383 0.9944016514996648 -0.08882322849193588 -2.730458520697271 0.38125164412091606 0.10399626763554129 0.9186032659276665 35.806127631849705
0.9224010969305857 0.01772879416708777 -0.3858262643193608 -10.128060186106714 -0.05686578673785375 0.9942932448169413 -0.09026198319382828 -2.8250215488020842 0.3820242121645396 0.10519806637376486 0.918145341518043 36.67804271312802
0.9213954578129021 0.019708170061360046 -0.38812626599418026 -10.52601317386536 -0.05892397159539787 0.9942515306267101 -0.08939720027981202 -2.9182872088854377 0.3841332788150194 0.105240115351878 0.9172601278958691 37.60401242643714
0.9214780665789394 0.018732536227948553 -0.38797843355064054 -10.906570456410101 -0.05860555145240823 0.9941070933725825 -0.0911947161039223 -3.0117138908087226 0.38398380454506065 0.10677162072753438 0.9171457129891174 38.50163577626525
0.9211251841577807 0.018635788872345082 -0.3888201415608513 -11.302851250292616 -0.057571381906795505 0.9943907159114992 -0.08872789918823933 -3.107364051709492 0.3849856245311466 0.10411441534255399 0.917031219437071 39.429836783599846
0.9208292626834842 0.018410554116161163 -0.38953115470129834 -11.69842982551791 -0.05789135330103544 0.994270539102711 -0.08985925820625944 -3.206126759988558 0.385644992446117 0.10529552017792786 0.9166192193226662 40.35177717146452
0.9212949818333712 0.01843371418783727 -0.3884272835807106 -12.0877299227385 -0.058136058063861316 0.9941790506268813 -0.09070950362243638 -3.3033601270754094 0.3844941549639526 0.10615184160378274 0.9170038338647674 41.26031819287901
0.9204503705198932 0.0167208244618627 -0.3905016382028465 -12.487900518365903 -0.05710481752739981 0.9941170238321658 -0.0920346822792331 -3.401852726608692 0.38666543060500463 0.10701288219832501 0.9159902225562528 42.18680031493876
0.9201191195379526 0.014525556893421502 -0.39136915317592313 -12.897002843473693 -0.054900196160079295 0.9942285568156277 -0.09217128226242254 -3.504452741599426 0.38777154913980993 0.1062948023623466 0.9156061602394678 43.133571150729665
0.9187792032659154 0.014880042585046369 -0.39449126730349443 -13.303189471584288 -0.0549774540717026 0.9943744996797713 -0.09053636799871392 -3.6078896177714483 0.39092487154163486 0.10487105758631371 0.9144286774215278 44.065523712434754
0.9170819994264113 0.014588089386156734 -0.3984316678881303 -13.710581394009495 -0.0542586406907367 0.9945997117922925 -0.0884726693000863 -3.7094192669000603 0.39498937484247515 0.10275505316406781 0.9129210222197758 44.98879159347385
0.9155289972453097 0.012263230777174453 -0.40206500515949406 -14.125693786589316 -0.05236627513546842 0.9946627096949151 -0.08890369604693489 -3.8116769870610643 0.39882882096387495 0.10244855837577767 0.9112847329212153 45.9266139058184
0.9120407261037623 0.01159235795429333 -0.40993576468171405 -14.572776791745529 -0.05332986353251574 0.9944649521861708 -0.09052836311875062 -3.920260057169902 0.40661731343331325 0.10442737241938366 0.907610755944341 46.89599250868245
0.9081899263010224 0.00886924744819496 -0.41846432848577025 -15.005991976408014 -0.05267802810538404 0.9942478253627314 -0.09325388526173288 -4.026573892479211 0.4152301568049607 0.10673611484021121 0.9034330737074802 47.83676716336552
0.9038108405288446 0.008978079420700998 -0.4278380051286457 -15.46356240144269 -0.054173392455905786 0.9941368296893538 -0.09357995193960761 -4.13364144896844 0.4244893497985101 0.10775601117857159 0.8989980166621736 48.79015131612916
0.9007374418063914 0.010399513011535019 -0.43423946280502984 -15.939771633102135 -0.05512981078566555 0.994365623506661 -0.09054121023570576 -4.244172026713295 0.43085120968939467 0.1054933975058746 0.8962356711221959 49.767876038778304
0.8970031926584126 0.011185080664902813 -0.4418825254874133 -16.418947944391153 -0.05580977950125525 0.9945454319207557 -0.0881172648099044 -4.349706539964741 0.4384866484542444 0.10370283417572138 0.8927346645623697 50.728709413206865
0.8941376171729757 0.011317908393877474 -0.4476492226127741 -16.89164059184317 -0.05748197058706715 0.994310859660648 -0.08967573483574502 -4.453506637335256 0.4440875416105036 0.10591420731181962 0.8897013184635888 51.657834177830956
0.8937696538778381 0.008744337014558887 -0.4484410132640249 -17.347117403813392 -0.056961490033247394 0.9939274615739845 -0.09414663978224588 -4.549510859511189 0.4448945880321335 0.10968927795947753 0.8888402937763604 52.55486779653721
0.8940697416338044 0.006737315042423555 -0.44787711002113223 -17.82252723829646 -0.058092056277666546 0.9931863835059823 -0.1010253464024758 -4.658805611466759 0.4441448075710159 0.1163418076373534 0.8883692777800111 53.48126246943103
0.8930523369174582 0.006692725724227199 -0.44990302393810067 -18.29600776568591 -0.058722973156562594 0.9930710388350248 -0.10179157259212826 -4.770136651081125 0.44610440028083176 0.11732484497967666 0.8872574287097147 54.406548802333205
0.8921453685353377 0.005981689001649422 -0.4517088230238968 -18.775365574655638 -0.057831184716857144 0.9931973766264677 -0.1010669339425476 -4.884789273991484 0.4480314670591691 0.11628925341143986 0.8864223677603238 55.336517524468526
0.8908986755405359 0.007118074058976211 -0.454146323272368 -19.242250778078386 -0.05839610385560723 0.9933738862441075 -0.0989859443697156 -4.996449455330204 0.4504325087897236 0.11470682259556415 0.8854111473634301 56.235690481162266
0.8899736176201615 0.009045909757889232 -0.4559222866418519 -19.717935317188367 -0.06059153153914164 0.9932838767992874 -0.09856879017376374 -5.107806040002416 0.4519686120139584 0.11534865238584446 0.8845445506852359 57.13169081894143
0.8888995592346138 0.00951824772858319 -0.4580032495001393 -20.19739283241551 -0.06189695894861291 0.9931113622395485 -0.09949165122572869 -5.216721356887838 0.4539012448379309 0.11678709325471558 0.8833654027545403 58.038553160769865
0.887457767735757 0.008751286625755056 -0.4608059520751236 -20.699861295503716 -0.062067313692541926 0.9929813309916156 -0.10067633720547883 -5.338292500197256 0.4566906601370985 0.11794698505902373 0.8817721642573141 58.99695989770157
0.8851238319362322 0.008410775048132795 -0.465279551454403 -21.181486843460156 -0.0635444342328446 0.9926558037485851 -0.1029395947256372 -5.452726538609788 0.4609966453419682 0.12068021439880049 0.8791577667495813 59.90095703256018
0.8830197448827908 0.0059412265552290545 -0.469298233508449 -21.670454074528745 -0.061750452114331014 0.9926981548957197 -0.10362072635486434 -5.564902917468435 0.46525585628856625 0.12047852544604538 0.8769389449075344 60.811483685423326
0.8815929797205968 0.005566152667131893 -0.47197758003092255 -22.160277404647214 -0.06172338144027213 0.9927036638486669 -0.10358407196577969 -5.679801893139791 0.4679573081926795 0.12045104285940965 0.875504142756128 61.7173649375328
0.8803325765252921 0.0052963777124340715 -0.4743274218211175 -22.66552696408499 -0.06245260719519952 0.9925275800293271 -0.10482687983361044 -5.79940627542428 0.4702278453716487 0.12190550136993542 0.8740851343964624 62.63222905791663
0.87763943556944 0.004077207043482259 -0.47930407625648197 -23.170412776107145 -0.06283684663799594 0.9923125650343776 -0.10661755943317834 -5.922989930888246 0.4751847554772226 0.12368973141542071 0.871148838318937 63.538439056462124
0.8745810157198405 0.00341477994355505 -0.4848673903454317 -23.681259751688675 -0.06381096089699753 0.9920886598009006 -0.10811222115864137 -6.045640213246894 0.48066226002449364 0.1254927502782142 0.867879808162257 64.44290844029322
0.8716481593729561 0.0027069533420728126 -0.4901246358482109 -24.21632521678071 -0.06419536395343957 0.9920009883174433 -0.10868760013957914 -6.172940059264305 0.48590991089771257 0.12620107598915095 0.8648496094180522 65.3888633954203
0.8676756277602045 0.001739445527663315 -0.4971277293816867 -24.764303951738004 -0.06482084610296096 0.9918525821073236 -0.10966637259219986 -6.30937470471178 0.4928866633430362 0.12737907872288623 0.8607190641564049 66.33310489202991
0.8633767446202794 5.258038297426687e-05 -0.5045598022872931 -25.298849244073462 -0.06578318438674427 0.9914761668251681 -0.11246147460179935 -6.4350876178462615 0.5002531054384657 0.13028817234490198 0.8560209241871349 67.24572461325381
0.8583567746037498 -0.0002474849258448722 -0.5130532002074044 -25.84349220565036 -0.06714538723498065 0.9913446914825105 -0.11281489104950075 -6.569259512195618 0.5086404864586695 0.13128458180859512 0.8509108144302964 68.14422246527633
0.8547142718559784 -0.0016585887518482598 -0.5190961014774211 -26.398792951984518 -0.06647061442754365 0.991412951266265 -0.11261446389846774 -6.696090731243755 0.5148253790396602 0.13075782632357694 0.8472645513367143 69.04035874354307
0.8520347488905153 -0.002787247533939989 -0.5234778103551869 -26.948319250807337 -0.06662618793594438 0.991276115866246 -0.1137216478699336 -6.827022362165658 0.519228020973638 0.13177212665929583 0.8444159927852419 69.9191608475059
0.8487835174614872 -0.004515903543390907 -0.528721237610986 -27.526923967237437 -0.06588662212629853 0.9912662014862172 -0.11423778191068405 -6.960307741074168 0.5246193796558531 0.13179880274977254 0.8410728756078363 70.83377075532975
0.8460741840707064 -0.006345945416447604 -0.5330273951926485 -28.1256144691189 -0.06503891452954697 0.9912297198602863 -0.11503730726384735 -7.099739555381031 0.5290826160874185 0.1319976190787925 0.8382411430558772 71.77520497683244
0.8428811215370644 -0.006089253050132519 -0.5380653640160383 -28.698438063761543 -0.06770201934823364 0.9907898969674386 -0.11726813993333324 -7.234199968918633 0.5338238019539704 0.13527121299280154 0.8347058448356908 72.65208691947316
0.8410607414213199 -0.006161498815801792 -0.5409055972830772 -29.284088216419466 -0.06805460617722883 0.9907850308096212 -0.1171050524172222 -7.369216604006075 0.5366427115110033 0.13530357961237 0.8328910742265144 73.53706866766869
0.8398360606744488 -0.005818324299928866 -0.5428089335053031 -29.866763667819537 -0.06922740826982718 0.9906300151539168 -0.11772739282084427 -7.501894010575293 0.5384077981744565 0.1364489654724123 0.8315640220009776 74.41563920259306
0.8388732633091276 -0.00554084095466182 -0.5442985827527118 -30.460142262545393 -0.07081155034697878 0.9903399474864776 -0.11921624364967373 -7.641824289612685 0.5397011881055598 0.13854994584624067 0.8303773479951457 75.30024328168265
0.8366434042292006 -0.006512645131672948 -0.5477092290742995 -31.03982911435599 -0.07235482432501349 0.9898529536441948 -0.12229435620158519 -7.777442431900038 0.5429480578809276 0.14194617154137218 0.8276827235288148 76.1674093534409
0.8343739667246564 -0.008293987234276441 -0.5511363655466038 -31.657324196184756 -0.07244096033646294 0.9895639346763618 -0.12456133610943723 -7.919975039854047 0.546417780565103 0.14385558370669818 0.8250655611033054 77.08608545136224
0.8328179450961524 -0.0089946522413831 -0.5534739077471303 -32.274107607745805 -0.07346232348590612 0.9892278526344298 -0.12661572809223612 -8.065760331009619 0.5486506696923593 0.14610732973855747 0.8231859394102855 77.99203312401103
0.831077816846038 -0.007934057649731721 -0.5560995532057496 -32.889478529734994 -0.0745941621082472 0.9892734587278456 -0.125593530231514 -8.217462013554487 0.5511309947061516 0.14585977713494705 0.8215713919607667 78.89600795359173
0.8291833240045823 -0.0074448474037286175 -0.5589271772242312 -33.51281768318096 -0.0754833607180797 0.9892611547043899 -0.12515841980323025 -8.36537019483117 0.5538567300732349 0.1459689762931581 0.8197168904643306 79.80469601837304
0.8261202773932073 -0.007663784625078968 -0.5634417038922402 -34.15048580624079 -0.07695013449161853 0.9890059936807589 -0.1262767645501612 -8.515712726469959 0.5582149801657891 0.14767671065119045 0.8164481765854784 80.72342927563662
0.8248115123356208 -0.00869372327561356 -0.565340948715227 -34.81128134176149 -0.07737573763900914 0.9887391849730632 -0.12809301044015522 -8.673096873467124 0.560088354050899 0.14939626258514485 0.8148507792118415 81.66794750127
0.82290520552429 -0.008636885917640967 -0.5681130406201498 -35.46011992266685 -0.07825374414949332 0.9886329099629256 -0.12837959676219476 -8.832358459502679 0.5627640484675722 0.15010121098739923 0.8128752993002707 82.59630302031496
0.8215318709975765 -0.009434026348608633 -0.5700845411709349 -36.11288889168718 -0.07831746327469083 0.9885184434692704 -0.12921943300954605 -8.991955531196103 0.5647581428199501 0.150805457686202 0.811360557366832 83.51564329943888
0.8196709764999673 -0.010739011134587209 -0.572733938162775 -36.76651558929273 -0.07835880650346644 0.988323792064586 -0.13067509128533036 -9.15257756709008 0.5674498988694441 0.1519893275165343 0.8092588316441962 84.43835636843748
0.8182916298247389 -0.015410012917905194 -0.574596675991641 -37.4066551205772 -0.07523017308782987 0.9881706882255045 -0.13363798857027304 -9.30824715427203 0.5698589558969378 0.15258185486421139 0.807452505073982 85.339584155085
0.8173173319401996 -0.016214427844455877 -0.5759596090350697 -38.08148414632622 -0.07472679113971803 0.988178762635454 -0.13386052353933156 -9.471583847399897 0.5713215255844247 0.1524461393605621 0.8064439775941945 86.27198849762334
0.8146240769388792 -0.01807891750045522 -0.5797074831442935 -38.74345436856662 -0.07383129548006345 0.9881501357176261 -0.13456689447621603 -9.630479748507147 0.5752708519290849 0.15242198667924925 0.8036361022860633 87.18592274194977
0.8095516315702947 -0.01870250862886261 -0.5867506898102989 -39.42000958876842 -0.07397978542406083 0.9882739616695465 -0.1335723325939549 -9.80023938321955 0.5823685664340789 0.15154138991367178 0.7986751905327651 88.11092194733028
0.8030558851302825 -0.019856028735477572 -0.5955728196286955 -40.114251304434426 -0.07325155417103726 0.9885755670670702 -0.13172910843677782 -9.963280392619062 0.591384354856591 0.14941247043294836 0.7924269420646785 89.03525118715446
0.7968176694988396 -0.019301215947491582 -0.6039114708609089 -40.79638712628858 -0.0743740727661889 0.9887558106727703 -0.12973220171184424 -10.124542417122997 0.599624965186247 0.14828826630513048 0.7864225907243578 89.92874779243712
0.7903543466573468 -0.018792677838178385 -0.6123616921228082 -41.49375327932469 -0.07587460746436145 0.9888319360451554 -0.12827488530230208 -10.282951847727523 0.6079334261758992 0.1478453161816773 0.7801017317127121 90.81288192185335
0.7838068428626598 -0.019934941031391484 -0.62068464715002 -42.20559143206821 -0.07749203056937466 0.988532745816036 -0.1296070817804469 -10.440818115363767 0.6161508080656106 0.1496850312338655 0.77327393150462 91.69935603047361
0.7762920926155584 -0.0199439910772082 -0.6300577943034034 -42.96930361756056 -0.08007938038013279 0.9882816378775339 -0.1299488248197465 -10.611654095182733 0.6252662471143724 0.1513328829237433 0.7655981183137125 92.62694041166387
0.7681191804939264 -0.020577393248280226 -0.6399761678722458 -43.728359066952 -0.08158721550743431 0.9881913612764166 -0.1296971848746395 -10.770891698071784 0.6350877504904993 0.1518367688860922 0.7573698863772899 93.5232739295685
0.7616246207698182 -0.02283285186939329 -0.6476160883677469 -44.49376775389519 -0.08075929376701775 0.9882434114672682 -0.12981870497654907 -10.940519110191648 0.6429664637502359 0.15117413987533085 0.7508265484953703 94.41888001061328
0.7536212668901368 -0.022200981454598846 -0.6569338646419121 -45.263429652872546 -0.08192254736751908 0.9884643565705971 -0.12738489715147774 -11.106500023130977 0.6521837795619592 0.14981766321742082 0.7431089997196573 95.29677200059272
0.7456134944296822 -0.02262738498309302 -0.6659943831393665 -46.02865685354503 -0.08392832049019744 0.9882762086850617 -0.12753890530647946 -11.264540803549629 0.6610722758852116 0.15099051889409257 0.7349729990006705 96.14147942314902
0.7396481104013636 -0.023483345505917297 -0.6725839763654368 -46.821059573883524 -0.08576683133260181 0.9879530360075781 -0.12881323412823056 -11.427357273057666 0.6675063471030501 0.1529618616755792 0.7287235041151642 96.99740169278748
0.7323584449223848 -0.021604399301836212 -0.6805764895158172 -47.62641972033587 -0.08971538412036731 0.9877215124563563 -0.1278959095634531 -11.593426812777329 0.6749831538660808 0.15472383062002715 0.721427943896869 97.85010970235975
0.7265529433695952 -0.022526739156165425 -0.6867411204405691 -48.45906013891068 -0.09085201705589932 0.9875375712042824 -0.1285124758800546 -11.758819284628178 0.68107762514845 0.15576293359762172 0.7154517293565027 98.7073547221979
0.719591071950601 -0.02180761726304581 -0.6940555575732344 -49.314687216292945 -0.09357096682899622 0.9873454886262871 -0.1280365582792871 -11.927043051719881 0.6880647958845677 0.1570774137762234 0.70844443871464 99.58145415282603
0.7132843629158159 -0.020597181540392778 -0.7005720332216888 -50.16283136145526 -0.09510104471584584 0.9874792524162719 -0.12585911703708896 -12.090317393855006 0.6943926907116272 0.15639847237103394 0.7023946959696332 100.42611568798492
0.7090978690384938 -0.019464096830841687 -0.7048413729766626 -51.013487911291094 -0.09639416766661696 0.98755795155324 -0.12424756240598397 -12.253299269941746 0.6984900690524721 0.1560462792203914 0.6983990135850311 101.26197693726063
0.7046401371060546 -0.019126277848872282 -0.7093070299065197 -51.86255802445038 -0.09810711784352949 0.9874094617255785 -0.12408685797955926 -12.417257548850676 0.7027497923212761 0.15702464899005897 0.6938919144952997 102.08776716811701
0.7015733604610543 -0.019777814441831354 -0.7123227203643641 -52.70291004596352 -0.09898723617215542 0.9872185983637588 -0.12490382748216132 -12.574232477661438 0.7056885623037839 0.15814005533260725 0.6906485183745915 102.89377667536885
0.697962634129317 -0.020493581759282106 -0.7158408862770697 -53.53316608631879 -0.10092574879337686 0.986799009290589 -0.1266558664002908 -12.728771314068505 0.7089867097412766 0.16064783960510565 0.686680505796146 103.6837265036932
0.6953945918966289 -0.02178526410939509 -0.718297823906355 -54.401029304178664 -0.1013053329199573 0.9865869958856114 -0.12799737915825132 -12.895797856675685 0.7114517489492155 0.1617760854301044 0.6838602979410443 104.50959962121732
0.6945794206624314 -0.023966212918230034 -0.7190167237488982 -55.24997465935114 -0.1006420343055003 0.9863799041694739 -0.13009944496987816 -13.059391860886008 0.712341638066379 0.16272770289344687 0.6827071739684083 105.3108614827633
0.6923179404916606 -0.024973853434732268 -0.7211602983512099 -56.11676792846895 -0.10096474978500405 0.9862171551318085 -0.1310795263363955 -13.222484252790169 0.7144942187129558 0.16356047679174449 0.6802543508551931 106.12443007819697
0.6914080580052401 -0.023800199195028654 -0.7220723286788518 -56.98004091294473 -0.10108581163658237 0.9864387294210337 -0.12930696726777796 -13.388204724321408 0.7153576420303317 0.16239514652998027 0.6796258237974115 106.92660633391631
0.6897334165686368 -0.023921781277212804 -0.7236681300493208 -57.86393183002321 -0.09948325323469581 0.9868445779726015 -0.12743963767964764 -13.554205893419052 0.7171965535293634 0.15989223654262788 0.6782798657626509 107.74575417351635
0.6880206243655071 -0.023689246313093118 -0.7253043775249225 -58.76167420653799 -0.09939906769560448 0.9869707326079806 -0.12652508967201181 -13.726990439806272 0.7188514768635746 0.1591464501155574 0.6767015306814919 108.58189372775824
0.687369696600181 -0.025170273324356646 -0.7258714469770475 -59.63596683491041 -0.0985475142161718 0.986925121717703 -0.12754290087774728 -13.892274018756822 0.7195910558349019 0.15920195181992786 0.675901953613937 109.39928015059867
0.6872125197736365 -0.026411581061929666 -0.7259761573579248 -60.4915187613545 -0.09683360628890134 0.987090701650536 -0.12757428976145055 -14.060175832565566 0.7199737532434466 0.15796953852202525 0.6757835596843734 110.19572364325796
0.6855964094382974 -0.028376051309789353 -0.72742859654909 -61.35061902730543 -0.0948073928311075 0.9872495530892218 -0.12786664220859084 -14.228795478679052 0.7217819072475303 0.1566305194947521 0.6741644893740113 110.98704548370343
0.6839886450026662 -0.028730208216717727 -0.7289266826253796 -62.21424310216482 -0.0931865835069734 0.9875968761044722 -0.126367206833837 -14.396198945818126 0.7235162708341222 0.15435992175597885 0.672827779148404 111.78246621830304
0.6823472433088206 -0.029944525367681156 -0.7304146527482576 -63.03534484421909 -0.09248682596779292 0.9875958160717546 -0.1268884986906551 -14.552382636622212 0.7251540709195918 0.15413575016221742 0.6711138084935179 112.53767650725693
0.6819142287190112 -0.029439838486297616 -0.730839435567387 -63.87465857525156 -0.09221294452430051 0.9877569841990128 -0.12582890378696526 -14.714088032787503 0.7255961394141471 0.15319737620459362 0.6708508078487451 113.30483982670118
0.681150243707001 -0.02906087232238934 -0.7315666826733945 -64.69346605452262 -0.09182955089549047 0.9879300748147336 -0.12474574485283105 -14.869599904889172 0.7263619477094226 0.15215003442791883 0.6702601643715351 114.04242959975255
0.6778900425902976 -0.029580465419933245 -0.7345679588863545 -65.5425537502894 -0.09145418327426626 0.9880355162657455 -0.12418514790070104 -15.029976458748806 0.7294526869637001 0.15136318793888495 0.6670741808962601 114.81693025705401
0.6765773223253805 -0.03146150081782595 -0.7356991918449471 -66.37118594091062 -0.08948510246553262 0.9881696145664963 -0.12455211473208891 -15.182796011413764 0.7309141833018098 0.15010325384145493 0.6657578162023008 115.56148299142168
0.6767268818463422 -0.03239523120466324 -0.7355210917313815 -67.2054967758274 -0.0889224728479175 0.9881213959561355 -0.1253351533940487 -15.340428677499927 0.7308443891890655 0.15022202185064196 0.6658076471038518 116.3155475481697
0.6771183915365386 -0.033751338472437054 -0.7350996741900312 -68.0058078247022 -0.0890037908233129 0.9878577017663227 -0.12734004193512471 -15.493334185129669 0.7304717715709835 0.15165094200920198 0.6658926210175864 117.03858591190303
0.6801360791314615 -0.03274541348100836 -0.7323541846399462 -68.82828643367402 -0.09007876657851624 0.9876984594474816 -0.12781850029148734 -15.648520425997829 0.7275305695813583 0.15290353527969702 0.6688196911153221 117.77062969170079
0.6821226423620994 -0.03178053384956528 -0.7305468489051092 -69.62031829392075 -0.09245143292497218 0.9872898680132972 -0.1292727700190801 -15.797652572256597 0.7253698596764737 0.15571998647098334 0.6705146176530455 118.48486670388783
0.6855514666362543 -0.03206185095062875 -0.727317828948597 -70.39828512933276 -0.09358227740641692 0.986860913430319 -0.1317114076263137 -15.94560223434159 0.7219844485501813 0.15835900750224538 0.6735435255383239 119.19570907766779
0.6897224139099704 -0.032695689332083666 -0.7233353189560867 -71.19989788518085 -0.0931098163068092 0.9866811627656696 -0.13338232698037106 -16.103906819681118 0.7180623607024086 0.15934639921405896 0.6774918237144991 119.93594900062394
0.6943526201262644 -0.03067926293600068 -0.7189806824591988 -71.99183597660641 -0.09459266956064116 0.9865311905837236 -0.133448255405802 -16.261620980798376 0.7133909627891167 0.1606704479086448 0.6820984836368225 120.67563821104412
0.6993125894450507 -0.029241282361751567 -0.7142176486544547 -72.77282169568494 -0.09516929239237935 0.9864591854369718 -0.13357051041513615 -16.416256030836415 0.708452332926635 0.16137912774849947 0.6870604551987705 121.41494135053806
0.7050070466754992 -0.02817178142798272 -0.7086405399559529 -73.54549063604048 -0.09523516276128074 0.9863998931298532 -0.13396086968681098 -16.580996265052473 0.7027768692207527 0.16193085426992704 0.6927359313069367 122.16542762436053
0.7107996625360382 -0.028722740080653966 -0.7028078285996202 -74.32103203663159 -0.09573243649186067 0.9859183663499104 -0.13711409663946192 -16.742839147366723 0.6968494387900344 0.16474215943765894 0.698040744198955 122.92026137711913
0.7188906365121749 -0.028437618044594624 -0.6945412547970566 -75.06378774100244 -0.0949465659302405 0.985781309758952 -0.13863750916681924 -16.90349620223225 0.6886083083678083 0.16560951424925788 0.7059688990578483 123.66971488976799
0.7269793294638676 -0.027410884233039813 -0.6861120156051989 -75.80967404972813 -0.09654554012359956 0.9851967324456479 -0.14165576959891624 -17.07245905250979 0.6798382257673573 0.16922187152960372 0.713571261319786 124.43285595028459
0.7342963521719124 -0.026013666226154045 -0.6783304182745291 -76.5289708000925 -0.09821404452602442 0.9846802337962745 -0.1440792789708321 -17.231418169509304 0.6716865851309399 0.17241846287561266 0.7204921963593693 125.18375812204359
0.7408135730773531 -0.024760367954871923 -0.6712541799669516 -77.24884014459111 -0.10022519559727133 0.984059147472059 -0.14690985141934174 -17.392627908912356 0.6641913580526728 0.1761093934328993 0.7265227604368926 125.9436225558804
0.7491087239864104 -0.0230134861764772 -0.6620472030765308 -77.95132678526414 -0.10140356791894461 0.9836345667933858 -0.14893070678169884 -17.55415315371065 0.6546399285567297 0.17869924024235095 0.7345155855909706 126.70410863551112
0.7574714781604366 -0.02149982156740745 -0.6525141511461747 -78.64168120294453 -0.10168769587419377 0.9833746600028465 -0.1504456399238065 -17.719567825085345 0.6449004359443717 0.1803109418112384 0.7426919899809769 127.46937692672412
0.7646274361047561 -0.019285539377572047 -0.6441839426179323 -79.32528714353113 -0.10235063998587741 0.983232701000823 -0.1509231664692597 -17.8929607909083 0.6362933525115195 0.18133263262177243 0.7498328119628461 128.25364737647607
