1.0 0.0 0.0 0.0 0.0 1.0 0.0 0.0 0.0 0.0 1.0 0.0
0.9999161613523266 -0.0019833204895834027 0.012795964452274352 0.006454506888985634 0.001978436825036291 0.9999979651540248 0.00039430386682713154 -0.005483974236994982 -0.012796720445395786 -0.0003689548016399294 0.9999180505512424 0.31997838616371155
0.9996924826434981 -0.003941865870431791 0.024482684483911717 0.016946516515155868 0.0039497667345845784 0.9999921620031722 -0.0002743628324079864 -0.009369592811751315 -0.024481411087223213 0.0003709793538229265 0.9997002165076776 0.6266414164924762
0.9995302658207661 -0.005947020609309943 0.030064607999128908 0.023750703960963238 0.005981232162092678 0.9999815629730011 -0.0010481297139386767 -0.007706551965599044 -0.030057820448129487 0.0012274607718928676 0.9995474079652059 0.923958903150687
0.9994643087742537 -0.007266737192558053 0.0319106567932707 0.03692033059974143 0.007322106039381658 0.999971883043761 -0.0016186059011752808 -0.008694540264969694 -0.03189799757902791 0.0018513920410227226 0.9994894147003054 1.2598895284248792
0.9995208947971219 -0.010145619326674299 0.02924119136491101 0.04343364522858962 0.010214971396907259 0.9999453541171436 -0.0022233170941418894 -0.007952625708808154 -0.029217036525313447 0.0025209498247584956 0.999569912306618 1.5996984080283831
0.9997271619836714 -0.011305532668227036 0.020439826886786364 0.046072327446005666 0.011406578888625871 0.999923259310457 -0.004833781957236116 -0.011153926047903402 -0.020383609840548312 0.005065611615609524 0.999779399682164 1.934475985785765
0.9999437423444232 -0.009538800677326173 0.0046393348519316886 0.029031890111686907 0.009560875714289091 0.9999429664924154 -0.004759560686065691 -0.01174425408699379 -0.004593669753696204 0.004803649028256206 0.9999779113331492 2.291966214377381
0.9998578456770075 -0.007218427921826978 -0.01523754364952554 0.0005700361405966553 0.007122620341786476 0.9999545826207531 -0.006332533081054303 -0.01975369509221354 0.01528256253383499 0.006223101645744367 0.9998638488755889 2.642135844945147
0.999495062240542 -0.004661769259697421 -0.03143069302679248 -0.029727030992539802 0.004461982451610764 0.9999694137650722 -0.006423569641517413 -0.02254875915637836 0.031459676879723966 0.00628008293792739 0.9994852921823894 3.0066336194948273
0.9987641774789475 -0.004901696908725306 -0.04945797359593708 -0.06425120913631518 0.004536694418511242 0.99996166131055 -0.007489613661455418 -0.029900887025911677 0.04949278925817846 0.007255982115455045 0.9987481236703204 3.382820640195913
0.9976163463779969 -0.0053921008922491465 -0.06879353666867612 -0.10766023193860046 0.004919498513195548 0.9999631358479962 -0.007037434150358846 -0.03857436277411014 0.06882894720824477 0.006682229643597719 0.9976060965296849 3.7781562542860785
0.9960400376688345 -0.005558578565515871 -0.08873187457164293 -0.159161819427386 0.004825800232118946 0.9999524780240014 -0.008470734665813927 -0.0450170883600262 0.08877474310177678 0.008008988574715823 0.9960195284678025 4.16402015463873
0.9944724385721743 -0.005131568006264667 -0.104872474606593 -0.218529752123094 0.004228280290173851 0.9999520424003282 -0.008833716386687066 -0.052149986190442296 0.10491277599082553 0.008341457259362847 0.994446443768939 4.592403252809829
0.9927101610801651 -0.0046138633841782805 -0.12043773641539852 -0.2870790488769166 0.0036179319734131812 0.9999574430262879 -0.008486619148056065 -0.06201663923862673 0.12047176705115863 0.007989017524109968 0.9926846069837947 5.0295572747066375
0.9911700872997152 -0.0048427809639197605 -0.13250813376850026 -0.3586296400746164 0.0036428431433085757 0.9999501511108213 -0.009296504035352138 -0.07186492231046426 0.1325465493179981 0.008731710369770936 0.9911383200633049 5.500966951252908
0.9894853086958059 -0.006057666239829669 -0.14450650004374493 -0.4309706958440416 0.0045400310246973925 0.9999310510412007 -0.010829648283050945 -0.08107508622411393 0.14456213886582064 0.010059713880952628 0.9894445867066901 5.958129429378271
0.9879114124194736 -0.008124958472728658 -0.1548064154393401 -0.5067417252430301 0.006144953843093898 0.9998931413936559 -0.013264438781679003 -0.09354266092629068 0.1548976460557983 0.01215281217427058 0.9878557730775428 6.425635423333031
0.9868403414696623 -0.0075760771163928785 -0.1615201024751006 -0.5938606106046753 0.005021445847587458 0.9998558616796316 -0.016218537125194974 -0.10043879029069909 0.16161969412679963 0.015194042266890308 0.9867361428213481 6.9199287439482084
0.9859541676523548 -0.007421774742632344 -0.1668511209090972 -0.6891840495186194 0.004557954421029075 0.9998357676649539 -0.017540317822902416 -0.11306533347719908 0.166953898847701 0.016533449655236235 0.9858260702081527 7.468315446721606
0.9849522441017379 -0.006931562018197028 -0.17268766686402048 -0.7802214486357159 0.0033480805898885788 0.9997731575790522 -0.02103387127410679 -0.13089076445857847 0.17279429155882042 0.02013918648803799 0.9847520225784183 7.974656006935618
0.983128861961934 -0.009134605284808662 -0.18268606888244943 -0.8838656308343308 0.005227405142192231 0.9997474271352987 -0.021857634177327053 -0.14621230843614016 0.18283958819936041 0.02053389691805282 0.9829283005715356 8.50978110289661
0.9816606745443544 -0.013114254159831674 -0.19018500569433608 -0.9787752244235746 0.008612331664530393 0.9996632577836996 -0.024478537141357844 -0.16315271638238496 0.1904419801315441 0.02239168093538415 0.9814430522595107 9.018502639532194
0.9795602788845902 -0.01334914674593536 -0.20070739974574825 -1.1035448182270158 0.008086876083912333 0.9996022975365159 -0.0270157212548994 -0.18139958617710494 0.20098821474590878 0.024840431575849482 0.9792786582441069 9.597617721714787
0.9774592469071199 -0.009235929378598736 -0.21092206675518732 -1.2414443381904738 0.0027211359475710173 0.999510811592519 -0.031156587246024294 -0.19657576163369903 0.21110664616473113 0.029880346687711366 0.9770062173941891 10.178017515621276
0.9751933388833366 -0.006866146584119494 -0.2212482945214614 -1.388477467929105 -0.0007239208466883087 0.9994145304968498 -0.0342063176967244 -0.21793866011717863 0.22135362598380373 0.03351793941827115 0.9746174223770965 10.769370298494136
0.9726402052203815 -0.009051752518041212 -0.23214025278957157 -1.5301435219762964 0.0008419729317382541 0.9993714396457467 -0.035440325929228696 -0.24366464957470416 0.2323151356895118 0.03427523007566651 0.9720364634790322 11.351978079906967
0.969853725041667 -0.009329335508773798 -0.24350916927657493 -1.6782143625480614 0.0001152685577275412 0.9992843516163851 -0.03782553803689795 -0.2721049270825942 0.24368778946833278 0.036657170016054785 0.9691607261700466 11.926140596941762
0.967305458160479 -0.007405647291320119 -0.25350602951634604 -1.8392444646738226 -0.0026838259251298797 0.9992187000802524 -0.039430780975455756 -0.29702207961857435 0.25359997573215487 0.03882197571128143 0.9665298270154539 12.501703655294037
0.9650010455234201 -0.0048199288093788975 -0.26220173612121406 -2.011303323177267 -0.006549148264162246 0.9990763252425827 -0.04246887091495749 -0.32149256590150543 0.2621642439306327 0.04269970288011171 0.9640781319883935 13.081560442567543
0.963195601445474 -0.004120506713922868 -0.2687698918787447 -2.1932770997073945 -0.009033784774406289 0.9988214541736807 -0.04768745553102518 -0.35091529440488445 0.2686496307251162 0.04836035676868312 0.9620232075186463 13.6916391414805
0.9616344342430737 -0.004484734522424656 -0.27429746997423704 -2.375185343968284 -0.010559886629546655 0.9985202174587501 -0.05334664113608374 -0.3855000023197367 0.27413081489021845 0.05419651725336558 0.9601640661080953 14.31076004872974
0.9612477925236274 -0.0027223347000127915 -0.27567239662729137 -2.56045627269721 -0.014338277219810628 0.9981042210364441 -0.05985296780946569 -0.4199276457349432 0.2753127225080988 0.061486200427528316 0.9593864455901826 14.92033078604399
0.9602364790727157 -0.002943858215521231 -0.2791724161819023 -2.755027416410769 -0.016230397885310836 0.9976646571219623 -0.06634610850835378 -0.4604644614355325 0.2787157664046274 0.06823903302747382 0.9579462176599252 15.559472132530786
0.9593739155934778 -0.0002391401877256845 -0.2821376133924881 -2.9602950617651573 -0.021139986026180654 0.9971276669909259 -0.07272906373689966 -0.5025972686423286 0.2813446126543946 0.07573875185929421 0.9566132188074472 16.206117627764712
0.9590967729023067 -0.0008097166936685447 -0.2830772413445794 -3.163178325631963 -0.022226793847935213 0.9966931989968085 -0.07815776806402312 -0.5511322691599377 0.28220444688846175 0.0812527626138597 0.9559072333254902 16.860423926571727
0.9584088269885864 0.00161977584903698 -0.2853942828379027 -3.3714924293783404 -0.026240238559649045 0.9962484098507457 -0.08246548217401964 -0.6077734499586489 0.2841900248613498 0.08652446010267686 0.9548557731789895 17.511193524844213
0.9587380536297853 0.002081632933688616 -0.28428332931514044 -3.583286329828885 -0.02782478539778984 0.9958591873828634 -0.08654628947973489 -0.66175173995833 0.2829260077118011 0.09088534375504398 0.9548260199904428 18.185558269780852
0.9591820787460443 0.002804959385797199 -0.2827753030504281 -3.80474238986897 -0.02956949264512122 0.9954640880869505 -0.0904261822368189 -0.7231244186209012 0.2812390174160184 0.09509669569475214 0.9549142545542046 18.89318674321583
0.9589669381889223 0.004625844293734745 -0.28348018100942024 -4.033752236689201 -0.03232396011922581 0.9951311734668031 -0.09310805119211751 -0.7914498517088058 0.2816692618351783 0.0984507448379818 0.954447420122278 19.613843395169404
0.9584970364754613 0.007440077462427997 -0.2850053969929545 -4.2582732573277084 -0.03616777204638808 0.9947560998540041 -0.09566710024063325 -0.8581367319155135 0.2827990865136573 0.10200464229927937 0.9537398647516194 20.31927309609421
0.9572484393048595 0.00821348498356153 -0.2891504177981344 -4.484653385446765 -0.03731500357787903 0.9947511764596061 -0.09527689877516254 -0.930637759343769 0.2868501629011107 0.10199331152901403 0.9525304973841793 21.0377354196895
0.9565111683130855 0.010109626540397055 -0.2915204629928232 -4.706605018682795 -0.03967873853052451 0.9946192684838165 -0.09569800661113093 -0.9982484674763275 0.28898439854248636 0.1031033763362359 0.9517655757522994 21.71912869073566
0.9552662539356782 0.011016350370287403 -0.29554191600552315 -4.934951097400731 -0.04095163873914495 0.9946066539878845 -0.0952920097783833 -1.0661192336880685 0.29289818602421425 0.10313216698753112 0.9505653100950934 22.421576431047697
0.952600064512088 0.011803190898668957 -0.3039963844787888 -5.210144046211376 -0.042476020075212235 0.994619751788 -0.09448458642417688 -1.1560799287624808 0.3012455888641959 0.1029185796529818 0.9479761922918091 23.252880387959323
0.94966252388231 0.011306527854249298 -0.31307068396987014 -5.453092640205194 -0.041381302993986215 0.9951190041547161 -0.08958658009236871 -1.2356296122750994 0.3105296740989517 0.09803229058839526 0.9454951039037651 23.989810872873143
0.9482186973136413 0.011637151472476447 -0.3174049129588703 -5.674229743156341 -0.041592313853317846 0.9952726763065407 -0.08776319972484675 -1.2977761879958365 0.3148831235445121 0.09642031167354145 0.9442201766556511 24.6259761669323
0.945775843487893 0.013026844180217866 -0.3245587084110806 -5.9446559526141804 -0.04305856895958228 0.9954054574740826 -0.0855215462323104 -1.3737322315663048 0.32195343376630947 0.09485924605180368 0.9419913534234622 25.37885757499973
0.943434729960846 0.013023074120281534 -0.33130244466976644 -6.22578071806226 -0.043560695408604466 0.9954354092412065 -0.0849164992466768 -1.4476887473059628 0.3286843107287367 0.09454493941639461 0.9396956306759789 26.154955075037023
0.9409512235927181 0.013099240657781131 -0.33828864112405005 -6.516064641496377 -0.04418396356932172 0.9954559560068225 -0.08435174576645203 -1.526679637115312 0.3356464988386914 0.09431781138646529 0.9372542762092877 26.955120041348163
0.9384314571969689 0.013593713424757313 -0.3451979303218656 -6.811726985132379 -0.04544096563115935 0.9954008431961757 -0.08433433468552758 -1.6025323654655521 0.342463894134377 0.09482811987837973 0.9347331752402127 27.739473283758972
0.9353586631509023 0.012850236547715346 -0.3534671734252339 -7.129222165123255 -0.045401925991455976 0.9954346481533647 -0.0839555023333983 -1.6803639731306645 0.3507746233478457 0.09457659687499151 0.9316718472395322 28.55205469108125
0.9324295438317836 0.011958912974407314 -0.36115388713140356 -7.432792184857227 -0.04492206514460165 0.9955353034907001 -0.08301486352951444 -1.7540840834407165 0.35854867710367616 0.09362928977702593 0.9288037479699647 29.317105302031514
0.9297531851366236 0.012582413196519156 -0.3679683377771186 -7.759461136291597 -0.04570083220501161 0.9956308841715786 -0.0814283514477006 -1.8357420900951533 0.36533607632435233 0.09252472838043314 0.9262660125331461 30.114131297854843
0.9269117398095281 0.013706000277101057 -0.37502902842270475 -8.08648398171454 -0.046134267867951856 0.9959144909618363 -0.07762703150652342 -1.9074984531541836 0.37243288782217104 0.08925509648547147 0.9237571498071382 30.911558758765082
0.9244712300773505 0.013540085506063983 -0.3810113001523174 -8.42517408845658 -0.04592560257597417 0.9960469167957271 -0.07603537709355951 -1.9829111295664303 0.37847560527371443 0.08779069213882867 0.9214385549706943 31.708772070102725
0.9221387396034458 0.014582724095623986 -0.38658438804550727 -8.78538941618526 -0.047061096847820914 0.9960962740018015 -0.07468243490412071 -2.062309860464748 0.38398619517640015 0.08706065171866745 0.919225241622679 32.56280700792959
0.9199879906088132 0.014465841741099352 -0.3916795074525597 -9.145510934290675 -0.04753554465101531 0.9960600023399045 -0.07486550429510694 -2.1375024367762734 0.3890532985726886 0.08749406357776973 0.9170508817444971 33.401659548331374
0.9180863688165668 0.015737424304182426 -0.39606786396964994 -9.518107289484554 -0.04877808658249087 0.996102478469311 -0.07348843893189537 -2.2110707877407014 0.39336766219729097 0.08678816661023563 0.9152757488723668 34.24671976362905
0.9158359453796172 0.014782324050202515 -0.4012804555996935 -9.895334588222614 -0.04825629896753846 0.9961315244688633 -0.07343919640964085 -2.2863285657884296 0.398642509976769 0.08662256550699167 0.9130063966831823 35.099142790908836
0.9143423751566185 0.014599841089704493 -0.40467871902672237 -10.281841902558094 -0.04887642848982393 0.9960226132160439 -0.0744986489834693 -2.363642970142326 0.4019814868013608 0.08789652212936769 0.9114192699666432 35.94842910719908
0.9130967920069634 0.014466503382615962 -0.4074861576869493 -10.660191275045214 -0.049810123765663364 0.99584300356187 -0.0762604997841134 -2.4380551132370076 0.40468901640277044 0.08993015365690321 0.910021630218867 36.78766236894784
0.912502585494734 0.01552872791783056 -0.40877608794385223 -11.066012411645907 -0.051755828364870686 0.9956316191145699 -0.07771108833085713 -2.5143531304362217 0.40578364394796895 0.09206811407080207 0.9093201288191931 37.667042692747906
0.9120188056151586 0.015186517992296603 -0.40986713441744693 -11.481545862597098 -0.05106348137393854 0.9957434786204198 -0.07672969213335298 -2.594002979757375 0.40695726934688525 0.09090816495879428 0.908912254549113 38.57203920120928
0.911966402074639 0.01773901469249262 -0.4098812130907899 -11.903120342417122 -0.053301222841356494 0.995720244097097 -0.07549950422905846 -2.6775859840482013 0.4067877347347804 0.09070018110763114 0.9090089196572215 39.48993084910955
0.911620881600391 0.016955733982808505 -0.41068220233561403 -12.319466798844081 -0.052588929331569584 0.995748654773409 -0.07562420927656424 -2.7595232155369747 0.4076539865399149 0.09053794564739492 0.9086369504131252 40.39765262254691
0.9115122919862519 0.015426862604564648 -0.4109833980444344 -12.739153032286822 -0.051467306678968705 0.995719381660279 -0.07677258188497327 -2.8437370901007695 0.40803977490090726 0.09113136066279176 0.9084044348210577 41.31088896953117
0.9111654985571831 0.013255981548154126 -0.4118272856334742 -13.165910379711713 -0.049780700240224664 0.9957027125574519 -0.07808962856439594 -2.9289014158371467 0.4090223907350709 0.09165362599988844 0.9079098505459887 42.24027456464549
0.9102241836756352 0.01169750436786842 -0.41395060556011687 -13.613655764908696 -0.04792792572478434 0.9958594014418308 -0.07724614227026623 -3.016534224899297 0.41133301519297394 0.09015110066705982 0.9070159478536055 43.211005266452666
0.9089204817170653 0.011832289248319233 -0.4168015773079104 -14.05166712012225 -0.04725292289468612 0.9960808072572228 -0.07476755106132664 -3.1073714545938835 0.41428338030040107 0.08765285132238053 0.9059173574128767 44.16892583077529
0.9072610163330038 0.011482155084365772 -0.4204112371916617 -14.48897026970084 -0.04602395675672123 0.9963342833216582 -0.07210957829840019 -3.1948614115997107 0.4180421553466354 0.08477119789489958 0.9044637087028994 45.09988562997385
0.9049020041957565 0.010669604756277977 -0.4254862187390419 -14.934464013103234 -0.045555779330708625 0.9963709161213166 -0.07190040665489991 -3.2822741075109247 0.42317494464119065 0.08444617837364227 0.9021041010803643 46.04210159010283
0.9009130483842803 0.008758536002411662 -0.4339112435718137 -15.40408751110075 -0.04524733071943156 0.9962434050016464 -0.07383601461002529 -3.370329227456549 0.431634519372246 0.08615315454363781 0.8979249833078877 46.9940209616056
0.89611575457272 0.005359229069975734 -0.44378804971556035 -15.853462186109692 -0.0444198849685281 0.9959893236684936 -0.07766685881223673 -3.4516241916760073 0.4415919250008404 0.08931150990859302 0.8927597806643732 47.90752882291934
0.8911483258226938 0.005964069397408681 -0.45367289015284257 -16.330628607097758 -0.04603016335719724 0.9959428766414764 -0.07732406176870835 -3.5392803554162495 0.45137111720259643 0.08978984543546215 0.8878073542227256 48.83714833985204
0.886093686133486 0.006152007647586621 -0.4634653516674955 -16.814205975575714 -0.04623076519819211 0.996098793590163 -0.07516588160469918 -3.632610210373047 0.4611948565883631 0.08803037095301859 0.882921263786479 49.75427048808819
0.8823832692473174 0.008086281286468003 -0.4704618775282143 -17.32213844915375 -0.04817973775678481 0.9961497053396169 -0.0732425929461954 -3.7221668966369217 0.46805820046454033 0.08729476849588835 0.8793754285691325 50.69505128415692
0.8794240356183219 0.00856246225970898 -0.4759622357045101 -17.84238019194547 -0.04970126563399442 0.9960253869938124 -0.0739135485429137 -3.810417304410371 0.4734375880421449 0.08865727665497962 0.8763542306196501 51.638293701580054
0.878162759827549 0.005260542818802658 -0.47833303664007376 -18.342939590423995 -0.048943470313558265 0.9956799957804963 -0.0789042629787313 -3.8968220418651827 0.47585155664947487 0.092702064118349 0.8746265622209681 52.55803861765856
0.8768670881520199 0.004264339349279264 -0.48071397433995205 -18.847411726206595 -0.051667771890989096 0.9950044289386805 -0.08542030051592639 -3.9854064847699724 0.4779482723722502 0.09973967015347829 0.8727069652145885 53.4636307564975
0.8750334424690256 0.004570872570616603 -0.4840408884430631 -19.347410164325577 -0.053155525078057056 0.9948154782510489 -0.08669864119934712 -4.0769162229918745 0.48113507948858053 0.10159365805049184 0.8707397796870412 54.35967214417572
0.873891868462588 0.005409253586014354 -0.4860902613821935 -19.866867005354163 -0.05355326197288965 0.9949230768532412 -0.08520633354946576 -4.173694058308127 0.48316151581746464 0.10049284114066014 0.8697448697821956 55.273767735450654
0.8722759784631511 0.004389579377804605 -0.4889942218360442 -20.37868867118196 -0.051525781413977255 0.9952183815610444 -0.08297871325041518 -4.269806991352891 0.48629179639988934 0.09757614767914106 0.8683312640681936 56.18103184688462
0.8707295696921112 0.006347962812533199 -0.49172118098768297 -20.891172169010442 -0.05294683677368216 0.99531428919009 -0.08090796134922174 -4.362194884402884 0.4889035170045845 0.09648403547819087 0.8669856872857772 57.07059306886598
0.8690672511565858 0.007009306295143833 -0.49464429905983637 -21.410777447885796 -0.05405120348219077 0.9952586405407857 -0.08086226456780711 -4.451339556675212 0.4917322242534678 0.09701086565002955 0.8653255523654488 57.966126732038425
0.8670144040519477 0.00505639833254895 -0.49825741941525453 -21.937663285761467 -0.053115855767255915 0.9951888952514597 -0.08232720470349712 -4.544901368867259 0.4954439716381241 0.09784424154789105 0.8631116818600939 58.87026604604479
0.8649324814371597 0.004607007800780452 -0.5018670920015388 -22.46953952101802 -0.054130694217857406 0.9949811592463164 -0.08415676258239435 -4.6402139176853145 0.4989605901255632 0.09995633158524886 0.8608409035806615 59.76806122036955
0.8634756942195493 0.003973693640342994 -0.504374796407315 -23.001369020118627 -0.054981600415799026 0.9947517688053169 -0.08628987237452113 -4.736141042812857 0.5013848313499175 0.10224054096857291 0.8591624541812036 60.65868598240277
0.8615788810174987 0.004244098179749148 -0.5076059686560787 -23.5259733775658 -0.0554578892104703 0.9947665358471902 -0.08581352855407043 -4.8342048902159895 0.5045852299750305 0.10208587948008141 0.8573052075555264 61.53562294977136
0.8586250235729351 0.004114451966950292 -0.5125876902339621 -24.062087445175358 -0.05589056869381473 0.9947575851950625 -0.08563638845706811 -4.9320448274047 0.5095481461309213 0.10217836357027621 0.8543537140977628 62.41940505234107
0.8551895372714008 0.005018405745861286 -0.5182911063729506 -24.608788931427704 -0.0581452402458564 0.9945700587824816 -0.08631065525277051 -5.031163612870967 0.5150436742435335 0.10394813022455415 0.8508377047619247 63.29883088655711
0.8510875856933957 0.0031352547309859875 -0.5250143728093155 -25.176055556896333 -0.057586648145262015 0.9945062538435309 -0.08741332290618335 -5.131180298615236 0.5218560140824104 0.10463021190783624 0.8465924753517129 64.21270893336286
0.8471571819986837 0.0009510266442191474 -0.5313415140344022 -25.7438709374073 -0.057185188572112744 0.9943532660771252 -0.08939483458078396 -5.234758867547435 0.5282561530129306 0.10611634082494462 0.8424278954390716 65.11592812569252
0.8436743938495743 0.0007208385320477927 -0.5368547266760014 -26.342710114541593 -0.057644183695324744 0.9943394595203491 -0.0892535003620575 -5.344128638259674 0.533751501401779 0.1062474452991264 0.8389402929402998 66.04882206312816
0.8407528084490701 -0.0015383860692410982 -0.5414169820510838 -26.91363061306009 -0.0575023646162164 0.9940863370142027 -0.09211857915333392 -5.449067996024818 0.5383569384233339 0.10858171084481634 0.8356924188488655 66.93646471048345
0.8361750162423213 -0.0019768131745259224 -0.5484591456269343 -27.5097021627185 -0.05863351078521292 0.9939405690705968 -0.09297449418318185 -5.559443026231208 0.5453195885214046 0.1099010344141092 0.8309923639899195 67.83473819988193
0.8324152355608138 -0.003779224605460263 -0.5541395068641258 -28.119436523245763 -0.05707144854924597 0.9940747320841633 -0.09251095498528691 -5.6704313792289165 0.5512057015005613 0.10863307274113393 0.8272672664502649 68.73678367825616
0.8288141425724717 -0.0052635879676830415 -0.5594992508605932 -28.725643766281724 -0.056264657591096015 0.9941031270717093 -0.0926998438639763 -5.785233204191348 0.556687888657563 0.10831097538086952 0.8236305769178494 69.62600630286613
0.8254133758179225 -0.00672991317678355 -0.5644886777336584 -29.344099322271877 -0.0556670307590207 0.9940853426828556 -0.0932497353861337 -5.894915541985361 0.5617774832683626 0.10839298746571509 0.8201567042711546 70.52448805886556
0.8233189928387382 -0.008173485361296973 -0.5675200702777433 -29.971149617868033 -0.05560640342262636 0.9939244761326954 -0.09498454423087685 -6.014281927752885 0.5648484433274169 0.10976032926971355 0.8178624005229719 71.42152372839269
0.8194378043316484 -0.006948694504947967 -0.5731259900552442 -30.592629681049733 -0.058066645780267934 0.993775548333973 -0.09507062733221043 -6.126335381013275 0.5702192117773269 0.11118396996954215 0.8139337659428167 72.29359236250964
0.8155951972769688 -0.00619829961692904 -0.5785897123701743 -31.223197672486815 -0.05894176180563675 0.9938511157615962 -0.09373274995794005 -6.241765737693595 0.5756130148754369 0.11055107770297361 0.8102148581238937 73.17414981816827
0.8128262079861109 -0.005856075292428552 -0.5824768338681711 -31.862313415255297 -0.05977947019766017 0.993831288933426 -0.09341190545006757 -6.3561182797718745 0.5794307297285902 0.11074780141878533 0.8074620448832867 74.05075518493683
0.8109210697494071 -0.006503821927945675 -0.5851194057086185 -32.482912591625166 -0.060334851504875595 0.9936792775232691 -0.0946636102983561 -6.467834708288831 0.5820367035938215 0.11206780858553447 0.8054030555867505 74.8927586063479
0.8084618830977525 -0.0064259987210786886 -0.5885134578907034 -33.10304811501895 -0.06325578546265144 0.9931995288238752 -0.09774150372045291 -6.569353409847685 0.58513937586146 0.11624716118886082 0.8025574797682667 75.72207824685115
0.8055508735256777 -0.007110563676569669 -0.5924839491886842 -33.75489148195222 -0.06483250316088915 0.992866628869413 -0.100062999212401 -6.684399482862501 0.5889690456177736 0.11901805393170026 0.7993435845382134 76.59276687697955
0.8020453908008216 -0.007401172675781158 -0.5972172249175173 -34.43406714003546 -0.06611522650594553 0.9926776981314172 -0.10109285066995836 -6.805470815791394 0.5935924257596493 0.12056620702142974 0.7956832421292037 77.49946426053317
0.8008126670871228 -0.006453843317468608 -0.5988801383743185 -35.1148181826896 -0.06736371379449417 0.9926261074023188 -0.10077470400419922 -6.933360972219323 0.5951144447050691 0.12104444972717276 0.7944728056350472 78.38911022804524
0.7997739103518714 -0.007382465569730795 -0.6002559383484586 -35.78654233175611 -0.06612968278592303 0.9927551205162968 -0.10032016618460271 -7.0530787914896695 0.5966477665885542 0.11992818638995942 0.7934914446508577 79.27310104341132
0.7977240473200428 -0.00802448119483097 -0.6029692795067457 -36.44748993386219 -0.06730239684229374 0.9924795082269096 -0.10224878057441136 -7.171845305930428 0.5992551474177027 0.12214758880643334 0.791184703367148 80.1216500596661
0.7964190021318769 -0.007856919564843197 -0.6046941721715344 -37.14538167877443 -0.06823648998199189 0.9923623414116551 -0.10276558170377537 -7.29555782470111 0.6008831454436072 0.12310666985557442 0.7898000970871475 81.02645225151865
0.7935516304506011 -0.00932724895031391 -0.6084314359368783 -37.84638544143004 -0.06836999956495866 0.9921843969926316 -0.10438230464909111 -7.425252460640486 0.604649777117862 0.12443120505478915 0.786711841934474 81.93165291226228
0.7907689364824103 -0.007986971366535527 -0.6120626580529708 -38.52465146332437 -0.07112736452511467 0.9919423975958365 -0.10483881851458876 -7.550912363450053 0.607968245149522 0.12643768481039805 0.7838291425748326 82.78694681280754
0.7898597709773035 -0.010534969344179735 -0.6131969965782603 -39.2108828967663 -0.0699282132194928 0.9917845855283426 -0.10711386887001649 -7.681384622185922 0.6092877704234764 0.12748470625644132 0.782634054001676 83.66340228135952
0.7869079195355139 -0.01050584883044162 -0.6169809991504123 -39.93678914965845 -0.0707771181628241 0.9917196894791862 -0.1071571604880983 -7.81776698956327 0.6129979818211924 0.12799095530410862 0.7796485039063993 84.5707268603503
0.7838967448398304 -0.015106839267963482 -0.6207074003400073 -40.67265052318846 -0.0675784852807143 0.9916889622077529 -0.10948127950693023 -7.9556271282786035 0.6172025937702161 0.12776848454388984 0.7763608520531388 85.49020935227826
0.7808839649717741 -0.01753599038640659 -0.6244299178379662 -41.40154559490645 -0.06592790165359703 0.9917096937574883 -0.11029684986881008 -8.09277144685323 0.6211873670910533 0.12729639566223802 0.7732540867126978 86.3973750829186
0.7746037582490218 -0.019632308727353474 -0.632142064856093 -42.1390168318543 -0.06396654900610167 0.9919606632550804 -0.10918939125570412 -8.234671862964444 0.6292037017649698 0.12501445919802687 0.7671206467542664 87.30710943719593
0.7678588661815418 -0.020415438157998435 -0.6402936603709384 -42.88799398326499 -0.06381377504119823 0.9920833345355999 -0.10815941684253189 -8.369382923057547 0.6374327915485591 0.1239107227867797 0.7604771982361268 88.19789615134265
0.760603906881285 -0.01959540525837721 -0.6489204241890415 -43.6561002201835 -0.06416450726946882 0.9923815980917523 -0.10517452056332896 -8.511793715423146 0.6460376249443928 0.12163381052001859 0.7535519911025306 89.09489411699361
0.7532553259798509 -0.021190308338886705 -0.6573867847131486 -44.41132039623532 -0.06432939594596442 0.9923153908857412 -0.10569717985124304 -8.650223062854021 0.6545747800673473 0.1219062584274556 0.7461036935011127 89.9575861101469
0.745899269644249 -0.02160308730388481 -0.6657083341547684 -45.183800206392824 -0.06678655886268614 0.9920108325298668 -0.10702365952761006 -8.783675539369574 0.6627019202472987 0.12428923832070729 0.7384973596013744 90.81094668547982
0.7385322600915185 -0.021776192013060802 -0.6738663801270427 -45.95587808778271 -0.06858905970409523 0.9918662534109057 -0.10722348732214049 -8.919023959397018 0.6707202410044159 0.12540786580603097 0.7310316173059513 91.64637277885318
0.7321042118271281 -0.02181597607604377 -0.6808432170572231 -46.73585081544008 -0.07051007598414173 0.9916912876767189 -0.10759516313850626 -9.046162409513894 0.677533580134365 0.1267771790739197 0.724483122409604 92.47283086233529
0.7252756070816069 -0.022419130737140153 -0.6880935084342809 -47.56000138184252 -0.07095693537062732 0.9917127231700384 -0.10710269849763471 -9.186202247899914 0.6847922364449054 0.12650398127986978 0.7176742545369224 93.34022353082915
0.7164189934544458 -0.021695508745679475 -0.6973328693801725 -48.39973880176961 -0.07230357190000765 0.9918254402776903 -0.10514033245366095 -9.325587087759413 0.6939135531953667 0.12574418840738552 0.708993920829755 94.20481674451858
0.7081535417527223 -0.021151452133854227 -0.7057415797412709 -49.240466108984464 -0.07414804308704914 0.9917962590315424 -0.10412611717239206 -9.459353149518535 0.7021542772136595 0.12606663572756627 0.7007756947461125 95.03995923192366
0.6999683912529406 -0.022255028838869456 -0.7138269852969635 -50.10687274095922 -0.07548048379369246 0.9916109463583733 -0.10493058480977466 -9.59802974104762 0.7101738856174876 0.12732809883773602 0.6924164985276762 95.87944344354062
0.6924027941991893 -0.02113685069198585 -0.7212015003644818 -50.97661097261687 -0.0784652555040374 0.9914364168492115 -0.10438886446303869 -9.735872075618923 0.7172318831896984 0.12886840143348266 0.6848148369071289 96.70732153070333
0.68604648806018 -0.020480115649711614 -0.7272694006235019 -51.85310039044778 -0.08138451573963713 0.9911700170637867 -0.10468313078809498 -9.87251497086857 0.7229915468510804 0.13100596221831692 0.678321944982716 97.51722022421589
0.679757506750234 -0.020401763833606854 -0.7331531218300741 -52.760278174415205 -0.0830711005389218 0.9910389615427219 -0.10459908680087052 -10.01104915438533 0.7287173143764035 0.13200585114608152 0.6719713766160288 98.3449016296218
0.673059099592518 -0.01954727245694672 -0.7393303406429383 -53.65759217879861 -0.08468183120736991 0.9910395784926435 -0.1032934718386912 -10.140580283284724 0.7347247347946548 0.13213045826234718 0.6653729075340433 99.14818251598655
0.6675205970067168 -0.019162742856631915 -0.7443447063410924 -54.55344591329555 -0.08517482482910772 0.9911415541317917 -0.10190028895222794 -10.275844609360968 0.7397036580868903 0.1314199716916243 0.6599752186661598 99.93867992698131
0.6625784064980287 -0.01735372392594626 -0.748791495349964 -55.47732844443689 -0.08734749455313787 0.9911196975789515 -0.10026046212888441 -10.411885387888695 0.7438818928014196 0.13183547829362913 0.6551787055645715 100.7394644150274
0.657518727291267 -0.018987847257632848 -0.7531989012988491 -56.39048488122948 -0.0882699740776553 0.9908567343159718 -0.10203599236062647 -10.54764488732481 0.7482496474690801 0.1335754233278284 0.6498308020901971 101.52566900783317
0.6529060472440872 -0.019695841888941537 -0.7571827832725649 -57.311585204302546 -0.08949146282323484 0.9906540671618416 -0.10293588925860353 -10.678604163434331 0.7521336128334245 0.1349688594750201 0.6450414214747398 102.31002481790662
0.6487139368694294 -0.0207072337256647 -0.7607505758018175 -58.24974780160051 -0.09053658872677116 0.9904309003541326 -0.10416217031831573 -10.816632769201126 0.7556277881424728 0.1364472135850821 0.6406315662623733 103.09510942360342
0.6462478129036411 -0.022053362093804783 -0.7628088971279899 -59.18156119920538 -0.09239108891950196 0.9899684669873059 -0.10689397110722544 -10.950358901137296 0.757514125944546 0.13955673968376878 0.6377274224959341 103.86750163956832
0.6437211371797983 -0.023310175623798023 -0.7649050485258514 -60.09002181263359 -0.09111683708348892 0.9900908963678587 -0.10685382037808053 -11.083549645763707 0.7598163064503475 0.1384797914566521 0.6352184882465827 104.62265468421994
0.6416307051107022 -0.02273250026917229 -0.7666767713258665 -61.01787666387662 -0.09056924478444267 0.9903223574529187 -0.10516102047845023 -11.219906254544124 0.7616477205101574 0.1369118758925076 0.6333623671179681 105.37736564947342
0.6404273956013586 -0.022166887719144032 -0.7676987560574184 -61.93977648375259 -0.08925200047645669 0.9906627255399341 -0.10306039315246164 -11.357862168380095 0.7628150702327605 0.13452134891769502 0.632469110163613 106.12811114903
0.6379132949482014 -0.022551765631912496 -0.7697779199192535 -62.89405107899183 -0.08784410410313669 0.9909161251197899 -0.10182655032897184 -11.497339715330659 0.7650817221072835 0.13257696196724617 0.63013753074459 106.91113055871607
0.6363762541079565 -0.02468177240055293 -0.7709838346675584 -63.82632098976273 -0.08598769220853483 0.9909888332811743 -0.10269980087939515 -11.630780497703958 0.7665711839067366 0.1316508352544124 0.628519432937948 107.67375023339116
0.6346842340594291 -0.024187164281419503 -0.7723929725990648 -64.78589935100013 -0.0849359963584497 0.991271080244116 -0.10083413109786234 -11.76917890835954 0.7680897080152771 0.1296017999708611 0.6270897654126717 108.45294209769307
0.6329754983163285 -0.023740089507919677 -0.7738077452968224 -65.7168174195122 -0.08321744911612333 0.9916519098443455 -0.09849541037361997 -11.905376319997456 0.7696862183343296 0.12673948813301378 0.6257157720994257 109.20109100280506
0.6316039509527097 -0.026502216713331545 -0.7748381002830247 -66.61168052481094 -0.08057042926108102 0.9917603603492232 -0.09959816046827429 -12.037377635878435 0.7710932855819794 0.12533563000702788 0.6242644670178892 109.92439574175255
0.6296591906048334 -0.027296385926206018 -0.7763917896282997 -67.51049619500594 -0.07757623729202533 0.9921781607436563 -0.09779787702678924 -12.165524424652244 0.7729885064439688 0.12180888579534432 0.6226165467178169 110.64571597217537
0.6289958689205326 -0.026507007516759284 -0.7769566110365566 -68.41296007449934 -0.0762524288853169 0.9924957460200843 -0.0955916378200848 -12.293316188886081 0.7736599795581999 0.11937157402222291 0.6222545004622008 111.3636811835316
0.6287511773419099 -0.028046384569238456 -0.7771006095118936 -69.28579683622917 -0.07384929981064037 0.9926787430993216 -0.09557820837528358 -12.416284997911864 0.7740918795005153 0.11748324693906514 0.6220767225833276 112.06002418504775
0.6272129053258172 -0.03010069760991281 -0.7782659695734769 -70.14602797931144 -0.0725074683450277 0.9926566223159801 -0.09682715118407954 -12.537074858157126 0.7754654334185002 0.11716133396144986 0.6204245186946042 112.74611786971263
0.6271253702119116 -0.02978884362947746 -0.7783485047405125 -71.02173034832647 -0.07136089475529123 0.9928687057681531 -0.09549531824124759 -12.65623142937504 0.7756425676407255 0.1154311825352727 0.6205273961415495 113.43893205233019
0.6267805105389552 -0.032525916436550326 -0.7785167026907576 -71.8877822956384 -0.06976686879432277 0.9927727652942102 -0.0976464055084619 -12.776935562136066 0.7760662185839315 0.11551753654770247 0.6199813893358315 114.12526396743515
0.6262067536948457 -0.03326498627984782 -0.7789470728584609 -72.76413898168043 -0.07006764666958082 0.992645459938112 -0.09871937881915997 -12.900856682622557 0.7765021741870075 0.11639773001246874 0.6192704917326474 114.81659293890247
0.6291110270227762 -0.034218917376102 -0.7765618979656133 -73.66332561352117 -0.070116979545239 0.9924596541615286 -0.10053578487798212 -13.029722208635402 0.7741465784060539 0.11769834559239509 0.621967985178508 115.52617118315192
0.6324774301574559 -0.033760445181691405 -0.7738427053882169 -74.52111184752765 -0.071893794834857 0.9921783546756338 -0.10204604243867524 -13.15531079768043 0.7712351020315815 0.12017630737498314 0.6251032495036717 116.21326204309773
0.635426785397279 -0.033795254523062083 -0.7714212086606136 -75.35991045524077 -0.07372593646170447 0.991822114756692 -0.10417955160398779 -13.274856681372563 0.7686333890044883 0.12307222859477557 0.6277387512781015 116.8815725461028
0.6410284886914339 -0.03468775996085643 -0.766732832213982 -76.20141677264009 -0.07318510190605884 0.9916638798789088 -0.10605041349522876 -13.404118011793715 0.7640199065109338 0.12409475674824952 0.6331461709610323 117.57036259452491
0.6456178434509242 -0.032567316650813576 -0.7629659036313117 -77.04456690680821 -0.07477615902370746 0.9915930858701327 -0.10560150612661377 -13.532295637109788 0.7599908724842948 0.12522987639023556 0.6377549308314654 118.26364789941333
0.6509513927734105 -0.03077727683721086 -0.7584952494754617 -77.86842746710619 -0.07558059677037876 0.9915854147074049 -0.10509966094796602 -13.656031215300166 0.7553475078652147 0.12574229427694442 0.6431477418072615 118.95462604860438
0.658153701915288 -0.030610265543677195 -0.7522610692429509 -78.68898969671322 -0.0763258823271441 0.9913126244055193 -0.10711508008317433 -13.780047885679725 0.7490047158344099 0.1279151763380228 0.6500997179819626 119.65362510712659
0.6658184561169913 -0.03045127356859345 -0.7454921216431715 -79.5194493274947 -0.07653389634150305 0.9911088509243164 -0.10883845060579292 -13.910610026147376 0.742178109489073 0.1295220659097601 0.657568010351548 120.37425815725865
0.6740832702411363 -0.03175672235114286 -0.7379723947184796 -80.33427752491598 -0.07579244474512026 0.9908284104237812 -0.11186852290363357 -14.043023505440415 0.7347565924172256 0.13134143170605123 0.6654939355222041 121.09952151809884
0.6822381783468925 -0.031095942883105836 -0.7304684184426624 -81.15000784255656 -0.07807542098242794 0.9902835960651419 -0.11507661796693391 -14.17775656744671 0.7269493081668972 0.13554129149636146 0.6731814477948481 121.836250640418
0.6901907225789828 -0.030192266169570263 -0.7229973675812711 -81.93612515944702 -0.08031659154489765 0.9897596739367756 -0.11800437691534166 -14.310797456642808 0.7191564583513881 0.13951421043074347 0.6806980046242053 122.56234560901194
0.6984635942181867 -0.027806680891579234 -0.7151051643287203 -82.7290976871149 -0.08355876607813204 0.9892414142467116 -0.12008062687488678 -14.447409044302628 0.7107506877684411 0.14362525139041413 0.6886256218002117 123.30823915152689
0.707121516781843 -0.026620829945462512 -0.7065907527820902 -83.48193695225926 -0.08412112427875068 0.9890270573302222 -0.12144593990249604 -14.584308317570246 0.7020703646745282 0.14531624575984772 0.6971229387733837 124.04149691225629
0.7165560877187378 -0.02389794450477622 -0.6971199763323839 -84.23743435212067 -0.08542719869620463 0.9888827829685063 -0.12170881344989554 -14.725099910309932 0.6922785327280747 0.14676419793978684 0.7065484437226901 124.78916446211312
0.7247386277803934 -0.02341517653058152 -0.6886259150736589 -84.98607025249356 -0.0855130161966228 0.9886390265370871 -0.12361391211654568 -14.869181216393173 0.6836968959004777 0.14847425607101947 0.714502589092726 125.54941772101175
