1.0 0.0 0.0 0.0 0.0 1.0 0.0 0.0 0.0 0.0 1.0 0.0
0.9999327613146068 -0.0015032589588452288 0.011498393898641693 0.008393509313464165 0.0014932150819675616 0.9999984961578904 0.0008820377978060306 -0.00033556995913386345 -0.011499702538094346 -0.0008648089155561834 0.999933502262563 0.229469895362854
0.999807741179408 -0.003784764992151387 0.01923944468233071 0.017743672271433295 0.003769428369407434 0.9999925484438262 0.000833346620567618 0.001689644547335199 -0.01924245533964376 -0.0007606646937319809 0.9998145574563945 0.4650179189071487
0.9997178253262533 -0.0058078291213682935 0.023033428877261862 0.02390488991798798 0.0057973467211953076 0.9999830590810125 0.0005218447802126175 0.00016529967918944713 -0.0230360694551206 -0.00038816475545253525 0.9997345591866781 0.6857165710285642
0.9996491310635889 -0.006763281242017386 0.02561001348404792 0.029809052214538237 0.006780038381937479 0.9999768542195416 -0.0005675427112155212 0.001381034401844517 -0.025605582269325473 0.0007409804524918504 0.9996718487106746 0.9238086704440907
0.999678701235615 -0.007593538289072062 0.02418330978436995 0.03554243058215344 0.007623441110220768 0.9999702861318759 -0.0011445518658011347 -0.0006391659222946535 -0.024173900006275423 0.001328544160692248 0.9997068858064848 1.1711256674186044
0.9998614758220047 -0.008142109106199375 0.014516722300346376 0.030005619307263042 0.00817904696343614 0.9999634584634576 -0.0024869516623560856 -0.0034079044809951103 -0.014495942805231213 0.002605340112871038 0.9998915340401097 1.4383521488571902
0.9999771424233468 -0.006569548075224337 -0.001598645966124123 0.014652431769978165 0.006563579998875484 0.9999715763341694 -0.003710248152710234 -0.0045696845633832524 0.0016229751803556428 0.0036996705047401455 0.9999918391615605 1.6978038025963005
0.9998083813540011 -0.0022837091114675406 -0.01944184268496554 -0.0124951037544608 0.002237144711204847 0.9999945779051351 -0.0024164734370596685 -0.0059225379766800835 0.019447255791855984 0.0023725161801528187 0.9998080692858712 1.9789024756790945
0.9993164329960847 0.0011268108054121977 -0.0369512792930149 -0.04673042467165728 -0.0012220597203834419 0.9999959887419517 -0.0025552045018462136 -0.007645179423277141 0.03694825183985572 0.002598614518401128 0.999313801510098 2.270838356838346
0.9984017015218908 0.002058883129632671 -0.05647834450877749 -0.08352705120562567 -0.0022074057181979984 0.9999942677196374 -0.00256746720750922 -0.009980105147170534 0.05647273464415292 0.0026880342492018937 0.9984005231938164 2.592997025452011
0.9970973143239862 0.0016732475082012529 -0.07611928803312892 -0.12308110079443679 -0.0017646004253077776 0.9999978013743154 -0.0011328865232621858 -0.009107429402070454 0.07611722507575502 0.001263918237815948 0.9970980746934853 2.9192870124889803
0.9954779470566127 0.00032466421993141136 -0.09499237609985463 -0.17096165557250728 -0.0003462608032950213 0.9999999178191835 -0.00021086745255224104 -0.009009997124395831 0.09499229983218659 0.000242806035223001 0.9954779776659157 3.245420218372393
0.9935509536859074 0.0018993320640246262 -0.11337060892283476 -0.22780451243844665 -0.0018058206460451357 0.9999979393585884 0.000927518394031445 -0.012339980413152925 0.11337213697208892 -0.0007168097987035996 0.9935523361867227 3.594381419444825
0.9913797744625625 0.0025593819468576165 -0.130994627182221 -0.2891742756537208 -0.0024023790746798023 0.9999961941514973 0.0013565608363527003 -0.016104799810569694 0.13099760059382964 -0.0010301682247500351 0.9913821500269654 3.946365690121694
0.989617667327748 0.004791762453613633 -0.14364508876176338 -0.3576394599033389 -0.0046487364197517365 0.9999883083763639 0.0013313002208615457 -0.02254429114177738 0.1436497885918612 -0.0006497100634366386 0.9896283727310708 4.318403484623783
0.987600819335635 0.003943620819866274 -0.15693651424194272 -0.4258687312101031 -0.003915189080859532 0.9999922154192503 0.0004903012959885465 -0.026860406577084633 0.15693722611937388 0.00013021416530859849 0.9876085712984815 4.688799549626652
0.9856679045107372 0.0016331678857548632 -0.16868940328328158 -0.49701193503404506 -0.0018107031172942584 0.9999979569175274 -0.0008986183797315831 -0.03446066741368184 0.16868759104223907 0.0011911857236844095 0.9856688478920993 5.061762718835682
0.983830287300879 0.001428526643347028 -0.17909752957843733 -0.5803697412553068 -0.001976142027446443 0.9999939023100314 -0.002879271686155158 -0.03848401442495661 0.17909232438091072 0.003186636845419097 0.9838271111803425 5.46743915886543
0.9823213066214495 0.002245007185583914 -0.18718923713788987 -0.6670691058563516 -0.0030329954390872866 0.9999877043167044 -0.0039232835831986175 -0.042163247498250345 0.1871781277184783 0.004421669158179596 0.9823160374063231 5.882021246378323
0.9805937352016482 0.0020530448524784394 -0.19604007623471761 -0.7550366476739918 -0.003380128152082233 0.999973581618053 -0.006435122348375098 -0.04902233170374106 0.19602168557829433 0.006972881240690055 0.9805747690565201 6.2830282448642905
0.9785076439085229 0.0005332700658976034 -0.20620986018042023 -0.8535427628288039 -0.002144751177289525 0.9999688855811506 -0.007591305024796417 -0.0532687589256091 0.20619939586472888 0.007870418834395137 0.9784783419434445 6.715028020908515
0.9767455730112113 -0.0032327020667059243 -0.21437731979001046 -0.9490186355552707 0.0013678064590087816 0.9999599299747793 -0.008846894953894225 -0.0594016201839556 0.21439732906100112 0.008347938798437642 0.9767108565022334 7.144429628099179
0.9739287964432257 -0.0028632737564337016 -0.22683584620170993 -1.0682008819594493 0.000514917501654505 0.9999456697854631 -0.010411164068849491 -0.06585335900285051 0.22685333217437337 0.010022930743935671 0.9738773570325403 7.620969142661265
0.971254076206891 0.00100617072532692 -0.23804307818537898 -1.2036135841709288 -0.0043533977038906655 0.9998989052072421 -0.013536147671717836 -0.06867481794330842 0.2380053935942014 0.01418333479229366 0.9711602677386669 8.101364896568096
0.9685311260286453 0.002840772089844576 -0.2488762502281367 -1.3468879361986104 -0.0070622290274603965 0.9998459143905174 -0.016070855538952954 -0.07693158080732676 0.24879224834155955 0.017322744889992442 0.9684019515029015 8.60440965163827
0.9651736256031549 0.001561981232010175 -0.2616054904903407 -1.489334312429361 -0.00619819469808453 0.9998380071094255 -0.016897985736091962 -0.08757794714832111 0.2615367179241675 0.017930971922441308 0.9650269558014279 9.09457806354861
0.9622823190744487 0.0012610607223917658 -0.27204990005981544 -1.6342629686435406 -0.006325331075772305 0.9998226417389167 -0.017739088279730513 -0.0981712559560032 0.27197927969513225 0.01879081669509455 0.9621196269822421 9.575637926295121
0.9594365826379325 0.002932850595565108 -0.2819092802364444 -1.7929979224097634 -0.00871085512835443 0.9997768524456052 -0.0192449036602301 -0.10814572771244205 0.2817899304428369 0.02091993550044574 0.9592480343475709 10.078976093567707
0.9565593382179348 0.004821682456282576 -0.2914978282017857 -1.963133222709214 -0.011733791127933924 0.9996897951210584 -0.021968879729803725 -0.11999305350365809 0.2913014771912992 0.02443491168609657 0.9563191854590496 10.60175869980632
0.9539157411517919 0.0044295536300224085 -0.3000418934706727 -2.1323277391317212 -0.01302129464719667 0.9995602373882485 -0.02664165381614826 -0.13692684806733268 0.299791935629594 0.029320826846924955 0.9535539231970441 11.120882433056622
0.9513808876122809 0.004575934039259136 -0.3079829013333971 -2.3171758023606146 -0.015231473979613155 0.9993652903645273 -0.03220277340591152 -0.15556358697387226 0.3076400638513733 0.035328136694318654 0.9508467352161601 11.671919509156316
0.9498509216366163 0.005240206605793554 -0.3126591864967338 -2.4979293731304324 -0.017874227186555278 0.9991346609482201 -0.03755584234668344 -0.1724675015256709 0.3121918299196092 0.04126099279724289 0.9491226431841314 12.185739468950313
0.9489435849625298 0.0038481770074665243 -0.31542235826298237 -2.6807843977104033 -0.018966177521277428 0.9988126045855643 -0.04487387916408193 -0.19694336626033154 0.3148751445711353 0.04856513620613497 0.947889798909444 12.713085490714372
0.9477994896020393 0.004729459132400478 -0.3188318674888525 -2.8873067336142233 -0.022133571112247157 0.9984540589542518 -0.050986245082365086 -0.22498880523708234 0.31809783485577725 0.05538162487770518 0.9464389272879535 13.285883634544403
0.9473140638391495 0.004927053917369254 -0.3202683071929711 -3.09145447369531 -0.024202702059612752 0.9981242626616657 -0.05623331307259213 -0.2601038919004118 0.31939050340542313 0.06102196674806442 0.9456563994964708 13.863845129581593
0.9463453236558362 0.006289067234375967 -0.32309592388028086 -3.2994955104764445 -0.027642490401867142 0.9977215208968219 -0.061543963665949365 -0.293371573395557 0.3219727024440324 0.06717301818925893 0.9443629410921589 14.435340901232754
0.9456250042273298 0.007424767591664751 -0.32517414443075304 -3.503610814658889 -0.030268413686968858 0.9974098925205535 -0.06524821403695676 -0.3297991805849664 0.32384745562214473 0.07154284819845914 0.943400469768123 15.004023181063136
0.9449927304285283 0.009500174518431085 -0.32695333936412757 -3.724828933987513 -0.03412901743456635 0.9969858321110442 -0.06967396026350213 -0.37006471552061615 0.3253059323255358 0.07699998216862365 0.9424685953069448 15.605315334765143
0.9439918828088962 0.011871312787743591 -0.32975505625177404 -3.9534733136054125 -0.03757513660781511 0.9967193545965951 -0.07168428894430821 -0.40894700601606465 0.3278222602262072 0.08005997817413261 0.9413410463774212 16.225409461795223
0.9437014575373095 0.012981543380365746 -0.3305435501918344 -4.1818926571864035 -0.03945894451118037 0.996512903881644 -0.07351886897550255 -0.4520672895823114 0.3284365246741319 0.08242276341422439 0.9409229178477595 16.842244165926253
0.941990408968167 0.014987328558599253 -0.33530500949831094 -4.411362338368602 -0.042065727074932106 0.9963972528687957 -0.0736409470415402 -0.4976709661487921 0.33299330926858445 0.08347391483687702 0.9392271085973631 17.46293026240151
0.9399464520986921 0.015569261073722697 -0.34096666302836587 -4.639087902920861 -0.043182769129023135 0.9963564312621277 -0.07354665412475617 -0.5402221219824834 0.338579260495132 0.08385380129854156 0.9371940163970074 18.054087565378737
0.938186783078445 0.016389894359514087 -0.34574113353751046 -4.8778680879035905 -0.0442069170923101 0.9963718524186972 -0.07272468761656964 -0.5860929815841085 0.34329478373274525 0.08351349035106834 0.9355074496717115 18.67927669857962
0.9353513716329517 0.016314155220146245 -0.3533435437698119 -5.167158602455419 -0.044422924029021725 0.9964446147102398 -0.07158724492305635 -0.6467715498312195 0.35091938590660365 0.08265578113123648 0.932750559603433 19.43199721900189
0.9325553116083454 0.01638103030294441 -0.3606553100084289 -5.433700923370622 -0.04362667925509707 0.9967627342540052 -0.06753343216253925 -0.6990786385902025 0.358381505728511 0.07871285440570318 0.9302510321967248 20.11297671414775
0.929934806437311 0.017614499654186017 -0.36730230761367905 -5.664548953381532 -0.04434771391900745 0.9969337462968008 -0.06447003772904197 -0.7407798839947921 0.3650404580954814 0.0762419497164055 0.927864553184829 20.674202989567366
0.926430322287137 0.019526922311645177 -0.37595951544280204 -5.939835925567141 -0.046527171651467254 0.9969365156134009 -0.0628713458956161 -0.7849546112938578 0.3735800854503174 0.07573825414971139 0.9245007499257571 21.331765409341262
0.923304363334563 0.020126514671176064 -0.3835413615955236 -6.216351800613775 -0.047978628452744455 0.9968475966451092 -0.06318955827241668 -0.8284293952789344 0.3810604989488556 0.07674498335435728 0.921359378131459 21.976678420693638
0.9198772947135835 0.02009078529273214 -0.3916913619378663 -6.517755240345788 -0.04858655740566836 0.9968317653070934 -0.06297442428644956 -0.8783337464542086 0.38918518613879044 0.07695967789086317 0.917939049648205 22.676363937968883
0.9163742272059325 0.02010114831175644 -0.39981773290998357 -6.8169046787525485 -0.0497019320170686 0.9967239692935388 -0.0638047567937026 -0.924509587486773 0.39722536886067694 0.07834074847920217 0.9143712230058522 23.347958988832335
0.9126638357687648 0.019365219207071852 -0.40825201918044146 -7.139904826224434 -0.04940415710124345 0.9967796300600716 -0.06316326747740823 -0.9738934775346332 0.40571412612942276 0.07781617686811025 0.9106814429188014 24.070007350414357
0.9093058621488814 0.019072624679251644 -0.41569109209787514 -7.455310246489688 -0.049522855180967794 0.9968096683078154 -0.0625937056163654 -1.0239554954440109 0.4131710733780919 0.07750303320456384 0.90734940566889 24.754851614099884
0.9062522128807966 0.01961526856403331 -0.4222820951541992 -7.7840433927671695 -0.05007331030114637 0.9968714002617137 -0.0611561520677617 -1.0762380887733343 0.41976134915466473 0.07656796052795797 0.9043991138742036 25.453553884190438
0.9034353428627874 0.02187874092454875 -0.4281657412287377 -8.134232543475099 -0.05139914277240301 0.9970211389892808 -0.05750631731192251 -1.1257689232802461 0.4256321291780732 0.0739605915611406 0.901868683072689 26.18513297711548
0.9004630822499159 0.022890199278476693 -0.4343296861624507 -8.479199592990962 -0.05156688021919698 0.9971892173990657 -0.05435551092113792 -1.176233896554819 0.43186467136064777 0.07134215780329732 0.8991124524499309 26.898285134249534
0.8978430523526436 0.02273850819427365 -0.43972811325543815 -8.846821351230913 -0.05188427717729872 0.9971717499855187 -0.05437391665686703 -1.2245586137053444 0.4372480704632986 0.07163421861036548 0.896483498788575 27.64660767236351
0.8964085471411838 0.022641122542684272 -0.44265008322854676 -9.202802197705285 -0.05157769775730775 0.9972380332568427 -0.05344198836196243 -1.2722389008449053 0.44021751181238583 0.0707367273488919 0.8951004735210906 28.370166997687466
0.8956730034207802 0.023148908438538486 -0.4441103455013218 -9.569974164014653 -0.0519746679837434 0.997249468153733 -0.05284062977554641 -1.316171269594733 0.4416656029522549 0.07041041332928592 0.8944125831313088 29.106206578204297
0.8941388119626887 0.02233045019214579 -0.44723275364866527 -9.954915626014749 -0.05141645993870858 0.9972698722163635 -0.05300141146167082 -1.3666921342605274 0.44482820570341847 0.0703857440379389 0.8928458514474394 29.875506349208994
0.8934707692329014 0.021553172615177377 -0.448603884598192 -10.333606629700714 -0.05107692277275616 0.9972437058584873 -0.05381578844258205 -1.4148549503566628 0.4462074993614893 0.07099613986584913 0.8921089707192251 30.62726055665674
0.8929273059738114 0.020665810738113827 -0.4497263062273413 -10.719449963934272 -0.05063398453884656 0.9972176822039212 -0.054709175734602114 -1.4635459744256851 0.44734441525079055 0.07162275173697384 0.8914892907811919 31.386931643263306
0.8925126352338911 0.021229621670987277 -0.4505224734811372 -11.130110416065605 -0.05170947297817515 0.9971214013354377 -0.05545305585062402 -1.5117824635982642 0.4480483526944102 0.07278883267754607 0.8910412221021347 32.19033022875787
0.892457608895895 0.02032924633320967 -0.4506729835117098 -11.542698116188559 -0.05082457869146118 0.9971550063999076 -0.055666465780001353 -1.5651333780854269 0.44825916446254355 0.07258522546031164 0.8909517980902325 33.006126054525254
0.8923262040344538 0.021073264484793176 -0.4508989500070015 -11.96894557720784 -0.05135335198821858 0.9971635508414116 -0.05502441378989777 -1.6175677824622063 0.4484604540347305 0.07225489877718824 0.8908773488924622 33.83765923090523
0.892980398322406 0.020712572017643458 -0.4496187246683252 -12.37683593315175 -0.05118615701004618 0.9971332370451431 -0.055725083314587004 -1.6692124409500988 0.44717556456329344 0.07277566173033878 0.8914806321604589 34.6441792244939
0.8930112921732184 0.01879267170549905 -0.4496417101885546 -12.79880794498 -0.0492839242536932 0.9972022710383024 -0.05620253949963724 -1.7263892406687347 0.44732753867974084 0.07234961040822119 0.8914390652268407 35.48093322087535
0.8921974791893681 0.016914727728715835 -0.4513286497819527 -13.216243595825391 -0.04769398180797591 0.9972395460246662 -0.05690845230559375 -1.7800450331443793 0.4491201868402684 0.07229923810373791 0.8905413398277373 36.306459244349405
0.8916732960015069 0.015954936747614702 -0.45239824622912583 -13.649870609628762 -0.04649089883016241 0.9973218359474458 -0.05646017949298275 -1.8357993354661009 0.4502858309160669 0.0713764354377258 0.890027007983708 37.158499806245196
0.8902492228173021 0.017534487901315333 -0.45513609284172196 -14.085139590516672 -0.04749344082218834 0.997385145945178 -0.05447241252951374 -1.8931322580164514 0.4529908325254046 0.0701100020108034 0.8887541241907045 38.00251584460832
0.8886064630683599 0.01667439134217604 -0.4583672310129809 -14.525500970227595 -0.04577126273061363 0.997574357752155 -0.05244418236011093 -1.9493945154203027 0.4563809212721151 0.06758228635332927 0.887214229636829 38.85195574878021
0.8868995585340238 0.01678255087627084 -0.46165736110045874 -14.968087884079996 -0.04597383371702714 0.9975853620805897 -0.05205623858768693 -2.007889128358365 0.45966898925804545 0.06739281377583539 0.8855295754326125 39.69715052335977
0.8838807162605837 0.014690220265040792 -0.46748163263516807 -15.434562892189552 -0.04501049988144958 0.9975391572747703 -0.05375578670211597 -2.0728739432879912 0.46554154951314464 0.0685552852237225 0.882366838987501 40.576100347530925
0.8807122305048944 0.01243158191872484 -0.4734885667152816 -15.896104132915472 -0.04370249913738122 0.9975240566946113 -0.05509852887939114 -2.1345136168396297 0.47163127399297944 0.06921858194534138 0.8790749281518813 41.43096543673748
0.876176404443729 0.012457329231339347 -0.4818295582926409 -16.368451687815288 -0.04442239967481737 0.9974982587184168 -0.05498976505548559 -2.192282415994341 0.479939119788323 0.06958475984113717 0.8745378222207781 42.29261610982809
0.8725952577347857 0.014976699008461703 -0.4882143122293453 -16.84544014184743 -0.046074541749878684 0.9975967946680975 -0.05174719190909196 -2.249860314799453 0.4862660308733291 0.0676486049726648 0.8711882767025454 43.13821919501835
0.8691700754229749 0.016692390155787575 -0.4942314681402907 -17.32369742429119 -0.04691976834806971 0.9977050569906183 -0.048817564395519104 -2.306602079109085 0.4922823532561203 0.06561999212308811 0.8679585827137043 43.9754071653065
0.866640340122678 0.0165405938554595 -0.49865913169915804 -17.815222171806468 -0.047384566041076465 0.997661390942482 -0.049259028855749086 -2.364825015475391 0.49667818934713487 0.06631860807964378 0.865397376035559 44.82481686214117
0.8655818370559295 0.014207247761856251 -0.5005659172076298 -18.290051009086092 -0.04694678973675636 0.9974972832925153 -0.052869355561272646 -2.419775197102108 0.4985620144899682 0.06926271677522268 0.8640825156040481 45.63990054561283
0.8651983608093965 0.013776991871263477 -0.5012404522259877 -18.77354077935735 -0.04977601734040818 0.9970448323626179 -0.05851453115873546 -2.4816523922934737 0.49895304844289795 0.07557642988378308 0.8633273183998992 46.460248968406084
0.8634516134934359 0.013410521837797604 -0.5042533778365995 -19.25196383487077 -0.050601056842479036 0.9969069640491073 -0.060133502116676674 -2.541554704233411 0.5018872823672728 0.07743812326257724 0.8614595131888461 47.28397222182938
0.862950591271968 0.01321176034577859 -0.5051155574835589 -19.74501873913143 -0.04923627815752262 0.997099582578554 -0.05803629325575799 -2.603384007014873 0.5028837499229377 0.0749524636702423 0.861098172250531 48.12656906624547
0.8620771350586468 0.01565952069339962 -0.5065350852810975 -20.24649482863267 -0.050312185900582805 0.9972291202251218 -0.05479749743314037 -2.663159140033607 0.5042734349130251 0.07272455697137535 0.8604762876769682 48.9737811708212
0.8608332229966819 0.017225211863604 -0.5085955704303756 -20.733364376694418 -0.05100501774177392 0.9973147679026332 -0.05255227767165383 -2.722344901611086 0.5063246491632681 0.07117967265709525 0.8594002582325203 49.78392289451991
0.8600331212303397 0.01765964219749104 -0.5099325126173624 -21.236957910705954 -0.05243361303387441 0.9971687835330472 -0.053899289155209675 -2.7792860680436493 0.5075369411294253 0.07309277792422164 0.8585241401406875 50.625131941704325
0.8580628620024736 0.0158878285196373 -0.5132988425440438 -21.74147058400643 -0.052002629884497956 0.9970717019250863 -0.05606913326696133 -2.8397716653907623 0.5109049337569763 0.07480373069000602 0.8563764070416917 51.463714823984034
0.856290294024573 0.014029698867129022 -0.5163042706670246 -22.238529343547295 -0.05140324488358731 0.9969829558876264 -0.058160915441636325 -2.9028865067379197 0.5139305777775326 0.0763423422437961 0.8544280004810135 52.286975731514545
0.8545843115350157 0.012615537980120772 -0.5191594193306094 -22.746300308443843 -0.05030337729913026 0.9970147194152328 -0.058576612241287414 -2.966041899275734 0.5168706073192059 0.07617412599325919 0.852667741748589 53.1193560558695
0.8529033129466661 0.01176130830412411 -0.5219364045471219 -23.25548138223954 -0.04942246136303981 0.9970753482308505 -0.058293826972905485 -3.029385377423409 0.5197243106469239 0.07551437993722486 0.8509901405687825 53.95495374580119
0.8512088624396487 0.012866628140797885 -0.5246693457640593 -23.768888462175763 -0.0507851890299258 0.9970273728932935 -0.05794205965179814 -3.091814176279341 0.5223641805095315 0.0759662265864526 0.8493319700439999 54.780110274746555
0.848355813711459 0.012299437372612389 -0.5292836075132932 -24.28378907406468 -0.05139573279046996 0.9969214303378705 -0.05921267080638413 -3.157404381585074 0.5269258885202921 0.07743633238610795 0.8463762298373515 55.60425066006602
0.845233203021389 0.012092231871619272 -0.5342608075075006 -24.813054268270342 -0.051812207426122775 0.9968883147341605 -0.059406928115481365 -3.2246526334997245 0.5318799936751109 0.07789393991093618 0.8432296285433262 56.43790447407167
0.8420260806974503 0.010724692563756352 -0.5393301960716684 -25.34334814921626 -0.05148084927497078 0.9968365930460629 -0.06055186968414957 -3.29195567134989 0.5369746749924237 0.0787514300424532 0.8399145258197706 57.26570743770674
0.8381445917245152 0.010018663932075886 -0.5453560944336849 -25.890520768657108 -0.051750693278295325 0.9967816477592373 -0.06122264642757519 -3.3596676560687513 0.5429875773055605 0.07953598596482103 0.8359656200038624 58.10623015244668
0.8346149226968751 0.008481879659677297 -0.5507685435181714 -26.43810985983794 -0.051593941853817445 0.996689464692485 -0.06283451388363337 -3.4284790083297487 0.5484122500233507 0.08085894315687264 0.8322895141330807 58.93349130852893
0.8297579291146372 0.00830797252296422 -0.5580616065130679 -27.006299458631844 -0.052023923312562045 0.9966872517282723 -0.06251426753559698 -3.4998957746805863 0.5556935220735952 0.08090426339137637 0.827441363294428 59.774666546920564
0.8263992822099513 0.0076829890035625195 -0.5630321465448029 -27.573188324993662 -0.051319090547284854 0.9967731234371312 -0.06172269711204525 -3.5669404632088253 0.5607410965037938 0.07990189029902132 0.8241268777429639 60.59857108815459
0.8233079712446204 0.006936372295233476 -0.5675525272822328 -28.13031373596874 -0.05094719672997976 0.9967921748601104 -0.06172311789765798 -3.6354897383812976 0.5653037834920482 0.07973234523725842 0.8210203319605078 61.40220403355692
0.8191710479641008 0.006273357916503984 -0.5735149859923876 -28.71065570959001 -0.050992389844857454 0.9967769703821765 -0.06193098976796643 -3.7050327396054614 0.5712780149413306 0.07997697353727085 0.8168507289269635 62.23006730992441
0.8152803736446713 0.004696210114222589 -0.5790473710849298 -29.290862557414606 -0.050498302457614296 0.9967341029056498 -0.06301626420035565 -3.772510663476352 0.576860324340914 0.08061683270529048 0.8128549024800569 63.041168866677374
0.8120534664120729 0.00612644716448971 -0.5835508840994733 -29.89192452907661 -0.05276519898930265 0.996620001707158 -0.06296352891034313 -3.8403343629494904 0.5811927403742717 0.08192093042907311 0.8096319902856355 63.864706996450245
0.8091680556545278 0.006711961298839737 -0.5875389410786267 -30.497667465172377 -0.05362146782610128 0.9966057791094565 -0.062463263073645726 -3.9100437734047895 0.5851254531264602 0.08204797755676838 0.8067814657529004 64.68950442776513
0.8069820881542655 0.0076949444448621285 -0.5905257803247642 -31.107161233745945 -0.05525132227727368 0.9965132934397546 -0.06251837637420225 -3.9803939504135606 0.5879857147795294 0.0830785401162301 0.8045935342689262 65.50797040253254
0.8036108588928241 0.007507064884141799 -0.5951077477620024 -31.710485070089806 -0.05587804141135684 0.9964552361081264 -0.06288566546303706 -4.051105241741645 0.5925261445350478 0.08378905900846248 0.801181728219577 66.3192062406858
0.8004988512516231 0.007121955384686136 -0.5992919713264396 -32.32821145524717 -0.057103621967905464 0.9962867059450629 -0.06443582788544354 -4.122514742691301 0.5966077149207661 0.08580254838077071 0.7979330530742459 67.1305939571112
0.7988229041506969 0.005272323413590536 -0.6015431575623391 -32.94854139634806 -0.056587995043255235 0.9961861414605439 -0.06641513667032489 -4.1936578460121385 0.5988987949739348 0.08709405357299613 0.7960746568073832 67.94425737128283
0.7965651295551204 0.006307848462495835 -0.6045198139222637 -33.59098982882023 -0.05870661176941469 0.9960268084869333 -0.06696365066130411 -4.270395316626862 0.6016955443672402 0.08883021908735869 0.7937705361535552 68.77977980492395
0.794754893914301 0.007667960507457935 -0.6068820816113492 -34.217688215713906 -0.059993241240786616 0.9960157410709618 -0.06598071342663454 -4.344150097761056 0.6039581687540065 0.08884731802659525 0.7920484104363749 69.59477541237537
0.7931873682079205 0.008183945041652808 -0.6089226732179942 -34.85170624626184 -0.06025902897274528 0.9960572024201411 -0.06510682709381535 -4.4185401502347394 0.6059889836809369 0.08833500184251614 0.7905531475535519 70.41386977230381
0.790419828531584 0.007853264924621083 -0.6125151597259654 -35.493224064159186 -0.06117042584624961 0.995931701174814 -0.06616816150407541 -4.491219663651177 0.609503628919377 0.08976844002802235 0.7876845520314878 71.23888795056094
0.7893777726872259 0.007765440797640362 -0.6138586400113407 -36.146218316612526 -0.06156099061857979 0.9958811989321823 -0.06656487097154463 -4.567180742561978 0.6108133728246407 0.09033457556560277 0.7866045309022628 72.07166902215118
0.7871330106970111 0.0075981652767542485 -0.616736484534105 -36.80742198365483 -0.062235457196960955 0.995799174599006 -0.06716213021803086 -4.646878344042243 0.6136353732784188 0.0912484068483698 0.784299277641571 72.90952695600434
0.7864744603899348 0.007170510635193073 -0.6175811743662462 -37.45126376258535 -0.062137043468871 0.9957778373034115 -0.06756838435458189 -4.7214629332289615 0.6144891463511043 0.09151547690184132 0.7835993915924897 73.71732921518182
0.7858966994731124 0.004706649539105757 -0.6183398945623555 -38.11386296384701 -0.0603025079983555 0.9957880500620245 -0.06906349891787648 -4.800332733464903 0.615410420196455 0.09156422229117271 0.7828703646899887 74.55410028528992
0.7833069412566294 0.001632568704245014 -0.6216329869775329 -38.80002694331974 -0.058486089867709964 0.9957543497343139 -0.07108201092526828 -4.885771604357375 0.618877704454741 0.09203591529734317 0.780076776493321 75.41847712349166
0.781192212287964 -0.001653550407207837 -0.6242883894737169 -39.47578211194107 -0.05591655251819348 0.9957918736508705 -0.07260773736571581 -4.96836665696371 0.6217813656062045 0.09162865349845252 0.7778123959175142 76.26261075358954
0.7789379483548063 -0.0050277111799816275 -0.6270808518310025 -40.153805863316336 -0.052418759035233686 0.995946269293765 -0.07309789587284754 -5.0533435204082915 0.6249063500349561 0.08980952510798754 0.7755167972944665 77.11134295668012
0.773585848106077 -0.007203042841618018 -0.6336505754623946 -40.837166029324074 -0.05098999577925598 0.995985494690619 -0.07357251318471247 -5.140846955383318 0.6316367278273433 0.08922449517764194 0.7701130004875012 77.95797006771379
0.7676874113286163 -0.007661282402616272 -0.6407787006756038 -41.5334659715815 -0.050095424401603784 0.9961510556009048 -0.07192720541788318 -5.2248813529294935 0.6388634337177164 0.08731769108920899 0.7643488299731076 78.79330712394834
0.7607935981809053 -0.005593836753865527 -0.6489698066607741 -42.25560523530636 -0.05248423804561744 0.9961573171414009 -0.07011422296808127 -5.311721047938736 0.6468682290263779 0.08740313779274721 0.7575765214024653 79.64103514682606
0.7534241645562626 -0.00486384167526549 -0.6575168220713871 -42.9678070977682 -0.05400414408102827 0.9961365277957743 -0.06925005713394289 -5.396621196339983 0.6553133454194059 0.08768329963645738 0.7502506636318891 80.45450819738043
0.7465023411264762 -0.004920613699990514 -0.6653645934775204 -43.69537978649967 -0.05603018233206775 0.9959561307542645 -0.07022822994230994 -5.479593158933562 0.6630195120511354 0.08970603755495045 0.743207880384529 81.26668377526548
0.7378471102381499 -0.005798170778290271 -0.6749429776868838 -44.44619066138955 -0.05696129821831675 0.9958610426050386 -0.07082509673053475 -5.56762521479257 0.6725600734644419 0.0907037211873438 0.7344629211500558 82.09235251065697
0.7299222511299598 -0.006053814241160922 -0.6835033713439208 -45.20955500122508 -0.05758262132241571 0.9958615548022233 -0.0703136216428781 -5.652739391198918 0.6811003957031675 0.09068139279936133 0.7265529134020156 82.90858798069594
0.7227550705745802 -0.0069448135242829515 -0.6910693724394438 -45.98037013165242 -0.05698342803112361 0.9959458147774343 -0.0696047624601546 -5.739404474326319 0.6887510412976198 0.08968669685313271 0.7194291483662718 83.72115516763914
0.7126960982968783 -0.006678763219563923 -0.701441134803387 -46.761011299786276 -0.05787472599732062 0.9959856694199245 -0.06828661948639766 -5.8238293471921505 0.6990813883684369 0.08926332075383486 0.7094485689638513 84.52388562700877
0.7033462130952387 -0.0062953703882437685 -0.7108195782589717 -47.53697066603826 -0.059634596856197916 0.9959131933736654 -0.06782791550731371 -5.906859515012929 0.7083415979471954 0.09009594650117927 0.7000963512557902 85.29427004064107
0.6955100580248441 -0.006235045463837401 -0.718489306388301 -48.33297768909967 -0.061798202053179895 0.9957378351609176 -0.06846273330830256 -5.989221776374143 0.7158538547841119 0.09201786694503024 0.6921603649109175 86.0660959284214
0.6871033005890532 -0.005860960103447544 -0.7265360992175787 -49.15351173421598 -0.06474322585870416 0.9954955429084935 -0.06925993614444645 -6.07663909669755 0.7236693782557324 0.0946270214895818 0.6836288157903909 86.84192954799748
0.6799941392115034 -0.005750423629457074 -0.7331949967546755 -49.97557969018559 -0.06701460152508476 0.9952963933514989 -0.06995807718864755 -6.158958290775614 0.7301486244734293 0.09670585302648668 0.6764103519092377 87.60354188698825
0.672108406541602 -0.004395672832998167 -0.7404397125468446 -50.806614374801036 -0.0699341205686482 0.9951354329840993 -0.0693879586083844 -6.243842788310907 0.7371428007085185 0.09841823042452211 0.668531482642147 88.36494498390988
0.6663677195045075 -0.0031100306681153544 -0.7456167850253949 -51.66451312633076 -0.07142134707732647 0.9951269156910479 -0.06798097416838303 -6.323083637766256 0.7421947544843083 0.09855328191625926 0.6628983308468291 89.12814852329
0.6613791741690859 -0.0017147425182013343 -0.7500497634380766 -52.525277634461496 -0.0725173695982561 0.995166421674256 -0.06621951584395194 -6.404655974885435 0.7465378885776449 0.09818784461507316 0.6580579975107652 89.88183304958233
0.6568808773727687 6.783474148885221e-05 -0.7539943689049871 -53.407231368547315 -0.07541617434580344 0.9949911129324125 -0.06561315289302072 -6.487750897630129 0.7502132454102801 0.09996339622065359 0.6535957510778414 90.64082375747464
0.6536844990680257 -0.0002812005005080401 -0.7567671349923059 -54.280562525012634 -0.07722059769486414 0.9947554326299897 -0.06707166722819631 -6.572184278438013 0.7528170793558234 0.10228171967365661 0.6502344922032107 91.38197917337436
0.6499382558862752 -0.001889256613595021 -0.7599846671117484 -55.151881660461605 -0.07733470597773837 0.9946417068578917 -0.068609170160825 -6.658165201175335 0.7560420668103355 0.10336491517080769 0.6463095910822368 92.12182971287272
0.6456522829921449 -0.002407981277123876 -0.7636277437948418 -56.03664402995199 -0.07874268480896696 0.9944544450188777 -0.0697133155951714 -6.745871648729631 0.7595608725152363 0.10514066010999411 0.6418821718473944 92.85906004972904
0.6434633025609532 -0.004863209219374304 -0.765461512718595 -56.901351314200774 -0.07869996241628213 0.994260467643407 -0.07247370831680348 -6.8349702210413685 0.7614205764050687 0.10687596398443348 0.6393873897328372 93.57994250740882
0.641350046406606 -0.004012043894955748 -0.7672379171274251 -57.772772371345305 -0.07987664365845129 0.994203260313512 -0.07196943087064202 -6.921908669633323 0.7630791831599821 0.107441987536383 0.6373118385391303 94.30543379258197
0.6397219184219962 -0.0035184699853503323 -0.7685983915280095 -58.62132922261114 -0.08056619512951604 0.9941737055932341 -0.07160817906755079 -7.004197692543307 0.7643722622471552 0.10773236967587718 0.6357112404474115 95.00650213785897
0.6380347044781713 -0.002480115225286253 -0.7700036135693924 -59.48571399694188 -0.08015312629820177 0.9943483929938361 -0.06961860164640207 -7.0911382179665505 0.7658245179060783 0.10613728081614493 0.6342299940832803 95.71893597541427
0.6361972394355868 -0.0013278072208902855 -0.7715253135591358 -60.33974676038843 -0.08180889355399124 0.994244815407439 -0.06917045591073698 -7.176741083388708 0.7671768879926 0.10712368535208089 0.6324271804457633 96.41848892061257
0.6343705944372726 -0.0013810356532721474 -0.773027840154432 -61.196264578110075 -0.08257212025476228 0.9941561270970349 -0.06953732747278632 -7.259521503991146 0.768606397234589 0.10794298354200163 0.6305493782679645 97.11694085044138
0.6333643459883874 -0.001025907205175057 -0.7738530563001665 -62.05626905117541 -0.08225611754844497 0.9942446056571427 -0.0686410609440833 -7.343859718348774 0.7694696461567271 0.10712894863704826 0.6296346972708556 97.81490375973061
0.6316310146021981 -0.0008351050083358832 -0.7752687043807606 -62.899672189655796 -0.08169177813729378 0.9943605882821969 -0.06762746376917202 -7.427442511734592 0.7709531209985242 0.10604868255055579 0.6280007660440602 98.5006327796997
0.6311802600392691 -0.0011801838923107405 -0.7756352793051261 -63.74733480352215 -0.08187282928041521 0.9943108655187041 -0.06813767340514086 -7.515571617514964 0.7713030008773339 0.10651060922474336 0.6274927656636318 99.1869953498359
0.6291149381173232 -0.001744326447089009 -0.7773103318256376 -64.58842667252358 -0.08109429409196325 0.9943933100262463 -0.06786501632484894 -7.601308630788876 0.7730705725245031 0.10573032819532825 0.6254462307795495 99.86500517678257
0.6283106029058682 -0.001488710708784327 -0.7779611622802838 -65.41048011028583 -0.08025346899820317 0.9945390759775674 -0.06671886590343758 -7.684089080230545 0.7738121005708163 0.10435425287985149 0.6247599722421957 100.52155046043332
0.627846005768162 -0.0020782790356257755 -0.7783348082908893 -66.23827651564157 -0.07955405912177915 0.9945879250933208 -0.06682821960677572 -7.765021375505734 0.7742612896937401 0.10387752410802374 0.6242827206218136 101.17930930689522
0.6263556981619822 -0.0027767727486518803 -0.77953244250199 -67.06800383433448 -0.07870810753440982 0.9946581192064168 -0.06678517578853488 -7.84916683468662 0.7755537203755571 0.10318679871890624 0.6227912261599198 101.84453941246228
0.6245685506362533 -0.004422760939031635 -0.7809574666662751 -67.86907430730308 -0.07768144822252096 0.9946729933619142 -0.06775860741264744 -7.927021550429117 0.777096981179429 0.1029858022356755 0.6208979033461883 102.48040635571824
0.6241637438998505 -0.005491775263459335 -0.7812742547949327 -68.68881232804732 -0.07751455523173059 0.9946063495539945 -0.06891809018033207 -8.01171080264518 0.7774388172249627 0.10357629956381456 0.6203715303272049 103.12879094233861
0.6234466405644632 -0.00527836363776505 -0.7818480832272934 -69.49116644526629 -0.07975471568422815 0.9943318240489551 -0.07030938066578042 -8.092881064056364 0.7777875492028741 0.10619021876230035 0.6194918609184481 103.75803832584951
0.6244729440280233 -0.005290309480905475 -0.781028523680518 -70.30692194342257 -0.08095720986535054 0.9941523582149981 -0.07146340900331906 -8.178230574778079 0.7768394122003536 0.10785685551301001 0.6203929612520236 104.39960865553411
0.62649503641644 -0.004062693546664532 -0.7794148214312514 -71.09417377136404 -0.08386972875179449 0.9938288785269052 -0.0725949640474772 -8.258985643301063 0.7748998889822246 0.11084969430314176 0.6222881224386627 105.02182232011461
0.630021215619782 -0.003324756752056783 -0.7765708041521467 -71.86050856842648 -0.08557909910305678 0.9936030495306822 -0.07368309005489515 -8.337793390383991 0.7718480975332397 0.112880139776084 0.6257064714212651 105.62987880449141
0.6349878673212059 -0.0030079858217296612 -0.7725162524996888 -72.63694945320216 -0.08713608413949295 0.9933319489972856 -0.0754913368678107 -8.42016385489745 0.7675921515985568 0.1152501241758565 0.6304916317301507 106.25670985282707
0.6387466035517715 -0.0002087553924042529 -0.7694171384056002 -73.42179701208595 -0.09031739188186363 0.9930662016861327 -0.07524817467776557 -8.504292024249422 0.7640978636108952 0.11755626520889387 0.6342988091864924 106.8989020303192
0.6426167240469802 0.0014100317039817956 -0.7661865032651783 -74.19681604323537 -0.09198510085320578 0.9929074742051898 -0.07532256559953326 -8.588453303412704 0.760646098521614 0.11888128312759833 0.6381886502639976 107.53330895883045
0.6474649487362562 0.0026473615981156273 -0.7620906321655753 -74.97704927078414 -0.09355265190009701 0.9927068498971761 -0.07603296317837933 -8.67678095505121 0.7563313040463263 0.12052427823386595 0.6429905573768476 108.18033144611599
0.6526936240515764 0.004264363590737702 -0.7576099579107878 -75.73325171190835 -0.09533856332575721 0.9924972366484633 -0.07654928861945717 -8.762004529563754 0.7515993556845297 0.12219267755610547 0.6482031765475 108.82309778769252
0.659961009388462 0.004113754561807216 -0.7512885884334778 -76.47679268358097 -0.0954947441809526 0.9923335796958895 -0.07845266370083409 -8.849289075618243 0.7452061593416796 0.12351981068373999 0.6552943128456681 109.46038348630496
0.6673101581288776 0.00413395353194352 -0.7447684628703126 -77.21705967363391 -0.09772039304266075 0.9918256976017528 -0.08205187603208434 -8.93776889112962 0.7383413015954075 0.12753311728720648 0.6622593346668716 110.11067018030188
0.6741869691330186 0.0050361300787657715 -0.7385435451244999 -77.93605912494193 -0.1002658111705576 0.9913430465040841 -0.08476869267784826 -9.020429516008537 0.7317231018367156 0.1312006156305341 0.6688555155611895 110.74785626553437
0.6817014879188399 0.00700215810949998 -0.7315969184947744 -78.66583453705964 -0.10270789412225392 0.9909679378056933 -0.08621852890245753 -9.111023997249992 0.7243853738544228 0.1339160782839073 0.6762634945957432 111.40854311234426
0.6893409920347957 0.008725652795998629 -0.7243844695213774 -79.3620438208691 -0.10369048715280248 0.9908201597564137 -0.08673922926962957 -9.19794440005231 0.7169778794178369 0.13490468488365606 0.6839177190437042 112.05981010391201
0.7000434054901075 0.010601292139450436 -0.7140215984371812 -80.05343054434871 -0.10438019156755987 0.9906695253542757 -0.08762800432883225 -9.288621073839549 0.7064304679429765 0.13587311779490588 0.694618233148655 112.71870434928154
0.7092054838744732 0.01103705070929585 -0.7049154312071875 -80.74140265117967 -0.10397536880007373 0.9905809430483871 -0.08909836110870423 -9.382188530472456 0.6972924094849042 0.13648288823515142 0.7036730184494273 113.39330574899257
