1.0 0.0 0.0 0.0 0.0 1.0 0.0 0.0 0.0 0.0 1.0 0.0
0.9999062323133295 0.002325123030800016 0.013495198548143416 0.002608788898214698 -0.002304239310226527 0.9999961240061256 -0.0015628352206363818 0.009079269133508205 -0.013498780025001357 0.0015315925101991512 0.9999077143227867 0.10015347599983215
0.9993787188369422 0.005819853483485671 0.03476069103546489 0.006789717932054351 -0.005754197113549999 0.9999814672639713 -0.0019885532865840847 0.0175564221409366 -0.03477161991352577 0.0017872979678641178 0.9993936861990691 0.22044007620713796
0.9980850865326356 0.007421115040449093 0.06140917759339983 0.028792286829911317 -0.007332155388424334 0.9999717184492374 -0.0016738575325290828 0.021477306666681874 -0.06141986273593666 0.0012203906078074402 0.9981112719072274 0.35757508459429843
0.995996131224904 0.007737998472757956 0.08906082171560888 0.056079014018575915 -0.007643595792566471 0.9999698058845061 -0.0014009863180203602 0.03069812863742225 -0.0890689734328612 0.0007146320304993613 0.9960252041352555 0.5270568736129803
0.9926016722070597 0.006149439328993201 0.12126048295998242 0.09490460456129415 -0.006086012440371613 0.9999810809453069 -0.0008934226500163692 0.03891964988230407 -0.1212636828746546 0.0001488200085739878 0.9926203186859922 0.7022611360610641
0.9876501922412987 0.004513958909149108 0.15661009527068293 0.15255590826796953 -0.004388480624456496 0.9999897127837453 -0.0011469805977418215 0.04135476165825902 -0.15661366161205298 0.00044553523916707167 0.9876598414913994 0.8989232345021418
0.9809258942247221 0.005516067481279517 0.19430379059341918 0.2080110192781054 -0.005398300656842031 0.9999847842698564 -0.0011355962253989413 0.05051590166944182 -0.19430709814478642 6.502546249032427e-05 0.980940746111732 1.1106850704156588
0.972730759312663 0.006057278340550177 0.23185810157532888 0.2763954542744865 -0.006248802339308708 0.9999804718471318 9.161720497752703e-05 0.060450402048424494 -0.2318530188639662 -0.0015379543208754848 0.9727496144127595 1.3516772075666086
0.963057431066921 0.0033066763455987065 0.2692757886597464 0.36393438515743753 -0.004336181366751674 0.9999853869714048 0.0032285251748344953 0.0667378820016776 -0.26926117803711985 -0.0042768838183147445 0.9630576962294976 1.5987553760813535
0.9515833764332361 -0.0032068603314080717 0.3073740290635126 0.4750944565894105 0.0010582157454477228 0.9999738302861856 0.007156739635567763 0.07085301465132196 -0.3073889358375775 -0.006484966429370424 0.9515618673187003 1.8433765316259498
0.938736433475628 -0.006145568056945558 0.34458110867938707 0.5768544516866284 0.002881435205943854 0.999946006203817 0.00998408774950761 0.07620423564498871 -0.3446238613279876 -0.008379538787628529 0.9387034555881291 2.0629794250737623
0.9225451467906568 -0.0063389011448468525 0.38583710353630046 0.7066493195879405 0.0016187092552008152 0.9999198441630173 0.012557269980162942 0.08587786799794601 -0.38588577573338084 -0.01096009038664524 0.9224814602502122 2.309363590241046
0.9044062755235182 -0.00856417707803386 0.4265863847624 0.8658198251321051 0.0016499444832199636 0.9998612600420307 0.016575233041051563 0.09140998673613937 -0.426669153416181 -0.01428690092843633 0.904294928651588 2.586836895040489
0.8834931166105915 -0.0136471045925788 0.46824530903997674 1.0512911474309632 0.004587913402829125 0.9997796903852589 0.020482229950967552 0.09993016758888276 -0.4684216732307679 -0.015947640245358746 0.8833610863165146 2.8857594919867697
0.8605867893238253 -0.017850389281089653 0.5089909052663159 1.2323737048970733 0.006789262589137551 0.9996988874205469 0.023580508977045226 0.10657980805298799 -0.5092585629665994 -0.016837401599841133 0.8604488467959963 3.13219740212709
0.8357645052032902 -0.021842476479870983 0.5486534407652301 1.4245002466142003 0.008448698579145205 0.9996017447133516 0.026925294025176082 0.11649763833516115 -0.5490230517333661 -0.017867797492968063 0.8356161980707004 3.3696230703342342
0.8077735032129204 -0.024584931902135843 0.5889800918795927 1.639699122746281 0.009165316115028644 0.9995329697385507 0.0291520048392085 0.12803176595658225 -0.5894217204070764 -0.018150028347112376 0.8076215772150726 3.627387542058585
0.7773581176397235 -0.027177543083377755 0.6284709524644531 1.8720416642214261 0.010002507702061918 0.9994740053560867 0.03084902684253505 0.13925992241044433 -0.6289787808656949 -0.017694455894782468 0.7772210750174571 3.8723394149361337
0.7451476064117499 -0.026576155674999977 0.6663698317063715 2.13649601304968 0.005877190245086018 0.9994285467695223 0.033287212814891595 0.1585186722300892 -0.6668736786631055 -0.0208875046786107 0.7448779825277683 4.13830858480751
0.7117030173008454 -0.027661662056173743 0.7019356435009999 2.40974115145512 0.0038691954455201405 0.9993636213894216 0.035459576562974916 0.17284934796426282 -0.7024698174950131 -0.02252076143719727 0.7113571331003943 4.379770459743369
0.6790705600914485 -0.028175840518602766 0.7335320691204691 2.6853635954996147 0.0023199165915090587 0.9993404884727547 0.036238185468430884 0.19024925596789866 -0.7340693375997221 -0.0229065516851886 0.678688070829154 4.6035899798366415
0.6460472204345314 -0.030239454672422228 0.7626982131550659 2.994287062846348 0.0022083682574464414 0.9992848111818091 0.03774902980177772 0.20490371288971385 -0.7632942499969821 -0.022703337253596016 0.6456519545382744 4.840597729490699
0.6145984797139075 -0.029860826517509008 0.7882747235406227 3.3230593394249532 1.351276970864082e-05 0.9992836753635242 0.03784357236535446 0.225468468634426 -0.7888401032850441 -0.023247950267883746 0.6141586311838199 5.078311334287884
0.5864854069322227 -0.029338326049942375 0.8094282735858269 3.6588631633085393 -0.0003045714211437744 0.9993357107590135 0.03644234402486626 0.24570033347267217 -0.8099597364633593 -0.02161943168458774 0.5860868753707431 5.310841488544696
0.5565403565963658 -0.028920173398763148 0.8303170810299977 4.059805351522071 -0.00024284500025167216 0.9993882720203682 0.03497174251375898 0.2646832874734632 -0.83082054169712 -0.019664824401155405 0.5561928821689252 5.565065235898942
0.5289998546623444 -0.026962606679838796 0.8481934753393516 4.45097764103191 0.0003838356000646914 0.9995026352776725 0.031533073799117586 0.283984041893817 -0.8486218276932611 -0.01635542460521234 0.5287470980048331 5.798790846152717
0.5079192723070176 -0.025452043760764584 0.8610285746056924 4.874418840628087 0.0012572415690167878 0.9995842272369999 0.028806110508835903 0.30549289812771974 -0.8614037567614546 -0.013548657771537912 0.5077400926752219 6.043678176474023
0.4870785846364966 -0.024845201109491358 0.8730046783209908 5.340450188618225 0.0011700799776793343 0.9996129436602108 0.02779557122662625 0.32808647155562015 -0.8733573628826596 -0.012517142197704263 0.48691912865469705 6.3019806136460375
0.47053944321202384 -0.025596711853690234 0.8820076194251373 5.8355229238139525 0.002146690762229359 0.9996094072419563 0.0278643979327762 0.34910136049036444 -0.8823763506013124 -0.011217900679890928 0.47041060213801106 6.562601650885019
0.4583998451018278 -0.027178403456440126 0.8883304094739636 6.3517412787747 0.0036074207133378958 0.9995809693098645 0.028720590337754905 0.3683154534681224 -0.8887387515611197 -0.009960932642635588 0.4583058054339609 6.822644143776943
0.44809479568763794 -0.02800766475656949 0.8935472146409152 6.898034637134234 0.002204485264559075 0.9995407056361834 0.03022446064099396 0.38827096584676846 -0.8939833300025076 -0.011573611847831539 0.44795073075777364 7.09525943208648
0.4423013321181023 -0.028093502553712395 0.8964263978268473 7.432143495418443 -0.00024538190955899 0.9995054531136938 0.03144501524420685 0.4039415954829724 -0.8968664735590638 -0.014128138952264559 0.44207569973419136 7.362994422735744
0.4322192144836277 -0.029027692872447136 0.9013012502363785 7.992635658853391 -0.0013210383045254518 0.9994603219066107 0.0328225500552989 0.4273403279303367 -0.9017676005983771 -0.015377190277729776 0.43194760854785236 7.637693212491287
0.42117084212239053 -0.029378399546586095 0.9065053951223887 8.593157894423495 -0.0033741999009936647 0.9994175913628203 0.03395722087520335 0.44553307047977203 -0.9069750473529825 -0.017360521726617596 0.42082641999336867 7.930549576247757
0.41058747000763196 -0.030224035974935743 0.9113201617006603 9.181740029461732 -0.004374951494928798 0.9993736867768195 0.03511543788029033 0.46178796955706924 -0.9118107200906056 -0.01840494030126963 0.4101980849545226 8.198129235474854
0.39978059066005833 -0.03087058285302679 0.9160908723733742 9.842138999736967 -0.005575463522948699 0.9993323118379669 0.0361087901083537 0.48581193845297477 -0.9165939087393061 -0.01954322468016171 0.39934154408363476 8.493281347236612
0.38823227805931554 -0.032417724971677775 0.9209911994044975 10.522265180200186 -0.007787389012027572 0.9992300149317519 0.03845430836546125 0.512403543189027 -0.9215286511255358 -0.022101320484335094 0.38768089556695856 8.787373522849885
0.3769353627527098 -0.0345957524789584 0.9255932509568648 11.189211061101805 -0.009843132075812935 0.9990961728988907 0.04135154228959232 0.5406442133482111 -0.9261872624137201 -0.024697595210960994 0.37625414779557487 9.068697608197773
0.36451189585221017 -0.0373599234465773 0.9304489851154084 11.910775075765653 -0.010060310015508063 0.9989785496702102 0.04405278040255117 0.5668948154769374 -0.9311443861961578 -0.025418367745970876 0.3637637126439514 9.353715529375924
0.35231954464860227 -0.03864845275324659 0.9350814058457059 12.62583026384494 -0.01196592328651532 0.9988792425194133 0.045793837399202 0.5934780726422488 -0.9358032673262596 -0.027323176309195597 0.3514622154625926 9.629649248277438
0.3382181551235935 -0.03833129679800239 0.9402867601059669 13.335323063189273 -0.01405463907846787 0.9988529375611661 0.045774187549349754 0.619574343910393 -0.9409627764503582 -0.0286970523087737 0.33729146523981396 9.884878316367828
0.3244608753485628 -0.03596169348473738 0.9452152648840126 14.043191188943863 -0.016171814382518912 0.9989200821077673 0.04355619337578805 0.6481541177026918 -0.9457608644829949 -0.02941812644478716 0.32352891841202813 10.133708141242717
0.3088251548573526 -0.0342442022528821 0.9505021611439904 14.740659007673154 -0.017958569479398223 0.9989635418098881 0.041825015444086434 0.6741062549805509 -0.9509492696824507 -0.02998627597265367 0.30789009361086317 10.366336988052302
0.28817272438167374 -0.03197737954424436 0.9570443710298533 15.472868677744858 -0.020982245226720198 0.9989914444611367 0.03969684217538741 0.6977173377442274 -0.9573485396174635 -0.03152048684483129 0.28721112896504397 10.587809606330342
0.26601789830660305 -0.029811148253723416 0.9635070177327887 16.203053381701377 -0.0246998340531327 0.998982731781389 0.03772823611489484 0.7220794966245562 -0.963651594705413 -0.033834849525128274 0.26501095633827376 10.799466741279865
0.23991662655262413 -0.02861957007348778 0.9703715435401111 16.92946859397285 -0.028172807209986012 0.9989390977157215 0.03642762672491527 0.7468197300512862 -0.9703846171686349 -0.036077683735371985 0.23885580482536495 10.990070762534225
0.20778389526826246 -0.02879225564471153 0.977750918630117 17.675033348674187 -0.03143378526853574 0.9988539226292892 0.03609374449643279 0.7684255366416052 -0.9776695607467993 -0.03823411124861887 0.20664070926656464 11.158554578457494
0.1756183785426253 -0.02881788561603292 0.9840364396640403 18.417175612465428 -0.032693656705450436 0.9988493713531397 0.03508643838670165 0.7907779420805441 -0.9839152961151104 -0.0383335729623381 0.1744741449460515 11.292866047494314
0.14103555538119522 -0.02807531660935411 0.9896063604866344 19.16816871396249 -0.03376611393151942 0.9988798147174665 0.03315064554369896 0.811075787583419 -0.9894285328755593 -0.03809058082104869 0.13992957508844833 11.397811454776082
0.10698310910007552 -0.026501106898556122 0.9939075941456694 19.93455399612345 -0.03580366295891102 0.9988936802496919 0.030487920164400696 0.8335050846140618 -0.9936159781756764 -0.038847225002276144 0.10591591487409474 11.48739308743648
0.07555889944772648 -0.024233965091438353 0.9968468125294856 20.665207712222735 -0.038821613668610325 0.9988751844697953 0.02722587303646247 0.8542356756587411 -0.9963853346102669 -0.040756358845943946 0.07453310799374407 11.551524457875864
0.04173844986000591 -0.021124839203398003 0.9989052222167598 21.431503260410835 -0.038376223232809356 0.9990048005225589 0.022730464651383824 0.8673479727259548 -0.9983912896723754 -0.03928294415535584 0.04088622023148919 11.582114088551965
0.010297960656154848 -0.01834363330382147 0.9997787070764905 22.169820960757253 -0.036285516542256174 0.9991663731928155 0.0187061479192593 0.8780190648887521 -0.9992884034629772 -0.03647012198952024 0.009623767790401638 11.583029483929627
-0.021164697521281528 -0.013900072440610712 0.999679370380813 22.905887090658087 -0.033021715469981706 0.9993675077756337 0.013196617359716514 0.8857377623685285 -0.9992305148894586 -0.03273182531520317 -0.021610315251814283 11.556626121299129
-0.0523657344719729 -0.011296002335732724 0.9985640841650786 23.63393769106018 -0.031196259565713494 0.9994664975483786 0.009670246505941662 0.8907083855785853 -0.9981405829051936 -0.030645074801804097 -0.05269019024517163 11.510052729201561
-0.08068870807874812 -0.008298613350592288 0.9967048035426741 24.328070677447162 -0.026387700654794323 0.9996326391387604 0.006186761885688669 0.8912524661678196 -0.9963899947524243 -0.0258015461733326 -0.08087804753040134 11.444415670816495
-0.10954300556943208 -0.0012125393643464683 0.9939813175704589 25.067898793070523 -0.02261917303277507 0.9997433430411394 -0.0012732070688389 0.886380974371238 -0.993724661534637 -0.022622506342504817 -0.10954231723244934 11.354873619505547
-0.1331527002626074 0.010172013012104127 0.9910433333432287 25.8279637288163 -0.020244098072279202 0.9997107946343506 -0.012980893066167447 0.8776523907086295 -0.9908887601068126 -0.021791219397659163 -0.13290826855823124 11.251642982890875
-0.15382357150965992 0.02389928650836114 0.9878092593979891 26.552148593142526 -0.020875306220179964 0.9994057153826221 -0.027430596981528936 0.8676532905680657 -0.9878777912465825 -0.024840293173403083 -0.15323325160301576 11.139363504114645
-0.17708591327169337 0.03730897759754562 0.9834879864601076 27.304556903605352 -0.021899554247668467 0.9988844461688562 -0.04183626089520203 0.8449988864745166 -0.9839517207894319 -0.028946560979913032 -0.17607131442387908 11.01060492684614
-0.20048474679795358 0.047117586690275576 0.9785631299644623 28.05110094586016 -0.018691939286270772 0.9984770306840428 -0.051905978481244924 0.813940860927018 -0.9795184927846329 -0.028697599566191237 -0.1992986956105327 10.859245509793517
-0.22535380999626287 0.0511736139397764 0.9729321258733886 28.78805754414574 -0.016724127165404553 0.998269303062708 -0.05637997989757503 0.7736715466812949 -0.9741334425481573 -0.02897688387384518 -0.22410795682045315 10.691115616074239
-0.24790960027664105 0.05077594535433743 0.9674516181515483 29.485666311644792 -0.01496025905108777 0.9983058171586721 -0.05622887226577018 0.7357570346456388 -0.9686676523657639 -0.02841300407435461 -0.24672997478958708 10.51577053416271
-0.26791040095126073 0.046949260593470404 0.9622992174951933 30.19145869041096 -0.013529663999384451 0.9985301263372074 -0.05248366402095685 0.6900586734566814 -0.9633488284386912 -0.027080504550826348 -0.26688139878806494 10.32547084560818
-0.2849525052902695 0.044936196679471824 0.9574877586459176 30.88500130428206 -0.009195307436966366 0.9987264280636547 -0.04960814659260614 0.6444793672949326 -0.9584975305393013 -0.02294035996225112 -0.2841763956328247 10.11791600920547
-0.299373310530587 0.04485780722996124 0.9530810028914 31.593528842833265 -0.007741186130907983 0.9987471583224617 -0.04943872753312344 0.6006194764503084 -0.954104656198283 -0.02217861297122562 -0.29865099053482014 9.89763851404175
-0.30921229804677164 0.0475536550225885 0.9498033505050544 32.30669663707831 -0.006732810722551722 0.9986145097070417 -0.05218936924641897 0.5553217112118716 -0.950969202443701 -0.0225324409808927 -0.30846371765093183 9.671919316654987
-0.317421506079861 0.05009043009040695 0.9469606836037866 33.027940721383985 -0.006622171105859293 0.998462497573823 -0.05503442366817467 0.5097089693499018 -0.948261427206568 -0.02374004532433491 -0.31660176234531784 9.431623480102603
-0.32545549052148576 0.051678272895170574 0.9441440990653872 33.744822859601136 -0.011488311136462787 0.9982155523307676 -0.05859803573681205 0.4646174418654766 -0.9454875686103182 -0.02991767363203823 -0.32428103615197107 9.19427096047057
-0.33595791289553506 0.05048719087132859 0.9405228994132987 34.463972404257056 -0.01226782326145278 0.9982430790161578 -0.05796771264045799 0.4152491856897375 -0.9417971019679884 -0.03101288045736788 -0.33474829345410445 8.94140658869456
-0.3439651436486415 0.05064415047209515 0.937615672852011 35.18442272446682 -0.011993907626758539 0.998226009759559 -0.05831791851009212 0.36302975520196895 -0.9389058132393314 -0.03130500698720168 -0.34274753157815896 8.682194110326249
-0.3513824801361533 0.051751169913575396 0.9348006039075617 35.88126694317753 -0.010631146321740791 0.9981861850136324 -0.05925638173071321 0.3151607155006041 -0.9361716356423385 -0.030759656378225596 -0.3501949630680629 8.423935863649263
-0.3577652097585982 0.053981376388818725 0.9322500017106758 36.60439588455455 -0.011308992498909862 0.9980040660210683 -0.06212882498546892 0.2669910754010167 -0.9337430917415379 -0.03277034037943626 -0.3564406590392993 8.15069002417061
-0.359100774373386 0.054293212095097604 0.9317182411892727 37.33420047695471 -0.014838220552917055 0.9978481872371521 -0.06386565930414465 0.21809181838724934 -0.9331808297726963 -0.03675924846792757 -0.3575224420883473 7.884105939701135
-0.35928958996952043 0.05383874662798587 0.9316718198491686 38.04707887715772 -0.014711460474170011 0.9978836788430048 -0.06333826986481325 0.16917419096426003 -0.9331101561285521 -0.03646303416171667 -0.3577371712157834 7.61894391647191
-0.35748638616361494 0.052043793947300174 0.9324671185726872 38.79740707705263 -0.019228503063395273 0.9978242731504867 -0.06306333785682308 0.11600201932993634 -0.9337203801875698 -0.040474231595841056 -0.355707869183557 7.344997216067936
-0.3519023165244039 0.05028637564827292 0.9346849950913512 39.55753441919436 -0.024060339428109485 0.9977400115008448 -0.06273730562351403 0.06665252587875081 -0.9357274494698564 -0.04456624142167285 -0.3498971140695259 7.073775772956192
-0.3456974731405355 0.04933016878829534 0.9370484467259778 40.29431071160728 -0.028691080737466707 0.9975945657181782 -0.06310233225227116 0.022716684577102485 -0.9379072869694346 -0.04869924944881744 -0.3434505847320061 6.817871898716092
-0.3416637992637389 0.04839784211739251 0.9385752485288793 41.09179638928415 -0.03273257762046579 0.9974544759443504 -0.06334940237209466 -0.032160657698528966 -0.9392520570299475 -0.05236618467065667 -0.3392098997199978 6.543279200905694
-0.33725237442365186 0.046627970757272125 0.9402588304763044 41.90613007057769 -0.037728363329396525 0.997300826734038 -0.06298913871525486 -0.08739002225509135 -0.9406579646960387 -0.05671766337450394 -0.33458287480868243 6.2664073412113215
-0.33689645251831496 0.044811473631739415 0.9404747269924518 42.72307961917406 -0.042587652686072314 0.9971191994822639 -0.06276618406864878 -0.14131580237534563 -0.9405780521143714 -0.06119831578402257 -0.33401750556809723 5.991085715447589
-0.33732112671140546 0.043225047132984265 0.9403967528519542 43.554557037510726 -0.0461225567226244 0.9969867822845225 -0.062370391303266076 -0.19806311906703988 -0.9402590958004694 -0.06441235324303501 -0.33431105502836467 5.710973619525767
-0.33895706082733534 0.041941801430700885 0.9398664778616387 44.38992651593076 -0.048679936882824036 0.996885651507429 -0.062042417455265356 -0.25379971638890364 -0.9395415768662815 -0.066782356287846 -0.335859706169503 5.422027443289181
-0.34138318482375773 0.041517061616692094 0.9390068448708476 45.2385144398759 -0.05007006622412502 0.9968022453463233 -0.062275774911599996 -0.3117967851752256 -0.9385896385470597 -0.0682760372842795 -0.3382127631312216 5.125856994175944
-0.34072529451914685 0.04029588041908887 0.9392989490551403 46.12468765196717 -0.05243901856808755 0.9967112319816822 -0.0617808171941185 -0.3738342976499719 -0.938699325133696 -0.07030620216458723 -0.3374916516459863 4.813347314864178
-0.3411562808200846 0.03974661632893178 0.9391659057628788 46.99624805388503 -0.054461407181875754 0.9965916300123081 -0.06196029468281509 -0.4365821350788758 -0.9384275929365983 -0.07228644049759295 -0.33782883733543306 4.507013620753389
-0.34208670943063085 0.03879996569724524 0.9388670011736572 47.88790421007432 -0.05669424503832102 0.9964747065840289 -0.06183786637497056 -0.5023296119820357 -0.9379565266100868 -0.07438226804935767 -0.3386810186434657 4.1880446108963545
-0.34224564520774275 0.03811281237018101 0.9388372233084772 48.80705055088784 -0.05971982484506119 0.9962744840713553 -0.06221490905586934 -0.5698394100967483 -0.9377107554341111 -0.0773599762253729 -0.3386945131259121 3.8637245925318084
-0.34234361335192004 0.037939482472555824 0.9388085247093071 49.722309685445595 -0.060927044689019313 0.9961850634892471 -0.062475711331579815 -0.6437784519144227 -0.9375973259468126 -0.07858698970338078 -0.33872605365803704 3.5365709584774407
-0.3407720382285093 0.037256652755579475 0.9394074514219257 50.634659375144004 -0.06485995556978726 0.9959021023706953 -0.06302530172172492 -0.7110892559010725 -0.9379059676348545 -0.08240718608883214 -0.3369591244585135 3.2176089393218366
-0.3398145391035782 0.03585713514117646 0.9398086746105775 51.5182136676107 -0.0674481397264149 0.995770793533369 -0.062380086513013036 -0.7787061216181199 -0.9380708008787338 -0.08458600714889188 -0.33595889619615493 2.9111083773245494
-0.33836609127123485 0.0344199033767269 0.9403848459696503 52.443098827263434 -0.06664341625124685 0.995945037131851 -0.060432922176565367 -0.8478424371637507 -0.9386517156795641 -0.08311891038730322 -0.33470016938722635 2.5866384753463736
-0.3366023991306675 0.03244384585492738 0.9410877864288861 53.35542980304402 -0.06750790542675456 0.9960032322541226 -0.05848285256579825 -0.9206706544310951 -0.939223885771849 -0.08321633376616783 -0.3330668614409824 2.2699049068105763
-0.33452054353889427 0.03260006886020912 0.941824421779746 54.23017613269153 -0.068626662701641 0.9959053183763418 -0.05884707296164364 -0.9890978371199007 -0.9398863692579431 -0.08431982175044868 -0.33091355448680937 1.965762325108863
-0.33332672146226894 0.03229837261247133 0.9422579858434743 55.15519246127305 -0.06992411466845865 0.9958137074688583 -0.05887001108339713 -1.0582294429560388 -0.940214823828601 -0.08550950323626619 -0.32967288318762245 1.6489764044928417
-0.3310971393190218 0.03224480149913937 0.9430455753096143 56.05718595018189 -0.0723901603109381 0.9956025633321524 -0.05945755272969462 -1.1300369284000313 -0.9408157891026898 -0.08795344599689563 -0.3273069542682438 1.3420761217628316
-0.33122769774833793 0.032970590767739484 0.9429746297694134 56.9510251969791 -0.07627823528404284 0.9951825858569919 -0.06158937918946226 -1.2003932409766493 -0.9404625686683591 -0.09232854895110947 -0.3271170982726135 1.040405560979708
-0.33200585206885114 0.0351257108226567 0.9426230946837867 57.853361953841116 -0.08041013499130688 0.9946150219729537 -0.06538477082945651 -1.2697969801314968 -0.9398437765834894 -0.09750457684100702 -0.32739354470169424 0.7363735401770224
-0.33462273734060394 0.03481685390948879 0.9417087715098161 58.74874584095799 -0.08477542500665028 0.9941530325560453 -0.06687955722462015 -1.3431746631608663 -0.9385311667545323 -0.10221318184786511 -0.3297145955017949 0.43436185421419427
-0.338735323015901 0.03341095513662643 0.9402883010110099 59.6646083126868 -0.08560722476298496 0.9941296492761784 -0.06616376272856836 -1.4193734415762143 -0.9369790734107635 -0.10290747546646381 -0.33388660872132353 0.11278698525738856
-0.3425028744245412 0.03125742668170723 0.9389966742689587 60.54992625799318 -0.0844153868845271 0.994380142697648 -0.06389189514908045 -1.4944712646984897 -0.9357167431803616 -0.10114892528268987 -0.3379394493782787 -0.19897687075224868
-0.3467053540280898 0.029990741623153138 0.937494508199995 61.42240659697573 -0.0867512172307699 0.9941794279855749 -0.06388655006537315 -1.5649058478774753 -0.933953758918094 -0.10347859869156002 -0.3420855972057204 -0.5048493477668963
-0.35127961140876846 0.03152562678406258 0.935739691081006 62.3072264494494 -0.08752660709427447 0.9939504487087212 -0.06634454432955444 -1.6436353940664157 -0.9321704391682183 -0.10520760603494267 -0.3463951962330412 -0.8214290680038646
-0.3558087852983854 0.03403263432058033 0.9339389102643114 63.15825180997206 -0.08886220756971082 0.9935769066440319 -0.07006025013882738 -1.7139701491261772 -0.9303244683282954 -0.10791992580093396 -0.35049917723840057 -1.1372483991394435
-0.36100727052451426 0.03589639556668338 0.9318718792912255 63.98929135768097 -0.0904591487921423 0.9931988046596898 -0.07330263857709556 -1.7863826672716137 -0.928165337118469 -0.11075912245898047 -0.35530483217073666 -1.4475138189321652
-0.36443658528953726 0.0372957724545564 0.9304810587322667 64.8093003214471 -0.09221930405873424 0.9928406791150194 -0.07591433233158212 -1.8571006063677227 -0.9266507299200841 -0.11347427572558075 -0.35838807665313066 -1.7566736851030988
-0.3660310562958355 0.03712410546156966 0.9298618535140761 65.63621336151897 -0.092694161555198 0.9927803849367798 -0.07612423857325722 -1.9363959581636971 -0.9259746531307074 -0.11405660032833516 -0.35994726513894876 -2.0723337412143263
-0.36814535953268435 0.03198086080138364 0.9292180684839018 66.50708859123174 -0.09136494536654213 0.9933269330459121 -0.0703850186031864 -2.01339506737122 -0.9252683075804118 -0.11080987604002022 -0.3627667712997925 -2.405229627816322
-0.36932983699980626 0.02575381302285025 0.9289414473563341 67.32616982763152 -0.08939347722841495 0.993995663684503 -0.06309854836220571 -2.0865235602515573 -0.9249887987055355 -0.10634548270231708 -0.36481003354910857 -2.71917914858563
-0.36984640329724355 0.023445624140551874 0.9287970395499506 68.1388467350792 -0.08979575819606914 0.9940995512054831 -0.060850670522599876 -2.1591475978795 -0.9247434021273607 -0.10590743600766139 -0.36555882593667094 -3.0306265143586724
-0.3698822147250455 0.029058006345056536 0.9286241325193666 68.96389991781504 -0.09005048952030807 0.9936835505845687 -0.06696200889159418 -2.228705477281712 -0.9247043076396088 -0.10839111386500144 -0.36492918473021047 -3.35032091460321
-0.36871697389586566 0.034245896862584835 0.9289106586260883 69.77115077216702 -0.09103978518292494 0.9931862100703612 -0.07275238580225166 -2.300797875235231 -0.9250727272354985 -0.11139286635215914 -0.3630868747984807 -3.6625900308448873
-0.3674352908979562 0.0374835825588713 0.9292934348424542 70.59781622910941 -0.08783860907440286 0.9933226053086444 -0.07479692867171575 -2.376506201080492 -0.9258918326449417 -0.10911087398330097 -0.3616892746820007 -3.987354039798142
-0.36436722416233525 0.03742219508717293 0.9305031462983306 71.40567989546204 -0.08722036566100634 0.9934288112142926 -0.07410671267380753 -2.450930961383932 -0.9271618703172577 -0.10816088185760825 -0.3587089208056995 -4.298897346034156
-0.36011614600084496 0.03574473399221888 0.9322224387887923 72.18450583090379 -0.08859950528883127 0.9934386030448188 -0.07231783765388214 -2.521955900782765 -0.9286907391872024 -0.1086372678788656 -0.35458631526857187 -4.588001468565426
-0.3562702081630504 0.03189226446624428 0.9338385418490027 73.02010497944653 -0.09128951538915409 0.9934479510504217 -0.06875603925279886 -2.593522984895281 -0.929912771799307 -0.10974539635417127 -0.3510244789521035 -4.8926409184143065
-0.35260414851638505 0.02757840329143328 0.9353661027217793 73.85242810203766 -0.09402005689274263 0.9934635054992724 -0.06473401071293464 -2.6638438090964347 -0.9310373479892847 -0.1107686549209295 -0.34770643039220256 -5.18819660716247
-0.3512182353151311 0.025434221952542906 0.9359481030141543 74.67308223732675 -0.09910639210025374 0.993005295626511 -0.06417480738246381 -2.7330559532811196 -0.9310336590193697 -0.11529780228336683 -0.3462408736149297 -5.4725187666227875
-0.3493075708154894 0.023717019533992884 0.93670791816628 75.49786779128989 -0.10482343510023778 0.9924153362104193 -0.06421719324407138 -2.796553625490801 -0.9311263439645386 -0.12062049344445733 -0.34417209087380624 -5.757027308927267
-0.3452560390744308 0.023015839292689695 0.9382262726146016 76.28347102012752 -0.10499001275272074 0.9924769002003919 -0.06298174172571958 -2.8631073569908643 -0.9326174803770402 -0.12024921500897537 -0.3402422101752023 -6.029297742134405
-0.3428025533139697 0.02519997661646379 0.9390694173595224 77.07429732683576 -0.10318083197618835 0.9925819946422502 -0.06430163158671673 -2.932862523001541 -0.933723795002636 -0.11893672725673066 -0.3376594875837692 -6.307924392415985
-0.3379673218728948 0.027099169463799873 0.9407676250596827 77.90051811137423 -0.10373054413006905 0.9924230428816883 -0.0658519412920466 -3.001845036689225 -0.9354240020229027 -0.11984214188599773 -0.33259554637372013 -6.592919343407451
-0.3305381085707886 0.02820923269476281 0.9433709757954283 78.69055062800093 -0.10159613741824675 0.9926815294195465 -0.06528097740508487 -3.0649819409709727 -0.9383084693447772 -0.11742069809042696 -0.32525312606617396 -6.864607734533891
-0.32066861904477206 0.029355414274657467 0.9467364450641383 79.50729191682353 -0.09898911923625095 0.9930076833940794 -0.06431869862765521 -3.133837699243101 -0.9420046661417077 -0.11434159511344538 -0.3155205359309641 -7.132213303505054
-0.30938533102179483 0.029275549258491768 0.9504860120823179 80.31148476866483 -0.10368611437126987 0.9925281147158618 -0.0643205347083282 -3.1923868279064362 -0.945267108618047 -0.11845203127929436 -0.30403817137110706 -7.384669723001919
-0.29924138477440226 0.0286900303853196 0.9537460226888433 81.14404878133202 -0.10678354521530599 0.992261936355942 -0.0633523806214694 -3.2595679089496032 -0.9481834569900219 -0.12080203564363586 -0.29386221273720264 -7.636005843875176
-0.28740693681262686 0.026137220705965768 0.9574518778329021 81.9525839688677 -0.10864629203680065 0.9922861058751676 -0.05970148502131356 -3.3188425402092614 -0.9516266263081531 -0.12118221726335732 -0.2823501980174612 -7.867260365739537
-0.27552994809962505 0.024622139805875742 0.9609771058311419 82.70961606986018 -0.11300556267238929 0.9919108373682657 -0.057815512766752286 -3.373143944297197 -0.954627147374992 -0.12452566379170885 -0.27051870277657264 -8.07129627559708
-0.26383876604439377 0.024489245627884765 0.9642558697673295 83.50614389752926 -0.11495148458375645 0.9917550118098934 -0.05664055739440432 -3.430963089272934 -0.9576926760313887 -0.12578661851936213 -0.25884834339300383 -8.286764217708962
-0.2494871222595913 0.024996164197064005 0.968055456883572 84.2854047996357 -0.11603162469847188 0.9916931397156503 -0.05551016763394367 -3.4907597840824542 -0.9614014967205224 -0.12617411943956244 -0.24451432204922136 -8.483523229129176
-0.2368120766959913 0.02779749468812657 0.9711577315863761 85.0493664487281 -0.11701706051067956 0.9914977736174804 -0.05691372822984086 -3.5486525050078943 -0.9644827877574448 -0.12711988121707712 -0.2315458656918416 -8.664802524794341
-0.22600937636747898 0.03465086139686044 0.9735086438231759 85.84082713550578 -0.11676153191684813 0.9911985191629068 -0.06238782151744018 -3.6109313694784873 -0.9671021179060744 -0.1277685932211695 -0.2199742715134413 -8.844399673259584
-0.21307397377271914 0.03788698570866232 0.9763012127487165 86.66174932749315 -0.12216166081608588 0.9903732879011922 -0.0650943871500332 -3.6710039610532674 -0.9693688721675349 -0.1331364973464994 -0.20639443487397474 -9.01310740368442
-0.20161841855466917 0.03580888995259133 0.9788093464510226 87.50703926263134 -0.12530640597856674 0.9901766841599973 -0.06203578617739879 -3.73059915143839 -0.9714156257340363 -0.13515863844489012 -0.19515077384800356 -9.176628121078256
-0.18849516626489965 0.03273289725726778 0.9815284660833395 88.32873502409943 -0.12647235551642205 0.9903130101798419 -0.0573139176698695 -3.790828791539976 -0.973896460402694 -0.13493961355245532 -0.18252940888913888 -9.323624494232554
-0.1775323069343121 0.033569078729301045 0.983542270036142 89.10662955746497 -0.1289993912723 0.990000849777315 -0.0570742892340359 -3.8467311036613006 -0.9756236144364061 -0.137008884359593 -0.17142674400624436 -9.44686434329598
-0.1702744920020401 0.03899113021643613 0.9846249484640799 89.9305739652029 -0.1321152049700248 0.9892920252463486 -0.06202307151138213 -3.9059819048913518 -0.9764999590318351 -0.14064487387893881 -0.16329987587993405 -9.57416387981325
-0.16626972842318166 0.04590507355710438 0.9850112190385439 90.78156897984591 -0.13627593360098114 0.9882608985379356 -0.06905987505182194 -3.973936904906249 -0.976618271041077 -0.14571589015172337 -0.15806211445513585 -9.69800301779594
-0.163273221151928 0.048371592942729975 0.985394359762048 91.59995177973563 -0.139840490765993 0.9875783493803363 -0.07164943110406888 -4.041956551665484 -0.9766199324184408 -0.14949646427723073 -0.15448079094698752 -9.813697291646845
-0.16170989388116314 0.04790238692736522 0.9856750334403341 92.43189528516531 -0.1442989511084143 0.9869376321990635 -0.07163744033895764 -4.111905208048135 -0.9762313880069389 -0.1538163563343224 -0.15268531558102877 -9.931344657634748
-0.15850079705957282 0.04752557381898289 0.9862143870197072 93.24215453615153 -0.1493062826783595 0.9862009916516312 -0.07152089217920335 -4.177428459252343 -0.976004677900803 -0.1585841224666449 -0.14921777647865636 -10.043877392319843
-0.15490306271385335 0.0441908342496252 0.9869408347668013 94.034493466601 -0.15450640047155986 0.9856224801816388 -0.06838200621448161 -4.241306518799766 -0.9757729312576725 -0.1630812580553559 -0.14584817412601503 -10.150049076952374
-0.15072987741804483 0.04066705019133578 0.9877381713198475 94.81774469711273 -0.15665163642164331 0.985546717793317 -0.06448202736608938 -4.3044886044350354 -0.9760844066267848 -0.16445016897393325 -0.14218077600182927 -10.255767918743832
-0.14786573715263218 0.037799416691098424 0.9882848414673382 95.57642963506413 -0.1590071301723238 0.9853614492667362 -0.061478019269651206 -4.361661419884259 -0.9761416169443196 -0.1662348290725221 -0.13969082028737256 -10.353193977994035
-0.1460287027435236 0.03795165594748165 0.9885521178905481 96.3618734027381 -0.16595609441958567 0.9841633570927699 -0.06229816434604593 -4.419553594591919 -0.9752610895037501 -0.17315356873808105 -0.13741778972616853 -10.448574388115318
-0.14356961969039428 0.03846558314058014 0.9888923921315256 97.14021726166149 -0.1745881797920068 0.9825874759620362 -0.06356744103288273 -4.478743903268715 -0.97411843827066 -0.18177527608618899 -0.134354074091262 -10.539717943835068
-0.1384814995214806 0.04001740073590927 0.9895562045324277 97.91912336524437 -0.17725809482715338 0.9820472322426488 -0.06451977574977391 -4.543107401391444 -0.9743728455311808 -0.18434164283442542 -0.12890196510749974 -10.635044868755775
-0.13416936530261553 0.04188029456576921 0.9900730388922716 98.75311200788512 -0.17944723804294704 0.9815620440924895 -0.06583800084853556 -4.6119014511537735 -0.9745754307251189 -0.1864993150766465 -0.12418025327277499 -10.732602685828608
-0.12845965326012054 0.03877946296566834 0.9909562405759318 99.57292646650276 -0.18424262492596266 0.980906271102527 -0.062269916268828024 -4.674832208603928 -0.9744499846809382 -0.1905755508029038 -0.11886204941649448 -10.824196879649147
-0.12338968350452256 0.03552190423840236 0.9917223302537519 100.40214007072373 -0.18653708941799735 0.98071441747715 -0.05833648621502997 -4.734592632241817 -0.9746686104908253 -0.1921911175672073 -0.11438388895361135 -10.907086038884929
-0.11727735355534952 0.033453856067722984 0.9925355720865898 101.19621470635427 -0.18804297080211918 0.9806043982639159 -0.05527074485998339 -4.78910464517006 -0.9751337669648035 -0.19312134428815497 -0.1087119262333669 -10.984465860850408
-0.11267905107538434 0.03737057987422686 0.9929284320677977 101.9771699188042 -0.19138737481291335 0.9797640583311883 -0.05859405059066511 -4.841530647891775 -0.975025283882922 -0.19663628800977714 -0.10324662719316113 -11.057212547741361
-0.10920042945242808 0.03967058589458265 0.9932278242287547 102.78964886366508 -0.19170388264536686 0.9796046033638643 -0.06020334249040821 -4.901161280005476 -0.97535885067297 -0.19697986111048643 -0.09936823803810141 -11.12972311221799
-0.1048851611774701 0.040411249285302125 0.9936629377691296 103.60240036985769 -0.1929776466508092 0.9793547454129627 -0.060198924660048045 -4.957349088449038 -0.975581227196327 -0.19806870921049563 -0.09492131253726205 -11.197845674421075
-0.10010491957233397 0.038963577694506646 0.9942136816050468 104.43203797963018 -0.19358599727028258 0.979374847805486 -0.057873734516202105 -5.020256381911249 -0.9759628408593676 -0.19825929259236713 -0.09049743732552579 -11.265564170762092
-0.09196530958605204 0.03732801517062577 0.9950623101676415 105.26302292212814 -0.19391685369115286 0.9794936809736217 -0.05466610272618119 -5.0822326677476575 -0.9766978220961005 -0.19798673747543524 -0.08284090835189734 -11.329973417229889
-0.0847251104357496 0.03734095389926982 0.9957044284442764 106.0544863472506 -0.1942060637172776 0.9795139076699704 -0.05325889124405392 -5.137921848824521 -0.9772950733924177 -0.19788420311636262 -0.07573758432846533 -11.38630183760505
-0.07949833090299607 0.03756845198467665 0.9961268126092746 106.85573475407291 -0.19497324468203642 0.9794025687602297 -0.05249802057242017 -5.193274930406392 -0.977581428445629 -0.19839158178042368 -0.07053602651741142 -11.436786864440084
-0.07251282128832748 0.037563152356826585 0.9966598719391812 107.66561656439247 -0.20072857157903778 0.9782935922283051 -0.05147511978497882 -5.242028311329519 -0.976959534116253 -0.20379071860626197 -0.0633988305041755 -11.479636822997172
-0.0662067427098823 0.03730762420813087 0.9971082230107687 108.45513766469439 -0.20572787878103538 0.9773194256552289 -0.050227284708509054 -5.290158742750527 -0.9763670964918899 -0.20845834455084522 -0.057029917369026795 -11.518800150190431
-0.062334322242238116 0.036844068567269544 0.9973750282025368 109.2567110165632 -0.20838585791844305 0.9768130386460803 -0.04910826560372469 -5.343792965203831 -0.9760582802733632 -0.21089998137131696 -0.0532111958837882 -11.55704905617723
-0.05832542568459009 0.037045992762187355 0.9976100135518765 110.07962914574142 -0.21281384274455334 0.9758792993367438 -0.048681222892638445 -5.3925219989765205 -0.9753504052672598 -0.21514457359248035 -0.04903467547258711 -11.592183787126888
-0.055111745095964226 0.03820730890944714 0.9977489148570272 110.87849814569367 -0.2163628011752307 0.9750680246359755 -0.0492898123358584 -5.4376205752392766 -0.9747562945783345 -0.21859219766129495 -0.04547106004394791 -11.624649156000613
-0.051308282947590156 0.03685961088611765 0.9980024194290784 111.71091959107872 -0.21954899083896112 0.974455289041759 -0.047277164468011404 -5.487151602055575 -0.9742513539752273 -0.22153613417198026 -0.041905137317166385 -11.648945503366708
-0.04681792833689824 0.03499525292813668 0.9982902452987993 112.52611437713003 -0.2215052111173003 0.9741416254560824 -0.04453689483632435 -5.533847051350936 -0.9740346621317545 -0.22321161669204703 -0.037855661922642114 -11.670018555033534
-0.04389963695751942 0.034019222639639385 0.9984565660888775 113.34961243166624 -0.22324996609672007 0.9738125368654545 -0.04299529836483759 -5.583534311401314 -0.9737721882005111 -0.224792872517486 -0.035155226532138095 -11.689304375918292
