1.0 0.0 0.0 0.0 0.0 1.0 0.0 0.0 0.0 0.0 1.0 0.0
0.9999114138046971 0.002404252802206409 0.013091375464605284 0.003405067604035139 -0.002384301047410671 0.9999959726200245 -0.0015394324430523722 0.007967944256961346 -0.013095023925426899 0.0015080822903570112 0.9999131192439663 0.08056939393281937
0.9994166654815974 0.006525231020404982 0.033522382340390296 0.006557466926088901 -0.006469625181801293 0.9999775106305198 -0.0017669700607951507 0.01698737158278643 -0.03353315833100081 0.0015490620772223448 0.9994364050298693 0.19459126237059443
0.9981723903582129 0.00826061235568042 0.05986352320136669 0.02621712333251605 -0.008188603215682464 0.9999654242765905 -0.0014481121207667732 0.020215526010024503 -0.059873415669623384 0.0009552668985036781 0.9982055207026281 0.325784102564829
0.9962546309421418 0.009756761632977765 0.08591574901479916 0.04805923105914675 -0.009732303707464944 0.9999523925202264 -0.0007035322457344608 0.0251608399250407 -0.08591852297893844 -0.00013526090483627606 0.9963021575373634 0.4975508275204749
0.9930122082171062 0.008641161101765427 0.11769487952583205 0.08795568801892929 -0.008720076322739367 0.9999619673102111 0.00015556997868608718 0.03145692465033231 -0.11768905896774084 -0.0011807912203282294 0.9930497928761588 0.6915231874038308
0.9882389367605323 0.007675026894142186 0.1527249090115515 0.13628612837439696 -0.007734602175041024 0.9999700667002545 -0.00020404088458817322 0.034544499600906935 -0.15272190347034814 -0.000979625266582594 0.988268718787927 0.8785378049316224
0.981838708375695 0.009062541681509417 0.18950097908300562 0.1862154709145453 -0.009302194702288357 0.9999566632501582 0.0003752270383534646 0.04053549783157107 -0.1894893662158052 -0.0021311874343889945 0.9818804602044242 1.0731264337004194
0.9736925783956294 0.009409621531749708 0.22767130209997985 0.25083248732523933 -0.009964021696302788 0.9999495311786533 0.0012858332812310973 0.047537695770034194 -0.2276477125931791 -0.0035205281167385253 0.9737371949519401 1.2878222697949222
0.9643893955271329 0.006485674929890439 0.2644069398021075 0.33420506018553975 -0.00792433050456958 0.9999590321567733 0.004374813612487359 0.051859554964594566 -0.26436773400108016 -0.006314271833984289 0.9644012812052569 1.5228287282323747
0.953373883390702 0.0005906132489323288 0.3017911357951429 0.434157329515078 -0.0033267233831158595 0.9999578942413497 0.008552347978061281 0.05189163035936617 -0.30177337752039096 -0.009157560832219696 0.9533357056669701 1.7534574449188063
0.9408823722036687 -0.0023670558922197537 0.3387251964687607 0.532009966261452 -0.0014762439222297228 0.9999374334226996 0.011088279573791429 0.0548125825707924 -0.3387302501700719 -0.01093280780163944 0.9408200100621229 1.967511740164968
0.9247194653093825 -0.0023450890024904994 0.3806421036032406 0.6570263981162769 -0.0031967724172712627 0.9998979130565789 0.013926381842042552 0.0630063114554205 -0.3806359036192486 -0.014094822548318831 0.9246175668098079 2.215800486035897
0.9065743818102567 -0.004535342381604718 0.42202170668679206 0.8120813224505814 -0.0034632804074776497 0.9998286487297244 0.018184577754590887 0.0664579612928026 -0.42203186601744935 -0.017947251844647422 0.9064033319759227 2.493831853604854
0.8858107669041712 -0.009037196677057173 0.46395863426911704 0.989738031433993 -0.0010776036229682515 0.9997675931629442 0.021531336038564546 0.07210018935605998 -0.46404539002890216 -0.01957265279398808 0.8855951599097243 2.7828181358884665
0.8630298578558198 -0.012024211999473306 0.5050097848311014 1.1592572184296388 -3.804293187289944e-05 0.9997151158517399 0.02386808937216398 0.0761488389587315 -0.50515291051532 -0.020618085830988158 0.8627835368935636 3.020339486665612
0.8381574355590684 -0.015980073142555853 0.5451942318838348 1.3525676991454427 0.0015417232673346926 0.9996361343251775 0.02692994691384675 0.08325423643885005 -0.5454261969381495 -0.021730996612539667 0.8378770956887488 3.266134345460059
0.8104400013750778 -0.01840871957296476 0.585532341732588 1.5693762086420247 0.0014514749981734097 0.9995661828531077 0.02941665033271979 0.09070399876495046 -0.5858198506294352 -0.02299054458145282 0.8101151384021623 3.528324950643637
0.7808252286268382 -0.020810928192551315 0.6244028087762022 1.7950925509112943 0.0017144199230140437 0.9995126527287664 0.0311691802816835 0.10040409402883527 -0.6247471673438573 -0.023267193704204804 0.7804803742522664 3.77233328460681
0.7489083059280992 -0.019765400060384162 0.6623788027045837 2.054937246578561 -0.002234386183400515 0.9994740846194808 0.032350605750659595 0.1151986257089467 -0.6626698701693688 -0.025707647393414797 0.7484702799946087 4.0392269357778705
0.7159962126095709 -0.021166366640092815 0.6977832102107412 2.3269788660487887 -0.004058290714032561 0.9993971599708169 0.034479659492895255 0.12434075332346248 -0.6980923676743863 -0.02751911273138672 0.7154786821626811 4.284597651367437
0.6838605881607192 -0.0210970414667867 0.729307624258669 2.611877994097265 -0.006586473808672155 0.9993626242419893 0.03508509129148815 0.137550959234669 -0.7295829728846767 -0.02879687673191425 0.6832857568889052 4.518185063394115
0.6507807261512756 -0.02221740781972979 0.7589405992960124 2.923100938041793 -0.007858947782593287 0.9993211292078921 0.035993300187873035 0.14865968318067196 -0.7592250545192573 -0.029388220572802274 0.6501643246763047 4.762819292258122
0.6199874143472852 -0.02178517926323715 0.7843092578922146 3.2517308759715178 -0.010402806020270454 0.9992983619120933 0.035980070965904845 0.16476145442568088 -0.7845427889400758 -0.030466208235938156 0.6193257805693642 5.00865304505005
0.5923134443493345 -0.020936463503197514 0.8054355642377653 3.584216045857419 -0.011530531530195674 0.9993396871826117 0.0344562978915491 0.18142631248260196 -0.8056251178343803 -0.029696028652654655 0.5916809236375647 5.248386135891836
0.5619857924521545 -0.020360311153158905 0.8268962612151967 3.9871142491403346 -0.01142079237080024 0.9994107005108994 0.03237000472562083 0.19577671026309604 -0.8270680350391661 -0.027635293268937763 0.5614220836254954 5.508659453922242
0.5354665658375114 -0.018201405002922496 0.8443602701016326 4.371199602602676 -0.011249967001699399 0.9995253184877178 0.028680584800301497 0.21221809208052786 -0.8444814948313806 -0.024856519425418323 0.5350076245525955 5.748274165916762
0.5130511941387284 -0.017109481956502446 0.8581874724208024 4.793955311203365 -0.010998071646777657 0.9995882174766976 0.026503545080065926 0.22926177382317225 -0.858287547744273 -0.023036082760288446 0.5126517573150255 5.996879909583841
0.49225501003467304 -0.016337633438528152 0.8702977001172603 5.275314047825608 -0.011320308696144515 0.9996191318063006 0.02516827244453946 0.24707655018210567 -0.8703774214137154 -0.022241246827614143 0.4918825787042728 6.267920316803373
0.4763838196629041 -0.015763247835181148 0.8790961132783313 5.764109114986298 -0.011402515347323441 0.9996444298795433 0.02410386804140444 0.2621607652818199 -0.8791634882131627 -0.021506599649643406 0.47603469113539854 6.531512023638248
0.4640255162847557 -0.016452358362332924 0.8856690353292156 6.277662425877817 -0.010650022151505727 0.9996516274446572 0.02414955021155837 0.2782212119723545 -0.8857578095985597 -0.02063840235012186 0.46368864454889996 6.794329650805471
0.45459643959765106 -0.01720422002032921 0.8905313536976853 6.820752370684149 -0.011669595369367998 0.9996125832803054 0.025268634541466172 0.2936880525650132 -0.890621074110115 -0.021879171857432263 0.45421955504995437 7.071254696507803
0.4480438741498621 -0.017542071164505478 0.8938394501117313 7.364469663101889 -0.013709856307799341 0.9995550882625523 0.026488966919473 0.3057864342714077 -0.8939064417917584 -0.024122629784102435 0.44760403489635464 7.349943546694147
0.4386322713555183 -0.01870610887544934 0.8984719316796931 7.932641652642319 -0.01466442900085983 0.999501229448077 0.027968676297991067 0.32058926687334927 -0.8985469854423741 -0.025443541862777308 0.43813918008995656 7.629470053979387
0.4265227173823561 -0.019444977174562766 0.9042678056966594 8.540666125525421 -0.01623919563728651 0.9994430915947692 0.029151246775113687 0.33341302768445086 -0.9043310566832395 -0.027118250794812976 0.4259694125075237 7.9267780262050636
0.4155401696531357 -0.019709009917896893 0.9093612716256944 9.134029965222865 -0.01728850328494236 0.9994134590658021 0.029560877732151852 0.34618426831289834 -0.9094105096483162 -0.028005227479614155 0.414955699051122 8.198933197170179
0.4054515877188491 -0.02028153956906109 0.9138914974814971 9.818385701866077 -0.017826309832709157 0.999388291190756 0.03008764046197774 0.3624025220662277 -0.9139426856723636 -0.028490394583606464 0.40484202440267697 8.5082824026586
0.39412823771848493 -0.021471240757148177 0.9188046136438748 10.498577420078362 -0.01978515365946004 0.9992971583557713 0.03183923674889378 0.3835158460165263 -0.9188424674162556 -0.030727432734108003 0.3934264161822104 8.807653685814985
0.38391738424254496 -0.023532853319113176 0.9230675202232085 11.16226909433886 -0.021863593263631003 0.9991632290104648 0.03456624195633644 0.40577908908503735 -0.9231085664026549 -0.033452154012000315 0.38308162057973083 9.090129579741905
0.372009626806365 -0.02604238658947232 0.9278634768456583 11.87301668927846 -0.02202396293159846 0.9990773024098984 0.03687124714662915 0.4221243130649193 -0.9279675547238581 -0.0341516897105356 0.3710928178633193 9.37382257551111
0.36095432662877625 -0.02656416269121669 0.932205084382445 12.599877342925689 -0.024342827978354638 0.9989852665618217 0.03789279507271162 0.43872325141867763 -0.9322657350852186 -0.03637007633922226 0.3599414073611096 9.65739758504615
0.348000440100968 -0.02645379835063211 0.9371210648802837 13.315257407557851 -0.025783305506583056 0.9989536292858108 0.03777390228532502 0.4558559527374264 -0.9371397520363156 -0.03730741333208686 0.3469542362672374 9.923215917502024
0.33494065420674074 -0.02437737657519238 0.941923830079095 14.022324348265322 -0.028092835890745217 0.9989624923523923 0.03584315059690209 0.47707407651920536 -0.941820338881666 -0.03846663988975131 0.33390832107693275 10.179603124586814
0.3193599317890257 -0.0228492626886863 0.947357981526673 14.719782709836526 -0.02917725224682632 0.9989981996216387 0.033930592450613264 0.49771880406299673 -0.9471842069624228 -0.03847737448563705 0.3183733181874043 10.419133173636276
0.29974036544348087 -0.020696697129530407 0.9537962885499908 15.445762629717686 -0.0323220161626341 0.9989703968091898 0.03183447141186188 0.51385623870506 -0.9534731252610066 -0.040370695149064745 0.29876279282767176 10.65073503555514
0.27873184878454377 -0.018604697523791215 0.9601887427496734 16.157658657393537 -0.03636161157193488 0.998890998893097 0.029909957108674272 0.529997275957132 -0.9596803580760846 -0.04325086774157532 0.2777462380709392 10.86729880262234
0.25359187025430513 -0.017781311677704095 0.9671478626848866 16.88202573332176 -0.04011480676733668 0.9987775929282072 0.028881172804373273 0.5474806929314896 -0.9664791594333233 -0.04612098025364568 0.25256858387673614 11.071275757542614
0.22135986306773087 -0.017820671769597736 0.9750293506763352 17.621260849557913 -0.04274074207628154 0.9986949773527285 0.027956594520831272 0.5610333790912243 -0.9742551205866996 -0.0478619459290328 0.2203093146975001 11.246263860933606
0.18960486844122787 -0.017894884612583047 0.9816973907310172 18.360893860319347 -0.04373316468332018 0.9986877006242869 0.026651208763521804 0.5768765307398471 -0.9808860301636305 -0.04798593258943253 0.1885734501549891 11.391396955779314
0.15572359637259986 -0.01714211523055917 0.9876519171338687 19.097619278759467 -0.044187403014498625 0.9987276482114116 0.02430140146036426 0.5895966144442069 -0.9868118538746979 -0.04742607493273872 0.15476799562201599 11.506628035919011
0.1225334435440586 -0.015735022647786368 0.992339641592287 19.866526332224147 -0.045497975973767604 0.9987340184869586 0.021454475038602587 0.6021609871550642 -0.9914209446020018 -0.047778335876893056 0.12166240678742679 11.606586750582991
0.0906179918651901 -0.013845936370536518 0.9957894705189162 20.597327124655603 -0.04828318933071188 0.9986664026759691 0.018279764612648783 0.6131573876573834 -0.9947145888034291 -0.049736367099560766 0.08982861798649006 11.682247917743716
0.057366512348995535 -0.011324307147839403 0.9982889578316161 21.35953281538066 -0.0478112505398741 0.9987571877179753 0.014077084339259627 0.6170548992949453 -0.9972076852806171 -0.0485369967066632 0.056753787256635435 11.725894165817872
0.026229915734983178 -0.00959205799151542 0.9996099158892049 22.094023631285854 -0.04489576736629592 0.9989336885447044 0.010763640790321171 0.6204468812159647 -0.9986472658517258 -0.045160583631736126 0.025771303671212442 11.738358856030493
-0.0054853402504487225 -0.006203589802076862 0.9999657126701419 22.82625342740261 -0.04158584012544435 0.9991170975191184 0.005970204856944661 0.6187835981754259 -0.9991198771635955 -0.041551665653021305 -0.005738478723646134 11.726026863906142
-0.03657822332340027 -0.00383510074323069 0.9993234339195657 23.551062460818375 -0.039762011631403 0.9992063458735123 0.0023792429735522425 0.6154402271058058 -0.9985394413890357 -0.03964808152221614 -0.0367016841858801 11.692465802775848
-0.06491156399139675 -0.0011348530670757806 0.99789037522601 24.238371273339432 -0.03501337342152327 0.9993861924937099 -0.0011410234750518777 0.6089626275076729 -0.9972765677292512 -0.035013573959848776 -0.06491145582038993 11.64032674928986
-0.09414863289102182 0.004496101914656452 0.9955479998434655 24.976863904868473 -0.031491518079075055 0.9994759399176215 -0.0074919833730741694 0.5962590376692253 -0.9950599575974441 -0.0320566778278747 -0.09395770427598238 11.56264837368449
-0.117815778992925 0.01290343640496362 0.9929516320290901 25.745582774301305 -0.029786043568927334 0.9994197447353614 -0.01652166582447137 0.578930892974928 -0.9925886528813437 -0.03152261350282686 -0.11736307344795976 11.471473300038832
-0.13836943313838168 0.02433415379410073 0.9900816880096753 26.46968079753732 -0.030973618595927687 0.999102754641169 -0.02888460869567297 0.5640972230053445 -0.9898962243205279 -0.03466315951486819 -0.13749156500822102 11.371071669677391
-0.16172310908187842 0.03567815760396412 0.9861910084050035 27.22448445174971 -0.032614393139421646 0.9986070637472044 -0.041475698840820044 0.5373760698001984 -0.9862970837171924 -0.03887160022656454 -0.16033421764173744 11.257464108559075
-0.18491067130670297 0.043441142098962805 0.9817947396528678 27.979556309174004 -0.029920837270040225 0.9983105667633385 -0.04980718608516248 0.5023730452566106 -0.9822997440363938 -0.03858600085264023 -0.1832984817292162 11.118269207355825
-0.20997045862730995 0.0473320269182581 0.9765613578939353 28.714373105763183 -0.027928541163086094 0.9981295311505931 -0.054382309932543074 0.4622605555285818 -0.9773087552520642 -0.03869261263996859 -0.20825580096303292 10.961420358210717
-0.23276591192650797 0.04763210878984031 0.9713656430290573 29.407771423366235 -0.02648650323495355 0.9981189224719458 -0.05529088306245939 0.4263648442793636 -0.9721720503035488 -0.03859791206366713 -0.23106645319673613 10.800765747754673
-0.25195397004548975 0.044219995707310285 0.9667283946165859 30.104991019941718 -0.0247861020499967 0.998332899337993 -0.052125533518261526 0.3830655066423242 -0.9674217519383586 -0.037094663754261424 -0.25043789608897987 10.626270007302615
-0.2697922032728231 0.04326569241165753 0.9619460727677701 30.792487270587973 -0.020565759437473734 0.9985032793595521 -0.050677910838756085 0.3372497931884617 -0.9626989231280755 -0.03345565674681625 -0.26849860789151886 10.434164587393061
-0.2843070757993883 0.04383056542561661 0.9577308432878582 31.49139635855688 -0.01924941310313634 0.9984920843671525 -0.05141028643495721 0.29228254942704407 -0.9585400079003412 -0.03305206484639474 -0.28303465205483935 10.229809199764318
-0.2946759242404639 0.04643802014450647 0.9544682341273001 32.19346875165825 -0.018171549674986177 0.9983656126086731 -0.05418393067061939 0.24531801394396752 -0.9554244577440112 -0.03331086677898656 -0.29335045883549377 10.018009137602219
-0.30309001599697893 0.0482388815333217 0.9517402232286735 32.90923597525345 -0.018404976020746804 0.9982353913669275 -0.05645671156020927 0.19635461738904997 -0.9527841828350357 -0.0346282215964246 -0.30166734528026407 9.791389696260914
-0.3103079161124831 0.049588800625829425 0.949341849941537 33.61643278315863 -0.02357395239757975 0.9979300379742702 -0.05983233304015649 0.14803311943753794 -0.9503437619968286 -0.04094618616139112 -0.30849658648444045 9.570252439151085
-0.32018216029062174 0.049047121710595415 0.9460854951237424 34.314613706048256 -0.02399541546115523 0.997918633884682 -0.05985499296279791 0.09715647781809204 -0.9470520599568312 -0.041866215468275556 -0.318338837928844 9.33674576529199
-0.32859341620399796 0.049486207263010715 0.94317415259225 35.02213090903151 -0.023642318740860063 0.9978824983033107 -0.060593401823129195 0.045618739720059705 -0.9441755173652525 -0.04220941684821013 -0.3267276504022766 9.094535125537252
-0.3358292574441461 0.05057969952289691 0.940563875470819 35.71008940474198 -0.02283046637792499 0.9978267418092848 -0.0618107040506157 -0.004891135555696924 -0.9416461541627403 -0.04223135477864552 -0.33394465563036085 8.851689193337087
-0.34311027874629546 0.05245095635150976 0.9378295334422198 36.418343712568124 -0.023913535678054265 0.9976282764796018 -0.06454428541484995 -0.0552090441538455 -0.9389906705766644 -0.04457262776807313 -0.3410422282120425 8.597305437912423
-0.345227025272755 0.052030869500784116 0.9370758185122042 37.14488790291266 -0.02781766288544552 0.9974560904160676 -0.0656317402137535 -0.10723567367395612 -0.9381068588667908 -0.048725109654943775 -0.3429014217471216 8.346087252588646
-0.3450519147422715 0.05175865705528161 0.9371553860233244 37.848048018996025 -0.02755099305039148 0.9974895238343576 -0.0652349034079453 -0.1577557661126972 -0.9381791507567356 -0.0483289898564042 -0.342759667733574 8.097752597010434
-0.3449031998153717 0.050058927261667364 0.9373024520177727 38.58793635849256 -0.031955156568942454 0.9973718059566885 -0.06502575375456016 -0.2127658148415484 -0.9380941587739328 -0.05237923714703581 -0.34239708642177796 7.838984065320173
-0.3423389814721317 0.0495505697731715 0.9382690247470488 39.332310602854214 -0.03642803678042206 0.997157644156511 -0.06595173111118119 -0.26418305583096985 -0.93887007615588 -0.05675714699834188 -0.3395609022895022 7.5840850226667955
-0.3379537587037559 0.04927479740594532 0.9398719334667923 40.05578593840203 -0.04052641230065413 0.9969403991678827 -0.0668389887193109 -0.3110321676668455 -0.940289778145036 -0.06067812495113725 -0.33492282434670406 7.340486766086394
-0.3342245699078395 0.04883558713181122 0.9412274020126119 40.84520206697347 -0.04390106398011583 0.9967660546668231 -0.06730623184631342 -0.3698605595794656 -0.9414704633982596 -0.06381628078654532 -0.3309997716845728 7.072640428060417
-0.33129813322803375 0.047671254502265246 0.9423210697070297 41.64771694080096 -0.048536479029253364 0.9965394492652611 -0.06747841330035624 -0.42716197364092756 -0.942276900450745 -0.06809241919825658 -0.3278378643852264 6.804598435576818
-0.3311457571932681 0.04671693680806879 0.9424224187211213 42.45679574868918 -0.05235136727370694 0.9963255774879178 -0.06778405408310198 -0.48512479050366697 -0.9421262239410763 -0.07178350408442288 -0.32748329225151473 6.534815779028035
-0.33187819552785486 0.04555818874989495 0.9422214786190156 43.27583013538695 -0.056244211074324243 0.9961004445757227 -0.06797420861381856 -0.5487417529888282 -0.9416440155673492 -0.07555366141939787 -0.3280216337260717 6.264014608210818
-0.3338272244206513 0.044995792607447606 0.941559750033545 44.10418769819474 -0.05845272478096563 0.9959496769618075 -0.06831925003505104 -0.6107048418296556 -0.940820207691823 -0.07784355854724717 -0.32984498964121994 5.981299644931999
-0.3363278360718517 0.045201758852177816 0.9406595492950123 44.9478827466676 -0.05948293361197598 0.9958333640482832 -0.06912084820944449 -0.6750530836478112 -0.939864547311015 -0.07920045482791983 -0.33223774719756294 5.692953752657763
-0.3363750512333219 0.043721009210506104 0.9407126544601145 45.83208326270789 -0.061444071772517 0.9957742902650559 -0.06825092593611988 -0.7450677058085997 -0.9397214751998562 -0.08075912456644625 -0.33226723107683576 5.3849024540309065
-0.33725289402809056 0.0436013093681555 0.9404038554212016 46.70167437687686 -0.06300442252820294 0.9956419355775354 -0.068757391321274 -0.8137999364884583 -0.9393034271264881 -0.08243823106303001 -0.3330360488710393 5.08176286756564
-0.3389463187319058 0.04255838802242092 0.9398426339696568 47.59141550885063 -0.06525894179319608 0.9955065941913082 -0.06861407608978282 -0.8856768759649837 -0.9385396440929501 -0.0845896242488127 -0.33464598000771356 4.769345578226269
-0.3394427593688674 0.04241754124427255 0.9396698171734791 48.504120048043504 -0.0673774138157195 0.9953201075625651 -0.06926880675419 -0.9600285831577927 -0.9382104759698403 -0.08682531702467008 -0.33499621953689435 4.4518090822007705
-0.3399883704135785 0.04164347623086128 0.9395071734004636 49.42706053614489 -0.0679280372016684 0.9953221578293108 -0.06869922776810039 -1.040984406847664 -0.9379731817837054 -0.08717581672352875 -0.3355691988742971 4.1270064969641895
-0.3382838026003566 0.04107557590517481 0.940147257594416 50.32536932199615 -0.07227805519662694 0.9949616847119355 -0.06947754091921005 -1.1144760576595827 -0.938264329299178 -0.0914551421148389 -0.33361055940350315 3.8166667478585943
-0.3381323339160976 0.040296525171448896 0.9402354571167585 51.197742292846975 -0.07459583031066008 0.994791736727543 -0.06946123119310664 -1.1877399255088572 -0.9381375095692083 -0.0936247328311584 -0.33336529894633343 3.5158409276233438
-0.33728695361822536 0.03918837003778379 0.940585871982308 52.109478589476986 -0.07368494876927832 0.9949689622911329 -0.06787703884359475 -1.264301987979093 -0.9385137395072093 -0.09220106144230536 -0.33270245719727753 3.194808156855652
-0.33572350857862876 0.03760106194768069 0.9412097991032937 53.014872067053446 -0.0744148834570267 0.9950213632481559 -0.06629413096088536 -1.3448330085292912 -0.9390165871313099 -0.09229651575324262 -0.33125398453766386 2.8802819730444464
-0.3338883332521175 0.037513015248818476 0.9418658899254528 53.88667288794822 -0.07544109304105932 0.9949389955709798 -0.06637044954631838 -1.4206203300729785 -0.9395888581708989 -0.0932157110102802 -0.3293685000450935 2.581174301768598
-0.3326472932914323 0.037173128561581455 0.9423183839758343 54.80645540833755 -0.07735095583773355 0.9947804547799116 -0.06654830139726689 -1.4963203732173285 -0.9398737191223473 -0.09502634003694249 -0.3280356486760404 2.2707478644258177
-0.33010796927051345 0.037493373317741184 0.943198269496586 55.69689245180235 -0.07992575028335147 0.9945123351555939 -0.06750621945429365 -1.5742716122611309 -0.940553349399034 -0.09767017037265986 -0.325299761379615 1.971300504253759
-0.330623885946454 0.037781229413729966 0.9430060576399568 56.57946296875441 -0.08429247025142521 0.9940228263223619 -0.06937867258038422 -1.6515809754796362 -0.9399907581995575 -0.10242655639086315 -0.32546301640175723 1.6762638256819449
-0.33161626125352206 0.03984889484464734 0.9425723955494858 57.48194057739393 -0.08813420038929376 0.9934296300694767 -0.07300638891057892 -1.7280618303696023 -0.9392885701391112 -0.10728297012892182 -0.3259253692585793 1.3716238837368095
-0.33457257033929 0.0390655269593726 0.9415599183163799 58.37180357799819 -0.09199540555328733 0.993014163638118 -0.07388989221250515 -1.8083692267551554 -0.9378688823783672 -0.11134071769786637 -0.328641452115945 1.0694763182630085
-0.33820259955531534 0.03877047205458442 0.9402743494059017 59.27371814063612 -0.09221613373719753 0.9929771127689699 -0.07411233497578884 -1.8914686936934886 -0.9365442788958728 -0.11177344950239712 -0.33225217780135724 0.7516038578382293
-0.34279358797697024 0.037740460167987544 0.9386523391054772 60.14726642380412 -0.09100824591923609 0.9931585696511541 -0.07316798960732436 -1.9750351931613233 -0.9349920081030528 -0.11050662059253384 -0.33701369644072143 0.4445017508997465
-0.3468570944163184 0.03692256028456119 0.9371909520450473 61.00373634006342 -0.09276476585609138 0.992975017196575 -0.07345279735398985 -2.0538830373389168 -0.9333192670617777 -0.11241592309586174 -0.34099531663319305 0.14472613559653102
-0.3506151861767045 0.038424439088922145 0.9357310263654705 61.878652264188084 -0.09344741874081022 0.9927361268563274 -0.07577969625815298 -2.1405093559815254 -0.9318457872164013 -0.11401116136150868 -0.34447769729264854 -0.16558887345407552
-0.3541534009297319 0.040746338323867246 0.9342992585478711 62.71923093172278 -0.09414810300273461 0.9924213207026261 -0.07896870846000913 -2.219316489971759 -0.9304361898114728 -0.11592953949728425 -0.34763319542451143 -0.4754068163554561
-0.358658512775058 0.0429134765362678 0.9324819058542397 63.531874604844646 -0.09503370112347027 0.9920737628308661 -0.08220854428453137 -2.2984610911133463 -0.9286186875487479 -0.11810200097448825 -0.35173747383675724 -0.7758421371301589
-0.3612736229925845 0.04410009321089606 0.9314164219663524 64.33741232489402 -0.09673199361249163 0.9917191414386424 -0.08447523847823751 -2.377628408000456 -0.9274288602052262 -0.12061644283841447 -0.3540160772838469 -1.0758352711386625
-0.36267484136710015 0.04429217262523644 0.9308625907637956 65.14796200160345 -0.09673898647389556 0.991684171688882 -0.08487680553449264 -2.4634210858947863 -0.9268810754003735 -0.12083338555992248 -0.3553741197650371 -1.3810217108494311
-0.36454835406432623 0.03995389517184007 0.9303269230811224 65.9996751556861 -0.0950274114893971 0.9922669489413163 -0.07985044210470346 -2.5477969596015857 -0.9263229936769442 -0.1175159065798729 -0.3579325677918888 -1.7036505480939073
-0.36507033181036225 0.03525988106428357 0.9303119872490115 66.7940087547532 -0.09236601610634518 0.9929804145298948 -0.07388108979083222 -2.627459720540292 -0.9263866211795779 -0.11290100596261846 -0.35925087467132827 -2.007360555242861
-0.36540683360412546 0.032752640367034874 0.9302715251497248 67.59331997417154 -0.09240205804212759 0.993168441348262 -0.07126223950623117 -2.7096522791790796 -0.9262503471659197 -0.11199871275533416 -0.3598841240123852 -2.3101535959570687
-0.36450871479456054 0.03752896064889734 0.9304434286679827 68.41149202544607 -0.0917540977023991 0.992877790216895 -0.0759926262793575 -2.789823826886461 -0.9266685396589421 -0.11307197179950924 -0.35846917133797535 -2.625637794131011
-0.36313641848747297 0.042050987004652214 0.930786579222125 69.20315973668261 -0.09255984907949888 0.9924113918575186 -0.08094630102606945 -2.870023080553754 -0.9271270764606496 -0.11554801514243865 -0.3564884854945129 -2.927175640100572
-0.3623133003282587 0.04563993039760736 0.9309382735490827 70.01990192541983 -0.08921288844420669 0.9925164373578617 -0.08337974640102583 -2.9538599619793278 -0.9277769844853269 -0.1132612834456656 -0.3555302360300091 -3.2417837792134208
-0.35922179081926164 0.04691948545983174 0.9320720288072094 70.81088322890551 -0.08778384432794703 0.9926085590422532 -0.08379883764747927 -3.032924874906741 -0.9291144717824652 -0.11192323440754588 -0.3524478513541318 -3.542461150711774
-0.3543358636659808 0.046743671766238636 0.933949208934776 71.58838976019243 -0.08846501899635167 0.9925949320114689 -0.08324206484177785 -3.1115704091661955 -0.9309242913008869 -0.1121174834490935 -0.3475768026939998 -3.8279363539660305
-0.3507716834465299 0.04453300743546551 0.9354015380256974 72.39935643066288 -0.09090292255856464 0.9925322560720296 -0.08134112936810466 -3.1884524200698694 -0.9320385639888508 -0.11356289845420427 -0.3441040298111621 -4.116552747008887
-0.3472619516616134 0.04054047691036983 0.9368914593804597 73.21356746382527 -0.09341992685131634 0.992599846549326 -0.07757745740451646 -3.2685360185630747 -0.9331033459350911 -0.11446403086618359 -0.3409048715442527 -4.398836566433417
-0.34668177392307387 0.0376871876947216 0.9372253856534265 74.01050887555427 -0.09793819440429957 0.9922764596559976 -0.07612842891709612 -3.345353341321031 -0.9328557539654116 -0.11818250080372542 -0.3403131481406516 -4.670306502309451
-0.3446967112120011 0.03621151573734087 0.9380154068071774 74.81665983356841 -0.10351295184254826 0.9916955153111202 -0.07632217051849369 -3.4169701439633435 -0.9329894137022524 -0.12340474480268601 -0.3380858217667687 -4.94462760544597
-0.3409942389595431 0.03539336501070849 0.9393988709326946 75.58929477631845 -0.10419735473768058 0.9917105485864555 -0.07518709389264723 -3.4920780927536215 -0.9342728938923961 -0.12352124325625351 -0.3344796887740083 -5.207998687389582
-0.33890702475864004 0.03736008563442172 0.9400777907017243 76.36843181978901 -0.10241568518835731 0.9918082341595276 -0.07633776313698484 -3.56990124328244 -0.9352288789364053 -0.12215011524655961 -0.33230451900118124 -5.475941292309461
-0.3348804024435795 0.03828015346169896 0.9414827379778001 77.18959556942741 -0.10398355994533334 0.991570296252684 -0.07730308435282271 -3.649192769020979 -0.9365054913455242 -0.12378601472021439 -0.32807695322799707 -5.751727451765255
-0.3290522227599395 0.039064275155796115 0.9435033741875518 77.96706424510232 -0.10214166919295795 0.9918095645936953 -0.07668681108861508 -3.722631253634821 -0.9387713854348243 -0.12160497517378491 -0.3223670515138972 -6.015922224096405
-0.3226899276434504 0.03976733170336823 0.9456689536654246 78.76891633210028 -0.09999656581829837 0.9920931312567767 -0.07584131946156322 -3.798226446303987 -0.9412076802820999 -0.11903687765696164 -0.3161618641387195 -6.278670897467294
-0.31368668896784363 0.04010476277406153 0.9486792235351356 79.55947764467633 -0.10495726654517162 0.9915206762312363 -0.07662062911068804 -3.8655611119083906 -0.9437079174001652 -0.12360564958280856 -0.3068175516939258 -6.52783374012154
-0.30468547948617364 0.03952789372191753 0.9516324417589962 80.37665853322545 -0.1080107731599475 0.9912591627864958 -0.07575582534172362 -3.9402029884768237 -0.9463088457114152 -0.12586825576659177 -0.29775283494637794 -6.777267610154071
-0.2933070830333929 0.037609830083437996 0.9552782085463573 81.17967034595786 -0.11025368695561305 0.9912280374949453 -0.07287730920261426 -4.0099803873339654 -0.9496394471351411 -0.12669837554213031 -0.2865875818660838 -7.013457427219458
-0.28212869388998196 0.036074085105092274 0.9586981070533954 81.93572017790916 -0.1150012570804172 0.9908157586327188 -0.0711255461490023 -4.0769274536003515 -0.9524589812447867 -0.1303180449089865 -0.27538899073354906 -7.224910121837343
-0.2703251493569338 0.03618715312337131 0.962088771150551 82.72222148325156 -0.11681866302041471 0.990677229642924 -0.07008585190424721 -4.145489682295914 -0.9556556459286338 -0.13133589233658466 -0.26357763522134964 -7.442524070486455
-0.2570846815280497 0.03668374555879695 0.9656923782113013 83.49717686890442 -0.11752504596933544 0.9906754710814154 -0.06892005925361569 -4.215860054602438 -0.9592159976217699 -0.13121133262563014 -0.2503762290974912 -7.642867807352725
-0.24519810891639804 0.038996719781269465 0.9686883622869245 84.25737658306058 -0.1182854047696101 0.9905221921618252 -0.06981654426725781 -4.285346161485876 -0.9622299363469795 -0.13170057965412915 -0.23826142557378993 -7.829915354159562
-0.23363843135848383 0.04552498321687782 0.9712572055307751 85.04595459434998 -0.11800622068146027 0.9901917054528182 -0.07479918671294601 -4.358072984745874 -0.9651360604975994 -0.13209035678482609 -0.2259746055901677 -8.014528023166003
-0.22040762112112755 0.048124483783189995 0.9742199518652483 85.8640238694233 -0.12318233933499191 0.9894122044884621 -0.07674373515304238 -4.429787092509781 -0.9675983628694729 -0.13692159679861643 -0.2121459038078103 -8.189415608690009
-0.20914375667846735 0.0465661972489272 0.9767755516576938 86.69739032436487 -0.12676224993701474 0.9891466827853777 -0.07429785949534147 -4.49948521948969 -0.9696340655284982 -0.1393572000596227 -0.20097101720949323 -8.356294962179723
-0.1959306325827378 0.04394838682725538 0.9796324445989987 87.50382813363215 -0.12768685250687822 0.9893467377325569 -0.06992210119006811 -4.56814974549674 -0.9722691267918647 -0.13878606498214915 -0.18823170098088082 -8.506463469696136
-0.18508541848929239 0.04538222961970175 0.9816739993996931 88.27507019153161 -0.13037857960066276 0.9889687450319498 -0.07030111898998918 -4.634035783654924 -0.9740353247413348 -0.1410009737011615 -0.17712682341014074 -8.633294982699875
-0.17812120366186351 0.05023062800941081 0.9827256589790608 89.0925470948801 -0.1335338522284922 0.9882238531855931 -0.07471496706844513 -4.704829125518073 -0.974905917058189 -0.14453546279304547 -0.16931613295882947 -8.765226276561242
-0.17384074341350236 0.0562512952045131 0.9831659004040243 89.93574702248874 -0.13695457128736388 0.9872844027979519 -0.08070287104797466 -4.783231256868767 -0.9752039998548692 -0.14867851149277217 -0.16392638252385866 -8.893535906301295
-0.1711658613540084 0.0585844064237618 0.9834989147075435 90.73840667236966 -0.1407158911517579 0.9865432279902919 -0.08325561412818575 -4.860204813721276 -0.9751416747756743 -0.15264444513466657 -0.16061876442440576 -9.012159676964266
-0.17047190801938755 0.05813779828226981 0.9836459347687663 91.55350158808076 -0.1450321761047382 0.9859051966560692 -0.08340630132599186 -4.938454743853149 -0.974630697480104 -0.15687874176397532 -0.15963728860137377 -9.134291493435978
-0.16796870956697496 0.05863756782298508 0.9840468221818565 92.34428320985975 -0.149473544157158 0.9851725204433653 -0.08421855235258649 -5.0120098444931145 -0.9743942591187119 -0.16123504768837338 -0.15671339187645905 -9.250904727372085
-0.16548761595707973 0.05606402012659996 0.9846170192577857 93.12287240917566 -0.15504026473088267 0.9844895462156553 -0.0821148567816519 -5.0861417970223535 -0.9739488514686079 -0.16624427520771226 -0.1542286474155905 -9.361096654307845
-0.16225494808169144 0.05304602512727606 0.985322003733401 93.89120199549016 -0.15782767957730803 0.9843030175851959 -0.07898096689658843 -5.158804496589044 -0.9740450479224512 -0.16832613816895406 -0.1513359039583006 -9.47026127136103
-0.16015333845594365 0.05065698605244197 0.9857914474905426 94.63681626094244 -0.1598697861216648 0.9841658073231678 -0.07654616372719772 -5.225581473937052 -0.9740598337201004 -0.16985739153778534 -0.14951891811122214 -9.572950105379185
-0.1592003104567452 0.0505756112977776 0.9859499828552826 95.40605990470794 -0.16625820198266045 0.9830499419687575 -0.07727238749201051 -5.293540057877898 -0.9731461716638302 -0.1762240594728162 -0.14809324575736915 -9.67475708255268
-0.15667898309422074 0.05133037066194145 0.9863148023345635 96.16752543869144 -0.17501802217186457 0.9814006066712213 -0.07887674651256854 -5.362859134866158 -0.9720187180150442 -0.18498119437679866 -0.14478110911069647 -9.771013805032476
-0.1524909493869427 0.05256670508631968 0.9869058981845419 96.93394499058935 -0.17758099930102828 0.9808748185204519 -0.0796842461200416 -5.438076046044246 -0.9722198820443438 -0.18740686195771772 -0.14023968428673778 -9.872103063421294
-0.14890479642660565 0.05396660664581111 0.9873778238183637 97.75232516942519 -0.1792526981845735 0.9804939452653785 -0.0806231572904699 -5.518484507484573 -0.9724689361592491 -0.18899531387066174 -0.13632659146413334 -9.97883505346828
-0.14281637749649 0.0513504308847408 0.9884162157546443 98.55369869443307 -0.1844118559986932 0.9797849866042663 -0.07754771042393901 -5.591233282111215 -0.972417477056998 -0.1933507519324125 -0.13045971424648062 -10.07703839740312
-0.13806438132734294 0.04764179829871368 0.9892767487733466 99.36544365662975 -0.18688261129883163 0.9796468383888626 -0.07325954974497308 -5.662913782450918 -0.9726320559198264 -0.19499315651984062 -0.12635091098840995 -10.166882382189765
-0.13429175890459544 0.04581810680234677 0.989882025586564 100.1431523706416 -0.1884913540937397 0.9795115258956991 -0.0709096613261393 -5.727989343961001 -0.97284979977498 -0.19610678653868174 -0.12290400868667162 -10.253202028585035
-0.1306495984878388 0.04958551328224685 0.9901878404058003 100.91967926453941 -0.19147383487367797 0.9786834270017382 -0.07427328100266531 -5.7928752469302935 -0.9727633077854726 -0.19929883738915663 -0.11837026840214765 -10.337143161381062
-0.12729358936849772 0.05169592037026999 0.9905169730614186 101.71662671567222 -0.1923519139819846 0.978395470994657 -0.07578287091824062 -5.863675496016959 -0.9730349856470483 -0.20017450925183813 -0.11459966209651001 -10.420313746553434
-0.12409436958716363 0.05343258257868572 0.9908307355728004 102.5125123593205 -0.1928501757296101 0.9782098044246781 -0.07690505996676623 -5.930424329977012 -0.9733495760300218 -0.20062536640815226 -0.11108584606407662 -10.501133365084007
-0.12030498611029855 0.05288208194269965 0.9913274916627737 103.32245732105838 -0.19355565775296324 0.9781668268953971 -0.07566945297283309 -6.005050472328282 -0.9736852251466173 -0.20098045718625387 -0.10744272036944019 -10.578832904179889
-0.11267127677060834 0.05207220148536425 0.9922669344603543 104.14277399258805 -0.19399373831851574 0.9782556100219524 -0.07336478006363525 -6.080687700999569 -0.9745109608845293 -0.2007596754655824 -0.10011962756056286 -10.655924408397945
-0.10655797834283504 0.05162014198055531 0.992965637972128 104.92414221502405 -0.19425521476264912 0.9783267727884493 -0.0717052102908499 -6.15183671811919 -0.9751463012230549 -0.20052951550144743 -0.09422104130049608 -10.726817099832164
-0.10268816332116687 0.051588830340570685 0.9933749210131173 105.71654578924897 -0.1944974694852139 0.9783363390675439 -0.07091362368236362 -6.223077618146301 -0.9755131344464685 -0.2004908981575159 -0.09042966481425746 -10.793314191065178
-0.09624464437466079 0.05187765097114984 0.9940048680760625 106.51144348080874 -0.19963957057390969 0.9773415942667583 -0.0703381118397137 -6.285385402948603 -0.9751312784903681 -0.20521237157107922 -0.08370706221050456 -10.852254836670685
-0.09040773475157099 0.05195400463521366 0.9945487534050071 107.28161588576874 -0.2044058513194979 0.9764096546785048 -0.06958760088517565 -6.34682599211147 -0.9747023594120622 -0.20958284198132102 -0.07765528252212922 -10.906542985165085
-0.08670157510777804 0.0516450775053716 0.994894779784925 108.06721469151111 -0.2061098656525065 0.976119023397203 -0.06863217498226505 -6.415549001894654 -0.9746802348229577 -0.211008147073886 -0.07398649683495823 -10.960449310674573
-0.08274020881829991 0.05197325622020035 0.9952149709899736 108.87267884232187 -0.20959397102497782 0.9753957168402142 -0.06836346158399106 -6.479890855486563 -0.9742814917438827 -0.21424746488029786 -0.06981116413354427 -11.011067895163567
-0.07986821344503392 0.053045234790403156 0.9953930236580573 109.65579144739495 -0.21259705003393178 0.9747006596993145 -0.06900085723084186 -6.5403540367473285 -0.9738704034921528 -0.21712859564726178 -0.06657033989908312 -11.060940274347729
-0.07638937545618413 0.05187706707308114 0.9957275898704973 110.46917339448797 -0.2154311762284249 0.9741983633564553 -0.06728266598791592 -6.603659861431485 -0.9735266157770169 -0.2196504467227398 -0.06324246696840169 -11.101744664367763
-0.07201105909921729 0.050412880105857386 0.9961289820534495 111.27040641154495 -0.21743334755884552 0.9739080351435081 -0.06500675697391457 -6.665066849749478 -0.9734151975065745 -0.2212728645865637 -0.05917070779442252 -11.140186583145505
-0.06941843148899945 0.049597049361112644 0.9963539602291339 112.07265586841244 -0.21849574562805085 0.9737569066154692 -0.06369533704373065 -6.730070199458807 -0.9733656509822243 -0.22212073184046488 -0.05675993282771846 -11.177252261601824
