1.0 0.0 0.0 0.0 0.0 1.0 0.0 0.0 0.0 0.0 1.0 0.0
0.9999418441486243 -0.0026035926380079135 0.01046564025867611 0.007584030739963055 0.0025904669531294365 0.9999958414162381 0.0012675295637581876 -0.0003173311415594071 -0.010468896867075129 -0.0012403449542638216 0.9999444303273963 0.307539701461792
0.9998111926079764 -0.004809304776769924 0.018826835192891293 0.017300760801189554 0.004770201073085844 0.9999863723780019 0.002121376912866787 0.00046985832821157725 -0.018836780976018243 -0.0020311685917844286 0.9998205089097809 0.6085686269525193
0.9996938387682176 -0.0075885652535977455 0.023550847251360887 0.027153324867234596 0.007544679233792383 0.9999696337737698 0.0019517544958419296 0.00014728280765409214 -0.023564943117356036 -0.001773473356085787 0.9997207351296317 0.90167626079007
0.9996558481642818 -0.010079735671930457 0.02421949957646586 0.03847998510834748 0.010055650087709448 0.9999488178487731 0.0011160574155220128 0.0020364620591125935 -0.024229509534119058 -0.0008721305092733261 0.9997060419223798 1.2213142073333438
0.9997040413553757 -0.01297122331340796 0.02058098791319403 0.046697149815793385 0.012969465719862763 0.9999158689865463 0.000218878554180971 0.001599829583084232 -0.020582095536427807 4.811064204034149e-05 0.9997881650773305 1.555796570030407
0.9998331422748747 -0.01524850513509099 0.01005836467302502 0.04968533933706081 0.01526187639294073 0.9998827444971706 -0.001253948074134278 0.00023238579798310244 -0.010038064440770067 0.0014072483615660322 0.9999486271375806 1.875321950033408
0.9998565642331436 -0.015278479586822612 -0.007308831740366025 0.03311028614306229 0.015264900677860526 0.9998816602153181 -0.001910071295680106 0.002644773438587154 0.007337149800092017 0.0017982287325511775 0.9999714658960208 2.209761499792533
0.9995695916642161 -0.012299430494687567 -0.0266337272971484 0.003918523003584216 0.012258739286341793 0.9999234297409952 -0.0016905520147399123 0.0034855295214161045 0.026652480772753943 0.0013633284679014249 0.9996438298734939 2.568620245397627
0.9989128897045619 -0.009899891441300584 -0.04555250741212999 -0.034529319114476494 0.009796969477704729 0.999948927933097 -0.0024821189542472504 0.0036972530668060778 0.045574753659615275 0.0020331440924280307 0.9989588620929116 2.9173113272641475
0.997832557167413 -0.010238193029341315 -0.06500282501734375 -0.07150043883208829 0.010026445398917843 0.9999433149812778 -0.0035829062108299 0.0024714487825953637 0.06503582281638315 0.002923393190631597 0.9978786476936207 3.293940514065426
0.9962344356237802 -0.012197875737114765 -0.08583799336465205 -0.11958287925094299 0.011972870639967534 0.9999234061909029 -0.003135621185844493 0.002500575308622353 0.08586966662335858 0.002096086611860386 0.996304173821885 3.6954293724396923
0.9943555573917834 -0.01363868088017509 -0.10521887600580365 -0.17288082205843264 0.013438885679771962 0.9999062939110265 -0.002607632796626816 -0.0005401203893964555 0.10524458102801282 0.001178889716966856 0.9944456688946226 4.091128908345507
0.9923502346969674 -0.013364123933008547 -0.12272901811868772 -0.24046345724846382 0.013232830495382337 0.9999106657505017 -0.0018848648410535855 -0.005231227543210128 0.12274324378129522 0.0002463937737622855 0.9924384290202359 4.503751553830756
0.9901494101963985 -0.013597393137527138 -0.13935299202954998 -0.3151512710734193 0.01360014327561003 0.9999070788949551 -0.0009325656227871037 -0.009222551199181531 0.13935272365693885 -0.0009718413561147346 0.9902423309138887 4.93315400342164
0.9881172511843573 -0.01357364356553405 -0.1531014503922995 -0.3934481817650106 0.013539441668285017 0.9999075360558207 -0.0012660403188845635 -0.011554256023301719 0.15310447880836475 -0.0008219118771315888 0.9882096655212828 5.374603436784423
0.9857087300723255 -0.01482458580319182 -0.1678050390035031 -0.47501233081327493 0.014703009252040648 0.9998899701902065 -0.0019669855013000987 -0.018053069145563472 0.16781573519231682 -0.000528364260450351 0.9858182387504659 5.819237190524758
0.9837457741089991 -0.016930227326236582 -0.1787669413660369 -0.5585897927184665 0.016541691959750412 0.9998564639644861 -0.0036638634722034203 -0.022685949248577995 0.178803311909469 0.000647202531028693 0.9838846257458691 6.263583251037413
0.9820256869777587 -0.016393060315901733 -0.18803408650917644 -0.6562330216667147 0.01560358947858272 0.9998621341372682 -0.005678090687149109 -0.02477317551697552 0.18810124431073047 0.002642024213900119 0.9821460897426656 6.7422888456253265
0.9804997410445994 -0.016789766071556977 -0.19580184260301584 -0.7613508551878544 0.015749520609148703 0.999852376497557 -0.0068686106870002265 -0.02893716949268254 0.1958882600158973 0.0036508858445544012 0.9806194270054486 7.241830332135136
0.9789928427038037 -0.01746181910722683 -0.20314551141532003 -0.869308932810226 0.015803820885177875 0.9998272702838336 -0.009781045046791082 -0.036825990554958055 0.20328121698807947 0.006365097818936385 0.9790997050094545 7.7401612776259565
0.9766251007327691 -0.02042285913556682 -0.2139773806817849 -0.9835642080731389 0.018464507120793765 0.9997673760592056 -0.011147006076840528 -0.044729836640541615 0.21415525815514047 0.006935459063375553 0.9767750123810935 8.2552983233529
0.9745590398621602 -0.025292419127966342 -0.22269928459157665 -1.097059173708134 0.023131817288497787 0.9996566885667969 -0.012305447273379708 -0.05411249454984747 0.2229340639110056 0.0068409457183678446 0.9748095222194961 8.774412020294866
0.9718337425303648 -0.026499184435660218 -0.23417294912877895 -1.2328959492915033 0.02360516122258558 0.999606511314776 -0.01515318120919136 -0.06299874087148441 0.23448235166656056 0.009198682587616077 0.9720768544696309 9.313040384448392
0.9692063202928205 -0.022325405679559734 -0.24523597812248896 -1.3816753780980142 0.018002954730771716 0.999640800239549 -0.01985356686834242 -0.06882436799386421 0.2455911283524154 0.014827230276657919 0.969260104882539 9.852128871570708
0.966725168245811 -0.019633896406896105 -0.25506265738440054 -1.5439545735586593 0.014355623799726429 0.999642883516862 -0.02253933227525639 -0.08021579118873436 0.25541410522018854 0.018127756231176496 0.9666617915841061 10.416350418978237
0.9636095723127356 -0.022062888195978198 -0.2664016161957704 -1.705631275533634 0.016363192703479645 0.9995876480093477 -0.023596183413619822 -0.09665787122544782 0.2668123649155256 0.01837832722508125 0.963573245278527 10.980430812863425
0.9602823788638707 -0.023011853609565123 -0.2780794984118704 -1.870528677380236 0.01652910463654479 0.9995347122002257 -0.025634894318606258 -0.11182150831524088 0.2785400178492484 0.020020332171667446 0.9602159365248405 11.523992934614721
0.957386438786492 -0.02167403491052707 -0.2879955607963712 -2.044007173130365 0.014036944745925036 0.9994936037901879 -0.028556963506351174 -0.1260886749014301 0.2884686655599164 0.023297471819930998 0.9572058591530251 12.072598363610831
0.9546319894605719 -0.020429335901673184 -0.2970865310531044 -2.2352888473602492 0.011437773868368629 0.9994232922821014 -0.03197280364530684 -0.14294996036852567 0.29756838210315056 0.027124252591028006 0.9543151119488213 12.64641900328882
0.9524220452974701 -0.020989878624498533 -0.3040586664226378 -2.429014878252138 0.010005779492816017 0.9992413363015555 -0.03763822794743406 -0.16683612328521674 0.30461800998648336 0.03280513407396292 0.9519094973632022 13.236676107426625
0.9505033178694969 -0.022002431491298498 -0.3099344055240544 -2.6319814593897695 0.008365285206564748 0.9989401790373621 -0.045260807639898766 -0.19210304716310106 0.310601778363375 0.04042785813364103 0.9496800111428245 13.837049185323833
0.949605533365962 -0.021985043145099664 -0.3126755329069657 -2.8370830036794508 0.005553229632978584 0.9985606415885009 -0.053346103053596834 -0.21813316056426338 0.3133982971258623 0.048921395608360056 0.9483607986469812 14.429938812729834
0.9487753937935725 -0.023039792876700934 -0.3151101713306796 -3.0475197115915815 0.0035983565805410914 0.9980609287351946 -0.0621404406337792 -0.2530038511737127 0.3159308531336736 0.05782344227421679 0.947018556081025 15.033616443813683
0.9481742797316588 -0.022298416599285054 -0.3169673735142386 -3.268979953215391 -8.497233528120644e-05 0.9975168092909646 -0.07042874385984423 -0.29252096343086487 0.31775073254841185 0.06680565693964875 0.9458178874211512 15.64434313347834
0.9477656798714876 -0.023165691280494352 -0.31812508044043586 -3.490887326410571 -0.0015692538420294198 0.9970084453753645 -0.07727675777734283 -0.33869042169718533 0.3189635613986592 0.07373947787783466 0.9448940342187521 16.25500956333377
0.9471571961424301 -0.022354775365652543 -0.31998985892362536 -3.7223424906774456 -0.004434899122549839 0.996560657419612 -0.0827477356376819 -0.3923470084963926 0.3207391112187337 0.07979423601828706 0.9438004568937625 16.900259938798325
0.9469604238931545 -0.022767411501033275 -0.3205426657305386 -3.953204323935421 -0.00587072975120197 0.996094875451048 -0.0880938910047088 -0.4493969015806506 0.3212965765648391 0.08530324773245024 0.9431287641748664 17.544143584001187
0.9469689189854639 -0.020757888553742023 -0.3206539825704535 -4.200816070421271 -0.009525373959868633 0.9956591442922906 -0.0925858284948 -0.5090847791412463 0.32118395620956375 0.09073025101879907 0.9426605368973706 18.2168161394676
0.946593131328599 -0.01894282458014489 -0.3218735980450147 -4.457062347333141 -0.012317422120950623 0.995419532994363 -0.09480629960914375 -0.5717995047553834 0.32219516575177254 0.09370764499340634 0.9420239659562689 18.9188467349257
0.9464168526127806 -0.01718328779957739 -0.32249011722983895 -4.709255795263436 -0.014596842312216833 0.99528686927354 -0.09586959917610853 -0.637692380242268 0.3226175340632165 0.09543994170195373 0.9417054445222759 19.60957492987316
0.9451135502022567 -0.015638021608074537 -0.32636762937563496 -4.9678741311209125 -0.01638305962648092 0.9953296000926768 -0.09513454964747207 -0.7077425125637101 0.3263310781727073 0.09525985229642943 0.9404432933245368 20.325271531793355
0.9440064314514054 -0.014139233148112173 -0.32962393642508203 -5.226752688297304 -0.01794557147225166 0.9954017606546559 -0.09409193031363225 -0.7752748397773325 0.32943863441150534 0.09473867727382754 0.9394119273170254 21.027554707658364
0.9421275609540172 -0.013065054524253168 -0.3349999451359849 -5.492567281370121 -0.019133598279346103 0.9955162668128001 -0.0926351333349847 -0.8457866829064329 0.3347081778321516 0.09368386660137422 0.9376533308376271 21.75028157831469
0.9391760915306431 -0.012012453902809733 -0.34322582951820235 -5.804141308368271 -0.020330887565289845 0.9956907539322987 -0.0904797079158535 -0.9277345038271992 0.3428336682824964 0.09195446419268338 0.9348847268016542 22.577530770236354
0.9358717609520094 -0.011552555938133577 -0.3521513673179211 -6.084238327851216 -0.019726783799908616 0.9961766187575005 -0.08510580615789547 -0.9986295467107569 0.3517881479718962 0.08659493456415283 0.9320656716424726 23.310056160438403
0.9334786108826383 -0.010025657797390546 -0.3584929137519314 -6.3382088985096 -0.020520145624916324 0.9964784172278062 -0.08129998537944785 -1.0572146040187849 0.3580455371152562 0.08324812421247599 0.9299855607303545 23.94670188075494
0.930469759202706 -0.008034652180830732 -0.3662805913143525 -6.640882335377234 -0.022109589385824188 0.9967058990459816 -0.07802894888521841 -1.1218263176213303 0.365700961533394 0.08070189075402665 0.9272270550206548 24.687662960625154
0.9271821796520381 -0.007426369235680153 -0.3745371206912225 -6.953207097335908 -0.02322144715910704 0.9967413557593969 -0.07724916899719002 -1.184774032956669 0.37389031831211256 0.0803213468443786 0.9239883717415347 25.431842603975657
0.9238614220529812 -0.007878307756409696 -0.3826460572240862 -7.278705841229632 -0.023253864904578477 0.9967855467348596 -0.07666701759874686 -1.2512432054388731 0.3820200657154581 0.07972769962429771 0.9207085115840815 26.19790726392716
0.920689504775063 -0.007572656927545657 -0.39022236053833115 -7.607555925795729 -0.02405453884791906 0.9968101254601217 -0.07609831102587321 -1.3155889181545672 0.3895538665677233 0.07944953522352587 0.9175704639944021 26.95440408955622
0.9173951895815979 -0.007274896636767043 -0.39791097246930535 -7.953602970842259 -0.02445779443030502 0.9969124855951477 -0.07461442458472266 -1.3794550598071098 0.39722522883642336 0.07818293895364052 0.9143847907923788 27.736246002109084
0.9138790795705 -0.007541305399652429 -0.40591644046065095 -8.299720869620346 -0.02416527851223705 0.9970443180774743 -0.07292919239817808 -1.4446099267398824 0.4052666618879501 0.07645754705909438 0.9109957059503105 28.50054178491441
0.9106282879096911 -0.0070885610937230625 -0.4131656732598747 -8.661622832552775 -0.024002389919510925 0.9972573720763473 -0.07001156416999756 -1.5092948491222695 0.41252879479718346 0.0736714744049451 0.9079606309318621 29.28510578387312
0.9067719284726938 -0.004506292710985791 -0.42159739451272077 -9.03836280786534 -0.0249392611611245 0.9976187730554128 -0.06430254194158981 -1.5714950617245262 0.4208832415131886 0.06882206748867405 0.9045003151132316 30.083901404192062
0.9033771820825797 -0.004979636273885611 -0.4288179918276723 -9.41569238880791 -0.023148189153837446 0.9979086069945237 -0.06035373580108883 -1.634295734594025 0.428221704531001 0.06444854776353981 0.90137259580028 30.877077790342398
0.8996631833051573 -0.004685378141410443 -0.43655950778433733 -9.824224287491244 -0.022995085812450907 0.9980459058029305 -0.05809987898856633 -1.6968545349124224 0.435978649286532 0.06230904542424017 0.8977974160269181 31.72000821412953
0.8969304141792356 -0.004332466177830454 -0.44215049684138436 -10.233097998035943 -0.022925869963824168 0.9981513749921823 -0.05628709521389211 -1.7548678271553002 0.44157698831196684 0.06062229241816813 0.8951730006290959 32.54677599451722
0.8943791157491726 -0.003948062480599179 -0.44729230947376875 -10.643862100691406 -0.022824371553131932 0.9982556317309468 -0.054449442427385995 -1.8065384182491249 0.4467270367628682 0.05890761003552874 0.8927288771541836 33.36459908448169
0.8915354028906404 -0.004882662988963853 -0.45292470124156387 -11.067412536096501 -0.021519982477804796 0.9983560974644308 -0.05312243414742074 -1.8608321271189698 0.45243951611986616 0.05710746236463568 0.8899647307593112 34.195842413117376
0.8897135603721648 -0.005051903851933867 -0.4564912471859207 -11.490649047363238 -0.021360003848412926 0.9983829694912364 -0.052680133498853754 -1.9133050964319311 0.4560192218815807 0.05662088393280419 0.888166957715263 35.01180497198935
0.8886205113714298 -0.006110185728940067 -0.45860249933939146 -11.926707814136144 -0.020486587526258045 0.9983844391761372 -0.052998220182183746 -1.9667461996750386 0.45818542807634954 0.05649050576254489 0.8870597140312395 35.84781402586883
0.8874705219066562 -0.00507664577752163 -0.4608365224397662 -12.382033145788695 -0.021730461968648064 0.9983661941899877 -0.05284628010777274 -2.017514620313979 0.460351886896705 0.056913706312711775 0.8859102495537536 36.70581829201113
0.8869195031222381 -0.004767468759493566 -0.46189941136900126 -12.845774670290645 -0.02184139736723789 0.9983954821107855 -0.05224380022374753 -2.071610811344903 0.4614073561858859 0.05642457392306725 0.8853922967335731 37.582856684397996
0.886128564214043 -0.0032278116867609646 -0.4634282564924949 -13.322972171872934 -0.02273282434639356 0.9984692382321089 -0.05042220742320036 -2.123935568437822 0.4628816116256887 0.0552155914204225 0.8846987352104094 38.480296187159844
0.8857177622020811 -0.0038393669121359938 -0.46420825604619714 -13.796030052877443 -0.02172663648078882 0.9985271799637905 -0.04971342012768336 -2.1804179662218277 0.46371542888604583 0.054117743257400264 0.8843298428062669 39.37393008977115
0.8851324812893505 -0.005743920247308578 -0.4653036620818175 -14.272411042656724 -0.019698465459551208 0.9985650097976193 -0.04979851068475187 -2.235158356229086 0.4649219945594062 0.05324404744263002 0.8837491784362973 40.270173753135715
0.8839215250825068 -0.007765792256584917 -0.46757077535539254 -14.750792449070659 -0.017844779021201393 0.9985737201655716 -0.05031986939942587 -2.2893258020309615 0.4672946622394695 0.05282251286448186 0.882522226789321 41.16724069072897
0.8832968016367699 -0.008439370093210451 -0.4687382395865336 -15.245129816485527 -0.016475364974226803 0.9986615744458723 -0.04902674855889903 -2.345116600622916 0.46852462322402944 0.05102780377129035 0.8819755329231418 42.091531571342145
0.8813783018669455 -0.007614181320497536 -0.47234977849148857 -15.746533437395483 -0.015857572468732237 0.9988297833699855 -0.04569027520673322 -2.4014150318708665 0.4721449209655216 0.047760738016562325 0.8802261558886869 43.02250430858797
0.879134305309925 -0.00820002652708336 -0.4765035496113233 -16.24464346542671 -0.013302776189944016 0.9990401341707151 -0.04173543412736845 -2.457285770490593 0.47638840180348213 0.04302987196256551 0.8781813712132645 43.93280909268686
0.8762930920567575 -0.008507800948969399 -0.4817032635727312 -16.753058361685007 -0.012460947560594678 0.9991093329981955 -0.04031458175143695 -2.5109459587728726 0.4816172148080875 0.04132986860508873 0.8754065914542721 44.852725328979986
0.8717159787988121 -0.011146739103956515 -0.48988468287361003 -17.28100851173969 -0.01152625106027001 0.9989981713386831 -0.04324117480438008 -2.565967809336469 0.48987590045166 0.04334055686439269 0.870714188633308 45.78707211062238
0.8666139621409783 -0.014526244836157179 -0.4987677102953592 -17.787173174852803 -0.010239027472978293 0.9988479973468762 -0.046881131732740416 -2.616356844527584 0.4988741353675524 0.04573473960891197 0.8654668859374011 46.67439338174273
0.8609845446508677 -0.01428080901426222 -0.5084305973938196 -18.32670628183169 -0.010939137064760981 0.9988546467426799 -0.04658036024801429 -2.6681501953056914 0.5085134699814907 0.04566676225061926 0.8598421934709468 47.584526153165726
0.8554788371621765 -0.012239338915705443 -0.5176931115540916 -18.881871317143908 -0.011244457276888229 0.9990458727372604 -0.042200786096875595 -2.722376768776915 0.5177156761661742 0.041923057492894183 0.8545249767574082 48.49600719082437
0.8508580873177481 -0.010724108102988869 -0.5252861208440395 -19.443206796075955 -0.011245697191748597 0.9991908807076011 -0.03861499974673263 -2.773228279096229 0.525275213141316 0.03876309348032059 0.8500490415518279 49.39799028113319
0.8470875580437176 -0.010738944898492652 -0.5313448447759691 -20.01228851883438 -0.012261053842254278 0.9991348105659468 -0.039740368317705964 -2.823570273650846 0.5313119004560399 0.04017841930460587 0.8462229960571708 50.296684779801154
0.8450640791594103 -0.013956949714128097 -0.5344828394524331 -20.56856561284132 -0.011711802284810734 0.9989361549303033 -0.044602601497028944 -2.8731688451745443 0.5345367487850575 0.043951813702492036 0.8440016008696678 51.17573106705236
0.8434586600510733 -0.01634171471512641 -0.536945469433366 -21.134209923313037 -0.014073456327550159 0.9985219175881467 -0.05249683726747094 -2.9281513682994165 0.5370097081169436 0.051835590632886674 0.8419819742321656 52.05507275546483
0.8407422038732917 -0.017192622450742667 -0.5411626006659612 -21.692727587635755 -0.014595112120136613 0.9984128718340056 -0.054394117865574715 -2.9845440214179413 0.5412388837920655 0.053629759363991295 0.8391569099888765 52.925304588861486
0.8393646158332565 -0.016926909610508904 -0.5433051825798529 -22.27390555276406 -0.013333500001010629 0.9985731179904123 -0.051710209868354326 -3.046177649466487 0.5434052442374961 0.050647880093285844 0.8379412466141306 53.814318016079
0.8369572639806159 -0.014652316408211657 -0.5470720682816439 -22.85731615152996 -0.013196818384512986 0.9988104900421219 -0.04694090930460111 -3.106662176011741 0.547109113664366 0.04650714574869391 0.8357683310222408 54.69777657437145
0.8342649142085845 -0.012868001476615458 -0.5512136314157524 -23.437393512425217 -0.013835918488553126 0.9989242100008231 -0.04426047936714733 -3.1622243479179275 0.5511901852175175 0.044551511896111715 0.8331893797376737 55.563508851108075
0.8322635045437538 -0.012503698745501673 -0.5542392231899786 -24.028856670959573 -0.015170392885207424 0.9988575664588841 -0.0453146897544751 -3.2154497448427493 0.5541726429410403 0.04612178927055652 0.8311230127786288 56.43759132641449
0.8292023240650517 -0.014212909888026194 -0.5587678399457435 -24.62679101596247 -0.014920825267322337 0.998757562588195 -0.047546820569098334 -3.2737078435708 0.5587493845530921 0.04776321142262991 0.8279600237306981 57.31870803739887
0.8265943766414706 -0.016445619843116054 -0.5625577997794309 -25.215098102342218 -0.014445081321272776 0.998623720149941 -0.05041830202926309 -3.3322263386927466 0.5626127230434097 0.04980167810293029 0.8252191931407143 58.170068632842735
0.824015564444039 -0.018138658010338073 -0.5662767332670096 -25.815717948678653 -0.013305843797143418 0.9985921626152523 -0.05134829387856702 -3.3915175792406487 0.566410896853881 0.04984658312239327 0.8226141343766253 59.03824197912067
0.8208775772724205 -0.01883590980017645 -0.5707934929844255 -26.418928009422093 -0.012300203287388298 0.998641021044357 -0.050644013333988644 -3.454455923030176 0.5709717227065195 0.04859341096778362 0.8195303364001029 59.90405566502099
0.8181111568100247 -0.018255673442227855 -0.5747702719262142 -27.031582403411587 -0.012956445348583432 0.9986571076974575 -0.050160858936805226 -3.515034972164844 0.5749141376126461 0.04848413794757662 0.8167759929996645 60.7709347690018
0.8135380284105606 -0.018525128282480173 -0.5812165654486936 -27.654505700434147 -0.013596628518615131 0.9986132224042585 -0.05086023724197206 -3.5797542672797333 0.5813527397568405 0.049279322859598566 0.8121579528119606 61.633970260499765
0.8086735238098832 -0.01947915981124822 -0.5879351105538387 -28.287539650994937 -0.013728014853207755 0.9985545068464047 -0.05196574318648967 -3.642915605618484 0.5880975033930146 0.050094502590423466 0.8072371815725051 62.4960491433842
0.8047087158148826 -0.02077317386112499 -0.5933062935274649 -28.927697249922538 -0.01343903362673351 0.9984941143599155 -0.053187366580680816 -3.711191223507853 0.593517712513066 0.05077380068838328 0.8032177451332323 63.36635315612611
0.8000345936409121 -0.021233541240994504 -0.5995780063546257 -29.583593392780124 -0.013996902290051051 0.9984409153149256 -0.05403540831136821 -3.779674296069946 0.5997905765382641 0.051622430700815534 0.7984900681564149 64.24016181102193
0.7953928798471659 -0.02313697022091179 -0.6056524145889528 -30.231116532458184 -0.013409848425231427 0.9983547143752645 -0.0557498004471459 -3.847149227433032 0.6059458248504106 0.052464701406573465 0.7937739681122548 65.09480755393196
0.7899644551838113 -0.02305661985854821 -0.612718982753793 -30.908704885047804 -0.014025157834834334 0.998351811342074 -0.055650298630898785 -3.917257320413649 0.6129922140564695 0.05255523828029544 0.7883390719959587 65.9683870571101
0.7851179697979513 -0.023465338813597823 -0.6189015684054342 -31.589902434503117 -0.01303801998451268 0.9984343860106326 -0.05439473197336969 -3.98571569173634 0.6192089982673272 0.05077553255195201 0.7835828365647368 66.82454679292456
0.7811459399303631 -0.024513288912013556 -0.6238670685306494 -32.26187735706109 -0.011772472670202372 0.9984730049444108 -0.05397283839588368 -4.055247027177768 0.6242374783826578 0.04950512159357849 0.7796645519186224 67.66504358956666
0.7761666022678304 -0.025996655786799803 -0.6299917296377107 -32.95636037271264 -0.01073202351265488 0.9984602581701336 -0.05442367615435388 -4.121118138819213 0.6304365385947546 0.04900292585889962 0.774692509362219 68.51841976464699
0.7719491000014476 -0.02833340908920065 -0.6350526001335158 -33.65900345525973 -0.009549136140381234 0.9983766199990771 -0.05615103416849063 -4.189671735809273 0.6356126186648025 0.049409944025494895 0.7704253736900609 69.36693267301193
0.7680194073114335 -0.0270602883899634 -0.6398546169132849 -34.35961955096762 -0.011493663447567599 0.9983636018706668 -0.05601798068819498 -4.260547810151076 0.6403234227275688 0.05037716994910442 0.7664515999424689 70.19936924387837
0.7639179294535886 -0.02664861411549421 -0.6447629397112289 -35.08197875100392 -0.011224220709631267 0.9984471224684419 -0.054565194986820366 -4.331558939329732 0.6452157886543104 0.04892029231527265 0.7624325485385476 71.04918723374078
0.7613488490933744 -0.026121696962124377 -0.6478160131796786 -35.80584598974716 -0.012034809424941114 0.9984464754903739 -0.054404034252580995 -4.401958809169409 0.6482307408217385 0.04921679112528162 0.7598517053511368 71.89053901668942
0.7572685163652648 -0.026206297614022264 -0.6525776766694645 -36.543451405693126 -0.01228152211924843 0.9984465474462431 -0.054347549228202424 -4.474297647755321 0.6529881762607844 0.049170335142672814 0.7557702824308271 72.73985196676969
0.7538668416418057 -0.02685751799335441 -0.656478071835035 -37.26078694368492 -0.01411320735223339 0.9982716938327117 -0.057047722746851194 -4.541689278165481 0.6568756369749466 0.05227139772002832 0.7521848832096755 73.55136188593868
0.7510722374315408 -0.028715740320600248 -0.6595952549991693 -38.00502285755437 -0.01439874138248837 0.9981036191858774 -0.05984848882514522 -4.61110253085749 0.6600630048761857 0.05444787990264789 0.7492344479319725 74.3933871704309
0.7477262670578195 -0.028256670427214282 -0.6634056000126515 -38.754216965443156 -0.01627955303921616 0.9980136988930136 -0.0608574808444154 -4.683778733092776 0.6638075065142165 0.056304683626256465 0.7457810515809083 75.23116127226915
0.745204350625178 -0.02718069717460618 -0.666281986482007 -39.50144892070277 -0.016651203063900194 0.9980989082129275 -0.059340600440906645 -4.759657366813938 0.6666282421603752 0.055315270272004675 0.7433350574464408 76.06228139059314
0.7420505652885252 -0.02700392521803806 -0.669799780962788 -40.25929450736285 -0.016476235015871147 0.998151702187406 -0.05849541093184773 -4.833979732272334 0.6701413971951606 0.05444233135348409 0.7402341118336249 76.89707355020498
0.7381438575898567 -0.027010629188822334 -0.6741024190827305 -41.02646449252685 -0.017276501756756768 0.9981137139119289 -0.05891126028175554 -4.908215964830607 0.6744220992741965 0.05513111654737193 0.7362848579176582 77.72657753259651
0.7357408133462424 -0.027601371186483252 -0.6767005392972847 -41.814713387736745 -0.01721104160722379 0.9980845273835449 -0.059422691325458396 -4.982727873760818 0.6770444857048941 0.0553664203844918 0.7338564736175621 78.5803708915464
0.7325276562178697 -0.028090625733411385 -0.6801574447301595 -42.61006612983753 -0.016918379619247557 0.9980883648549437 -0.05944227765020538 -5.062529389394416 0.680527002628855 0.055050274178159025 0.7306520827356178 79.43608690390508
0.7298329570936462 -0.027813473876051733 -0.6830594889252989 -43.397747348330824 -0.017707096062964164 0.998067671885772 -0.059559894942254825 -5.141388507011623 0.683396161453195 0.055563774237012205 0.7279301844981957 80.26979679339662
0.7284459894159966 -0.029788511544798137 -0.6844553200054004 -44.18999484570366 -0.01622817948777112 0.9980237212375138 -0.06070665562965899 -5.221127824638866 0.6849110064046733 0.05532898360869058 0.726522963765473 81.11248568454005
0.7258956062919375 -0.03340610653005487 -0.6869931592181711 -45.00985660437313 -0.014049011253868907 0.9978913010840418 -0.06336857662585951 -5.3036813521271435 0.6876613949094783 0.055650545974872415 0.723895588247262 81.97684768947103
0.7232226458243556 -0.03683473334378541 -0.6896319358805181 -45.83628671644592 -0.011036766288860533 0.9978326392914842 -0.06487074652319043 -5.3854482980590195 0.6905267513693469 0.05452729943875063 0.7212486251350592 82.84094660947868
0.7193498036319339 -0.039031659102973584 -0.693550567444341 -46.65268808344573 -0.008293219867872277 0.9978664275295557 -0.06475967351388628 -5.4686990226445085 0.6945985045469945 0.05233662577078576 0.7174913205635365 83.69277520267723
0.7128206360814999 -0.04058124344607207 -0.7001713386427186 -47.481611694796484 -0.006756427422221014 0.9978809346755495 -0.06471468843732525 -5.556858386766642 0.7013138323638386 0.05086062220836913 0.71103593836298 84.5442504486085
0.7057723877903348 -0.04141905557083185 -0.7072268366432014 -48.30989574133491 -0.004931668614477969 0.997978008267502 -0.06336855418191707 -5.63865943304539 0.7084214954936122 0.04821158418938264 0.7041410568007975 85.37460116895909
0.696610993194575 -0.03952608865681968 -0.7163594157097127 -49.15620225729681 -0.005494713390114373 0.9981580438491713 -0.06041794124228517 -5.7199665620851095 0.7174279979797472 0.04602399172919441 0.6951106817623239 86.19970601006915
0.6886216717356611 -0.03884401065041649 -0.7240796475889748 -49.998161788122665 -0.0057786757923214555 0.9982384634955079 -0.05904724298572138 -5.801138493771856 0.7250977865930022 0.0448454327074443 0.6871841725790921 87.00045203912313
0.6811949408652083 -0.0392453950221283 -0.7310494179665303 -50.85628341357563 -0.007729721820869315 0.9981209306241057 -0.06078535391557264 -5.878950140992772 0.7320612706189404 0.047057484204178955 0.679611572326543 87.79918374557255
0.6711088234857878 -0.04087870284370824 -0.7402309630739162 -51.73611885038754 -0.007293901575539878 0.998066216891843 -0.06173026566450794 -5.962064817568499 0.7413229701279517 0.046826897751401295 0.6695128793441182 88.60861438327187
0.6621553369839651 -0.04181807328287146 -0.7481988762692445 -52.61590517126593 -0.007453659105871629 0.9980247796317187 -0.062377738072113886 -6.037355311356013 0.7493295354312316 0.04688057154054524 0.6605357366126732 89.39011597164922
0.6540586330078556 -0.04188071892301392 -0.7552835957244054 -53.50883843284711 -0.00604726594390944 0.998144768926835 -0.06058424579541182 -6.122172089604736 0.756419681897886 0.04419304975317664 0.652591939262978 90.17576510654668
0.6436447773827032 -0.040845632058003456 -0.7642336258564868 -54.42062888845654 -0.006276966245249916 0.9982594591331053 -0.05864002000371363 -6.202069404169751 0.7652986346797741 0.042540411293993635 0.6422681006902113 90.95493509846928
0.6344189527080698 -0.040577395046339546 -0.7719236150397587 -55.326462462870694 -0.007051851251374541 0.9982758568278486 -0.05827164892598864 -6.282908963644738 0.7729572199279368 0.04241212899488171 0.6330389778484395 91.70386061781203
0.626271226462071 -0.040893954523383014 -0.7785319745451262 -56.25471495146546 -0.008657097075755602 0.9981969421761054 -0.05939629029235713 -6.362254168226723 0.7795571855713439 0.04393801444890855 0.624788000293198 92.45398705899782
0.6171973046935465 -0.04021837116407741 -0.7857798481126441 -57.21127941382752 -0.01101477644338038 0.9981532059560208 -0.059739870602637336 -6.444928481077019 0.7867313148584616 0.045526476479363163 0.6156144720199892 93.20360533936889
0.609680807496251 -0.040423018143928686 -0.7916156217349778 -58.17300237273508 -0.012706227183196285 0.9980720457200261 -0.06075148840161602 -6.526948339994806 0.7925451815268886 0.04709746443682817 0.6079917467220533 93.94181684358855
0.6016832037343998 -0.03939162794996195 -0.7977628858196906 -59.15375904911205 -0.014570242510024941 0.9980756658294698 -0.060271662597439414 -6.608676369414442 0.798601922347491 0.047888045757916366 0.599951418613524 94.68460273667792
0.5952179480528564 -0.03695613567283365 -0.8027140451941017 -60.14689164701 -0.016358074941957845 0.9981776297560486 -0.058084704000195615 -6.68524469032238 0.8033977892052857 0.04770391483650122 0.5935287093387576 95.41691517875896
0.5892740070392479 -0.03494806401616363 -0.8071770421967108 -61.14738455527994 -0.016370982444292838 0.9983424037328396 -0.05517640657694743 -6.765171284166844 0.8077673771338609 0.0457283033848631 0.5877250945023743 96.14613469825201
0.5828697440816333 -0.034024457255355654 -0.8118529409583302 -62.16431109818919 -0.0171314651070143 0.9983863015138159 -0.05414153537581923 -6.841740450267253 0.8123849914526355 0.04546569319874502 0.581346279255711 96.87330338655563
0.5775652533249271 -0.03512911470358092 -0.8155883296442242 -63.17896473936824 -0.017374627077997692 0.998318399683913 -0.055303663408961604 -6.919462849426711 0.8161596047867191 0.04611201744332885 0.57598366414482 97.59071057966081
0.5730432542240697 -0.03711481828702789 -0.818684260903927 -64.18192908736124 -0.016921139861362747 0.9982251537949947 -0.05709831308148628 -6.997261584021661 0.8193504157648793 0.04657287401997141 0.5713981655478423 98.29061639148115
0.5680743663620714 -0.03877101621030186 -0.8220634541106616 -65.21819458347031 -0.017153114425143286 0.9981148813140379 -0.058927534862592786 -7.077667923810654 0.8227984473416617 0.04757617052143497 0.5663384350815918 99.00079065798968
0.5649222981705125 -0.04084921814124001 -0.8241323549084797 -66.22383020271016 -0.01749475112919892 0.9979563815087927 -0.06145725578647865 -7.16277546191803 0.8249586236367702 0.04913656462479503 0.5630531656106725 99.68714655899133
0.5608383212864079 -0.0411104485316453 -0.8269040502973551 -67.23327222798619 -0.01676633274854393 0.9979976642351751 -0.06098813218405444 -7.244002592506566 0.82775556021256 0.048068630130902804 0.5590260631978883 100.37083367440601
0.5583592880833077 -0.03967589791253245 -0.8286499433029223 -68.25172965274636 -0.015522784596054101 0.9981811839847778 -0.05825261450898102 -7.3229052656779725 0.8294540063014263 0.0453888429416497 0.5567278548509423 101.05182257251893
0.5564883992668881 -0.03808090439257558 -0.8299822324616476 -69.29476625007229 -0.013380596166230186 0.9984087877019638 -0.05478003546668551 -7.405351335018102 0.8307476278194318 0.04159011132635466 0.5550933628789382 101.74787506115996
0.5537219816774576 -0.03717795213322542 -0.831871244173261 -70.33823725542429 -0.01301038308637462 0.9984945951912786 -0.05328483185439174 -7.485727915410481 0.832599962130155 0.04032794625299711 0.5524047065439253 102.44339833967877
0.5517604123461284 -0.03738002515225493 -0.8331645582279932 -71.35013320437827 -0.011331903875637844 0.9985668430775465 -0.05230533300434733 -7.5624320342653295 0.8339256773371255 0.03830135279280813 0.5505460662397446 103.11214548791513
0.5509020292384502 -0.03720448971039115 -0.8337402354008996 -72.36892244430594 -0.008828109084347663 0.9986901745997643 -0.05039840918012849 -7.638968165015615 0.8345232283591351 0.035124935633851356 0.5498519984739214 103.78571769947199
0.548503818515133 -0.037534247456870805 -0.8353051785677883 -73.37319214401886 -0.005611030288938959 0.9988042379952209 -0.04856552791726625 -7.7115652927998095 0.8361292229155819 0.03132530016827526 0.5476373326901233 104.44660630523026
0.5477341330406036 -0.03920109217690449 -0.8357335663202694 -74.3651635503065 -0.002628305176748315 0.998816164875039 -0.048573251859605794 -7.782573600239957 0.836648320092831 0.028801790855025967 0.5469826737012673 105.09872448992836
0.545732389586286 -0.040039302896083165 -0.8370023973562071 -75.35865618612756 0.00018352561382772511 0.9988634795254295 -0.047662517649626306 -7.853555942583824 0.8379595009753105 0.025857368271879018 0.5451195017895262 105.74592043507029
0.5452609430381911 -0.03989473804188821 -0.8373164956416851 -76.33254810637699 0.003270969511786237 0.9989605150105896 -0.04546636348148902 -7.921279213617756 0.838259986373891 0.02205219549947423 0.5448246469444068 106.37907843754067
0.5445067173224231 -0.039924451795680195 -0.837805748929651 -77.2949369138581 0.0051918082218278955 0.9990077932949819 -0.044232047920920815 -7.986955521854148 0.8387404127131032 0.01973492043828106 0.5441737342036531 107.00547418035931
0.5424890256639306 -0.04136299712303124 -0.8390439556442794 -78.2491504105277 0.00689845346202712 0.9989727451714712 -0.044786892551363235 -8.050930613064791 0.8400345637972474 0.01850829202209698 0.5422170919035966 107.62768403825619
0.5417863772002347 -0.04301454885565194 -0.8394148378882693 -79.20769103848903 0.008827150588706128 0.99892574328221 -0.04549110704927494 -8.116136338178556 0.840469870306324 0.017236820902620638 0.5415840554451744 108.24480867657381
0.5420666838668791 -0.044801599190460284 -0.8391403499722453 -80.17211456381665 0.010215448854663751 0.9988553300116564 -0.046729801112382265 -8.183348193794671 0.8402733810173107 0.01675847299972174 0.5419038648473129 108.86587522076965
0.5427073403594933 -0.0456123121428078 -0.8386824546280389 -81.10938890426185 0.01026635908195652 0.9988100139088207 -0.047677646614130514 -8.246916275291216 0.8398591218717135 0.017264793553606415 0.542529798547901 109.47031605141348
0.5461424086747039 -0.046300632427567344 -0.836411812974805 -82.07825942630431 0.010430772565185896 0.9987698184755107 -0.04847730073022716 -8.313850601990412 0.8376274042978096 0.017751088394879242 0.5459535057402883 110.09514100548247
0.5494578169980042 -0.045957009336393954 -0.834256591602753 -82.99657862335546 0.008555541560816525 0.9987432564670838 -0.04938330051876137 -8.378456979057516 0.835477653829466 0.01999652355735254 0.54916047654327 110.69194939671817
0.5534371422064144 -0.04622743508903481 -0.8316070910420896 -83.90076243332605 0.007592638376499053 0.9986970840254964 -0.050462720908156185 -8.440435648950558 0.8328563390338581 0.02161385213375492 0.5530670483106541 111.28425211448267
0.5594984334822666 -0.04658603701065932 -0.8275211441930237 -84.82399129537117 0.007722580678056517 0.9986688150472649 -0.05099960391770484 -8.507854376041648 0.828795429933443 0.022143599701343657 0.5591134020158218 111.90567330097312
0.56486836061612 -0.04479331370382329 -0.823964376792036 -85.72920254896029 0.005887471744886373 0.9987189465469539 -0.05025737244023313 -8.572371228364704 0.8251600286316046 0.023537732592032228 0.5644084534210272 112.51994483763957
0.5711821839439615 -0.042842474788654744 -0.8197044803458073 -86.63194638513124 0.004599749360985894 0.9987883216224306 -0.04899725396860756 -8.635796273047614 0.8208104257688389 0.024215923369378303 0.5706871594880559 113.14188016029095
0.5792922708793282 -0.04215808257411428 -0.8140289681412727 -87.53773159463752 0.004348750315418228 0.9988072526770632 -0.048632914475603195 -8.70277532013329 0.8151083076930115 0.024632662734088397 0.5787846565489305 113.7820473229342
0.58590759629208 -0.04114226847226805 -0.8093328130949549 -88.43582175582247 0.003048088215017744 0.9988152304126361 -0.04856793853960288 -8.768106690379632 0.810372135358485 0.025989406316978308 0.585338836054657 114.42347596398008
0.593617068763736 -0.04162478381613218 -0.8036704256376555 -89.31043319881832 0.0025789389493039022 0.9987546854797731 -0.04982396317130583 -8.833123626477557 0.8047435148830004 0.0275037380088623 0.5929851765847897 115.06093028371832
0.6026547661793922 -0.04184638757790457 -0.7969040799543832 -90.19302717155206 -5.1946878065246144e-05 0.9986220724804279 -0.052478125504030984 -8.898469880735947 0.7980020238713583 0.031667589134235674 0.6018221778030793 115.71759640413228
0.6112710676650623 -0.04115944677916769 -0.7903502905525169 -91.05550147074638 -0.003312640121578104 0.9985049077142254 -0.05456166865145623 -8.962087777699002 0.7914143720270942 0.03597011553274819 0.6102208145724966 116.37218005246032
0.6206498099387459 -0.039165020556886414 -0.7831091332552426 -91.91597905000523 -0.0060267493922950555 0.9984839410845393 -0.05471286583655291 -9.028264219729305 0.7840647241872071 0.0386771322756074 0.6194728304971688 117.03879601996879
0.6293505489325457 -0.03698109278059229 -0.7762411257689564 -92.7566353633991 -0.00747971858428528 0.9985325592304668 -0.05363564082356702 -9.09467001915001 0.7770855425036575 0.039561685168961344 0.6281504061117757 117.71297737921694
0.6415577756054742 -0.034312100215705466 -0.7663069230660411 -93.58877697274063 -0.009210308133100352 0.9985824745098258 -0.05242339006518289 -9.161279401144185 0.7670194200828617 0.04069055640588311 0.6403323260894536 118.39563819928532
