1.0 0.0 0.0 0.0 0.0 1.0 0.0 0.0 0.0 0.0 1.0 0.0
0.9999178920423025 -0.004218729614829206 0.012100061740141407 0.018367599695920944 0.00421875301451172 0.9999911007436404 2.3590785015166457e-05 0.0039056180976331234 -0.012100053581733395 2.7458323918011124e-05 0.9999267912949226 0.24931633472442627
0.9995002986604158 -0.008589901586006901 0.030419838403289785 0.04317531581514286 0.00856582965785452 0.9999628879624395 0.0009215530860193348 0.008188937559686124 -0.030426625511419562 -0.0006605214307257115 0.9995367848015536 0.5027602610088668
0.9984309062708099 -0.01477603602956309 0.05401290736946789 0.07721529372495486 0.014708484348806257 0.9998904663260227 0.0016479801243140099 0.014077166037776392 -0.05403134175097438 -0.0008509462863577781 0.9985388775601116 0.7783485967460702
0.9967485758460947 -0.02117490597580831 0.07774252314980647 0.12497911270676812 0.02108277525752085 0.9997757216622913 0.0020057323065943993 0.02292871333446054 -0.07776755837894993 -0.0003601826766064881 0.9969714525161774 1.0932283526887956
0.9937134022702251 -0.027805544054527495 0.10844595828506366 0.18562202152857327 0.027742739334032707 0.9996129151502054 0.0020881281455488016 0.030615155007451045 -0.10846204203673261 0.0009335870286423903 0.9941001528279141 1.3902135980082282
0.9889576501477104 -0.0355112367796257 0.14388091699978986 0.2724548147180552 0.03552953905023874 0.9993656406078378 0.002442995571763997 0.03399963231181008 -0.14387639858293863 0.0026960034991552074 0.9895919934477725 1.7266170110447165
0.9827087432635979 -0.04287007587565051 0.18012685115688962 0.37447711596953887 0.04286642059650172 0.9990731431845608 0.003914658678153346 0.039522642381156096 -0.18012772107181094 0.0038744240525006796 0.9836355996708017 2.078474329508293
0.9746697505143213 -0.04818248973491474 0.21839717286470484 0.4920723921471938 0.04798480885014309 0.9988287477907724 0.00621214184746225 0.045186975233406576 -0.21844069115429515 0.004424959848698913 0.9758401939756178 2.4656792524225883
0.9645695847097766 -0.055462636179726334 0.25793296074911487 0.6420185880955608 0.05442089292428471 0.9984554706429245 0.011182108769801056 0.052222216027120884 -0.25815476494950207 0.0032510200263047564 0.9660981048540856 2.903796724580393
0.9538330021106476 -0.06321708166157276 0.2936089315242018 0.7926570343235021 0.06133831265961038 0.9979949284134486 0.01561199093990401 0.05659212245893939 -0.2940071691041925 0.0031182442543527516 0.9557981277801861 3.2991768275887483
0.9407685308670138 -0.07099650599515286 0.3315329055565994 0.9590557581577381 0.06829507190035747 0.9974685136499348 0.01980776189061065 0.06429173814223448 -0.33209991641740266 0.004007544568728972 0.9432356996541661 3.6904899797996067
0.9242107334888274 -0.07610899746018981 0.37422177997766026 1.159390568438498 0.07189598792920429 0.9970930429822843 0.025227575309810724 0.07837925304288199 -0.37505397881335334 0.0035894486948944045 0.9269960241739655 4.1220797012476345
0.9065623757997768 -0.08112383907239656 0.4142023436901585 1.3821270027144397 0.07510268827155131 0.99669903182554 0.03083222619950714 0.09381888187922553 -0.4153363034923031 0.00315637326488662 0.9096624606463445 4.536276813181405
0.8875242879209985 -0.08681403788594302 0.4525085205565338 1.6145320881349488 0.07893660598788113 0.9962183883560575 0.03630337362248384 0.1111756263222631 -0.45394895151926384 0.0034993609699051874 0.8910208212423342 4.93627416958007
0.8667753470312061 -0.09307349582556221 0.4899365491099245 1.8742968137189235 0.08407541069921456 0.9956400968722809 0.04039953979828688 0.1274776154396022 -0.4915605996158468 0.006174291454411684 0.8708214828714007 5.324874260159691
0.8440059193107471 -0.09993131892575235 0.5269418750357391 2.1385658801288807 0.08984238210242004 0.9949485726555335 0.04478486517652672 0.15198256687073003 -0.5287554770842413 0.009543021978204246 0.8487205524699754 5.677175287241488
0.8184761687175807 -0.10628842955539122 0.564623353204629 2.422070992044076 0.09486815889190287 0.9942512363078093 0.04964384683778625 0.17147627828482237 -0.5666540334894399 0.01293247242570206 0.8238543302593653 6.02492153836169
0.7892650960955867 -0.11114031668556641 0.603910952121467 2.721426531475109 0.0983063384529451 0.9936687372239095 0.054390297699281595 0.19587776826486047 -0.6061323881011471 0.01643991091440219 0.7951938489600678 6.3844226068742405
0.758069627987811 -0.11459617910671493 0.642026599804528 3.0440856134187984 0.09946832800508348 0.9932398841286355 0.05983798375620475 0.23004588456614572 -0.6445436299012619 0.018499954331738438 0.7643436797955673 6.737602728279019
0.72741117677531 -0.11902423746086926 0.6758004223135834 3.3748242429176623 0.10194137617747451 0.9926577845693313 0.06510359864823198 0.2613748710963709 -0.6785874562098844 0.021534939766947238 0.7342038617739848 7.05996744964893
0.6958438949785377 -0.12235417743493929 0.7076939515675665 3.7308349429859766 0.10319052403849654 0.9921898658310725 0.07007842671449599 0.29294190286623184 -0.7107411551118722 0.024263664322148677 0.7030350524859368 7.382267778995413
0.664967544163958 -0.12741443399852817 0.7359237237767168 4.135916503006734 0.10657459947789119 0.9914451221061895 0.07535532229358678 0.33366066828151814 -0.7392293419194625 0.028321932502531857 0.6728579702913836 7.715688383413278
0.6358549807092124 -0.13098092157613114 0.7606132011018181 4.539841043881852 0.10936108032438817 0.9908415076904249 0.07920391876699523 0.3801763688847723 -0.7640213332215078 0.03281927514180416 0.6443557228438316 8.024602134733708
0.6072745982079686 -0.1338797965505693 0.7831307441589358 4.939728122015871 0.11266675735438783 0.9902500490178854 0.08192095096691165 0.4229177925310851 -0.7864628180394785 0.03848428894567002 0.6164375031953753 8.30331878497456
0.5803447997742215 -0.13519016778807072 0.8030713118450019 5.395043011728271 0.1163447403295296 0.9897730227846974 0.0825425027806727 0.47425167278482344 -0.8060172546370663 0.04553001099358882 0.5901382916963197 8.605488045569093
0.5558696409078338 -0.13780330118440492 0.8197677674193323 5.8975062886511695 0.12197918592519931 0.9890105879716102 0.08354121785727057 0.5240702418278365 -0.8222712572612653 0.05355657814620416 0.5665700948861032 8.929407077037448
0.5332202133076657 -0.1399362952643685 0.8343225020265311 6.4436073213622365 0.12834488427584764 0.9881897312312586 0.08371765506338708 0.5829810503183044 -0.8361840675355797 0.062441079080813956 0.5448828468972727 9.260447548853644
0.5139867059146602 -0.1408842975906298 0.8461496799239433 7.046938957116687 0.1336155352891726 0.9875295375412412 0.08326044206566843 0.6419642397163551 -0.847327891003468 0.07026398206746842 0.5264013848306613 9.619331310831111
0.49990261207847253 -0.1448829340911313 0.8538772241055884 7.691934654800338 0.14091017915250226 0.9863779812588833 0.08486930834441758 0.7073797292147177 -0.8545418069634335 0.07789360369629214 0.5135084095269279 9.989474207736045
0.48762102323110484 -0.14838967932008598 0.8603523933681668 8.32602208954475 0.14794284847712966 0.9852426174997352 0.08608076583502162 0.7669903311730812 -0.8604293412521006 0.08530819265201216 0.5023782051193342 10.333169954442013
0.4794922647491979 -0.15230951741274723 0.8642273884523571 8.97097831001786 0.1531138202220268 0.9842369348968403 0.0885088359537623 0.8297658668011171 -0.8640852539551304 0.08988585478466121 0.4952546890307338 10.69397329311055
0.47448960785573635 -0.1564822548374584 0.8662406801564416 9.604184670284678 0.1585336768939042 0.9831725882792195 0.09076747736298409 0.8860011320448704 -0.8658675911058279 0.09426009536026038 0.4913128830951473 11.031973712710364
0.4641637724915734 -0.15960500284156065 0.8712509600421319 10.305799014606306 0.16257717467113186 0.9822720272824339 0.09332913100640051 0.9542444843482125 -0.8707012430118286 0.09832551798186988 0.4818832202217191 11.406122983186423
0.4542332217782789 -0.16344580239541615 0.8757611831499746 11.032496172989836 0.16648872658175876 0.981281772955289 0.09678629028384672 1.0192832487684327 -0.8751877993631477 0.10184081571277426 0.4729426647077291 11.788304159962404
0.4405358343906181 -0.16565281414553418 0.8823192867570262 11.715963107211723 0.16904381980123945 0.9805536033971015 0.09969361991605256 1.090191836933373 -0.8816758846678117 0.10523201048457347 0.4599715843012551 12.129407662579757
0.4248269364256133 -0.1685016694773019 0.8894544740854307 12.45796905084033 0.17190519074222252 0.9796629682705402 0.10348465584440382 1.169612056550672 -0.8888029474991113 0.10893877171474216 0.4451535291718749 12.490407377144262
0.41243270303842283 -0.17154258155079802 0.8946912362258324 13.202467193378345 0.1755490593329205 0.9786692047316701 0.10671979889977093 1.2478790250231944 -0.8939137504433787 0.11304746978490318 0.4337493243147297 12.85087886761856
0.4002988810743591 -0.17493414115306916 0.8995325742126599 13.958563041003766 0.17861077111533674 0.9776784598294734 0.11064818853941376 1.3295969082850927 -0.89880976755496 0.11637386065825499 0.4226087153659898 13.195032971794062
0.3873410419585088 -0.18030790495462565 0.904132720691697 14.783859075390307 0.1832223414291331 0.9761820288574115 0.11618184082314272 1.416485988500835 -0.9035466179537849 0.12065531876673145 0.411151800722769 13.560293456730777
0.3750083620370688 -0.18392578797992756 0.9085923359341292 15.582847240259177 0.18675432683343093 0.9750142582686451 0.12029138614978205 1.5100409046888277 -0.908015170474187 0.12457327437619453 0.39998743667761183 13.900856860190604
0.3618855828653987 -0.18538996378199807 0.913602422415287 16.394829126355507 0.18881995701572796 0.9742893743581946 0.122911508189009 1.6103924538873118 -0.9128996925986719 0.12802646734807469 0.387586603111644 14.231364041597919
0.34982608168434015 -0.1875414642440564 0.9178507023272232 17.219927046181876 0.19331878778946518 0.9731209350096375 0.12515387382570672 1.7102555823187333 -0.9166512744010088 0.13365569585754475 0.3766783722273451 14.55018060593163
0.3318982739944432 -0.18857009217836168 0.9242753139921858 18.0174670010515 0.19566946225033305 0.9722675814202784 0.12809844519676228 1.8111326050936318 -0.9227984597203092 0.13833680079793154 0.35959134066717796 14.849269537360218
0.31040405637408375 -0.18912226491185236 0.9316018949643273 18.8568464284481 0.19692361742262982 0.9715441461396981 0.1316170999637608 1.9197565808703285 -0.9299840916315182 0.14259993343720756 0.3388138844498608 15.15318024067826
0.28656747024481205 -0.19010594530877145 0.9390094858710148 19.70454719324398 0.19924256735841267 0.9705120628795558 0.13567879406044941 2.0342674113180363 -0.9371133785993654 0.14820953195907427 0.3159943833148858 15.43396375748263
0.2607065113801079 -0.19069354104742178 0.946397426204662 20.53280787074314 0.19916558011092841 0.9698342192714486 0.14055126761867712 2.1532679882249592 -0.9446508278846163 0.15184716175462384 0.2908216856494269 15.686279948641412
0.23290508839953378 -0.19147467324517414 0.9534635123082892 21.377508797123284 0.19992641751894402 0.9689113371518134 0.145740345535222 2.2724790072650625 -0.9517271916760844 0.1566788761905664 0.26394522609817167 15.91900554946399
0.2030288396316003 -0.1929157092380957 0.9599806349125012 22.185601911646135 0.20039555887507615 0.9678344974535158 0.15211181913989108 2.383488992534014 -0.9584471348285163 0.16149276970831716 0.2351577663419701 16.114735596134516
0.1722297517326648 -0.1927192490183319 0.9660208091319332 22.99782822582517 0.19883108454349915 0.9672913364564258 0.15752355454216213 2.512891388384888 -0.9647813806440092 0.16494472248044742 0.20491492402577133 16.289409292388445
0.13994656808584788 -0.19165100489453107 0.9714344292868716 23.79747859435139 0.19645586164031614 0.9669590469437731 0.16246629176771207 2.641580909848589 -0.9704741379903715 0.16810738787009574 0.17297356340013087 16.43270924239788
0.11161674226952045 -0.1900068236083913 0.975417402872939 24.585695113688576 0.1945618966751608 0.9667329407891788 0.16605146658572492 2.7706609939915383 -0.974519046097768 0.17124493620354367 0.14487166947799268 16.546044925404516
0.08350290189471493 -0.18747603504206103 0.9787134420554722 25.463698154390542 0.19534114103814795 0.9661682277215817 0.1684066339526225 2.924350010555425 -0.9771740397662416 0.17712055788712416 0.1172996333356498 16.640347961883997
0.057080048919740556 -0.18528457889642308 0.9810257350541296 26.321646095957007 0.19969580482612426 0.9648891934872617 0.17061778871603095 3.071331026481017 -0.9781939754211157 0.18616785199028552 0.09207647547097259 16.70485276882367
0.029938604163004645 -0.18160510221903353 0.9829156967048526 27.175011814745663 0.20151889716384658 0.9642609246353129 0.17202035724680623 3.225824265556146 -0.9790269731047446 0.19292603782140497 0.06546548605101676 16.755967840170616
0.004287269797472071 -0.18015133512065065 0.9836295622702336 28.05181442919754 0.2048162395220137 0.9629437068736881 0.1754700128808969 3.3805608291086684 -0.9787910539771731 0.20071102074028727 0.04102631847542704 16.786275034598756
-0.021690582819255122 -0.1780922857621783 0.9837746979715243 28.878402764824738 0.20844596192001316 0.9615755317714003 0.17866946481642884 3.5330122199686986 -0.97779333173028 0.20893930805511754 0.01626548410737433 16.782938372279787
-0.048979647411838856 -0.17146268514709329 0.9839723277316091 29.773887776609776 0.21103845284647665 0.9611362675349252 0.17798833290190266 3.7044702914161594 -0.9762498479178258 0.2163738034771812 -0.01089089570424634 16.76243082702042
-0.07562389143867776 -0.16088842880611434 0.9840711054186944 30.641627629786633 0.21393701503037107 0.9612970536924044 0.17360566857737553 3.870810295184476 -0.9739157975120674 0.2236579711045476 -0.03827703381704861 16.716622390551674
-0.09816936460902081 -0.14844181529637226 0.9840364847523587 31.47333347837344 0.21631940522675494 0.9619866657449239 0.16669604029882454 4.025444007030603 -0.9713746397629518 0.22923063146203224 -0.062326774542838526 16.657657378324863
-0.12266163194589408 -0.1370085957589425 0.9829459643014629 32.378273820018414 0.21843995725897555 0.9624096550661385 0.16140520719039186 4.186038577717168 -0.9681105872373605 0.2345129005484327 -0.08812258708920184 16.573526170370837
-0.14794002488979902 -0.12789095255529373 0.9806924356239859 33.25917725255801 0.2230668545838058 0.9617370537812926 0.15906922320224864 4.3342204341828765 -0.9635117681801781 0.2422926817685156 -0.11375117115761019 16.462722981804806
-0.17099732701530945 -0.12352270778083048 0.9774978541235325 34.11216478958426 0.2262660824198124 0.9606715079585918 0.1609779914862775 4.47420424771401 -0.9589387749486461 0.24870141627875164 -0.13632326082123003 16.339593121683674
-0.19291666752785447 -0.12315555130320191 0.9734556330789566 34.935531735339104 0.22837538738808752 0.9592106515957872 0.166612149318489 4.60716153862113 -0.9542682232083852 0.25445556792569884 -0.1569220256252189 16.200065933545584
-0.21140144430613383 -0.12524407580755081 0.9693417100385153 35.73411160578692 0.23180147921362781 0.9570370401630675 0.1742072845500136 4.741265350205242 -0.9495143514342765 0.26152251381291786 -0.17328725051000582 16.052017510205236
-0.2309582137315887 -0.12631275893455596 0.9647296981228755 36.54055854055633 0.23574780890325675 0.9547261180348308 0.18144147855288206 4.881502427000237 -0.9439710133829466 0.26933831229976024 -0.19072388266887158 15.876127024744648
-0.24835643016789533 -0.125328842511353 0.960526816298756 37.33708629234678 0.2377150650543136 0.9533871427832104 0.1858615178617948 5.026926734435663 -0.9390477258587463 0.2744915977046134 -0.2069872733988396 15.693545409437316
-0.2593875319080117 -0.12194316346109887 0.9580438263335194 38.102929822012754 0.24175687137689608 0.9522148304184088 0.18665618627116626 5.171809404744449 -0.9350249854590655 0.28002996556858184 -0.21751205702428017 15.504305760525861
-0.2718340844653518 -0.11807592319395041 0.9550729327568552 38.94098232437909 0.2448708305788633 0.9512915088221474 0.18730387495858242 5.33559832916676 -0.9306688491910009 0.28478507967374095 -0.22968010697646274 15.295823514766186
-0.2819559807928107 -0.11540601574791585 0.9524611679351321 39.80917771367867 0.24569320705857772 0.950950920195857 0.18795530155843876 5.500493685966729 -0.927434996590292 0.2870083603448593 -0.2397718252666905 15.067252395054272
-0.29505349234733735 -0.11461224351075625 0.948581820556915 40.679371334083896 0.24696213755470622 0.9498967127191943 0.1915879374587008 5.670032459219849 -0.9230130764339421 0.29079248408908337 -0.2519654578096968 14.829195730874575
-0.30729935389105406 -0.1134093842241126 0.9448308942176099 41.50262089948552 0.24846355035607282 0.9488707650989558 0.194705252330227 5.833855229589112 -0.9186038162573656 0.29458883670368385 -0.2634092747930002 14.588011706687182
-0.32001597959804534 -0.10985353664999133 0.9410217708891715 42.27290100191885 0.25365394997952884 0.9470595924506129 0.1968192114786098 5.994978816099994 -0.9128249812870406 0.30167918196781174 -0.27520941972531726 14.344947357987907
-0.3275918953270478 -0.10595670456748979 0.9388592689392966 43.09556855235032 0.25701874943781644 0.9462248940661767 0.19646834932597593 6.166726058499528 -0.9091891511415288 0.30566587412835355 -0.28274274675028543 14.084328111449322
-0.33113531584705164 -0.1019788537238243 0.9380563501155186 43.906017268201055 0.2624877068219058 0.9449467311693263 0.19538648627728172 6.33580197497944 -0.9063385715979713 0.3109276260572226 -0.2861370388261007 13.825295351827359
-0.33142430540080786 -0.09987592274543544 0.9381805422440502 44.71772217261006 0.2694543111190035 0.9429454974286133 0.1955713759692066 6.501510367148025 -0.904185989721681 0.31761389915249816 -0.28560305855535123 13.562767782174271
-0.3265961205284737 -0.09788250688712197 0.9400819054216731 45.57171029817817 0.27577108091246183 0.9414768574881536 0.19383404692314482 6.672504369075484 -0.9040383205307856 0.3225528509558147 -0.28048952449628656 13.295046891311019
-0.3202393615781818 -0.09577240371135175 0.9424831022269569 46.42933206746668 0.28142140458165305 0.9403473648768098 0.1911774736011791 6.842288797180598 -0.9045710278022883 0.3264574705173552 -0.27418383541726543 13.032902046894842
-0.3117121588820891 -0.09372842538398374 0.9455424434048988 47.249295984005606 0.28771475591392665 0.9390949055652558 0.18793876016078484 6.999822149013869 -0.9055692956557532 0.3306293099778397 -0.2657602493773679 12.794590038777937
-0.3036107349484588 -0.09226739238323996 0.9483181164181427 48.137286372372266 0.29236680423813405 0.9382624810156035 0.18489231595181255 7.169290814494251 -0.9068308405671024 0.3333920290307516 -0.257890638789238 12.544732817084292
-0.29821091065299704 -0.0911777179129167 0.9501351885514518 49.02470725551945 0.2956842973721546 0.9376361033169927 0.18278220384944777 7.332005580129981 -0.9075467200398256 0.3354477030965012 -0.2526534967742106 12.313063706076653
-0.29616035178669836 -0.09032968020981748 0.9508572947097641 49.955637811810945 0.2981283380520586 0.937038608069366 0.18187397020393695 7.505918176650768 -0.9074186134744519 0.3373413639929399 -0.2505838463658147 12.063051712407667
-0.2964208364798256 -0.089845453428883 0.9508220034258562 50.87497540959 0.30234295199245786 0.9355346929706272 0.18265699447007366 7.674153207392589 -0.9059378715348457 0.34161767042486635 -0.2501478366334607 11.818446673377819
-0.29671668477839036 -0.08855693143646945 0.9508506080708357 51.754310070806824 0.3066109951588267 0.9341401365999411 0.1826797822441158 7.8361055934216095 -0.9044052778604488 0.34574539055148673 -0.25002243557441933 11.581796241966074
-0.29922879115285794 -0.08700862739384799 0.950206098330377 52.71440494106764 0.31057934560546674 0.9327238484746133 0.18321215180764283 8.01355247572953 -0.9022209267294122 0.34993673891968713 -0.2520747471004887 11.317744647383826
-0.30061551975623124 -0.08508707889104411 0.9499423657714612 53.66176229794027 0.31574129138484663 0.9309706132720532 0.1833061759420201 8.191254149734183 -0.8999654138889563 0.355040710665195 -0.25299871061733303 11.049898233177817
-0.3014310020184687 -0.08370741058840386 0.9498065173679987 54.599095063324924 0.3208105324839252 0.9291581314533701 0.18370021502834985 8.367565165343269 -0.8978975182444388 0.36008087448053383 -0.2532228476338811 10.788082517196349
-0.3039666053857431 -0.08140732134931335 0.9491981620510006 55.57577196023984 0.32540124922799185 0.9275494198205447 0.18375554628754268 8.549218569996935 -0.8953872513114816 0.3647258173221366 -0.25545400440699534 10.505652781636524
-0.30441000745146407 -0.07992333638865931 0.9491821783324342 56.54448304313696 0.3302830150686772 0.925797916074995 0.18387862450089335 8.730988040018522 -0.8934470758363607 0.36947324516357316 -0.2554248300141445 10.232929328677805
-0.30625394356602864 -0.07794484442359345 0.9487534575842332 57.52359938232169 0.3350175487695383 0.9240593713565122 0.18405846958142813 8.910120070976731 -0.8910509323639731 0.37421768990253423 -0.2568839358490619 9.963644957056706
-0.30635581417336827 -0.07653163200782612 0.9488356150695397 58.48965639094178 0.3392329123244058 0.9225436305413528 0.1839409713562551 9.08535221499168 -0.8894195558441894 0.3782276550568444 -0.2566645566339965 9.690694991990457
-0.3058276134816911 -0.07585991419745458 0.9490599265852753 59.44920217768247 0.3451727465469584 0.9201696074999977 0.18478005432007352 9.260896880211686 -0.8873134992060712 0.3841004645288195 -0.25522850012375664 9.418231083906635
-0.305811280990556 -0.07517021031016449 0.9491200661143148 60.44882130551954 0.35048405756316203 0.9179877913745794 0.18563227165900875 9.441790713382282 -0.8852346501425358 0.3894198946755899 -0.25438506209656864 9.133949368318856
-0.3057437697258306 -0.07433596299840439 0.9492075178162771 61.438267790052045 0.3568287333625469 0.9153394725866117 0.18661968002261653 9.625770786744553 -0.8827196623621334 0.39576232075573237 -0.25333413340747846 8.850568564721842
-0.30467287854215186 -0.0734377212750166 0.9496216816052445 62.406454548353224 0.36226839571588443 0.9131539134679086 0.18684629989294127 9.80776313599724 -0.8808723213646112 0.40094492316548486 -0.2516090658969682 8.576259518028206
-0.3043601382587315 -0.07202813901765343 0.9498299076301923 63.38567678780258 0.3668013159171906 0.9113829601795793 0.1866491214437525 9.986831645100413 -0.8791027817499745 0.4052074124247494 -0.25096862759216715 8.307396243050984
-0.3021656335860432 -0.0686237581983824 0.9507821568005339 64.37655178714195 0.3736091265390648 0.9090827069023093 0.1843498103548984 10.171105149075636 -0.8769903935883574 0.4109250683785304 -0.24905508975292578 8.026278854574866
-0.3034832246860492 -0.0655798422792892 0.9505773070196769 65.36117764117043 0.37646562848356285 0.9082071722390321 0.1828479227775305 10.350221311364265 -0.8753122659397808 0.4133509605410459 -0.25093708477457394 7.761674450420409
-0.30548479569168696 -0.061684829276119985 0.9501968329974503 66.35446435253266 0.3785160290845233 0.907799856480712 0.1806240191660097 10.532342874654116 -0.8737303104089343 0.4148426236668247 -0.25397035705359927 7.492508280939204
-0.30780626866607913 -0.058267975173857595 0.9496631739932873 67.2943544765485 0.3830043423749424 0.9060922467655208 0.179734565605364 10.705160973420453 -0.8709552082006307 0.41904854542230513 -0.2565839860311762 7.231403579823803
-0.31322008557435044 -0.05823852345323502 0.9478931650659709 68.27983784396736 0.3862881814763036 0.9040045327990647 0.18318636829872295 10.880548107241502 -0.8675682214353678 0.423537576921732 -0.2606555238063085 6.947478054999415
-0.31871734212292224 -0.05894317182424483 0.9460153055449991 69.25593945172969 0.3925573355286631 0.9002359489987823 0.18834535952047943 11.066723391838071 -0.86273865924319 0.4313941801016323 -0.2637822344694648 6.65235183824985
-0.3241589309948708 -0.05918595549876607 0.9441493579555942 70.23914126333871 0.3946156145659925 0.8986018074324766 0.19181581900299627 11.2563992957822 -0.85976712207258 0.4347548899676509 -0.26793409908454924 6.3667544046879625
-0.332098212922455 -0.05607924678730386 0.9415762821213588 71.18640890966971 0.39789904352482114 0.8967371378974375 0.19374946884454866 11.442151614222404 -0.8552117446198598 0.4389961544196952 -0.27549092229867544 6.07683304812017
-0.3380369494603624 -0.05191915242027034 0.9396996447862972 72.07574849934375 0.4029405553776971 0.8943500405570617 0.1943628405521361 11.622681708779787 -0.8505115693695445 0.44434491846711016 -0.28140302734869743 5.799263982430172
-0.3424297807466332 -0.048820300977550496 0.9382741728675441 72.99472464692307 0.40567767703303104 0.8930768283822599 0.19452352290601552 11.807430020331134 -0.8474476193930196 0.4472475341677635 -0.28601079624020986 5.508289384727972
-0.3469286357383543 -0.045271368070101736 0.9367982840173149 73.90579447877958 0.41163005928842633 0.8901443902646937 0.19545756258201746 11.996829828507503 -0.8427343685853396 0.45342415872266667 -0.29018152300191535 5.209924596819253
-0.35015229612192666 -0.04332760465864571 0.9356901667726806 74.78925925195429 0.4172829745678737 0.8871155374109602 0.19723321834785032 12.172843434956414 -0.8386109280568254 0.45950924034083107 -0.2925456705970241 4.92074319289858
-0.35296557870561146 -0.045759509427029776 0.9345166491539948 75.73379757382263 0.42232612016533605 0.8834727730719527 0.20277205790406175 12.361716517754559 -0.8348987654051879 0.46624234743055204 -0.2925100425410066 4.611640590070832
-0.3542564757186328 -0.04937714249664177 0.933843802362194 76.67969993062756 0.4284211488227661 0.8790748608678682 0.2090040866383233 12.5561235461436 -0.8312386352021874 0.47411948577231544 -0.2902637499899016 4.301207872655391
-0.3544827033508117 -0.04884344359410853 0.9337860199440606 77.64852476331004 0.4346002112363803 0.8756102145109594 0.21078284711371917 12.763430264694328 -0.8279279373341584 0.48054247498211955 -0.2891613050179173 3.9825279528330246
-0.3539973673502782 -0.042827489993689266 0.9342653102892737 78.58647497510707 0.4389141317310613 0.8745031136744471 0.20639449881347613 12.95953585853997 -0.8258572811786797 0.4831253566876177 -0.2907742093955744 3.682876250387455
-0.35486714806541664 -0.03594772448957956 0.9342253841166699 79.45545080747382 0.4448844139920422 0.8723806823068156 0.20255814800904032 13.147455204810997 -0.8222816825217958 0.4875035448506158 -0.2935866624136878 3.3960910958268093
-0.35636041250898526 -0.031652344924356396 0.9338122859853664 80.40424920826406 0.45211979258186663 0.8687862080119013 0.20198568742371736 13.346941623960966 -0.8176765555842702 0.49417471994132933 -0.2952903598473085 3.0748828939540047
-0.35688781473143805 -0.029582307771263694 0.9336787320931893 81.30352645786104 0.4582272773413926 0.8654433455845792 0.20257240158438544 13.532963350462783 -0.814038604733531 0.5001326850449761 -0.2953107640320438 2.7712311647718497
-0.35547946228906224 -0.029452044636414543 0.934219957481863 82.17957185897328 0.4634760892753134 0.8624147572787 0.2035453293445536 13.71466440600009 -0.8116799040020277 0.5053447966434954 -0.29292041571833694 2.4821096512901533
-0.35503918044922944 -0.03113899112196833 0.9343326728622123 83.12799720747576 0.4679626120192865 0.8592933978956302 0.20646028694417068 13.909330959970552 -0.80929486227087 0.5105342491595335 -0.29051094013321643 2.174377916718118
-0.3525872289065154 -0.03268861842147097 0.9352078379898878 84.02174553725938 0.4729168177842793 0.8561502805006097 0.20822195046516687 14.098696000457316 -0.8074849407071414 0.5156919152211163 -0.28640865752759914 1.8834145890705163
-0.349667626974263 -0.03384484406233454 0.936262290801346 84.94513411689901 0.4746275268843544 0.8552145020289059 0.20817508554842093 14.28644907238386 -0.8077507421041652 0.5171679437570036 -0.282977130843331 1.6014665710708444
-0.3462146478343906 -0.033997874073606604 0.9375390990158139 85.8975601444338 0.4767927566796865 0.8542829853523621 0.20704890271440946 14.481727209090868 -0.8079629229133563 0.5186952144525058 -0.2795553428238762 1.3144018927306615
-0.34403508247359227 -0.03278781820238061 0.9383841542805996 86.7903069603383 0.4827303460215605 0.8510227732206526 0.20671635757659373 14.665756434520244 -0.8053640636738723 0.5241041866245273 -0.27695401514574525 1.0307783250134337
-0.3421926254801464 -0.029860551478384373 0.9391552345232448 87.75462838136431 0.49009634337429697 0.847096698897905 0.20550609948956572 14.868212101535104 -0.8016918243802587 0.5305992180371912 -0.27523569634074296 0.7333040093869166
-0.33940316170337753 -0.025328030449772665 0.9402999440068509 88.66468162029263 0.49664806223959584 0.8441180811736766 0.20200338440067087 15.058607870333805 -0.7988405323338357 0.5355587324553732 -0.2739172283581091 0.4535624474629224
-0.3340824087669922 -0.023107715111324423 0.9422605678127354 89.56069736093765 0.5047814138253701 0.8398618869060461 0.19956887327205233 15.240963059716874 -0.7959803191090249 0.5423080715100504 -0.26891873710499475 0.1818818615108898
-0.32413945553768875 -0.021499585096452917 0.9457649714407969 90.5050362451221 0.5142387856218202 0.8351313636371732 0.1952282685261317 15.426507788680757 -0.7940353170520354 0.5496302150629968 -0.25964310498042786 -0.09880020366832604
-0.3135712038853554 -0.020404644946097478 0.9493454326842854 91.42603747424404 0.5196261365158601 0.8331045801544137 0.18954006641166754 15.602470113137162 -0.7947715258761414 0.5527390062139295 -0.25063481934110443 -0.3516416165321524
-0.30374587933521807 -0.01926365784136219 0.9525583196179886 92.32229628897569 0.5253994957371199 0.8306480629192143 0.18433438487633547 15.771146754244109 -0.7947916775269198 0.5564644706134685 -0.24218481017358812 -0.5938499788844702
-0.29190415291863403 -0.019885633029866512 0.9562408311235493 93.22025649989125 0.5344081349593202 0.8257707468453139 0.1803070130189989 15.935426683015088 -0.7932212243744843 0.5636552450332862 -0.23041886630289266 -0.8265309803372716
-0.27851331082323477 -0.01946409364554119 0.9602351195164849 94.09172466165461 0.5427897300853324 0.8216278455086298 0.17408903583723834 16.085837051162624 -0.792344397726249 0.5696918750898637 -0.2182693813809507 -1.040683500854115
-0.2662059380825024 -0.019563910496084524 0.9637176204343865 94.99842229564192 0.5491179267465556 0.8186235541322999 0.1683002648404511 16.239431688891106 -0.7922145549377262 0.5739971515834401 -0.20717955719355602 -1.2524619017410108
-0.25209840906394726 -0.01741415390629325 0.9675449030361097 95.86187798056999 0.5574283571456071 0.8146806188907147 0.15990345791692986 16.377298935931396 -0.7910246638363284 0.5796483731087062 -0.19567254471451528 -1.4439306738813336
-0.23750836175885787 -0.012677442792811966 0.9713027646099126 96.72677212907914 0.5641599507296318 0.8121919572709562 0.14855226197238894 16.50551929837961 -0.7907675562941132 0.583252524202518 -0.1857502757037744 -1.6177057969444901
-0.22521266340376206 -0.005673589793168232 0.9742931112460166 97.64334187171671 0.5697998213894395 0.8103793645034976 0.13643111496821464 16.63094121651402 -0.7903210865130367 0.585878055542078 -0.1792748845964966 -1.7970144773845533
-0.210840976419228 -0.0005579589808792917 0.9775202153123803 98.54183001391112 0.5767558357590562 0.8073180418383217 0.12486106374771266 16.745592478286508 -0.7892393734352456 0.5901163173511756 -0.16989391812371463 -1.9649792059797933
-0.19721582003610516 -0.0011438676771795553 0.9803594299511909 99.4506081132905 0.5819573956833948 0.8046113249090568 0.11800934470410795 16.845682411489104 -0.7889432868951276 0.5938007303757965 -0.15801639999785877 -2.1186699904240043
-0.184234796526421 -0.0032856259688588407 0.9828767696974333 100.32928403682048 0.5881814695186279 0.8008056874810883 0.11292833928137483 16.933753883490834 -0.7874643475509072 0.598915232365929 -0.14560372857962695 -2.2618720420391223
-0.17411463258917698 -0.0019996284667695985 0.9847233602410022 101.22393999408227 0.5924070433355859 0.7985860151189403 0.10636856426050159 17.017991262246174 -0.7865990018584597 0.6018773778291108 -0.13786091662552052 -2.3976167340204375
-0.16742316072790592 0.002865291895720934 0.9858809640895954 102.14977892084941 0.5955375948908628 0.7972264628781744 0.09881771075248263 17.10491484147683 -0.7856872522342999 0.6036735516726792 -0.13518056327523048 -2.5331627069190086
-0.16135429056946632 0.009204165074637949 0.9868536245361333 103.04140808752237 0.5976709299031564 0.7966410297756037 0.09029135743116506 17.182686962564294 -0.7853370311296425 0.6043826213776706 -0.1340425100971126 -2.6613015763031753
-0.15840170530275405 0.011455715692742285 0.9873082934601262 103.9363661919329 0.5996529276896627 0.7955195930965615 0.086976682580434 17.250104829262376 -0.7844267117267206 0.6058195635479664 -0.13288111360218174 -2.791913093647987
-0.15476653480767683 0.011733381643271479 0.9878813934166579 104.86269968932346 0.6033795374300015 0.7928992697545987 0.08511099713539816 17.320339903954395 -0.7822917956327944 0.60923975229612 -0.1297939548198635 -2.9242499599977507
-0.15147341121437158 0.01234516186720891 0.9883842383777446 105.75304741131559 0.6065647158759075 0.7906810730183247 0.0830824062300215 17.38283892124022 -0.7804710444016878 0.6121037802113815 -0.12725529891315096 -3.049142372943716
-0.1459040966370696 0.010777339785228435 0.9892400333244074 106.64543741778111 0.6094266015675321 0.7886638638994197 0.0812928476625479 17.441510729448925 -0.7793017463642495 0.6147301511447048 -0.12163728617179592 -3.164974346390303
-0.1399091736058537 0.008293828337619435 0.9901296054317503 107.52055474566644 0.6134720287200774 0.7856432091336261 0.08010504303906396 17.4988845088535 -0.7772242231936675 0.6186242481132823 -0.11500672383507199 -3.279090338534246
-0.1353511690546091 0.006639403198611504 0.9907754434586664 108.37459522291476 0.6163381508483932 0.7835141683427278 0.07894828570011592 17.555769017669594 -0.7757624280953119 0.6213384474916791 -0.11014167614620712 -3.381583742952744
-0.13202280504713532 0.007460964949321636 0.9912185999816142 109.26053185472277 0.6188794940161113 0.7817473459660307 0.07654579649745108 17.60930900206234 -0.7743114043031062 0.6235506563841403 -0.10782591566529681 -3.479316219559782
-0.1266772509396627 0.009217292363612406 0.9919011622212435 110.15631407922075 0.6209259460013701 0.7805512970379049 0.07204611214179424 17.66718707316754 -0.7735656686259245 0.6250237709190971 -0.10460134850659708 -3.5760714119329
-0.1212643381453396 0.011461484791974175 0.9925540764414483 111.00259468720802 0.626018078244829 0.7768806053095896 0.06751215301304941 17.716001820256963 -0.7703222221933003 0.6295436120398408 -0.10138300910412212 -3.67379591080654
-0.11539065425096312 0.01380956325175653 0.99322419064093 111.88434435620059 0.6294567769954365 0.774529140062038 0.062360060048700816 17.76384965979519 -0.7684199130723073 0.6323874660028896 -0.09806594738435964 -3.7703725239950856
-0.1110344595724646 0.012325773901881776 0.9937401189874395 112.797954643514 0.6325104038875373 0.7721385268775671 0.061095697764775914 17.80700432385817 -0.7665519798170735 0.6353346918035092 -0.09353016427583527 -3.863446251998706
-0.105692884832843 0.009334098402238644 0.9943550114032358 113.71059006038328 0.6365279075911564 0.7688817383779696 0.06044084088177476 17.851615288865553 -0.7639772489762611 0.6393228816457996 -0.0872067431496858 -3.9543688859635107
-0.09952067467434528 0.0068694995395358616 0.9950117814822292 114.56759453962752 0.6407178706697803 0.7655215614032935 0.05879922815009059 17.890092494831006 -0.7612990513042466 0.6433735687784663 -0.08058663338615252 -4.0323008697861376
-0.09252545215353647 0.00965628855360906 0.9956634957630783 115.43056498490778 0.6447886935263927 0.7625541308587938 0.0525236918991579 17.928906547533565 -0.7587401277145631 0.6468523429667388 -0.07678193143005241 -4.107239514828923
-0.08692183363736378 0.012300536739442924 0.9961391929007914 116.34043066682257 0.6508226919124731 0.757746607206741 0.04743314198401216 17.97101674626739 -0.7542376406205944 0.652432966719643 -0.07387019296363367 -4.183542218417367
-0.08109145511710397 0.013660040657156092 0.996613053896163 117.24124892011848 0.6568879994118744 0.7527535019869913 0.043131444156050525 18.007196534727413 -0.749614789165513 0.6581607467295251 -0.07001499359978508 -4.256084351765503
-0.07440320460884203 0.012944846471071414 0.9971442193051993 118.13586019297168 0.6604263654579413 0.7498488386476077 0.039544089151829886 18.029881110210162 -0.7471955426472702 0.6614825395493629 -0.06434027447390128 -4.32164075640895
-0.0673677683005991 0.010905927658518222 0.9976686045657164 119.0231055782185 0.6652303808858646 0.7457322988634858 0.036767904185959877 18.05263512431567 -0.7435927138835103 0.6661564374632191 -0.05749327513429825 -4.389387579784287
-0.06008102218884154 0.010292159417536029 0.9981404421359092 119.86982188554786 0.6698373952050342 0.7417887110984394 0.03267066071954183 18.069671859881513 -0.7400730604188206 0.6705546805007333 -0.051461497266214795 -4.44579263553449
-0.05283028124413075 0.010018594536450598 0.9985532480279558 120.7324137271151 0.6735082398581554 0.7386407459609892 0.028222318284695347 18.087486023740265 -0.737289368041365 0.6740248334962945 -0.045770204319590946 -4.500882267131682
-0.044868629949317895 0.00991168255158087 0.9989437244387034 121.6309527288196 0.6768709118098701 0.7357391211012922 0.02310226020918904 18.099583879775796 -0.7347329955787656 0.6771925163718916 -0.03972053597018882 -4.550246475582193
-0.0388269981496393 0.00883324994350948 0.99920690445479 122.48694357517086 0.6793455988032344 0.7335482429303235 0.019913128345655173 18.11031607057338 -0.7327905714468244 0.6795799798325957 -0.0344823057431789 -4.595847156601874
-0.03405451882976812 0.00871073015411411 0.9993820155113133 123.3810459648254 0.6820800108462959 0.7310829362546225 0.016870065833790637 18.114950373476255 -0.7304841877489134 0.6822329979541459 -0.03083809253680253 -4.639503069024552
-0.028982359764188448 0.007973507977519778 0.999548120899155 124.27969901475652 0.685671555119137 0.727774958190107 0.014075820824823448 18.120549425110152 -0.7273338582267455 0.685769664976456 -0.026559843280333728 -4.681211980007327
-0.024700315113064197 0.009338968432487826 0.9996512782475362 125.19381145894332 0.687801826222967 0.7258266472185393 0.010214011545221613 18.121628474686734 -0.7254781473467462 0.687814264068514 -0.024351506446660565 -4.716659428126275
-0.020566193612464534 0.00814275187406327 0.9997553337053082 126.07083086799092 0.6916704740354813 0.7221650009548255 0.00834666061665712 18.120307525828967 -0.7219203467335074 0.6916729046217109 -0.020484286278469266 -4.747606330447117
-0.015640591321469832 0.00620192836010558 0.9998584439748114 126.93573327451865 0.6957600132051969 0.7182455557854643 0.006428500535401005 18.118915479917742 -0.7181040146996945 0.6957620697329263 -0.015548838964227152 -4.772463681171259
-0.011788111012498104 0.006286068605920014 0.9999107589081331 127.83050583959154 0.6982727529026524 0.7158220694797044 0.003731943132518012 18.11030406160439 -0.7157347294860772 0.6982544308397011 -0.012827580450613607 -4.793908297538033
-0.008296774488491088 0.007265184104728595 0.9999391884674848 128.71950235643328 0.7002883066125463 0.7138598591001015 0.0006238487927548997 18.102317344934495 -0.7138119158117354 0.700250896940167 -0.011010457741268298 -4.818412126544406
-0.004971463451479863 0.009119025374060952 0.9999460625090627 129.6022431307175 0.704412572765575 0.7097845461975041 -0.0029707421610028484 18.09536872762986 -0.7097733524731219 0.7043598095827379 -0.009952224054702918 -4.840773494550702
-0.002899479945070449 0.008714447682456827 0.9999578248194461 130.5167029928679 0.7079734061628098 0.7062271811665024 -0.0041017981234686696 18.083050497690756 -0.7062331408127756 0.7079316541751797 -0.008217288757032426 -4.860297487253831
