1.000000000000000000e+00 4.398956837314658088e-19 2.733407509747682871e-20 -8.673617379884035472e-19 -5.583667658079949532e-19 1.000000000000000000e+00 -6.100159232558060012e-19 0.000000000000000000e+00 4.145284534913582806e-20 -2.210423569125054137e-19 1.000000000000000222e+00 0.000000000000000000e+00
9.998884506593870292e-01 6.556376878977154994e-04 1.492167527695915583e-02 -5.073190644636859509e-02 -6.478979015933797412e-04 9.999996530766449565e-01 -5.235228832286894108e-04 -1.230136759981870220e-02 -1.492201360053107932e-02 5.137967805759679693e-04 9.998885285399494727e-01 3.872274562095773254e-02
9.993296658712456093e-01 3.655141590082660891e-03 3.642607405237669599e-02 4.132153907138279292e-02 -3.631150370349873688e-03 9.999931447126025885e-01 -7.247632479169968407e-04 5.995403321765874205e-04 -3.642847408514184038e-02 5.920088987396163530e-04 9.993360874966268348e-01 2.489137302907766802e-01
9.979699582924990153e-01 4.998514897198267845e-03 6.348997719460142131e-02 3.013861598934445066e-02 -5.046412235928275300e-03 9.999870903244644227e-01 5.940684884951668481e-04 2.715181702191427071e-03 -6.348618919834146668e-02 -9.132590554125739760e-04 9.979822993018847566e-01 4.120756266940046597e-01
9.953095006308859682e-01 4.653083088873390984e-03 9.662994740870178845e-02 8.665454972316830040e-02 -4.902574792307451239e-03 9.999852335488635946e-01 2.344664866859711826e-03 4.535204479026222479e-03 -9.661761227770207516e-02 -2.807402701312784830e-03 9.953176153944914839e-01 5.863932215373777179e-01
9.909434669346709468e-01 1.615308343626649682e-03 1.342700115070628031e-01 1.638158956261582810e-01 -2.230838587526592226e-03 9.999876816511065192e-01 4.433949512837645143e-03 1.838691513235263253e-03 -1.342611976471910218e-01 -4.693327944375649471e-03 9.909348634519075105e-01 7.827658975511757600e-01
9.847589525173061631e-01 -1.734438981252541066e-03 1.739160627383911084e-01 2.204227982899313598e-01 8.397265221461917926e-04 9.999860337928355714e-01 5.217957047708909370e-03 -1.076104386901396981e-02 -1.739226870254929058e-01 -4.992387868216273221e-03 9.847466553810226841e-01 9.579743513205296601e-01
9.760226115447335760e-01 -2.042141132578926058e-03 2.176595757019748056e-01 3.143992829682272783e-01 7.226024040869099066e-04 9.999808777661048920e-01 6.141819350190586349e-03 -5.535835142727013602e-03 -2.176679597900193219e-01 -5.837273077432210411e-03 9.760054231637573796e-01 1.200291902372868424e+00
9.642189556033049502e-01 -1.872436238554322889e-03 2.651005446680880784e-01 4.243075629727615095e-01 -5.895679942082971119e-04 9.999574391910208693e-01 9.207182765951072920e-03 8.645643699349933597e-03 -2.651065062191409472e-01 -9.034034779681374833e-03 9.641768133656803963e-01 1.396453299557582683e+00
9.498895874954942364e-01 -5.874026867793753597e-03 3.125304242983072411e-01 5.490654431380973532e-01 8.129736901397677457e-04 9.998664627484752376e-01 1.632163402569822286e-02 1.772740206240979582e-02 -3.125845689594867749e-01 -1.524967104114556202e-02 9.497675168444263960e-01 1.632649417395374947e+00
9.330804090930336914e-01 -1.541258120101327879e-02 3.593374469331472310e-01 6.836157033614597145e-01 7.112276119716692997e-03 9.996767418898871993e-01 2.440957250145765756e-02 -4.279974246284429240e-03 -3.595975089144966552e-01 -2.022038658798200328e-02 9.328884013165245070e-01 1.834060394818727513e+00
9.119586063347937532e-01 -2.122664580999465006e-02 4.097327513043495517e-01 8.347736214482029959e-01 1.005882346971557519e-02 9.995173268470349814e-01 2.939274351728651119e-02 -8.174688190246484631e-03 -4.101589007414083721e-01 -2.268353580409313702e-02 9.117319429117527463e-01 2.051022729574870418e+00
8.870064057332833762e-01 -2.309177683620478733e-02 4.611793609413656347e-01 1.032620889230852157e+00 8.667963353919181171e-03 9.994054813380548463e-01 3.336990036665222342e-02 -1.639915291787433227e-03 -4.616757594666003883e-01 -2.560182936374441609e-02 8.866792219054283608e-01 2.305324800510150318e+00
8.587992906978891838e-01 -2.532505490369126380e-02 5.116858567640438782e-01 1.203217157931787851e+00 6.926653749688952907e-03 9.992601355105582561e-01 3.783124388774107560e-02 2.019154571521522556e-02 -5.122653657400493277e-01 -2.894517441804541485e-02 8.583393127737161121e-01 2.512715352151995596e+00
8.265931411502690507e-01 -3.058408031471750860e-02 5.619683160655579712e-01 1.435756132079873293e+00 8.125246837032895283e-03 9.990667835311984879e-01 4.242101329535057086e-02 2.135740000551016038e-02 -5.627412953708273990e-01 -3.049878706791805255e-02 8.260702532377518503e-01 2.752364669913516693e+00
7.910197227349242688e-01 -3.617267848556869614e-02 6.107203368505158547e-01 1.657636977003477785e+00 1.003487692235971798e-02 9.988833784104966806e-01 4.616597810091289944e-02 2.164360146959157238e-02 -6.117083509829241983e-01 -3.038969544889900953e-02 7.904994405610812347e-01 2.940199665707686982e+00
7.529180370897561314e-01 -4.061676521862386813e-02 6.568597270959913859e-01 1.915486747971398618e+00 1.115190953139039848e-02 9.987377962706366352e-01 4.897396413511299895e-02 3.179114581502563014e-02 -6.580198116672754116e-01 -2.954814030203540415e-02 7.524206547116362165e-01 3.156884518904905512e+00
7.128119515108357618e-01 -4.382836289409929031e-02 6.999844202943026339e-01 2.215824618428757109e+00 1.218499398150814719e-02 9.986687845030062238e-01 5.012169916197159458e-02 4.128343022173633359e-02 -7.012493543220077452e-01 -2.719803978450332019e-02 7.123970925568900991e-01 3.401364020013827094e+00
6.713024898092118109e-01 -4.573815544191368876e-02 7.397708966844234180e-01 2.506248011468900305e+00 1.134702150577818029e-02 9.986113751718542764e-01 5.144479007721874941e-02 5.182173995490514662e-02 -7.410966350623090504e-01 -2.614081888049023944e-02 6.708892933064782849e-01 3.585765036277726914e+00
6.286844908504602980e-01 -4.616733715053904924e-02 7.762888497456501558e-01 2.853184008046006692e+00 7.047627375276986454e-03 9.985334771035971890e-01 5.367705284320837406e-02 8.131683323077927572e-02 -7.776285444072218445e-01 -2.827493555748103807e-02 6.280878797567057692e-01 3.815623717143791005e+00
5.869862685729478891e-01 -4.703566032738120545e-02 8.082293960015384249e-01 3.187775260588099346e+00 4.343091524366127221e-03 9.984794846501590104e-01 5.495321866758319518e-02 9.617272597530293621e-02 -8.095852457171964778e-01 -2.874656997099143962e-02 5.862980259920114179e-01 4.025403011317696844e+00
5.470937646171819546e-01 -4.807520998332600465e-02 8.356896406502297703e-01 3.576152828621992352e+00 2.099412631366444522e-03 9.984250494749641325e-01 5.606258113194622500e-02 1.150765577128505107e-01 -8.370687056393754100e-01 -2.891703058810977944e-02 5.463330475428685995e-01 4.218531217458124871e+00
5.081160041435532904e-01 -5.054706140566835731e-02 8.598041106935851996e-01 3.998250654856895459e+00 1.274679095297336128e-03 9.983194302710846069e-01 5.793695099987369868e-02 1.299573473732797413e-01 -8.612877074395216548e-01 -2.834271708481001309e-02 5.073265098513343174e-01 4.444772433728370054e+00
4.711808120323689453e-01 -5.035648112295167123e-02 8.805980095195763413e-01 4.410043954762700835e+00 -1.611525460340636423e-03 9.983181560107304842e-01 5.795051617418155859e-02 1.495580165494657665e-01 -8.820351803706611982e-01 -2.872427673830659639e-02 4.703072074358634058e-01 4.620122857915428760e+00
4.343015800137932092e-01 -4.969167141307823804e-02 8.993958316343535486e-01 4.860578652403872546e+00 -3.053954546171207436e-03 9.983902331720787560e-01 5.663581580880176769e-02 1.765988597495143919e-01 -9.007623579810407621e-01 -2.734373760352086513e-02 4.334506983760159082e-01 4.815188783422387431e+00
4.008931203876150429e-01 -4.851338897381329146e-02 9.148394084023726558e-01 5.377585541973187944e+00 -1.804128132153459945e-03 9.985531563932490418e-01 5.374326882641018016e-02 1.930900186091723536e-01 -9.161230628002088316e-01 -2.319579352129186312e-02 4.002255650920495400e-01 4.996909943584967095e+00
3.711834969443524868e-01 -4.685744562176592104e-02 9.273765022910361866e-01 5.860625999090784077e+00 2.312774959996281442e-04 9.987305902027595605e-01 5.037017639092481597e-02 2.164116440954937937e-01 -9.285595153356187570e-01 -1.848209611094012508e-02 3.707231487535554426e-01 5.176008365709939163e+00
3.456612894050716256e-01 -4.503885813116353942e-02 9.372778454280601412e-01 6.408314497957533717e+00 1.191156007467859303e-03 9.988677137961832209e-01 4.755913634683453517e-02 2.378676499153354329e-01 -9.383586040828357788e-01 -1.532290742863022873e-02 3.453235488919621510e-01 5.357957086838005090e+00
3.248847658001444705e-01 -4.447075211311493637e-02 9.447074817926004453e-01 6.976339573414120032e+00 2.210237671693469387e-03 9.989268512645853582e-01 4.626295103815190879e-02 2.635232158700567262e-01 -9.457510347443814913e-01 -1.294209908999960183e-02 3.246344057350303292e-01 5.517322173665332841e+00
3.100826344344133623e-01 -4.503558589151779312e-02 9.496423224786056938e-01 7.560861427961226511e+00 3.597486520478762953e-03 9.989258188712023534e-01 4.619812168904131877e-02 2.933520410286182267e-01 -9.507028105450290312e-01 -1.090890894138778731e-02 3.099115631050108899e-01 5.707697199375131980e+00
2.978835489671136094e-01 -4.658459055068129434e-02 9.534648666066944944e-01 8.176529859378790732e+00 4.429482007537405806e-03 9.988652697426386728e-01 4.741890501419223497e-02 3.123278496530077497e-01 -9.545919479668133478e-01 -9.901955343616189800e-03 2.977518757628991874e-01 5.918426786864015021e+00
2.877841438403479501e-01 -4.835092445698510599e-02 9.564739720561381553e-01 8.832242847150729048e+00 3.293143062346381208e-03 9.987687868462492569e-01 4.949813725537943743e-02 3.384774320559242877e-01 -9.576896459875556822e-01 -1.109497253344667034e-02 2.875890453907969380e-01 6.092228356715943427e+00
2.775876934083159608e-01 -4.999019523784890146e-02 9.593987895032730639e-01 9.493365947276945604e+00 1.512661168957691151e-03 9.986667585287635207e-01 5.159861653049028357e-02 3.701388881566028410e-01 -9.606991207865739346e-01 -1.287189476976242225e-02 2.772932188693176814e-01 6.259391742166288353e+00
2.667696268339488364e-01 -5.166744588172919594e-02 9.623743687221136822e-01 1.018543116473580490e+01 7.819936660384857897e-04 9.985732112904097679e-01 5.339410211120630689e-02 3.991241239837434174e-01 -9.637600173947501458e-01 -1.349135315362222018e-02 2.664294052123497569e-01 6.467797368138559655e+00
2.560879301251220430e-01 -5.374464741307314469e-02 9.651582611931144307e-01 1.089097707922388025e+01 -1.175495182215737487e-04 9.984514588498877297e-01 5.562976238237547083e-02 4.275061986787529467e-01 -9.666534925987295690e-01 -1.435956371217234594e-02 2.556850484208152974e-01 6.662493519494541161e+00
2.461075779521356144e-01 -5.542371081102618474e-02 9.676565798295851950e-01 1.161690115973502735e+01 -3.583161603748235722e-04 9.983584712523361215e-01 5.727333102484909177e-02 4.592554316811477411e-01 -9.692424610411550789e-01 -1.444212688787108352e-02 2.456837247242167899e-01 6.842489524720186900e+00
2.359624826781504536e-01 -5.674846179439165667e-02 9.701037588262928502e-01 1.238772738644337146e+01 -1.243357387284309279e-03 9.982749628874487691e-01 5.869882871642100736e-02 4.845978758379209106e-01 -9.717613788905790084e-01 -1.505690614836900469e-02 2.354848786634585744e-01 7.005304471331261773e+00
2.262699668441674195e-01 -5.943042480735225702e-02 9.722499219138933668e-01 1.315313466055263980e+01 -1.866500113932730758e-03 9.981086964444564336e-01 6.144547351092792542e-02 5.235382574473387285e-01 -9.740628496247882850e-01 -1.571796896429342866e-02 2.257310933982106249e-01 7.193868363756532602e+00
2.149211067602475600e-01 -6.283910438495413087e-02 9.746076896281133939e-01 1.391892183647385473e+01 -3.865918629466357382e-03 9.978653035932879556e-01 6.519118431186436691e-02 5.699012958820056651e-01 -9.766237706256669648e-01 -1.777871464029124812e-02 2.142193832202988202e-01 7.364674886415712329e+00
2.010417275069264209e-01 -6.670487177731210249e-02 9.773088905880601418e-01 1.470819495936807719e+01 -4.535198720055471679e-03 9.976047551593418827e-01 6.902307154758528795e-02 6.075998483066439304e-01 -9.795721885927017869e-01 -1.830880670266217536e-02 2.002576621324243245e-01 7.534907982727226283e+00
1.890488525014321353e-01 -6.924715261854003101e-02 9.795230200810203236e-01 1.550910731512093399e+01 -5.738966080584578799e-03 9.974155027762633408e-01 7.161968331407421451e-02 6.484094295343255654e-01 -9.819509216818671504e-01 -1.916106746824043291e-02 1.881628478392464721e-01 7.687414482381689673e+00
1.757217230168126865e-01 -6.997138248875824085e-02 9.819500319450443770e-01 1.630541399282955339e+01 -6.050985493259212165e-03 9.973751930587612113e-01 7.215337686775530335e-02 6.813753827492006199e-01 -9.844212912451119069e-01 -1.862068022773174375e-02 1.748370902269993366e-01 7.827032044528298371e+00
1.607243109363671596e-01 -6.925488174119942553e-02 9.845666258119164516e-01 1.710652998501226918e+01 -7.568059156974055526e-03 9.974194528741140431e-01 7.139439376269986204e-02 7.212280402307468252e-01 -9.869703326057034376e-01 -1.892607233436309835e-02 1.597854278609893985e-01 7.968675258043169229e+00
1.442229424610486366e-01 -6.829368792640690133e-02 9.871857466443411111e-01 1.789067994158377672e+01 -8.412148055362304519e-03 9.974949426717774070e-01 7.023585312725942609e-02 7.566422141169214521e-01 -9.895094723078665666e-01 -1.843397317925661930e-02 1.432871577294552445e-01 8.083559287483851108e+00
1.236582146704665597e-01 -6.699376694538179688e-02 9.900608386999760757e-01 1.871390109403420965e+01 -1.068332904209075632e-02 9.975707659266584981e-01 6.883627975635130125e-02 7.979401234739682547e-01 -9.922673680245067684e-01 -1.908931628901701372e-02 1.226421020832605263e-01 8.162515738372542629e+00
9.796729378328623838e-02 -6.564790530660570556e-02 9.930220264076453640e-01 1.952458960935751620e+01 -1.544216956819906804e-02 9.976015155590902683e-01 6.747411004382856958e-02 8.438660052539049827e-01 -9.950698297263746994e-01 -2.194466961830682586e-02 9.671857328136415632e-02 8.258872410381941975e+00
6.928815266811028106e-02 -6.514075037710831406e-02 9.954676375785498355e-01 2.036289492691828684e+01 -1.908622862977672405e-02 9.975966212699255431e-01 6.660853615843653763e-02 8.791094610249075014e-01 -9.974140991100832743e-01 -2.361490449735071870e-02 6.787833435112712588e-02 8.298368138794444349e+00
3.436154313048825348e-02 -6.467202032798927136e-02 9.973147933075936500e-01 2.122772263063688314e+01 -2.227287642545929675e-02 9.976066983711238123e-01 6.545834042182803458e-02 9.222262378905319302e-01 -9.991612585918333567e-01 -2.446231788972830570e-02 3.283887228403600117e-02 8.314235528360358174e+00
1.892668854022264168e-04 -6.416108111532178859e-02 9.979395285210639344e-01 2.206708468112084631e+01 -2.405544114731568775e-02 9.976504851100034266e-01 6.414705999998399077e-02 9.546862671868612260e-01 -9.997106167507499030e-01 -2.401801565678811021e-02 -1.354602304047430351e-03 8.297487320433086566e+00
-3.371213493229070074e-02 -6.331773765636014573e-02 9.974238511085044001e-01 2.291145836405345548e+01 -2.538598746440286560e-02 9.977233886953568165e-01 6.247872671233319075e-02 9.839106770062644447e-01 -9.991091336023788516e-01 -2.321429725141759687e-02 -3.524277019206091544e-02 8.280378270326869128e+00
-6.573107982352863199e-02 -6.144468804561500908e-02 9.959437525102909916e-01 2.372796834526681309e+01 -2.736151973844293261e-02 9.978379631187159760e-01 5.975572445915627862e-02 1.015633986780552167e+00 -9.974621744873620743e-01 -2.332272548461001432e-02 -6.727018824040745248e-02 8.211438502153285413e+00
-9.795407441614481514e-02 -5.829317835007716275e-02 9.934822028655262427e-01 2.455710493919476534e+01 -2.976532332486098165e-02 9.980080157136803631e-01 5.562397071707741308e-02 1.059818554036138893e+00 -9.947457171800583309e-01 -2.412272356377431065e-02 -9.949406812798705646e-02 8.132214154837470232e+00
-1.308364340424050809e-01 -5.436505548416745159e-02 9.899122441379362147e-01 2.540424418274008289e+01 -2.720641143831543582e-02 9.983161942001304023e-01 5.123072899977924172e-02 1.078645481725911015e+00 -9.910306027290995967e-01 -2.022911301799565353e-02 -1.320952103466924432e-01 8.016663034978176228e+00
-1.613864933424656312e-01 -4.887923852266590208e-02 9.856800711885389532e-01 2.621910866182921396e+01 -2.309198054530103850e-02 9.986862910297391593e-01 4.574333350815609073e-02 1.094471057345230536e+00 -9.866210908186796580e-01 -1.537894791111515773e-02 -1.623031982619302649e-01 7.864802176658313826e+00
-1.928358396334315661e-01 -4.249996120921512022e-02 9.803101934203148904e-01 2.706402048308568453e+01 -1.623069618666154665e-02 9.990630264515516501e-01 4.012024036277018341e-02 1.118824185890125333e+00 -9.810967943410343617e-01 -8.174495693528039189e-03 -1.933449628829470857e-01 7.670999347559424919e+00
-2.224593979129757260e-01 -3.683655074974065413e-02 9.742457944746472087e-01 2.788620276441001522e+01 -1.118130746304872580e-02 9.993166317822849143e-01 3.523134696613940131e-02 1.120106435779909981e+00 -9.748778440414161972e-01 -3.055796510506805178e-03 -2.227192583950626525e-01 7.471349692112961627e+00
-2.497477461874503257e-01 -3.050942391896810726e-02 9.678301616258614404e-01 2.868947576389113152e+01 -2.437348728779355645e-03 9.995201443407191189e-01 3.087944911222893080e-02 1.144087997250337052e+00 -9.683078738202747227e-01 5.353134303145245729e-03 -2.497022667804204565e-01 7.251802819318450055e+00
-2.768576942045808953e-01 -2.065966831471768503e-02 9.606888044008515815e-01 2.949454023740781139e+01 3.266017185067802628e-03 9.997428398379406556e-01 2.244075108624554032e-02 1.133874636972620920e+00 -9.609053886326007765e-01 9.350521870441236977e-03 -2.767190239511810312e-01 6.991362994137188203e+00
-3.011481971238768596e-01 -5.832167928742052962e-03 9.535595068146738296e-01 3.027301995731025031e+01 7.208455997933048594e-03 9.999388012517861357e-01 8.392371418292353044e-03 1.125500116050569321e+00 -9.535501124044748478e-01 9.401040378138304787e-03 -3.010877276444752226e-01 6.711441510668560539e+00
-3.263021369238828240e-01 1.156447372060702937e-02 9.451947748945375150e-01 3.105929610894043336e+01 8.706912622499351356e-03 9.999195116438276409e-01 -9.228211750105609623e-03 1.103091526842516545e+00 -9.452254335035756849e-01 5.218544156146634992e-03 -3.263765655923481779e-01 6.457259824511832669e+00
-3.522187845860787481e-01 2.661992885877807052e-02 9.355390379675719847e-01 3.184586500827248656e+01 7.911164149607699536e-03 9.996443968074479880e-01 -2.546553353573242223e-02 1.080945003031034579e+00 -9.358842641925159134e-01 -1.568235398012086251e-03 -3.523041304051827138e-01 6.169022850956788595e+00
-3.769356767704740152e-01 3.706066745325906076e-02 9.254976970214822130e-01 3.259622408399158644e+01 1.186219993339230130e-02 9.993104071257422616e-01 -3.518520140010370639e-02 1.049082346285864276e+00 -9.261634834860433818e-01 -2.284118027367608092e-03 -3.771153669643136364e-01 5.850638343201789660e+00
-4.004511299434940774e-01 4.194199084917941966e-02 9.153577152767822245e-01 3.338662141695064633e+01 1.511510601466087289e-02 9.991183368794905872e-01 -3.916736458508215252e-02 9.921465386704979572e-01 -9.161934512448679513e-01 -1.848885548723031404e-03 -4.007320258787511746e-01 5.510459756564507927e+00
-4.224083924988829564e-01 4.138182927231708053e-02 9.054604792205178665e-01 3.411698543455165122e+01 1.797554046174957079e-02 9.991432647984923587e-01 -3.727755781207885838e-02 9.563858685542682148e-01 -9.062273685775783516e-01 5.297891729522777359e-04 -4.227903623821300805e-01 5.133096875210215515e+00
-4.429026423432619874e-01 3.761085381424641993e-02 8.957804745817705694e-01 3.484654172859732313e+01 2.158938757930617056e-02 9.992774107380436588e-01 -3.128185885017817358e-02 9.094492143902469516e-01 -8.963097461726922122e-01 5.484534914652190035e-03 -4.433946022121745822e-01 4.753919545283595838e+00
-4.611871600495069390e-01 3.645547429975486836e-02 8.865536575014880682e-01 3.557763009144006361e+01 2.878780730043397490e-02 9.992443781034370254e-01 -2.611388387770335537e-02 8.738277630876372104e-01 -8.868357675333899959e-01 1.347854898277022449e-02 -4.618881513514913051e-01 4.356299647818674181e+00
-4.752807164815983643e-01 3.714505551061533101e-02 8.790497548148271667e-01 3.626867474230999733e+01 3.250979200644828204e-02 9.991675593507463038e-01 -2.464349227935946560e-02 8.255225643085171150e-01 -8.792333971914977342e-01 1.686514912284328704e-02 -4.760926527610496728e-01 3.977656860126170368e+00
-4.856314704241658786e-01 4.045809224289328293e-02 8.732268914335969967e-01 3.696310299529996968e+01 3.501946262642376823e-02 9.990269277497667577e-01 -2.681109492642575615e-02 7.840273993304514022e-01 -8.734619194661935593e-01 1.755962613358631394e-02 -4.865757377967917519e-01 3.550342090753822344e+00
-4.959518943998303397e-01 4.332867773271522477e-02 8.672683151806332980e-01 3.768246659281112443e+01 3.701645350075557367e-02 9.989013798296225710e-01 -2.873700548714723524e-02 7.404383509586420775e-01 -8.675606682013045079e-01 1.785102604456210301e-02 -4.970109068526532003e-01 3.177579170384432938e+00
-5.066366609149912659e-01 4.258888532771849811e-02 8.611071171632342924e-01 3.837025096223969456e+01 3.065390148440607157e-02 9.990375009281453611e-01 -3.137530892584870779e-02 6.890157740386886331e-01 -8.616145567220065971e-01 1.050041200997644218e-02 -5.074545403082678652e-01 2.779936866353642788e+00
-5.184109719425451512e-01 4.110915939963075139e-02 8.541428966790479693e-01 3.905606697917875181e+01 2.926473221483036347e-02 9.991116046369987735e-01 -3.032452600792763867e-02 6.656333545920962713e-01 -8.546307106675561371e-01 9.275697149907074016e-03 -5.191534677843249179e-01 2.370888697672191903e+00
-5.268092911173164472e-01 4.276816103540993785e-02 8.489068512548523238e-01 3.973177929909768125e+01 3.140275557474830198e-02 9.990307962388192964e-01 -3.084371986453132708e-02 6.254136378641076410e-01 -8.494032314340752565e-01 1.040925717059375949e-02 -5.276417448751193895e-01 1.938660492332390239e+00
-5.343008158349769054e-01 4.573826079404916256e-02 8.440560625626325475e-01 4.039621066562589391e+01 3.488039686089378089e-02 9.988775123369056930e-01 -3.204798283199012526e-02 5.765024286851058166e-01 -8.445744536742972874e-01 1.231774808597008164e-02 -5.352964396393778967e-01 1.498254940012736736e+00
-5.373995264919685377e-01 4.909444345313492691e-02 8.418975422584176194e-01 4.112580496561411536e+01 3.617356458449772633e-02 9.987271820578199621e-01 -3.514952321328754931e-02 5.442902471232062833e-01 -8.425516208373214910e-01 1.156509900029010877e-02 -5.384914369411668567e-01 1.052151249532951249e+00
-5.372004572868326333e-01 5.025797434817871195e-02 8.419559322293813652e-01 4.179848014789120469e+01 3.508191863708435415e-02 9.986907301912504309e-01 -3.723015381682209801e-02 4.978430914928395623e-01 -8.427247114601020828e-01 9.537374849019014320e-03 -5.382602643016207722e-01 6.122308977740551494e-01
-5.342963908235955905e-01 5.144177396295963878e-02 8.437304650807834205e-01 4.253578141731012607e+01 3.775634057867656435e-02 9.986026829710463737e-01 -3.697485962368066148e-02 4.581165080958908842e-01 -8.444535731348549179e-01 1.210064176587303739e-02 -5.354920637064215505e-01 1.486948297012839482e-01
-5.285693556642296898e-01 5.015927247986421561e-02 8.474069096920651134e-01 4.330008373818406398e+01 3.618554566243414872e-02 9.986767521780142154e-01 -3.654245314152682056e-02 4.098546001174921960e-01 -8.481185379012617931e-01 1.134866152851379296e-02 -5.296849692558386336e-01 -2.969741771943323894e-01
-5.212853708477086512e-01 4.865046235934593344e-02 8.519945313667650622e-01 4.402891134485569324e+01 3.362989291652225543e-02 9.987692591470704873e-01 -3.645541422058590914e-02 3.677205627408791644e-01 -8.527195344187236126e-01 9.648811737462612004e-03 -5.222799146870653608e-01 -7.631413190816672687e-01
-5.141027620989785385e-01 4.800798201044514241e-02 8.563840087057149608e-01 4.481722138778634701e+01 3.201909323947338404e-02 9.988106419881317422e-01 -3.677062770983701573e-02 3.238797783875317360e-01 -8.571307600036364160e-01 8.516759150692094701e-03 -5.150284831200865332e-01 -1.221327267816298079e+00
-5.074974942332807215e-01 4.658570043314834430e-02 8.603929639698264520e-01 4.562792717718624402e+01 2.903592596111389049e-02 9.988948933508587924e-01 -3.695817890594148281e-02 2.759295594699335830e-01 -8.611638755497742492e-01 6.226124192968343976e-03 -5.082893155399326179e-01 -1.705411072689594132e+00
-5.027499080959908495e-01 4.447970142184907993e-02 8.632867846633898168e-01 4.642541167760573728e+01 2.503843830988588398e-02 9.990055759043909855e-01 -3.689086433921453384e-02 2.324743483184882609e-01 -8.640692210762199732e-01 3.068475199919121384e-03 -5.033636649504688032e-01 -2.161127359829847272e+00
-5.023180137246620047e-01 4.160805335836020163e-02 8.636812892932593799e-01 4.725856404468067495e+01 2.038832339289421008e-02 9.991338220287876437e-01 -3.627563793441996448e-02 1.948583221121879538e-01 -8.644425612304339479e-01 -6.128920363289239994e-04 -5.027312365913974013e-01 -2.601524941516089484e+00
-5.024696533069575866e-01 3.904475349637315240e-02 8.637127654610919913e-01 4.809111446807032308e+01 1.740056866152694601e-02 9.992341281091476901e-01 -3.504821532853395760e-02 1.391696136986449450e-01 -8.644197360235846839e-01 -2.581570419232755761e-03 -5.027642280543870301e-01 -3.098745091215977077e+00
-5.037287807893500169e-01 3.784933282044165848e-02 8.630322878775875672e-01 4.895377995961653284e+01 1.620864409815293491e-02 9.992779369918078913e-01 -3.436399955838639886e-02 1.002585218395157796e-01 -8.637097935944184623e-01 -3.321551500975103259e-03 -5.039785444513108503e-01 -3.572452486362067692e+00
-5.041078947211803385e-01 3.737211174092536226e-02 8.628316998460019427e-01 4.982611736204216868e+01 1.632626003860120079e-02 9.992971409156101714e-01 -3.374429372310655539e-02 4.872663920291715051e-02 -8.634863612100510677e-01 -2.923949262354963181e-03 -5.043637259377073967e-01 -4.087392476463145741e+00
-5.038358273001044552e-01 3.650589017880789822e-02 8.630276737281337152e-01 5.070969048609112662e+01 1.584267835819471240e-02 9.993290386563931094e-01 -3.302244705435114502e-02 -2.110890790312722198e-03 -8.636541442960545822e-01 -2.965221177630545778e-03 -5.040761252282898175e-01 -4.594521464387089971e+00
-5.036836097261345735e-01 3.624207785285553374e-02 8.631276380656301983e-01 5.158639527623978438e+01 1.636971269738208418e-02 9.993406302236157446e-01 -3.240890709039404016e-02 -4.197478994631961835e-02 -8.637330988737167425e-01 -2.194682942560205983e-03 -5.039447695947160133e-01 -5.107767016241955282e+00
-5.044878954886544697e-01 3.560286971912358933e-02 8.626844066588429394e-01 5.247615902453240722e+01 1.588549862172774704e-02 9.993630960406018060e-01 -3.195392268529266555e-02 -9.911130558700771698e-02 -8.632726258346643533e-01 -2.416194345369247071e-03 -5.047321557033837003e-01 -5.632000723007923426e+00
-5.045019203258522822e-01 3.403579407597934203e-02 8.627394529209160279e-01 5.337431729519806822e+01 1.428712948088301134e-02 9.994149987773900401e-01 -3.107310931109181010e-02 -1.479949695920473873e-01 -8.632923621793385793e-01 -3.350372143483329717e-03 -5.046930610974443843e-01 -6.151368776088588675e+00
-5.048182066269747414e-01 3.343445582334111238e-02 8.625779396340446104e-01 5.424614698875282670e+01 1.396243119460090221e-02 9.994351715872453745e-01 -3.056776541574846018e-02 -1.991860738177088364e-01 -8.631127626481808202e-01 -3.387478483391504532e-03 -5.049998984641052013e-01 -6.641788050494843887e+00
-5.041476050339060988e-01 3.260831467971244541e-02 8.630016666620907717e-01 5.513861617040659269e+01 1.261868437849475617e-02 9.994583788474064034e-01 -3.039272497802199269e-02 -2.487560256759265565e-01 -8.635253171912936621e-01 -4.432472964855514730e-03 -5.042860232730537184e-01 -7.142792758636666406e+00
-5.030540515091918019e-01 3.146119898438084345e-02 8.636821178582091418e-01 5.605974919423036340e+01 1.205901922157403758e-02 9.994954343025130861e-01 -2.938463612959799423e-02 -3.071874838866862079e-01 -8.641708243301826631e-01 -4.366900101098304156e-03 -5.031796201099426602e-01 -7.673947969514651746e+00
-5.004452018628189336e-01 2.922388493211020705e-02 8.652748412643158638e-01 5.694532060307623311e+01 1.256329526919075512e-02 9.995700390858480722e-01 -2.649340579453072012e-02 -3.593407259259508435e-01 -8.656770621306700830e-01 -2.387793574744185437e-03 -5.005971794995754953e-01 -8.188258969506108542e+00
-4.983695495727168967e-01 2.786720536788227578e-02 8.665167034342856622e-01 5.781493877110445823e+01 1.329072226696465832e-02 9.996113923237857080e-01 -2.450348983622617841e-02 -4.047935787888417014e-01 -8.668628271829951215e-01 -6.951594138864484324e-04 -4.985462558466530747e-01 -8.679052164205305786e+00
-4.962424467486017954e-01 2.727446377432959923e-02 8.677554517500731812e-01 5.870995365951162626e+01 1.288417952886501856e-02 9.996276975563990197e-01 -2.405128214427763519e-02 -4.636095458651572354e-01 -8.680883851274455720e-01 -7.549491367181426511e-04 -4.964091047821478364e-01 -9.181662699955058571e+00
-4.945364210824114704e-01 2.756253406064602951e-02 8.687197599241954782e-01 5.961353803545357977e+01 1.358868560494932293e-02 9.996200797388327119e-01 -2.398007051960527811e-02 -5.079241241721035305e-01 -8.690506822427844780e-01 -5.425761420289215188e-05 -4.947230765086691462e-01 -9.696663112575564014e+00
-4.933075998052769973e-01 2.821197014245380857e-02 8.693973102324302760e-01 6.048570276793443412e+01 1.374537481987290338e-02 9.996019423962863026e-01 -2.463780436382686026e-02 -5.503518805034797179e-01 -8.697463360816128919e-01 -2.038232985254005290e-04 -4.934990202919237179e-01 -1.017659372028136922e+01
-4.938392878104757022e-01 2.885738605493943371e-02 8.690742174398964348e-01 6.136422841079203749e+01 1.241470172897896421e-02 9.995812953315698079e-01 -2.613635746031926430e-02 -6.053675714746489245e-01 -8.694645740166876413e-01 -2.117862042425735971e-03 -4.939907720590006601e-01 -1.067824669776388902e+01
-4.965812848823661363e-01 3.112046110972193497e-02 8.674321476557336208e-01 6.227719672054932687e+01 1.184091614391371769e-02 9.995069445056190549e-01 -2.908024358586213179e-02 -6.513374838901422326e-01 -8.679094610816634470e-01 -4.169512503363146522e-03 -4.967049387428926766e-01 -1.117740599661643053e+01
-5.003635441987644983e-01 3.156412582342838641e-02 8.652398604101846358e-01 6.312529022700198311e+01 1.058332507148428310e-02 9.994835726227637718e-01 -3.034108215725413518e-02 -6.991562865588172304e-01 -8.657507315769865652e-01 -6.024455814199671834e-03 -5.004391973881225919e-01 -1.167086235839664177e+01
-5.063896391434878907e-01 3.071620230432211412e-02 8.617575267024706331e-01 6.400835507224800836e+01 1.123894403808113097e-02 9.995155837942751864e-01 -2.902212720394491824e-02 -7.364476178057676181e-01 -8.622315418453430080e-01 -5.011259016383326666e-03 -5.064895546876549970e-01 -1.217405546561142948e+01
-5.114295777707419388e-01 2.826531207976284293e-02 8.588602015115199828e-01 6.488502029094202328e+01 1.351057140835890992e-02 9.995998440819398034e-01 -2.485188417711669401e-02 -8.109175414279682359e-01 -8.592189846561155697e-01 -1.106295625226502710e-03 -5.116068079246004485e-01 -1.269401498132915584e+01
-5.163823712706632207e-01 2.590472400678681120e-02 8.559662251646915632e-01 6.572818459457025142e+01 1.090363191126060040e-02 9.996602316615974537e-01 -2.367555755810439935e-02 -8.466982605305710674e-01 -8.562887185497034537e-01 -2.892498998327425793e-03 -5.164893776701687811e-01 -1.320296361370082039e+01
-5.217806376675161451e-01 2.846344172930668007e-02 8.526047064404780329e-01 6.658049274998388967e+01 1.187195962224824215e-02 9.995887103581979627e-01 -2.610491672348729322e-02 -9.029939188158281338e-01 -8.529970894973445406e-01 -3.498950548477540532e-03 -5.219039527268313217e-01 -1.372054936623794319e+01
-5.263313323258119736e-01 3.073602811080194605e-02 8.497238445959518494e-01 6.741655899256217310e+01 1.232231688911018287e-02 9.995172200909980820e-01 -2.852169743403485183e-02 -9.454578455832114425e-01 -8.501902734052404487e-01 -4.541295645445202374e-03 -5.264559704074921465e-01 -1.424794991365420849e+01
-5.310663265528013932e-01 3.085287715962045998e-02 8.467683530595596642e-01 6.823941890427475698e+01 1.113268917570032525e-02 9.995046725322430659e-01 -2.943590997598922662e-02 -9.901587751857481301e-01 -8.472571226133587263e-01 -6.205610834996052629e-03 -5.311467514975506399e-01 -1.477052265704924849e+01
-5.347381825829740087e-01 3.109933037410845744e-02 8.444453178118502823e-01 6.905970557134635612e+01 1.010234319312144045e-02 9.994863954028015973e-01 -3.041197208883185052e-02 -1.036547717658995671e+00 -8.449574134040328532e-01 -7.731565424871855718e-03 -5.347777158912114803e-01 -1.526873788852181235e+01
-5.384990540314987806e-01 3.084363724266318829e-02 8.420614145964349095e-01 6.988225461254521065e+01 1.063702723537659871e-02 9.994990433069391722e-01 -2.980798649708781348e-02 -1.088663415381813326e+00 -8.425589795984673724e-01 -7.094541475814923268e-03 -5.385573751208024840e-01 -1.577362709480609837e+01
-5.410812120921461021e-01 2.427912430395505125e-02 8.406197910976058729e-01 7.070444684577806527e+01 1.193622739240780654e-02 9.997041927940180095e-01 -2.119087928211859512e-02 -1.141275772947875078e+00 -8.408856402554798493e-01 -1.432156760235944694e-03 -5.412109587019096058e-01 -1.632559355563048342e+01
-5.428493274208089359e-01 1.634263446682111126e-02 8.396710743981157243e-01 7.152935041031945218e+01 1.228023704427364318e-02 9.998582190885125787e-01 -1.152117523492875162e-02 -1.180636023343058394e+00 -8.397403259659090846e-01 4.057098570546941591e-03 -5.429730543543785926e-01 -1.684550340814764624e+01
-5.451132308896616818e-01 1.311557087573332961e-02 8.382598251799000533e-01 7.234928049314687826e+01 1.294416414969224230e-02 9.998901035857538089e-01 -7.226987204680098212e-03 -1.207589407980673490e+00 -8.382625040133582228e-01 6.911047424944534445e-03 -5.452230961812123411e-01 -1.735137633799485357e+01
-5.458167937798115155e-01 1.839759432828198815e-02 8.377025387156814551e-01 7.314907576045183646e+01 1.301144672335013269e-02 9.998244762096293314e-01 -1.348031915526832526e-02 -1.240050153335422234e+00 -8.378035219426207547e-01 3.541938329494787041e-03 -5.459603704440010308e-01 -1.787835382182883492e+01
-5.472774626851113489e-01 2.337530170605275903e-02 8.366247434542097849e-01 7.395141995330168072e+01 1.300190243769793266e-02 9.997267301435264208e-01 -1.942718577449889863e-02 -1.291030088485910277e+00 -8.368502499483784218e-01 2.456532764855133316e-04 -5.474318328207601336e-01 -1.840157099697162835e+01
-5.477623079652413907e-01 2.868063913007728311e-02 8.361422499673172304e-01 7.474825260701751972e+01 1.960677988249845405e-02 9.995778153994879789e-01 -2.144213399774526352e-02 -1.318365180858895869e+00 -8.364042321776478106e-01 4.648865198556005260e-03 -5.480933873095077402e-01 -1.892762485012350382e+01
-5.470482617744892861e-01 2.849387856630265087e-02 8.366159724922347385e-01 7.553668788400987921e+01 2.155255742932491933e-02 9.995686300576327454e-01 -1.995096581135169522e-02 -1.378335777022686948e+00 -8.368235763996160204e-01 7.117073608034546993e-03 -5.474263987293672695e-01 -1.945828601475068709e+01
-5.469614308546414394e-01 2.642951577104633160e-02 8.367404980664601144e-01 7.631440861413328491e+01 2.208266796934770307e-02 9.996092304262887973e-01 -1.713890852435777379e-02 -1.406834719766860919e+00 -8.368665128884957838e-01 9.103141667702966192e-03 -5.473313303687105114e-01 -1.997746290088512566e+01
-5.464691237749661479e-01 2.145142843985858513e-02 8.372044673877429011e-01 7.713302921197985995e+01 2.046566743648055645e-02 9.997154228618202465e-01 -1.225682320093840483e-02 -1.434319978463779011e+00 -8.372291590063881683e-01 1.043597378920699606e-02 -5.467526301341912864e-01 -2.048131597386173297e+01
-5.451703629066579904e-01 1.518553319849384221e-02 8.381877249125210261e-01 7.792117476323464587e+01 1.841244467118656816e-02 9.998116359845360401e-01 -6.137947591129101765e-03 -1.462209742623319819e+00 -8.381230630352568545e-01 1.208685903171849603e-02 -5.453472763967414094e-01 -2.101685530455516115e+01
-5.451411109521596687e-01 8.487592708380215997e-03 8.383013283518947478e-01 7.873760147068202286e+01 9.742200496664963835e-03 9.999453653201855197e-01 -3.788916404663413701e-03 -1.485609200353527726e+00 -8.382877013260163768e-01 6.101406507581045094e-03 -5.451940163502592140e-01 -2.152540604509946931e+01
-5.435534675099683577e-01 3.784666043147436043e-03 8.393660056400850111e-01 7.953854548106745881e+01 1.690520809063618879e-03 9.999927427208755715e-01 -3.414182548308445503e-03 -1.513882775641330003e+00 -8.393728502005370906e-01 -4.368241315428182409e-04 -5.435559220264701841e-01 -2.200740296588940481e+01
-5.426847016543929758e-01 3.595133151265650969e-03 8.399287926695609974e-01 8.029444067894377213e+01 4.468140609026387267e-03 9.999890471067863773e-01 -1.393333456156411326e-03 -1.526980769328619925e+00 -8.399246167840175303e-01 2.996780160715058552e-03 -5.426948224271995747e-01 -2.249815073064905846e+01
-5.393713530025595615e-01 7.183426649967907321e-03 8.420373679550701151e-01 8.111294759435097035e+01 9.468735420520721369e-03 9.999521313955460622e-01 -2.465350011344454723e-03 -1.562641891885423906e+00 -8.420147850469331674e-01 6.643290877150868044e-03 -5.394135531983795806e-01 -2.301777010189163519e+01
-5.340277306211109742e-01 1.055343998810329663e-02 8.454010851842568286e-01 8.191365327372245986e+01 1.080206931608440092e-02 9.999256432396884664e-01 -5.658910845462205956e-03 -1.588476122796335099e+00 -8.453979595169643924e-01 6.110066797801978061e-03 -5.341020222278465290e-01 -2.350015122066175266e+01
-5.264224949464966219e-01 1.229248062664794854e-02 8.501342473988789950e-01 8.265458087880436722e+01 1.573174328306627123e-02 9.998651264418414453e-01 -4.716052618809960829e-03 -1.610176140091970076e+00 -8.500775734809968842e-01 1.089145858891874506e-02 -5.265448778164782961e-01 -2.397727856750448083e+01
-5.176101907049365236e-01 1.460221184430182499e-02 8.554919360246704407e-01 8.349107652065924867e+01 2.281732677099433323e-02 9.997343397057664172e-01 -3.258768878353632010e-03 -1.643907495145133790e+00 -8.553122658426383085e-01 1.783326817831591693e-02 -5.178058668720600943e-01 -2.448877983251101398e+01
-5.085496267746368870e-01 1.563814415373379618e-02 8.608906504993805164e-01 8.425215838500253085e+01 2.317663522613202381e-02 9.997213969984473092e-01 -4.468995990949490779e-03 -1.650912045380864557e+00 -8.607207055010493990e-01 1.767984343954992835e-02 -5.087703840959970636e-01 -2.491652640175182754e+01
-4.965326609324235418e-01 1.271231273652241762e-02 8.679249392037906574e-01 8.512885033144570457e+01 1.907895223493344047e-02 9.998110257942343093e-01 -3.729108487794476328e-03 -1.679115710010165685e+00 -8.678083444087958398e-01 1.470747538485073051e-02 -4.966813678953608813e-01 -2.542103801579794720e+01
-4.859327147551376624e-01 8.616148151430141552e-03 8.739537430012359609e-01 8.591958331156510553e+01 1.856875289449108971e-02 9.998274765689354471e-01 4.674206841879698635e-04 -1.710768432114880833e+00 -8.737989532801146986e-01 1.645536720699215458e-02 -4.860088723307077752e-01 -2.586113942051252224e+01
-4.739700983184881311e-01 7.973184018938277509e-03 8.805048325997124614e-01 8.673510350692157544e+01 1.892696119370380903e-02 9.998202251797800866e-01 1.134649328244130388e-03 -1.733720935929073503e+00 -8.803375084907764103e-01 1.720307177324741088e-02 -4.740357998118494565e-01 -2.629203604521598336e+01
-4.623962984751835426e-01 6.746873689295368633e-03 8.866476914018681654e-01 8.754179683251437893e+01 1.859592424736342467e-02 9.998248966356572121e-01 2.089889198688949130e-03 -1.744778760258218986e+00 -8.864783515531874380e-01 1.745439146283809043e-02 -4.624407969263037432e-01 -2.670008957352153800e+01
-4.493870266240535538e-01 8.108011776997429976e-03 8.933003672174975041e-01 8.840702046558011773e+01 2.104201710406886083e-02 9.997774503708335425e-01 1.511029636194613805e-03 -1.768206566663531820e+00 -8.930893275855719127e-01 1.947587987351311403e-02 -4.494576258866145313e-01 -2.712607998214233618e+01
