1 0 0 0 0 1 0 0 0 0 1 0
0.99987424 0.00060410289 0.015847177 -0.019516626 -0.00059522131 0.99999966 -0.00056516475 -0.0014360826 -0.015847514 0.00055566112 0.99987427 0.1168356
0.99934611 0.0024864381 0.036071785 0.025918142 -0.0024658586 0.99999677 -0.00061499545 0.0056097423 -0.036073201 0.00052564542 0.99934901 0.25945808
0.99801735 0.0050509535 0.062736382 0.058328045 -0.005121719 0.99998642 0.00096720986 0.0011479457 -0.062730649 -0.0012866103 0.99802966 0.41033809
0.99532685 0.0042756864 0.096468531 0.091364992 -0.004641755 0.99998285 0.003570594 0.0029560315 -0.096451618 -0.0040016914 0.99532963 0.58401549
0.99085304 0.0014021356 0.13493811 0.16253274 -0.0021249931 0.99998415 0.0052130737 -0.0015496194 -0.13492867 -0.0054521324 0.99084031 0.77680381
0.98483062 -0.002112564 0.17350558 0.23550771 0.0011133229 0.99998223 0.0058562497 -0.0059825747 -0.17351489 -0.0055742463 0.98481547 0.95787758
0.97604164 -0.0024184024 0.21757038 0.3278975 0.00093984816 0.99997576 0.0068989762 -0.0037494357 -0.21758181 -0.0065292049 0.97602025 1.1973887
0.9642153 -0.0021554001 0.26511169 0.41467237 -0.00052091073 0.99994962 0.010024309 0.0073600695 -0.26511996 -0.0098036916 0.9641656 1.3889204
0.94986488 -0.006096574 0.31260125 0.545275 0.00083739558 0.9998559 0.016955411 0.01728814 -0.3126596 -0.015843579 0.9497331 1.6452858
0.93330117 -0.015779738 0.3587477 0.69630084 0.0072689329 0.99965952 0.025060123 -0.00048723048 -0.35902103 -0.020780929 0.9330981 1.8380459
0.91174817 -0.021531092 0.41018492 0.83455864 0.010064675 0.99949642 0.030093258 -0.0026991174 -0.41062634 -0.023309095 0.91150574 2.0502386
0.88671225 -0.023262336 0.4617361 1.0266565 0.0085200425 0.99938594 0.033987435 0.00068434044 -0.46224324 -0.026203064 0.88636596 2.3162866
0.85828443 -0.025586604 0.51253599 1.2132744 0.0068429886 0.99923808 0.038424382 0.025965189 -0.51312868 -0.029471771 0.85780557 2.5269403
0.82641233 -0.030856179 0.56221929 1.4326861 0.0078925625 0.99903404 0.043228439 0.022889508 -0.56301012 -0.031287164 0.82585758 2.745641
0.79098804 -0.03649257 0.61074232 1.6633271 0.0099790095 0.99885636 0.046758768 0.023380002 -0.61175025 -0.030891023 0.7904476 2.9555039
0.75313219 -0.04090847 0.65659604 1.9328678 0.011108461 0.99871324 0.049482009 0.037543933 -0.65777545 -0.029972722 0.75261752 3.1760694
0.71252966 -0.044381424 0.70023691 2.229498 0.012394864 0.99863793 0.050681798 0.048607755 -0.70153253 -0.027432943 0.71210925 3.3940516
0.67105206 -0.046109089 0.73997503 2.5286694 0.011505403 0.99859171 0.051790166 0.064355408 -0.74132099 -0.026240186 0.67063752 3.6018777
0.62845009 -0.0465549 0.77645546 2.8545622 0.0070539395 0.99850739 0.0541594 0.08844738 -0.77781796 -0.02855941 0.62784045 3.8197142
0.58745012 -0.04719568 0.80788295 3.2083717 0.0041102529 0.9984591 0.055340179 0.097566225 -0.80924997 -0.029188992 0.5867389 4.0266074
0.54721928 -0.048326798 0.83559292 3.5714782 0.0019063117 0.99840109 0.056494444 0.11912753 -0.83698715 -0.029321948 0.54643645 4.2323657
0.50740162 -0.051105863 0.86019284 4.0015196 0.0013070935 0.99828426 0.058539149 0.13837454 -0.86170874 -0.028578506 0.50659785 4.4344978
0.47052668 -0.050893028 0.88091684 4.4254125 -0.0017131675 0.99828075 0.058588528 0.16542553 -0.88238414 -0.029076623 0.46963054 4.6322441
0.4354027 -0.050103562 0.8988404 4.8874694 -0.0031641354 0.99835866 0.057183675 0.18450654 -0.90023028 -0.027741979 0.43452952 4.8164122
0.40092205 -0.048990605 0.91480127 5.385529 -0.001661063 0.99852858 0.054202456 0.20719107 -0.9161107 -0.023250502 0.40025075 4.9917749
0.3711153 -0.047130286 0.92738994 5.8692292 3.4234866e-07 0.99871115 0.050754717 0.22446729 -0.92858683 -0.018835534 0.370637 5.1852715
0.34568229 -0.045492993 0.93724813 6.4161953 0.0011739163 0.99884425 0.048049828 0.25217716 -0.93835092 -0.015509723 0.34533617 5.3555502
0.32447963 -0.044694294 0.94483613 7.0219008 0.0022396432 0.99891655 0.046483353 0.27381641 -0.94589007 -0.012966805 0.32422818 5.5449655
0.31016603 -0.045260438 0.94960437 7.5849747 0.0035771826 0.99891457 0.046442278 0.30322692 -0.95067571 -0.011007908 0.30999127 5.7188167
0.29720733 -0.046954958 0.95365767 8.1866357 0.0044465954 0.99884731 0.047794165 0.3242423 -0.95480265 -0.0099642459 0.29707353 5.8815889
0.2860034 -0.048621728 0.9569942 8.8373487 0.0030498445 0.99875296 0.049831889 0.35221797 -0.95822379 -0.011333406 0.28579503 6.0819292
0.27629374 -0.050414447 0.95975001 9.4939599 0.0019050447 0.99864998 0.051909386 0.38294353 -0.96107139 -0.012513871 0.27601677 6.2814256
0.26582138 -0.052057891 0.96261565 10.17416 0.0010081939 0.99855536 0.053723089 0.40977491 -0.96402181 -0.013310242 0.26548985 6.4653889
0.2563383 -0.05395358 0.96508011 10.900324 -0.00038470945 0.99843515 0.055920504 0.43615795 -0.96658709 -0.014705842 0.25591641 6.6559516
0.2459028 -0.055599005 0.96769855 11.633471 -0.00023493777 0.9983501 0.057419786 0.46881844 -0.9692945 -0.014347035 0.24548402 6.841587
0.23448136 -0.056930573 0.97045212 12.399317 -0.0011827978 0.99826625 0.058848048 0.49726602 -0.97211994 -0.014946618 0.23400749 7.0085599
0.22528671 -0.060028414 0.97244147 13.151673 -0.0019634669 0.99807016 0.062065341 0.53641222 -0.97429057 -0.015891852 0.22473408 7.1933221
0.21462553 -0.063315246 0.97464198 13.925745 -0.0045984847 0.99782002 0.065833581 0.57194836 -0.97668563 -0.018611443 0.2138665 7.3859595
0.20183607 -0.067183927 0.9771123 14.735943 -0.0040258062 0.99757921 0.069422769 0.61695649 -0.97941109 -0.017945683 0.201077 7.5323756
0.18932038 -0.069703005 0.97943821 15.486072 -0.0050582309 0.99739479 0.071958638 0.65788461 -0.98190238 -0.01857746 0.18847458 7.7403885
0.17512888 -0.070463568 0.98202071 16.312587 -0.0053883658 0.99735207 0.072524584 0.69400632 -0.98453081 -0.017992635 0.17428546 7.8876897
0.16058238 -0.069575114 0.98456718 17.08569 -0.0070713014 0.9974058 0.071635688 0.73217212 -0.98699715 -0.0184656 0.1596738 7.9759193
0.14435418 -0.068326711 0.98716425 17.917794 -0.0086395881 0.99748815 0.070304658 0.77050193 -0.98948841 -0.018677463 0.14340127 8.1037559
0.12184432 -0.067009032 0.99028464 18.763194 -0.010949128 0.99756701 0.06884898 0.80990572 -0.99248887 -0.01923161 0.12081418 8.1816711
0.098676666 -0.065844581 0.99293873 19.573002 -0.015127918 0.99759397 0.06765667 0.8551511 -0.9950046 -0.02169723 0.097443154 8.2986593
0.069802622 -0.065267573 0.99542335 20.36475 -0.018930299 0.997591 0.066737159 0.89655542 -0.99738123 -0.02350209 0.068398931 8.3791753
0.034734954 -0.064744139 0.99729714 21.235252 -0.02254841 0.99759457 0.065548787 0.93064349 -0.9991422 -0.024764299 0.033191522 8.360416
0.0010554219 -0.064194035 0.99793684 22.073815 -0.023782837 0.99765355 0.064200965 0.96466101 -0.99971663 -0.023801527 -0.00047377236 8.3637196
-0.032521951 -0.063376545 0.9974596 22.918028 -0.024779803 0.99773191 0.062585906 0.99776557 -0.99916383 -0.022681436 -0.034018648 8.3360654
-0.067198166 -0.061341895 0.99585214 23.75986 -0.026971532 0.99785519 0.05964529 1.0367077 -0.99737507 -0.022851604 -0.068708525 8.3292545
-0.095385 -0.058266536 0.99373368 24.570768 -0.029302154 0.9980172 0.055705085 1.0653252 -0.99500913 -0.023805107 -0.096903207 8.2521574
-0.13021898 -0.053632323 0.99003359 25.447481 -0.02649645 0.99836752 0.050598717 1.0941988 -0.99113119 -0.019643462 -0.13142746 8.0971468
-0.16281125 -0.048178217 0.98548023 26.269202 -0.022542998 0.99872802 0.045101546 1.115755 -0.98639971 -0.014872639 -0.16369024 7.9303234
-0.19440423 -0.04196153 0.98002354 27.148578 -0.01626618 0.99908515 0.039551017 1.1263642 -0.98078667 -0.0082523534 -0.19490893 7.7091437
-0.22260931 -0.036265877 0.97423293 27.923243 -0.010403111 0.99933934 0.034823385 1.1380417 -0.97485227 -0.0023830426 -0.22283952 7.5298983
-0.24996675 -0.029657882 0.96780006 28.737211 -0.0017316917 0.99954288 0.030183362 1.1596902 -0.96825291 0.0058689066 -0.24990384 7.297342
-0.27733492 -0.019436743 0.96057664 29.535858 0.005203169 0.9997503 0.021731645 1.1602152 -0.96075926 0.011024988 -0.27716453 7.0202519
-0.30388413 -0.0042459675 0.95269949 30.269665 0.0092310917 0.99993 0.0074009206 1.1453565 -0.95266431 0.01104348 -0.30382367 6.7601372
-0.32874439 0.012578378 0.94433513 31.074152 0.0095175695 0.99990465 -0.010005272 1.1234508 -0.94437102 0.0056985991 -0.32883276 6.4773919
-0.35178726 0.027318154 0.93568123 31.869968 0.0086134895 0.99962622 -0.025946685 1.0958854 -0.93604039 -0.0010682319 -0.35189107 6.2090373
-0.37825182 0.038440984 0.9249042 32.605916 0.012486554 0.99925839 -0.036424759 1.0562326 -0.92561856 -0.002228865 -0.3784513 5.8835546
-0.40109612 0.04308836 0.91502198 33.362916 0.016377077 0.99907076 -0.039867389 1.0136481 -0.9158896 -0.001005269 -0.40142907 5.5564744
-0.42351544 0.042144265 0.90490799 34.090968 0.018852393 0.99911094 -0.037708271 0.96052048 -0.90569273 0.0010896465 -0.42393343 5.1952445
-0.44367623 0.038778992 0.89534771 34.821955 0.02277141 0.99922862 -0.031994212 0.92801461 -0.89589784 0.0061932592 -0.44421704 4.823974
-0.46199732 0.038096401 0.88606268 35.592525 0.030313504 0.99917153 -0.027153927 0.89252672 -0.88636315 0.014314624 -0.46276941 4.4124783
-0.47540566 0.038527619 0.87892265 36.284145 0.034019267 0.99909849 -0.02539465 0.84941206 -0.87910876 0.017827545 -0.47628776 4.0090027
-0.48671568 0.04185258 0.87255724 36.981627 0.036667338 0.99895012 -0.02746189 0.79285913 -0.87279059 0.01862822 -0.48773931 3.6257954
-0.49582966 0.04455791 0.86727589 37.707922 0.038329441 0.99883246 -0.029403576 0.74940537 -0.86757355 0.018663036 -0.49695864 3.2034165
-0.50819282 0.043548008 0.8601416 38.339431 0.031899564 0.99898728 -0.031730562 0.69910757 -0.86065239 0.011312899 -0.50906732 2.8292198
-0.51860993 0.042744308 0.8539418 39.056988 0.030211842 0.99904201 -0.031659297 0.6787562 -0.85447706 0.0093803298 -0.51940449 2.3864135
-0.52702038 0.044069304 0.84870923 39.705972 0.032204244 0.99897294 -0.031873989 0.63449229 -0.84924229 0.010533798 -0.52789832 1.9679173
-0.53480099 0.047146026 0.84366172 40.392871 0.036199881 0.9988039 -0.032868507 0.58774973 -0.8442023 0.012962345 -0.53586799 1.5426162
-0.53834174 0.050323346 0.84122272 41.106441 0.036887039 0.99866588 -0.036135942 0.54814704 -0.84191898 0.011576731 -0.53947981 1.09886
-0.53795943 0.05167034 0.84138562 41.800645 0.036111267 0.99861598 -0.038237437 0.50589078 -0.84219694 0.0098133121 -0.53908077 0.64210634
-0.53453026 0.052772289 0.8435001 42.52415 0.038912425 0.99852694 -0.037812305 0.46863439 -0.84425309 0.012610814 -0.53579637 0.18558153
-0.5286366 0.051681396 0.84727346 43.27223 0.037121836 0.99859745 -0.037750443 0.42149933 -0.84803619 0.011496082 -0.52981367 -0.2715709
-0.52128596 0.050149819 0.8519072 44.025552 0.034760079 0.99869111 -0.037520796 0.37971314 -0.85267388 0.010053299 -0.52234687 -0.73594101
-0.51421769 0.049548993 0.85622719 44.789308 0.033148875 0.99873204 -0.037887641 0.33486665 -0.85701889 0.0089004734 -0.51520818 -1.1939978
-0.50789883 0.048234329 0.86006521 45.628987 0.030010888 0.99881578 -0.038293275 0.28027977 -0.86089383 0.0063622122 -0.50874492 -1.6616591
-0.50360944 0.046039741 0.86270378 46.435418 0.025881659 0.99893483 -0.038201353 0.230948 -0.86354371 0.0030896432 -0.5042646 -2.0919188
-0.50284241 0.042998082 0.86330795 47.290851 0.021302966 0.99907508 -0.037351998 0.189035 -0.86411559 -0.00039114844 -0.50329331 -2.5785927
-0.50258104 0.040900567 0.86356203 48.113815 0.018728831 0.99916095 -0.036422969 0.1425383 -0.86432725 -0.0021319859 -0.50292537 -3.0810771
-0.50334547 0.039244555 0.86319357 48.986742 0.01689935 0.99922412 -0.035574748 0.094936699 -0.86392002 -0.0033189775 -0.50361815 -3.5591809
-0.50399665 0.038921646 0.86282815 49.835247 0.017105262 0.99923799 -0.035083453 0.041378728 -0.86353625 -0.0029230403 -0.50427837 -4.0642814
-0.50436918 0.038129238 0.86264583 50.711717 0.016934444 0.99926924 -0.034266857 -0.0068103964 -0.86332208 -0.002674718 -0.5046463 -4.540767
-0.50449127 0.037572927 0.86259885 51.578121 0.017191075 0.99929177 -0.033472765 -0.052876381 -0.86324567 -0.0020577155 -0.50477989 -5.0777326
-0.50509386 0.036995697 0.8622711 52.469747 0.016713687 0.99931278 -0.03308506 -0.11153924 -0.8629026 -0.0022993306 -0.50536509 -5.575437
-0.5051668 0.03558812 0.86228761 53.37214 0.01519114 0.99936129 -0.032345737 -0.15746473 -0.86288805 -0.0032408596 -0.50538477 -6.0891996
-0.50501417 0.035005143 0.86240087 54.27823 0.014904781 0.99938193 -0.031837144 -0.21102186 -0.86298239 -0.0032243116 -0.50522378 -6.6092495
-0.5045474 0.033891696 0.8627185 55.165202 0.013508477 0.99941681 -0.031361635 -0.26385287 -0.86327835 -0.0041694173 -0.50471098 -7.1168298
-0.50336101 0.033034273 0.86344448 56.060879 0.01327792 0.99944666 -0.030496929 -0.31612821 -0.86397422 -0.0038862178 -0.50352111 -7.6240578
-0.50063902 0.030500629 0.86511862 56.971496 0.013331278 0.99953222 -0.027524782 -0.37636499 -0.86555353 -0.0022468421 -0.50081144 -8.1551058
-0.49874971 0.029529473 0.86624285 57.846906 0.014121944 0.99956366 -0.025943385 -0.41755685 -0.86663104 -0.00070622153 -0.4989491 -8.6512331
-0.49591032 0.028976539 0.86789011 58.746201 0.013835339 0.9995799 -0.02546783 -0.47591854 -0.86826355 -0.00062220475 -0.49610289 -9.1621185
-0.49457102 0.029335577 0.86864197 59.634452 0.014549947 0.99956962 -0.02547306 -0.52049497 -0.86901546 4.0458118e-05 -0.49478499 -9.651439
-0.49354191 0.02977053 0.86921231 60.514624 0.014803961 0.99955675 -0.025829084 -0.56586069 -0.86959605 0.00012005083 -0.49376387 -10.147708
-0.4937191 0.031137188 0.86906378 61.419861 0.013888837 0.99951365 -0.027920689 -0.62338195 -0.86951056 -0.0017146914 -0.49391144 -10.650637
-0.49676057 0.032863334 0.86726517 62.286075 0.012620506 0.9994507 -0.030643351 -0.67496776 -0.8677959 -0.0042770823 -0.49690246 -11.145306
-0.50062369 0.033329761 0.86502311 63.151257 0.011547063 0.99942673 -0.031825646 -0.7215472 -0.86558803 -0.0059441954 -0.50072157 -11.653689
-0.50625606 0.032047462 0.8617875 64.021329 0.011119934 0.99946878 -0.030635049 -0.77521758 -0.86231155 -0.0059261587 -0.5063435 -12.165412
-0.51169449 0.030100918 0.85863998 64.891995 0.014816165 0.99954663 -0.026211125 -0.82880138 -0.85903975 -0.00069033542 -0.51190848 -12.682754
-0.51727123 0.02816389 0.85535794 65.734824 0.012030771 0.9995989 -0.025637713 -0.87730569 -0.85573699 -0.002971035 -0.51740259 -13.184834
-0.52170514 0.030059153 0.85259611 66.585771 0.012643816 0.99954175 -0.027503097 -0.93787027 -0.85303221 -0.0035684375 -0.52184613 -13.703017
-0.5271464 0.032372578 0.8491576 67.438726 0.013175273 0.99946535 -0.02992374 -0.9825366 -0.84967238 -0.0045863074 -0.52729108 -14.208331
-0.53201586 0.03254006 0.84610886 68.26122 0.011699851 0.9994484 -0.031080638 -1.0361218 -0.84665359 -0.0066360439 -0.53210312 -14.723724
-0.53533583 0.033091469 0.84399079 69.098001 0.010582016 0.99941658 -0.032473375 -1.0900077 -0.84457305 -0.0084530366 -0.53537368 -15.250901
-0.53839847 0.032144632 0.84207704 69.915888 0.010514571 0.99945067 -0.031429362 -1.1423422 -0.84262482 -0.0080674409 -0.5384407 -15.786911
-0.54123155 0.025029637 0.84050096 70.735495 0.011937991 0.99968487 -0.0220827 -1.1927889 -0.84078889 -0.0019179602 -0.5413598 -16.298591
-0.54345999 0.017525665 0.83925207 71.570134 0.013353981 0.99983602 -0.012231648 -1.2246356 -0.83932888 0.0045599457 -0.54360491 -16.831055
-0.54546366 0.015041724 0.83799946 72.395033 0.01355937 0.99986646 -0.0091212123 -1.258771 -0.83802482 0.0063874558 -0.54559477 -17.35652
-0.54675027 0.020126868 0.83705375 73.172558 0.01343326 0.99979323 -0.015265527 -1.2917516 -0.837188 0.0028979301 -0.54690759 -17.861296
-0.54769338 0.025278557 0.83629713 73.978273 0.013997371 0.99968043 -0.021050187 -1.3378594 -0.83656207 0.00017691404 -0.54787219 -18.394396
-0.54858294 0.030421628 0.83554247 74.792389 0.02027198 0.99952801 -0.023082496 -1.3724346 -0.83585039 0.0042754375 -0.54894072 -18.921408
-0.54884124 0.031336613 0.835339 75.572523 0.023679313 0.99947891 -0.021936123 -1.4109655 -0.83559119 0.0077408055 -0.54929728 -19.437131
-0.54743204 0.02889509 0.83635111 76.37044 0.023716275 0.99953798 -0.019009589 -1.4508341 -0.83651405 0.0094286756 -0.5478644 -19.967581
-0.54737393 0.02342387 0.83656024 77.179824 0.021296025 0.99967439 -0.014056791 -1.4869029 -0.83661718 0.010121087 -0.54769454 -20.480923
-0.54623748 0.017841445 0.83744029 77.982165 0.020086848 0.99976463 -0.0081976661 -1.5084514 -0.83738951 0.012343664 -0.5464673 -21.001329
-0.54586229 0.011126816 0.83780099 78.780096 0.010851912 0.99992184 -0.0062094653 -1.5474433 -0.83780466 0.0057022305 -0.54594037 -21.503393
-0.54492284 0.0052687988 0.8384696 79.577348 0.0018395524 0.99998536 -0.0050882063 -1.5672018 -0.83848421 -0.0012302703 -0.54492456 -21.999653
-0.54232192 0.0062653846 0.84014738 80.371611 0.0051529333 0.99997819 -0.0041310588 -1.594079 -0.84015501 0.0020888605 -0.54234238 -22.509734
-0.53971923 0.00941205 0.84179244 81.15203 0.010340354 0.99993618 -0.0045504812 -1.6252242 -0.84178162 0.0062484503 -0.53978211 -23.011802
-0.53390679 0.012588107 0.84544959 81.943271 0.011738279 0.99990316 -0.0074750056 -1.6476404 -0.84546189 0.0059331682 -0.53400286 -23.508773
-0.52614902 0.014761133 0.85026423 82.733819 0.016630551 0.99983673 -0.0070667136 -1.6764843 -0.85022979 0.010422219 -0.5263086 -24.002672
-0.51852318 0.017578437 0.85488283 83.543981 0.024384826 0.99968602 -0.0057654912 -1.7116082 -0.85471583 0.017856629 -0.51878903 -24.494521
-0.50834324 0.017062172 0.86098547 84.34321 0.022593988 0.99972378 -0.0064716044 -1.7379585 -0.86085813 0.0161633 -0.50858833 -24.965681
-0.49801366 0.014222913 0.8670525 85.158015 0.018634488 0.99981013 -0.005697443 -1.7562296 -0.86696898 0.013319676 -0.49818414 -25.420586
-0.4867354 0.01113192 0.87347849 85.958522 0.020010781 0.9997985 -0.001591019 -1.7832664 -0.87332026 0.016704583 -0.48686008 -25.859057
-0.47547177 0.010266382 0.87967104 86.779742 0.020127305 0.99979711 -0.00078931064 -1.8021407 -0.87950074 0.017330113 -0.47558194 -26.292753
-0.46356392 0.0094008353 0.88601357 87.622816 0.019898929 0.99980198 -0.00019700304 -1.8208469 -0.88584005 0.017539399 -0.4636592 -26.718975
-0.45095606 0.010697929 0.892482 88.439087 0.022553912 0.99974546 -0.00058755525 -1.8416516 -0.89226119 0.019864 -0.45108255 -27.12999
-0.43918072 0.013761561 0.89829329 89.270307 0.022232801 0.99974293 -0.0044459929 -1.8743613 -0.89812363 0.018018983 -0.43937379 -27.522085
-0.42817924 0.023812775 0.90338 90.091295 0.024901441 0.99958408 -0.014546027 -1.8922493 -0.90335072 0.016267159 -0.42859413 -27.913128
-0.41556299 0.029137781 0.90909753 90.912156 0.025857023 0.99946125 -0.0202144 -1.9180175 -0.90919684 0.015106201 -0.41609252 -28.277722
-0.40408276 0.024755907 0.91438734 91.754022 0.021747415 0.99961115 -0.017452696 -1.953999 -0.91446391 0.012833228 -0.40446401 -28.641697
-0.39182753 0.02162774 0.91978441 92.610727 0.024036575 0.99962306 -0.013265494 -1.9912249 -0.91972469 0.016910682 -0.39219969 -28.991204
-0.38197435 0.021873608 0.923914 93.45323 0.020467266 0.99967489 -0.015205447 -2.0228113 -0.9239463 0.013101904 -0.38229786 -29.321508
-0.37524821 0.026641173 0.9265414 94.300228 0.016432904 0.99962099 -0.022087148 -2.0607247 -0.92677873 0.0069376041 -0.37554378 -29.663753
-0.36977148 0.030463368 0.92862315 95.14498 0.0068440255 0.99952454 -0.030064033 -2.1027228 -0.92909756 -0.0047613008 -0.36980417 -29.974505
-0.36586697 0.033288024 0.93007161 95.989038 0.0056811013 0.99942139 -0.033535304 -2.1448387 -0.93064986 -0.0069856284 -0.36584439 -30.299085
-0.36322285 0.033256315 0.93110853 96.837126 0.0051514959 0.99941917 -0.033686574 -2.1905474 -0.93168809 -0.0074391309 -0.3631832 -30.624661
-0.35796719 0.032828026 0.93315687 97.694035 0.003682559 0.99942364 -0.033746596 -2.2410054 -0.93372694 -0.0086437683 -0.35788176 -30.949089
-0.35255683 0.028905852 0.93534382 98.527871 0.0015940663 0.99953991 -0.030288919 -2.2860104 -0.93578909 -0.0091875645 -0.3524407 -31.250021
-0.34720265 0.025232181 0.93745058 99.386997 0.0018385232 0.99965436 -0.026225508 -2.3338221 -0.93778836 -0.0073820407 -0.34712903 -31.561957
-0.34138172 0.02183964 0.93967094 100.2425 -0.00083635951 0.99972256 -0.023539195 -2.3743845 -0.93992441 -0.008821753 -0.34126874 -31.863303
-0.33584529 0.02078257 0.94168782 101.08658 -0.0047648682 0.99970628 -0.023762357 -2.4166125 -0.94190515 -0.012467493 -0.33564762 -32.143814
-0.32934081 0.020059579 0.94399797 101.94321 -0.017020325 0.99948574 -0.027176699 -2.4529576 -0.94405774 -0.025017548 -0.32883002 -32.423397
-0.3225679 0.023807713 0.94624683 102.7787 -0.014008354 0.99945408 -0.029921748 -2.4999407 -0.94644271 -0.022907156 -0.32205829 -32.699265
-0.31552414 0.027747364 0.94851174 103.64692 -0.012078858 0.99937396 -0.033253318 -2.5455524 -0.94884071 -0.021949163 -0.31499145 -32.983745
-0.30883176 0.025933394 0.95076302 104.50269 -0.014187191 0.99939139 -0.031868156 -2.5890871 -0.95101091 -0.023330555 -0.30827588 -33.251567
-0.30210267 0.021074341 0.95304238 105.35224 -0.013819764 0.99955372 -0.026483525 -2.6274379 -0.95317526 -0.021171564 -0.3016766 -33.508363
-0.2951014 0.018483114 0.95528711 106.20412 -0.013422498 0.99963402 -0.023487542 -2.6680567 -0.9553717 -0.019753545 -0.29474531 -33.758697
-0.28854978 0.021224868 0.95722957 107.06326 -0.016515168 0.9994952 -0.027140407 -2.7137601 -0.95732249 -0.023640165 -0.28805359 -34.010898
-0.28220911 0.024042871 0.95905155 107.92446 -0.01661838 0.9994134 -0.029944817 -2.7580002 -0.95920901 -0.024388583 -0.28164402 -34.254103
-0.27573515 0.024958629 0.96090952 108.77691 -0.018051334 0.99935211 -0.031137005 -2.794705 -0.96106418 -0.025931265 -0.27510597 -34.491373
-0.268639 0.023881884 0.96294479 109.64671 -0.018456032 0.99938146 -0.029934343 -2.8404997 -0.96306414 -0.025813671 -0.26803208 -34.722645
-0.26083161 0.023626919 0.9650951 110.50238 -0.01630325 0.99945009 -0.028874177 -2.8890308 -0.96524668 -0.023265484 -0.26030298 -34.94941
-0.25288439 0.024900914 0.96717597 111.36306 -0.011833002 0.99951436 -0.028827433 -2.9338 -0.96742418 -0.018734602 -0.25246693 -35.170735
-0.24614477 0.025438036 0.96889916 112.24414 -0.0099756317 0.99953609 -0.028776662 -2.9741832 -0.96918178 -0.016748605 -0.24577683 -35.399052
-0.23937146 0.024307142 0.97062371 113.09422 -0.016690335 0.99943585 -0.029144782 -3.015826 -0.97078464 -0.023176463 -0.23883072 -35.582552
-0.23339841 0.022514461 0.97212047 113.96476 -0.02076991 0.99938839 -0.02813268 -3.0569691 -0.97215939 -0.026756977 -0.23278804 -35.786658
-0.22877846 0.022721621 0.97321327 114.8526 -0.018196191 0.9994531 -0.027611716 -3.0980187 -0.97330848 -0.02402574 -0.22823989 -35.98845
-0.22464854 0.022750611 0.9741742 115.70072 -0.016616019 0.99949262 -0.027173611 -3.1404042 -0.97429822 -0.022291409 -0.22415653 -36.174748
-0.21971358 0.024188942 0.97526446 116.59213 -0.016139863 0.99946561 -0.028425276 -3.182469 -0.97543094 -0.021986054 -0.21920576 -36.372724
-0.21398693 0.023177183 0.97656148 117.44519 -0.010822903 0.99960086 -0.026095531 -3.2218621 -0.97677661 -0.016153332 -0.21365068 -36.561448
-0.20876459 0.022353078 0.97771039 118.31348 -0.0025091254 0.99972322 -0.023392107 -3.2610272 -0.97796275 -0.0073366408 -0.20865072 -36.750917
-0.20353105 0.021404242 0.97883445 119.2034 0.0005685746 0.99976342 -0.021743671 -3.3032185 -0.97906837 -0.0038689708 -0.20349507 -36.939724
-0.19944073 0.022903798 0.97964214 120.06128 -0.0016986365 0.99971722 -0.023718965 -3.3379729 -0.97990846 -0.0063945829 -0.19934543 -37.099182
-0.19559551 0.024952237 0.98036713 120.92606 -0.0035305013 0.99965186 -0.026147449 -3.3769887 -0.98067834 -0.0085755103 -0.19543932 -37.269777
-0.19350228 0.024175269 0.98080189 121.82327 -0.0057505353 0.99965125 -0.025774398 -3.417918 -0.98108301 -0.01062754 -0.19329577 -37.4381
-0.19304663 0.022772252 0.98092525 122.66889 -0.0075041882 0.99966713 -0.024684173 -3.4621168 -0.98116093 -0.012126243 -0.19281148 -37.590321
-0.19208305 0.018458931 0.98120502 123.5602 -0.0074130503 0.99976728 -0.020259329 -3.4965388 -0.98135072 -0.011165195 -0.19190151 -37.763206
-0.19109817 0.013104195 0.98148341 124.40928 -0.0060748598 0.99987594 -0.014532556 -3.5323796 -0.98155217 -0.0087395183 -0.19099486 -37.922897
-0.19013614 0.011112347 0.9816948 125.2782 -0.0033831389 0.99992259 -0.011973927 -3.563567 -0.98175195 -0.0055978855 -0.19008383 -38.087866
-0.18937497 0.015468982 0.98178294 126.14463 -0.0068676879 0.99983057 -0.01707804 -3.5972005 -0.98188087 -0.0099767314 -0.18923665 -38.247612
-0.1888673 0.019565382 0.98180765 126.98591 -0.0067015529 0.99975254 -0.021212142 -3.6318363 -0.98197979 -0.010585915 -0.18868945 -38.4018
-0.18906348 0.018946311 0.98178203 127.84657 -0.0080500195 0.99975035 -0.020843266 -3.6626644 -0.98193191 -0.011844064 -0.18886377 -38.554948
-0.18858044 0.017904028 0.98189449 128.70508 -0.0098015658 0.99974969 -0.020112067 -3.7006083 -0.98200887 -0.013416845 -0.18835775 -38.718188
-0.18781335 0.018015541 0.98203946 129.54026 -0.0052334674 0.99979922 -0.019342235 -3.7416891 -0.98219084 -0.0087722007 -0.18768136 -38.874961
-0.18733816 0.020759124 0.98207606 130.39664 -0.0075395717 0.99971683 -0.022570241 -3.7781095 -0.98226659 -0.0116327 -0.1871286 -39.033461
-0.18747378 0.021811592 0.98202737 131.21757 -0.018604782 0.99949524 -0.025751308 -3.8074091 -0.98209344 -0.0230981 -0.18697335 -39.166627
-0.18700969 0.02339474 0.98207942 132.06004 -0.020835412 0.99939704 -0.027774796 -3.8442812 -0.98213713 -0.025656185 -0.18640949 -39.313323
-0.18699604 0.026578615 0.98200101 132.8907 -0.023160247 0.99923679 -0.031455368 -3.8929685 -0.98208766 -0.028625415 -0.18623776 -39.467175
-0.1862769 0.027745142 0.98210541 133.713 -0.017510607 0.99934866 -0.031553528 -3.9342988 -0.98234127 -0.023074955 -0.18566974 -39.619876
-0.18502964 0.028620011 0.98231606 134.53971 -0.020002288 0.99925909 -0.032881291 -3.9804787 -0.9825294 -0.025732581 -0.18432008 -39.763042
-0.18311545 0.0276711 0.98270187 135.3666 -0.015720594 0.99939356 -0.031070462 -4.021343 -0.98296576 -0.021138139 -0.18256939 -39.915106
-0.17933846 0.025353348 0.98346065 136.19829 -0.0044759273 0.99963649 -0.026586561 -4.0632145 -0.98377729 -0.0091698906 -0.17915979 -40.072994
-0.17707083 0.020991223 0.98397419 137.00477 0.0031514246 0.99977949 -0.020761285 -4.0953707 -0.98419311 -0.00057529641 -0.17709793 -40.227646
-0.17329686 0.020776812 0.98465042 137.82636 0.006802222 0.99977886 -0.019898852 -4.1272488 -0.98484619 0.0032494031 -0.17339987 -40.368971
-0.16875476 0.024739877 0.9853475 138.62872 0.001891253 0.99969124 -0.024776111 -4.1783007 -0.9856563 -0.0023175445 -0.16874945 -40.498643
-0.16189794 0.028271885 0.98640239 139.44019 0.0039142407 0.99960004 -0.028007706 -4.2138645 -0.98679979 -0.00067337277 -0.16194385 -40.623078
-0.15445061 0.028305537 0.98759492 140.22567 -0.0028433972 0.99957265 -0.029093511 -4.2560744 -0.98799646 -0.0073016344 -0.15430412 -40.738281
-0.14422271 0.025330985 0.98922094 141.0085 0.0095282349 0.99966151 -0.024209173 -4.2737593 -0.98949942 0.005934018 -0.14441525 -40.857519
-0.13220193 0.023614362 0.99094144 141.83161 0.01648541 0.99963029 -0.021622092 -4.3188348 -0.99108575 0.013477595 -0.13254235 -40.964582
-0.11875798 0.025676918 0.99259113 142.60077 0.015595048 0.9995905 -0.02399212 -4.3579395 -0.9928008 0.012630252 -0.11910979 -41.051848
-0.10456511 0.026534116 0.99416397 143.40477 0.011220779 0.99961186 -0.025499328 -4.3972875 -0.99445478 0.0084889555 -0.10482226 -41.131152
-0.090662737 0.026593703 0.99552647 144.17634 0.014509313 0.99957257 -0.02538042 -4.4299561 -0.99577599 0.012143348 -0.091009843 -41.197635
-0.076826074 0.028583115 0.99663468 144.97748 0.02201695 0.99939389 -0.026965059 -4.461367 -0.99680143 0.019871238 -0.077408823 -41.251903
-0.06282755 0.034359528 0.99743272 145.77276 0.01815002 0.99928125 -0.033279949 -4.5134237 -0.99785939 0.016012528 -0.063406021 -41.293568
-0.050159693 0.043293124 0.9978024 146.52097 0.0084560173 0.99904265 -0.042921849 -4.5616454 -0.99870545 0.0062844885 -0.050477762 -41.310386
-0.036843484 0.051874029 0.99797373 147.2886 0.001331176 0.99865347 -0.051860215 -4.6043375 -0.9993202 -0.00058223152 -0.036862928 -41.319828
-0.023544987 0.053126692 0.99831012 148.05831 0.0013934479 0.99858777 -0.053108601 -4.6520069 -0.99972185 0.00014065265 -0.023585767 -41.330317
-0.011581977 0.048807643 0.998741 148.82455 -0.000708312 0.99880739 -0.0488191 -4.7048276 -0.99993272 -0.0012728411 -0.011533595 -41.324234
-0.00073421475 0.046263815 0.99892894 149.59851 0.0010992304 0.99892869 -0.046262993 -4.7550532 -0.99999917 0.0010640869 -0.0007842843 -41.31283
0.0086695845 0.052237477 0.99859702 150.35826 -0.0040751137 0.99862814 -0.052203724 -4.8218712 -0.99995416 -0.0036168111 0.0088705632 -41.292082
0.014927169 0.061028203 0.99802438 151.10303 -0.011408916 0.99808104 -0.060861027 -4.8675878 -0.99982353 -0.010477893 0.015594788 -41.269299
0.018337358 0.06437724 0.9977571 151.8526 -0.016556109 0.99780766 -0.064076223 -4.9200315 -0.99969481 -0.015343986 0.019362991 -41.242947
0.018356825 0.059967259 0.9980315 152.61522 -0.019885127 0.9980242 -0.059601071 -4.9777931 -0.99963378 -0.018751897 0.019513011 -41.21799
0.016812476 0.054461779 0.99837426 153.37404 -0.011514318 0.99845977 -0.054272542 -5.0445447 -0.9997924 -0.010583143 0.01741367 -41.202469
0.01354724 0.052140893 0.9985478 154.11559 -0.012921051 0.99856524 -0.051966502 -5.0931804 -0.99982479 -0.012198284 0.014201517 -41.186011
0.010558678 0.052053498 0.99858844 154.86344 -0.012704373 0.99857053 -0.051918231 -5.1462616 -0.99986359 -0.012138251 0.01120489 -41.171972
0.0073324345 0.052559135 0.99859085 155.61472 -0.012482873 0.99854474 -0.052465047 -5.2023844 -0.99989524 -0.012080585 0.0079778514 -41.169427
0.0028542354 0.050648269 0.99871243 156.37703 -0.01104518 0.99865722 -0.050613901 -5.257811 -0.99993497 -0.010886494 0.0034098205 -41.163505
-0.0026200005 0.051017557 0.99869428 157.10284 -0.01357003 0.99860398 -0.051048542 -5.3031758 -0.99990453 -0.013686058 -0.0019240347 -41.154129
-0.008845457 0.049095809 0.99875486 157.84406 -0.014140595 0.99868797 -0.049217755 -5.3526012 -0.99986093 -0.014558341 -0.0081396091 -41.158186
-0.014523006 0.04645809 0.99881462 158.58072 -0.010617528 0.99885653 -0.046614419 -5.4032198 -0.9998382 -0.011281923 -0.01401313 -41.168801
-0.020077612 0.046297129 0.99872588 159.31608 -0.013101061 0.99882933 -0.046565296 -5.455166 -0.99971263 -0.014019288 -0.019447568 -41.175911
-0.025072867 0.04757273 0.998553 160.03519 -0.011941195 0.99878155 -0.04788345 -5.498578 -0.99961435 -0.013124491 -0.024474243 -41.196397
-0.029501687 0.049906609 0.99831803 160.75254 -0.015685052 0.99860672 -0.050384554 -5.5539857 -0.9994417 -0.017145099 -0.028677797 -41.207876
-0.031957039 0.05199579 0.99813581 161.47318 -0.015340675 0.99850277 -0.052506062 -5.6066532 -0.99937155 -0.016990015 -0.031111543 -41.23064
-0.033684231 0.053701454 0.9979887 162.18774 -0.015293164 0.99841079 -0.054240341 -5.662888 -0.99931555 -0.017089448 -0.032809436 -41.246908
-0.032721334 0.051822585 0.99812006 162.91332 -0.0084657848 0.99860467 -0.052125278 -5.7089539 -0.9994287 -0.010155478 -0.03223696 -41.279415
-0.028924024 0.048182978 0.99841961 163.62065 -0.0045533447 0.99882084 -0.048334249 -5.7540549 -0.99957128 -0.0059441689 -0.028670525 -41.296998
-0.02161822 0.047602683 0.99863234 164.32515 -0.0037273487 0.99885504 -0.047693986 -5.8072901 -0.99975939 -0.0047533092 -0.021416038 -41.306062
-0.011013561 0.048854545 0.99874514 165.02445 -0.0028953013 0.99880001 -0.048889156 -5.858857 -0.9999352 -0.0034301109 -0.010858897 -41.307304
0.0029320443 0.049116157 0.99878873 165.71564 -0.00015348483 0.99879307 -0.049115918 -5.9074847 -0.99999573 -9.2880277e-06 0.0029360426 -41.300232
0.018576076 0.046917694 0.99872598 166.40458 -0.001764662 0.99889836 -0.046892968 -5.9509296 -0.99982593 -0.00089132553 0.018638405 -41.278265
0.034663443 0.041874529 0.99852135 167.10432 -0.0047447364 0.99911746 -0.041734814 -5.9951654 -0.99938782 -0.0032910474 0.034831533 -41.233472
0.050781367 0.035635179 0.9980738 167.76445 -0.0063972074 0.99935433 -0.035355411 -6.0313487 -0.99868935 -0.0045894882 0.050976543 -41.183539
0.068495116 0.027910045 0.99726093 168.4516 -0.0055337327 0.99960385 -0.02759554 -6.070034 -0.99763615 -0.003628415 0.068622427 -41.128928
0.085564488 0.020261384 0.99612655 169.13757 -0.0057241267 0.9997867 -0.019844144 -6.1010095 -0.99631623 -0.0040039997 0.085662214 -41.057706
0.1032048 0.014076121 0.99456048 169.79095 -0.0068381376 0.99988627 -0.013441908 -6.1302928 -0.99463666 -0.0054136711 0.10328932 -40.974722
0.12122694 0.011697618 0.99255585 170.45497 -0.0084453253 0.99990652 -0.010752768 -6.160587 -0.99258893 -0.0070789311 0.1213144 -40.875748
0.13922475 0.011030537 0.99019933 171.09211 -0.0088967367 0.99991154 -0.0098878217 -6.1815531 -0.99022088 -0.0074329124 0.13931057 -40.77286
0.15690778 0.010169673 0.98756086 171.73017 -0.0088784972 0.9999211 -0.0088863028 -6.1995808 -0.98757339 -0.0073737256 0.15698569 -40.656884
0.17311315 0.0097965543 0.98485318 172.37745 -0.014278845 0.9998704 -0.007436061 -6.2135504 -0.98479847 -0.012775285 0.1732306 -40.52701
0.18735694 0.0063090274 0.9822716 172.99371 -0.017102687 0.99984875 -0.0031597834 -6.2313828 -0.98214304 -0.016207476 0.1874365 -40.389699
0.19976174 0.0021117667 0.97984218 173.61667 -0.01278189 0.99991821 0.00045082681 -6.2501807 -0.97976117 -0.012614293 0.19977239 -40.255953
0.21071478 0.00024268807 0.97754751 174.24861 -0.0098791995 0.99994943 0.0018812568 -6.2661233 -0.97749771 -0.010053795 0.21070652 -40.114246
0.22006414 0.0039513591 0.97547736 174.84899 -0.013619056 0.99990678 -0.00097790533 -6.2856977 -0.97539037 -0.013069879 0.22009743 -39.965404
0.22889384 0.010849275 0.97339089 175.45864 -0.017777821 0.99981771 -0.0069633522 -6.3042241 -0.97328908 -0.0157109 0.22904499 -39.811864
0.23848516 0.021111736 0.9709166 176.02691 -0.018175558 0.9996856 -0.01727285 -6.3208331 -0.97097608 -0.013527632 0.2387939 -39.653104
0.24659349 0.027933287 0.96871632 176.61678 -0.013550482 0.99958619 -0.02537406 -6.3321684 -0.96902431 -0.0068694945 0.24686995 -39.507289
0.25295496 0.026602854 0.96711219 177.22546 -0.014498287 0.99961387 -0.023704765 -6.3522778 -0.96736946 -0.0080252311 0.25324298 -39.340523
0.2590545 0.019094364 0.96567391 177.83609 -0.016085115 0.9997512 -0.015453137 -6.3711376 -0.9657288 -0.011529771 0.25929718 -39.16374
0.26340231 0.0083100206 0.96465024 178.4344 -0.019887476 0.99979716 -0.0031824256 -6.391375 -0.9644811 -0.0183462 0.26351415 -38.987963
0.26549723 -0.0011617936 0.96411088 179.04386 -0.019207268 0.99979443 0.0064940987 -6.4182135 -0.96392032 -0.020242101 0.26542033 -38.811885
0.26642977 -0.0020229895 0.96385217 179.65415 -0.015458195 0.99986021 0.0063715479 -6.4343885 -0.96373041 -0.016596985 0.26636125 -38.645172
0.26737807 0.0014486057 0.96359057 180.25322 -0.015260911 0.99987981 0.0027314522 -6.4351627 -0.96347089 -0.0154356 0.26736804 -38.480618
0.26883581 0.0010143841 0.96318544 180.8569 -0.011353268 0.99993331 0.0021157389 -6.4467358 -0.96311915 -0.011504088 0.2688294 -38.314436
0.27108162 -0.00090193026 0.9625559 181.47027 -0.01268499 0.99990937 0.0045093656 -6.4428527 -0.96247282 -0.013432418 0.27104562 -38.130551
0.27348029 -0.0050648496 0.96186423 182.07612 -0.012859303 0.99987752 0.0089212127 -6.4601555 -0.96179169 -0.014808679 0.27338166 -37.949844
0.27681271 -0.01093214 0.96086166 182.70377 -0.010383676 0.99984287 0.014367058 -6.4687382 -0.96086783 -0.01395426 0.2766557 -37.771188
0.28073042 -0.013887537 0.95968614 183.318 -0.0097216728 0.99980287 0.017311877 -6.4755143 -0.95973746 -0.014189725 0.28054007 -37.587045
0.28672149 -0.015312877 0.95789155 183.92745 -0.0082389929 0.99979586 0.018448902 -6.4681502 -0.95797859 -0.013181758 0.28653679 -37.401862
0.29501189 -0.018229039 0.95531964 184.55817 -0.0079200246 0.999737 0.021522373 -6.4713633 -0.9554608 -0.013915511 0.29478993 -37.200679
0.30408471 -0.02072838 0.95241942 185.16497 -0.0046404276 0.99971916 0.023239385 -6.4735371 -0.95263373 -0.011486374 0.30390312 -36.998926
0.315302 -0.019136016 0.94879839 185.79364 -0.0053568482 0.99974486 0.021943711 -6.4748255 -0.94897631 -0.012001464 0.31511905 -36.777645
0.3266041 -0.015255927 0.94503806 186.41025 -0.0062292597 0.99981326 0.018292999 -6.4738148 -0.94514075 -0.011861455 0.32644808 -36.554581
0.33857601 -0.011311443 0.94087101 187.01054 -0.0085856035 0.99984898 0.015110056 -6.4727875 -0.94089991 -0.013193847 0.33842776 -36.318051
0.34985616 -0.010746822 0.93674175 187.64216 -0.0076949715 0.9998675 0.014344969 -6.4669554 -0.93677187 -0.012226876 0.34972711 -36.08097
0.3614334 -0.014268032 0.93228871 188.25102 -0.005851328 0.99982851 0.017570147 -6.4711872 -0.93237961 -0.011805565 0.36128793 -35.821985
0.37236262 -0.01601343 0.92794912 188.86731 -0.0060191856 0.99978844 0.019668494 -6.4696161 -0.92806784 -0.012909309 0.37218745 -35.558617
0.38391793 -0.015636076 0.92323478 189.50989 -0.010253507 0.99972277 0.021195309 -6.4751655 -0.92331033 -0.017603653 0.38365118 -35.284505
0.3929856 -0.017785484 0.91937257 190.13061 -0.011205595 0.99964607 0.024128223 -6.4648008 -0.91947639 -0.01978416 0.39264721 -35.011659
0.40081863 -0.016183616 0.91601443 190.76137 -0.015971092 0.9995686 0.024648242 -6.4641803 -0.91601824 -0.024509225 0.40038725 -34.706651
0.40496865 -0.018263205 0.91414812 191.39252 -0.016696491 0.99948607 0.027364683 -6.4530061 -0.91417815 -0.026344904 0.40445559 -34.421241
0.4067549 -0.023952814 0.91322322 192.05018 -0.010504331 0.99946748 0.030893593 -6.4445222 -0.91347697 -0.022158919 0.40628669 -34.130009
0.40772729 -0.021659612 0.91284678 192.69471 -0.0097117041 0.99955921 0.028054862 -6.4402884 -0.91305214 -0.02030403 0.40733722 -33.845696
0.40645128 -0.022133888 0.91340428 193.356 -0.0056475758 0.99962657 0.026736339 -6.4273161 -0.91365504 -0.016025539 0.4061745 -33.547929
0.40506309 -0.020824726 0.9140515 194.02419 -0.0034263901 0.99969897 0.024294431 -6.4283258 -0.91428235 -0.012972674 0.4048698 -33.258246
0.40551867 -0.022262878 0.91381557 194.69741 0.00020074984 0.99970551 0.02426629 -6.4143254 -0.91408678 -0.0096569847 0.40540371 -32.958764
0.40433682 -0.028415472 0.9141686 195.38748 0.0034539266 0.99955757 0.029541981 -6.4075162 -0.91460367 -0.0087874386 0.40425607 -32.658357
0.40377138 -0.031513699 0.91431695 196.06375 0.003623906 0.9994538 0.032847752 -6.4030581 -0.91485278 -0.0099495827 0.40366504 -32.352751
0.40224134 -0.034038418 0.91490066 196.75315 0.0047164781 0.99937241 0.03510752 -6.3896802 -0.91552156 -0.0098065864 0.40214944 -32.051153
0.40005384 -0.034060144 0.91585848 197.4428 0.0034133978 0.99935764 0.035674422 -6.3799931 -0.91648532 -0.0111455 0.39991312 -31.741452
0.39876312 -0.034447157 0.91640673 198.12821 0.0027831651 0.99933512 0.036353323 -6.3635421 -0.91704978 -0.011945853 0.39859387 -31.436957
0.39666461 -0.033503987 0.91735195 198.81284 0.0016866405 0.99935863 0.03576977 -6.3576819 -0.9179621 -0.012641358 0.39646671 -31.140591
0.39600005 -0.030294532 0.91775058 199.49068 0.0025814625 0.99948841 0.031878785 -6.3530761 -0.9182469 -0.010254861 0.39587566 -30.834261
0.39529768 -0.024276089 0.91823219 200.18607 0.0016226565 0.9996676 0.025730515 -6.3510566 -0.91855168 -0.0086812368 0.39520567 -30.534871
0.39353222 -0.021150088 0.91906746 200.86367 0.00029159996 0.99973814 0.022881667 -6.3324865 -0.91931082 -0.0087366723 0.39343533 -30.246763
0.39293318 -0.023683373 0.91926196 201.5558 -0.0013112577 0.99965284 0.02631501 -6.3258161 -0.91956613 -0.011545429 0.39276571 -29.938559
0.39152043 -0.027191282 0.91976753 202.24805 -0.0014505598 0.99954381 0.03016719 -6.3185918 -0.92016831 -0.013145248 0.39130238 -29.64165
0.3882829 -0.026354727 0.92116326 202.93572 -0.0060875216 0.99949581 0.031161816 -6.3200905 -0.92152016 -0.017707201 0.3879267 -29.34911
0.38443658 -0.026311569 0.92277632 203.62857 -0.0092186151 0.99943448 0.032337915 -6.3144151 -0.92310541 -0.020938597 0.38397662 -29.055738
0.37753981 -0.027538266 0.92558374 204.31408 -0.0087318385 0.99940738 0.033296353 -6.3036147 -0.92595222 -0.020652746 0.37707561 -28.776287
0.36887389 -0.027941531 0.92905934 205.0113 -0.0084784621 0.99940532 0.033423482 -6.2911805 -0.92944082 -0.020206044 0.36841763 -28.492806
