1.000000000000000000e+00 -3.306050084167601550e-19 -2.270457535318767223e-19 -8.673617379884035472e-19 7.546676715296109287e-19 1.000000000000000000e+00 6.237773588823049983e-19 1.387778780781445676e-17 -3.447385680526250622e-20 4.770700176052009879e-20 1.000000000000000222e+00 5.551115123125782702e-17
9.999280354088946332e-01 -2.892640112181988667e-03 1.164360701892605196e-02 1.307112161539896074e-02 2.882447346264993028e-03 9.999954599408753531e-01 8.921509252967287518e-04 -8.557405770844850323e-03 -1.164613550302908210e-02 -8.585237603559578087e-04 9.999317845727156984e-01 3.010948679007063311e-01
9.998288688089005394e-01 -5.313653338013823307e-03 1.771509214680679761e-02 2.647098298658360355e-02 5.290185746673356157e-03 9.999850513984943623e-01 1.371131232499343822e-03 -1.058583173462464277e-02 -1.772211080937628400e-02 -1.277189392625631414e-03 9.998420417829616547e-01 5.876399311774089806e-01
9.997730078187296865e-01 -7.620635795854377795e-03 1.990396507293091741e-02 3.538231132600803269e-02 7.603489720657493484e-03 9.999706830053020079e-01 9.367772521843668876e-04 -1.310596432190321015e-02 -1.991052401734196356e-02 -7.852844652120536924e-04 9.998015853409770726e-01 8.880739755165641958e-01
9.997935137325691946e-01 -8.745253805006928879e-03 1.834484485110957422e-02 3.895837270472565783e-02 8.752555152288831256e-03 9.999616621296398833e-01 -3.176759277242820092e-04 -1.724769835528583428e-02 -1.834136567101630685e-02 4.781532070858289952e-04 9.998317043448531338e-01 1.193716799049255428e+00
9.998677800264247351e-01 -1.105814118943174336e-02 1.192710510194981352e-02 3.614942862569398008e-02 1.108397259851662438e-02 9.999364142063367211e-01 -2.101976098583859583e-03 -2.319527985277756998e-02 -1.190310751629148484e-02 2.233820041241795212e-03 9.999266907960778772e-01 1.512361174343129999e+00
9.999307832273424124e-01 -1.175802539836830717e-02 -2.334686844603768260e-04 3.029179879240622569e-02 1.175720757501156483e-02 9.999255744194615048e-01 -3.246124343506688343e-03 -3.246515818675892173e-02 2.716246863822463823e-04 3.243153999307424925e-03 9.999946903459026037e-01 1.830821949540918148e+00
9.998143575050502108e-01 -1.099041491061204627e-02 -1.582376374891443852e-02 8.120918067095493631e-03 1.093023298708035128e-02 9.999327174704704113e-01 -3.882732581732723908e-03 -3.853933585991499433e-02 1.586537926612426389e-02 3.709027507954685415e-03 9.998671637634934939e-01 2.171158332658708279e+00
9.993538141723496970e-01 -6.590620629949399227e-03 -3.532233777743409853e-02 -3.071289095008324435e-02 6.466446068772663605e-03 9.999725212408699937e-01 -3.628318246026947247e-03 -4.313026836749488113e-02 3.534527802213417724e-02 3.397492578808433260e-03 9.993689785172922280e-01 2.514973418438797292e+00
9.985085328386810177e-01 -1.940517091001092405e-03 -5.456853618722517368e-02 -7.492762424583862546e-02 1.690439099529536917e-03 9.999878515898726894e-01 -4.628528376869771310e-03 -4.533139308565789505e-02 5.457685812965123312e-02 4.529411477060124591e-03 9.984996606840564892e-01 2.864880969485594342e+00
9.973018087040201873e-01 -1.589275121523738357e-03 -7.338395577049121321e-02 -1.194708722640325238e-01 1.234053104916332929e-03 9.999873061087952708e-01 -4.885235448178412709e-03 -4.856583793480391542e-02 7.339079475792910368e-02 4.781515025416537869e-03 9.972910944424033808e-01 3.227173465358920801e+00
9.955048687929246576e-01 -3.509442573016192425e-03 -9.465220323800455082e-02 -1.748195877944419552e-01 3.069894288283000431e-03 9.999838062728068078e-01 -4.788168823653124635e-03 -5.426368489703607689e-02 9.466749064492403776e-02 4.476112683605479488e-03 9.954995198767431219e-01 3.605809014452725059e+00
9.933660025892969703e-01 -4.296636180006655793e-03 -1.149201704837324867e-01 -2.319741620339992594e-01 3.865581899419586430e-03 9.999846387974256068e-01 -3.973668760026164912e-03 -6.086125293247943158e-02 1.149354933130739415e-01 3.503032106989224011e-03 9.933673575947534751e-01 3.992566481034556691e+00
9.910284481342176433e-01 -3.779914068856027320e-03 -1.335981163044580866e-01 -3.043695401257831556e-01 3.398761943658504779e-03 9.999895067015728278e-01 -3.081619664892501151e-03 -6.445651992311696166e-02 1.336083597514554910e-01 2.599988364829448895e-03 9.910308546925606921e-01 4.390840002441400713e+00
9.888915780442620873e-01 -2.748069832409649575e-03 -1.486031136385117801e-01 -3.869098082916327397e-01 2.385085105669480007e-03 9.999937212261648112e-01 -2.620526092153253103e-03 -7.151346944763792290e-02 1.486094008396526278e-01 2.236932645087101428e-03 9.888919433900957845e-01 4.806249121747202757e+00
9.868839265587951992e-01 -1.236792941269271090e-03 -1.614436890926428392e-01 -4.716177237844071390e-01 8.680028100784362849e-04 9.999968346184640033e-01 -2.354939492342933254e-03 -7.706101818141940230e-02 1.614461173038714559e-01 2.183842787999825188e-03 9.868818702390617092e-01 5.226845517992901868e+00
9.844944715336996222e-01 -2.971088637858271611e-03 -1.753916762124023143e-01 -5.573389320412233117e-01 2.383631930691882707e-03 9.999907967194464620e-01 -3.559926428073487397e-03 -8.439932047938719650e-02 1.754006599492708984e-01 3.086575384851699810e-03 9.844925406991856809e-01 5.662152305854841750e+00
9.828672867966996574e-01 -6.108405323038001641e-03 -1.841837623752502484e-01 -6.473516253701112610e-01 5.223462200593204270e-03 9.999723864623740743e-01 -5.289319671103600434e-03 -9.596739142555742175e-02 1.842109947086105481e-01 4.236619856648541661e-03 9.828720395781457286e-01 6.109879422456544695e+00
9.815700025957758701e-01 -5.526635256873592070e-03 -1.909763435153996602e-01 -7.481147415600698514e-01 4.335738180679807492e-03 9.999684805135756749e-01 -6.651510871555140793e-03 -1.010765252668346659e-01 1.910070968804819525e-01 5.700864254217394463e-03 9.815630231238642311e-01 6.571415633902674358e+00
9.800228234336759714e-01 -5.959493493723902642e-03 -1.987962353551638028e-01 -8.568648478520473066e-01 4.226217530098464251e-03 9.999492731474826090e-01 -9.143575063401217576e-03 -1.016357105290743024e-01 1.988406570335803647e-01 8.120826699065651980e-03 9.799983180573610397e-01 7.054688404985498984e+00
9.784505057089875057e-01 -6.532865270329766931e-03 -2.063714564621287884e-01 -9.689236399621865559e-01 4.237423472094738013e-03 9.999241554220602568e-01 -1.156431850754690085e-02 -1.115733704887805627e-01 2.064313465654384339e-01 1.044069612653265346e-02 9.784039843843943540e-01 7.542514329330442635e+00
9.766200399985150993e-01 -1.032590158880658873e-02 -2.147041863603776912e-01 -1.084539534234729707e+00 7.569177443154173797e-03 9.998781294703794620e-01 -1.365589231797226244e-02 -1.214143838815699150e-01 2.148190637352442312e-01 1.171151500918574291e-02 9.765790276059956865e-01 8.038241013737202678e+00
9.748179368965739222e-01 -1.567103417227761267e-02 -2.224558292450486141e-01 -1.198454254271555497e+00 1.280333339024239750e-02 9.998155312758004731e-01 -1.432409235385111342e-02 -1.363133338116025994e-01 2.226393095992073301e-01 1.111534926373476673e-02 9.748385419632766835e-01 8.557993775111031098e+00
9.733426307321731974e-01 -1.603035264567661752e-02 -2.287853396130025696e-01 -1.325764120493313047e+00 1.253425276484950238e-02 9.997816055989621198e-01 -1.673228832822272819e-02 -1.596868457862274382e-01 2.290035572879814685e-01 1.341814970251678681e-02 9.733309443138540296e-01 9.085521140887673042e+00
9.708013211451834712e-01 -1.235418539267346856e-02 -2.395870785508344980e-01 -1.480967587156857057e+00 7.598116897802712627e-03 9.997555475736090713e-01 -2.076246765166239391e-02 -1.619560284609609380e-01 2.397850594807882652e-01 1.833605907361610804e-02 9.706577523482549097e-01 9.617845996198784775e+00
9.688861389987190043e-01 -1.060510900629227891e-02 -2.473161829488648711e-01 -1.636991416851632852e+00 4.804867438442357933e-03 9.996992710605839827e-01 -2.404836725518966559e-02 -1.763617924599732989e-01 2.474969022196108759e-01 2.211211564448582051e-02 9.686455345741811218e-01 1.016217280840604786e+01
9.666456927519064823e-01 -1.304140917223979568e-02 -2.558861935440902569e-01 -1.795034652167620592e+00 6.568309215746293700e-03 9.996366144123357556e-01 -2.614543856326054586e-02 -1.972862707165893570e-01 2.561342900393834832e-01 2.359277984534789707e-02 9.663800010518528438e-01 1.072353777800819330e+01
9.646163589948554273e-01 -1.430135769210040368e-02 -2.632748440895207320e-01 -1.956715023016836419e+00 7.345759235348616779e-03 9.995979201259457270e-01 -2.738633280714109289e-02 -2.267543214403996976e-01 2.635606914596389516e-01 2.448324783197379506e-02 9.643334608618041592e-01 1.129572643457214909e+01
9.623695485391599025e-01 -1.475550792564130423e-02 -2.713635399665864090e-01 -2.133417463506873002e+00 6.719876805221064800e-03 9.995116739986064092e-01 -3.052664980293990846e-02 -2.491132187403112264e-01 2.716813463463557121e-01 2.755523440414863259e-02 9.619985796892541741e-01 1.187667204003783894e+01
9.600075333991420212e-01 -1.324411297273140123e-02 -2.796516839688217848e-01 -2.320327002675304673e+00 3.944996286136978787e-03 9.994213271393002085e-01 -3.377915710088089801e-02 -2.733239465261243506e-01 2.799373006972760147e-01 3.132510275146620227e-02 9.595040541954447111e-01 1.246613049803376150e+01
9.579596775059179281e-01 -1.496137788693483253e-02 -2.864836142087601178e-01 -2.511202734829203198e+00 3.990039156094744681e-03 9.992376278590069383e-01 -3.884471293139914877e-02 -3.037910566825385850e-01 2.868462986334732179e-01 3.606864533610346091e-02 9.572889240547836076e-01 1.306742178471123594e+01
9.560854066317625577e-01 -1.588439067324089529e-02 -2.927563882802701190e-01 -2.709339662338361876e+00 2.421103803650672456e-03 9.989243033933461469e-01 -4.629468653002849488e-02 -3.403262430879008260e-01 2.931770122194985451e-01 4.355351072747641605e-02 9.550952203757399062e-01 1.367900266668797116e+01
9.550535292830285572e-01 -1.660074587527659087e-02 -2.959447715871862394e-01 -2.915967518385530699e+00 4.125392311950083573e-04 9.985042183316339415e-01 -5.467215914788488285e-02 -3.758662181631363675e-01 2.964095065494408154e-01 5.209396267958372323e-02 9.536316811916427660e-01 1.430699449947422330e+01
9.536812089279124161e-01 -1.672993462038882898e-02 -3.003716929737370034e-01 -3.122921784422819869e+00 -2.495014957935252214e-03 9.979781084405975333e-01 -6.350966309222398631e-02 -4.199064736431439293e-01 3.008267204617122159e-01 6.131843153420002412e-02 9.517110630331014898e-01 1.493996265996469575e+01
9.525572615534385612e-01 -1.569764948706273491e-02 -3.039816399125558899e-01 -3.341013383081884225e+00 -6.696802093617986590e-03 9.973463662422333842e-01 -7.248168822117133370e-02 -4.624490149865624344e-01 3.043130103935956510e-01 7.107812024092381720e-02 9.499243293576484781e-01 1.559192041555614949e+01
9.512283069808684655e-01 -1.444617257842763583e-02 -3.081461596518718649e-01 -3.569910203846367924e+00 -1.042542944971093684e-02 9.968269369747136954e-01 -7.890925971609825951e-02 -5.204238032251933266e-01 3.083082543447036028e-01 7.827349448691242606e-02 9.480593438282316487e-01 1.624671485580896046e+01
9.499482495629493206e-01 -1.436038503253202724e-02 -3.121207726809502314e-01 -3.803026356935109931e+00 -1.317275535295484371e-02 9.962133261497995163e-01 -8.593801664354897007e-02 -5.816988973729422252e-01 3.121735208095855474e-01 8.574636324367614082e-02 9.461619182447711385e-01 1.691369763611654164e+01
9.482608205249106748e-01 -1.273827311432376708e-02 -3.171905006198466603e-01 -4.046525245315519825e+00 -1.732363500119271996e-02 9.956303557913381841e-01 -9.176146334607017396e-02 -6.551279926077615556e-01 3.169734184997094473e-01 9.250875303092268020e-02 9.438965233831532187e-01 1.758968723825742941e+01
9.469765867795620906e-01 -1.122222755994017190e-02 -3.212064173233198927e-01 -4.297580558767618797e+00 -2.115647519776556879e-02 9.950431329285124304e-01 -9.717592918949272129e-02 -7.220753262059740329e-01 3.207053411845920965e-01 9.881654400070744027e-02 9.420450738786567690e-01 1.827617928243679657e+01
9.449309500369834636e-01 -7.160329636458693907e-03 -3.271796785649506156e-01 -4.561784933347968973e+00 -2.722938266467049562e-02 9.945739328366015597e-01 -1.003957000739024719e-01 -7.975756994902073460e-01 3.261228885981594661e-01 1.037770361380923184e-01 9.396088508948782225e-01 1.897902550560738177e+01
9.432899083625202463e-01 -7.201657248330020807e-03 -3.319151558124972534e-01 -4.826044284932453188e+00 -2.835018715018001664e-02 9.943646541138123629e-01 -1.021523457247202199e-01 -8.778097976336139974e-01 3.307803525967393243e-01 1.057689396347236827e-01 9.377700014084027202e-01 1.968450096207245892e+01
9.410459366929261327e-01 -6.765418098902173383e-03 -3.382052289983070170e-01 -5.099438976359463638e+00 -2.917041438333700318e-02 9.944528205914899832e-01 -1.010390637373365791e-01 -9.645918758343099420e-01 3.370128433040671112e-01 1.049471082313252618e-01 9.356285501305926511e-01 2.041317166469806565e+01
9.388802256116546285e-01 -5.468112400786384782e-03 -3.442564295176623324e-01 -5.377888292675434556e+00 -3.063171883424818664e-02 9.945805559535358942e-01 -9.936740633199764305e-02 -1.044679932460258920e+00 3.429347157842318472e-01 1.038368862174644386e-01 9.336243772597305757e-01 2.114250846052073030e+01
9.362644518373345326e-01 -6.337750003441200083e-03 -3.513402658498939735e-01 -5.664739109394441918e+00 -2.986595359404049105e-02 9.947813302409258540e-01 -9.754358294438771060e-02 -1.132877443671586715e+00 3.501257912682161910e-01 1.018149000598809195e-01 9.311891083827078530e-01 2.188097240803294952e+01
9.341115173548876216e-01 -4.711660081107813501e-03 -3.568737354339471257e-01 -5.955432796180039290e+00 -3.063895767892954591e-02 9.951650012636018561e-01 -9.331111715248117944e-02 -1.209464091465973778e+00 3.555875766604327248e-01 9.809920913543933307e-02 9.294506981020917991e-01 2.261630214125160165e+01
9.295129177966188205e-01 -2.678457657543075951e-03 -3.687438572109957291e-01 -6.273970131688262342e+00 -3.195486649247432365e-02 9.956277769604832129e-01 -8.778154117336288420e-02 -1.292203467198244748e+00 3.673671052042684071e-01 9.337667089226771300e-02 9.253631075423977004e-01 2.338220792337890330e+01
9.261774248996076375e-01 -1.109837614401217856e-03 -3.770448928475486627e-01 -6.597042691178013563e+00 -3.246475957758425401e-02 9.960480525729069612e-01 -8.267806805668641290e-02 -1.374550191014394906e+00 3.756458324179432484e-01 8.881983118563790969e-02 9.224814154947099665e-01 2.412970550037016082e+01
9.228209255224345542e-01 2.373288584377341096e-03 -3.852182068490766498e-01 -6.925087612913385371e+00 -3.544490510853747639e-02 9.962624167538556286e-01 -7.876183754618526489e-02 -1.444257636897634978e+00 3.835915641103814777e-01 8.633584259885872247e-02 9.194558408635110647e-01 2.488360633969690738e+01
9.197514746512622796e-01 4.007348270446170653e-03 -3.924017828179873768e-01 -7.274365663421029637e+00 -3.695665278634132495e-02 9.963896855072356118e-01 -7.643065818341607254e-02 -1.520371804097804036e+00 3.906783935646691019e-01 8.480264136949951237e-02 9.165790599304610708e-01 2.564816497925785299e+01
9.154871736352543365e-01 4.034467370856460039e-03 -4.022496429718313005e-01 -7.623222634697718547e+00 -3.786366611019560680e-02 9.963759109721297413e-01 -7.617981222889705362e-02 -1.598135986218509830e+00 4.004840087112716551e-01 8.497783017295847119e-02 9.123223463961865898e-01 2.642497113516281715e+01
9.123885225839306612e-01 4.806402673160573708e-03 -4.093461303398300277e-01 -7.987499618136622459e+00 -3.882808353240948390e-02 9.964383790807864738e-01 -7.484072599101930512e-02 -1.667290260059026030e+00 4.075284645890481228e-01 8.417608777055973768e-02 9.093256452179125926e-01 2.719407936562846118e+01
9.082394123770245464e-01 6.026528324876126615e-03 -4.184763181227166284e-01 -8.361372539049126473e+00 -4.007749364787144275e-02 9.965525705150646285e-01 -7.263229309074026308e-02 -1.735723075063398735e+00 4.165960209526671787e-01 8.273575852007597486e-02 9.053498189420176034e-01 2.798307368890957747e+01
9.043551859318939012e-01 5.691673869865804779e-03 -4.266549019299505363e-01 -8.747684078499693427e+00 -3.933510755537026476e-02 9.967666267149857262e-01 -7.003846879428159145e-02 -1.813291373390318650e+00 4.248764128258906148e-01 8.012255009904539760e-02 9.016549412555558973e-01 2.876942484286979607e+01
9.013197389030564999e-01 5.620284448683439057e-03 -4.331427140290693978e-01 -9.141409930401056982e+00 -3.805264430665344921e-02 9.970774517685091487e-01 -6.625093410132901206e-02 -1.880825665655406542e+00 4.315047455241698970e-01 7.619322046340909482e-02 8.988992737716412496e-01 2.956872834151215557e+01
8.976037582985527674e-01 7.541716271730068526e-03 -4.406468322730954235e-01 -9.554466039132826438e+00 -3.800983413756083701e-02 9.974536709911369092e-01 -6.035851283895563718e-02 -1.939448111495657434e+00 4.390691396295806626e-01 7.093515289525606504e-02 8.956050977946611313e-01 3.038669795963796005e+01
8.940235859638328009e-01 7.494522783844190066e-03 -4.479680094016750269e-01 -9.970799682410651954e+00 -3.620586616495149318e-02 9.977982598685278814e-01 -5.554498517196204688e-02 -2.002862594931445805e+00 4.465649691648786446e-01 6.587819624517379791e-02 8.923267876477114502e-01 3.119647370869541447e+01
8.897249342890746204e-01 7.628103276376692159e-03 -4.564323568000097642e-01 -1.040131284591173078e+01 -3.588033669953157728e-02 9.979354669060004346e-01 -5.327379239038419756e-02 -2.067442392489540648e+00 4.550833177212817438e-01 6.378071710898811086e-02 8.881621190609678695e-01 3.201212948344967657e+01
8.866228837476722857e-01 7.469782419761671066e-03 -4.625043016820436503e-01 -1.084404253563366360e+01 -3.544679661744413318e-02 9.980259763012714336e-01 -5.183876046400150844e-02 -2.121189508008852087e+00 4.612039525042137544e-01 6.235493059642242125e-02 8.851375574353399500e-01 3.284338881928434972e+01
8.838832513277304903e-01 7.736828518607656233e-03 -4.676021552265446912e-01 -1.129565413498974280e+01 -3.524233864205656569e-02 9.981222432945531242e-01 -5.010607515299186909e-02 -2.169058622464311803e+00 4.663362573573429093e-01 6.077175928914833880e-02 8.824962558469244822e-01 3.367978517598952948e+01
8.813209643790876902e-01 6.414922485575742794e-03 -4.725212723137632298e-01 -1.176341922361565118e+01 -3.335772860884177876e-02 9.982578342341071886e-01 -4.867155582068665581e-02 -2.227344556755826321e+00 4.713857632452783664e-01 5.865766856376532223e-02 8.799994293836315151e-01 3.452866711482828066e+01
8.783417523735759236e-01 6.090447763918973786e-03 -4.779811994820331034e-01 -1.223644250683240919e+01 -3.295511792734821116e-02 9.983114619397979173e-01 -4.784314903335581959e-02 -2.287661028265654650e+00 4.768827966135172347e-01 5.777524897646309221e-02 8.770592609864615863e-01 3.538137850246468474e+01
8.772129360328609904e-01 4.785568574928278189e-03 -4.800999081727199691e-01 -1.271987688732337851e+01 -3.197094226729543104e-02 9.983130470971687265e-01 -4.846778866057477320e-02 -2.345369707432307660e+00 4.790581643080396579e-01 5.786466873115141130e-02 8.758859316954100693e-01 3.624242478809330237e+01
8.751962603164773480e-01 5.316942673183768127e-03 -4.836516948510379832e-01 -1.321855779766784877e+01 -3.300481225100604377e-02 9.982660500898894451e-01 -4.873675845863870842e-02 -2.400264813569982891e+00 4.825538933833196653e-01 5.861854980014895994e-02 8.738539904626216881e-01 3.711824423573933274e+01
8.751426999524500872e-01 5.156076138873565314e-03 -4.837785940023716091e-01 -1.371997499241621377e+01 -3.251455523870142028e-02 9.983095720336340184e-01 -4.816768961358017243e-02 -2.461670395880736883e+00 4.827119081686270796e-01 5.788908205646228766e-02 8.738311867236329133e-01 3.799443661386584381e+01
8.751427956775107431e-01 5.893660171223024692e-03 -4.837582359720524194e-01 -1.423040919799887760e+01 -3.249746872568218259e-02 9.983839123527362691e-01 -4.661418174941951015e-02 -2.514052604117344547e+00 4.827013408546343975e-01 5.651952348981424679e-02 8.739200078015098017e-01 3.889653738609406730e+01
8.747524041222870528e-01 4.239669936095542824e-03 -4.845543842176482929e-01 -1.474659607824358964e+01 -3.028094591227327437e-02 9.984856212752815097e-01 -4.592186399008282849e-02 -2.571600840624871598e+00 4.836260703116723181e-01 5.484065262020050568e-02 8.735560195738976130e-01 3.980623982610298839e+01
8.742862669432603928e-01 2.628023446812318212e-03 -4.854484417485461223e-01 -1.526293130494098982e+01 -2.869991604662288504e-02 9.985158349195968341e-01 -4.627437724674592773e-02 -2.626882451476106883e+00 4.846063941717318468e-01 5.438625782150753596e-02 8.730639583941013360e-01 4.072565016251942893e+01
8.732626915503360898e-01 8.938347943194315534e-04 -4.873351715263035677e-01 -1.579909009699921540e+01 -2.717193976536492334e-02 9.985313984519392783e-01 -4.685964088970823865e-02 -2.686964433761636961e+00 4.865777459526430815e-01 5.415960303707238743e-02 8.720047023599379887e-01 4.166289253477621912e+01
8.724247676489564896e-01 2.074164975569508618e-04 -4.887365698377929557e-01 -1.632523843217512294e+01 -2.544884297269378592e-02 9.986626784892488340e-01 -4.501624916067215043e-02 -2.746879175496063308e+00 4.880736110906782055e-01 5.171284918715128576e-02 8.712633705884794688e-01 4.259459654750207136e+01
8.704582955811550615e-01 7.819918011844694634e-04 -4.922501151555622734e-01 -1.686589217966687926e+01 -2.463314356144619133e-02 9.988149589423844787e-01 -4.197492321733502230e-02 -2.802032899577795000e+00 4.916338710194111949e-01 4.866498371929374456e-02 8.694461492202044672e-01 4.352908337164519992e+01
8.678672156807448745e-01 1.568756485153042016e-03 -4.968228040135477253e-01 -1.741108919869638427e+01 -2.267242174825626413e-02 9.990781773105481545e-01 -3.645486600472409855e-02 -2.863966905675014996e+00 4.963078519903951213e-01 4.289898368268228041e-02 8.671027351367590619e-01 4.445777191184520660e+01
8.639774454571024220e-01 -6.141875438972946950e-04 -5.035802924629897426e-01 -1.795394454258288519e+01 -1.989860637981449853e-02 9.991763904709843880e-01 -3.535592463685046510e-02 -2.913224230819453364e+00 5.031871969268065792e-01 4.056655843037645925e-02 8.632537516001422828e-01 4.538204543701072424e+01
8.584504268137533867e-01 -2.446084818978919682e-03 -5.128824745156644882e-01 -1.850769708044429507e+01 -1.919700255018648785e-02 9.991346141120331925e-01 -3.689865893408699610e-02 -2.971802822676846922e+00 5.125288738142079747e-01 4.152379199797646969e-02 8.576608020078684280e-01 4.629895820694375175e+01
8.529426567269660087e-01 -5.194746665869846326e-03 -5.219124781371379251e-01 -1.907026165461089562e+01 -1.821809526581894684e-02 9.990450645681312469e-01 -3.971430184359909382e-02 -3.039325382324399971e+00 5.216204214891104751e-01 4.338369793988655632e-02 8.520335537483907373e-01 4.720364563183503037e+01
8.470667530585982430e-01 -5.461240958415406084e-03 -5.315618555515139176e-01 -1.965788431557323435e+01 -1.796161420451314675e-02 9.990818832212480238e-01 -3.889740179992411812e-02 -3.088418953929536137e+00 5.312863626094748160e-01 4.249519630269509712e-02 8.461908436434023573e-01 4.812070075191027030e+01
8.410869031347890656e-01 -2.612776846984013555e-03 -5.407966392968795999e-01 -2.025464406341114909e+01 -1.850657262314093707e-02 9.992638231492358969e-01 -3.359718091870742690e-02 -3.136107715829022702e+00 5.404863624555652502e-01 3.826655140176461745e-02 8.404194324836756769e-01 4.902701578990030384e+01
8.362378304919232397e-01 6.612934999690450863e-04 -5.484827615665446299e-01 -2.085196895207282708e+01 -1.994081356160859117e-02 9.993745777018806509e-01 -2.919644650586043777e-02 -3.189270323334288282e+00 5.481205573793349606e-01 3.534782675390409079e-02 8.357280573518507394e-01 4.992202561365458990e+01
8.317196235012562777e-01 1.339650335758942089e-03 -5.551589513532733111e-01 -2.146081405645444207e+01 -2.205976376914335971e-02 9.992872081658608074e-01 -3.064295801403525005e-02 -3.240102212415979288e+00 5.547223585051362926e-01 3.773184746591273786e-02 8.311562471178256528e-01 5.080867645806968369e+01
8.287211661996232159e-01 -7.292672916136538203e-04 -5.596122767941011933e-01 -2.207320616491381671e+01 -2.260529556497766976e-02 9.991394447288884928e-01 -3.476520175751513647e-02 -3.286141526105658794e+00 5.591561923589323246e-01 4.145901633060043029e-02 8.279915876722575563e-01 5.169054347946001116e+01
8.258141159927714359e-01 -2.776650404399847241e-03 -5.639881752191597819e-01 -2.267908926512672352e+01 -2.514350808428178138e-02 9.988121514289454161e-01 -4.173384777557627434e-02 -3.347710749363063343e+00 5.634342535325980172e-01 4.864346166411067512e-02 8.247634167785701242e-01 5.256914186247502130e+01
8.227689367766789497e-01 -2.995259152562684390e-03 -5.682935084023635897e-01 -2.330554408712905001e+01 -2.589700129015388291e-02 9.987499180104238983e-01 -4.275819863507601681e-02 -3.405241660925225844e+00 5.677108846012641763e-01 4.990301556897528551e-02 8.216630056598273057e-01 5.344317230548233510e+01
8.197248098077754008e-01 -1.513858710198478022e-03 -5.727210689251279740e-01 -2.392910151356640469e+01 -2.494466183946623256e-02 9.989532323724981122e-01 -3.833121800878275254e-02 -3.459383713088430401e+00 5.721795769501007989e-01 4.570837886202630540e-02 8.188292176654603516e-01 5.432056992563066444e+01
8.165125832088083735e-01 4.673721525525397977e-04 -5.772660135763960643e-01 -2.456765801072680233e+01 -2.385431342316736425e-02 9.991729580495870566e-01 -3.292424412059328370e-02 -3.508977740187529726e+00 5.767733222902418078e-01 4.065248658784993696e-02 8.158484987158175494e-01 5.520591218576976189e+01
8.129532194353257246e-01 2.085100099908750865e-03 -5.823629303505445387e-01 -2.520647549601540760e+01 -2.382197380576692169e-02 9.992755384647545869e-01 -2.967363581205190864e-02 -3.567067089924921497e+00 5.818790358662552231e-01 3.799730426621645424e-02 8.124142102777154317e-01 5.608341848049573031e+01
8.106943059754502245e-01 2.597194361216218113e-03 -5.855885882152462862e-01 -2.584610613478024987e+01 -2.512277322300408497e-02 9.992233608476175366e-01 -3.034554606884203379e-02 -3.614610145100437322e+00 5.850550243454686328e-01 3.930962607316527968e-02 8.101301408704140172e-01 5.695824721002509960e+01
8.067705524469568346e-01 1.650183140700385532e-03 -5.908094395771026353e-01 -2.650076745063133643e+01 -2.530543274564536066e-02 9.991750728396731063e-01 -3.176244743875347026e-02 -3.659558010998190447e+00 5.902696640873820177e-01 4.057516371103373626e-02 8.061469292826149990e-01 5.782664716854578302e+01
8.025011268810999798e-01 3.304077607581297872e-04 -5.966709817145658956e-01 -2.715258787175636357e+01 -2.531315885863007209e-02 9.991184263205692417e-01 -3.349823437347304589e-02 -3.716577813746458236e+00 5.961342784301266740e-01 4.198087992983221689e-02 8.018019560642306587e-01 5.869144982070895367e+01
8.003607385199732471e-01 -1.706005495119198266e-03 -5.995641945745012746e-01 -2.781255490692134202e+01 -2.372116977215784489e-02 9.991227298184572891e-01 -3.451273707732861740e-02 -3.765233645837227083e+00 5.990972296770510352e-01 4.184434958113734254e-02 7.996182539020176838e-01 5.955981271610001215e+01
7.944676028829372738e-01 -1.580620072311978916e-03 -6.072640604370064255e-01 -2.848423492237336774e+01 -2.342786796311006892e-02 9.991723961437143364e-01 -3.324746460519206748e-02 -3.815402606271199648e+00 6.068141217463546289e-01 4.064209485152055906e-02 7.937732523733426193e-01 6.041343549212425756e+01
7.905531059753847511e-01 -2.107351435556467124e-03 -6.124446290783860380e-01 -2.915462333632868663e+01 -2.214819268298683780e-02 9.992414337394129875e-01 -3.201860959429352754e-02 -3.863682301910822847e+00 6.120476153142334619e-01 3.887410319346533416e-02 7.899066455116430241e-01 6.127597981685591577e+01
7.845090616299468245e-01 -2.801161173741082214e-03 -6.200840223826065145e-01 -2.985108626753999062e+01 -2.224306774361386671e-02 9.992191799954287523e-01 -3.265661442864650765e-02 -3.909893931550323387e+00 6.196912197050964410e-01 3.941617628490105135e-02 7.838342192739778946e-01 6.212866153790145063e+01
7.790267665834604838e-01 -3.579330299510667494e-03 -6.269592529129978109e-01 -3.054977894614099299e+01 -2.247693978866918685e-02 9.991814843244096744e-01 -3.362807513616818816e-02 -3.962508414529309242e+00 6.265663041814768519e-01 4.029334653874991345e-02 7.783086348495764639e-01 6.297564192751639212e+01
7.751245419275920590e-01 -4.597058698372595217e-03 -6.318048252485044536e-01 -3.124805271644823534e+01 -2.174800484346382443e-02 9.991867816692833193e-01 -3.395332617286675458e-02 -4.014676947323144063e+00 6.314471610007993396e-01 4.005942669681535756e-02 7.743940158348877612e-01 6.382673248000236299e+01
7.683690018811122346e-01 -6.527913015657876676e-03 -6.400285014639287562e-01 -3.197079707031005569e+01 -2.107795962937897283e-02 9.991474362885338634e-01 -3.550831232884265470e-02 -4.074788352699521887e+00 6.397148465208665202e-01 4.077216497474910745e-02 7.675760944650893425e-01 6.468075332833036839e+01
7.635271064711787181e-01 -7.806252139152467830e-03 -6.458242136232028585e-01 -3.268903703943574612e+01 -2.046602602634576759e-02 9.991321694540731269e-01 -3.627276459123658647e-02 -4.124360324602940331e+00 6.455469924869281506e-01 4.090955549194089796e-02 7.627046461938888910e-01 6.552787524048358136e+01
7.576298078179246609e-01 -8.425867794718815140e-03 -6.526395468112498044e-01 -3.342480673314842932e+01 -1.960616552225971643e-02 9.991715754032535202e-01 -3.566069159512177955e-02 -4.176724388685227218e+00 6.523995914619381553e-01 3.981172911684167232e-02 7.568368151545238343e-01 6.637110744106365701e+01
7.507973164478742856e-01 -8.990810443677277330e-03 -6.604448573411622059e-01 -3.417004020945680764e+01 -1.845066070635962771e-02 9.992316457656028605e-01 -3.457093530213629223e-02 -4.227944012687970599e+00 6.602483882590696185e-01 3.814217432895269932e-02 7.500544842892085118e-01 6.720568544523639787e+01
7.456119219052668168e-01 -1.088452660471396147e-02 -6.664291667325570323e-01 -3.492240411377540710e+01 -1.584943202760029715e-02 9.992940843461151079e-01 -3.406583713817503550e-02 -4.290725318111836550e+00 6.663296882975547897e-01 3.596079511857198929e-02 7.449131627931128152e-01 6.803457394736200570e+01
7.382606333796420950e-01 -1.120621761898502218e-02 -6.744184037260396725e-01 -3.569479562027960640e+01 -1.567416203988714410e-02 9.993070029165919133e-01 -3.377040032340489217e-02 -4.344419311672044870e+00 6.743296806178487035e-01 3.550198003728564228e-02 7.375733525305180338e-01 6.886557263550410823e+01
7.323912680375874729e-01 -1.276260451048807053e-02 -6.806993155022319497e-01 -3.647476062396427210e+01 -1.529472972271989605e-02 9.992636284612806952e-01 -3.518962891827948775e-02 -4.401723567181994312e+00 6.806472239571922378e-01 3.618619053306656314e-02 7.316569545257599616e-01 6.968561304526113531e+01
7.268315231936091081e-01 -1.267776594709011870e-02 -6.867507891495683303e-01 -3.726412517104520106e+01 -1.659464006934083247e-02 9.992135397160177845e-01 -3.601799294310486371e-02 -4.453146419372972176e+00 6.866673652417152329e-01 3.757590447546652057e-02 7.260496708054308135e-01 7.050582610723081700e+01
7.214066546598986163e-01 -1.220150253523909559e-02 -6.925610883764971026e-01 -3.807267380021503556e+01 -1.632541964114838859e-02 9.992672012482195498e-01 -3.461494347456336301e-02 -4.504866296107998380e+00 6.924762094760493758e-01 3.627324187345391804e-02 7.206789287255185306e-01 7.132465618248062356e+01
7.166556950178358809e-01 -1.176121468629741720e-02 -6.973250642232512453e-01 -3.888016087962983391e+01 -1.722263652484045185e-02 9.992544445973636780e-01 -3.454318800387413263e-02 -4.560797919275177748e+00 6.972116704293919165e-01 3.676283312302679879e-02 7.159188956669357840e-01 7.213866650567149463e+01
7.118606651054362189e-01 -1.234630136760691763e-02 -7.023236968580724993e-01 -3.970195323898327189e+01 -1.731688444155228546e-02 9.992329540681991196e-01 -3.511809863945756366e-02 -4.614545493519349506e+00 7.022186150332045962e-01 3.716107596396354268e-02 7.111008617223608663e-01 7.295825666018767208e+01
7.064558979894797197e-01 -1.403414682521324404e-02 -7.075506782518624638e-01 -4.052866150382286037e+01 -1.788330337039283069e-02 9.991302384840426987e-01 -3.768017601929687238e-02 -4.669977763471917065e+00 7.074641118181211885e-01 3.927263949507820567e-02 7.055904854403877158e-01 7.377040264435117933e+01
7.023168155483697772e-01 -1.584809640061855818e-02 -7.116387206210389449e-01 -4.136189229340790519e+01 -1.811811629101668306e-02 9.990303358379141185e-01 -4.012347036104205872e-02 -4.732892557456316318e+00 7.115845596352817770e-01 4.107098876629762529e-02 7.013487428550494451e-01 7.458459142148885235e+01
6.966458704973627070e-01 -1.549789588913859893e-02 -7.173030470177671480e-01 -4.220813609327935723e+01 -1.918444423468440227e-02 9.990066729704858428e-01 -4.021031517381237069e-02 -4.790802913649807593e+00 7.172139301440955128e-01 4.177038689638206542e-02 6.956567178541730456e-01 7.538504234532402393e+01
6.922677261663773285e-01 -1.570680288136871300e-02 -7.214306316843691613e-01 -4.306443549840467000e+01 -1.787178203565342044e-02 9.990833209449286878e-01 -3.890093318348861184e-02 -4.849812777916173268e+00 7.213800771405474155e-01 3.982864366220151275e-02 6.913523763887552409e-01 7.619842172003917824e+01
6.874709166443661035e-01 -1.739522643951965999e-02 -7.258599579431168625e-01 -4.392120560501316362e+01 -1.552146218889670880e-02 9.991328188592626391e-01 -3.863066782952761374e-02 -4.913251639429250694e+00 7.259026045397917182e-01 3.782283176243352724e-02 6.866047276883576744e-01 7.700185722949345291e+01
6.828388585374020048e-01 -1.666118334469744375e-02 -7.302790186671096473e-01 -4.479730572996789562e+01 -1.581722456062547785e-02 9.991685000562477992e-01 -3.758099456634578922e-02 -4.976933524781433249e+00 7.302976795170050828e-01 3.721925132918815077e-02 6.820076245835355877e-01 7.779222198189988546e+01
6.781602000676493214e-01 -1.744270653996224732e-02 -7.345582545884731251e-01 -4.567013609438189548e+01 -1.517382763704560981e-02 9.991728785625743070e-01 -3.772406683481781958e-02 -5.033428808055766979e+00 7.346085371785129325e-01 3.673409529883444463e-02 6.773345849439955657e-01 7.859507645694641553e+01
6.732421990697234904e-01 -1.977507340382414838e-02 -7.391607201940807448e-01 -4.656339012232426455e+01 -1.265088764213379707e-02 9.991879356929547207e-01 -3.825471082422241681e-02 -5.098751101275479591e+00 7.393170965616486789e-01 3.510299247519133026e-02 6.724454393492603765e-01 7.939133480588196790e+01
6.690869601866846761e-01 -2.017765842111766961e-02 -7.428644235341778090e-01 -4.745755916971801014e+01 -1.181097740868178661e-02 9.992164535423716520e-01 -3.777813311321696205e-02 -5.151741520031974275e+00 7.430446353247730507e-01 3.404849779873812821e-02 6.683244272667324681e-01 8.018356796095947914e+01
6.660850872026068403e-01 -2.205865364031487502e-02 -7.455630143322444781e-01 -4.835634363876817332e+01 -9.260813829333788827e-03 9.992410278973391513e-01 -3.783458035760602772e-02 -5.214660493417071940e+00 7.458317564988530268e-01 3.210244264774295142e-02 6.653752956704708232e-01 8.098093327033443245e+01
6.612143180126413000e-01 -2.683419990635431754e-02 -7.497225916119024669e-01 -4.925888505292603270e+01 -5.781577241249357714e-03 9.991482413119224804e-01 -4.084889275802656983e-02 -5.277939824357865461e+00 7.501801900598953354e-01 3.134507700805975322e-02 6.604959192215789088e-01 8.177823529781501577e+01
6.564825151463318242e-01 -3.203753414020230755e-02 -7.537128829408141772e-01 -5.016860397316074938e+01 -9.449729662072411463e-04 9.990619626334833470e-01 -4.329707492811345898e-02 -5.342512377323519246e+00 7.543931888817251297e-01 2.913252121454552521e-02 6.558365642238167537e-01 8.256937670054556122e+01
6.508964711352505095e-01 -3.582471434950720152e-02 -7.583838277450495324e-01 -5.109555296289298809e+01 5.207079053515637108e-03 9.990731824682596018e-01 -4.271995585343052459e-02 -5.406918936306176704e+00 7.592118268048123619e-01 2.385305517684304516e-02 6.504798369436703975e-01 8.336295546905451204e+01
6.421732900029127888e-01 -3.931876309950361331e-02 -7.656637993220437588e-01 -5.202971728790205930e+01 9.976490391800808127e-03 9.990277720452336307e-01 -4.292760931236928867e-02 -5.474879603413890905e+00 7.666078769242352653e-01 1.992389861935878886e-02 6.419412662141829040e-01 8.414236596112731092e+01
6.338129072090638028e-01 -4.088979519169002458e-02 -7.724885300072438232e-01 -5.296995379724481268e+01 1.329093924112888063e-02 9.990301314659040255e-01 -4.197500798256271343e-02 -5.544846370091221388e+00 7.734559539255451144e-01 1.633892207488413933e-02 6.337414768966266321e-01 8.492188491680873597e+01
6.248355605087888565e-01 -3.947417582895702132e-02 -7.797503531759621964e-01 -5.393690343486420602e+01 1.431844339938634185e-02 9.991321474976216921e-01 -3.911688450603655054e-02 -5.607902262758959644e+00 7.806180003474193496e-01 1.327176134531315478e-02 6.248590937704757708e-01 8.568875486376003892e+01
6.155120121934062327e-01 -3.907039034329080202e-02 -7.871312199877034121e-01 -5.491908625751061379e+01 1.437470909617568661e-02 9.991608918765486624e-01 -3.835175335517877065e-02 -5.672073386867002576e+00 7.879692436109431153e-01 1.229074059888408607e-02 6.155571293277199985e-01 8.644291232687645277e+01
6.060709231996528334e-01 -3.983147316955053252e-02 -7.944119010840267059e-01 -5.590469433570912372e+01 1.319332248901906000e-02 9.991112849800234397e-01 -4.004259815975201586e-02 -5.733569448595502216e+00 7.953006155434531044e-01 1.378980338929584534e-02 6.060580834157830443e-01 8.718768060897603789e+01
5.955234309964021477e-01 -4.295458853442505470e-02 -8.021186171904221007e-01 -5.690040072532653426e+01 1.461596350252566262e-02 9.989840168472791104e-01 -4.263497819689042456e-02 -5.800187736825968443e+00 8.031345432409658924e-01 1.367632593108316502e-02 5.955453594874041690e-01 8.791680789094559145e+01
5.864881893560947024e-01 -4.387440950017129637e-02 -8.087895288548628825e-01 -5.790808384155106836e+01 1.413099740759829644e-02 9.989341334390624549e-01 -4.393446537951305186e-02 -5.872233203603248519e+00 8.098552994980605657e-01 1.433778255493563768e-02 5.864830159690337386e-01 8.864250363113661990e+01
5.770797291690723529e-01 -4.472876161408092383e-02 -8.154009657257370591e-01 -5.893105660946731916e+01 1.785841240443334157e-02 9.989518297111792400e-01 -4.215470277016810513e-02 -5.935271766330516563e+00 8.164313446803174168e-01 9.771978337791717081e-03 5.772731372028175878e-01 8.936510335121553794e+01
5.653531511725499170e-01 -4.466586969469572843e-02 -8.236535675616187824e-01 -5.996549474928635703e+01 1.924214608802436027e-02 9.989751133721557208e-01 -4.096569751470451742e-02 -6.002301430730647702e+00 8.246394149102057591e-01 7.310122862476224614e-03 5.656332856910427642e-01 9.006283827319505519e+01
5.548404040596232045e-01 -4.524868520980961789e-02 -8.307895259901277862e-01 -6.101302415745353613e+01 1.995285631283938779e-02 9.989563629293476410e-01 -4.108299946102557387e-02 -6.070954483826424664e+00 8.317817594218891442e-01 6.217170952874838223e-03 5.551642787530645107e-01 9.075272603740084776e+01
5.460609862386566205e-01 -4.616646158989563820e-02 -8.364222546321946616e-01 -6.206981003517063300e+01 1.918487520528166027e-02 9.989078210088540022e-01 -4.260401125031714614e-02 -6.137909762150453474e+00 8.374755674821450224e-01 7.218800854234024705e-03 5.463500981060357420e-01 9.143989122450440732e+01
5.348677282388029086e-01 -4.679345725774163023e-02 -8.436878929901299173e-01 -6.314372597297076339e+01 1.867714973690623101e-02 9.988759138984792951e-01 -4.355458039284298977e-02 -6.207837482429074072e+00 8.447785138307217778e-01 7.530281340695853254e-03 5.351406709692548835e-01 9.210785115604610951e+01
5.259289323148935713e-01 -4.748913689921956810e-02 -8.491586308084113632e-01 -6.422239722002785811e+01 1.760539171286706547e-02 9.988342674899832740e-01 -4.494960393787844621e-02 -6.278668130503803901e+00 8.503030043457495690e-01 8.696293510149050512e-03 5.261513261808411501e-01 9.276731439861188733e+01
5.160040978449308424e-01 -4.659780246388463276e-02 -8.555097571308679649e-01 -6.531593062056033716e+01 1.604587763834236167e-02 9.988696850023019991e-01 -4.474232880859790873e-02 -6.356427929096466478e+00 8.566281592399345168e-01 9.359205876775958041e-03 5.161687333843043568e-01 9.341022349291731075e+01
