1.0 0.0 0.0 0.0 0.0 1.0 0.0 0.0 0.0 0.0 1.0 0.0
0.9999316 0.011657326 0.0009474583 0.30126953 -0.011654614 0.9999281 -0.0028192457 -0.010009766 -0.0009802554 0.0028080111 0.9999956 0.0068359375
0.99984145 0.01774523 0.0014111772 0.5878906 -0.017737672 0.99982905 -0.0052023465 -0.022094727 -0.0015032431 0.0051764864 0.99998546 0.007080078
0.9998006 0.01995248 0.0009329161 0.88830566 -0.019944936 0.99977314 -0.007494513 -0.03100586 -0.0010821801 0.0074744094 0.9999715 0.007446289
0.99983066 0.018401012 -0.00034539573 1.1938477 -0.018403307 0.99979347 -0.008626628 -0.0357666 0.00018660686 0.008631525 0.99996275 0.009155273
0.9999258 0.011992326 -0.0021577983 1.5123291 -0.012015313 0.9998676 -0.010976995 -0.035888672 0.002025951 0.011002106 0.9999375 0.012451172
0.99999464 -0.00016927309 -0.0032669087 1.8306885 0.00013085993 0.99993086 -0.011753203 -0.03479004 0.003268673 0.0117527135 0.99992555 0.01928711
0.9998682 -0.015763808 -0.0038560764 2.1710205 0.015720204 0.9998149 -0.011086775 -0.018432617 0.00403016 0.011024663 0.9999311 0.023071289
0.99937046 -0.035274126 -0.0036899762 2.5150146 0.035248406 0.9993549 -0.0068180608 0.013549805 0.003928176 0.0066836867 0.99996996 0.025756836
0.99850035 -0.0545266 -0.004962578 2.8651123 0.054515745 0.99851066 -0.002297632 0.05102539 0.0050804294 0.0020236508 0.99998504 0.025634766
0.99729186 -0.07334053 -0.0053577023 3.2277832 0.07333032 0.99730486 -0.0020775856 0.08862305 0.0054956265 0.0016790357 0.9999835 0.026733398
0.9955017 -0.09460672 -0.0052155186 3.6070557 0.094585635 0.99550873 -0.0041505494 0.13598633 0.0055847024 0.0036384964 0.99997777 0.030395508
0.99337065 -0.11487642 -0.00439327 3.994629 0.11485383 0.99336994 -0.005088119 0.18554688 0.0049486794 0.0045498256 0.9999774 0.03515625
0.9910343 -0.1335587 -0.0036244984 4.393799 0.13354118 0.9910321 -0.004713009 0.25097656 0.0042213867 0.0041868384 0.99998236 0.036987305
0.9888949 -0.14856856 -0.0033664834 4.8100586 0.14855568 0.98889524 -0.0037963623 0.3277588 0.0038931917 0.0032540248 0.9999871 0.042114258
0.9868835 -0.16141497 -0.0034009698 5.2314453 0.16140743 0.98688775 -0.0023846445 0.4074707 0.0037413219 0.0018044708 0.99999136 0.045654297
0.98449624 -0.17535178 -0.0044037406 5.6676025 0.17533359 0.9845002 -0.004226787 0.48754883 0.005076734 0.003389113 0.99998134 0.05041504
0.9828795 -0.18413405 -0.0056200065 6.115967 0.18409082 0.9828756 -0.0074317846 0.5734863 0.006892332 0.0062698666 0.9999566 0.0592041
0.9815699 -0.19092382 -0.0071294247 6.578003 0.19087583 0.98158085 -0.0069017326 0.6711426 0.008316014 0.0054132817 0.99995077 0.061645508
0.9800057 -0.19873826 -0.009603175 7.0617676 0.19867241 0.98003817 -0.0073930332 0.7763672 0.010880746 0.0053376434 0.99992657 0.05908203
0.97841203 -0.20630985 -0.011974983 7.550171 0.20622401 0.9784705 -0.008023596 0.8848877 0.013372559 0.0053811353 0.9998961 0.06591797
0.97659236 -0.21466537 -0.013308672 8.046631 0.21451473 0.976644 -0.011882488 0.99645996 0.015548643 0.008748999 0.99984086 0.072753906
0.97486 -0.2224562 -0.01277433 8.567261 0.22222565 0.974843 -0.017292779 1.1063232 0.016299501 0.0140185505 0.999769 0.08496094
0.9733531 -0.22880335 -0.01511943 9.095459 0.22853312 0.97337294 -0.017700395 1.2303467 0.018767608 0.013774693 0.99972916 0.10510254
0.9706743 -0.23957667 -0.020100215 9.62854 0.2393259 0.9708419 -0.014105404 1.3812256 0.022892842 0.008880844 0.99969846 0.103759766
0.968659 -0.24727578 -0.023922436 10.173584 0.24703963 0.9689352 -0.012414374 1.5336914 0.026248464 0.006116612 0.99963677 0.114746094
0.9663974 -0.25588942 -0.025462778 10.735962 0.25557643 0.96670043 -0.014920873 1.6875 0.02843187 0.007914643 0.99956447 0.13256836
0.96435314 -0.26330328 -0.026402313 11.309204 0.26294646 0.9646752 -0.016243005 1.8453369 0.029746592 0.008721926 0.9995194 0.15917969
0.9620187 -0.2714028 -0.029525885 11.891113 0.27100658 0.9624373 -0.016761187 2.0180664 0.032965317 0.008125535 0.9994238 0.17810059
0.959521 -0.2796459 -0.033343833 12.481567 0.2792781 0.9600855 -0.01531478 2.2010498 0.036294978 0.0053799488 0.9993264 0.19885254
0.9573079 -0.28651586 -0.038132876 13.08374 0.286058 0.9580514 -0.01708236 2.3881836 0.04142852 0.0054454757 0.999127 0.22521973
0.9551139 -0.29279572 -0.045658063 13.696045 0.2922651 0.9561974 -0.018044515 2.5827637 0.04893798 0.003891357 0.99879366 0.25683594
0.9536492 -0.29597163 -0.05421891 14.324463 0.29538208 0.95518756 -0.018770415 2.7868652 0.057343848 0.0018834639 0.99835265 0.28710938
0.95172614 -0.30033234 -0.06346996 14.958008 0.29973787 0.9538397 -0.0189178 2.9908447 0.06622035 -0.0010184553 0.9978045 0.3256836
0.94993454 -0.30376604 -0.07324816 15.610474 0.30328342 0.9527411 -0.017894614 3.2062988 0.07522091 -0.0052180267 0.9971523 0.3626709
0.9480649 -0.30772647 -0.08046457 16.266113 0.30740514 0.9514318 -0.016663197 3.432251 0.081683695 -0.008939021 0.99661785 0.41601562
0.94616485 -0.31154817 -0.087959945 16.93396 0.31132472 0.950173 -0.016594516 3.6623535 0.088747464 -0.011679515 0.9959856 0.4724121
0.9438939 -0.31631938 -0.09474701 17.611084 0.31635892 0.9485055 -0.015001526 3.9024658 0.094614856 -0.015818797 0.99538827 0.54138184
0.9420372 -0.32002425 -0.10107378 18.298584 0.32034197 0.94723946 -0.013505345 4.1505127 0.10006267 -0.01964294 0.9947881 0.6040039
0.9395908 -0.3254404 -0.10605767 19.002808 0.3263161 0.9452091 -0.009485706 4.411133 0.10333218 -0.025699243 0.99431384 0.6759033
0.93775064 -0.3300886 -0.10807657 19.709717 0.33103722 0.94357735 -0.009565493 4.671875 0.10513538 -0.026804566 0.9940966 0.75305176
0.9356075 -0.33633298 -0.107289724 20.440186 0.33733845 0.9413365 -0.009190327 4.941162 0.10408574 -0.027601078 0.9941833 0.8376465
0.9336 -0.34227335 -0.10621105 21.171265 0.3434108 0.939172 -0.007952818 5.2156982 0.102474056 -0.029039346 0.9943131 0.9157715
0.93116593 -0.3494758 -0.10423154 21.911743 0.3505028 0.9365575 -0.008894762 5.498047 0.100725785 -0.028246257 0.9945115 1.0020752
0.9294244 -0.35497308 -0.1005432 22.648926 0.35607967 0.9343977 -0.0073319785 5.785034 0.096550435 -0.028996482 0.9949051 1.0776367
0.92533195 -0.36679968 -0.095882446 23.417603 0.36800563 0.9297935 -0.0054253666 6.0976562 0.0911438 -0.030266576 0.9953784 1.15979
0.9224469 -0.37511894 -0.09136812 24.16748 0.37635642 0.92644966 -0.003949382 6.4160156 0.08612789 -0.03074365 0.99581033 1.2415771
0.9194126 -0.38310435 -0.088920824 24.923584 0.38458264 0.9230889 -0.00055278186 6.739624 0.0822933 -0.03369381 0.99603766 1.3103027
0.91653097 -0.39021346 -0.08742228 25.690308 0.39179468 0.9200185 0.0010060454 7.0845947 0.08003682 -0.035181046 0.99617076 1.3850098
0.91227174 -0.40002325 -0.0876489 26.469604 0.401644 0.9157615 0.0009354721 7.4281006 0.07989111 -0.036058206 0.9961522 1.4605713
0.9092718 -0.40708038 -0.08688267 27.240845 0.40875554 0.9126645 0.001634438 7.788086 0.0786273 -0.036999922 0.9962163 1.5280762
0.90529126 -0.41616768 -0.085486665 28.032349 0.4179104 0.90851575 0.0027583204 8.156982 0.07651674 -0.038220793 0.9963348 1.5950928
0.9015965 -0.42446437 -0.08291547 28.82129 0.42610666 0.9046287 0.002332591 8.538452 0.07401555 -0.037452955 0.9965516 1.6715088
0.8988416 -0.4311163 -0.079019845 29.622925 0.43262342 0.90158397 0.002184845 8.9279785 0.07030263 -0.03614753 0.9968709 1.7382812
0.8955434 -0.4387233 -0.07379548 30.443481 0.440186 0.89785254 0.004014725 9.33667 0.06449482 -0.03607785 0.9972666 1.796875
0.8922665 -0.44624844 -0.06877558 31.25586 0.4475444 0.8942588 0.0038789911 9.748535 0.05976722 -0.03424809 0.9976233 1.8599854
0.8881008 -0.45478156 -0.06671861 32.07422 0.45602694 0.88995683 0.003918059 10.174194 0.057592757 -0.03389889 0.9977649 1.9234619
0.8850762 -0.46091083 -0.065322235 32.907715 0.46210876 0.88685286 0.0036920167 10.612915 0.05622765 -0.033448745 0.99785733 1.9758301
0.882434 -0.4660546 -0.06376219 33.746216 0.46722168 0.8841097 0.0039002043 11.060913 0.054554213 -0.033230677 0.99795806 2.022461
0.87994146 -0.47110885 -0.06167415 34.59729 0.4721432 0.8815433 0.0025207978 11.524902 0.053179815 -0.031332437 0.9980935 2.0794678
0.8770017 -0.4766103 -0.060817204 35.45227 0.47760716 0.8785637 0.0021348828 11.994019 0.05241553 -0.030917088 0.9981471 2.1383057
0.8758318 -0.47877842 -0.060918916 36.31494 0.47971228 0.87743765 0.00080741476 12.474609 0.053066563 -0.029929047 0.9981425 2.1940918
0.8737969 -0.48227468 -0.0616871 37.192627 0.4832651 0.87542504 0.001301304 12.970093 0.053375114 -0.030956589 0.9980944 2.2471924
0.87377506 -0.48243544 -0.06095878 38.07019 0.48339546 0.8753689 0.0011374697 13.46936 0.05280841 -0.030465055 0.9981395 2.307129
0.8738627 -0.48243594 -0.0595879 38.973633 0.4833922 0.87536293 0.0018719696 13.977783 0.051254775 -0.030445807 0.9982211 2.3582764
0.8735049 -0.4833598 -0.05791651 39.884888 0.48418304 0.8749683 0.000205793 14.491455 0.0505759 -0.028226 0.9983209 2.4143066
0.8730179 -0.48433346 -0.057469584 40.805786 0.48506376 0.8745026 -0.0014164071 15.005249 0.050941806 -0.026643258 0.99834555 2.4676514
0.8719638 -0.4862966 -0.05725502 41.74475 0.48693442 0.8734809 -0.0031715161 15.538452 0.051551923 -0.025111936 0.9983541 2.5257568
0.87122625 -0.4878011 -0.054815948 42.678223 0.48834586 0.8726349 -0.003879384 16.06189 0.049728673 -0.023383595 0.9984897 2.5844727
0.8694091 -0.49138078 -0.05178298 43.61487 0.491887 0.87065744 -0.003350403 16.599243 0.04673005 -0.022556335 0.9986529 2.638916
0.8670672 -0.49608877 -0.046036366 44.546143 0.4965083 0.8680446 -0.0026271474 17.140747 0.041267563 -0.02057825 0.9989363 2.7010498
0.8632262 -0.5029688 -0.04373779 45.473145 0.5032598 0.8641506 -0.004890254 17.679077 0.04025364 -0.017789949 0.9990308 2.7490234
0.85763717 -0.51229787 -0.044737622 46.39319 0.512537 0.8586331 -0.0068246834 18.227417 0.041908383 -0.01707474 0.9989756 2.805542
0.8520162 -0.52136767 -0.04663987 47.301025 0.521526 0.85314006 -0.009671816 18.784546 0.044834167 -0.01608562 0.998865 2.8707275
0.8461742 -0.53103894 -0.045791607 48.221436 0.5311793 0.84726465 -0.0100500975 19.366821 0.044133555 -0.015812578 0.99890065 2.9188232
0.84039617 -0.5402767 -0.041593295 49.131348 0.540474 0.8412666 -0.007319223 19.958618 0.038945634 -0.016337862 0.9991074 2.967163
0.8356955 -0.54794383 -0.03869895 50.02954 0.5482158 0.8364029 -0.004140596 20.551514 0.034635626 -0.017754544 0.99924207 3.020752
0.8311179 -0.55454 -0.041105792 50.918945 0.5548843 0.8318964 -0.0035367291 21.156128 0.036161046 -0.019868976 0.9991487 3.0701904
0.82795596 -0.55894697 -0.044852868 51.80298 0.559291 0.8289192 -0.0056503043 21.764893 0.040337425 -0.02041618 0.99897707 3.1140137
0.82472664 -0.563183 -0.052056637 52.683594 0.56359786 0.82604903 -0.0077331467 22.367065 0.04735506 -0.022960043 0.998614 3.1723633
0.8216249 -0.5674542 -0.053331327 53.56006 0.56789327 0.8230118 -0.008001283 22.98999 0.04843233 -0.02371167 0.99854517 3.2288818
0.81878966 -0.5719508 -0.04915032 54.440186 0.5723652 0.8199484 -0.006582719 23.610107 0.04406269 -0.022748478 0.9987692 3.2838135
0.81580675 -0.5765785 -0.044107098 55.32837 0.57696563 0.8167117 -0.0046682293 24.24524 0.038715377 -0.021646181 0.99901557 3.3345947
0.81236875 -0.5817055 -0.041467164 56.20874 0.5820985 0.8131393 -0.0031181264 24.880371 0.03552901 -0.021604331 0.9991349 3.3931885
0.8100807 -0.5848793 -0.042789638 57.085693 0.58532184 0.8108868 -0.0026422637 25.516968 0.036238972 -0.022903515 0.9990803 3.4399414
0.80609864 -0.59008473 -0.04407339 57.956787 0.5905248 0.8069724 -0.003651864 26.167847 0.03772297 -0.023086127 0.99902153 3.4840088
0.80175596 -0.59593785 -0.045500953 58.824463 0.5963634 0.80271393 -0.005040806 26.815552 0.039533593 -0.023092883 0.9989516 3.540039
0.7995797 -0.59889144 -0.04537785 59.69507 0.59923506 0.8005774 -0.007113357 27.472412 0.04058834 -0.021500789 0.99894464 3.5880127
0.7937345 -0.6066161 -0.044199318 60.552246 0.6069451 0.7946813 -0.007087992 28.139526 0.039423868 -0.021203004 0.99899745 3.6384277
0.78987145 -0.6118555 -0.042448953 61.417725 0.61213154 0.7907611 -0.007683666 28.806152 0.038264602 -0.019919246 0.9990686 3.6868896
0.7837999 -0.6194952 -0.043014638 62.273926 0.61976063 0.7847238 -0.008474396 29.498047 0.039003093 -0.020014191 0.99903876 3.7329102
0.77827513 -0.6263646 -0.04391303 63.124268 0.62662244 0.77925 -0.009339246 30.192383 0.04006497 -0.020249069 0.9989917 3.7852783
0.77436423 -0.6312425 -0.043694887 63.97827 0.63145834 0.77535045 -0.010420205 30.886963 0.040455908 -0.019520532 0.99899065 3.8374023
0.76755196 -0.6394999 -0.044433825 64.83618 0.6396563 0.7686056 -0.012456942 31.604736 0.0421221 -0.018853754 0.998935 3.8972168
0.7626847 -0.64532685 -0.044589065 65.68652 0.64543706 0.76376945 -0.013811347 32.31897 0.04296571 -0.018244239 0.9989098 3.9467773
0.7568202 -0.6521827 -0.043509293 66.53345 0.65225255 0.7578707 -0.01452495 33.050415 0.042448364 -0.017386634 0.9989473 3.9997559
0.75004184 -0.66003746 -0.04185966 67.37207 0.6600621 0.75103396 -0.015199073 33.791016 0.04146793 -0.01623376 0.99900764 4.05188
0.74491143 -0.66611946 -0.039697047 68.20459 0.66603744 0.7458434 -0.017177794 34.539185 0.041049425 -0.013634446 0.9990643 4.1154785
0.73757297 -0.674122 -0.039255604 69.039795 0.67402613 0.7384938 -0.017611386 35.306885 0.04086628 -0.013466054 0.9990742 4.170044
0.7316615 -0.6804314 -0.039955497 69.863525 0.680285 0.73263437 -0.01925397 36.08264 0.042374693 -0.0130951125 0.999016 4.227783
0.72605085 -0.6864487 -0.041357506 70.687256 0.68632984 0.7270847 -0.019250086 36.868042 0.043285385 -0.014401825 0.9989592 4.279907
0.7206797 -0.69226635 -0.0400656 71.509766 0.6921538 0.7216542 -0.018858075 37.67273 0.04196485 -0.014136517 0.9990189 4.333252
0.7159163 -0.69700366 -0.040561743 72.32715 0.69692075 0.71690714 -0.018485915 38.476685 0.041960604 -0.015041037 0.9990056 4.390381
0.71109957 -0.70200795 -0.0409703 73.15015 0.7019105 0.7121179 -0.019141028 39.2948 0.04260662 -0.01514228 0.998977 4.4451904
0.7055923 -0.7072399 -0.04309216 73.96582 0.7071056 0.7067317 -0.020901311 40.117676 0.045244586 -0.015721967 0.99885267 4.5010986
0.7013548 -0.7113472 -0.04490019 74.7832 0.711162 0.7026094 -0.02277073 40.947388 0.047747 -0.015966963 0.9987317 4.564575
0.6956591 -0.71697783 -0.045607533 75.5874 0.71682733 0.69694453 -0.022501407 41.789795 0.04791425 -0.017042397 0.9987056 4.6240234
0.691359 -0.72115123 -0.043671355 76.4043 0.7209635 0.6925579 -0.022776574 42.6427 0.046668943 -0.015736233 0.99878657 4.6850586
0.6866226 -0.72567475 -0.04167402 77.211426 0.7253834 0.68775624 -0.024536364 43.49585 0.046469647 -0.013395122 0.9988296 4.750244
0.68202287 -0.7300767 -0.04107446 78.00537 0.7298151 0.6831209 -0.023869734 44.36853 0.045485124 -0.013698075 0.9988712 4.816162
0.67735404 -0.7343873 -0.04059516 78.81177 0.73408765 0.67844373 -0.02471754 45.237915 0.04569409 -0.013064681 0.9988699 4.8743896
0.6724789 -0.73909265 -0.03897453 79.61182 0.7386701 0.67352474 -0.02712233 46.12744 0.046298034 -0.010551881 0.9988719 4.9415283
0.6683618 -0.7428233 -0.03792392 80.40747 0.74237454 0.6693663 -0.027584553 47.018433 0.045879703 -0.009720627 0.99889976 4.996704
0.6654256 -0.74560964 -0.035984546 81.20801 0.74506 0.6663594 -0.029510915 47.914185 0.045981705 -0.007176866 0.9989164 5.0616455
0.6605705 -0.7499416 -0.035240043 82.00903 0.74916387 0.6614998 -0.034352906 48.81299 0.049066488 -0.0037133098 0.9987882 5.1259766
0.6559411 -0.75414115 -0.033041455 82.803955 0.75310004 0.6567717 -0.039623227 49.718994 0.051584873 0.0011088112 0.9986682 5.1918945
0.65061486 -0.7589628 -0.027773092 83.60181 0.75775 0.65116733 -0.043495372 50.64209 0.051091205 0.007248059 0.9986673 5.258789
0.64210325 -0.7663599 -0.023854993 84.386475 0.76500434 0.6424347 -0.047113556 51.571533 0.051421016 0.011995182 0.99860436 5.3291016
0.63392085 -0.7732157 -0.020274978 85.17114 0.7718254 0.6340609 -0.048802752 52.507324 0.05058252 0.015288406 0.99860275 5.4018555
0.6250404 -0.78039604 -0.017204689 85.94336 0.7791183 0.6250643 -0.04751318 53.46997 0.047843166 0.016294368 0.9987221 5.468628
0.6157403 -0.78775495 -0.016221676 86.70288 0.786507 0.6157376 -0.047234382 54.447754 0.04719808 0.016324382 0.9987521 5.5360107
0.6062428 -0.7950819 -0.017719958 87.45288 0.7937684 0.6063129 -0.04811533 55.428955 0.049006492 0.01511192 0.99868464 5.5999756
0.59574777 -0.8029077 -0.017608093 88.187744 0.80143297 0.59578 -0.05137218 56.41992 0.051730514 0.016496845 0.998525 5.6689453
0.58668983 -0.80962634 -0.01826699 88.9187 0.8080867 0.58675677 -0.05240621 57.42334 0.053141106 0.015980816 0.99845874 5.7438965
0.5774985 -0.81621546 -0.013696 89.64697 0.8147056 0.57732576 -0.05338781 58.44214 0.051481202 0.019678142 0.99848044 5.811035
0.5658675 -0.8244347 -0.011224595 90.351074 0.82296693 0.56558824 -0.05347761 59.471924 0.050436795 0.021022623 0.99850583 5.882202
0.55540675 -0.8315815 -0.010122557 91.046875 0.83009714 0.55507517 -0.05419313 60.515137 0.05068052 0.021694956 0.9984791 5.954712
0.54659617 -0.8372723 -0.011114953 91.73926 0.835711 0.54631 -0.055215694 61.568115 0.05230215 0.020890912 0.9984127 6.0251465
0.5353913 -0.8445762 -0.011414 92.41333 0.842964 0.5351267 -0.055978946 62.637695 0.053382628 0.020339008 0.99836636 6.098999
0.52640367 -0.8500983 -0.01256782 93.078125 0.84841835 0.5262028 -0.05677941 63.712646 0.05487761 0.019228982 0.99830806 6.173706
0.5164159 -0.8564283 -0.013215099 93.72681 0.8547762 0.5162839 -0.056008227 64.802246 0.054783594 0.017630687 0.9983427 6.2561035
0.5073759 -0.86159426 -0.012171045 94.37744 0.8600657 0.50723934 -0.05402495 65.90039 0.05272129 0.016936647 0.9984653 6.328247
0.49999887 -0.86600477 -0.00897442 95.01343 0.8645812 0.49972674 -0.053060856 67.004395 0.05043994 0.01876945 0.99855065 6.403076
0.4912294 -0.870938 -0.008035026 95.63989 0.8695178 0.4909196 -0.05330632 68.119385 0.050369762 0.019208822 0.9985464 6.4781494
0.4835659 -0.87541145 -0.007689907 96.25952 0.87382334 0.48318657 -0.05659937 69.23706 0.053248476 0.020638373 0.99836725 6.555298
0.47688565 -0.8787674 -0.0061716 96.870605 0.87703985 0.4763669 -0.059722755 70.35303 0.05543367 0.023079574 0.9981963 6.630249
0.4706224 -0.8823954 -0.0052403174 97.48096 0.88051236 0.46999088 -0.06278148 71.486084 0.057850033 0.024934687 0.99801385 6.710205
0.46658924 -0.88451254 -0.0048873257 98.08496 0.88244975 0.46586493 -0.06591524 72.61719 0.060571786 0.026448688 0.9978137 6.7979736
0.46137166 -0.88718843 -0.002377544 98.680664 0.8851323 0.46048084 -0.06686407 73.757324 0.060422447 0.028752487 0.9977592 6.885498
0.45648828 -0.8897134 0.0017415977 99.26172 0.88787925 0.4554185 -0.06509616 74.89746 0.0571441 0.031270236 0.9978768 6.972168
0.4546222 -0.89071786 0.0076337242 99.85278 0.88917667 0.45329317 -0.06330689 76.038086 0.052920863 0.035566997 0.9979651 7.057251
0.4493319 -0.89345247 0.009274913 100.42993 0.8920083 0.44795787 -0.062414866 77.16577 0.05160569 0.036307156 0.99800676 7.139282
0.44760406 -0.89419854 0.011468516 100.99219 0.8928855 0.44616014 -0.06137953 78.302734 0.049765885 0.037704006 0.99804854 7.2198486
0.4461301 -0.89480597 0.01362272 101.552734 0.89358866 0.44459426 -0.061077684 79.42847 0.048592735 0.039414242 0.9980403 7.296631
0.44260538 -0.896338 0.016707499 102.11182 0.8952766 0.44095737 -0.06030464 80.541504 0.046705533 0.041652262 0.99803984 7.3710938
0.44160062 -0.8969191 0.018624289 102.661865 0.895944 0.439872 -0.06015673 81.66138 0.045765243 0.04325036 0.99801546 7.442627
0.43960726 -0.89793444 0.020734368 103.20337 0.89701664 0.43775046 -0.060891636 82.77197 0.045610048 0.04539053 0.99792874 7.5167236
0.43654704 -0.89921755 0.02493354 103.74512 0.8985305 0.43455178 -0.059960444 83.87793 0.04308012 0.0485776 0.9978897 7.5855713
0.43504772 -0.89989257 0.028572211 104.275635 0.8994205 0.43294233 -0.05912702 84.97925 0.040829707 0.051441893 0.9978423 7.6520996
0.43297026 -0.90081364 0.029855136 104.79663 0.90036315 0.43076393 -0.06005675 86.06079 0.04124682 0.05287261 0.9977481 7.7199707
0.4324778 -0.9010347 0.030867267 105.313965 0.9005796 0.43015334 -0.061491232 87.13208 0.042116225 0.054413628 0.99763143 7.7839355
0.43247408 -0.9012567 0.030530851 105.823 0.9007626 0.43013662 -0.061951865 88.201416 0.04271312 0.05429402 0.9976108 7.8533936
0.4314236 -0.90151834 0.029432409 106.31665 0.9009559 0.42912772 -0.06209168 89.24805 0.04335737 0.053307686 0.9976362 7.9189453
0.43397743 -0.9003317 0.026533276 106.81201 0.8996217 0.43180278 -0.06217665 90.30249 0.044537637 0.050869253 0.9977124 7.984375
0.43860894 -0.8982706 0.024270091 107.29883 0.89750576 0.43658382 -0.06111288 91.32422 0.04431357 0.048592582 0.9978352 8.049438
0.44369948 -0.8961306 0.022218205 107.793945 0.89525133 0.44173366 -0.061717667 92.343994 0.045475505 0.047269307 0.9978465 8.118408
0.44952926 -0.89314437 0.02037199 108.29834 0.8921987 0.44764963 -0.06154427 93.36572 0.04584777 0.04582463 0.9978959 8.186157
0.45562512 -0.89000976 0.020328788 108.798096 0.88911736 0.45378432 -0.060606897 94.36621 0.044714913 0.045669585 0.99795425 8.248413
0.4641869 -0.8855707 0.019263413 109.306885 0.88470596 0.46244422 -0.05930519 95.36499 0.043598387 0.044567853 0.99805456 8.308716
0.4746786 -0.88012165 0.017586313 109.83472 0.8792466 0.47304165 -0.058306184 96.36279 0.042987965 0.0431313 0.99814385 8.369751
0.4808841 -0.87668586 0.016972832 110.36548 0.87580836 0.47927904 -0.058026463 97.34302 0.04273254 0.04277032 0.99817073 8.428223
0.49237916 -0.8703205 0.013725096 110.89966 0.86933744 0.49091262 -0.05779594 98.31128 0.043549977 0.040375393 0.99823445 8.488647
0.50109524 -0.8654066 0.010334598 111.444336 0.86423844 0.49971062 -0.059272602 99.26172 0.04612603 0.03863836 0.99818856 8.54895
0.5128471 -0.85829395 0.0068255356 111.99829 0.85701066 0.5116091 -0.059294503 100.21411 0.04741615 0.036257386 0.9982168 8.609131
0.5245009 -0.85136247 0.004115545 112.56616 0.8501222 0.52346313 -0.05670904 101.160645 0.046116117 0.03324274 0.99838287 8.669678
0.53674376 -0.8438324 0.002830564 113.14111 0.8427005 0.535844 -0.05369471 102.0896 0.0437755 0.03120577 0.99855405 8.730347
0.55001837 -0.8350348 0.003536908 113.74194 0.83399475 0.5491111 -0.052399226 103.00952 0.04182229 0.03177277 0.9986199 8.787842
0.5610188 -0.82777196 0.0027066926 114.33667 0.8267612 0.5601661 -0.051342085 103.90112 0.040982094 0.031039778 0.99867755 8.848511
0.57253724 -0.8198056 0.0015576677 114.946045 0.81877506 0.57172066 -0.05125152 104.78833 0.041118313 0.03061819 0.9986852 8.902954
0.5845884 -0.81128174 0.0007811549 115.5686 0.810247 0.5837935 -0.05105092 105.65991 0.040970936 0.030473761 0.99869525 8.959839
0.59450996 -0.8040203 0.0017220891 116.19385 0.80294377 0.59360033 -0.053054444 106.51416 0.041630022 0.03292969 0.9985907 9.012329
0.60559124 -0.79576105 0.0009491883 116.82593 0.794693 0.6047157 -0.05251919 107.35254 0.041225437 0.03255561 0.99861896 9.075562
0.61657566 -0.7872258 0.0012438796 117.47046 0.7862835 0.61575884 -0.049920294 108.18164 0.03852687 0.031763785 0.9987531 9.126953
0.6255291 -0.7802654 0.0030549834 118.101074 0.77946216 0.62469697 -0.047980957 108.99219 0.03552689 0.032397967 0.99884355 9.176514
0.6359865 -0.7716698 0.002392189 118.75903 0.7709075 0.635214 -0.046511225 109.79175 0.03437347 0.031426266 0.9989149 9.234863
0.64544475 -0.7638372 -0.00072667043 119.39307 0.76303667 0.6448112 -0.04516171 110.56372 0.034968793 0.028592473 0.99897903 9.281982
0.65498334 -0.7555501 -0.0030741564 120.0459 0.7547328 0.6544539 -0.04402035 111.329346 0.035268992 0.026517333 0.99902636 9.325195
0.66520804 -0.7467941 -0.0042185653 120.713135 0.7459732 0.66472197 -0.043474253 112.083496 0.03525909 0.025777034 0.99904597 9.36853
0.6739525 -0.73892474 -0.003685012 121.36719 0.7382038 0.67350024 -0.04107999 112.81348 0.032829493 0.02496243 0.9991491 9.417603
0.68219864 -0.73125035 -0.0020021047 122.029785 0.7306058 0.68170696 -0.04020695 113.538574 0.03076613 0.02597094 0.9991894 9.462036
0.6914769 -0.72255945 -0.0013125404 122.711914 0.721981 0.6909941 -0.038772747 114.25073 0.028924191 0.025853373 0.9992467 9.506226
0.69679433 -0.71737665 -0.003195552 123.36548 0.71678936 0.6963916 -0.037597716 114.9292 0.029190015 0.02390577 0.9992879 9.547974
0.7058424 -0.7083584 -0.0031654504 124.04932 0.7078021 0.7054522 -0.036716018 115.6189 0.028243568 0.023673955 0.9993207 9.590698
0.7120145 -0.7020742 -0.0018007169 124.71167 0.70162696 0.71164787 -0.033963032 116.28906 0.025123294 0.022923898 0.99942183 9.619019
0.71920794 -0.69490176 -0.0009500515 125.38159 0.69453657 0.7188731 -0.031463087 116.95288 0.022540566 0.021967974 0.9995046 9.659058
0.7282825 -0.68533003 -0.00038247742 126.05542 0.6850246 0.72797465 -0.029440043 117.596436 0.020452868 0.02117571 0.9995665 9.693726
0.73329353 -0.6798439 -0.00075751974 126.71924 0.6795596 0.73301816 -0.028121507 118.21289 0.019673113 0.020106338 0.9996043 9.730225
0.7415976 -0.67076975 -0.0023145739 127.38208 0.67052925 0.74141604 -0.024441997 118.829346 0.018110156 0.016577113 0.9996987 9.753418
0.7518522 -0.6592955 -0.001381559 128.06177 0.65912324 0.7517004 -0.021386089 119.43213 0.015136614 0.015169414 0.9997704 9.786499
0.7600542 -0.6498263 0.00019060128 128.71973 0.6497258 0.7599312 -0.017819028 120.00757 0.011433868 0.0136685725 0.9998412 9.8125
0.77090997 -0.6370406 -1.9834668e-05 129.40332 0.63696104 0.77081406 -0.01578645 120.572266 0.010069788 0.012156807 0.99987537 9.837891
0.7792479 -0.626571 -0.0010998053 130.0647 0.6264847 0.7791672 -0.015338566 121.12134 0.010468487 0.011263687 0.99988186 9.856567
0.7896476 -0.61348563 -0.0029123672 130.74072 0.6133799 0.7895845 -0.015412768 121.65234 0.011755823 0.010385004 0.99987704 9.877686
0.79996157 -0.5998975 -0.0031774407 131.42944 0.5998075 0.799915 -0.013870738 122.17627 0.010865547 0.009189601 0.99989873 9.898804
0.80927414 -0.5873032 -0.0018284824 132.1106 0.58723396 0.80921924 -0.013165032 122.678955 0.009213323 0.009580996 0.99991167 9.9123535
0.8195401 -0.57305294 -0.0005207267 132.82593 0.573016 0.81949663 -0.01067085 123.17944 0.00654028 0.008447602 0.9999429 9.932617
0.82823133 -0.56046265 0.0015173755 133.51758 0.5604517 0.82819045 -0.009072314 123.66284 0.003828011 0.008363899 0.9999576 9.950073
0.8372639 -0.5466915 0.0037990767 134.22803 0.54670393 0.8372309 -0.0074892454 124.13257 0.0009143024 0.008348249 0.9999647 9.956177
0.84536827 -0.5341136 0.00548763 134.95166 0.5341408 0.8453422 -0.00672645 124.58667 -0.0010458815 0.008617478 0.9999623 9.965942
0.852471 -0.52272385 0.007412341 135.66382 0.5227692 0.8524481 -0.006824945 125.03516 -0.0027506638 0.009693423 0.99994916 9.976685
0.85836935 -0.51289874 0.007992053 136.3899 0.5129479 0.8583544 -0.0062546805 125.470215 -0.0036519375 0.00946816 0.99994844 9.985352
0.86580366 -0.5003509 0.0072639566 137.14575 0.5003875 0.8658012 -0.004523156 125.906494 -0.0040252805 0.0075503946 0.99996334 9.990112
0.87167615 -0.4901068 0.0076842215 137.87183 0.4901401 0.8716854 -0.0031946092 126.32959 -0.005132674 0.0065509444 0.99996537 9.991089
0.8780243 -0.47856966 0.007251188 138.63794 0.47859192 0.8780407 -0.0016216501 126.74292 -0.0055910363 0.0048939195 0.99997234 9.989502
0.8841468 -0.46712735 0.008296333 139.38647 0.467158 0.8841671 -0.0021293815 127.15015 -0.006340156 0.005758084 0.9999633 10.002808
0.8894919 -0.4568768 0.007928712 140.15698 0.4569097 0.88950557 -0.0029180516 127.546875 -0.0057196207 0.006218248 0.99996424 10.006226
0.89364326 -0.44880286 0.0073345634 140.95068 0.44883153 0.8936546 -0.0027964155 127.94043 -0.0053001363 0.005790454 0.9999692 10.002686
0.89615965 -0.44364238 0.007479898 141.72119 0.44367042 0.8961733 -0.0025370368 128.34326 -0.0055774604 0.005591885 0.9999688 10.004517
0.8996599 -0.43649262 0.010460286 142.51758 0.43652138 0.89970654 -0.00052218675 128.73071 -0.009183268 0.0050357557 0.9999452 10.003174
0.90281916 -0.42981303 0.01315726 143.32886 0.42981368 0.9029099 0.002919494 129.12012 -0.01313487 0.0030192058 0.9999092 10.004395
0.9058832 -0.42324537 0.014547361 144.14746 0.42320067 0.9059998 0.0061795115 129.52563 -0.01579525 0.0005602264 0.99987507 9.995483
0.90914935 -0.41619432 0.016374469 144.98657 0.4161044 0.90929586 0.008718859 129.91089 -0.018518116 -0.0011157519 0.99982804 9.982178
0.9115556 -0.41083464 0.017088512 145.82788 0.41070426 0.9117116 0.0107035395 130.30542 -0.019977406 -0.0027380534 0.9997967 9.965576
0.914985 -0.40298697 0.020428251 146.69727 0.40281126 0.91520786 0.012271325 130.68799 -0.023641692 -0.0030016857 0.9997161 9.955566
0.91862166 -0.39447635 0.022139836 147.57788 0.3942788 0.9188832 0.012856897 131.06226 -0.025416426 -0.0030808859 0.99967223 9.937988
0.9217551 -0.3870316 0.023589326 148.47339 0.3868518 0.9220549 0.011944614 131.44702 -0.02637445 -0.001885328 0.9996505 9.919189
0.9250861 -0.37906113 0.023881316 149.39038 0.3788856 0.92539257 0.0116652055 131.82568 -0.026520723 -0.0017440417 0.99964666 9.893311
0.9289901 -0.36926883 0.024522971 150.31104 0.3691554 0.92931354 0.009168816 132.18555 -0.026175154 0.00053487904 0.9996573 9.883423
0.9323863 -0.3607119 0.023196178 151.24365 0.36063603 0.93267363 0.0075230896 132.54639 -0.024348507 0.0013512012 0.99970263 9.856323
0.9372952 -0.34784767 0.022062032 152.2102 0.34778076 0.93755394 0.006923683 132.9065 -0.023092622 0.0011808083 0.9997328 9.841675
0.9421065 -0.33472118 0.020272423 153.17236 0.33460662 0.9423233 0.008899972 133.26978 -0.022082152 -0.0016014647 0.9997548 9.824097
0.94710237 -0.3201536 0.021047702 154.15088 0.31994566 0.9473214 0.012690643 133.61938 -0.024003344 -0.005284237 0.999698 9.8029785
0.95352805 -0.30042332 0.022834636 155.16553 0.30009547 0.9537581 0.016720653 133.94092 -0.026801946 -0.009092018 0.99959946 9.772461
0.959802 -0.2796707 0.023530398 156.19507 0.27926415 0.9600177 0.01915449 134.26172 -0.02794528 -0.011813227 0.99953973 9.759033
0.9653223 -0.259992 0.024458833 157.2356 0.25950652 0.9655268 0.02133703 134.54956 -0.029161543 -0.014251992 0.9994731 9.736572
0.97096175 -0.23786421 0.025777781 158.29565 0.23730482 0.97116864 0.022983212 134.84229 -0.030501246 -0.01620019 0.99940354 9.703857
0.9757817 -0.21689337 0.028497111 159.38525 0.21624593 0.97604215 0.024154892 135.08228 -0.033053763 -0.017408859 0.999302 9.690186
0.98072255 -0.19262272 0.03282822 160.47437 0.19182542 0.9810847 0.02594649 135.30322 -0.03720545 -0.019149259 0.9991242 9.644409
0.98465645 -0.17045408 0.037259936 161.62573 0.16946645 0.9851268 0.028249726 135.50977 -0.041521333 -0.02150023 0.998906 9.614624
0.98799056 -0.14928322 0.03993884 162.74023 0.14816806 0.98852235 0.029582914 135.69922 -0.04389593 -0.023312116 0.9987646 9.580566
0.99113566 -0.12643714 0.040825706 163.88208 0.12518814 0.99162287 0.031843707 135.86084 -0.04450941 -0.02645235 0.99865925 9.535156
0.9937249 -0.10476027 0.039243627 165.03589 0.10354067 0.9941144 0.031923886 135.9895 -0.042356856 -0.027661504 0.9987197 9.488037
0.99583477 -0.08232481 0.039146706 166.21387 0.08107431 0.9961751 0.03253315 136.08545 -0.04167605 -0.02922354 0.998704 9.440186
0.9970766 -0.0641387 0.041508198 167.3982 0.06287133 0.9975349 0.031143738 136.177 -0.04340401 -0.028442362 0.99865234 9.402832
0.9980809 -0.043343954 0.04423296 168.58936 0.041979346 0.9986276 0.031330995 136.24683 -0.045529876 -0.029414432 0.99853 9.358032
0.9987294 -0.021895459 0.04538694 169.82544 0.020449141 0.99927604 0.0320911 136.2832 -0.046056543 -0.031122241 0.99845386 9.30896
0.9989296 -0.0021132447 0.046202753 171.03735 0.0005296376 0.9994129 0.03424858 136.30176 -0.046248034 -0.034187425 0.99834436 9.262817
0.9987197 0.019229248 0.046793476 172.29443 -0.02083082 0.99920505 0.03398875 136.30103 -0.046102624 -0.03491998 0.99832654 9.2092285
0.99817693 0.03782358 0.047037244 173.54028 -0.039541133 0.99856395 0.036144204 136.26367 -0.04560246 -0.037938137 0.99823934 9.157471
0.99718785 0.058600128 0.04670018 174.8125 -0.060388863 0.99745655 0.037851278 136.2107 -0.044362918 -0.040565677 0.9981911 9.103882
0.99567634 0.08072112 0.046009827 176.07031 -0.082503654 0.9958578 0.038265396 136.11987 -0.042731337 -0.04189418 0.9982083 9.058105
0.99423313 0.097518034 0.044605475 177.35059 -0.099345356 0.994217 0.04077406 136.00708 -0.04037167 -0.044970255 0.9981726 9.012939
0.99227774 0.11639663 0.04290535 178.65625 -0.11817286 0.99212795 0.041491166 135.88037 -0.03773897 -0.04623972 0.99821746 8.966675
0.9896904 0.1372946 0.04068905 179.96973 -0.13896891 0.9894169 0.04164222 135.70044 -0.034539137 -0.04686828 0.9983035 8.929443
0.9873295 0.15449867 0.035986707 181.29858 -0.15597881 0.9868266 0.042763237 135.50928 -0.028903661 -0.04783717 0.9984366 8.891846
0.9842078 0.17431383 0.031084454 182.63306 -0.17560798 0.9834219 0.045390364 135.29492 -0.02266014 -0.050130554 0.99848586 8.859985
0.98136824 0.19021222 0.027304856 183.95215 -0.19134837 0.9803586 0.047872208 135.05542 -0.017663144 -0.052203074 0.99848014 8.839844
0.977531 0.20930564 0.024583464 185.27979 -0.21031363 0.97632766 0.050317474 134.78833 -0.013466304 -0.054358758 0.9984304 8.823364
0.973352 0.22821054 0.022490192 186.63379 -0.22910468 0.9719748 0.052682973 134.49512 -0.009836785 -0.0564305 0.998358 8.811401
0.96971667 0.24316148 0.02319391 188.00366 -0.24407153 0.9683488 0.052388936 134.17017 -0.009720841 -0.056461576 0.998357 8.819946
0.9650901 0.26097363 0.02228386 189.35107 -0.26180166 0.9637371 0.051706925 133.81152 -0.007982554 -0.055736087 0.9984137 8.806274
0.96031785 0.2782508 0.018654615 190.69873 -0.2788524 0.9589484 0.05140031 133.43848 -0.0035870222 -0.05456373 0.9985043 8.817017
0.95535773 0.29502633 0.015936732 192.0437 -0.295456 0.95386416 0.053405054 133.03906 0.00055349246 -0.055729534 0.99844587 8.816162
0.9494903 0.31338152 0.016432634 193.39526 -0.313808 0.9479173 0.054653104 132.61597 0.0015499769 -0.057047598 0.9983702 8.821899
0.9442385 0.32870972 0.017859424 194.75781 -0.32918558 0.94242436 0.058558624 132.16821 0.0024206624 -0.06117386 0.9981244 8.83667
0.93749464 0.34756318 0.01755825 196.1211 -0.34797114 0.9354891 0.06149307 131.6709 0.0049457215 -0.06375857 0.9979532 8.845581
0.93150496 0.36351112 0.014655974 197.47119 -0.3636942 0.9294615 0.06233222 131.18506 0.00902894 -0.06339108 0.99794835 8.867432
0.92394745 0.38229707 0.011997617 198.83496 -0.382262 0.92188233 0.06308642 130.63037 0.013067534 -0.06287322 0.9979346 8.891113
0.91637963 0.400155 0.008606084 200.18213 -0.39986014 0.91433674 0.06363361 130.04395 0.017599907 -0.06175162 0.9979359 8.924683
0.9082773 0.41844332 0.005327925 201.53516 -0.41784137 0.90612185 0.0666494 129.4707 0.023054581 -0.062760204 0.997762 8.965454
0.8982085 0.43956193 0.0034891916 202.85718 -0.43870902 0.8959113 0.06989321 128.85449 0.027589597 -0.06431027 0.99754936 9.011841
0.88526136 0.46503422 0.004502427 204.21436 -0.46408957 0.8827564 0.07298183 128.16187 0.029969392 -0.0666983 0.99732286 9.060303
0.8725116 0.4886221 0.0048478185 205.57422 -0.4874787 0.86969936 0.07771614 127.440186 0.0337501 -0.07016908 0.9969642 9.123413
0.8576034 0.514402 0.0054201004 206.9065 -0.51308936 0.85455734 0.081200115 126.69556 0.037128124 -0.072422735 0.99668324 9.184448
0.8424848 0.5388262 0.0056590787 208.16162 -0.5373271 0.8392564 0.08410999 125.926025 0.04055973 -0.07390329 0.9964404 9.252808
0.82762504 0.56123596 0.006533785 209.4419 -0.5596459 0.82428384 0.08571694 125.11279 0.042710736 -0.074596606 0.99629974 9.328247
0.8102701 0.58601993 0.0058724172 210.70215 -0.58422357 0.80691576 0.08695953 124.25049 0.046218555 -0.07388981 0.99619496 9.404785
0.7945414 0.6072724 0.0031625794 211.92896 -0.6050864 0.7912163 0.08906915 123.35547 0.051579643 -0.07268654 0.9960207 9.492432
0.7781821 0.62807345 0.0007110713 213.13574 -0.625509 0.77490103 0.09115858 122.42529 0.05670387 -0.071384005 0.99583566 9.585815
0.7615437 0.6481019 -0.0014966513 214.3086 -0.64523387 0.7583858 0.09225377 121.4751 0.06093011 -0.06929267 0.99573404 9.680176
0.7459069 0.6660552 -0.002288808 215.47144 -0.662958 0.74276084 0.09382969 120.49219 0.06419784 -0.06846884 0.99558526 9.789917
0.72997886 0.68342984 -0.0031218831 216.62207 -0.6801744 0.72693115 0.09426812 119.45825 0.06671196 -0.066693775 0.9955405 9.898926
0.71247214 0.7016366 -0.0032298039 217.73706 -0.6982647 0.7094856 0.094748564 118.38867 0.06877587 -0.06524483 0.99549574 10.016968
0.6991172 0.7149807 -0.0051091863 218.83325 -0.7114099 0.6963041 0.09508845 117.3208 0.071559064 -0.06284396 0.99545425 10.13269
0.6840474 0.72951156 -0.007674191 219.8833 -0.7256302 0.68142194 0.09637719 116.2417 0.07553474 -0.0603528 0.99531406 10.254639
0.66860807 0.7435298 -0.009944815 220.93481 -0.7392775 0.6661022 0.09874086 115.10083 0.08004613 -0.058682963 0.9950641 10.390381
0.6538737 0.7565312 -0.011090545 221.98218 -0.75203454 0.651458 0.10030298 113.95581 0.08310196 -0.05724287 0.9948954 10.5164795
0.63749415 0.77037007 -0.010188966 222.97632 -0.7658378 0.63507533 0.10071819 112.80127 0.08406699 -0.056404434 0.9948624 10.661255
0.6203581 0.78436464 -0.0077139325 223.97656 -0.7797869 0.6177425 0.10226266 111.59961 0.08496885 -0.057427187 0.9947275 10.804565
0.6035714 0.7973581 -0.0036376822 224.92993 -0.7928892 0.6006579 0.10308704 110.40503 0.08438391 -0.059338167 0.994665 10.951782
0.58513045 0.8109548 0.0016800044 225.85986 -0.8066919 0.5818412 0.10364296 109.17407 0.083048075 -0.062000237 0.9946153 11.094238
0.56957555 0.82191855 0.0048568468 226.75928 -0.8176918 0.56602585 0.10479971 107.95972 0.083400525 -0.06366683 0.99448043 11.243042
0.54994863 0.83516335 0.007066277 227.62207 -0.8307422 0.54612446 0.10774288 106.71997 0.086123444 -0.06513651 0.99415433 11.396484
0.5322623 0.84656334 0.009767255 228.43042 -0.84194034 0.5280743 0.11107783 105.48755 0.088882856 -0.06733441 0.9937621 11.5460205
0.513382 0.8581786 0.01292819 229.21655 -0.8536732 0.5090142 0.11108829 104.22974 0.08874663 -0.06804681 0.99372494 11.698608
0.4897692 0.87160724 0.01688368 229.979 -0.8673925 0.48527992 0.10952213 102.96411 0.08726648 -0.0682932 0.9938422 11.848633
0.47011024 0.8823898 0.020566747 230.6958 -0.8785143 0.465543 0.10733167 101.70044 0.085137226 -0.068527855 0.99401003 12.0008545
0.449593 0.89277494 0.024732808 231.36157 -0.8892524 0.44490343 0.10528512 100.42383 0.08299995 -0.069330916 0.9941348 12.147095
0.42677146 0.90408045 0.026275758 232.00903 -0.9006568 0.42213356 0.10393953 99.141846 0.08287714 -0.068017125 0.9942353 12.286377
0.40747797 0.9128265 0.028036162 232.61353 -0.9094938 0.4028222 0.103115715 97.85498 0.08283026 -0.06752534 0.9942744 12.423096
0.38673538 0.92166674 0.028163908 233.1753 -0.9182883 0.38218492 0.10252108 96.58252 0.08373452 -0.06552483 0.99433255 12.559204
0.3623602 0.9316882 0.02731459 233.71094 -0.9281649 0.3579944 0.10217848 95.289795 0.08542196 -0.062364873 0.99438995 12.70166
0.3419405 0.93943286 0.026189782 234.19531 -0.93576485 0.3377628 0.10198989 94.019775 0.086955115 -0.059368253 0.99444056 12.838623
0.31909448 0.9473199 0.02634554 234.66699 -0.9438243 0.31516483 0.09896878 92.721436 0.08546454 -0.056434736 0.9947405 12.978638
0.29984513 0.9536719 0.026774775 235.09277 -0.9501552 0.29597187 0.09858783 91.45337 0.08608406 -0.054995988 0.9947684 13.117554
0.28024453 0.95947915 0.02807293 235.49316 -0.95553565 0.2760713 0.10326863 90.19409 0.09133019 -0.055777833 0.99425817 13.255127
0.25907937 0.9652502 0.029630028 235.8706 -0.9604589 0.25435966 0.11195805 88.924805 0.100512184 -0.0574758 0.99327445 13.399414
0.24182206 0.9697198 0.03229223 236.20703 -0.96409047 0.23640735 0.12050817 87.67407 0.10920988 -0.060279094 0.9921891 13.5529785
0.22222292 0.97419333 0.036915462 236.52124 -0.9682862 0.21615747 0.12452724 86.42554 0.11331999 -0.063458875 0.9915332 13.710815
0.2024678 0.9784712 0.040739894 236.81763 -0.97267634 0.19608307 0.12454225 85.17627 0.113868065 -0.06484153 0.9913776 13.866821
0.18251741 0.9821596 0.045739684 237.07642 -0.9765918 0.17569655 0.124254964 83.93994 0.113998555 -0.067336276 0.9911952 14.029663
0.16175455 0.9854897 0.05066397 237.32007 -0.9802353 0.15455699 0.12318656 82.70679 0.113589086 -0.06960964 0.9910885 14.190796
0.1456582 0.98797756 0.05242334 237.51855 -0.98282236 0.1384018 0.12235852 81.47046 0.113653444 -0.06937031 0.9910989 14.35083
0.12625392 0.99050874 0.054895207 237.68994 -0.98549855 0.118892826 0.12129444 80.25513 0.11362447 -0.069383934 0.9910954 14.501709
