1.000000000000000000e+00 4.398956837314658088e-19 2.733407509747682871e-20 -8.673617379884035472e-19 -5.583667658079949532e-19 1.000000000000000000e+00 -6.100159232558060012e-19 0.000000000000000000e+00 4.145284534913582806e-20 -2.210423569125054137e-19 1.000000000000000222e+00 0.000000000000000000e+00
9.999411758352128032e-01 -1.143111294498663126e-03 1.078601785178498300e-02 7.431844473483580071e-02 1.138397018564670394e-03 9.999992538102422390e-01 4.432031098936550805e-04 -3.797617773961203813e-03 -1.078651662009834714e-02 -4.308982614477320418e-04 9.999417309887834726e-01 3.032181598709628445e-01
9.998525425343440798e-01 -2.653545186299791341e-03 1.696619902191893667e-02 9.555505521249146872e-02 2.640388417026403450e-03 9.999961959032277470e-01 7.978239660010928323e-04 -7.917515004798952871e-03 -1.696825183562760894e-02 -7.529089548647666238e-04 9.998557453648244664e-01 5.553749098369913373e-01
9.997882569219860294e-01 -6.470732615088218946e-03 1.953384173164981683e-02 8.611806719894882223e-02 6.482447178442323973e-03 9.999788448243025485e-01 -5.364428054631982393e-04 -1.890929110224823240e-02 -1.952995764991475452e-02 6.629563433540141930e-04 9.998090523805791552e-01 9.255285401363297915e-01
9.998226140637377357e-01 -7.053340070202192974e-03 1.746398673038177321e-02 7.879118269011799180e-02 7.082667629517947275e-03 9.999736085416632836e-01 -1.618031834104333372e-03 -1.692953738154612253e-02 -1.745211360456454600e-02 1.741436468628432569e-03 9.998461837254001283e-01 1.191985263463921418e+00
9.998882503266319777e-01 -1.061517906267106341e-02 1.052638892617555576e-02 9.415520708480408507e-02 1.065100183905908632e-02 9.999376550562165678e-01 -3.352930399614942325e-03 -2.196635960496642892e-02 -1.049014088615839689e-02 3.464672347551303513e-03 9.999389746261200251e-01 1.536996642250763934e+00
9.999353529378616212e-01 -1.130354225283982002e-02 -1.232840496375746950e-03 5.984328578395327336e-02 1.129777457391597205e-02 9.999256472365287696e-01 -4.589146883402519216e-03 -3.063583878514938852e-02 1.284622466215320710e-03 4.574921903313527299e-03 9.999887098541410113e-01 1.850334835057490857e+00
9.997934546844640114e-01 -1.092244725713961175e-02 -1.713908124927174953e-02 2.870697689297756899e-02 1.084093621524355629e-02 9.999295140638798651e-01 -4.841589364557604899e-03 -3.615375782746231559e-02 1.719075548408466325e-02 4.654785704897155228e-03 9.998413928840182985e-01 2.166509699390020582e+00
9.993336729489455950e-01 -6.478128340868047862e-03 -3.591996523397433111e-02 6.221719729125841855e-04 6.287593810076319567e-03 9.999655721955165166e-01 -5.414847853939927860e-03 -4.054807298312745889e-02 3.595380728618357419e-02 5.185389662280344598e-03 9.993399999736473083e-01 2.527987655776159581e+00
9.984351439986381971e-01 -3.555556402923943857e-03 -5.580879071732290642e-02 -4.099073382370446716e-02 3.217863722488936359e-03 9.999759751374817096e-01 -6.139584346965932561e-03 -5.299437240180127073e-02 5.582928051873806835e-02 5.950391704202553228e-03 9.984225981046469522e-01 2.869483105118570077e+00
9.971503026084210797e-01 -2.646401617101928633e-03 -7.539410034746274469e-02 -9.317195908883921240e-02 2.171421916458431047e-03 9.999772821218855245e-01 -6.381235300214195376e-03 -5.606629177714039791e-02 7.540927616508381892e-02 6.199338298120351740e-03 9.971333960284183284e-01 3.225420679326132412e+00
9.953153481768858279e-01 -3.390644235749291566e-03 -9.662225894986010977e-02 -1.405555698965653688e-01 2.824656166492889395e-03 9.999780468708646675e-01 -5.993921055296614654e-03 -6.158675926963969038e-02 9.664046271115009357e-02 5.692916928313464416e-03 9.953030754291348758e-01 3.600103516815751359e+00
9.932466586590465996e-01 -4.381653885698091368e-03 -1.159391037795197421e-01 -2.024599385358413495e-01 3.800127731660284808e-03 9.999790695975235844e-01 -5.236352738471327165e-03 -7.535375510352598782e-02 1.159596230165613473e-01 4.760406397837231920e-03 9.932425206129390505e-01 3.991000933673634954e+00
9.910839057023415055e-01 -4.094070566461825364e-03 -1.331763115527659080e-01 -2.848284221551622974e-01 3.501629751855786423e-03 9.999829064655714195e-01 -4.682452362790483560e-03 -8.109544637543750212e-02 1.331932076920296637e-01 4.174368960145407106e-03 9.910813006808782966e-01 4.393574288072766620e+00
9.887689758862047151e-01 -3.279554850293344911e-03 -1.494160508670818455e-01 -3.705934870514620560e-01 2.697427669538822893e-03 9.999879629906610612e-01 -4.098506254255990418e-03 -8.498090487697729234e-02 1.494276962049797541e-01 3.649436740570225629e-03 9.887659206358218045e-01 4.826892119545963311e+00
9.866516740464196245e-01 -2.728115956592871896e-03 -1.628220832839275545e-01 -4.514652017236737147e-01 2.066429455992576866e-03 9.999889053692037066e-01 -4.233084540832912114e-03 -9.115952893111252398e-02 1.628318279945889790e-01 3.840119487563668169e-03 9.866463651973509386e-01 5.223850481182638283e+00
9.845167942409365214e-01 -3.462577568349841251e-03 -1.752560744912813884e-01 -5.287801527669456769e-01 2.638873180354537641e-03 9.999843516426585310e-01 -4.932830234210818302e-03 -9.660933647432623506e-02 1.752704153599184966e-01 4.393975536327226171e-03 9.845105257185510217e-01 5.663965463418121793e+00
9.827840766614267531e-01 -6.437139310701355845e-03 -1.846456635401811652e-01 -6.313336131991192923e-01 5.256468868225185574e-03 9.999624959192430218e-01 -6.883043037440586369e-03 -1.139940699277959546e-01 1.846830488741788567e-01 5.793960802822857581e-03 9.827810551284250629e-01 6.118095184518008267e+00
9.811963578682109111e-01 -5.818362436720098119e-03 -1.929244750270932007e-01 -7.279981899592472550e-01 4.244209273288210293e-03 9.999542551439006832e-01 -8.571715150511811931e-03 -1.220444106945251656e-01 1.929655264047843710e-01 7.591723737707411525e-03 9.811761677990749053e-01 6.562623674486172121e+00
9.795840612506523382e-01 -5.685299494263512492e-03 -2.009545803097802230e-01 -8.328036570823625917e-01 3.652781624467075616e-03 9.999383729707527202e-01 -1.048367499970275125e-02 -1.180636065464844425e-01 2.010018023800182740e-01 9.535597642535141236e-03 9.795444598327076591e-01 7.027907092144413781e+00
9.780516400140082389e-01 -6.397069029890642064e-03 -2.082644135411463593e-01 -9.350676725890103569e-01 3.751282234843591069e-03 9.999072009292817587e-01 -1.309646538753458413e-02 -1.369899213908515878e-01 2.083288693866530428e-01 1.202776078058641340e-02 9.779848752319734162e-01 7.522422951040606875e+00
9.762506413317274534e-01 -1.001438847687847501e-02 -2.164125602455253816e-01 -1.048045673433186886e+00 6.982971079666266782e-03 9.998665672224013035e-01 -1.476773016498506182e-02 -1.464693461771591487e-01 2.165315772412750861e-01 1.290580332290289581e-02 9.761903079832151553e-01 8.013282412625120088e+00
9.744752460178681686e-01 -1.573572606446172611e-02 -2.239428067039839765e-01 -1.170210399746871799e+00 1.246635988473252313e-02 9.997941848862125225e-01 -1.600555271989846998e-02 -1.614776025481624577e-01 2.241485787534244767e-01 1.280526322641837786e-02 9.744708518199877156e-01 8.538623079049111553e+00
9.724652381599083739e-01 -1.670677854718830707e-02 -2.324483660840536703e-01 -1.315536644330820515e+00 1.275730646065094398e-02 9.997477684332660708e-01 -1.848379351518643701e-02 -1.832198646352822813e-01 2.326985439300489344e-01 1.500943155768331636e-02 9.724330855462669509e-01 9.044726011152159018e+00
9.703330786918369366e-01 -1.279138567900782800e-02 -2.414334184232747593e-01 -1.448771148163512379e+00 7.629123858090100518e-03 9.997221153408931693e-01 -2.230445143302009145e-02 -1.879077120830535130e-01 2.416516367872758864e-01 1.980082154539231781e-02 9.701610254154728885e-01 9.580035655214651058e+00
9.682463726043705199e-01 -9.557160852052243305e-03 -2.498151740998713066e-01 -1.608994273031940203e+00 3.377761600383840258e-03 9.996779091911238702e-01 -2.515290430617154668e-02 -1.993170377975304053e-01 2.499751055874296912e-01 2.351039224748611989e-02 9.679667915037678538e-01 1.011374796634969542e+01
9.658672349182030326e-01 -1.265528704993098066e-02 -2.587282874596102400e-01 -1.768845628089211308e+00 5.768526437195143318e-03 9.996090111335608208e-01 -2.735962265056801970e-02 -2.247710029156926859e-01 2.589733759194264850e-01 2.493328211365990199e-02 9.655625942988100840e-01 1.067482916925118630e+01
9.635895326748736833e-01 -1.399749148038256612e-02 -2.670192524489474195e-01 -1.913805052744156576e+00 6.514955794063824468e-03 9.995614278523656804e-01 -2.888783978039898698e-02 -2.591046190031686125e-01 2.673065071378499802e-01 2.609640141428341484e-02 9.632581225517027335e-01 1.123826584765337699e+01
9.614674250020289747e-01 -1.378494905706396934e-02 -2.745730580110629648e-01 -2.093451576082637100e+00 5.257680158121271971e-03 9.994814322874875367e-01 -3.176827504884922188e-02 -2.790824957642395465e-01 2.748686020742865943e-01 2.910054431577393033e-02 9.610413162713125068e-01 1.180784516659120698e+01
9.590608031190749339e-01 -1.374613616612964384e-02 -2.828664312299162820e-01 -2.285934835303061963e+00 3.904070926647493049e-03 9.993681327336089160e-01 -3.532836672432305286e-02 -2.987998095898950490e-01 2.831733306035977837e-01 3.277772120642474113e-02 9.585084702719423033e-01 1.240464273325358846e+01
9.568593957439447406e-01 -1.472066736408054501e-02 -2.901782157647347371e-01 -2.485970485478647962e+00 3.103841691330751305e-03 9.991766177100758206e-01 -4.045309352616169307e-02 -3.321241022290535860e-01 2.905347896900080107e-01 3.780725547693902788e-02 9.561172256841420358e-01 1.299183645943289989e+01
9.550546174187362070e-01 -1.591896240638364032e-02 -2.960021325836400541e-01 -2.680304180970619843e+00 1.936800533988096385e-03 9.988707839971707747e-01 -4.747005020175745771e-02 -3.693872618567555777e-01 2.964235612738455594e-01 4.476319369888013405e-02 9.540069867223257560e-01 1.359376352391512022e+01
9.536696745876769299e-01 -1.618411871727856721e-02 -3.004200794446805212e-01 -2.881677360972259461e+00 -5.681448313130034889e-04 9.984534151893614817e-01 -5.559185994841414624e-02 -3.981107964927914078e-01 3.008551647330883760e-01 5.318695332878314169e-02 9.521855490419327550e-01 1.422096534916913946e+01
9.523697086276620150e-01 -1.593919753037513834e-02 -3.045289445726430677e-01 -3.085191141200394060e+00 -3.867644969094877205e-03 9.979213661347312581e-01 -6.432719733731846745e-02 -4.491865000542137332e-01 3.049212695205067436e-01 6.244108433334998737e-02 9.503284339564982419e-01 1.483680468116264883e+01
9.511155738539114335e-01 -1.534124757251523544e-02 -3.084539013534520757e-01 -3.308921331153788614e+00 -7.538822566580850523e-03 9.973145402284837591e-01 -7.284829431645988007e-02 -4.955742239029744534e-01 3.087431498052786161e-01 7.161252687377589465e-02 9.484457367170285869e-01 1.547790167905936976e+01
9.497003574384218494e-01 -1.416607354204259955e-02 -3.128394977496635754e-01 -3.542119035570837404e+00 -1.151001859382884927e-02 9.967223629379905470e-01 -8.007528128418460456e-02 -5.493837030937904764e-01 3.129484810824210705e-01 7.964831215126823294e-02 9.464245330017972968e-01 1.613114396916049742e+01
9.481324084746476366e-01 -1.279557107126262118e-02 -3.176180209176509561e-01 -3.772269605230111900e+00 -1.554296779650415905e-02 9.961281739064047347e-01 -8.652789887542283731e-02 -6.179716319212664732e-01 3.174954384687524445e-01 8.697663235177932606e-02 9.442625239539215176e-01 1.679043654968247523e+01
9.465780700694055305e-01 -1.189632951885126813e-02 -3.222552286620785078e-01 -4.031984433029946580e+00 -1.897742461946097872e-02 9.955323444417495393e-01 -9.249437013259255436e-02 -6.832411557673508939e-01 3.219158522864614125e-01 9.366871725956414652e-02 9.421233240293653832e-01 1.746239533198309246e+01
9.449001239380467876e-01 -9.858137475548350154e-03 -3.272102850387143547e-01 -4.253986272954318082e+00 -2.354963822011041374e-02 9.949097269640833074e-01 -9.797984341352046489e-02 -7.607262232294358384e-01 3.265105996686056833e-01 1.002868506517504560e-01 9.398581691826050077e-01 1.813387864010010375e+01
9.431032741661493635e-01 -7.205428669941865705e-03 -3.324218610633046245e-01 -4.528276338341614249e+00 -2.795321546000286914e-02 9.945076882828455256e-01 -1.008616660635555801e-01 -8.357373700141158546e-01 3.313228537545987451e-01 1.044152280724435639e-01 9.377220425473155041e-01 1.882719235151868631e+01
9.414057024829097786e-01 -6.479116369835746271e-03 -3.372140595815590891e-01 -4.789061137746585928e+00 -2.988594309011713412e-02 9.942801583141845922e-01 -1.025368089015058354e-01 -9.135284435046293616e-01 3.359496021748261674e-01 1.066066974877794005e-01 9.358273768501355061e-01 1.951945796774100117e+01
9.391838858640778609e-01 -6.235796560143126374e-03 -3.433580360067233217e-01 -5.074646868322462367e+00 -3.055437456728898535e-02 9.943525613455096446e-01 -1.016337243975781873e-01 -1.005684179911308540e+00 3.420527156083588705e-01 1.059438469253767140e-01 9.336893720789694040e-01 2.024105655954140204e+01
9.370083703709763956e-01 -5.955064991584192724e-03 -3.492561359427197032e-01 -5.359492581734744299e+00 -3.101769321861757439e-02 9.944864268753382808e-01 -1.001730975168268339e-01 -1.094905746971062799e+00 3.479270299245202369e-01 1.046961511897566977e-01 9.316573942914796458e-01 2.096018889295372389e+01
9.343822497396732096e-01 -5.827441067953647962e-03 -3.562244371836116863e-01 -5.629973399111424470e+00 -3.132997311582262634e-02 9.946486605597091302e-01 -9.845036735753706636e-02 -1.176343500614536630e+00 3.548918790597573869e-01 1.031507784100439834e-01 9.291994800604371774e-01 2.167781413886274322e+01
9.314762127574888195e-01 -5.373872477844496634e-03 -3.637625376577210967e-01 -5.936143081604995153e+00 -3.140529123118232513e-02 9.949705516916990122e-01 -9.511734308628416734e-02 -1.262360169886812766e+00 3.624441674266835611e-01 1.000236115346088694e-01 9.266226337541790814e-01 2.240661047706629461e+01
9.279490613846268499e-01 -2.120954340069103935e-03 -3.727010036754657141e-01 -6.262298874601248677e+00 -3.375774547646213930e-02 9.953952666545153871e-01 -8.971442338131563332e-02 -1.337188915501681175e+00 3.711751014631777812e-01 9.583196113663645932e-02 9.236045052647666731e-01 2.319739090350288180e+01
9.245548620087520320e-01 -9.555543758565158117e-06 -3.810489522828476860e-01 -6.578695663777093472e+00 -3.477381730278025773e-02 9.958251544297657132e-01 -8.439812477401531510e-02 -1.419083600616795504e+00 3.794589447018140160e-01 9.128122375009974088e-02 9.206946564714272307e-01 2.390839971955970711e+01
9.210034916599697530e-01 3.475257920651680585e-03 -3.895388142349953675e-01 -6.912724450340355986e+00 -3.770836705760538532e-02 9.960597035486697948e-01 -8.026920993318611974e-02 -1.493106997213242915e+00 3.877249662450134027e-01 8.861709567315220748e-02 9.175055116993948712e-01 2.467074066853001213e+01
9.171327355625408240e-01 4.266054813146168481e-03 -3.985590832801277350e-01 -7.243421674045086966e+00 -3.863138350462998194e-02 9.961863650038051965e-01 -7.823261747349835593e-02 -1.566976424408379920e+00 3.967053865596444906e-01 8.714658370870269344e-02 9.137999302065743512e-01 2.540116348110120015e+01
9.131312026575386653e-01 4.572965532940978690e-03 -4.076401492885373123e-01 -7.599007242956053787e+00 -3.962244790643142112e-02 9.961984407218518189e-01 -7.758046388307006380e-02 -1.648087701685086337e+00 4.057357152478072715e-01 8.699284329803355642e-02 9.098410729043099332e-01 2.618634472577982919e+01
9.093513951234817316e-01 4.702940253168115016e-03 -4.160023064894652345e-01 -7.953858942922410691e+00 -4.014000037767275625e-02 9.962627851333022422e-01 -7.648034637599353258e-02 -1.716012669054386430e+00 4.140879410691459817e-01 8.624584283184918987e-02 9.061417301598362339e-01 2.694103858639928362e+01
9.054020451828006522e-01 4.642873700277773755e-03 -4.245298300881903963e-01 -8.340086320847222012e+00 -4.027028461734317305e-02 9.963709440200236855e-01 -7.498830672304740430e-02 -1.785131227902959861e+00 4.226410335654608996e-01 8.499050375476484287e-02 9.023032608998058368e-01 2.772099665178944861e+01
9.015573473963456319e-01 5.324503234076867660e-03 -4.326268544876252231e-01 -8.725439016939967374e+00 -4.068711538475888734e-02 9.965364367370092014e-01 -7.252371306450242083e-02 -1.860887488259673983e+00 4.307422786382406055e-01 8.298662549157892476e-02 8.986513857557253404e-01 2.849811037914690459e+01
8.976187024954774829e-01 6.038140406183211198e-03 -4.407314396116225330e-01 -9.126633599743810166e+00 -4.013802766351549228e-02 9.968714529389439694e-01 -6.808997806816105558e-02 -1.935192332633220103e+00 4.389414612349723521e-01 7.880892880646021836e-02 8.950528197906993944e-01 2.928250229649707137e+01
8.937657687487277069e-01 7.441615162445780300e-03 -4.484722610366561613e-01 -9.526107807638540592e+00 -3.968892610850918712e-02 9.972524393379170737e-01 -6.254887245682862196e-02 -1.990545725096645624e+00 4.467745993185048836e-01 7.370342377564963188e-02 8.916054434099665027e-01 3.007865250988344386e+01
8.902329438408355111e-01 8.211596622564959480e-03 -4.554315219737442577e-01 -9.955106923988346068e+00 -3.901950383117063631e-02 9.975371038132276880e-01 -5.828554628112071756e-02 -2.065017681470736832e+00 4.538312318081302310e-01 6.965842569173508192e-02 8.883608055689591332e-01 3.089028030980059825e+01
8.864009954068353681e-01 6.013276427740021045e-03 -4.628791543726983870e-01 -1.039802126123036707e+01 -3.620222311780787322e-02 9.977537024181583059e-01 -5.636442508510846466e-02 -2.127137225777035123e+00 4.615004631028739035e-01 6.671873711803352758e-02 8.846275696053167437e-01 3.170821342322994596e+01
8.833952127053952275e-01 6.011687560850091996e-03 -4.685901763685111354e-01 -1.085396215489411631e+01 -3.617474175615386506e-02 9.978089285896706295e-01 -5.539612034498304222e-02 -2.191830411390051747e+00 4.672304456863913824e-01 6.588779631606697662e-02 8.816771026001695155e-01 3.251970619575232746e+01
8.801722534784880425e-01 6.476252463962072804e-03 -4.746102167710739561e-01 -1.128383860329720356e+01 -3.611004231311066431e-02 9.979227860524000349e-01 -5.334958281548343034e-02 -2.244284296163999493e+00 4.732788525725233342e-01 6.409501769787362413e-02 8.785778058009762193e-01 3.333165565329122870e+01
8.771121808883656223e-01 5.248978105439278466e-03 -4.802568747792382298e-01 -1.175720563590185641e+01 -3.447673860278229613e-02 9.980487538985391982e-01 -5.205803875258173397e-02 -2.306671259263056939e+00 4.790465321513808772e-01 6.221843077480176259e-02 8.755816874724843268e-01 3.416003184353249367e+01
8.745562335537412357e-01 4.058928507425385405e-03 -4.849071197440872893e-01 -1.224462946293921206e+01 -3.333822146292585858e-02 9.981022775580060680e-01 -5.177264318611353444e-02 -2.363838214924212089e+00 4.837767674784572702e-01 6.144402890036349679e-02 8.730318866882691431e-01 3.500510326049076326e+01
8.724684506923061633e-01 4.422972883773948830e-03 -4.886504222012451604e-01 -1.270680152634333737e+01 -3.428301945590041949e-02 9.980491940170804765e-01 -5.217739894011028112e-02 -2.431180103825049343e+00 4.874663891915231861e-01 6.227554647749768829e-02 8.709180675575493025e-01 3.585796925734882024e+01
8.708529563747334779e-01 4.003420327345107339e-03 -4.915273097280862258e-01 -1.322547471832838539e+01 -3.417959911542317597e-02 9.980396042286281411e-01 -5.242807889244121416e-02 -2.487124671193666980e+00 4.903538384597669331e-01 6.245735403238967393e-02 8.692825759007857256e-01 3.671822932831321395e+01
8.704271615899277226e-01 4.007584622745263142e-03 -4.922809064223261921e-01 -1.370832721279639088e+01 -3.388255184436361062e-02 9.980833461454821087e-01 -5.178423397281260721e-02 -2.545178988966118716e+00 4.911298530678481766e-01 6.175413724984125940e-02 8.688946418878927824e-01 3.758893962458259352e+01
8.703602660779906630e-01 3.906387215431129413e-03 -4.923999822965024475e-01 -1.423204943844460502e+01 -3.295433425689568013e-02 9.981887765045702743e-01 -5.033069017315694449e-02 -2.604911920553927285e+00 4.913115331617695647e-01 6.003254660370822143e-02 8.689125821837138108e-01 3.847663711217524707e+01
8.700591378618501848e-01 2.573297864207259138e-03 -4.929406353179091038e-01 -1.475021190678502414e+01 -3.107346322440475775e-02 9.982839551247156828e-01 -4.963451298232698927e-02 -2.666268400553316820e+00 4.919670111405795021e-01 5.850233437128782993e-02 8.686460392938488706e-01 3.936767992766304758e+01
8.694858151192386142e-01 1.227691986226826923e-03 -4.939563799052681947e-01 -1.526734423635970828e+01 -2.999397633895493215e-02 9.982828724591136238e-01 -5.031568334323631431e-02 -2.729269791611352414e+00 4.930464301188055565e-01 5.856448901123768175e-02 8.680296211256386396e-01 4.027685652127688343e+01
8.684425620317368644e-01 -4.741444091048606303e-04 -4.957895589650639367e-01 -1.579348537563459587e+01 -2.836868588884931819e-02 9.983136619006318657e-01 -5.064632436335324284e-02 -2.787513739124098944e+00 4.949775123268119192e-01 5.804832204253938810e-02 8.669646240826893724e-01 4.117942143325763737e+01
8.667634824579072417e-01 -1.039557884528835574e-03 -4.987183372253279345e-01 -1.631761451056146939e+01 -2.705390640380930106e-02 9.984273827725403949e-01 -4.910038211890704191e-02 -2.852826239371040629e+00 4.979850954328071122e-01 5.605069748167688937e-02 8.653722718603202857e-01 4.210087853329750374e+01
8.649885852320279289e-01 -5.314759849125884469e-04 -5.017912514014581937e-01 -1.687943523391683698e+01 -2.576231702520911590e-02 9.986336014983192566e-01 -4.546683434315281630e-02 -2.915843684135732694e+00 5.011297777430693268e-01 5.225559804370694117e-02 8.637929747662969060e-01 4.304811080901532705e+01
8.620404106850592107e-01 -1.517067760610190481e-03 -5.068372754564368643e-01 -1.740996938036271047e+01 -2.245728313722549635e-02 9.988990954526504318e-01 -4.118576911926318668e-02 -2.980550291784874073e+00 5.063417863184772605e-01 4.688598550337304965e-02 8.610573179588323356e-01 4.394943836225883871e+01
8.582269813912334344e-01 -2.391534419497664318e-03 -5.132647696838978923e-01 -1.796896461043116133e+01 -2.053178405479480148e-02 9.990287970469609036e-01 -3.898600455498982958e-02 -3.046641603651154995e+00 5.128595306322918379e-01 4.399708236625252816e-02 8.573443670560262353e-01 4.483604502257411895e+01
8.528609430703262273e-01 -5.270784495573288715e-03 -5.221115065559663870e-01 -1.852412489124074568e+01 -1.876971234416339313e-02 9.989932647497355989e-01 -4.074499865165165380e-02 -3.110952533156052358e+00 5.218006455959792733e-01 4.454970071091169520e-02 8.519034075105583748e-01 4.575568973327184352e+01
8.473589137802396420e-01 -8.119123101167840389e-03 -5.309585158704519525e-01 -1.909890201048875724e+01 -1.797484233669219972e-02 9.988715611783428594e-01 -4.396031551921411595e-02 -3.168194839134299556e+00 5.307162900250661508e-01 4.679406077868446256e-02 8.462567818642994233e-01 4.661735942173691427e+01
8.409422737457276087e-01 -8.267469532566636137e-03 -5.410616743758570601e-01 -1.968256219926637129e+01 -1.828782379719258444e-02 9.988778845252080929e-01 -4.368669518848653649e-02 -3.227574604343871556e+00 5.408157284380097352e-01 4.663282929938612764e-02 8.398474461310239114e-01 4.752577106543576235e+01
8.349556689468089488e-01 -4.845960765130706040e-03 -5.502958673985780536e-01 -2.026800641727146512e+01 -1.964028604441803161e-02 9.990617963345314045e-01 -3.859774998419993747e-02 -3.273960273361904871e+00 5.499666304608610279e-01 4.303537831010672415e-02 8.340771351860685190e-01 4.842023318706475976e+01
8.299314156432101575e-01 -9.011943393845661503e-04 -5.578647032567061181e-01 -2.085922912277999330e+01 -2.165804268611866770e-02 9.991927470287187418e-01 -3.383464960195278759e-02 -3.337136965588570536e+00 5.574448665243114664e-01 4.016269607002300596e-02 8.292419337118266398e-01 4.927938694521066765e+01
8.258722438456164161e-01 -9.808133057360849706e-04 -5.638564256023854693e-01 -2.149969823808583058e+01 -2.268739989837678661e-02 9.991308875424087521e-01 -3.496786364542672776e-02 -3.392878564443801537e+00 5.634006776183086984e-01 4.167142410495405097e-02 8.251322166698545901e-01 5.017554289874997409e+01
8.224401601118606076e-01 -2.547673636977808038e-03 -5.688459247791901596e-01 -2.211312513894018039e+01 -2.409938521069063255e-02 9.989361341373097503e-01 -3.931691228882923383e-02 -3.443348116214225652e+00 5.683409254745905859e-01 4.604464462250481421e-02 8.215037975225336631e-01 5.103667456000891889e+01
8.195815491739280034e-01 -4.988825802473571651e-03 -5.729408255084545987e-01 -2.272975361488211732e+01 -2.614311094740408292e-02 9.985950264415544009e-01 -4.609241761826356892e-02 -3.514452948785060649e+00 5.723658156983759682e-01 5.275495058206769450e-02 8.182996361356702497e-01 5.189670431708108111e+01
8.162872303275138242e-01 -5.806349827946490592e-03 -5.776170335738074479e-01 -2.335225913756329774e+01 -2.674521855857838609e-02 9.984971989251055779e-01 -4.783343045421450945e-02 -3.578412096533020836e+00 5.770267376425258776e-01 5.449431225897289482e-02 8.149052217051416802e-01 5.277622964097336933e+01
8.131442888586177808e-01 -4.648662519916347408e-03 -5.820435970862941621e-01 -2.397442479312987373e+01 -2.587176995226327797e-02 9.986911595795319174e-01 -4.412050932912578438e-02 -3.633318671181015258e+00 5.814869062757450635e-01 5.093483818154217330e-02 8.119597444253534579e-01 5.361692080107375347e+01
8.097514774513346891e-01 -2.712904650394564084e-03 -5.867667153892928145e-01 -2.462211466668149740e+01 -2.451909663439956477e-02 9.989594496559265346e-01 -3.845558333176696958e-02 -3.691688351931697643e+00 5.862604915182658694e-01 4.552645511352962360e-02 8.088423731163765229e-01 5.449640449285673327e+01
8.067749352626560899e-01 -1.252696058451228424e-03 -5.908575360202817928e-01 -2.527329104267875692e+01 -2.457007647801363187e-02 9.990616524331873416e-01 -3.566687576308113367e-02 -3.751373881282708656e+00 5.903477962223359077e-01 4.329255610528209841e-02 8.059871219482983573e-01 5.536133860224347814e+01
8.038734918371440719e-01 -1.043084961473055147e-03 -5.947993899622797676e-01 -2.592009136713981832e+01 -2.543216935254047004e-02 9.990236674628834024e-01 -3.612363021894429704e-02 -3.801803553072776065e+00 5.942563582256250587e-01 4.416586745568368971e-02 8.030621169043923313e-01 5.620982904712883510e+01
8.001525073175040914e-01 -1.368910425792390587e-03 -5.997950351716222483e-01 -2.657496795023835645e+01 -2.651982744920042268e-02 9.989387060127337126e-01 -3.765847092873156332e-02 -3.855590367915659122e+00 5.992100377099365272e-01 4.603898066369618847e-02 7.992670078373774745e-01 5.706526635724096508e+01
7.962874026735411448e-01 -4.120834010326679051e-03 -6.049044420929552413e-01 -2.722827627582853438e+01 -2.507082556103692322e-02 9.988927874768637194e-01 -3.980769874084416626e-02 -3.925066268147625159e+00 6.043987356566348224e-01 4.686382268138086782e-02 7.953024314186352139e-01 5.792535004657165842e+01
7.922471011625459303e-01 -4.713920497591008243e-03 -6.101821879845610308e-01 -2.788033121521220536e+01 -2.521697520708880702e-02 9.988629884415987092e-01 -4.045781172521339258e-02 -3.970908756859037769e+00 6.096791292013497010e-01 4.743953306195630715e-02 7.912274370823714209e-01 5.875034147712162280e+01
7.875229972825210645e-01 -5.305017387891421653e-03 -6.162624264800702356e-01 -2.856691177077464161e+01 -2.421165598478476622e-02 9.989246439097764219e-01 -3.953924062251355787e-02 -4.032612983966131992e+00 6.158094919024250657e-01 4.605879503121478730e-02 7.865476872313018619e-01 5.961900213833990136e+01
7.828623528860040315e-01 -5.008154207756345018e-03 -6.221747724273223312e-01 -2.924753755272178779e+01 -2.453403969602436369e-02 9.989414355921724109e-01 -3.891129911850028933e-02 -4.090821330356965824e+00 6.217110448635068121e-01 4.572665161773922099e-02 7.819107732733587834e-01 6.044212019214392484e+01
7.772428617790225758e-01 -6.146604448352186931e-03 -6.291706807648447253e-01 -2.993275024197797052e+01 -2.403485437927739554e-02 9.989324306436162537e-01 -3.945028298815289602e-02 -4.150485759191530732e+00 6.287414935520558856e-01 4.578447640639925209e-02 7.762653692487468948e-01 6.128826677302704695e+01
7.721032068226818534e-01 -7.330925942529026469e-03 -6.354548669002418881e-01 -3.063759774525606616e+01 -2.390523008631779273e-02 9.988907117985230677e-01 -4.056951935569500650e-02 -4.213656852135232000e+00 6.350473874052523504e-01 4.651455066555796464e-02 7.710714752565450691e-01 6.213573077808398892e+01
7.667468687312131159e-01 -8.437927349981560673e-03 -6.418940978524338981e-01 -3.133941238496397830e+01 -2.350053376170537986e-02 9.988744221361121056e-01 -4.120210865363173325e-02 -4.272290971891087530e+00 6.415192675258616362e-01 4.667644157920824294e-02 7.656855405238948142e-01 6.294585304099408063e+01
7.610057164404202545e-01 -1.001944117167127488e-02 -6.486677904572786257e-01 -3.206772211721225574e+01 -2.286637370137520331e-02 9.988451646815071916e-01 -4.225477471792807305e-02 -4.326254966794616408e+00 6.483420663917246474e-01 4.698880507605371348e-02 7.598977727766903500e-01 6.378259756867603869e+01
7.546847080170991928e-01 -1.163630811269428939e-02 -6.559844355517200354e-01 -3.278383068129340927e+01 -2.217296826439896229e-02 9.988192005459828327e-01 -4.322689136710893693e-02 -4.392577536231505597e+00 6.557128622219078329e-01 4.716779582209550820e-02 7.535355661469126387e-01 6.458952971962519030e+01
7.486838920012002241e-01 -1.230700334380886544e-02 -6.628129142051080169e-01 -3.352530489898399679e+01 -2.191683708883035778e-02 9.988215898547814220e-01 -4.330223931392179065e-02 -4.455697782885853719e+00 6.625647809723571591e-01 4.694645157644355277e-02 7.475319056410798524e-01 6.542809914229721358e+01
7.424665896397369957e-01 -1.251055422721181719e-02 -6.697662583694798943e-01 -3.427031363867632052e+01 -2.092801416614858273e-02 9.989043551867780035e-01 -4.185818257063383951e-02 -4.516174589142504914e+00 6.695561130539533501e-01 4.509517963573826671e-02 7.413912898469657842e-01 6.624788718827545608e+01
7.363552489536875356e-01 -1.384209432903233360e-02 -6.764534981472578590e-01 -3.502427853801666657e+01 -1.894847041456269865e-02 9.989766551750728363e-01 -4.106821053249553460e-02 -4.579101804325880209e+00 6.763297346727841219e-01 4.305855129464040282e-02 7.353394180464940533e-01 6.705145195063411734e+01
7.295095679280516610e-01 -1.492383243014623086e-02 -6.838077659301313727e-01 -3.578543053095128101e+01 -1.847570244642024809e-02 9.989671439641588657e-01 -4.151257315674876380e-02 -4.640964722325611191e+00 6.837210294334650218e-01 4.291764792181586297e-02 7.284803622315958460e-01 6.785799871870028710e+01
7.230045783015734973e-01 -1.626426923565861202e-02 -6.906517533156670829e-01 -3.658918374476157709e+01 -1.862325998456703519e-02 9.989006691640891500e-01 -4.301891864613330979e-02 -4.709084334926669335e+00 6.905921817355935577e-01 4.396506210120484925e-02 7.219068643203906399e-01 6.866044343328888999e+01
7.173759515595337088e-01 -1.557054889178262867e-02 -6.965122346707479650e-01 -3.735392509610950640e+01 -2.020624365825768320e-02 9.988646296237044808e-01 -4.314115712141806946e-02 -4.767473622833373170e+00 6.963931788223939323e-01 4.502232437619846372e-02 7.162468428194133097e-01 6.944148857573460987e+01
7.118021667406114750e-01 -1.605932801854512842e-02 -7.021963857669126785e-01 -3.816494829180199844e+01 -1.931195639930906316e-02 9.989131452180901594e-01 -4.242141773666953386e-02 -4.826849072781607575e+00 7.021144718434194631e-01 4.375644284098217929e-02 7.107184050863838420e-01 7.025482967997309913e+01
7.071557110181665440e-01 -1.552855998181330507e-02 -7.068872999716960814e-01 -3.898276968652884733e+01 -2.035737714455655364e-02 9.988971801788236737e-01 -4.230839941708797181e-02 -4.888345976359200762e+00 7.067647313576936874e-01 4.430899743107328398e-02 7.060597259148134741e-01 7.105455864449260162e+01
7.022500528990290869e-01 -1.578681945256333111e-02 -7.117553161567828912e-01 -3.981254175179764587e+01 -2.089500436862621116e-02 9.988663803845304612e-01 -4.277093599095493914e-02 -4.960354527042793116e+00 7.116236856904412100e-01 4.490802229940593637e-02 7.011241037928654940e-01 7.184905982680761838e+01
6.970189544262814785e-01 -1.831966841220063549e-02 -7.168186362946773471e-01 -4.063787316506900282e+01 -2.034396486647614341e-02 9.987659197857299276e-01 -4.530740117230837305e-02 -5.028380020753253632e+00 7.167640535294900195e-01 4.616305035114470767e-02 6.957860834320703791e-01 7.265038771528431027e+01
6.917450018925651589e-01 -2.034954114197087827e-02 -7.218550677441959440e-01 -4.146974464601653665e+01 -2.028918170303647614e-02 9.986606004185389907e-01 -4.759573834789147806e-02 -5.095858068882286318e+00 7.218567792560743879e-01 4.756996256229475972e-02 6.904056043924338137e-01 7.342175928242079408e+01
6.866300699450330614e-01 -2.036196710157211695e-02 -7.267217676093560286e-01 -4.232712568000960829e+01 -2.185606934817558439e-02 9.985777355899472241e-01 -4.862939698315218301e-02 -5.161203327759868564e+00 7.266783798182994136e-01 4.927368742940438362e-02 6.852084688788397937e-01 7.421879259556125419e+01
6.818983700525614866e-01 -2.053955184710542711e-02 -7.311584847297730727e-01 -4.318108025611974199e+01 -2.078478004636223619e-02 9.986578881744494485e-01 -4.743854274704601554e-02 -5.230776950795105407e+00 7.311515673020750894e-01 4.754523306939634208e-02 6.805562771356593599e-01 7.499556248231969846e+01
6.772370075829009517e-01 -2.066203897450945987e-02 -7.354747484851540396e-01 -4.404956665602806254e+01 -1.996022623407857008e-02 9.987217682158161525e-01 -4.643725973746781061e-02 -5.301030458189857519e+00 7.354941424450792686e-01 4.612927298609019455e-02 6.759589237650903693e-01 7.577219286588653802e+01
6.719610609969602910e-01 -2.137735685822002990e-02 -7.402778741457956002e-01 -4.491814784065955024e+01 -1.955259004053284608e-02 9.987227759407782957e-01 -4.658876549357725272e-02 -5.375433280467963648e+00 7.403283308733763501e-01 4.578018586615065916e-02 6.706848344980794741e-01 7.654242470307809754e+01
6.670755594926436327e-01 -2.226375421253413631e-02 -7.446573123907166414e-01 -4.579808400317541839e+01 -1.887852409185596450e-02 9.987271990758814777e-01 -4.677160658890134465e-02 -5.437523457492741130e+00 7.447508362791176451e-01 4.525822642335113055e-02 6.658061993198878259e-01 7.732643184123566016e+01
6.626251115794302704e-01 -2.284592925428513555e-02 -7.486027081443530351e-01 -4.668569855054038698e+01 -1.817914772977943100e-02 9.987495394809360327e-01 -4.657119283165012114e-02 -5.511575275792580442e+00 7.487305851103484011e-01 4.446820083620713071e-02 6.613812065572903798e-01 7.810275936179792211e+01
6.588267165728749486e-01 -2.380707099384826025e-02 -7.519179279921268666e-01 -4.757709050683921248e+01 -1.672114321906039217e-02 9.987888068671368913e-01 -4.627442782657087417e-02 -5.575161180481068790e+00 7.521088817299925733e-01 4.305975646168556242e-02 6.576306697809485291e-01 7.887808249152909923e+01
6.548648416984962362e-01 -2.616380578278160174e-02 -7.552929787995993349e-01 -4.849107138417296881e+01 -1.427765727927541618e-02 9.987938787100884008e-01 -4.697804138583876882e-02 -5.654656445845038348e+00 7.556111412512026559e-01 4.154808166960322763e-02 6.537014384703825343e-01 7.965649852951140986e+01
6.506048085841064088e-01 -3.066659096259460524e-02 -7.587970299148711906e-01 -4.939134277999518474e+01 -1.117894661370841952e-02 9.986893159006394738e-01 -4.994678636857063925e-02 -5.731249291518774491e+00 7.593341974884555423e-01 4.097817060511042137e-02 6.494092520797161150e-01 8.043928082753174635e+01
6.458687161010469024e-01 -3.499130392771331033e-02 -7.626461823644773430e-01 -5.030198377255014464e+01 -7.299345168933587223e-03 9.986204185374651932e-01 -5.199980039089219935e-02 -5.805944663042868825e+00 7.634136038291141624e-01 3.915186175812337965e-02 6.447222750497298982e-01 8.119970994635249895e+01
6.392954122849203724e-01 -3.892585141549027850e-02 -7.679753531519946108e-01 -5.122681856183617555e+01 -1.564138835248782321e-03 9.986500244129048465e-01 -5.191995954320689083e-02 -5.878280249700321036e+00 7.689596470862590794e-01 3.439341168623800959e-02 6.383714947195716638e-01 8.197980087196236809e+01
6.311037735930311587e-01 -4.266767877068271958e-02 -7.745240377803767062e-01 -5.215206585406377826e+01 3.637324073010752331e-03 9.986378523227448234e-01 -5.205006974982521323e-02 -5.965146820590553567e+00 7.756898907205167504e-01 3.003180013417069277e-02 6.303993143086974449e-01 8.272569847683219280e+01
6.219785678525386885e-01 -4.321340662419466405e-02 -7.818409373909919191e-01 -5.308653060747533203e+01 5.173085075413079437e-03 9.986810080488638386e-01 -5.108310219970749883e-02 -6.045667244506071292e+00 7.830171838868293932e-01 2.772806466347821353e-02 6.213817308470948042e-01 8.346732761308354043e+01
6.129032343992771859e-01 -4.243603512969540414e-02 -7.890176149829281060e-01 -5.404533582274000736e+01 6.617028451602511088e-03 9.987974420887758553e-01 -4.857864332795241991e-02 -6.113735154484611023e+00 7.901302742814476643e-01 2.455305517632140611e-02 6.124469843188602436e-01 8.420957661159991403e+01
6.044588697631304575e-01 -4.199727053627981543e-02 -7.955285616648276603e-01 -5.503270422525884698e+01 6.033588790719634186e-03 9.988221322076711317e-01 -4.814503085446319303e-02 -6.197919572884015516e+00 7.966135078510580003e-01 2.430179827996519284e-02 6.040002924996917821e-01 8.494640000944288261e+01
5.949724726710846623e-01 -4.308774967203522072e-02 -8.025903007094821184e-01 -5.602467296224189397e+01 4.639225668560638567e-03 9.987294896673337696e-01 -5.017852162730086774e-02 -6.261793752768373800e+00 8.037326949108035690e-01 2.613144113250210482e-02 5.944164489110279614e-01 8.565494742338643164e+01
5.848210034464957907e-01 -4.496084052294387068e-02 -8.099153688804678897e-01 -5.702183803817548835e+01 5.156770297349303790e-03 9.986486007652065622e-01 -5.171440695198335769e-02 -6.354835192725915682e+00 8.111459870953755535e-01 2.606712341293128052e-02 5.842625306469382274e-01 8.636806896151243507e+01
5.748246365922772272e-01 -4.640415949124068740e-02 -8.169597780530651887e-01 -5.801857649795336869e+01 5.089180020053032591e-03 9.985741450637772854e-01 -5.313922310788772585e-02 -6.420767392917852590e+00 8.182608070489962859e-01 2.638807879480122368e-02 5.742411803078565358e-01 8.707196589551769250e+01
5.648835830252608714e-01 -4.812085348865036832e-02 -8.237662949575017546e-01 -5.904306412414490524e+01 9.227530805794649169e-03 9.986041140588129972e-01 -5.200649987336218583e-02 -6.497059776511158624e+00 8.251190225958543456e-01 2.177628864173839981e-02 5.645391077812719205e-01 8.776916176578347972e+01
5.546097188865455330e-01 -4.758508807473129515e-02 -8.307488829573204114e-01 -6.007208588050142595e+01 9.682467418822730126e-03 9.986649982666154779e-01 -5.073924547137330376e-02 -6.586503488430051512e+00 8.320542776123404094e-01 2.009677916995427846e-02 5.543300561754637146e-01 8.845950108604105822e+01
5.440124947244645570e-01 -4.842388294871168702e-02 -8.376786498264591208e-01 -6.112837510963210264e+01 1.036843974689763935e-02 9.986450672180829935e-01 -5.099534435604276966e-02 -6.668369909729131351e+00 8.390130586598546492e-01 1.905668337519325975e-02 5.437774756441668966e-01 8.914577420142079234e+01
5.336743042161636863e-01 -4.910670978720375890e-02 -8.442631432906457789e-01 -6.216786698826921764e+01 9.357323061287212140e-03 9.985944572743316039e-01 -5.216848066403453887e-02 -6.750492891178636157e+00 8.456383324355353226e-01 1.994093412416675717e-02 5.333837107069234751e-01 8.979078873140942108e+01
5.235090370540523841e-01 -4.975656749198750783e-02 -8.505660227056708322e-01 -6.324384509708907132e+01 8.671632652270477512e-03 9.985528083289764156e-01 -5.307628222342918034e-02 -6.825444341026382311e+00 8.519759989943180845e-01 2.041011678604578300e-02 5.231828909989524323e-01 9.043719694137492127e+01
5.137823682147814042e-01 -5.036249036622625352e-02 -8.564410571520156834e-01 -6.432422473939018914e+01 7.106925448464191178e-03 9.984910872829847461e-01 -5.445218267469435769e-02 -6.909815522796781018e+00 8.578911247093901071e-01 2.188990811872007503e-02 5.133650391257155166e-01 9.106145724751505099e+01
