1 0 0 0 0 1 0 0 0 0 1 0
0.99987784 0.0011356212 0.015588898 0.0061812041 -0.0011278443 0.99999924 -0.00050765893 -0.0047114949 -0.015589464 0.00049001508 0.99987836 0.11811318
0.99931337 0.0035597162 0.036879716 0.020203597 -0.0035482709 0.99999363 -0.00037579576 -0.0003273231 -0.036880822 0.00024467854 0.99931964 0.25867105
0.99794119 0.0053638183 0.063910923 0.066208322 -0.0054426426 0.99998463 0.0010593021 0.0013703765 -0.063904265 -0.0014049655 0.99795504 0.41140329
0.99524848 0.0049262583 0.097242985 0.12122529 -0.0052800202 0.99998035 0.0033809153 0.0020301464 -0.097224427 -0.0038782957 0.99525493 0.59646172
0.99093032 0.0016071661 0.13436708 0.17986877 -0.0023419181 0.99998316 0.0053103668 -0.0026180403 -0.13435629 -0.0055768802 0.9909174 0.79458935
0.98468382 -0.0015737408 0.17434246 0.24018931 0.00052561329 0.99998151 0.0060578982 -0.0075143841 -0.17434878 -0.0058734776 0.98466644 0.9791522
0.97616382 -0.001908687 0.21702659 0.33476671 0.00029815676 0.99997218 0.0074533909 -0.0083183173 -0.2170348 -0.0072110226 0.97613723 1.1833919
0.96413412 -0.0018726352 0.26540891 0.42518112 -0.00076670433 0.99995129 0.0098404747 0.0032104082 -0.26541443 -0.0096910275 0.96408572 1.3927597
0.95001567 -0.0057695828 0.31214891 0.55958162 0.00041384405 0.99985162 0.017221167 0.0093611794 -0.31220198 -0.016231197 0.94987709 1.6317185
0.93314161 -0.015332819 0.3591819 0.71167922 0.0067867652 0.99966336 0.025042033 -0.002835891 -0.35944498 -0.02093008 0.93293154 1.8540384
0.91207838 -0.021176706 0.40946864 0.86187725 0.009628873 0.99949618 0.030243464 -0.0061965435 -0.40990284 -0.023641688 0.91182276 2.0663257
0.88723019 -0.023054642 0.46075054 1.0463508 0.008308115 0.99938702 0.034008207 -0.0034638559 -0.46125219 -0.026345139 0.88687788 2.3081485
0.85907635 -0.025039321 0.51123461 1.2294087 0.0062284671 0.99924017 0.038474637 0.019979366 -0.51180958 -0.029868443 0.85857955 2.5274438
0.82694674 -0.03039375 0.56145817 1.4500282 0.0075790732 0.9990498 0.042919278 0.017515251 -0.5622292 -0.031236625 0.82639133 2.7598871
0.79099921 -0.036195412 0.61074554 1.6849539 0.0098450602 0.99887225 0.046446771 0.025831191 -0.61173799 -0.030726532 0.7904635 2.9643501
0.75335144 -0.040564779 0.6563658 1.9429651 0.010853153 0.9987267 0.049266566 0.035074821 -0.65752859 -0.0299914 0.75283245 3.1864604
0.71292663 -0.043948415 0.69986007 2.2400544 0.01196743 0.99865132 0.050520447 0.045572666 -0.70113654 -0.027641845 0.71249107 3.3963887
0.67178606 -0.045749491 0.73933106 2.5230285 0.011201156 0.99860422 0.05161538 0.059277927 -0.74066056 -0.02639313 0.67136084 3.6072871
0.6296515 -0.046109684 0.77550811 2.8668282 0.0065115239 0.99851525 0.05408226 0.080816581 -0.77685046 -0.029003237 0.62901687 3.8324211
0.58890114 -0.046879866 0.80684427 3.2071876 0.0039821677 0.99847249 0.055107478 0.097590825 -0.8081953 -0.029239867 0.58818827 4.0388659
0.54818275 -0.048006853 0.83497962 3.580694 0.0016939281 0.99841295 0.056291291 0.11545387 -0.8363569 -0.029443519 0.54739407 4.231334
0.50950376 -0.050738775 0.85897115 3.9926853 0.0010568537 0.99829611 0.058341716 0.13381092 -0.86046782 -0.028817517 0.50868925 4.4470134
0.47186568 -0.050383551 0.88022964 4.4223146 -0.0021465353 0.99829725 0.058292329 0.1543268 -0.88166787 -0.029395593 0.47095406 4.6448982
0.43578257 -0.049782089 0.89867415 4.8777399 -0.0030793308 0.99838091 0.056798568 0.18001726 -0.90004674 -0.027519141 0.4349237 4.8427896
0.40202092 -0.048460779 0.91434712 5.3749841 -0.0021462019 0.99854581 0.053866989 0.19973325 -0.915628 -0.02361803 0.4013323 5.0058066
0.37163788 -0.0467879 0.92719799 5.8915576 -7.1095613e-05 0.9987278 0.050425906 0.22039489 -0.92837781 -0.018806096 0.37116176 5.1917715
0.34641591 -0.04499994 0.93700104 6.4519008 0.0011145103 0.9988678 0.047559079 0.24417013 -0.93808041 -0.015430924 0.34607385 5.3743612
0.32593516 -0.044488757 0.94434472 7.0099284 0.002173961 0.99892476 0.046309731 0.2679464 -0.94538967 -0.013041 0.32568142 5.5471122
0.31142982 -0.04487209 0.94920908 7.5982826 0.0031335323 0.99892756 0.046194345 0.2961563 -0.95026403 -0.011411918 0.31123644 5.746284
0.29939668 -0.04641933 0.95299884 8.2170522 0.0039542329 0.99886763 0.047411266 0.31514504 -0.95412057 -0.010426396 0.2992412 5.9233705
0.28854873 -0.048385623 0.9562418 8.8484938 0.002901879 0.99876189 0.04966148 0.34251918 -0.95746086 -0.011554858 0.28833188 6.1243704
0.27806737 -0.049977824 0.95926049 9.5234237 0.001602605 0.99866828 0.051566426 0.3721591 -0.96056028 -0.012801624 0.27777715 6.3254579
0.26778653 -0.051726011 0.96208873 10.211589 0.00090911855 0.99857095 0.053434409 0.40040345 -0.96347788 -0.013434362 0.26745087 6.5077794
0.25702281 -0.05378183 0.96490762 10.914286 -9.8099579e-05 0.9984488 0.055677472 0.42796694 -0.96640537 -0.014405037 0.25661884 6.7043648
0.24701983 -0.055199267 0.96743691 11.645777 -0.00057851458 0.99836762 0.057111802 0.46012753 -0.96901029 -0.014667423 0.24658466 6.8791805
0.23688042 -0.05663955 0.96988636 12.397146 -0.0012235852 0.99828099 0.058596586 0.49120031 -0.97153808 -0.015067122 0.23640392 7.0538204
0.22677088 -0.059606868 0.97212237 13.161355 -0.0021054899 0.99809311 0.061690451 0.52501523 -0.9739459 -0.016036391 0.22621295 7.2395801
0.21506154 -0.062938868 0.97457024 13.953272 -0.0045611786 0.99784552 0.065448541 0.5665782 -0.97658989 -0.018520652 0.21431112 7.4221451
0.20254985 -0.066911824 0.97698326 14.755833 -0.0038844652 0.99760015 0.069129171 0.61087933 -0.97926429 -0.01779716 0.20180385 7.5731647
0.18973997 -0.069478918 0.97937293 15.515263 -0.0046721056 0.99741787 0.071664222 0.64281752 -0.9818233 -0.018173301 0.18892543 7.7455801
0.17505007 -0.069944297 0.98207189 16.329601 -0.0057078064 0.99738453 0.072052272 0.68221713 -0.98454303 -0.018218231 0.174193 7.8790651
0.16124078 -0.069126149 0.98449119 17.127663 -0.0074287238 0.99743073 0.071251382 0.72171747 -0.98688718 -0.018802141 0.16031299 8.0196037
0.14451126 -0.067971363 0.9871658 17.936598 -0.0084838514 0.99751611 0.069925984 0.76016041 -0.98946683 -0.018480059 0.14357564 8.1334966
0.12284329 -0.066804569 0.99017503 18.751009 -0.011152579 0.99757589 0.068687498 0.80147156 -0.99236346 -0.019480803 0.12180046 8.220687
0.098206999 -0.065088546 0.99303514 19.586115 -0.01521227 0.99764404 0.066895066 0.84212636 -0.99504978 -0.021675882 0.096985482 8.3151607
0.068427311 -0.064630527 0.9955604 20.409428 -0.019542053 0.99762113 0.066107479 0.87850307 -0.99746473 -0.023978851 0.067001517 8.3812209
0.035456158 -0.064431399 0.99729202 21.255502 -0.022796563 0.99760772 0.065262268 0.91774996 -0.99911124 -0.025048779 0.03390252 8.381479
0.0021010503 -0.063638203 0.99797078 22.081033 -0.023945298 0.99768367 0.063670307 0.95385352 -0.9997111 -0.024030482 0.0005723463 8.3851747
-0.030863032 -0.062767603 0.99755081 22.944844 -0.024751277 0.99776824 0.062015509 0.98524866 -0.99921716 -0.02277667 -0.032347733 8.3658279
-0.06385514 -0.060652235 0.99611432 23.776849 -0.027078107 0.99788922 0.059024485 1.0170489 -0.99759179 -0.023203873 -0.065362705 8.3043971
-0.097270475 -0.057768657 0.99357997 24.608255 -0.029386172 0.99804548 0.055151413 1.0504147 -0.9948241 -0.023832907 -0.098777959 8.2317477
-0.12989794 -0.053302857 0.99009356 25.451126 -0.026564803 0.99838262 0.05026387 1.0746125 -0.99117149 -0.019772467 -0.13110383 8.1095587
-0.16118515 -0.047708084 0.98577036 26.269963 -0.021798696 0.99875936 0.044772364 1.0974077 -0.98668346 -0.014271868 -0.16202515 7.940198
-0.19362551 -0.041258122 0.98020755 27.109914 -0.016648603 0.99910965 0.038765049 1.1112262 -0.98093428 -0.0088131835 -0.19414 7.7637202
-0.21958363 -0.035779496 0.97493732 27.932571 -0.0099877369 0.99935734 0.034426171 1.1216084 -0.97554259 -0.0021779929 -0.21979987 7.5674089
-0.24777349 -0.02913084 0.96837989 28.744515 -0.0021356397 0.99956184 0.029522424 1.1412222 -0.96881568 0.0052467644 -0.24772714 7.3481527
-0.27522299 -0.01885001 0.96119556 29.554144 0.0044057361 0.99977253 0.020868056 1.1355675 -0.96137036 0.0099781438 -0.27507734 7.0860137
-0.29942185 -0.0035627541 0.95411414 30.356623 0.0092926128 0.99993471 0.006650078 1.1238962 -0.95407562 0.010857393 -0.29936919 6.8224018
-0.32445139 0.013538334 0.94580544 31.119104 0.0096271871 0.99989304 -0.011010014 1.0995773 -0.94585342 0.0055332326 -0.32454702 6.5573073
-0.34893497 0.028028585 0.93672766 31.885648 0.0089165052 0.99960669 -0.026588603 1.0787984 -0.93710456 -0.00092535544 -0.34904765 6.2629607
-0.37356443 0.038753964 0.9267943 32.648684 0.012234554 0.99924583 -0.036852127 1.0369793 -0.92752359 -0.0024277279 -0.37375684 5.9499227
-0.39818364 0.043649101 0.9162666 33.421803 0.016560953 0.99904651 -0.040395645 0.99201366 -0.91715625 -0.00091063582 -0.39852685 5.6139264
-0.41969616 0.042924293 0.90664909 34.159963 0.018788194 0.99907798 -0.038603007 0.9414362 -0.90747022 0.00083276555 -0.42011567 5.2564909
-0.44003472 0.039726284 0.89710156 34.902075 0.022563998 0.99919467 -0.033179463 0.90020684 -0.89769727 0.0056420829 -0.44057673 4.8795759
-0.45920274 0.038664135 0.88748964 35.641719 0.029865547 0.99915954 -0.028076155 0.86240016 -0.88782935 0.013612718 -0.45997152 4.4866211
-0.47215719 0.039290413 0.88063828 36.351922 0.034014794 0.99907424 -0.026337385 0.8181843 -0.88085791 0.017519345 -0.47305654 4.0981556
-0.48392068 0.042622034 0.87407327 37.036679 0.036624485 0.99892452 -0.02843337 0.76973607 -0.87434518 0.018252989 -0.48496124 3.6933283
-0.49331917 0.045349702 0.86866538 37.740916 0.038510151 0.99879952 -0.030273412 0.7317709 -0.86899553 0.018517982 -0.49447337 3.291649
-0.5041281 0.044296791 0.86249208 38.423437 0.031977736 0.99895632 -0.032614425 0.6777289 -0.8630367 0.011138697 -0.50501846 2.9073488
-0.51544837 0.043233301 0.8558293 39.127241 0.030686977 0.99901717 -0.031984483 0.64805861 -0.85637104 0.0097764657 -0.51626847 2.4911672
-0.52426234 0.044920731 0.85037114 39.793615 0.032768672 0.99893226 -0.032566235 0.60356505 -0.85092613 0.010792283 -0.52517455 2.0715004
-0.53105223 0.048116377 0.8459718 40.493019 0.036550671 0.99875794 -0.033862 0.55720596 -0.84655044 0.012938348 -0.53215131 1.6332061
-0.53515206 0.051235628 0.84320052 41.187514 0.037207287 0.99861994 -0.037065161 0.52098236 -0.84393599 0.011537707 -0.53631986 1.189666
-0.53456726 0.05277096 0.84347674 41.884748 0.036276285 0.99856153 -0.039482933 0.47561127 -0.84434705 0.0094919206 -0.53571263 0.74393932
-0.53142807 0.053750659 0.84539636 42.608775 0.039167978 0.99847665 -0.038862024 0.43476436 -0.84619745 0.012460096 -0.53272383 0.29439682
-0.52534307 0.052531643 0.84926735 43.369361 0.037348874 0.99855409 -0.038662401 0.38509301 -0.85007046 0.011408155 -0.52654547 -0.16839227
-0.51837017 0.051138992 0.85362586 44.124709 0.035093624 0.99864156 -0.038515744 0.34438411 -0.854436 0.0099914132 -0.51946065 -0.61807051
-0.51101991 0.050563846 0.85808035 44.910763 0.033260808 0.99868389 -0.039041056 0.29452123 -0.85892516 0.0085896904 -0.51202914 -1.0706118
-0.50476417 0.049052152 0.86186249 45.711076 0.030406102 0.99877506 -0.039036568 0.2466015 -0.86272166 0.0065016186 -0.50563735 -1.5362105
-0.50056996 0.047104205 0.86441358 46.520514 0.02625965 0.99888528 -0.039225325 0.19684617 -0.86529776 0.0030641797 -0.50124891 -1.9839905
-0.49915875 0.04407387 0.86538891 47.361874 0.021410355 0.99902803 -0.038530496 0.14869702 -0.86624604 -0.00070454997 -0.49961722 -2.4580133
-0.49949205 0.041596765 0.86531921 48.222917 0.018546854 0.99913111 -0.037323354 0.096891064 -0.86611995 -0.0025937692 -0.49982954 -2.9279641
-0.50008577 0.040363863 0.86503463 49.072408 0.016962891 0.99917805 -0.036816774 0.049237124 -0.86580976 -0.0037380563 -0.50035942 -3.4226224
-0.50076037 0.039905378 0.86466557 49.937348 0.017395329 0.99919894 -0.036039967 0.0020744498 -0.86541119 -0.0030062443 -0.5010534 -3.916744
-0.50103011 0.039036254 0.86454898 50.818816 0.016803475 0.99923268 -0.035379432 -0.050507523 -0.86526674 -0.0031987334 -0.5013016 -4.4105083
-0.50112432 0.038539065 0.86451668 51.708749 0.017310449 0.99925438 -0.034511353 -0.10046945 -0.86520219 -0.0023293053 -0.5014178 -4.9199134
-0.50133997 0.037980233 0.86441638 52.594473 0.016623469 0.99927454 -0.034264355 -0.16037955 -0.86509072 -0.0028084913 -0.50160763 -5.4295357
-0.50111161 0.036714924 0.86460344 53.504507 0.01540654 0.99931976 -0.033506172 -0.20558088 -0.86524555 -0.003469784 -0.50133638 -5.9347687
-0.50129898 0.036091398 0.86452107 54.394511 0.015099065 0.99934246 -0.032964517 -0.25900433 -0.86514242 -0.0034716183 -0.50151431 -6.4595926
-0.50049238 0.035328536 0.86501977 55.289852 0.013507984 0.99936407 -0.032999737 -0.31697607 -0.86563559 -0.0048314424 -0.50065132 -6.9741743
-0.49922423 0.034150212 0.86579955 56.187823 0.013358951 0.9994076 -0.03171735 -0.37139476 -0.86636988 -0.0042678951 -0.4993847 -7.4705268
-0.49718647 0.031770219 0.86706182 57.080989 0.013723622 0.99949233 -0.028753301 -0.42512996 -0.86753521 -0.0023965228 -0.49737007 -7.989541
-0.49453033 0.030658194 0.86861946 57.984938 0.014050236 0.9995291 -0.027279481 -0.47713105 -0.86904684 -0.0012862223 -0.49472821 -8.4953475
-0.49253313 0.030047435 0.8697748 58.872507 0.014128507 0.99954817 -0.02652997 -0.52737504 -0.87017904 -0.0007782687 -0.49273512 -8.9811935
-0.49038571 0.030587999 0.87096852 59.764924 0.014748962 0.99953203 -0.026798906 -0.57968108 -0.87138074 -0.00029591814 -0.49060737 -9.4784534
-0.48952489 0.031149991 0.87143273 60.653798 0.014925492 0.99951465 -0.027344018 -0.63009097 -0.87186162 -0.00037901449 -0.48975222 -9.9721513
-0.49010657 0.032070616 0.87107231 61.543319 0.013788428 0.99948314 -0.029040344 -0.68258474 -0.8715535 -0.0022221443 -0.49029545 -10.46226
-0.49278997 0.03396016 0.8694853 62.417756 0.012665745 0.9994122 -0.031856369 -0.73047429 -0.87005614 -0.0046858194 -0.49293044 -10.961551
-0.49730439 0.034976959 0.86687075 63.298268 0.01188779 0.99936791 -0.033503264 -0.78726748 -0.86749472 -0.0063561425 -0.49740585 -11.449929
-0.50280274 0.033527783 0.86375067 64.177791 0.011511787 0.9994186 -0.032092746 -0.84005227 -0.86432456 -0.0061930064 -0.50289638 -11.952518
-0.50769851 0.031214105 0.86096913 65.041513 0.014875738 0.99951208 -0.027464962 -0.89602864 -0.86140641 -0.0011363683 -0.50791513 -12.468706
-0.5130973 0.02912117 0.85783627 65.898395 0.012067116 0.99957026 -0.026714946 -0.94731479 -0.85824566 -0.0033557564 -0.51322821 -12.971559
-0.51811419 0.031492368 0.85473145 66.75278 0.013096353 0.99949687 -0.028887571 -0.99852108 -0.85521122 -0.0037731951 -0.51826595 -13.488363
-0.52289904 0.034292092 0.85170451 67.588426 0.013925203 0.99940075 -0.031689472 -1.0434489 -0.8522809 -0.0047102358 -0.52306322 -14.002301
-0.52820327 0.034021281 0.84843609 68.425502 0.012148337 0.99939753 -0.032511572 -1.1015973 -0.84903108 -0.0068656303 -0.52829835 -14.505252
-0.53164641 0.034841833 0.84624942 69.254157 0.011297531 0.99935634 -0.034048016 -1.1549452 -0.84689109 -0.0085409755 -0.53169784 -15.024583
-0.53471248 0.034017719 0.84434904 70.078483 0.011314512 0.99938804 -0.03309874 -1.2113134 -0.84495834 -0.0081449117 -0.53477015 -15.546779
-0.53726982 0.027195639 0.84297182 70.903207 0.012894912 0.99962805 -0.024031023 -1.2591501 -0.84331188 -0.0020410954 -0.53742066 -16.07194
-0.53921924 0.019355707 0.84194294 71.727305 0.013804832 0.99980467 -0.014143588 -1.3022239 -0.84205232 0.0039963871 -0.53938112 -16.594933
-0.54118727 0.016097897 0.84074796 72.553148 0.013465647 0.99985445 -0.010476524 -1.3397582 -0.84079431 0.005651455 -0.54132527 -17.116052
-0.54213573 0.021689786 0.84001092 73.359126 0.014055978 0.99976102 -0.01674306 -1.3727685 -0.8401734 0.0027301645 -0.54231104 -17.627816
-0.54393715 0.026956381 0.83869284 74.150823 0.014313487 0.99963652 -0.0228462 -1.4174789 -0.83900391 -0.00042227698 -0.54412528 -18.140901
-0.54440703 0.03221136 0.83820245 74.955786 0.020911835 0.99947303 -0.02482674 -1.4521666 -0.83856051 0.0040125006 -0.54479374 -18.663674
-0.54353643 0.032866944 0.83874183 75.74768 0.024116841 0.99943208 -0.023535128 -1.4949631 -0.83903909 0.0074356048 -0.54402039 -19.192193
-0.54357631 0.030453838 0.83880707 76.552694 0.02375647 0.99949943 -0.020892932 -1.5420761 -0.83902353 0.0085701928 -0.54402769 -19.708261
-0.54283701 0.025231219 0.83945894 77.350173 0.021740266 0.99963582 -0.015987213 -1.5741452 -0.83955667 0.0095716104 -0.54318785 -20.21741
-0.54214077 0.019260752 0.84006687 78.15107 0.019992741 0.99974992 -0.010019505 -1.6057154 -0.84004984 0.011363258 -0.54239027 -20.727038
-0.54180811 0.01253526 0.8404087 78.957062 0.010800612 0.99991006 -0.0079512178 -1.6431805 -0.84043285 0.0047688949 -0.54189476 -21.226885
-0.54063439 0.0077067361 0.84122233 79.76357 0.003044941 0.99996941 -0.0072041589 -1.6629142 -0.84125219 -0.001333343 -0.54064132 -21.721725
-0.53835632 0.0078238078 0.84268096 80.562514 0.0056217856 0.99996799 -0.0056925845 -1.6900626 -0.8426986 0.0016727336 -0.53838308 -22.231618
-0.53626017 0.011462962 0.84397486 81.351936 0.011457396 0.99991451 -0.0063009415 -1.7211018 -0.84397501 0.0062908108 -0.53634567 -22.727606
-0.52938378 0.014739144 0.84825439 82.145558 0.012596252 0.99987542 -0.0095125414 -1.7469456 -0.84828899 0.0056490421 -0.52950349 -23.227253
-0.52202152 0.016865355 0.85276552 82.936535 0.017749468 0.99980278 -0.0089079869 -1.7710464 -0.85274765 0.010485975 -0.52221792 -23.712041
-0.51424795 0.019619649 0.85741708 83.739771 0.025013342 0.99965612 -0.0078722974 -1.8118173 -0.85727676 0.017398555 -0.51456186 -24.20398
-0.50414455 0.019435674 0.86340052 84.547896 0.02398416 0.99967621 -0.0084988326 -1.8342992 -0.86328622 0.016423297 -0.50444747 -24.668173
-0.49414643 0.016046923 0.86923054 85.362705 0.019140431 0.9997881 -0.007576064 -1.8614955 -0.869168 0.012893763 -0.49434886 -25.117543
-0.48196525 0.013515263 0.87608605 86.182636 0.021171632 0.99976872 -0.0037760517 -1.8830426 -0.87593454 0.016728247 -0.48213993 -25.55743
-0.47047943 0.012243695 0.88232598 87.005715 0.020782117 0.99978013 -0.0027919883 -1.9115749 -0.88216624 0.01702303 -0.47063044 -25.991123
-0.45962311 0.01138908 0.888041 87.827824 0.020746487 0.9997826 -0.0020844069 -1.9289614 -0.88787175 0.017465691 -0.45975947 -26.405654
-0.4469004 0.013275853 0.89448517 88.659667 0.024535397 0.99969564 -0.0025790622 -1.9475432 -0.89424724 0.020793966 -0.4470901 -26.816064
-0.43492032 0.016511999 0.9003175 89.482931 0.023998098 0.99968927 -0.0067416294 -1.9804024 -0.90014914 0.018673837 -0.43518143 -27.203187
-0.42427691 0.025756473 0.90516608 90.306986 0.025340844 0.99954163 -0.016563956 -2.0099139 -0.90517789 0.01590997 -0.42473513 -27.588538
-0.41116564 0.030614387 0.91104638 91.140684 0.025559823 0.99943011 -0.022048953 -2.0420221 -0.91120227 0.014220413 -0.41171382 -27.954194
-0.40006226 0.027343963 0.91607992 91.984923 0.023461666 0.9995328 -0.019588967 -2.0696731 -0.91618765 0.013655956 -0.40051689 -28.315311
-0.38743098 0.023677719 0.92159456 92.835359 0.024373447 0.99958376 -0.015435024 -2.1113696 -0.9215765 0.016482431 -0.38784683 -28.659285
-0.37789818 0.024065734 0.9255343 93.681079 0.021109765 0.99962621 -0.017373096 -2.1487772 -0.92560651 0.012972551 -0.37826494 -28.986026
-0.37129784 0.028761933 0.92806821 94.516939 0.016703028 0.99956528 -0.024295229 -2.1864306 -0.92836361 0.0064807843 -0.37161684 -29.315998
-0.36575239 0.033602334 0.93010537 95.364479 0.0098169993 0.99943173 -0.032246504 -2.2261114 -0.93066046 -0.0026633913 -0.36587442 -29.630721
-0.3620829 0.036023464 0.93144952 96.213231 0.0067579484 0.99932816 -0.036021622 -2.2706304 -0.93212144 -0.006748125 -0.36208308 -29.951851
-0.35879906 0.03568986 0.93273222 97.05806 0.0060764587 0.99933688 -0.035900941 -2.3197294 -0.93339509 -0.0072135142 -0.358778 -30.271777
-0.35370743 0.035236088 0.93469214 97.914542 0.0045615378 0.99934328 -0.035947126 -2.3724315 -0.93534503 -0.0084511316 -0.35363588 -30.588379
-0.34860619 0.031711934 0.93673262 98.756081 0.0033759747 0.99946345 -0.032579234 -2.4175299 -0.93726325 -0.0081949366 -0.34852621 -30.891894
-0.3430511 0.027473761 0.93891483 99.617967 0.0022135733 0.99959304 -0.028440503 -2.4691506 -0.93931417 -0.0076781883 -0.34297231 -31.203028
-0.33729748 0.025050398 0.94106472 100.47156 0.0022748164 0.99966467 -0.025794939 -2.5077078 -0.94139541 -0.0065598176 -0.33724136 -31.498876
-0.33190635 0.023810782 0.94301174 101.30514 -0.0024350694 0.99965642 -0.026098099 -2.5546371 -0.94330924 -0.010958423 -0.33173434 -31.776274
-0.32531248 0.022718214 0.94533359 102.1722 -0.016246869 0.9994295 -0.029609189 -2.5959361 -0.94546703 -0.02499095 -0.32475779 -32.051094
-0.31832064 0.026377158 0.94761603 103.02097 -0.013433372 0.99938695 -0.032330717 -2.6443141 -0.94788796 -0.023021213 -0.31777116 -32.326526
-0.3120041 0.030533695 0.94958994 103.87189 -0.010878718 0.9993031 -0.03570659 -2.6910646 -0.95001851 -0.021470924 -0.3114545 -32.601618
-0.30497896 0.028334982 0.95193744 104.72932 -0.013671823 0.99932403 -0.034125609 -2.7374164 -0.95226099 -0.023422312 -0.30438541 -32.867753
-0.29805963 0.02365261 0.95425412 105.58448 -0.013296404 0.99949309 -0.028927032 -2.7783024 -0.95445468 -0.021310128 -0.29759405 -33.123644
-0.29121929 0.021128049 0.95642295 106.44436 -0.012898189 0.9995785 -0.026008727 -2.8217618 -0.95656941 -0.019910367 -0.29082403 -33.376272
-0.28455698 0.023810546 0.95836335 107.29724 -0.015553139 0.99944527 -0.029449258 -2.8687688 -0.95853299 -0.02328555 -0.2840288 -33.61949
-0.2779309 0.026761261 0.96022819 108.16797 -0.015914207 0.9993464 -0.03245772 -2.9139977 -0.96046928 -0.024302273 -0.27732336 -33.864876
-0.27146001 0.027903921 0.96204509 109.01426 -0.01713251 0.99928114 -0.033818219 -2.9554742 -0.96229726 -0.025662541 -0.27078681 -34.092057
-0.26427577 0.026422514 0.96408511 109.89416 -0.017732624 0.99932254 -0.03224914 -3.0047078 -0.96428416 -0.025618425 -0.26362819 -34.325398
-0.25671157 0.026603141 0.96612182 110.74508 -0.014958209 0.99939201 -0.031493865 -3.0501205 -0.96637234 -0.022536291 -0.25615756 -34.543067
-0.24901263 0.027818817 0.96810059 111.60793 -0.010546874 0.99945023 -0.031432505 -3.0953583 -0.96844285 -0.018037525 -0.24858233 -34.764676
-0.24185867 0.028369616 0.96989663 112.49167 -0.0086135447 0.99947033 -0.03138257 -3.1422597 -0.9702733 -0.015944394 -0.24148621 -34.985969
-0.2354105 0.027332664 0.97151157 113.34316 -0.015350364 0.99937522 -0.031836185 -3.1848013 -0.97177484 -0.022407628 -0.23484386 -35.17095
-0.22968038 0.025327821 0.97293646 114.21328 -0.019696952 0.99933563 -0.030664896 -3.2276932 -0.97306682 -0.026207007 -0.2290289 -35.359726
-0.22499181 0.025284455 0.97403249 115.10173 -0.018106293 0.99938214 -0.030124866 -3.2765211 -0.97419245 -0.024413966 -0.22439499 -35.564852
-0.22028033 0.025532335 0.97510235 115.95289 -0.015547387 0.99943848 -0.029681787 -3.3194326 -0.97531274 -0.021698607 -0.21975967 -35.747881
-0.21542576 0.027388448 0.97613602 116.84038 -0.014299542 0.99941095 -0.031197295 -3.3621489 -0.97641556 -0.020678999 -0.21490722 -35.942536
-0.20977233 0.026153989 0.97740036 117.69018 -0.0094114684 0.99954185 -0.028766381 -3.4051254 -0.977705 -0.015233163 -0.20943008 -36.122681
-0.20438876 0.025295168 0.97856288 118.56368 -0.00062395845 0.9996625 -0.025970901 -3.4441048 -0.97888964 -0.0059187419 -0.20430399 -36.313518
-0.19964452 0.024045975 0.97957326 119.45313 0.0013288531 0.99970457 -0.024269314 -3.4892565 -0.97986753 -0.0035435257 -0.19961749 -36.496996
-0.19544651 0.025606941 0.98037996 120.30809 -0.00019082516 0.99965805 -0.026148514 -3.5272105 -0.98071439 -0.0052977164 -0.1953748 -36.654634
-0.19197038 0.02745493 0.98101657 121.17678 -0.0031697869 0.99958606 -0.028594898 -3.5688678 -0.98139564 -0.0085989861 -0.19180389 -36.815416
-0.19000623 0.026684037 0.98142015 122.06684 -0.0047685684 0.9995937 -0.02810137 -3.6108602 -0.98177135 -0.010019404 -0.18980179 -36.980464
-0.18922335 0.025606537 0.98160009 122.92101 -0.0058869841 0.99961237 -0.027211249 -3.655953 -0.98191647 -0.010927667 -0.18899926 -37.132207
-0.18811475 0.021203351 0.98191811 123.80608 -0.0052970954 0.99973049 -0.022602798 -3.6912888 -0.98213281 -0.0094532329 -0.18795174 -37.302446
-0.18704621 0.016202659 0.98221744 124.66193 -0.0041902737 0.99984171 -0.017291352 -3.7298807 -0.98234222 -0.007350041 -0.18694871 -37.455176
-0.186351 0.013876848 0.98238519 125.52632 -0.0031973445 0.99988639 -0.014730575 -3.7647124 -0.98247807 -0.0058860804 -0.18628546 -37.616023
-0.18532112 0.018241053 0.98250866 126.39913 -0.0061865243 0.99978623 -0.019728728 -3.8018901 -0.98265858 -0.009734463 -0.18516865 -37.775983
-0.1851864 0.021989326 0.98245732 127.23806 -0.006510692 0.99970022 -0.023602475 -3.8400152 -0.98268189 -0.010767334 -0.18498772 -37.924754
-0.18518134 0.021256876 0.98247439 128.09773 -0.0079310609 0.99970113 -0.023124476 -3.8697875 -0.9826724 -0.012074285 -0.18495741 -38.078394
-0.18498924 0.020342343 0.98252994 128.95797 -0.0098523108 0.99969711 -0.022552749 -3.9121949 -0.9826912 -0.013852206 -0.18473279 -38.235127
-0.18398711 0.021252968 0.98269882 129.79148 -0.0033498066 0.99974685 -0.022248839 -3.9484157 -0.98292299 -0.0073853498 -0.18386934 -38.391835
-0.18335031 0.02364041 0.98276331 130.64775 -0.006266655 0.99966238 -0.025216062 -3.9912595 -0.98302771 -0.010782011 -0.18314026 -38.545172
-0.18357278 0.024729878 0.98269496 131.47427 -0.016319044 0.99946907 -0.028200489 -4.0236121 -0.9828707 -0.021213484 -0.18307175 -38.678137
-0.18308985 0.026368027 0.98274246 132.31159 -0.019674468 0.99934176 -0.030478854 -4.0625395 -0.98289933 -0.024915304 -0.18245056 -38.818766
-0.18330377 0.029178781 0.98262314 133.15127 -0.02170166 0.9991957 -0.033719242 -4.1165896 -0.98281679 -0.027505417 -0.18252311 -38.968265
-0.18235935 0.030562246 0.9827568 133.97886 -0.016938781 0.9992708 -0.034218947 -4.1595184 -0.98308607 -0.022886847 -0.18170868 -39.117239
-0.1808625 0.031636764 0.98299938 134.80395 -0.018081017 0.99920663 -0.035485109 -4.2061876 -0.98334222 -0.024191554 -0.18014698 -39.261356
-0.17880288 0.03083886 0.98340145 135.62421 -0.012149905 0.99936324 -0.033548516 -4.2461608 -0.98380994 -0.017946805 -0.17831433 -39.416008
-0.17571756 0.028135124 0.98403845 136.45197 -0.0042541126 0.99956048 -0.029338567 -4.2955972 -0.98443147 -0.0093415112 -0.17552064 -39.562292
-0.17353044 0.023341481 0.98455182 137.26117 0.0013335844 0.99972374 -0.023466123 -4.3309864 -0.98482764 -0.0027591029 -0.17351363 -39.714495
-0.16959073 0.023364415 0.98523754 138.08368 0.0050483574 0.99972641 -0.022839028 -4.3656827 -0.98550169 0.0011005448 -0.16966228 -39.85194
-0.16490598 0.027258921 0.9859325 138.88251 0.0016080671 0.99962412 -0.0273685 -4.4165534 -0.98630802 -0.0029277829 -0.16488783 -39.977783
-0.15823409 0.031191615 0.9869088 139.68989 0.0062863517 0.99951249 -0.030582048 -4.451805 -0.98738166 0.001364934 -0.15835303 -40.103403
-0.1504705 0.031339928 0.98811758 140.47859 0.0012509636 0.99950264 -0.031510527 -4.4913608 -0.98861375 -0.0035053048 -0.15043487 -40.212896
-0.14056697 0.027919705 0.98967739 141.26848 0.008669558 0.9995987 -0.026968228 -4.5226714 -0.99003326 0.0047892244 -0.14075261 -40.326661
-0.12853044 0.026146513 0.99136078 142.07808 0.015308101 0.99958558 -0.024378732 -4.5659803 -0.99158745 0.012042443 -0.12887743 -40.429102
-0.11498983 0.028233504 0.99296532 142.87519 0.015067728 0.99953059 -0.026675266 -4.6079645 -0.99325243 0.011894348 -0.11536126 -40.518998
-0.10095386 0.029269332 0.99446043 143.67186 0.012593315 0.99952466 -0.028139957 -4.6464454 -0.99481144 0.0096827176 -0.10127447 -40.589461
-0.087031348 0.029457317 0.99576992 144.45786 0.015789908 0.99947795 -0.028186954 -4.6827713 -0.99608047 0.013269968 -0.087451043 -40.654899
-0.07323572 0.03113155 0.99682861 145.25397 0.01906137 0.9993738 -0.029810622 -4.7235438 -0.99713253 0.016817718 -0.073783271 -40.706881
-0.059546031 0.036838497 0.99754554 146.03856 0.015448685 0.99923314 -0.035978645 -4.773058 -0.99810605 0.013268383 -0.060069476 -40.74202
-0.046691667 0.045882419 0.997855 146.79218 0.0083959356 0.99892728 -0.045538859 -4.8202609 -0.99887411 0.006251642 -0.047026808 -40.759642
-0.033229466 0.054647702 0.99795258 147.55261 0.0013102015 0.99850557 -0.054634356 -4.8656381 -0.99944693 -0.00050795069 -0.033251408 -40.76614
-0.019762903 0.055746934 0.99824928 148.31618 0.0016059386 0.9984448 -0.055726058 -4.9141576 -0.99980345 0.0005018192 -0.019821695 -40.772358
-0.0081139093 0.051623703 0.9986336 149.09432 0.00024209679 0.99866659 -0.051623439 -4.9696322 -0.99996709 -0.00017710108 -0.0081155897 -40.761925
0.0028857145 0.048862158 0.99880132 149.86619 0.00048320411 0.99880534 -0.048863749 -5.0260404 -0.99999576 0.00062363258 0.0028586552 -40.747395
0.011652951 0.054954363 0.99842082 150.60371 -0.0041838703 0.9984826 -0.05490893 -5.0881874 -0.99992339 -0.0035374114 0.011865189 -40.718903
0.018145076 0.063645965 0.99780753 151.3517 -0.012264208 0.99791096 -0.063429536 -5.1398028 -0.99976019 -0.011086385 0.018887736 -40.692644
0.021324413 0.06698576 0.99752599 152.09188 -0.017060643 0.99763201 -0.066628167 -5.192354 -0.99962707 -0.015597628 0.022416736 -40.665341
0.021586103 0.06271037 0.99779826 152.85872 -0.018178977 0.99789047 -0.062322884 -5.2505627 -0.99960175 -0.016793643 0.022680575 -40.644237
0.020273988 0.05715192 0.99815958 153.61462 -0.013921948 0.99828416 -0.056876278 -5.3241879 -0.99969757 -0.012743216 0.021034866 -40.623319
0.017353872 0.054904122 0.99834077 154.36956 -0.012248553 0.99842792 -0.054696 -5.3731426 -0.99977442 -0.011279042 0.017999085 -40.606327
0.014553242 0.054891356 0.99838623 155.10897 -0.012429349 0.9984248 -0.054712295 -5.4275395 -0.99981688 -0.011613049 0.01521258 -40.592066
0.010679552 0.054950312 0.99843193 155.85631 -0.013148883 0.99841031 -0.054808475 -5.4830789 -0.99985656 -0.012542934 0.011385109 -40.582085
0.0061215524 0.053283483 0.99856062 156.60611 -0.012137646 0.99850977 -0.05320636 -5.5416035 -0.99990764 -0.011794469 0.0067591644 -40.573745
0.00095813346 0.053629786 0.99856039 157.34646 -0.014926879 0.9984504 -0.053609554 -5.5916017 -0.99988817 -0.014854024 0.0017571725 -40.56797
-0.0051205326 0.052019252 0.99863291 158.08203 -0.014195245 0.99854164 -0.052087283 -5.6428302 -0.99988617 -0.014442553 -0.0043746405 -40.565481
-0.010672357 0.04891621 0.99874582 158.82734 -0.011564744 0.99872991 -0.049039007 -5.6949847 -0.99987621 -0.012073601 -0.0100931 -40.575879
-0.015952964 0.048863754 0.998678 159.56186 -0.012175831 0.9987216 -0.049060383 -5.7458723 -0.99979865 -0.012942393 -0.015337614 -40.583762
-0.021525541 0.050193423 0.99850748 160.28454 -0.013570212 0.99863226 -0.050492237 -5.7954639 -0.99967624 -0.01463683 -0.020814965 -40.594078
-0.025687466 0.052512904 0.99828977 161.00364 -0.016662143 0.99845812 -0.052950499 -5.8512786 -0.9995312 -0.017993811 -0.024772883 -40.606161
-0.028097605 0.054484395 0.99811918 161.72294 -0.015200541 0.9983747 -0.054926245 -5.9050668 -0.99948965 -0.016715247 -0.027223747 -40.622586
-0.029814104 0.056134222 0.99797795 162.42896 -0.013711601 0.99830492 -0.056562239 -5.9587868 -0.99946145 -0.015370228 -0.028993878 -40.642547
-0.029003334 0.054620564 0.99808583 163.14932 -0.010845098 0.99842996 -0.054954543 -6.0116367 -0.99952052 -0.012418203 -0.028365433 -40.66636
-0.025109043 0.050613519 0.99840259 163.86634 -0.0040287075 0.99870427 -0.05073013 -6.0559266 -0.99967664 -0.0052960563 -0.024872603 -40.683342
-0.017777101 0.050137911 0.99858404 164.56814 -0.0033133905 0.99873347 -0.050204398 -6.1141067 -0.99983653 -0.0042011868 -0.017588461 -40.689842
-0.0072045637 0.051118766 0.99866655 165.2656 -0.002059072 0.99868964 -0.051134801 -6.1671011 -0.99997197 -0.0024247294 -0.0070898675 -40.68923
0.0069722417 0.05163686 0.99864155 165.95301 -0.00049173482 0.99866592 -0.051634685 -6.2179419 -0.99997561 -0.00013105648 0.0069883303 -40.675235
0.022225361 0.049488865 0.99852732 166.64334 -0.0013115179 0.99877465 -0.04947193 -6.2628704 -0.99975217 -0.0002100541 0.022263031 -40.650962
0.03819971 0.044574967 0.9982754 167.34207 -0.0056389955 0.9989983 -0.044391464 -6.308432 -0.99925426 -0.0039335287 0.038412801 -40.603636
0.05453896 0.037978504 0.99778908 168.007 -0.0082596222 0.99925937 -0.037582997 -6.3503651 -0.99847752 -0.0061916226 0.054812253 -40.553921
0.071904422 0.030647079 0.99694053 168.68856 -0.0072852993 0.9995173 -0.030200837 -6.3855951 -0.99738496 -0.0050914357 0.072092985 -40.49547
0.089335979 0.023034209 0.99573512 169.37714 -0.0076011387 0.9997192 -0.022444407 -6.4209131 -0.99597258 -0.0055636269 0.089485978 -40.417795
0.10712495 0.016824584 0.99410316 170.02931 -0.0094648256 0.99982876 -0.015901552 -6.4527207 -0.99420056 -0.0077055594 0.10726585 -40.332605
0.12483798 0.014294832 0.99207412 170.69622 -0.0098460396 0.99986482 -0.013168108 -6.4819928 -0.99212833 -0.0081241203 0.12496185 -40.236452
0.14285885 0.013339363 0.98965313 171.3302 -0.0085696778 0.99988836 -0.012240267 -6.5009015 -0.98970601 -0.0067323773 0.14295722 -40.13379
0.16057055 0.012869503 0.98694042 171.96444 -0.010557105 0.99988019 -0.011320643 -6.5249892 -0.98696795 -0.0086014709 0.16068718 -40.014382
0.1769724 0.012276876 0.9841392 172.61181 -0.01512697 0.99983802 -0.0097525131 -6.5385615 -0.9840996 -0.013161118 0.17712945 -39.882661
0.1912951 0.0089724379 0.98149152 173.23149 -0.019225608 0.99980063 -0.0053926945 -6.5619622 -0.9813443 -0.017838175 0.19142946 -39.738062
0.20346694 0.0046666945 0.97907065 173.85778 -0.015302941 0.99988165 -0.0015856865 -6.5795705 -0.97896226 -0.014660025 0.20351428 -39.602763
0.2140721 0.0029322336 0.97681342 174.48706 -0.011911344 0.99992898 -0.00039120926 -6.599454 -0.97674528 -0.011551413 0.21409182 -39.462808
0.22405994 0.0064323601 0.9745541 175.08165 -0.015898792 0.99986927 -0.0029441531 -6.6159393 -0.97444572 -0.014834565 0.22413291 -39.305051
0.23311385 0.013596214 0.97235436 175.69384 -0.019776381 0.99976175 -0.0092382225 -6.6370613 -0.97224838 -0.017076092 0.2333272 -39.146777
0.24210837 0.023790133 0.96995747 176.26399 -0.021242394 0.99958969 -0.019214667 -6.6565348 -0.97001669 -0.015952187 0.24251439 -38.99019
0.25036277 0.030655965 0.96766658 176.8498 -0.017763157 0.99947576 -0.027067856 -6.6743099 -0.96798917 -0.01041203 0.25077607 -38.836063
0.25660489 0.029018491 0.96608063 177.46311 -0.01645417 0.99953549 -0.025652921 -6.6899227 -0.96637636 -0.0093133888 0.25696317 -38.67323
0.26274615 0.021705809 0.96462077 178.06007 -0.01820353 0.9996805 -0.01753639 -6.7074263 -0.9646933 -0.012951884 0.26305733 -38.494136
0.26707017 0.010755727 0.96361702 178.66358 -0.021977015 0.99974563 -0.005067974 -6.7325224 -0.9634265 -0.01982392 0.26723862 -38.31197
0.26914228 0.0014987086 0.96309922 179.28231 -0.020931717 0.99977169 0.0042936839 -6.758104 -0.96287298 -0.021314932 0.2691122 -38.135256
0.27016174 0.00061103393 0.96281472 179.87902 -0.01793161 0.99982955 0.0043970092 -6.7761185 -0.962648 -0.018452721 0.27012664 -37.965889
0.27140975 0.0037820373 0.96245642 180.49286 -0.016085666 0.99987043 0.00060705048 -6.7785629 -0.96232951 -0.015646512 0.27143542 -37.798833
0.27310569 0.0035654112 0.96197739 181.08768 -0.013208409 0.99991276 4.3859404e-05 -6.7903632 -0.96189339 -0.012718169 0.27312896 -37.62526
0.27462983 0.0013175516 0.96154909 181.69943 -0.013901571 0.99989999 0.0026003524 -6.789837 -0.96144957 -0.014081177 0.27462068 -37.447444
0.27721973 -0.0026783692 0.96080277 182.31912 -0.014362593 0.99987283 0.0069313111 -6.8064413 -0.96069923 -0.015721115 0.27714601 -37.264165
0.28048862 -0.0084734594 0.95981991 182.93801 -0.012671008 0.99984121 0.012529629 -6.8181027 -0.95977375 -0.015676303 0.28033672 -37.078842
0.28452333 -0.011251495 0.95860305 183.56047 -0.011725379 0.99981549 0.015215435 -6.8230817 -0.95859745 -0.01556913 0.2843389 -36.891064
0.29069511 -0.012884011 0.95672895 184.15986 -0.010606236 0.99980451 0.016686725 -6.8191154 -0.95675699 -0.014998042 0.29050163 -36.698641
0.29844021 -0.016188963 0.95429098 184.79144 -0.0087370889 0.9997679 0.019692845 -6.8229355 -0.95438838 -0.014214861 0.29822949 -36.502865
0.30823583 -0.01855503 0.95112897 185.40405 -0.0056632709 0.99975626 0.021338989 -6.8260665 -0.95129316 -0.011963941 0.30805561 -36.296127
0.31916705 -0.016359248 0.94755723 186.02731 -0.007523645 0.99977575 0.019794983 -6.8295983 -0.94766865 -0.01344699 0.31897239 -36.075949
0.33077336 -0.01279351 0.94362346 186.63826 -0.0081200238 0.99983251 0.016401939 -6.8308278 -0.94367533 -0.013087569 0.33061408 -35.842272
0.34219262 -0.0093064753 0.9395837 187.24129 -0.0095865937 0.99986433 0.013394948 -6.8271318 -0.93958096 -0.013591059 0.34205698 -35.608659
0.35378625 -0.0084646918 0.93528796 187.87602 -0.009327811 0.99987739 0.012577629 -6.8289396 -0.93527983 -0.013173981 0.35366391 -35.365016
0.36519342 -0.011562108 0.93085982 188.4911 -0.0083736737 0.99984162 0.015704069 -6.8315099 -0.93089404 -0.013529739 0.36503876 -35.104829
0.37620867 -0.013518826 0.92643629 189.10544 -0.0081218366 0.99980702 0.017887601 -6.829746 -0.9264994 -0.014253834 0.37602627 -34.843119
0.38750867 -0.013256844 0.9217707 189.7427 -0.011809798 0.99974315 0.019343029 -6.8354499 -0.92179045 -0.018381517 0.38725258 -34.567812
0.39722511 -0.015109004 0.91759678 190.34813 -0.013547955 0.99965896 0.022325099 -6.8256489 -0.91762124 -0.021299649 0.39688495 -34.279066
0.40428605 -0.014051729 0.91452461 190.98883 -0.017470527 0.99958092 0.023081861 -6.8251998 -0.91446577 -0.025308901 0.40387113 -33.983146
0.40861743 -0.016307747 0.91256002 191.63172 -0.017985668 0.99950234 0.025914886 -6.8193885 -0.91252857 -0.027002275 0.40812077 -33.688599
0.41026741 -0.021114052 0.91172078 192.27311 -0.013452666 0.99948306 0.029200088 -6.8115873 -0.91186608 -0.024244919 0.40977128 -33.400002
0.41104136 -0.019024013 0.91141814 192.92918 -0.01179431 0.99958757 0.026183499 -6.8095015 -0.91154044 -0.021512049 0.41064746 -33.103018
0.40997578 -0.019686221 0.9118839 193.59245 -0.0082919232 0.99964529 0.025308842 -6.8015238 -0.91205876 -0.017937283 0.40966712 -32.805307
0.40873485 -0.018523419 0.91246514 194.25884 -0.0054100648 0.99972727 0.022718291 -6.7961613 -0.91263718 -0.014222252 0.40852316 -32.518779
0.40895261 -0.019748087 0.91234188 194.92589 -0.0025431071 0.99973727 0.022779738 -6.7890721 -0.91255212 -0.011636016 0.40879495 -32.21286
0.40776229 -0.026010458 0.91271754 195.61 0.0015900811 0.9996129 0.027776407 -6.780528 -0.91308677 -0.0098748758 0.4076458 -31.916788
0.4073053 -0.029132 0.91282728 196.29105 0.0022357556 0.99951995 0.030901114 -6.7762588 -0.91328936 -0.010545328 0.4071749 -31.605993
0.40570409 -0.031446484 0.91346332 196.97987 0.0030334708 0.99944879 0.033059301 -6.7634 -0.91399949 -0.010641329 0.40557585 -31.299383
0.40362157 -0.031674638 0.91437753 197.6645 0.0018323008 0.99942653 0.033811982 -6.7580535 -0.91492423 -0.01197183 0.40344814 -30.994769
0.40237448 -0.03180911 0.91492234 198.34905 0.000353668 0.9994015 0.034590658 -6.7435673 -0.91547514 -0.013594819 0.40214491 -30.683267
0.39986554 -0.030936482 0.91605154 199.04023 -0.00013845062 0.99942818 0.033812675 -6.7368132 -0.91657384 -0.013647351 0.3996326 -30.387643
0.3994708 -0.028026399 0.91631738 199.72196 0.0010319546 0.99954569 0.03012213 -6.7331412 -0.91674538 -0.011087313 0.39931824 -30.081948
0.39879093 -0.022012672 0.9167776 200.41125 -0.00025429815 0.99970917 0.024114553 -6.7344913 -0.91704187 -0.0098497992 0.39866935 -29.781988
0.39733075 -0.018538357 0.91748816 201.08958 -0.0026547687 0.99976853 0.021350561 -6.7228225 -0.91767167 -0.010918953 0.39718957 -29.482477
0.3963884 -0.021341153 0.9178348 201.78659 -0.0030812591 0.99969324 0.024575209 -6.7151921 -0.91807778 -0.012569414 0.39620104 -29.174517
0.39506587 -0.024346825 0.91833007 202.47376 -0.0040534455 0.99959281 0.028245061 -6.7095292 -0.91864389 -0.01488106 0.39480631 -28.870126
0.39220299 -0.023899327 0.91956814 203.1519 -0.0084432747 0.9995268 0.029578552 -6.7098317 -0.91983999 -0.019364963 0.3918156 -28.57765
0.38807603 -0.024008486 0.92131456 203.84458 -0.011059985 0.99946734 0.030703751 -6.7041837 -0.92156104 -0.022105115 0.38760378 -28.276313
0.38092281 -0.02480848 0.92427392 204.5303 -0.011701384 0.99943057 0.031648277 -6.6981299 -0.92453284 -0.022870834 0.3804156 -27.998885
0.37241961 -0.025112962 0.92772458 205.22495 -0.01130062 0.99943701 0.031590621 -6.6876479 -0.92799569 -0.02224883 0.37192614 -27.714809
