1.000000000000000000e+00 -3.306050084167601550e-19 -2.270457535318767223e-19 -8.673617379884035472e-19 7.546676715296109287e-19 1.000000000000000000e+00 6.237773588823049983e-19 1.387778780781445676e-17 -3.447385680526250622e-20 4.770700176052009879e-20 1.000000000000000222e+00 5.551115123125782702e-17
9.999022532030755750e-01 9.379290093349611874e-04 1.394919053556590259e-02 -5.116519872184188689e-02 -9.073868210946458776e-04 9.999971662328831501e-01 -2.196295294431510007e-03 1.179038277444502403e-02 -1.395121331481829000e-02 2.183416601340426762e-03 9.999003089575961845e-01 1.138096578111252588e-01
9.992737295055021951e-01 4.630474607476996532e-03 3.782173198686200610e-02 3.774131775323405491e-02 -4.637504720469559638e-03 9.999892311337439388e-01 9.821571627770639857e-05 3.335251766077296232e-04 -3.782087112100507298e-02 -2.735278060788721879e-04 9.992844145629331543e-01 2.761036648675002647e-01
9.980494540030194761e-01 5.342290761203815665e-03 6.219793574557270360e-02 6.890874219204951023e-02 -5.411604152208935106e-03 9.999848776335411582e-01 9.459877197216019990e-04 -9.405102118831831781e-03 -6.219194512386817808e-02 -1.280770999797676158e-03 9.980632926653500991e-01 4.173320091162098233e-01
9.952855028549184579e-01 5.211505550182799450e-03 9.686617556681925700e-02 1.202380800374039382e-01 -5.481350986278500995e-03 9.999817820079941466e-01 2.520369416980469852e-03 1.106333794772348944e-02 -9.685128682368472630e-02 -3.039334295137827244e-03 9.952959289623135586e-01 5.855093331522804867e-01
9.909023980681446186e-01 5.910284367374063919e-04 1.345928385397217319e-01 1.822867377905648123e-01 -1.363562491087174202e-03 9.999831247915826893e-01 5.647042287755240329e-03 -1.245715251135595669e-02 -1.345872535469154196e-01 -5.779146076510174694e-03 9.908864230936420547e-01 8.111324391165783965e-01
9.848611142024841225e-01 -1.601978399656553073e-03 1.733299591098877712e-01 2.657446284085778210e-01 5.347878972478707291e-04 9.999806120639818108e-01 6.204481156198060968e-03 -7.555421414684321268e-04 -1.733365544143781189e-01 -6.017845339186488757e-03 9.848428745636123027e-01 9.796530747136411588e-01
9.761137925225832346e-01 -1.598270133161507371e-03 2.172481393262876426e-01 3.546868407258108591e-01 7.821229196871351812e-05 9.999754860801693956e-01 7.006492523679875087e-03 -1.758792957882825136e-02 -2.172540172362033284e-01 -6.822088214425217623e-03 9.760899744985965798e-01 1.186209334086110623e+00
9.639485587285309132e-01 -1.891895452628877946e-03 2.661520610987764268e-01 4.614084850820407979e-01 -6.981813574360062240e-04 9.999532878783229384e-01 9.636807816850534100e-03 2.285818357399271861e-03 -2.661578862144662883e-01 -9.475050683593153056e-03 9.639022062228888021e-01 1.395873322571558717e+00
9.500113935205558580e-01 -6.597894561962748886e-03 3.121353157256979149e-01 5.926446038810476713e-01 1.136011415461341684e-03 9.998431349165622928e-01 1.767683563070258923e-02 -5.046108946207064627e-03 -3.122029803391470626e-01 -1.643858084599648592e-02 9.498698358435827549e-01 1.642321155090948226e+00
9.328759017756953487e-01 -1.571155040252699212e-02 3.597602213296364759e-01 7.250207150469992756e-01 7.219737527509470509e-03 9.996631093928529666e-01 2.493219878855676072e-02 -1.604469634177864423e-02 -3.600307609433660572e-01 -2.066024170289327069e-02 9.326750982522284961e-01 1.830632703842437703e+00
9.119619470612924106e-01 -2.113634955489632206e-02 4.097075022969391411e-01 8.923427182954966064e-01 9.372456230136038194e-03 9.994847907876004411e-01 3.069308066533322707e-02 -1.591021793287707153e-02 -4.101452106965489119e-01 -2.415105578576427769e-02 9.116901282437892551e-01 2.080238891220353992e+00
8.871044786939121796e-01 -2.373026651226777320e-02 4.609521696496396981e-01 1.067197365563449241e+00 8.692018384531166597e-03 9.993592802464775771e-01 3.471860800461668006e-02 -9.752663956483650920e-03 -4.614807443213987392e-01 -2.679248674574781844e-02 8.867423558285922880e-01 2.316914676471255596e+00
8.582754643794309191e-01 -2.514580454087555345e-02 5.125253841669562549e-01 1.256371869007050668e+00 6.071970318755407804e-03 9.992265083599871645e-01 3.884063066790451740e-02 5.816041999394991335e-03 -5.131059630040778474e-01 -3.022213467470356851e-02 8.577642549827501073e-01 2.536402750292769515e+00
8.266167526033755264e-01 -3.062076833941449958e-02 5.618875454333134289e-01 1.481629243478561397e+00 7.365865844496268140e-03 9.990218247730306977e-01 4.360650840088931002e-02 1.278741071549681363e-02 -5.626729277158382114e-01 -3.190879771644326152e-02 8.260336666955545581e-01 2.771112593110459876e+00
7.903582550790566597e-01 -3.601641870880086665e-02 6.116658629295265159e-01 1.712042575439815417e+00 9.397405195831855240e-03 9.988657597273502553e-01 4.668201938083024749e-02 1.795517489337228323e-02 -6.126534330042701093e-01 -3.114914205168019951e-02 7.898002404693195144e-01 2.983378649597617560e+00
7.530984309932364784e-01 -4.033918154335562611e-02 6.566259414650611470e-01 1.976627614956603329e+00 1.022038333536407460e-02 9.987154964229124632e-01 4.962406396318191915e-02 2.917762507813306122e-02 -6.577842884022431225e-01 -3.066199085522784001e-02 7.525431721169324462e-01 3.188575829427115149e+00
7.128253117353813284e-01 -4.372605574811871954e-02 7.000182227399058821e-01 2.264977283745071901e+00 1.107142535057003066e-02 9.986317169777388925e-01 5.110502024775340213e-02 3.987801800505058614e-02 -7.012954019951653795e-01 -2.867706221870519601e-02 7.123341414071191480e-01 3.425298848197272594e+00
6.711602306138170215e-01 -4.577766007843966922e-02 7.398982115749771493e-01 2.566385491600491786e+00 1.084876650985001217e-02 9.985910011345496828e-01 5.194798971917445607e-02 5.238825622661891918e-02 -7.412338768457349403e-01 -2.683623013019656445e-02 6.707114528829811739e-01 3.614231262900476693e+00
6.290723817239985971e-01 -4.548391673398310964e-02 7.759411738320041163e-01 2.910664331818195283e+00 5.666880753849856678e-03 9.985287638364774843e-01 5.392246726376952182e-02 8.128454222413671049e-02 -7.772520142828828194e-01 -2.952686123778134122e-02 6.284042608192239587e-01 3.854565940451346151e+00
5.866553372751046602e-01 -4.690927780763353566e-02 8.084226477167730796e-01 3.241266849904193226e+00 3.098690573979502681e-03 9.984435636523464330e-01 5.568534288789712267e-02 9.706381626473969959e-02 -8.097766822095640027e-01 -3.016051485379125235e-02 5.858877514468164849e-01 4.053141759378220854e+00
5.475312200247656191e-01 -4.814967238706803487e-02 8.354293555620796452e-01 3.632501797551733524e+00 9.448333979534122599e-04 9.983780281625473929e-01 5.691785216370605360e-02 1.204294770542311127e-01 -8.368154486647402246e-01 -3.037067754771794609e-02 5.466887132384684600e-01 4.258908711895028176e+00
5.083401154794197074e-01 -5.087087606251063099e-02 8.596599848812239708e-01 4.047392491460560571e+00 3.617246878516543326e-04 9.982660764848736434e-01 5.887226935585775783e-02 1.338070760217699717e-01 -8.611641264802297746e-01 -2.961736729139860871e-02 5.074773127125258299e-01 4.468518908891537578e+00
4.708506937440124496e-01 -5.174361162995767122e-02 8.805574413193355543e-01 4.469586817910407461e+00 -2.658151475109121840e-03 9.981904644670047677e-01 6.007665858797003183e-02 1.560876887528558632e-01 -8.820727994242314463e-01 -3.062206242590505625e-02 4.698615178944821613e-01 4.667271457723951578e+00
4.348764944297191515e-01 -5.059232646383882842e-02 8.989583991937780683e-01 4.945125451666353200e+00 -3.540080591342316396e-03 9.983170145157050923e-01 5.788892858438798861e-02 1.806263401460775908e-01 -9.003733139585855527e-01 -2.836937396377864351e-02 4.339650231972150829e-01 4.845609120310142792e+00
4.004350233751221011e-01 -4.917191169119743133e-02 9.148979700550268213e-01 5.444611710146181061e+00 -2.573812559498857375e-03 9.984949181146005603e-01 5.478839743992972022e-02 2.022906937691515694e-01 -9.162147663429769384e-01 -2.429442099959017859e-02 3.997058095192648763e-01 5.034434179158104428e+00
3.715224651623962315e-01 -4.738363077712038490e-02 9.270872666814551355e-01 5.958918045275849451e+00 -6.021549896435340410e-04 9.986845984189661740e-01 5.127617048466436012e-02 2.262854887363751621e-01 -9.282965834585169551e-01 -1.962173391370475653e-02 3.710047381859871152e-01 5.220950645785541688e+00
3.464234703000015347e-01 -4.562857520996672217e-02 9.370597175172791227e-01 6.504887697747860464e+00 1.273171229448737921e-04 9.988184247151442596e-01 4.858419603257000535e-02 2.544584339114031590e-01 -9.381706021281714936e-01 -1.669381296376965668e-02 3.460202607561098098e-01 5.404892258437539176e+00
3.253198744996004810e-01 -4.391985404551312228e-02 9.446831336827117287e-01 7.090466941539918189e+00 1.369745153730534066e-03 9.989411996544448336e-01 4.598571367182297670e-02 2.799959627054522393e-01 -9.457032746798956779e-01 -1.365481737375603619e-02 3.250361334398726432e-01 5.593909238625714764e+00
3.111868030956993492e-01 -4.542610174113741184e-02 9.493070539039230038e-01 7.682668472646729363e+00 2.995842566168413230e-03 9.988986264548486149e-01 4.682124571720959472e-02 3.079626002269978402e-01 -9.503890122909448568e-01 -1.171603918256987689e-02 3.109805446849867594e-01 5.783242968651289395e+00
2.980669871352119027e-01 -4.746036650324137601e-02 9.533269669887364239e-01 8.302560052480099984e+00 2.700892514395624496e-03 9.988010192828850053e-01 4.887361912019940607e-02 3.316118441072393175e-01 -9.545040045317493282e-01 -1.198660366972457460e-02 2.978378732701660869e-01 5.967982728657327485e+00
2.888696276892500636e-01 -4.990793426949893113e-02 9.562301787635673067e-01 8.950642867734913466e+00 1.829412165327518481e-03 9.986669566233148387e-01 5.158568298140740749e-02 3.582548628455326511e-01 -9.575306012994767579e-01 -1.314543507298635873e-02 2.885762820891075164e-01 6.160621834108648720e+00
2.767757145850610612e-01 -5.000338736543426948e-02 9.596267459090879193e-01 9.633753499598110892e+00 2.852973713563602704e-04 9.986490718064692240e-01 5.196066541056244825e-02 3.884826841794970509e-01 -9.609290971377660862e-01 -1.409941883456682782e-02 2.764164428088329850e-01 6.352276845549519990e+00
2.662603181620029624e-01 -5.241620868422233737e-02 9.625329386584939861e-01 1.033032204227042428e+01 -4.477553285864516522e-04 9.985135318002573701e-01 5.450606100945012272e-02 4.192871579639783075e-01 -9.639591028491087954e-01 -1.494674049495385570e-02 2.658410327453354927e-01 6.549500315027007247e+00
2.586376359444649276e-01 -5.367704393896557957e-02 9.645314664346894551e-01 1.105951381155072966e+01 -1.228829469214128998e-03 9.984361951997371420e-01 5.588319795865009237e-02 4.485834684055349242e-01 -9.660229671784199557e-01 -1.564003410530235075e-02 2.581667785016414918e-01 6.748250692235983728e+00
2.479943188700285961e-01 -5.615976692861703728e-02 9.671272618669857213e-01 1.179926622971643368e+01 -2.296127155925850160e-03 9.982815044896206080e-01 5.855890617230166684e-02 4.862472493359899506e-01 -9.687537762770959127e-01 -1.674586106605732358e-02 2.474391648720098424e-01 6.932102375972127639e+00
2.349795059861534419e-01 -5.685570326888186865e-02 9.702989687262527640e-01 1.257784622757645998e+01 -1.991534843853528820e-03 9.982575176859926902e-01 5.898455496006129589e-02 5.214782880518115116e-01 -9.719612833871297264e-01 -1.579962567897797571e-02 2.344569310340460511e-01 7.141045212736870873e+00
2.253794175144764322e-01 -6.003369158075502754e-02 9.723272766082912133e-01 1.334434512415594298e+01 -3.719643457479782696e-03 9.980390439524879920e-01 6.250061546525595424e-02 5.541150908934691088e-01 -9.741720868536728473e-01 -1.770810136703060075e-02 2.247146197307743343e-01 7.299550004268298586e+00
2.139085959231100398e-01 -6.389800203349514651e-02 9.747421107838344367e-01 1.413696902636410258e+01 -5.354959222595404196e-03 9.977664600200810696e-01 6.658907060544611012e-02 5.996169523702506998e-01 -9.768199354707070015e-01 -1.946239602977620567e-02 2.130889513867498808e-01 7.484421637866780941e+00
2.023217472144763218e-01 -6.840471996988303771e-02 9.769058435930633166e-01 1.493783111953604070e+01 -5.769170373455876147e-03 9.974573000090118935e-01 7.105072638259427031e-02 6.356220005083010882e-01 -9.792802606256951758e-01 -2.003237817823984995e-02 2.014122916732633828e-01 7.656011234774759089e+00
1.889361970176424987e-01 -7.001814274399555116e-02 9.793760664429580487e-01 1.574225009827158139e+01 -7.988483670429095268e-03 9.973121380976958106e-01 7.285896885218536012e-02 6.775128700046472163e-01 -9.818431761775782141e-01 -2.160844506019826694e-02 1.878691436129561743e-01 7.814501574711979259e+00
1.754279552157233246e-01 -7.103214721515016539e-02 9.819569410570314627e-01 1.656534775048294250e+01 -7.615504665336945631e-03 9.972662244156473843e-01 7.347991025957921474e-02 7.219978976615800681e-01 -9.844930644763075778e-01 -2.035821149951321657e-02 1.744071511257705709e-01 7.962659431716795133e+00
1.600454580722665276e-01 -7.024109792401284080e-02 9.845514374681033631e-01 1.737739767690264614e+01 -9.547511490463924527e-03 9.973091934738076425e-01 7.269351290601538951e-02 7.679493163733767114e-01 -9.870061600869450835e-01 -2.106169467121446481e-02 1.589430583957899268e-01 8.088146630301002560e+00
1.457859928557831697e-01 -6.948973317295170649e-02 9.869372003573851915e-01 1.820840214344100261e+01 -1.013097223940463698e-02 9.973725483553207427e-01 7.171907038132688261e-02 8.101803863134814376e-01 -9.893293906018956196e-01 -2.043554529864664154e-02 1.446993936214691634e-01 8.209878938911565172e+00
1.226077598816470438e-01 -6.854255104816167621e-02 9.901076958957262253e-01 1.902635801988953546e+01 -1.302555385343186732e-02 9.974149329751860193e-01 7.064824235175212741e-02 8.531466273447263493e-01 -9.923924390470258983e-01 -2.153765868627445512e-02 1.213982616090331090e-01 8.318792338355159188e+00
9.855100052686191492e-02 -6.695221354433317229e-02 9.928611428078157886e-01 1.986977062815767070e+01 -1.644184411406945587e-02 9.974879809702468236e-01 6.891717457497581467e-02 8.946440606143223340e-01 -9.949809584363190629e-01 -2.311950228828812265e-02 9.720315116661817911e-02 8.399947159010606512e+00
6.832639431429378407e-02 -6.648768365781666800e-02 9.954433793998895830e-01 2.071428374132509376e+01 -1.991504764643492117e-02 9.974869157584064228e-01 6.799398416527545341e-02 9.360926674815995829e-01 -9.974631208209129296e-01 -2.446385593215880117e-02 6.683080680580937016e-02 8.450491964785285859e+00
3.502851719951704385e-02 -6.623534984152730509e-02 9.971908029122890094e-01 2.157025750427691335e+01 -2.293903847391287956e-02 9.974858732944316131e-01 6.703182967139190152e-02 9.782085673083847910e-01 -9.991233681373505870e-01 -2.522654681655800077e-02 3.342033461181398435e-02 8.475069933979280989e+00
1.320012953028021699e-03 -6.596003770096414698e-02 9.978205292108353053e-01 2.242476427626383639e+01 -2.589466564785007294e-02 9.974847581810788455e-01 6.598321876673778064e-02 1.015577281066787352e+00 -9.996644807413845868e-01 -2.590621257767521113e-02 -3.906620805509213555e-04 8.475566633426799612e+00
-3.496499746855293717e-02 -6.504287074883467745e-02 9.972868182100915746e-01 2.329680565339686993e+01 -2.619033487012192157e-02 9.975969337082517541e-01 6.415263418341042578e-02 1.051490240456985914e+00 -9.990621985282288620e-01 -2.388939316687146638e-02 -3.658459620426024461e-02 8.433747118191210035e+00
-6.622127094541210846e-02 -6.254953212435630794e-02 9.958428799453010738e-01 2.413827862447801920e+01 -3.008925250883010688e-02 9.977048706291465896e-01 6.066173154705517545e-02 1.082533951773841929e+00 -9.973507517698100289e-01 -2.596113523666340045e-02 -6.795154823968076185e-02 8.378267856593321739e+00
-9.856245868813554023e-02 -5.992890463417746560e-02 9.933218799960021883e-01 2.499075791868337504e+01 -3.220536832163520963e-02 9.978545717120638203e-01 5.699935049130038650e-02 1.121968967969906528e+00 -9.946059199226435776e-01 -2.638730922327694670e-02 -1.002814115464006478e-01 8.287633487589719294e+00
-1.317932871554387542e-01 -5.583972171458047307e-02 9.897047060432840881e-01 2.586458090862207015e+01 -2.827774856880277410e-02 9.982170256230019634e-01 5.257396266618445668e-02 1.153666152704136749e+00 -9.908769216684909509e-01 -2.103912012103377818e-02 -1.331368510602602973e-01 8.164161517291340431e+00
-1.641204723602623650e-01 -5.003570882774772965e-02 9.852597806618001997e-01 2.669086382147976266e+01 -2.492462997620532167e-02 9.986043023045789724e-01 4.658455261206560089e-02 1.174431869153910624e+00 -9.862146918295842113e-01 -1.693376879049490746e-02 -1.651385255743901270e-01 8.010458338264816902e+00
-1.944618236647552845e-01 -4.368174292105240358e-02 9.799505411285653889e-01 2.753734127123082942e+01 -1.925146599641542125e-02 9.989853515739284262e-01 4.072207486306615720e-02 1.194187286551592120e+00 -9.807350906768740328e-01 -1.094763590192778663e-02 -1.951052847393884848e-01 7.826845375152595707e+00
-2.216144610111524804e-01 -3.816983543658054173e-02 9.743130806277136013e-01 2.837132033361218220e+01 -1.287482276934891375e-02 9.992612847323244507e-01 3.619683561356022705e-02 1.209098202677270528e+00 -9.749749300447770883e-01 -4.523896457477759141e-03 -2.219424833824649446e-01 7.627774063014901351e+00
-2.481498044995316954e-01 -3.268250134792699546e-02 9.681949731504435608e-01 2.920138390644001802e+01 -4.607714214453810346e-03 9.994594953423406869e-01 3.255691341490847546e-02 1.219453257714296468e+00 -9.687352548429771781e-01 3.602580079538974123e-03 -2.481664548017399607e-01 7.391764059256276553e+00
-2.784383269468438393e-01 -2.235218327108006928e-02 9.603537287242600584e-01 3.002786133779512667e+01 1.969136897131418002e-03 9.997139518725095542e-01 2.384489603277109571e-02 1.220243032285330154e+00 -9.606116959125114985e-01 8.514632116363671580e-03 -2.783147963829562532e-01 7.147933544721108312e+00
-3.014884797113601689e-01 -6.240675186169757777e-03 9.534959980186329398e-01 3.082399851809626057e+01 6.078503605728832401e-03 9.999456763305627494e-01 8.468862628616723523e-03 1.212872539909985337e+00 -9.534970603132600919e-01 8.350997119442708089e-03 -3.014340254327554369e-01 6.878877047133027389e+00
-3.232635921911166665e-01 1.073062646416268924e-02 9.461181198512516044e-01 3.161947670505126951e+01 6.772456641612258597e-03 9.999362688245905240e-01 -9.032019214801520826e-03 1.194446962401930712e+00 -9.461547672618453309e-01 3.492697580552876074e-03 -3.233157191978658918e-01 6.600545084491676207e+00
-3.490492337312139370e-01 2.574968249133832363e-02 9.365932575927514714e-01 3.241033009894868400e+01 6.728786584202504570e-03 9.996654655275861723e-01 -2.497681628844848623e-02 1.177040073505672746e+00 -9.369231212657407326e-01 -2.415365802781471120e-03 -3.491057189675452754e-01 6.301548647954129834e+00
-3.719608146024976914e-01 3.709029324328464577e-02 9.273018791199746369e-01 3.319817548327048229e+01 1.028806228105581116e-02 9.993044175462483247e-01 -3.584676303744428749e-02 1.139620172572776369e+00 -9.279865830354692147e-01 -3.800194043277724514e-03 -3.720834632400000230e-01 5.986829857576823954e+00
-3.986070850395794785e-01 4.113095086014253304e-02 9.163620679309164574e-01 3.397994903680517353e+01 1.382805283364271082e-02 9.991500243953929106e-01 -3.883383535062182035e-02 1.090353789765397208e+00 -9.171801892321873595e-01 -2.799861866738578321e-03 -3.988371855525602583e-01 5.653352156062269707e+00
-4.199057594698440421e-01 3.929591162902437707e-02 9.067051976279275616e-01 3.475317820237790301e+01 1.683965869455429989e-02 9.992276257789165506e-01 -3.549238128686017790e-02 1.048377612949497051e+00 -9.074000403220144895e-01 3.519656230975910295e-04 -4.202432682866115710e-01 5.289481676378714248e+00
-4.402962716625627992e-01 3.584518390873096122e-02 8.968425764078291618e-01 3.553328807852920335e+01 2.034300647110209512e-02 9.993443499670042751e-01 -2.995130677461056365e-02 1.002163568686558204e+00 -8.973283344866915812e-01 5.053322580070590368e-03 -4.407365837155894916e-01 4.913072259528489028e+00
-4.593424515330958857e-01 3.431558073366357958e-02 8.872792070729822456e-01 3.627442687820282430e+01 2.753215620763113311e-02 9.993233649423208798e-01 -2.438328389157908352e-02 9.609753421361695302e-01 -8.875157242987613548e-01 1.321894565171601726e-02 -4.599764299478448781e-01 4.510071755423484596e+00
-4.734116231917509521e-01 3.548804907749884135e-02 8.802022538798347506e-01 3.700176789432792646e+01 3.165071071598819091e-02 9.992282236979821430e-01 -2.327231211736084313e-02 9.225776999531275502e-01 -8.803489372262333079e-01 1.683904417099350501e-02 -4.741694738315790913e-01 4.103894258557375885e+00
-4.837654046511122852e-01 3.917328175482503311e-02 8.740057401439408347e-01 3.773119387733149921e+01 3.456021923360383385e-02 9.990735966933598222e-01 -2.563693725098574114e-02 8.824097099166225977e-01 -8.742007330858041492e-01 1.779181929560990846e-02 -4.846711066044729344e-01 3.695085969279508831e+00
-4.941542864677038183e-01 4.030162486715303111e-02 8.683342130393920666e-01 3.843431372518492850e+01 3.614811772002270857e-02 9.990135712639147680e-01 -2.578279714543608991e-02 8.397001889689965637e-01 -8.685168474645379444e-01 1.864640388029435020e-02 -4.951236409325331378e-01 3.298055614261357071e+00
-5.037557222732936824e-01 4.084146001619063521e-02 8.624277978571103231e-01 3.914283936920541862e+01 2.953661109800208989e-02 9.991118416172768413e-01 -3.004498017360571205e-02 7.961256038326696149e-01 -8.628893743158185803e-01 1.032612710276378624e-02 -5.045146114323009190e-01 2.886315469312167536e+00
-5.156415575774525584e-01 3.892910470212725821e-02 8.554883730843088063e-01 3.984578963789399353e+01 2.784862520385947282e-02 9.992007425130402520e-01 -2.866152138269172783e-02 7.645337603582840202e-01 -8.559212355347343149e-01 9.020541177310955824e-03 -5.163133677511393405e-01 2.470685985699595744e+00
-5.236299012898516514e-01 4.058994629550822381e-02 8.508642550090128598e-01 4.054000666348632365e+01 3.047662668138935785e-02 9.991173319130873809e-01 -2.892180076549677806e-02 7.261146061573703347e-01 -8.512875093502391133e-01 1.077782776980950284e-02 -5.244044857532405013e-01 2.040335833242544084e+00
-5.302205841065485981e-01 4.347992303345361853e-02 8.463386561488328574e-01 4.125424161166944970e+01 3.379745116778444525e-02 9.989742864439162817e-01 -3.012551285403447521e-02 6.820874293043809322e-01 -8.467805452799128663e-01 1.262260881556898084e-02 -5.311462351628378764e-01 1.592378009386747673e+00
-5.341065941939947548e-01 4.563107844965527682e-02 8.443865290757375242e-01 4.195337546395001738e+01 3.367566788242899734e-02 9.988983115142635594e-01 -3.268297068021031732e-02 6.497194359275968445e-01 -8.449473111449236074e-01 1.098556711940596939e-02 -5.350549242790395565e-01 1.159063484775124886e+00
-5.327601342093033487e-01 4.828149036691768009e-02 8.452169310745325514e-01 4.268866338697109342e+01 3.339244949018482789e-02 9.987930944721400417e-01 -3.601935449968037689e-02 6.111384907389348919e-01 -8.459359122734886327e-01 9.032201754307555772e-03 -5.337294720082895738e-01 6.978234359474730919e-01
-5.302286200834352980e-01 4.864969621718311793e-02 8.461326288511287208e-01 4.344405344352671250e+01 3.610105504119873882e-02 9.987421750315829128e-01 -3.480392852034259327e-02 5.700403811268316412e-01 -8.467616850726455979e-01 1.208957163551798927e-02 -5.313177770550812085e-01 2.352506894653417502e-01
-5.236007853502180343e-01 4.669841478896835651e-02 8.500908435426077769e-01 4.419708438276273910e+01 3.437775836881409169e-02 9.988414098963279697e-01 -3.366287540217683533e-02 5.259075359306597530e-01 -8.506781660476527840e-01 1.159030648847979468e-02 -5.245995885124795644e-01 -2.114140431540445786e-01
-5.170173449833105339e-01 4.559022536140630577e-02 8.545571374136984311e-01 4.497602369210793682e+01 3.199415819104987901e-02 9.989118727840768930e-01 -3.393198961697197619e-02 4.842084945931834361e-01 -8.551745066371644333e-01 9.786467666194580486e-03 -5.179133762199557012e-01 -6.681313813363327636e-01
-5.104373211849361214e-01 4.522713663470966095e-02 8.582656469274294597e-01 4.576089634340961254e+01 3.016297743801153383e-02 9.989428111883632555e-01 -3.468764789270160215e-02 4.444137737798909416e-01 -8.589275574103411026e-01 8.167011757919053969e-03 -5.112617089136445303e-01 -1.131166183804107828e+00
-5.063037667060624747e-01 4.429622643872168503e-02 8.613739465464121947e-01 4.657045479996171622e+01 2.767946614940885314e-02 9.990004696878418411e-01 -3.508419540521584556e-02 3.984302068391885054e-01 -8.620671032688334012e-01 6.075447367617872220e-03 -5.070239310510846753e-01 -1.575745925881322007e+00
-4.987591114175116136e-01 4.169251655490723019e-02 8.652242614882744709e-01 4.740290387203617684e+01 2.339147540327467592e-02 9.991256497224852984e-01 -3.464176869179780988e-02 3.526970146810917695e-01 -8.659127924329609316e-01 2.944113983755954241e-03 -4.992981846520195277e-01 -2.043368746920235512e+00
-4.988854794688801220e-01 3.791420857750321671e-02 8.658390684111642033e-01 4.823976647273644147e+01 1.790322218670563348e-02 9.992799533142279200e-01 -3.345455097144708206e-02 3.093063179723791745e-01 -8.664843412085739827e-01 -1.193950199289455427e-03 -4.992048247402757211e-01 -2.505151892450988793e+00
-4.989451047795726013e-01 3.571504485169996884e-02 8.659766723898947305e-01 4.910697723504549828e+01 1.508530886773792705e-02 9.993567525844986310e-01 -3.254035949309907333e-02 2.598812087403798987e-01 -8.665819605410333137e-01 -3.169148297833304997e-03 -4.991629006945592639e-01 -2.990455538348419040e+00
-5.014009277587047064e-01 3.443486015587381155e-02 8.651394702875728759e-01 4.997106308194154423e+01 1.348404409680547394e-02 9.993978098449202152e-01 -3.197243047694055262e-02 2.195243945283958942e-01 -8.657193760059446186e-01 -4.349642524815523423e-03 -5.015635644249301084e-01 -3.476824114025700130e+00
-5.013734229649854379e-01 3.380664827466862282e-02 8.646606772079707959e-01 5.085422462318329906e+01 1.382312702990230215e-02 9.994216522966017369e-01 -3.106618998213435401e-02 1.740696977972674420e-01 -8.652111842274540221e-01 -3.632077965166807202e-03 -5.015507174679079139e-01 -3.971525288294621703e+00
-5.013566430991857059e-01 3.326172173530998755e-02 8.647037769886948277e-01 5.175188168518310761e+01 1.392344145174219915e-02 9.994417017326907571e-01 -3.036240556817488417e-02 1.286661669221132454e-01 -8.652312890076864216e-01 -3.192686829860741891e-03 -5.015398630539762426e-01 -4.483679144875939215e+00
-4.999282474436752555e-01 3.129067561454712543e-02 8.656926681325862738e-01 5.265049178007976138e+01 1.352849819074084317e-02 9.995075686437224771e-01 -2.830429111345265925e-02 8.502429183460789852e-02 -8.661521746332797589e-01 -2.437889362424586377e-03 -5.001054215971572070e-01 -4.990934217700915276e+00
-5.013559075774816076e-01 3.206825235373989696e-02 8.649741626272894335e-01 5.355756739634580299e+01 1.324556722887121861e-02 9.994805040374767913e-01 -2.938302160341439706e-02 3.422334165060179206e-02 -8.654669847277630668e-01 -3.268816150040519848e-03 -5.015202134682043011e-01 -5.491215902806132476e+00
-4.999975169133084596e-01 3.144606540992919003e-02 8.654290648524843865e-01 5.449627298587747504e+01 1.180204782501434804e-02 9.994953846626041249e-01 -2.947681612712924060e-02 -1.255102739400679179e-02 -8.659195507996634289e-01 -4.537380076103858170e-03 -5.001162957411627863e-01 -6.016391015764196659e+00
-5.013788314659100021e-01 2.892957554156972214e-02 8.650756592583440652e-01 5.540491892836998744e+01 1.083622477846584928e-02 9.995725194624849319e-01 -2.714971514025983634e-02 -6.086665958346458571e-02 -8.654914174376650005e-01 -4.239045419443876646e-03 -5.014780231329886151e-01 -6.499959561155966625e+00
-4.990104954072945298e-01 2.843416381114345290e-02 8.659356478383053446e-01 5.634138138508029670e+01 9.128729240008853427e-03 9.995782383918859759e-01 -2.757419090604792955e-02 -1.167698296504074973e-01 -8.663544209105490390e-01 -5.852376166878451441e-03 -4.990592984369383034e-01 -7.024519658919706977e+00
-4.975968950238315314e-01 2.597315113174419182e-02 8.666255368594005803e-01 5.725080766834567214e+01 8.093653623864553032e-03 9.996468180262962910e-01 -2.530636064959916956e-02 -1.664831637873199766e-01 -8.669770609802972539e-01 -5.592265195021183140e-03 -4.976312220690083388e-01 -7.540010067032102192e+00
-4.961195991355446533e-01 2.454521212204520408e-02 8.678700890371773280e-01 5.816165974574926878e+01 9.498301554218208445e-03 9.996939179868461478e-01 -2.283781599245672880e-02 -2.173931270493960899e-01 -8.681651160828796066e-01 -3.093444080439981380e-03 -4.962008070600721910e-01 -8.029830951733433864e+00
-4.947014222933434069e-01 2.307380600296658063e-02 8.693687960160577655e-01 5.906717108084364298e+01 9.290616551412250734e-03 9.997310190238092309e-01 -2.125081246003935470e-02 -2.602471595975426322e-01 -8.696249418240112883e-01 -2.418465104043318083e-03 -4.947829324448059785e-01 -8.521944358444585532e+00
-4.908608799772734010e-01 2.218365344191244523e-02 8.711548782507917421e-01 5.999605473144484336e+01 9.634695479064257426e-03 9.997529012555892436e-01 -2.003753269651035313e-02 -3.075792563652828826e-01 -8.713840444630807092e-01 -1.432570299903416318e-03 -4.909533775843918368e-01 -9.048128878884105220e+00
-4.894567229931647279e-01 2.419035769021879098e-02 8.721822359689641591e-01 6.089809766160793458e+01 1.082164670995051925e-02 9.997069421707004411e-01 -2.166414522399707360e-02 -3.550094831194922085e-01 -8.724505029537834577e-01 -1.147874744753855057e-03 -4.895750964396510807e-01 -9.541532328461261869e+00
-4.880656244215717532e-01 2.379138360996900167e-02 8.724846358766525922e-01 6.183826246536091276e+01 1.042067832419544572e-02 9.997162088501564403e-01 -2.141581641694270330e-02 -4.053250186790058884e-01 -8.727466593934101180e-01 -1.369232786320423228e-03 -4.881750268628956557e-01 -1.003125089164561423e+01
-4.871043899227175955e-01 2.465919101549634423e-02 8.729018792329029663e-01 6.271870136965016229e+01 9.226968333891609128e-03 9.996906692181467546e-01 -2.309893998991720265e-02 -4.447364062692915621e-01 -8.732018390639024741e-01 -3.203344529924487434e-03 -4.871810511574592439e-01 -1.051588926713603023e+01
-4.895895836851926197e-01 2.566242455255415833e-02 8.713940819356109646e-01 6.361991482021438316e+01 7.763040045605937994e-03 9.996555271181278846e-01 -2.506620958145299588e-02 -4.968454664868874326e-01 -8.717372793317544888e-01 -5.510870340568866689e-03 -4.896200899611792279e-01 -1.102408105884281220e+01
-4.948870234242475075e-01 2.729014922760044509e-02 8.682778956414064497e-01 6.450658436879967894e+01 6.548469874379425973e-03 9.995953867932123593e-01 -2.767035857968479923e-02 -5.463312503176527279e-01 -8.686820319726703543e-01 -8.020713795758121351e-03 -4.948654907493360011e-01 -1.152028534929437598e+01
-4.990654360421052371e-01 2.467349749039257287e-02 8.660059202191945360e-01 6.539582317064046890e+01 5.497011915496009295e-03 9.996645177943597194e-01 -2.531723733670200246e-02 -5.907452075493462296e-01 -8.663399884736771028e-01 -7.864453733476228087e-03 -4.990336551641958995e-01 -1.201725354547967051e+01
-5.041092477755608758e-01 2.236776051963758685e-02 8.633474234933614655e-01 6.628213497163034162e+01 9.274208722756586282e-03 9.997469863167176563e-01 -2.049886880702969996e-02 -6.429813817925633668e-01 -8.635875483502420957e-01 -2.322238147012977653e-03 -5.041890977177926336e-01 -1.254790793492506396e+01
-5.118495983701881746e-01 2.032946383475734559e-02 8.589004926374378401e-01 6.715666012667190898e+01 5.761696191406587807e-03 9.997785786203443603e-01 -2.022986486213368060e-02 -6.852956515679419214e-01 -8.591219785281034582e-01 -5.421700583000238147e-03 -5.118533309886815763e-01 -1.304811144771959874e+01
-5.146525928331142641e-01 2.252688348472328336e-02 8.567938003081283505e-01 6.803071964222563395e+01 6.959234770700607406e-03 9.997315300109875791e-01 -2.209702748907085845e-02 -7.315977079850197740e-01 -8.570616659332535026e-01 -5.413370795246294845e-03 -5.146712724020249263e-01 -1.356408258445924986e+01
-5.213213218121418580e-01 2.469542179975066712e-02 8.532711142664871629e-01 6.889197359897285367e+01 7.459731382531828957e-03 9.996750148752240328e-01 -2.438669096779497517e-02 -7.748028333242211740e-01 -8.535959289003819395e-01 -6.325475131042318164e-03 -5.213362117360252901e-01 -1.407664042737792798e+01
-5.252312987162686131e-01 2.384657476140245730e-02 8.507476785832747135e-01 6.973569148657995243e+01 5.233309820254791397e-03 9.996790153416759139e-01 -2.478337253155359771e-02 -8.218071809611394718e-01 -8.510656806295227028e-01 -8.565479671827967365e-03 -5.251877202112225085e-01 -1.456217626641764973e+01
-5.280918321092955559e-01 2.534300827273834947e-02 8.483788970538687080e-01 7.059105146566113831e+01 4.860017286223939845e-03 9.996280447330289087e-01 -2.682344227894045002e-02 -8.718436095742490011e-01 -8.487437151609086294e-01 -1.006992539516220024e-02 -5.280182296639859274e-01 -1.509186972197790766e+01
-5.319062664523054318e-01 2.356031853927569031e-02 8.467493559537423442e-01 7.141896615946961901e+01 4.617848847183212389e-03 9.996789029602821675e-01 -2.490637998509671186e-02 -9.152839325101718160e-01 -8.470644930673806305e-01 -9.346660769023833887e-03 -5.318443513860591221e-01 -1.560917865477979660e+01
-5.345279621522605051e-01 1.699458870991251910e-02 8.445785761751947174e-01 7.226041162968522258e+01 6.280992530631458910e-03 9.998498780478158876e-01 -1.614712743783847104e-02 -9.551621139542842975e-01 -8.447264085433905390e-01 -3.335613845406744035e-03 -5.345543201275804179e-01 -1.613020608672135126e+01
-5.372444713999723342e-01 8.997255161347337410e-03 8.434741831873117102e-01 7.310474060367785398e+01 6.429540001781792677e-03 9.999577152403953395e-01 -6.574116944835273028e-03 -9.919486766292714419e-01 -8.434977277270361284e-01 1.904830678308483969e-03 -5.372795485241080859e-01 -1.667703464238790190e+01
-5.396875905831363118e-01 5.456717343593518038e-03 8.421334309441513843e-01 7.393556632922221183e+01 5.894130460060304118e-03 9.999788744136334229e-01 -2.700698145723410409e-03 -1.018768249386585945e+00 -8.421305894022598215e-01 3.501659369164738557e-03 -5.397083933199381400e-01 -1.719419360380623729e+01
-5.397014863505064097e-01 1.135550361564209056e-02 8.415185480192250989e-01 7.474441391711437177e+01 6.876063600151864803e-03 9.999349694210161177e-01 -9.080588864616451900e-03 -1.046488507518944067e+00 -8.415672344555641393e-01 8.757923075392498374e-04 -5.397445294801166416e-01 -1.771357894536005162e+01
-5.411411807249932870e-01 1.713498455124412220e-02 8.412484300771750911e-01 7.555163292330597358e+01 7.987444717982733824e-03 9.998519606731551823e-01 -1.523605991662783238e-02 -1.078460421427843041e+00 -8.413847983972824185e-01 -1.513910485880588406e-03 -5.411981246899830733e-01 -1.824212063657203942e+01
-5.410403344978330642e-01 2.170079021414107051e-02 8.404434243796924386e-01 7.636916505275857503e+01 1.349848895250998701e-02 9.997621375728698023e-01 -1.711813949008362395e-02 -1.112909361069989167e+00 -8.406153561614492231e-01 2.070915629410263054e-03 -5.412044986545654357e-01 -1.876119845529697372e+01
-5.409562421872353699e-01 2.181881226258382961e-02 8.406865756972216053e-01 7.718671838808964480e+01 1.662278805579595758e-02 9.997454040768801731e-01 -1.524908474321927908e-02 -1.151102874308252977e+00 -8.408053865516798009e-01 5.727792468835980234e-03 -5.411813180137596824e-01 -1.930117256188596997e+01
-5.395382834710013009e-01 2.079321714641485866e-02 8.417882443461331965e-01 7.800316791008508233e+01 1.677649290505451446e-02 9.997619617263069358e-01 -1.394435802647594168e-02 -1.181789259708639683e+00 -8.418780794610893903e-01 6.600202641194491925e-03 -5.397586261274676112e-01 -1.982301757874082782e+01
-5.381479919848020099e-01 1.383764470800382188e-02 8.425516940782830089e-01 7.881360467511792933e+01 1.426963935438533247e-02 9.998713829848218104e-01 -7.304483375560677678e-03 -1.203556498328022695e+00 -8.425446052271974295e-01 8.090753109870526746e-03 -5.382763184940687617e-01 -2.032888973629394513e+01
-5.381661146540033247e-01 8.189622299469598993e-03 8.426558311101575161e-01 7.962952601304866107e+01 1.286047949628883053e-02 9.999161928434701085e-01 -1.503933258563901025e-03 -1.226240101465110977e+00 -8.425973760330525142e-01 1.002646317864908619e-02 -5.382264137149793681e-01 -2.083812815985873357e+01
-5.383169194367304344e-01 4.093380069813592603e-04 8.432484078369097968e-01 8.045004319137039772e+01 3.453823749110756462e-03 9.999925589518166014e-01 1.725348020419184385e-03 -1.253229054490848204e+00 -8.432412883311638518e-01 3.836995312582031168e-03 -5.383142784883221399e-01 -2.133606202163962351e+01
-5.360145921958209270e-01 -4.648078727126058081e-03 8.436322026562484977e-01 8.126556941689941027e+01 -5.105901137419944710e-03 9.999843271832125069e-01 2.260077326897849161e-03 -1.265486934853355283e+00 -8.436294633013956545e-01 -3.087047661503463433e-03 -5.360300815907851346e-01 -2.182803743516145545e+01
-5.345704980055240307e-01 -5.215653956335480207e-03 8.446844747332601377e-01 8.207390164446809422e+01 -3.066907328313623910e-03 9.999862993406477552e-01 4.220932506515297743e-03 -1.287185140249544668e+00 -8.446948719915694515e-01 -3.327576306146958103e-04 -5.345793025977886304e-01 -2.233528865587603107e+01
-5.330774129962031482e-01 -7.447323165963429031e-04 8.466341015859643049e-01 8.288122785782429958e+01 2.412765373248160119e-03 9.999941159304862603e-01 2.401153757525679826e-03 -1.319680099064566958e+00 -8.466309333772989998e-01 3.322433095112137420e-03 -5.330726730308714689e-01 -2.283593235636589824e+01
-5.250019667391914169e-01 2.166162923995146143e-03 8.508858127064756749e-01 8.369187468157042531e+01 3.732628570293403635e-03 9.999929381244183624e-01 -2.521246502296687741e-04 -1.331294341816058546e+00 -8.508804387427123528e-01 3.036133145490434258e-03 -5.250064209091528378e-01 -2.334723886407422455e+01
-5.182718585870570438e-01 3.829452755241938115e-03 8.554131397291038219e-01 8.448776256884382008e+01 9.039626901708982046e-03 9.999585680577427471e-01 1.000045267141869143e-03 -1.348835923384520186e+00 -8.553739184052673306e-01 8.246699237046012723e-03 -5.182849746417367287e-01 -2.383327555706799572e+01
-5.115520607473064141e-01 6.648533142255278611e-03 8.598990418760803500e-01 8.529278512327259421e+01 1.481354146417262346e-02 9.998896609178725692e-01 1.074229451640470144e-03 -1.376654376290178616e+00 -8.597970485272341534e-01 1.328190472101526375e-02 -5.115943788876072817e-01 -2.431254621142923966e+01
-5.011355519639465461e-01 4.257536256515891127e-03 8.654938820445774450e-01 8.612251965279170918e+01 1.262260283410993576e-02 9.999174899639624581e-01 2.386838670026397713e-03 -1.396762727763059209e+00 -8.654125268835181073e-01 1.212067812381581108e-02 -5.011478847697303785e-01 -2.478445950433647482e+01
-4.907278678506801217e-01 3.294161749270642370e-03 8.710581566301557332e-01 8.694261646441438529e+01 1.106110660480690358e-02 9.999358659242999492e-01 2.451942035221430730e-03 -1.406651109868754634e+00 -8.709942347763189874e-01 1.084113310958113169e-02 -4.907328529720724752e-01 -2.522765380167339444e+01
-4.789471582334908772e-01 -5.933026324416245485e-04 8.781500476008606837e-01 8.778249923560181855e+01 1.148615675174146679e-02 9.999099983783358292e-01 6.941514503993645620e-03 -1.423206445052432434e+00 -8.780750370974772512e-01 1.340580195538233418e-02 -4.788973389317712215e-01 -2.567975917692948329e+01
-4.671972173570995701e-01 -2.666281377986638897e-03 8.846040376897921220e-01 8.862682710080218840e+01 1.049171184758347468e-02 9.999085036868036180e-01 8.553367780553653918e-03 -1.435513753461284958e+00 -8.845459515841463949e-01 1.326895783512170059e-02 -4.671265373463208692e-01 -2.611348415676304313e+01
-4.568339781489892393e-01 -2.392723790833307940e-03 8.901282517133742855e-01 8.946265623882470663e+01 1.093034795451527583e-02 9.999059516559807292e-01 8.295586768865766819e-03 -1.438520934561931641e+00 -8.900644294882650298e-01 1.350994486671052569e-02 -4.567648651047391817e-01 -2.654186130242939612e+01
-4.413478411023173398e-01 -3.784468323871311747e-03 8.972936062118548328e-01 9.031890323128919817e+01 1.235010589196165222e-02 9.998709086012994574e-01 1.028703035205433443e-02 -1.460049909001325252e+00 -8.972165901484847605e-01 1.562272947249333625e-02 -4.412442233808637759e-01 -2.695748710444369678e+01
