1.0 0.0 0.0 0.0 0.0 1.0 0.0 0.0 0.0 0.0 1.0 0.0
0.9999004 0.013962125 -0.0020686868 0.11376953 -0.013960013 0.999902 0.0010316096 0.055786133 0.002082894 -0.0010026362 0.9999973 -0.012817383
0.9992856 0.037786465 0.0005909674 0.27648926 -0.0377889 0.99927384 0.0048692506 -0.025268555 -0.00040656072 -0.0048881024 0.99998796 -0.002319336
0.99806553 0.06214304 0.0018035701 0.41833496 -0.062152434 0.99805015 0.0057273633 -0.048583984 -0.0014440992 -0.005828379 0.99998194 0.006591797
0.99529946 0.0967858 0.003858807 0.5875244 -0.09680715 0.995288 0.005795809 -0.08850098 -0.0032797996 -0.006142049 0.99997574 -0.014770508
0.99088764 0.1345243 0.0069226054 0.8150635 -0.13453685 0.9909092 0.0013795818 -0.13891602 -0.0066741235 -0.0022984194 0.9999751 0.00793457
0.9848423 0.17328164 0.0075084916 0.9855957 -0.17328197 0.9848707 -0.00061136397 -0.20983887 -0.007500871 -0.0006988474 0.9999716 -0.0052490234
0.9760898 0.21718688 0.008723003 1.1953125 -0.21719177 0.97612756 -0.00039485347 -0.28466797 -0.008600631 -0.00150893 0.9999619 0.009887695
0.96390265 0.2660612 0.011847902 1.4091797 -0.26607442 0.96397173 -0.00047413015 -0.3753662 -0.011547236 -0.0026950869 0.99992967 -0.011230469
0.949864 0.31205925 0.019263575 1.6608887 -0.31202164 0.95005846 -0.0050061196 -0.4921875 -0.019863801 -0.0012556389 0.99980193 -0.0037841797
0.9326506 0.35988936 0.023963982 1.8553467 -0.35964558 0.93294805 -0.013955214 -0.6098633 -0.02738116 0.0043949513 0.99961543 0.007446289
0.9116521 0.40998617 0.027983172 2.1121826 -0.40958 0.91206145 -0.019229505 -0.7614746 -0.033405352 0.0060666464 0.9994233 0.0063476562
0.8866965 0.46129224 0.03119394 2.3572998 -0.46080747 0.88723177 -0.02169512 -0.9199219 -0.037683822 0.0048619825 0.99927783 -0.0013427734
0.8577152 0.51286894 0.035223365 2.5865479 -0.51235515 0.858437 -0.02301355 -1.0924072 -0.042038925 0.0016842214 0.99911404 -0.018432617
0.8259663 0.5624267 0.037503425 2.831787 -0.56171334 0.8268136 -0.028424729 -1.302124 -0.046995528 0.0024125306 0.99889237 -0.02709961
0.78970987 0.612422 0.037370294 3.0559082 -0.61150116 0.7905841 -0.03378687 -1.5168457 -0.05023427 0.0038351286 0.9987303 -0.034423828
0.7524324 0.65755785 0.037479196 3.2731934 -0.6564651 0.7533545 -0.038115963 -1.7672119 -0.053296287 0.004072299 0.9985702 -0.048095703
0.7122028 0.701086 0.036098633 3.5228271 -0.6998673 0.7131041 -0.041541427 -2.04187 -0.054864977 0.0043204576 0.99848425 -0.06213379
0.67056453 0.7410335 0.03484523 3.7250977 -0.7397539 0.6714599 -0.043666214 -2.3305664 -0.055759937 0.0035053808 0.99843824 -0.07800293
0.62826365 0.7769927 0.038099825 3.979126 -0.7757789 0.6294142 -0.04348188 -2.663208 -0.057760403 -0.0022441838 0.99832755 -0.1105957
0.58574164 0.8094919 0.03926761 4.1914062 -0.8082557 0.58703196 -0.04503849 -2.9835205 -0.05951455 -0.0053604823 0.99821305 -0.12976074
0.54653764 0.8365117 0.039946735 4.409546 -0.8352609 0.54793763 -0.046418518 -3.366211 -0.060714863 -0.008001564 0.9981227 -0.15722656
0.5073105 0.8608594 0.03963794 4.6314697 -0.85949415 0.5087754 -0.049295783 -3.7736816 -0.06261202 -0.009053417 0.9979976 -0.17468262
0.46969497 0.8817376 0.041052487 4.842041 -0.88038814 0.47131974 -0.050335914 -4.189331 -0.063746974 -0.0125075 0.99788797 -0.20129395
0.4337994 0.9000475 0.039182793 5.03125 -0.89880025 0.4353459 -0.049351886 -4.6589355 -0.061475586 -0.013802769 0.99801326 -0.23156738
0.39953515 0.91592497 0.03546145 5.2302246 -0.91475683 0.4008876 -0.04809956 -5.1533203 -0.058278404 -0.013223896 0.998213 -0.25952148
0.37082762 0.9280546 0.031076921 5.4249268 -0.92696404 0.37194684 -0.046458248 -5.6636963 -0.054673396 -0.0115717305 0.99843735 -0.29003906
0.3458425 0.9379548 0.028394707 5.6158447 -0.93694776 0.34682965 -0.044836488 -6.206421 -0.05189756 -0.011114605 0.99859 -0.32470703
0.32485628 0.9455182 0.02555652 5.810425 -0.9445819 0.32570383 -0.043243863 -6.789551 -0.049221337 -0.010096969 0.9987371 -0.35705566
0.31078342 0.950229 0.023743758 6.0030518 -0.9492095 0.31157055 -0.044830106 -7.380493 -0.050000194 -0.008613328 0.998712 -0.39074707
0.2976299 0.9543391 0.024128273 6.190918 -0.9532265 0.29847014 -0.046943564 -7.9993896 -0.0520009 -0.009035922 0.99860585 -0.41992188
0.2883588 0.95735025 0.025366064 6.385376 -0.95612395 0.28929985 -0.049447253 -8.646851 -0.05467877 -0.009994802 0.9984542 -0.45214844
0.27620322 0.9607304 0.026425792 6.579712 -0.95951843 0.27721992 -0.049619555 -9.3289795 -0.055005293 -0.011657306 0.9984181 -0.48901367
0.26561743 0.9637483 0.027360694 6.7790527 -0.96242005 0.26673028 -0.05209852 -10.024902 -0.057507757 -0.012488713 0.9982672 -0.5258789
0.25793916 0.9658011 0.028117465 6.978882 -0.96441585 0.2591244 -0.053408317 -10.753662 -0.05885319 -0.013341243 0.99817705 -0.56188965
0.24720202 0.96851563 0.029309165 7.164795 -0.96700644 0.24851008 -0.055960517 -11.492798 -0.06148323 -0.014505549 0.9980029 -0.60583496
0.2342115 0.97173184 0.028471552 7.376343 -0.9701798 0.23549917 -0.056738764 -12.270508 -0.061849833 -0.014325604 0.9979833 -0.6485596
0.22445945 0.9739158 0.030453563 7.536621 -0.9722005 0.22593884 -0.059982385 -13.036621 -0.06532369 -0.016136777 0.9977348 -0.68725586
0.2128195 0.9765386 0.032295533 7.723755 -0.97460765 0.21451257 -0.06392415 -13.828735 -0.06936101 -0.017871555 0.99743193 -0.7390137
0.20111859 0.9789912 0.032950748 7.897583 -0.976765 0.20296548 -0.06850849 -14.629272 -0.0737671 -0.018384106 0.99710727 -0.7811279
0.18757463 0.98152655 0.03463113 8.05896 -0.97923136 0.18961148 -0.070215166 -15.432983 -0.075512536 -0.020722993 0.9969314 -0.82995605
0.17410119 0.984188 0.03348744 8.209717 -0.98181444 0.17610912 -0.071318544 -16.255249 -0.07606657 -0.020474492 0.996891 -0.88183594
0.15864724 0.9866821 0.034312945 8.338623 -0.98441064 0.16073698 -0.07063605 -17.066284 -0.07520419 -0.022548249 0.9969135 -0.9354248
0.14440632 0.9890057 0.0337996 8.463257 -0.9868 0.14647721 -0.069983386 -17.896362 -0.07415733 -0.023263875 0.9969744 -0.98547363
0.12112003 0.9920399 0.03507915 8.578247 -0.9899738 0.123316385 -0.06920444 -18.713135 -0.07296619 -0.026366953 0.99698454 -1.0361328
0.09694708 0.99459237 0.03684171 8.6657715 -0.9927317 0.09927624 -0.06779322 -19.55542 -0.07110646 -0.029997146 0.9970188 -1.0855713
0.06659049 0.99703974 0.038403433 8.724731 -0.9953195 0.06907803 -0.06755749 -20.398926 -0.07001378 -0.033731103 0.9969756 -1.1345215
0.033192404 0.9986726 0.039396238 8.758667 -0.9970744 0.03580481 -0.06756307 -21.25415 -0.06885487 -0.03703539 0.9969375 -1.184082
-0.00060616777 0.99918747 0.04029965 8.768677 -0.9977123 0.0021202548 -0.067556076 -22.108276 -0.067597784 -0.040267535 0.9969 -1.2287598
-0.036799904 0.99859744 0.03851505 8.736938 -0.99718946 -0.03416728 -0.06693174 -22.980225 -0.065528154 -0.04085579 0.9970145 -1.2720947
-0.068129994 0.9968426 0.040781133 8.690308 -0.99575895 -0.06540964 -0.06470381 -23.821777 -0.061829094 -0.045002155 0.9970717 -1.310791
-0.1004324 0.994079 0.041400284 8.608643 -0.9932523 -0.09775232 -0.062361784 -24.67456 -0.05794 -0.04736865 0.9971954 -1.3577881
-0.13329254 0.99041617 0.036245376 8.4938965 -0.98964685 -0.13104533 -0.05855724 -25.54895 -0.053262804 -0.043696206 0.99762475 -1.3972168
-0.16528094 0.9858065 0.032323416 8.348877 -0.98521507 -0.1634437 -0.053038426 -26.375977 -0.04702144 -0.040587958 0.99806994 -1.4256592
-0.1952474 0.98040974 0.026502155 8.173096 -0.9799144 -0.19387959 -0.046956033 -27.223389 -0.040908854 -0.035138436 0.9985452 -1.4530029
-0.22209585 0.9747408 0.020218626 7.980835 -0.97428 -0.22112598 -0.04169056 -28.058472 -0.036150444 -0.028954713 0.99892616 -1.4748535
-0.24834785 0.9686184 0.01222424 7.751343 -0.96815795 -0.24777018 -0.03644427 -28.88977 -0.03227431 -0.020870475 0.99926126 -1.4915771
-0.2784706 0.96057534 0.007463364 7.515625 -0.9603222 -0.27819228 -0.026402688 -29.717773 -0.02328981 -0.01450411 0.9996237 -1.5003662
-0.30148837 0.9534849 0.007750541 7.2528076 -0.95348537 -0.30140305 -0.010524243 -30.514648 -0.00769992 -0.010565234 0.9999146 -1.5028076
-0.32322395 0.946107 0.012721935 6.980713 -0.9461398 -0.32331872 0.0062146075 -31.311035 0.010002762 -0.010031441 0.9998996 -1.494873
-0.34887052 0.9368262 0.018747833 6.689331 -0.9366479 -0.3492235 0.02095535 -32.103638 0.02618888 -0.010250159 0.9996045 -1.4873047
-0.37176704 0.92790073 0.020227972 6.3811035 -0.92737216 -0.37225404 0.032051016 -32.893555 0.037286535 -0.006835129 0.9992812 -1.4578857
-0.39850643 0.9171246 0.019320663 6.055298 -0.916432 -0.39895985 0.035808846 -33.67859 0.040540688 -0.0034444146 0.99917203 -1.4138184
-0.4199539 0.90738904 0.016226457 5.6971436 -0.9067616 -0.42026648 0.03374459 -34.454956 0.037422117 -0.0005358049 0.999299 -1.3746338
-0.44051313 0.89737767 0.011571948 5.32605 -0.8968781 -0.44065586 0.030073099 -35.238403 0.032100983 0.0028773865 0.9994805 -1.3304443
-0.45984158 0.8876774 0.0034502707 4.9277344 -0.887281 -0.45974612 0.028342452 -35.982544 0.026748572 0.009986053 0.9995922 -1.2907715
-0.4740648 0.8805663 -0.00013344549 4.5249023 -0.8801884 -0.4738569 0.029362649 -36.711792 0.025793904 0.014039928 0.9995688 -1.255249
-0.48455667 0.8744446 -0.0010616928 4.118408 -0.8739877 -0.48426318 0.032926932 -37.442627 0.028280942 0.016902354 0.99945694 -1.2191162
-0.49501336 0.86877775 -0.0018924493 3.723755 -0.86831075 -0.49467325 0.0339367 -38.147217 0.028542858 0.01844341 0.99942225 -1.1795654
-0.50432193 0.8630398 0.0064438554 3.3146973 -0.86243635 -0.5042255 0.03434574 -38.8573 0.032901164 0.011783563 0.99938893 -1.1405029
-0.5161208 0.85604984 0.0077666976 2.9019775 -0.8554993 -0.5160815 0.03228984 -39.562256 0.03164744 0.010047166 0.9994481 -1.1114502
-0.52422124 0.8514473 0.0060273465 2.4731445 -0.85086703 -0.5241039 0.033859935 -40.257446 0.032001875 0.012640654 0.99940807 -1.0759277
-0.53096676 0.8469768 0.0041946764 2.026245 -0.8463327 -0.5307442 0.03667159 -40.972534 0.0332911 0.015936028 0.9993184 -1.0351562
-0.53484786 0.8451295 0.0058455537 1.5932617 -0.84438753 -0.53464645 0.038776413 -41.67163 0.03588874 0.015790788 0.9992311 -1.0064697
-0.53348786 0.8461005 0.0078022247 1.1306152 -0.8452275 -0.53331935 0.041440327 -42.405884 0.03920844 0.01550678 0.9991107 -0.9719238
-0.5311041 0.84696877 0.0047366554 0.66589355 -0.8461306 -0.5308127 0.04184051 -43.1604 0.037974954 0.018232599 0.99911255 -0.9334717
-0.52439046 0.8508701 0.005220852 0.21594238 -0.8500919 -0.5241556 0.03996677 -43.911743 0.036755893 0.016538847 0.9991871 -0.89208984
-0.5176911 0.85533637 0.0070156837 -0.24401855 -0.8545671 -0.5175445 0.038936976 -44.68872 0.036941584 0.0141784325 0.99921674 -0.85375977
-0.51102424 0.8590645 0.008621522 -0.71032715 -0.85828364 -0.5109473 0.03864792 -45.4718 0.037620924 0.01237456 0.9992153 -0.8175049
-0.5067705 0.862171 0.010709237 -1.1573486 -0.86140096 -0.5067865 0.03776646 -46.279907 0.03796057 0.009903189 0.9992298 -0.77526855
-0.49902773 0.8659636 0.013816993 -1.62854 -0.8652643 -0.4991868 0.035242274 -47.110718 0.03742968 0.0056515182 0.9992829 -0.7330322
-0.49891543 0.86646587 0.017952481 -2.0913086 -0.8658944 -0.49923843 0.031458847 -47.947144 0.036227427 0.00016038865 0.9993435 -0.69299316
-0.49886677 0.86652917 0.019924346 -2.5777588 -0.86603904 -0.49925756 0.02925624 -48.813965 0.03530699 -0.0026571113 0.9993731 -0.6470947
-0.50126344 0.86564654 0.021111192 -3.0645752 -0.8652058 -0.50169 0.02794858 -49.677856 0.03475858 -0.0042715776 0.9993867 -0.61035156
-0.5012612 0.8651464 0.020388551 -3.560669 -0.8647238 -0.5016601 0.027318576 -50.56067 0.033856962 -0.0039275615 0.9994188 -0.56848145
-0.5012578 0.8651707 0.019948438 -4.0742188 -0.86476475 -0.5016397 0.0267747 -51.457764 0.03315312 -0.0038261293 0.9994427 -0.5267334
-0.49984178 0.8660952 0.019188648 -4.583374 -0.8657497 -0.5001923 0.024822488 -52.35559 0.031077527 -0.0042122314 0.99950796 -0.48632812
-0.50124407 0.8654014 0.020024372 -5.0844727 -0.865035 -0.50162387 0.025582638 -53.26233 0.032170434 -0.004503928 0.9994723 -0.4399414
-0.4998314 0.86583436 0.021286245 -5.61145 -0.86549467 -0.5002489 0.02497208 -54.200317 0.032248788 -0.0059394995 0.9994619 -0.39733887
-0.5012103 0.86540234 0.020989185 -6.0959473 -0.86513895 -0.501602 0.022442257 -55.108765 0.029932123 -0.0069098556 0.99952793 -0.352417
-0.49877846 0.8662413 0.022592675 -6.6225586 -0.8660055 -0.49921605 0.021968706 -56.044434 0.030330736 -0.008604422 0.99950296 -0.30078125
-0.497367 0.8668594 0.022324257 -7.1398926 -0.86669296 -0.4977743 0.019523628 -56.953247 0.028046673 -0.009628372 0.99956 -0.25427246
-0.49596894 0.8680768 0.019823752 -7.631714 -0.86792666 -0.49629688 0.018119687 -57.86328 0.025561972 -0.008215614 0.99963933 -0.20666504
-0.49456587 0.86954075 0.019148953 -8.125732 -0.86942196 -0.49486524 0.016670393 -58.767822 0.023953639 -0.008418697 0.9996778 -0.1673584
-0.4907508 0.8713102 0.018151036 -8.654663 -0.8712037 -0.49102053 0.015824335 -59.695557 0.022702027 -0.008053107 0.99970996 -0.12365723
-0.48936376 0.87238663 0.017869439 -9.149902 -0.872231 -0.48964223 0.01784972 -60.596558 0.024313334 -0.006864579 0.9996811 -0.08081055
-0.48796394 0.87267846 0.0180834 -9.6414795 -0.8725339 -0.48824477 0.01746348 -61.536133 0.0240528 -0.00725582 0.9996843 -0.03479004
-0.48694715 0.87311107 0.019915907 -10.127686 -0.8729591 -0.487281 0.018338714 -62.41577 0.025723578 -0.00844743 0.9996334 0.00012207031
-0.4893583 0.8716183 0.022228748 -10.63623 -0.8714609 -0.48976234 0.019308392 -63.316895 0.027715653 -0.00992496 0.9995665 0.047607422
-0.49457023 0.8685347 0.024750255 -11.131836 -0.8683557 -0.4950628 0.020869292 -64.20398 0.030376023 -0.0111664655 0.9994759 0.092285156
-0.49875465 0.86618704 0.024597796 -11.628784 -0.8660821 -0.4992113 0.018204173 -65.09363 0.028066754 -0.01223244 0.9995314 0.13354492
-0.5039772 0.8635039 0.019063907 -12.159424 -0.8633999 -0.5042666 0.015849642 -65.98047 0.023311239 -0.008470449 0.99969244 0.18371582
-0.51162285 0.8589903 0.022173095 -12.658203 -0.8589648 -0.5119617 0.013714745 -66.85608 0.023121176 -0.012015505 0.9996602 0.22229004
-0.5144285 0.85693777 0.022170201 -13.174561 -0.85685915 -0.5147919 0.015876163 -67.7301 0.025025457 -0.010830421 0.99962807 0.26428223
-0.52107227 0.8534677 0.023101117 -13.686157 -0.8533414 -0.52148175 0.017966881 -68.5918 0.027387144 -0.01036497 0.9995715 0.3031006
-0.5249066 0.8509048 0.025343856 -14.171509 -0.8508271 -0.52536666 0.017066361 -69.43591 0.027824827 -0.012606854 0.99953324 0.34631348
-0.5277139 0.8485682 0.026850179 -14.701416 -0.8484654 -0.5282361 0.018522104 -70.29138 0.029901149 -0.0129913865 0.99946797 0.3922119
-0.5315571 0.8468932 0.026135333 -15.21875 -0.8468322 -0.5320339 0.01669911 -71.119385 0.028021969 -0.013250232 0.9995193 0.4329834
-0.53436303 0.8446146 0.020112852 -15.740601 -0.8446335 -0.5346159 0.010107687 -71.961426 0.019302538 -0.011578638 0.9997465 0.4724121
-0.5371845 0.84342927 0.014866831 -16.288208 -0.843504 -0.537269 0.002090107 -72.80603 0.009757591 -0.011427351 0.99988717 0.5091553
-0.5396488 0.84207153 0.013268553 -16.80603 -0.8421552 -0.53967917 -0.0014759367 -73.63684 0.00591003 -0.011966554 0.99991083 0.53393555
-0.53962636 0.8414933 0.015900373 -17.326538 -0.8415535 -0.53974843 0.0044141184 -74.4447 0.012296356 -0.010992578 0.99986374 0.5563965
-0.54102427 0.84129864 0.018307842 -17.855713 -0.8412956 -0.54124355 0.010176354 -75.250854 0.01846468 -0.009902399 0.9997805 0.58325195
-0.5410415 0.84059393 0.014725244 -18.376343 -0.84047604 -0.54122394 0.01474429 -76.06763 0.020363186 -0.0043891976 0.99978274 0.6138916
-0.5410542 0.8408338 0.011070379 -18.917847 -0.84070325 -0.54116595 0.014870992 -76.8844 0.018498022 -0.0012624161 0.999828 0.6496582
-0.53964573 0.84191453 0.010195717 -19.441528 -0.8418009 -0.53974104 0.013865408 -77.69983 0.01717568 -0.0011020172 0.9998518 0.6776123
-0.5382165 0.84257686 0.008688977 -19.94934 -0.842556 -0.5382746 0.006928213 -78.509766 0.010516309 -0.003590296 0.99993813 0.69836426
-0.5382169 0.8426361 0.0067434846 -20.460083 -0.8426501 -0.5382359 0.0012841368 -79.32532 0.0047124983 -0.004989443 0.99997646 0.71972656
-0.5382857 0.8431692 0.012923921 -20.958862 -0.84326714 -0.53824836 -0.00650419 -80.14551 0.0014616142 -0.01439462 0.9998954 0.74438477
-0.5359603 0.8434464 0.019825887 -21.452515 -0.8436792 -0.53583646 -0.011552049 -80.96045 0.00089252205 -0.022935854 0.9997364 0.75341797
-0.5345401 0.8445472 0.01707013 -21.961792 -0.84471923 -0.5344044 -0.012096405 -81.7677 -0.0010821726 -0.0208889 0.999781 0.772583
-0.53304535 0.8465481 0.013429606 -22.464478 -0.8466544 -0.5329915 -0.0075949393 -82.573364 0.00072262157 -0.015414063 0.9998809 0.80126953
-0.52496034 0.850804 0.01370318 -22.979858 -0.850908 -0.5249506 -0.0045921765 -83.38147 0.0032917694 -0.014061794 0.9998955 0.8088379
-0.51828104 0.8553739 0.0084888255 -23.469849 -0.85541385 -0.5182771 -0.002836226 -84.17493 0.0019696213 -0.008728039 0.9999599 0.8236084
-0.51162386 0.85987514 0.0034513508 -23.953003 -0.85988027 -0.5116269 7.505552e-05 -84.97754 0.0018265997 -0.002928951 0.999994 0.84814453
-0.5011788 0.8654673 0.004585678 -24.429688 -0.86547923 -0.5011742 -0.002197849 -85.80481 0.0003972728 -0.0050698654 0.99998707 0.8651123
-0.49075633 0.87102884 0.0058408184 -24.877686 -0.8710484 -0.4907469 -0.0030436385 -86.622314 0.00021698455 -0.006583507 0.99997836 0.8713379
-0.4789671 0.8781333 0.0032494725 -25.335327 -0.8781284 -0.47893915 -0.0067853685 -87.45935 -0.0044055297 -0.0061011044 0.99997175 0.8856201
-0.46720636 0.88459694 0.003358276 -25.774414 -0.8845819 -0.46716532 -0.008721986 -88.3009 -0.006147486 -0.007039736 0.9999564 0.89453125
-0.45684502 0.89012045 0.00309509 -26.207764 -0.8901056 -0.45680848 -0.0083287675 -89.13403 -0.0060005374 -0.0065539423 0.9999606 0.8935547
-0.44135165 0.89729923 0.0009368083 -26.630127 -0.8972628 -0.4413236 -0.009545362 -89.987305 -0.008147689 -0.005052122 0.9999541 0.9116211
-0.43004724 0.9024028 0.0032459921 -27.02295 -0.902404 -0.4300308 -0.004755401 -90.828125 -0.0028948882 -0.0049778856 0.9999835 0.920166
-0.418376 0.90818036 0.0048442064 -27.413208 -0.90817755 -0.4183942 0.0036573194 -91.67456 0.0053468575 -0.0028668435 0.99998164 0.93725586
-0.40578353 0.9141908 0.006623041 -27.800293 -0.9141533 -0.4058297 0.008664704 -92.51453 0.010607739 -0.0025411649 0.99994063 0.94970703
-0.39322114 0.9195215 0.005011579 -28.159302 -0.91950196 -0.39324743 0.006338768 -93.3645 0.0077969013 -0.0021130464 0.9999674 0.95910645
-0.38138676 0.92446756 0.0038976925 -28.514282 -0.9244661 -0.38139883 0.0030033104 -94.22034 0.0042610806 -0.002458788 0.999988 0.9869385
-0.37261024 0.92808247 0.0076988363 -28.847168 -0.9281064 -0.3726286 0.001065657 -95.08533 0.0038536796 -0.006747091 0.99996996 1.003418
-0.3652152 0.9311134 0.014978081 -29.164062 -0.9311526 -0.36534873 0.007341409 -95.934326 0.0123007195 -0.011268403 0.999861 1.0216064
-0.3585317 0.9332342 0.024962423 -29.484985 -0.93336254 -0.35888577 0.0113926325 -96.80481 0.019589368 -0.019212957 0.99962354 1.0421143
-0.35553685 0.93409646 0.030067595 -29.805054 -0.9342767 -0.35605708 0.014033372 -97.68469 0.023811467 -0.023101492 0.9994495 1.0698242
-0.35255733 0.93516564 0.031618636 -30.108765 -0.9354279 -0.3530686 0.012195123 -98.552734 0.022578128 -0.025277153 0.99942553 1.1026611
-0.34755322 0.9370425 0.03644846 -30.419678 -0.93747187 -0.3481352 0.010866525 -99.43884 0.022860916 -0.030380867 0.9992767 1.133667
-0.34319875 0.93880093 0.033783592 -30.725952 -0.93919206 -0.34366956 0.009120916 -100.303345 0.020153955 -0.028600369 0.9993878 1.1628418
-0.3372681 0.9408558 0.032096364 -31.040527 -0.9412795 -0.33758026 0.0047049923 -101.19336 0.015261316 -0.02863588 0.9994736 1.1976318
-0.33067566 0.9430918 0.03174208 -31.340454 -0.9435541 -0.33087787 0.0011899741 -102.07324 0.011633145 -0.029566811 0.9994952 1.2288818
-0.32411247 0.94528866 0.036960855 -31.628418 -0.9459208 -0.32437378 0.0011465857 -102.95581 0.013072617 -0.03460984 0.9993158 1.2498779
-0.31857347 0.9468508 0.046828456 -31.900024 -0.9478788 -0.318956 0.00075203273 -103.82666 0.015627896 -0.04414898 0.998903 1.2714844
-0.31104848 0.9491453 0.047959417 -32.18396 -0.9502088 -0.31149384 0.001919766 -104.67297 0.016772509 -0.0449936 0.9988469 1.3110352
-0.3029968 0.9519614 0.045884475 -32.477173 -0.9528557 -0.30359146 0.0064350734 -105.549805 0.020052567 -0.041778333 0.99892604 1.3461914
-0.2957846 0.95418507 0.045303345 -32.73169 -0.95509666 -0.29627836 0.0044446923 -106.42493 0.017671468 -0.041955195 0.9989631 1.3659668
-0.29162815 0.95547426 0.046855245 -32.988647 -0.9565346 -0.29191157 -0.0008186861 -107.30139 0.012865372 -0.04503542 0.99890226 1.394043
-0.28287414 0.958047 0.045467075 -33.239746 -0.95907974 -0.28300518 -0.003652995 -108.18323 0.0093661975 -0.044655062 0.9989589 1.4190674
-0.276372 0.9598071 0.049912885 -33.484253 -0.96102047 -0.27665937 -0.0011861133 -109.06299 0.012661622 -0.04829367 0.998753 1.4504395
-0.26979795 0.96169513 0.050983127 -33.718384 -0.9629128 -0.27026254 0.002327791 -109.93628 0.016014699 -0.048466854 0.9986966 1.4691162
-0.26327744 0.9635654 0.050736427 -33.948364 -0.9647594 -0.2637715 0.0031964593 -110.81128 0.01643273 -0.048097253 0.99870765 1.4863281
-0.25524834 0.9654291 0.050004542 -34.17566 -0.9666124 -0.25566053 0.0019148863 -111.69177 0.014640479 -0.047851652 0.9987469 1.5133057
-0.24583735 0.9680642 0.04690449 -34.39978 -0.96910816 -0.24619186 0.0018422208 -112.57141 0.013341487 -0.045007147 0.9988973 1.5303955
-0.23863876 0.9701052 0.043042082 -34.60913 -0.9709697 -0.23898447 0.0029865098 -113.44531 0.013190956 -0.041064452 0.99906904 1.5584717
-0.23284887 0.9717578 0.041411 -34.82776 -0.9725589 -0.23316787 0.0029862197 -114.349365 0.012553632 -0.039581664 0.99913776 1.5882568
-0.22504973 0.97316426 0.04880784 -35.009766 -0.9743147 -0.22536457 0.0009835847 -115.226685 0.011957948 -0.047355857 0.99880725 1.6135254
-0.21875776 0.97432035 0.053096425 -35.22534 -0.97569746 -0.21906364 -6.576348e-05 -116.15161 0.01157336 -0.051815845 0.9985894 1.6429443
-0.21359932 0.97578424 0.04776615 -35.399414 -0.976904 -0.21382247 -0.00045661046 -117.03259 0.009784106 -0.046754185 0.9988582 1.6555176
-0.21073353 0.9764474 0.047322746 -35.588867 -0.97754765 -0.21094595 -0.00051719556 -117.910645 0.009480992 -0.046370484 0.99887943 1.6761475
-0.2049533 0.97757107 0.046019144 -35.777832 -0.978592 -0.20524131 0.0015647137 -118.814575 0.010985013 -0.04471093 0.9989393 1.6987305
-0.19916533 0.9791283 0.039998528 -35.979004 -0.9799033 -0.19936717 0.0010756011 -119.6814 0.00903345 -0.03897326 0.9991992 1.7067871
-0.19275533 0.98064214 0.03266754 -36.1781 -0.9811738 -0.19281173 -0.0014502686 -120.60388 0.0048775887 -0.032322988 0.99946535 1.7342529
-0.18922557 0.9815744 0.029384213 -36.340576 -0.98200834 -0.18924224 -0.0022306165 -121.47058 0.0033643981 -0.02928181 0.9995657 1.751709
-0.18423414 0.98228145 0.03321601 -36.500732 -0.9828253 -0.18432702 -0.0002706861 -122.354126 0.005854858 -0.032689948 0.9994483 1.7640381
-0.18203007 0.98264265 0.033133842 -36.64917 -0.9831715 -0.18218315 0.0016252946 -123.22644 0.0076479865 -0.03227698 0.99944943 1.7810059
-0.18141723 0.98286873 0.035166185 -36.807983 -0.9834733 -0.18154788 0.0005360488 -124.12695 0.0069073546 -0.03448264 0.9993814 1.795166
-0.17992437 0.9830593 0.035068486 -36.959717 -0.9836687 -0.1800108 -0.0006970264 -125.00867 0.0056316657 -0.03463489 0.99938446 1.8088379
-0.17865323 0.9833731 0.032743126 -37.11499 -0.98391765 -0.17858492 -0.0050183292 -125.89905 0.00090907793 -0.03311672 0.9994512 1.8267822
-0.1787412 0.9834365 0.030903757 -37.27002 -0.98390794 -0.17848478 -0.010891845 -126.77417 -0.0052064606 -0.032341365 0.9994633 1.8400879
-0.17658482 0.983747 0.029797887 -37.423218 -0.98417413 -0.17628764 -0.012348269 -127.63855 -0.0068839425 -0.031507097 0.9994796 1.8533936
-0.17434978 0.98420846 0.031061836 -37.57141 -0.9846954 -0.17418323 -0.008012012 -128.5039 -0.002476309 -0.031979434 0.99948543 1.8563232
-0.17364368 0.9843142 0.0322202 -37.7229 -0.98484045 -0.17359065 -0.0044499645 -129.36621 0.0012017493 -0.0325074 0.999471 1.8676758
-0.17499878 0.98399025 0.033379074 -37.874146 -0.98455614 -0.17490636 -0.005685605 -130.229 0.00023388397 -0.033864718 0.9994266 1.8770752
-0.17438279 0.9840954 0.034827527 -38.012573 -0.9847112 -0.17426324 -0.006460452 -131.09521 -0.00029603252 -0.03542071 0.99937254 1.888794
-0.17298289 0.9844545 0.029783584 -38.168823 -0.98490417 -0.17287229 -0.0062737553 -131.94824 -0.001028562 -0.030406822 0.9995369 1.9035645
-0.17362094 0.9844211 0.030824497 -38.318237 -0.984903 -0.17356905 -0.004367183 -132.80225 0.0010455064 -0.031119218 0.9995153 1.9265137
-0.17028424 0.9845502 0.041594416 -38.45996 -0.9854162 -0.17033526 -0.0023417985 -133.65735 0.004763574 -0.041368276 0.99913245 1.925415
-0.17106675 0.984145 0.04776699 -38.597656 -0.98528683 -0.17114197 -0.0025315667 -134.49976 0.0056663104 -0.04749855 0.9988557 1.9345703
-0.17098321 0.98423153 0.047032434 -38.735474 -0.9853191 -0.17118762 0.00031597048 -135.34131 0.008368656 -0.046269245 0.99889356 1.9575195
-0.16939427 0.98440504 0.045038175 -38.8844 -0.98538345 -0.16967535 0.0024485677 -136.18481 0.010071473 -0.04395423 0.9989822 1.9838867
-0.16804695 0.984828 0.045168508 -39.020996 -0.98579097 -0.16841187 0.0043892357 -137.01306 0.0119021945 -0.043794688 0.99897027 1.9976807
-0.16643023 0.9854021 0.036000732 -39.167114 -0.98601955 -0.166643 0.0029752222 -137.87585 0.008938605 -0.035016812 0.999347 2.0200195
-0.16508806 0.9858816 0.030126415 -39.311768 -0.9863287 -0.16516519 7.245276e-05 -138.7168 0.0050398624 -0.029695828 0.99954635 2.0332031
-0.16296448 0.98630476 0.026528021 -39.444214 -0.98666114 -0.16288567 -0.005113854 -139.57263 -0.000727009 -0.02701062 0.99963504 2.0513916
-0.16014278 0.98679787 0.025091479 -39.572876 -0.9871157 -0.16005337 -0.0055430406 -140.40076 -0.0014583906 -0.025656898 0.9996698 2.0567627
-0.15575995 0.98743135 0.023938458 -39.690308 -0.9877172 -0.15578532 -0.00080940616 -141.20154 0.0029314295 -0.023777181 0.9997131 2.0800781
-0.14880538 0.9886009 0.022452934 -39.80945 -0.9888392 -0.1488967 0.0024392423 -142.04065 0.00575785 -0.021833329 0.999745 2.09021
-0.14172375 0.989649 0.023089943 -39.92151 -0.9898936 -0.14184642 0.0037519233 -142.8739 0.00699318 -0.022322213 0.9997262 2.0898438
-0.1334015 0.9908637 0.019557199 -40.02417 -0.99105656 -0.13338065 -0.0023787455 -143.69263 0.0002524834 -0.019693512 0.9998059 2.1153564
-0.1214224 0.9925812 0.0111706 -40.127686 -0.9926407 -0.12138535 -0.003944625 -144.51416 -0.0025632079 -0.011563651 0.9999297 2.1242676
-0.10675872 0.99422514 0.005023962 -40.21521 -0.99423707 -0.10675074 -0.0018202162 -145.33337 -0.0012711496 -0.0051892046 0.99998564 2.1412354
-0.091572635 0.99581 0.002526544 -40.29126 -0.99581325 -0.09157216 -0.00026625372 -146.19202 -3.4279656e-05 -0.0025395174 0.9999967 2.15625
-0.078401685 0.9969138 0.0007273033 -40.354614 -0.9969137 -0.0784011 -0.0009085981 -147.06885 -0.00084899226 -0.00079632364 0.9999992 2.1646729
-0.06467438 0.99785686 -0.0026365537 -40.397583 -0.99785936 -0.06467032 0.0015909297 -147.79932 0.0014160401 0.0027337912 0.9999952 2.1765137
-0.051043272 0.9986795 -0.0023443662 -40.435547 -0.9986561 -0.0510248 0.0073528923 -148.65527 0.0072234636 0.0027188156 0.99997014 2.190796
-0.037480343 0.99928916 0.0056705587 -40.465332 -0.9991644 -0.037569772 0.01657414 -149.5487 0.016777627 -0.00505024 0.9998465 2.2071533
-0.024017451 0.9996528 0.011456723 -40.468506 -0.999361 -0.024313686 0.02646489 -150.25513 0.026728334 -0.010818326 0.99958426 2.2141113
