7.776267456634133879e-01 -6.283643314293180238e-01 2.132865247303613807e-02 -6.595956451867053261e+01 6.273965212289737137e-01 7.777406318403237151e-01 3.864084282722439478e-02 2.571121231892955805e+01 -4.086868701967599771e-02 -1.666663049334133478e-02 9.990255121113204018e-01 -8.850390631590624446e-01 -4.809208017785018303e-24 -1.416202385148814181e-23 -3.430527606006730092e-24 9.999999999999997780e-01
7.495310752599553261e-01 -6.613902626646825933e-01 2.767828881991530460e-02 -6.555553620443032514e+01 6.606360088031498767e-01 7.500197071340966026e-01 3.210144518757249849e-02 2.609060375489673689e+01 -4.199084533921022822e-02 -5.775756472350120768e-03 9.991013009424370983e-01 -8.932729511615508100e-01 -4.809208017785018303e-24 -1.416202385148814181e-23 -3.430527606006730092e-24 9.999999999999997780e-01
7.211160331158972259e-01 -6.927188386290820121e-01 1.150119087614668960e-02 -6.520473872755741240e+01 6.923677775419686542e-01 7.211478751713976676e-01 2.392911944421066001e-02 2.648762288564738654e+01 -2.487021119308391662e-02 -9.292617723562206222e-03 9.996474977966250952e-01 -9.018593159678875981e-01 -2.296592739620760865e-18 2.911616992292280602e-18 -5.377318901691248416e-20 1.000000000000000000e+00
6.909531324029295485e-01 -7.227611002886971114e-01 -1.414781721865106950e-02 -6.486955300325331564e+01 7.228956450676080614e-01 6.908814377184558930e-01 1.023354085193819638e-02 2.690157933352804420e+01 2.378059054603594291e-03 -1.729829256179564803e-02 9.998475453335753382e-01 -9.078269933129536895e-01 -4.908095943943264941e-18 8.054513982321866580e-18 1.180964640534338211e-20 1.000000000000000444e+00
6.562968815160946656e-01 -7.539631538876686578e-01 -2.853008748689483606e-02 -6.453208447655902091e+01 7.540152367933316002e-01 6.567628581480748906e-01 -1.111624220091905757e-02 2.732351079405162508e+01 2.711873883029218557e-02 -1.421656558152491201e-02 9.995311217102329504e-01 -9.273026797942158783e-01 -8.628956881163771753e-18 1.487627117522105574e-17 1.779474245182005349e-19 1.000000000000000888e+00
6.189036831525417393e-01 -7.849714953087434388e-01 -2.789233824862912686e-02 -6.419417127691410485e+01 7.842609865772764977e-01 6.195307268147469681e-01 -3.341232504974250839e-02 2.776644591242794391e+01 4.350788334377463096e-02 -1.195861676841644249e-03 9.990523679976887061e-01 -9.384685053287087353e-01 -1.143928720596890979e-17 2.391492968308228321e-17 4.450565989779161303e-19 1.000000000000001332e+00
5.861156862010848956e-01 -8.099233572867544639e-01 -2.219364121515445681e-02 -6.386882746733915184e+01 8.089675088561255611e-01 5.865116742549209006e-01 -3.969415042303008762e-02 2.825760765212477921e+01 4.516604924217990785e-02 5.311429567093021303e-03 9.989653731295204953e-01 -9.592104954085904911e-01 -1.437875972824586487e-17 3.355092734007236477e-17 6.890552299650803643e-19 1.000000000000001554e+00
5.572915569770363620e-01 -8.301643023414034817e-01 -1.591702359504380132e-02 -6.356409799312293529e+01 8.298203484612797221e-01 5.575188063295849483e-01 -2.389497579908341982e-02 2.876278247943503885e+01 2.871079590874032333e-02 1.081982008938446062e-04 9.995877542724458387e-01 -9.310376658704500041e-01 -1.584528334577091792e-17 4.396099806408585194e-17 7.601459831766243413e-19 1.000000000000001554e+00
5.287291807797490639e-01 -8.487536977344564137e-01 -7.912899220065437375e-03 -6.328432543999625182e+01 8.487141957125970970e-01 5.287836923942113021e-01 -8.486498327852915260e-03 2.927659687597703808e+01 1.138715890371286114e-02 -2.228730588738772091e-03 9.999326804200676655e-01 -8.753660009900193772e-01 -1.792012402184779062e-17 5.479550434921374566e-17 8.614987295958261402e-19 1.000000000000001332e+00
4.988035811909840023e-01 -8.666922336186216880e-01 -6.289640388713458111e-03 -6.301103245678123699e+01 8.666778656155774696e-01 4.988362698637355819e-01 -5.643856878698632999e-03 2.979673982454454162e+01 8.028987674714329129e-03 -2.635916084756121693e-03 9.999642930141612318e-01 -8.686790401995213573e-01 -1.926638917265303608e-17 6.633502682135383926e-17 9.383993340070023996e-19 1.000000000000001332e+00
4.712483682647263805e-01 -8.819901156125411479e-01 -4.290847190947882049e-03 -6.274819166490302536e+01 8.818704712410816438e-01 4.712568405591146536e-01 -1.488160540000112338e-02 3.031921485357569068e+01 1.514751995777642579e-02 3.228960827604570715e-03 9.998800560322728126e-01 -8.632261352703276547e-01 -1.986677669181361798e-17 7.804814325199841658e-17 1.001351130689233553e-18 1.000000000000001332e+00
4.457440537408800529e-01 -8.951440518218816145e-01 -5.418952164395332734e-03 -6.250015214360985993e+01 8.948928911215953130e-01 4.457506553001692740e-01 -2.175009700006090910e-02 3.085338725909480573e+01 2.188497143447411600e-02 4.845594636818178862e-03 9.997487525563243382e-01 -8.585460739663056673e-01 -2.002246448529117917e-17 8.973248761116824004e-17 1.001045829990412700e-18 1.000000000000001554e+00
4.226719184482549685e-01 -9.062648118216422022e-01 -5.704402612415258172e-03 -6.226174320755718128e+01 9.060228594842604233e-01 4.226930657160824500e-01 -2.128732692275151286e-02 3.140981817918413910e+01 2.170316675615490895e-02 3.829236142523541764e-03 9.997571252575883083e-01 -8.540114210593450217e-01 -2.057392386715887905e-17 1.026897780950847440e-16 9.830196352376782652e-19 1.000000000000001554e+00
4.030671704533747013e-01 -9.151562851763701545e-01 -5.082303110572941249e-03 -6.202883914464136694e+01 9.150490505616162284e-01 4.030979433534830347e-01 -1.404575133242714699e-02 3.198778824549217248e+01 1.490272354326694845e-02 1.010824610455846907e-03 9.998884373091816435e-01 -8.482537625626576094e-01 -2.092886359037506509e-17 1.151222216552437432e-16 9.526570211641165191e-19 1.000000000000001332e+00
3.859075074057962129e-01 -9.225346482226324252e-01 -2.284416030743866271e-03 -6.180171587300139180e+01 9.225197706174113055e-01 3.859142593332899329e-01 -5.239967867739588406e-03 3.257454883019363479e+01 5.715640634077300344e-03 -8.527601395203363520e-05 9.999836619566044860e-01 -8.428674619341463004e-01 -2.015493219590732603e-17 1.296427357567981694e-16 9.292036747999681112e-19 1.000000000000001332e+00
3.697124478333407294e-01 -9.291450867263090219e-01 1.453867068100683909e-03 -6.157836029645670806e+01 9.291444662229727536e-01 3.697143395443874825e-01 1.366756198092510064e-03 3.316101412070815257e+01 -1.807430309078131422e-03 8.455457613598457841e-04 9.999980091220382894e-01 -8.398845785791181351e-01 -1.940588844601562546e-17 1.461186828363523793e-16 9.313054677895419949e-19 1.000000000000001110e+00
3.555334713429331717e-01 -9.346617359831435046e-01 1.841207167487478183e-03 -6.136131518598902090e+01 9.346564405671050624e-01 3.555377604618770726e-01 3.199842528289476018e-03 3.375808864433534495e+01 -3.645389045238363150e-03 5.832450156751536972e-04 9.999931854587600366e-01 -8.405982935697841052e-01 -1.803602127700738745e-17 1.648195171464941446e-16 9.232707203063209970e-19 1.000000000000000888e+00
3.425069686721688433e-01 -9.395152139144522518e-01 3.731411233803352020e-04 -6.115741295896361862e+01 9.395125741959698962e-01 3.425069069195023630e-01 2.267518494603728684e-03 3.435706992520564995e+01 -2.258171535526025658e-03 -4.260701086315322821e-04 9.999973595593025788e-01 -8.459092900820812666e-01 -1.582910238594749906e-17 1.832905058440003835e-16 9.234831141097596920e-19 1.000000000000000444e+00
3.303599375827757645e-01 -9.438449997322506668e-01 -4.350646015006424602e-03 -6.096088035777300007e+01 9.438549191966677521e-01 3.303541891723801305e-01 2.000301112126492021e-03 3.497216476526545392e+01 -4.507200659760829896e-04 -4.767197993498501277e-03 9.999885352716362252e-01 -8.507092474157269546e-01 -1.339324642369191476e-17 2.025953907993778956e-16 9.379088927209200817e-19 1.000000000000000222e+00
3.199764649501070091e-01 -9.473970287124308109e-01 -7.343831759127839899e-03 -6.076553125652934995e+01 9.474254804745398939e-01 3.199680291180216907e-01 2.327936843252602795e-03 3.559774745871852275e+01 1.443109258144254544e-04 -7.702618334649748502e-03 9.999703239822407275e-01 -8.572098975486509564e-01 -1.030907568824020683e-17 2.200174615231423363e-16 1.024100353092050585e-18 1.000000000000000000e+00
3.117870962345673513e-01 -9.501050093806819863e-01 -9.448691516138947935e-03 -6.057016026929250785e+01 9.501518901451810883e-01 3.117762354767977806e-01 2.639061478740535333e-03 3.622707853139007739e+01 4.384919400678310877e-04 -9.800517418702241190e-03 9.999518776336917547e-01 -8.597381942815246481e-01 -6.977671388077088361e-18 2.370952088193220611e-16 1.158462522941357456e-18 9.999999999999996669e-01
3.057998832625252739e-01 -9.520319924303817238e-01 -1.102346523016348862e-02 -6.037391771083667891e+01 9.520940201301059114e-01 3.058012613671661772e-01 1.601679986248333602e-03 3.686850333714794914e+01 1.846138983476333347e-03 -1.098516887957266992e-02 9.999379569931041711e-01 -8.580017134415930391e-01 -3.192177779344193869e-18 2.547866833307002144e-16 1.326690148996451207e-18 9.999999999999994449e-01
3.012353201610903364e-01 -9.534651421956805706e-01 -1.270844228197324892e-02 -6.017328027259994627e+01 9.535472255037312772e-01 3.012389035523269087e-01 1.676818644189699038e-03 3.752091895332855387e+01 2.229489091859672509e-03 -1.262321687958773211e-02 9.999178385117462042e-01 -8.587886983015228237e-01 -2.982831693157421393e-19 2.742994201435101143e-16 1.555483765715055983e-18 9.999999999999991118e-01
2.978220561703013303e-01 -9.545363421683925598e-01 -1.274340371712224217e-02 -5.997379617359533910e+01 9.546178451627380657e-01 2.978308542988913898e-01 1.245762611157977826e-03 3.817395199134661965e+01 2.606253129679673031e-03 -1.253609617883654805e-02 9.999180235085383117e-01 -8.648812730231710821e-01 2.717243710965818393e-18 2.948901140498566547e-16 1.798936841223627679e-18 9.999999999999990008e-01
2.956629575281514710e-01 -9.552191086065149328e-01 -1.182666896045004266e-02 -5.976966359081900748e+01 9.552830464748921502e-01 2.956919772768856758e-01 -7.454473674838358894e-04 3.883422554985213537e+01 4.209116699393654695e-03 -1.107741518084030645e-02 9.999297846396641987e-01 -8.669486999169004893e-01 6.600049713042074888e-18 3.150653432908599383e-16 2.012338555655122703e-18 9.999999999999987788e-01
2.947973195899489252e-01 -9.554959334234849333e-01 -1.104814797982139885e-02 -5.956592898122021040e+01 9.555461585990944196e-01 2.948351955016211279e-01 -1.935530955709920684e-03 3.950308231589293229e+01 5.106774826755277642e-03 -9.986426024029453410e-03 9.999370940944928288e-01 -8.645774034010546005e-01 1.105275095685042194e-17 3.331463826513158578e-16 2.182257594632429690e-18 9.999999999999983347e-01
2.944231038111047027e-01 -9.556148110559729014e-01 -1.074098844207124412e-02 -5.935980145977274702e+01 9.556638855710333225e-01 2.944556548835434717e-01 -1.550845713250428035e-03 4.018082504910142916e+01 4.644755919048788873e-03 -9.808169940999473049e-03 9.999411112884920572e-01 -8.638289018454176071e-01 1.505487272087462572e-17 3.545356916878928675e-16 2.339944301397795222e-18 9.999999999999978906e-01
2.934252996427882398e-01 -9.559047947994403494e-01 -1.214976580021044986e-02 -5.915260986769664697e+01 9.559770673070245861e-01 2.934409328731240052e-01 5.154586908156090323e-04 4.087040725589520207e+01 3.072509176529090568e-03 -1.176614609896184903e-02 9.999260560128144792e-01 -8.642242594478614093e-01 1.916087527426388657e-17 3.756362983100332437e-16 2.493630059122231287e-18 9.999999999999974465e-01
2.928553340710054465e-01 -9.560981637613900075e-01 -1.058558256679011621e-02 -5.894437851154928154e+01 9.561564635249983901e-01 2.928285490374669675e-01 4.032136906698782428e-03 4.156621314026032366e+01 -7.553579087830454650e-04 -1.130230599224874358e-02 9.999358415986954185e-01 -8.661013260192552687e-01 2.445158838713943635e-17 3.951272273943846194e-16 2.675259161628894965e-18 9.999999999999968914e-01
2.924213038211103122e-01 -9.562676714305674563e-01 -6.474692914889180681e-03 -5.872624840304796834e+01 9.562855434937789223e-01 2.923936657306516196e-01 4.889125224173553226e-03 4.226751489300329467e+01 -2.782153197591681615e-03 -7.621339605671317331e-03 9.999670868614645158e-01 -8.719820127900684836e-01 3.010505810668346328e-17 4.145024003793671460e-16 2.873906958854967140e-18 9.999999999999962252e-01
2.917299698322026180e-01 -9.564985833809594995e-01 -2.021062082086955841e-03 -5.850670573093362492e+01 9.564998630409240477e-01 2.917262315045550669e-01 1.953933189064374545e-03 4.296846716362450280e+01 -1.279337502520832203e-03 -2.503166475017092746e-03 9.999960487187714575e-01 -8.774804441822624534e-01 3.601711405750987520e-17 4.356641248894678274e-16 3.019061739439638636e-18 9.999999999999955591e-01
2.915000963988071958e-01 -9.565707805809504638e-01 1.885159327922491699e-04 -5.828320991621365721e+01 9.565667269212171364e-01 2.914982747405509556e-01 -2.975360579845320007e-03 4.368241379972916860e+01 2.791190923198524822e-03 1.047645964645850004e-03 9.999955558357068730e-01 -8.778152162514404333e-01 4.042488247864911116e-17 4.598740988288382340e-16 3.049786975735175823e-18 9.999999999999948930e-01
2.911973538303846976e-01 -9.566565919898533110e-01 -3.502302751163441884e-03 -5.806676748808725108e+01 9.566420706031713017e-01 2.912132488002056041e-01 -5.549096807593406969e-03 4.440529399753368267e+01 6.328497003018114173e-03 -1.734567849236012252e-03 9.999784704682691538e-01 -8.776312561665661205e-01 4.551019578920374007e-17 4.863616441536810088e-16 2.966087423840884041e-18 9.999999999999941158e-01
2.908432211404794465e-01 -9.567212337390443855e-01 -9.731476223599527103e-03 -5.784898697707704684e+01 9.567219983755433921e-01 2.909160154723149372e-01 -7.133706336634145981e-03 4.514554243744898088e+01 9.656010615145284998e-03 -7.235527250172645031e-03 9.999272016524055617e-01 -8.787581788758774826e-01 5.097654834655447305e-17 5.109172649705373534e-16 2.931878830780905670e-18 9.999999999999930056e-01
2.902320122214682718e-01 -9.569183637146795318e-01 -8.521987298586958942e-03 -5.762347504542554333e+01 9.569051053013375441e-01 2.902970972469424704e-01 -7.759818188499082586e-03 4.587862454863276440e+01 9.899420699212346797e-03 -5.902585506013537618e-03 9.999335782711575860e-01 -8.795517540504041998e-01 5.681107573010553071e-17 5.345668941281598949e-16 3.009485556532216282e-18 9.999999999999917843e-01
2.897090567646633530e-01 -9.571074972125522828e-01 -3.728432388162396163e-03 -5.738964640313999865e+01 9.570780635185259788e-01 2.897298626147453149e-01 -7.628043062101620003e-03 4.662138992405578364e+01 8.381095407383487919e-03 -1.358487689544106728e-03 9.999639552258698938e-01 -8.810575350188113442e-01 6.319503634212099754e-17 5.585681207010335357e-16 3.042776155652626833e-18 9.999999999999905631e-01
2.900653830231393893e-01 -9.569989776886406174e-01 -3.876889804538272491e-03 -5.715935791656422538e+01 9.569947813842941686e-01 2.900796791925618345e-01 -3.842931545105983306e-03 4.738887487805964582e+01 4.802288510754111790e-03 -2.595461900385706393e-03 9.999851006902941153e-01 -8.769738346811170038e-01 6.923416459834806308e-17 5.837921599979123504e-16 2.970785752888028672e-18 9.999999999999893419e-01
2.912397948463940622e-01 -9.566337983762285280e-01 -5.581908465810784918e-03 -5.692870995321449357e+01 9.566500392757416593e-01 2.912330533258917220e-01 2.002749185095648293e-03 4.815961129547047648e+01 -2.902613142547395180e-04 -5.923213214850733647e-03 9.999824154921798103e-01 -8.754612020243714987e-01 7.483145208657461240e-17 6.080485082292924035e-16 2.947787803307420918e-18 9.999999999999881206e-01
2.910470045810848450e-01 -9.566775945876500042e-01 -7.721472553089052046e-03 -5.669464653992777414e+01 9.566963988608715441e-01 2.909927481027294038e-01 7.431080565131741381e-03 4.894455597601682939e+01 -4.862255762620005563e-03 -9.549898724728641056e-03 9.999425773029360087e-01 -8.818074848148967915e-01 8.075065753245400695e-17 6.333222925203693606e-16 3.040152357351880154e-18 9.999999999999868994e-01
2.908196910974487626e-01 -9.567717032951826850e-01 -3.437301796864318266e-03 -5.644969328239933759e+01 9.567467508312179625e-01 2.907793743693846689e-01 9.110994202954761367e-03 4.972938819791099974e+01 -7.717644976268510544e-03 -5.938283845473330165e-03 9.999525862464584414e-01 -8.984123972366341304e-01 8.701952969904042403e-17 6.593450197017727762e-16 3.268293161772300677e-18 9.999999999999857891e-01
2.901849224622707890e-01 -9.569671085102937624e-01 2.581473423886119709e-03 -5.620502216598244871e+01 9.569357954350726780e-01 2.901963189580971658e-01 7.744667735339524732e-03 5.051323615585364735e+01 -8.160526374166546248e-03 2.229185180020285960e-04 9.999666775031151866e-01 -9.088157950025657073e-01 9.239376469061313712e-17 6.893343407572249293e-16 3.420139031603401662e-18 9.999999999999845679e-01
2.893410178374279385e-01 -9.572248375536894782e-01 1.544592871818870148e-03 -5.596671826769812697e+01 9.572062772654305052e-01 2.893450345186253103e-01 5.966050887617738510e-03 5.130251222809302192e+01 -6.157772369556465883e-03 -2.477292435718937464e-04 9.999810100545173386e-01 -9.111503822495196081e-01 9.710903157573276311e-17 7.200789737937576662e-16 3.380275683335136300e-18 9.999999999999833467e-01
2.900167732797897524e-01 -9.569999580013736074e-01 -6.430521112227002671e-03 -5.574004063114117002e+01 9.570161190767334514e-01 2.899859136865169384e-01 5.321436914276994959e-03 5.210864074718448080e+01 -3.227854363266657260e-03 -7.697418321557563704e-03 9.999651647469408600e-01 -9.202395656592606832e-01 1.012424626054084887e-16 7.505236749682914841e-16 3.347631228339637881e-18 9.999999999999820144e-01
2.892343534534647098e-01 -9.572194187970030077e-01 -8.629777535384011364e-03 -5.549512158678903262e+01 9.572572605490229369e-01 2.892356846918675561e-01 1.120636936482075638e-03 5.291021590665968688e+01 1.423344177157367550e-03 -8.585043902450911410e-03 9.999621348393791243e-01 -9.307028790646391103e-01 1.050707306314474746e-16 7.819221279426212797e-16 3.537825678637387547e-18 9.999999999999806821e-01
2.884067397631747687e-01 -9.574762975956867539e-01 -7.790507150238975241e-03 -5.524714457577440641e+01 9.574906887538041644e-01 2.884408941265633186e-01 -3.664907281025477862e-03 5.370989369173071282e+01 5.756162702576285775e-03 -6.402354096571105137e-03 9.999629375396591469e-01 -9.319364148321598318e-01 1.088811899704962461e-16 8.150195047789542412e-16 3.754206449735293364e-18 9.999999999999795719e-01
2.885683431317602188e-01 -9.574095367477435392e-01 -9.761674379269629290e-03 -5.500333109271048926e+01 9.574328833475483913e-01 2.886211184580916855e-01 -4.485963101864223583e-03 5.452239516079479387e+01 7.112329232585987496e-03 -8.051641107590788715e-03 9.999422912590207879e-01 -9.282625790653444842e-01 1.139002204555586400e-16 8.472879484066524156e-16 3.860392531018294759e-18 9.999999999999783507e-01
2.889514370923124131e-01 -9.572227586802601884e-01 -1.522029128708025578e-02 -5.476789601375089944e+01 9.573290507748470901e-01 2.889985980254651809e-01 -9.480938797471772381e-04 5.535132992354383674e+01 5.306179882558611539e-03 -1.429687392132714466e-02 9.998837151644726084e-01 -9.268054392729039304e-01 1.173177335048174356e-16 8.798453610027269500e-16 4.032478033653752109e-18 9.999999999999771294e-01
2.890422484171690787e-01 -9.572361411310233992e-01 -1.239147862679892270e-02 -5.451967330535552492e+01 9.573163380267564193e-01 2.890168552346848996e-01 3.832275754775371114e-03 5.617930530744453677e+01 -8.704667083236539865e-05 -1.297025454246024563e-02 9.999158789217998944e-01 -9.277565200634163567e-01 1.209312078911603326e-16 9.110999533403332535e-16 4.420158041377940290e-18 9.999999999999760192e-01
2.879731930946665686e-01 -9.576195166966474659e-01 -6.025056063178101627e-03 -5.426334036390408500e+01 9.576230396579565873e-01 2.879271371044580530e-01 7.488500200987066764e-03 5.700638469278860043e+01 -5.436356800093651749e-03 -7.926219815700389151e-03 9.999538094652915543e-01 -9.350592953871545987e-01 1.242609864823233000e-16 9.410122425719142081e-16 4.775037119078284068e-18 9.999999999999749090e-01
2.875459500931316081e-01 -9.577238374338609139e-01 -9.076221461614426139e-03 -5.401515940637037261e+01 9.577359373808109755e-01 2.874476312957700563e-01 1.075795110287956248e-02 5.784469523897050891e+01 -7.694207852925527731e-03 -1.178602874034951134e-02 9.999009394395125261e-01 -9.444557838639597858e-01 1.270432882207354831e-16 9.712559388051739875e-16 5.014372528741126733e-18 9.999999999999739098e-01
2.881451372514743925e-01 -9.575332155107140197e-01 -1.012526898718128440e-02 -5.376732076426331020e+01 9.575593593121266567e-01 2.880408161838857173e-01 1.060950545785231160e-02 5.867558066932929250e+01 -7.242463132893456855e-03 -1.275262349055250426e-02 9.998924528777318743e-01 -9.611516288610697512e-01 1.291133652320705792e-16 9.993805927756553860e-16 5.374880888745594368e-18 9.999999999999726885e-01
2.862808380556880472e-01 -9.581278814040218306e-01 -5.851891864468746277e-03 -5.351416103655658674e+01 9.581423998121145758e-01 2.862583417167179900e-01 4.393572586806628565e-03 5.950601115734244217e+01 -2.534451533369353957e-03 -6.864741356673913220e-03 9.999732255823152727e-01 -9.577354229209934511e-01 1.324535862654790611e-16 1.026219698893246682e-15 5.739078651263689010e-18 9.999999999999713562e-01
2.858894950603645957e-01 -9.582488928477823631e-01 -5.124057976642232802e-03 -5.326260131677279475e+01 9.582600605583374564e-01 2.858969451000957229e-01 -7.701437345902156307e-04 6.034222537632462036e+01 2.202941903037199632e-03 -4.690004103596926398e-03 9.999865753641138388e-01 -9.611015477748077185e-01 1.361298062181947954e-16 1.051754333276422729e-15 5.927058509381173243e-18 9.999999999999698019e-01
2.857992093875798556e-01 -9.582587451682497148e-01 -7.680444129312217864e-03 -5.301541464116242253e+01 9.582819287903984184e-01 2.858196747967413076e-01 -1.690696026776335702e-03 6.119519795574543508e+01 3.815346296408902473e-03 -6.876831226437532703e-03 9.999690756842876116e-01 -9.678308440124305800e-01 1.393339482732236283e-16 1.075578340019494251e-15 6.049314984104788874e-18 9.999999999999682476e-01
2.850155906834615505e-01 -9.585031781248297689e-01 -6.145778386409650115e-03 -5.275932811641801123e+01 9.585226372503146131e-01 2.850142306225731947e-01 1.114549931338702391e-03 6.203801220634483826e+01 6.833346470070935860e-04 -6.208531813924873452e-03 9.999804934029671299e-01 -9.713180986159257735e-01 1.422404743314636870e-16 1.098682236195779547e-15 6.207186689417689890e-18 9.999999999999664713e-01
2.843716002465981885e-01 -9.587116508279130977e-01 -2.182553555436263660e-03 -5.250191426439411657e+01 9.587083065996864217e-01 2.843611962121060377e-01 4.134361597076367974e-03 6.289044906994516282e+01 -3.343027092036992762e-03 -3.268127246555307432e-03 9.999890716973495186e-01 -9.695691272242977776e-01 1.451369474674512885e-16 1.124822988444130285e-15 6.389124954314564626e-18 9.999999999999648059e-01
2.836300876621654643e-01 -9.589337671916143835e-01 -5.926606054245598174e-05 -5.225466052755081137e+01 9.589137315052386201e-01 2.836237609555975481e-01 6.482110176696976624e-03 6.374437194431298082e+01 -6.199105068108159630e-03 -1.895352516920129201e-03 9.999789891468494618e-01 -9.656424989863380270e-01 1.477008340199294532e-16 1.151618433097691362e-15 6.519169846542319528e-18 9.999999999999630296e-01
2.835205919502894467e-01 -9.589506137990237988e-01 -5.458409534594969859e-03 -5.201390670890278045e+01 9.589598771376222075e-01 2.834935597360617177e-01 5.230260856054364145e-03 6.459606626331549251e+01 -3.468137908787865750e-03 -6.717282390625419798e-03 9.999714246600713841e-01 -9.646492743109913448e-01 1.517075511107843677e-16 1.177434385117189709e-15 6.618325114111758838e-18 9.999999999999612532e-01
2.833420422453323817e-01 -9.590099993922610588e-01 -4.136201386964889759e-03 -5.176200374755423184e+01 9.590184712868038419e-01 2.833434423790561207e-01 2.557181383799519135e-04 6.544583611514812560e+01 9.267292876190467944e-04 -4.039149230629553340e-03 9.999914131862742694e-01 -9.740534304085269879e-01 1.560008887639952143e-16 1.205584665110881605e-15 6.846353603724842525e-18 9.999999999999593658e-01
2.830330806457833082e-01 -9.591059836553967877e-01 -2.826194718085679215e-03 -5.150893643031497504e+01 9.591004647352702195e-01 2.830422353003362868e-01 -3.659450921119914574e-03 6.629802626297853863e+01 4.309733745736809597e-03 -1.674858999872061872e-03 9.999893104640324992e-01 -9.867032117761973531e-01 1.593360470367439365e-16 1.235953585474590793e-15 6.987582254437560888e-18 9.999999999999574785e-01
2.835524204075329791e-01 -9.589437904082035447e-01 -4.983143444655467602e-03 -5.125852006900190361e+01 9.589547979206993755e-01 2.835584705048138643e-01 -5.379127402518962212e-04 6.715393129112129600e+01 1.928840615514748136e-03 -4.626082855512897614e-03 9.999874393867415057e-01 -9.918815205296556137e-01 1.628533625051250169e-16 1.266093889657330773e-15 7.038321815403052796e-18 9.999999999999554801e-01
2.838610124383520450e-01 -9.588537877274893040e-01 -4.726455134032379012e-03 -5.101027799916963090e+01 9.588567928360361980e-01 2.838340751918558835e-01 5.645227405405861716e-03 6.801745797280337058e+01 -4.071418658356963823e-03 -6.134453578044860023e-03 9.999728956473591390e-01 -9.836299738892315681e-01 1.659954679706996579e-16 1.298647068664869529e-15 7.200255796424917018e-18 9.999999999999534817e-01
2.831681753632867005e-01 -9.590636664071741091e-01 -3.559246980571807197e-03 -5.075781316446869340e+01 9.590364692425135118e-01 2.831250879343093496e-01 9.446440881924818289e-03 6.887457756993134694e+01 -8.052026112367617269e-03 -6.088379085621510416e-03 9.999490469596692410e-01 -9.790749251223793692e-01 1.688267593881575252e-16 1.330185107792455704e-15 7.420707738301882831e-18 9.999999999999513722e-01
2.832470613515600255e-01 -9.590395599445100672e-01 -3.771564285581540006e-03 -5.050886125806452043e+01 9.590054659112760005e-01 2.831960226022624538e-01 1.041773175202003084e-02 6.972325943057545317e+01 -8.922924870416154564e-03 -6.567742669616903270e-03 9.999386212002897567e-01 -9.859647976303037575e-01 1.709568361172435093e-16 1.362436318329837082e-15 7.656819209172333794e-18 9.999999999999493738e-01
2.836197026555175582e-01 -9.589260300498972933e-01 -4.553367803531899877e-03 -5.025416804297124429e+01 9.588818776151627477e-01 2.835494109688660447e-01 1.205306271205485585e-02 7.058881654555847263e+01 -1.026689081780148699e-02 -7.784627931404161823e-03 9.999169918152495118e-01 -1.004208020279429903e+00 1.736052331933935948e-16 1.394121572213542886e-15 7.924732697659063238e-18 9.999999999999474865e-01
2.836272551208048331e-01 -9.589083006004239795e-01 -7.102900271050624319e-03 -5.001079273574303130e+01 9.588855023136757527e-01 2.835299922919090609e-01 1.222034876430287860e-02 7.144576568912984271e+01 -9.704308607225271832e-03 -1.027689207092766580e-02 9.999001009519751237e-01 -1.017370835748079738e+00 1.749577345034427525e-16 1.426378630764975940e-15 8.238336093702525019e-18 9.999999999999454880e-01
2.838187154718491145e-01 -9.588294694330462553e-01 -9.642888294929104209e-03 -4.976513676710808909e+01 9.588609276801478565e-01 2.837393888709325296e-01 8.813658255639894926e-03 7.229360264467703701e+01 -5.714728037269274988e-03 -1.174766998071387174e-02 9.999146634255515753e-01 -1.028516837934343453e+00 1.774385464077667285e-16 1.457220608468446994e-15 8.608636272015303844e-18 9.999999999999431566e-01
2.838116602534818123e-01 -9.588330119547862074e-01 -9.497193790310441350e-03 -4.951481950048754754e+01 9.588778121859646841e-01 2.838184544191986736e-01 6.528620799199170771e-04 7.312971529111165125e+01 2.069493148402630836e-03 -9.291938274375839343e-03 9.999546875139698754e-01 -1.021420801284848023e+00 1.800959369867111595e-16 1.488280586291202097e-15 9.008498286572877268e-18 9.999999999999407141e-01
2.834527724917167979e-01 -9.589438078507446228e-01 -9.016604210468867273e-03 -4.926102971347312831e+01 9.589467681444636682e-01 2.835138489095220260e-01 -6.402604325257491187e-03 7.397483394500177667e+01 8.696069935627048775e-03 -6.831607520103239947e-03 9.999388518836096473e-01 -1.019632710157789779e+00 1.823970792248522326e-16 1.517195903274385534e-15 9.308647856344818785e-18 9.999999999999381606e-01
2.835684644330962456e-01 -9.589051015488520013e-01 -9.483259073543708409e-03 -4.900845265620472446e+01 9.589170202153174394e-01 2.836287150415201519e-01 -5.735882288669040367e-03 7.483009946304984794e+01 8.189891373922817547e-03 -7.467143199963366049e-03 9.999385818397339420e-01 -1.017968833244198956e+00 1.847473978634159124e-16 1.545842868652412547e-15 9.517675774281683036e-18 9.999999999999354960e-01
2.838484664220052855e-01 -9.588352922045069171e-01 -8.057948435359198885e-03 -4.875776778294642355e+01 9.588668151915661353e-01 2.838562997872060567e-01 1.783139490030982580e-04 7.568714231082226718e+01 2.116325719339551964e-03 -7.777113494154990793e-03 9.999675183080156682e-01 -1.011699506332064846e+00 1.866260094080322350e-16 1.577036142304137658e-15 9.754567217327675364e-18 9.999999999999329425e-01
2.836149448711069998e-01 -9.589105180558548103e-01 -7.292558373029081782e-03 -4.850649190466145910e+01 9.589246901514982824e-01 2.835622949821044458e-01 7.474187762498537592e-03 7.654662162897021460e+01 -5.099182670838966688e-03 -9.112805628484118778e-03 9.999454760683746946e-01 -1.008620164658154295e+00 1.898241851597744401e-16 1.607407029786540909e-15 9.998444310140043179e-18 9.999999999999305000e-01
2.834570691549898047e-01 -9.589586465483854738e-01 -7.099588450352384283e-03 -4.825648367281674922e+01 9.589407270481252743e-01 2.833651588916176189e-01 1.169909120932111427e-02 7.739992409776597526e+01 -9.207168662639696535e-03 -1.012427461629258722e-02 9.999063591700234621e-01 -1.014081552731910474e+00 1.934456628279448214e-16 1.634830790281928670e-15 1.026388627882188435e-17 9.999999999999279465e-01
2.833047200724788106e-01 -9.590045527259861702e-01 -6.978784671903750549e-03 -4.800495667053586146e+01 9.589864730053977437e-01 2.832150911101385393e-01 1.158260594756175925e-02 7.825261206496492150e+01 -9.131274699453387558e-03 -9.973967034055021205e-03 9.999085657218397261e-01 -1.023968565932090735e+00 1.979860389239627740e-16 1.663312472421046217e-15 1.059117463330331241e-17 9.999999999999253930e-01
2.839257242630375266e-01 -9.587919735541169386e-01 -1.020463374750437725e-02 -4.775886047555994196e+01 9.588271868021227551e-01 2.838368345209303367e-01 9.331517490107885809e-03 7.910104306536283048e+01 -6.050533130259719977e-03 -1.243393813031506805e-02 9.999043895449958308e-01 -1.034275979657801825e+00 2.023800723764250957e-16 1.690487580457451589e-15 1.090255055413445753e-17 9.999999999999228395e-01
2.842497703626789551e-01 -9.586656127670780680e-01 -1.274013134528750348e-02 -4.751109673913399689e+01 9.587432559850613822e-01 2.841717894897976548e-01 7.600208006521497542e-03 7.994903274649753655e+01 -3.665672143004994159e-03 -1.437487238821734750e-02 9.998899568910080138e-01 -1.041679576690884845e+00 2.060198190103510936e-16 1.716444259672789532e-15 1.127477051825095730e-17 9.999999999999198419e-01
2.834948366596631852e-01 -9.588921511312655799e-01 -1.251079878233037762e-02 -4.725757450362862500e+01 9.589689802584000500e-01 2.834280949920031101e-01 6.856374537022568057e-03 8.080700274855013276e+01 -3.028611863063814490e-03 -1.394121472995680892e-02 9.998982298424050619e-01 -1.044654715477107976e+00 2.095678515119534799e-16 1.742013077370360885e-15 1.171970667102187960e-17 9.999999999999168443e-01
2.825169968670689369e-01 -9.591831115856130907e-01 -1.232497181169091294e-02 -4.700502560232183669e+01 9.592523659684909498e-01 2.824323013333152055e-01 8.178847587132840116e-03 8.166225088621621353e+01 -4.364042325167206797e-03 -1.413342182900651639e-02 9.998905947762115609e-01 -1.049199514123843047e+00 2.131882970642745328e-16 1.767768106012858625e-15 1.215601381678458338e-17 9.999999999999136246e-01
2.823792544564444063e-01 -9.592070846844037435e-01 -1.355453222628983864e-02 -4.675745939710906640e+01 9.592706726966345743e-01 2.822258684183646116e-01 1.217931443433072254e-02 8.251923935268492016e+01 -7.857045063441104801e-03 -1.644165097655483215e-02 9.998339556926313376e-01 -1.050416486363293656e+00 2.170673611041307951e-16 1.795618764672354515e-15 1.261741541542229318e-17 9.999999999999101830e-01
2.821333823939385921e-01 -9.592859313905820473e-01 -1.308649590461481715e-02 -4.650785311914007281e+01 9.593288838842473076e-01 2.819594974376241625e-01 1.367239373996049362e-02 8.337032893779883125e+01 -9.425873154693405198e-03 -1.641169220140354865e-02 9.998208885967008186e-01 -1.056737528528890913e+00 2.209875458323722698e-16 1.821039045643319893e-15 1.316158038216305528e-17 9.999999999999064082e-01
2.812077010952121481e-01 -9.595720821818908286e-01 -1.198532193377413110e-02 -4.625433757651335753e+01 9.596067767148819261e-01 2.810597551529888105e-01 1.265891451425328607e-02 8.422387191991468569e+01 -8.778549310468937092e-03 -1.506098039767045892e-02 9.998480404248456521e-01 -1.061957310417666056e+00 2.258948624431700370e-16 1.845968956214902679e-15 1.372763153829170285e-17 9.999999999999027445e-01
2.806694517763367314e-01 -9.597071366166751716e-01 -1.367006827310520214e-02 -4.601227640650646578e+01 9.597764897784074600e-01 2.805240064749529583e-01 1.163492416604495691e-02 8.507673694480659776e+01 -7.331337435389883271e-03 -1.638577792933222643e-02 9.998388659044012972e-01 -1.077821125731720731e+00 2.310171691257884584e-16 1.870916394990735910e-15 1.420690554696983282e-17 9.999999999998988587e-01
2.797698757017985094e-01 -9.599748031823335248e-01 -1.331142009091964770e-02 -4.576696326022357653e+01 9.600427659246516532e-01 2.796371994314002518e-01 1.099655811546036872e-02 8.593549233511156160e+01 -6.834050477892276466e-03 -1.585603825957878493e-02 9.998509297913954486e-01 -1.091036348744023776e+00 2.364246595145022642e-16 1.892043040176030879e-15 1.471146644436484130e-17 9.999999999998946398e-01
2.783990946504383279e-01 -9.604220219025212391e-01 -9.136954770853781063e-03 -4.551334604873388656e+01 9.604499579798450037e-01 2.783279082474691690e-01 8.333889103536355411e-03 8.677723300397646256e+01 -5.460981114004515198e-03 -1.109573500707061039e-02 9.999235282509700840e-01 -1.093309935298233393e+00 2.413396064385020751e-16 1.915922462090015706e-15 1.519625780611827365e-17 9.999999999998904210e-01
2.771228149259007956e-01 -9.607318374837626740e-01 -1.404570726633368877e-02 -4.527310583840215941e+01 9.608339897676203556e-01 2.770779208111787129e-01 5.086246817456041222e-03 8.762422017931747575e+01 -9.947638851501578849e-04 -1.490510798727830849e-02 9.998884178750373497e-01 -1.094323290980796504e+00 2.458126468176725525e-16 1.941265295345383171e-15 1.558492181368506516e-17 9.999999999998863132e-01
2.764363867434193045e-01 -9.607906852178140777e-01 -2.154491315641239926e-02 -4.504056298660508872e+01 9.610233603041359318e-01 2.764606164130897215e-01 1.904868171238188442e-03 8.847767088866930862e+01 4.126140376296733719e-03 -2.123173971351149936e-02 9.997660667347539887e-01 -1.104227548910218237e+00 2.514503293201074723e-16 1.966229177818571767e-15 1.607152228338027930e-17 9.999999999998825384e-01
2.750960266696698131e-01 -9.611428829309048849e-01 -2.294634397499185213e-02 -4.480530119766387998e+01 9.614027492973653555e-01 2.751424826272470536e-01 1.169571589082921441e-03 8.932672948796344770e+01 5.189388639574980290e-03 -2.238242268093810008e-02 9.997360138558728515e-01 -1.106639930164556640e+00 2.583092440839405380e-16 1.990885647435384293e-15 1.666841239669782080e-17 9.999999999998790967e-01
2.737910783052808772e-01 -9.615521833509571570e-01 -2.135050663159950360e-02 -4.456539547652273825e+01 9.617864333125120124e-01 2.737759719992786667e-01 3.684270942541300990e-03 9.018084250607955710e+01 2.302636936888229589e-03 -2.154334813674452925e-02 9.997652634564520024e-01 -1.094584881405556986e+00 2.643371352710594061e-16 2.014798795757926259e-15 1.723662311839133481e-17 9.999999999998756550e-01
2.732747171748872161e-01 -9.617576989995932912e-01 -1.852180790252037912e-02 -4.432725967628207542e+01 9.619341376942008859e-01 2.731853083639004809e-01 7.245828674295316796e-03 9.103489181359176996e+01 -1.908845709826593497e-03 -1.979686109491154977e-02 9.998022007371258901e-01 -1.085315191112018463e+00 2.703725788042320894e-16 2.042786184255070468e-15 1.782198804663078461e-17 9.999999999998723244e-01
2.722294963546285085e-01 -9.620354120662717445e-01 -1.946708105922031334e-02 -4.409456308163222360e+01 9.622230966820426445e-01 2.720824213746896869e-01 9.892835339763376284e-03 9.189076905255666361e+01 -4.220607370901577164e-03 -2.142479660222368007e-02 9.997615538536833713e-01 -1.089282201640446424e+00 2.770163695413934702e-16 2.071837618195832701e-15 1.836780877180835264e-17 9.999999999998691047e-01
2.713165744212568398e-01 -9.623311809745015433e-01 -1.749327209287246734e-02 -4.386456340956721078e+01 9.624760898645317031e-01 2.711695025033111217e-01 1.033815030616977264e-02 9.274077918530775833e+01 -5.205082502647102524e-03 -1.964176764980462425e-02 9.997935327254785509e-01 -1.098436684176208544e+00 2.848193684667985670e-16 2.099184411652171662e-15 1.890175841932138183e-17 9.999999999998657740e-01
2.698640122982141620e-01 -9.627937404082731465e-01 -1.419958791421197138e-02 -4.362825928724427627e+01 9.628767452064178611e-01 2.697295850356557501e-01 1.069226345372464512e-02 9.359612810711674058e+01 -6.464395368261936954e-03 -1.655791011028034596e-02 9.998420111223903506e-01 -1.110724699985671027e+00 2.918697385845422384e-16 2.130298847955688002e-15 1.940866110075866079e-17 9.999999999998625544e-01
2.689655509795565447e-01 -9.630452458930598425e-01 -1.419107991008974196e-02 -4.340165352569656676e+01 9.631133149518936731e-01 2.687979260967508499e-01 1.266560259319178885e-02 9.444808852512382202e+01 -8.383015514836502161e-03 -1.707422879491996004e-02 9.998190815152027122e-01 -1.115923239930746380e+00 2.990233869434761904e-16 2.163387534155863499e-15 1.982231235703446440e-17 9.999999999998595568e-01
2.685739689973025701e-01 -9.630721106664276165e-01 -1.897716610881074184e-02 -4.318297913210238193e+01 9.632220396735866608e-01 2.683387924708459105e-01 1.405683972108123618e-02 9.529861357998734661e+01 -8.445440461323191692e-03 -2.205452588200188663e-02 9.997210973183991989e-01 -1.113985401212439275e+00 3.056706705603491240e-16 2.195567110768616788e-15 2.021328529833179591e-17 9.999999999998562261e-01
2.682831774934912872e-01 -9.630500391900841395e-01 -2.363807712028568805e-02 -4.296524134349980528e+01 9.633117604253175204e-01 2.680063173546639588e-01 1.425012578470079283e-02 9.615101705877178517e+01 -7.388430197065925728e-03 -2.659390670901110032e-02 9.996190150378038153e-01 -1.118490827538679344e+00 3.107193252114476788e-16 2.229875890566142011e-15 2.083394601787296616e-17 9.999999999998527844e-01
2.687516896305729985e-01 -9.628519348454612770e-01 -2.624273013680057318e-02 -4.273806311096721799e+01 9.631958920051088002e-01 2.685033394917237248e-01 1.263448878669398007e-02 9.699918692059293335e+01 -5.118881294939980897e-03 -2.867243007180484554e-02 9.995757544118621940e-01 -1.127738940402407852e+00 3.133487809112079328e-16 2.263304818512675177e-15 2.157199483479610194e-17 9.999999999998492317e-01
2.702167845470101470e-01 -9.623997609009307119e-01 -2.774147737365220689e-02 -4.250572249414393866e+01 9.627872846195082435e-01 2.699559849494402863e-01 1.282227614782631767e-02 9.784296604501322747e+01 -4.851177650516546799e-03 -3.017393590314882204e-02 9.995328907382177164e-01 -1.141789874392709736e+00 3.141045755344469826e-16 2.296806886827210226e-15 2.235531722701112454e-17 9.999999999998454570e-01
2.714734158856544344e-01 -9.620653045564645511e-01 -2.706536968184380942e-02 -4.226579587449472797e+01 9.624144157516203446e-01 2.711295637482974974e-01 1.572424929139997971e-02 9.869588057013089610e+01 -7.789532808927996689e-03 -3.031681761682519446e-02 9.995099868176369196e-01 -1.153213981641594499e+00 3.150054604807450924e-16 2.332766707525695212e-15 2.323069708081234468e-17 9.999999999998417932e-01
