1.000000000000000000e+00 4.398956837314658088e-19 2.733407509747682871e-20 -8.673617379884035472e-19 -5.583667658079949532e-19 1.000000000000000000e+00 -6.100159232558060012e-19 0.000000000000000000e+00 4.145284534913582806e-20 -2.210423569125054137e-19 1.000000000000000222e+00 0.000000000000000000e+00
9.998994869837947164e-01 2.646106482678511592e-04 1.417553973163670870e-02 -9.499839176060538570e-02 -2.640828141815504231e-04 9.999999643656778403e-01 -3.910764572876190744e-05 -1.189499279225254835e-02 -1.417554982030932130e-02 3.536021174195671184e-05 9.998995212122644416e-01 8.180982816167414740e-03
9.995521175358145216e-01 1.607439347906367997e-03 2.988277918620001194e-02 -1.162623846443646969e-01 -1.601707053679182150e-03 9.999986939911614803e-01 -2.157626376597166808e-04 -1.931216169803438854e-02 -2.988308750212576720e-02 1.678025712611609785e-04 9.995533867168517883e-01 2.775014256772734278e-03
9.979603265297807280e-01 5.135076010693138786e-03 6.363032041598071231e-02 -1.023063214794509707e-03 -5.228679267078804350e-03 9.999854793477351844e-01 1.304613506051044425e-03 6.212300847554461103e-03 -6.362269827335671757e-02 -1.634655017161898470e-03 9.979726850713360742e-01 4.120719947437417874e-01
9.954216857091231496e-01 4.127961981638765369e-03 9.549150495021251073e-02 1.696900885403077736e-02 -4.445378811688252031e-03 9.999852783721869809e-01 3.111535592585365669e-03 1.342204593746261498e-02 -9.547725650957354648e-02 -3.521785863964546105e-03 9.954253817028877460e-01 5.309580655671102267e-01
9.908527125095175636e-01 1.804020582694235457e-03 1.349357161443013320e-01 1.574764819683559525e-01 -2.489774924361557069e-03 9.999848291430400993e-01 4.913502617848626575e-03 1.744561676023220764e-02 -1.349248073256622826e-01 -5.204516882575455604e-03 9.908421718415405532e-01 8.292187863861926189e-01
9.851144602169881193e-01 -2.587032030865050493e-03 1.718802119723634725e-01 1.486915926487075712e-01 1.555662198463166664e-03 9.999799710066422653e-01 6.134940602535133951e-03 -1.650477931980567914e-02 -1.718926436433947658e-01 -5.776231042364657516e-03 9.850987536738189387e-01 8.923898468156969965e-01
9.764208535135407985e-01 -2.528291184733482636e-03 2.158608905322701721e-01 2.744242857772808408e-01 1.123024199137608340e-03 9.999773743565443240e-01 6.632464683843449123e-03 -5.447907570622356754e-03 -2.158727790746640951e-01 -6.233659677084456112e-03 9.764016003938431609e-01 1.165805596441063630e+00
9.649085018440770600e-01 -2.646141355399774572e-03 2.625729997006181482e-01 3.489344511888578526e-01 -4.530251397751929189e-05 9.999475310474461587e-01 1.024368570204248381e-02 3.561664996281757589e-03 -2.625863335482662708e-01 -9.896114483556579453e-03 9.648577538621996297e-01 1.318615886524995506e+00
9.505061214815778703e-01 -6.230183736226941639e-03 3.106433591620416101e-01 5.286102801340766266e-01 1.065806205316434082e-03 9.998584405260421137e-01 1.679175267510513159e-02 2.805952704621335336e-02 -3.107040057212784312e-01 -1.562957793484885671e-02 9.503782080706479896e-01 1.607441244895657650e+00
9.336514647222812213e-01 -1.594423672091208749e-02 3.578277826219615765e-01 6.242309931220205721e-01 7.492739044043360101e-03 9.996595456085893838e-01 2.499303325142789023e-02 4.870070778846075088e-03 -3.581044596013222003e-01 -2.065367174548324997e-02 9.334530644881893213e-01 1.790770919952779705e+00
9.124278639164492555e-01 -2.154436600126720044e-02 4.086700761112531666e-01 7.970472892084083938e-01 1.017287913289521145e-02 9.994987583160828137e-01 2.997906974281984438e-02 -4.205309505357149313e-03 -4.091111207464112054e-01 -2.319638708848626926e-02 9.121896847002051167e-01 2.035007001835206886e+00
8.878830514206359492e-01 -2.363685451610246166e-02 4.594616230576401006e-01 9.873808618394782632e-01 8.949733108837390136e-03 9.993777446214061611e-01 3.411782231279630179e-02 -9.305681920701691645e-03 -4.599821665334741794e-01 -2.618057706945666266e-02 8.875421043165389046e-01 2.259737652580029454e+00
8.597365057812503819e-01 -2.551868262880002333e-02 5.100999251249351829e-01 1.173222201867250902e+00 6.970281426926537571e-03 9.992442304600320790e-01 3.824111708053135050e-02 2.536363992166796449e-02 -5.106902788843602492e-01 -2.932174410634610234e-02 8.592646148077141000e-01 2.490867660591077559e+00
8.273820054432978743e-01 -3.075297861725967766e-02 5.607969923456987971e-01 1.411698099205189294e+00 8.010796414218713732e-03 9.990443878600272498e-01 4.296671021137693502e-02 2.735992015805548822e-02 -5.615824519466922071e-01 -3.105745205273502396e-02 8.268377042250487641e-01 2.752538333976164431e+00
7.920675758777734332e-01 -3.663109363861077189e-02 6.093333344881001201e-01 1.616214478568169355e+00 1.031568970675108762e-02 9.988585543191286220e-01 4.663877101782577805e-02 2.734499288677347262e-02 -6.103462533125938450e-01 -3.065536436494623040e-02 7.915413479116633066e-01 2.922020233533328515e+00
7.544244850530635871e-01 -4.108552116868617599e-02 6.550997402039369089e-01 1.870934202738501417e+00 1.138102651754907720e-02 9.987078499945849508e-01 4.952880517897537138e-02 3.353234176108202402e-02 -6.562881811797823817e-01 -2.991003544061148975e-02 7.539172499440970343e-01 3.114335077753512593e+00
7.144303459440357607e-01 -4.433899264911196625e-02 6.983003127822129397e-01 2.184336201042936132e+00 1.228696687824956495e-02 9.986313322543620696e-01 5.083790544241992282e-02 4.251250626051909787e-02 -6.995986852698817815e-01 -2.774014910465014833e-02 7.139973189338697512e-01 3.351191025690334335e+00
6.722639258683515973e-01 -4.618282391758452704e-02 7.388696448245829496e-01 2.472786777333588315e+00 1.129897362146873446e-02 9.985761093806801991e-01 5.213527514356069287e-02 5.562885544783700842e-02 -7.402253422916167391e-01 -2.670019561136541264e-02 6.718285130495638136e-01 3.579473977681206787e+00
6.300650452445089034e-01 -4.661199600724269532e-02 7.751421488448495545e-01 2.813995142399873473e+00 7.253080432234025772e-03 9.985065730467265199e-01 5.414809651297702864e-02 8.586303217635583851e-02 -7.765084949440811402e-01 -2.849465399924241624e-02 6.294621685989822968e-01 3.802878562434611087e+00
5.882367976278477517e-01 -4.739876900245755531e-02 8.072984677535270936e-01 3.164662310487313057e+00 4.237387982543252066e-03 9.984477984118955707e-01 5.553411872137033189e-02 1.078094356907710605e-01 -8.086776406300117959e-01 -2.924637477422133494e-02 5.875245813848153364e-01 4.020670967944861118e+00
5.478159737343283320e-01 -4.826106486172047905e-02 8.352056735574695523e-01 3.553980380689741647e+00 2.053750578145528433e-03 9.984092764250387386e-01 5.634446567659229937e-02 1.252338409454300805e-01 -8.365963505741639272e-01 -2.915109360671825842e-02 5.470436649751763136e-01 4.233970365158640448e+00
5.092405520374481132e-01 -5.105563638638217078e-02 8.591084739570069573e-01 3.978113517684557898e+00 1.279442407134679044e-03 9.982825916241545583e-01 5.856816747358521702e-02 1.354074611437151576e-01 -8.606232838058930357e-01 -2.872610550250746103e-02 5.084312995960562631e-01 4.443464584388713945e+00
4.722388471326287029e-01 -5.088670237947656022e-02 8.800005693109177463e-01 4.372607265656759168e+00 -1.761053936376478363e-03 9.982758138712165552e-01 5.867110096090545623e-02 1.553321544124639242e-01 -8.814688786251709818e-01 -2.925650090652909263e-02 4.713350040078372882e-01 4.609483062525660202e+00
4.358338236555873713e-01 -5.023233222839557088e-02 8.986242693995726283e-01 4.813112717770940741e+00 -3.135007581315891242e-03 9.983505085217007080e-01 5.732742646672664422e-02 1.813352008598477227e-01 -9.000217022160985625e-01 -2.780242470289506773e-02 4.349574394811939748e-01 4.781736985237278859e+00
4.027903966765346011e-01 -4.900929318344224295e-02 9.139791964843013705e-01 5.343409672673964828e+00 -1.704609072254457567e-03 9.985235411215559465e-01 5.429394163736788598e-02 2.002124285090396694e-01 -9.152906673158869300e-01 -2.342705479071653663e-02 4.021121502571866069e-01 4.984083150352672575e+00
3.725600118113766013e-01 -4.727383564710618824e-02 9.268032195120871064e-01 5.853058391745284972e+00 6.486477563542999633e-05 9.987029788720775958e-01 5.091518192011712518e-02 2.253241357745392193e-01 -9.280081081482013383e-01 -1.890884311068249252e-02 3.720798587163784976e-01 5.185346653835821051e+00
3.467128869035484007e-01 -4.539894471936681969e-02 9.368719737258961455e-01 6.405921678935819763e+00 1.145731186046468906e-03 9.988477278663852044e-01 4.797815964518426651e-02 2.521806912818393420e-01 -9.379706163018799447e-01 -1.556124197591878498e-02 3.463653929826543965e-01 5.352306907459105645e+00
3.264118915492063566e-01 -4.482219151213163305e-02 9.441643041443826823e-01 6.970530464506949464e+00 2.151510012260493977e-03 9.989077080283725873e-01 4.667720870549627032e-02 2.730220067887426660e-01 -9.452251921971481785e-01 -1.320461617676142209e-02 3.261517885341060352e-01 5.521093175997257241e+00
3.116067643752549188e-01 -4.543452559392403833e-02 9.491242874964026521e-01 7.528864528494175090e+00 3.394430187773459038e-03 9.989030517867775183e-01 4.670300781471543872e-02 3.054741995299657398e-01 -9.502050927509861911e-01 -1.133123613905304486e-02 3.114191708895877042e-01 5.704030521708773449e+00
2.994092560830331484e-01 -4.698862009764264575e-02 9.529670254771961391e-01 8.176068367657453706e+00 4.245098386394381869e-03 9.988423060575186696e-01 4.791687313254427288e-02 3.232995931139987511e-01 -9.541153455828577101e-01 -1.030131566159642534e-02 2.992621017833730912e-01 5.909105735049699604e+00
2.886324583546236999e-01 -4.883000889352873825e-02 9.561939755031838573e-01 8.794554467227014172e+00 3.188801682445676147e-03 9.987421108266004710e-01 5.004025945515790802e-02 3.546667741356364090e-01 -9.574346723351231381e-01 -1.139412925526302363e-02 2.884250985874978190e-01 6.095349999994195578e+00
2.781817584691433920e-01 -5.050349652306584253e-02 9.591998178447008749e-01 9.459833347738442200e+00 1.382515255964889868e-03 9.986367926373679316e-01 5.217897089912680586e-02 3.853718738437116320e-01 -9.605274666854778376e-01 -1.318912861934844541e-02 2.778723595612193065e-01 6.282228722069615579e+00
2.680490324968774485e-01 -5.231625812671843873e-02 9.619837366952104230e-01 1.013620725887986929e+01 6.108042938037368209e-04 9.985335053343877831e-01 5.413377507017318180e-02 4.087488550005193844e-01 -9.634050858954676944e-01 -1.392292135897695883e-02 2.676878936709538581e-01 6.453248292319130996e+00
2.582096706636150540e-01 -5.437520284215795197e-02 9.645574568397237147e-01 1.084770267334558724e+01 -2.771004923925886841e-04 9.984105981058781776e-01 5.635779240387649158e-02 4.380927111183581246e-01 -9.660888704988904729e-01 -1.481940548840230028e-02 2.577842029803931179e-01 6.653134533920005644e+00
2.477965748719253292e-01 -5.588168798307058260e-02 9.671990894228785773e-01 1.158905947732163888e+01 -8.689846487187265775e-04 9.983218647585485606e-01 5.790249709000457046e-02 4.711532076725986062e-01 -9.688117045824963247e-01 -1.518852074136073371e-02 2.473321770262474906e-01 6.835856245541426901e+00
2.373252851114544815e-01 -5.712110990358950507e-02 9.697493861304535834e-01 1.236347165023755501e+01 -1.327724541616044727e-03 9.982497160665667613e-01 5.912479579980929600e-02 5.013479095358691628e-01 -9.714293401258849991e-01 -1.531936820130498644e-02 2.368340560233042902e-01 7.013984660400833349e+00
2.268666398835785802e-01 -5.990603689428401074e-02 9.720816727044564454e-01 1.312070926634974732e+01 -2.578090025893499480e-03 9.980660399099046121e-01 6.210904432103452055e-02 5.339842005503456779e-01 -9.739224290944105134e-01 -1.659658338440743452e-02 2.262734443419631147e-01 7.206641716876450943e+00
2.161061071772583941e-01 -6.342761813591633879e-02 9.743074830683815524e-01 1.389532144150645365e+01 -4.450187142654432951e-03 9.978133404331670508e-01 6.594492734207503537e-02 5.813830432975556350e-01 -9.763597508483310428e-01 -1.858695131072935283e-02 2.153512905590707627e-01 7.371811711106963649e+00
2.034260215882582323e-01 -6.737229220191280621e-02 9.767695796582778200e-01 1.469846827505593545e+01 -4.353959870719578164e-03 9.975575938604874793e-01 6.971291066355232713e-02 6.209876543892043355e-01 -9.790806471641542164e-01 -1.843423475499763806e-02 2.026358350035303568e-01 7.538588133010937220e+00
1.909062668007484864e-01 -6.992421404346428615e-02 9.791145925014465012e-01 1.547425075598324895e+01 -5.331756316232285145e-03 9.973710282049319531e-01 7.226758898970532530e-02 6.615213305296757662e-01 -9.815937991943323171e-01 -1.901673517013208886e-02 1.900315593728440500e-01 7.683463872410440487e+00
1.776542638456272138e-01 -7.063263820146520322e-02 9.815548769774780080e-01 1.626673493394820369e+01 -5.836035297599313949e-03 9.973277372763948989e-01 7.282393217601891566e-02 6.956745612290916592e-01 -9.840756679455049394e-01 -1.866587009476817008e-02 1.767673090384226653e-01 7.826190749379274614e+00
1.628723847238331135e-01 -6.969800303062428926e-02 9.841822789084923029e-01 1.707262781415186126e+01 -7.499866560560854677e-03 9.973855089449569222e-01 7.187418520694502377e-02 7.366918345511633825e-01 -9.866186473891409570e-01 -1.908755483355349669e-02 1.619238292343717911e-01 7.964523262585700536e+00
1.465560275034786530e-01 -6.872264718990736543e-02 9.868122982117762954e-01 1.786689755935735846e+01 -8.457869817194887951e-03 9.974603265107867545e-01 7.072030422511510483e-02 7.767670363148347912e-01 -9.891662208071771989e-01 -1.871081592222612056e-02 1.456025744643018871e-01 8.120704236416582233e+00
1.255737698608191122e-01 -6.736069720297933883e-02 9.897948009558956706e-01 1.871145567297529766e+01 -1.144002534754324542e-02 9.975276042697687195e-01 6.933833356944774096e-02 8.152472972251452177e-01 -9.920183321684779010e-01 -2.003035268107500322e-02 1.244926923428360671e-01 8.186695016070652642e+00
1.000176269042701432e-01 -6.587260095668852344e-02 9.928027285494405163e-01 1.950404811625604395e+01 -1.585023971310984756e-02 9.975739732872825893e-01 6.778596974442722967e-02 8.613542997329269868e-01 -9.948594179525993564e-01 -2.251595221221622950e-02 9.873088356783965569e-02 8.267063980059367267e+00
7.031685992044275912e-02 -6.548983619320744576e-02 9.953725953114048730e-01 2.034388694188272950e+01 -1.982843851743444283e-02 9.975536394214482572e-01 6.703409196478385401e-02 9.048339473871912508e-01 -9.973276239845348945e-01 -2.445031032091008610e-02 6.884627694631031969e-02 8.297646907167631980e+00
3.749045092191718997e-02 -6.539484597051026249e-02 9.971549343154503253e-01 2.118044265290616934e+01 -2.294597735293534696e-02 9.975370155133499450e-01 6.628261306137246678e-02 9.443049040850579612e-01 -9.990335157313571246e-01 -2.536565875381701501e-02 3.589756247628739239e-02 8.343713103971529321e+00
2.990266053679462022e-03 -6.458651418638673702e-02 9.979076225963358082e-01 2.202970628193454061e+01 -2.468864079593358421e-02 9.976031472816632162e-01 6.464078856019735142e-02 9.704869050514490780e-01 -9.996907254961346911e-01 -2.483027515061396115e-02 1.388544184158318389e-03 8.333304874518109528e+00
-3.163471782188109066e-02 -6.355320111373549685e-02 9.974769260295553996e-01 2.285782817935676547e+01 -2.565725243399825592e-02 9.976991955516706367e-01 6.275365004663444046e-02 1.000581147133462911e+00 -9.991701393055695268e-01 -2.360732241612378476e-02 -3.319253443921062197e-02 8.286598022434594313e+00
-6.482215875039382125e-02 -6.143858559238145334e-02 9.960037001149764091e-01 2.372522806829435993e+01 -2.798048683340024004e-02 9.978223543822459796e-01 5.972973683170678533e-02 1.030363939755111868e+00 -9.975044848244508655e-01 -2.399685707657330663e-02 -6.640008198661322136e-02 8.241710131921204052e+00
-9.659046355176453824e-02 -5.844926568713177534e-02 9.936065360274758396e-01 2.455460236880222524e+01 -2.998377997130323089e-02 9.979920710695393549e-01 5.579246401590575583e-02 1.074596067832814805e+00 -9.948724904786968581e-01 -2.440305893972676693e-02 -9.814904807520510865e-02 8.150531022259215774e+00
-1.290899003711588056e-01 -5.422088345729610126e-02 9.901494211677207558e-01 2.537745736415524433e+01 -2.668219975714971812e-02 9.983324153809460810e-01 5.119031777676519290e-02 1.101060996206721265e+00 -9.912738646258939523e-01 -1.981121073134972307e-02 -1.303213658660198337e-01 8.015272536063928754e+00
-1.604210204401806117e-01 -4.872761907508045554e-02 9.858451695201776444e-01 2.621321888476964546e+01 -2.288816637218291788e-02 9.986957869402740551e-01 4.563832823647130665e-02 1.112638638853455042e+00 -9.867832815237587152e-01 -1.524284014113390720e-02 -1.613270844812469962e-01 7.890772236691988795e+00
-1.919259457331813079e-01 -4.257273661520311059e-02 9.804855820054007021e-01 2.709117722687331309e+01 -1.644794649623629659e-02 9.990578947675515797e-01 4.015953146013419295e-02 1.135430198019464099e+00 -9.812715795486320891e-01 -8.419317351686054357e-03 -1.924453667618379604e-01 7.705879521716790137e+00
-2.214813937994081494e-01 -3.673528903403982387e-02 9.744724182738605522e-01 2.788798600689533913e+01 -1.055047444772578419e-02 9.993219824179021549e-01 3.527411155962101308e-02 1.147915901419080731e+00 -9.751075304074567907e-01 -2.468585921971747348e-03 -2.217188016135072659e-01 7.539241660314329074e+00
-2.486184006259235246e-01 -3.037831752598859139e-02 9.681250085151866802e-01 2.869845003942009498e+01 -1.767691126162611445e-03 9.995206236479288187e-01 3.090951566224099320e-02 1.174152638502831802e+00 -9.685999081385068266e-01 5.973329465226316116e-03 -2.485529196835326859e-01 7.291633165644299197e+00
-2.747152981969092633e-01 -2.019035602023224948e-02 9.613136002777080691e-01 2.950196219844883316e+01 4.143026982071595227e-03 9.997453759704115761e-01 2.218149085660708550e-02 1.170674755125384436e+00 -9.615166955899179246e-01 1.007634418979689271e-02 -2.745617012397577050e-01 7.036855584632113469e+00
-2.997717927308944930e-01 -4.903149262461851607e-03 9.539983308413907404e-01 3.029646834180636006e+01 8.583907576445034063e-03 9.999324504076697595e-01 7.836525698846697960e-03 1.161240646526221276e+00 -9.539723288250094857e-01 1.053820397723565123e-02 -2.997094564283594442e-01 6.784761706998285291e+00
-3.245629812421557681e-01 1.183651739727892629e-02 9.457900148273593599e-01 3.105762077286673417e+01 9.124845876944903331e-03 9.999143488643240651e-01 -9.382542714758574168e-03 1.128992113694243127e+00 -9.458200798496075867e-01 5.584963139605590189e-03 -3.246431897809455847e-01 6.496977546549107529e+00
-3.495687022579538894e-01 2.624540355273607267e-02 9.365430505606111566e-01 3.185172937391874726e+01 7.957361563830729970e-03 9.996546819947043083e-01 -2.504390440860983572e-02 1.103654679146644169e+00 -9.368769489802200034e-01 -1.302152511784629213e-03 -3.496568353743468305e-01 6.197068745348730978e+00
-3.740777822330431102e-01 3.724644409014744167e-02 9.266490705195638000e-01 3.261206988757322733e+01 1.180014482409338927e-02 9.993034430093555853e-01 -3.540318271606290174e-02 1.070184826508945086e+00 -9.273222653505175384e-01 -2.308949886038697084e-03 -3.742567304784711335e-01 5.885112812418082484e+00
-3.977558600859316118e-01 4.163142779566311041e-02 9.165462808489605040e-01 3.338057379561369942e+01 1.630521880147893163e-02 9.991329935968327192e-01 -3.830666928579358477e-02 1.018629276964218455e+00 -9.173464065731499195e-01 -2.922135740232261305e-04 -3.980898140392262752e-01 5.554473916853357451e+00
-4.202887736192075230e-01 4.107326043795305609e-02 9.064603241702933190e-01 3.410989127975136626e+01 1.803506529355885374e-02 9.991557889967436212e-01 -3.691132208080512983e-02 9.687927831993370376e-01 -9.072111644429747823e-01 8.346578100273063404e-04 -4.206747214232247623e-01 5.195839526034836453e+00
-4.405568614612687672e-01 3.771233122958841250e-02 8.969322256559659756e-01 3.485690675684588768e+01 2.192658088820730045e-02 9.992712117394360050e-01 -3.124532604004211928e-02 9.332326009982898629e-01 -8.974569016072805328e-01 5.901315231209383096e-03 -4.410626925375451535e-01 4.802727010428994525e+00
-4.585593820104094109e-01 3.650333560218516765e-02 8.879137263556550197e-01 3.556766838548139020e+01 2.918105551822062702e-02 9.992356939755222545e-01 -2.600949509785057193e-02 9.086528753535516589e-01 -8.881845372629915136e-01 1.398336282382242959e-02 -4.592741094262540735e-01 4.392049156513675001e+00
-4.731473543324031805e-01 3.712568602776475379e-02 8.802006876502788124e-01 3.628387498677301437e+01 3.280627983946446391e-02 9.991611905526786019e-01 -2.450843208039780313e-02 8.550942059075591350e-01 -8.803722746090700824e-01 1.728001137856114214e-02 -4.739684307472493141e-01 4.047502485099779612e+00
-4.842047224780111070e-01 4.033229628025526009e-02 8.740246442754124878e-01 3.697754792727432260e+01 3.541381765965614936e-02 9.990218228056312322e-01 -2.648129565199022414e-02 8.028607528701279250e-01 -8.742377599142560074e-01 1.813018207372692897e-02 -4.851594062795710482e-01 3.609393305460100621e+00
-4.939814625504780898e-01 4.316789170541115300e-02 8.684001578412614553e-01 3.768184705223787034e+01 3.694070757964094259e-02 9.989069137843414881e-01 -2.864195623828234144e-02 7.628507474866935700e-01 -8.686873495188640604e-01 1.793072195544374511e-02 -4.950361519118819387e-01 3.245891959385338144e+00
-5.045616823306695586e-01 4.235162758596724975e-02 8.623362655570956381e-01 3.838506746069818831e+01 3.101445375790199202e-02 9.990406095459221092e-01 -3.091866884354422390e-02 7.089550726348636811e-01 -8.628184192712863299e-01 1.114451369404439660e-02 -5.053911244802211655e-01 2.852804818554253163e+00
-5.157612432675746650e-01 4.136571386454638427e-02 8.557331385300859239e-01 3.908689550156361037e+01 2.945097029287503665e-02 9.990994010797393798e-01 -3.054549164925908153e-02 6.935491004657723391e-01 -8.562260170885599431e-01 9.447991501699587458e-03 -5.165150108651974659e-01 2.425290548673713520e+00
-5.245880036804095869e-01 4.226883829693207917e-02 8.503062733963238085e-01 3.971802888191740522e+01 3.130509428811900641e-02 9.990489975198546535e-01 -3.034949048754357476e-02 6.479741045674469735e-01 -8.507804824656255427e-01 1.069794045108165940e-02 -5.254123503549200658e-01 1.991758174503057033e+00
-5.312452279496439056e-01 4.576084771477059721e-02 8.459813470720547457e-01 4.043988559422165707e+01 3.544601912819703160e-02 9.988664201642197815e-01 -3.177191112899147019e-02 6.013200804480348660e-01 -8.464762839281259055e-01 1.310799587292339925e-02 -5.322650601478808863e-01 1.543795779192477680e+00
-5.352609224592829174e-01 4.885749449404763051e-02 8.432725995747109016e-01 4.112749795090292793e+01 3.620024532982633880e-02 9.987354250450712900e-01 -3.488685907640735190e-02 5.659289005459684496e-01 -8.439107173105158122e-01 1.185310363054134161e-02 -5.363526993788410024e-01 1.096209389119751076e+00
-5.345845585140096556e-01 5.037667618405962389e-02 8.436121901438411452e-01 4.183723762021432435e+01 3.537905675138034584e-02 9.986807206361153488e-01 -3.721747588352567609e-02 5.175012224034836184e-01 -8.443741373477394729e-01 9.950316635811681798e-03 -5.356615726135484090e-01 6.641437327186623385e-01
-5.321312245227911575e-01 5.118070283718457320e-02 8.451135323534066934e-01 4.255107328917935661e+01 3.757087909426554129e-02 9.986153945777025420e-01 -3.682013975908249304e-02 4.747766755395412264e-01 -8.458278788590511965e-01 1.215851330745539027e-02 -5.333173379346398679e-01 2.062046219411525771e-01
-5.263344114463532897e-01 4.989367243083459025e-02 8.488125209348466038e-01 4.331663662501518530e+01 3.573048012562096698e-02 9.986929393626500229e-01 -3.654785349501502717e-02 4.250055198920221766e-01 -8.495265928473236805e-01 1.109208696420652465e-02 -5.274291865237477062e-01 -2.320715512088179500e-01
-5.189767152423930829e-01 4.878738535876683824e-02 8.533949536133434988e-01 4.409116653094697824e+01 3.407986230860454019e-02 9.987570304635330354e-01 -3.637247619954672023e-02 3.875596384123791704e-01 -8.541087424916179449e-01 1.020711530032718771e-02 -5.199943115744527500e-01 -6.739343991742524631e-01
-5.118243492844877229e-01 4.788891333078725693e-02 8.577543203748729805e-01 4.484339037093505453e+01 3.217309984494531178e-02 9.988131859035687121e-01 -3.656653188667535054e-02 3.433143541478592131e-01 -8.584874718026278551e-01 8.880975004703821687e-03 -5.127576449317516882e-01 -1.154602829533467157e+00
-5.061397554292315082e-01 4.666154464852794587e-02 8.611882690730188195e-01 4.565958881599824082e+01 2.959108313783504959e-02 9.988869779592763898e-01 -3.673109048646794328e-02 2.945929621385423580e-01 -8.619436918953683469e-01 6.892429498516925053e-03 -5.069571775872668828e-01 -1.578324423642535779e+00
-5.010674713953274795e-01 4.430932372248608253e-02 8.642731393581523092e-01 4.646648489238435076e+01 2.508525863116171234e-02 9.990123944638676923e-01 -3.667377073293667800e-02 2.431360475095903917e-01 -8.650445833795438189e-01 3.304482618602806211e-03 -5.016841264503921760e-01 -2.063306450237767375e+00
-4.996784972706555528e-01 4.171336905776600740e-02 8.652059758550550983e-01 4.732017910104641345e+01 2.010735830536441310e-02 9.991292398684404885e-01 -3.655757298250991022e-02 2.059676388598231100e-01 -8.659775435110570463e-01 -8.700256456178504872e-04 -5.000821440337019919e-01 -2.530529493582056144e+00
-5.002907285830308082e-01 3.888411100306212592e-02 8.649839300584326596e-01 4.814958162679358367e+01 1.748906582136048465e-02 9.992411157806225797e-01 -3.480409567377699964e-02 1.540306291829821872e-01 -8.656808487088815118e-01 -2.284404584633267874e-03 -5.005911138393471793e-01 -3.007687461095003290e+00
-5.008695068763250324e-01 3.789336487077839960e-02 8.646929029674920164e-01 4.901140424883064384e+01 1.635348967008518409e-02 9.992771389396752912e-01 -3.431855089720334956e-02 1.197085514996280714e-01 -8.653683104891978228e-01 -3.048368304209026977e-03 -5.011271377825251561e-01 -3.497395090141787843e+00
-5.012412933721621666e-01 3.736027290369075410e-02 8.645006433165167703e-01 4.988951211344763692e+01 1.619908937577404368e-02 9.992975526723569812e-01 -3.379335281460116303e-02 6.523365631457553326e-02 -8.651559210092145680e-01 -2.934499780500526324e-03 -5.014944013827173919e-01 -4.018257305704440618e+00
-5.010316214242452881e-01 3.658596317405505421e-02 8.646552885945444356e-01 5.076866795996706117e+01 1.581384934679606891e-02 9.993262404711638069e-01 -3.312079774917577046e-02 1.685671193632702625e-02 -8.652844901195693161e-01 -2.921037622449829986e-03 -5.012726127227522532e-01 -4.506970900143041803e+00
-5.009822179335808867e-01 3.601604029966443826e-02 8.647078400342719240e-01 5.165094526635706984e+01 1.621653881446142795e-02 9.993489560483264089e-01 -3.222868105653869247e-02 -2.892651659304577849e-02 -8.653056416799913553e-01 -2.123426952004932658e-03 -5.012401132240515977e-01 -5.025970172700384708e+00
-5.017264008948730813e-01 3.519074472871092790e-02 8.643102548292262988e-01 5.252638250965542710e+01 1.557820415486793099e-02 9.993776990580898190e-01 -3.164702435597743779e-02 -8.786085329318529813e-02 -8.648860910707979466e-01 -2.413745114990331619e-03 -5.019623859059849647e-01 -5.513213428044752007e+00
-5.019461682582911921e-01 3.376021180986357034e-02 8.642397113899942251e-01 5.342820983716423910e+01 1.403464838628623763e-02 9.994242607215966245e-01 -3.088973451692059169e-02 -1.368715298096878363e-01 -8.647849935914385666e-01 -3.375682505076465969e-03 -5.021309920527016191e-01 -6.021889200779757978e+00
-5.024157620325969686e-01 3.309742234653929860e-02 8.639924474069240468e-01 5.433434884472822546e+01 1.370662810651975851e-02 9.994463853175538093e-01 -3.031585715673187909e-02 -1.833014136990481768e-01 -8.645175201952212118e-01 -3.388740408089987912e-03 -5.025912725659312796e-01 -6.538921515140125429e+00
-5.016469390747527735e-01 3.221539771218174392e-02 8.644723842518946544e-01 5.520082657330114273e+01 1.227145045596770082e-02 9.994708015688027469e-01 -3.012521022540739016e-02 -2.399880368984096957e-01 -8.649854174226888626e-01 -4.503888570407305753e-03 -5.017767991755518464e-01 -7.052568946868704280e+00
-5.002336245989619234e-01 3.100768991535443608e-02 8.653350971898569055e-01 5.612467500640295981e+01 1.169889958966201932e-02 9.995094187557090892e-01 -2.905266845515621504e-02 -2.913383241351956698e-01 -8.658114511420406112e-01 -4.409652335575378265e-03 -5.003509764339079124e-01 -7.585433904067844679e+00
-4.979116740304398436e-01 2.871008482628965158e-02 8.667523765724277629e-01 5.700628012045082471e+01 1.224073899536829921e-02 9.995849591895341613e-01 -2.607822172362944668e-02 -3.412410005321783180e-01 -8.671413619324790378e-01 -2.374960501015710001e-03 -4.980564542405442885e-01 -8.083228684529487396e+00
-4.958248716093243691e-01 2.755160988548661233e-02 8.679853638460738319e-01 5.792963583744420930e+01 1.293794571159217859e-02 9.996200310263664290e-01 -2.433933253543498279e-02 -3.972391434798696608e-01 -8.683261591661060042e-01 -8.380979798251675036e-04 -4.959929359963394790e-01 -8.586141066611721939e+00
-4.935885261313640582e-01 2.680699070207020335e-02 8.692823122830292126e-01 5.878616240168129536e+01 1.248933457976725628e-02 9.996402592081509164e-01 -2.373538854914038557e-02 -4.471758346092190584e-01 -8.696058853709662806e-01 -8.587568737498211006e-04 -4.937457649034413532e-01 -9.071224437871677537e+00
-4.914104030660996214e-01 2.726222438190993233e-02 8.705013343886605082e-01 5.967504067749461427e+01 1.324534382330718428e-02 9.996283003502758335e-01 -2.382901555028730037e-02 -4.903072792826603798e-01 -8.708274163931811751e-01 -1.797357217873032790e-04 -4.915888447518910742e-01 -9.575612126300640625e+00
-4.900883057372845686e-01 2.784969094457789146e-02 8.712277736421303320e-01 6.058685710563926818e+01 1.347301265236854409e-02 9.996121005782487856e-01 -2.437470581091396790e-02 -5.361231785095457170e-01 -8.715686680058751801e-01 -2.076945146417617089e-04 -4.902734212315833506e-01 -1.008612680169071396e+01
-4.902802218419079483e-01 2.880330066756374083e-02 8.710887786082389672e-01 6.148492800580753936e+01 1.264880817390066914e-02 9.995836598337082268e-01 -2.593288688028804953e-02 -5.834177062379483081e-01 -8.714730771859811043e-01 -1.696145742340563834e-03 -4.904404271438191354e-01 -1.059253422553872248e+01
-4.931365009461835536e-01 3.078269707485801684e-02 8.694071562393764774e-01 6.235588014959920145e+01 1.149511372114229123e-02 9.995170965180291134e-01 -2.886929348745885179e-02 -6.365782915581370549e-01 -8.698760062693408068e-01 -4.242567342954359395e-03 -4.932522154401308145e-01 -1.107688635800161236e+01
-4.977719455023990047e-01 3.143257304183338235e-02 8.667381784740336714e-01 6.323628598979960458e+01 1.056606883021856368e-02 9.994886722569313875e-01 -3.017867125048771457e-02 -6.797068746917676041e-01 -8.672435994955532967e-01 -5.864079765518784119e-03 -4.978495408472800587e-01 -1.154421926559483680e+01
-5.037593508106492646e-01 3.018417233958257603e-02 8.633165228990213880e-01 6.412956391725296612e+01 1.078056255872135091e-02 9.995311962399836547e-01 -2.865601495385510650e-02 -7.211719854754190528e-01 -8.637767699113368947e-01 -5.128696817841435496e-03 -5.038485901061831029e-01 -1.204917381970301449e+01
-5.086564725003155374e-01 2.801734298321952032e-02 8.605135722663189712e-01 6.496878722449002908e+01 1.366415077820100354e-02 9.996072003346319068e-01 -2.446908249374739677e-02 -7.791751970553859596e-01 -8.608611364035891889e-01 -6.881690592426833271e-04 -5.088395068182163250e-01 -1.255620974349087859e+01
-5.142756006364875843e-01 2.554266674771264040e-02 8.572445190472325338e-01 6.582597793205826520e+01 1.067093846158084780e-02 9.996695883935357019e-01 -2.338471924518871481e-02 -8.254312645941809246e-01 -8.575585984440678988e-01 -2.878586117904092558e-03 -5.143782434403255666e-01 -1.307544046896139101e+01
-5.191802105277225632e-01 2.745539195006695132e-02 8.542236810151777604e-01 6.666858124972129929e+01 1.131369393362441182e-02 9.996170899151910483e-01 -2.525220501705018744e-02 -8.860321416198132516e-01 -8.545899141322300663e-01 -3.446018939624505718e-03 -5.192920342927601629e-01 -1.358344885468361163e+01
-5.245772726719007961e-01 3.027132335562503218e-02 8.508244935554322153e-01 6.749592557116829994e+01 1.205300741020184398e-02 9.995315806828546368e-01 -2.813084085231349479e-02 -9.275063684121522822e-01 -8.512775234413018088e-01 -4.501804961297738335e-03 -5.246964122263783059e-01 -1.410167224716926526e+01
-5.293880337756251553e-01 3.060091649551732740e-02 8.478277422597525481e-01 6.834526596243244967e+01 1.088597774050447352e-02 9.995120150702869743e-01 -2.927844253760552781e-02 -9.719004394643085964e-01 -8.483099769552677749e-01 -6.270222330333198937e-03 -5.294628224823388907e-01 -1.460976903640048796e+01
-5.328361773333599727e-01 3.068093741424437679e-02 8.456620336788607251e-01 6.915309879597512577e+01 9.606242640506147332e-03 9.994974291039877556e-01 -3.020942398312008795e-02 -1.019716465524233229e+00 -8.461638966423022934e-01 -7.973038457920541763e-03 -5.328631190977780596e-01 -1.512823985632594948e+01
-5.362291204070064321e-01 2.953064003394453158e-02 8.435557235816851795e-01 6.996801221336552601e+01 9.015389269514298420e-03 9.995311763148991835e-01 -2.926004635631351131e-02 -1.095652410783479302e+00 -8.440243271808808290e-01 -8.085104854636314051e-03 -5.362439548971585923e-01 -1.562554964511904387e+01
-5.391324077905635948e-01 2.386306467813071805e-02 8.418828826620997630e-01 7.082434312506357799e+01 1.168432382667159569e-02 9.997142473182268896e-01 -2.085426251887067400e-02 -1.122950700110315836e+00 -8.421399735650791918e-01 -1.406375627922620223e-03 -5.392571742188790873e-01 -1.616330626357941469e+01
-5.408273790640600875e-01 1.577979175730403333e-02 8.409855714297198581e-01 7.163686621023914824e+01 1.219702800324869683e-02 9.998660148767158917e-01 -1.091717830296663749e-02 -1.157227712428482658e+00 -8.410451772399016868e-01 4.353216605896157929e-03 -5.409473839855880595e-01 -1.669930348681175403e+01
-5.432863829266626476e-01 1.363211101681069230e-02 8.394367509491225121e-01 7.244394468493108263e+01 1.302676535645841405e-02 9.998846723543842741e-01 -7.806750497419253677e-03 -1.177871213541894502e+00 -8.394463777142970873e-01 6.693845337057385825e-03 -5.434013104791008963e-01 -1.723468015476595028e+01
-5.437657678726279809e-01 1.719336764450591151e-02 8.390608827611880649e-01 7.326144193436149976e+01 1.161236217696445458e-02 9.998485513683698089e-01 -1.296253647344526930e-02 -1.232746883455681841e+00 -8.391566923251108090e-01 2.694896211620770830e-03 -5.438830720832873444e-01 -1.772580153368818401e+01
-5.450646655934135998e-01 2.244727677619989814e-02 8.380934418654968354e-01 7.404259778273959114e+01 1.240293527421863426e-02 9.997480088765713369e-01 -1.871058317133568807e-02 -1.273113980578520765e+00 -8.383022659107398633e-01 1.963418780827823980e-04 -5.452057274359914940e-01 -1.824616810585189342e+01
-5.455100807165329524e-01 2.810146346973472348e-02 8.376330024624035753e-01 7.484721929722483935e+01 1.875653277614477976e-02 9.995967458369428016e-01 -2.131990052324150842e-02 -1.302165553694011546e+00 -8.378943583828639685e-01 4.080871165387056285e-03 -5.458171887052597482e-01 -1.879117437838241500e+01
-5.452609031855885080e-01 2.951328674552892994e-02 8.377466804391413557e-01 7.566020891969570528e+01 2.296846067215312787e-02 9.995308112020163671e-01 -2.026344575408457055e-02 -1.334911682979014858e+00 -8.379516744806438933e-01 8.192887941824359213e-03 -5.456829488233352343e-01 -1.929047407983677331e+01
-5.451546406449334636e-01 2.591165498565813421e-02 8.379349563876791196e-01 7.645811313069845028e+01 2.186643847779460442e-02 9.996216569606529712e-01 -1.668537585463827910e-02 -1.380058293391920987e+00 -8.380502897492119185e-01 9.226544098751206582e-03 -5.455149819703923875e-01 -1.982888271709729366e+01
-5.444839388083954068e-01 2.115925408008301895e-02 8.385043312621305311e-01 7.724783914874537061e+01 2.000162130358612567e-02 9.997250270829095564e-01 -1.223949902592822402e-02 -1.404143272345194982e+00 -8.385327584764330489e-01 1.010723647301909993e-02 -5.447574410384852239e-01 -2.036223381965685064e+01
-5.432986135150326135e-01 1.490584454471460124e-02 8.394071833865911492e-01 7.804076409081183385e+01 1.799330151725299018e-02 9.998194480963308317e-01 -6.108377770382006355e-03 -1.434047451926626637e+00 -8.393466918934873178e-01 1.178503440976299242e-02 -5.434687264519770800e-01 -2.083508302939429768e+01
-5.431314949911035805e-01 8.568873621351356940e-03 8.396039189485896559e-01 7.885100329103242700e+01 9.509158354209845676e-03 9.999465693655010812e-01 -4.053924684419753059e-03 -1.468390863525457002e+00 -8.395938104886426778e-01 5.782113431971954917e-03 -5.431839590869697032e-01 -2.135298536062089525e+01
-5.416972136988162934e-01 3.531091024951549598e-03 8.405662657974249941e-01 7.964801309514932370e+01 1.018061538219954291e-03 9.999931991789682284e-01 -3.544734865529861664e-03 -1.502169648083417686e+00 -8.405730805915122561e-01 -1.064423886753040460e-03 -5.416971257616395308e-01 -2.184246809226817732e+01
-5.397199096655309614e-01 4.608372444403028602e-03 8.418320314105788293e-01 8.043832147070713745e+01 5.179348514491029926e-03 9.999842682246564696e-01 -2.153518793151738397e-03 -1.501942594844537515e+00 -8.418287266934635360e-01 3.197845479877850505e-03 -5.397352884628769942e-01 -2.235837001173483785e+01
-5.364651599645335889e-01 7.476908245192558089e-03 8.438893381400268678e-01 8.125865700181495299e+01 9.827293876917738910e-03 9.999482986618832836e-01 -2.612332542598780772e-03 -1.533966525147553384e+00 -8.438652547195768516e-01 6.891724130673766192e-03 -5.365109029585770628e-01 -2.287100968415235869e+01
-5.314720206572195460e-01 9.786156945440289273e-03 8.470193087192683379e-01 8.204439629752890539e+01 9.732658994079325734e-03 9.999378059921043560e-01 -5.446051795677510354e-03 -1.571289053071669217e+00 -8.470199397813443776e-01 5.349326927829692151e-03 -5.315342128011821821e-01 -2.337153154272282762e+01
-5.236039579398819033e-01 1.186105779717929951e-02 8.518792152377385740e-01 8.282684145751360916e+01 1.522943033468151380e-02 9.998736231537820318e-01 -4.560937117173735275e-03 -1.581925519970152738e+00 -8.518256697254728005e-01 1.058551147296090712e-02 -5.237184248742714487e-01 -2.382652216565222503e+01
-5.147528130895921983e-01 1.473514834835102857e-02 8.572119944834287741e-01 8.366632007270159477e+01 2.318965442117390530e-02 9.997257698545416460e-01 -3.259597907922767712e-03 -1.604613898199837685e+00 -8.570249666260747468e-01 1.820056383435612532e-02 -5.149533565547292913e-01 -2.433778681485705775e+01
-5.049048273769378703e-01 1.486550211573163353e-02 8.630469967729235137e-01 8.440293446298734636e+01 2.253642582876417416e-02 9.997378776221378383e-01 -4.035532363109549901e-03 -1.627570087104526664e+00 -8.628807780113908477e-01 1.741243596463354359e-02 -5.051074970229406658e-01 -2.477471899761072294e+01
-4.945208742256745893e-01 1.216940072849320362e-02 8.690805468811197976e-01 8.526057872498195422e+01 1.808047232716942718e-02 9.998296437141929172e-01 -3.712147699195430129e-03 -1.662251806457640368e+00 -8.689776832173063958e-01 1.387765333275417338e-02 -4.946566592216188885e-01 -2.525007958761709403e+01
-4.829690543942885550e-01 9.196563276452844604e-03 8.755891170285234892e-01 8.607028227489698224e+01 1.949273081823707163e-02 9.998099672071207866e-01 2.507698552498816816e-04 -1.689244171140506845e+00 -8.754204353341004108e-01 1.718873816298245247e-02 -4.830565417996552924e-01 -2.570243375656847107e+01
-4.714287280325342722e-01 7.575475132409028103e-03 8.818716190678194122e-01 8.689307488531105150e+01 1.897381309321584039e-02 9.998187728348368886e-01 1.554307323997427192e-03 -1.711216600736360061e+00 -8.817000406385399058e-01 1.746521352290818230e-02 -4.714870292297902998e-01 -2.613212273077035874e+01
-4.595014531724406770e-01 6.565296661952536167e-03 8.881527442871481881e-01 8.773546802738586337e+01 1.834737106399237164e-02 9.998294642443071867e-01 2.101516676682821209e-03 -1.724211445485337890e+00 -8.879875007968031086e-01 1.726091905691487169e-02 -4.595435489275890850e-01 -2.653302063555057089e+01
-4.474497309146717727e-01 8.806679628023101822e-03 8.942657134736189395e-01 8.855760645182706980e+01 2.264152933181239405e-02 9.997425472080438968e-01 1.483379075587261224e-03 -1.734857534974966420e+00 -8.940224341215934345e-01 2.091128211572338205e-02 -4.475339316849852311e-01 -2.694630811764362477e+01
