1 0 0 0 0 1 0 0 0 0 1 0
1 -1.7347235e-18 -6.7762636e-21 -0.00092886969 0 1 8.6736174e-19 -0.0032407329 -1.9651164e-19 -8.6736174e-19 1 0.49998865
1 -1.7347235e-18 -6.7762636e-21 -0.0018577394 0 1 8.6736174e-19 -0.0064814658 -1.9651164e-19 -8.6736174e-19 1 0.99997731
1 -1.7347235e-18 -6.7762636e-21 -0.0027866091 0 1 8.6736174e-19 -0.0097221987 -1.9651164e-19 -8.6736174e-19 1 1.499966
0.99924672 0.004068349 0.038593178 0.28197985 -0.0041571709 0.99998889 0.0022215168 -0.0030303946 -0.038583714 -0.0023802818 0.99925254 1.8023383
0.99698803 0.0080417255 0.077137475 0.57822853 -0.0083968785 0.99995558 0.0042809099 0.0031492376 -0.077099629 -0.00491573 0.99701128 2.0934814
0.99283966 -0.0029536654 0.11941811 0.39731254 0.0022076172 0.99997722 0.0063791695 0.0028037515 -0.11943424 -0.0060698631 0.99282356 2.1395788
0.98678056 -0.013987785 0.16145732 0.21853491 0.012713016 0.99987935 0.0089258353 0.00057496874 -0.16156271 -0.0067552312 0.98683933 2.1933308
0.9687192 -0.0022437067 0.24814931 0.53218434 -0.00065046339 0.99993273 0.011580415 -0.0060370692 -0.24815863 -0.011379583 0.96865257 2.0049539
0.95417694 -0.0072443693 0.29915528 0.52737404 0.0018357916 0.99982982 0.018356575 0.00077184907 -0.29923737 -0.016966234 0.95402786 2.0078058
0.93693349 -0.012533982 0.34928287 0.52269196 0.0039586881 0.99967322 0.025254198 0.007577878 -0.3494853 -0.022278802 0.93667694 2.0108702
0.91703838 -0.018097352 0.39838811 0.51814921 0.0057121287 0.9994634 0.032253471 0.014382805 -0.39875808 -0.027302026 0.91664967 2.0141398
0.89454874 -0.0239185 0.44632998 0.51375649 0.0070910773 0.99920095 0.039334291 0.021188422 -0.44691419 -0.032021481 0.89400355 2.017607
0.86737415 -0.027024282 0.49692227 0.68877712 0.0073865082 0.99911361 0.041442018 -0.007205823 -0.49760179 -0.032275215 0.86680493 2.2666476
0.83155767 -0.032141399 0.55450767 1.164861 0.0082325362 0.99892787 0.045555928 0.016067079 -0.55537744 -0.033317377 0.83093073 2.838337
0.79462541 -0.037167335 0.60596123 1.5258435 0.010138258 0.99879744 0.047967626 0.024814864 -0.60701541 -0.031972903 0.79404663 2.9109191
0.75815268 -0.041633432 0.6507466 1.6732713 0.0122814 0.99869435 0.049585963 0.041082675 -0.65196144 -0.029601651 0.75767411 3.1785907
0.72019808 -0.044438016 0.69234381 1.9947019 0.011416981 0.99857051 0.052216838 0.051771635 -0.69367458 -0.02970199 0.71967591 3.5189088
0.67835701 -0.046654769 0.73324965 2.3012887 0.011076801 0.99851788 0.053285529 0.067024421 -0.73464897 -0.028024552 0.67786839 3.7127523
0.63414173 -0.047090094 0.77178154 2.5940798 0.0058268584 0.99840647 0.056129873 0.081606489 -0.77319491 -0.031097233 0.63340559 3.8203997
0.59094364 -0.047333239 0.80532299 3.005058 0.0027140158 0.99838819 0.056689199 0.10562626 -0.80670831 -0.031314462 0.59011961 4.0127831
0.55166832 -0.047890064 0.83268754 3.3613979 -0.00079850147 0.99831946 0.057945012 0.12574366 -0.83406324 -0.03263133 0.55070298 4.3005782
0.51112597 -0.048509323 0.85813579 3.7311182 -0.0043671622 0.99824661 0.059030794 0.1465122 -0.85949476 -0.03391979 0.51001791 4.5709194
0.46941001 -0.04918959 0.88160908 4.1133691 -0.0079837418 0.99816981 0.059944042 0.16785523 -0.88294426 -0.035176872 0.46815818 4.8231843
0.43852215 -0.050034224 0.89732649 4.6483349 -0.0053229374 0.99828696 0.058265012 0.1929651 -0.89870466 -0.030326911 0.43750461 4.9079591
0.40522787 -0.049629472 0.91286758 5.0614762 -0.0056760303 0.99836958 0.056797548 0.21808516 -0.91419813 -0.028197413 0.40428548 5.0851744
0.37445223 -0.047543671 0.92602649 5.6730797 -0.0018196376 0.99864502 0.052007818 0.23219017 -0.92724446 -0.021159476 0.37385834 5.2654265
0.34887457 -0.045248962 0.93607638 6.155378 -0.00079043435 0.99881915 0.048576476 0.24823456 -0.93716913 -0.017687004 0.34842684 5.3907904
0.3339422 -0.044893786 0.94152381 6.7384826 0.0011618454 0.99888399 0.047216751 0.28785848 -0.94259288 -0.01467376 0.33362168 5.6898006
0.3195422 -0.045572296 0.9464755 7.2710344 0.0015197434 0.99886619 0.047581794 0.30319223 -0.94757087 -0.013765991 0.31924916 5.8464767
0.30506786 -0.046236888 0.95120748 7.8059041 0.0018720314 0.99884788 0.04795223 0.31873936 -0.95232881 -0.012847994 0.30480294 5.9950245
0.29613195 -0.04837442 0.95392123 8.6516339 0.0017086647 0.9987419 0.050116894 0.35093442 -0.95514555 -0.013211282 0.29584204 6.2637083
0.28940699 -0.04955041 0.95592273 9.2968139 0.00068518172 0.99866973 0.051558767 0.39603318 -0.95720593 -0.014266486 0.28905595 6.4405369
0.27857939 -0.051959152 0.95900662 9.9052149 -3.1370409e-05 0.99853498 0.054109919 0.41259794 -0.96041325 -0.015103992 0.27816963 6.6410936
0.26541103 -0.054178911 0.96261184 10.616249 -0.00081037091 0.99840696 0.056417011 0.44785752 -0.96413506 -0.015753769 0.26494431 6.8544534
0.25219457 -0.056407089 0.96603109 11.330063 -0.0016209144 0.99827359 0.058712906 0.48483757 -0.96767523 -0.016372929 0.25166775 7.0580134
0.24286048 -0.05757355 0.96835117 12.080151 -0.0022538692 0.99820103 0.059913545 0.50878454 -0.97005865 -0.016733169 0.24229382 7.2114466
0.2335045 -0.058743354 0.97057961 12.831657 -0.0028983806 0.99812696 0.061107928 0.53362533 -0.97235144 -0.017082085 0.23289688 7.3576229
0.2234887 -0.063710214 0.97262209 13.539618 -0.0051245033 0.99777093 0.066535058 0.58436303 -0.97469309 -0.019854038 0.22266404 7.5478548
0.20589043 -0.067605427 0.97623694 14.377273 -0.003851731 0.99754702 0.06989351 0.60731109 -0.97856751 -0.018150607 0.20512499 7.6848045
0.18822073 -0.071468465 0.97952291 15.217174 -0.0026398168 0.9973084 0.073273394 0.63317855 -0.98212325 -0.016377332 0.18752545 7.8066389
0.17048558 -0.07529802 0.9824789 16.059039 -0.0014891705 0.99705514 0.076673564 0.66198079 -0.98535909 -0.014534815 0.16987139 7.9133216
0.15269098 -0.079092798 0.98510391 16.902584 -0.00040018121 0.99678733 0.080092872 0.69373218 -0.98827394 -0.012623679 0.15216878 8.0048212
0.13952877 -0.069183678 0.98779819 17.673576 -0.010198214 0.997403 0.071296903 0.78326951 -0.99016554 -0.020021746 0.13846087 8.1325242
0.1204855 -0.067300647 0.99043111 18.482785 -0.011079153 0.99754601 0.069131884 0.81575188 -0.9926533 -0.019302527 0.1194442 8.2400857
0.10453617 -0.066271716 0.99231052 19.262347 -0.01661549 0.99752165 0.068370122 0.85613817 -0.99438232 -0.023634876 0.10317596 8.4591876
0.066735521 -0.064935173 0.99565542 20.13027 -0.022028063 0.99754093 0.066534612 0.88986435 -0.99752755 -0.026372582 0.065141016 8.3130142
0.032668734 -0.065292237 0.99733124 20.97948 -0.023214151 0.99754514 0.066066646 0.938045 -0.99919665 -0.025310511 0.031072831 8.3728767
-0.0014357525 -0.065612873 0.99784408 21.830261 -0.024383582 0.99755076 0.065558501 0.98583147 -0.99970169 -0.024236887 -0.0030321143 8.4036894
-0.033597149 -0.063860518 0.99739309 22.661519 -0.026993785 0.99765044 0.06296771 1.0064341 -0.99907089 -0.024807879 -0.035242049 8.3607309
-0.065728136 -0.062127157 0.99590157 23.491017 -0.029519088 0.99774409 0.060293879 1.0247729 -0.99740088 -0.025435102 -0.067413798 8.2910525
-0.097795149 -0.060414603 0.99337108 24.317894 -0.031956852 0.99783161 0.057539802 1.0407827 -0.9946934 -0.026117899 -0.099513753 8.1947307
-0.12976469 -0.058724642 0.98980425 25.141289 -0.03430453 0.99791292 0.054708355 1.0544005 -0.99095126 -0.026855557 -0.13150838 8.0718696
-0.16663479 -0.049023975 0.98479917 26.035427 -0.02455105 0.99865988 0.045559764 1.1154148 -0.98571303 -0.016586011 -0.16761507 7.8700219
-0.20318009 -0.03894321 0.9783666 26.9221 -0.014460723 0.99921912 0.036770133 1.1688681 -0.97903464 -0.0066769286 -0.20358457 7.6357107
-0.23934402 -0.028497947 0.97051647 27.800034 -0.004049162 0.99958977 0.028353062 1.2151139 -0.97092642 0.0028563586 -0.23936123 7.3691746
-0.27507065 -0.017704346 0.96126095 28.667968 0.0066675231 0.99977126 0.020321575 1.2545167 -0.96140094 0.0119991 -0.27488969 7.0707018
-0.31030469 -0.0065791083 0.95061435 29.524657 0.017672751 0.99976331 0.012688099 1.2874517 -0.95047291 0.020737148 -0.31011497 6.7406303
-0.34499162 0.0048605525 0.93859314 30.368873 0.028949493 0.99956594 0.0054644445 1.3143039 -0.93815925 0.029056985 -0.34498258 6.3793466
-0.37907777 0.016596936 0.92521593 31.199408 0.040480302 0.99917944 -0.0013382114 1.3354681 -0.92447902 0.036945736 -0.37943857 5.9872857
-0.41251041 0.028611883 0.91050341 32.015074 0.052247336 0.99860442 -0.0077093431 1.3513476 -0.90945338 0.044391195 -0.41342961 5.5649301
-0.4452378 0.040886804 0.89447834 32.814707 0.064232389 0.99784176 -0.013639093 1.3623538 -0.89310558 0.051381843 -0.44690313 5.1128093
-0.4772093 0.053402704 0.87716553 33.597168 0.076416916 0.99689265 -0.019118285 1.368906 -0.87546091 0.057906863 -0.47980732 4.6314989
-0.50837546 0.06614022 0.85859176 34.361344 0.088782064 0.99575855 -0.024138443 1.37143 -0.85654667 0.063956158 -0.51209127 4.1216194
-0.53868803 0.079079643 0.83878576 35.106149 0.1013087 0.99444121 -0.028691799 1.3703582 -0.83639214 0.06952037 -0.54370504 3.5838357
-0.56810013 0.092200951 0.81777819 35.83053 0.11397745 0.99294269 -0.032771307 1.3661282 -0.81502849 0.074590889 -0.5745997 3.018856
-0.59656625 0.10548384 0.79560155 36.533464 0.1267687 0.99126529 -0.036370655 1.3591828 -0.79248878 0.079159869 -0.60472746 2.4274302
-0.59694955 0.081544965 0.7981238 36.803136 0.098326203 0.99475763 -0.028093004 1.2608 -0.79623065 0.061706378 -0.60183813 2.2166068
-0.59664216 0.057584056 0.80043873 37.075735 0.069820545 0.99736489 -0.019707236 1.165157 -0.79946437 0.044128902 -0.59909049 2.0083025
-0.59564435 0.033622634 0.80254425 37.351187 0.041277325 0.99908472 -0.011220883 1.0723676 -0.80218704 0.026443225 -0.59648702 1.8024756
-0.59395701 0.0096822221 0.80443848 37.629416 0.012722178 0.99991558 -0.0026415658 0.9825428 -0.80439621 0.0086652338 -0.59403005 1.5990825
-0.59158166 -0.01421568 0.80611972 37.910343 -0.01581925 0.99985673 0.0060230099 0.89579107 -0.80608991 -0.0091891065 -0.59172179 1.3980771
-0.58852043 -0.038049609 0.80758645 38.193885 -0.044321325 0.99890821 0.014765062 0.81221811 -0.80726661 -0.02710376 -0.5895643 1.1994115
-0.58611153 -0.0045717152 0.81021745 39.421284 -0.0049342185 0.99998568 0.0020730838 0.82174304 -0.81021539 -0.0027827309 -0.5861257 0.50471602
-0.58254209 0.046969499 0.81144225 40.071157 0.056179764 0.99826814 -0.017451738 0.91208103 -0.81085671 0.035420264 -0.58417194 0.048221752
-0.57001275 0.050976058 0.82005295 41.101481 0.059955079 0.99799336 -0.020362841 0.85682199 -0.81944549 0.037559263 -0.57192521 -0.39178489
-0.56760768 0.051072279 0.8217135 41.885686 0.060303083 0.9979722 -0.020372334 0.85941235 -0.82108776 0.037988366 -0.5695365 -0.92049084
-0.55969301 0.052105729 0.82706026 42.62935 0.055422134 0.99814043 -0.025378386 0.76519121 -0.82684471 0.03163334 -0.56154003 -1.511542
-0.55173081 0.053199768 0.83232376 43.378466 0.050491219 0.99826366 -0.030336554 0.66592227 -0.83249253 0.025287431 -0.55345894 -2.0948317
-0.53787712 0.047823286 0.84166565 44.384928 0.051407382 0.99839232 -0.023875925 0.70174263 -0.84145442 0.030425515 -0.53947086 -2.6457757
-0.52387919 0.042360472 0.85073858 45.400335 0.052429965 0.99847247 -0.017430499 0.74486087 -0.85017748 0.03547272 -0.52529991 -3.1795147
-0.50974158 0.036813111 0.85953956 46.424359 0.053558634 0.99850409 -0.011002378 0.7952459 -0.85865887 0.040427396 -0.51095072 -3.6958694
-0.50095874 0.036256912 0.86471134 47.283839 0.053797996 0.99849452 -0.010699237 0.72191651 -0.86379753 0.041159863 -0.50215511 -3.8795126
-0.49212395 0.035693267 0.86979305 48.145158 0.054040426 0.9984846 -0.010398554 0.64877216 -0.8688462 0.041886611 -0.49330706 -4.0544003
-0.48323812 0.035122235 0.87478414 49.008228 0.054285898 0.99847435 -0.010100362 0.57580995 -0.87380434 0.042607564 -0.48440751 -4.2205142
-0.47430218 0.034543877 0.87968409 49.872958 0.054534387 0.99846375 -0.0098046907 0.50302695 -0.87867145 0.043322648 -0.47545736 -4.3778366
-0.46531706 0.033958251 0.8844924 50.73926 0.054785867 0.99845282 -0.0095115718 0.43042023 -0.883447 0.044031788 -0.46645757 -4.5263511
-0.48809187 0.036053216 0.87204726 51.822143 0.046500134 0.99880161 -0.015267146 0.4548351 -0.87155271 0.033098546 -0.48918343 -5.5806554
-0.47802658 0.035926611 0.87761028 52.98932 0.047743524 0.99874879 -0.014880165 0.46394912 -0.87704687 0.034787095 -0.47914373 -6.5287586
-0.46789846 0.035780586 0.88305759 54.167322 0.048991186 0.99869385 -0.014507492 0.47395502 -0.88242335 0.036474007 -0.46904025 -7.4633669
-0.45770887 0.035615161 0.88838848 55.355995 0.050242952 0.99863679 -0.014149176 0.48483267 -0.88768142 0.038159058 -0.45887433 -8.3843556
-0.44745918 0.035430357 0.89360221 56.555182 0.051498655 0.99857764 -0.013805266 0.4965618 -0.89282039 0.039842021 -0.44864734 -9.291602
-0.43715075 0.035226199 0.8986981 57.764725 0.052758127 0.99851639 -0.013475808 0.50912205 -0.89783956 0.04152267 -0.43836066 -10.184985
-0.42353667 0.032292079 0.90530317 58.635534 0.049781865 0.99868397 -0.012333036 0.43904754 -0.9045101 0.039844189 -0.42458685 -10.822361
-0.4098157 0.029383503 0.91169492 59.516115 0.046822863 0.99884103 -0.011144851 0.36961751 -0.91096585 0.038120833 -0.41071656 -11.44624
-0.39599117 0.026501176 0.91787178 60.406259 0.043881839 0.99898756 -0.0099115411 0.30088414 -0.91720524 0.036353021 -0.39675317 -12.056476
-0.38206642 0.023645796 0.92383227 61.305756 0.040959505 0.99912351 -0.0086334057 0.23289949 -0.92322676 0.03454118 -0.38270006 -12.652925
-0.38982308 0.029478416 0.92041779 62.250331 0.04266275 0.99899247 -0.013926056 0.23821844 -0.91990104 0.033838857 -0.39068796 -12.981329
-0.39754107 0.035303912 0.91690493 63.192039 0.044410458 0.99882879 -0.01920328 0.2381539 -0.91650907 0.033086077 -0.39864333 -13.31791
-0.41144261 0.029315927 0.91096404 63.814396 0.041437025 0.99905078 -0.013435374 0.21284847 -0.91049329 0.032219756 -0.41226682 -13.962497
-0.42523332 0.023314376 0.9047834 64.427224 0.038376199 0.9992336 -0.0077119782 0.19129631 -0.90426985 0.031442759 -0.42580214 -14.616285
-0.43371133 0.027453534 0.90063351 65.349661 0.044731291 0.99895932 -0.0089098358 0.16341369 -0.89994092 0.036422204 -0.434488 -14.977032
-0.43617352 0.025144461 0.89951117 66.248116 0.041498517 0.99910807 -0.007805884 0.12826016 -0.89890522 0.033923661 -0.43682795 -15.428218
-0.43933111 0.030978475 0.89779087 67.19428 0.043849967 0.9989534 -0.013011269 0.080986665 -0.89725438 0.033651847 -0.44022971 -15.779513
-0.44703116 0.032447186 0.89392967 68.570808 0.046103138 0.99884946 -0.013200496 -0.0043115739 -0.89332957 0.035311932 -0.44801275 -15.464648
-0.45469427 0.033930091 0.89000101 69.949909 0.048357637 0.9987406 -0.013370119 -0.091821914 -0.88933387 0.036959031 -0.45576241 -15.161881
-0.46209825 0.036569445 0.88607439 70.740436 0.045388355 0.99881521 -0.017551843 -0.12981174 -0.88566651 0.032106784 -0.46321059 -15.732484
-0.46762028 0.030487298 0.88340349 71.68481 0.045761118 0.99889982 -0.01025005 -0.127762 -0.88274416 0.035632402 -0.46850095 -16.285627
-0.47010337 0.027959521 0.88216836 72.506956 0.047721951 0.99884125 -0.0062265588 -0.19050496 -0.88132032 0.039171671 -0.47089292 -16.63046
-0.47202564 0.021155505 0.88133091 73.402486 0.049276446 0.99878225 0.0024168021 -0.21847865 -0.88020662 0.044569649 -0.4724933 -17.075186
-0.47287194 0.01468218 0.88100879 74.290046 0.048193407 0.99879545 0.0092221728 -0.22929878 -0.87981225 0.046819724 -0.47300993 -17.597546
-0.47354605 0.021293527 0.88051159 75.139124 0.049836037 0.9987539 0.0026492157 -0.23733928 -0.87935804 0.045135736 -0.47401715 -18.057131
-0.47398328 0.026026003 0.8801491 75.985838 0.048737459 0.99880621 -0.0032882984 -0.26201815 -0.87918404 0.041337634 -0.47468589 -18.542035
-0.47554675 0.031589068 0.87912306 76.805021 0.055514193 0.99844078 -0.0058469854 -0.28057536 -0.87793708 0.046023294 -0.47655891 -18.98845
-0.47596863 0.031744695 0.87888911 77.594962 0.058352193 0.99828611 -0.0044561653 -0.31994534 -0.87752433 0.049164114 -0.47700525 -19.399711
-0.4748098 0.029972986 0.87957786 78.459972 0.059263519 0.99824032 -0.0020252262 -0.33380988 -0.87809086 0.051165284 -0.47575059 -19.884166
-0.4764864 0.023592461 0.8788652 79.275038 0.055776784 0.99843735 0.0034377106 -0.35421176 -0.87741081 0.050658298 -0.47705773 -20.29763
-0.47498527 0.017689963 0.87981588 80.127759 0.054601799 0.99846394 0.0094022615 -0.36267705 -0.87829818 0.052505467 -0.47522157 -20.756187
-0.47355217 0.012453599 0.88067768 80.984173 0.045102412 0.99893104 0.010126359 -0.38490272 -0.87961024 0.044516049 -0.47360765 -21.194121
-0.47218816 0.0078548344 0.88146275 81.824453 0.037978418 0.99921307 0.011440422 -0.38375196 -0.88067931 0.038878594 -0.4721149 -21.632556
-0.470243 0.0072798284 0.88250691 82.629274 0.039799615 0.99912356 0.012965385 -0.39928259 -0.88163914 0.041220318 -0.4701206 -22.059941
-0.46802354 0.01145215 0.88364175 83.459654 0.046641615 0.99884248 0.011758701 -0.4114924 -0.88248433 0.046717829 -0.46801594 -22.489309
-0.45895561 0.013600584 0.88835505 84.271577 0.046762797 0.99886667 0.0088668122 -0.42366183 -0.88722774 0.045611442 -0.45907146 -22.901615
-0.45401322 0.016145507 0.89084861 85.149281 0.054074534 0.99849207 0.009462205 -0.42877996 -0.88935258 0.052468191 -0.45420167 -23.378696
-0.44501833 0.018714506 0.89532585 85.892025 0.061329794 0.99807118 0.009621606 -0.44499743 -0.89341894 0.059191943 -0.44530773 -23.737387
-0.43323191 0.017952271 0.90110363 86.739113 0.059225487 0.99820769 0.0085875532 -0.46164147 -0.89933449 0.057088706 -0.43351866 -24.142688
-0.42493061 0.015192132 0.9050984 87.628692 0.056084078 0.99838016 0.0095727915 -0.4673747 -0.90348693 0.054829384 -0.42509432 -24.545512
-0.40883038 0.011253358 0.91254096 88.461142 0.056785066 0.99830009 0.013129527 -0.47400797 -0.91084205 0.05718645 -0.40877443 -24.913193
-0.39729094 0.010831136 0.91762875 89.313281 0.057261482 0.99827446 0.013008552 -0.49290792 -0.91590453 0.057712964 -0.39722561 -25.278461
-0.39033448 0.0098866293 0.92062 90.151174 0.05655145 0.99831168 0.01325633 -0.49701221 -0.91893471 0.0572368 -0.39023457 -25.630194
-0.3767345 0.011323023 0.92625204 91.024907 0.060492913 0.99809156 0.012403052 -0.50184246 -0.92434398 0.060704343 -0.37670049 -25.979348
-0.36114195 0.014195542 0.93240276 91.880023 0.060342509 0.99814425 0.0081756651 -0.52197386 -0.93055647 0.0592161 -0.36132836 -26.279838
-0.34670072 0.023804123 0.93767366 92.745188 0.062920141 0.99801642 -0.0020715609 -0.53680568 -0.9358631 0.05828035 -0.34751077 -26.579499
-0.33567642 0.0276782 0.94157059 93.561235 0.059521466 0.99819398 -0.0081228743 -0.56102088 -0.940095 0.053317007 -0.33671763 -26.899796
-0.32395363 0.025109881 0.94573964 94.491891 0.060386787 0.9981581 -0.0058167303 -0.57478758 -0.94414382 0.05522583 -0.32487325 -27.187144
-0.31321361 0.0225365 0.94941522 95.321914 0.063482448 0.99797918 -0.0027463124 -0.59771226 -0.94755859 0.059411022 -0.31401134 -27.466402
-0.30149165 0.020451878 0.95324941 96.214569 0.055346694 0.99845951 -0.0039169251 -0.62654642 -0.95186113 0.051578285 -0.30215915 -27.728952
-0.29335729 0.026113755 0.95564611 97.06927 0.05113053 0.9986247 -0.011592499 -0.65963331 -0.95463461 0.04546195 -0.29428905 -27.985639
-0.28863889 0.032333032 0.95689189 97.928405 0.04493371 0.99878583 -0.020194713 -0.68230722 -0.9563831 0.037167725 -0.28974128 -28.205722
-0.28680104 0.034788435 0.95735827 98.80044 0.042601484 0.99881496 -0.023532526 -0.72179437 -0.95704251 0.034035732 -0.28794321 -28.499913
-0.2824187 0.034211137 0.95868097 99.644334 0.041472477 0.99886494 -0.023427712 -0.76104685 -0.95839438 0.033142452 -0.28351696 -28.729113
-0.277173 0.034521068 0.96019964 100.52624 0.041470182 0.9988529 -0.023939869 -0.7996279 -0.9599247 0.03318417 -0.27828665 -28.999479
-0.27223962 0.030941401 0.96173184 101.4198 0.039541801 0.99899833 -0.020947172 -0.83821855 -0.96141672 0.03232596 -0.27319041 -29.246088
-0.26398724 0.026735303 0.96415553 102.26917 0.040379661 0.99904573 -0.016646768 -0.87002701 -0.9636806 0.034537741 -0.26481489 -29.462492
-0.25970784 0.023340678 0.96540508 103.15588 0.03679256 0.99922117 -0.014260524 -0.90804482 -0.96498613 0.031816156 -0.26036434 -29.673164
-0.25154126 0.023019379 0.96757275 104.11904 0.034831954 0.99928479 -0.014718522 -0.93586116 -0.96721963 0.030000135 -0.25216317 -29.916738
-0.24807409 0.0240944 0.96844134 104.8723 0.022913302 0.99955691 -0.018999113 -0.9753643 -0.96847009 0.017477002 -0.24851625 -30.093452
-0.24090562 0.028000078 0.97014452 105.7702 0.030911241 0.99929801 -0.02116564 -0.99892297 -0.97005621 0.024889451 -0.24160202 -30.313253
-0.23339071 0.031217498 0.97188176 106.66491 0.027269545 0.99930155 -0.025549645 -1.0556898 -0.97200063 0.020539725 -0.23407899 -30.560281
-0.22747403 0.028827975 0.9733573 107.52167 0.02311986 0.99943982 -0.02419734 -1.0943816 -0.97350969 0.016999619 -0.22801311 -30.720251
-0.22021483 0.02471804 0.97513813 108.41058 0.024778254 0.99949806 -0.019739863 -1.118575 -0.97513668 0.019815211 -0.22071677 -30.918715
-0.21149181 0.021514912 0.9771429 109.27632 0.025471095 0.99953946 -0.016495104 -1.149491 -0.97704786 0.021400321 -0.21194242 -31.09851
-0.20591914 0.024591034 0.97825994 110.16577 0.022585621 0.99953733 -0.020371726 -1.1994604 -0.97830838 0.017899681 -0.20637928 -31.274578
-0.19942016 0.027713846 0.97952206 111.06307 0.022770895 0.99946112 -0.023642076 -1.2318196 -0.97964951 0.017589889 -0.19994377 -31.437504
-0.19187547 0.029541582 0.98097452 111.94805 0.02291011 0.99940931 -0.025615592 -1.2566309 -0.98115188 0.017559232 -0.19243893 -31.605904
-0.18358093 0.026789942 0.98263943 112.83226 0.019776416 0.9995269 -0.023555633 -1.3122391 -0.98280569 0.015108722 -0.18402389 -31.782125
-0.17775956 0.026727637 0.98371088 113.64491 0.024901359 0.99943317 -0.022655062 -1.3325401 -0.98375888 0.020468585 -0.17832436 -31.909609
-0.1677716 0.027957234 0.98542935 114.55161 0.029077337 0.99930322 -0.02340036 -1.3787125 -0.98539702 0.024727747 -0.16846763 -32.071539
-0.16345818 0.028577476 0.98613623 115.44656 0.030283415 0.99925467 -0.023937974 -1.4218637 -0.9860854 0.025950717 -0.16420177 -32.215214
-0.15472528 0.028238065 0.98755385 116.31532 0.023364384 0.99941646 -0.024916641 -1.4636933 -0.98768126 0.019218354 -0.15529476 -32.33967
-0.14949407 0.026405642 0.98840993 117.19961 0.019002021 0.99953545 -0.023828863 -1.5023931 -0.98858006 0.015219513 -0.14992639 -32.452189
-0.14462682 0.026947376 0.98911922 118.10824 0.022143826 0.99946689 -0.023991464 -1.5388046 -0.9892385 0.018433076 -0.14514643 -32.584413
-0.13919335 0.026262037 0.98991688 118.97474 0.024899445 0.99942504 -0.023013143 -1.5782577 -0.98995218 0.021445106 -0.13976723 -32.713035
-0.13453445 0.027853202 0.99051734 119.87744 0.024554641 0.99939163 -0.024767674 -1.6197531 -0.99060468 0.020989694 -0.13513653 -32.821062
-0.12868024 0.025153557 0.99136704 120.73827 0.029435713 0.99933467 -0.021534936 -1.6548964 -0.99124922 0.026410476 -0.12933504 -32.939263
-0.12446492 0.025060221 0.99190745 121.60425 0.03849033 0.99905049 -0.020410906 -1.6864991 -0.99147721 0.035638404 -0.12531132 -33.048624
-0.11963104 0.023391176 0.99254279 122.52537 0.040637918 0.99899996 -0.018645268 -1.7276722 -0.99198642 0.038104321 -0.12046198 -33.164901
-0.11256319 0.024838863 0.99333402 123.37208 0.038827033 0.99903396 -0.020581569 -1.762793 -0.99288573 0.036251487 -0.11341887 -33.264239
-0.11033438 0.027042673 0.99352651 124.25666 0.036750675 0.99905717 -0.023111927 -1.7932086 -0.99321488 0.033962731 -0.1112242 -33.337326
-0.11010064 0.027100877 0.99355086 125.17652 0.035213072 0.999107 -0.023350282 -1.835298 -0.99329652 0.032415099 -0.11095662 -33.446124
-0.1090494 0.025698222 0.99370405 126.02502 0.03376588 0.99918463 -0.022134476 -1.8754883 -0.99346272 0.031139543 -0.10982821 -33.52855
-0.10765836 0.02156864 0.99395392 126.95799 0.036237076 0.99918545 -0.017757208 -1.9101506 -0.99352737 0.034106273 -0.10835225 -33.634838
-0.10659623 0.015462693 0.99418211 127.80989 0.036064362 0.99928127 -0.011675178 -1.9459693 -0.99364817 0.034610015 -0.10707727 -33.705572
-0.10718423 0.0130055 0.99415407 128.68848 0.037997103 0.99923754 -0.008975362 -1.9707011 -0.99351288 0.036812959 -0.10759668 -33.803797
-0.10675597 0.017465249 0.9941318 129.53797 0.034462361 0.99930995 -0.01385544 -2.000936 -0.99368787 0.03278098 -0.10728419 -33.898629
-0.10491862 0.022357694 0.99422942 130.42439 0.034696851 0.99922088 -0.018808463 -2.043373 -0.99387539 0.032523274 -0.10561262 -33.978289
-0.1064008 0.021397158 0.99409303 131.27002 0.030661056 0.9993636 -0.018228856 -2.0689227 -0.99385052 0.028540378 -0.10698915 -34.069059
-0.10465175 0.020756388 0.99429226 132.18873 0.031539924 0.99934854 -0.017542284 -2.1003174 -0.99400872 0.029524073 -0.10523823 -34.166051
-0.10422512 0.020123679 0.99435008 133.00181 0.035487525 0.99923385 -0.016502808 -2.1395356 -0.99392044 0.033567017 -0.10485941 -34.228304
-0.10260675 0.023165147 0.99445218 133.87965 0.033590866 0.9992393 -0.019810781 -2.1730135 -0.99415471 0.031371791 -0.10330684 -34.329058
-0.10487684 0.025618005 0.99415516 134.71267 0.025059407 0.99941881 -0.023110038 -2.2035374 -0.99416948 0.022489232 -0.10545786 -34.39743
-0.10519159 0.027866046 0.99406143 135.53408 0.020057452 0.99946343 -0.025894997 -2.2388612 -0.99424972 0.017214405 -0.10569407 -34.474506
-0.10326667 0.030949858 0.99417203 136.41244 0.018342921 0.99940505 -0.029207451 -2.2893358 -0.9944846 0.015219864 -0.10377295 -34.55616
-0.10403156 0.031116842 0.99408706 137.26129 0.022028995 0.99933734 -0.028975842 -2.328267 -0.99433005 0.018884338 -0.1046481 -34.645804
-0.10405763 0.032482312 0.99404066 138.07944 0.021328326 0.99930957 -0.030421803 -2.365683 -0.99434259 0.018035603 -0.10467858 -34.731352
-0.10136776 0.030642247 0.99437696 138.86386 0.026424213 0.99925583 -0.028098881 -2.3943158 -0.99449808 0.023427309 -0.10210202 -34.811518
-0.097600172 0.027930957 0.99483365 139.70877 0.035616998 0.99906379 -0.024555443 -2.4495862 -0.99458822 0.033036374 -0.098503617 -34.888963
-0.096061758 0.021995318 0.99513228 140.59126 0.040290136 0.9990224 -0.018192027 -2.4838306 -0.99455966 0.038346459 -0.096854044 -34.982931
-0.091957455 0.021982375 0.99552022 141.40245 0.046170799 0.99877515 -0.017789392 -2.5077032 -0.994692 0.044328099 -0.092859766 -35.063769
-0.087066312 0.025965095 0.99586404 142.20547 0.040117062 0.99894077 -0.022537962 -2.5598127 -0.99539448 0.037988844 -0.088015733 -35.13443
-0.080281763 0.029375935 0.9963392 142.97662 0.044995028 0.99865352 -0.025818616 -2.5904863 -0.99575618 0.042757548 -0.081495437 -35.183737
-0.070830162 0.030563249 0.99702001 143.80312 0.040691344 0.99878699 -0.027726625 -2.6258167 -0.99665811 0.038606204 -0.071987905 -35.221345
-0.062645818 0.025806251 0.99770209 144.5645 0.046109468 0.99867304 -0.022936146 -2.6504948 -0.99697016 0.04456666 -0.063752604 -35.279914
-0.050989635 0.024035177 0.99840988 145.30407 0.058368578 0.99807323 -0.021046139 -2.6796478 -0.9969921 0.057202632 -0.05229429 -35.321674
-0.036617691 0.026600325 0.99897522 146.14926 0.058773027 0.99797266 -0.024419288 -2.720875 -0.9975996 0.057818621 -0.038106838 -35.346448
-0.02025924 0.027525267 0.99941575 147.04869 0.058762671 0.99792566 -0.026293044 -2.7686494 -0.99806643 0.058195664 -0.021834675 -35.33387
-0.0089367874 0.02696525 0.99959638 147.66851 0.057454854 0.99799876 -0.026408483 -2.7960691 -0.99830815 0.057195659 -0.010468189 -35.3499
0.0074469393 0.027856366 0.99958415 148.5492 0.057074083 0.99797056 -0.028236601 -2.8548931 -0.99834221 0.057260627 0.0058419482 -35.342721
0.020050923 0.034046861 0.99921904 149.47664 0.051093788 0.9980792 -0.035033299 -2.9064122 -0.9984926 0.051756338 0.018272825 -35.319024
0.033706414 0.044261964 0.99845114 150.1163 0.051484618 0.99761553 -0.045962973 -2.9408399 -0.99810485 0.052954125 0.03134723 -35.2877
0.0464842 0.052947018 0.99751479 150.8564 0.042845036 0.99756964 -0.054946507 -2.9844912 -0.9979998 0.045292703 0.044102709 -35.22627
0.058168853 0.054528457 0.99681641 151.62784 0.036177879 0.99773614 -0.056689914 -3.0383276 -0.99765106 0.039360293 0.056064441 -35.189576
0.072330193 0.050551404 0.9960988 152.48949 0.039635816 0.99778012 -0.053514823 -3.0996537 -0.99659291 0.043351928 0.070165981 -35.125272
0.081560435 0.046994333 0.99555981 153.01703 0.039358207 0.99795673 -0.050331864 -3.1408225 -0.99589101 0.043288539 0.07954417 -35.039596
0.079391928 0.053014883 0.9954327 152.76921 0.033367098 0.99788389 -0.055806659 -3.1581771 -0.99628492 0.0376453 0.077454972 -34.992961
0.07375526 0.06211487 0.99534005 152.37896 0.01985144 0.99776924 -0.063737465 -3.1519546 -0.99707882 0.024459908 0.072357659 -34.90716
0.081796722 0.064723796 0.99454514 153.1627 0.022240318 0.99752205 -0.06674669 -3.1981191 -0.9964009 0.027578662 0.080154555 -34.923821
0.093958759 0.061879231 0.99365116 155.48729 0.01837642 0.99778873 -0.063874552 -3.3410172 -0.99540652 0.024261326 0.09261387 -34.749934
0.10252116 0.056837379 0.99310565 157.32989 0.028951451 0.99777283 -0.06009323 -3.4894634 -0.99430946 0.034912679 0.1006473 -34.597301
0.097984342 0.053382547 0.99375515 158.09176 0.025609368 0.99809437 -0.056140726 -3.5413826 -0.99485844 0.030950355 0.096430526 -34.532494
0.093133958 0.054177395 0.99417845 158.79642 0.024253265 0.99809873 -0.056663057 -3.5945095 -0.99535819 0.02938933 0.091642905 -34.457143
0.089737254 0.054627475 0.99446618 159.59791 0.025570618 0.99803917 -0.057131148 -3.6551159 -0.99563721 0.030555909 0.088164434 -34.362288
0.088033843 0.052526536 0.99473158 160.34202 0.022631787 0.9982455 -0.054715001 -3.7092731 -0.9958604 0.027329326 0.086690616 -34.326957
0.082453267 0.053264226 0.99517049 161.0684 0.020092621 0.99827891 -0.055095337 -3.7635507 -0.99639241 0.024538375 0.081241138 -34.256046
0.079640111 0.050795509 0.9955286 161.80179 0.024115106 0.99831036 -0.052866599 -3.8083374 -0.99653199 0.028217581 0.078280608 -34.187133
0.071991326 0.048213204 0.99623925 162.56007 0.025859756 0.99840501 -0.05018672 -3.8663612 -0.99707001 0.029375514 0.070629718 -34.148938
0.065383927 0.048538085 0.99667894 163.22006 0.023667506 0.99845985 -0.050177444 -3.9207758 -0.99757951 0.026869705 0.064134449 -34.089505
0.059826899 0.049324945 0.99698932 164.03375 0.022395631 0.99846068 -0.050741644 -3.9716251 -0.99795755 0.025363921 0.058630141 -34.049242
0.054848044 0.052396218 0.99711897 164.7325 0.020865997 0.99834401 -0.053608355 -4.0269307 -0.99827671 0.023746196 0.053663915 -33.995427
0.055354771 0.051912292 0.99711628 165.4645 0.031795343 0.99804938 -0.053725984 -4.0754934 -0.99796041 0.034677645 0.053596225 -33.951848
0.053142217 0.055285896 0.99705531 166.10665 0.023923942 0.99810915 -0.056619455 -4.1341929 -0.99830037 0.026862378 0.051719075 -33.930655
0.054652713 0.053224017 0.99708585 166.88608 0.030630611 0.99801902 -0.054952766 -4.1796755 -0.99803554 0.033544668 0.052914161 -33.88331
0.058254288 0.049055988 0.99709571 167.57035 0.032362595 0.99817417 -0.050999796 -4.2371721 -0.99777712 0.035239563 0.056560345 -33.833762
0.064930119 0.048373267 0.99671662 168.28561 0.03471685 0.99811021 -0.050702495 -4.2909981 -0.99728577 0.037894982 0.063128046 -33.804258
0.074818444 0.049822922 0.9959517 168.96066 0.034977176 0.99800539 -0.052553232 -4.347228 -0.9965836 0.038767531 0.072926544 -33.742724
0.088548308 0.048980421 0.99486684 169.67197 0.039276168 0.99784179 -0.052622667 -4.3931431 -0.99529727 0.043734207 0.086433437 -33.667096
0.10550802 0.045898411 0.9933586 170.33449 0.038599186 0.9979924 -0.050212267 -4.4394752 -0.99366908 0.043640632 0.10352456 -33.584824
0.120896 0.041992639 0.99177653 171.02179 0.034528792 0.99832233 -0.046478797 -4.4834669 -0.99206452 0.039863948 0.11924322 -33.481713
0.14175104 0.036905111 0.98921412 171.74738 0.028301085 0.99874523 -0.041316141 -4.5447283 -0.98949774 0.03385244 0.14052872 -33.364867
0.15259348 0.029045914 0.98786208 172.36033 0.028373473 0.99902723 -0.033757004 -4.5836775 -0.9878817 0.033180178 0.1516209 -33.271284
0.17172468 0.021114356 0.98491864 173.04791 0.031587525 0.99913822 -0.026926606 -4.6125908 -0.98463848 0.035735107 0.17090974 -33.145678
0.19005365 0.015176928 0.98165635 173.69258 0.029616801 0.99933682 -0.02118424 -4.6482124 -0.98132693 0.033099665 0.18947812 -32.996377
0.20580896 0.012759565 0.97850896 174.35779 0.029299493 0.99938637 -0.019194338 -4.6833074 -0.97815351 0.032620185 0.20530882 -32.851224
0.22522841 0.012066911 0.97423122 174.98008 0.027910262 0.99943303 -0.018831518 -4.7151374 -0.97390619 0.031432443 0.22476392 -32.68217
0.24199974 0.011406755 0.97020922 175.57352 0.025516017 0.99951026 -0.018115718 -4.738338 -0.96994079 0.029139876 0.24159016 -32.536557
0.25587418 0.011890967 0.96663692 176.15472 0.021634705 0.99960347 -0.018023327 -4.7593843 -0.96646801 0.02552461 0.25551546 -32.354466
0.27090928 0.0091815985 0.96256105 176.7833 0.015575527 0.99978179 -0.01392031 -4.7906547 -0.96247891 0.018763538 0.27070715 -32.154681
0.28483064 0.0044789119 0.95856735 177.46512 0.019967083 0.9997444 -0.01060437 -4.8172518 -0.95836992 0.022160245 0.2846684 -31.934458
0.29389397 0.0025250101 0.95583465 178.01715 0.025999233 0.99960539 -0.010634716 -4.8334947 -0.95548441 0.027976448 0.29371234 -31.767277
0.30522801 0.0059311108 0.95226079 178.67889 0.019518016 0.99973158 -0.012482886 -4.8628312 -0.95207929 0.022396369 0.30503032 -31.547861
0.31253298 0.013072364 0.94981692 179.20865 0.017448586 0.9996576 -0.0194997 -4.8856287 -0.94974668 0.022667263 0.31219787 -31.364047
0.32141303 0.023110659 0.94665701 179.75821 0.016876285 0.99940356 -0.030128263 -4.9097233 -0.94678875 0.025659671 0.3208313 -31.157502
0.32855718 0.030045239 0.94400603 180.33261 0.0166846 0.99915329 -0.037607432 -4.9393174 -0.94433674 0.028106556 0.3277777 -30.962509
0.33692737 0.027872802 0.94111794 180.9595 0.019177728 0.99915118 -0.036457326 -4.9641401 -0.94133535 0.030331976 0.33610684 -30.739664
0.34196295 0.020705532 0.93948526 181.51741 0.018638895 0.9994111 -0.028810616 -4.9893742 -0.93952861 0.027363132 0.34137564 -30.509235
0.34636139 0.010785626 0.93803912 182.07518 0.013500746 0.99977304 -0.016480458 -5.0152104 -0.93800405 0.018372423 0.34613716 -30.292067
0.34956712 0.0016986448 0.93690974 182.67765 0.014255556 0.99987295 -0.0071316386 -5.0493569 -0.9368029 0.015849157 0.3494985 -30.067115
0.34932121 0.00083718585 0.93700262 183.31496 0.018411365 0.9998004 -0.00775718 -5.0726577 -0.93682217 0.019961246 0.34923607 -29.841601
0.34967858 0.0032826463 0.93686394 183.88027 0.020424026 0.9997295 -0.011126057 -5.0894785 -0.93664712 0.023025078 0.34951695 -29.628865
0.35356822 0.0023349233 0.93540579 184.47716 0.023664633 0.99965449 -0.011440145 -5.1124407 -0.93510939 0.026180908 0.35339081 -29.39889
0.35494554 0.00049395808 0.93488681 185.08172 0.023062494 0.99969091 -0.0092842614 -5.1166098 -0.93460251 0.02485623 0.35482444 -29.156477
0.35776428 -0.003181629 0.93380647 185.66057 0.021738912 0.99975156 -0.0049223977 -5.1370823 -0.9335589 0.022060996 0.35774457 -28.939687
0.360563 -0.0089068217 0.9326923 186.25393 0.024383282 0.99970268 0.00012058128 -5.149888 -0.93241614 0.022698623 0.36067297 -28.692748
0.36386562 -0.011981695 0.93137435 186.8848 0.02431062 0.9996988 0.0033630823 -5.1695405 -0.93113419 0.021418579 0.3640473 -28.454027
0.37137003 -0.013120641 0.9283922 187.45122 0.025893126 0.99965761 0.0037701939 -5.1783391 -0.92812387 0.02263884 0.37158261 -28.20878
0.37797889 -0.016585241 0.92566561 188.08032 0.027111225 0.99960902 0.0068397132 -5.1839723 -0.92541721 0.022510663 0.37828075 -27.951632
0.38595096 -0.019173344 0.92231999 188.70731 0.028725295 0.99954897 0.0087585022 -5.2026613 -0.92207201 0.023113563 0.38632764 -27.711564
0.39647841 -0.017690564 0.91787354 189.2708 0.028383097 0.99957257 0.0070050157 -5.2147133 -0.91760522 0.023274758 0.39681106 -27.435134
0.40862055 -0.014308845 0.91259215 189.84325 0.027922401 0.99960507 0.0031706697 -5.2238655 -0.91227718 0.024186164 0.40885871 -27.15421
0.41983456 -0.0099866968 0.90754567 190.43596 0.025116129 0.99968435 -0.00061823144 -5.2266024 -0.9072531 0.02305359 0.41995287 -26.87021
0.43016084 -0.0088267078 0.90270908 191.04827 0.02601179 0.9996582 -0.0026205136 -5.2363362 -0.90237748 0.024608323 0.4302434 -26.586393
0.44133131 -0.01295365 0.8972507 191.65184 0.027523907 0.99962075 0.00089337037 -5.2543916 -0.89692206 0.024301573 0.44152047 -26.272146
0.45215173 -0.015000444 0.89181485 192.23432 0.028565661 0.9995892 0.0023303834 -5.2616943 -0.89148353 0.024421595 0.45239448 -25.962081
0.46413436 -0.014289471 0.8856495 192.83689 0.024146465 0.99970239 0.0034754328 -5.2836736 -0.88543566 0.019772238 0.46434127 -25.632845
0.47192874 -0.015647188 0.8814978 193.43787 0.021982016 0.9997405 0.0059775346 -5.2840985 -0.88136265 0.016556129 0.47215022 -25.294945
0.47948454 -0.013713618 0.87744313 194.02485 0.017120395 0.99983377 0.0062709187 -5.2943804 -0.87738335 0.012015365 0.47963961 -24.948448
0.48449387 -0.016692481 0.87463534 194.67896 0.018596496 0.99978852 0.0087797312 -5.29982 -0.874597 0.012011428 0.48470183 -24.596403
0.48657923 -0.021798667 0.87336442 195.29589 0.022370275 0.99967176 0.012488031 -5.2996836 -0.87335004 0.013460987 0.48690716 -24.255513
0.48651533 -0.017946883 0.87348765 195.88553 0.021685216 0.99972903 0.0084624335 -5.3218296 -0.87340291 0.014824666 0.48677268 -23.905327
0.48416153 -0.019432222 0.87476279 196.56017 0.024936984 0.9996537 0.008404524 -5.3230894 -0.87462324 0.017744799 0.48447845 -23.564208
0.48415522 -0.01897278 0.87477637 197.15345 0.028887882 0.99956646 0.0056909829 -5.327307 -0.87450516 0.022515118 0.4844934 -23.209722
0.48708829 -0.020439821 0.87311348 197.77809 0.032096891 0.99946967 0.0054917981 -5.3368521 -0.87276277 0.025349239 0.48748603 -22.856854
0.48467953 -0.026659271 0.87428541 198.45381 0.035379221 0.99931497 0.010858498 -5.3344641 -0.87397605 0.025668646 0.48529069 -22.490325
0.48325444 -0.031279413 0.87492096 199.10434 0.039545623 0.9991214 0.013877064 -5.3393512 -0.87458639 0.027893143 0.48406681 -22.145606
0.48070114 -0.032816756 0.87627017 199.77467 0.038829753 0.99911587 0.016116304 -5.3443838 -0.87602439 0.02627823 0.48155041 -21.750467
0.48022452 -0.033187797 0.87651749 200.39863 0.038802684 0.99910949 0.016570398 -5.341581 -0.87628696 0.026053721 0.48108465 -21.399295
0.47735685 -0.033038998 0.87808815 201.10943 0.03644722 0.99917738 0.017781234 -5.3448679 -0.87795336 0.023515879 0.47816834 -20.994043
0.47685524 -0.032967957 0.87836333 201.73071 0.038393284 0.99912386 0.016657157 -5.3494329 -0.87814299 0.025780201 0.47770319 -20.684849
0.4754893 -0.029634553 0.87922219 202.43983 0.037773679 0.99919847 0.013250144 -5.3596552 -0.8789102 0.026911156 0.47622759 -20.322697
0.47341513 -0.023215689 0.88053341 203.05151 0.037251422 0.99928595 0.0063185866 -5.3703154 -0.88005143 0.029809808 0.4739419 -19.9546
0.47300577 -0.020973348 0.88080962 203.72533 0.034669899 0.9993854 0.0051786414 -5.3798208 -0.88037697 0.028088055 0.47344221 -19.575374
0.4725642 -0.023005164 0.8809959 204.40039 0.032978111 0.99942071 0.0084081705 -5.3854513 -0.88067905 0.025080181 0.47304912 -19.206214
0.47020665 -0.026027368 0.88217244 205.03068 0.033314548 0.9993761 0.011728329 -5.3873545 -0.88192738 0.023874439 0.47078038 -18.87006
0.4686517 -0.025277622 0.88302127 205.67675 0.028977457 0.99949248 0.013232365 -5.4002965 -0.88290767 0.019386342 0.46914632 -18.50903
0.46391154 -0.023915202 0.88555862 206.35322 0.024528146 0.99959906 0.014145561 -5.4120819 -0.88554193 0.015158823 0.46431214 -18.17743
0.45557854 -0.025926258 0.88981794 207.0371 0.025109473 0.99955234 0.016267727 -5.413244 -0.88984143 0.014931633 0.45602558 -17.854757
0.45125385 -0.025445543 0.89203275 207.69326 0.025112044 0.99955963 0.01580932 -5.4155652 -0.89204227 0.01526675 0.45169412 -17.491524
0.43974917 -0.025453407 0.89775983 208.34813 0.029594437 0.99946616 0.013840774 -5.4274077 -0.89763294 0.020482229 0.4402677 -17.160603
0.4305461 -0.022768022 0.90228133 208.98326 0.028782057 0.9995197 0.011487642 -5.4344367 -0.90210959 0.021023554 0.43099462 -16.864668
0.41856727 -0.022077685 0.90791737 209.68589 0.023376127 0.99963517 0.013531131 -5.4373287 -0.90788494 0.015559904 0.41893066 -16.54578
0.40928675 -0.0288427 0.91194977 210.35326 0.028304824 0.99942053 0.018905864 -5.4354493 -0.9119667 0.018074659 0.40986597 -16.242301
