1.000000000000000000e+00 4.398956837314658088e-19 2.733407509747682871e-20 -8.673617379884035472e-19 -5.583667658079949532e-19 1.000000000000000000e+00 -6.100159232558060012e-19 0.000000000000000000e+00 4.145284534913582806e-20 -2.210423569125054137e-19 1.000000000000000222e+00 0.000000000000000000e+00
9.999475134823017086e-01 -9.218045335662927373e-04 1.020394880379905424e-02 6.728256818607725176e-02 9.166675859628840330e-04 9.999994507796815535e-01 5.080935682402012467e-04 -4.997096000651540804e-03 -1.020441173866813191e-02 -4.987132655502402381e-04 9.999478092649228822e-01 2.759883219362705420e-01
9.998606447430096189e-01 -2.627105717040393446e-03 1.648603751361806674e-02 8.035187091690976224e-02 2.612938104221942687e-03 9.999961983166988366e-01 8.808527936603726674e-04 -6.009066391809703145e-03 -1.648828921677583312e-02 -8.376530371704954663e-04 9.998637080311527647e-01 5.349994325834674935e-01
9.997841306018474539e-01 -6.675431581250487745e-03 1.967564084976877736e-02 7.178541956632143728e-02 6.696739034408752053e-03 9.999770591818186727e-01 -1.017243605971889344e-03 -1.733019535699140135e-02 -1.966839927527594747e-02 1.148786679773797529e-03 9.998058983312753112e-01 9.297972683506650071e-01
9.998241841188593160e-01 -7.162788907704460868e-03 1.732903165539786267e-02 6.866688851442340202e-02 7.193320899088348486e-03 9.999726823393145780e-01 -1.700204982543745448e-03 -1.921025913962015608e-02 -1.731638035814722990e-02 1.824559382907539780e-03 9.998483954755009728e-01 1.176414124349910661e+00
9.998739219602081896e-01 -1.135996867206277156e-02 1.109465317732102364e-02 9.049576980480437960e-02 1.140507984440015596e-02 9.999269143418041406e-01 -4.011247836591868600e-03 -2.182602489549986813e-02 -1.104827486141979342e-02 4.137277567883642856e-03 9.999304068498386933e-01 1.544694715246969663e+00
9.999315409925243481e-01 -1.159963497589149538e-02 -1.536819738755848628e-03 7.195065182176707541e-02 1.159220464079810040e-02 9.999214846786351751e-01 -4.758702554045629758e-03 -3.397222630888098449e-02 1.591898311882323364e-03 4.740561699318261192e-03 9.999874963898369717e-01 1.818125396035103813e+00
9.997878198648969539e-01 -1.103989572417672302e-02 -1.739068549358129337e-02 3.019950527802481993e-02 1.094762804183535380e-02 9.999255357314908998e-01 -5.391884072359996900e-03 -3.572159427138928145e-02 1.744891664532215864e-02 5.200353304904677468e-03 9.998342320915836190e-01 2.132561168464001788e+00
9.993266724889342534e-01 -6.559978712862926838e-03 -3.609942201737139506e-02 1.951952663206112104e-02 6.363605741061044603e-03 9.999643392850167123e-01 -5.551996905747594128e-03 -4.147047972155315509e-02 3.613455628910694495e-02 5.318536124411588246e-03 9.993327809530649919e-01 2.495166551631108121e+00
9.984618639319825517e-01 -3.619593204954151683e-03 -5.532453971313861657e-02 -3.102004797297337052e-02 3.255131921904119967e-03 9.999724145722277413e-01 -6.676391674183085496e-03 -5.434877851976899210e-02 5.534718033664366710e-02 6.486033811164126743e-03 9.984461032640604694e-01 2.867826235235959142e+00
9.971159856034496061e-01 -2.810337340739548547e-03 -7.584070844461669736e-02 -9.126033048711711115e-02 2.305429873758937497e-03 9.999746000473997976e-01 -6.744201205218575655e-03 -5.454830786548929555e-02 7.585773688233667100e-02 6.549905389242283334e-03 9.970971380454548560e-01 3.190145679975352255e+00
9.953168947135540012e-01 -3.659172072911027942e-03 -9.659652823723670345e-02 -1.446457942549000675e-01 3.064766639549106834e-03 9.999754511157147308e-01 -6.301140111678284889e-03 -6.459848477963577029e-02 9.661721552386970391e-02 5.975585360459888772e-03 9.953036754371485939e-01 3.571617351903271231e+00
9.932070387375319109e-01 -4.389322258509407645e-03 -1.162777350306219287e-01 -1.944330548489074939e-01 3.758498235321401128e-03 9.999770100379339333e-01 -5.643853349793270628e-03 -7.160919781019606245e-02 1.162998365103667942e-01 5.168485154389472133e-03 9.932007023675165636e-01 3.969017289946362936e+00
9.910309529894990588e-01 -4.473512697864328626e-03 -1.335576183302701891e-01 -2.912082420236330460e-01 3.829547395070710073e-03 9.999797734000435145e-01 -5.078124790073857732e-03 -8.445976732924545538e-02 1.335776362785855709e-01 4.521113542782248182e-03 9.910280395183254099e-01 4.378813712239638001e+00
9.887398777923854798e-01 -3.034119161738959517e-03 -1.496136611211531242e-01 -3.578606253305035567e-01 2.421898527775462242e-03 9.999879334155618027e-01 -4.274041071151314132e-03 -8.561813438381432606e-02 1.496248263326077355e-01 3.863565641150276328e-03 9.887352956171465701e-01 4.786012061648973415e+00
9.866069779651766014e-01 -2.748409281815506963e-03 -1.630923560292758256e-01 -4.517777958456135057e-01 2.048737981083591231e-03 9.999879640707919348e-01 -4.458069450219887681e-03 -9.309901905544065714e-02 1.631026484812390376e-01 4.064228813401685007e-03 9.866007342320566309e-01 5.197385038046297367e+00
9.845151803867232543e-01 -3.717850105789456162e-03 -1.752599110209236144e-01 -5.380443075057759206e-01 2.822138581787582597e-03 9.999816543089551368e-01 -5.359717813051935627e-03 -9.897468530369538109e-02 1.752766254149481229e-01 4.782115678823239784e-03 9.845076113086805858e-01 5.653803300574768542e+00
9.827542448838163525e-01 -6.384671756980481519e-03 -1.848061938735250376e-01 -6.240030925524527872e-01 5.150423638165142586e-03 9.999611180953861256e-01 -7.157892527928242689e-03 -1.126520512485338354e-01 1.848447122464656200e-01 6.082618968010586324e-03 9.827489175495028872e-01 6.091551314617514201e+00
9.811137555883676642e-01 -5.596265784202222697e-03 -1.933506645981275252e-01 -7.317532218749283057e-01 3.978627361489656122e-03 9.999537711301659249e-01 -8.753634715557779417e-03 -1.198041567739516755e-01 1.933907172235787564e-01 7.819041085141803862e-03 9.810906655342448435e-01 6.516828334422069879e+00
9.796037989934123225e-01 -5.873036772467400690e-03 -2.008529399138610783e-01 -8.357804131393635760e-01 3.767355026549921992e-03 9.999338844640088819e-01 -1.086433298045179872e-02 -1.188666780511122151e-01 2.009034705110311902e-01 9.886057439642185682e-03 9.795611580576973898e-01 7.010473217202967788e+00
9.780683896449741122e-01 -6.612502631271529110e-03 -2.081790070137390647e-01 -9.627958832804656142e-01 3.944069267898670829e-03 9.999046951442179809e-01 -1.323045502198666803e-02 -1.333748424132574495e-01 2.082466565570717798e-01 1.211921733949465445e-02 9.780012554362907951e-01 7.504719687631508762e+00
9.762510698529488495e-01 -1.018614978432493684e-02 -2.164026105967868097e-01 -1.059520032710110193e+00 7.093806560672013400e-03 9.998614012015031305e-01 -1.506174903734983084e-02 -1.470556421613860576e-01 2.165260424243219128e-01 1.316893028310847473e-02 9.761880215048130971e-01 7.991644456485403225e+00
9.744063079156245477e-01 -1.564910104784997605e-02 -2.242486378521635071e-01 -1.162539524868312801e+00 1.231629711689740184e-02 9.997920487037832427e-01 -1.625325054186978896e-02 -1.613500255899634750e-01 2.244563576929662907e-01 1.307535692644087345e-02 9.743964181509402467e-01 8.521779181915793089e+00
9.723799471001436379e-01 -1.671362041855976172e-02 -2.328044074769295702e-01 -1.302207491442488818e+00 1.270632860440941946e-02 9.997443546490523136e-01 -1.870226026280276399e-02 -1.856887152255421447e-01 2.330574786140715560e-01 1.522761348197839218e-02 9.723437317640537536e-01 9.024662885217104247e+00
9.705003335701646305e-01 -1.279028774665260174e-02 -2.407602744822285312e-01 -1.453527142364445135e+00 7.524797989100009965e-03 9.997122522235629694e-01 -2.277696546154948237e-02 -1.947299898939364726e-01 2.409823243453154684e-01 2.029338012448946710e-02 9.703173189223868178e-01 9.557541370074943643e+00
9.682363838096302855e-01 -1.011284229559962153e-02 -2.498320117284606734e-01 -1.607523001664635132e+00 3.808287988499279436e-03 9.996623002014237702e-01 -2.570568985390191130e-02 -2.030546778222105386e-01 2.500076054029238271e-01 2.393775193719239330e-02 9.679479235394249370e-01 1.011807606168165030e+01
9.658906830080615791e-01 -1.226849914248733138e-02 -2.586593723756331342e-01 -1.761788802473047477e+00 5.217211277175008016e-03 9.995962735264495302e-01 -2.792974485376016960e-02 -2.301904422586264765e-01 2.588976052495591818e-01 2.562759974672370461e-02 9.655647350786215055e-01 1.065547934125975260e+01
9.635912963553657784e-01 -1.438460213945501852e-02 -2.669923130673604317e-01 -1.905924943597562926e+00 6.735064370341595739e-03 9.995407760816183984e-01 -2.954447230713280401e-02 -2.627476231424876185e-01 2.672946938947075579e-01 2.667058596740027807e-02 9.632456737751189380e-01 1.122272600831563416e+01
9.614153170459656117e-01 -1.402614107513011459e-02 -2.747432508007444651e-01 -2.115466334987353036e+00 5.409788639746619839e-03 9.994702088859112044e-01 -3.209416962156695641e-02 -2.835092530778672293e-01 2.750478563541361443e-01 2.936952337435767141e-02 9.609818465922607134e-01 1.179821019992732367e+01
9.591115180444155230e-01 -1.353823078942430896e-02 -2.827044579039325045e-01 -2.282310789960199315e+00 3.588855142797239915e-03 9.993567569693408981e-01 -3.568182180852946805e-02 -3.055218575263221603e-01 2.830056838397521091e-01 3.320826099088956818e-02 9.585431633839647247e-01 1.238118057006555439e+01
9.568276157557109585e-01 -1.494795405287895063e-02 -2.902713740134813536e-01 -2.482450420707168259e+00 3.207193407847212276e-03 9.991588658880530271e-01 -4.088122570262429228e-02 -3.393428114890906233e-01 2.906383125393574018e-01 3.818532937806114191e-02 9.560707367881098317e-01 1.298411260068284534e+01
9.550724290218080004e-01 -1.620682532628589870e-02 -2.959290324511779091e-01 -2.678643659128896459e+00 2.064449497933943528e-03 9.988432874876863599e-01 -4.803982799748173632e-02 -3.804385156515869282e-01 2.963653058267629592e-01 4.527058483083595125e-02 9.540011433714604694e-01 1.357844139800351435e+01
9.537446047910083102e-01 -1.650888743572349535e-02 -3.001644274918087718e-01 -2.894933275102161918e+00 -4.211681409249377114e-04 9.984165918278434804e-01 -5.625061567503560761e-02 -4.157969666381941543e-01 3.006177849210030506e-01 5.377514114267771539e-02 9.522274851824628072e-01 1.421450412907176997e+01
9.524403336438077572e-01 -1.643668165700798781e-02 -3.042815215555851327e-01 -3.090807800102835845e+00 -3.434635515577016095e-03 9.979017324901183761e-01 -6.465551449027161224e-02 -4.591051025834243515e-01 3.047057848503004762e-01 6.262561622388530813e-02 9.503854054402515183e-01 1.483482656631169050e+01
9.511783812228312707e-01 -1.533437435924493893e-02 -3.082605099981423624e-01 -3.324759107123545387e+00 -7.706786614200557793e-03 9.972735742265239622e-01 -7.338953311566651094e-02 -5.012389489056368053e-01 3.085454484465211533e-01 7.218223567363117599e-02 9.484668856358153821e-01 1.547494537262004854e+01
9.497284014224735005e-01 -1.418491413472767332e-02 -3.127534966296819929e-01 -3.538222978500511040e+00 -1.158639873559880705e-02 9.966962139642902008e-01 -8.038913119833719645e-02 -5.638414667695919036e-01 3.128605442579338036e-01 7.997152824341799415e-02 9.464263503433422153e-01 1.612065628785762073e+01
9.480597521941099837e-01 -1.332578071137466118e-02 -3.178130388878078749e-01 -3.766326833989118938e+00 -1.514582418011022405e-02 9.960977880096431036e-01 -8.694711445802048855e-02 -6.248704614343312258e-01 3.177315086339608796e-01 8.724460071889100776e-02 9.441583925577242686e-01 1.679028031190566139e+01
9.463446018123659043e-01 -1.231422243939977491e-02 -3.229245303953403035e-01 -4.017661489604115843e+00 -1.877025099740920605e-02 9.954920994006422053e-01 -9.296858441605056200e-02 -6.930427783509811590e-01 3.226136600334830185e-01 9.404169306911591697e-02 9.418474338022179149e-01 1.746146003107209310e+01
9.449513405052478721e-01 -1.011738104257064487e-02 -3.270544303449474111e-01 -4.286266183857444290e+00 -2.335438486978458003e-02 9.948872907890897732e-01 -9.825401424975960252e-02 -7.679380320331226084e-01 3.263763749997726782e-01 1.004834181494074635e-01 9.398837943099365155e-01 1.813122686480855705e+01
9.432475919491196681e-01 -7.390544368164503851e-03 -3.320080688773711097e-01 -4.551554087296396212e+00 -2.796125162426248839e-02 9.944348345072072659e-01 -1.015752347496730323e-01 -8.449151060497461785e-01 3.309110909339368911e-01 1.050939574053290637e-01 9.377916145722481334e-01 1.881808368107390450e+01
9.414243042994102639e-01 -7.076518452151759134e-03 -3.371501145757971885e-01 -4.815119776469487967e+00 -2.938348405695846016e-02 9.942559400466663977e-01 -1.029161626572908939e-01 -9.264347123656780925e-01 3.359417979394276332e-01 1.067944225290556742e-01 9.358087743374162715e-01 1.952555540366077125e+01
9.392143642018655481e-01 -5.118703624821299356e-03 -3.432931319806072357e-01 -5.083282576766224636e+00 -3.185295597390115641e-02 9.942772117722344927e-01 -1.019716398972439625e-01 -1.016597452482312480e+00 3.418505065021481548e-01 1.067081306262354229e-01 9.336763939129735235e-01 2.022579831457174748e+01
9.370088752105737440e-01 -6.235236501674712092e-03 -3.492498919697339943e-01 -5.371239266701618220e+00 -3.079712619842301866e-02 9.944723480799180226e-01 -1.003807049160898857e-01 -1.098157781172969472e+00 3.479452634898081986e-01 1.048135050564172333e-01 9.316373894049072568e-01 2.093833713582387190e+01
9.342278731842612594e-01 -5.621669648578062062e-03 -3.566324089800474995e-01 -5.625715110603972668e+00 -3.171329224416669784e-02 9.946064361312320079e-01 -9.875375589485201056e-02 -1.181841492096892265e+00 3.552640563452788558e-01 1.035684997823460712e-01 9.290107743083614311e-01 2.167900103658904598e+01
9.314459879627016159e-01 -5.558470514377518261e-03 -3.638371505971046416e-01 -5.951991322205230084e+00 -3.138430307032712835e-02 9.949301714564924293e-01 -9.554569300832094214e-02 -1.272009068473306748e+00 3.625236527205992210e-01 1.004144284208592364e-01 9.265492682723559525e-01 2.239952327989245617e+01
9.277501973597315210e-01 -2.122527049880813810e-03 -3.731957439248139163e-01 -6.254571950170769945e+00 -3.393937658708758714e-02 9.953603232029997194e-01 -9.003302577731803202e-02 -1.346181690941225417e+00 3.716553401631150222e-01 9.619418887685292352e-02 9.233736995541679260e-01 2.319214019758026524e+01
9.245720584401815323e-01 8.909847379358958670e-05 -3.810072148985747531e-01 -6.587190980491620884e+00 -3.496231335917388688e-02 9.958007011968963429e-01 -8.460851121956258769e-02 -1.430099043220546040e+00 3.793997197460248771e-01 9.154755951741427866e-02 9.206926197059343009e-01 2.389273649195321525e+01
9.211352457248062064e-01 3.048185961545147021e-03 -3.892307342876683562e-01 -6.919285991988737727e+00 -3.741175230841670835e-02 9.960331082558598892e-01 -8.073665889151088182e-02 -1.506773624639098141e+00 3.874406043708377712e-01 8.893118641400564461e-02 9.175952404289730024e-01 2.465696209405449579e+01
9.173182914450054293e-01 4.372258714012984548e-03 -3.981306723545989246e-01 -7.261715220352206401e+00 -3.898287221970581085e-02 9.961216491316065014e-01 -7.887962888288101160e-02 -1.583818372249272244e+00 3.962417065440995700e-01 8.787800397042844214e-02 9.139310529957671569e-01 2.539740180192789509e+01
9.130878249519903678e-01 5.169557922251484354e-03 -4.077301757112369862e-01 -7.603764044589929938e+00 -4.041466230115076108e-02 9.961435330265261401e-01 -7.787629121424738399e-02 -1.656066807170041955e+00 4.057551986943153666e-01 8.758617115652181373e-02 9.097754584026328528e-01 2.616488251343831450e+01
9.095091060618797352e-01 4.929673526985559225e-03 -4.156547615257344952e-01 -7.957245499702958469e+00 -4.048644589170975056e-02 9.962261345265338575e-01 -7.677458329172064111e-02 -1.724619243779494049e+00 4.137076698181377243e-01 8.665556704972213198e-02 9.062763265743629670e-01 2.691499357809824389e+01
9.052629912870898687e-01 6.228758462557816740e-03 -4.248059739446767291e-01 -8.331986777714048387e+00 -4.217923439061726371e-02 9.962702486638327359e-01 -7.527618397541564754e-02 -1.799016209755562201e+00 4.227526833614519974e-01 8.606273462917120309e-02 9.021493102770442585e-01 2.771460010227254500e+01
9.016125615065901933e-01 5.601441881029902217e-03 -4.325082762060060704e-01 -8.751410118155268592e+00 -4.117220111843460095e-02 9.964874065614649501e-01 -7.292255124304522496e-02 -1.872992125857649404e+00 4.305805864120514359e-01 8.355520632708093864e-02 8.986761874201714129e-01 2.849276237995736949e+01
8.978973522401744178e-01 6.000657721248365238e-03 -4.401639842463443975e-01 -9.127985379613210881e+00 -4.022572318042830219e-02 9.968420703224925017e-01 -6.846735055682565130e-02 -1.940993413506995724e+00 4.383631357126535066e-01 7.918256769278707308e-02 8.953032369418949532e-01 2.926928869278719247e+01
8.938368383679965445e-01 7.647721638533072457e-03 -4.483271290861700620e-01 -9.526542096507441215e+00 -4.034515415776319947e-02 9.971706599053209441e-01 -6.342667914665059414e-02 -2.003762187406374462e+00 4.465735972351326244e-01 7.478092977255318408e-02 8.916164190853729243e-01 3.006236035744093726e+01
8.898381031856863466e-01 7.717063152215599200e-03 -4.562111275154825951e-01 -9.953398186726898800e+00 -3.873524596181582291e-02 9.975250998150501092e-01 -5.867926402747143666e-02 -2.067414646462520711e+00 4.546292267271845322e-01 6.988649546114671096e-02 8.879347656648569620e-01 3.086471458691062963e+01
8.863386797147037033e-01 6.480825058555606498e-03 -4.629921591667461866e-01 -1.039980292872487944e+01 -3.687702174227298901e-02 9.977139174859919191e-01 -5.663059408707019071e-02 -2.137641688060909040e+00 4.615667158389255564e-01 6.726765811322306388e-02 8.845514305202512029e-01 3.166717569626834816e+01
8.831402219615075433e-01 7.199833201679447549e-03 -4.690538416354524953e-01 -1.083798570309590659e+01 -3.767462977162188559e-02 9.977410104965216409e-01 -5.561922610239258824e-02 -2.202070758755785729e+00 4.675938128092620993e-01 6.679100570037341256e-02 8.814164691650724359e-01 3.249617846948402189e+01
8.803861915841991737e-01 7.109294626723501598e-03 -4.742041829282315213e-01 -1.128936842393853013e+01 -3.705166902668037554e-02 9.978625513137319158e-01 -5.382845506820949089e-02 -2.259150280797025623e+00 4.728079215955170445e-01 6.495988516039427618e-02 8.787678231595542622e-01 3.331389888876309158e+01
8.770784703771831170e-01 5.402098343617932862e-03 -4.803167387668592081e-01 -1.176509049451701117e+01 -3.487851699724662385e-02 9.980134820811429330e-01 -5.246502357696265773e-02 -2.321279172975895921e+00 4.790791679739859199e-01 6.276867830704979667e-02 8.755245561199458404e-01 3.416106120160040405e+01
8.748003023376379472e-01 5.306491347568555519e-03 -4.844546083095832567e-01 -1.226147628574809367e+01 -3.486901576489619126e-02 9.980364609651555252e-01 -5.203243590879407660e-02 -2.378505813374608202e+00 4.832272614091624452e-01 6.241044617479948181e-02 8.732676305941721173e-01 3.499664664974149986e+01
8.727136814162803624e-01 4.225001747545481176e-03 -4.882140666727588507e-01 -1.273775563872677452e+01 -3.423418096610950784e-02 9.980308568712240591e-01 -5.255882083334733473e-02 -2.444073159332315726e+00 4.870306505584109935e-01 6.258241086398799724e-02 8.711398234141884966e-01 3.584167190508629375e+01
8.708681235542912180e-01 4.234093621000101573e-03 -4.914985035967541771e-01 -1.322236321267729764e+01 -3.475779518038316085e-02 9.979900261057563782e-01 -5.298871134065075150e-02 -2.500682347293315289e+00 4.902862536967707019e-01 6.322958407233895961e-02 8.692648697966002258e-01 3.668918248294347961e+01
8.703834116332226367e-01 4.229611443998660195e-03 -4.923563976785922947e-01 -1.371743016746252408e+01 -3.432997244913666562e-02 9.980508702977641811e-01 -5.211442555560522050e-02 -2.555879464212094554e+00 4.911763158714300692e-01 6.226211320626098139e-02 8.688321245961678763e-01 3.754429632465947719e+01
8.705448000857667346e-01 5.003887080172597125e-03 -4.920637228612008696e-01 -1.423405467493557097e+01 -3.437229432212705188e-02 9.981242780078078969e-01 -5.066035034429781925e-02 -2.624428927312593807e+00 4.908872578806792730e-01 6.101546378683125882e-02 8.690838958169576633e-01 3.844700041347155661e+01
8.700059453969626322e-01 2.970549474172497553e-03 -4.930322768277256018e-01 -1.474926376941363948e+01 -3.174430376612018961e-02 9.982445292584100072e-01 -5.000159038109921322e-02 -2.682877921455342207e+00 4.920182493532570533e-01 5.915264737296096337e-02 8.685729741198344733e-01 3.933927261741607140e+01
8.697495471175578086e-01 1.402138358828213926e-03 -4.934913925036496507e-01 -1.526148740254367020e+01 -3.036394428438934229e-02 9.982533416939058935e-01 -5.067836557374245932e-02 -2.745251823312436557e+00 4.925583820533410151e-01 5.906183075300629193e-02 8.682729669786749538e-01 4.022549624716266692e+01
8.685885675243224524e-01 -3.831609723687056388e-04 -4.955338017715032461e-01 -1.580421231052295106e+01 -2.870617938555622764e-02 9.982814543837618126e-01 -5.108907072018213646e-02 -2.811190443160226593e+00 4.947017881742082346e-01 5.860026505318665507e-02 8.670848600454321708e-01 4.116834991566727808e+01
8.672763648579066009e-01 -1.307910409090757599e-03 -4.978252619481099983e-01 -1.633909846141304811e+01 -2.701332893903765631e-02 9.983996206549673458e-01 -4.968377583396964975e-02 -2.878115200666259366e+00 4.970935431600079779e-01 5.653748212742254475e-02 8.658530633504520901e-01 4.207811432283025255e+01
8.646463314116091814e-01 -6.156113704355021090e-04 -5.023806700301644002e-01 -1.685972423994236280e+01 -2.588556222356456701e-02 9.986163234554181756e-01 -4.577527981407088914e-02 -2.936200564986422901e+00 5.017137260982327263e-01 5.258383388829306060e-02 8.634340058117137007e-01 4.300777454905964703e+01
8.622215090995182241e-01 -2.756743217188070347e-04 -5.065313299237843570e-01 -1.741940366778936422e+01 -2.396482795737202992e-02 9.988578285847860005e-01 -4.133673111406184486e-02 -3.000507731950847301e+00 5.059641885064468658e-01 4.778035484472310107e-02 8.612300985520936480e-01 4.392903195021849427e+01
8.576431583644665846e-01 -1.567112899377054013e-03 -5.142428919021445610e-01 -1.794740726688109689e+01 -2.172445157829162518e-02 9.989922175150041106e-01 -3.927591612360449569e-02 -3.068613763855332799e+00 5.137862055691877483e-01 4.485636550947020434e-02 8.567447966557650840e-01 4.480965382303953248e+01
8.529741772941282774e-01 -4.722205964143381604e-03 -5.219317467878392680e-01 -1.850957880244724052e+01 -1.971734494994638320e-02 9.989538130081485612e-01 -4.126143257790531454e-02 -3.125984015287150086e+00 5.215805625529938983e-01 4.548604475310247253e-02 8.519886981651095814e-01 4.571797838656067370e+01
8.473824168602369644e-01 -7.249088728097758186e-03 -5.309335973604804026e-01 -1.909073935650681264e+01 -1.926324309778719782e-02 9.988288938916720650e-01 -4.438207096946582275e-02 -3.189098403014415606e+00 5.306335564926814019e-01 4.783608948793604404e-02 8.462504019130281385e-01 4.659979270365276705e+01
8.411655171187734092e-01 -7.707450066126287844e-03 -5.407228146963504178e-01 -1.968975606161890468e+01 -1.927634214658204004e-02 9.988356405832836682e-01 -4.422426670046561425e-02 -3.248210874536561210e+00 5.404340846332159609e-01 4.762308611062614216e-02 8.400375274328132358e-01 4.751439919994794536e+01
8.349745654385281046e-01 -5.340288571274453416e-03 -5.502626195809997567e-01 -2.030204719420930459e+01 -1.956422952103815255e-02 9.990326591615397156e-01 -3.938257084364714389e-02 -3.298157159133396910e+00 5.499406518492742091e-01 4.364890907580329382e-02 8.340623825747545128e-01 4.838985497252206613e+01
8.295279866323139739e-01 -8.751601680491717357e-04 -5.584644549466688535e-01 -2.087221357372154174e+01 -2.185093513710580429e-02 9.991821656346829839e-01 -3.402258886472646349e-02 -3.364813185246439353e+00 5.580375083603721365e-01 4.042566009615643219e-02 8.288304478459022073e-01 4.926073148239769495e+01
8.257758784365419880e-01 -9.026112907330454890e-04 -5.639976752830569984e-01 -2.151200373036846258e+01 -2.307437686742525376e-02 9.991074011208249672e-01 -3.538324747441616569e-02 -3.418124244251767418e+00 5.635261986242869892e-01 4.223252706265925860e-02 8.250179654034331955e-01 5.013182521092094390e+01
8.222089960505807316e-01 -2.099847435228461515e-03 -5.691818261245575883e-01 -2.210510403625506370e+01 -2.507432582843163033e-02 9.988887716621329682e-01 -3.990614085798756955e-02 -3.472021068315881198e+00 5.686331417564527424e-01 4.708303850174003907e-02 8.212426826454992668e-01 5.101977441825017934e+01
8.199546405827948803e-01 -5.298371440863599603e-03 -5.724039730135719317e-01 -2.271897351847578150e+01 -2.613319015984019028e-02 9.985680735601627500e-01 -4.667824850772418765e-02 -3.536240429112657679e+00 5.718316611774396652e-01 5.323278833601623877e-02 8.186420632979843903e-01 5.186293589787565850e+01
8.162383913448143513e-01 -5.689479194684092522e-03 -5.776872093862034374e-01 -2.335769073432075871e+01 -2.708940757841517971e-02 9.984746590057372861e-01 -4.810945195184419820e-02 -3.598717071048044058e+00 5.770797670672538349e-01 5.491798593167059039e-02 8.148392256445667892e-01 5.273807891855873464e+01
8.130128064278921984e-01 -3.976448658748091280e-03 -5.822322199185454572e-01 -2.397634941386856156e+01 -2.712174230596092403e-02 9.986325668999728178e-01 -4.469236478294903031e-02 -3.662562378338080737e+00 5.816137832217759263e-01 5.212661711234388429e-02 8.117932183968245008e-01 5.357531969777260628e+01
8.094731382711579659e-01 -3.102478186294387562e-03 -5.871487089435634132e-01 -2.462027865552737538e+01 -2.445607472201577828e-02 9.989400927213404335e-01 -3.899476386257501315e-02 -3.721617298733631785e+00 5.866473762695895156e-01 4.592456648034367456e-02 8.085392981769194964e-01 5.446544521283677653e+01
8.066004959982581157e-01 -1.271465824281042128e-03 -5.910956069135395730e-01 -2.526263311716964566e+01 -2.483873223948161735e-02 9.990414907992476445e-01 -3.604354436203895812e-02 -3.781180324665839976e+00 5.905748746527209603e-01 4.375480614495673437e-02 8.057957812236610229e-01 5.531952616425889602e+01
8.039704425050200332e-01 4.063005040710211257e-05 -5.946692518811947936e-01 -2.591145183713551958e+01 -2.716591009274501103e-02 9.989585219313568132e-01 -3.665903493708037864e-02 -3.836862502427528021e+00 5.940484376790615695e-01 4.562751186198525655e-02 8.031342294996060005e-01 5.616414069304271095e+01
8.005323983579776259e-01 -2.048853987768619721e-03 -5.992859705408231097e-01 -2.656548867594115748e+01 -2.599989549649599566e-02 9.989338715952010839e-01 -3.814610941608311684e-02 -3.888517337901864934e+00 5.987252208742587234e-01 4.611856895776942494e-02 7.996256588718702041e-01 5.702967382810839325e+01
7.961317382157838685e-01 -3.705332814070944319e-03 -6.051119887281803944e-01 -2.721532337078336283e+01 -2.616673284486673023e-02 9.988350966067794934e-01 -4.054321062251669411e-02 -3.947395560140229964e+00 6.045573282278098315e-01 4.811154040288700279e-02 7.951073660386758224e-01 5.790317035517295352e+01
7.924115121573536147e-01 -4.430321504413231755e-03 -6.099707866255633659e-01 -2.787082133873757428e+01 -2.617604414061236798e-02 9.988055114455369754e-01 -4.125972694598330215e-02 -4.002810898582898069e+00 6.094249878615539684e-01 4.866130476396915427e-02 7.913490182311336829e-01 5.872586431218797287e+01
7.877489683281750921e-01 -5.528209592333629269e-03 -6.159715858322080129e-01 -2.855412289805060055e+01 -2.449089366491059502e-02 9.988880180926652530e-01 -4.028552449057622165e-02 -4.063303771537990272e+00 6.155093540071345792e-01 4.682057485225962767e-02 7.867376157901044831e-01 5.956946431119720842e+01
7.832588273870969564e-01 -5.136030974111359046e-03 -6.216745315170404407e-01 -2.923244605967042276e+01 -2.478813391358338641e-02 9.989127043538345019e-01 -3.948363640482677184e-02 -4.117110835640984234e+00 6.212013873950161802e-01 4.633605816683424028e-02 7.822798817143389316e-01 6.040104030158929049e+01
7.774575346959496924e-01 -6.212192016519303348e-03 -6.289047486604063542e-01 -2.991352011265734490e+01 -2.443965022712583576e-02 9.988975643897264334e-01 -4.007941364481062280e-02 -4.186785300843665958e+00 6.284604135188898155e-01 4.653025408173104560e-02 7.764486148979397040e-01 6.122749890292747210e+01
7.721065737157094544e-01 -7.528260319044305024e-03 -6.354484687605922444e-01 -3.062259839921237514e+01 -2.409398209261144966e-02 9.988641083403567711e-01 -4.110928289444065048e-02 -4.243840589031149690e+00 6.350361604767361667e-01 4.705123146476280355e-02 7.710481594117449822e-01 6.208772665228298848e+01
7.671979957756485113e-01 -8.386698118447428671e-03 -6.413555104382135941e-01 -3.131364297046974698e+01 -2.397496627799186250e-02 9.988407925043527591e-01 -4.174053502765317364e-02 -4.297571637972727565e+00 6.409621226407770100e-01 4.739973142375068782e-02 7.661075841947222465e-01 6.290342141503116835e+01
7.613495732731101473e-01 -9.743514309027395681e-03 -6.482683728577729454e-01 -3.203160917712618527e+01 -2.351075709241029835e-02 9.988145117213577118e-01 -4.262411896309973441e-02 -4.359497465878563460e+00 6.479151781845609026e-01 4.769313489945387063e-02 7.602179257805075085e-01 6.372216519570122273e+01
7.551974849132990775e-01 -1.191218403591822947e-02 -6.553890833188811271e-01 -3.275343909800619713e+01 -2.229033801049381050e-02 9.987899244194805570e-01 -4.383865586059143560e-02 -4.433482499369419294e+00 6.551182384259094382e-01 4.771568670998346806e-02 7.540181131802670134e-01 6.456678821694644910e+01
7.490076549481486934e-01 -1.265464116524889736e-02 -6.624404762735284224e-01 -3.353334487506965900e+01 -2.189782000633138520e-02 9.987985693043068824e-01 -4.383951952185222850e-02 -4.488577595867880632e+00 6.621993847586606918e-01 4.734213788317018917e-02 7.478306660262008521e-01 6.538949248769654332e+01
7.423408107505569120e-01 -1.287413126604836783e-02 -6.698987751774244659e-01 -3.426245554395329407e+01 -2.079052289016904836e-02 9.988913436755002540e-01 -4.223550311958268466e-02 -4.553164341914498259e+00 6.696998446257435011e-01 4.528068328034931533e-02 7.412501509263925703e-01 6.621517543005312234e+01
7.366525643380030797e-01 -1.347363406989702042e-02 -6.761371547541309424e-01 -3.499406048116320989e+01 -1.994281173720375763e-02 9.989338851088017668e-01 -4.163385011660069440e-02 -4.615934572627648613e+00 6.759772857871433338e-01 4.415375825498103063e-02 7.355985068622070688e-01 6.700931688360849137e+01
7.292556776021918985e-01 -1.508317874971687629e-02 -6.840750292306327918e-01 -3.577514321319039681e+01 -1.863252192888115513e-02 9.989485192951867987e-01 -4.188895982906652715e-02 -4.682658633188717445e+00 6.839875680059253060e-01 4.329380457146376343e-02 7.282078426211240352e-01 6.782138622519289584e+01
7.232085177152501876e-01 -1.621300191031017218e-02 -6.904394032317632268e-01 -3.655194354621958297e+01 -1.925920921728668453e-02 9.988621620841195980e-01 -4.362870670132571599e-02 -4.747979008868205675e+00 6.903611593144637348e-01 4.484996903596019657e-02 7.220733750070901236e-01 6.863690600588782331e+01
7.176122571222992574e-01 -1.601593569273816395e-02 -6.962586654060834990e-01 -3.735235080113478290e+01 -1.979129696314521278e-02 9.988628116234525844e-01 -4.337497150434191373e-02 -4.814903721367122635e+00 6.961615909085512310e-01 4.490627302362407147e-02 7.164792216335885700e-01 6.942225321714137465e+01
7.121733138450574430e-01 -1.614259743335916611e-02 -7.018180521912379399e-01 -3.816644617238609527e+01 -1.964910363486363151e-02 9.988855079932469350e-01 -4.291450430977648833e-02 -4.869021641570905778e+00 7.017286452554862830e-01 4.435266018662047116e-02 7.110624157857637906e-01 7.024893531678920056e+01
7.075752882327652760e-01 -1.473188649335698160e-02 -7.064843761002694844e-01 -3.895967392300067189e+01 -2.171513923176289843e-02 9.988571631832662279e-01 -4.257722775355210487e-02 -4.938026976417362768e+00 7.063042348157320127e-01 4.546800059744882105e-02 7.064467411591328627e-01 7.102147556128142014e+01
7.021718037511741617e-01 -1.521605885724149239e-02 -7.118449410577420977e-01 -3.977100156196846825e+01 -2.263166118586307923e-02 9.987894721049683788e-01 -4.367377202936754271e-02 -4.999424633188159994e+00 7.116477878609906993e-01 4.677672461885502841e-02 7.009774414969711653e-01 7.181618925810651888e+01
6.973801712290687016e-01 -1.778990089258763660e-02 -7.164805696111165023e-01 -4.061765756985390396e+01 -2.163117609024724913e-02 9.987140092907146327e-01 -4.585215265288102721e-02 -5.071168464664233433e+00 7.163748998634870135e-01 4.747469925262701868e-02 6.960985313254475226e-01 7.260372916368116591e+01
6.925551751863606720e-01 -1.991846878122034356e-02 -7.210898517097167337e-01 -4.144315387824264008e+01 -2.171439595898108990e-02 9.985900848447442080e-01 -4.843890473524600782e-02 -5.129849791545193050e+00 7.210380174471655579e-01 4.920464454820975414e-02 6.911462146333138268e-01 7.337547340423554942e+01
6.875730314238519547e-01 -2.027880246329731226e-02 -7.258319962813373216e-01 -4.228776630790131463e+01 -2.251196763863186692e-02 9.985340746868002215e-01 -4.922309455689753699e-02 -5.200145942767377960e+00 7.257661787127581698e-01 5.018437858875320068e-02 6.861085859763855765e-01 7.416759232290188208e+01
6.823553259196381005e-01 -1.942287627291673299e-02 -7.307625819226269970e-01 -4.312520473553329481e+01 -2.276854231949941923e-02 9.985973003239004830e-01 -4.780193827994839301e-02 -5.275126087233353189e+00 7.306660052209412726e-01 4.925630577033646151e-02 6.809559567605243391e-01 7.498030822020400876e+01
6.778555721247386812e-01 -2.011508764590324086e-02 -7.349198572332835688e-01 -4.401564314664325650e+01 -2.132988403563945701e-02 9.986667700391866909e-01 -4.700764300213145647e-02 -5.345510910875748145e+00 7.348856155971527082e-01 4.754014787672266457e-02 6.765227833020948101e-01 7.575291372801004286e+01
6.728705437753802476e-01 -2.053105962241747254e-02 -7.394752847541352647e-01 -4.488549126946381307e+01 -2.169044747602219547e-02 9.986374508697105634e-01 -4.746331471101122856e-02 -5.414639256627941322e+00 7.394421982479810751e-01 4.797621600836742689e-02 6.715083977591694842e-01 7.652555188566110189e+01
6.681626278922387918e-01 -2.210779752385897551e-02 -7.436867201466825783e-01 -4.576158023484175885e+01 -1.978954179676172334e-02 9.986767153256879137e-01 -4.746780311019666715e-02 -5.487743085912542007e+00 7.437520323195145888e-01 4.643343128746634657e-02 6.668409563781880767e-01 7.730068644434558678e+01
6.635275648481787636e-01 -2.235851533128801333e-02 -7.478176630160945360e-01 -4.664589277374297893e+01 -1.962226258368935175e-02 9.986894118253886177e-01 -4.726971069350106858e-02 -5.563415808724613498e+00 7.478944754855735289e-01 4.603863035820832811e-02 6.622192298497394658e-01 7.808243140132790927e+01
6.589873383356594783e-01 -2.395250369121150816e-02 -7.517725420760827948e-01 -4.755826523730445388e+01 -1.753130763027052966e-02 9.987321439815212143e-01 -4.718853522156583186e-02 -5.629372013461244606e+00 7.519496992744129082e-01 4.427620269263920355e-02 6.577319196081332642e-01 7.885287809867307374e+01
6.555031012976950677e-01 -2.560498306291404333e-02 -7.547582781889411452e-01 -4.843632086264685910e+01 -1.565997429761341667e-02 9.987492870456382565e-01 -4.748291115826484138e-02 -5.699601945724095842e+00 7.550301044000246042e-01 4.294469051056738762e-02 6.542822827511995953e-01 7.961512328856152010e+01
6.515944319471538293e-01 -2.987198147466075399e-02 -7.579791226417106342e-01 -4.935264826405651917e+01 -1.320119999980888872e-02 9.986264592686364683e-01 -5.070427182129980809e-02 -5.778945213181507334e+00 7.584526576021911604e-01 4.304485493985440309e-02 6.503050955076005168e-01 8.039752519282014021e+01
6.469638068475633830e-01 -3.431038973446488838e-02 -7.617483961731460473e-01 -5.026639739009162611e+01 -8.811429389258986986e-03 9.985840709895099643e-01 -5.246152763146080117e-02 -5.853114339508363351e+00 7.624698031421125455e-01 4.065280156412720558e-02 6.457454295086747509e-01 8.116393922475288036e+01
6.398330296462250155e-01 -3.851142997253221428e-02 -7.675484043838119996e-01 -5.118539923880186393e+01 -3.115886714518204155e-03 9.986054204614145391e-01 -5.270204423623523621e-02 -5.933008217687920194e+00 7.685076414423891444e-01 3.611210219392844978e-02 6.388207354111522518e-01 8.191391218564201893e+01
6.313661399355812165e-01 -4.165509466205259692e-02 -7.743653139119870410e-01 -5.210396166786416217e+01 1.327065861140646523e-03 9.986128860571490407e-01 -5.263594475140268014e-02 -6.010249015091376101e+00 7.754837496466447933e-01 3.220491913386541033e-02 6.305456432931954014e-01 8.268161649954471670e+01
6.226530118202306952e-01 -4.317640244718153747e-02 -7.813059669025683718e-01 -5.304520473520140911e+01 4.441963073422744608e-03 9.986554951902100186e-01 -5.164756401242499156e-02 -6.091336029496870808e+00 7.824854668035052807e-01 2.868797864111182275e-02 6.220076409258795680e-01 8.341906446424091826e+01
6.135977222843836953e-01 -4.223191944941673964e-02 -7.884886104244905880e-01 -5.400897213740378788e+01 5.669679836622239753e-03 9.987786079781494353e-01 -4.908306177639847057e-02 -6.169253422687815736e+00 7.895984422860062857e-01 2.564677650819132543e-02 6.130877214841093936e-01 8.415548655086934104e+01
6.045093995941049902e-01 -4.164294040012796877e-02 -7.955087929809115943e-01 -5.499122139957147937e+01 4.411255500879547251e-03 9.987923604888432338e-01 -4.893221264168167578e-02 -6.253305398516055824e+00 7.965858001144908718e-01 2.607078951915847015e-02 6.039630689181942902e-01 8.491317937326029153e+01
5.955859852403029286e-01 -4.314240716952703197e-02 -8.021321930346168028e-01 -5.598954608123382570e+01 3.894148639957031865e-03 9.987000677276344218e-01 -5.082332443650055404e-02 -6.320921955621766841e+00 8.032821299503631884e-01 2.714603734816364855e-02 5.949797678623564012e-01 8.564506600027966954e+01
5.863492515860341259e-01 -4.542215644409535596e-02 -8.087838839276372260e-01 -5.699700490964672639e+01 4.846508010463004834e-03 9.986055263479154398e-01 -5.256913623060618240e-02 -6.408641387811041312e+00 8.100438736423033470e-01 2.690409568626778852e-02 5.857517429771289530e-01 8.635921113698570650e+01
5.760370092541422515e-01 -4.653529003612277143e-02 -8.160979221776327730e-01 -5.799637454233720746e+01 4.303487492978571964e-03 9.985370275790458328e-01 -5.390069132672102581e-02 -6.475241242549468090e+00 8.174122918566710805e-01 2.753672540141494443e-02 5.753945481732020140e-01 8.706122271141738622e+01
5.661745500803451181e-01 -4.783815620463599538e-02 -8.228960306723507312e-01 -5.902191073547144384e+01 7.490636482813070075e-03 9.985718727741552669e-01 -5.289711940035098786e-02 -6.564212461643104568e+00 8.242513453578622640e-01 2.378498728322771608e-02 5.657243201774023733e-01 8.776074753398805228e+01
5.562754863919903148e-01 -4.709186086983603581e-02 -8.296625382254836367e-01 -6.005646155440066991e+01 7.785808929692290999e-03 9.986445485165014180e-01 -5.146306315794361291e-02 -6.645669860914744653e+00 8.309614766854734880e-01 2.216804600521293106e-02 5.558881313478565289e-01 8.843091382002720025e+01
5.453130388862238442e-01 -4.766883414773418620e-02 -8.368759520534431173e-01 -6.108591253937149190e+01 8.420141815714512340e-03 9.986428275948417976e-01 -5.139653758875988021e-02 -6.731877054641429936e+00 8.381901946252877655e-01 2.098058740081019599e-02 5.449743345899146219e-01 8.909318748436776048e+01
5.354820115575897876e-01 -4.884060394393573840e-02 -8.431332028702538395e-01 -6.214667701379333664e+01 8.011977632577190270e-03 9.985752654843514931e-01 -5.275649104992379684e-02 -6.805232791702637840e+00 8.445086353829632797e-01 2.149498708669323258e-02 5.351104028567342796e-01 8.975091200316882123e+01
5.254649505643215202e-01 -4.982419562585252426e-02 -8.493551213481040918e-01 -6.321521127212697877e+01 7.274975424075244036e-03 9.985104796905756031e-01 -5.407306771027468872e-02 -6.888854580816990314e+00 8.507841514597800359e-01 2.223446371909334682e-02 5.250447308329855289e-01 9.040481950464777583e+01
5.155313217636031675e-01 -5.001863915580524733e-02 -8.554095970627274559e-01 -6.428272688949520841e+01 5.310438048839716783e-03 9.984621384164572566e-01 -5.518294455877958277e-02 -6.978790597566179699e+00 8.568542861110779452e-01 2.390593618851682978e-02 5.150041280272124045e-01 9.103721105368974520e+01
