1.000000000000000000e+00 -3.306050084167601550e-19 -2.270457535318767223e-19 -8.673617379884035472e-19 7.546676715296109287e-19 1.000000000000000000e+00 6.237773588823049983e-19 1.387778780781445676e-17 -3.447385680526250622e-20 4.770700176052009879e-20 1.000000000000000222e+00 5.551115123125782702e-17
9.999118845239813869e-01 -2.862762275921759865e-03 1.296247306124100225e-02 1.182876002513870428e-02 2.845232968395171400e-03 9.999950218998360230e-01 1.370582774676354062e-03 -7.351375560281037114e-03 -1.296633463207561877e-02 -1.333575128949922826e-03 9.999150545022384984e-01 2.923845704761726116e-01
9.998354080684078715e-01 -4.761252060697557763e-03 1.751315005619350981e-02 2.474394574612207021e-02 4.743530343472457216e-03 9.999881737282074745e-01 1.053748915567382727e-03 -1.112441031316994955e-02 -1.751796214664422258e-02 -9.705000251827261386e-04 9.998461488666845476e-01 5.808227427135412846e-01
9.997449660397330629e-01 -8.144754774468880229e-03 2.106553187689502032e-02 3.840386743883351245e-02 8.148330428699557260e-03 9.999668112629258587e-01 -8.392417224700892439e-05 -1.695301655598627222e-02 -2.106415017943188278e-02 2.555597539522374314e-04 9.997781261473537295e-01 8.799403191056738294e-01
9.997863998509254335e-01 -9.361023080690174594e-03 1.842679428257397098e-02 4.320417029288960153e-02 9.390498328016732427e-03 9.999547277610137952e-01 -1.513824609764074071e-03 -1.960756000612941252e-02 -1.841179330494541189e-02 1.686557245403255429e-03 9.998290632945857626e-01 1.190015178142145302e+00
9.998757958375092958e-01 -1.038541938026837051e-02 1.184702653565041647e-02 3.835712326516500792e-02 1.041534033999012149e-02 9.999426962587063539e-01 -2.465106878525337875e-03 -2.539625488745199389e-02 -1.182073009640812085e-02 2.588266455715540915e-03 9.999267576520146639e-01 1.509936733505265805e+00
9.999246674325737994e-01 -1.226202745357203756e-02 -5.266830234831555366e-04 2.916431889648709447e-02 1.225970620852877280e-02 9.999160136880884675e-01 -4.206979955994617250e-03 -3.449332036640540000e-02 5.782295819683084875e-04 4.200207314705266259e-03 9.999909953624920300e-01 1.832100215652303188e+00
9.998137525159764838e-01 -1.116771200268265769e-02 -1.574370793961065232e-02 1.156535994103629998e-02 1.110033660788536589e-02 9.999288526860146131e-01 -4.363314111067760105e-03 -3.986835785092493478e-02 1.579131242274408459e-02 4.187768822436246409e-03 9.998666267468616642e-01 2.158984413299251059e+00
9.993966248257163398e-01 -5.312421440332567614e-03 -3.432770732529552560e-02 -3.007409958135265349e-02 5.167263246415344791e-03 9.999773627425554423e-01 -4.315879622700995698e-03 -4.929110629466047777e-02 3.434986055862779275e-02 4.135918568345271600e-03 9.994014350048180395e-01 2.506084331680664690e+00
9.985647662761327759e-01 -2.441431107136690561e-03 -5.350919978625496426e-02 -7.036937016471188355e-02 2.158020381650628712e-03 9.999833219551742536e-01 -5.354291758672340834e-03 -5.093595729182093246e-02 5.352138957900515193e-02 5.231134996076522610e-03 9.985533974979108329e-01 2.858570666596823351e+00
9.973019733361403460e-01 -1.269565449652380927e-03 -7.338655660562867777e-02 -1.192679243821342105e-01 8.604837120116171946e-04 9.999839376699873883e-01 -5.606215122496704083e-03 -5.852431890277917659e-02 7.339249338552768231e-02 5.527958878313138716e-03 9.972870264824283959e-01 3.219229495630251403e+00
9.954453324605633258e-01 -2.156159476724424633e-03 -9.533055161745132566e-02 -1.713349809684999725e-01 1.701795773742858283e-03 9.999867985015814531e-01 -4.848632488655291867e-03 -6.090006003505829546e-02 9.533976261891323467e-02 4.664279556796426147e-03 9.954358414118178455e-01 3.604059613620820279e+00
9.932767646862993294e-01 -3.718784437714757821e-03 -1.157254913328444046e-01 -2.287495716094134490e-01 3.242485848195017940e-03 9.999854746350291812e-01 -4.303447457254044699e-03 -7.234446884518891396e-02 1.157398323640504573e-01 3.899285275570393058e-03 9.932743827260960279e-01 3.990914115686367225e+00
9.910325771590856592e-01 -2.615777711513887858e-03 -1.335747299183860370e-01 -3.015490847160116061e-01 2.169214196334332510e-03 9.999915528817330257e-01 -3.487468562403633725e-03 -7.581546732994090543e-02 1.335827341662939594e-01 3.166371644314557292e-03 9.910298650916279373e-01 4.385442249241354951e+00
9.889221543422124228e-01 -1.687101713985575185e-03 -1.484225586062309088e-01 -3.831834190427344522e-01 1.345079476257440929e-03 9.999962233442395432e-01 -2.405087775619418281e-03 -8.217389061150358331e-02 1.484260573394608207e-01 2.178835448179090688e-03 9.889206749907027971e-01 4.799476691806631834e+00
9.868830661169754048e-01 -1.380377518853747199e-03 -1.614453344845284688e-01 -4.740141869510996475e-01 9.345352298772602491e-04 9.999955377800628931e-01 -2.836837024946057845e-03 -8.704355922271052315e-02 1.614485469804428364e-01 2.648760412309799587e-03 9.868799744034381094e-01 5.219608604288049847e+00
9.847655255009106767e-01 -1.899356142696616507e-03 -1.738583124596338736e-01 -5.623511108194116925e-01 1.312521178929057205e-03 9.999930328866513118e-01 -3.489131013091414154e-03 -9.872410890873550837e-02 1.738637437736770819e-01 3.207760087092020266e-03 9.847611759950677390e-01 5.659698726211749076e+00
9.828975215805911825e-01 -4.894826086183666665e-03 -1.841078360068013620e-01 -6.464733516958705017e-01 4.002495160150332243e-03 9.999783626989225960e-01 -5.217131086297628617e-03 -1.078988267959350572e-01 1.841294078146324120e-01 4.391054092448672987e-03 9.828958504349945002e-01 6.106892524808520406e+00
9.816477549782498535e-01 -4.017486401619232463e-03 -1.906602305372286088e-01 -7.480031373081608148e-01 2.701354929363003650e-03 9.999707238316587476e-01 -7.163082387965120403e-03 -1.151465796426125593e-01 1.906834338189123401e-01 6.516467973986534400e-03 9.816298336633887400e-01 6.567743816792416034e+00
9.802493442578478211e-01 -4.653707759306950631e-03 -1.977063272806614813e-01 -8.572557402948541849e-01 2.940687997494200075e-03 9.999555367638108816e-01 -8.956897801320281086e-03 -1.181247760339785985e-01 1.977392539276228156e-01 8.198419979979561234e-03 9.802194825914701815e-01 7.047085340255297758e+00
9.788844678906202246e-01 -5.624786571554009525e-03 -2.043324591077196883e-01 -9.681478521701665230e-01 3.306239752329516272e-03 9.999262670514685869e-01 -1.168837848837200009e-02 -1.261917896061529598e-01 2.043831335019078155e-01 1.076596447475816794e-02 9.788308666204114106e-01 7.530857551327770238e+00
9.766718788075267055e-01 -9.060146499589262145e-03 -2.145415883165060489e-01 -1.078064606858649022e+00 6.304212598996190332e-03 9.998886621577625089e-01 -1.352476788512652073e-02 -1.390075209297479408e-01 2.146402490840419452e-01 1.185687422624445535e-02 9.766203681915105461e-01 8.038528324362994582e+00
9.751587421669788425e-01 -1.475422275426716175e-02 -2.209806234132229708e-01 -1.191920677463510492e+00 1.182082396561796866e-02 9.998238011398228320e-01 -1.458761909421266156e-02 -1.543528688812715877e-01 2.211568911757679778e-01 1.161321830016755555e-02 9.751612707801124991e-01 8.551067604440229175e+00
9.734934873645677555e-01 -1.536037319509888158e-02 -2.281879081225452743e-01 -1.322697345223169618e+00 1.176514817265134072e-02 9.997845821326970528e-01 -1.710693230008791116e-02 -1.764842289691123112e-01 2.284015135832452859e-01 1.396881749956268605e-02 9.734643459308971458e-01 9.073537251595004349e+00
9.712843790851289905e-01 -1.241488202406994604e-02 -2.376035635933793355e-01 -1.473703119623133606e+00 7.628814935285809125e-03 9.997494153120052296e-01 -2.105824582365433892e-02 -1.783889822857594454e-01 2.378053426910113344e-01 1.864149003070998331e-02 9.711356334745699925e-01 9.606083856021157885e+00
9.695329518551704107e-01 -9.257356066229401742e-03 -2.447844390038367846e-01 -1.624064194473584744e+00 3.398185067145187595e-03 9.996978030545640159e-01 -2.434914412805756767e-02 -1.927114744569385918e-01 2.449359485369222988e-01 2.277493046363025450e-02 9.692716164014536506e-01 1.014854101889731730e+01
9.668472666111767033e-01 -1.182865690338412781e-02 -2.550188106038989710e-01 -1.780507988329770974e+00 5.242315881795587065e-03 9.996354911999585369e-01 -2.648795272736293588e-02 -2.172117708140330894e-01 2.552391441560872831e-01 2.427293548240301926e-02 9.665568478063882862e-01 1.071047856273212950e+01
9.645187981569672830e-01 -1.427892708063547081e-02 -2.635936528412587410e-01 -1.942988863665352284e+00 7.097033798378790150e-03 9.995778993409734081e-01 -2.817639688182123001e-02 -2.396461403380407695e-01 2.638846340840297899e-01 2.530603856332934096e-02 9.642130411380763766e-01 1.128653651793115564e+01
9.624476756700731661e-01 -1.381668039234231968e-02 -2.711335544238372974e-01 -2.117591723385363167e+00 5.720433818300424411e-03 9.995144504995238099e-01 -3.063908775215023333e-02 -2.595998088728185826e-01 2.714251161676162760e-01 2.793830423168160854e-02 9.620594159026993886e-01 1.186776933751768404e+01
9.602470647402889803e-01 -1.336602282895160872e-02 -2.787651986649122837e-01 -2.304487100307697656e+00 4.041474486227897983e-03 9.994140866979357440e-01 -3.399136913623926337e-02 -2.829101225667276509e-01 2.790560508283001506e-01 3.151402107792868057e-02 9.597384676642536361e-01 1.246472077757257324e+01
9.582194550471999639e-01 -1.374144813591503776e-02 -2.857680847358630150e-01 -2.494552351367078202e+00 2.619132325200763597e-03 9.992250925441974463e-01 -3.927054753749103372e-02 -3.102494606574078828e-01 2.860863435943655775e-01 3.688213711216972029e-02 9.575129161499051911e-01 1.306009562210857844e+01
9.563823129415273128e-01 -1.509543148349609849e-02 -2.916678764690709968e-01 -2.694655105293180419e+00 1.660462631708616976e-03 9.989286918901707502e-01 -4.624527401515765579e-02 -3.457181600163219404e-01 2.920535397270013767e-01 4.374327846630541444e-02 9.553829982734658444e-01 1.366664733882985594e+01
9.551016468327828690e-01 -1.547780854948822490e-02 -2.958137638582245543e-01 -2.893130828043110281e+00 -6.264990715462665036e-04 9.985268133418536696e-01 -5.426787820699661286e-02 -3.789810032558352804e-01 2.962178198089120973e-01 5.201639561458318989e-02 9.536848866881567632e-01 1.429005864987563612e+01
9.539894919986081634e-01 -1.530384498083875444e-02 -2.994256899951988626e-01 -3.106037362163860394e+00 -3.899092240323300158e-03 9.979790311977022599e-01 -6.341220023845202391e-02 -4.244607878548375957e-01 2.997910774248194743e-01 6.166222951816371228e-02 9.520018375596100979e-01 1.492946058633205730e+01
9.526346551439149879e-01 -1.535274371452185517e-02 -3.037280380489180698e-01 -3.327597981691537754e+00 -7.015148077146452117e-03 9.973499260160777480e-01 -7.241230818513504086e-02 -4.660940891533246755e-01 3.040344832259691543e-01 7.111502806372699270e-02 9.500024011855886519e-01 1.557620138784128727e+01
9.519894734270253345e-01 -1.379387718086849679e-02 -3.057712766466560428e-01 -3.553814290985724877e+00 -1.097475408569827116e-02 9.968043355705975550e-01 -7.912228122284338527e-02 -5.246804901705032220e-01 3.058857169086488526e-01 7.867878625461612041e-02 9.487959341397370627e-01 1.623281977657164177e+01
9.498739499371429140e-01 -1.258507457497976510e-02 -3.123929361071631772e-01 -3.789086271292232411e+00 -1.498810609383629394e-02 9.962073569759689606e-01 -8.570513700833533310e-02 -5.867756072357435126e-01 3.122871736488684324e-01 8.608982955794873548e-02 9.460828638289234815e-01 1.689928482750576322e+01
9.484569595416670884e-01 -1.246447083622885185e-02 -3.166297544372294603e-01 -4.031144159771520741e+00 -1.750274329174325572e-02 9.956407170994725497e-01 -9.160122597168700309e-02 -6.531706385661735226e-01 3.163910295676874984e-01 9.242257749142314405e-02 9.441042157348067398e-01 1.757855730135201711e+01
9.469733443419956487e-01 -1.016689129133504198e-02 -3.210734938039617736e-01 -4.281120879156189218e+00 -2.217193369174846190e-02 9.950491185575514042e-01 -9.687239088411155052e-02 -7.268033083123575100e-01 3.204687008768593026e-01 9.885520673413648873e-02 9.420596160341688785e-01 1.826580871014023799e+01
9.451769559153979650e-01 -7.236952424861780794e-03 -3.264694210867886692e-01 -4.544364347743816701e+00 -2.688645454471269916e-02 9.946355844756488152e-01 -9.988777913453757151e-02 -8.036711629983740446e-01 3.254409446900478065e-01 1.031896686718299927e-01 9.399121409863642196e-01 1.896478917484973792e+01
9.437281678227027459e-01 -5.421807233815420859e-03 -3.306862888098380249e-01 -4.805228332823846316e+00 -2.970462677277176458e-02 9.944346504445545909e-01 -1.010787999837485795e-01 -8.788864438242367516e-01 3.293934751049853449e-01 1.052154719307932529e-01 9.383150192953038093e-01 1.967355546846464165e+01
9.411564840129880150e-01 -5.295867977086629597e-03 -3.379535424187988801e-01 -5.077479185713775323e+00 -3.066543298492502984e-02 9.944148957919330956e-01 -1.009765332983590391e-01 -9.633126973020381678e-01 3.366016802460063406e-01 1.053945916830169166e-01 9.357374833580734963e-01 2.039778429127766657e+01
9.393113696645347677e-01 -5.639594890684398142e-03 -3.429328289320786038e-01 -5.363407538156383936e+00 -3.012452968127425287e-02 9.946467668020783082e-01 -9.886426957632733770e-02 -1.046712718724000846e+00 3.416544292009457973e-01 1.031975162307127436e-01 9.341130023921825343e-01 2.112688298077614135e+01
9.365207572762130894e-01 -5.831586271669438395e-03 -3.506306280213571935e-01 -5.643910603740990517e+00 -3.031085816528888977e-02 9.947717129696623806e-01 -9.752680819049945604e-02 -1.130387847608415708e+00 3.493670300932136263e-01 1.019601076658616934e-01 9.314475099749196518e-01 2.186744785343440256e+01
9.346438895872971608e-01 -4.795629320219092599e-03 -3.555994944761525223e-01 -5.936960993690706623e+00 -3.039439982093855921e-02 9.951720445555334305e-01 -9.331555334546146052e-02 -1.215241124034192710e+00 3.543305191814383748e-01 9.802302861252150390e-02 9.299857159044718768e-01 2.260022959753155547e+01
9.298200456525744784e-01 -1.744829520383312437e-03 -3.680315577849460618e-01 -6.258244450694190775e+00 -3.286950407835779325e-02 9.955983615196403180e-01 -8.776928569499033161e-02 -1.289588965319076630e+00 3.665645058754473662e-01 9.370780756912881759e-02 9.256701166925317414e-01 2.337383140916738355e+01
9.266274370023147577e-01 2.883005063974591908e-04 -3.759799713282286904e-01 -6.571528186977500852e+00 -3.367827289101702620e-02 9.960433611754699879e-01 -8.222335077558851069e-02 -1.372838518162289301e+00 3.744686867060626478e-01 8.885199600817889065e-02 9.229708148288073843e-01 2.412088897280212052e+01
9.232829165493858792e-01 3.262082479507603678e-03 -3.841317062263915338e-01 -6.905372040929790067e+00 -3.634254687103659343e-02 9.962201136420555381e-01 -7.890700362001756840e-02 -1.446015295727766770e+00 3.824229000514859367e-01 8.681220333686073820e-02 9.199115067615312169e-01 2.487758696219464483e+01
9.199761290603687414e-01 2.423182636836232907e-03 -3.919821793821692268e-01 -7.241650946569127001e+00 -3.529677091537954114e-02 9.964302567585650028e-01 -7.667343430368557533e-02 -1.524704219116636894e+00 3.903971169336492020e-01 8.437266526509050457e-02 9.167777372203121944e-01 2.564371484172727378e+01
9.159846838735788976e-01 4.655110932129251020e-03 -4.011985626398502092e-01 -7.593376884403776117e+00 -3.795000183311653119e-02 9.964546052235555562e-01 -7.509960264568553423e-02 -1.593516464805885935e+00 3.994269351356880549e-01 8.401552476575682715e-02 9.129137968975865602e-01 2.642920369860974716e+01
9.124310673074602640e-01 5.319649239151457397e-03 -4.091721297811105051e-01 -7.951357371864696155e+00 -3.925521097084403582e-02 9.964420610480579921e-01 -7.457106478826565354e-02 -1.661550354542851604e+00 4.073194812361226047e-01 8.410420106475714752e-02 9.093936806311460064e-01 2.720030306706759049e+01
9.082565236166080247e-01 5.541303052058391479e-03 -4.183009522030042837e-01 -8.327872862748813887e+00 -3.922603336602004109e-02 9.966360504707673096e-01 -7.194172403854794118e-02 -1.731848664556436157e+00 4.164948273163442405e-01 8.175209496356601602e-02 9.054186837518276576e-01 2.798359806576462461e+01
9.048850903062428674e-01 6.124668904448227896e-03 -4.255487057508792192e-01 -8.715574905807809358e+00 -3.938559707158057616e-02 9.968115067100141724e-01 -6.939294816082039463e-02 -1.799606079250831492e+00 4.237667016021576805e-01 7.955538711212004066e-02 9.022411957617583189e-01 2.878082856456329708e+01
9.017996096276037488e-01 6.292749573913968691e-03 -4.321102597502952114e-01 -9.107973175756363560e+00 -3.836469150640721415e-02 9.971117191113223477e-01 -6.554749496760849115e-02 -1.868466284956459056e+00 4.304498964913963110e-01 7.568849441203694128e-02 8.994362636148949264e-01 2.957852727612520027e+01
8.976142544107014176e-01 6.950401684954928862e-03 -4.406561413326613441e-01 -9.512679731086969070e+00 -3.752876154555639943e-02 9.974499321770670113e-01 -6.068550232043904563e-02 -1.928082906913313188e+00 4.391104157787044659e-01 7.101039265064919281e-02 8.955862407536929748e-01 3.039173237895751711e+01
8.945875039025169562e-01 7.379460861068130005e-03 -4.468558375898664115e-01 -9.931543728704639307e+00 -3.601902048964769620e-02 9.978012813462983077e-01 -5.565542332822349947e-02 -1.991091577256978606e+00 4.454629846862344089e-01 6.588416382428868845e-02 8.928862568082224227e-01 3.121023255226480231e+01
8.904182716130983888e-01 7.306813960788331383e-03 -4.550722400584004679e-01 -1.036356150382716734e+01 -3.549058509166792136e-02 9.979414647552459217e-01 -5.341915366014639288e-02 -2.052179858714576088e+00 4.537454716126041454e-01 6.371406932289246094e-02 8.888444195535922798e-01 3.203375535015000253e+01
8.870922440279742638e-01 7.142990375991252992e-03 -4.615690493340431355e-01 -1.080550257579385054e+01 -3.516046208755212177e-02 9.980210217261442640e-01 -5.214465457327474573e-02 -2.112433024922649505e+00 4.602835533804274792e-01 6.248401861616557224e-02 8.855877850042437327e-01 3.286088503906655234e+01
8.849522800121076838e-01 7.213859917084973483e-03 -4.655266895200955157e-01 -1.124992041768384077e+01 -3.446295035362702958e-02 9.981525339260103324e-01 -5.003245905178885927e-02 -2.161569765450019442e+00 4.643054131018147790e-01 6.032486825294960248e-02 8.835662475776902003e-01 3.369768857519972016e+01
8.810946561139677558e-01 5.835176988589921808e-03 -4.729049962412826824e-01 -1.172134279370295573e+01 -3.270607079865881645e-02 9.982818229658516618e-01 -4.861999156918709458e-02 -2.222277269448773129e+00 4.718088172555334747e-01 5.830561145050897065e-02 8.797715225910182069e-01 3.454528031606707117e+01
8.790258474045347103e-01 4.586430565343994556e-03 -4.767748990806139897e-01 -1.219254088196715813e+01 -3.150254897788744984e-02 9.983272233725016820e-01 -4.847377098325163225e-02 -2.280404512071603662e+00 4.757550624358657942e-01 5.762840905824279797e-02 8.776999129837975699e-01 3.540087114090017195e+01
8.779533386640359094e-01 3.727968895714770491e-03 -4.786871973944366032e-01 -1.267580120950478673e+01 -3.090606749292430441e-02 9.983250703428112605e-01 -4.890909958278177178e-02 -2.328072134000202187e+00 4.777029915154216710e-01 5.773676903084331430e-02 8.765981111500132927e-01 3.626652314267801813e+01
8.758606412378316941e-01 5.272429238744551390e-03 -4.824209407874004429e-01 -1.317679207852746437e+01 -3.323342619785325108e-02 9.982251759925645507e-01 -4.941457322096938498e-02 -2.386017222259077641e+00 4.813039025123666548e-01 5.931813024377109722e-02 8.744815255277826882e-01 3.713124337948026721e+01
8.758768900986287909e-01 4.730360841195087838e-03 -4.825141582134142015e-01 -1.367676648376460236e+01 -3.225757457618471519e-02 9.982889562405489192e-01 -4.876985991024524597e-02 -2.445170970452914094e+00 4.814577795193423215e-01 5.828293465046028438e-02 8.745310173120981467e-01 3.802051639048504939e+01
8.758856501015459539e-01 5.436878166099637540e-03 -4.823899913874892809e-01 -1.418129049579429335e+01 -3.171729443918440416e-02 9.984226838621740319e-01 -4.632255313424143983e-02 -2.496162375579614512e+00 4.813771654432091318e-01 5.587547222180380690e-02 8.746764797264660052e-01 3.891732840204459620e+01
8.752329320992534578e-01 4.826434638526300516e-03 -4.836570963375216303e-01 -1.469295618128188963e+01 -3.075256659414234151e-02 9.984825322659710567e-01 -4.568986241935203696e-02 -2.557815328139609878e+00 4.827029959129305881e-01 5.486041906138680591e-02 8.740529973390298579e-01 3.982856388238957379e+01
8.750300751405283295e-01 1.592148528469440128e-03 -4.839774486615771587e-01 -1.520362798150449102e+01 -2.780681836882270899e-02 9.985086125241040556e-01 -4.698985773046852887e-02 -2.617574859702666679e+00 4.831807623098111626e-01 5.457936882562894332e-02 8.737692685540874304e-01 4.074376492863527233e+01
8.735830205571152307e-01 -2.744952604342830059e-04 -4.866366323904851576e-01 -1.573819961891432051e+01 -2.600412052098078144e-02 9.985449695029771089e-01 -4.724524030908366923e-02 -2.675214035852039540e+00 4.859414844370377184e-01 5.392853684916126822e-02 8.723048169085967363e-01 4.167695683105430504e+01
8.726146377427640433e-01 -5.902432214478477504e-04 -4.884963714862634587e-01 -1.626803008275295781e+01 -2.481891559576441392e-02 9.986536315267471320e-01 -4.553830018577242900e-02 -2.737459007533704192e+00 4.878656618844093296e-01 5.185907735234825816e-02 8.714250357460532337e-01 4.260703599831621347e+01
8.700984382416513396e-01 -2.452453019599821387e-04 -4.929532060405766858e-01 -1.680497348940991031e+01 -2.348845585062099214e-02 9.988430549387155022e-01 -4.196271011106549043e-02 -2.790742357947924912e+00 4.923934201035695679e-01 4.808783203100078923e-02 8.690860198468247644e-01 4.353973159290933381e+01
8.671242257753184468e-01 -1.436801611539941816e-04 -4.979202843736582618e-01 -1.734947617582135138e+01 -2.131184236842749435e-02 9.990733129527678003e-01 -3.739346947632347928e-02 -2.849834870495764338e+00 4.974640193178576641e-01 4.304269421136660417e-02 8.663177963549218985e-01 4.446933173929897265e+01
8.647362194020505877e-01 -6.778604992700097394e-05 -5.023022097458055280e-01 -1.789163179523026415e+01 -2.043370303083816633e-02 9.991671742456823546e-01 -3.532392862495716684e-02 -2.901464009278961420e+00 5.018864843997230540e-01 4.080744598964154007e-02 8.640146351837492134e-01 4.539458732421643816e+01
8.581963316466630909e-01 -3.601267544637564225e-03 -5.132718745058166832e-01 -1.844656872058293473e+01 -1.804245483805192937e-02 9.991458552024239381e-01 -3.717069174135576026e-02 -2.963367012740217632e+00 5.129671662712483871e-01 4.116205326026226713e-02 8.573984471154516562e-01 4.630194507980272789e+01
8.532130941091279341e-01 -7.463153034313782866e-03 -5.216189024746504810e-01 -1.900796352033653847e+01 -1.581314197937356419e-02 9.990677657428770342e-01 -4.016434489407471470e-02 -3.024507587015102139e+00 5.214327087861508891e-01 4.251413278837894855e-02 8.522998643873448410e-01 4.721096290938497475e+01
8.473350444727698605e-01 -5.771039203082741105e-03 -5.309623723380157978e-01 -1.959042225541849191e+01 -1.790312854067770479e-02 9.990621713943470539e-01 -3.941690282723155081e-02 -3.069164815046418582e+00 5.306920536810013633e-01 4.290552129056295766e-02 8.464371018170570027e-01 4.812862972486021107e+01
8.410872183802421409e-01 -4.480594993937021299e-03 -5.408530290605684243e-01 -2.018876336281552497e+01 -1.733451145847865124e-02 9.992288402798729097e-01 -3.524486504062111780e-02 -3.121222302474860211e+00 5.405939168996718447e-01 3.902136761514139046e-02 8.403610572570910930e-01 4.903142538680457108e+01
8.379159539936880119e-01 -8.516219538500369298e-04 -5.458680121487284875e-01 -2.078802306448600490e+01 -1.873239953944638020e-02 9.993649092615736196e-01 -3.030693664950958460e-02 -3.182316400779503951e+00 5.455473759363483888e-01 3.561640510015438160e-02 8.373677196800718425e-01 4.992030400048847127e+01
8.332767893615856680e-01 6.256065393124662271e-04 -5.530495053552911822e-01 -2.140021220186613249e+01 -2.136752151816874792e-02 9.992886949393291474e-01 -3.106699963845124812e-02 -3.222710397355785794e+00 5.526369646407838232e-01 3.769891937033412882e-02 8.326974532448618849e-01 5.081770477599557978e+01
8.291455921458573686e-01 -9.148641677830030277e-04 -5.591581523402301412e-01 -2.200962068295337559e+01 -2.267051084605741645e-02 9.991210098437163234e-01 -3.524914464904278788e-02 -3.272609438304766805e+00 5.586989672030763243e-01 4.190018932682142150e-02 8.283961601754959991e-01 5.170263444146232956e+01
8.260965231706629552e-01 -2.648104205705716866e-03 -5.636202034730747323e-01 -2.261992033884092734e+01 -2.562053026703962205e-02 9.987784471158952515e-01 -4.226012549569436311e-02 -3.336944239035577020e+00 5.630435163611478000e-01 4.935269759019872415e-02 8.250196844642659899e-01 5.257751507856499273e+01
8.236458669779824771e-01 -4.680472017395902185e-03 -5.671122852503662770e-01 -2.324281887599281760e+01 -2.476309218120314667e-02 9.987153325065825094e-01 -4.421552397552962199e-02 -3.394460376123164647e+00 5.665909517098464132e-01 5.046083313987597546e-02 8.224719480412227002e-01 5.345489782077815022e+01
8.208977466919623600e-01 -3.005901510721372370e-03 -5.709350264692776289e-01 -2.386362695977829418e+01 -2.423357756756604198e-02 9.989019798968472585e-01 -4.009318271974568471e-02 -3.451567178417977111e+00 5.704282501155500951e-01 4.675500948323541711e-02 8.199237531589629313e-01 5.433729276510499773e+01
8.175469458400199674e-01 -6.659573049832558881e-04 -5.758639277857700023e-01 -2.449511075428992157e+01 -2.324341854698376911e-02 9.991461371865125729e-01 -3.414067961614593305e-02 -3.507416445191442467e+00 5.753949997503992053e-01 4.129596640525512452e-02 8.168335402225216368e-01 5.520887006840175815e+01
8.147410726218827781e-01 1.107776652593873241e-03 -5.797393529056551476e-01 -2.513467800763334381e+01 -2.350667061065922145e-02 9.992391236001934018e-01 -3.111811167226840105e-02 -3.559949819921905956e+00 5.792636619210498328e-01 3.898295152837344402e-02 8.141471998846442348e-01 5.608521482678729342e+01
8.118870742210512192e-01 2.251581018184856293e-03 -5.837124937648138223e-01 -2.577633385031754187e+01 -2.552964605579646773e-02 9.991729123459875961e-01 -3.165143224063074467e-02 -3.607157387657162317e+00 5.831582424514015761e-01 4.060364296708973697e-02 8.112732420210657658e-01 5.695449990771263771e+01
8.070752225805363222e-01 -6.300123347667324538e-05 -5.904278782996222885e-01 -2.642312792094616114e+01 -2.480736963773657808e-02 9.991133788095920565e-01 -3.401917740671761559e-02 -3.660219291952953480e+00 5.899067964596811375e-01 4.210098868115522142e-02 8.063580213630153759e-01 5.782892590695100665e+01
8.043394158899787039e-01 -2.117086067335395734e-03 -5.941209207754896138e-01 -2.707889403325465949e+01 -2.400353805692457404e-02 9.990614368863927064e-01 -3.604504072105992746e-02 -3.714868949628156614e+00 5.936395973647490276e-01 4.325437252283945849e-02 8.035338138572347688e-01 5.869665661210753882e+01
8.003610292175484808e-01 -3.080777833453502215e-03 -5.994352188671642212e-01 -2.773496368101906739e+01 -2.318455006026002088e-02 9.990796558507640812e-01 -3.608095115423905902e-02 -3.764195483675750076e+00 5.989946028304974357e-01 4.277629347358427592e-02 7.995531527650923120e-01 5.956147812199947111e+01
7.954152605977861112e-01 -4.795737463799127145e-03 -6.060025160531000710e-01 -2.840817463683703892e+01 -2.112702835380690647e-02 9.991415673141182952e-01 -3.563431374320211870e-02 -3.820552948156894058e+00 6.056532079076496489e-01 4.114572422491889758e-02 7.946311517862771900e-01 6.042753829206510829e+01
7.911775539595309326e-01 -3.189083920209896238e-03 -6.116890513674720919e-01 -2.907967436926888283e+01 -2.229692552328875477e-02 9.991712089908657557e-01 -3.406162616592740833e-02 -3.868125908393120760e+00 6.112908965854454424e-01 4.058637970025752439e-02 7.904506378560305357e-01 6.129202345218890002e+01
7.853087143164489969e-01 -4.513361549804989319e-03 -6.190567920832417137e-01 -2.976801013440633170e+01 -2.178958389240437735e-02 9.991524310126477237e-01 -3.491680423202283418e-02 -3.924894102835330578e+00 6.186898149812939396e-01 4.090676276279694296e-02 7.845446420434928347e-01 6.215177060344825577e+01
7.806480794382674171e-01 -5.393631746901984131e-03 -6.250596169484455844e-01 -3.046910166793919217e+01 -2.138740285621838766e-02 9.991465284111852307e-01 -3.533848986789187019e-02 -3.976353100780137595e+00 6.247171375887287104e-01 4.095085641120553566e-02 7.798663633152510544e-01 6.300385300515863918e+01
7.764252400843522084e-01 -6.800807715941374620e-03 -6.302503083729684707e-01 -3.117098751015737079e+01 -2.115047267977183953e-02 9.990973268289143894e-01 -3.684929117782614894e-02 -4.035354739566712645e+00 6.299323630135151841e-01 4.193693306391325232e-02 7.755803097499418541e-01 6.385315347020367227e+01
7.693600581398755134e-01 -8.550867689909227159e-03 -6.387609956721201909e-01 -3.189126490386913204e+01 -2.012152136190882221e-02 9.990898426576887426e-01 -3.760501039086312086e-02 -4.083323970825804672e+00 6.385016754802825822e-01 4.177917052143152732e-02 7.684876936161932903e-01 6.469928914764099659e+01
7.648570230640350243e-01 -1.049774506068516453e-02 -6.442845387342399643e-01 -3.260599191658485552e+01 -1.946125921160801048e-02 9.990343920462038119e-01 -3.939118249362939805e-02 -4.142412122940476671e+00 6.440760076489021602e-01 4.266450771402930525e-02 7.639140920728362261e-01 6.554480215784532504e+01
7.576151358741554098e-01 -1.165665221150942107e-02 -6.525110066000064934e-01 -3.334193892306751650e+01 -1.826426235150423877e-02 9.990703994041271185e-01 -3.905934648265271120e-02 -4.198403308566750702e+00 6.523597021255849171e-01 4.151360916187268879e-02 7.566977936363600277e-01 6.638634391585408423e+01
7.511254407273166844e-01 -1.222729709329496185e-02 -6.601203018892316532e-01 -3.409033184005330952e+01 -1.701512010072436798e-02 9.991377564162495784e-01 -3.786491060343077919e-02 -4.254489873166876990e+00 6.600144422951306211e-01 3.966852282185926587e-02 7.502695491714364007e-01 6.722806884317270715e+01
7.457760451487821518e-01 -1.260122466927260029e-02 -6.660682356760935230e-01 -3.484004488628190188e+01 -1.552735971854365786e-02 9.992207092372298316e-01 -3.630158764074169209e-02 -4.305012192663713932e+00 6.660067281501780290e-01 3.741417260259686378e-02 7.449992020348867872e-01 6.806211742929846764e+01
7.399955563093800759e-01 -1.297901999042377214e-02 -6.724103097924806205e-01 -3.561067509338091952e+01 -1.621245185298211475e-02 9.991791106428267177e-01 -3.712453454466522335e-02 -4.360922295269391569e+00 6.723397715346325354e-01 3.838022643368285691e-02 7.391776413211090802e-01 6.889273355072820948e+01
7.325485402565344861e-01 -1.493068506280762972e-02 -6.805297506684085951e-01 -3.639367841122811598e+01 -1.593019709971045875e-02 9.991095945106102105e-01 -3.906402274390631535e-02 -4.413687650775394822e+00 6.805072743511901834e-01 3.945436827084902731e-02 7.316583654197756914e-01 6.970351292823808365e+01
7.284333106988855056e-01 -1.419191434211625365e-02 -6.849930156063949171e-01 -3.717559982674987396e+01 -1.672677570233536970e-02 9.991190251284310930e-01 -3.847736092935413743e-02 -4.474052600821794456e+00 6.849358473388171831e-01 3.948242716361093085e-02 7.275542205882414848e-01 7.053774436935917436e+01
7.221130578047073589e-01 -1.473965856881973881e-02 -6.916473188484524304e-01 -3.797804795154069524e+01 -1.584733947635594623e-02 9.991581313197189784e-01 -3.784074117396084291e-02 -4.528241040412602558e+00 6.916230695204698131e-01 3.828160358157091381e-02 7.212715426375062577e-01 7.135090797100578186e+01
7.179175131454255121e-01 -1.404030426680245858e-02 -6.960014021298642772e-01 -3.878003016173622797e+01 -1.677808705000726625e-02 9.991571801712103573e-01 -3.746418289638354243e-02 -4.587283895793127897e+00 6.959408974686590588e-01 3.857229304140627479e-02 7.170768369491726801e-01 7.216459132914489771e+01
7.122137629302655037e-01 -1.433547711683414057e-02 -7.019711173342112476e-01 -3.960421198879907223e+01 -1.708174521558827527e-02 9.991415184560051843e-01 -3.774095206726341828e-02 -4.643312725701103538e+00 7.019097895716418511e-01 3.886501702453595830e-02 7.113574022914028738e-01 7.297702188922738742e+01
7.077430360032107570e-01 -1.563614385285514580e-02 -7.064206215466228844e-01 -4.043286551794459172e+01 -1.792314785541457983e-02 9.990357916556716900e-01 -4.008699636503934571e-02 -4.702832172948730793e+00 7.063661704486381421e-01 4.103323273536692295e-02 7.067803111159898233e-01 7.379335520165399487e+01
7.034150384874003903e-01 -1.814853871885950543e-02 -7.105508767378729829e-01 -4.125860177265455064e+01 -1.757095738218945880e-02 9.989244820535519986e-01 -4.290932728214990471e-02 -4.767500372710586021e+00 7.105648846830369125e-01 4.267568889613963107e-02 7.023395990459925242e-01 7.460454019444894413e+01
6.973783911732397423e-01 -1.865354938038787241e-02 -7.164884703414060585e-01 -4.210454230605424186e+01 -1.837527402229825052e-02 9.988671898867844678e-01 -4.389374125284900563e-02 -4.828309064852021493e+00 7.164957171758292720e-01 4.377545429536350979e-02 6.962455807632487170e-01 7.540951046804384816e+01
6.928181708616253376e-01 -1.894243728588653267e-02 -7.209372408520741127e-01 -4.295668920219511477e+01 -1.674724737216139528e-02 9.989626059127221236e-01 -4.234438831983074886e-02 -4.890019213928744612e+00 7.209916100357766089e-01 4.140757913846891680e-02 6.917822053080195932e-01 7.621376351333681498e+01
6.889871224890530277e-01 -1.966569787117008680e-02 -7.244892699626040988e-01 -4.382004288690934146e+01 -1.538280375304946004e-02 9.990096985008622976e-01 -4.173550141428278987e-02 -4.952799260233244460e+00 7.245930638811017843e-01 3.989309593162590484e-02 6.880023912750994342e-01 7.701656798968262763e+01
6.828148874264063917e-01 -1.886700823595789667e-02 -7.304187922498621699e-01 -4.468609064013519117e+01 -1.553006876388846741e-02 9.990657541159660981e-01 -4.033020313286932862e-02 -5.021638814019647512e+00 7.304973522752823412e-01 3.888076173851982148e-02 6.818840021267561502e-01 7.781664140829360576e+01
6.789085162373423854e-01 -2.056836877272137307e-02 -7.338635530079850033e-01 -4.556349686456119485e+01 -1.437217513110184038e-02 9.990436813487015844e-01 -4.129321478841660453e-02 -5.082508193380661510e+00 7.340110474761157855e-01 3.858242473182137144e-02 6.779635872497716820e-01 7.861801264863603933e+01
6.741983407680847140e-01 -2.156148355510460052e-02 -7.381051573076820027e-01 -4.645005858011259647e+01 -1.291675562876743767e-02 9.990766132811821354e-01 -4.098529832570816517e-02 -5.147121208518128377e+00 7.383071157220628677e-01 3.716938439262366251e-02 6.732972066715586790e-01 7.941486255060851818e+01
6.704372615894577114e-01 -2.265469931154414501e-02 -7.415483068252907151e-01 -4.734666183162975273e+01 -1.119581240201039142e-02 9.991111399226687562e-01 -4.062904989558617508e-02 -5.202846136889752060e+00 7.418094426680276188e-01 3.554491077995088760e-02 6.695876029358108772e-01 8.021229519844312961e+01
6.668150475754548445e-01 -2.643124308076916229e-02 -7.447060264316713862e-01 -4.824188065550809768e+01 -8.041372080014316109e-03 9.990574526980868786e-01 -4.266392959596070067e-02 -5.271956240036598018e+00 7.451316849518797580e-01 3.444055439099057148e-02 6.659739753276548990e-01 8.100996252566569922e+01
6.621473423858651453e-01 -3.099006710056867800e-02 -7.486935722076882849e-01 -4.914463285326278452e+01 -4.779461165661344491e-03 9.989495113525111991e-01 -4.558636714823238734e-02 -5.341398676707441950e+00 7.493196181251383647e-01 3.376501654287910464e-02 6.613037161773953621e-01 8.180241604868963634e+01
6.576071892368030580e-01 -3.595945233402677438e-02 -7.524731515275085991e-01 -5.005964253710980927e+01 1.891756103725042253e-04 9.988679811893781402e-01 -4.757928641795378111e-02 -5.406041226993708371e+00 7.533319160773385148e-01 3.114859635791002862e-02 6.568696062042205241e-01 8.259700869666029632e+01
6.522355424525794199e-01 -3.910347911952263139e-02 -7.569970443865394749e-01 -5.097801865207694760e+01 5.550543227780960556e-03 9.988883294561048398e-01 -4.682017988494223404e-02 -5.478174255435192208e+00 7.579858570761421888e-01 2.634226751940404315e-02 6.517272089857861772e-01 8.339456460978968266e+01
6.420324807814964396e-01 -4.398796956251160156e-02 -7.654018683421019986e-01 -5.190392167647463850e+01 1.130940841887188679e-02 9.987874720421324737e-01 -4.790759239069938835e-02 -5.551037376224822850e+00 7.665815548866425910e-01 2.209808362257864936e-02 6.417515417556863833e-01 8.417688215979876531e+01
6.351702254025382022e-01 -4.416306798510544890e-02 -7.711791193619450535e-01 -5.285203335679871373e+01 1.364065651151660438e-02 9.988496540700978477e-01 -4.596084353106387466e-02 -5.625232925776384008e+00 7.723224320245810626e-01 1.866733781103726772e-02 6.350420435544027464e-01 8.495515082099521464e+01
6.242934814533032117e-01 -4.327993080227775236e-02 -7.799219746409339349e-01 -5.381635471610962895e+01 1.517029487888756252e-02 9.989470547793444233e-01 -4.329146889229477241e-02 -5.690401382045781276e+00 7.809750072787176034e-01 1.518231623320820921e-02 6.242934407990604617e-01 8.571379798893829616e+01
6.149056363290315019e-01 -4.440545521005614948e-02 -7.872996382299354279e-01 -5.479310498838983534e+01 1.624081840798601711e-02 9.989147709143433307e-01 -4.365680929185997844e-02 -5.763666195396385028e+00 7.883834885667786452e-01 1.405894582797149843e-02 6.149594451469146961e-01 8.646862082393300852e+01
6.067738308530876701e-01 -4.474673656956656281e-02 -7.936197911944053995e-01 -5.578160116204666963e+01 1.382282897939153370e-02 9.988575334389798721e-01 -4.575759833049753561e-02 -5.833718323544995421e+00 7.947599829874116839e-01 1.680180974312476053e-02 6.066987386284649064e-01 8.721627030616150478e+01
5.966680656867623389e-01 -4.798790885325891070e-02 -8.010327970917376916e-01 -5.677992417230258582e+01 1.592537542534583350e-02 9.987220122264131028e-01 -4.796931667806419303e-02 -5.903942278243279773e+00 8.023109545375470830e-01 1.586572023200074483e-02 5.966696774121422742e-01 8.794131768959735496e+01
5.867524929604329698e-01 -4.890747348574536052e-02 -8.082142072637835684e-01 -5.778874840357479314e+01 1.585743610308184420e-02 9.986772720295037375e-01 -4.891024796117550422e-02 -5.974161518886251798e+00 8.095368895584815760e-01 1.588419054760922822e-02 5.867515432795642472e-01 8.866864525596170665e+01
5.775959551858641516e-01 -4.926049223690759371e-02 -8.149112115941350432e-01 -5.881103923160546287e+01 1.802563647933244986e-02 9.987034251801718554e-01 -4.759437784694151019e-02 -6.044813647887132824e+00 8.162002888565325076e-01 1.278618755805367713e-02 5.777357706387556968e-01 8.939137087345038424e+01
5.676550684745276243e-01 -4.974058525611524395e-02 -8.217949345593006383e-01 -5.984099584691337270e+01 2.063497607570468836e-02 9.987193115194243909e-01 -4.619853400769896590e-02 -6.120555887506283987e+00 8.230402132442495855e-01 9.271186669454159479e-03 5.679543429598444826e-01 9.010302130480401672e+01
5.558085911517879341e-01 -4.982344981521671934e-02 -8.297470794773650349e-01 -6.089197563385003065e+01 2.118122169554724835e-02 9.987271630305404324e-01 -4.577999763800141841e-02 -6.192563673111386002e+00 8.309714819807614283e-01 7.870887224058483594e-03 5.561562700486291089e-01 9.079559141690599233e+01
5.467961939929998350e-01 -5.112709251598091670e-02 -8.357086960544700682e-01 -6.194333835433739210e+01 2.074868227693962841e-02 9.986549890998610568e-01 -4.751484657039842241e-02 -6.267056287924942737e+00 8.370138709754917361e-01 8.642520499211063870e-03 5.471214463588912613e-01 9.147872330620984371e+01
5.356111255162635532e-01 -5.236633172396597258e-02 -8.428002884782592741e-01 -6.301628942363299046e+01 1.924086274597654883e-02 9.985736365093795808e-01 -4.981410966542056118e-02 -6.341096833285358336e+00 8.442058777790775181e-01 1.047629955716020307e-02 5.358539142362588326e-01 9.214431162026727407e+01
5.267159158126312191e-01 -5.241288616772829534e-02 -8.485338345052256814e-01 -6.409654066274573836e+01 1.745641173037597652e-02 9.985539760560960820e-01 -5.083150457891349311e-02 -6.422138295792721330e+00 8.499718077608411360e-01 1.195946341972835975e-02 5.268688539160325535e-01 9.279933623885679594e+01
