1.0 0.0 0.0 0.0 0.0 1.0 0.0 0.0 0.0 0.0 1.0 0.0
0.9999148 0.012973393 0.0014332829 0.29260254 -0.012969368 0.999912 -0.002781829 -0.008300781 -0.0014692522 0.0027630033 0.9999951 0.005859375
0.9998456 0.017540012 0.0011038454 0.5810547 -0.0175347 0.99983555 -0.004650669 -0.020385742 -0.0011852391 0.0046306048 0.99998856 0.0075683594
0.999777 0.021117942 -9.942122e-05 0.88012695 -0.021118062 0.99974495 -0.008009355 -0.033691406 -6.975353e-05 0.0080096675 0.99996793 0.010986328
0.9998279 0.018485287 -0.0015543294 1.1900635 -0.018498877 0.9997862 -0.00923961 -0.040039062 0.0013831807 0.009266771 0.9999561 0.011108398
0.9999259 0.011908473 -0.002511641 1.5098877 -0.011933774 0.9998756 -0.010304135 -0.038085938 0.0023885472 0.010333362 0.99994373 0.014526367
0.99999094 -0.00046490674 -0.0042273463 1.8319092 0.0004130551 0.9999248 -0.012257288 -0.033813477 0.004232726 0.012255431 0.99991596 0.020996094
0.9998677 -0.01568479 -0.004334547 2.1588135 0.015635137 0.9998144 -0.011262633 -0.021850586 0.004510366 0.011193417 0.99992716 0.024291992
0.9994026 -0.034281243 -0.004418232 2.5061035 0.034256626 0.9993979 -0.005531768 0.013305664 0.004605182 0.0053771087 0.99997497 0.03173828
0.9985542 -0.0534625 -0.005657064 2.8587646 0.053447384 0.99856716 -0.0027898722 0.04675293 0.0057981024 0.0024835248 0.9999801 0.03100586
0.99728763 -0.07333864 -0.0061035543 3.2198486 0.07332921 0.99730545 -0.0017564828 0.088378906 0.006215931 0.001304177 0.99997985 0.036499023
0.9954372 -0.095286325 -0.005406212 3.6053467 0.09527226 0.9954493 -0.0028018535 0.13232422 0.0056485925 0.0022741647 0.99998146 0.036987305
0.99327725 -0.115681574 -0.004794334 3.993042 0.11566021 0.99328107 -0.0045154896 0.18200684 0.0052844146 0.0039306185 0.9999783 0.04650879
0.9910323 -0.1335365 -0.004188531 4.3884277 0.13352211 0.9910368 -0.003547683 0.24816895 0.0046248366 0.002956411 0.9999849 0.048217773
0.9889226 -0.14839244 -0.0033051586 4.8033447 0.14838377 0.98892564 -0.0027341396 0.32409668 0.0036742669 0.002213471 0.9999908 0.052856445
0.98688173 -0.16141322 -0.0038661512 5.224243 0.16140427 0.9868875 -0.0025273634 0.40979004 0.0042233355 0.0018701316 0.99998933 0.055541992
0.9847636 -0.17382091 -0.0045123296 5.665161 0.17380786 0.98477125 -0.003142761 0.493042 0.004989942 0.0023103508 0.99998486 0.064819336
0.9829019 -0.18405914 -0.005771694 6.113037 0.18402338 0.98290586 -0.00621727 0.57263184 0.0068172235 0.0050487164 0.999964 0.07116699
0.98163474 -0.19060421 -0.007940082 6.574341 0.19056545 0.9816596 -0.005388454 0.6711426 0.00882166 0.0037764874 0.999954 0.07556152
0.98022515 -0.19764462 -0.009670921 7.054199 0.19759257 0.9802645 -0.006078311 0.7770996 0.0106815975 0.0040471093 0.99993473 0.075683594
0.9788376 -0.20426515 -0.012284854 7.538452 0.20419006 0.9789046 -0.0070982506 0.8847656 0.01347577 0.0044399346 0.9998994 0.080566406
0.97663194 -0.21449359 -0.013450489 8.046997 0.21436144 0.9766958 -0.01061512 0.98999023 0.015413742 0.007483465 0.9998532 0.09033203
0.9751812 -0.22097619 -0.013260622 8.560303 0.22075441 0.9751843 -0.016362833 1.1002197 0.016547335 0.013028635 0.9997783 0.10290527
0.97348535 -0.22820187 -0.015664864 9.083496 0.2279371 0.9735246 -0.017024348 1.227417 0.019135198 0.013002195 0.9997325 0.12182617
0.97115207 -0.23759437 -0.020392943 9.616699 0.23733975 0.97132516 -0.014148735 1.3745117 0.023169557 0.008902101 0.9996922 0.12011719
0.96928275 -0.2447187 -0.02456623 10.15979 0.24451444 0.9695824 -0.0110438075 1.5216064 0.02652225 0.004698008 0.99963725 0.13098145
0.9665721 -0.2549974 -0.026134659 10.7229 0.25471428 0.96690285 -0.013699641 1.6732178 0.02876385 0.0065838625 0.99956465 0.15234375
0.9642325 -0.26362216 -0.027227003 11.300049 0.26325908 0.96457946 -0.016221724 1.8314209 0.030539388 0.008473227 0.9994978 0.17175293
0.96207786 -0.27114996 -0.029905552 11.882202 0.27078184 0.96251583 -0.015819583 2.0023193 0.033073727 0.007124841 0.99942786 0.18847656
0.95975554 -0.27876252 -0.033527438 12.480103 0.2783892 0.96032524 -0.015428601 2.1854248 0.03649865 0.0054723085 0.99931884 0.20825195
0.9575294 -0.28575823 -0.038939543 13.076294 0.2853471 0.9583123 -0.015854128 2.3718262 0.04184458 0.0040710643 0.99911577 0.23144531
0.95540017 -0.2916757 -0.04583918 13.683594 0.2911822 0.956494 -0.017245825 2.5684814 0.048876606 0.0031258834 0.99879986 0.26220703
0.9537004 -0.29578733 -0.054137956 14.307495 0.29526162 0.9552349 -0.017646616 2.7641602 0.05693647 0.0008441401 0.99837804 0.2902832
0.9520142 -0.29930305 -0.06380469 14.947388 0.29880202 0.95414764 -0.017482525 2.9743652 0.06611088 -0.0024265833 0.9978085 0.3302002
0.95001197 -0.3034893 -0.07328268 15.594727 0.30303264 0.9528182 -0.017547417 3.1929932 0.07514844 -0.005537455 0.9971568 0.366333
0.9488003 -0.3053043 -0.08085407 16.251953 0.305033 0.952192 -0.015988478 3.4169922 0.08187169 -0.009498138 0.9965974 0.42016602
0.94608235 -0.31167084 -0.088300616 16.919556 0.31161028 0.95009875 -0.014820952 3.6484375 0.088514 -0.013494235 0.99598306 0.47753906
0.94410115 -0.3157389 -0.09465692 17.599854 0.31580126 0.94870085 -0.01472277 3.887329 0.094448514 -0.015999893 0.9953999 0.5394287
0.94204974 -0.31979394 -0.10110867 18.288208 0.32021832 0.9472357 -0.012449196 4.1341553 0.099756196 -0.020659441 0.99479663 0.60876465
0.93989456 -0.3247611 -0.10546653 18.988525 0.32560936 0.945453 -0.009557342 4.393921 0.10281762 -0.025358327 0.99437714 0.6821289
0.93829256 -0.3287152 -0.10751178 19.698608 0.32982844 0.94401187 -0.0077758376 4.6516113 0.104046494 -0.02816306 0.9941734 0.75439453
0.9357134 -0.33592793 -0.10773216 20.424683 0.33709684 0.94144696 -0.007717179 4.9194336 0.104017556 -0.029097443 0.9941485 0.8363037
0.9340894 -0.34099507 -0.10556443 21.155518 0.3420901 0.9396005 -0.00811398 5.20166 0.10195847 -0.028536607 0.9943812 0.91796875
0.93142337 -0.3487188 -0.10437144 21.898071 0.34979662 0.9368132 -0.008381613 5.477539 0.100700766 -0.02869391 0.99450344 0.9995117
0.9299599 -0.3537151 -0.10046047 22.63269 0.35480493 0.9349288 -0.0074036047 5.766968 0.096541636 -0.028755862 0.994913 1.083374
0.9256369 -0.36600038 -0.09620759 23.409058 0.36729956 0.93010026 -0.0044838386 6.0822754 0.091121994 -0.031183682 0.9953514 1.1571045
0.92293334 -0.37394953 -0.09139145 24.158447 0.37530425 0.92689794 -0.002540691 6.390991 0.08565925 -0.031960297 0.99581033 1.2398682
0.91986626 -0.3819377 -0.08938937 24.917358 0.38350084 0.9235508 0.0003479612 6.720337 0.08242488 -0.034595232 0.9959975 1.3118896
0.91673374 -0.38992482 -0.08699396 25.685791 0.3913629 0.9202428 -0.0005746493 7.05188 0.08027816 -0.03352196 0.9962076 1.3890381
0.9128624 -0.3989747 -0.086680286 26.473633 0.40060553 0.91625464 0.0015644587 7.3986816 0.078799024 -0.036146052 0.996236 1.4560547
0.9093386 -0.4068748 -0.086808585 27.246948 0.408587 0.91270626 0.002148964 7.752075 0.078355074 -0.037427597 0.99622196 1.5220947
0.9053619 -0.41606897 -0.084502995 28.032837 0.41773733 0.90853006 0.0022718743 8.123535 0.07582642 -0.037369266 0.9964193 1.5911865
0.9021822 -0.4233597 -0.082342096 28.832397 0.42500845 0.9051555 0.0027755692 8.506836 0.07335757 -0.03750556 0.9966001 1.6577148
0.89937735 -0.4300677 -0.07850866 29.632446 0.43160096 0.90206087 0.0028666034 8.89502 0.069587104 -0.036461547 0.9969094 1.7258301
0.8955261 -0.4387608 -0.07387204 30.448364 0.44018888 0.897864 0.0034236382 9.294922 0.06482282 -0.035596993 0.99726033 1.7850342
0.8928266 -0.44514522 -0.06877649 31.269287 0.44643068 0.8948221 0.0037756683 9.709717 0.05986543 -0.03406408 0.9976263 1.8477783
0.8887844 -0.45344174 -0.06664616 32.09546 0.4546637 0.8906496 0.0036110098 10.136963 0.057723477 -0.033512548 0.99777013 1.9077148
0.88552755 -0.45998752 -0.06544746 32.924927 0.46116903 0.88732255 0.0033753645 10.574707 0.05652356 -0.03316512 0.99785095 1.9665527
0.8835063 -0.46402234 -0.063306645 33.76367 0.46514356 0.88517666 0.0033982364 11.015869 0.054458555 -0.032455966 0.9979881 2.0145264
0.87971544 -0.4715305 -0.061324935 34.61389 0.47252354 0.8813165 0.0019359207 11.482666 0.053134143 -0.03067996 0.9981161 2.0739746
0.8776472 -0.47547427 -0.06066809 35.471436 0.4763862 0.8792483 0.00064387126 11.950439 0.053034957 -0.029467607 0.99815744 2.130371
0.8765475 -0.47741735 -0.06078658 36.338623 0.4782893 0.87817806 -0.00023534778 12.43103 0.053493846 -0.028867906 0.99815094 2.1761475
0.8744243 -0.4810205 -0.062381018 37.2052 0.48202878 0.87609154 0.0012717624 12.928833 0.054038238 -0.031188864 0.9980515 2.2322998
0.8744762 -0.48117644 -0.061347976 38.095825 0.48212358 0.8761044 0.00072678993 13.426636 0.053396158 -0.030211229 0.99811625 2.289917
0.87462133 -0.48111194 -0.058938682 38.99402 0.48202342 0.8761032 0.0014285368 13.929199 0.0509489 -0.029668024 0.99826026 2.3399658
0.87400025 -0.4824397 -0.05793101 39.90686 0.48329148 0.8754478 0.00080226985 14.438232 0.050332606 -0.028699288 0.9983204 2.4000244
0.8737265 -0.48290044 -0.057657726 40.823486 0.48358047 0.8752476 -0.0024362819 14.946411 0.051642384 -0.025754666 0.9983339 2.4575195
0.8722678 -0.4856546 -0.05702283 41.758545 0.48622528 0.87380135 -0.0043332186 15.477783 0.05193211 -0.02394648 0.9983637 2.5133057
0.8713903 -0.48758784 -0.054963067 42.69043 0.48809636 0.87282616 -0.004673565 16.00476 0.05024878 -0.022754367 0.99847686 2.5743408
0.8690525 -0.49213752 -0.05121132 43.62549 0.49258345 0.8702968 -0.004386347 16.538086 0.046728063 -0.021409828 0.9986782 2.6270752
0.86628735 -0.49723485 -0.046187468 44.55774 0.49758708 0.8673046 -0.0043522697 17.078735 0.042222433 -0.01921783 0.99892336 2.6860352
0.8639853 -0.50166965 -0.04397219 45.48523 0.5019856 0.8649092 -0.004328965 17.61731 0.040205408 -0.018327236 0.99902356 2.7366943
0.85737884 -0.51273155 -0.044379763 46.39612 0.5129167 0.8583791 -0.007985138 18.166138 0.042187374 -0.015919985 0.99898267 2.7965088
0.85229087 -0.52117133 -0.045774546 47.308105 0.52121407 0.8534096 -0.011937827 18.72229 0.045284547 -0.013680717 0.99888027 2.8552246
0.8464211 -0.5304409 -0.046199434 48.229004 0.5305737 0.84753495 -0.0103529 19.299683 0.044646576 -0.01575657 0.99887824 2.8988037
0.8403435 -0.54037046 -0.042352244 49.135498 0.5405051 0.8412726 -0.009185586 19.8927 0.04059591 -0.015167816 0.99906105 2.9511719
0.8373405 -0.5453606 -0.03896027 50.0271 0.5455826 0.83808345 -0.0056223776 20.488403 0.035716467 -0.016551245 0.99922466 3.0129395
0.832662 -0.55245036 -0.04106736 50.927246 0.55276704 0.8334537 -0.0042245947 21.096313 0.03655934 -0.019178502 0.99914724 3.052124
0.8283608 -0.5584866 -0.045293435 51.814697 0.5588319 0.8293456 -0.00582855 21.701538 0.04081482 -0.020481672 0.9989564 3.0997314
0.82498175 -0.5627896 -0.05276436 52.69165 0.5632266 0.8263342 -0.0075983433 22.308105 0.047875606 -0.023438007 0.9985787 3.1608887
0.8224395 -0.5663223 -0.053888682 53.57129 0.5666896 0.82389325 -0.009670343 22.927612 0.04987661 -0.022580331 0.9985004 3.217041
0.8198887 -0.5701863 -0.050193004 54.4563 0.5705556 0.8211276 -0.008051263 23.545166 0.045804 -0.02204209 0.9987072 3.2747803
0.8167954 -0.57519096 -0.044748113 55.33081 0.5755466 0.8177503 -0.0057826424 24.173096 0.039914977 -0.021037886 0.99898094 3.3320312
0.8141046 -0.5790801 -0.042445004 56.209717 0.5794573 0.8149324 -0.0040618377 24.809448 0.03694136 -0.021293916 0.9990904 3.3850098
0.81122386 -0.5829747 -0.044076737 57.0813 0.5834333 0.8120855 -0.0029632472 25.447876 0.0375212 -0.02331504 0.99902385 3.4315186
0.8063144 -0.5897062 -0.045601197 57.95874 0.5901142 0.80728686 -0.005356636 26.09021 0.03997559 -0.022591554 0.99894536 3.4832764
0.8034959 -0.59342426 -0.04677044 58.828857 0.5937774 0.8045614 -0.0074539506 26.742554 0.04205044 -0.021788793 0.9988774 3.5368652
0.79951864 -0.5987777 -0.046311345 59.696533 0.5990847 0.8005845 -0.008485095 27.394775 0.042156506 -0.020967323 0.9988907 3.5858154
0.79460436 -0.605436 -0.04470527 60.565918 0.60564375 0.7956365 -0.010285888 28.063599 0.041798748 -0.018906139 0.99894714 3.6420898
0.79041755 -0.61108583 -0.04416109 61.43335 0.61135274 0.7913954 -0.008751607 28.731323 0.04029714 -0.020070987 0.9989864 3.6899414
0.7845152 -0.6184787 -0.044505335 62.29663 0.6187044 0.7855336 -0.010170033 29.41504 0.04125062 -0.01956431 0.998957 3.746338
0.7798395 -0.62450296 -0.044569306 63.151855 0.62469757 0.7808772 -0.011126535 30.11206 0.041751593 -0.019161282 0.9989443 3.7977295
0.775557 -0.6297085 -0.045572504 64.00415 0.6298666 0.7766641 -0.012598991 30.810059 0.043331943 -0.018926863 0.9988818 3.8563232
0.76847047 -0.6382723 -0.04544106 64.85425 0.63835907 0.7696053 -0.014461196 31.52539 0.044203866 -0.017900527 0.99886185 3.9042969
0.7639028 -0.643835 -0.046345588 65.70288 0.6438552 0.765113 -0.016477864 32.236084 0.046064824 -0.017243147 0.9987897 3.9630127
0.756692 -0.6521202 -0.04521655 66.548584 0.65207595 0.7578714 -0.017750759 32.967163 0.04584837 -0.016050426 0.99881995 4.0195312
0.75026816 -0.6597817 -0.043392085 67.39429 0.65969026 0.75137675 -0.01842694 33.710938 0.044759605 -0.014802282 0.99888784 4.076538
0.74500245 -0.6657826 -0.04115201 68.23193 0.66564757 0.7460188 -0.01888737 34.456665 0.043281637 -0.013316585 0.9989747 4.128174
0.7391802 -0.67211217 -0.042132296 69.06616 0.67198 0.74024725 -0.019350614 35.223145 0.044191796 -0.014008288 0.99892485 4.1845703
0.73166674 -0.680269 -0.043227527 69.8811 0.6800705 0.73281425 -0.021412112 36.001343 0.046245266 -0.013735952 0.9988355 4.237671
0.72755885 -0.6847025 -0.043263227 70.718506 0.68454283 0.7286997 -0.020735472 36.779785 0.045719806 -0.014535957 0.998848 4.2990723
0.72128004 -0.69139373 -0.042076312 71.535645 0.69119793 0.72237724 -0.021379758 37.578003 0.04517934 -0.013663208 0.99888545 4.3546143
0.71708125 -0.69571525 -0.0423733 72.35254 0.69555914 0.71818376 -0.020741893 38.376587 0.04486337 -0.014599042 0.9988865 4.414917
0.71136194 -0.7016837 -0.04267767 73.1687 0.70152414 0.7124852 -0.021120967 39.196777 0.045224585 -0.01491028 0.99886554 4.472168
0.70678616 -0.7061279 -0.04485518 73.98828 0.7059461 0.708032 -0.022481414 40.02185 0.04763372 -0.015762135 0.998741 4.5322266
0.7023531 -0.7103109 -0.046508025 74.802734 0.7100371 0.7037218 -0.02505122 40.843994 0.050517745 -0.015421731 0.9986042 4.59729
0.6962586 -0.71623796 -0.047617357 75.61157 0.715963 0.6976961 -0.025640724 41.685913 0.051587544 -0.016237482 0.99853647 4.6593018
0.69180065 -0.7207425 -0.045256704 76.41943 0.7204217 0.6931255 -0.026000366 42.534546 0.050106585 -0.014615001 0.99863684 4.7231445
0.6880268 -0.7243474 -0.04374778 77.225586 0.7239734 0.6892896 -0.026780663 43.394653 0.04955358 -0.013257332 0.9986828 4.787842
0.68190616 -0.7302609 -0.04274151 78.029785 0.72991866 0.6831125 -0.026072513 44.256714 0.048235875 -0.013413924 0.998746 4.8588867
0.67799395 -0.7337695 -0.042449363 78.83447 0.73334426 0.6792109 -0.027827889 45.13086 0.049253866 -0.012266244 0.99871093 4.9212646
0.67333484 -0.73806757 -0.04104232 79.63501 0.7375813 0.6744974 -0.028889257 46.013916 0.049013175 -0.0108206 0.9987399 4.987915
0.6696335 -0.7415719 -0.03942383 80.43579 0.7410197 0.67073166 -0.030038316 46.90735 0.048712015 -0.009106867 0.99877083 5.0457764
0.66604006 -0.7448826 -0.03833017 81.23682 0.74413615 0.66711503 -0.033865817 47.799194 0.050800856 -0.0059632706 0.9986914 5.116211
0.6613929 -0.7490548 -0.037667256 82.03296 0.7480701 0.6624585 -0.038488075 48.698242 0.053790543 -0.0027161567 0.99854916 5.1867676
0.65698844 -0.7530561 -0.035064187 82.8313 0.7518007 0.6579191 -0.043522358 49.60962 0.055850815 0.0022390177 0.9984372 5.2529297
0.6518723 -0.7577144 -0.030267768 83.63306 0.7563093 0.65253025 -0.046747904 50.52417 0.055171244 0.0075884974 0.99844855 5.3275146
0.64193124 -0.76630735 -0.026037939 84.42114 0.76467216 0.6423212 -0.051775753 51.444824 0.05640051 0.013319815 0.99831903 5.4023438
0.63523173 -0.77206105 -0.022609916 85.2041 0.77046293 0.635442 -0.05205048 52.388916 0.05454849 0.015636023 0.9983882 5.4797363
0.62448907 -0.7807321 -0.019122705 85.96875 0.77923167 0.6245464 -0.051318973 53.34839 0.052022748 0.017138196 0.9984985 5.548584
0.61516505 -0.78814286 -0.018000837 86.729004 0.7865981 0.6151597 -0.05256962 54.320557 0.052509632 0.018180791 0.9984551 5.624634
0.6069004 -0.7945128 -0.020742513 87.481445 0.79289865 0.6070507 -0.05301163 55.30493 0.054709926 0.015735416 0.998379 5.6970215
0.5968919 -0.8020579 -0.019809177 88.21216 0.80027175 0.59695506 -0.056382548 56.298584 0.057048984 0.017802713 0.9982128 5.7697754
0.58698004 -0.80928427 -0.019823588 88.94507 0.80743873 0.5870482 -0.057427965 57.30298 0.058111485 0.0177005 0.9981531 5.8430176
0.5779763 -0.8159589 -0.016721362 89.67334 0.8141429 0.5778776 -0.057904094 58.321045 0.056912117 0.019840328 0.9981813 5.9176025
0.5682091 -0.82281065 -0.013198906 90.39087 0.8210335 0.56792015 -0.058515515 59.34668 0.055639975 0.022416342 0.99819946 5.9974365
0.55641794 -0.8307499 -0.0117861675 91.08984 0.8289873 0.5560707 -0.058747943 60.393066 0.055362966 0.022919336 0.9982034 6.0734863
0.54738957 -0.836789 -0.012550822 91.77832 0.8349258 0.547073 -0.06016058 61.44043 0.057202935 0.02245093 0.99811006 6.151367
0.5361253 -0.8439761 -0.014372347 92.44995 0.84199005 0.53591096 -0.061531547 62.509033 0.059628837 0.02089629 0.9980024 6.228882
0.5271375 -0.84974164 -0.015843939 93.11035 0.84771454 0.5270311 -0.061683875 63.58545 0.060747173 0.019075993 0.9979701 6.313965
0.51718163 -0.8558502 -0.015634015 93.7605 0.85384876 0.5170923 -0.06130382 64.676025 0.0605432 0.018355548 0.9979967 6.3986816
0.5079035 -0.86126393 -0.014080316 94.40845 0.8593522 0.5077613 -0.06028136 65.760254 0.059058312 0.018521933 0.99808294 6.477661
0.499841 -0.86596453 -0.010912996 95.04346 0.8642211 0.49956968 -0.0583654 66.8689 0.056004804 0.019748304 0.9982356 6.5651855
0.49132347 -0.87092906 -0.010312504 95.67505 0.8691929 0.49103528 -0.05839648 67.98901 0.05592411 0.019729627 0.9982401 6.6447754
0.48441863 -0.87466824 -0.009241567 96.302 0.8727792 0.4840217 -0.061410327 69.10693 0.058190074 0.02167961 0.9980699 6.7265625
0.47746748 -0.87853837 -0.0077947564 96.91846 0.876464 0.47691712 -0.06501222 70.22705 0.06083703 0.024206921 0.997854 6.8096924
0.47071612 -0.882171 -0.006607691 97.52319 0.8798747 0.47000772 -0.06896006 71.357666 0.06395152 0.0266417 0.99759704 6.8948975
0.46717462 -0.8841681 -0.0059045544 98.12451 0.8816974 0.46634936 -0.07188615 72.485596 0.06631304 0.028376034 0.99739516 6.9906006
0.46195602 -0.88694763 -0.0035261433 98.72168 0.8844621 0.46095213 -0.07307874 73.62964 0.066442266 0.03063396 0.9973194 7.083496
0.45756984 -0.88922226 0.00023836983 99.30835 0.8869786 0.45639706 -0.071130835 74.76123 0.06311748 0.03275936 0.99746823 7.1781006
0.45552036 -0.8902352 0.006330588 99.898926 0.8883077 0.45404086 -0.06938574 75.90015 0.05888834 0.03722925 0.9975701 7.269287
0.45100927 -0.8924456 0.008424918 100.4751 0.8906413 0.44945142 -0.06849356 77.03198 0.057337187 0.0383898 0.99761623 7.361206
0.4477379 -0.8940051 0.00973479 101.0376 0.8922243 0.44609547 -0.068877175 78.16968 0.057248496 0.039532278 0.99757737 7.446289
0.4463075 -0.8947491 0.013020346 101.60693 0.89315176 0.4445214 -0.06795553 79.30249 0.055015977 0.04196897 0.9976038 7.5281982
0.44458064 -0.89562154 0.015835725 102.15503 0.89417267 0.44266957 -0.06738251 80.41699 0.053337533 0.0441242 0.9976017 7.6088867
0.4414899 -0.8970924 0.016019575 102.70972 0.89566374 0.439591 -0.06701887 81.533936 0.053070944 0.04392949 0.9976236 7.693115
0.44001755 -0.8978675 0.019445624 103.25171 0.8965571 0.43790984 -0.067672126 82.6311 0.05223748 0.047203645 0.99751806 7.774414
0.43752843 -0.8989144 0.023878563 103.79419 0.89787215 0.43525356 -0.06653382 83.73486 0.049421735 0.050539672 0.9974976 7.849121
0.43548912 -0.8997778 0.027055087 104.323 0.8989016 0.4330688 -0.066419855 84.83447 0.048031215 0.053245835 0.9974259 7.9257812
0.4349969 -0.8999562 0.0279738 104.84277 0.899058 0.4324524 -0.06786144 85.91138 0.04899165 0.054673556 0.9973016 8.001343
0.43138754 -0.9017133 0.028677478 105.36011 0.9008545 0.4288251 -0.06763283 86.98511 0.048695132 0.05501253 0.9972975 8.070557
0.43291566 -0.9009276 0.028807797 105.87012 0.9000095 0.43026686 -0.06907591 88.05469 0.04982367 0.0558355 0.99719656 8.14978
0.43344486 -0.9007089 0.02750116 106.36304 0.89968413 0.43081972 -0.069771916 89.104004 0.051027216 0.05498515 0.99718183 8.222778
0.43598795 -0.8995945 0.024779504 106.858154 0.8984581 0.43352887 -0.06927082 90.147705 0.051565133 0.05248632 0.997291 8.296387
0.44004232 -0.89756215 0.022496054 107.34473 0.89627546 0.43765536 -0.070094265 91.1792 0.05305713 0.05102898 0.9972884 8.372559
0.44464698 -0.89553636 0.021272918 107.841064 0.89420474 0.44232246 -0.06996331 92.19873 0.053262807 0.050125197 0.99732107 8.445557
0.4497036 -0.8928168 0.019023068 108.34375 0.8914041 0.44750744 -0.06966838 93.21411 0.053702615 0.048298422 0.9973888 8.52356
0.4565447 -0.8894964 0.018061407 108.84961 0.8881362 0.4544645 -0.06811008 94.21045 0.05237008 0.0471265 0.9975146 8.595825
0.46536472 -0.8848331 0.01735377 109.36206 0.883497 0.46333942 -0.067425415 95.21265 0.05162558 0.046722602 0.99757373 8.663208
0.47558206 -0.8795967 0.016277902 109.88574 0.87825143 0.47361228 -0.067072496 96.211914 0.051293723 0.04620068 0.9976148 8.734863
0.48324418 -0.8754036 0.015373496 110.4082 0.8740467 0.4813219 -0.06680348 97.1875 0.051083893 0.04571226 0.99764717 8.804565
0.49325627 -0.86978656 0.013197145 110.95117 0.86831075 0.49139324 -0.06763931 98.1499 0.05233795 0.0448281 0.99762326 8.872925
0.5019449 -0.8647933 0.009287676 111.4939 0.8631283 0.50024414 -0.068320885 99.10254 0.05444795 0.04231583 0.9976198 8.934326
0.51340693 -0.8582762 0.0054371445 112.05371 0.85645545 0.5118829 -0.06865726 100.0437 0.056130063 0.039902885 0.99762565 9.005981
0.52740604 -0.8496946 0.0029578581 112.61694 0.8479124 0.52606887 -0.06665338 100.98828 0.05506694 0.03764808 0.9977718 9.078491
0.5394106 -0.84195346 0.0014668219 113.1936 0.8403151 0.53825027 -0.06332016 101.92041 0.052529704 0.03539307 0.9979923 9.14917
0.5519543 -0.83391833 0.001919495 113.79419 0.8324138 0.55081654 -0.06136179 102.84009 0.05011602 0.035474077 0.9981136 9.213135
0.5629213 -0.8266425 0.0011339057 114.39282 0.82513577 0.56181157 -0.06112342 103.73193 0.04989113 0.03533288 0.9981288 9.282471
0.57420015 -0.8187808 0.00031847786 115.006836 0.81725824 0.573109 -0.06118064 104.61035 0.049904082 0.035387047 0.99812675 9.348145
0.5864128 -0.81005365 -0.0012733217 115.63037 0.80847645 0.5853679 -0.061461955 105.47998 0.050534494 0.035008438 0.9981082 9.410767
0.59630024 -0.8028315 -0.0008346942 116.25586 0.80118084 0.59513974 -0.063483775 106.32739 0.051462997 0.03719041 0.99798244 9.473755
0.6071417 -0.79447883 -0.0016170316 116.88696 0.79282457 0.60600704 -0.06329011 107.16797 0.051264066 0.037142426 0.99799424 9.548096
0.61875534 -0.785655 -0.0007962084 117.52905 0.78415155 0.61763376 -0.06120189 107.9939 0.048577446 0.037237756 0.9981245 9.609863
0.62770265 -0.7784971 0.0010788763 118.17944 0.7771681 0.6265483 -0.059289075 108.81323 0.045486726 0.03805841 0.9982398 9.667603
0.6379302 -0.7700629 0.00027255795 118.83496 0.7687988 0.6368626 -0.057505205 109.61035 0.044106647 0.036898237 0.9983455 9.731689
0.64756966 -0.7621318 -0.0012971798 119.47168 0.76082313 0.64655536 -0.057502802 110.37109 0.04465792 0.036250997 0.9983444 9.793579
0.65665364 -0.7542077 -0.004584813 120.13037 0.75288796 0.6558418 -0.055454075 111.14111 0.04482946 0.0329632 0.9984507 9.833496
0.66607213 -0.745886 -0.0050020153 120.80249 0.744598 0.665289 -0.054660488 111.89282 0.044093646 0.032679096 0.99849266 9.891846
0.67481387 -0.73799926 -0.0039511244 121.45337 0.73680574 0.6740092 -0.053495746 112.62573 0.04213747 0.033185475 0.9985605 9.946777
0.68325835 -0.73007905 -0.0027861928 122.119385 0.72901034 0.68245506 -0.051623266 113.34424 0.03959117 0.033245064 0.99866325 9.994873
0.6925362 -0.7212872 -0.0013694689 122.798096 0.7203023 0.6916876 -0.050955612 114.052246 0.037705816 0.034299947 0.99869996 10.044434
0.6987779 -0.7154086 -0.0036679264 123.45557 0.7144155 0.69806087 -0.04934135 114.7395 0.0378571 0.031856272 0.9987752 10.092285
0.7070452 -0.707088 -0.0035442272 124.137695 0.7061038 0.7063092 -0.049437206 115.42285 0.037459843 0.032450046 0.9987712 10.148682
0.7135728 -0.70063204 -0.0032335485 124.79932 0.6997877 0.7129254 -0.046007317 116.08447 0.034533057 0.030565437 0.9989362 10.190796
0.72058505 -0.69335693 -0.0024147993 125.47534 0.69265467 0.7200037 -0.042622566 116.74243 0.031290486 0.029039666 0.9990884 10.237427
0.7289038 -0.6845412 -0.0027668318 126.15234 0.68386173 0.7283488 -0.041790836 117.392334 0.030626217 0.028574191 0.9991227 10.277222
0.7362083 -0.6768509 -0.003674358 126.812744 0.6761912 0.73571026 -0.0404918 118.00171 0.03010338 0.027327033 0.9991732 10.32373
0.7437794 -0.6684302 -0.0042325924 127.48096 0.6678472 0.7433678 -0.0375368 118.61865 0.028239235 0.025096817 0.9992862 10.35498
0.7528109 -0.65829474 -0.0029202225 128.15894 0.657826 0.7524284 -0.034660675 119.21362 0.025011465 0.024172723 0.99939483 10.39502
0.76251376 -0.64695 -0.0026963062 128.81738 0.6465869 0.7622134 -0.030579858 119.78955 0.021838484 0.021573748 0.9995287 10.429077
0.77233624 -0.6351757 -0.0027991007 129.50708 0.63488334 0.7721008 -0.027260548 120.356445 0.019473318 0.019278573 0.9996246 10.4626465
0.7822559 -0.62288976 -0.003337079 130.16602 0.6225618 0.7819976 -0.028702138 120.89404 0.020489357 0.02037517 0.99958247 10.484619
0.7913168 -0.6113969 -0.0050592152 130.84326 0.61105025 0.791101 -0.02812864 121.41797 0.02119981 0.01916654 0.9995915 10.518677
0.80189234 -0.59746176 -0.0054755462 131.53809 0.59712106 0.8016882 -0.027645595 121.94702 0.020909142 0.018899072 0.9996027 10.539307
0.8114677 -0.58444965 -0.0047240537 132.21924 0.584168 0.81128275 -0.02552652 122.44751 0.018750545 0.017953578 0.99966294 10.564453
0.8218343 -0.5697645 -0.0028256036 132.93018 0.5695535 0.8216469 -0.023587713 122.93555 0.015761029 0.017775659 0.9997177 10.58667
0.83048815 -0.55701244 -0.0009312949 133.62134 0.55686426 0.8303035 -0.021734351 123.41724 0.012883274 0.017531618 0.99976325 10.61438
0.8390605 -0.54416144 0.0016279094 134.33887 0.5440811 0.838877 -0.019951383 123.881836 0.009486271 0.017625105 0.9997997 10.635498
0.8474013 -0.5309658 0.0041044517 135.07104 0.5309367 0.84720373 -0.01955158 124.345215 0.006903727 0.01874636 0.99980044 10.645996
0.8544658 -0.5194891 0.005639095 135.78174 0.5194894 0.8542487 -0.020058807 124.785645 0.005605262 0.020068992 0.99978286 10.66394
0.86071664 -0.5089066 0.0057934583 136.5044 0.5089157 0.86051047 -0.019476775 125.22241 0.004929043 0.019714402 0.9997936 10.679443
0.8679609 -0.49655786 0.0050012106 137.26709 0.49656624 0.8678051 -0.016933285 125.64966 0.0040705646 0.017179966 0.99984413 10.695923
0.87354505 -0.48671684 0.004917072 137.98901 0.4867292 0.87340623 -0.01595456 126.07617 0.0034697345 0.016329948 0.9998607 10.702637
0.8805045 -0.4740439 0.004859128 138.75513 0.4740598 0.88037825 -0.015192965 126.492676 0.0029244693 0.015681064 0.9998728 10.718384
0.88563746 -0.4643683 0.0055377427 139.50293 0.46439582 0.8855064 -0.015410406 126.8916 0.0022519622 0.016219247 0.999866 10.726074
0.8903746 -0.45529568 0.0049146474 140.27954 0.4553125 0.89023316 -0.016154248 127.28516 0.0029764194 0.016620867 0.99985754 10.735107
0.8955692 -0.4448669 0.0049939384 141.06616 0.4448857 0.895422 -0.016491542 127.67456 0.002864837 0.016991649 0.9998514 10.745483
0.8980072 -0.4399378 0.0055604717 141.82959 0.43996987 0.8978823 -0.01506659 128.07251 0.0016340171 0.015977103 0.999871 10.754028
0.90171397 -0.43220347 0.0075544906 142.64111 0.4322688 0.90160394 -0.014101623 128.4585 -0.000715422 0.015981354 0.99987197 10.764526
0.9049672 -0.42536587 0.010182111 143.45264 0.42546213 0.9049159 -0.010701526 128.84546 -0.004661713 0.0140170865 0.99989074 10.765503
0.90689343 -0.42119506 0.012850604 144.27173 0.4213013 0.906908 -0.0070357677 129.24683 -0.008690669 0.011793035 0.9998926 10.768921
0.9107318 -0.4128363 0.013819086 145.1167 0.41293263 0.9107798 -0.0049207797 129.6211 -0.010554202 0.010187453 0.99989223 10.765503
0.9132042 -0.40710053 0.016035927 145.95825 0.4071945 0.9132983 -0.0029632747 130.01538 -0.013439083 0.009238591 0.9998669 10.75647
0.9167309 -0.39902267 0.018512521 146.84229 0.3991209 0.91687334 -0.001797501 130.39282 -0.016256664 0.0090386635 0.99982685 10.749878
0.9199387 -0.3914336 0.020757847 147.71973 0.3915419 0.9201257 -0.0012716325 130.7644 -0.018602202 0.009296624 0.9997839 10.741089
0.9239051 -0.3819688 0.022245573 148.6311 0.38208836 0.92412245 -0.0012352515 131.14673 -0.020086613 0.00963929 0.9997518 10.729492
0.92673004 -0.37510282 0.022357196 149.52148 0.37523267 0.92694527 -0.001771376 131.52051 -0.020059502 0.010029087 0.99974847 10.709351
0.9304438 -0.36560696 0.023499027 150.45752 0.3657931 0.9306586 -0.0040303417 131.8689 -0.020395853 0.0123471245 0.9997157 10.702637
0.9344107 -0.3555159 0.022586891 151.3999 0.35572323 0.9345866 -0.005809133 132.24194 -0.019044982 0.0134611875 0.999728 10.678955
0.9384818 -0.34461352 0.021098157 152.34326 0.34481052 0.9386244 -0.006432973 132.59277 -0.017585952 0.013313102 0.9997567 10.674561
0.94364524 -0.3303722 0.01972061 153.32324 0.3305151 0.943791 -0.004395405 132.95093 -0.017160067 0.010666022 0.9997958 10.657349
0.9490143 -0.31464857 0.020149969 154.30737 0.3147386 0.94919735 -0.0013784308 133.30054 -0.018692205 0.0076496284 0.9997959 10.642456
0.9547793 -0.2964858 0.021838041 155.31738 0.29649112 0.9550225 0.0030696946 133.6206 -0.021765715 0.0035455716 0.9997567 10.627441
0.96057296 -0.27698028 0.02333308 156.34326 0.27690828 0.960856 0.0063284463 133.92822 -0.024173569 0.00038263443 0.9997077 10.604614
0.96676946 -0.25444677 0.02410783 157.39551 0.25432408 0.9670684 0.008076958 134.2229 -0.025370011 -0.0016774827 0.9996768 10.5946045
0.9720371 -0.23345466 0.025122177 158.4436 0.23328586 0.9723557 0.0094962185 134.4978 -0.02664465 -0.0033704694 0.99963933 10.562744
0.9768507 -0.212101 0.028117381 159.53467 0.21188106 0.9772452 0.010618482 134.73999 -0.029729292 -0.00441645 0.9995482 10.547241
0.98120356 -0.19040728 0.03169623 160.62842 0.19009636 0.9816952 0.01257579 134.96265 -0.033509962 -0.0063152136 0.99941826 10.51123
0.9853383 -0.16677102 0.03594866 161.76465 0.16632786 0.9859549 0.015001897 135.16284 -0.03794601 -0.008800684 0.9992406 10.485596
0.9887952 -0.14363945 0.04052836 162.8894 0.1430801 0.98957056 0.016397057 135.34058 -0.042461447 -0.010413489 0.9990439 10.4436035
0.99164706 -0.1224681 0.040453035 164.02783 0.12181455 0.9923845 0.0182558 135.50684 -0.04238058 -0.013175472 0.9990147 10.406494
0.994131 -0.10085353 0.03909834 165.1792 0.100228444 0.99480647 0.017637834 135.64258 -0.040674206 -0.013614803 0.9990796 10.3654785
0.9961412 -0.0792799 0.037692994 166.34302 0.07863028 0.9967355 0.018415924 135.74414 -0.039029393 -0.015381435 0.9991194 10.319824
0.99745136 -0.0584309 0.04094933 167.54736 0.05776089 0.99817944 0.017363397 135.82324 -0.041889194 -0.014954077 0.9990105 10.2821045
0.9982678 -0.04029762 0.042858336 168.74487 0.039643154 0.9990854 0.016013857 135.88818 -0.043464463 -0.014286854 0.99895275 10.240112
0.99877626 -0.019591484 0.04542028 169.96558 0.018798035 0.9996642 0.017835477 135.92163 -0.045754466 -0.016959945 0.99880916 10.194702
0.9989656 0.0005987613 0.045457624 171.18237 -0.0014386568 0.9998288 0.018441377 135.94043 -0.0454388 -0.018487737 0.99879557 10.143555
0.99867696 0.020606533 0.04710944 172.42725 -0.021540146 0.9995799 0.019391784 135.93652 -0.046689995 -0.020380873 0.9987013 10.091064
0.99810326 0.040281087 0.046555333 173.67114 -0.04136148 0.99889106 0.0224857 135.90503 -0.045597967 -0.024368653 0.9986629 10.040527
0.997108 0.06015963 0.046451442 174.93726 -0.06124368 0.99787456 0.02228623 135.8418 -0.045012433 -0.025066003 0.9986725 9.989014
0.9956676 0.08157778 0.044605654 176.22534 -0.08268933 0.9962928 0.023676137 135.75513 -0.042508617 -0.02726155 0.99872476 9.944092
0.9939309 0.10107239 0.043439455 177.49121 -0.10222974 0.9944401 0.025294371 135.63745 -0.040641703 -0.029581886 0.9987356 9.896606
0.9921725 0.11769287 0.041769266 178.80176 -0.11884036 0.99257076 0.026137495 135.49707 -0.038383484 -0.030896582 0.9987854 9.847656
0.98930687 0.14037618 0.039596055 180.08862 -0.141444 0.9896167 0.025576698 135.33105 -0.035594504 -0.030904192 0.99888825 9.808716
0.9868179 0.15798587 0.03527314 181.427 -0.15900055 0.9868853 0.028094713 135.1372 -0.030373642 -0.033330224 0.99898314 9.76123
0.9838899 0.17632636 0.029579004 182.75806 -0.17720309 0.983713 0.030206123 134.9314 -0.023769744 -0.03496051 0.9991056 9.73877
0.98083746 0.19313776 0.025427546 184.05615 -0.19392277 0.9804492 0.033233203 134.69238 -0.018511832 -0.037528075 0.99912417 9.70874
0.9770996 0.21156003 0.022490852 185.40063 -0.21224855 0.9765938 0.034666397 134.41675 -0.01462812 -0.038646553 0.9991456 9.693237
0.97283137 0.23057516 0.021424867 186.74756 -0.23123996 0.9722118 0.036845353 134.11401 -0.012336462 -0.040798914 0.99909127 9.68103
0.9693004 0.24497345 0.020964622 188.08813 -0.24560648 0.9686778 0.036539916 133.80493 -0.011355406 -0.040567346 0.99911207 9.671997
0.96409243 0.26460057 0.021844227 189.44727 -0.26525205 0.96348405 0.03612675 133.4375 -0.011486616 -0.04062607 0.99910855 9.657227
0.95927 0.28195402 0.01742774 190.78833 -0.2824158 0.95861757 0.035968762 133.05835 -0.0065630823 -0.039424613 0.9992007 9.670166
0.95476055 0.29698527 0.01490796 192.125 -0.29734167 0.95404685 0.03705896 132.67871 -0.0032186813 -0.039814986 0.99920225 9.662231
0.94928795 0.31407118 0.015112503 193.448 -0.31442964 0.9484496 0.039926507 132.25049 -0.0017927445 -0.0426541 0.99908805 9.658447
0.94344586 0.33111802 0.01709185 194.80273 -0.3315533 0.9424746 0.04284843 131.79956 -0.0019236463 -0.046091616 0.9989356 9.669189
0.93800807 0.3463106 0.015454641 196.15454 -0.34665057 0.9368258 0.047129303 131.33154 0.0018368969 -0.049566045 0.9987697 9.66687
0.9307304 0.3654827 0.013259561 197.5044 -0.36568826 0.92952687 0.047590382 130.80713 0.0050665624 -0.04914429 0.99877906 9.684692
0.9235656 0.3833231 0.0109816175 198.875 -0.3833835 0.92230844 0.0489344 130.26538 0.008627974 -0.049404383 0.9987416 9.699707
0.9159842 0.40111634 0.006759616 200.22437 -0.40094376 0.9147607 0.049239807 129.69214 0.013567286 -0.047813002 0.99876446 9.72937
0.90818226 0.4185495 0.0033808365 201.5393 -0.41813433 0.9068563 0.05258942 129.11719 0.018944629 -0.04917523 0.99861073 9.763062
0.89783585 0.44029838 0.0015769694 202.89941 -0.43967673 0.89636666 0.05643825 128.48657 0.02343804 -0.051363535 0.99840486 9.802734
0.8854017 0.46482912 0.002745781 204.22974 -0.46419245 0.8838474 0.057860322 127.805176 0.02447142 -0.05250196 0.99832046 9.846191
0.87235856 0.48890638 0.0032834718 205.58862 -0.4881238 0.87054026 0.06279806 127.09302 0.027843773 -0.05638418 0.9980206 9.897949
0.8576383 0.51404804 0.0036158364 206.8894 -0.5131302 0.8556422 0.066133775 126.36401 0.030924069 -0.05857311 0.997803 9.945679
0.8430676 0.53774655 0.0034662837 208.15112 -0.53665495 0.8409094 0.069413036 125.60547 0.03441847 -0.060377575 0.9975815 10.004883
0.82766515 0.5610709 0.0042872285 209.4336 -0.55991924 0.8254267 0.07079312 124.80127 0.036182955 -0.06099344 0.99748266 10.068726
0.81122315 0.58482057 0.0037448897 210.68408 -0.583521 0.80895704 0.07213706 123.93091 0.039152343 -0.060710102 0.99738765 10.133179
0.7950684 0.60668594 0.0008213392 211.93652 -0.6050503 0.7928225 0.07448415 123.03516 0.044527773 -0.05972094 0.9972216 10.209351
0.78035855 0.6252935 -0.001813726 213.12817 -0.62333935 0.7781417 0.076796405 122.1272 0.049438998 -0.058803074 0.99704486 10.292603
0.76213956 0.64740604 -0.0034208877 214.29785 -0.64520437 0.7599626 0.0785633 121.16675 0.05345742 -0.057670895 0.9969038 10.374512
0.7470555 0.6648292 -0.0045594615 215.46729 -0.6624708 0.74494916 0.0793443 120.19556 0.056131065 -0.056257524 0.99683785 10.468018
0.72956747 0.6839821 -0.004867562 216.61133 -0.68152297 0.72751284 0.07984397 119.16431 0.05814417 -0.05493141 0.9967954 10.56543
0.71298754 0.7010196 -0.004968855 217.73218 -0.6984809 0.7109736 0.08028743 118.108154 0.059829228 -0.05378082 0.9967594 10.66626
0.69983494 0.71419656 -0.0069966554 218.81763 -0.71149445 0.69797826 0.08060015 117.041016 0.062453732 -0.051419582 0.99672145 10.770264
0.6838293 0.7296278 -0.00955404 219.88086 -0.72665113 0.6821158 0.0822498 115.95166 0.066531144 -0.049303748 0.99656534 10.877808
0.6693863 0.7427381 -0.0117741795 220.94312 -0.73943704 0.66775703 0.08491531 114.82568 0.070940524 -0.048137467 0.99631864 11.000244
0.65390134 0.75641346 -0.01204854 221.97412 -0.7529321 0.65227324 0.08676297 113.674805 0.0734916 -0.047667656 0.9961565 11.115967
0.6366607 0.77097034 -0.011961734 222.98608 -0.7674418 0.635095 0.08697244 112.51587 0.074654736 -0.04620261 0.9961397 11.243042
0.6216515 0.78322417 -0.008917984 223.97144 -0.7796691 0.6198409 0.088777356 111.32544 0.0750713 -0.048229992 0.9960104 11.369141
0.6038044 0.79712087 -0.005099888 224.95825 -0.7936926 0.60177714 0.08900273 110.101074 0.074024476 -0.049686484 0.99601716 11.504272
0.5853407 0.810889 3.0788593e-05 225.8772 -0.80761045 0.5829691 0.08987316 108.88599 0.07285172 -0.052641664 0.9959535 11.627075
0.5693544 0.8220791 0.0045647533 226.77832 -0.81889504 0.5666422 0.091268614 107.67456 0.07243089 -0.055711593 0.99581736 11.757324
0.5492657 0.8356054 0.0064535523 227.63257 -0.83223057 0.5463202 0.09432803 106.43701 0.075289115 -0.057173412 0.99552065 11.8927
0.534184 0.84549236 0.0097648 228.44019 -0.84201264 0.53086156 0.09748506 105.194824 0.07721456 -0.060272966 0.99518883 12.026489
0.51434344 0.85741854 0.0122783445 229.23438 -0.85399896 0.5108925 0.09768349 103.937744 0.07749544 -0.06073861 0.9951417 12.165894
0.4917266 0.8705591 0.016084654 230.0 -0.86744004 0.4881996 0.09557123 102.670654 0.07535876 -0.06093835 0.99529165 12.296631
0.4728148 0.8810686 0.019354545 230.69775 -0.87823534 0.46924412 0.093388535 101.41528 0.07318166 -0.061135553 0.9954417 12.427368
0.45129383 0.8920272 0.023366332 231.39355 -0.8894772 0.44760308 0.09169122 100.124756 0.07132646 -0.062161617 0.99551404 12.558105
0.42955387 0.90270376 0.025162697 232.0398 -0.9002695 0.42587686 0.090384066 98.83496 0.07085931 -0.061481293 0.99559027 12.6813965
0.40709853 0.91301614 0.026337631 232.6145 -0.91064936 0.40347388 0.08916047 97.573975 0.07074889 -0.06026982 0.99567103 12.802856
0.38692933 0.9218136 0.026131473 233.20312 -0.9194428 0.3834392 0.08796222 96.27295 0.071064 -0.05807359 0.99578094 12.922607
0.36419606 0.93089646 0.026188029 233.74878 -0.9283747 0.3607076 0.08891103 94.98926 0.07332576 -0.05671045 0.9956957 13.042969
0.34606525 0.9378252 0.024635345 234.22803 -0.93523395 0.3428024 0.087784305 93.72095 0.07390359 -0.053417362 0.9958335 13.166016
0.3226871 0.9460514 0.025479572 234.6958 -0.94361925 0.31956518 0.08516809 92.43408 0.0724182 -0.051534712 0.99604267 13.283203
0.30060259 0.9533788 0.024894621 235.13013 -0.95084393 0.29757857 0.0851685 91.147705 0.07381281 -0.049269408 0.9960541 13.397705
0.28222787 0.95901036 0.02641455 235.53247 -0.95620126 0.27894923 0.08898833 89.885254 0.0779732 -0.05038506 0.9956826 13.524536
0.25995854 0.96510124 0.02909077 235.9082 -0.9615806 0.25604987 0.09823919 88.625244 0.08735129 -0.053529028 0.9947396 13.650391
0.24218802 0.96970737 0.03132167 236.24927 -0.9655027 0.23770793 0.10616512 87.37964 0.09550408 -0.055971302 0.99385583 13.782715
0.22314432 0.97405803 0.03523498 236.56738 -0.9696258 0.21815617 0.109834835 86.13159 0.099294335 -0.05869997 0.9933272 13.922485
0.20157975 0.9786406 0.039088614 236.85962 -0.97432643 0.19630633 0.10980834 84.87402 0.09977107 -0.060243662 0.9931868 14.0616455
0.18470474 0.98171943 0.045400377 237.12598 -0.97767574 0.17885138 0.110063896 83.65039 0.099956326 -0.06473725 0.99288565 14.210083
0.16447765 0.9851486 0.04988763 237.3689 -0.9812387 0.15823194 0.11044077 82.40234 0.10089307 -0.0671368 0.9926314 14.35437
0.14654395 0.98790866 0.050963975 237.57007 -0.98418236 0.1404053 0.10821392 81.171875 0.09977376 -0.06604313 0.9928188 14.493652
