1.000000000000000000e+00 4.398956837314658088e-19 2.733407509747682871e-20 -8.673617379884035472e-19 -5.583667658079949532e-19 1.000000000000000000e+00 -6.100159232558060012e-19 0.000000000000000000e+00 4.145284534913582806e-20 -2.210423569125054137e-19 1.000000000000000222e+00 0.000000000000000000e+00
9.998958238249019415e-01 3.138558115392040384e-04 1.443062743351081721e-02 -8.796132234208813017e-02 -3.096785911040578166e-04 9.999999095045790654e-01 -2.917029969584345015e-04 -8.182335424907968835e-03 -1.443071793045087002e-02 2.872037678656089686e-04 9.998958305130082325e-01 1.240932585381926412e-02
9.995160681832483407e-01 1.818773048620355229e-03 3.105352687835757908e-02 -8.336172775359940168e-02 -1.804274293469464900e-03 9.999982498288366717e-01 -4.949111092920373397e-04 -9.369589494190602719e-03 -3.105437319865569923e-02 4.386425573292226953e-04 9.995176003807986209e-01 6.752313524395736621e-02
9.979559703358358291e-01 5.164958204980057109e-03 6.369618895187113827e-02 1.944555098177509073e-02 -5.241007356214077983e-03 9.999857385562824774e-01 1.026905850794959489e-03 8.066786642798196016e-03 -6.368997772852928729e-02 -1.358638976606114457e-03 9.979688075376863532e-01 4.047418154946547664e-01
9.954291453270747159e-01 4.161631902540006978e-03 9.541224984861848557e-02 3.075413175137676688e-02 -4.455726480072569502e-03 9.999859561092647731e-01 2.869511018182938165e-03 1.520482133613830500e-02 -9.539896969006303462e-02 -3.281525732846356930e-03 9.954337085890612169e-01 5.393828957230214494e-01
9.909224271612612212e-01 1.597546214923039687e-03 1.344254107901698969e-01 1.580700706933762800e-01 -2.261187106964893979e-03 9.999859984555781178e-01 4.784342030144542700e-03 1.295193478343214383e-02 -1.344158877422848286e-01 -5.044872744774227258e-03 9.909121648800509607e-01 7.863305109192126885e-01
9.850931063778770591e-01 -2.446305343692441441e-03 1.720046135634786533e-01 1.563197000722029439e-01 1.449362094290285912e-03 9.999814181775575905e-01 5.921371876464323787e-03 -1.661085969804382279e-02 -1.720159058610853386e-01 -5.583805537741035573e-03 9.850783468945790711e-01 8.903672360629967253e-01
9.764304788277758940e-01 -2.607286985357653002e-03 2.158164070801034951e-01 2.742358870851312469e-01 1.201811431562951936e-03 9.999772105648347953e-01 6.643342249998447288e-03 -5.784432806197406518e-03 -2.158288135770564942e-01 -6.227391082266459793e-03 9.764113596942656237e-01 1.145797428354301095e+00
9.648391180553176349e-01 -2.609872246422033880e-03 2.628282024476485956e-01 3.649207429078804021e-01 -6.428025892799109624e-05 9.999483287767840789e-01 1.016541399030527690e-02 5.366454835311132432e-03 -2.628411567668023086e-01 -9.824883575556084964e-03 9.647890955076238173e-01 1.313556375867768633e+00
9.504562313491947689e-01 -6.266219460237973556e-03 3.107952469658873951e-01 5.261893896439906460e-01 1.085466567217195730e-03 9.998576162404867462e-01 1.683950712167072220e-02 2.417387365480463957e-02 -3.108565201853450422e-01 -1.566785647358177186e-02 9.503277031563790445e-01 1.600047625085452729e+00
9.336869130930944838e-01 -1.589582265996972513e-02 3.577374308349897669e-01 6.250069415911108095e-01 7.504769095966398566e-03 9.996634662043938357e-01 2.483209119222153788e-02 -4.437367107236744879e-04 -3.580117727967498942e-01 -2.050066159455781953e-02 9.334919898731860455e-01 1.788218687366967874e+00
9.126128922482316108e-01 -2.166717821259593613e-02 4.082502173454617966e-01 8.056732460171582844e-01 1.030877426687987382e-02 9.994966757474226249e-01 3.000207177203644340e-02 -7.076820790315532794e-03 -4.086948023999399382e-01 -2.317171796874411063e-02 9.123769135275219266e-01 2.014675306810591593e+00
8.876976330222449141e-01 -2.357137148886507758e-02 4.598231178632884442e-01 1.000723330418712420e+00 8.986936968394044697e-03 9.993854722417006009e-01 3.388086189794660419e-02 -4.322213186310999711e-03 -4.603391701216301701e-01 -2.594355931889386416e-02 8.873639519758111938e-01 2.275468114230982053e+00
8.594002849961521751e-01 -2.554296890507364373e-02 5.106649616206768716e-01 1.157881834096628149e+00 6.977592743022702736e-03 9.992442752316360588e-01 3.823861376546134477e-02 2.954932988395023163e-02 -5.112557760080654878e-01 -2.929906320112416265e-02 8.589290426388770383e-01 2.490593635034702213e+00
8.272456358979399793e-01 -3.081889078217310562e-02 5.609945178914970132e-01 1.405678966077524406e+00 8.068932744972931448e-03 9.990431284565178816e-01 4.298511100661499967e-02 2.610958265792343719e-02 -5.617824813406835371e-01 -3.103261817930462116e-02 8.267027428659096122e-01 2.734770750619333946e+00
7.918469002262411571e-01 -3.661220614412575430e-02 6.096212162103752386e-01 1.610873061382654958e+00 1.027923821139872795e-02 9.988590170375226673e-01 4.663690917467543801e-02 2.379769978337635539e-02 -6.106331394657197320e-01 -3.066284993524132779e-02 7.913197611439288792e-01 2.915106281791370435e+00
7.542522893464824740e-01 -4.114506233269001750e-02 6.552942554070283476e-01 1.865357865085471412e+00 1.146714312930719425e-02 9.987078609202213464e-01 4.950871753892639032e-02 3.527624649936043910e-02 -6.564845746985346064e-01 -2.982771013985061753e-02 7.537495058935252956e-01 3.117248143233020130e+00
7.140570901765512790e-01 -4.431444339466648896e-02 6.986835437968390572e-01 2.209673737480716049e+00 1.240718639374808162e-02 9.986389316900364799e-01 5.065911353100334413e-02 4.217752983177595894e-02 -6.999775302792696774e-01 -2.750480178478302909e-02 7.136350262848991655e-01 3.365642926848124716e+00
6.728027584405512629e-01 -4.630768591476555618e-02 7.383712059425807661e-01 2.482769362428476345e+00 1.153375835115070733e-02 9.985743768776876861e-01 5.211704333836082031e-02 5.214647215312762790e-02 -7.397319993351744172e-01 -2.654829494976166521e-02 6.723776959009367671e-01 3.544327877021672180e+00
6.299715113662153199e-01 -4.657928696834158500e-02 7.752201333923740556e-01 2.832439145452536611e+00 7.226795998770112889e-03 9.985081325303024613e-01 5.412284766867393043e-02 8.541928562696028682e-02 -7.765846247664088819e-01 -2.849349385891969053e-02 6.293682952853589807e-01 3.801471948389448130e+00
5.881470649454786370e-01 -4.744746353356284890e-02 8.073609834653115991e-01 3.162651537573653471e+00 4.318746710747129597e-03 9.984476104905728455e-01 5.553122981723092322e-02 1.031897807494319835e-01 -8.087424747223412869e-01 -2.917374168138223492e-02 5.874389440630968240e-01 3.998345704320764860e+00
5.478431003676984545e-01 -4.842502394928414888e-02 8.351783899494471530e-01 3.543246210515412553e+00 2.164648282804628159e-03 9.984020019752742892e-01 5.646907741956057325e-02 1.238301784836219055e-01 -8.365783074170930478e-01 -2.912832639298665316e-02 5.470724701555761404e-01 4.206508846595370166e+00
5.094554485433862023e-01 -5.114256757606201048e-02 8.589758853462060584e-01 3.980972673072414647e+00 1.349122215057084462e-03 9.982784975512516423e-01 5.863634666127437445e-02 1.326413988309512737e-01 -8.604959844509750821e-01 -2.871374222045897442e-02 5.086474161171121722e-01 4.411118575943818065e+00
4.719203640506545172e-01 -5.091337611986695294e-02 8.801698616339136416e-01 4.378801442804627797e+00 -1.839160408136211733e-03 9.982721450483901249e-01 5.873109796958800310e-02 1.575701354431555401e-01 -8.816392695002863711e-01 -2.933517405951797594e-02 4.710113150194780163e-01 4.611496969754802500e+00
4.360593142841794334e-01 -5.033402632932008902e-02 8.985091801537660183e-01 4.815164412604410415e+00 -3.048327170930585639e-03 9.983462479265420297e-01 5.740624456945579018e-02 1.823320478461082361e-01 -8.999127717168422524e-01 -2.777147691779435074e-02 4.351847444551559807e-01 4.782488412189397131e+00
4.028389514847804387e-01 -4.908695017382740111e-02 9.139536293321548488e-01 5.353606364400294915e+00 -1.639704317612675384e-03 9.985205117460270730e-01 5.435162331116859258e-02 2.015714412660660204e-01 -9.152694169250361611e-01 -2.339356392923309588e-02 4.021624666274751236e-01 4.970036746492126234e+00
3.721063470290169595e-01 -4.729424701283137245e-02 9.269844153649592355e-01 5.846975103108857041e+00 7.868363400387714049e-05 9.987026461777657182e-01 5.092168783280248689e-02 2.239598056752803712e-01 -9.281901075276026702e-01 -1.887534395704913368e-02 3.716273134253835209e-01 5.161210402172883960e+00
3.466688426802824741e-01 -4.541141201314334575e-02 9.368876680012417912e-01 6.394764526205424460e+00 1.009009717242332748e-03 9.988448476057867342e-01 4.804115191859362893e-02 2.497426721284638496e-01 -9.379870527385741896e-01 -1.570904095164635597e-02 3.463142065829274419e-01 5.337943520681013965e+00
3.263007865961078391e-01 -4.481139319685607803e-02 9.442032200338198455e-01 6.979257926637351339e+00 2.137510529853371699e-03 9.989081229460781142e-01 4.666897178508427890e-02 2.707396334975958885e-01 -9.452635842032716118e-01 -1.320987702251835531e-02 3.260402897589806948e-01 5.520064833534029880e+00
3.115480003640951345e-01 -4.540889321577210036e-02 9.491448049276872689e-01 7.547689962850138379e+00 3.226960878318019948e-03 9.989023365967157897e-01 4.673016830218378742e-02 3.033061206502563056e-01 -9.502249450755123616e-01 -1.149583646011212434e-02 3.113525569201549548e-01 5.700434708762097458e+00
2.992715474670594733e-01 -4.695029441841502837e-02 9.530121696089509653e-01 8.172307401188847464e+00 4.120913257795537875e-03 9.988429602272814734e-01 4.791407768027299702e-02 3.180943285168383317e-01 -9.541590931899250894e-01 -1.041203879453564060e-02 2.991187551415469548e-01 5.898576275777900335e+00
2.886562336264822393e-01 -4.892015273207131476e-02 9.561821908081209465e-01 8.781598676001753034e+00 3.088262345513289892e-03 9.987361690364247035e-01 5.016500029948705447e-02 3.503154038743342413e-01 -9.574278341919517654e-01 -1.152749770201599334e-02 2.884424978690721120e-01 6.067356871840352994e+00
2.787509238231698494e-01 -5.059088397428716105e-02 9.590299627186635867e-01 9.472181008607163832e+00 1.465084878840038247e-03 9.986327426411162334e-01 5.225417507455008131e-02 3.838524675665873076e-01 -9.603623234695888300e-01 -1.316083840001497883e-02 2.784439181695833598e-01 6.257731343070252805e+00
2.681321242091106449e-01 -5.231656011467641920e-02 9.619605635673088573e-01 1.015034315418266431e+01 7.904310490153951176e-04 9.985360003031663600e-01 5.408540725248380671e-02 4.169449387267808449e-01 -9.633818327220523559e-01 -1.374167075927264399e-02 2.677809301493139782e-01 6.451600773211944251e+00
2.576746773268397961e-01 -5.433746425586603868e-02 9.647026406570258228e-01 1.086267279275414666e+01 -1.676124664114378196e-05 9.984172258171150061e-01 5.624093589068226984e-02 4.429908242636778071e-01 -9.662317407839922101e-01 -1.450803375030151887e-02 2.572659243879887314e-01 6.645282871902806754e+00
2.475563779701247802e-01 -5.595029013983123661e-02 9.672566303250899056e-01 1.158466435210490175e+01 -4.344054859795102273e-04 9.983246945934414196e-01 5.785858116678144203e-02 4.680385844209875579e-01 -9.688734012288074959e-01 -1.474344149544618877e-02 2.471173389668966935e-01 6.833971977336313230e+00
2.367558263082410741e-01 -5.718656435136950517e-02 9.698847145984302864e-01 1.235573484054876126e+01 -1.269636544556296091e-03 9.982471839920661338e-01 5.916880624621928542e-02 4.997737230954087395e-01 -9.715683626998209421e-01 -1.523995981296913729e-02 2.362682293986030357e-01 7.014498401527482052e+00
2.263536151445851574e-01 -6.007184459054258630e-02 9.721910297623325148e-01 1.312345957221323900e+01 -2.434692028940174495e-03 9.980584254035828051e-01 6.223706059339963875e-02 5.363617082148406379e-01 -9.740421602387175914e-01 -1.645456853863414351e-02 2.257678749161640963e-01 7.210888406292495389e+00
2.155138078626166742e-01 -6.356556835675522543e-02 9.744296798639516810e-01 1.389842899572301071e+01 -4.392964382805912039e-03 9.978058453096120273e-01 6.606206841888730141e-02 5.828234578148574485e-01 -9.764909202290056323e-01 -1.851792193711599213e-02 2.147616945915548081e-01 7.353248735797430768e+00
2.027951112425616376e-01 -6.749503575474642691e-02 9.768922902557050092e-01 1.469242429337725753e+01 -4.231304413460064764e-03 9.975519735615344663e-01 6.980083133143305529e-02 6.217060804662153384e-01 -9.792120586470952626e-01 -1.828879514490768660e-02 2.020130700417694380e-01 7.534561097665210205e+00
1.905019772290582891e-01 -6.993249003205218028e-02 9.791927426044187976e-01 1.546986673055231698e+01 -5.371517766685102689e-03 9.973702251030923671e-01 7.227572774530040267e-02 6.616723108927121677e-01 -9.816721247019326579e-01 -1.902841938757581647e-02 1.896253549316468667e-01 7.670610130010064864e+00
1.766073732455475664e-01 -7.069526831835468150e-02 9.817392720600353062e-01 1.629030711586049662e+01 -5.840137289460090898e-03 9.973244828886115299e-01 7.286815884711717040e-02 7.024348440970086260e-01 -9.842640629067477276e-01 -1.860254538272629321e-02 1.757219857529394025e-01 7.818429444707549081e+00
1.621052831105157244e-01 -6.984803560799016098e-02 9.842982843395507997e-01 1.708186604087501337e+01 -7.376483931613437954e-03 9.973780010655010075e-01 7.199104406772174891e-02 7.372355693058130210e-01 -9.867459053656215673e-01 -1.893078818235561026e-02 1.611650089442111800e-01 7.972527469029901503e+00
1.454194625666339613e-01 -6.873499071031347052e-02 9.869795662970302086e-01 1.787585876776274318e+01 -8.914431347948642559e-03 9.974522751955099409e-01 7.077776187730532020e-02 7.786587085371008410e-01 -9.893299398937094313e-01 -1.909082480153417166e-02 1.444362390607053792e-01 8.058858841688744334e+00
1.253433239308154867e-01 -6.744185812193079221e-02 9.898184834210147498e-01 1.869279485509308003e+01 -1.121286923759352329e-02 9.975268006271946764e-01 6.938698405138117586e-02 8.154293502030862673e-01 -9.920500692634006690e-01 -1.979589956691433714e-02 1.242771067822445313e-01 8.166964436253628890e+00
1.001245234681785723e-01 -6.601927530293680291e-02 9.927822108363372200e-01 1.951399770831367420e+01 -1.569126604423326174e-02 9.975673708668313378e-01 6.791998766623096040e-02 8.595605173275053801e-01 -9.948511854792788656e-01 -2.237846533755052589e-02 9.884503023651067255e-02 8.248876709187463518e+00
7.026793396182620666e-02 -6.551898377096093684e-02 9.953741322502082101e-01 2.036219719034673048e+01 -1.954143458493446187e-02 9.975587512617106745e-01 6.704230080697019811e-02 8.967003427070336929e-01 -9.973367370737838966e-01 -2.416196161423062386e-02 6.881605613168964575e-02 8.330068426974627016e+00
3.701297878592105933e-02 -6.535006470073440044e-02 9.971757073169604801e-01 2.119083773968483442e+01 -2.253362956368664891e-02 9.975511665009655360e-01 6.621106962348305425e-02 9.392076668155043828e-01 -9.990607050033177838e-01 -2.492065607151566775e-02 3.544976462158007380e-02 8.346562582048601797e+00
2.159185785668875975e-03 -6.469498043525824527e-02 9.979027408338598804e-01 2.202436442405200268e+01 -2.438979631577879725e-02 9.976048150775856937e-01 6.472843861268581800e-02 9.778941790246720167e-01 -9.997002015953816434e-01 -2.447840446616610446e-02 5.761153477374706365e-04 8.339892490758440857e+00
-3.211601862680774772e-02 -6.361149591936694769e-02 9.974578295041778286e-01 2.289436287759342648e+01 -2.580645627097038694e-02 9.976927102849618700e-01 6.279556242550560219e-02 1.007670836530228931e+00 -9.991509422580391320e-01 -2.372410754711063233e-02 -3.368350634792467019e-02 8.283229834382325407e+00
-6.419495034272967859e-02 -6.176090319855950805e-02 9.960243882023723794e-01 2.371887560736109535e+01 -2.812107947813128478e-02 9.977986686956660245e-01 6.005848523194463884e-02 1.034414364632056493e+00 -9.975410920834718587e-01 -2.415382864943332875e-02 -6.579042064736233264e-02 8.229136385296420997e+00
-9.677777947915426615e-02 -5.864746609100599667e-02 9.935766295891759192e-01 2.454451735429250903e+01 -2.965823444570014900e-02 9.979891026102892804e-01 5.601910584480865318e-02 1.074347740623942116e+00 -9.948640447566792222e-01 -2.404632309204975116e-02 -9.832255098174309815e-02 8.155237424545001446e+00
-1.295197146151178536e-01 -5.425831540464858688e-02 9.900912390059292134e-01 2.536389907544061373e+01 -2.697732157994553806e-02 9.983249888466491084e-01 5.118047267948132306e-02 1.103854306646349759e+00 -9.912098085148057791e-01 -2.008112864340109299e-02 -1.307665130552813915e-01 8.028998332329949861e+00
-1.610430588658678108e-01 -4.886036710368407698e-02 9.857371762525524161e-01 2.622511843395430020e+01 -2.266586602339018541e-02 9.986934749375443454e-01 4.579958133305159218e-02 1.119868127330865271e+00 -9.866870873574787870e-01 -1.496688116678171650e-02 -1.619401159864877204e-01 7.878237569686437070e+00
-1.917473951011860189e-01 -4.266791948744496493e-02 9.805163783367428776e-01 2.708575114663114292e+01 -1.650802262954106925e-02 9.990534120661074269e-01 4.024630463015699960e-02 1.141151361283300192e+00 -9.813054764351379911e-01 -8.469261501534753461e-03 -1.922702536834423326e-01 7.697667630555375951e+00
-2.210262071761621150e-01 -3.698840472910115695e-02 9.745661890761565527e-01 2.789437543781624029e+01 -1.093941464302897008e-02 9.993116973249308588e-01 3.544659078795694973e-02 1.151215647347588522e+00 -9.752065222918433474e-01 -2.826557089481609997e-03 -2.212787071078168577e-01 7.503829630023435726e+00
-2.482139196177799156e-01 -3.043438725269778655e-02 9.682270299860661344e-01 2.869589191250943117e+01 -1.751864583656713784e-03 9.995188139594802790e-01 3.096887953051254833e-02 1.176755108546982509e+00 -9.687036683062961728e-01 5.990705435646311375e-03 -2.481478008271309488e-01 7.280730372439566445e+00
-2.746764304920253363e-01 -2.012508114463393977e-02 9.613260754079679948e-01 2.953556683886653644e+01 4.025125308296650418e-03 9.997481148145563878e-01 2.207952161342419117e-02 1.172888301341605821e+00 -9.615283004327371819e-01 9.934183228541022120e-03 -2.745262389437941319e-01 7.033944962477129970e+00
-2.996785372656490254e-01 -5.116579548299131364e-03 9.540265084121513084e-01 3.030958019834762496e+01 8.385566934015093246e-03 9.999328640278442037e-01 7.996854828437960014e-03 1.164774799579729070e+00 -9.540033919860900768e-01 1.039654001937893001e-02 -2.996155139754085872e-01 6.758521334725588581e+00
-3.242839564785550133e-01 1.157363113380649455e-02 9.458889737776016160e-01 3.108293800455332345e+01 8.832062068869789978e-03 9.999186116188585327e-01 -9.206780282022470827e-03 1.131386239997667742e+00 -9.459185616667881158e-01 5.368540046123995886e-03 -3.243597838907021358e-01 6.465552610301486425e+00
-3.497003368614532981e-01 2.615148482086208231e-02 9.364965342174761398e-01 3.186030271182181295e+01 7.869239586449803744e-03 9.996570597151558379e-01 -2.497674949169831696e-02 1.100032174794382200e+00 -9.368285671335562226e-01 -1.364861133453551577e-03 -3.497862041457490689e-01 6.203821705446804557e+00
-3.747295461838508479e-01 3.711505788946262846e-02 9.263909673322932026e-01 3.261594984157095922e+01 1.175547044153980349e-02 9.993082807707291959e-01 -3.528128218373226266e-02 1.070035846844810123e+00 -9.270596477657176981e-01 -2.330776272857627666e-03 -3.749066448217953096e-01 5.888017642210973790e+00
-3.978381743461051889e-01 4.179946150384340753e-02 9.165029061619460737e-01 3.340959111302281315e+01 1.575605434798743251e-02 9.991255525666724591e-01 -3.872824455241104247e-02 1.021184157856402264e+00 -9.173203081962815197e-01 -9.671035512731821328e-04 -3.981488816544247467e-01 5.525934212449890026e+00
-4.205056007761019954e-01 4.115880655698496426e-02 9.063558780137428439e-01 3.412290538341297719e+01 1.765428781207273659e-02 9.991525503641787154e-01 -3.718208152707725561e-02 9.696505834724514772e-01 -9.071181728613670892e-01 3.657949631351013644e-04 -4.208758741520963742e-01 5.171228299983771315e+00
-4.409103813319875664e-01 3.777657834772879530e-02 8.967557924511706524e-01 3.486746498180728793e+01 2.200359455734544889e-02 9.992685454243308563e-01 -3.127644340336114409e-02 9.418886776462532806e-01 -8.972813888780777347e-01 5.941743296222606538e-03 -4.414190971934218721e-01 4.811565295398621878e+00
-4.589672776930729392e-01 3.649719722484652540e-02 8.877032040037409200e-01 3.560563517764482100e+01 2.907858717438751434e-02 9.992376675748101400e-01 -2.604840530384766248e-02 9.109474384129431224e-01 -8.879771882386598980e-01 1.385779040887529130e-02 -4.596786802372958003e-01 4.386700751044588564e+00
-4.732618832615604898e-01 3.723578681516991062e-02 8.801344624821391127e-01 3.631046180307181004e+01 3.280949997157842773e-02 9.991581167714317369e-01 -2.462913615888443278e-02 8.600856206318934216e-01 -8.803105925583041280e-01 1.722074136175940143e-02 -4.740851408062687899e-01 4.030115724508027242e+00
-4.841864593848648757e-01 4.052012356218979289e-02 8.740260741698997471e-01 3.700946149119047845e+01 3.520566618541413895e-02 9.990203610388977973e-01 -2.681192348268376935e-02 8.022670778930993674e-01 -8.742562817781761586e-01 1.778870100428112111e-02 -4.851386706409779870e-01 3.614159112700824128e+00
-4.940381690883647314e-01 4.316339190461185304e-02 8.683681220775860687e-01 3.770887387719836426e+01 3.680957708678411072e-02 9.989097962470172565e-01 -2.871017130524436758e-02 7.641866533467820410e-01 -8.686606673217218688e-01 1.778034395747598445e-02 -4.950883942484871625e-01 3.227014204073011872e+00
-5.041716805499134590e-01 4.231651047165460588e-02 8.625660647143986726e-01 3.840240285249662833e+01 3.072468868176829460e-02 9.990453847566995726e-01 -3.105338385651938704e-02 7.032661696787759764e-01 -8.630567317949421335e-01 1.084583810684893075e-02 -5.049905534048082512e-01 2.824347405461776539e+00
-5.160023793568373485e-01 4.105072952558206506e-02 8.556029270789919927e-01 3.908021908001391154e+01 2.922469067948327628e-02 9.991131823961566516e-01 -3.031115580944362606e-02 6.956374172927667354e-01 -8.560884732293065902e-01 9.364103378426294130e-03 -5.167444754417828134e-01 2.415772177618313865e+00
-5.247186858929303588e-01 4.255084786322699958e-02 8.502115694914841315e-01 3.977249474560904474e+01 3.146261675210097059e-02 9.990369704421495634e-01 -3.058161838820351933e-02 6.499664321859230931e-01 -8.506940791479560282e-01 1.070313517196752953e-02 -5.255521285062848547e-01 1.990420722252977725e+00
-5.317622800978819564e-01 4.557407804408625945e-02 8.456665228570313664e-01 4.044781320805805080e+01 3.523625245393342126e-02 9.988769535924326703e-01 -3.167393306379783641e-02 6.041979822821437196e-01 -8.461603250641286378e-01 1.295511725667201214e-02 -5.327709472914601285e-01 1.548113489682076294e+00
-5.357062992286761860e-01 4.890784958137249505e-02 8.429868150201448307e-01 4.114952365799918965e+01 3.617862461389972917e-02 9.987339004551083477e-01 -3.495287028106203175e-02 5.724112104083182162e-01 -8.436289941346564181e-01 1.177363176537446487e-02 -5.367974616468718096e-01 1.105681385942740569e+00
-5.351237349851546421e-01 5.018834166024187249e-02 8.432815103454570638e-01 4.185784602359014173e+01 3.519725789382289333e-02 9.986914258663996957e-01 -3.710241064975081798e-02 5.195898693075819974e-01 -8.440401370564024619e-01 9.826817230375605589e-03 -5.361899791016402350e-01 6.685475298087985019e-01
-5.321850892631481145e-01 5.107790713811862643e-02 8.450858330317855271e-01 4.257797658693488074e+01 3.771704415463011245e-02 9.986177727900148460e-01 -3.660557858367086831e-02 4.839407208038858932e-01 -8.457874833953001881e-01 1.239319759460906153e-02 -5.333759974232703538e-01 2.120757603995367113e-01
-5.266114928966182385e-01 5.007358040994240589e-02 8.486300483816849871e-01 4.334255066750632324e+01 3.615153825398483706e-02 9.986797663519760837e-01 -3.649370491492915508e-02 4.379803879297725633e-01 -8.493370436183815819e-01 1.146127824758537243e-02 -5.277264808392307938e-01 -2.132339989186079754e-01
-5.192908499454561566e-01 4.872829998234571441e-02 8.532072155905298105e-01 4.408579060559623741e+01 3.397731461333738240e-02 9.987609275258736430e-01 -3.636140370862116916e-02 3.962712505731633139e-01 -8.539218741947283142e-01 1.010754676601500167e-02 -5.203030689298395739e-01 -6.883560588889169329e-01
-5.118545200406318108e-01 4.795975328666651077e-02 8.577323586303269298e-01 4.487392368533180331e+01 3.204240951965801887e-02 9.988115095704444002e-01 -3.672672439208483214e-02 3.503960750857836870e-01 -8.584743714415710159e-01 8.685072606598011682e-03 -5.127829331073178176e-01 -1.173409897151380665e+00
-5.057236660623514179e-01 4.643198903464677840e-02 8.614450827158377511e-01 4.567673145457091977e+01 2.896757889405779385e-02 9.989014251043231152e-01 -3.683506813642568184e-02 2.961160531577783361e-01 -8.622090611861962239e-01 6.325613680530357656e-03 -5.065131142590331148e-01 -1.610115718269897522e+00
-5.011320868871315115e-01 4.426096191523860857e-02 8.642381530681990665e-01 4.649822012650028569e+01 2.497271444729657480e-02 9.990148803030052260e-01 -3.668286274630552790e-02 2.501457675338044084e-01 -8.650104088100147859e-01 3.199414006546067325e-03 -5.017437293789961394e-01 -2.085809695263530994e+00
-4.996552178538315458e-01 4.147822500876889584e-02 8.652307244711793244e-01 4.733236705450248394e+01 2.025515630470209674e-02 9.991392498269084932e-01 -3.620066378970508703e-02 2.168181123130664134e-01 -8.659875312455971308e-01 -5.624660638187484272e-04 -5.000652886886897130e-01 -2.531158395610598522e+00
-5.002262917301161238e-01 3.892813040733131280e-02 8.650192160743555014e-01 4.818769457818156354e+01 1.747606986916452193e-02 9.992393154697383206e-01 -3.486226279185377502e-02 1.631908836358727799e-01 -8.657183470366252021e-01 -2.321883269289013244e-03 -5.005260892738956358e-01 -3.034836503211435499e+00
-5.008815979846694688e-01 3.778403626817401773e-02 8.646906833462245645e-01 4.903160250413858279e+01 1.612529815910192232e-02 9.992806463849934762e-01 -3.432440076063209000e-02 1.258882450837216782e-01 -8.653655943597210465e-01 -3.249064716357294956e-03 -5.011305670649697230e-01 -3.518670821555077932e+00
-5.015725222164977293e-01 3.718231394866238632e-02 8.643161845988774905e-01 4.989750185662820314e+01 1.620597569847140318e-02 9.993044682821650149e-01 -3.358490719143150671e-02 7.172196198001562495e-02 -8.649638048139984825e-01 -2.838178618966714049e-03 -5.018262395122090602e-01 -4.015051101696472280e+00
-5.014301511020737845e-01 3.644567874947590713e-02 8.644301605887885209e-01 5.075332978817966989e+01 1.585270825794033236e-02 9.993316782435403001e-01 -3.293764516152116600e-02 3.044769055850289619e-02 -8.650528929140632872e-01 -2.812368338244240762e-03 -5.016727983527449197e-01 -4.509472265141712732e+00
-5.017825886889014653e-01 3.596593435038551029e-02 8.642457241603564988e-01 5.167323255640862811e+01 1.648476974812722665e-02 9.993513613519412475e-01 -3.201732185343071635e-02 -1.712641468026199210e-02 -8.648366888494437577e-01 -1.818841957738209563e-03 -5.020500044727430611e-01 -5.025038036019609855e+00
-5.019867068384422648e-01 3.541354007066245535e-02 8.641499949744000375e-01 5.256535972261370659e+01 1.578393114961318400e-02 9.993700591538446920e-01 -3.178604023520197747e-02 -7.539376621601538708e-02 -8.647313027740305413e-01 -2.316484725576221666e-03 -5.022294510028453285e-01 -5.545454973427825784e+00
-5.022061243481137360e-01 3.379271728370733530e-02 8.640874072709847642e-01 5.345464249278195012e+01 1.408839771514944737e-02 9.994232713774308108e-01 -3.089727579778271324e-02 -1.238525801740426729e-01 -8.646331812032841402e-01 -3.343193173486901440e-03 -5.023925741594545968e-01 -6.051622443889986158e+00
-5.025302844084917897e-01 3.308792510455854652e-02 8.639262057302570241e-01 5.434840589560921131e+01 1.361092867671831290e-02 9.994463215866381534e-01 -3.036104183260169773e-02 -1.784683916824747751e-01 -8.644524672810303123e-01 -3.498504116451413553e-03 -5.027024028430137070e-01 -6.552658236405803471e+00
-5.016714642214635811e-01 3.232570000472310273e-02 8.644540343897025858e-01 5.523900690195953445e+01 1.253845406336254881e-02 9.994683078038648638e-01 -3.009798732376515323e-02 -2.209915871939785448e-01 -8.649673644063441413e-01 -4.260383274349176588e-03 -5.018100449405137331e-01 -7.057611326185729617e+00
-5.002020591407976280e-01 3.107997969804247515e-02 8.653507504675368445e-01 5.613851201417452330e+01 1.202973718983876839e-02 9.995086211681657451e-01 -2.894480282331341262e-02 -2.778916097359097614e-01 -8.658251542975038406e-01 -4.068306968809899324e-03 -5.003301556430850283e-01 -7.578601341510827538e+00
-4.982118530600925244e-01 2.864858067618708537e-02 8.665819030541882517e-01 5.704081222871278811e+01 1.221747366144565125e-02 9.995867193797304262e-01 -2.602160168816853442e-02 -3.390697224213792826e-01 -8.669692585111795635e-01 -2.376827902810261205e-03 -4.983559662559773895e-01 -8.082284982789907701e+00
-4.956795209035098626e-01 2.743383196902460935e-02 8.680721074787022262e-01 5.793485720814767603e+01 1.310886635568049227e-02 9.996234594634292314e-01 -2.410595133298775589e-02 -3.817271309177299732e-01 -8.684065767944917358e-01 -5.693842272976639080e-04 -4.958525051293860564e-01 -8.590364119600586434e+00
-4.926026889099023309e-01 2.668121804467325775e-02 8.698452102491137650e-01 5.883038517741760387e+01 1.246691823981858557e-02 9.996436868184170876e-01 -2.360244333362790728e-02 -4.365150313367430202e-01 -8.701650299366423535e-01 -7.823369973114042628e-04 -4.927598018666047297e-01 -9.122254166081454230e+00
-4.913913450255525395e-01 2.722641328931424756e-02 8.705132134237240082e-01 5.971554413655837124e+01 1.340881984231565710e-02 9.996292921067484460e-01 -2.369560905805948720e-02 -4.810327417259616656e-01 -8.708356688268720225e-01 2.873858668408108222e-05 -4.915742576712026080e-01 -9.590864437485507210e+00
-4.899970000788392288e-01 2.761486138637509954e-02 8.712866036007614889e-01 6.058578699168754156e+01 1.323439888219870610e-02 9.996185770326860842e-01 -2.423945365648752515e-02 -5.299913786652525882e-01 -8.716236591223402996e-01 -3.463041818295760506e-04 -4.901755712860498826e-01 -1.009116767531158843e+01
-4.906331876135442416e-01 2.861548176085021086e-02 8.708962140790015294e-01 6.149260789547447104e+01 1.246693571142295544e-02 9.995888527203065088e-01 -2.582055398945956939e-02 -5.760962289969414618e-01 -8.712770301446346455e-01 -1.811012671344580053e-03 -4.907882137103797282e-01 -1.060229753131805275e+01
-4.935268682931280848e-01 3.047618097883185093e-02 8.691964214126609578e-01 6.237221481003294343e+01 1.162816448234812658e-02 9.995277654420512414e-01 -2.844348570173469218e-02 -6.173784922118515928e-01 -8.696528206959265317e-01 -3.930464561849745381e-03 -4.936481911193648653e-01 -1.108908520105187456e+01
-4.977484605417585306e-01 3.116188216118968152e-02 8.667614398030704104e-01 6.326555131922219744e+01 1.019093617387162483e-02 9.994954915328717604e-01 -3.008167556732843292e-02 -6.700859763026595362e-01 -8.672615679568008717e-01 -6.139996311501401058e-03 -4.978149122011342187e-01 -1.159188784484343770e+01
-5.033247847431275845e-01 2.984920708844431697e-02 8.635815956765312551e-01 6.414628179615883141e+01 1.050577781916790278e-02 9.995407063124112090e-01 -2.842542939866601198e-02 -7.050601199956101350e-01 -8.640334495843902118e-01 -5.234625871918569158e-03 -5.034072011999161100e-01 -1.209099351388691268e+01
-5.089054279962136329e-01 2.797356371309734149e-02 8.603677886068104019e-01 6.499772973072245463e+01 1.370692203034338391e-02 9.996084705374111978e-01 -2.439315259814341108e-02 -7.657516376425865801e-01 -8.607133075785637910e-01 -6.208126375324013197e-04 -5.090896091951597757e-01 -1.258913842827580787e+01
-5.141894894024833240e-01 2.575304278234490790e-02 8.572898788889232735e-01 6.587173491171270712e+01 1.088915377957997387e-02 9.996645592480357667e-01 -2.349883600784899093e-02 -8.113608899640891714e-01 -8.576074903021287943e-01 -2.747692254087604185e-03 -5.142974393429471380e-01 -1.309556113275821154e+01
-5.190829532867898832e-01 2.759549005645375169e-02 8.542782704084038725e-01 6.669992329991384850e+01 1.161342981963321697e-02 9.996141226590403717e-01 -2.523358886641728985e-02 -8.667837887882273717e-01 -8.546449718256563521e-01 -3.177224189008487441e-03 -5.192031304263816649e-01 -1.360361024017970877e+01
-5.237750480149353516e-01 2.969226482063220054e-02 8.513389779209067365e-01 6.750340465511325760e+01 1.184540220323827310e-02 9.995495873796815811e-01 -2.757369749118426111e-02 -9.109923856831465550e-01 -8.517742643722736595e-01 -4.357961235150743969e-03 -5.238908511405040436e-01 -1.413281014569429495e+01
-5.289685762831045635e-01 3.008876137963610239e-02 8.481078343441982303e-01 6.837880000808489456e+01 1.072819444583520722e-02 9.995284977604480536e-01 -2.876956704187772287e-02 -9.593460256435668576e-01 -8.485736049248799873e-01 -6.119530291956098815e-03 -5.290419656911512503e-01 -1.463908604227439625e+01
-5.331635043303752930e-01 3.068663715652244356e-02 8.454554955511998093e-01 6.919428647656012288e+01 9.767213498488488618e-03 9.994986174375055654e-01 -3.011835422602787693e-02 -1.004640552656092423e+00 -8.459558445556800699e-01 -7.800262104562182344e-03 -5.331959095729700282e-01 -1.515001801672113579e+01
-5.362016758233040248e-01 2.968387819084543702e-02 8.435677905659137998e-01 6.999616059513714106e+01 9.560149472302841359e-03 9.995309260362768011e-01 -2.909521301071570781e-02 -1.066200048994036420e+00 -8.440357682441195220e-01 -7.536266954543030354e-03 -5.362339410775056603e-01 -1.567358160968087333e+01
-5.388056423346246904e-01 2.354788821378375405e-02 8.421009226025607530e-01 7.082887472373644755e+01 1.163351568471203933e-02 9.997219218705249988e-01 -2.051195319828243505e-02 -1.107931460340720653e+00 -8.423497805170477859e-01 -1.255360914144354467e-03 -5.389297581810871263e-01 -1.619950092132918940e+01
-5.407763147954203209e-01 1.586392133546217845e-02 8.410168253260436044e-01 7.165899988637158913e+01 1.243363667339017486e-02 9.998636651361578753e-01 -1.086534853677817956e-02 -1.137283637121140778e+00 -8.410745470122924505e-01 4.581175472891553004e-03 -5.408998355469730734e-01 -1.673955873781635262e+01
-5.426958225965370364e-01 1.354764652350293891e-02 8.398200358216427741e-01 7.248580409255617951e+01 1.330658661508252703e-02 9.998831030200124870e-01 -7.530937887609978273e-03 -1.165783934960538559e+00 -8.398239044269312226e-01 7.088130510881936359e-03 -5.428126572066129807e-01 -1.726460589798299594e+01
-5.436021653402601794e-01 1.755923528137077680e-02 8.391593092328883952e-01 7.328381058489081568e+01 1.233791546379539930e-02 9.998402953088988410e-01 -1.292902540763335786e-02 -1.208365522707713691e+00 -8.392523298871640280e-01 3.325231367785915979e-03 -5.437319950650739697e-01 -1.775406136525817047e+01
-5.449416284439142499e-01 2.227954196150160396e-02 8.381779231210432224e-01 7.408275513648433730e+01 1.238583210565920127e-02 9.997517386472728473e-01 -1.852166875741702301e-02 -1.258789054659366302e+00 -8.383825047478827841e-01 2.883036215261178519e-04 -5.450822923433753520e-01 -1.826655182431650815e+01
-5.457350732396129001e-01 2.769005683478603652e-02 8.375001360112529492e-01 7.487412465709597598e+01 1.871262831412975544e-02 9.996073517512503726e-01 -2.085617017818811383e-02 -1.291566370241905792e+00 -8.377488160948711737e-01 4.289886156242372038e-03 -5.460389462392858384e-01 -1.880219206526117759e+01
-5.452197220556095347e-01 2.925747824007260064e-02 8.377824549795814812e-01 7.568135636760162299e+01 2.290474566366621292e-02 9.995375750957653516e-01 -2.000021398745871828e-02 -1.324695412117102844e+00 -8.379802138487054686e-01 8.284683934995337382e-03 -5.456377351553066690e-01 -1.931675009619727135e+01
-5.449648726785523145e-01 2.588593309393609140e-02 8.380591824137675339e-01 7.645500312106781848e+01 2.216242996871929313e-02 9.996187989717322253e-01 -1.646461064367224156e-02 -1.364560461704525052e+00 -8.381659297207995074e-01 9.600794504869003543e-03 -5.453308278677840848e-01 -1.985559503831091988e+01
-5.442718437247955343e-01 2.094849061392389453e-02 8.386473085058874233e-01 7.727275215313106571e+01 2.009977244033617563e-02 9.997268287539741172e-01 -1.192757244085622045e-02 -1.394714172204974068e+00 -8.386680933441015284e-01 1.036477923411698900e-02 -5.445442253814429812e-01 -2.036254997213076479e+01
-5.435249004631049763e-01 1.533875845050309064e-02 8.392528774096178479e-01 7.806215572549221804e+01 1.879305901651723287e-02 9.998047731304841035e-01 -6.102173971914788900e-03 -1.414642464490107443e+00 -8.391826470102555779e-01 1.245544639679124245e-02 -5.437070531715436639e-01 -2.087093143192949540e+01
-5.432067327722035488e-01 8.542316761968451327e-03 8.395555142197946852e-01 7.889755177156862942e+01 9.627739484252443442e-03 9.999458705484156607e-01 -3.944944760878127572e-03 -1.450874158828107774e+00 -8.395437830491381259e-01 5.940102206689512783e-03 -5.432595736700512878e-01 -2.141012731135280234e+01
-5.413704376700300136e-01 3.350883751009585063e-03 8.407775020292207468e-01 7.969252488184272920e+01 1.232775231483948736e-03 9.999941467724517974e-01 -3.191658560774275968e-03 -1.474787002768388922e+00 -8.407832902013140375e-01 -6.913789808616836296e-04 -5.413714009731268595e-01 -2.186692628722143539e+01
-5.393093047747044011e-01 4.368286371040873244e-03 8.420964190309891961e-01 8.048087224748783797e+01 4.983629419992222261e-03 9.999855903613570351e-01 -1.995619904051467927e-03 -1.493132880539785878e+00 -8.420930167482560957e-01 3.120441072006254531e-03 -5.393233046260652586e-01 -2.235165357938098296e+01
-5.363341500926791516e-01 7.208073498459709877e-03 8.439749464037997750e-01 8.130707000326283662e+01 1.031017443118668192e-02 9.999448721883904545e-01 -1.988182456708588713e-03 -1.510831864135140590e+00 -8.439427654960331981e-01 7.635199772425865956e-03 -5.363789008459524110e-01 -2.288304407417923159e+01
-5.317340580558764795e-01 1.013596502850380374e-02 8.468507192379631787e-01 8.205788249090622344e+01 1.097562983467310037e-02 9.999268792544045992e-01 -5.076581103729789664e-03 -1.540299925285826932e+00 -8.468402675984590955e-01 6.595329946430712915e-03 -5.318064270557099071e-01 -2.335777036722902267e+01
-5.236384981538523276e-01 1.236231107683743134e-02 8.518508574472257733e-01 8.287124722667667243e+01 1.628038096551543898e-02 9.998573278716462731e-01 -4.502562567928867013e-03 -1.562872523885828535e+00 -8.517849989090701124e-01 1.151074242964664728e-02 -5.237650538666642763e-01 -2.384597565623212034e+01
-5.152626320384016134e-01 1.439041369765047679e-02 8.569115022530483516e-01 8.364682667190555776e+01 2.269457541395845934e-02 9.997375055452509818e-01 -3.142644683869775472e-03 -1.601754920319645503e+00 -8.567318065410796102e-01 1.782795644544257069e-02 -5.154539639890860503e-01 -2.433146130034162979e+01
-5.056061326835181724e-01 1.469877427868252970e-02 8.626391894294686002e-01 8.444496052287678367e+01 2.250649272884535507e-02 9.997393087962883618e-01 -3.843461408136177038e-03 -1.615818304788261939e+00 -8.624708161000380624e-01 1.747170609247410827e-02 -5.058051446821331121e-01 -2.478522983881765995e+01
-4.942231626645625098e-01 1.171727493921159019e-02 8.692560941832654375e-01 8.528138459966780260e+01 1.848231574962530196e-02 9.998247791186026801e-01 -2.969012296238447441e-03 -1.633561426816878770e+00 -8.691385861583674766e-01 1.459851204025306749e-02 -4.943531280440005560e-01 -2.527557459660586048e+01
-4.830508259175922414e-01 8.455947893640907917e-03 8.755514734517905184e-01 8.606284523685577881e+01 1.947010519217808044e-02 9.998098498790747302e-01 1.085843191146871950e-03 -1.660391739374945885e+00 -8.753758205711080764e-01 1.757159786108484709e-02 -4.831236131707611348e-01 -2.572231319210162326e+01
-4.722729907332720023e-01 7.500975134001993533e-03 8.814204124956728226e-01 8.685577814685237286e+01 1.967581785595223093e-02 9.998043432635548289e-01 2.034047532415964379e-03 -1.676424086519963108e+00 -8.812327145877361101e-01 1.830329433540031636e-02 -4.723281764010245354e-01 -2.611800053412790490e+01
-4.597222058042301218e-01 6.701712434368350610e-03 8.880374802433728121e-01 8.774693163397805051e+01 1.903162552269759000e-02 9.998162203819727090e-01 2.307088712903445585e-03 -1.703672136152606820e+00 -8.878588309971893189e-01 1.796141782161260469e-02 -4.597652639628465598e-01 -2.654664661280619242e+01
-4.476357787788308173e-01 8.374961027093889843e-03 8.941767471721642213e-01 8.854834524231013404e+01 2.272418526294980173e-02 9.997397470824607169e-01 2.012329344792262217e-03 -1.713735920361778131e+00 -8.939271973806461880e-01 2.122022984251064476e-02 -4.477095956848894942e-01 -2.695978765460951010e+01
