1 0 0 0 0 1 0 0 0 0 1 0
0.99994292 -0.0021620083 0.010463598 0.010754912 0.0021498941 0.99999701 0.0011688664 -0.0088883726 -0.010466095 -0.0011463041 0.99994457 0.29137575
0.9998504 -0.0038632171 0.016860013 0.019701674 0.0038382078 0.99999149 0.0015154686 -0.0137646 -0.016865726 -0.0014505297 0.99985671 0.57998488
0.99978654 -0.0067814246 0.019516214 0.022461335 0.0067842856 0.99997698 -8.0367616e-05 -0.018815102 -0.019515221 0.00021275405 0.99980954 0.87759125
0.99980988 -0.0081477682 0.017714986 0.033382293 0.0081694511 0.99996597 -0.001151935 -0.023191509 -0.017704999 0.0012964378 0.99984241 1.188061
0.99987742 -0.011074434 0.011067749 0.035204111 0.011108914 0.99993362 -0.003058654 -0.021939569 -0.011033142 0.0031812298 0.99993407 1.5085816
0.9999293 -0.011875838 -0.0005930191 0.018281764 0.011873139 0.99991998 -0.0043658101 -0.033275427 0.00064481935 0.0043584606 0.99999029 1.8351086
0.99980112 -0.011422116 -0.016348096 -0.0076760886 0.011343502 0.99992369 -0.0048934808 -0.041149431 0.016402744 0.004707063 0.99985439 2.1634328
0.99930755 -0.0074691538 -0.03645028 -0.039724183 0.0072834649 0.99995983 -0.0052244511 -0.046129739 0.036487841 0.0049553492 0.99932181 2.4958128
0.99845182 -0.0038368871 -0.055490847 -0.086850153 0.0034971026 0.99997455 -0.0062190643 -0.050450587 0.055513301 0.0060153789 0.99843983 2.8517241
0.99723535 -0.003099058 -0.074243135 -0.13033266 0.0026447144 0.99997718 -0.006217205 -0.058739097 0.074260714 0.0060036648 0.99722079 3.2159253
0.9954008 -0.0039803149 -0.095715209 -0.18901633 0.0034146117 0.99997573 -0.0060733426 -0.06294825 0.095737068 0.0057185799 0.99539023 3.6087085
0.99333752 -0.0050002063 -0.11513285 -0.24599342 0.004429061 0.99997659 -0.005216036 -0.069527394 0.11515624 0.0046713538 0.99333641 3.9900904
0.99122966 -0.0042498336 -0.13208219 -0.31373339 0.0036751174 0.99998269 -0.0045946763 -0.0794615 0.13209944 0.0040689618 0.99122812 4.3938459
0.98889845 -0.0033898174 -0.14855425 -0.39191762 0.0028169216 0.99998776 -0.0040667078 -0.089198692 0.14856623 0.0036030953 0.9888959 4.8029077
0.98683135 -0.0026161615 -0.16173141 -0.47537221 0.0019815034 0.99998969 -0.0040853224 -0.091804094 0.16174044 0.0037110528 0.98682636 5.2165047
0.98462427 -0.004186261 -0.17463537 -0.57195604 0.0034180228 0.99998312 -0.0046996337 -0.099611695 0.17465211 0.0040304657 0.98462196 5.6510853
0.98296694 -0.0071356923 -0.18364388 -0.65197458 0.0059801554 0.99995869 -0.0068453294 -0.11241358 0.18368516 0.0056305135 0.982969 6.0940992
0.98151885 -0.0065299634 -0.19125403 -0.75676222 0.0049591006 0.99994994 -0.008690986 -0.12198622 0.19130122 0.0075819186 0.98150209 6.5566953
0.97988368 -0.006470972 -0.19946452 -0.8623935 0.0044701949 0.9999351 -0.010479464 -0.12412947 0.1995194 0.0093770105 0.97984901 7.0253968
0.97820481 -0.0068096208 -0.20753066 -0.9651733 0.0042372628 0.99990862 -0.012837081 -0.13335843 0.20759913 0.011677933 0.97814428 7.4861714
0.97642962 -0.010533738 -0.21557885 -1.0869151 0.0075133551 0.99986187 -0.014825299 -0.14825111 0.21570526 0.012856141 0.97637389 7.9947528
0.97431731 -0.016154647 -0.22459918 -1.2030749 0.012921388 0.99979076 -0.015858182 -0.16371918 0.22480839 0.012548768 0.97432219 8.4893895
0.97263561 -0.017493551 -0.23167639 -1.3323139 0.013547626 0.99973499 -0.018612222 -0.18794021 0.23194061 0.014964244 0.97261484 9.0246994
0.97045912 -0.013818899 -0.24086951 -1.4822865 0.0086391141 0.99970845 -0.022547328 -0.19114712 0.24111089 0.019800361 0.97029557 9.5570507
0.96847829 -0.010736881 -0.24886648 -1.6313481 0.004401313 0.99965225 -0.026000174 -0.20990077 0.24905912 0.024085265 0.96818875 10.093202
0.9661589 -0.012758749 -0.25763188 -1.8021809 0.0057992502 0.99959793 -0.027755191 -0.23181873 0.25788243 0.025321853 0.96584443 10.663206
0.9638303 -0.015030655 -0.2660925 -1.9654841 0.007441296 0.99953688 -0.029506837 -0.2622229 0.26641279 0.026459511 0.96349578 11.235063
0.96169982 -0.015042048 -0.27369178 -2.141805 0.0065173694 0.99946567 -0.032029671 -0.2834484 0.27402735 0.029019179 0.96128399 11.788346
0.95926752 -0.014333034 -0.28213541 -2.3251138 0.0043960551 0.99934851 -0.035822175 -0.30789196 0.28246506 0.033122766 0.95870557 12.384311
0.95704657 -0.015490468 -0.28952013 -2.516391 0.0038754684 0.99916599 -0.040648453 -0.33854092 0.28990835 0.037780437 0.95630842 12.954385
0.95502251 -0.016637794 -0.29606619 -2.7192328 0.0026127969 0.9988581 -0.047703913 -0.37751319 0.29652183 0.04478475 0.95397544 13.570233
0.95376243 -0.016755796 -0.3000941 -2.9261903 -0.00012062544 0.99842343 -0.056130483 -0.41534873 0.30056152 0.053571346 0.95225674 14.194071
0.95259272 -0.016937105 -0.30377662 -3.1283597 -0.0029389385 0.99789047 -0.064853531 -0.46245426 0.30423425 0.062671783 0.95053342 14.826128
0.95114824 -0.016137536 -0.30831249 -3.3552493 -0.0068792125 0.99727728 -0.073421441 -0.5034743 0.30865791 0.071955623 0.94844752 15.457114
0.95006477 -0.015187296 -0.31168295 -3.5710429 -0.010545456 0.99668188 -0.080709475 -0.56379622 0.31187454 0.079966069 0.94675219 16.112385
0.94845718 -0.014421061 -0.31657701 -3.8181039 -0.013989385 0.99608501 -0.087286611 -0.62647464 0.31659641 0.087216332 0.94454224 16.775101
0.94672589 -0.012961949 -0.32177954 -4.0603399 -0.017943922 0.99551419 -0.092895209 -0.69491652 0.32154023 0.093720287 0.94224646 17.438618
0.94510772 -0.010483461 -0.3265907 -4.2999555 -0.023009291 0.99486896 -0.098520643 -0.77238929 0.32594782 0.10062724 0.94001712 18.104302
0.94337856 -0.0084519162 -0.3316104 -4.579807 -0.026895629 0.99443516 -0.10185941 -0.84863543 0.33062597 0.10501086 0.93790149 18.808133
0.94158807 -0.007501281 -0.33668328 -4.8290692 -0.028971804 0.99424111 -0.10317585 -0.92602307 0.33551834 0.10690347 0.93594824 19.480313
0.93934694 -0.006620907 -0.34290448 -5.1186974 -0.030307426 0.99429982 -0.10222191 -1.0143283 0.34162669 0.1064144 0.93379183 20.215341
0.93739228 -0.0066489655 -0.34821184 -5.3974841 -0.030391989 0.99444197 -0.10080422 -1.1005778 0.34694674 0.10507595 0.93198016 20.946071
0.93484832 -0.0067218633 -0.35498371 -5.674445 -0.030427053 0.99462577 -0.098963457 -1.1822238 0.35374119 0.10331693 0.9296197 21.671878
0.93210439 -0.0059613867 -0.36214067 -5.951101 -0.03083 0.99492973 -0.095730581 -1.2681881 0.36087523 0.10039569 0.92719458 22.359248
0.92804476 -0.0028075128 -0.37245809 -6.3183086 -0.033326568 0.9953349 -0.090541623 -1.3523581 0.37097476 0.096439431 0.92362177 23.186278
0.9247238 -0.0017712267 -0.38063467 -6.6271835 -0.03307441 0.99583307 -0.084985789 -1.4309461 0.37919915 0.09117765 0.92081195 23.887797
0.92145126 0.0012907616 -0.38849183 -6.9519225 -0.035533013 0.99608295 -0.080970123 -1.5091306 0.38686561 0.088414308 0.91788775 24.647968
0.91780676 0.0026493055 -0.39701855 -7.2924864 -0.037104776 0.99617357 -0.07912941 -1.5850688 0.39528978 0.087356793 0.91439313 25.386878
0.91335498 0.0041248655 -0.40714329 -7.6408217 -0.03942223 0.99614657 -0.078344693 -1.6602108 0.40525127 0.087607013 0.90999804 26.149157
0.91074076 0.0043491294 -0.4129556 -7.9934562 -0.039801098 0.99621418 -0.07728631 -1.7293986 0.41105614 0.086823881 0.90746597 26.89315
0.90651016 0.0048291635 -0.42215637 -8.3881649 -0.040455663 0.99632672 -0.075474503 -1.8057682 0.42024123 0.085497021 0.90337566 27.6968
0.90285594 0.0045066354 -0.42991957 -8.771724 -0.039805034 0.99652652 -0.073146768 -1.8784932 0.42809664 0.083153958 0.89989927 28.473951
0.89892508 0.0043218236 -0.43808106 -9.1587124 -0.038408964 0.99687844 -0.068979119 -1.94799 0.43641549 0.078833301 0.89628503 29.257643
0.89544738 0.0063864707 -0.44512154 -9.5676014 -0.038747612 0.9972204 -0.06364043 -2.0165252 0.44347788 0.074234054 0.89320585 30.070067
0.89187554 0.0056190559 -0.45224598 -9.9934548 -0.036268887 0.99759114 -0.059131118 -2.0789412 0.45082436 0.069140057 0.88993093 30.843746
0.88842678 0.005932759 -0.45898 -10.426832 -0.036236864 0.99770227 -0.057245786 -2.1471044 0.4575858 0.067490686 0.8866004 31.675727
0.88496162 0.0047765609 -0.46563945 -10.880189 -0.034948339 0.99780854 -0.056184765 -2.2059586 0.46435069 0.065994687 0.8831892 32.490913
0.88127077 0.0055130061 -0.47257953 -11.302992 -0.035342212 0.9979009 -0.0542652 -2.2648463 0.47128841 0.064524342 0.87961575 33.304849
0.87874805 0.002118423 -0.47728122 -11.786848 -0.031187903 0.99810781 -0.052991593 -2.3266249 0.47626589 0.06145166 0.87715136 34.152399
0.87660515 0.0030664528 -0.48120057 -12.245317 -0.032441355 0.99808128 -0.052738274 -2.3894076 0.4801156 0.061841442 0.87502266 35.025171
0.87477425 0.0008889823 -0.48452987 -12.720527 -0.03051466 0.99811433 -0.053260145 -2.4465194 0.4835689 0.061375868 0.87315184 35.841977
0.87292648 0.0031792274 -0.4878414 -13.225974 -0.033641226 0.99799067 -0.053692603 -2.5131144 0.48669051 0.063281279 0.87127943 36.723224
0.87272713 0.0032334578 -0.48819758 -13.718023 -0.033207963 0.99805524 -0.052753884 -2.5713495 0.48707762 0.062251794 0.87113726 37.577781
0.87258565 0.0031133896 -0.48845119 -14.217231 -0.032201092 0.99817106 -0.051162765 -2.6334197 0.48739859 0.060372558 0.87109 38.479027
0.87209003 -0.0011602662 -0.48934407 -14.747342 -0.027125952 0.99834497 -0.050709955 -2.6921359 0.48859307 0.057497571 0.87061522 39.382307
0.87214963 -0.0010927046 -0.48923799 -15.25358 -0.027574779 0.99829809 -0.051386393 -2.7595551 0.48846155 0.058307254 0.87063517 40.296062
0.87098745 -0.0015215155 -0.49130288 -15.790314 -0.027579889 0.99826693 -0.051985476 -2.8237078 0.49053055 0.058828777 0.86943601 41.203096
0.86962153 -0.0037747339 -0.49370448 -16.316845 -0.024156624 0.99844781 -0.050183854 -2.8869388 0.49312764 0.055567194 0.86818054 42.118487
0.86738462 -0.0023738902 -0.49763267 -16.846843 -0.023908824 0.99863503 -0.046437455 -2.9531015 0.4970637 0.052176947 0.86614391 43.049076
0.86507676 -0.0038089619 -0.50162503 -17.39656 -0.020099723 0.99890496 -0.042247878 -3.019201 0.5012367 0.046630182 0.8640529 43.99085
0.86123914 -0.0052980669 -0.50817226 -17.902565 -0.017435281 0.99904896 -0.039964742 -3.0780659 0.50790075 0.043279326 0.8603277 44.866855
0.85622001 -0.0087640064 -0.51653699 -18.48294 -0.015287501 0.99898839 -0.042290492 -3.1373792 0.51638513 0.044106525 0.85521987 45.765627
0.8503966 -0.0093809165 -0.52605855 -19.035141 -0.017132653 0.99881709 -0.045507041 -3.200535 0.52586322 0.047711812 0.84922994 46.647278
0.84463803 -0.0092386728 -0.53525808 -19.635035 -0.017894622 0.99880508 -0.045477333 -3.2662406 0.53503869 0.047990127 0.84346344 47.570879
0.83855017 -0.006008292 -0.54479123 -20.228035 -0.018889844 0.99901737 -0.040093282 -3.323493 0.54449684 0.04391125 0.83761269 48.467732
0.83441089 -0.0038554326 -0.55112937 -20.844977 -0.018536767 0.99921347 -0.035054709 -3.387275 0.55083108 0.039466188 0.83368313 49.33564
0.82954634 -0.0030023353 -0.55842978 -21.443586 -0.020885632 0.99911913 -0.036397216 -3.4392128 0.5580472 0.041856337 0.82875292 50.238808
0.82670154 -0.0041320094 -0.5626255 -22.042105 -0.022941304 0.99889388 -0.041045151 -3.4959163 0.56217282 0.046839453 0.82569232 51.109391
0.82326861 -0.0068688338 -0.56761042 -22.654598 -0.024676717 0.99854846 -0.047875139 -3.5602107 0.56711541 0.053420862 0.8219041 51.933742
0.82063466 -0.0062815573 -0.57141865 -23.273158 -0.026948417 0.99840172 -0.049676924 -3.623104 0.57081745 0.056165435 0.81915378 52.828328
0.81842 -0.0052962995 -0.57459606 -23.887858 -0.025733449 0.99861647 -0.04585785 -3.688891 0.57404401 0.052317321 0.81715139 53.691482
0.81441336 -0.0027889574 -0.58027844 -24.531516 -0.025065553 0.99888604 -0.039980066 -3.753025 0.57974358 0.0471053 0.81343623 54.555934
0.81107683 -0.0024521937 -0.58493447 -25.164249 -0.023628281 0.99903768 -0.036951462 -3.8104225 0.58446224 0.043791471 0.81023838 55.403357
0.8089152 -0.00097770178 -0.5879245 -25.808914 -0.026165893 0.99894789 -0.037662421 -3.8653626 0.58734281 0.045849275 0.80803855 56.292859
0.80574434 -0.0029645921 -0.59225606 -26.467582 -0.025248256 0.99890647 -0.039349514 -3.9263744 0.59172511 0.046659081 0.80478839 57.172092
0.80248819 -0.0031207395 -0.59665982 -27.104421 -0.027172024 0.99875773 -0.041769344 -3.9904009 0.59604901 0.049731861 0.80140648 58.033016
0.79772405 -0.0056273209 -0.60299639 -27.753163 -0.024981149 0.99878966 -0.042369361 -4.0408937 0.60250503 0.048862602 0.79661795 58.839922
0.79280346 -0.0052976807 -0.60945433 -28.413769 -0.025085969 0.99883119 -0.041315204 -4.1040081 0.60896092 0.048043589 0.79174392 59.697288
0.78846753 -0.0062600531 -0.61504449 -29.08746 -0.02370259 0.99889621 -0.040552944 -4.1632595 0.61461953 0.046552828 0.78744886 60.530584
0.78270143 -0.0076525143 -0.62235028 -29.772191 -0.022991517 0.99888644 -0.041197836 -4.2244089 0.62197258 0.046554383 0.78165391 61.380016
0.77850956 -0.0085114386 -0.62757501 -30.463224 -0.02333268 0.99882437 -0.04249077 -4.2877688 0.62719892 0.047722477 0.77739572 62.23143
0.77321013 -0.0095375393 -0.63407814 -31.142833 -0.023059682 0.99880275 -0.043143104 -4.3446355 0.63373052 0.047980326 0.77206447 63.023919
0.76641179 -0.012191019 -0.64223385 -31.874066 -0.021135269 0.99879994 -0.04418127 -4.4052917 0.6420018 0.047434832 0.76523439 63.873835
0.76079208 -0.012467382 -0.6488759 -32.591113 -0.022199673 0.99873045 -0.045218025 -4.4730559 0.64861593 0.048806349 0.75954944 64.692263
0.75607063 -0.013040001 -0.65436008 -33.306422 -0.022119533 0.99872124 -0.045460067 -4.5383015 0.65411617 0.048845162 0.75481536 65.536092
0.75061846 -0.014144152 -0.66058446 -34.053023 -0.019734631 0.99884489 -0.043811189 -4.5993287 0.66044114 0.045921878 0.74947229 66.364912
0.74309501 -0.014585897 -0.66902692 -34.804821 -0.019061992 0.99889536 -0.042949923 -4.6681459 0.66891441 0.044668859 0.74199612 67.168944
0.73699695 -0.015842244 -0.67571035 -35.569713 -0.018386201 0.9988854 -0.043473005 -4.7310503 0.67564598 0.044463219 0.73588421 67.968423
0.73082169 -0.017881114 -0.68233414 -36.33111 -0.017912592 0.99881009 -0.045360103 -4.7978618 0.68233338 0.045372521 0.72963178 68.798546
0.72456521 -0.015720488 -0.68902691 -37.12982 -0.021265966 0.99875385 -0.045149871 -4.8685581 0.68887811 0.047366849 0.72332798 69.590151
0.71763711 -0.016126608 -0.69623047 -37.894405 -0.020405404 0.9988157 -0.044168109 -4.9293838 0.69611827 0.045903538 0.71645814 70.418149
0.71446325 -0.014006808 -0.69953272 -38.71818 -0.023525539 0.99875336 -0.044025786 -4.9939867 0.69927738 0.047911691 0.71324306 71.208729
0.70983509 -0.015190105 -0.70420406 -39.539352 -0.023186701 0.99872169 -0.044915135 -5.0646413 0.70398619 0.048210508 0.7085755 71.998465
0.70426861 -0.018074522 -0.70970345 -40.363917 -0.022170311 0.99862834 -0.047433309 -5.1296313 0.70958737 0.049140137 0.70290188 72.799301
0.6989328 -0.019966223 -0.71490856 -41.173662 -0.02299785 0.99846583 -0.050369438 -5.2018465 0.71481751 0.051646213 0.69740134 73.582173
0.69346517 -0.020602289 -0.7201955 -42.04009 -0.023489247 0.99841325 -0.051178564 -5.2739938 0.72010718 0.052407402 0.69188088 74.389597
0.68880343 -0.019963421 -0.72467321 -42.878296 -0.023145084 0.99850559 -0.049506452 -5.3450857 0.72457863 0.050872837 0.68731202 75.196869
0.6849619 -0.020912715 -0.72827866 -43.724439 -0.020853965 0.99861568 -0.048289119 -5.4119891 0.72828041 0.048263705 0.68357758 75.955474
0.67950556 -0.021151384 -0.73336537 -44.609646 -0.021257258 0.99859709 -0.048497155 -5.4953574 0.73336237 0.048543424 0.67810266 76.757345
0.67591258 -0.022755098 -0.7366304 -45.46091 -0.019501273 0.99862101 -0.048742046 -5.5571851 0.73672378 0.047310593 0.67453675 77.523183
0.67017855 -0.02130398 -0.74189406 -46.352746 -0.02218249 0.99856648 -0.048712706 -5.6403385 0.74186838 0.049103269 0.66874526 78.33008
0.66622248 -0.024329488 -0.74535605 -47.206726 -0.017964976 0.99865406 -0.048655152 -5.7056662 0.74553666 0.045805459 0.66488871 79.091174
0.6631336 -0.02660637 -0.748028 -48.097903 -0.015506068 0.99866525 -0.049267474 -5.7806235 0.74834046 0.044269891 0.66183592 79.854649
0.65779139 -0.030838356 -0.75256856 -49.000693 -0.012856548 0.9985562 -0.052155723 -5.8585227 0.75309046 0.043983019 0.6564452 80.652279
0.65381188 -0.036021901 -0.75579918 -49.928232 -0.0078554335 0.99848919 -0.054384094 -5.9358773 0.75661639 0.041494097 0.65254113 81.432971
0.64804792 -0.039282438 -0.76058578 -50.815902 -0.0031714992 0.99852107 -0.054273464 -6.0175417 0.76159299 0.037584003 0.64696492 82.217641
0.64015396 -0.043225864 -0.76702958 -51.750033 0.0019347063 0.99850338 -0.054655859 -6.1003802 0.76824424 0.033504188 0.63927952 83.002984
0.63136628 -0.044518417 -0.77420584 -52.678619 0.0049826818 0.99856312 -0.053356032 -6.179115 0.77546879 0.029829578 0.63068091 83.724053
0.62243793 -0.04147895 -0.78156923 -53.629796 0.003096699 0.99871738 -0.050537103 -6.2590444 0.78266307 0.029035925 0.62176803 84.488935
0.61444152 -0.042909993 -0.78779458 -54.591355 0.0056606915 0.99873395 -0.049984481 -6.3360433 0.78894209 0.026253078 0.61390651 85.215583
0.6064924 -0.044668231 -0.79383353 -55.556791 0.0049819746 0.99861455 -0.052384806 -6.4071731 0.79507371 0.027816128 0.60587467 85.936962
0.59525521 -0.046747118 -0.80217572 -56.560033 0.005555432 0.99852186 -0.054066857 -6.4922688 0.80351753 0.027727145 0.59463505 86.654418
0.58665099 -0.04689092 -0.80848117 -57.575894 0.0030317401 0.99844247 -0.055708548 -6.5757493 0.80983423 0.03023037 0.58587942 87.399118
0.5763381 -0.047557934 -0.81582632 -58.577388 0.005784596 0.99851761 -0.054121263 -6.6645666 0.81719092 0.02647292 0.57575885 88.089738
0.56557231 -0.048310062 -0.82328248 -59.602482 0.0087635067 0.99857847 -0.052576111 -6.7412792 0.82465218 0.022520751 0.56519169 88.79285
0.5554936 -0.048789271 -0.8300882 -60.651816 0.0088248826 0.99856684 -0.052786177 -6.831267 0.83147402 0.021996953 0.55512805 89.477078
0.54611961 -0.049589516 -0.83623812 -61.686419 0.0073078891 0.99849037 -0.054438647 -6.9095296 0.83767537 0.023618877 0.54565757 90.127399
0.53535742 -0.050674422 -0.84310407 -62.749467 0.0069731934 0.99842976 -0.055582343 -6.9925466 0.84459687 0.023877292 0.53487014 90.791374
0.52574254 -0.05055084 -0.84914035 -63.803134 0.0042597001 0.99837662 -0.056797761 -7.082114 0.85063311 0.026243916 0.52510439 91.451289
0.51800123 -0.051566074 -0.8538241 -64.888223 0.0050925509 0.99834946 -0.057205007 -7.1654729 0.85536475 0.025284121 0.51740886 92.096783
0.50832007 -0.048976178 -0.85977438 -65.968545 0.0031111119 0.99847941 -0.055038003 -7.2521102 0.86116264 0.025302067 0.5076995 92.689097
0.49982417 -0.04759832 -0.86481798 -67.053056 0.0041080912 0.99860786 -0.052587636 -7.3402552 0.86611719 0.02273182 0.49932389 93.332444
0.49451254 -0.047860652 -0.86785174 -68.183016 0.0043450505 0.99860644 -0.052595703 -7.4269337 0.86915967 0.022238375 0.49403137 93.952327
0.48683054 -0.050297473 -0.87204709 -69.304245 0.0051976192 0.99848992 -0.054688744 -7.5144346 0.87348101 0.022091582 0.48635682 94.54646
0.48102929 -0.05418054 -0.8750287 -70.394589 0.0078646229 0.99831506 -0.05749084 -7.6011918 0.87666928 0.020773007 0.48064489 95.147401
0.47302842 -0.057518227 -0.87916762 -71.540808 0.010060338 0.99815429 -0.059889876 -7.6877252 0.88098977 0.01948489 0.472734 95.745694
0.46744186 -0.061127308 -0.88190787 -72.664314 0.011559825 0.99794386 -0.063042951 -7.7922718 0.88394827 0.019274213 0.46718736 96.361108
0.46233983 -0.061224756 -0.88458654 -73.778605 0.012195854 0.99795808 -0.062697213 -7.9005497 0.88661897 0.018199131 0.46214246 96.985857
0.45901328 -0.059789193 -0.88641525 -74.911287 0.015594267 0.99812144 -0.059248642 -7.9872772 0.88829257 0.013372917 0.45908337 97.538724
0.45459686 -0.057206127 -0.8888583 -75.969805 0.018235961 0.99832396 -0.054924656 -8.0852858 0.89051064 0.0087593909 0.45487815 98.102289
0.45047278 -0.056772024 -0.89098325 -77.109549 0.020140321 0.99836838 -0.053431676 -8.1727435 0.892563 0.0061248267 0.45088119 98.678178
0.44734015 -0.055757137 -0.89262415 -78.211213 0.019974645 0.99842871 -0.052355817 -8.2598656 0.89414086 0.0055910082 0.44775098 99.227842
0.44384168 -0.055260253 -0.89439969 -79.367984 0.022736076 0.99846991 -0.050407533 -8.3468617 0.89581678 0.0020378241 0.44441896 99.797107
0.44233591 -0.055043304 -0.89515871 -80.404749 0.024920576 0.99848379 -0.049082449 -8.4317489 0.89650319 -0.00059694084 0.44303695 100.33154
0.44098259 -0.055518195 -0.89579686 -81.529823 0.026151435 0.99845603 -0.049006812 -8.5220081 0.89713462 -0.0018152227 0.44175361 100.8634
0.4379977 -0.055899825 -0.8972364 -82.638755 0.028225755 0.9984279 -0.048425509 -8.606968 0.89853291 -0.0041149139 0.43888694 101.42274
0.43540637 -0.055847137 -0.89850004 -83.741598 0.033283485 0.99839017 -0.045926978 -8.6841269 0.89961857 -0.009908315 0.43656422 101.9157
0.4359242 -0.055766668 -0.89825392 -84.812879 0.035886512 0.99836168 -0.044565912 -8.7592458 0.89926765 -0.012807841 0.43721129 102.40778
0.43187059 -0.05590073 -0.90020155 -85.884913 0.036434132 0.99834407 -0.044515956 -8.8482573 0.90119943 -0.013572931 0.43319214 103.00504
0.43200555 -0.056645132 -0.90009025 -86.953699 0.036974298 0.99829892 -0.04507956 -8.9134894 0.90111274 -0.013805586 0.43336509 103.44392
0.43145559 -0.05864509 -0.90022595 -88.030415 0.0385145 0.99817241 -0.04656677 -9.0050955 0.9013117 -0.01458026 0.43292576 103.97726
0.4324825 -0.05908919 -0.899704 -89.050957 0.037637835 0.99816363 -0.047463361 -9.0773105 0.90085645 -0.013335839 0.43391229 104.46008
0.43321843 -0.058443264 -0.89939208 -90.060581 0.034756225 0.99823644 -0.048124906 -9.1578218 0.9006186 -0.010410878 0.43448569 104.93636
0.43722592 -0.058944934 -0.89741792 -91.085119 0.033665122 0.99822319 -0.049164314 -9.2397349 0.89872144 -0.0087157719 0.43843344 105.43065
0.44358683 -0.059309837 -0.89426674 -92.137782 0.032398729 0.9982169 -0.050133177 -9.321465 0.89564564 -0.00673469 0.44471744 105.91875
0.44955887 -0.058111848 -0.89135838 -93.089214 0.029330343 0.99830382 -0.050291292 -9.3904075 0.89276907 -0.0035349515 0.45050078 106.43185
0.45661929 -0.057813713 -0.88778169 -94.109576 0.02951047 0.99832145 -0.049833896 -9.4729337 0.88917266 -0.0034437382 0.45755894 106.89854
0.46483184 -0.05697744 -0.88356373 -95.122658 0.028607901 0.99837271 -0.049330746 -9.5466979 0.88493673 -0.0023464031 0.46570543 107.4226
0.47424024 -0.056316274 -0.8785924 -96.062838 0.028378055 0.99841127 -0.048678758 -9.6207586 0.87993804 -0.0018473187 0.47508495 107.94267
0.48085489 -0.056064037 -0.87500591 -97.062929 0.027431243 0.99842705 -0.048897275 -9.6945141 0.87637102 -0.00049000635 0.48163644 108.4794
0.491086 -0.056966155 -0.86924642 -98.020079 0.0273293 0.9983758 -0.049988811 -9.7776953 0.87068232 0.00079290893 0.49184523 109.00839
0.50215598 -0.058893066 -0.86276933 -98.95524 0.026589058 0.99825814 -0.052666021 -9.8459936 0.86436824 0.0035063331 0.5028472 109.48672
0.51269496 -0.058913566 -0.85654714 -99.891104 0.023758239 0.99823446 -0.054438128 -9.9303266 0.85824209 0.0075601019 0.51318946 110.08394
0.52536294 -0.055473296 -0.84906798 -100.809 0.018532676 0.99838181 -0.053761476 -10.002132 0.85067642 0.012508785 0.52554088 110.63544
0.53806885 -0.054233855 -0.84115429 -101.74932 0.018862865 0.99845275 -0.052309574 -10.080472 0.84268984 0.012279572 0.53825933 111.2361
0.55002087 -0.052647286 -0.8334898 -102.64906 0.019048314 0.99854225 -0.0505028 -10.151814 0.83493369 0.011901018 0.55022192 111.82468
0.56144967 -0.051272428 -0.82592091 -103.54168 0.018171201 0.99860187 -0.049639775 -10.227559 0.82731139 0.01286226 0.56159637 112.45112
0.57249696 -0.052078987 -0.81825116 -104.416 0.019351582 0.99856094 -0.050015598 -10.300476 0.81967848 0.012799323 0.57268091 113.02955
0.58333646 -0.051796929 -0.81057733 -105.25395 0.016997504 0.99852448 -0.051574645 -10.37298 0.81205278 0.016307579 0.58335615 113.66215
0.59350755 -0.054725751 -0.80296565 -106.09817 0.020653301 0.99839261 -0.052779213 -10.447646 0.80456341 0.01474097 0.59368381 114.26145
0.60501083 -0.052569309 -0.7944799 -106.94024 0.018562087 0.99847809 -0.051932138 -10.52536 0.79600088 0.0166723 0.60506585 114.90108
0.61570794 -0.051070743 -0.78631765 -107.7491 0.01822061 0.99855338 -0.050588066 -10.592725 0.78776379 0.016820286 0.61574779 115.50632
0.62510809 -0.049563669 -0.77896294 -108.54565 0.019882489 0.99866917 -0.047587635 -10.664607 0.78028495 0.014259693 0.62526163 116.17536
0.63443188 -0.049184259 -0.77141237 -109.30755 0.020478332 0.99869278 -0.046833392 -10.734256 0.7727075 0.013915358 0.63460975 116.80528
0.64595726 -0.047086018 -0.76191999 -110.09113 0.016786875 0.9987307 -0.047488777 -10.79861 0.76318901 0.017885464 0.64592778 117.42818
0.65489391 -0.046630574 -0.75428079 -110.8285 0.015299273 0.99870804 -0.048457987 -10.867768 0.75556598 0.020194893 0.65476123 118.0764
0.66362516 -0.045855648 -0.74665846 -111.57121 0.014555845 0.99872202 -0.048398864 -10.938316 0.74792367 0.021250459 0.66344453 118.72127
0.67249249 -0.043688087 -0.73881335 -112.30815 0.013802354 0.99882294 -0.046499816 -11.004397 0.73997527 0.021073413 0.67230392 119.39006
0.68158579 -0.043419413 -0.73044885 -113.03704 0.016054284 0.99888503 -0.044395484 -11.064906 0.73156211 0.018532497 0.68152291 120.06107
0.68988888 -0.0416009 -0.72271893 -113.73714 0.014704072 0.99894674 -0.043464903 -11.126968 0.72376596 0.019359042 0.68977396 120.70321
0.69729657 -0.041446705 -0.71558341 -114.41642 0.01473673 0.99894478 -0.043498911 -11.192447 0.71663126 0.019786282 0.69717156 121.37916
0.7045374 -0.040646643 -0.70850184 -115.09392 0.014767886 0.99898194 -0.042626191 -11.25688 0.70951321 0.019568671 0.70442041 122.02065
0.71250923 -0.037703843 -0.70064896 -115.76137 0.013346597 0.99910284 -0.040191942 -11.3138 0.70153582 0.01928585 0.71237321 122.71167
0.71879646 -0.03545051 -0.69431612 -116.41906 0.012473629 0.99919594 -0.038103689 -11.365787 0.6951087 0.018728155 0.7186607 123.35006
0.72654761 -0.033233714 -0.68631192 -117.0395 0.010767936 0.99925768 -0.036988467 -11.417966 0.68703177 0.019483719 0.72636614 124.04793
0.73396102 -0.032655878 -0.67840606 -117.65782 0.010950707 0.9992826 -0.036254186 -11.478083 0.67910334 0.019180133 0.73379208 124.70488
0.74203144 -0.029983733 -0.66969417 -118.27088 0.0086153919 0.99934326 -0.035196887 -11.528138 0.67030975 0.020347519 0.74180244 125.35873
0.75092551 -0.027026364 -0.65983363 -118.85652 0.0075796322 0.99944913 -0.032310777 -11.575974 0.66034344 0.019261691 0.7507167 126.02139
0.759793 -0.023243164 -0.64974943 -119.45307 0.0053019911 0.99954905 -0.029556421 -11.617588 0.65014346 0.019011796 0.75957361 126.68915
0.77009738 -0.02058305 -0.63759418 -119.9933 0.0033494318 0.99959602 -0.028223824 -11.663367 0.63791758 0.019599515 0.76985521 127.34542
0.77966652 -0.020587085 -0.62585642 -120.5272 0.0025898627 0.99955689 -0.02965334 -11.706354 0.62618962 0.021498834 0.77937436 128.01819
0.78957136 -0.021116664 -0.6132953 -121.04125 0.002742343 0.9995192 -0.030884365 -11.755073 0.61365265 0.022703544 0.78924964 128.68465
0.79858928 -0.02015955 -0.60153863 -121.55875 0.0021749587 0.99952903 -0.030610098 -11.799964 0.60187246 0.023136575 0.79825702 129.35018
0.80867625 -0.019245745 -0.58793903 -122.05476 0.0024308762 0.99956546 -0.029376498 -11.835764 0.58824897 0.022326869 0.80837163 130.0412
0.81913461 -0.016820148 -0.57335464 -122.53885 0.0018384855 0.99964182 -0.026699281 -11.872868 0.57359841 0.020816201 0.81887214 130.74458
0.82816977 -0.015644783 -0.5602589 -123.0114 0.0021391537 0.9996913 -0.024753504 -11.905101 0.56047326 0.019301624 0.82794758 131.43699
0.83710395 -0.014348935 -0.54685562 -123.48672 0.0027736618 0.99975442 -0.021986732 -11.9441 0.54703685 0.016888387 0.83693817 132.15865
0.84507664 -0.013650714 -0.53447087 -123.9354 0.0035362306 0.99979484 -0.019944077 -11.980021 0.53463352 0.014964261 0.84495154 132.85572
0.85193525 -0.013905161 -0.52346247 -124.36911 0.0049555169 0.99981669 -0.018493844 -12.01068 0.52362372 0.01316153 0.85184799 133.58653
0.85802428 -0.01406451 -0.51341649 -124.83726 0.0054138318 0.99981713 -0.018341326 -12.047912 0.51358061 0.012957753 0.85794352 134.28362
0.8647547 -0.012974302 -0.50202684 -125.2234 0.0047103831 0.99983179 -0.017725734 -12.072143 0.50217242 0.012963673 0.86467036 135.01278
0.87146727 -0.011470403 -0.49031949 -125.66845 0.0035196813 0.999847 -0.017134462 -12.099967 0.49044105 0.013206354 0.87137431 135.76302
0.87742188 -0.010441129 -0.47960588 -126.04932 0.0026508453 0.99985338 -0.016917407 -12.125932 0.47971224 0.013572342 0.87732091 136.50583
0.88286871 -0.010869531 -0.46949406 -126.46008 0.0032293904 0.99984899 -0.017075322 -12.156872 0.4696088 0.013559088 0.88277049 137.27563
0.88830298 -0.011860536 -0.45910471 -126.85161 0.0042123455 0.99983483 -0.017679493 -12.181722 0.45923861 0.013770839 0.88820622 138.019
0.89240678 -0.012560205 -0.45105695 -127.2482 0.0047709307 0.99981929 -0.018401943 -12.220549 0.4512066 0.014270057 0.89230543 138.78519
0.89568253 -0.011885991 -0.44453516 -127.62627 0.0044832644 0.99983329 -0.017700351 -12.24295 0.44467148 0.013860926 0.8955865 139.5722
0.89841139 -0.010143505 -0.43903766 -128.02842 0.0041280725 0.9998841 -0.014653919 -12.272462 0.43913545 0.011352869 0.89834914 140.35086
0.90164892 -0.006376591 -0.43242172 -128.41462 0.0019160283 0.99994038 -0.010750214 -12.296135 0.43246452 0.0088643866 0.90160738 141.16547
0.90488129 -0.0036593953 -0.42564826 -128.80586 0.0003603192 0.99996927 -0.0078309655 -12.311057 0.42566387 0.0069327247 0.90485481 141.9876
0.90832823 -0.00097366707 -0.41825693 -129.19262 -0.0014359163 0.99998414 -0.0054462573 -12.335802 0.41825563 0.005547571 0.90831243 142.8055
0.91094053 0.00082915968 -0.41253685 -129.57283 -0.0025060237 0.99999065 -0.0035237738 -12.345533 0.41253011 0.0042437753 0.91093409 143.65234
0.91412035 0.0020727163 -0.40543763 -129.97414 -0.0024970579 0.99999675 -0.00051771658 -12.36216 0.40543527 0.0014856562 0.91412256 144.49709
0.91779826 0.0022609188 -0.3970406 -130.34178 -0.0019029695 0.99999735 0.0012955118 -12.375622 0.39704251 -0.00043346265 0.91780013 145.39025
0.92101707 0.0019655776 -0.38951724 -130.72297 -0.0010799822 0.99999631 0.0024925425 -12.396141 0.38952074 -0.0018750028 0.92101579 146.27446
0.9244166 0.00095706599 -0.38138303 -131.09366 -0.00011685337 0.99999752 0.0022262195 -12.388161 0.38138425 -0.0020133887 0.92441442 147.17717
0.92828036 -0.0013937187 -0.3718785 -131.46029 0.0022300988 0.99999586 0.0018189914 -12.416427 0.37187446 -0.0025178601 0.92827962 148.08822
0.93216928 -0.0028954187 -0.36201111 -131.83998 0.0032577104 0.99999462 0.00039041383 -12.421083 0.36200806 -0.0015432594 0.93217369 149.02373
0.93639815 -0.0037619728 -0.35091928 -132.19199 0.0035932891 0.9999929 -0.0011318761 -12.444812 0.35092107 -0.00020106797 0.93640503 149.95093
0.94113733 -0.0023103499 -0.33801652 -132.54678 0.0015899002 0.99999584 -0.0024082431 -12.452228 0.33802071 0.0017290747 0.94113709 150.90911
0.9466363 0.0010392176 -0.32230208 -132.89462 -0.0015359426 0.99999799 -0.0012868779 -12.464819 0.32230013 0.0017132426 0.94663599 151.8993
0.953097 0.0048860946 -0.30262555 -133.20831 -0.0046029687 0.99998805 0.0016487725 -12.473315 0.30263001 -0.00017846441 0.9531081 152.89552
0.95901927 0.007772666 -0.2832342 -133.53665 -0.0072434075 0.99996952 0.0029158276 -12.492439 0.28324825 -0.00074475438 0.95904634 153.90584
0.96493973 0.0098232535 -0.26228765 -133.81507 -0.0091097461 0.99995076 0.0039361914 -12.509951 0.26231343 -0.0014088138 0.9649817 154.95876
0.97066548 0.01088349 -0.24018758 -134.09913 -0.0099098548 0.99993706 0.0052611018 -12.509221 0.24022974 -0.0027265461 0.97071223 156.00562
0.97573112 0.01175129 -0.21865655 -134.32967 -0.010338706 0.99991765 0.0076033666 -12.52984 0.21872791 -0.0051582159 0.97577226 157.07736
0.98041764 0.01353112 -0.19646415 -134.56445 -0.011574715 0.99987137 0.01110292 -12.522489 0.19658913 -0.0086114821 0.98044814 158.17797
0.98478353 0.015344008 -0.17310681 -134.77711 -0.012916737 0.99980195 0.015139667 -12.536936 0.17330484 -0.01267332 0.98478669 159.26206
0.98827547 0.017339821 -0.1516935 -134.94878 -0.014744338 0.99972531 0.01821826 -12.530674 0.15196775 -0.015768039 0.98825967 160.38337
0.99144816 0.018666127 -0.12915927 -135.10635 -0.016398563 0.99969256 0.018597685 -12.52614 0.12946672 -0.016320615 0.99144945 161.51855
0.99406318 0.01861315 -0.10720053 -135.23447 -0.016956464 0.99972262 0.016344992 -12.522026 0.10747504 -0.014430213 0.99410306 162.68139
0.99617065 0.018618338 -0.085424728 -135.35725 -0.017372771 0.99973199 0.01530124 -12.51305 0.085686724 -0.013758582 0.99622713 163.87397
0.99770811 0.017150369 -0.065455191 -135.43296 -0.01607475 0.99972755 0.016924386 -12.513008 0.065727622 -0.015833421 0.99771197 165.01556
0.99882574 0.017485144 -0.045181963 -135.49987 -0.016645172 0.9996828 0.018900743 -12.509395 0.045498118 -0.018126488 0.99879996 166.1994
0.99951522 0.018018606 -0.025390139 -135.52124 -0.01751886 0.99965107 0.019769588 -12.509475 0.025737502 -0.019315199 0.99948212 167.4113
0.99980531 0.01926679 -0.0042584304 -135.56968 -0.019176017 0.99960762 0.020417784 -12.496417 0.004650145 -0.020332149 0.99978247 168.64434
0.9996794 0.019541379 0.016100691 -135.54878 -0.019871283 0.99959048 0.020591346 -12.489759 -0.015691716 -0.020904687 0.99965832 169.89433
0.99907081 0.022054619 0.03702853 -135.51154 -0.022817161 0.99953356 0.020298563 -12.486943 -0.036563585 -0.021124588 0.99910803 171.10461
0.99811566 0.023001059 0.056886591 -135.4753 -0.024111842 0.99953026 0.018917478 -12.471919 -0.056424752 -0.020253472 0.9982014 172.35534
0.99678664 0.023268267 0.076648448 -135.40202 -0.024629094 0.99955453 0.016856812 -12.474191 -0.076222081 -0.018690427 0.99691567 173.62926
0.99519572 0.024986815 0.094663329 -135.28177 -0.026476681 0.99954404 0.014515176 -12.463571 -0.094257486 -0.016951812 0.99540352 174.8762
0.99313544 0.025600331 0.11413426 -135.15231 -0.027197013 0.99955251 0.01245411 -12.46023 -0.11376437 -0.01547273 0.99338727 176.18474
0.99071149 0.025191863 0.13362678 -134.9671 -0.026681109 0.99960012 0.0093655606 -12.469394 -0.13333742 -0.012843879 0.99098747 177.49375
0.98820607 0.026478493 0.15082323 -134.79539 -0.027370851 0.99961796 0.0038433216 -12.478871 -0.15066386 -0.007926154 0.98855328 178.77025
0.98492165 0.028169554 0.17069217 -134.57012 -0.028186682 0.99959998 -0.0023235665 -12.5077 -0.17068936 -0.0025227149 0.98532166 180.0545
0.98194758 0.030987291 0.1865978 -134.35355 -0.030054721 0.99951762 -0.0078253044 -12.521311 -0.18675029 0.0020758941 0.98240522 181.37168
0.97814307 0.032834745 0.20532415 -134.10103 -0.031061151 0.99944717 -0.01185611 -12.558321 -0.20559995 0.0052193681 0.97862221 182.69705
0.97423582 0.035180595 0.22277093 -133.80536 -0.032757985 0.99935723 -0.014561961 -12.586672 -0.22314005 0.0068892576 0.97476205 184.00713
0.97022378 0.034448237 0.23974807 -133.47885 -0.031874003 0.99938514 -0.014607594 -12.621805 -0.24010389 0.006530904 0.97072523 185.33891
0.96600662 0.033353574 0.25635666 -133.14151 -0.030468211 0.99941985 -0.015219936 -12.654691 -0.25671559 0.0068918301 0.96646242 186.67612
0.96096688 0.03320099 0.27466407 -132.77544 -0.02879427 0.99938402 -0.020061602 -12.718867 -0.27516097 0.011369784 0.96133094 188.02233
0.95613872 0.034695235 0.29085215 -132.3803 -0.028835715 0.99928609 -0.024409388 -12.77021 -0.29149143 0.014951831 0.95645658 189.36953
0.95090175 0.036862264 0.30728982 -131.99874 -0.030646077 0.99921681 -0.0250317 -12.811947 -0.30797191 0.01438546 0.95128669 190.70413
0.94519433 0.038484161 0.32423239 -131.55224 -0.032106139 0.99917176 -0.024999809 -12.868998 -0.32492597 0.013219828 0.94564706 192.061
0.93878719 0.042634469 0.34184925 -131.095 -0.035000543 0.99898165 -0.028471593 -12.914825 -0.34271502 0.014763858 0.9393234 193.36717
0.93198957 0.043722034 0.35983859 -130.57105 -0.034463786 0.99889005 -0.03210778 -12.988843 -0.36084303 0.017522717 0.93246194 194.7321
0.92543606 0.044342662 0.37630016 -130.05406 -0.033698223 0.9988251 -0.03482596 -13.043823 -0.37740236 0.019548553 0.92584304 196.06855
0.91841378 0.044475252 0.39311331 -129.52089 -0.031436252 0.99872303 -0.039548328 -13.125333 -0.39437027 0.023963721 0.91863913 197.37992
0.9095851 0.047813052 0.41275761 -128.94678 -0.031921947 0.99846262 -0.045314294 -13.216074 -0.41428969 0.028041181 0.90971301 198.72132
0.89973724 0.051555312 0.4333762 -128.3319 -0.033363734 0.99821755 -0.049483161 -13.303928 -0.43515489 0.030062796 0.89985358 200.05256
0.88757489 0.054236891 0.45745946 -127.68461 -0.034742787 0.9980979 -0.050926705 -13.384415 -0.45935147 0.029307849 0.88777097 201.37173
0.87471311 0.058474963 0.48110044 -126.99932 -0.037412894 0.99787935 -0.05326416 -13.482076 -0.48319486 0.0285915 0.87504587 202.6509
0.86070572 0.063294847 0.50515285 -126.27692 -0.040085227 0.99758642 -0.056696694 -13.595048 -0.50752228 0.028550003 0.86116552 203.97398
0.84529896 0.066566977 0.53013062 -125.54563 -0.041133979 0.99737157 -0.059648511 -13.694946 -0.53270788 0.028614443 0.84581532 205.24911
0.83026006 0.068434342 0.55315906 -124.72761 -0.040893765 0.99723837 -0.061994633 -13.812175 -0.55587405 0.028850912 0.83076573 206.52427
0.81459669 0.069055919 0.57590233 -123.87802 -0.039125595 0.997168 -0.064227513 -13.91467 -0.57870671 0.029786999 0.8149916 207.73821
0.79767658 0.07155066 0.59882597 -123.01974 -0.037646158 0.99690829 -0.068968266 -14.04826 -0.60190936 0.032470875 0.797904 208.96449
0.78180163 0.074191031 0.61909763 -122.10709 -0.035865178 0.99660275 -0.074139408 -14.183739 -0.62249493 0.035758265 0.78180652 210.14847
0.76558808 0.075669951 0.63886533 -121.15963 -0.033938366 0.99642614 -0.077350745 -14.310984 -0.6424353 0.037536764 0.76542009 211.30651
0.74852172 0.077375441 0.65858048 -120.18773 -0.031946529 0.9962235 -0.080735102 -14.455743 -0.66234032 0.039392618 0.7481668 212.49918
0.73297745 0.078090234 0.67575582 -119.15663 -0.029883418 0.99612648 -0.082698331 -14.604583 -0.67959626 0.04042212 0.73247185 213.64264
0.71679215 0.078134016 0.69289541 -118.13509 -0.027603641 0.99610277 -0.083769405 -14.741684 -0.69674033 0.040918817 0.71615543 214.71273
0.70194873 0.078965218 0.70783644 -117.08419 -0.024948113 0.99595103 -0.08636627 -14.898417 -0.71179042 0.042965512 0.7010766 215.79311
0.68688057 0.080338008 0.72231631 -116.00581 -0.02222175 0.99572845 -0.089616074 -15.059167 -0.72643054 0.045504409 0.68573177 216.87894
0.67246027 0.082661767 0.73550267 -114.90962 -0.020078844 0.99541538 -0.093515049 -15.226891 -0.73986085 0.048117113 0.67103704 217.91463
0.65715904 0.085434328 0.74889447 -113.7466 -0.018799054 0.99510431 -0.097025818 -15.39155 -0.75351751 0.049682887 0.65554787 218.93751
0.64111343 0.085590324 0.76265839 -112.60958 -0.017160631 0.99511184 -0.097251972 -15.562575 -0.76725429 0.049261847 0.63944834 219.93308
0.62442677 0.086871776 0.77623737 -111.43119 -0.017464469 0.99510022 -0.097316676 -15.733532 -0.78088812 0.047210566 0.62288438 220.90797
0.60746197 0.087915505 0.78946866 -110.22384 -0.019560963 0.99521072 -0.095775697 -15.909694 -0.79410791 0.042737328 0.60627238 221.86154
0.58890762 0.088669282 0.80332155 -109.04117 -0.021803475 0.99534469 -0.093880545 -16.071527 -0.80790623 0.037771768 0.58809937 222.76266
0.57080278 0.090161742 0.81612192 -107.82975 -0.023528108 0.99534074 -0.093505323 -16.252811 -0.82075006 0.034171295 0.5702646 223.67612
0.55205205 0.093415958 0.82856016 -106.58801 -0.025080967 0.99511501 -0.095483257 -16.43142 -0.83343238 0.03193064 0.55169825 224.52565
0.53420757 0.09735865 0.83972823 -105.3827 -0.027466322 0.99482041 -0.097866966 -16.606677 -0.84490706 0.02921703 0.53411468 225.34711
0.51526072 0.097285339 0.85149392 -104.15757 -0.027791766 0.99491055 -0.096853545 -16.781018 -0.85658279 0.026240309 0.51534206 226.12107
0.49390138 0.096062243 0.86419524 -102.89695 -0.027488495 0.99510683 -0.094904003 -16.956337 -0.86908336 0.023117792 0.49412524 226.86917
0.47232831 0.094213073 0.8763731 -101.64417 -0.027403006 0.99536008 -0.092235505 -17.122093 -0.88099666 0.019550184 0.47271846 227.57084
0.45097924 0.092851613 0.88769152 -100.37939 -0.027840515 0.99555348 -0.089989877 -17.283657 -0.89210016 0.015869778 0.45155898 228.23262
0.4294352 0.091842719 0.89841541 -99.116669 -0.026198968 0.99566362 -0.089261262 -17.44894 -0.90271761 0.014794373 0.42997919 228.89823
