1.000000000000000000e+00 4.398956837314658088e-19 2.733407509747682871e-20 -8.673617379884035472e-19 -5.583667658079949532e-19 1.000000000000000000e+00 -6.100159232558060012e-19 0.000000000000000000e+00 4.145284534913582806e-20 -2.210423569125054137e-19 1.000000000000000222e+00 0.000000000000000000e+00
9.998991742193610310e-01 2.523051268054265421e-04 1.419780805407380719e-02 -7.905142991150312937e-02 -2.495324274631607973e-04 9.999999494503047925e-01 -1.970620691597915189e-04 -1.104406068503067939e-02 -1.419785730218921238e-02 1.934994014626694489e-04 9.998991866130944040e-01 1.437368867984561982e-02
9.995442141446251316e-01 1.658092896060107306e-03 3.014323674441844389e-02 -8.175039784581644708e-02 -1.649360717261486638e-03 9.999985903337330617e-01 -3.145519213712386812e-04 -1.762501775280868321e-02 -3.014371633117399543e-02 2.646915116835648263e-04 9.995455398717614237e-01 1.882553782421197974e-02
9.979577277083900855e-01 5.165516155081094872e-03 6.366860418739170302e-02 6.029733358055421044e-03 -5.244408106022129326e-03 9.999856733573209144e-01 1.072041700209057759e-03 5.788377064007546591e-03 -6.366215548287688930e-02 -1.403756400462646912e-03 9.979705203102674504e-01 4.101098526274749578e-01
9.954012478520229967e-01 4.141929572100213480e-03 9.570371028016756709e-02 3.331225385352360596e-02 -4.444000237475282528e-03 9.999857935841147683e-01 2.943382323770271907e-03 1.191519865631793240e-02 -9.569016104539573853e-02 -3.355153693925437119e-03 9.954055133702016667e-01 5.507908671189010175e-01
9.909092192286632628e-01 1.669928855740736079e-03 1.345218586549553064e-01 1.676534834603045643e-01 -2.334027431597504067e-03 9.999858557837402184e-01 4.779178960987204988e-03 1.198169720298890295e-02 -1.345119773844847266e-01 -5.049710123207619243e-03 9.908991010662637766e-01 8.025014859287060709e-01
9.851068371770387300e-01 -2.496349412724813231e-03 1.719252375810187972e-01 1.629179970563469637e-01 1.499166038482439801e-03 9.999812954394914355e-01 5.929693755272471938e-03 -1.769757333624186191e-02 -1.719368273542905556e-01 -5.583637272261512616e-03 9.850921533886252135e-01 8.922774197837222143e-01
9.764226514368723464e-01 -2.654898578738095361e-03 2.158512375888181622e-01 2.785558557080944908e-01 1.238058668655617851e-03 9.999767956230983801e-01 6.698912001537366163e-03 -5.483908704709675175e-03 -2.158640175590435251e-01 -6.273732776037019114e-03 9.764032807760905097e-01 1.158495890701883191e+00
9.648012945836693666e-01 -2.655098311784976576e-03 2.629665598253764780e-01 3.644874917262576619e-01 -3.321161210988123232e-05 9.999477939342676924e-01 1.021803796878877763e-02 3.334956350380433032e-03 -2.629799658156140030e-01 -9.867109645575061067e-03 9.647508375565924110e-01 1.323795342192650715e+00
9.503696940796880765e-01 -6.135394408413834613e-03 3.110623735860292838e-01 5.296406291406696720e-01 9.632604979791554870e-04 9.998587716804061554e-01 1.677822443208002584e-02 2.395895517880272663e-02 -3.111213891666346210e-01 -1.564588177024098595e-02 9.502413845144207505e-01 1.624257983652156234e+00
9.335152785180563795e-01 -1.584806611782723501e-02 3.581871882805124918e-01 6.369877317301941844e-01 7.434146802098928926e-03 9.996634176392882321e-01 2.485527853621558037e-02 8.326971262531124296e-04 -3.584605430757875077e-01 -2.053996596407924036e-02 9.333188900934863419e-01 1.814212589929321773e+00
9.123698796827021118e-01 -2.154486793178575846e-02 4.087994850512681189e-01 8.092368628601631642e-01 1.018139192924317343e-02 9.994994446396887611e-01 2.995328681848769686e-02 -8.844042845807559283e-03 -4.092402049499795913e-01 -2.316632872285697559e-02 9.121325442245231674e-01 2.042113441090358972e+00
8.875937592888712979e-01 -2.348616293782756007e-02 4.600279508545012108e-01 1.007561404019260642e+00 8.858173912777734041e-03 9.993849172234949840e-01 3.393110590711608671e-02 -7.712007382562807711e-03 -4.605419150166678577e-01 -2.604203004046489953e-02 8.872558595307820095e-01 2.286769983119598670e+00
8.592860186903265030e-01 -2.546565611929189205e-02 5.108610716988768452e-01 1.168204145894322643e+00 6.872991607445267867e-03 9.992445556468058099e-01 3.825022827560988631e-02 2.680294605549071035e-02 -5.114492205748925047e-01 -2.935674227453046597e-02 8.588119004498159237e-01 2.502980907224253038e+00
8.270428284080040271e-01 -3.075891423466588226e-02 5.612967525416269199e-01 1.412661398977543392e+00 7.956644642051386579e-03 9.990423749004145870e-01 4.302353913392433643e-02 2.236724501447208413e-02 -5.620826077365377316e-01 -3.111627042090243586e-02 8.264955684062530450e-01 2.737929683031615991e+00
7.915280583693253824e-01 -3.654515775071641437e-02 6.100391614812975538e-01 1.625073026704615176e+00 1.020409239887022299e-02 9.988615939526581666e-01 4.659820358739622664e-02 2.309434245619836068e-02 -6.110476384629199842e-01 -3.065888930722990985e-02 7.909998873582034795e-01 2.930246289960060757e+00
7.537807952884489904e-01 -4.104986213176652771e-02 6.558425228430107001e-01 1.880822011464779120e+00 1.129576960035990132e-02 9.987088760780541419e-01 4.952763248974256793e-02 3.337044414744998189e-02 -6.570288627060343334e-01 -2.992473178719549584e-02 7.532712597430474277e-01 3.135901218630068765e+00
7.135754434205158203e-01 -4.424945098722257719e-02 6.991795655765199458e-01 2.205145050118708205e+00 1.229911298512362250e-02 9.986407659646220347e-01 5.064930718703793133e-02 4.185428152873393870e-02 -7.004704330521622779e-01 -2.754281290494797751e-02 7.131497554136981831e-01 3.382426808532986495e+00
6.722656206165285031e-01 -4.623421408705638558e-02 7.388648889188841329e-01 2.486995813899854024e+00 1.146073320827070696e-02 9.985782976482928674e-01 5.205799655238196877e-02 5.416459418820942368e-02 -7.402213163176750710e-01 -2.652886748358176602e-02 6.718397359652054091e-01 3.570230648168889243e+00
6.295164353697934034e-01 -4.650718448173103703e-02 7.755940495549277225e-01 2.836479523525807789e+00 7.151500832362217216e-03 9.985115654340662728e-01 5.406948936109878118e-02 8.425610718739685867e-02 -7.769542617051931055e-01 -2.849097018534142364e-02 6.289120364346680869e-01 3.817701664863919042e+00
5.880416373213924741e-01 -4.737958058684405699e-02 8.074417610820378011e-01 3.165865950719104482e+00 4.243226718954538380e-03 9.984498138066800754e-01 5.549742596812549250e-02 1.011581610720693053e-01 -8.088195347557842751e-01 -2.920863822237316360e-02 5.873311044704588868e-01 4.006189925827474241e+00
5.476139717227318515e-01 -4.839772527927953955e-02 8.353302261745380042e-01 3.552149942864170740e+00 2.081901255816535640e-03 9.984015037546261073e-01 5.648099629814334194e-02 1.245128217819003735e-01 -8.367285201478852352e-01 -2.919070707540854723e-02 5.468393709650403167e-01 4.217807331477788857e+00
5.089863355585798610e-01 -5.108216907894943398e-02 8.592575342021441243e-01 3.986945308653433884e+00 1.218722172055043164e-03 9.982793325131406048e-01 5.862498569163413636e-02 1.339511698298750386e-01 -8.607737440095798442e-01 -2.879211981169012974e-02 5.081727930932655735e-01 4.430784336714491900e+00
4.718423504145963232e-01 -5.094816807340161319e-02 8.802096725929563492e-01 4.377545514994026554e+00 -1.760602483960298920e-03 9.982726070480152369e-01 5.872565244893216546e-02 1.577242518804840565e-01 -8.816811842594199922e-01 -2.925894857899983062e-02 4.709375925649311734e-01 4.625115049765170738e+00
4.358654704031023064e-01 -5.029100404176417571e-02 8.986056383200832220e-01 4.830998363271733709e+00 -3.029467391203431292e-03 9.983499579429804260e-01 5.734268711645044980e-02 1.816748693157008154e-01 -9.000067380925433902e-01 -2.771599310045896880e-02 4.349939178349794822e-01 4.795691704150450541e+00
4.023809619249172909e-01 -4.902168240157482593e-02 9.141588604876197399e-01 5.351001313551353888e+00 -1.642352732138245130e-03 9.985250167564123647e-01 5.426871615922997799e-02 2.024555429631704484e-01 -9.154708510846721881e-01 -2.333806878296497411e-02 4.017069445780106496e-01 4.997387702662249076e+00
3.725519293350336714e-01 -4.732842438122362300e-02 9.268036824646134209e-01 5.856619356404398680e+00 2.131805386038906154e-04 9.987030000005329144e-01 5.091436250303360556e-02 2.226304945168738059e-01 -9.280113306959707486e-01 -1.877066668788634693e-02 3.720788176868661257e-01 5.171494319402052398e+00
3.462995527726948075e-01 -4.537140315627346404e-02 9.370261686843305293e-01 6.398551922590920427e+00 1.057915704292916072e-03 9.988480302885679452e-01 4.797388007968620555e-02 2.488652451097464191e-01 -9.381234014024580903e-01 -1.562203769222278438e-02 3.459486239868049817e-01 5.353421644752854647e+00
3.262871220594927846e-01 -4.485646739224117413e-02 9.442058018921717366e-01 6.976619045098221505e+00 2.223205797610214220e-03 9.989070982002128396e-01 4.668689845601267652e-02 2.699216191532830544e-01 -9.452681033651797460e-01 -1.313416906601722924e-02 3.260302461145203612e-01 5.523405239507486186e+00
3.110385651234811033e-01 -4.543794009047424226e-02 9.493104810520803793e-01 7.544972932788718722e+00 3.321196209393738243e-03 9.989023427789334164e-01 4.672343320840633557e-02 3.040969418918507139e-01 -9.503914965516647717e-01 -1.137994237253444132e-02 3.108480583830789956e-01 5.710693413536246155e+00
2.989872902737909510e-01 -4.690992568051065292e-02 9.531033751991827563e-01 8.175051587675074671e+00 4.266361562296504262e-03 9.988467156300266936e-01 4.782297351279909958e-02 3.211049592353504289e-01 -9.542475646198013139e-01 -1.023217676313167152e-02 2.988426062757799651e-01 5.921137335951176972e+00
2.887399824009933558e-01 -4.877398505632447867e-02 9.561643716008686456e-01 8.803668588737187051e+00 3.094240696839843478e-03 9.987438450212187124e-01 5.001157533831936119e-02 3.484169589500797914e-01 -9.574025613596842677e-01 -1.148173778228806646e-02 2.885281973469014938e-01 6.091161067347747426e+00
2.781057992843130600e-01 -5.046243581668962558e-02 9.592240048259468299e-01 9.480524143543947346e+00 1.465394687372617881e-03 9.986402148754740526e-01 5.211116783747120340e-02 3.833649523625787259e-01 -9.605493393752062570e-01 -1.308677534267490769e-02 2.778015811996576434e-01 6.279165250650111219e+00
2.675911202711785397e-01 -5.220173402126042361e-02 9.621174334067100764e-01 1.016852741417793560e+01 8.037109870226248880e-04 9.985430689075467381e-01 5.395455074261065048e-02 4.131332899022536198e-01 -9.635322323814834444e-01 -1.366449344540444748e-02 2.672432122101922602e-01 6.465574928702023882e+00
2.577276087980511221e-01 -5.422381195702657974e-02 9.646948958755457992e-01 1.087375046929544276e+01 -1.466971870696322949e-04 9.984218420991243237e-01 5.615873626428832810e-02 4.392065829951811162e-01 -9.662176124753816264e-01 -1.461517396241789404e-02 2.573129181069297444e-01 6.670389947321643476e+00
2.472251365358723030e-01 -5.587304557671519262e-02 9.673458113764938915e-01 1.160746388748002467e+01 -5.374542924796316947e-04 9.983280430495260482e-01 5.779990970487879770e-02 4.695399452175486044e-01 -9.689579245770084670e-01 -1.480949384847769952e-02 2.467817561904012413e-01 6.839037115640389075e+00
2.363674053163433986e-01 -5.705167619694444942e-02 9.699873916644913274e-01 1.238730252252034525e+01 -1.273158977898758860e-03 9.982557179154344373e-01 5.902457685743112831e-02 4.994749982663531096e-01 -9.716629278921697921e-01 -1.518643335811867452e-02 2.358824766766061676e-01 7.024739171903703117e+00
2.266676589070324155e-01 -6.001216081010823239e-02 9.721215443118137456e-01 1.313126865998962423e+01 -2.332467738413084111e-03 9.980636272777739793e-01 6.215750521833555281e-02 5.332194902381424129e-01 -9.739693777191503754e-01 -1.635653745708291404e-02 2.260887680481322715e-01 7.220687261713534255e+00
2.154096312313887041e-01 -6.350864761025631910e-02 9.744564260705425029e-01 1.390413654774968855e+01 -4.260694192545531368e-03 9.978123327210799420e-01 6.597268456323805708e-02 5.808550183039322690e-01 -9.765144925005654342e-01 -1.836301162683269539e-02 2.146677943425364388e-01 7.378607216089257292e+00
2.022032211399414636e-01 -6.742123051470368111e-02 9.770200708213911955e-01 1.468007589989167094e+01 -4.352725592454550693e-03 9.975557635580836191e-01 6.973917349947406086e-02 6.179863903270735870e-01 -9.793339205933283553e-01 -1.835418491930605744e-02 2.014155211782442667e-01 7.541560701810669620e+00
1.903961307031064309e-01 -6.986104161144394975e-02 9.792184291243171135e-01 1.548028967662930455e+01 -5.186874887901335093e-03 9.973792045375534654e-01 7.216521759955529802e-02 6.593182591734109144e-01 -9.816936521598231824e-01 -1.881906081271201778e-02 1.895347795380410150e-01 7.690405074061448687e+00
1.761007177889520603e-01 -7.042997845532254775e-02 9.818493463240415275e-01 1.630244611538333999e+01 -5.974605329655839105e-03 9.973423036582764745e-01 7.261290086318147874e-02 6.983887309391928477e-01 -9.843540309795620891e-01 -1.865334542493779155e-02 1.752119028599028738e-01 7.844952192837520322e+00
1.619757881816919209e-01 -6.977219627456476836e-02 9.843249809454752697e-01 1.707980081793871463e+01 -7.540187946454737777e-03 9.973805755902650505e-01 7.193839692347300807e-02 7.342489453237044383e-01 -9.867659330826745734e-01 -1.907427302425537124e-02 1.610254080005772137e-01 7.969096087883545287e+00
1.451287092477598073e-01 -6.867039682359264707e-02 9.870268576280757378e-01 1.788721858709385870e+01 -8.940251479484122299e-03 9.974568089213416977e-01 7.071058050536542516e-02 7.738745268143384370e-01 -9.893724004671574646e-01 -1.908640272512205846e-02 1.441456872140713663e-01 8.071435376704929610e+00
1.252046525255236242e-01 -6.732517929734929685e-02 9.898439768066384925e-01 1.870807088751293890e+01 -1.117353329870540354e-02 9.975359495462048365e-01 6.926168838902965752e-02 8.115810982934206219e-01 -9.920680240568646724e-01 -1.973193938774076353e-02 1.241438804297018972e-01 8.177201155497627383e+00
9.990129095414383709e-02 -6.596361883575628526e-02 9.928083984933498973e-01 1.952515787278588633e+01 -1.553455175633678721e-02 9.975750294239000837e-01 6.784348416943142279e-02 8.562893478360147359e-01 -9.948760862777155101e-01 -2.220048424452084751e-02 9.863431662605492978e-02 8.261939249101569516e+00
6.940408924665963930e-02 -6.545823508931039592e-02 9.954387348209053910e-01 2.035899491797796301e+01 -1.958570494685347996e-02 9.975631764340907592e-01 6.696349129654372012e-02 8.950769641072470195e-01 -9.973963554597361503e-01 -2.414390863438913015e-02 6.795291665793599944e-02 8.319751539966487641e+00
3.644110451237615733e-02 -6.533456643334388525e-02 9.971977853702566064e-01 2.120859218253070111e+01 -2.270821243438820441e-02 9.975487782873486697e-01 6.618740072924435280e-02 9.389244644715927235e-01 -9.990777749161984245e-01 -2.505652029540993489e-02 3.486814667980811522e-02 8.335805626345525354e+00
1.729032772702637907e-03 -6.452462757658665449e-02 9.979146083815777502e-01 2.205432874396515430e+01 -2.452129366827796725e-02 9.976133064936415495e-01 6.454763248753166149e-02 9.704227399178615432e-01 -9.996978213036908922e-01 -2.458176129067562651e-02 1.426773665315163092e-04 8.333650626628759994e+00
-3.250495803097289832e-02 -6.351377037893123079e-02 9.974514581572856420e-01 2.288926553943470665e+01 -2.572066472039982385e-02 9.977014696764912038e-01 6.269150511052876129e-02 9.994034422396360640e-01 -9.991405768767631645e-01 -2.361732892708954742e-02 -3.406386218513791225e-02 8.282402125003326177e+00
-6.520334268221063267e-02 -6.157760903934073049e-02 9.959702329266152399e-01 2.372651171901382838e+01 -2.815775590367549513e-02 9.978102834855027137e-01 5.984796540928247893e-02 1.033612950789547957e+00 -9.974746523283294364e-01 -2.414199845239608719e-02 -6.679445452125369609e-02 8.228815693624628835e+00
-9.781957463316068302e-02 -5.850692666442226103e-02 9.934828901889908304e-01 2.454539090842126825e+01 -2.981006711098124762e-02 9.979947563980040570e-01 5.583749744106120821e-02 1.074605304536237149e+00 -9.947576125536714553e-01 -2.415379052694862846e-02 -9.936751935492067755e-02 8.150672811701584308e+00
-1.296288553036544222e-01 -5.414655096991080607e-02 9.900830741466980500e-01 2.537504900048498513e+01 -2.694320497959223903e-02 9.983315648907415962e-01 5.107005254815485257e-02 1.099803245779937155e+00 -9.911964691356744961e-01 -2.005585787185602126e-02 -1.308714609756777281e-01 8.031159125562989942e+00
-1.615864162798860693e-01 -4.867591855963782771e-02 9.856573785839781721e-01 2.622409986519053149e+01 -2.267009354779857613e-02 9.987023449766303518e-01 4.560365130815398349e-02 1.116202225491609301e+00 -9.865981520244516689e-01 -1.497601346286965389e-02 -1.624802218608021598e-01 7.882919283055140447e+00
-1.921888922180606807e-01 -4.257573553301585711e-02 9.804339444971054141e-01 2.708172843031129418e+01 -1.641966041855400307e-02 9.990581062390390121e-01 4.016584516915990000e-02 1.133215093077750035e+00 -9.812205872672181695e-01 -8.378962157267379890e-03 -1.927069511913377386e-01 7.700143384838664673e+00
-2.211204219873280086e-01 -3.696213929432111411e-02 9.745458134295276187e-01 2.788047355876128108e+01 -1.078088249041615071e-02 9.993131089151140456e-01 3.545536524239844417e-02 1.147803067279645761e+00 -9.751869296314066293e-01 -2.666557539841975764e-03 -2.213670221860916387e-01 7.508186207637780996e+00
-2.485933034548463427e-01 -3.030669498645880561e-02 9.681336979644039609e-01 2.870535223776202116e+01 -1.843432627080596317e-03 9.995233750653315097e-01 3.081597706233391021e-02 1.170467346829135558e+00 -9.686062084983171339e-01 5.875957393695575501e-03 -2.485306873954356288e-01 7.286990100504118217e+00
-2.758474623702382722e-01 -1.998141745852429624e-02 9.609937065809066592e-01 2.953735145413137886e+01 4.154180597724896860e-03 9.997497868053045744e-01 2.197968493470326898e-02 1.168156453888691715e+00 -9.611924551875103973e-01 1.005518285331707430e-02 -2.756954366271099355e-01 7.029364869585843500e+00
-2.999197324885938820e-01 -5.046001445670431594e-03 9.539510866772167308e-01 3.030633153422580506e+01 8.349149015693200365e-03 9.999338265142748705e-01 7.914182598553339346e-03 1.159830578057970074e+00 -9.539279119112549221e-01 1.033830042209756689e-02 -2.998577572763191923e-01 6.764543777544744785e+00
-3.243708237967143360e-01 1.168430365121954188e-02 9.458578274770591543e-01 3.106793118876052873e+01 8.893761681061096436e-03 9.999171825926581603e-01 -9.302093546790587628e-03 1.127038755799711689e+00 -9.458881988517471306e-01 5.394907410829913492e-03 -3.244478789879818303e-01 6.475547560460306329e+00
-3.500421512938220459e-01 2.618257399655189374e-02 9.363679562549130919e-01 3.186136860144367233e+01 8.074263305264601717e-03 9.996564960083073048e-01 -2.493383735633477802e-02 1.098747394391909493e+00 -9.366991583828445656e-01 -1.167411659237164783e-03 -3.501333167317171036e-01 6.201229070656738784e+00
-3.744249275503642727e-01 3.703633349364951477e-02 9.265172790005963277e-01 3.260821260542419964e+01 1.184017626496050406e-02 9.993115086818248338e-01 -3.516132558309353201e-02 1.063263435100325616e+00 -9.271816425291581343e-01 -2.195147931890088690e-03 -3.746056572602463053e-01 5.883333458059847310e+00
-3.980845157520124800e-01 4.192953323275215582e-02 9.163899920432602153e-01 3.340636145712916516e+01 1.582457678119530975e-02 9.991201089137632385e-01 -3.884058058346739201e-02 1.014518804915393257e+00 -9.172122519512145855e-01 -9.603489650812612995e-04 -3.983977631445170808e-01 5.537165323134302319e+00
-4.204430382667037613e-01 4.124662878540347188e-02 9.063809091311989530e-01 3.411921298489315291e+01 1.775578806646575802e-02 9.991488990090396927e-01 -3.723183534362073388e-02 9.681294854371410574e-01 -9.071451908386082286e-01 4.396423217083421115e-04 -4.208175664566863872e-01 5.169842904910596282e+00
-4.410146536314663024e-01 3.792269848657569414e-02 8.966983493662852300e-01 3.487876251994126875e+01 2.208426263971452821e-02 9.992629283529944617e-01 -3.139881084933041078e-02 9.372453953762632795e-01 -8.972281616127001369e-01 5.955587174692647534e-03 -4.415270903312735196e-01 4.805769057594887705e+00
-4.590394382907700410e-01 3.666323590227592993e-02 8.876590488610743845e-01 3.560385559408228318e+01 2.916295856124555622e-02 9.992314981062202506e-01 -2.619036065940242783e-02 9.040929198004964418e-01 -8.879371199570309514e-01 1.386435668946172164e-02 -4.597558752934057247e-01 4.386668842984881245e+00
-4.732992154823321140e-01 3.736184664091122404e-02 8.801090449807320581e-01 3.631386285144399295e+01 3.288345193624779561e-02 9.991531549921740529e-01 -2.473158717841857784e-02 8.568577487746333876e-01 -8.802877620521675217e-01 1.723558377175859677e-02 -4.741269921332302850e-01 4.028311679452888150e+00
-4.843769785065348832e-01 4.049851484530182788e-02 8.739215063066102518e-01 3.701487825472793247e+01 3.547006241939495985e-02 9.990157147581874009e-01 -2.663599595573172205e-02 7.994020234370486921e-01 -8.741400516924260344e-01 1.809618824063771725e-02 -4.853366994766740161e-01 3.612256786640347883e+00
-4.940811870372007197e-01 4.318405609025419839e-02 8.683426191738422562e-01 3.769736846570761202e+01 3.685143371999646117e-02 9.989082845873741290e-01 -2.870907095986902427e-02 7.602330582240495183e-01 -8.686344253373536883e-01 1.781505971244185318e-02 -4.951331865955008738e-01 3.216556588239148251e+00
-5.046060190634058529e-01 4.252628932782149401e-02 8.623017260637361181e-01 3.839706266629048059e+01 3.103635539904803578e-02 9.990340665067291015e-01 -3.110753203504942194e-02 7.036705029070546846e-01 -8.627917027995426480e-01 1.106565595665066903e-02 -5.054384654537721344e-01 2.830601367664212997e+00
-5.160676370712398153e-01 4.135000533330780020e-02 8.555491556601946268e-01 3.908216189970474375e+01 2.933508842852174114e-02 9.991013516646538584e-01 -3.059316325714086376e-02 6.904522669108452693e-01 -8.560453601279026659e-01 9.309469671656784781e-03 -5.168168810172201200e-01 2.415363629566256165e+00
-5.247718040400261019e-01 4.259206157282441341e-02 8.501767209544179860e-01 3.976190267671496059e+01 3.151391220532680920e-02 9.990348652994578416e-01 -3.059756852908139188e-02 6.468884238167799117e-01 -8.506594141584981061e-01 1.073565432316120165e-02 -5.256075722497151048e-01 1.995107742410103135e+00
-5.318325683478440924e-01 4.574387517448853108e-02 8.456131527688423022e-01 4.044857842086308608e+01 3.542055017073163226e-02 9.988677924375409800e-01 -3.175716922372951584e-02 6.016940989654635530e-01 -8.461084538065958283e-01 1.306258726290851144e-02 -5.328506979101719221e-01 1.543562341033893448e+00
-5.357813544902011449e-01 4.892746491533447872e-02 8.429379754411060466e-01 4.114777163609902999e+01 3.630771163451562006e-02 9.987313194245241998e-01 -3.489271577831865728e-02 5.683868372347204989e-01 -8.435757831467877166e-01 1.191028343373145247e-02 -5.368780645693148612e-01 1.104906302984936195e+00
-5.352300497598431184e-01 5.030274662807047298e-02 8.432072192477010342e-01 4.185174060949393748e+01 3.524640169247734295e-02 9.986858680052279613e-01 -3.720521673888985831e-02 5.135537793328855960e-01 -8.439706728729179375e-01 9.806671350302428869e-03 -5.362996788303701079e-01 6.692883963854072693e-01
-5.321851371398214070e-01 5.124082711806002971e-02 8.450759400590465154e-01 4.258807353590415090e+01 3.777194641313363216e-02 9.986098973058095130e-01 -3.676347375030347003e-02 4.789703509024311190e-01 -8.457850031736632301e-01 1.235518982470792254e-02 -5.333808121153429394e-01 2.043635524666460312e-01
-5.264424838028670672e-01 5.011471291166581798e-02 8.487324747625267785e-01 4.333309785231008249e+01 3.613040985266992300e-02 9.986781826838970755e-01 -3.655791094204578762e-02 4.320940791262225522e-01 -8.494427094077304785e-01 1.141941574574587351e-02 -5.275572893264066643e-01 -2.388887298987991126e-01
-5.191690189517293996e-01 4.874649144803813727e-02 8.532803150911864032e-01 4.407915163231040623e+01 3.408315935815527109e-02 9.987588307992779635e-01 -3.631991311722165133e-02 3.879037473528701985e-01 -8.539917329720566608e-01 1.022631630466648567e-02 -5.201860779952636182e-01 -6.949691072432002681e-01
-5.119953212214630733e-01 4.806266584324935670e-02 8.576425583335006708e-01 4.486265221962629113e+01 3.217717564860773233e-02 9.988057914608471366e-01 -3.676438839600863068e-02 3.434094759795846552e-01 -8.583853636494620520e-01 8.773321397042697922e-03 -5.129304140875261542e-01 -1.170695994120154459e+00
-5.055394206317858075e-01 4.660912198272139373e-02 8.615436555909558036e-01 4.568064287018636094e+01 2.919847673922397122e-02 9.988920684447951670e-01 -3.690642899101090335e-02 2.926379597650017317e-01 -8.623093153738412564e-01 6.498108641100177121e-03 -5.063402341342794211e-01 -1.633280333941622642e+00
-5.011967926632437953e-01 4.443378031246793952e-02 8.641917615140856102e-01 4.648718731141332228e+01 2.499994373388776669e-02 9.990074368952255313e-01 -3.686656743121757840e-02 2.473516390102658558e-01 -8.649721325918805492e-01 3.127341015864337683e-03 -5.018101664446441568e-01 -2.090483970967359273e+00
-5.000488235875564236e-01 4.160627427801601164e-02 8.649971551534069159e-01 4.732389912342986094e+01 2.036368789312171385e-02 9.991339433631380995e-01 -3.628613227151847309e-02 2.120641092877918465e-01 -8.657577643862740535e-01 -5.303047342134637864e-04 -5.004630113879314779e-01 -2.537202983871659878e+00
-5.001972580633110566e-01 3.910767188409482176e-02 8.650279067628416918e-01 4.816923950454732761e+01 1.770106509473547488e-02 9.992326576101621116e-01 -3.493949377020249408e-02 1.602014880276914355e-01 -8.657305514261508517e-01 -2.164722784161359978e-03 -5.005056841683359625e-01 -3.029297406301729723e+00
-5.012446237432260920e-01 3.786122295803329152e-02 8.644769178138492771e-01 4.902590388779969999e+01 1.611537537419525587e-02 9.992774852453867318e-01 -3.442095475266210985e-02 1.132289781948876972e-01 -8.651555549035222503e-01 -3.321947579724958584e-03 -5.014926161447226249e-01 -3.512432867824207605e+00
-5.017210979169782759e-01 3.729313411299430697e-02 8.642251723529019714e-01 4.990648242057940820e+01 1.611262035779065585e-02 9.992998145796316845e-01 -3.376779552310523597e-02 6.120759067077366500e-02 -8.648793763854475403e-01 -3.017082434063708945e-03 -5.019706914483600402e-01 -4.009014881331522062e+00
-5.015097567451332061e-01 3.652405023678215179e-02 8.643806708357686386e-01 5.076363397097971131e+01 1.588073244521658392e-02 9.993287700400232954e-01 -3.301229583305129861e-02 2.197462143001992219e-02 -8.650062303575062339e-01 -2.828989381849843481e-03 -5.017531582582693828e-01 -4.518584717094934255e+00
-5.018947427733905231e-01 3.585129180213864064e-02 8.641853612094698711e-01 5.165361810558267308e+01 1.622668694996666494e-02 9.993550223925361520e-01 -3.203488439416465883e-02 -3.067631709996802847e-02 -8.647764879611558042e-01 -2.055273825656589795e-03 -5.021527808089614187e-01 -5.021123507753936011e+00
-5.023609112662189569e-01 3.542875252275735909e-02 8.639318866726747315e-01 5.253384699125943058e+01 1.580457286688395982e-02 9.993695178845860561e-01 -3.179280058625639366e-02 -8.380015441270961818e-02 -8.645135872985080239e-01 -2.317384907542600122e-03 -5.026041192137338243e-01 -5.537395842940062707e+00
-5.024990830913269590e-01 3.381953514802215482e-02 8.639160242859991179e-01 5.342040563282210996e+01 1.415663086377520925e-02 9.994225341066322876e-01 -3.088993517351084836e-02 -1.298385885478136048e-01 -8.644618404592385730e-01 -3.292022944452321822e-03 -5.026876789009456781e-01 -6.047751238646531746e+00
-5.025897541578948635e-01 3.324647838859622062e-02 8.638855231883197927e-01 5.434069029630489922e+01 1.383227938064512767e-02 9.994416112853422574e-01 -3.041600979369636984e-02 -1.817120419319442903e-01 -8.644143794365302114e-01 -3.337268071218899273e-03 -5.027689895049325397e-01 -6.559356793353423143e+00
-5.019418103897058669e-01 3.231063986584532116e-02 8.642976501218647689e-01 5.522888046408296958e+01 1.239136744713724599e-02 9.994680462754482742e-01 -3.016750674009261238e-02 -2.316278160145762155e-01 -8.648126301825342921e-01 -4.432502286995642152e-03 -5.020751748019863792e-01 -7.063543543953691106e+00
-5.007179093023967908e-01 3.092025476944294804e-02 8.650580903029717605e-01 5.612213746012455573e+01 1.183378554528657402e-02 9.995129375136686534e-01 -2.887644783634940593e-02 -2.865135636446922707e-01 -8.655296350641279446e-01 -4.222041765674573385e-03 -5.008399332742081711e-01 -7.584478600267171799e+00
-4.985770031991289541e-01 2.878675152335534101e-02 8.663672900273087230e-01 5.702762191413506088e+01 1.234578597646969825e-02 9.995828808950838473e-01 -2.610834669763872906e-02 -3.426835979340621674e-01 -8.667575011723216427e-01 -2.321035197249350906e-03 -4.987244334984975436e-01 -8.098211025338622804e+00
-4.963665247092274302e-01 2.750424436350054277e-02 8.676772303475482895e-01 5.790929687539305348e+01 1.313709689057372329e-02 9.996215071815345299e-01 -2.417145096544747254e-02 -3.865977611923551160e-01 -8.680136532688553785e-01 -5.991383323637803054e-04 -4.965399806885927303e-01 -8.575836160836312061e+00
-4.933282030221098347e-01 2.681114936371836732e-02 8.694299469742767794e-01 5.881029739504897691e+01 1.250405478196159152e-02 9.996401669442271931e-01 -2.373152382942533486e-02 -4.472223234536472081e-01 -8.697533818274207906e-01 -8.360293843882227096e-04 -4.934859365312985746e-01 -9.108476750206797590e+00
-4.915172065879187535e-01 2.725633852537551888e-02 8.704412179648899350e-01 5.969991023384625350e+01 1.325672994871398593e-02 9.996284631136507226e-01 -2.381585229141171267e-02 -4.900624901052443860e-01 -8.707669649531721845e-01 -1.666960860933745943e-04 -4.916959209596884484e-01 -9.597795017354329161e+00
-4.904158374255546682e-01 2.751095901333250673e-02 8.710542117530988282e-01 6.057273166772434791e+01 1.309467705502040565e-02 9.996213954579119543e-01 -2.419907337142081574e-02 -5.387411075376505876e-01 -8.713901814741682461e-01 -4.614342925721133331e-04 -4.905904121116951289e-01 -1.009531605093270201e+01
-4.912296677396003619e-01 2.873062689818675630e-02 8.705561158832167967e-01 6.147488001122044921e+01 1.257590866157651949e-02 9.995856210718017110e-01 -2.589271412360195923e-02 -5.813577212436826791e-01 -8.709393047592336456e-01 -1.771234231447288204e-03 -4.913874274813668230e-01 -1.059338579316616880e+01
-4.936256091982829108e-01 3.077680573682164272e-02 8.691297558507143917e-01 6.236354693478448752e+01 1.178135668685439258e-02 9.995185601965131950e-01 -2.870274263260580092e-02 -6.269795616618655254e-01 -8.695947159781399760e-01 -3.928880252873168631e-03 -4.937505519315073532e-01 -1.109068035276700748e+01
-4.982643518770207280e-01 3.138798600753084367e-02 8.664568173849082067e-01 6.324810573815940273e+01 1.032353709765397240e-02 9.994884299925543836e-01 -3.027049507508044676e-02 -6.831752183644856924e-01 -8.669637089449286904e-01 -6.137808630506847059e-03 -4.983334910364441428e-01 -1.157667609387666552e+01
-5.035689001756425975e-01 2.996116099268981287e-02 8.634353931266871562e-01 6.414276194105639206e+01 1.035024623980759263e-02 9.995359912432045801e-01 -2.864741859282578240e-02 -7.240659734562632233e-01 -8.638930764159522546e-01 -5.489179256661850040e-03 -5.036453464054896356e-01 -1.208249034443104719e+01
-5.087787301431216935e-01 2.783109186245792330e-02 8.604473375287786663e-01 6.498832484394662856e+01 1.328437936336469317e-02 9.996121166388158841e-01 -2.447736729803488831e-02 -7.842359728662484653e-01 -8.607948310835623618e-01 -1.023054070996975247e-03 -5.089511033326038492e-01 -1.259701804199834818e+01
-5.143152549438951837e-01 2.550361982606342767e-02 8.572218910991005192e-01 6.583433511807405125e+01 1.030472277068489838e-02 9.996693379138411606e-01 -2.355902172917872725e-02 -8.311232246103354981e-01 -8.575392954981043703e-01 -3.283329421489591688e-03 -5.144079993268549922e-01 -1.310856038852469929e+01
-5.191044579708958828e-01 2.766768400612270792e-02 8.542628680525162777e-01 6.667820665015101156e+01 1.138760191633594182e-02 9.996110979894722304e-01 -2.545535852935738169e-02 -8.821640090540503465e-01 -8.546349491152490652e-01 -3.485983719473484919e-03 -5.192176469771334624e-01 -1.360411971047156499e+01
-5.237146647417569856e-01 3.003344105293082045e-02 8.513641578038163571e-01 6.751851744681243872e+01 1.180825962389427629e-02 9.995382674163100223e-01 -2.799673110504535822e-02 -9.276295055854171245e-01 -8.518119081485110433e-01 -4.609168749763095652e-03 -5.238274924841805902e-01 -1.413198132410721541e+01
-5.292369948985432559e-01 3.018017844331212160e-02 8.479371126428509875e-01 6.837888062658980459e+01 1.055618497112129073e-02 9.995240493097027334e-01 -2.898692446113502671e-02 -9.751317253508950955e-01 -8.484083816246603682e-01 -6.389970922314745436e-03 -5.293036929250598543e-01 -1.463947937883390438e+01
-5.332648132296688992e-01 3.078900903956231783e-02 8.453878771918734714e-01 6.918816750467684074e+01 9.661926303260372911e-03 9.994939423245988719e-01 -3.030687078784720725e-02 -1.021933368993082958e+00 -8.458931953247504909e-01 -7.993511574324273922e-03 -5.332924328040776762e-01 -1.515087553973374668e+01
-5.364300627733649129e-01 2.955799773248318427e-02 8.434269971890611117e-01 6.997809538476239766e+01 8.957560199201327136e-03 9.995296016656259885e-01 -2.933151021358855123e-02 -1.088150567192809781e+00 -8.438972458503058993e-01 -8.179254917679432829e-03 -5.364424956963586011e-01 -1.566291243687139634e+01
-5.390518860849764504e-01 2.340353310230499501e-02 8.419473414946160306e-01 7.083248093898551190e+01 1.125044062801255559e-02 9.997247795344584853e-01 -2.058622721092493585e-02 -1.124336491698047835e+00 -8.421974253852788639e-01 -1.624765118247603135e-03 -5.391668292181011068e-01 -1.620787693662788342e+01
-5.411648248740315026e-01 1.593768981427685916e-02 8.407654901902772426e-01 7.165565196586344143e+01 1.268567695137927560e-02 9.998613333908297207e-01 -1.078830705168620265e-02 -1.148961570231714413e+00 -8.408208593440164025e-01 4.827428077392786551e-03 -5.412919649494616348e-01 -1.672533056646546257e+01
-5.431779551985517207e-01 1.346448589778589597e-02 8.395096210121761882e-01 7.246496218013683688e+01 1.366535795873354692e-02 9.998807388387290773e-01 -7.194864023023871472e-03 -1.162079187227857524e+00 -8.395063898066746910e-01 7.564108952143786500e-03 -5.432971733648291890e-01 -1.724151231517822680e+01
-5.436220208774384943e-01 1.759019536521980523e-02 8.391457981918545306e-01 7.328378540409356390e+01 1.230218218536218398e-02 9.998399586369695058e-01 -1.298897246619144102e-02 -1.220723376851661435e+00 -8.392399932509858607e-01 3.262233984777161960e-03 -5.437514178364851736e-01 -1.774934595892319322e+01
-5.453563525099919262e-01 2.248721255184267173e-02 8.379025965260525899e-01 7.408506158779022144e+01 1.219998903552942625e-02 9.997471275213745123e-01 -1.889024243633316211e-02 -1.279348998760900580e+00 -8.381155174270789043e-01 -7.951030113488282021e-05 -5.454927918227594486e-01 -1.829130740619160278e+01
-5.457299476929018400e-01 2.797046858508771966e-02 8.374941577758922007e-01 7.487810370942324312e+01 1.884334164821284407e-02 9.995996589723008530e-01 -2.110569178693082540e-02 -1.304457394213734966e+00 -8.377492251009016622e-01 4.263181425728337567e-03 -5.460385278793405961e-01 -1.881953327242106866e+01
-5.454332065122581286e-01 2.925542978348424569e-02 8.376435544363813879e-01 7.565145298367033888e+01 2.289760659297644316e-02 9.995377448853863811e-01 -1.999990308837528222e-02 -1.333266463224615173e+00 -8.378414696922870109e-01 8.271422296474482613e-03 -5.458509577241680288e-01 -1.932603180564420953e+01
-5.454287059601867771e-01 2.590224283246124123e-02 8.377568786665131606e-01 7.644090311765647527e+01 2.219461229212261327e-02 9.996182140271074879e-01 -1.645677167202294969e-02 -1.372799170453305351e+00 -8.378633166519816600e-01 9.617694447733532090e-03 -5.457953603474748894e-01 -1.984479242073673788e+01
-5.444504414491194710e-01 2.085312245634646927e-02 8.385337508339025803e-01 7.726248915941926043e+01 1.997301438020801512e-02 9.997297741798241155e-01 -1.189358154996968640e-02 -1.404863341335781834e+00 -8.385551902029462212e-01 1.027258195653124768e-02 -5.447198177766201521e-01 -2.037413859635817559e+01
-5.435723371991747488e-01 1.517121101806108777e-02 8.392251996712799533e-01 7.805503395731614091e+01 1.865461509080202848e-02 9.998080355705345479e-01 -5.991436679990781722e-03 -1.428573621695250928e+00 -8.391550101743350254e-01 1.239864487716467109e-02 -5.437510049279975499e-01 -2.087110212928138964e+01
-5.433529304750222000e-01 8.572094290064129554e-03 8.394606002117960264e-01 7.887874637546522649e+01 9.795847304967866820e-03 9.999445292958729636e-01 -3.870360462516857052e-03 -1.456970149100649037e+00 -8.394472263756611596e-01 6.120257148206247229e-03 -5.434067624120183515e-01 -2.139795270392254523e+01
-5.415819454750847584e-01 3.521098318004942974e-03 8.406405803489858108e-01 7.967543605086413550e+01 1.497122212630431961e-03 9.999936820687940209e-01 -3.224041780120387099e-03 -1.486385680338035753e+00 -8.406466359628347318e-01 -4.875402008543614743e-04 -5.415837964929129944e-01 -2.186261612781315478e+01
-5.398416971631910810e-01 4.399503281513152120e-03 8.417550555070403284e-01 8.047571924938532106e+01 4.879263204723639953e-03 9.999858969647162921e-01 -2.097296784419808418e-03 -1.506272639877664909e+00 -8.417524258469958331e-01 2.974937179253092385e-03 -5.398555512737711615e-01 -2.236336088421641577e+01
-5.366833274527603725e-01 7.028020860389069292e-03 8.437544666545980787e-01 8.127795146101202306e+01 9.708005019451428769e-03 9.999505559739488847e-01 -2.154119104460833125e-03 -1.527448182611074179e+00 -8.437279018453615054e-01 7.035093790804268499e-03 -5.367250209159525332e-01 -2.288861991854793487e+01
-5.318381937743992260e-01 1.018636265368730830e-02 8.467847191689590325e-01 8.205006175412940195e+01 1.061082054137474882e-02 9.999293149148092974e-01 -5.364293383485966953e-03 -1.554524363985064106e+00 -8.467795214232510803e-01 6.132145582177695245e-03 -5.319086876027914190e-01 -2.336742394969402525e+01
-5.238421731196801767e-01 1.235418298790054610e-02 8.517257414479424416e-01 8.286000119968302613e+01 1.594460111250090711e-02 9.998618473389772054e-01 -4.696371417994267203e-03 -1.578798525400571640e+00 -8.516661078573994903e-01 1.112027083710478981e-02 -5.239667866470147928e-01 -2.385641676933044053e+01
-5.150125524484043815e-01 1.446099360644775671e-02 8.570606379687485399e-01 8.366206802434946610e+01 2.294643138771138707e-02 9.997319526886130348e-01 -3.079613980805704157e-03 -1.609061847974263326e+00 -8.568754542983056943e-01 1.808044437566932311e-02 -5.152063341216386316e-01 -2.435372249085262197e+01
-5.056743107948077354e-01 1.472056891088479799e-02 8.625988539096899332e-01 8.444066849211056081e+01 2.241572309700624530e-02 9.997410495108213224e-01 -3.920362765471052148e-03 -1.626737303165206816e+00 -8.624332084315422531e-01 1.735335141905764225e-02 -5.058733395946622968e-01 -2.480496564411330240e+01
-4.945638561894000751e-01 1.181427854314348429e-02 8.690609882511920459e-01 8.527760542575795455e+01 1.819308486884226375e-02 9.998292466865843497e-01 -3.238688410990240522e-03 -1.654134915098511405e+00 -8.689508710320219542e-01 1.420916316944365564e-02 -4.946943471666340186e-01 -2.527134182590130607e+01
-4.834711158678162701e-01 8.594826712658702739e-03 8.753181108717907888e-01 8.606790571031757509e+01 1.931062472494718060e-02 9.998131722455566583e-01 8.487309051581605696e-04 -1.680178913869138091e+00 -8.751472976267959947e-01 1.731327755065642168e-02 -4.835467627489394293e-01 -2.572933472810477085e+01
-4.722519789737432694e-01 7.277892435561278232e-03 8.814335406624375091e-01 8.687498079335972534e+01 1.908959003573844349e-02 9.998158316058467499e-01 1.972407113373246795e-03 -1.695782813439089987e+00 -8.812568687692337033e-01 1.775767922598022602e-02 -4.723039383073862063e-01 -2.614100801079031910e+01
-4.600204559314243768e-01 6.294852716999638567e-03 8.878859953474516065e-01 8.773416841587942372e+01 1.863090016701536220e-02 9.998231411596391061e-01 2.564357318435891552e-03 -1.715187640174330674e+00 -8.877128379934396962e-01 1.772177329520560618e-02 -4.600563772679071572e-01 -2.655222196383418165e+01
-4.475429701620739498e-01 8.405009679328577510e-03 8.942229203436909968e-01 8.857950198307921141e+01 2.252975931124141448e-02 9.997444071158743117e-01 1.878922026573879699e-03 -1.736447861068755927e+00 -8.939785864668701176e-01 2.098752667682613968e-02 -4.476179454662335133e-01 -2.696876608576372547e+01
