1.000000000000000000e+00 4.398956837314658088e-19 2.733407509747682871e-20 -8.673617379884035472e-19 -5.583667658079949532e-19 1.000000000000000000e+00 -6.100159232558060012e-19 0.000000000000000000e+00 4.145284534913582806e-20 -2.210423569125054137e-19 1.000000000000000222e+00 0.000000000000000000e+00
9.998971700259088324e-01 2.848010588318652687e-04 1.433765247799911706e-02 -9.483347394216075366e-02 -2.809956918281773493e-04 9.999999247629774990e-01 -2.674248251496881535e-04 -7.998395139555761202e-03 -1.433772781067993093e-02 2.633685227817789023e-04 9.998971748043034014e-01 1.746731949322943844e-02
9.995443774207769527e-01 1.696517263215813111e-03 3.013568348470360703e-02 -9.405824304976526107e-02 -1.687678668652763114e-03 9.999985250774510170e-01 -3.187269160552859588e-04 -1.634076597444658607e-02 -3.013618028484945158e-02 2.677223758934168391e-04 9.995457663038507246e-01 1.052851311000935208e-02
9.979532433248552437e-01 5.104988392465405200e-03 6.374373098732317999e-02 -4.142595010310466674e-04 -5.189931596348505358e-03 9.999858511933324978e-01 1.167061578205620589e-03 1.051473173001067629e-02 -6.373687235653917316e-02 -1.495498448795290697e-03 9.979656179286795492e-01 4.217232691848621373e-01
9.954190801278705036e-01 4.162966448435061369e-03 9.551714293982695170e-02 3.350339464182106736e-02 -4.461987742825595897e-03 9.999857902752056216e-01 2.917176848203021765e-03 1.739310049384432122e-02 -9.550364320919187133e-02 -3.330009760520537265e-03 9.954235104684860946e-01 5.417805516420883816e-01
9.908845908986244622e-01 1.710288583461110935e-03 1.347026440077582765e-01 1.591964507918063876e-01 -2.381196984697797614e-03 9.999855500517881302e-01 4.819708679099117890e-03 1.418055895664457888e-02 -1.346924567965291641e-01 -5.096528514942434522e-03 9.908743450135083508e-01 8.155094190035825363e-01
9.851012041493708571e-01 -2.492636855305022450e-03 1.719575647520049655e-01 1.497713943041919515e-01 1.490353912815345046e-03 9.999811432276837220e-01 5.957518775646071865e-03 -1.494303991234115225e-02 -1.719691750905167071e-01 -5.612481179318359534e-03 9.850863429910767799e-01 8.990023995894962372e-01
9.764406222651075273e-01 -2.638761812968250329e-03 2.157701268044195375e-01 2.657127521246195334e-01 1.198547021024528366e-03 9.999761251374592597e-01 6.805338790866610234e-03 -7.205026040287373923e-03 -2.157829367206690052e-01 -6.386398455685353762e-03 9.764204722579563622e-01 1.162241248918196357e+00
9.647863771502026564e-01 -2.632817314458927183e-03 2.630215084392660274e-01 3.464110457750141370e-01 -6.510673384795107152e-05 9.999474838503134011e-01 1.024818518267931779e-02 4.367497934821107375e-03 -2.630346817070498000e-01 -9.904433768214062489e-03 9.647355385030206287e-01 1.326941203540619840e+00
9.503484578741948630e-01 -6.064305195909996428e-03 3.111286415110540715e-01 5.260794743753380853e-01 8.943348015992116972e-04 9.998591949293216263e-01 1.675680377691870365e-02 2.679990637689848298e-02 -3.111864567665926784e-01 -1.564654930281891149e-02 9.502200670780522884e-01 1.620860887397931549e+00
9.334750383546104313e-01 -1.586092721668390035e-02 3.582914763570944627e-01 6.388150236604017707e-01 7.419782570238112572e-03 9.996618602665147124e-01 2.492211730836699571e-02 3.473072876225002936e-03 -3.585656178503079938e-01 -2.060572939846911159e-02 9.332770774866878671e-01 1.805873229444488359e+00
9.123469503067579423e-01 -2.153105325529269115e-02 4.088513833602406278e-01 8.149676240219675405e-01 1.016728624294531771e-02 9.994997533475887819e-01 2.994777648647978241e-02 -3.029860041424622952e-03 -4.092916710593013652e-01 -2.316585331036741247e-02 9.121094636117204058e-01 2.046237114312058125e+00
8.875143298287578864e-01 -2.355568676500327877e-02 4.601776188744588492e-01 9.954021014228299213e-01 9.005704171360385743e-03 9.993884392139094075e-01 3.378823500566026372e-02 6.374524395855035719e-04 -4.606921053204711125e-01 -2.584331902820553167e-02 8.871836957737886387e-01 2.294408672515209080e+00
8.592801775585835466e-01 -2.539013485588601654e-02 5.108746555096920217e-01 1.175524064088832032e+00 6.868675078651647128e-03 9.992499774687454428e-01 3.810910387381331171e-02 3.118898929396533848e-02 -5.114590921224310138e-01 -2.923736529156296948e-02 8.588100939405403089e-01 2.507772242003409424e+00
8.270667131202459332e-01 -3.084793818220879849e-02 5.612566721198217756e-01 1.394288321770021044e+00 8.128593290825266576e-03 9.990449502830880402e-01 4.293149479122888856e-02 2.776397371435083972e-02 -5.620450018940401637e-01 -3.094498279146805364e-02 8.265275728524075216e-01 2.742943782575638423e+00
7.915740826554209519e-01 -3.658818998381484222e-02 6.099768604668643901e-01 1.614480677207214887e+00 1.028074113490574232e-02 9.988619734336792177e-01 4.657321486323719867e-02 2.904973633498832142e-02 -6.109867307785458168e-01 -3.059513529926793235e-02 7.910494031807904225e-01 2.931813159367600452e+00
7.539442693714191179e-01 -4.106971684685432888e-02 6.556533461671638641e-01 1.870657079041747162e+00 1.140841406903024893e-02 9.987119371682945390e-01 4.944001005150276684e-02 4.017857696638825471e-02 -6.568393220199036930e-01 -2.979504700863952471e-02 7.534416812031260458e-01 3.130616647318277934e+00
7.137899577221011871e-01 -4.420468219840546081e-02 6.989634000555793314e-01 2.211189331563822247e+00 1.232578523524294721e-02 9.986444447328908236e-01 5.057022807613302529e-02 4.594600253156426450e-02 -7.002513694962877455e-01 -2.748124774770126233e-02 7.133672324302297030e-01 3.385047139769095104e+00
6.726318840985846537e-01 -4.624067069377237743e-02 7.385310691966207042e-01 2.479364364458189307e+00 1.153065609329046413e-02 9.985794227926231281e-01 5.202096010285766486e-02 5.606177143345038305e-02 -7.398874256637436586e-01 -2.647520812543565152e-02 6.722095428165650866e-01 3.562365478117877959e+00
6.297545640354565988e-01 -4.646933657500609827e-02 7.754029792012219202e-01 2.839215312970533756e+00 7.168173226601081555e-03 9.985142058659919329e-01 5.401849614667773858e-02 8.497160673069517611e-02 -7.767611071048348137e-01 -2.846017108675712171e-02 6.291519775714745633e-01 3.811021609348687722e+00
5.878343127621468156e-01 -4.732530921016828152e-02 8.075958923017299007e-01 3.155358156911396872e+00 4.156336823856882946e-03 9.984509178637952509e-01 5.548413677787158299e-02 1.070460172508472807e-01 -8.089706778412136812e-01 -2.925883830996611756e-02 5.871204079284194632e-01 4.011736186084740474e+00
5.476340886139327013e-01 -4.841070295846027632e-02 8.353162858620898357e-01 3.540584966318030880e+00 2.028248376233594916e-03 9.983987041599127199e-01 5.653241278708351358e-02 1.262747795614309609e-01 -8.367154856722536227e-01 -2.926484686666582999e-02 5.468553521906291959e-01 4.200756708607842782e+00
5.092169944779167956e-01 -5.110225084876979240e-02 8.591196659160383886e-01 3.974833249664325052e+00 1.233482597214602796e-03 9.982779291657881693e-01 5.864856873829550621e-02 1.349288727731463300e-01 -8.606372897435013991e-01 -2.880513812753886238e-02 5.084031192822222600e-01 4.430323648700277062e+00
4.718209047268271394e-01 -5.088108515877178689e-02 8.802250486303643262e-01 4.367189913984313776e+00 -1.848211030680082384e-03 9.982742186345577862e-01 5.869555762445231861e-02 1.584060047536808846e-01 -8.816924815501054891e-01 -2.932063210866696357e-02 4.709126047909168444e-01 4.622352726949396917e+00
4.358745077426605663e-01 -5.024926992561767891e-02 8.986035894486478215e-01 4.821635166992654931e+00 -3.073832612197804036e-03 9.983512358113009189e-01 5.731807280773033170e-02 1.845357435116649070e-01 -9.000022109013844362e-01 -2.774564311624648158e-02 4.350013943649566617e-01 4.790349944471573806e+00
4.025082711178685213e-01 -4.895732250877053715e-02 9.141062620556777985e-01 5.346582138653519500e+00 -1.647990847358137435e-03 9.985284991043786862e-01 5.420443309428560341e-02 2.040071401318680477e-01 -9.154148736141655140e-01 -2.332417067532147406e-02 4.018352973405836526e-01 5.003199696586447587e+00
3.726698543905907490e-01 -4.736983546273448170e-02 9.267541550778686243e-01 5.847693372218145669e+00 2.382942854544528599e-04 9.987011010340625106e-01 5.095148647679316467e-02 2.245907966472363571e-01 -9.279639746457043481e-01 -1.876724204183609357e-02 3.721970805682324746e-01 5.148425025027301594e+00
3.465381194482580196e-01 -4.543336339850381073e-02 9.369349638779583822e-01 6.386852412763228237e+00 1.057537732386348069e-03 9.988446454618739034e-01 4.804431093169442973e-02 2.520183085020888392e-01 -9.380353026809505890e-01 -1.565834025880190328e-02 3.461857912456219322e-01 5.341486003922155668e+00
3.263099085557871204e-01 -4.482792262672688488e-02 9.441992829626291162e-01 6.962243253045485858e+00 2.244481808894453149e-03 9.989087887011608435e-01 4.664969585347501085e-02 2.722179641553593155e-01 -9.452601873479011818e-01 -1.310301901709030881e-02 3.260544496331240771e-01 5.518974305034026528e+00
3.113991323174042369e-01 -4.535689720595038887e-02 9.491961425865066415e-01 7.552065911668974785e+00 3.393717751031187849e-03 9.989069810643996794e-01 4.661894276903536666e-02 3.042634529239925389e-01 -9.502731602673046840e-01 -1.129579364991389542e-02 3.112126943488195407e-01 5.707219935320152260e+00
2.987487088794780199e-01 -4.687869139482633146e-02 9.531797217323790816e-01 8.161026035907948284e+00 4.227166376523112251e-03 9.988479901919843362e-01 4.779982756693505752e-02 3.213230592192744539e-01 -9.543224592235604042e-01 -1.025088660444143686e-02 2.986027101315187893e-01 5.909344959512726092e+00
2.889096302525468452e-01 -4.885562640989491584e-02 9.561089571233855056e-01 8.782074402761377740e+00 3.103969030780106154e-03 9.987395812630106562e-01 5.009604930340164769e-02 3.508319838694304305e-01 -9.573513499142343175e-01 -1.150549759935479317e-02 2.886971281555879010e-01 6.083754476428926417e+00
2.786642580438728478e-01 -5.044692161945207171e-02 9.590627319693559860e-01 9.456380136065243747e+00 1.457331843587623011e-03 9.986405337676989014e-01 5.210528247300747623e-02 3.810603319745810014e-01 -9.603874862884052011e-01 -1.312220634202306176e-02 2.783589399593279778e-01 6.272239101908228420e+00
2.679971044922526691e-01 -5.218741194109043080e-02 9.620052028813932399e-01 1.017381514849777702e+01 6.881347757042153472e-04 9.985419001427802144e-01 5.397777404118402761e-02 4.136262073603467204e-01 -9.634194802309060668e-01 -1.380389703739712780e-02 2.676422485806697060e-01 6.463303578778194947e+00
2.576001022744852098e-01 -5.430306290828109533e-02 9.647244937877433868e-01 1.085355445393307328e+01 -4.236211669868326072e-05 9.984189115409296544e-01 5.621098862413113212e-02 4.473785219108494804e-01 -9.662516245932447623e-01 -1.452082331344427962e-02 2.571905119846499832e-01 6.661441305345207731e+00
2.476540898377818101e-01 -5.594067644170864356e-02 9.672321730872508461e-01 1.157755315049865352e+01 -5.466191196482549867e-04 9.983234659562727487e-01 5.787882589180110698e-02 4.718092723890731643e-01 -9.688483728550643104e-01 -1.486263466794096079e-02 2.472083097300331045e-01 6.842827318055951125e+00
2.364963281051542243e-01 -5.704099660916721326e-02 9.699565946684284290e-01 1.237119898644593441e+01 -1.324495034353797554e-03 9.982554410535038336e-01 5.902812954775832344e-02 4.995030303901534241e-01 -9.716314883609565856e-01 -1.524463770700839119e-02 2.360081944479171800e-01 7.028522171774058691e+00
2.266928878035947836e-01 -5.998632351418067138e-02 9.721172560783947203e-01 1.312856061646142436e+01 -2.274394422609053550e-03 9.980662251284356801e-01 6.211793093318520448e-02 5.362217822460391137e-01 -9.739636433070290034e-01 -1.629267033823153868e-02 2.261180808757809468e-01 7.220738521450092762e+00
2.155966111608836611e-01 -6.354719127301247661e-02 9.744125612889451560e-01 1.389664703798678147e+01 -4.236308335014967417e-03 9.978099428633858681e-01 6.601038985133513004e-02 5.885822050273880057e-01 -9.764733338665059215e-01 -1.835952754676067195e-02 2.148552354069940273e-01 7.376847897583608926e+00
2.029031440258019237e-01 -6.748672242270262189e-02 9.768704316327926351e-01 1.468476498347736481e+01 -4.074063838491993883e-03 9.975553483340161565e-01 6.976194494080045772e-02 6.215972711859059086e-01 -9.791903456573245457e-01 -1.813474959186519783e-02 2.021321699371323999e-01 7.565031949007225087e+00
1.905428377084854852e-01 -6.983102336341373562e-02 9.791920336857257157e-01 1.547618078848908851e+01 -5.347807223310176335e-03 9.973781097199297951e-01 7.216860228623038498e-02 6.621142632568125519e-01 -9.816643239436765311e-01 -1.898773963605240866e-02 1.896698110759895695e-01 7.695387117508727393e+00
1.764523417095984759e-01 -7.053378793779467582e-02 9.817787629680848616e-01 1.627919164397408736e+01 -5.930867381273747206e-03 9.973349562978542915e-01 7.271732740708471143e-02 6.973324810129637452e-01 -9.842913252365770305e-01 -1.865394146951356025e-02 1.755637605945832569e-01 7.826539798054040098e+00
1.621530864419546691e-01 -6.980330518643308724e-02 9.842935835344434059e-01 1.706776972199378761e+01 -7.376373779701771334e-03 9.973812066862761672e-01 7.194663028611315847e-02 7.346772673729973224e-01 -9.867380517393458117e-01 -1.892688466510178760e-02 1.612135443788757783e-01 7.968430992682099756e+00
1.455708339929689676e-01 -6.864997159424376938e-02 9.869631690293869664e-01 1.787594903636377097e+01 -8.834124274108474256e-03 9.974597054672643681e-01 7.068305435376576185e-02 7.749200719813729155e-01 -9.893083986744862779e-01 -1.900834558204326369e-02 1.445945774405784090e-01 8.079622506895825396e+00
1.243575854635757122e-01 -6.732495055512563442e-02 9.899507690624488321e-01 1.867732366695420154e+01 -1.124192293092524976e-02 9.975357840183043390e-01 6.925300523350673421e-02 8.175868083080486404e-01 -9.921737888724390109e-01 -1.974108589233173477e-02 1.232942782261842590e-01 8.176468257015830687e+00
1.001223094240328015e-01 -6.588762442130205454e-02 9.927911800413189436e-01 1.951969185875080015e+01 -1.543667727766926887e-02 9.975820629112868154e-01 6.776235477626062209e-02 8.571542905373166210e-01 -9.948553912150359668e-01 -2.210991964453445230e-02 9.886313259772212814e-02 8.286007112279374809e+00
7.001773406305301928e-02 -6.542206118085558408e-02 9.953981383129504312e-01 2.034061205874127509e+01 -1.966558750839207670e-02 9.975626694722761201e-01 6.694762972387756361e-02 9.010781603645607873e-01 -9.973518932206134613e-01 -2.426260968536805840e-02 6.856051304360220866e-02 8.350978345739564546e+00
3.649809929610794978e-02 -6.536160242572416901e-02 9.971939292298017676e-01 2.119202851606225479e+01 -2.265461770749548423e-02 9.975482314799744010e-01 6.621400272896281469e-02 9.425749355471777502e-01 -9.990769111464185004e-01 -2.500773165161445169e-02 3.492787089743257245e-02 8.348961412820655070e+00
1.686794223903242658e-03 -6.456503594098159104e-02 9.979120670674141991e-01 2.204354488854958660e+01 -2.441707908944726682e-02 9.976133160198362715e-01 6.458697968207870177e-02 9.751115178890953361e-01 -9.997004442785838441e-01 -2.447504195986555803e-02 1.062773969215686641e-04 8.335936799874964720e+00
-3.226362318965422804e-02 -6.355279878448023834e-02 9.974568076312482212e-01 2.287611015689245519e+01 -2.546924312498232215e-02 9.977045718727715062e-01 6.274476009598235760e-02 1.002738660981832286e+00 -9.991548396148864919e-01 -2.338009578064091307e-02 -3.380820743786542432e-02 8.291310151658455752e+00
-6.494003521219371411e-02 -6.169529482066427734e-02 9.959801529806756593e-01 2.370461608538579057e+01 -2.789421189475043902e-02 9.978091667568174117e-01 5.998982987674894574e-02 1.034382077636284203e+00 -9.974992340460172580e-01 -2.388633890694957101e-02 -6.651870544176322064e-02 8.237986526005757426e+00
-9.719477872652877715e-02 -5.837607034591695693e-02 9.935519071217889797e-01 2.455110817017843772e+01 -2.980745751651462869e-02 9.980013140338303002e-01 5.572156389446167313e-02 1.075254459574809029e+00 -9.948189320090847776e-01 -2.419941033455418056e-02 -9.874056051083823782e-02 8.166379096247379010e+00
-1.291824166521102768e-01 -5.404733948649871611e-02 9.901468432217306326e-01 2.539424060136160222e+01 -2.691105237248563736e-02 9.983368629180428000e-01 5.098336413222280539e-02 1.103006573871811780e+00 -9.912556256282493150e-01 -2.005973847724507042e-02 -1.304220407519135483e-01 8.049189623144100025e+00
-1.607714433948188859e-01 -4.861548753107070714e-02 9.857936195209818786e-01 2.622945827997184409e+01 -2.278986784751689532e-02 9.987027353105462080e-01 4.553535355061450601e-02 1.114833131283975654e+00 -9.867285247541852655e-01 -1.514532086800092665e-02 -1.616708221930206191e-01 7.905743946405654476e+00
-1.919635058505273773e-01 -4.260723694882701668e-02 9.804767303971746450e-01 2.708167196377667807e+01 -1.643101371749621648e-02 9.990566392462575385e-01 4.019767872066084408e-02 1.143580880150484758e+00 -9.812645161366398971e-01 -8.393738286531889775e-03 -1.924824964800448401e-01 7.705160549948773863e+00
-2.208231297347406641e-01 -3.682962386778450975e-02 9.746182367532763013e-01 2.789388016141266746e+01 -1.089953893331630126e-02 9.993175540761306541e-01 3.529342953088347029e-02 1.142527204810643404e+00 -9.752529731300263460e-01 -2.829282817933295117e-03 -2.210738571742870417e-01 7.528233848025980279e+00
-2.482346902677499689e-01 -3.033291314584242448e-02 9.682248893428566650e-01 2.868803071515126746e+01 -2.136700315554200449e-03 9.995243410508627413e-01 3.076566507207090240e-02 1.174955062593245447e+00 -9.686975735342213678e-01 5.568300013484241487e-03 -2.481814289182799338e-01 7.284934805920783241e+00
-2.755208590185343476e-01 -1.993683316544399980e-02 9.610883219320580650e-01 2.953673950999581166e+01 4.168651074658077244e-03 9.997507321229600619e-01 2.193389959275130266e-02 1.171143833214756125e+00 -9.612860626365873351e-01 1.004968985342278957e-02 -2.753690721664636687e-01 7.061849978342469747e+00
-2.999779775545512450e-01 -5.031524743191867315e-03 9.539328490941277883e-01 3.031225055809493085e+01 8.627421694442883107e-03 9.999308840359352191e-01 7.987160226898088952e-03 1.166083584356332414e+00 -9.539071212256157173e-01 1.062595424912838454e-02 -2.999138365415690566e-01 6.783654002614635914e+00
-3.244770452158546314e-01 1.169000821143834773e-02 9.458213229352965268e-01 3.107617256587528942e+01 8.737172456960765748e-03 9.999180113681295223e-01 -9.361214908629201040e-03 1.125790245911197918e+00 -9.458532253995205474e-01 5.226305713088331972e-03 -3.245525807343775382e-01 6.479520529752230473e+00
-3.493644960502265140e-01 2.618306538159217989e-02 9.366209907661772194e-01 3.183925998946487468e+01 7.828257113572606105e-03 9.996561692592220716e-01 -2.502522003482663890e-02 1.099733064200016264e+00 -9.369542048706648307e-01 -1.410812474830014070e-03 -3.494493428825848347e-01 6.185328216841226912e+00
-3.743411580373821601e-01 3.713308168754943239e-02 9.265472552974028941e-01 3.260716131438881149e+01 1.175527495843992076e-02 9.993076308528909824e-01 -3.529975077258130228e-02 1.059876146406040220e+00 -9.272165471448968743e-01 -2.322330879608521925e-03 -3.745184866594380990e-01 5.887516730659111630e+00
-3.978632190160041882e-01 4.188620420588713700e-02 9.164880740109110357e-01 3.341344996006818491e+01 1.597495563188708334e-02 9.991220930786779419e-01 -3.872781791771312543e-02 1.015278745565024732e+00 -9.173056599580780013e-01 -7.675170234544910659e-04 -3.981830636876529939e-01 5.545774138569847800e+00
-4.204767643646704633e-01 4.110782487367568155e-02 9.063715698401171306e-01 3.412064244444563599e+01 1.792950247619546841e-02 9.991544751906098476e-01 -3.699821091972998327e-02 9.622675469444645913e-01 -9.071261418722518233e-01 6.939042572151713243e-04 -4.208582849537980120e-01 5.186608301905192064e+00
-4.409574633746776717e-01 3.797931275568330878e-02 8.967240784268232234e-01 3.488009333993589678e+01 2.212218703772690295e-02 9.992606791587558268e-01 -3.144366211921360149e-02 9.364250413256478556e-01 -8.972553358440630289e-01 5.972181306870929726e-03 -4.414716410558207071e-01 4.822535553339153402e+00
-4.589835901477122837e-01 3.659052742396008001e-02 8.876909276742065424e-01 3.560051690252599599e+01 2.918069680406995547e-02 9.992333363464022122e-01 -2.610031454188889433e-02 9.004335878297522466e-01 -8.879654069647073822e-01 1.392382482111827885e-02 -4.596994424491892550e-01 4.402402414445003132e+00
-4.730585408959344651e-01 3.736795642295135528e-02 8.802381715944539442e-01 3.629440761123832004e+01 3.271812114217254736e-02 9.991560706375173240e-01 -2.483286136833361829e-02 8.521610297000827838e-01 -8.804232812943012521e-01 1.705234306708455772e-02 -4.738819234688293469e-01 4.028122852962781941e+00
-4.844334038348386273e-01 4.065729804736326752e-02 8.738828568879409842e-01 3.700323837979163244e+01 3.542591013785988813e-02 9.990118026413437047e-01 -2.684069702129752294e-02 8.000265638478559760e-01 -8.741105735242918895e-01 1.795556644121644105e-02 -4.853950110438584598e-01 3.620970273413730567e+00
-4.943323076489083978e-01 4.347912529993221836e-02 8.681849581975120689e-01 3.770778345897834072e+01 3.685099453398955199e-02 9.988986508296825440e-01 -2.904289090743701965e-02 7.621751562161416249e-01 -8.684915579579944866e-01 1.763664095830265802e-02 -4.953901254051005787e-01 3.242321340243679018e+00
-5.045058238601478617e-01 4.258507287589557294e-02 8.623574501268440606e-01 3.840175814494623552e+01 3.081595200698926396e-02 9.990346834804039178e-01 -3.130620149549932091e-02 6.953173422998183417e-01 -8.628581940542184858e-01 1.078020584436297120e-02 -5.053311168318825874e-01 2.839114928691785167e+00
-5.159103445762621698e-01 4.133297391492946060e-02 8.556448377382113168e-01 3.908230928968670526e+01 2.910519430247163544e-02 9.991043675814108571e-01 -3.071400810653394584e-02 6.869882721710404150e-01 -8.561480106085911368e-01 9.058035756561602300e-03 -5.166512839895808229e-01 2.405205543642488841e+00
-5.246128438345546430e-01 4.282567576888626076e-02 8.502630842589865567e-01 3.976933468111065650e+01 3.156002732547807943e-02 9.990257720127930785e-01 -3.084593126456932830e-02 6.451444216557676858e-01 -8.507557467548245711e-01 1.065215546700387823e-02 -5.254533320158708554e-01 2.004508132128952624e+00
-5.315086394095314137e-01 4.590803106440976417e-02 8.458079013100078258e-01 4.044572325309730587e+01 3.534582475260414358e-02 9.988625627484133407e-01 -3.200395839224468714e-02 5.997531850138616560e-01 -8.463151012742163859e-01 1.288539850364538164e-02 -5.325267400971069875e-01 1.541529938655819665e+00
-5.355821550369677109e-01 4.926057057813060941e-02 8.430451580268013556e-01 4.116235324364737380e+01 3.648885289522672826e-02 9.987148002596996088e-01 -3.517543594923587535e-02 5.679990544516168027e-01 -8.436944532703035682e-01 1.192241598236514107e-02 -5.366912878930580888e-01 1.118460775607239555e+00
-5.350367442950966224e-01 5.045835951747984494e-02 8.433205934171260632e-01 4.184631002340301364e+01 3.546547853613131462e-02 9.986763303182875084e-01 -3.725301373174930847e-02 5.178751319686490939e-01 -8.440840560971422102e-01 9.977038221421166697e-03 -5.361180634342805895e-01 6.706120136684508015e-01
-5.322272445742212144e-01 5.137618310569324470e-02 8.450412031175584815e-01 4.258096388359851403e+01 3.797622033283657578e-02 9.986010306402604009e-01 -3.679386128567513348e-02 4.835181369110868044e-01 -8.457493591737585970e-01 1.250877653319548526e-02 -5.334337494084948617e-01 2.117557564923442659e-01
-5.264837458331035336e-01 5.035925874156965687e-02 8.486924044393087119e-01 4.333138535765878174e+01 3.640154129484150097e-02 9.986639846919614927e-01 -3.667660572487593112e-02 4.369160121561493360e-01 -8.494055597876873920e-01 1.158407585793053141e-02 -5.276135113232865992e-01 -2.188658226228331061e-01
-5.191111845336414676e-01 4.888595360220183983e-02 8.533075227733732948e-01 4.408391032963806566e+01 3.403095137072040255e-02 9.987534701133431447e-01 -3.651575311488051284e-02 3.904157541630527417e-01 -8.540289716501497930e-01 1.008313196649744670e-02 -5.201277336410728980e-01 -6.929497189421003345e-01
-5.119219059950523842e-01 4.831565240388477345e-02 8.576721672992643208e-01 4.487630255530322643e+01 3.235997639639712209e-02 9.987930118423953285e-01 -3.695066122084982724e-02 3.430428776322505535e-01 -8.584222773228105119e-01 8.838399170292120938e-03 -5.128675168980308952e-01 -1.155457513734588604e+00
-5.059890089511186462e-01 4.663334239640654078e-02 8.612783758802683431e-01 4.568116448697229259e+01 2.930345026487250412e-02 9.988903809711295878e-01 -3.686888325507371722e-02 2.916007707436749641e-01 -8.620420191915986186e-01 6.583179336218915323e-03 -5.067940729625797225e-01 -1.597083836443497606e+00
-5.011959696505796646e-01 4.436654014385126715e-02 8.641956934625145692e-01 4.648863101236401008e+01 2.503195749455331895e-02 9.990101843364649348e-01 -3.677026854457023791e-02 2.429940949782183612e-01 -8.649716836019190058e-01 3.203400424720066753e-03 -5.018104605947141250e-01 -2.071775979017072000e+00
-4.998714797890329575e-01 4.168259857258263534e-02 8.650959779822234852e-01 4.732372652370298027e+01 2.051454419915384880e-02 9.991308260411196907e-01 -3.628699340897808406e-02 2.074089595276846498e-01 -8.658566102559068778e-01 -3.917824896018844497e-04 -5.002921052459246010e-01 -2.531393929653453334e+00
-5.001342761442163498e-01 3.900418258536648974e-02 8.650689949467044171e-01 4.816184938520453329e+01 1.766146298262529293e-02 9.992367394697668770e-01 -3.484266327828743071e-02 1.553816767015802902e-01 -8.657677465142624706e-01 -2.147625234254742568e-03 -5.004414155370580097e-01 -3.028323723432602588e+00
-5.011778548957390722e-01 3.784004285829753456e-02 8.645165558771819025e-01 4.901761977984433116e+01 1.637270226445522794e-02 9.992792776874236393e-01 -3.424704034799536806e-02 1.142583699310310563e-01 -8.651894039566605521e-01 -3.009385141895418430e-03 -5.014361898063330880e-01 -3.495521255134816929e+00
-5.017591617315014796e-01 3.745562947290274891e-02 8.641960459962502172e-01 4.989385931922296180e+01 1.639151052443115972e-02 9.992943942967313919e-01 -3.379396214651999436e-02 6.468986293691927902e-02 -8.648520534327471809e-01 -2.790950628904994863e-03 -5.020190731673271900e-01 -4.001603534686714703e+00
-5.014900775896364848e-01 3.681187969307042618e-02 8.643798783309621925e-01 5.077595954638795916e+01 1.613510071196403578e-02 9.993185620140485614e-01 -3.319744128041497711e-02 2.069363250404271382e-02 -8.650129322357108519e-01 -2.701330105629822214e-03 -5.017423078049288998e-01 -4.498099584022315689e+00
-5.018094708008521421e-01 3.599400566681670161e-02 8.642289471231590081e-01 5.165015064680615353e+01 1.634386862342679034e-02 9.993500063197612304e-01 -3.213164788164156460e-02 -3.214685291349436702e-02 -8.648237654561476973e-01 -1.999119932613897723e-03 -5.020715803332149729e-01 -5.008870077058738879e+00
-5.021389234075623875e-01 3.545389731574965370e-02 8.640598991064840639e-01 5.252326526614046998e+01 1.582117366712838466e-02 9.993686585455819893e-01 -3.181155057610560166e-02 -8.662498615620940756e-02 -8.646422406882376954e-01 -2.303375123707498539e-03 -5.023828257728536473e-01 -5.519913419360500839e+00
-5.020447173516219275e-01 3.406924496459801111e-02 8.641703389974879634e-01 5.343294579306184033e+01 1.422595550121182918e-02 9.994138995931145519e-01 -3.113646515762514069e-02 -1.322082618334431414e-01 -8.647246592371496954e-01 -3.338248157878392040e-03 -5.022351375181955957e-01 -6.026770442416124141e+00
-5.023527773432882038e-01 3.361515846747063080e-02 8.640090825317460199e-01 5.433858848428785393e+01 1.393966219687012460e-02 9.994290064811360841e-01 -3.077899925157801669e-02 -1.816443319852333871e-01 -8.645503948478052703e-01 -3.417920109433785891e-03 -5.025345223335530020e-01 -6.541704583214452917e+00
-5.015435973425635963e-01 3.241966025699522663e-02 8.645247087614327253e-01 5.523260672921495029e+01 1.242476492486200255e-02 9.994644776738248471e-01 -3.027181957598832837e-02 -2.352849416381548042e-01 -8.650431535571995179e-01 -4.441120115422473452e-03 -5.016778174234007848e-01 -7.055364655377371008e+00
-5.004084465639455637e-01 3.118189748038262266e-02 8.652277517058697409e-01 5.613530210152681832e+01 1.201483895408540434e-02 9.995051008267255011e-01 -2.907227275379976189e-02 -2.894050082398106349e-01 -8.657060948199948314e-01 -4.152437852712929055e-03 -5.005354415319416272e-01 -7.565766412662700446e+00
-4.985610221762247218e-01 2.902877613571896998e-02 8.663684110898000057e-01 5.702171842569534022e+01 1.248229897613308340e-02 9.995759247373748879e-01 -2.630898847505674931e-02 -3.427993097476421114e-01 -8.667647384197544325e-01 -2.302365737788215731e-03 -4.987119418618867206e-01 -8.070219716722917269e+00
-4.961724242073517477e-01 2.773334738456819173e-02 8.677809477452620435e-01 5.791511966000108913e+01 1.322052237338429588e-02 9.996151595696701753e-01 -2.438750751622054472e-02 -3.922496708329199500e-01 -8.681233527993218457e-01 -6.278903544652805670e-04 -4.963481275590467812e-01 -8.568527366967588321e+00
-4.932939254539372986e-01 2.714391438246760782e-02 8.694390705190445656e-01 5.880306589720538568e+01 1.270914652444240026e-02 9.996312254286275900e-01 -2.399772322138845476e-02 -4.482887035069805792e-01 -8.697698507010113156e-01 -7.881016130019418862e-04 -4.934569884067719903e-01 -9.101433739567481140e+00
-4.911180614479983553e-01 2.759539932012423924e-02 8.706558045197132500e-01 5.972407116642146718e+01 1.332958604949091574e-02 9.996191401749630057e-01 -2.416395471912282517e-02 -4.933742480855957124e-01 -8.709910357615793242e-01 -2.618721917852486684e-04 -4.912988507842558361e-01 -9.604547852504369487e+00
-4.901512840935565163e-01 2.777869032383035314e-02 8.711946104848415917e-01 6.057820445320133729e+01 1.308720533737056657e-02 9.996139102418108990e-01 -2.451031382707036244e-02 -5.418051602727260718e-01 -8.715391306746881339e-01 -6.122581016404252075e-04 -4.903255883532443571e-01 -1.009027288960441027e+01
-4.905119665358054770e-01 2.895337605518706961e-02 8.709533276703299576e-01 6.150577109232355610e+01 1.251842828235585556e-02 9.995788840973205414e-01 -2.617906409634178713e-02 -5.878415110725025983e-01 -8.713445427453638814e-01 -1.938176517393500227e-03 -4.906678561338199129e-01 -1.060544795085258407e+01
-4.936468818845471951e-01 3.060406667402585171e-02 8.691237733727321668e-01 6.235342432684983294e+01 1.161757175133916464e-02 9.995235026196107597e-01 -2.859719768208959442e-02 -6.314244582218914159e-01 -8.695848437679668530e-01 -4.019808765195985283e-03 -4.937672066023735540e-01 -1.106846152878236289e+01
-4.977632904320591911e-01 3.138647744668494888e-02 8.667448195018491175e-01 6.324833144512057004e+01 1.037852268755896749e-02 9.994889921536703747e-01 -3.023310783993531092e-02 -6.860040637782913731e-01 -8.672508318654085224e-01 -6.053399582592904581e-03 -4.978346759733590088e-01 -1.157216246082062661e+01
-5.033003478699648037e-01 3.038069647161981829e-02 8.635773037823071263e-01 6.413517695409201735e+01 1.078119373511943549e-02 9.995247439476147022e-01 -2.887995978314376877e-02 -7.189037097222092942e-01 -8.640442916892105973e-01 -5.224898699779227142e-03 -5.033886927234721975e-01 -1.206403218281696965e+01
-5.086698107384425294e-01 2.821608959877844672e-02 8.604991937883500475e-01 6.497753245221667839e+01 1.363865839827531866e-02 9.996014975354301502e-01 -2.471503788010770766e-02 -7.797162407674469442e-01 -8.608536593656525016e-01 -8.357381570884831043e-04 -5.088519353837375192e-01 -1.259040326738590032e+01
-5.141409157153116194e-01 2.585603808283531632e-02 8.573159107069578955e-01 6.585115624911519205e+01 1.064210652188843712e-02 9.996608829369756366e-01 -2.376688189749515470e-02 -8.345656517973918387e-01 -8.576397125027296342e-01 -3.095878271629441420e-03 -5.142417256758297084e-01 -1.308028370913179650e+01
-5.191736444454041477e-01 2.784227863728697128e-02 8.542151492404107538e-01 6.666977570858716717e+01 1.169191263230365437e-02 9.996070823787190918e-01 -2.547508617772365966e-02 -8.844525519269473834e-01 -8.545888122965669131e-01 -3.238583538150250664e-03 -5.192951826634778500e-01 -1.357840770577992195e+01
-5.239701992630277916e-01 3.026778111372524505e-02 8.511986128721947820e-01 6.748843648242730353e+01 1.212423480853990453e-02 9.995321743961415040e-01 -2.807908926905244157e-02 -9.243746507665834278e-01 -8.516503068359888573e-01 -4.392473261603795955e-03 -5.240920474716511679e-01 -1.412931421148326550e+01
-5.291790625131894688e-01 3.051595534923268183e-02 8.479612510035077211e-01 6.837198097794542662e+01 1.094094840219883742e-02 9.995153968776403497e-01 -2.914218645205141414e-02 -9.768342485087722071e-01 -8.484396426780576039e-01 -6.143933744028241654e-03 -5.292564953736691447e-01 -1.463637723179313532e+01
-5.333067272903054823e-01 3.085099622128527688e-02 8.453591767227618403e-01 6.917841936638305356e+01 9.851987529669477966e-03 9.994934831617534599e-01 -3.026079045559773584e-02 -1.022251588840770831e+00 -8.458645782352162135e-01 -7.809814205469754918e-03 -5.333405432728816065e-01 -1.512610845570566376e+01
-5.362734276518066334e-01 3.000310705464046684e-02 8.435108839984259976e-01 6.998388744954998231e+01 9.378272568641517551e-03 9.995181293688901736e-01 -2.958981324203036056e-02 -1.091712697710417679e+00 -8.439922218161509671e-01 -7.957554737850256951e-03 -5.362963917397911562e-01 -1.564428690811370082e+01
-5.387358908953866488e-01 2.374827045250898702e-02 8.421399210402679136e-01 7.083128855614820907e+01 1.196231254271943288e-02 9.997174785385956053e-01 -2.053938076462960213e-02 -1.113004105264979726e+00 -8.423897877922159605e-01 -9.913597389852545332e-04 -5.388677718625246582e-01 -1.619275865901350286e+01
-5.409817015438659338e-01 1.616218989484720717e-02 8.408790456075743158e-01 7.164770462732279555e+01 1.283360972321700294e-02 9.998575638846808333e-01 -1.096131299895690935e-02 -1.148285086452232928e+00 -8.409364474490306218e-01 4.861644711956581398e-03 -5.411120666317672523e-01 -1.671977521942881140e+01
-5.428987304970817052e-01 1.385195932766260761e-02 8.396839160118391154e-01 7.246010386705594897e+01 1.354629613787902524e-02 9.998783167267580874e-01 -7.736250898662224568e-03 -1.177865982648763410e+00 -8.396889173016850449e-01 7.174607192276701018e-03 -5.430203127263922847e-01 -1.724028507014033096e+01
-5.436383725671004585e-01 1.797767798650366095e-02 8.391269928601157169e-01 7.327163930804596248e+01 1.223194129166853793e-02 9.998341036824912598e-01 -1.349609962858193749e-02 -1.240032810312615474e+00 -8.392304278479881807e-01 2.927155428006367188e-03 -5.437680880449068388e-01 -1.772913823498062413e+01
-5.452322663905418976e-01 2.279005019781067329e-02 8.379751646159860901e-01 7.406790304203255459e+01 1.254494357066749353e-02 9.997402635474920141e-01 -1.902708099553405280e-02 -1.281967739244932014e+00 -8.381911545625604365e-01 1.381735830957248686e-04 -5.453765507685115477e-01 -1.824763748476916447e+01
-5.459682652554853632e-01 2.832931224752705673e-02 8.373267526102734504e-01 7.486031527701726418e+01 1.940121031893884962e-02 9.995876529060009341e-01 -2.116877802238692138e-02 -1.302158579420810369e+00 -8.375811947847702221e-01 4.687672379403600049e-03 -5.462927609517473915e-01 -1.880019403838837633e+01
-5.452431524253551487e-01 2.977208067758475504e-02 8.377490764957710168e-01 7.567582304165300400e+01 2.329815545145362196e-02 9.995212648485295448e-01 -2.035772652532964397e-02 -1.334264676740039457e+00 -8.379541229560082405e-01 8.418098220970266984e-03 -5.456757611055463864e-01 -1.932243805726512775e+01
-5.453090819844852444e-01 2.617047047774246835e-02 8.378264132865471669e-01 7.643392873964933187e+01 2.239300143877781535e-02 9.996106023474906621e-01 -1.664923794450855199e-02 -1.374026977069430444e+00 -8.379358985537579407e-01 9.682468427397184982e-03 -5.456827764705307615e-01 -1.983249122747374926e+01
-5.445071196365839361e-01 2.132301428150605582e-02 8.384851298183708668e-01 7.724102202057655120e+01 2.030295429762644238e-02 9.997189633678456033e-01 -1.223863947287325352e-02 -1.404332759333478675e+00 -8.385104639920220038e-01 1.035969996086028369e-02 -5.447870145538158404e-01 -2.036440779354117225e+01
-5.435334500804474001e-01 1.557483781228318452e-02 8.392429923721392848e-01 7.804758823372915799e+01 1.843346067115508510e-02 9.998081979309076939e-01 -6.616256291198869752e-03 -1.448039630465868921e+00 -8.391850854879822075e-01 1.187399712190036032e-02 -5.437162985808208227e-01 -2.086929093472867436e+01
-5.429690633101751374e-01 8.689565748228947339e-03 8.397077318285163239e-01 7.889296968413117384e+01 9.583401302118111850e-03 9.999454624459857000e-01 -4.150968180891673708e-03 -1.470512594896255409e+00 -8.396980208773492382e-01 5.793409851998262104e-03 -5.430227278814979686e-01 -2.138526805264724118e+01
-5.414451567409588328e-01 3.730097083271556244e-03 8.407277893246097866e-01 7.967009381561788928e+01 1.331276807157605454e-03 9.999927079668020635e-01 -3.579345396078609850e-03 -1.495405628542231025e+00 -8.407350245718376858e-01 -8.187768920357416146e-04 -5.414461754775597990e-01 -2.185670331898941754e+01
-5.397650188913805103e-01 4.607994742148450139e-03 8.418031111021578861e-01 8.045463038247285681e+01 4.741823526588324206e-03 9.999857966922085506e-01 -2.433416392911557334e-03 -1.524149204349968034e+00 -8.418023824611381434e-01 2.678209713937174108e-03 -5.397792039232358619e-01 -2.235792073469336927e+01
-5.365263825616927162e-01 6.966985431834436457e-03 8.438547795497503001e-01 8.127127532630940721e+01 9.016487239899451112e-03 9.999561675969740326e-01 -2.523059064343193339e-03 -1.549712732126724779e+00 -8.438353840985041154e-01 6.254919094361164993e-03 -5.365656842422338313e-01 -2.288608773268088470e+01
-5.317967634572013935e-01 1.064255467656365431e-02 8.468051283297165499e-01 8.204675946685389931e+01 1.044238960056817489e-02 9.999274208576300893e-01 -6.009117975712631801e-03 -1.572016622455303381e+00 -8.468076349729392049e-01 5.647040564151040859e-03 -5.318693009968629148e-01 -2.336378453498449304e+01
-5.236482743827943764e-01 1.266679422553061707e-02 8.518403746465703641e-01 8.284271830921383639e+01 1.573521885945889168e-02 9.998626978530890108e-01 -5.195026757920113113e-03 -1.597433852518667319e+00 -8.517892342262189942e-01 1.068352896893789983e-02 -5.237756923277495646e-01 -2.383749238669880555e+01
-5.152587101040646544e-01 1.477270017059397963e-02 8.569073553582134961e-01 8.364750812694444448e+01 2.280595470177911380e-02 9.997337074415396652e-01 -3.521732227642109230e-03 -1.623451223715477898e+00 -8.567312076488409200e-01 1.772798822963084220e-02 -5.154584072802561590e-01 -2.435091351227980638e+01
-5.057683270116966057e-01 1.532014255397957242e-02 8.625332916121489779e-01 8.443953586541228162e+01 2.276315950998227325e-02 9.997311623216451615e-01 -4.409264659978754351e-03 -1.636456222474495181e+00 -8.623689756733774470e-01 1.740391759472106892e-02 -5.059810934909779734e-01 -2.478965755829674933e+01
-4.946177867391651217e-01 1.214497538112654929e-02 8.690257366396020311e-01 8.526135426940433604e+01 1.794601458978766981e-02 9.998318917576110021e-01 -3.758823581859198088e-03 -1.672485425883563748e+00 -8.689253121265695379e-01 1.373636862676337438e-02 -4.947525925399009483e-01 -2.526729449208038147e+01
-4.834297056994479869e-01 9.085480506204621567e-03 8.753360268125276455e-01 8.605053511472701189e+01 1.948155266992941670e-02 9.998101436263480135e-01 3.818041371397410972e-04 -1.688193221312900061e+00 -8.751663849820927599e-01 1.723748148973340555e-02 -4.835149239865035864e-01 -2.570458584517628253e+01
-4.719066432387947763e-01 7.842457346059154150e-03 8.816136352692345302e-01 8.688551818800408455e+01 1.923225998747310483e-02 9.998140618728889040e-01 1.400651333208920678e-03 -1.712541078819928231e+00 -8.814387404090739953e-01 1.761640043779232750e-02 -4.719697272196263782e-01 -2.613538993585581238e+01
-4.597554699968520731e-01 6.715587327669090070e-03 8.880201543159861322e-01 8.773465847855858613e+01 1.828683715917308120e-02 9.998309640941054344e-01 1.906513536096918031e-03 -1.743391558075978010e+00 -8.878572590537194831e-01 1.711561111052303102e-02 -4.598005629149062856e-01 -2.654100293398142085e+01
-4.473432725696402934e-01 9.348528356451038870e-03 8.943134725024031173e-01 8.857833876955069741e+01 2.299544071468791542e-02 9.997350163879676899e-01 1.051986523098087612e-03 -1.746532006141974902e+00 -8.940666750601257151e-01 2.103573269747143273e-02 -4.474397087208536461e-01 -2.694096467220173707e+01
