1.000000000000000000e+00 4.398956837314658088e-19 2.733407509747682871e-20 -8.673617379884035472e-19 -5.583667658079949532e-19 1.000000000000000000e+00 -6.100159232558060012e-19 0.000000000000000000e+00 4.145284534913582806e-20 -2.210423569125054137e-19 1.000000000000000222e+00 0.000000000000000000e+00
9.998985883578648259e-01 2.766900111292461880e-04 1.423855535355062450e-02 -7.831245531915406732e-02 -2.721133373165442594e-04 9.999999106950333561e-01 -3.233648534525790917e-04 -1.109956543993816103e-02 -1.423864380066689438e-02 3.194575756025099791e-04 9.998985743329342757e-01 1.452201791829554889e-02
9.995448039653020977e-01 1.778678062940166000e-03 3.011679255093227189e-02 -7.270634877666576346e-02 -1.763374332535202343e-03 9.999983023044036745e-01 -5.346986753188382943e-04 -1.916184437851425892e-02 -3.011769300070533950e-02 4.813481347280796989e-04 9.995462434753317194e-01 2.516494065090241206e-02
9.979581295178089340e-01 5.132748952329346803e-03 6.366495603381258639e-02 8.214469843354034462e-03 -5.205867958282299306e-03 9.999859665611622317e-01 9.826643219848047676e-04 8.250327516070604661e-03 -6.365901992785195918e-02 -1.312089159945032052e-03 9.979708450575859313e-01 4.065941914596253315e-01
9.954347798394216351e-01 4.091120819573932331e-03 9.535649838675311352e-02 3.865905827473926221e-02 -4.396481298957146192e-03 9.999858580693206100e-01 2.992427294791226780e-03 1.307935789332658610e-02 -9.534290912832622811e-02 -3.397999212676850594e-03 9.954386888727178029e-01 5.384669167607787355e-01
9.909399921837869218e-01 1.689250503182105571e-03 1.342947437354498619e-01 1.611808505094317057e-01 -2.342584946289129506e-03 9.999861778291284642e-01 4.707063801335314990e-03 1.370499826161003520e-02 -1.342849384014382919e-01 -4.979014533292941413e-03 9.909302522671277202e-01 7.980367575846968320e-01
9.852205455011949775e-01 -2.591162629909839286e-03 1.712710201183040848e-01 1.647507336345475637e-01 1.589612769085700953e-03 9.999808284775663081e-01 5.984630654311034505e-03 -2.131263240817238280e-02 -1.712832467037989082e-01 -5.623926367145631183e-03 9.852057760293060351e-01 8.676038502622123172e-01
9.764809135037492149e-01 -2.688017202564430951e-03 2.155871044895557587e-01 2.731662018526152536e-01 1.256047607105690526e-03 9.999762340387615689e-01 6.778915688845036508e-03 -8.003534061740064098e-03 -2.156002064238796978e-01 -6.348693972197768341e-03 9.764610824724084814e-01 1.149882570428259365e+00
9.648833512106625987e-01 -2.655423331749093979e-03 2.626653126119584680e-01 3.661782840805310468e-01 -2.063658430807009892e-05 9.999481332171533676e-01 1.018481450999285561e-02 8.333559323812217423e-04 -2.626787385405063291e-01 -9.832578312498934520e-03 9.648332506497836469e-01 1.314206283735870784e+00
9.504744524274699735e-01 -6.225160265594338604e-03 3.107403440434612363e-01 5.346354974422816708e-01 1.064465708706006323e-03 9.998587304980544044e-01 1.677456263284471741e-02 2.617195227301101490e-02 -3.108008756176202647e-01 -1.561302063896801394e-02 9.503468054115922214e-01 1.611539187860817623e+00
9.336450974803881531e-01 -1.592605743498228671e-02 3.578452052550275542e-01 6.325422308297096174e-01 7.543126038435593074e-03 9.996637288113356945e-01 2.480988763537417957e-02 -2.752240222216040255e-05 -3.581200020991594513e-01 -2.046435831290566859e-02 9.334512712942465429e-01 1.791879458939248382e+00
9.124915253805854221e-01 -2.146626360599837233e-02 4.085320223720805277e-01 8.000971104460130601e-01 1.018713249475882050e-02 9.995050102768550104e-01 2.976502529853852427e-02 -5.795650119623699248e-03 -4.089687541577990415e-01 -2.299856330612774433e-02 9.122585305561333735e-01 2.033528877555146774e+00
8.876657559043448220e-01 -2.347993285215016143e-02 4.598893296170145639e-01 1.009434767627141794e+00 8.880641659475562583e-03 9.993863460759491169e-01 3.388311449147265314e-02 -7.898127267828305986e-03 -4.604026979254317586e-01 -2.599276788275625347e-02 8.873295525599571576e-01 2.287134774152083327e+00
8.595406765275336314e-01 -2.552723258677942406e-02 5.104294093545324040e-01 1.181640253883281755e+00 6.951516251296554344e-03 9.992433549760874056e-01 3.826740028206821603e-02 2.583439398413768517e-02 -5.110200651300953467e-01 -2.934412855733842598e-02 8.590677616138728823e-01 2.489725618109709160e+00
8.272884467278548426e-01 -3.071332177329502353e-02 5.609371738642117133e-01 1.430081280015644829e+00 7.958146372138289945e-03 9.990449098331446454e-01 4.296435735686458812e-02 2.442044444643556855e-02 -5.617210161144542413e-01 -3.107989605346438838e-02 8.267427319969985477e-01 2.740652119902933226e+00
7.918008048217847206e-01 -3.652621162674891953e-02 6.096862436014175435e-01 1.614528515880394366e+00 1.021494909598051094e-02 9.988625405054245565e-01 4.657552944329971384e-02 2.268608255189688561e-02 -6.106939883850444062e-01 -3.065062742447473981e-02 7.912732760222037642e-01 2.926567802154898423e+00
7.541880197351861215e-01 -4.112902700729807043e-02 6.553692297719467819e-01 1.870186541089062349e+00 1.146915169142599319e-02 9.987093835986194934e-01 4.947752640661565171e-02 3.526193321614642939e-02 -6.565583733547000200e-01 -2.979882816359630607e-02 7.536863664440345278e-01 3.127874444761996386e+00
7.139564552920345530e-01 -4.431429387302862621e-02 6.987863876752098413e-01 2.214386641718804505e+00 1.237938799110200119e-02 9.986381366176598773e-01 5.068158236248876403e-02 4.076834005084743751e-02 -7.000806667118734117e-01 -2.753389462038616925e-02 7.135327270024131030e-01 3.376817827031201702e+00
6.725570023770066630e-01 -4.625562703216964944e-02 7.385983257635446719e-01 2.469750425016239870e+00 1.150225934954906062e-02 9.985775409412523951e-01 5.206335277703898201e-02 5.023803188368612671e-02 -7.399559356992077008e-01 -2.652002247162652329e-02 6.721323607650580012e-01 3.559429063424114581e+00
6.300967566913459050e-01 -4.665423720008730207e-02 7.751138301473378123e-01 2.823336322565509260e+00 7.345952759291573403e-03 9.985069447410869214e-01 5.412871909624951405e-02 8.400355553533865594e-02 -7.764818898851079121e-01 -2.841238023818637784e-02 6.294987061568739772e-01 3.799331499409130952e+00
5.883100980223145982e-01 -4.744357387562570666e-02 8.072424203968223688e-01 3.172641711123775465e+00 4.396041224781155332e-03 9.984502585423469245e-01 5.547752689788376657e-02 1.001361514605342423e-01 -8.086234694717348015e-01 -2.908931777151875855e-02 5.876069322543852058e-01 3.998143294706554496e+00
5.477584657849661198e-01 -4.833362845514507095e-02 8.352391945562284148e-01 3.556109156048348652e+00 2.248891726125694986e-03 9.984112951788235435e-01 5.630122645600974668e-02 1.201264782914097384e-01 -8.366335030418327046e-01 -2.896111032204039953e-02 5.469969352017313158e-01 4.218473336234736415e+00
5.091133568261522191e-01 -5.111032517340500375e-02 8.591806052458315079e-01 3.971978423819247705e+00 1.381688052387122041e-03 9.982825593598094738e-01 5.856639454417535834e-02 1.307277060515240341e-01 -8.606983759033518533e-01 -2.862981352581996097e-02 5.083096021838887646e-01 4.433527384106420222e+00
4.719819294340374949e-01 -5.099352872515904717e-02 8.801322091137162573e-01 4.370008402997981101e+00 -1.629400639973556169e-03 9.982736181776460382e-01 5.871224968393121135e-02 1.587293936076759060e-01 -8.816067248961887426e-01 -2.914520823292496982e-02 4.710840182944892041e-01 4.602645468384468863e+00
4.361776554060362576e-01 -5.023347491443268253e-02 8.984573654466520010e-01 4.839759154978643174e+00 -2.887021209885870868e-03 9.983573883942706839e-01 5.722053923340255505e-02 1.808624419210175804e-01 -8.998559510294307229e-01 -2.755218544025195976e-02 4.353161585658225086e-01 4.763598506280138700e+00
4.027298943251773067e-01 -4.896959069835294526e-02 9.140079854585267949e-01 5.358248239589944006e+00 -1.721442052004978126e-03 9.985255598901776608e-01 5.425627012509468688e-02 1.984117979001507326e-01 -9.153172585925363203e-01 -2.342403298725277694e-02 4.020517936265814440e-01 4.980898516652041863e+00
3.728276413844723858e-01 -4.746436613589736370e-02 9.266858525987969886e-01 5.843393735327898852e+00 1.596246874713812020e-04 9.986941237341391275e-01 5.108837151301172386e-02 2.204219299894032702e-01 -9.279006087581103124e-01 -1.889923432970827544e-02 3.723483498061146979e-01 5.145655337542851981e+00
3.469390286722342509e-01 -4.555851140561920087e-02 9.367805066852137319e-01 6.387652931236375231e+00 1.226685586062629995e-03 9.988406937458567114e-01 4.812238279843122912e-02 2.474206011627242408e-01 -9.378868915358008485e-01 -1.554639677512789815e-02 3.465927047461599408e-01 5.332534868471634937e+00
3.265740250898380714e-01 -4.495628507645364064e-02 9.441018608117055511e-01 6.947539921703826060e+00 2.312289778198796560e-03 9.989031969821347001e-01 4.676597417827099701e-02 2.698589891054494760e-01 -9.451688078619704392e-01 -1.308951448577923109e-02 3.263197883517645059e-01 5.517661171055638469e+00
3.117796499188466575e-01 -4.550789612200656364e-02 9.490639947470068671e-01 7.543541900815989187e+00 3.438032304800379101e-03 9.988998570668261578e-01 4.676810290977685691e-02 2.995043330533657677e-01 -9.501482231101275877e-01 -1.131842919996181411e-02 3.115931040298586807e-01 5.702249922977908447e+00
2.995225764240018185e-01 -4.698913447566040874e-02 9.529313890037462986e-01 8.178210627533784915e+00 4.202852981767993268e-03 9.988417612725918326e-01 4.793195099459839070e-02 3.184467450632121333e-01 -9.540799643653009587e-01 -1.035167003103987411e-02 2.993731448673276896e-01 5.913321201103493685e+00
2.891503426047944969e-01 -4.888640179873107033e-02 9.560346142633179278e-01 8.787856228724567842e+00 3.200261803874576098e-03 9.987389708923340992e-01 5.010215869702542429e-02 3.480452913705319173e-01 -9.572783576122688709e-01 -1.142749440358882020e-02 2.889421635537318678e-01 6.075829798490016032e+00
2.783491503498226605e-01 -5.043237959205632004e-02 9.591549979274888171e-01 9.487187874852461178e+00 1.420817568704099004e-03 9.986410585423191044e-01 5.209623242151365657e-02 3.871260474718648537e-01 -9.604789160237789947e-01 -1.313815687964146536e-02 2.780425440196577780e-01 6.276837933917673418e+00
2.675085059450811320e-01 -5.203282645995685463e-02 9.621495562356153775e-01 1.019032852840863335e+01 6.086655027354814871e-04 9.985498148897875570e-01 5.383211560821519331e-02 4.057610852809951929e-01 -9.635553150760589602e-01 -1.381492069682924845e-02 2.671522383343713503e-01 6.467474028548897635e+00
2.578003965361095329e-01 -5.427856599378754615e-02 9.646723677335039548e-01 1.086800011555658152e+01 -3.146472424186495917e-04 9.984160299240103509e-01 5.626128462394140717e-02 4.334440743880828006e-01 -9.661981541365031179e-01 -1.480771211208120088e-02 2.573749684730296527e-01 6.642338171338848518e+00
2.480040887169074615e-01 -5.597797172505070834e-02 9.671403325340186541e-01 1.159499469441090724e+01 -4.299422436605257816e-04 9.983226980446411325e-01 5.789305378308229333e-02 4.710125029466836200e-01 -9.687588986515596190e-01 -1.477352765217073566e-02 2.475640423275677626e-01 6.846640487046861345e+00
2.374024551099277180e-01 -5.712149361940487002e-02 9.697304745780920276e-01 1.238455675421577240e+01 -1.148482092090988846e-03 9.982524290698880920e-01 5.908272846184160765e-02 5.001879276600778024e-01 -9.714107122938667738e-01 -1.514010199579681262e-02 2.369219731129893203e-01 7.014789913782768949e+00
2.270826972599047089e-01 -5.998965266425248383e-02 9.720260665933145861e-01 1.313561978599294022e+01 -2.221984904605588985e-03 9.980664720522718358e-01 6.211586032293633236e-02 5.316931969960023707e-01 -9.738729527614612413e-01 -1.626526347673310641e-02 2.265103290575957995e-01 7.214565599871041179e+00
2.151439363190538467e-01 -6.353265435700836128e-02 9.745135567819883660e-01 1.391123359947228266e+01 -4.275864543133160722e-03 9.978107602192068937e-01 6.599548262523970144e-02 5.836147341444573033e-01 -9.765729980165668289e-01 -1.836541501371312390e-02 2.144012762698992991e-01 7.352247567982224119e+00
2.036150509419892285e-01 -6.731749341415051158e-02 9.767339708812259325e-01 1.470352649558583735e+01 -3.979811765537970454e-03 9.975682223954296379e-01 6.958306340708067528e-02 6.178667247953100183e-01 -9.790429454341479376e-01 -1.805537547866087680e-02 2.028519921048181907e-01 7.534790538978124452e+00
1.912994189861771388e-01 -6.982259449848959854e-02 9.790451068560144243e-01 1.549069421209285480e+01 -5.156708291725823484e-03 9.973813393560458929e-01 7.213786945965344755e-02 6.543784092392396223e-01 -9.815181901519098862e-01 -1.884858166619975822e-02 1.904384146074373785e-01 7.684912855532908260e+00
1.768486085595577795e-01 -7.048365578628403016e-02 9.817110610924473235e-01 1.628962646491079624e+01 -6.109178013622267207e-03 9.973347123811024950e-01 7.270591015050892336e-02 6.912209123447753401e-01 -9.842191141261575904e-01 -1.885538580107844545e-02 1.759466575817584255e-01 7.816745079910014660e+00
1.627463740507730239e-01 -6.976239039387396867e-02 9.841985623179274612e-01 1.708994277955241614e+01 -7.341881771505168533e-03 9.973840266744430361e-01 7.191105657237018001e-02 7.354880985659916215e-01 -9.866406294016029088e-01 -1.892913231973683552e-02 1.618084452807959928e-01 7.972401329653941993e+00
1.449566746334097767e-01 -6.870951079615525425e-02 9.870494156481275372e-01 1.786688598233996217e+01 -8.486153176693649047e-03 9.974628957060756029e-01 7.068066813895193534e-02 7.748955904049628085e-01 -9.894016195836764505e-01 -1.862188626612553896e-02 1.440058236200906228e-01 8.066818111592322538e+00
1.250317675694266883e-01 -6.729861427276372099e-02 9.898676360080770342e-01 1.872211952656758172e+01 -1.096264451589621866e-02 9.975422169795942207e-01 6.920509901919857931e-02 8.128345414195952134e-01 -9.920921805662783477e-01 -1.950440198871181141e-02 1.239866944471062632e-01 8.164080785873711221e+00
1.003873337574371777e-01 -6.589950403893160558e-02 9.927636282892072783e-01 1.951183853984407435e+01 -1.553805086058389524e-02 9.975785895380463453e-01 6.779031378769991012e-02 8.517912028335619112e-01 -9.948271053179733592e-01 -2.223089974769019983e-02 9.912030358567713861e-02 8.259634359307256091e+00
7.060761640275065032e-02 -6.564328906282861087e-02 9.953419040907336424e-01 2.034150592520581569e+01 -1.941346929113072634e-02 9.975529112395971065e-01 6.716625990028535220e-02 8.967439673091770480e-01 -9.973152455675966532e-01 -2.406548815814483003e-02 6.916046793232463741e-02 8.330378368734661976e+00
3.702727006741624721e-02 -6.530689153880117614e-02 9.971780051760810171e-01 2.119958304885838984e+01 -2.256672998367323033e-02 9.975531823573779988e-01 6.616941178580076910e-02 9.314624850883773677e-01 -9.990594283178740875e-01 -2.495311862675339901e-02 3.546290671026464114e-02 8.342215194695146607e+00
2.590563006665712840e-03 -6.471305541956144658e-02 9.979005422299336292e-01 2.204724913471341807e+01 -2.394658167985861535e-02 9.976137234512586494e-01 6.475662129943834944e-02 9.731907298563825526e-01 -9.997098916822041437e-01 -2.406406209636666529e-02 1.034723346287563057e-03 8.332580637163019333e+00
-3.155470206567932701e-02 -6.366687939835294352e-02 9.974722111168063954e-01 2.289240558271952963e+01 -2.545369805096541968e-02 9.976967070177602537e-01 6.287598955024226166e-02 1.003585736848773946e+00 -9.991778756994956767e-01 -2.340532249613282156e-02 -3.310258125877026114e-02 8.300084806584884234e+00
-6.396382042841293469e-02 -6.158353245930910103e-02 9.960502401550690443e-01 2.370476137834613084e+01 -2.798613387690654375e-02 9.978122729976538485e-01 5.989527674212524744e-02 1.024896736769403516e+00 -9.975597341228649162e-01 -2.404446378594916195e-02 -6.554737142628165592e-02 8.240651108228023602e+00
-9.720349547966858350e-02 -5.858719961101704898e-02 9.935386269564951967e-01 2.454510153991954624e+01 -2.998377391880359052e-02 9.979851616920826229e-01 5.591592227494378980e-02 1.074829185457459424e+00 -9.948127817770764381e-01 -2.435481361904071398e-02 -9.876431288865311631e-02 8.139758348771652052e+00
-1.296659100645234097e-01 -5.398787669837260689e-02 9.900868869739395395e-01 2.540767304295076912e+01 -2.682987987897787752e-02 9.983420639752743631e-01 5.092426594691291247e-02 1.097207910855568791e+00 -9.911946963949835876e-01 -1.996077006853423999e-02 -1.308994219114784363e-01 8.018308619832215101e+00
-1.610858461330310354e-01 -4.876073295265337393e-02 9.857351185923928227e-01 2.621937146171898547e+01 -2.258361798315978997e-02 9.986993745133986300e-01 4.571148171910585645e-02 1.109705404186695832e+00 -9.866819888006187478e-01 -1.489799170781266197e-02 -1.619775289201496882e-01 7.870096367361343326e+00
-1.909592260229214522e-01 -4.260654708654169898e-02 9.806728502441647288e-01 2.705457380152427760e+01 -1.663837710730568797e-02 9.990545098644447730e-01 4.016529267351218180e-02 1.131698445147968801e+00 -9.814569551595524466e-01 -8.646870515555809059e-03 -1.914875811286559093e-01 7.702522730956011365e+00
-2.205313706690830156e-01 -3.698549410712433788e-02 9.746783936288248018e-01 2.789292026952632852e+01 -1.082573221777396837e-02 9.993120757450335567e-01 3.547081608182910822e-02 1.145985791745329552e+00 -9.753198112665903974e-01 -2.729178566942271848e-03 -2.207800582105293730e-01 7.485909589904935935e+00
-2.486299778034514463e-01 -3.032647742532247268e-02 9.681236606562854119e-01 2.870537074744889239e+01 -2.027285544225105283e-03 9.995238366063586843e-01 3.078944880205741405e-02 1.173807097884161488e+00 -9.685964279091986429e-01 5.692517971073666160e-03 -2.485730710959712653e-01 7.290801645535458952e+00
-2.751765989359807318e-01 -2.003522238431592467e-02 9.611849004662723628e-01 2.951634966697879747e+01 4.440379193417367566e-03 9.997456780997296955e-01 2.211022696557760417e-02 1.171160308617157586e+00 -9.613834500653670734e-01 1.035224362398827827e-02 -2.750176528645055796e-01 7.064026645917310887e+00
-3.005430983528957767e-01 -5.051773715816406871e-03 9.537548476730011160e-01 3.031405335041060312e+01 8.672462780407520430e-03 9.999301578694410608e-01 8.029181458723059356e-03 1.164513251180222975e+00 -9.537288135329196059e-01 1.068451961190936515e-02 -3.004782978026682150e-01 6.784539147448769292e+00
-3.250221959481910949e-01 1.171681868554711944e-02 9.456337940183277002e-01 3.108758445449656094e+01 8.836640276602957325e-03 9.999172217670094787e-01 -9.352186252354422261e-03 1.125940776631703333e+00 -9.456651103725864926e-01 5.316558613490981848e-03 -3.250988298265499177e-01 6.505739446385577551e+00
-3.498083002315163781e-01 2.607703835465758832e-02 9.364582881909908618e-01 3.185489176385649301e+01 7.246430980500050828e-03 9.996579260920624987e-01 -2.513006218873186509e-02 1.089070494230742980e+00 -9.367932840582041676e-01 -2.004723015450547447e-03 -3.498776067155695002e-01 6.178540498911493373e+00
-3.739470327561427165e-01 3.722549973002575036e-02 9.267026834501265187e-01 3.263009884482126211e+01 1.180884122005072465e-02 9.993042767931529236e-01 -3.537673849579086455e-02 1.061179931382582042e+00 -9.273748877109102562e-01 -2.285740586635497205e-03 -3.741264604482865130e-01 5.854060555042392977e+00
-3.983678969094369138e-01 4.183446223178054202e-02 9.162711833518041304e-01 3.340723461623159096e+01 1.578337481189777750e-02 9.991240780761002638e-01 -3.875515003786427631e-02 1.014719359463399417e+00 -9.170899180716001187e-01 -9.769551415722132082e-04 -3.986792480234765956e-01 5.538626554315627892e+00
-4.204612358327470267e-01 4.117318842417579117e-02 9.063758066981540962e-01 3.412797932118048294e+01 1.772922245946358111e-02 9.991519262781617394e-01 -3.716319213402972249e-02 9.665982850697752982e-01 -9.071372760123710410e-01 4.436575805483819078e-04 -4.208346236018313258e-01 5.156322130213785826e+00
-4.409176142702924683e-01 3.792289956791355249e-02 8.967460602910758416e-01 3.487620987320449473e+01 2.182760284200650075e-02 9.992645624755217559e-01 -3.152601933027254083e-02 9.296706905506422203e-01 -8.972821331929153876e-01 5.673440630916902136e-03 -4.414211141655244308e-01 4.812783576897500026e+00
-4.591109812206582985e-01 3.663459625924084945e-02 8.876232303622098030e-01 3.560261572867068480e+01 2.913170070390059402e-02 9.992328634528564457e-01 -2.617305028208939330e-02 9.089157428421076323e-01 -8.879011566562365898e-01 1.384164056471554743e-02 -4.598260097522892109e-01 4.389510355331646352e+00
-4.735498508224280645e-01 3.714017318372785786e-02 8.799835977693231115e-01 3.629937079232440311e+01 3.262573994504504998e-02 9.991645262682702366e-01 -2.461321772840463148e-02 8.546707541945219866e-01 -8.801625490109324934e-01 1.705453153323939833e-02 -4.743659392334714786e-01 4.025796282173760510e+00
-4.842234669454794083e-01 4.048284719320086045e-02 8.740072993613746677e-01 3.701615150284205669e+01 3.533355832619938103e-02 9.990189108726761358e-01 -2.669747773369325963e-02 7.971386362921605295e-01 -8.742306253650981018e-01 1.795424376421460300e-02 -4.851788048415923149e-01 3.602077510224634516e+00
-4.940079840592601634e-01 4.321264544282157199e-02 8.683828448999727501e-01 3.771112883750845413e+01 3.690410284025072429e-02 9.989062080032330426e-01 -2.871366827796332719e-02 7.569839229399837333e-01 -8.686738233151448663e-01 1.786210952669240251e-02 -4.950623672159465971e-01 3.215899943323496490e+00
-5.046642032413464207e-01 4.239890406249441357e-02 8.622739480196321971e-01 3.839719860358135151e+01 3.079973277131659373e-02 9.990416951107722321e-01 -3.109771436105812289e-02 6.996472192906082466e-01 -8.627661506332572339e-01 1.086390496065751596e-02 -5.054864571985288046e-01 2.821816700364812469e+00
-5.160000659375586496e-01 4.114766479374420971e-02 8.555996659403319882e-01 3.909698115907478666e+01 2.910460865458761384e-02 9.991110364412775224e-01 -3.049686157605749348e-02 6.849346815487620255e-01 -8.560939584829770910e-01 9.165511864977002668e-03 -5.167389485695458307e-01 2.388514213432698430e+00
-5.246263724586804900e-01 4.266934157775284508e-02 8.502625967811340280e-01 3.976820784339875559e+01 3.147183391509646155e-02 9.990325416213853282e-01 -3.071651669426734080e-02 6.463987767859081801e-01 -8.507506713885590877e-01 1.064462951764792026e-02 -5.254617019091164520e-01 1.965233886414341047e+00
-5.319646716212896864e-01 4.554249302433358709e-02 8.455409253756425159e-01 4.045498750558508050e+01 3.492650156508381176e-02 9.988829321415124696e-01 -3.182808988879596429e-02 5.925557988381027208e-01 -8.460459440045021706e-01 1.260036809523955477e-02 -5.329610721310785726e-01 1.545740210951316085e+00
-5.357834495727777924e-01 4.881101585749675342e-02 8.429433948835675094e-01 4.113657231981830620e+01 3.603374414744987125e-02 9.987399708708124546e-01 -3.492906820970537174e-02 5.634376938464867868e-01 -8.435861995684083015e-01 1.165999098123183739e-02 -5.368671916654580434e-01 1.094770365804281331e+00
-5.352415653215705227e-01 5.030449475571717455e-02 8.431998052866173099e-01 4.184550917936653747e+01 3.508144402178325211e-02 9.986876941266227270e-01 -3.731195282707831101e-02 5.047274905204902629e-01 -8.439702427842411536e-01 9.609759727343172506e-03 -5.363039201781170107e-01 6.644546682769526535e-01
-5.325594206020133337e-01 5.124417988508080113e-02 8.448399165437108227e-01 4.258484238509132780e+01 3.755627430908922010e-02 9.986131026010367506e-01 -3.689712060453370635e-02 4.719288843772225239e-01 -8.455589875952529422e-01 1.207913150055118026e-02 -5.337453569953555244e-01 2.128108653511522896e-01
-5.266569535564127325e-01 5.002760199577897804e-02 8.486045482037712917e-01 4.333535303180118348e+01 3.596224091129564260e-02 9.986843040803689009e-01 -3.655650352192058028e-02 4.256307079365627133e-01 -8.493168915841342592e-01 1.126498543822353725e-02 -5.277631390239805320e-01 -2.396925163588726482e-01
-5.198046560063405153e-01 4.865932978938843773e-02 8.528982213719024097e-01 4.408272945528094056e+01 3.408686620824460944e-02 9.987628154680067150e-01 -3.620668350995960572e-02 3.872655341047064881e-01 -8.536048366252525499e-01 1.025222590385398147e-02 -5.208202069936876955e-01 -6.873047108895876667e-01
-5.126110907280175821e-01 4.793854959673664318e-02 8.572816058921078897e-01 4.485750155475253109e+01 3.196652374641886091e-02 9.988135066006752494e-01 -3.673854017947279782e-02 3.363273541598599814e-01 -8.580256541177149199e-01 8.571730657078944701e-03 -5.135353110456647441e-01 -1.156531962377272960e+00
-5.056979568652346657e-01 4.655215433418446319e-02 8.614536899366638245e-01 4.566586073738437790e+01 2.904529417805067418e-02 9.988957011825073673e-01 -3.692897225898820329e-02 2.862898036162493942e-01 -8.622215257942084099e-01 6.346271006259421484e-03 -5.064916374415435740e-01 -1.624257921368464253e+00
-5.013524717147154197e-01 4.420192252027162205e-02 8.641133465181960460e-01 4.648619195828939610e+01 2.486416223015382870e-02 9.990178154044355718e-01 -3.667666689143734421e-02 2.406723454801515671e-01 -8.648858218647589302e-01 3.097517788368081906e-03 -5.019590960306727911e-01 -2.082493693806873658e+00
-5.001027529621999701e-01 4.149828479440685614e-02 8.649711644289440615e-01 4.732586068430045856e+01 2.047805930853945772e-02 9.991385178675757928e-01 -3.609530662651044830e-02 2.064779362908013560e-01 -8.657239155276146292e-01 -3.384304810459780864e-04 -5.005217289323324881e-01 -2.531620047398261519e+00
-5.001036209059289694e-01 3.917264768904236971e-02 8.650791053314753620e-01 4.817251183877349519e+01 1.770268766389014939e-02 9.992300440868425726e-01 -3.501333758325134160e-02 1.597385568027499536e-01 -8.657846126838492085e-01 -2.196070787996607689e-03 -5.004120255315999133e-01 -3.036444825181412899e+00
-5.009825442145667829e-01 3.778604170570587506e-02 8.646321136230982196e-01 4.902361236428613012e+01 1.599519580968760540e-02 9.992800510375003942e-01 -3.440251847736100488e-02 1.131300523479070591e-01 -8.653095726060151538e-01 -3.405100372769895994e-03 -5.012262587055184015e-01 -3.524327548862482118e+00
-5.017212086512784497e-01 3.739887137315163479e-02 8.642205388007523359e-01 4.991362870150599917e+01 1.601178266582451576e-02 9.992953098916335097e-01 -3.394858484095913953e-02 5.795889122617375877e-02 -8.648811848642528055e-01 -3.195012673239708452e-03 -5.019664744960763425e-01 -4.015922832152107880e+00
-5.015440130897366178e-01 3.663330470938695738e-02 8.643561710263857334e-01 5.076012964298553243e+01 1.605404131922354150e-02 9.993251447934140552e-01 -3.303820076093449271e-02 2.444835415702240750e-02 -8.649831692126502825e-01 -2.693701202948379624e-03 -5.017936573060769456e-01 -4.518152055928069899e+00
-5.013712228592248632e-01 3.616771646074592311e-02 8.644760144981454841e-01 5.165326803762533814e+01 1.632484385966422730e-02 9.993435212277561597e-01 -3.234232554237755769e-02 -2.827102475730880471e-02 -8.650782673806853840e-01 -2.103074436586107893e-03 -5.016325168359677678e-01 -5.029905020684401151e+00
-5.025514061681486400e-01 3.534894288579104593e-02 8.638243588147338503e-01 5.253145341934497736e+01 1.561122561915873411e-02 9.993718974553104095e-01 -3.181352198422617711e-02 -8.831049002207971843e-02 -8.644063778717420155e-01 -2.502572337546333115e-03 -5.027875938904404762e-01 -5.522295264162955242e+00
-5.024473364596796499e-01 3.364762565829707008e-02 8.639528331190373667e-01 5.342890396848099499e+01 1.392354936535107959e-02 9.994277714622553654e-01 -3.082635846206225813e-02 -1.363197738628377509e-01 -8.644957033867298746e-01 -3.459330878267706869e-03 -5.026283173484266120e-01 -6.047406821083611383e+00
-5.027326716663059747e-01 3.331055921145332360e-02 8.637998923193056511e-01 5.432912598992888320e+01 1.376763989064022642e-02 9.994390770402024060e-01 -3.052840235275949832e-02 -1.791584922023739812e-01 -8.643323002425520318e-01 -3.455138518847016959e-03 -5.029092863681572378e-01 -6.549910019569851194e+00
-5.018743666502299972e-01 3.229732842220306432e-02 8.643373121340374166e-01 5.523041696551523216e+01 1.226356114512846748e-02 9.994678584186101888e-01 -3.022590002194902245e-02 -2.396682369800983425e-01 -8.648535930992057308e-01 -4.569750059086002611e-03 -5.020033799098757576e-01 -7.072710484412652043e+00
-5.007941237884293573e-01 3.099576908985702747e-02 8.650112683246777845e-01 5.614580113117877858e+01 1.191226733178910209e-02 9.995107833564332855e-01 -2.891871052204275996e-02 -2.927298794476880794e-01 -8.654844630698136365e-01 -4.178073925205317771e-03 -5.009183580732884389e-01 -7.586994909912718299e+00
-4.985976939162922172e-01 2.862034277097586302e-02 8.663608959392777864e-01 5.704054659330128629e+01 1.214505388297130832e-02 9.995873333282437878e-01 -2.603191682237248825e-02 -3.474534166532488588e-01 -8.667484350584735431e-01 -2.457453015665070437e-03 -4.987395360898775332e-01 -8.086261725760383712e+00
-4.958829027005510204e-01 2.753610885930906499e-02 8.679527037136197665e-01 5.792253289288423446e+01 1.302679643372496067e-02 9.996205437918174175e-01 -2.427078450637975074e-02 -3.966420379223788428e-01 -8.682916916685241571e-01 -7.288229517584534712e-04 -4.960534453608511085e-01 -8.587595879539293264e+00
-4.936052134472214137e-01 2.680970240524993553e-02 8.692727531920599882e-01 5.881730188483528110e+01 1.240466922792555181e-02 9.996400961615603542e-01 -2.378659927659095702e-02 -4.570077343884624832e-01 -8.695976252942968499e-01 -9.581475068318964523e-04 -4.937601297500073816e-01 -9.117423712066424102e+00
-4.914568043536965969e-01 2.730357350376808045e-02 8.704738425831395343e-01 5.971274416218302150e+01 1.304208529911761623e-02 9.996270920615231148e-01 -2.399126516563677633e-02 -5.009938045501016735e-01 -8.708042983251457203e-01 -4.378754656825440176e-04 -4.916296329696514533e-01 -9.629949032073962911e+00
-4.904637895300101857e-01 2.769747942663345827e-02 8.710213011578635811e-01 6.060153238541664678e+01 1.299532873515302049e-02 9.996161185957789241e-01 -2.446909992431844927e-02 -5.465577073719818380e-01 -8.713646797551355405e-01 -6.819983941066010439e-04 -4.906354486779623825e-01 -1.010865846839006998e+01
-4.909453079503782180e-01 2.902277477584944490e-02 8.707068217447085923e-01 6.149338620951826329e+01 1.261211840591353224e-02 9.995769736642504677e-01 -2.620702513131168560e-02 -5.880452501637021268e-01 -8.710991054963695968e-01 -1.884757565763601041e-03 -4.911036650532051850e-01 -1.061285773858514681e+01
-4.940007621377586200e-01 3.040225318330295329e-02 8.689297649103677745e-01 6.237077203064723818e+01 1.121032978201838212e-02 9.995281188955095208e-01 -2.859839194285036801e-02 -6.411601122160220934e-01 -8.693892039738945199e-01 -4.386637293748643987e-03 -4.941084730199047370e-01 -1.108568030549821337e+01
-4.983947438925108719e-01 3.133849809067646569e-02 8.663836126160546769e-01 6.325058746180070557e+01 1.007829194621509203e-02 9.994883553836750867e-01 -3.035548490065898344e-02 -6.894621342967728328e-01 -8.668916424138045640e-01 -6.397346258553852742e-03 -4.984555826574408877e-01 -1.157961639356766526e+01
-5.037820289948042873e-01 2.999171085801012951e-02 8.633099970701488823e-01 6.413905521859389580e+01 1.011638681866008221e-02 9.995334020155868249e-01 -2.882077294280901980e-02 -7.249127082789822429e-01 -8.637715776041564597e-01 -5.785808712415364471e-03 -5.038503742789722795e-01 -1.208842456565079004e+01
-5.095656668541620471e-01 2.774272016734956672e-02 8.599843947625125384e-01 6.499470654113279977e+01 1.320597264787226090e-02 9.996145048199177596e-01 -2.442220334543333468e-02 -7.894967974766481378e-01 -8.603304281709370782e-01 -1.087785013598131052e-03 -5.097356025597294948e-01 -1.258121843867477097e+01
-5.145347512030864490e-01 2.567548829765575052e-02 8.570850283261156610e-01 6.584474555636818138e+01 1.042001697045647629e-02 9.996650175819129513e-01 -2.369126105495325540e-02 -8.349184339347123229e-01 -8.574062194486623545e-01 -3.259135667670744023e-03 -5.146299313376981877e-01 -1.310874312786360818e+01
-5.191983221173416263e-01 2.746269400476802208e-02 8.542124381596895022e-01 6.668157492243061313e+01 1.086255877345096779e-02 9.996149107358833774e-01 -2.553497662500782764e-02 -8.969252273061667502e-01 -8.545847641622555946e-01 -3.978783309836178908e-03 -5.192967007473442420e-01 -1.361860488879036168e+01
-5.243647479801967215e-01 2.988920365200356533e-02 8.509689967513051068e-01 6.750500812891330327e+01 1.142511247657166697e-02 9.995407364243311665e-01 -2.806747247873701487e-02 -9.387948986633224413e-01 -8.514171068244469343e-01 -4.995175749584039940e-03 -5.244654150623951905e-01 -1.414498488055508219e+01
-5.295069020845578622e-01 3.031452695710204828e-02 8.477637979073777696e-01 6.834670034563474417e+01 1.052730115731798782e-02 9.995191517529810055e-01 -2.916575369605256540e-02 -9.794070728373654999e-01 -8.482403128780238166e-01 -6.518802211210647686e-03 -5.295714209668507255e-01 -1.464946551314558398e+01
-5.336240784246795155e-01 3.081562554126022688e-02 8.451601784063453859e-01 6.917550548717366610e+01 9.441536057136401885e-03 9.994907399025690919e-01 -3.048144069144422333e-02 -1.035148332709954877e+00 -8.456690913478904781e-01 -8.286019553591773487e-03 -5.336432730037249383e-01 -1.515177212864345968e+01
-5.367735837409233213e-01 2.948450951754125887e-02 8.432109881677548602e-01 6.999080910274960843e+01 9.052255198629059751e-03 9.995329467019922198e-01 -2.918809885744554772e-02 -1.098187551995837286e+00 -8.436777750732077363e-01 -8.034438527415449505e-03 -5.367897843595808016e-01 -1.567081892640448615e+01
-5.395112993152552106e-01 2.368818028059552910e-02 8.416450648213267272e-01 7.081562661749738652e+01 1.121796211634836643e-02 9.997176669586135267e-01 -2.094620913427700307e-02 -1.127132443658342087e+00 -8.419036327632418715e-01 -1.859173145987141635e-03 -5.396247117423556006e-01 -1.621784616127698442e+01
-5.412735592075951230e-01 1.623159330997378524e-02 8.406898694620486001e-01 7.164245419554262639e+01 1.237673652672982225e-02 9.998591452108025468e-01 -1.133605357356786553e-02 -1.164460565877158071e+00 -8.407554710393936315e-01 4.269091917786105826e-03 -5.413982135705838195e-01 -1.673320605277054440e+01
-5.436327148001833809e-01 1.347855684093315388e-02 8.392149826349154518e-01 7.244191529667267559e+01 1.285753820950789883e-02 9.998874578796033141e-01 -7.730152957492511176e-03 -1.183476942967925716e+00 -8.392247414432516539e-01 6.587875657092043084e-03 -5.437448354613504398e-01 -1.724777141682212900e+01
-5.441942379309027134e-01 1.766319717135603554e-02 8.387732888319008318e-01 7.325892447628245918e+01 1.188729894519714898e-02 9.998403214639911551e-01 -1.334255143040701495e-02 -1.235570831079765730e+00 -8.388750413841716824e-01 2.709810174992446311e-03 -5.443173106764326308e-01 -1.774937436244065481e+01
-5.454409101871025012e-01 2.229094262051907818e-02 8.378528000723660663e-01 7.403886687444152415e+01 1.192632719197400312e-02 9.997514867542404149e-01 -1.883420908543965641e-02 -1.285158092939382213e+00 -8.380644293371667386e-01 -2.804405940754800715e-04 -5.455712111499425587e-01 -1.829679678054205283e+01
-5.456997905238376578e-01 2.834062836944161584e-02 8.375013639608837046e-01 7.487368514917642415e+01 1.896551741799540683e-02 9.995896318539881920e-01 -2.146804617624930439e-02 -1.311519726895186588e+00 -8.377661125052999758e-01 4.168539360621113452e-03 -5.460133485724790736e-01 -1.883046644374523737e+01
-5.456814045645473898e-01 2.919821704021781025e-02 8.374838840631295689e-01 7.566515081413983523e+01 2.224689301627110968e-02 9.995453142659068702e-01 -2.035289765370018253e-02 -1.347882057211966966e+00 -8.376973749211634734e-01 7.525217579322646122e-03 -5.460828618044469840e-01 -1.932967148485126074e+01
-5.449335529440810788e-01 2.594442359527117034e-02 8.380777392183155206e-01 7.644537176155502323e+01 2.148759762800441994e-02 9.996250159702430027e-01 -1.697381981412483462e-02 -1.399696807946028354e+00 -8.382038639412185965e-01 8.758674303329943775e-03 -5.452866960790563322e-01 -1.986214514228364436e+01
-5.446419898169936324e-01 2.156134944181337804e-02 8.383914350353868228e-01 7.726134824635049370e+01 2.015244529077392377e-02 9.997172840836059393e-01 -1.261866950805024326e-02 -1.419618733777704866e+00 -8.384264984999190151e-01 1.002298127233425262e-02 -5.449225259525108944e-01 -2.036638274740271015e+01
-5.436005849981316862e-01 1.532759559925410929e-02 8.392040609879999336e-01 7.806138386236690963e+01 1.830688195250578312e-02 9.998119147531517870e-01 -6.402590137747850123e-03 -1.447222118742651720e+00 -8.391443699363566600e-01 1.188275897144902560e-02 -5.437789434115369858e-01 -2.087977481640844957e+01
-5.434995514066284228e-01 8.485300770980931315e-03 8.393665614369298922e-01 7.887553710221855852e+01 9.502897179399043964e-03 9.999470234710723382e-01 -3.955398883281216992e-03 -1.467860143112368787e+00 -8.393556719969981206e-01 5.826657597054587037e-03 -5.435513948074218726e-01 -2.141085914414522051e+01
-5.419184712400603177e-01 3.763973656223743199e-03 8.404226259239309105e-01 7.965346399697304491e+01 1.620562953992983656e-03 9.999927918231769075e-01 -3.433667868268008763e-03 -1.491403818954474048e+00 -8.404295067957697762e-01 -4.988093360505545856e-04 -5.419206659326757380e-01 -2.187213875537277730e+01
-5.402915829090719768e-01 4.096320818223397539e-03 8.414678916619537929e-01 8.043010484980509034e+01 4.288996582792243065e-03 9.999885674339283881e-01 -2.114119759224244478e-03 -1.516122260954518186e+00 -8.414669462092324581e-01 2.466812761106542025e-03 -5.403029762779922862e-01 -2.237200368161996877e+01
-5.370453433588653347e-01 7.201316328091717130e-03 8.435226299684633888e-01 8.124458438326436749e+01 9.318721693608821716e-03 9.999531896060734892e-01 -2.603844571161978514e-03 -1.547012074713236096e+00 -8.435019100604840281e-01 6.462171025654790853e-03 -5.370873123029670237e-01 -2.290772809494246331e+01
-5.319497521035981835e-01 1.015081762910731607e-02 8.467150696070681049e-01 8.205566198655888854e+01 9.836862034135170421e-03 9.999347514481483623e-01 -5.807665199326123365e-03 -1.572856020480694283e+00 -8.467187898899547482e-01 5.239634244489939537e-03 -5.320148965353672654e-01 -2.338810736785280753e+01
-5.241404775738975896e-01 1.242891052187756334e-02 8.515411139682081965e-01 8.283058097372017414e+01 1.555940667081476096e-02 9.998663598080507198e-01 -5.016708297554689153e-03 -1.591236640931554591e+00 -8.514896808205738576e-01 1.062001564328656812e-02 -5.242638190105730622e-01 -2.386346250220797316e+01
-5.155154414227179904e-01 1.513879020239679817e-02 8.567465397456655030e-01 8.364759065165073082e+01 2.341714468642482061e-02 9.997193899148335561e-01 -3.574734213834500005e-03 -1.626663623933804592e+00 -8.565602600232805619e-01 1.821972810339195573e-02 -5.157252910366275644e-01 -2.436838546776069236e+01
-5.059438592062893703e-01 1.529856309935038322e-02 8.624307229087062598e-01 8.442241036458852932e+01 2.250176801857940723e-02 9.997365238106338259e-01 -4.533581164507404296e-03 -1.643755146961486169e+00 -8.622728651695457103e-01 1.711247961137107171e-02 -5.061548009773831902e-01 -2.479704561296156839e+01
-4.946279915623364998e-01 1.219368545651013103e-02 8.690192462344960012e-01 8.527973993064647118e+01 1.817877371695583374e-02 9.998279721795206854e-01 -3.682146540067013536e-03 -1.670346615181028449e+00 -8.689146647406218449e-01 1.397641256631812490e-02 -4.947645692578311882e-01 -2.528517984722438428e+01
-4.839317016554567918e-01 9.014706093585773614e-03 8.750593290511516908e-01 8.604059893849522211e+01 1.920365092731668097e-02 9.998155415956517800e-01 3.202222077710380026e-04 -1.697533477925345036e+00 -8.748950454569776047e-01 1.695930068884606706e-02 -4.840155528854641620e-01 -2.573147893564060595e+01
-4.724368227056113811e-01 8.007198583317004167e-03 8.813281564172267268e-01 8.687437599021266976e+01 1.953042703410054134e-02 9.998083027779431919e-01 1.385670541041103499e-03 -1.713664271090613811e+00 -8.811481281902530105e-01 1.786735816849917280e-02 -4.725026431260305748e-01 -2.614647277609859444e+01
-4.603020922860002195e-01 6.800793949045346939e-03 8.877362890090991776e-01 8.771489889700941944e+01 1.873370642980339354e-02 9.998223984854149871e-01 2.054190363163962453e-03 -1.735833169161589584e+00 -8.875646709566543668e-01 1.757614027909564988e-02 -4.603477472627285905e-01 -2.655167427300023419e+01
-4.483625802974177676e-01 8.803118101270566986e-03 8.938084175650924390e-01 8.853147304665789363e+01 2.245669609869348562e-02 9.997468102784669020e-01 1.418485333732162710e-03 -1.749075738478625075e+00 -8.935696428557631243e-01 2.070798091133148333e-02 -4.484467497055175667e-01 -2.698373071052755634e+01
