1 0 0 0 0 1 0 0 0 0 1 0
0.99987741 0.00079316127 0.015637962 -0.01223547 -0.0007827686 0.99999947 -0.00067069251 -0.0029451608 -0.015638487 0.00065836941 0.99987749 0.10152218
0.99932544 0.0028416517 0.036613991 0.0042993263 -0.0028258143 0.99999589 -0.00048429847 0.0052375924 -0.036615219 0.00038050748 0.99932937 0.24287529
0.9979601 0.0052027439 0.063628448 0.040473775 -0.0052521209 0.99998602 0.00060877755 0.0032778851 -0.063624397 -0.00094171998 0.99797347 0.40523205
0.99529033 0.0046657624 0.096826563 0.080491552 -0.0050368613 0.99998088 0.0035885387 0.0041943135 -0.096807976 -0.0040593398 0.9952948 0.57808431
0.99096791 0.0014065684 0.13409183 0.16593951 -0.0021624767 0.99998258 0.0054917661 0.0013118639 -0.13408178 -0.0057321345 0.99095369 0.78126358
0.98471849 -0.0017340937 0.17414502 0.23043821 0.00071161204 0.99998214 0.0059337054 -0.0048785578 -0.17415221 -0.0057191057 0.98470214 0.97532515
0.97619432 -0.0021294719 0.21688733 0.33642153 0.0006604388 0.99997635 0.0068455127 -0.0056556414 -0.2168968 -0.0065393098 0.97617264 1.1795198
0.96448714 -0.0022054897 0.2641206 0.41830566 -0.00048849528 0.99994853 0.010133717 0.0050364702 -0.26412938 -0.0099028617 0.96443642 1.372261
0.950036 -0.0058190625 0.3120861 0.55407113 0.00058702693 0.99985775 0.016856047 0.01269724 -0.31213982 -0.015830649 0.94990427 1.6237393
0.9329695 -0.015613088 0.35961665 0.69184123 0.0069466423 0.99965377 0.025378905 2.6676454e-05 -0.35988842 -0.021179616 0.93275493 1.8495167
0.91181349 -0.021490781 0.41004181 0.84119902 0.0099965952 0.99949524 0.030155226 -0.00060425157 -0.41048293 -0.02339692 0.91156808 2.0533509
0.88715439 -0.02325609 0.46088635 1.0261446 0.0086886935 0.99939408 0.033704159 0.0024074118 -0.46139096 -0.025896293 0.88681891 2.309151
0.85876418 -0.025211456 0.51175037 1.2130287 0.0064477434 0.99924134 0.038407864 0.020974437 -0.51233049 -0.029683663 0.85827523 2.5253102
0.82634878 -0.030504677 0.56233187 1.4394188 0.0075609051 0.99904284 0.043084051 0.023943998 -0.56310795 -0.031350715 0.82578847 2.7713472
0.79130455 -0.036333641 0.61034166 1.6635912 0.0099079764 0.99886371 0.046616724 0.023908428 -0.61134194 -0.030840775 0.79076539 2.9664954
0.75343909 -0.040636645 0.65626075 1.9208809 0.010896855 0.99872299 0.04933197 0.032467226 -0.65742744 -0.030017457 0.75291975 3.1759813
0.71315644 -0.044028399 0.69962086 2.2307925 0.012152192 0.99865216 0.050459676 0.049131488 -0.7008996 -0.027483715 0.71273027 3.4003502
0.67181702 -0.045790635 0.73930038 2.5095728 0.011358725 0.99860687 0.051529606 0.063481207 -0.74063008 -0.026220957 0.67140122 3.6053921
0.62859504 -0.046300369 0.77635333 2.8361742 0.0069644026 0.99852145 0.053911178 0.085746705 -0.77770163 -0.028481462 0.62798809 3.8136924
0.58716087 -0.047082069 0.80809983 3.1993319 0.0040521475 0.99846549 0.055229016 0.10114958 -0.80946016 -0.029153777 0.58645065 4.0387194
0.54705297 -0.048089932 0.83571547 3.5610635 0.0017784099 0.99841299 0.05628797 0.12080347 -0.83709614 -0.029306257 0.54627032 4.2208886
0.50800737 -0.050793424 0.85985375 3.9931025 0.0012131789 0.998301 0.058255048 0.1390898 -0.8613519 -0.028550837 0.50720589 4.4146942
0.47070658 -0.050585355 0.88083845 4.3885965 -0.0020396464 0.99828999 0.058420392 0.15879139 -0.8822875 -0.029295461 0.46979848 4.6198384
0.43509735 -0.04987067 0.89900119 4.8603288 -0.0032515626 0.99837135 0.056956759 0.17835596 -0.90037758 -0.027704893 0.43422657 4.8203762
0.40074899 -0.048737507 0.91489061 5.3683866 -0.0018298628 0.99853952 0.053995135 0.20318374 -0.9161861 -0.02331262 0.40007452 4.992963
0.37126997 -0.047091096 0.92733002 5.8541343 0.00025797958 0.99871831 0.050613006 0.2242918 -0.92852497 -0.018551857 0.37080627 5.1754564
0.34589461 -0.04515348 0.93718622 6.3973066 0.0012879726 0.99886328 0.047649708 0.24844805 -0.93827253 -0.015274706 0.34555958 5.3472183
0.32478814 -0.044617426 0.94473376 6.9948179 0.0024651341 0.99892319 0.046329174 0.27613599 -0.94578362 -0.01271827 0.32454839 5.5539802
0.30948527 -0.045087135 0.94983469 7.565003 0.003242479 0.99891951 0.046360613 0.30275769 -0.95089875 -0.011268107 0.30929706 5.7133191
0.29662873 -0.046496941 0.95386024 8.172544 0.0041382075 0.99886723 0.047403966 0.31838257 -0.95498395 -0.010114106 0.29648513 5.8803505
0.28657793 -0.048286369 0.9568393 8.8237634 0.0031726355 0.99877145 0.049452233 0.34771378 -0.95805172 -0.011136216 0.28637905 6.1006899
0.27617008 -0.050111664 0.95980145 9.4685136 0.0012324857 0.99865746 0.051785721 0.37524389 -0.96110803 -0.013118725 0.27586107 6.2877344
0.26527915 -0.051883391 0.96277464 10.160463 0.0005714695 0.9985594 0.053654352 0.40676625 -0.96417152 -0.013683184 0.26492663 6.4595769
0.25551921 -0.05387474 0.9653017 10.871283 -0.00029816077 0.99844174 0.055803253 0.43612525 -0.96680397 -0.014546617 0.25510498 6.655048
0.24518381 -0.05541753 0.96789138 11.59796 -0.00046279466 0.99835809 0.057279164 0.46495437 -0.96947654 -0.014491858 0.24475559 6.8373066
0.23472432 -0.05689041 0.97039574 12.373917 -0.0012552407 0.99826734 0.058828034 0.49655452 -0.97206121 -0.01502645 0.23424621 7.0186701
0.22560787 -0.059831509 0.97237914 13.114298 -0.0022495205 0.99807767 0.061934691 0.52945229 -0.97421564 -0.01616034 0.22503958 7.1951031
0.21315562 -0.063257287 0.97496827 13.907617 -0.0041951875 0.99783337 0.065657992 0.57459169 -0.9770093 -0.018085544 0.21242841 7.3834352
0.20135129 -0.066998814 0.97722502 14.710776 -0.0041296522 0.99759107 0.069246005 0.61385194 -0.97951043 -0.017978371 0.20058956 7.5401123
0.18722526 -0.069514594 0.97985424 15.446959 -0.0051573469 0.99740964 0.071745478 0.65373446 -0.98230351 -0.018486014 0.18638177 7.6962386
0.17393966 -0.070401075 0.98223653 16.270122 -0.0056469983 0.99735355 0.072484576 0.69020593 -0.98474016 -0.01815463 0.17308179 7.8363837
0.15930957 -0.069536576 0.98477665 17.061588 -0.0070297753 0.9974111 0.071565936 0.73066349 -0.98720369 -0.018323896 0.1584083 7.9565454
0.14308055 -0.068304612 0.98735118 17.864441 -0.0082752728 0.9974982 0.070205778 0.76570153 -0.98967649 -0.018215681 0.14215735 8.0782582
0.12120728 -0.066957785 0.99036628 18.693723 -0.011103359 0.99756843 0.068803614 0.80709164 -0.99256516 -0.019335891 0.12016909 8.1665217
0.097726488 -0.065597605 0.99304904 19.505702 -0.014911093 0.99761685 0.067366747 0.8447765 -0.99510164 -0.021390962 0.096515458 8.2755882
0.067688669 -0.065037933 0.99558436 20.33237 -0.019256531 0.99760199 0.066478966 0.88549199 -0.99752068 -0.023671373 0.066273944 8.3131743
0.033463837 -0.064833234 0.99733482 21.209919 -0.022147594 0.9976006 0.065593635 0.93241311 -0.99919455 -0.024283581 0.031947642 8.3378164
-7.1290264e-05 -0.064396904 0.99792432 22.023551 -0.023634369 0.99764572 0.064377237 0.96093094 -0.99972071 -0.023580722 -0.0015931042 8.3265737
-0.033738732 -0.063113774 0.99743585 22.878424 -0.024753962 0.99775067 0.06229638 0.99065289 -0.99912413 -0.022588688 -0.03522516 8.2836207
-0.068851421 -0.061040878 0.99575771 23.738375 -0.028124017 0.99784844 0.059224413 1.0207543 -0.99723047 -0.023927021 -0.070419999 8.2115272
-0.10056851 -0.057607704 0.99326091 24.587347 -0.02942904 0.99805773 0.054906197 1.0603607 -0.99449484 -0.02370888 -0.10206852 8.1330856
-0.13257304 -0.053388886 0.98973427 25.408003 -0.026851073 0.99837524 0.050258352 1.0834097 -0.99080951 -0.019912524 -0.13379119 7.9927402
-0.1646947 -0.047760397 0.98518756 26.255535 -0.022289523 0.99875213 0.044691827 1.1038939 -0.98609275 -0.014598853 -0.16555374 7.8538191
-0.19669741 -0.041681023 0.97957784 27.063643 -0.016288863 0.99909701 0.03924079 1.121215 -0.98032897 -0.0082376463 -0.19719873 7.6426388
-0.22400733 -0.036055733 0.97392023 27.881507 -0.010361198 0.99934705 0.03461393 1.1306109 -0.97453242 -0.0023372055 -0.22423465 7.4493885
-0.25264092 -0.029094321 0.96712254 28.677297 -0.0022327582 0.99956267 0.029486968 1.1497594 -0.96755757 0.005290265 -0.2525954 7.2199292
-0.28031698 -0.019006602 0.95971926 29.514668 0.0050307397 0.99976113 0.021268995 1.147479 -0.95989435 0.010790159 -0.2801544 6.9583773
-0.30304961 -0.003748945 0.95296737 30.27288 0.0086387101 0.99994037 0.0066809003 1.1334811 -0.95293566 0.010257054 -0.30299916 6.7280744
-0.32959518 0.012965183 0.94403329 31.022381 0.0091267556 0.99990274 -0.010546012 1.1146742 -0.94407828 0.0051400473 -0.32968146 6.4284724
-0.35457408 0.027877957 0.9346122 31.819317 0.0079963173 0.99960929 -0.026783062 1.0816802 -0.93499377 -0.0020231229 -0.35465847 6.1196084
-0.37862979 0.03887336 0.92473146 32.587519 0.01233736 0.99924081 -0.03695403 1.0466173 -0.92546602 -0.0025831505 -0.37882193 5.804895
-0.40227036 0.043450513 0.91448922 33.34523 0.016437178 0.99905491 -0.040238044 1.001469 -0.91537339 -0.0011549502 -0.40260439 5.464143
-0.42454334 0.04253541 0.90440788 34.063682 0.018407319 0.99909489 -0.038347969 0.95350089 -0.90522052 0.00036734998 -0.42494205 5.1133199
-0.44486316 0.039283323 0.89473657 34.807397 0.022679725 0.99921132 -0.032593913 0.91594956 -0.89531138 0.0057925496 -0.44540324 4.7250148
-0.46329691 0.037919657 0.88539144 35.525379 0.030057304 0.99918169 -0.027065057 0.87905842 -0.88569329 0.014073324 -0.46405755 4.3276009
-0.47711668 0.038658351 0.87798926 36.222765 0.033797957 0.99910014 -0.025624453 0.83435584 -0.87818986 0.01744839 -0.47799391 3.9266457
-0.48841938 0.0422042 0.87158778 36.935737 0.036451234 0.99894465 -0.027944598 0.78229436 -0.8718474 0.018121768 -0.48944232 3.5337083
-0.49859158 0.044853308 0.86567578 37.63717 0.038100638 0.99882922 -0.029808084 0.74291443 -0.86599933 0.018120741 -0.49971678 3.1368739
-0.50907993 0.0439599 0.85959589 38.296503 0.03176228 0.99897415 -0.032277101 0.68823789 -0.86013304 0.010871102 -0.50995396 2.7402167
-0.51983371 0.042933264 0.8531879 39.010868 0.030127017 0.99903638 -0.031916595 0.66084649 -0.85373611 0.0091126854 -0.52062624 2.3087126
-0.52849115 0.044455395 0.847774 39.67386 0.032241398 0.99895857 -0.032284316 0.61914994 -0.84832639 0.010271445 -0.52937407 1.8836456
-0.5356761 0.047504996 0.84308619 40.351308 0.036058584 0.99879246 -0.033367773 0.57453154 -0.84365334 0.012526176 -0.53674221 1.4509535
-0.53931574 0.05069976 0.840576 41.061747 0.036826383 0.99865099 -0.036606228 0.53454527 -0.84129805 0.01121306 -0.54045529 0.99649304
-0.53950778 0.05203834 0.84037093 41.744343 0.035968648 0.99860156 -0.038745035 0.48914967 -0.84121202 0.0093237586 -0.54062507 0.55280039
-0.53564609 0.053193335 0.84276549 42.484013 0.038773673 0.99851069 -0.038379772 0.44932725 -0.84355197 0.01211914 -0.53691085 0.088498347
-0.5297321 0.052016026 0.84656847 43.230631 0.037165436 0.99858254 -0.038100368 0.40284825 -0.8473504 0.0112801 -0.53091442 -0.36541948
-0.52299474 0.050525952 0.85083698 43.978437 0.034682962 0.99867619 -0.037986193 0.36085848 -0.85163 0.0096429689 -0.52405479 -0.81346633
-0.51591371 0.049843424 0.85518923 44.769624 0.032634825 0.99872472 -0.038521422 0.30962893 -0.85601874 0.0080352221 -0.5168824 -1.2735435
-0.50939924 0.048577511 0.85915806 45.569169 0.030294322 0.99879885 -0.038511256 0.26550312 -0.85999694 0.0064100075 -0.510259 -1.7553337
-0.50502369 0.046584078 0.8618474 46.372938 0.025865009 0.99891078 -0.03883622 0.21406274 -0.86271788 0.0026784808 -0.5056785 -2.2149537
-0.50380623 0.043104591 0.86274052 47.218581 0.020384456 0.99906934 -0.038012192 0.16256821 -0.86357618 -0.0015642819 -0.50421602 -2.6776652
-0.50335382 0.040932441 0.86311031 48.063687 0.018045754 0.99915748 -0.036860357 0.12061985 -0.86389197 -0.0029783249 -0.50366839 -3.1765236
-0.50514844 0.039731302 0.8621174 48.903632 0.016478944 0.99920167 -0.036393267 0.067824185 -0.86287517 -0.0041772168 -0.50539989 -3.6512615
-0.50582527 0.039078118 0.86175033 49.763545 0.016850177 0.99923039 -0.035421856 0.023582162 -0.86247141 -0.0033966231 -0.50609446 -4.1412676
-0.50599996 0.038193264 0.86168744 50.638772 0.016285064 0.9992641 -0.03472827 -0.03070813 -0.86237979 -0.0035398677 -0.50624958 -4.6521354
-0.50579466 0.037921279 0.86181998 51.517069 0.016966108 0.9992774 -0.034012334 -0.073798075 -0.86248709 -0.0025815256 -0.50607255 -5.1810859
-0.50631452 0.037229171 0.86154485 52.410108 0.016641775 0.99930344 -0.033401935 -0.12730799 -0.86218833 -0.0025742479 -0.5065814 -5.6847668
-0.50635548 0.035884522 0.86157783 53.310026 0.014749866 0.99934802 -0.032954016 -0.1827112 -0.86219872 -0.0039782889 -0.50655464 -6.2012582
-0.50625901 0.035154778 0.86166461 54.225206 0.014239851 0.99937332 -0.032406685 -0.2410936 -0.86226394 -0.0041362003 -0.50644235 -6.7244176
-0.50567089 0.034466273 0.86203768 55.104185 0.013088646 0.99939315 -0.032280269 -0.28904247 -0.86262721 -0.0050402861 -0.50581515 -7.2522984
-0.50453358 0.032881007 0.86276569 55.989114 0.012674178 0.99944895 -0.030678478 -0.34278081 -0.86329908 -0.0045434755 -0.5046723 -7.7533605
-0.50287004 0.030654581 0.86381824 56.874449 0.012819925 0.99952551 -0.028007371 -0.39974211 -0.86426699 -0.0030099823 -0.50302443 -8.2775869
-0.50000459 0.029688782 0.86551367 57.769334 0.013622345 0.99955818 -0.026417178 -0.44979909 -0.86591564 -0.0014183835 -0.50018812 -8.7818577
-0.49825179 0.029181785 0.86654112 58.65567 0.013587585 0.99957351 -0.02584909 -0.50562408 -0.86692594 -0.0011051532 -0.4984358 -9.261693
-0.49566833 0.029533313 0.86800958 59.558861 0.014268823 0.9995637 -0.025861262 -0.55072772 -0.86839471 -0.00043313217 -0.49587347 -9.7761436
-0.49490147 0.030199807 0.86842412 60.431232 0.014435676 0.9995437 -0.026532875 -0.59986685 -0.86882922 -0.00059486862 -0.4951116 -10.262478
-0.4950954 0.031573461 0.86826471 61.339044 0.01365958 0.99949884 -0.028556776 -0.65246454 -0.86873127 -0.0022781965 -0.49527856 -10.775407
-0.49841127 0.032772507 0.86632102 62.198361 0.011864099 0.9994495 -0.030983046 -0.70955758 -0.86685957 -0.0051641802 -0.49852571 -11.272136
-0.50240954 0.03381917 0.86396809 63.08264 0.010873776 0.99940287 -0.032797375 -0.75993228 -0.86456144 -0.0070831176 -0.50247728 -11.764012
-0.50851265 0.032347568 0.86044666 63.948577 0.01082382 0.99945528 -0.031176711 -0.80533099 -0.86098652 -0.0065404308 -0.50858578 -12.276235
-0.51292679 0.030066226 0.85790563 64.811363 0.014071543 0.99954666 -0.026617058 -0.86622941 -0.85831705 -0.0015805455 -0.51311733 -12.807622
-0.51945428 0.028054665 0.85403754 65.679465 0.011390052 0.99959943 -0.02590848 -0.91876797 -0.85442237 -0.0037307377 -0.51956575 -13.291046
-0.52397391 0.03009701 0.85120235 66.501603 0.012303361 0.99953867 -0.027768348 -0.96874778 -0.85164548 -0.004077239 -0.52410248 -13.811387
-0.52936677 0.032864299 0.84775627 67.339595 0.013086756 0.99944686 -0.030572967 -1.0161889 -0.84829218 -0.0050899327 -0.52950404 -14.331849
-0.53411961 0.0331045 0.84476048 68.179317 0.011438926 0.99942455 -0.03193295 -1.071029 -0.84533156 -0.0073928623 -0.53419094 -14.844375
-0.53759826 0.033377157 0.84254022 69.003949 0.010411895 0.99940284 -0.032947754 -1.1221095 -0.84313686 -0.0089402147 -0.53762475 -15.36461
-0.54074782 0.032381719 0.84056122 69.82081 0.010116584 0.99943686 -0.031994054 -1.1839833 -0.84112396 -0.0087971058 -0.54077089 -15.895999
-0.5435681 0.025548551 0.83897612 70.647803 0.011766782 0.99967038 -0.022818386 -1.229856 -0.83928262 -0.0025312964 -0.54368956 -16.427562
-0.54527034 0.017996688 0.83806701 71.467389 0.012959879 0.99983101 -0.013038347 -1.2639026 -0.8381601 0.0037518239 -0.54541143 -16.959707
-0.54698656 0.015384407 0.83699998 72.286548 0.01357075 0.99986269 -0.0095092901 -1.2926688 -0.83703142 0.0061572645 -0.54712023 -17.485725
-0.54844731 0.020363427 0.83593709 73.091849 0.013374399 0.99978917 -0.015580095 -1.333458 -0.83607819 0.0026352955 -0.54860403 -18.003815
-0.5497131 0.025365657 0.83496828 73.892601 0.013531298 0.99967812 -0.021460886 -1.38054 -0.83524396 -0.00049912478 -0.54987938 -18.52815
-0.5500884 0.03078726 0.83453869 74.694705 0.020117211 0.99951874 -0.023613282 -1.410779 -0.83486412 0.0037991994 -0.55044302 -19.051747
-0.54999916 0.031692766 0.83456362 75.476946 0.023322088 0.99947285 -0.022585372 -1.4521128 -0.83483954 0.0070418314 -0.55044837 -19.581208
-0.54883859 0.029091396 0.83542195 76.262726 0.023237927 0.99953899 -0.019539961 -1.4944645 -0.83560533 0.0086891907 -0.54926159 -20.109554
-0.54870384 0.023869567 0.83567594 77.075627 0.021312785 0.99966683 -0.014559719 -1.5225612 -0.83574513 0.0098216086 -0.54902976 -20.626379
-0.54798745 0.018080132 0.8362911 77.869563 0.019611443 0.99976927 -0.0087638563 -1.5541049 -0.83625666 0.011598393 -0.54821559 -21.14612
-0.54760675 0.01145607 0.83665737 78.671908 0.010767167 0.99991996 -0.0066442712 -1.5922778 -0.83666659 0.0053699831 -0.54768626 -21.644626
-0.54591442 0.0060516718 0.83781905 79.474462 0.0020246525 0.99998052 -0.0059037398 -1.6148038 -0.83783853 -0.0015266435 -0.54591604 -22.150492
-0.54402564 0.0065087914 0.83904331 80.263659 0.004716095 0.99997784 -0.0046993635 -1.643149 -0.83905538 0.0014004346 -0.54404428 -22.661033
-0.54151371 0.010098089 0.84063123 81.050402 0.010918501 0.999928 -0.0049782153 -1.6667779 -0.84062105 0.0064826617 -0.54158498 -23.162485
-0.53649842 0.012875195 0.84380307 81.829263 0.011505112 0.99990227 -0.0079419733 -1.6967886 -0.84382293 0.0054471935 -0.53659412 -23.649631
-0.52876298 0.015247969 0.84863252 82.608995 0.016891919 0.99982964 -0.0074396738 -1.7195125 -0.84860146 0.010401209 -0.52893047 -24.132123
-0.52029891 0.017929741 0.85379594 83.415994 0.024330737 0.99968495 -0.0061663869 -1.7558852 -0.85363758 0.017565121 -0.52057123 -24.636008
-0.51042415 0.01760292 0.85974255 84.220938 0.022882468 0.99971446 -0.0068836059 -1.7787424 -0.85961831 0.016159474 -0.51068121 -25.103838
-0.49993428 0.01436335 0.86594419 85.037829 0.01809842 0.99981739 -0.0061351599 -1.8061798 -0.86587426 0.012605046 -0.50010294 -25.563257
-0.48793414 0.011752689 0.87280128 85.846137 0.020160423 0.99979435 -0.0021921521 -1.827709 -0.87264763 0.016526418 -0.48807074 -26.014438
-0.47695256 0.010624032 0.87886479 86.668264 0.019949368 0.9998002 -0.0012595873 -1.8513671 -0.87870265 0.016932035 -0.47706921 -26.446681
-0.46552977 0.0099565935 0.88497618 87.489287 0.020061721 0.9997985 -0.00069522579 -1.8680349 -0.88480485 0.017430498 -0.46563571 -26.871156
-0.45334424 0.011837411 0.89125687 88.307304 0.023416721 0.99972486 -0.0013669659 -1.8877258 -0.8910279 0.020250609 -0.4534967 -27.291984
-0.44124012 0.014063556 0.89727883 89.134481 0.021942302 0.99974733 -0.0048793951 -1.9221108 -0.89712082 0.017535379 -0.44143722 -27.684117
-0.42962772 0.023903042 0.90268964 89.977639 0.024114153 0.99959679 -0.01499219 -1.9450362 -0.90268411 0.015326537 -0.4300309 -28.077331
-0.41749117 0.029339923 0.90820715 90.787716 0.024798333 0.99947421 -0.020888859 -1.9708884 -0.90834258 0.01380111 -0.41799924 -28.446979
-0.40608491 0.025035936 0.9134923 91.646852 0.021457841 0.99961026 -0.017857263 -2.0069095 -0.91358343 0.012350009 -0.40646386 -28.815825
-0.39385182 0.021501908 0.91892238 92.475253 0.023033468 0.99964329 -0.013518513 -2.0450469 -0.91888534 0.015841679 -0.39420659 -29.15965
-0.38387748 0.022290515 0.92311491 93.319863 0.020318064 0.99967045 -0.015689835 -2.0797489 -0.92316051 0.012732935 -0.38420387 -29.496401
-0.37711777 0.026800514 0.92577743 94.177166 0.015707545 0.99962254 -0.022539762 -2.1167771 -0.92603214 0.0060415467 -0.3773964 -29.837663
-0.37167437 0.030934052 0.9278476 95.019021 0.0068312058 0.99950877 -0.03058678 -2.1582283 -0.92833807 -0.0050300034 -0.37170311 -30.153577
-0.36800968 0.033436617 0.92922053 95.866622 0.0050379274 0.99941026 -0.03396706 -2.2016193 -0.92980835 -0.0078188608 -0.3679611 -30.47928
-0.36466098 0.033133828 0.93055061 96.706906 0.0040140286 0.99941334 -0.034012796 -2.2490323 -0.93113175 -0.008667882 -0.36458005 -30.806292
-0.35964135 0.032950545 0.9325086 97.574942 0.0029452056 0.9994114 -0.0341787 -2.3005801 -0.93308601 -0.0095456433 -0.35952671 -31.132072
-0.35441239 0.029296648 0.93463014 98.407674 0.0012801728 0.99952335 -0.030845328 -2.3418202 -0.93508839 -0.0097354776 -0.35428096 -31.424131
-0.34858799 0.025315662 0.93693407 99.263435 0.00077514906 0.99964261 -0.02672163 -2.3900678 -0.93727578 -0.008588575 -0.34848303 -31.749878
-0.34310353 0.022509094 0.93902781 100.09913 -4.9787751e-05 0.99971239 -0.023981932 -2.4297146 -0.93929763 -0.0082750369 -0.34300373 -32.044726
-0.33744261 0.020897452 0.94111408 100.94129 -0.0053846174 0.99969435 -0.024128916 -2.4755563 -0.94133074 -0.013209663 -0.33722695 -32.328619
-0.33125696 0.02018718 0.94332456 101.79473 -0.018225157 0.99944768 -0.027788144 -2.5127953 -0.94336459 -0.026397254 -0.33070609 -32.6075
-0.32440928 0.024082181 0.94561017 102.64057 -0.014295118 0.99943689 -0.030357211 -2.5570176 -0.94580883 -0.023365769 -0.32388234 -32.885933
-0.317537 0.028033611 0.94783136 103.50463 -0.012641501 0.99934892 -0.033792405 -2.6043604 -0.94816165 -0.022712349 -0.31697587 -33.167705
-0.31089916 0.026166516 0.9500826 104.35404 -0.01428993 0.99937927 -0.032200357 -2.6455919 -0.95033551 -0.023587678 -0.31033226 -33.430714
-0.30417906 0.021204022 0.95237882 105.20854 -0.014570918 0.99953172 -0.026907633 -2.6892575 -0.95250347 -0.022061772 -0.30372766 -33.705196
-0.29676199 0.018524072 0.95477175 106.06646 -0.014344578 0.99961257 -0.023852631 -2.7285406 -0.95484377 -0.020774352 -0.2963813 -33.962693
-0.29050862 0.021236997 0.95663664 106.92051 -0.017826278 0.99946006 -0.027601092 -2.7745216 -0.95670635 -0.025071625 -0.28997319 -34.212659
-0.28410389 0.024170704 0.95848875 107.78401 -0.017885093 0.99937465 -0.03050303 -2.820299 -0.95862672 -0.025808689 -0.28349393 -34.453768
-0.27712989 0.02511331 0.96050417 108.64303 -0.018935267 0.99932149 -0.03159153 -2.8576827 -0.96064591 -0.02694236 -0.27646632 -34.69479
-0.27023127 0.023918048 0.96249826 109.51072 -0.020292998 0.99932781 -0.030530727 -2.9088469 -0.9625816 -0.027782332 -0.26956425 -34.929274
-0.26289059 0.023811741 0.96453173 110.35398 -0.017021935 0.99942535 -0.02931263 -2.9510978 -0.96467553 -0.024124211 -0.2623342 -35.151298
-0.25482932 0.025263606 0.96665593 111.22613 -0.011657176 0.99950575 -0.029195195 -2.992709 -0.96691582 -0.01870827 -0.25440887 -35.373133
-0.24775159 0.02562762 0.96848454 112.09366 -0.0111514 0.99950842 -0.02930124 -3.0390937 -0.96875945 -0.018059386 -0.24734402 -35.605683
-0.24128348 0.024586993 0.97014313 112.94928 -0.017767633 0.99939952 -0.029747429 -3.0798446 -0.97029206 -0.02441471 -0.24070174 -35.795572
-0.2354114 0.02235941 0.97163854 113.82279 -0.022403716 0.99934483 -0.028425025 -3.1238492 -0.9716376 -0.028459888 -0.23475623 -35.993465
-0.23100806 0.022490249 0.97269182 114.70423 -0.020321359 0.99940319 -0.02793405 -3.1645953 -0.97273963 -0.026219411 -0.23041316 -36.196728
-0.22618154 0.022689955 0.97382082 115.54979 -0.017946833 0.9994619 -0.027455756 -3.2081787 -0.97391986 -0.023686985 -0.22565262 -36.386863
-0.2213867 0.024713016 0.97487287 116.43603 -0.016207386 0.99944753 -0.029016564 -3.2472807 -0.97505145 -0.022224022 -0.22086386 -36.587241
-0.21578778 0.02376211 0.97615107 117.29296 -0.010371038 0.99959168 -0.026625335 -3.2856222 -0.97638525 -0.015869121 -0.21545324 -36.772021
-0.21017959 0.022554469 0.97740255 118.16156 -0.0035133738 0.99970998 -0.023824745 -3.3263658 -0.97765652 -0.0084414549 -0.2100394 -36.969959
-0.20531852 0.021731228 0.97845387 119.05401 0.00045429816 0.99975546 -0.022109 -3.3694579 -0.97869514 -0.0040948766 -0.20527819 -37.158205
-0.20109899 0.023106541 0.97929832 119.90962 -0.0019764873 0.99971015 -0.023994028 -3.4061523 -0.97956897 -0.0067607446 -0.20099503 -37.320912
-0.19795914 0.025187977 0.97988656 120.77984 -0.0041874136 0.99963894 -0.026541662 -3.4448778 -0.98020137 -0.0093573543 -0.1977822 -37.488032
-0.19608479 0.024482268 0.98028123 121.65887 -0.0060122319 0.99963947 -0.026168355 -3.4839455 -0.98056855 -0.011024894 -0.1958669 -37.655999
-0.19497888 0.023155061 0.98053404 122.50905 -0.007578987 0.99965587 -0.025113696 -3.5280144 -0.9807782 -0.012328094 -0.19473629 -37.816251
-0.19403006 0.018897894 0.9808135 123.3992 -0.0068683064 0.99976376 -0.020621745 -3.5584357 -0.98097158 -0.010737765 -0.19385443 -37.986007
-0.19308188 0.013424161 0.98109077 124.26258 -0.0065204518 0.99986677 -0.014964316 -3.6014652 -0.98116102 -0.0092864926 -0.19296863 -38.144522
-0.1924111 0.011093353 0.98125166 125.12523 -0.0050610154 0.99991158 -0.012296709 -3.6318503 -0.9813014 -0.0073321524 -0.19233795 -38.309392
-0.19156474 0.016037889 0.9813489 125.99167 -0.0059363689 0.99982926 -0.017498719 -3.663085 -0.98146207 -0.009177786 -0.19143683 -38.474769
-0.19123248 0.019888619 0.98134321 126.82921 -0.0067106342 0.99974483 -0.021569247 -3.7022377 -0.98152187 -0.010710175 -0.19105022 -38.631691
-0.19133505 0.018793778 0.9813448 127.68462 -0.0097520217 0.99973092 -0.021047264 -3.7314658 -0.98147638 -0.013597175 -0.19110029 -38.784666
-0.19049891 0.017820402 0.98152561 128.55467 -0.011701736 0.99972297 -0.020421914 -3.771549 -0.9816177 -0.015375905 -0.19023761 -38.949997
-0.18994335 0.018517844 0.98162036 129.38324 -0.0061734737 0.99977982 -0.020054979 -3.808686 -0.98177568 -0.0098693166 -0.18978721 -39.112557
-0.1890376 0.020829184 0.98174887 130.23509 -0.0077920778 0.99971171 -0.022710669 -3.8474746 -0.98193898 -0.011943033 -0.1888208 -39.26858
-0.18925042 0.022090619 0.98168029 131.06557 -0.019020024 0.99947687 -0.026157812 -3.8789193 -0.98174467 -0.02362196 -0.18873126 -39.410033
-0.18880523 0.023440425 0.98173472 131.89927 -0.022752206 0.9993423 -0.02823649 -3.9170526 -0.98175099 -0.027667827 -0.18814773 -39.551914
-0.18873647 0.026729606 0.98166389 132.73741 -0.023210639 0.99922883 -0.031670397 -3.9641801 -0.98175348 -0.028762405 -0.18797051 -39.706349
-0.18809286 0.027686958 0.98176088 133.56036 -0.019775115 0.99929318 -0.03197005 -4.0084304 -0.98195219 -0.025427772 -0.1874124 -39.861625
-0.18650014 0.029051736 0.98202526 134.38278 -0.019319985 0.99926095 -0.033230758 -4.0529568 -0.98226499 -0.025170254 -0.18580103 -40.008483
-0.18462933 0.028175682 0.98240422 135.20461 -0.015447681 0.99938229 -0.031565796 -4.0912386 -0.98268686 -0.021003838 -0.18408004 -40.166269
-0.18144827 0.025378546 0.98307292 136.02057 -0.0065743332 0.9996133 -0.027018984 -4.1370103 -0.98337856 -0.011365596 -0.18121126 -40.315662
-0.17931032 0.020947995 0.98356947 136.82359 0.001105282 0.99977693 -0.02109168 -4.1706262 -0.98379199 -0.0026948333 -0.17929347 -40.473399
-0.17525931 0.020872894 0.98430098 137.64967 0.004657841 0.99978162 -0.020371822 -4.202409 -0.98451133 0.0010143668 -0.17531826 -40.618009
-0.17078435 0.024559644 0.98500226 138.45355 -0.0011955663 0.9996834 -0.02513299 -4.2558783 -0.98530775 -0.0054699559 -0.17070091 -40.745716
-0.16419487 0.028083626 0.98602803 139.2637 0.001306534 0.99959996 -0.028252608 -4.2892775 -0.9864271 -0.0033506534 -0.16416588 -40.876311
-0.1563322 0.02877675 0.9872852 140.07703 -0.0021953317 0.99956289 -0.029482232 -4.3270673 -0.98770213 -0.00677644 -0.1562007 -40.993319
-0.14644398 0.025206568 0.98889772 140.84436 0.0069249251 0.99967693 -0.024455825 -4.3536246 -0.98919477 0.0032666353 -0.14657122 -41.109534
-0.13404269 0.023582429 0.99069488 141.68461 0.013831623 0.99966395 -0.021924485 -4.3974635 -0.99087907 0.010764102 -0.13432383 -41.223189
-0.12081827 0.025699681 0.99234187 142.4569 0.012997964 0.99962007 -0.02430566 -4.4360221 -0.99258958 0.009961857 -0.12110641 -41.311749
-0.1066754 0.02718384 0.99392219 143.23477 0.012474894 0.99958411 -0.02599979 -4.4705316 -0.99421568 0.0096255366 -0.10697015 -41.393262
-0.09282061 0.027139978 0.99531285 143.99788 0.014845701 0.99955504 -0.025871176 -4.5022068 -0.99557221 0.01237474 -0.093182223 -41.457427
-0.078933542 0.028482351 0.99647286 144.79951 0.018121247 0.99946758 -0.027132511 -4.5424173 -0.99671521 0.015915667 -0.079407654 -41.517857
-0.065200114 0.034600418 0.99727212 145.58473 0.016221899 0.99930336 -0.033610328 -4.58802 -0.99774039 0.013986251 -0.065715979 -41.555756
-0.05239062 0.043716792 0.99766927 146.34605 0.0088741136 0.99902227 -0.043310071 -4.6324973 -0.99858728 0.00658439 -0.052727345 -41.577087
-0.038863844 0.052041274 0.99788838 147.11622 -2.4487844e-05 0.99864283 -0.052081572 -4.6786354 -0.99924456 -0.0020485254 -0.038809826 -41.589105
-0.025441223 0.053359293 0.99825119 147.87213 0.00072811831 0.99857518 -0.053358052 -4.7264228 -0.9996761 -0.00063064833 -0.025443828 -41.59714
-0.013923227 0.049222861 0.99869073 148.64852 0.00039234661 0.99878778 -0.049222173 -4.7752793 -0.99990303 -0.00029349771 -0.013925662 -41.589578
-0.0020744392 0.046611942 0.99891088 149.4291 0.0023468562 0.99891054 -0.046607051 -4.827292 -0.99999514 0.0022476175 -0.0021815722 -41.586042
0.0066704488 0.052676232 0.99858932 150.15596 -0.0042044951 0.99860423 -0.052648931 -4.8937585 -0.99996896 -0.0038473712 0.0068826138 -41.564866
0.013162974 0.061390761 0.99802697 150.92507 -0.010921767 0.99806277 -0.061248914 -4.9427929 -0.99985376 -0.010094 0.013807968 -41.538664
0.016012003 0.064455682 0.99779206 151.66053 -0.017192926 0.99779025 -0.06417966 -4.9962447 -0.99972401 -0.016127319 0.0170848 -41.516632
0.016061718 0.060324529 0.99804954 152.42661 -0.01940563 0.99800914 -0.060009789 -5.052429 -0.99968271 -0.01840392 0.017200375 -41.491623
0.014734342 0.054663457 0.99839607 153.20155 -0.013209412 0.99842802 -0.054470259 -5.122325 -0.99980423 -0.012385641 0.01543325 -41.480251
0.011498659 0.052258408 0.99856735 153.93363 -0.013971364 0.99854433 -0.052096319 -5.172209 -0.99983632 -0.013352309 0.012212041 -41.466203
0.0086468733 0.052265355 0.99859575 154.6781 -0.014718596 0.9985316 -0.052134547 -5.2243992 -0.99985433 -0.014247126 0.0094034473 -41.453278
0.005157059 0.052761346 0.99859379 155.41817 -0.013029858 0.99852588 -0.052690466 -5.2794055 -0.99990185 -0.012739807 0.0058369282 -41.449747
0.00052429561 0.050850828 0.99870608 156.17181 -0.011391487 0.99864176 -0.050841571 -5.332747 -0.99993502 -0.011350091 0.0011028485 -41.446014
-0.0049378634 0.05119906 0.99867622 156.91859 -0.01490095 0.99857379 -0.051267483 -5.3827309 -0.99987682 -0.015134375 -0.0041679078 -41.44444
-0.010887029 0.049390117 0.99872018 157.65545 -0.0138166 0.99867664 -0.049538577 -5.4316373 -0.99984532 -0.014338245 -0.01019022 -41.444463
-0.016735458 0.046366891 0.99878424 158.36712 -0.010665504 0.99885906 -0.046549072 -5.4799232 -0.99980311 -0.011431557 -0.016221839 -41.45822
-0.021963461 0.046462201 0.99867852 159.11847 -0.012522818 0.99882838 -0.046744579 -5.5303763 -0.99968038 -0.013532942 -0.021355891 -41.473379
-0.027807998 0.04764986 0.9984769 159.83567 -0.014069894 0.99874561 -0.048054534 -5.5764592 -0.9995143 -0.015384764 -0.027102689 -41.487364
-0.031574542 0.049855351 0.99825719 160.55619 -0.015648125 0.99860814 -0.050367822 -5.6285281 -0.99937894 -0.017211193 -0.030750453 -41.501372
-0.033257059 0.052097146 0.99808806 161.27814 -0.013672626 0.99852335 -0.052575448 -5.6794051 -0.99935335 -0.015394989 -0.032495647 -41.524517
-0.03551028 0.053881745 0.99791567 161.9898 -0.012532601 0.99844296 -0.054356179 -5.7360535 -0.99929077 -0.014436682 -0.034779712 -41.54651
-0.03476224 0.051987722 0.99804247 162.71862 -0.0086706408 0.99859281 -0.052318389 -5.7842158 -0.99935804 -0.010472372 -0.034262558 -41.576613
-0.030939038 0.048240193 0.99835644 163.42404 -0.0035430737 0.99882308 -0.048372539 -5.8294567 -0.99951504 -0.0050338495 -0.030731708 -41.592306
-0.023665388 0.047655996 0.99858338 164.12364 -0.0029756405 0.99885539 -0.047739495 -5.8847286 -0.99971555 -0.0041011981 -0.023496495 -41.609514
-0.01312405 0.048954431 0.99871474 164.82107 -0.0022713851 0.99879677 -0.048988298 -5.9371706 -0.99991134 -0.0029113899 -0.012997066 -41.612307
0.0011623393 0.049175283 0.99878945 165.5034 0.0014148061 0.99878908 -0.04917691 -5.9810131 -0.99999837 0.0014702545 0.0010913567 -41.606509
0.016641986 0.047093112 0.99875182 166.19215 -0.00055018244 0.99889048 -0.047090481 -6.0281507 -0.9998614 0.00023418426 0.01664943 -41.584983
0.032807913 0.041991746 0.99857912 166.89262 -0.004100609 0.99911425 -0.041879524 -6.0706064 -0.99945331 -0.002720802 0.032951043 -41.539894
0.049289915 0.035683803 0.99814683 167.56579 -0.0060749079 0.9993538 -0.035426963 -6.1082111 -0.99876608 -0.0043174573 0.049474839 -41.495871
0.06625344 0.028416564 0.99739806 168.24125 -0.0062041662 0.9995868 -0.028066802 -6.1458395 -0.99778358 -0.0043285004 0.066402363 -41.439958
0.084495077 0.020535174 0.99621223 168.93117 -0.0057562729 0.99978099 -0.02012051 -6.1778356 -0.99640731 -0.0040343846 0.084594777 -41.366917
0.10087496 0.01449475 0.99479348 169.57689 -0.0082081445 0.99987196 -0.013736416 -6.2111638 -0.99486529 -0.0067797473 0.10098102 -41.287183
0.1193415 0.011964406 0.99278113 170.25364 -0.0092522746 0.99989737 -0.010937957 -6.2409044 -0.9928102 -0.0078801307 0.11943995 -41.194261
0.13720389 0.011035049 0.99048132 170.88278 -0.0081348391 0.99991678 -0.010013311 -6.2581984 -0.99050946 -0.0066835402 0.13728224 -41.090872
0.15491054 0.010370839 0.98787403 171.52041 -0.0089189516 0.99991883 -0.0090986874 -6.2776024 -0.98788828 -0.0074013174 0.15499046 -40.975378
0.17092274 0.010025439 0.98523339 172.1645 -0.014699673 0.99986289 -0.0076241384 -6.2950889 -0.98517482 -0.01317947 0.17104668 -40.843211
0.18537729 0.0065319798 0.98264567 172.77919 -0.018113145 0.99983073 -0.0032291475 -6.3116578 -0.98250051 -0.017200193 0.18546423 -40.71121
0.19770743 0.0022580761 0.98025843 173.41062 -0.01246435 0.99992229 0.00021055102 -6.3285939 -0.98018187 -0.012259911 0.19772021 -40.576276
0.20895813 0.00043197943 0.97792445 174.04696 -0.0092502193 0.99995604 0.0015348308 -6.3461783 -0.97788088 -0.0093667303 0.20895294 -40.436512
0.21828039 0.0041230634 0.97587734 174.6423 -0.01494956 0.99988786 -0.00088064846 -6.3663485 -0.97577162 -0.014396708 0.21831755 -40.287024
0.22725833 0.010994025 0.97377241 175.25044 -0.017444079 0.99982179 -0.0072170385 -6.3821126 -0.9736783 -0.01534643 0.22740961 -40.13499
0.23644218 0.021232292 0.97141351 175.82094 -0.017869309 0.99968715 -0.017500879 -6.3980609 -0.97148127 -0.013220542 0.23674762 -39.978311
0.24480262 0.028035421 0.96916748 176.41272 -0.01433813 0.99957724 -0.025293416 -6.4154391 -0.96946695 -0.0077041537 0.2451011 -39.832324
0.2511989 0.026683142 0.96756759 177.02414 -0.013145243 0.99962181 -0.024154363 -6.4303133 -0.96784627 -0.006651361 0.25145466 -39.668304
0.25695635 0.018965777 0.96623685 177.63254 -0.0151556 0.99976355 -0.015593448 -6.4491379 -0.96630421 -0.010637064 0.25718302 -39.496514
0.26167537 0.0084244083 0.96511914 178.23232 -0.019989823 0.99979471 -0.0033071919 -6.4719883 -0.96494896 -0.01842715 0.26179005 -39.315065
0.26387987 -0.0010986022 0.96455489 178.84202 -0.017691378 0.99982562 0.0059787258 -6.4951945 -0.96439334 -0.01864197 0.26381442 -39.141057
0.26466964 -0.0020577467 0.96433691 179.45172 -0.015332244 0.99986234 0.0063416043 -6.5135524 -0.96421729 -0.016463878 0.26460166 -38.976452
0.26576607 0.0014375015 0.96403644 180.05466 -0.014157217 0.99989687 0.0024118953 -6.5127006 -0.96393363 -0.014289073 0.26575902 -38.814186
0.26716434 0.0011151126 0.9636503 180.65627 -0.010558306 0.99994269 0.001770097 -6.5263638 -0.96359318 -0.010647421 0.2671608 -38.647876
0.26894128 -0.0010458721 0.96315597 181.2694 -0.011383951 0.99992611 0.0042645321 -6.5236962 -0.96308934 -0.012111429 0.2689095 -38.470129
0.27156137 -0.0052928149 0.96240653 181.88332 -0.011524886 0.99989529 0.0087509535 -6.5397991 -0.96235216 -0.013468046 0.27147194 -38.288373
0.27500038 -0.010836742 0.961383 182.50747 -0.0096338866 0.99985522 0.014026143 -6.5494067 -0.96139589 -0.013119049 0.27485617 -38.103818
0.27905335 -0.013915319 0.96017473 183.12306 -0.0085853427 0.99981888 0.016985 -6.5539805 -0.96023726 -0.01298315 0.27888334 -37.921788
0.28502153 -0.01513291 0.95840161 183.74399 -0.0079155929 0.99980411 0.018140683 -6.5491019 -0.95848847 -0.012756802 0.28484591 -37.736358
0.29327271 -0.018554685 0.95584871 184.36221 -0.0061388642 0.99975448 0.021290493 -6.5505087 -0.95600916 -0.012111746 0.2930868 -37.533642
0.30288504 -0.020666997 0.95280295 184.97526 -0.0040189717 0.99972825 0.022962426 -6.5521889 -0.95301867 -0.010784263 0.30271967 -37.334551
0.31401277 -0.018886405 0.94923085 185.60217 -0.0048647091 0.99975699 0.021500983 -6.5541594 -0.94940634 -0.011369315 0.31384459 -37.110826
0.3254686 -0.015273857 0.94542944 186.21266 -0.0052275782 0.99982518 0.017952264 -6.5527548 -0.94553844 -0.010785204 0.32533185 -36.89007
0.33711164 -0.011372579 0.94139595 186.81817 -0.0075090991 0.99986275 0.01476788 -6.5521054 -0.94143477 -0.012047459 0.33697997 -36.657752
0.34855579 -0.010570086 0.93722839 187.44978 -0.0072136486 0.99987654 0.013959393 -6.5491326 -0.93726032 -0.011626463 0.3484365 -36.416604
0.35999861 -0.01385231 0.93284996 188.07821 -0.0057001751 0.99983844 0.017046822 -6.5519398 -0.93293547 -0.01145424 0.35986148 -36.163495
0.37106544 -0.015601386 0.92847561 188.69607 -0.006295018 0.99979362 0.019315564 -6.5506468 -0.92858542 -0.013012108 0.37089065 -35.903619
0.38225248 -0.015768177 0.92392334 189.3254 -0.0091173948 0.99974137 0.020834245 -6.5570617 -0.92401298 -0.016387715 0.38200985 -35.630316
0.39199999 -0.017743981 0.91979405 189.93994 -0.010665954 0.99965912 0.02383032 -6.545182 -0.91990343 -0.019151965 0.39167711 -35.352794
0.39929169 -0.016205321 0.91668068 190.58037 -0.015228736 0.99958861 0.024304386 -6.543889 -0.9166975 -0.023664427 0.39888064 -35.054376
0.40331758 -0.018694649 0.91486904 191.22121 -0.015287266 0.9995141 0.027163656 -6.5351852 -0.9149324 -0.024941426 0.40283582 -34.765739
0.4058082 -0.023940234 0.91364463 191.86293 -0.0099090648 0.99948288 0.030590705 -6.5267155 -0.91390458 -0.021467322 0.40536112 -34.472415
0.40597067 -0.021625833 0.91363016 192.52602 -0.0090210006 0.99957644 0.027668674 -6.5255398 -0.91384162 -0.019474528 0.40560363 -34.188827
0.40496 -0.022234155 0.91406398 193.18478 -0.0055255585 0.99962652 0.026763423 -6.5131841 -0.91431774 -0.01588883 0.4046859 -33.893499
0.40364923 -0.020705441 0.91467946 193.84575 -0.0030644121 0.99970768 0.023982539 -6.513685 -0.91490873 -0.012483488 0.40346778 -33.608563
0.40344981 -0.021834051 0.9147412 194.52778 -0.00013533257 0.99971382 0.02392196 -6.5006102 -0.91500181 -0.009775104 0.40333139 -33.315047
0.40274316 -0.028296634 0.9148755 195.21228 0.0033297651 0.99956071 0.029450087 -6.4963381 -0.91530701 -0.0088145001 0.40266046 -33.01522
0.40197181 -0.031250172 0.91511858 195.88988 0.0040404001 0.99946825 0.032355837 -6.4882531 -0.91564317 -0.0093086882 0.40188432 -32.711309
0.40040404 -0.033697187 0.91571886 196.57489 0.0046852587 0.99938584 0.034727357 -6.4762604 -0.91632676 -0.0096145934 0.40031601 -32.403656
0.39851539 -0.033929762 0.91653379 197.26177 0.0039850874 0.9993701 0.035263589 -6.4658062 -0.91715303 -0.010400615 0.39839957 -32.109209
0.39730119 -0.034221732 0.91704993 197.94955 0.0024452651 0.99934037 0.036233198 -6.4503369 -0.91768506 -0.012153062 0.39712279 -31.79803
0.39517552 -0.033072852 0.91801004 198.63969 0.0015977626 0.99937491 0.035316369 -6.4458829 -0.91860428 -0.012489402 0.39498134 -31.500937
0.39419505 -0.030152677 0.91853198 199.33261 0.0024821618 0.99949291 0.031745146 -6.4388479 -0.91902349 -0.010233834 0.39407001 -31.193678
0.39301656 -0.024002405 0.91921804 200.01895 0.0016155848 0.99967574 0.025412546 -6.437301 -0.91953001 -0.008502476 0.3929279 -30.911641
0.39182727 -0.020505921 0.91981021 200.70927 -0.00070982849 0.99974455 0.022590326 -6.422626 -0.92003856 -0.0095044127 0.39171262 -30.609002
0.39086264 -0.023222702 0.92015598 201.40137 -0.0018449116 0.99965991 0.026012884 -6.4168182 -0.92044721 -0.01186507 0.39068686 -30.309409
0.38927858 -0.026443915 0.92074037 202.09071 -0.0027580804 0.99954988 0.02987343 -6.4110502 -0.92111598 -0.014168562 0.38903043 -30.007068
0.38682462 -0.026278135 0.92177877 202.77062 -0.0063126382 0.99949501 0.031142775 -6.407997 -0.92213173 -0.017865647 0.3864634 -29.720257
0.382426 -0.026106553 0.9236172 203.46046 -0.0093134513 0.99944108 0.032106015 -6.4049988 -0.92393922 -0.020880238 0.38196911 -29.417506
0.37574497 -0.027085788 0.92632716 204.14451 -0.0096507188 0.99940422 0.033137169 -6.3946238 -0.9266729 -0.021390847 0.37525971 -29.148453
0.3671149 -0.027463895 0.92977003 204.83516 -0.0089496772 0.99941347 0.033054783 -6.3799026 -0.93013258 -0.020456045 0.36665378 -28.868941
