1.000000000000000000e+00 4.398956837314658088e-19 2.733407509747682871e-20 -8.673617379884035472e-19 -5.583667658079949532e-19 1.000000000000000000e+00 -6.100159232558060012e-19 0.000000000000000000e+00 4.145284534913582806e-20 -2.210423569125054137e-19 1.000000000000000222e+00 0.000000000000000000e+00
9.999426686357875127e-01 -9.346746744593584016e-04 1.066704455441670404e-02 7.506276735522103560e-02 9.313746481347449880e-04 9.999995168677637825e-01 3.143305917879203517e-04 -5.578816717392076630e-03 -1.066733338199122270e-02 -3.043775481831967962e-04 9.999430560486310959e-01 2.918776059418796698e-01
9.998536648446667563e-01 -2.374347048475586568e-03 1.694141068375151771e-02 1.007181410742009342e-01 2.364190565002064186e-03 9.999970133984377174e-01 6.195100612552324228e-04 -1.013683835272445599e-02 -1.694283131097034170e-02 -5.793666698245661427e-04 9.998562920653737418e-01 5.507346341069107032e-01
9.997876677236210430e-01 -6.084154097161116430e-03 1.968762475757435820e-02 8.268100409448503330e-02 6.110875334472618860e-03 9.999804868051841433e-01 -1.297382270296216968e-03 -1.445779503492004847e-02 -1.967934745686385906e-02 1.417415450216373725e-03 9.998053381513628546e-01 9.234321156570011180e-01
9.998256921476169623e-01 -6.675275822516044469e-03 1.743634266301493513e-02 8.780614151811290402e-02 6.710178248680948900e-03 9.999755969509639408e-01 -1.943964696034586152e-03 -1.785807406074202408e-02 -1.742294096541760137e-02 2.060626854756874952e-03 9.998460856179545164e-01 1.190930095399346245e+00
9.998865073365760248e-01 -1.064938854947482076e-02 1.065659427723097269e-02 8.185645417770717747e-02 1.068887700550707337e-02 9.999361907019684859e-01 -3.655463655835393660e-03 -1.957889823223564474e-02 -1.061698602079088824e-02 3.768955864996025376e-03 9.999365352691025333e-01 1.544867887107362669e+00
9.999372968747034518e-01 -1.110311826720168302e-02 -1.457086515194167941e-03 6.150764621289148831e-02 1.109591771984937310e-02 9.999266268952303749e-01 -4.860186938780091705e-03 -2.908246762488096715e-02 1.510942857497291633e-03 4.843714528695139583e-03 9.999871276584465507e-01 1.851080051278835015e+00
9.997947022948592277e-01 -1.084692213292242670e-02 -1.711424942406442398e-02 1.783431472386889927e-02 1.075809490603020155e-02 9.999282225574886995e-01 -5.273813499056563027e-03 -3.887922313085138970e-02 1.717022594513429451e-02 5.088614116205305779e-03 9.998396318288188533e-01 2.171688651920084645e+00
9.993323385471051257e-01 -6.249429147471974658e-03 -3.599752363069635280e-02 8.912292916774599422e-03 6.048945869561967587e-03 9.999655984011056598e-01 -5.675584387522497609e-03 -3.952031823170222558e-02 3.603175504030673576e-02 5.454047967966990478e-03 9.993357624248652149e-01 2.526237779691413721e+00
9.984279343554119945e-01 -3.758348187575056946e-03 -5.592436492180697521e-02 -4.885600394624808884e-02 3.404568102644759623e-03 9.999735960607978313e-01 -6.419976012920329718e-03 -5.535221966031189655e-02 5.594701776679996547e-02 6.219485088418214881e-03 9.984143675545137375e-01 2.869807797387480708e+00
9.971486183860579500e-01 -2.973290054996719379e-03 -7.540419218024406456e-02 -9.687839599601816287e-02 2.484601163593053077e-03 9.999753049550800243e-01 -6.573905495862866939e-03 -5.889140758186003910e-02 7.542187749844507516e-02 6.367811430097979931e-03 9.971313813006056348e-01 3.221219256416917975e+00
9.953208031439846337e-01 -3.280989057695940687e-03 -9.656983819523277945e-02 -1.385684464130204352e-01 2.682253468621562890e-03 9.999763731518502841e-01 -6.329190346054754460e-03 -6.512475516930371633e-02 9.658832422570065579e-02 6.040550003968084107e-03 9.953060874291127513e-01 3.608868064471542070e+00
9.932661427657197839e-01 -4.292505031670214473e-03 -1.157754017480462500e-01 -2.082779943511674781e-01 3.669910136795598039e-03 9.999776402679849685e-01 -5.590234148850874683e-03 -7.700421743137314534e-02 1.157968111499502462e-01 5.127704933428232567e-03 9.932596868701459858e-01 4.005358480275628352e+00
9.910717354873870288e-01 -4.116813097850574414e-03 -1.332661490486183042e-01 -2.925227092501891946e-01 3.486910637166483820e-03 9.999816212887737699e-01 -4.959690849603133611e-03 -8.239245598887279254e-02 1.332841202128486890e-01 4.450722186519707503e-03 9.910678760117055397e-01 4.390599642607289965e+00
9.887994165996085716e-01 -3.301088946390389432e-03 -1.492139938383234277e-01 -3.754452561100990460e-01 2.665270720665535460e-03 9.999864983308586197e-01 -4.460883750786316486e-03 -8.880633070610534363e-02 1.492267075547995536e-01 4.013223463715090422e-03 9.887948646614110881e-01 4.819099464054879434e+00
9.866548455202046597e-01 -2.659651667154109157e-03 -1.628039968327262277e-01 -4.600371057427952159e-01 1.953033629374378421e-03 9.999879668820277345e-01 -4.500194213228167657e-03 -9.414533000049923883e-02 1.628140095575647539e-01 4.122176635967962285e-03 9.866481676029232872e-01 5.229304171993253370e+00
9.845257046607357454e-01 -3.322511882869855996e-03 -1.752087241239405901e-01 -5.286378617831135607e-01 2.434838158117158622e-03 9.999830906223236004e-01 -5.281101111407796034e-03 -9.801265783111653973e-02 1.752233110044599529e-01 4.772774791663689925e-03 9.845171469674734999e-01 5.674519180066037727e+00
9.827722574300810088e-01 -6.424587027241914286e-03 -1.847089978121090603e-01 -6.372069222753226070e-01 5.195313615509881792e-03 9.999610252214808925e-01 -7.138399402457112040e-03 -1.139285454690485422e-01 1.847476632818547126e-01 6.055799614991758638e-03 9.827673321014941399e-01 6.108315525163138915e+00
9.812303395964581121e-01 -5.816185106868978702e-03 -1.927516322819834427e-01 -7.340230166805531420e-01 4.218861190856145957e-03 9.999532861145624674e-01 -8.696366618395819439e-03 -1.213806702515028979e-01 1.927932111138085380e-01 7.719946287943702835e-03 9.812090404613942329e-01 6.554953962944829016e+00
9.796239257596847105e-01 -5.726049132971667080e-03 -2.007589984940635064e-01 -8.382175529240802891e-01 3.638253212193541530e-03 9.999354160034173988e-01 -1.076693689760867614e-02 -1.210678591931177717e-01 2.008076881535154623e-01 9.817136831488423865e-03 9.795814908278553945e-01 7.024738944604073332e+00
9.780186715777303696e-01 -6.423608686781699141e-03 -2.084183635608998220e-01 -9.461644240865639821e-01 3.759556034908814390e-03 9.999061269090994131e-01 -1.317585300198956255e-02 -1.365794614418833763e-01 2.084834388077338729e-01 1.210266965855416078e-02 9.779510121489416452e-01 7.500802499247560817e+00
9.762525778944326493e-01 -9.897163924672635824e-03 -2.164092170166571349e-01 -1.057738190341461104e+00 6.791503166775372108e-03 9.998630763162232871e-01 -1.508986722741784310e-02 -1.449515318211862525e-01 2.165289360965883814e-01 1.326177782914862019e-02 9.761861227163102228e-01 8.019335549259110962e+00
9.744513299787062044e-01 -1.549674941706064360e-02 -2.240635068671380237e-01 -1.173679950848220743e+00 1.217634268135303795e-02 9.997947366695271176e-01 -1.619324507979342728e-02 -1.678520824959290891e-01 2.242684613791179615e-01 1.305125508867361651e-02 9.744400048963979266e-01 8.530735630929315860e+00
9.724670527993820590e-01 -1.634449734955573455e-02 -2.324665296324272268e-01 -1.307157054367814819e+00 1.232924166101471639e-02 9.997488377422852901e-01 -1.871499964824423559e-02 -1.842891868974315950e-01 2.327140340926522610e-01 1.533358446909626090e-02 9.724243213595405999e-01 9.028295128410727344e+00
9.703555766144945638e-01 -1.261322825276960796e-02 -2.413523567098911360e-01 -1.436677748899380047e+00 7.414588641218534601e-03 9.997207916985667575e-01 -2.243574174084921394e-02 -1.886840296239798431e-01 2.415679604248210655e-01 1.998111864322121498e-02 9.701781675157118423e-01 9.574005953894616283e+00
9.682857407516684001e-01 -9.145798475459251953e-03 -2.496779470108831944e-01 -1.598212919278843902e+00 2.880965347430199715e-03 9.996720573358353068e-01 -2.544558536646903887e-02 -2.027742555458030282e-01 2.498287914593402825e-01 2.391928396051485814e-02 9.679945476201889942e-01 1.010651208349481323e+01
9.659260347727768314e-01 -1.254395564642738978e-02 -2.585141060707020211e-01 -1.775840992931596363e+00 5.580994370919884796e-03 9.996020621635187675e-01 -2.765085547997634188e-02 -2.277063020670019866e-01 2.587580890887219986e-01 2.526591542624827269e-02 9.656116643597836280e-01 1.067651359660763077e+01
9.635908139955098317e-01 -1.382372782400180695e-02 -2.670236808954037366e-01 -1.921075895138430578e+00 6.237865087306842735e-03 9.995530623139882165e-01 -2.923635826666017359e-02 -2.595335315040866453e-01 2.673084980129103450e-01 2.650622857370792812e-02 9.632463798653246867e-01 1.122541020182924854e+01
9.614128581350723790e-01 -1.393873358582339329e-02 -2.747563034088901790e-01 -2.096120866283580852e+00 5.340610301811525400e-03 9.994730577387549442e-01 -3.201694431662784057e-02 -2.799694853995817190e-01 2.750578030938797269e-01 2.931413562848905405e-02 9.609806907933964304e-01 1.178475958865033846e+01
9.590810126464635044e-01 -1.362900210008893657e-02 -2.828035709444984835e-01 -2.291037407140619209e+00 3.744837878624470481e-03 9.993640152598581849e-01 -3.546182710829166862e-02 -2.984671805676319956e-01 2.831070263765387840e-01 3.295171158340681750e-02 9.585220905513269773e-01 1.240621164041697888e+01
9.568775040081635153e-01 -1.477561415868018126e-02 -2.901157040314137903e-01 -2.477273260813089184e+00 3.076771619962080217e-03 9.991650626167114524e-01 -4.073955215838178517e-02 -3.365266073564976979e-01 2.904754324824374012e-01 3.809014131527430069e-02 9.561240327985162102e-01 1.298845572328051468e+01
9.550641852159406087e-01 -1.627158653792171172e-02 -2.959520834551483959e-01 -2.685181274184434308e+00 2.213642460860162139e-03 9.988557206051843496e-01 -4.777393835783429882e-02 -3.724241290435851282e-01 2.963907944463061717e-01 4.497204556920311735e-02 9.540073448290908864e-01 1.360236236193767034e+01
9.536929365132036374e-01 -1.645699000183701785e-02 -3.003313976038718969e-01 -2.890044198031885614e+00 -3.252967746030807714e-04 9.984450488256360057e-01 -5.574386640126104131e-02 -4.021061680141290173e-01 3.007817783541511525e-01 5.326022870339718052e-02 9.522046375664233731e-01 1.421134416128302469e+01
9.524398379091131295e-01 -1.668713918695077444e-02 -3.042694407355477360e-01 -3.099198382887634828e+00 -3.131981342063773401e-03 9.979106844841680868e-01 -6.453260003002889156e-02 -4.524703961558202425e-01 3.047105955673461986e-01 6.241638563223671221e-02 9.503976271835237188e-01 1.482844151935000276e+01
9.510696991351247354e-01 -1.484631479500500562e-02 -3.086195267413292531e-01 -3.313441717029539824e+00 -8.170175325455674570e-03 9.972872633740033077e-01 -7.315300766045523817e-02 -4.982759143124054213e-01 3.088683811061364026e-01 7.209508502119561790e-02 9.483684009518781322e-01 1.547742566947908571e+01
9.496576183235460045e-01 -1.412754982430968267e-02 -3.129709542511888154e-01 -3.543631041867197240e+00 -1.165841015323971185e-02 9.966971975542276985e-01 -8.036652189602620788e-02 -5.554421507684079717e-01 3.130726604036151994e-01 7.996942398796558216e-02 9.463563824714933403e-01 1.612710084721461001e+01
9.481321148808756760e-01 -1.307521399116152831e-02 -3.176075083523170473e-01 -3.781298441073157157e+00 -1.526761640532473506e-02 9.961274021813864010e-01 -8.658578690409216017e-02 -6.213926443284528700e-01 3.175096753135446259e-01 8.694387538091959133e-02 9.442607535970835020e-01 1.678462373016465392e+01
9.464712325586643882e-01 -1.225279682004970505e-02 -3.225555342854662388e-01 -4.029566951745677805e+00 -1.866499821951328464e-02 9.955297966832087342e-01 -9.258532139388152282e-02 -6.870216303834918437e-01 3.222480800857659977e-01 9.364984230642810215e-02 9.420116157179551086e-01 1.746024295845901619e+01
9.448139151251278012e-01 -1.004562420567106998e-02 -3.274534301931031899e-01 -4.271630990641692271e+00 -2.341316746435373811e-02 9.949034166502606080e-01 -9.807657778406426996e-02 -7.650938004918382829e-01 3.267697824959136521e-01 1.003308380687531060e-01 9.397633928133730663e-01 1.814001198870121101e+01
9.430350059357327508e-01 -7.121152522843436465e-03 -3.326172942315965830e-01 -4.530375967164025575e+00 -2.813937753409438344e-02 9.944810918638264940e-01 -1.010719216538321225e-01 -8.401446043284445109e-01 3.315013641464166771e-01 1.046740045198040620e-01 9.376300980141210051e-01 1.883311999167031914e+01
9.413939538469712209e-01 -6.641248384721167887e-03 -3.372437027964830247e-01 -4.800893308518467073e+00 -2.976141213247321046e-02 9.942714944749921901e-01 -1.026569706021554229e-01 -9.150674862308435520e-01 3.359935765338719071e-01 1.066775009535079061e-01 9.358035209015846956e-01 1.951613376054889315e+01
9.392721303956115264e-01 -6.090164041830922748e-03 -3.431191811642139156e-01 -5.092598430214486882e+00 -3.076917416866968222e-02 9.943209667928381013e-01 -1.018777351130574493e-01 -1.005992792734932140e+00 3.417910538720796421e-01 1.062484118162859426e-01 9.337505839174239375e-01 2.023287459800436494e+01
9.369623117563001813e-01 -6.092579166051639329e-03 -3.493773093146907427e-01 -5.360096939588740561e+00 -3.096597959900778199e-02 9.944665034926558622e-01 -1.003866601501073597e-01 -1.094720834461527792e+00 3.480556507905183672e-01 1.048773284490921998e-01 9.315889718626259031e-01 2.095562754547868423e+01
9.345135189855412472e-01 -5.923302926213770692e-03 -3.558783425066301964e-01 -5.641690882822395281e+00 -3.124551997895942679e-02 9.946361366751054200e-01 -9.860361607117303084e-02 -1.179790743902396466e+00 3.545535248413248519e-01 1.032660167323165984e-01 9.293158399921017665e-01 2.168562287451101867e+01
9.314851987111470999e-01 -5.272650384532370609e-03 -3.637410081111857041e-01 -5.938661182588383269e+00 -3.157223855607627777e-02 9.949502698902488174e-01 -9.527410038856953811e-02 -1.267970676264162266e+00 3.624065673879847127e-01 1.002305328099581672e-01 9.266149809699569806e-01 2.239264637635779920e+01
9.278992563803720728e-01 -2.830570004594449521e-03 -3.728202717051324888e-01 -6.257800663476150049e+00 -3.302235019666976967e-02 9.954171165976037905e-01 -8.974568730931958838e-02 -1.344957408608639104e+00 3.713657176555965611e-01 9.558635863478305572e-02 9.235533307082911536e-01 2.318057305677057300e+01
9.244564085889586114e-01 2.024608758195875041e-05 -3.812877459303264938e-01 -6.580805874068778039e+00 -3.487333872091612913e-02 9.958130559128556269e-01 -8.449975118495332838e-02 -1.426109759016666700e+00 3.796896111509668326e-01 9.141311371781635220e-02 9.205864678596734629e-01 2.390990327746451882e+01
9.210303097376308923e-01 3.537373273838016405e-03 -3.894748418047426775e-01 -6.908157515545893190e+00 -3.784824570248222775e-02 9.960392384520572184e-01 -8.045710536759849429e-02 -1.495385740696544064e+00 3.876476246366464817e-01 8.884437264853030369e-02 9.175162122029827394e-01 2.465211205730031097e+01
9.171699886960897885e-01 4.164771440332256172e-03 -3.984744198122198711e-01 -7.254643480307923831e+00 -3.860162397431207704e-02 9.961713903685078808e-01 -7.843771851113236215e-02 -1.576593140361855161e+00 3.966221484209930814e-01 8.732248155850388938e-02 9.138192703255650917e-01 2.539653497864212639e+01
9.131078424550957973e-01 5.022613130520037911e-03 -4.076871815441635016e-01 -7.602676362803610921e+00 -4.020797953964765775e-02 9.961592304718434043e-01 -7.778242718910112485e-02 -1.654869594119391829e+00 4.057306849379045399e-01 8.741602255924425802e-02 9.098027553576182314e-01 2.616910068367366193e+01
9.092361046001232738e-01 5.171112355687165762e-03 -4.162486782545030128e-01 -7.966122331310231175e+00 -4.073340919809603083e-02 9.962295022730381922e-01 -7.660005372712788696e-02 -1.723175660365273032e+00 4.142831131616215301e-01 8.660276262101418432e-02 9.060184695360341545e-01 2.692429150157015982e+01
9.053104214273079986e-01 4.769534172810603254e-03 -4.247237793292644725e-01 -8.346721503625159855e+00 -4.045212364351797457e-02 9.963599905573566895e-01 -7.503595781622270089e-02 -1.792235178967869658e+00 4.228199014329031558e-01 8.511181382616408997e-02 9.022080213091195899e-01 2.772409304835324306e+01
9.016497224293640311e-01 5.285273854195973557e-03 -4.324347813593937828e-01 -8.748074873551697550e+00 -4.065285578942998135e-02 9.965334730848955935e-01 -7.258362347565835981e-02 -1.866604619767357587e+00 4.305521175952191082e-01 8.302471313595509439e-02 8.987389914639393185e-01 2.848988441752126732e+01
8.976969302444696153e-01 6.614340603080249605e-03 -4.405638069578137195e-01 -9.122758103030406573e+00 -4.089234550059643591e-02 9.968225219122542891e-01 -6.835697442314446481e-02 -1.935464947192626628e+00 4.387117963202167847e-01 7.937953383933367413e-02 8.951149944222173138e-01 2.926784795819513363e+01
8.937826558407855337e-01 7.492582013066352055e-03 -4.484377563007073131e-01 -9.536544620621286938e+00 -3.987685987155257378e-02 9.972281001641665199e-01 -6.281681587513072984e-02 -1.992968843528918566e+00 4.467240792736622002e-01 7.402687036634016116e-02 8.916039611009377586e-01 3.008311110299186453e+01
8.901294056104900321e-01 7.499220905208943411e-03 -4.556461332842340894e-01 -9.971140178046985270e+00 -3.831992698886182991e-02 9.975550773051264919e-01 -5.844186004072626089e-02 -2.069460828201139080e+00 4.540938530865299416e-01 6.948114492570593714e-02 8.882404782482109518e-01 3.088390809008836513e+01
8.863630660526333749e-01 6.354229516409378234e-03 -4.629472265903813999e-01 -1.040678610328605558e+01 -3.665421540593091082e-02 9.977304348747818574e-01 -5.648404979803203080e-02 -2.131345582374151615e+00 4.615376330180178677e-01 6.703434312358114155e-02 8.845843172832001944e-01 3.169322937763874748e+01
8.832235986130445582e-01 6.550336479061012566e-03 -4.689063483745508631e-01 -1.085394378867486331e+01 -3.679360431058201902e-02 9.977880117234061430e-01 -5.536528161342817861e-02 -2.194787098019497673e+00 4.675064798338530170e-01 6.615267808872146715e-02 8.815109295005267853e-01 3.250075846422667070e+01
8.800784206519237651e-01 6.890072453276143739e-03 -4.747783650332871308e-01 -1.128826861369297596e+01 -3.668607787596769171e-02 9.978925445824615714e-01 -5.352196953741924362e-02 -2.253403159646962362e+00 4.734090286801663772e-01 6.452128665681654274e-02 8.784764650044005752e-01 3.332931539302450830e+01
8.770703796322621981e-01 5.411056916141073619e-03 -4.803314116730484362e-01 -1.175668233858992551e+01 -3.473776894389345865e-02 9.980329677203337857e-01 -5.218699852048619414e-02 -2.310688779431827822e+00 4.791042056951981265e-01 6.245731233925623516e-02 8.755331225904837700e-01 3.416770778715773815e+01
8.744010434951233757e-01 4.660188538393605744e-03 -4.851815053137064626e-01 -1.224034144236755850e+01 -3.410839899858376240e-02 9.980704652956556844e-01 -5.188413517978176376e-02 -2.373240680460415586e+00 4.840035492277383056e-01 6.191630644315493370e-02 8.728728085747972099e-01 3.500584619359419492e+01
8.725627603099855856e-01 4.237829307292980373e-03 -4.884836388112227534e-01 -1.271627263843399369e+01 -3.409332469899179624e-02 9.980523525354031422e-01 -5.224123725865721657e-02 -2.434654599933133934e+00 4.873108638197722331e-01 6.223778962408267612e-02 8.710077980258644770e-01 3.583282579929206690e+01
8.709577240199103398e-01 4.434744320405518969e-03 -4.913379399405587988e-01 -1.322820707810728180e+01 -3.479470985476788153e-02 9.980056052863827132e-01 -5.267010580315561324e-02 -2.490053708758250384e+00 4.901244481214039883e-01 6.296939667074859248e-02 8.693749968582127341e-01 3.670760945160763100e+01
8.703740124022040225e-01 4.284461552371190279e-03 -4.923725389560377752e-01 -1.372011843320065161e+01 -3.421879732079613490e-02 9.980708396413209282e-01 -5.180417964800678593e-02 -2.553063900638219419e+00 4.912007287993419014e-01 6.193740794166390645e-02 8.688415311603875368e-01 3.759117699583701722e+01
8.701565366008694458e-01 3.959399489363524260e-03 -4.927594952448656196e-01 -1.423532610388883590e+01 -3.309171353135230420e-02 9.981799454139751449e-01 -5.041562385317590461e-02 -2.610527190520565366e+00 4.916630389233214715e-01 6.017574080814520887e-02 8.687038281991004141e-01 3.848188411756561322e+01
8.700538959707150299e-01 2.716981267947048920e-03 -4.929491163447031754e-01 -1.474594679912089745e+01 -3.139245082932656805e-02 9.982604649166575417e-01 -4.990549339597845357e-02 -2.673011144728434818e+00 4.919560302311721256e-01 5.889534995356979219e-02 8.686257000752338753e-01 3.936530391272996354e+01
8.694996666786845019e-01 1.538394835456391137e-03 -4.939311269370080248e-01 -1.525975697812039478e+01 -3.033181171656190375e-02 9.982741666448888829e-01 -5.028587734557392330e-02 -2.738926957931042683e+00 4.930013330667538662e-01 5.870537962984806457e-02 8.680457181356712182e-01 4.026204875273726458e+01
8.683057578932545928e-01 -2.451794520103897212e-04 -4.960292792081336666e-01 -1.579232567794773701e+01 -2.875303698307377434e-02 9.982935338742789932e-01 -5.082600847866380889e-02 -2.797040701998373624e+00 4.951952920548691184e-01 5.839486411503767849e-02 8.668169745612833710e-01 4.118494497559204603e+01
8.667576559447739415e-01 -1.186612769047910073e-03 -4.987281352593296857e-01 -1.633221306246371896e+01 -2.692180998995981692e-02 9.984278265464717750e-01 -4.916392346176168271e-02 -2.860910338928460916e+00 4.980023952311092295e-01 5.603987121997388438e-02 8.653630174927371410e-01 4.208339748839949124e+01
8.648781727811449827e-01 -4.400437190617753343e-04 -5.019816208150892356e-01 -1.686312423306005925e+01 -2.596551366081259124e-02 9.986217137577911851e-01 -4.561211415149498544e-02 -2.924350180855803671e+00 5.013098264056227160e-01 5.248313260981609524e-02 8.636746978273519559e-01 4.302851530135837521e+01
8.617705270416643470e-01 -7.450860018023468473e-04 -5.072977414697958931e-01 -1.741472895360669781e+01 -2.334199507698601211e-02 9.988815543830805721e-01 -4.111923663067909573e-02 -2.984671694217833959e+00 5.067610026296291981e-01 4.727668758741083305e-02 8.607892924818352220e-01 4.394269370652096995e+01
8.579072365889621743e-01 -2.286436881470507460e-03 -5.137995138456769029e-01 -1.797033858677797724e+01 -2.071319594089466101e-02 9.990232880649136948e-01 -3.903118567247232384e-02 -3.048458697852420407e+00 5.133869309163315853e-01 4.412756659278913030e-02 8.570219496491420230e-01 4.483397715086141488e+01
8.527278137466576258e-01 -4.700895748949487571e-03 -5.223343487644270811e-01 -1.852563388239716602e+01 -1.945792270955823411e-02 9.989796364283870522e-01 -4.075629127750170222e-02 -3.109824450912697102e+00 5.219929778931358122e-01 4.491756449293912018e-02 8.517662524071170083e-01 4.574159619067894766e+01
8.469444576906333122e-01 -8.216044817234050002e-03 -5.316178859672678891e-01 -1.910464714777181072e+01 -1.785123158276126151e-02 9.988774390540111625e-01 -4.387704762278831633e-02 -3.179793324236662944e+00 5.313816174350223243e-01 4.665145625886487485e-02 8.458470451371378207e-01 4.662889109444960667e+01
8.408058940948037741e-01 -8.213766369771603043e-03 -5.412744006479206504e-01 -1.970069324826740598e+01 -1.844891151351293543e-02 9.988692624397591535e-01 -4.381591316615235376e-02 -3.233212956557825368e+00 5.410222643484485783e-01 4.682660151964063849e-02 8.397036289909241003e-01 4.752854650317181751e+01
8.351363276263042978e-01 -5.127034645678555692e-03 -5.500191105030211025e-01 -2.029309111454601222e+01 -1.941713951007875347e-02 9.990585058281417075e-01 -3.879531750131810786e-02 -3.276153668247316464e+00 5.497001851284781804e-01 4.307917669725988552e-02 8.342505000576984076e-01 4.838798681959157477e+01
8.299239422105794128e-01 -1.202286305565440682e-03 -5.578752536329019129e-01 -2.087273050774821570e+01 -2.134817957733922689e-02 9.991967919596301817e-01 -3.391203631558570297e-02 -3.350635939665103091e+00 5.574679453332335166e-01 4.005403183479062240e-02 8.292316747786979692e-01 4.927165114643472066e+01
8.257658435430047517e-01 -7.975989386059848755e-04 -5.640125258473208669e-01 -2.149475388689079125e+01 -2.302813557897721852e-02 9.991174679899296196e-01 -3.512819627040122961e-02 -3.397209758766668752e+00 5.635427946671308641e-01 4.199582142226469111e-02 8.250187123203536199e-01 5.017859160060368851e+01
8.222692532697171153e-01 -2.661088130698194276e-03 -5.690924243706343422e-01 -2.212902419409173049e+01 -2.408078662552790364e-02 9.989307500187015743e-01 -3.946482518788637511e-02 -3.446518044756359700e+00 5.685889514835741343e-01 4.615490549780941476e-02 8.213259615803794045e-01 5.103995993795856378e+01
8.194534784431041219e-01 -4.994792098120453237e-03 -5.731239328270910649e-01 -2.273879327778810477e+01 -2.619719727672900969e-02 9.985905086226917193e-01 -4.615953844350532270e-02 -3.523853018898405409e+00 5.725466867445596630e-01 5.283983505152989313e-02 8.181676170711947860e-01 5.189122574773190166e+01
8.162921205973938665e-01 -5.769158096625820985e-03 -5.776104952597771458e-01 -2.336059332448364856e+01 -2.689983460266801019e-02 9.984856144508050813e-01 -4.798829731776534796e-02 -3.577899000790131012e+00 5.770126322832024313e-01 5.471009576094864463e-02 8.149007510073529303e-01 5.276786842286228563e+01
8.130408095062057194e-01 -4.771443645628627162e-03 -5.821871424859710320e-01 -2.398961206422151449e+01 -2.576181213956589208e-02 9.986921637099340776e-01 -4.416210168923644791e-02 -3.641162281327838812e+00 5.816364640132437591e-01 5.090378665440581374e-02 8.118545650025680294e-01 5.360778159263686149e+01
8.096953088365423934e-01 -3.119303965914211815e-03 -5.868422020993643295e-01 -2.465112030062111614e+01 -2.409782753257794924e-02 9.989657190624759986e-01 -3.855887564763754022e-02 -3.702441935442835952e+00 5.863555293576742100e-01 4.536256279752961390e-02 8.087826887793445607e-01 5.449507656529318211e+01
8.067359113954161165e-01 -1.028314433653034930e-03 -5.909112497832808009e-01 -2.529315641605446885e+01 -2.487554779907463071e-02 9.990529217952550667e-01 -3.569967257712058917e-02 -3.761542946124833975e+00 5.903883312853632770e-01 4.349944880659815244e-02 8.059462903330141259e-01 5.536139815574978229e+01
8.038720627388415974e-01 -7.394370385594442813e-04 -5.948017763798170154e-01 -2.592082066485057723e+01 -2.574126572032020902e-02 9.990190904292031160e-01 -3.603115661533191905e-02 -3.816381431532013924e+00 5.942449826414417657e-01 4.427539064618635917e-02 8.030645037199474201e-01 5.619237835758869437e+01
8.001171244365780089e-01 -2.129587311157803142e-03 -5.998400162877174369e-01 -2.658132146476868485e+01 -2.551432253230840469e-02 9.989678583803022205e-01 -3.757974610757522371e-02 -3.862157846903754521e+00 5.993009361237738863e-01 4.537270992102220707e-02 7.992369561075413076e-01 5.704787532267092587e+01
7.962241524752651234e-01 -4.184468236598745151e-03 -6.049872579089859981e-01 -2.722617653471747090e+01 -2.518630456413718799e-02 9.988799326662826106e-01 -4.005658779530299474e-02 -3.931884228495998279e+00 6.044772573828953721e-01 4.713141590173655637e-02 7.952269373603624292e-01 5.791906514566271369e+01
7.922179540172237244e-01 -4.877817332790894238e-03 -6.102187420186230282e-01 -2.788313666145113601e+01 -2.497506957826511886e-02 9.988710632856326876e-01 -4.040847530314633368e-02 -3.980214554912094194e+00 6.097269593484961892e-01 4.725257506490878473e-02 7.912017671032336441e-01 5.874510023821004268e+01
7.874810170270848397e-01 -5.120161952012996023e-03 -6.163176328092323519e-01 -2.858496660169557302e+01 -2.445305700482839142e-02 9.989186216446853672e-01 -3.954282969082891647e-02 -4.042164141934780019e+00 6.158536365706093196e-01 4.621007783006543523e-02 7.865042493441063431e-01 5.962085301274570526e+01
7.827697023763349193e-01 -5.050498239127748472e-03 -6.222909915196186414e-01 -2.926068888876459440e+01 -2.456678200415686117e-02 9.989368008527890197e-01 -3.900950102001318059e-02 -4.097388002890532732e+00 6.218264004055449323e-01 4.582314250729987992e-02 7.818133886716795988e-01 6.043868041845789207e+01
7.772589803221128246e-01 -5.936193420113740002e-03 -6.291527887431136445e-01 -2.995353027920945976e+01 -2.428293120806371969e-02 9.989274539659468433e-01 -3.942437076326165551e-02 -4.159897225819399580e+00 6.287120349454153878e-01 4.592061997563388204e-02 7.762811869831034439e-01 6.128946235068420378e+01
7.718644939472495414e-01 -7.310376663824892998e-03 -6.357450382805367450e-01 -3.065399600341316244e+01 -2.394950966777844442e-02 9.988898959941827638e-01 -4.056348987821523783e-02 -4.215241008247429200e+00 6.353358405111559915e-01 4.653529939710955576e-02 7.708325650273060159e-01 6.211914296441446481e+01
7.666374798956893111e-01 -8.577139405297671410e-03 -6.420228962279589391e-01 -3.134500856929034285e+01 -2.331510353949951472e-02 9.988794700355483336e-01 -4.118507412124240014e-02 -4.282484760429433379e+00 6.416567515209971040e-01 4.654285159855758164e-02 7.655784636263878173e-01 6.293055055315525692e+01
7.608185930673109221e-01 -9.655852237714762296e-03 -6.488927684819936204e-01 -3.206671476671758114e+01 -2.333438647526952375e-02 9.988357076315694805e-01 -4.222245385326187095e-02 -4.336798643049466051e+00 6.485449725417735678e-01 4.726514244353714755e-02 7.597074652993554000e-01 6.378044927064301817e+01
7.547748887772264270e-01 -1.179282578340934938e-02 -6.558778761335407603e-01 -3.277749098362989599e+01 -2.195982281190072063e-02 9.988237698372457452e-01 -4.323011713992655491e-02 -4.403754401615010750e+00 6.556162293378827721e-01 4.703196866198862403e-02 7.536281323336657678e-01 6.457924227867491140e+01
7.484732733657070147e-01 -1.270785472678849677e-02 -6.630431819957006701e-01 -3.353507979120179527e+01 -2.131141787683643596e-02 9.988390746813646803e-01 -4.320099991961271618e-02 -4.464639720116098331e+00 6.628224418400822104e-01 4.646518399356739520e-02 7.473335303114515549e-01 6.541572231217806177e+01
7.423946185652661178e-01 -1.292397657844727467e-02 -6.698381839683865691e-01 -3.429654864975592687e+01 -2.038309748326431678e-02 9.989153695450472270e-01 -4.186423125548222046e-02 -4.523868569837945053e+00 6.696527209690793514e-01 4.473315682400132859e-02 7.413259650093144693e-01 6.622936079274818155e+01
7.361083241520304243e-01 -1.353079433724143840e-02 -6.767284862517650712e-01 -3.501938612318878796e+01 -1.927238688068582881e-02 9.989758279816555175e-01 -4.093739421655834959e-02 -4.587591229588075414e+00 6.765893270063720877e-01 4.317652966020944783e-02 7.350936528420705107e-01 6.703182155511233020e+01
7.293849417511509836e-01 -1.466206293942881947e-02 -6.839463589147930511e-01 -3.580267896636996028e+01 -1.871826905868756094e-02 9.989682462200901725e-01 -4.137716132001594688e-02 -4.651127861217053905e+00 6.838473810155542010e-01 4.298217016818782488e-02 7.283579485929496666e-01 6.785371175487152584e+01
7.228314006182274820e-01 -1.650089226332376521e-02 -6.908273864632314964e-01 -3.659375586721871798e+01 -1.817762262380396773e-02 9.989148718927179926e-01 -4.287951465205293300e-02 -4.716954740762325571e+00 6.907853124183940263e-01 4.355225896497521426e-02 7.217470899170723708e-01 6.863986050189029697e+01
7.170003636891149057e-01 -1.578386447174849605e-02 -6.968940658362264839e-01 -3.738121560012250910e+01 -1.975909569029993262e-02 9.988816959297756037e-01 -4.295271477934119869e-02 -4.777687205151933902e+00 6.967926982154655224e-01 4.456710845684584005e-02 7.158866653449530437e-01 6.944287924433888293e+01
7.116149663956327087e-01 -1.563022463831728257e-02 -7.023957762197812205e-01 -3.818247210130672187e+01 -1.972928997051813516e-02 9.989136583551083692e-01 -4.221680118350304434e-02 -4.835873481042055388e+00 7.022926046395687738e-01 4.389987729363766661e-02 7.105335371655512322e-01 7.024586013914985472e+01
7.070818622114436458e-01 -1.555923293374382975e-02 -7.069604946970775572e-01 -3.899478624524758885e+01 -2.030867650310106548e-02 9.988986730780242684e-01 -4.229655560680042892e-02 -4.895866561333289901e+00 7.068400142274877673e-01 4.426455908543358575e-02 7.059871474758494525e-01 7.103541478957225763e+01
7.019352262504189310e-01 -1.596998431996873857e-02 -7.120617166262797060e-01 -3.981602962982957905e+01 -2.062129418287184449e-02 9.988737956420495889e-01 -4.273058203297440405e-02 -4.966057078459056306e+00 7.119422086258585525e-01 4.467773469651779156e-02 7.008153829855214845e-01 7.183388941556434304e+01
6.966515160805998308e-01 -1.795829135966731452e-02 -7.171848822474178320e-01 -4.064694094924163181e+01 -2.066407048679516981e-02 9.987695652431725080e-01 -4.508161231195462887e-02 -5.036143559293068783e+00 7.171120341410162080e-01 4.622613232918418996e-02 6.954232414408186846e-01 7.263236668008065067e+01
6.916883354694065567e-01 -2.002550787299979887e-02 -7.219184274584983241e-01 -4.149760488892717092e+01 -2.078174210380466860e-02 9.986496323290381394e-01 -4.761334977377826988e-02 -5.097298554440931717e+00 7.218970661158389257e-01 4.793632104971717184e-02 6.903381379664095263e-01 7.341719866354854673e+01
6.867950465619721001e-01 -2.055953880599757644e-02 -7.265602931350360061e-01 -4.235072385221083380e+01 -2.160973914764561035e-02 9.985804392022862297e-01 -4.868393626432834798e-02 -5.163875277985664702e+00 7.265298284336481061e-01 4.913666450994302187e-02 6.853758139772052616e-01 7.420360637520461466e+01
6.818968369336134705e-01 -2.044297066222960577e-02 -7.311626213045985256e-01 -4.320809753629857397e+01 -2.081584946556385221e-02 9.986621347537022464e-01 -4.733541013797964991e-02 -5.241616537080255434e+00 7.311521132576570547e-01 4.749763731583869081e-02 6.805590140707669100e-01 7.499175696350643250e+01
6.769573242289756987e-01 -2.062348917028123882e-02 -7.357332687967371720e-01 -4.406844734374087835e+01 -2.004392443400889942e-02 9.987200580097308489e-01 -4.643798933930465972e-02 -5.309963792726373200e+00 7.357492989562913754e-01 4.618351884124426154e-02 6.756774834890310055e-01 7.577531914951244119e+01
6.716071992641281518e-01 -2.121039597912875718e-02 -7.406037259039350840e-01 -4.492685457001947213e+01 -1.966138444850428282e-02 9.987279136476371333e-01 -4.643258008455306701e-02 -5.385992044296031622e+00 7.406464802005710002e-01 4.574574942879316986e-02 6.703358321925008134e-01 7.654080233944821998e+01
6.669977952422564416e-01 -2.187500230939017076e-02 -7.447384877489459098e-01 -4.580330873723789153e+01 -1.940116584690214016e-02 9.987200158221392066e-01 -4.671107780769021695e-02 -5.447028908429107474e+00 7.448070520540350792e-01 4.560498060492267081e-02 6.657196491061384558e-01 7.731184505600585055e+01
6.623342823403094437e-01 -2.260288621767105391e-02 -7.488674098828140835e-01 -4.671267467699096443e+01 -1.852195506855983109e-02 9.987453193531378171e-01 -4.652659754106604206e-02 -5.518856233396872923e+00 7.489794687512256743e-01 4.468664887937284780e-02 6.610846157336711659e-01 7.811096648056611969e+01
6.585263070776000704e-01 -2.364199177485503886e-02 -7.521862459790699118e-01 -4.759401530298178074e+01 -1.690681049510248807e-02 9.987893761278224813e-01 -4.619460918593191329e-02 -5.584383402549465636e+00 7.523677769084308187e-01 4.313743546476755258e-02 6.573293697821488424e-01 7.887480457673966328e+01
6.543220687911918132e-01 -2.625367660450715623e-02 -7.557601234487834052e-01 -4.850416716246076732e+01 -1.407831397833543552e-02 9.988010716306492398e-01 -4.688518319471874501e-02 -5.660425228350865368e+00 7.560849426845175358e-01 4.131783810882220381e-02 6.531679770501581661e-01 7.964243621515356608e+01
6.503791532914106055e-01 -3.051039053439986298e-02 -7.589967472853589303e-01 -4.940805916482426596e+01 -1.130426663625840565e-02 9.986936219040575269e-01 -4.983235027912306242e-02 -5.743679912327996462e+00 7.595256281392429587e-01 4.098982312060436839e-02 6.491846156783850352e-01 8.042553511338776673e+01
6.455809997653947363e-01 -3.455417574218802579e-02 -7.629096741667800163e-01 -5.030982132725100797e+01 -7.698125575841129227e-03 9.986306687365997803e-01 -5.174481928504305606e-02 -5.806357279328091536e+00 7.636530108627415103e-01 3.927844635744372204e-02 6.444309841976192388e-01 8.118783834313728676e+01
6.390850467114388422e-01 -3.861685461329602415e-02 -7.681660176878162272e-01 -5.124370058417376583e+01 -2.009377628835550163e-03 9.986515417632595426e-01 -5.187543277381213153e-02 -5.888586191184494112e+00 7.691334572240136058e-01 3.469634866090002406e-02 6.381456724427678751e-01 8.195425310615281944e+01
6.307332543816984716e-01 -4.232058666726876833e-02 -7.748448352458973121e-01 -5.216589915316716741e+01 2.914368276416391592e-03 9.986339031325249804e-01 -5.217119849366402828e-02 -5.970199137004843948e+00 7.759942512787789681e-01 3.064792623611559477e-02 6.299949505141001493e-01 8.270824786996075773e+01
6.216558278619572775e-01 -4.303666402941624947e-02 -7.821073238294736774e-01 -5.309379192725450736e+01 5.082447945265857261e-03 9.986900733134980168e-01 -5.091469498378413394e-02 -6.052207630717329145e+00 7.832740327332883279e-01 2.767639669911062597e-02 6.210602369987466842e-01 8.345976431600752221e+01
6.130515387110554437e-01 -4.277086257390782381e-02 -7.888843088630683731e-01 -5.407846639191085103e+01 7.271482647222711308e-03 9.987966699451411579e-01 -4.850090330784047332e-02 -6.118322292303558285e+00 7.900094597917034500e-01 2.399719439945105504e-02 6.126248440553465624e-01 8.419691160158126308e+01
6.041483361482258285e-01 -4.242000973016549215e-02 -7.957419927907046775e-01 -5.507312311487110890e+01 6.713952756454699689e-03 9.988176326380098224e-01 -4.814830782179056051e-02 -6.202677884441363254e+00 7.968435988918664004e-01 2.374614546529324466e-02 6.037188179256838261e-01 8.493960381415887184e+01
5.945806365582602115e-01 -4.308372426258933602e-02 -8.028808426701982137e-01 -5.604259103752909965e+01 4.683299672827567241e-03 9.987319658811334433e-01 -5.012511356611947660e-02 -6.265121917606542468e+00 8.040223528374069728e-01 2.604328991217825379e-02 5.940284631366973267e-01 8.563843958212844143e+01
5.844477365968687721e-01 -4.551280993783309026e-02 -8.101539454408898111e-01 -5.704621456036710470e+01 6.163369239028246988e-03 9.986459374260450161e-01 -5.165563393166578560e-02 -6.355155403475132303e+00 8.114079533800107047e-01 2.519673998405190171e-02 5.839368711735505313e-01 8.636465172169108939e+01
5.745918726909395868e-01 -4.631517940372902736e-02 -8.171285527979587071e-01 -5.804200518158738475e+01 4.932960927265065201e-03 9.985753729966704295e-01 -5.313087912866481383e-02 -6.422068576360357994e+00 8.184252297417218269e-01 2.649770767623709639e-02 5.740017657035682008e-01 8.706065130085532644e+01
5.645212265192072199e-01 -4.782571038162512084e-02 -8.240318403121664748e-01 -5.906591551055595346e+01 8.821809003700321200e-03 9.986125641571053091e-01 -5.191456792943142245e-02 -6.510603907293724291e+00 8.253714143631291078e-01 2.203742357170221378e-02 5.641598999682542193e-01 8.775516879088364419e+01
5.541903905886395032e-01 -4.742837936743617144e-02 -8.310376328584779815e-01 -6.010409367716874840e+01 9.519742866322348368e-03 9.986712423464908506e-01 -5.064705495297897736e-02 -6.595722528517034000e+00 8.323355073735843046e-01 2.015684608475106984e-02 5.539055130022696449e-01 8.846453704240303750e+01
5.438563993302323318e-01 -4.790439860852679227e-02 -8.378098666935073213e-01 -6.114192933063392132e+01 1.003050385018822155e-02 9.986690932541945065e-01 -5.059082070922391039e-02 -6.680408240054059199e+00 8.391183572438731808e-01 1.911048597725456544e-02 5.436130836044132941e-01 8.912591326622792565e+01
5.334446743230693011e-01 -4.885773695763860613e-02 -8.444226951100537448e-01 -6.220199585284406396e+01 9.193229847372979754e-03 9.986062741955851196e-01 -5.197108456930062126e-02 -6.757286580964391831e+00 8.457850056163205288e-01 1.996072584198167743e-02 5.331503603001161995e-01 8.977505022419475722e+01
5.232822762302876685e-01 -5.003697000944865025e-02 -8.506891017752837847e-01 -6.327391820495716956e+01 9.151878759809573341e-03 9.985470324685108423e-01 -5.310430332678708898e-02 -6.828314817549878235e+00 8.521102713004051754e-01 2.000313668133460801e-02 5.229798975440785869e-01 9.042111544669923262e+01
5.136150509746457704e-01 -4.975295466309600373e-02 -8.565770307512471371e-01 -6.433457011392344782e+01 6.188361505263150625e-03 9.985062477358948030e-01 -5.428606991660341746e-02 -6.919068519676258688e+00 8.579984240831830533e-01 2.258133374372183963e-02 5.131557277945794082e-01 9.106016012804062143e+01
