1.000000000000000000e+00 -3.306050084167601550e-19 -2.270457535318767223e-19 -8.673617379884035472e-19 7.546676715296109287e-19 1.000000000000000000e+00 6.237773588823049983e-19 1.387778780781445676e-17 -3.447385680526250622e-20 4.770700176052009879e-20 1.000000000000000222e+00 5.551115123125782702e-17
9.998135261299179177e-01 1.190719650980434727e-03 1.927628029059834727e-02 6.671611988054798603e-03 -1.178343225240363785e-03 9.999991149496395559e-01 -6.535787586035234596e-04 3.208101351825101699e-03 -1.927704035746783881e-02 6.307525488916432320e-04 9.998139954255698125e-01 2.042648089967610547e-01
9.993126134973093766e-01 4.274240734679754863e-03 3.681883475644118914e-02 2.544853968285743645e-02 -4.264541096883963690e-03 9.999908233456256124e-01 -3.419180277867494926e-04 -3.202539151914290949e-04 -3.681996051523051677e-02 1.846514364812972637e-04 9.993216628160312975e-01 2.564752809515858933e-01
9.979767562826450389e-01 5.099852522867216742e-03 6.338753417012200908e-02 5.316151429685191110e-02 -5.195328645086969011e-03 9.999855786010456438e-01 1.341296780879507825e-03 -9.308612856425882431e-03 -6.337977737220990004e-02 -1.667823342936407705e-03 9.979888408060070271e-01 4.240789565226904534e-01
9.952719461077641494e-01 4.845492890798688140e-03 9.701040130408551676e-02 1.179369495929846745e-01 -5.191932079060001398e-03 9.999810058480538277e-01 3.320691911830401730e-03 -2.493391266693067987e-03 -9.699248099181499716e-02 -3.808679088992180089e-03 9.952782541751638012e-01 5.930429839091579947e-01
9.909251894092451218e-01 1.585029539471412806e-03 1.343698641055402210e-01 1.896005570537417917e-01 -2.309215862698969866e-03 9.999836421909020778e-01 5.232603473595975538e-03 -1.110472695156655698e-03 -1.343593978022305790e-01 -5.495447171129508659e-03 9.909126458130306236e-01 7.998983673085854340e-01
9.846262871956953378e-01 -1.468446699634049467e-03 1.746359936070488728e-01 2.540559331893511574e-01 3.608385351648237959e-04 9.999796380471600576e-01 6.373592815378108754e-03 -3.383794649068808114e-03 -1.746418247396550605e-01 -6.212536541414173316e-03 9.846067856145361841e-01 9.942845990420001723e-01
9.759396104866403521e-01 -1.093106667285241541e-03 2.179948559967106458e-01 3.491320175905457956e-01 -4.266974899968958390e-04 9.999759248556193691e-01 6.925111066118843327e-03 1.310996215121665309e-03 -2.179972036057207518e-01 -6.851602241018542837e-03 9.759156862382458719e-01 1.192360892838935538e+00
9.641118375252910599e-01 -1.592130901683306773e-03 2.654632332011072071e-01 4.420793377456993523e-01 -9.809819750164489992e-04 9.999538264208269744e-01 9.560583735779063647e-03 5.290452965554234832e-03 -2.654662322866022661e-01 -9.477901480397255343e-03 9.640657971973759510e-01 1.385172753220468955e+00
9.499391942875409223e-01 -5.202210293724343106e-03 3.122841252033655701e-01 5.712181578443060737e-01 1.744058235561828660e-04 9.998700535881432927e-01 1.612523102436805647e-02 1.233255832098389959e-02 -3.123274196336220943e-01 -1.526342746427999594e-02 9.498166495318476343e-01 1.638558613009737597e+00
9.324428208676764918e-01 -1.403422798993786413e-02 3.610389920657766094e-01 7.124118482584256284e-01 5.571926266479010348e-03 9.996850420970462281e-01 2.447135465045516267e-02 5.655929405936260812e-03 -3.612687199011057060e-01 -2.080646782247361562e-02 9.322273435248403795e-01 1.845354598285948500e+00
9.110479453203267353e-01 -2.044253373184772710e-02 4.117512250371686555e-01 8.638194398232282856e-01 8.978675756814592096e-03 9.995168980820228199e-01 2.975847886443941034e-02 7.371315255071050898e-03 -4.121606611325230318e-01 -2.341354829216580821e-02 9.107913935323126431e-01 2.092411148649644836e+00
8.870121635105113755e-01 -2.196692218857715373e-02 4.612643541246868040e-01 1.058805279485765194e+00 7.213163511849108103e-03 9.994050413414481415e-01 3.371963170305336543e-02 8.584274342157888205e-03 -4.617308823445578914e-01 -2.658187488677313942e-02 8.866428785373228205e-01 2.309310119134768247e+00
8.585542475283584052e-01 -2.368982156635515007e-02 5.122793850396712978e-01 1.239227571665212135e+00 5.111169003922954451e-03 9.992777792575803231e-01 3.766025931674746308e-02 2.356958502468592398e-02 -5.128015948797403079e-01 -2.971564545499006879e-02 8.580553409394338082e-01 2.526492258477251340e+00
8.269294831513180899e-01 -2.902271992287768984e-02 5.613820350688428773e-01 1.468279329288917134e+00 6.180799988527695306e-03 9.990758766903108379e-01 4.254061140962906579e-02 2.710059713727939329e-02 -5.620977601119911959e-01 -3.170604822854731358e-02 8.263448274600069254e-01 2.765567095603673309e+00
7.906919326282073612e-01 -3.508248583331011888e-02 6.112772843445989368e-01 1.698922598527928152e+00 9.044206557326102749e-03 9.989171598007119401e-01 4.563565915208709495e-02 3.320970050443429467e-02 -6.122165591393270434e-01 -3.055461736713746199e-02 7.901530683491264639e-01 2.984595653001999249e+00
7.524184809804942420e-01 -4.004595830042417814e-02 6.575314869181698718e-01 1.967399968872793448e+00 1.009478615049588281e-02 9.987339840159348281e-01 4.928045685918349544e-02 4.370901035263818207e-02 -6.586726237428387476e-01 -3.044269752173779306e-02 7.518702057494206503e-01 3.200769470810979289e+00
7.130328945458859202e-01 -4.288299590130775774e-02 6.998108551336144068e-01 2.252926071780253281e+00 1.105862038882171779e-02 9.986914928057816221e-01 4.993649491321888734e-02 5.735764133232676421e-02 -7.010364304299653293e-01 -2.786814410369438041e-02 7.125741375048999515e-01 3.415034734105758751e+00
6.713669840541751643e-01 -4.519839938017625180e-02 7.398231905735845881e-01 2.547487520915411530e+00 1.052550011631111018e-02 9.986193010821210470e-01 5.146024333913579163e-02 6.919078531794928266e-02 -7.411282305933571957e-01 -2.675835041325360861e-02 6.709159241456253975e-01 3.619507662717853069e+00
6.286611113089668468e-01 -4.500006432057700873e-02 7.763883669305866597e-01 2.890186444987217218e+00 5.808237637731757108e-03 9.985684846040538964e-01 5.316616239369389291e-02 9.053485341092927519e-02 -7.776694960548780067e-01 -2.891710441470552589e-02 6.280221693381391468e-01 3.845959137627038782e+00
5.864510910674937127e-01 -4.568800782464403631e-02 8.086756191805565264e-01 3.238587466911670099e+00 2.839201244094474198e-03 9.985179766174446803e-01 5.433830220709213316e-02 1.062831744188089955e-01 -8.099598853787645103e-01 -2.957276973941548592e-02 5.857113360244733391e-01 4.053426578069151631e+00
5.463963690331840040e-01 -4.719250093687019781e-02 8.361479633874121520e-01 3.617684971235035185e+00 1.375435211659321519e-03 9.984605113058554471e-01 5.545542464233039343e-02 1.227318982867443564e-01 -8.374773700975711721e-01 -2.915541272414220314e-02 5.456199305931201948e-01 4.262411954355987298e+00
5.081021559104418328e-01 -5.017003368659486012e-02 8.598780046707586999e-01 4.035851223116655007e+00 2.854874005586011663e-04 9.983117137034155375e-01 5.808098399092660041e-02 1.403536395722065899e-01 -8.613406483610159814e-01 -2.926151703808826596e-02 5.072588398511698182e-01 4.468493661538112782e+00
4.706250046575537471e-01 -4.994784113900792299e-02 8.809710412800801915e-01 4.463142275227476752e+00 -2.911059471772071625e-03 9.983030011457413311e-01 5.815846362039108625e-02 1.584750613150493759e-01 -8.823814225545806300e-01 -2.993042408532783569e-02 4.696811174266856126e-01 4.680329406386753099e+00
4.344270667668634345e-01 -4.855650615227890404e-02 8.993292036414997082e-01 4.935506791517609848e+00 -4.248270697670898655e-03 9.984239534587963094e-01 5.597350792287896643e-02 1.831470104067802196e-01 -9.006295978913425593e-01 -2.813613301678918530e-02 4.335365258368100161e-01 4.860498964449298853e+00
4.004675814331659089e-01 -4.760206321730801882e-02 9.149892578065333959e-01 5.429110976534468946e+00 -2.773275296329038089e-03 9.985822461915043746e-01 5.316393529742555191e-02 2.041750884166489699e-01 -9.162222921440805745e-01 -2.383489186885572736e-02 3.997675983415927004e-01 5.056936574394202744e+00
3.715525551894094392e-01 -4.593097251493859917e-02 9.273004378182833074e-01 5.958249501375053825e+00 -7.568076028437471098e-04 9.987600495751746132e-01 4.977976936556191556e-02 2.280793980653550435e-01 -9.284371379959578396e-01 -1.919830444394598004e-02 3.710571493114200869e-01 5.226749245930928822e+00
3.453295873361875157e-01 -4.445106205415018386e-02 9.372880041580174959e-01 6.505511158968810825e+00 -1.032729687282531015e-04 9.988756808825574041e-01 4.741452940031750524e-02 2.532775866224273309e-01 -9.383414371316850522e-01 -1.647214946079587905e-02 3.449370185587516402e-01 5.413330892845321429e+00
3.241900442439265562e-01 -4.360053548483972669e-02 9.449931551864168000e-01 7.081391025040389309e+00 1.308594099958045693e-03 9.989570097924219683e-01 4.565518924499214343e-02 2.767271548326198372e-01 -9.459976622095216392e-01 -1.357235221464329032e-02 3.239090189140148013e-01 5.602655346198764263e+00
3.100614784509700406e-01 -4.454835604195619969e-02 9.496482676607121975e-01 7.674508556138142090e+00 2.165854597819239467e-03 9.989321251547623737e-01 4.614698578621342223e-02 3.051982417385649682e-01 -9.506901832274975428e-01 -1.224742700438727176e-02 3.098268848471791848e-01 5.789133090989311725e+00
2.969578414871447691e-01 -4.517889078020386612e-02 9.537276294883588745e-01 8.296298027568644429e+00 2.742052331432726347e-03 9.989168371719190365e-01 4.645598330952663974e-02 3.226077560494330365e-01 -9.547926111283614459e-01 -1.119588940048893422e-02 2.967594925884186052e-01 5.979821132775651193e+00
2.860644547924333092e-01 -4.670690486371720934e-02 9.570558554034428456e-01 8.945326867321796271e+00 1.506541205450401179e-03 9.988321980200658423e-01 4.829141113039731037e-02 3.494714980507296342e-01 -9.581933997952296611e-01 -1.237761783470180295e-02 2.858004759602366107e-01 6.167377828652787386e+00
2.761828494400376810e-01 -4.846004818142636561e-02 9.598511882265048367e-01 9.622984129305582002e+00 1.068425125656534254e-05 9.987287109670913710e-01 5.041515427109730108e-02 3.795553918929374659e-01 -9.610729119278694776e-01 -1.393139250135594885e-02 2.758316618295044154e-01 6.364469728438574947e+00
2.651286661944403100e-01 -5.009486349482658585e-02 9.628613507968152296e-01 1.031657559320245454e+01 -5.103966055184567564e-04 9.986423214269900539e-01 5.209347515543594903e-02 4.094551179385734763e-01 -9.641628935906176867e-01 -1.431665805508881839e-02 2.647426823462211143e-01 6.566794712816326651e+00
2.569326721263175406e-01 -5.216352117334133176e-02 9.651410230947290447e-01 1.104229220029697878e+01 -1.955052605066568989e-03 9.985122099999400591e-01 5.448076916146896848e-02 4.402927153772749902e-01 -9.665479589045984365e-01 -1.587439096746869407e-02 2.564483902736447440e-01 6.752334620885362071e+00
2.445180174202716272e-01 -5.443430161220282754e-02 9.680666583160191241e-01 1.178281829259282354e+01 -2.142892704461859480e-03 9.983903379557029778e-01 5.667387709202604401e-02 4.699380552328109584e-01 -9.695932354090005534e-01 -1.593455305440310416e-02 2.440076055319616577e-01 6.942719819737663833e+00
2.350027493362184527e-01 -5.616225847803605481e-02 9.704252914472175640e-01 1.255154867031551902e+01 -2.683242917390724330e-03 9.982877733836886813e-01 5.842821401653583435e-02 5.014159798694108883e-01 -9.720461352725365822e-01 -1.632458829008710810e-02 2.344500130161770446e-01 7.132525154288183344e+00
2.248509353850545456e-01 -5.872423457998965368e-02 9.726769011994313985e-01 1.332437176232218867e+01 -3.832427090550240712e-03 9.981206446333129589e-01 6.116090450577899018e-02 5.362937023202242193e-01 -9.744415732809741382e-01 -1.746425872284529390e-02 2.242041164738278469e-01 7.312429851052757890e+00
2.139589962149571201e-01 -6.199076854505569667e-02 9.747586330242982156e-01 1.411449992571758116e+01 -5.276226356182437023e-03 9.978967444465407510e-01 6.462040056092351048e-02 5.812893375886259983e-01 -9.767129599483032054e-01 -1.898639256520258389e-02 2.131815539647382574e-01 7.490435051229189511e+00
2.000269240477826060e-01 -6.556110079863580742e-02 9.776375351914354805e-01 1.491213153775114542e+01 -6.044134005297706336e-03 9.976563731070952068e-01 6.815820264146341123e-02 6.162328592241083092e-01 -9.798162169651453146e-01 -1.952637757757449619e-02 1.991628482365866148e-01 7.650487651106301357e+00
1.883962505434071122e-01 -6.865008920422953353e-02 9.796878514382124647e-01 1.571300993665573564e+01 -7.554649685636307364e-03 9.974225636579713283e-01 7.135836497010795976e-02 6.572907105885379409e-01 -9.820620531804814535e-01 -2.083855338413960132e-02 1.873926739263301611e-01 7.806280540930912615e+00
1.749279240341455599e-01 -6.827736061717740168e-02 9.822431898823017482e-01 1.652991796033678185e+01 -7.420200949630601645e-03 9.974725805453263927e-01 7.066956280521448364e-02 6.931256230505467020e-01 -9.845860500148131411e-01 -1.964863890875197250e-02 1.739795354700810759e-01 7.949503025677925550e+00
1.601146199293106975e-01 -6.739002484563649809e-02 9.848168072532945683e-01 1.734607450288788044e+01 -8.612564417880531897e-03 9.975341920369937831e-01 6.963482443937203670e-02 7.348884253479043283e-01 -9.870813507897000516e-01 -1.963161026175285970e-02 1.591385799347118379e-01 8.082800814780673804e+00
1.427097864489315915e-01 -6.661721631540812316e-02 9.874637044852516699e-01 1.815980030380087484e+01 -9.496405573162513408e-03 9.975950428251233459e-01 6.867340049616975362e-02 7.739921804627765134e-01 -9.896614531075346166e-01 -1.920863348561177228e-02 1.417330696240698129e-01 8.199380003810007977e+00
1.221019823246110858e-01 -6.520670861067302815e-02 9.903901242788480941e-01 1.899085685860612216e+01 -1.279189689907465032e-02 9.976530727183359204e-01 6.726995093043637575e-02 8.088640150383950012e-01 -9.924523354934008390e-01 -2.088186940131507574e-02 1.209815188916082002e-01 8.300165679751598802e+00
9.862442394258762179e-02 -6.403952562761482115e-02 9.930866586941594631e-01 1.983630297081197824e+01 -1.661187777201584767e-02 9.976824975291860298e-01 6.598056174934298357e-02 8.508628119972427850e-01 -9.950101721740365335e-01 -2.301245429560866071e-02 9.733164168435445851e-02 8.380003805140969320e+00
6.705883354052885603e-02 -6.359539748100626055e-02 9.957123755864418779e-01 2.068224256454710996e+01 -2.052406423412529712e-02 9.976687328118226672e-01 6.507312049432688317e-02 8.870436148729323733e-01 -9.975276702207070967e-01 -2.482754526896211247e-02 6.559602249576257371e-02 8.431491929015647813e+00
3.311988856105645140e-02 -6.324448937139830196e-02 9.974399557665162286e-01 2.153695219922023085e+01 -2.363666301918509322e-02 9.976670551974946566e-01 6.404464849942111127e-02 9.250885526638257250e-01 -9.991637979885159560e-01 -2.569409580339269625e-02 3.154777256148681014e-02 8.460459571060887640e+00
2.189921999137530473e-06 -6.248050428907252901e-02 9.980462118051551812e-01 2.239184675283888737e+01 -2.530101920487086431e-02 9.977263381037200229e-01 6.246011184497352736e-02 9.586944318624036621e-01 -9.996807997412368030e-01 -2.523599089201187390e-02 -1.578333474854669597e-03 8.450381480363702735e+00
-3.489297319217118942e-02 -6.152538478466403060e-02 9.974966077177446211e-01 2.326067337415518921e+01 -2.607903241351286483e-02 9.978194753450084775e-01 6.064316511815368016e-02 9.904424858594055303e-01 -9.990519204190527747e-01 -2.391326478758625668e-02 -3.642152138010353729e-02 8.415277128686780017e+00
-6.679805694068027822e-02 -5.906306797333578384e-02 9.960023934348639640e-01 2.411285838129281345e+01 -2.810250020572968924e-02 9.979616762077040404e-01 5.727914728265168925e-02 1.019410131271820230e+00 -9.973566465151114668e-01 -2.414305441969250010e-02 -6.832164804843769701e-02 8.354878075781467572e+00
-9.979525336726938201e-02 -5.666409412429741083e-02 9.933644271033459372e-01 2.496887399636954896e+01 -3.033849086773895976e-02 9.980860232210020389e-01 5.388266939633656188e-02 1.050956023073222223e+00 -9.945170995150004467e-01 -2.474706659436080869e-02 -1.013232112909770027e-01 8.265792846113061643e+00
-1.332179277315736765e-01 -5.219970914865520312e-02 9.897544293545310623e-01 2.582009612325911974e+01 -2.853208999591701212e-02 9.983998254805057648e-01 4.884210460081598454e-02 1.076280408711094649e+00 -9.907198194179922535e-01 -2.174727925294982558e-02 -1.344940559758988352e-01 8.140130522759806198e+00
-1.647227098019725666e-01 -4.673664018516414387e-02 9.851508990250837927e-01 2.666792334136275144e+01 -2.222831579821994696e-02 9.987989158669819956e-01 4.364509859486740556e-02 1.094585863242469870e+00 -9.860084965411681779e-01 -1.468727404491284964e-02 -1.655637573965293707e-01 7.968545016525119706e+00
-1.952685644712828794e-01 -4.015609783458529841e-02 9.799855193653244090e-01 2.751603238665999740e+01 -1.659323171678368444e-02 9.991540067718466256e-01 3.763408672482315004e-02 1.112905621507423337e+00 -9.806669943801508138e-01 -8.934098085133831968e-03 -1.957699778516349132e-01 7.789222894213265747e+00
-2.237691593400058243e-01 -3.490698982801552358e-02 9.741053912953611116e-01 2.834635065949256472e+01 -1.107699360631981059e-02 9.993854685679210981e-01 3.326190403491543351e-02 1.123449959330002912e+00 -9.746670796779776103e-01 -3.370053264632127434e-03 -2.240187140130715238e-01 7.577619848966357985e+00
-2.509724052825559881e-01 -2.819815709912657647e-02 9.677084727979122780e-01 2.917627322966913184e+01 -2.689340123648719435e-03 9.995922076959242730e-01 2.843272933135520056e-02 1.133367268679755790e+00 -9.681155537745161910e-01 4.524412729787001888e-03 -2.509459332803727349e-01 7.347950857870033659e+00
-2.790403083384708771e-01 -1.765468576398526376e-02 9.600759069345571328e-01 3.000041700980986192e+01 3.218754740560650883e-03 9.998081930024906860e-01 1.932111023031649749e-02 1.134671268077321438e+00 -9.602328408516342950e-01 8.486406715578705823e-03 -2.789298884195893224e-01 7.101109910098562850e+00
-3.007674112498613939e-01 -2.938774598481507308e-03 9.537385423005252383e-01 3.080305847637050221e+01 8.285025887487964744e-03 9.999495265374134245e-01 5.694174473905117169e-03 1.121748993391979088e+00 -9.537070534537840372e-01 9.612763066639717913e-03 -3.007279855916596412e-01 6.829262709420202526e+00
-3.261881928127067787e-01 1.420850405352095183e-02 9.451840756609527494e-01 3.159363365825095471e+01 9.720541481211852561e-03 9.998845757772517606e-01 -1.167906856469540060e-02 1.104626480013728651e+00 -9.452409507526101651e-01 5.375638290156576141e-03 -3.262886247286135299e-01 6.549142382741445445e+00
-3.520345871465872523e-01 2.981087135337324306e-02 9.354413237308784046e-01 3.238939095063522444e+01 9.069349223344501734e-03 9.995542684687754864e-01 -2.844577613515507364e-02 1.081549862048289956e+00 -9.358723815535039403e-01 -1.530473275711032206e-03 -3.521480296727130810e-01 6.265283569633100846e+00
-3.756354570407709481e-01 4.003783858139164931e-02 9.258064158727259407e-01 3.317104527086398491e+01 1.274457816193058472e-02 9.991949460450830767e-01 -3.804517204693393800e-02 1.039347871562015468e+00 -9.265842820592976592e-01 -2.489512536550983913e-03 -3.758432409688811648e-01 5.932490518783044564e+00
-4.023077197665349547e-01 4.501913417877480977e-02 9.145750839777293528e-01 3.394838736763234266e+01 1.691576310913488201e-02 9.989857981443226453e-01 -4.172806935437156639e-02 9.884297828258818974e-01 -9.155254599938917881e-01 -1.301404279005116899e-03 -4.026614727621717904e-01 5.597279860896777315e+00
-4.226895806080840368e-01 4.466031528472698409e-02 9.052992423258352517e-01 3.473100165677481499e+01 1.963062221661576734e-02 9.990016971948637581e-01 -4.013951804141979024e-02 9.435001225812491565e-01 -9.061880094753254067e-01 8.175549294376559207e-04 -4.231442727681151150e-01 5.228880679896490413e+00
-4.426691916901473456e-01 4.094958433787260210e-02 8.958186461576523874e-01 3.549728218392692014e+01 2.317982663204880278e-02 9.991454534623568362e-01 -3.420986433887183292e-02 8.926997822210201994e-01 -8.964543612072247702e-01 5.613385788678133467e-03 -4.432402218952715689e-01 4.844495993473674211e+00
-4.617170021099122335e-01 3.940275099353442861e-02 8.865577656111243154e-01 3.624725460367339736e+01 3.019374964632157501e-02 9.991321692545981348e-01 -2.868778993016477680e-02 8.461321173991257494e-01 -8.869185735937574755e-01 1.352924077090894919e-02 -4.625061655558645457e-01 4.448284674596873600e+00
-4.733861704563177564e-01 3.976108334383385984e-02 8.796083394014208023e-01 3.698026110309825043e+01 3.407564892925876721e-02 9.990595321259414519e-01 -2.679293113027160153e-02 7.979920193286528241e-01 -8.798465913798559912e-01 1.728195695804701434e-02 -4.742959162102578508e-01 4.035052157832856423e+00
-4.837400643495086139e-01 4.357094162141374183e-02 8.738371716427735247e-01 3.770524079518833105e+01 3.708807267138524572e-02 9.988833629514967116e-01 -2.924166284235124244e-02 7.519723743912567482e-01 -8.741359061208153758e-01 1.825196438450431974e-02 -4.848159785031110336e-01 3.644989860482772404e+00
-4.941410873665129655e-01 4.604156605439097688e-02 8.681849198708968540e-01 3.842717027792200213e+01 3.870824577763333496e-02 9.987716411283783513e-01 -3.091645010750160294e-02 7.091726705455583257e-01 -8.685420830727818009e-01 1.832259041544187506e-02 -4.953162849344269758e-01 3.234617127707337669e+00
-5.037584605552496431e-01 4.500409709025893906e-02 8.628876468546315959e-01 3.912962437299952967e+01 3.151567082479436732e-02 9.989343971585807891e-01 -3.374192908485077608e-02 6.607139224983071824e-01 -8.634863052597421262e-01 1.021070268839469747e-02 -5.046400217054124449e-01 2.829701864601941175e+00
-5.170323100949815176e-01 4.315011204057587341e-02 8.551140413232887205e-01 3.982782853576102866e+01 3.027169413024145828e-02 9.990255090046691322e-01 -3.213505075918961923e-02 6.217505021358445960e-01 -8.556670559999052239e-01 9.283883391408455713e-03 -5.178347831153151670e-01 2.419440918207695468e+00
-5.236275281081551602e-01 4.515250828058992028e-02 8.501764496887163070e-01 4.052157725889016149e+01 3.279287564433339131e-02 9.989223113432410539e-01 -3.284387941202440708e-02 5.785725784951644135e-01 -8.507438399298055121e-01 1.066212326019093208e-02 -5.245437170272001515e-01 1.985100756966629909e+00
-5.302257422425153965e-01 4.844444687329130250e-02 8.459006362570709037e-01 4.123283159305497492e+01 3.606603296627864524e-02 9.987513573770622211e-01 -3.454900206668183593e-02 5.311696039573114980e-01 -8.465185429966034514e-01 1.217738486907490349e-02 -5.313108829644419551e-01 1.545871653516633026e+00
-5.354984394190330788e-01 5.172997395109889956e-02 8.434584757552598955e-01 4.194100180485262541e+01 3.728112594537057178e-02 9.985973028215570091e-01 -3.762527446998242819e-02 4.922760032006263664e-01 -8.442211548050325698e-01 1.131655285771654071e-02 -5.366758501922272995e-01 1.101607396800175387e+00
-5.327379132121322636e-01 5.328480496423215751e-02 8.448707546322801187e-01 4.267565956218889056e+01 3.680153985660599564e-02 9.985307122239935884e-01 -3.976884028157329914e-02 4.513080217533510519e-01 -8.457486396436409981e-01 9.901823097384569727e-03 -5.339161992231957754e-01 6.386665326993865577e-01
-5.302172006557710482e-01 5.336839316451585241e-02 8.462419352553823826e-01 4.342005673324688075e+01 3.892820255102551891e-02 9.984967119081371578e-01 -3.859201804538349434e-02 4.063137800570374991e-01 -8.470297646931247426e-01 1.247536290500049841e-02 -5.314975684079751295e-01 1.672233352692117647e-01
-5.260370951591608613e-01 5.196963569859494592e-02 8.493716075944757193e-01 4.417390593271813515e+01 3.726690944088126289e-02 9.985813261443557964e-01 -3.804153663834836108e-02 3.553357183673856445e-01 -8.501432580890263546e-01 1.165633300946429356e-02 -5.272276182647052112e-01 -2.919167697449816523e-01
-5.170223052702412891e-01 5.077859422204562823e-02 8.547065337166525056e-01 4.496179320645421740e+01 3.465192247135053666e-02 9.986621573369638405e-01 -3.840761443669415270e-02 3.103992697642463661e-01 -8.555126002093330628e-01 9.785061483049951880e-03 -5.180901189047961708e-01 -7.538107890909526709e-01
-5.090379323142519841e-01 4.961488666773174183e-02 8.593342628349406320e-01 4.575613315981214413e+01 3.251378200720346501e-02 9.987335299310704517e-01 -3.838825687665544523e-02 2.642765121890566782e-01 -8.601503718416982913e-01 8.404733799933498950e-03 -5.100065955797702388e-01 -1.209543538646697280e+00
-5.024784406692949235e-01 4.827497658287497467e-02 8.629113340071578042e-01 4.656230484009056880e+01 2.991518589523613908e-02 9.988127596142485354e-01 -3.843629483899951155e-02 2.174233836999418523e-01 -8.637430479137798711e-01 6.482626668831473725e-03 -5.033260033817514856e-01 -1.666127743086815771e+00
-4.973566353371902116e-01 4.575173526913288435e-02 8.661752329476406498e-01 4.740419279512818207e+01 2.582090527070635480e-02 9.989467237255565957e-01 -3.792896232609137275e-02 1.715073992068926190e-01 -8.669982840803526214e-01 3.506559731857160616e-03 -4.980140779227444914e-01 -2.133549396238205720e+00
-4.960912927102327230e-01 4.264218034632924481e-02 8.669276779245842501e-01 4.824572961680264882e+01 2.062588213492205780e-02 9.990900498925583406e-01 -3.731557741792364269e-02 1.204210378502457851e-01 -8.677306914559278495e-01 -6.548652521898299175e-04 -4.965194044696942255e-01 -2.591611164857436034e+00
-4.947520689148241502e-01 4.054539866055512781e-02 8.679871823403662034e-01 4.911263213395062621e+01 1.788169975764031944e-02 9.991745511857951234e-01 -3.646025358283361273e-02 7.079357520245543878e-02 -8.687496559413426800e-01 -2.538841812439819861e-03 -4.950686955640464237e-01 -3.066190216950991143e+00
-4.961875432121868879e-01 3.946796897542748095e-02 8.676532084663316491e-01 4.999272777920382538e+01 1.634687015958091044e-02 9.992142572714111104e-01 -3.610272226823977443e-02 2.260192236938043941e-02 -8.683965292809177061e-01 -3.724294145723653152e-03 -4.964429340089465126e-01 -3.560418602690041734e+00
-4.975561600002805229e-01 3.851136300522572942e-02 8.668972112186476009e-01 5.087655457375444712e+01 1.649933896747127204e-02 9.992536731113742521e-01 -3.493282688440505629e-02 -2.928898880364795565e-02 -8.675953081666157862e-01 -3.062099754241238460e-03 -4.978204693870336150e-01 -4.048181186850136726e+00
-4.961825534436057894e-01 3.779281339264672912e-02 8.671145597093097290e-01 5.177444445984384203e+01 1.545847154688133156e-02 9.992780741597265814e-01 -3.469361480408887644e-02 -8.338026826882162512e-02 -8.678002729815662564e-01 -3.829158212240512532e-03 -4.964083862118026103e-01 -4.562941134037622248e+00
-4.961358558148750708e-01 3.749173698254535531e-02 8.671223283174265273e-01 5.267901078247440694e+01 1.640966551471711304e-02 9.992936853665693731e-01 -3.379902722118694608e-02 -1.345394151751780620e-01 -8.677773099806426194e-01 -2.545928671962087355e-03 -4.964006297874427598e-01 -5.070420044446220409e+00
-4.961263644408939744e-01 3.675977173738236015e-02 8.673794463437002333e-01 5.359974041462348282e+01 1.620793779680290703e-02 9.993213862682129855e-01 -3.307219930432825361e-02 -1.855362226229413103e-01 -8.680067274954615941e-01 -2.353360540751296692e-03 -4.963854891849545092e-01 -5.575871102273055158e+00
-4.961848395452220228e-01 3.546057518918634827e-02 8.676014220441424785e-01 5.453367830223303514e+01 1.397166442010224115e-02 9.993624353318331099e-01 -3.285369517299335795e-02 -2.408847804249295010e-01 -8.682134845716575899e-01 -4.184164296320186036e-03 -4.963638908191121968e-01 -6.075611261285839504e+00
-4.976002734199513333e-01 3.450650679417358035e-02 8.670740919247487133e-01 5.544225349262718083e+01 1.298806781809837621e-02 9.993931429826955481e-01 -3.233392906488466445e-02 -2.961121692458391630e-01 -8.676632486114037590e-01 -4.807481880739835831e-03 -4.977466976591340408e-01 -6.584564118988302184e+00
-4.962137087245357403e-01 3.276587001689806877e-02 8.681029177561658816e-01 5.635455134085720630e+01 1.162359939756494286e-02 9.994490756753313665e-01 -3.109803974639519311e-02 -3.546182518996111588e-01 -8.686432468291622744e-01 -5.318758930061321180e-03 -4.963213175638173658e-01 -7.081242122523332405e+00
-4.924018622743850937e-01 3.205679392301491459e-02 8.692217715836731973e-01 5.727960251952259085e+01 1.107453848428702030e-02 9.994709067801333946e-01 -3.057746230375491675e-02 -4.094462769930091728e-01 -8.697425348354578256e-01 -5.448321730561047314e-03 -4.924962452999682161e-01 -7.594132578044505699e+00
-4.923217027524706135e-01 2.927111367793193419e-02 8.701898690179272755e-01 5.819621008391467143e+01 1.153333056127091305e-02 9.995661008602958475e-01 -2.711428481356003423e-02 -4.625405792761809187e-01 -8.706057417623529471e-01 -3.298502003499949927e-03 -4.924457271006688619e-01 -8.080415228812723782e+00
-4.894955188954251968e-01 2.810834204560938576e-02 8.719577352973849615e-01 5.910439506612426186e+01 1.172364987685697336e-02 9.996023634759428900e-01 -2.564256558020439752e-02 -5.101103385256052780e-01 -8.723316479491098896e-01 -2.331755004297975196e-03 -4.896305629376037638e-01 -8.587814821269821763e+00
-4.842718971734863986e-01 2.740259882025338281e-02 8.741976914245269681e-01 6.003151086606544595e+01 1.180781639162149441e-02 9.996228706075215298e-01 -2.478292503138671346e-02 -5.676544899018106660e-01 -8.745475417678567620e-01 -1.700852998666779357e-03 -4.844128249354999749e-01 -9.098495881823298603e+00
-4.828670870922617264e-01 2.751727544678355189e-02 8.754869398900170241e-01 6.095267914304469059e+01 1.207965410136603232e-02 9.996206205886895013e-01 -2.475410048871893101e-02 -6.138138557500538717e-01 -8.758358702493682646e-01 -1.370917826725571607e-03 -4.830163806815627736e-01 -9.594780474030695672e+00
-4.818550725793017686e-01 2.776037099136974967e-02 8.759010741553007184e-01 6.186964864279070753e+01 1.218109368961823279e-02 9.996137098265622800e-01 -2.500381679971323476e-02 -6.618431790309927676e-01 -8.762563912322759441e-01 -1.353779962629939569e-03 -4.820069666482766357e-01 -1.009489410679196197e+01
-4.818907413000571571e-01 2.769435294012531634e-02 8.759630050000516421e-01 6.276777437193364761e+01 1.110463188628566487e-02 9.996132603516406645e-01 -2.550666561693393231e-02 -7.078728270916369025e-01 -8.763302225365711129e-01 -2.542104928318552129e-03 -4.820120054598171500e-01 -1.057445797815954514e+01
-4.844119720662165007e-01 2.936990660355046079e-02 8.741623163616448755e-01 6.367448383304944315e+01 9.063480306594970393e-03 9.995510626708433710e-01 -2.854637522182705209e-02 -7.687030357373610956e-01 -8.746086923054665618e-01 -5.923230720596858907e-03 -4.844606991480229774e-01 -1.108082124426861093e+01
-4.872790387936255518e-01 3.020181290280750039e-02 8.724626313168476477e-01 6.457471989609030061e+01 7.756558942740525604e-03 9.995117096649656085e-01 -3.026956022342361732e-02 -8.219460417764988813e-01 -8.729509630194253189e-01 -7.986228230910030410e-03 -4.872753120342124267e-01 -1.156996368584705515e+01
-4.924595739292503271e-01 2.852479065655862470e-02 8.695447981763486656e-01 6.547225333146246840e+01 7.511065887797428384e-03 9.995646280113716919e-01 -2.853604421379231024e-02 -8.639395743924747073e-01 -8.699802465023767084e-01 -7.519152315557925577e-03 -4.924593285934585896e-01 -1.206831131424558734e+01
-4.974888566090147068e-01 2.514989203009930160e-02 8.665750218346440770e-01 6.636259610370667872e+01 1.069464558897408220e-02 9.996812895467011018e-01 -2.286595952151614444e-02 -9.198096785667125852e-01 -8.668742133594173893e-01 -2.116505778106737325e-03 -4.975992692089722946e-01 -1.258360543364443274e+01
-5.041935512473899594e-01 2.323062412860777554e-02 8.626763468126933398e-01 6.724346686544477336e+01 7.261161579565798482e-03 9.997165019297661326e-01 -2.267731671790050932e-02 -9.699417192861589099e-01 -8.629587815567894005e-01 -5.175095115547422540e-03 -5.042191491458161146e-01 -1.307556409644963580e+01
-5.094131680209948998e-01 2.542644305507161390e-02 8.602074172511285921e-01 6.812286862565920842e+01 8.706415914575660331e-03 9.996644391932719698e-01 -2.439648064471658384e-02 -1.016182154175350627e+00 -8.605391943780760222e-01 -4.936177161459030967e-03 -5.094636959273735055e-01 -1.358206268896273272e+01
-5.147023149218713511e-01 2.750091798559133743e-02 8.572799268917205007e-01 6.898133385979021170e+01 8.456911833019381888e-03 9.995997483028941089e-01 -2.700607810039171511e-02 -1.064421373479962574e+00 -8.576794365981990076e-01 -6.633825058850699799e-03 -5.147289620446580116e-01 -1.408436312164396753e+01
-5.200052667550877361e-01 2.857272266956315324e-02 8.540809319188316096e-01 6.984049112012506555e+01 7.559097778001926636e-03 9.995554525411972646e-01 -2.884860581267297691e-02 -1.111575838963271279e+00 -8.545253804567185529e-01 -8.524674835649354715e-03 -5.199903279408029100e-01 -1.458398244007854316e+01
-5.228478953498558734e-01 2.801790422611697903e-02 8.520402891522611544e-01 7.070212047767027741e+01 6.361341796423886433e-03 9.995601998417946721e-01 -2.896417299954851671e-02 -1.164116358071853652e+00 -8.524771119706654465e-01 -9.722951378513016579e-03 -5.227963508557695871e-01 -1.510681914321363450e+01
-5.266613010928481442e-01 2.733195408410652241e-02 8.501596103824551331e-01 7.154278219731942556e+01 6.685798990859988418e-03 9.995855336643092448e-01 -2.800523275381468571e-02 -1.215566791717707984e+00 -8.505725601547405867e-01 -9.052278781730267732e-03 -5.266259313515209151e-01 -1.562110634703759082e+01
-5.292703311911818309e-01 2.046370526648541924e-02 8.483396933479459001e-01 7.238196248917827802e+01 8.130603400542219319e-03 9.997856410772489877e-01 -1.904566688110127456e-02 -1.255382608358415419e+00 -8.485475006522701369e-01 -3.172808005724057131e-03 -5.293233981886796835e-01 -1.611956165444470557e+01
-5.291591920415403827e-01 1.225476620501611894e-02 8.481795504505101890e-01 7.322321553838327191e+01 8.527758632717480705e-03 9.999219210801344460e-01 -9.128045240623779144e-03 -1.298638427315593979e+00 -8.482254230351254920e-01 2.399908690024567942e-03 -5.292224281924940987e-01 -1.664313584503892685e+01
-5.315933354203865591e-01 8.912478924576869646e-03 8.467492164304902813e-01 7.405017266113196683e+01 8.030939849176096587e-03 9.999526408660921462e-01 -5.478932752482027803e-03 -1.334878320619261149e+00 -8.467581421635244077e-01 3.878273654009196849e-03 -5.316397686643946630e-01 -1.716378496130461784e+01
-5.330368921813837257e-01 1.420685354754300765e-02 8.465100551902174919e-01 7.487387059702997760e+01 8.028066561338129126e-03 9.998989580175697833e-01 -1.173047947306714994e-02 -1.362065796168353549e+00 -8.465912773514838729e-01 5.547801656636525526e-04 -5.330971909010359111e-01 -1.768427779670743760e+01
-5.344696072635843898e-01 1.926788455297162236e-02 8.451304647579049867e-01 7.568441149548284841e+01 9.241248768970150226e-03 9.998135409690677156e-01 -1.695298861715271652e-02 -1.395197073022695022e+00 -8.452997325618336610e-01 -1.248690126215938308e-03 -5.345480853358850482e-01 -1.819763578065326115e+01
-5.357739801571782534e-01 2.441537976681477234e-02 8.441285033462487819e-01 7.651046335393328945e+01 1.495923893463212313e-02 9.996994309966582559e-01 -1.943264223936637045e-02 -1.430728499448842506e+00 -8.443491198518578988e-01 2.223470023050497235e-03 -5.359782872576319690e-01 -1.872353418850434892e+01
-5.342640271415821651e-01 2.489673357938716747e-02 8.450758233549660048e-01 7.733615099600547182e+01 1.891634437306300223e-02 9.996679581234001466e-01 -1.749853043267794728e-02 -1.473827777282204599e+00 -8.452309089526909291e-01 6.644562742863109259e-03 -5.345576570827398344e-01 -1.924664833693897137e+01
-5.342628215061164809e-01 2.175683339744300879e-02 8.452763835461538644e-01 7.816396312843681926e+01 1.783890959468690737e-02 9.997362183689990633e-01 -1.446980483309261330e-02 -1.508002972609839842e+00 -8.453681307439203652e-01 7.356388029237923877e-03 -5.345101190461102325e-01 -1.977836394890584515e+01
-5.328696064894845597e-01 1.602040054974204764e-02 8.457666024207903810e-01 7.897630600739145734e+01 1.579405963112727462e-02 9.998349091738910621e-01 -8.981157764173601163e-03 -1.535072143811283318e+00 -8.457709222156537532e-01 8.569158644654469026e-03 -5.330347268367806590e-01 -2.028111197358703421e+01
-5.328978644146017407e-01 1.012999232227664720e-02 8.465542956782640127e-01 7.980594451654739885e+01 1.357823637531304327e-02 9.999020586846925074e-01 -3.422957567662762192e-03 -1.564266055264142974e+00 -8.465061242409559483e-01 9.671344683599791478e-03 -5.329831385716958803e-01 -2.079494752906865074e+01
-5.316393228887542621e-01 3.264162713675270496e-03 8.468478326810766621e-01 8.061309215786899074e+01 4.677412953187726381e-03 9.999887123117521259e-01 -9.185722316774055452e-04 -1.595079581553370707e+00 -8.468414249485124445e-01 3.466365403175416127e-03 -5.316486281047910767e-01 -2.128769316319359106e+01
-5.317819358013067266e-01 -1.529071366590431308e-03 8.473430264667276557e-01 8.144562059602601778e+01 -3.388695818468298940e-03 9.999942738347102900e-01 -3.164871252719962343e-04 -1.609855468418219138e+00 -8.473377880328938350e-01 -3.040911474900619138e-03 -5.317840891511097512e-01 -2.178568080080567171e+01
-5.278902995748900873e-01 -1.383105798220023207e-03 8.494214225743585978e-01 8.226060437146261961e+01 -1.184174748493884138e-03 9.999989799523892886e-01 9.024004005942463935e-04 -1.627986515572252157e+00 -8.494218463627580817e-01 -5.248381998930233766e-04 -5.278914753298918905e-01 -2.228563261269039231e+01
-5.235959883208645138e-01 1.113140899890218208e-03 8.518493291590822913e-01 8.306958155184396730e+01 3.819188663765915766e-03 9.999922444608617678e-01 1.032523481185147318e-03 -1.654619747705016408e+00 -8.518416742059234936e-01 3.783637053043938884e-03 -5.235961610586680193e-01 -2.278184442631749462e+01
-5.197409127148567842e-01 4.473374181250666833e-03 8.547022917919908647e-01 8.388502376184175091e+01 5.011956170945033005e-03 9.999851295435764342e-01 -2.184413132055143796e-03 -1.678515824759647890e+00 -8.546992478969950291e-01 3.149910349667378075e-03 -5.197554205945887906e-01 -2.328122166058695441e+01
-5.116338333227462565e-01 4.913565217548602343e-03 8.595042755794788381e-01 8.469786468966901793e+01 9.004302613497092156e-03 9.999594496223728202e-01 -3.596529473997901478e-04 -1.697985984597118581e+00 -8.594713845803233498e-01 7.549769246617258310e-03 -5.116573180551502453e-01 -2.376305733122737252e+01
-5.024786848113643734e-01 7.303168485510097042e-03 8.639502714996128985e-01 8.550907610044014007e+01 1.633099644750346871e-02 9.998661322958311004e-01 1.054974870182477696e-03 -1.725294192597094156e+00 -8.638268822880027509e-01 1.464497672526091261e-02 -5.025306130728456333e-01 -2.423903154135885174e+01
-4.930805442125855143e-01 7.451558013203399798e-03 8.699786367158609535e-01 8.633670256789069697e+01 1.490048545661240044e-02 9.998889616540651559e-01 -1.198566596752024155e-04 -1.744406356105368872e+00 -8.698830240927586388e-01 1.290321772075393725e-02 -4.931367212554138568e-01 -2.470718332104886628e+01
-4.827159857152151790e-01 3.906693786118876736e-03 8.755856982213043871e-01 8.716524958477789653e+01 1.194798610084620537e-02 9.999263702613658822e-01 2.124489690667968368e-03 -1.757226078464550811e+00 -8.755128267224583372e-01 1.148686232618690260e-02 -4.827272199972767464e-01 -2.514356129994049027e+01
-4.709403595212163229e-01 9.860229393009011922e-04 8.822325620812450087e-01 8.800028527809415380e+01 1.289209088662197564e-02 9.999003160884017971e-01 5.761247164838602559e-03 -1.773581500538909284e+00 -8.821388893779691376e-01 1.408517765710987253e-02 -4.709062246488505687e-01 -2.558883652140861287e+01
-4.595943520773642099e-01 -6.586068528295164820e-04 8.881186612119129631e-01 8.884724898982771890e+01 1.190470457782747543e-02 9.999053181867680884e-01 6.903716348305330604e-03 -1.785277318005556335e+00 -8.880391034890251500e-01 1.374797127731833615e-02 -4.595429471484511197e-01 -2.601281149302963058e+01
-4.478715125129568153e-01 -1.381754137753737682e-03 8.942393999934105109e-01 8.968959339290503863e+01 1.211040588044798999e-02 9.998977506908940383e-01 7.607932306211809791e-03 -1.795912720396916962e+00 -8.941585458804106601e-01 1.423403400178843183e-02 -4.478090367066085431e-01 -2.642781511908232517e+01
-4.351566685082171593e-01 -3.418470856399518851e-04 9.003488618026903589e-01 9.055228951280669492e+01 1.480513606255080480e-02 9.998620585075258527e-01 7.536385614414645509e-03 -1.811258092377702189e+00 -9.002272879559058971e-01 1.661045027334032836e-02 -4.350915732611798648e-01 -2.683843630243254452e+01
