1.0 0.0 0.0 0.0 0.0 1.0 0.0 0.0 0.0 0.0 1.0 0.0
0.99981415 0.019273415 -0.0004721657 0.2043457 -0.019272782 0.99981344 0.0013153091 -0.00048828125 0.0004974185 -0.0013059679 0.99999905 -0.004760742
0.9993227 0.03679172 0.00012387194 0.25683594 -0.036791906 0.9993126 0.004507674 -0.013305664 4.207717e-05 -0.0045091794 0.9999898 -0.0015869141
0.997991 0.0633291 0.0022002219 0.4251709 -0.063340366 0.9979777 0.005491332 -0.032470703 -0.0018480967 -0.005619663 0.9999825 0.006713867
0.9952816 0.09692269 0.0046287086 0.59521484 -0.096947305 0.9952751 0.0054292106 -0.08630371 -0.0040806266 -0.0058521647 0.99997455 -0.0009765625
0.9909147 0.13429259 0.0066387067 0.80371094 -0.13431077 0.99093163 0.0023728253 -0.14611816 -0.0062597804 -0.0032431611 0.99997514 -0.003540039
0.9846064 0.17458414 0.007715448 1.0003662 -0.17458571 0.9846362 -0.00047161087 -0.1977539 -0.0076792864 -0.0008828176 0.99997014 -0.0025634766
0.9759162 0.2179265 0.00876054 1.201416 -0.21793583 0.9759534 0.0001136834 -0.27868652 -0.008525048 -0.0020201965 0.9999616 -0.009033203
0.96406674 0.26536772 0.011844666 1.3984375 -0.2653843 0.9641349 -0.00017752894 -0.35620117 -0.011467038 -0.0029722264 0.99992985 -0.014038086
0.9498132 0.31218684 0.01809251 1.6569824 -0.3121739 0.9499828 -0.0036081253 -0.47045898 -0.018314658 -0.0022217175 0.9998299 -0.021484375
0.93220675 0.36111537 0.02412622 1.8701172 -0.3609171 0.93251485 -0.012273546 -0.5965576 -0.026930582 0.0027346644 0.9996336 -0.014404297
0.9107546 0.4120048 0.02726921 2.1245117 -0.4116267 0.91114515 -0.018528715 -0.73205566 -0.03248191 0.0056504495 0.99945647 -0.017089844
0.88660204 0.46153444 0.030989457 2.3496094 -0.46111622 0.8871373 -0.01993049 -0.9111328 -0.03668914 0.0033785962 0.99932075 -0.019897461
0.85801053 0.5125624 0.034715515 2.576416 -0.5121092 0.8587119 -0.021556418 -1.0750732 -0.040859904 0.0007250579 0.99916494 -0.036376953
0.8262829 0.5618455 0.037297256 2.8260498 -0.56120604 0.8271231 -0.026827514 -1.2886963 -0.045929417 0.0012313416 0.99894416 -0.041625977
0.7900655 0.6119876 0.036772016 3.0568848 -0.611115 0.79091316 -0.032852113 -1.5036621 -0.049187396 0.0034850854 0.99878347 -0.049926758
0.75176024 0.658447 0.037272077 3.2855225 -0.6573715 0.75267327 -0.037822098 -1.7575684 -0.052955724 0.0039346814 0.99858916 -0.06274414
0.712445 0.7008334 0.03528804 3.512329 -0.69966394 0.7133051 -0.04069707 -2.029663 -0.053695984 0.004308317 0.9985484 -0.079833984
0.6707716 0.7409264 0.034766402 3.7302246 -0.73967904 0.67166466 -0.043085866 -2.3115234 -0.05527333 0.0031833425 0.99846596 -0.09484863
0.6278825 0.7774159 0.037497085 3.970581 -0.7762291 0.628998 -0.04299767 -2.642456 -0.05700471 -0.0021106042 0.9983713 -0.11987305
0.58557004 0.809678 0.03868521 4.1916504 -0.8085116 0.5868201 -0.043816783 -2.9805908 -0.058168415 -0.0056259204 0.99829024 -0.1394043
0.5454704 0.8371859 0.038746092 4.41333 -0.83598524 0.5467918 -0.04546433 -3.3510742 -0.05924997 -0.0075878557 0.9982146 -0.15991211
0.5070948 0.8610382 0.039286513 4.6314697 -0.85971403 0.5085325 -0.048595183 -3.761963 -0.061820928 -0.009134566 0.9980454 -0.18139648
0.46952236 0.88205 0.040368527 4.8551025 -0.8808056 0.47108185 -0.048538975 -4.182617 -0.061830703 -0.012768723 0.9980049 -0.2043457
0.43338162 0.9003009 0.03895877 5.0462646 -0.8991733 0.43488604 -0.04731775 -4.649048 -0.059561025 -0.014520638 0.9981199 -0.23474121
0.39960435 0.9159348 0.03500502 5.2526855 -0.91485107 0.4009093 -0.046528768 -5.1376953 -0.056654904 -0.013426888 0.9983038 -0.2619629
0.37088686 0.92819744 0.030657433 5.430664 -0.9271799 0.37196663 -0.045003846 -5.662842 -0.05317887 -0.011730462 0.99851626 -0.2923584
0.34476537 0.9381258 0.028183954 5.624634 -0.9371779 0.34572834 -0.04366639 -6.206909 -0.050722785 -0.011357749 0.9986486 -0.3239746
0.3237308 0.94581276 0.025484415 5.81958 -0.9448926 0.32457203 -0.042931616 -6.7803955 -0.04888602 -0.010169868 0.99875325 -0.35388184
0.30963755 0.95052046 0.024286784 6.0093994 -0.94955045 0.310445 -0.043960426 -7.3721924 -0.049322557 -0.009455772 0.99873793 -0.3881836
0.29656193 0.95463413 0.023351822 6.203125 -0.95363194 0.2973426 -0.044668 -7.99292 -0.049578704 -0.009011051 0.99872965 -0.41174316
0.28559923 0.9580168 0.024628496 6.3930664 -0.95695555 0.28647202 -0.046263486 -8.641113 -0.051372737 -0.010352049 0.9986259 -0.444458
0.27562726 0.96087366 0.026266031 6.592163 -0.95974535 0.27661705 -0.048079908 -9.318115 -0.053457823 -0.01194114 0.9984989 -0.48059082
0.26453048 0.96395653 0.026744463 6.796753 -0.96275294 0.26558077 -0.049784128 -10.010986 -0.055090014 -0.012567354 0.9984024 -0.5168457
0.2562313 0.9663194 0.028370377 6.9836426 -0.9650269 0.2574134 -0.051905617 -10.736206 -0.057445426 -0.014087762 0.9982486 -0.5539551
0.24377741 0.96936226 0.028530758 7.1766357 -0.96795005 0.24501908 -0.054256424 -11.476074 -0.059582554 -0.01439019 0.9981195 -0.5900879
0.23421152 0.971808 0.028998628 7.368042 -0.97030604 0.2355225 -0.05604549 -12.244263 -0.06129558 -0.015018879 0.9980065 -0.62841797
0.22395594 0.9741864 0.030218117 7.5498047 -0.9725525 0.22540092 -0.05867517 -13.016602 -0.06398319 -0.016258724 0.9978188 -0.6697998
0.21292157 0.97643584 0.031822413 7.7298584 -0.97462773 0.21454723 -0.06201666 -13.806274 -0.06739211 -0.01779648 0.9975685 -0.7211914
0.19888438 0.97952914 0.03247012 7.8929443 -0.9775017 0.20065053 -0.06567937 -14.6032715 -0.07086516 -0.018688029 0.99731123 -0.7624512
0.18710276 0.98175424 0.033869363 8.051025 -0.9795465 0.18905725 -0.068849005 -15.403687 -0.07400984 -0.020298688 0.9970515 -0.8099365
0.17368689 0.98428774 0.03278779 8.196899 -0.9821056 0.17558576 -0.06856641 -16.219727 -0.07325409 -0.02029078 0.9971074 -0.8535156
0.15885301 0.98677456 0.032888982 8.333374 -0.9846824 0.16077603 -0.067782074 -17.034912 -0.07214574 -0.021620903 0.99715835 -0.9030762
0.1414516 0.9893513 0.032601364 8.4539795 -0.98733276 0.14337336 -0.06713193 -17.847656 -0.07109408 -0.02266382 0.99721295 -0.9498291
0.12072059 0.9921063 0.034434207 8.560059 -0.990262 0.12278236 -0.0658717 -18.677612 -0.06958555 -0.02614604 0.9972336 -0.9925537
0.09709358 0.99462116 0.036740612 8.646118 -0.99296206 0.09932798 -0.06487994 -19.521973 -0.06817162 -0.030173821 0.997217 -1.0423584
0.0653767 0.9970972 0.038782015 8.706543 -0.99559337 0.067792594 -0.064675845 -20.366943 -0.067087114 -0.034357592 0.9971543 -1.0860596
0.03134196 0.9987045 0.039882783 8.745117 -0.9973284 0.033878278 -0.06458832 -21.220947 -0.06585777 -0.0377556 0.9971145 -1.1315918
-0.001775629 0.9992126 0.03964522 8.744263 -0.9979441 0.0007701572 -0.06408658 -22.07544 -0.06406619 -0.039693218 0.99715567 -1.1726074
-0.03661429 0.9985874 0.038545616 8.718872 -0.9974049 -0.034124013 -0.063414276 -22.944214 -0.062019866 -0.040752202 0.9972433 -1.211792
-0.06849015 0.9968755 0.038973738 8.667358 -0.9959235 -0.06603014 -0.06121999 -23.796509 -0.05844004 -0.04302875 0.99736226 -1.2484131
-0.10146476 0.994015 0.039773732 8.587524 -0.9932992 -0.09902608 -0.059105765 -24.652954 -0.05481194 -0.04551907 0.9974584 -1.2874756
-0.13462125 0.9902514 0.03696879 8.470947 -0.98970324 -0.13249668 -0.054931227 -25.50476 -0.04952196 -0.04396938 0.9978058 -1.3205566
-0.16570176 0.98563546 0.030085593 8.307495 -0.98510885 -0.16409397 -0.04974273 -26.353394 -0.044072043 -0.037902594 0.9983082 -1.3463135
-0.19590521 0.9803747 0.02450018 8.136108 -0.97995174 -0.19473585 -0.043434694 -27.202393 -0.037810776 -0.03249375 0.9987565 -1.3723145
-0.22416057 0.97445357 0.019082684 7.931885 -0.9740751 -0.22332107 -0.03844557 -28.033936 -0.033196244 -0.027178962 0.9990792 -1.3896484
-0.25110662 0.96801823 0.01132462 7.7089844 -0.96767586 -0.25064385 -0.031985506 -28.865112 -0.02812381 -0.018979829 0.99942434 -1.4063721
-0.27905628 0.96020424 0.0075017363 7.4696045 -0.9600504 -0.27884185 -0.021712901 -29.690674 -0.018756969 -0.013266221 0.99973613 -1.4157715
-0.30077255 0.9537193 0.0064921435 7.203491 -0.9537288 -0.3007263 -0.007213004 -30.494019 -0.004927622 -0.008359781 0.999953 -1.4121094
-0.32619166 0.9452273 0.010857216 6.930786 -0.9452047 -0.3262949 0.009666342 -31.285889 0.012681801 -0.007105926 0.9998943 -1.4053955
-0.3518957 0.9357977 0.017881064 6.654663 -0.9354977 -0.35226035 0.024987202 -32.083496 0.029690444 -0.007932706 0.9995277 -1.3925781
-0.37552068 0.9265249 0.018935269 6.3286133 -0.9258754 -0.37597212 0.034962226 -32.86743 0.039525248 -0.0044026747 0.99920905 -1.3577881
-0.4023212 0.915502 0.01783998 6.0010986 -0.9146432 -0.40271664 0.039659288 -33.64807 0.043478813 -0.00038028136 0.99905443 -1.3122559
-0.42282724 0.90619886 0.015778396 5.6381836 -0.9053583 -0.4231161 0.039079715 -34.433594 0.04210304 0.0022334096 0.9991112 -1.270752
-0.44299233 0.89652663 0.011029279 5.259033 -0.89585537 -0.4430928 0.03515396 -35.203125 0.036387958 0.005694067 0.99932116 -1.2216797
-0.462345 0.88710004 0.0031597558 4.8675537 -0.88656116 -0.4621831 0.03340753 -35.956055 0.031078938 0.012625584 0.9994371 -1.1767578
-0.47417104 0.88008344 -0.00057272613 4.456909 -0.8795949 -0.4738855 0.033633847 -36.69104 0.02932351 0.016462814 0.999434 -1.1312256
-0.4846809 0.8744001 -0.0015144683 4.069214 -0.87381935 -0.48429376 0.037325703 -37.41736 0.0318914 0.019425321 0.99930197 -1.0893555
-0.4951702 0.8688172 -0.0015581958 3.661255 -0.86816525 -0.49472713 0.03967674 -38.140625 0.033682045 0.020995576 0.9992116 -1.050293
-0.5044223 0.8636487 0.0065714205 3.2590332 -0.86289877 -0.5042779 0.038512252 -38.844604 0.03659768 0.013753045 0.9992361 -1.0058594
-0.51762104 0.85581356 0.007517875 2.8521729 -0.8551255 -0.51752585 0.036498763 -39.545166 0.035137177 0.012455322 0.9993053 -0.96936035
-0.52433395 0.8509179 0.0061467346 2.4189453 -0.85018104 -0.5241571 0.03841907 -40.23999 0.035933368 0.014954439 0.9992421 -0.9291992
-0.53109944 0.8467261 0.0046465336 1.980835 -0.8458979 -0.53080785 0.04163387 -40.952026 0.037721857 0.018199574 0.999122 -0.8852539
-0.53643835 0.8444296 0.005528611 1.5373535 -0.8434595 -0.53611666 0.044860594 -41.66028 0.040853724 0.019382514 0.998978 -0.8502197
-0.5336555 0.8459426 0.0069399867 1.0725098 -0.84487873 -0.53336513 0.046444792 -42.3938 0.042966567 0.018911934 0.99889725 -0.8128662
-0.53126144 0.8472585 0.004361381 0.598999 -0.8462395 -0.5308623 0.046562277 -43.137207 0.041766964 0.02105266 0.99890566 -0.77038574
-0.52699 0.85035455 0.005175629 0.13745117 -0.8493736 -0.52665776 0.045215502 -43.88965 0.041161004 0.019405436 0.99896437 -0.72229004
-0.51783836 0.85569185 0.0070289276 -0.3284912 -0.8547186 -0.51761293 0.044127885 -44.675293 0.0414204 0.016827323 0.999001 -0.68078613
-0.5097464 0.86030465 0.008392291 -0.78796387 -0.85935324 -0.5096025 0.04305563 -45.46765 0.041307762 0.014723204 0.99903786 -0.6380615
-0.5030533 0.86386496 0.010297767 -1.2478027 -0.86293906 -0.5030117 0.0417879 -46.272217 0.04127923 0.012153827 0.9990733 -0.59472656
-0.4977257 0.8670695 0.013261377 -1.7180176 -0.8662151 -0.4978369 0.03932106 -47.11267 0.04070423 0.008080202 0.9991386 -0.55236816
-0.49620822 0.8677344 0.0174136 -2.1774902 -0.86698306 -0.49650466 0.036218483 -47.953735 0.040066086 0.0028914497 0.99919224 -0.5048828
-0.49475104 0.86872023 0.01929278 -2.6536865 -0.8680493 -0.49512646 0.034135588 -48.819946 0.039188154 0.0001527858 0.9992313 -0.4588623
-0.49611992 0.86834747 0.020482395 -3.1486816 -0.86771965 -0.49654076 0.03304215 -49.699707 0.038839545 -0.0013907198 0.99924445 -0.4144287
-0.49750936 0.8675526 0.019821264 -3.637329 -0.8669605 -0.49790275 0.032070518 -50.583374 0.03768527 -0.0012422679 0.99928916 -0.36608887
-0.49609396 0.8677446 0.020579541 -4.1538086 -0.8671806 -0.49651504 0.031362973 -51.480713 0.03743333 -0.0022729905 0.9992961 -0.3157959
-0.49610037 0.86773825 0.019295804 -4.6627197 -0.867183 -0.49647355 0.031064432 -52.384766 0.036540605 -0.0013199132 0.9993311 -0.26831055
-0.49609125 0.8679679 0.01910384 -5.1695557 -0.86743903 -0.4964565 0.030334374 -53.30493 0.03581144 -0.0015219068 0.9993573 -0.2211914
-0.49605927 0.8681453 0.020933773 -5.670532 -0.8676678 -0.49648646 0.029032758 -54.238403 0.03558699 -0.0037595504 0.9993594 -0.17004395
-0.4974414 0.8675836 0.021559972 -6.180298 -0.8671426 -0.49788615 0.028062623 -55.14673 0.035078768 -0.0047501046 0.99937373 -0.118652344
-0.4960209 0.8685506 0.022066973 -6.678711 -0.8681727 -0.4964746 0.026338622 -56.05835 0.033823166 -0.00610772 0.99940956 -0.06384277
-0.4921986 0.8696454 0.022179404 -7.194214 -0.8692917 -0.49265283 0.02566715 -56.982544 0.033267908 -0.00663235 0.9994242 -0.012939453
-0.49218467 0.870529 0.020031985 -7.682007 -0.87024987 -0.49255383 0.022891538 -57.89856 0.029798288 -0.0061729923 0.99953717 0.037109375
-0.48938552 0.872264 0.01905911 -8.191772 -0.87201315 -0.48971996 0.021764446 -58.805664 0.02829477 -0.005968731 0.99958175 0.08117676
-0.4841777 0.87448573 0.018411145 -8.705566 -0.87425035 -0.48449165 0.021116264 -59.731567 0.027383622 -0.0058554765 0.9996075 0.1348877
-0.48278365 0.8757785 0.018082771 -9.203735 -0.87553847 -0.48309004 0.021251192 -60.651733 0.027335878 -0.0055806567 0.99961084 0.17687988
-0.48177275 0.87619984 0.01806288 -9.705566 -0.87595296 -0.48208088 0.021505192 -61.567993 0.027575856 -0.0054742154 0.9996053 0.22070312
-0.48176682 0.87625706 0.019251538 -10.186401 -0.8760194 -0.48210734 0.021437248 -62.465576 0.028076144 -0.0065521863 0.9995847 0.26245117
-0.48417366 0.87449485 0.022636889 -10.692993 -0.8742327 -0.48462552 0.023075372 -63.372314 0.03114174 -0.00860722 0.99947757 0.3182373
-0.48696354 0.87281185 0.024705771 -11.182373 -0.87254184 -0.4874886 0.023869872 -64.27258 0.032893993 -0.009929107 0.9994095 0.3668213
-0.49216172 0.86984324 0.024245698 -11.68042 -0.86962134 -0.49265325 0.022132717 -65.170654 0.031217521 -0.010194246 0.9994607 0.4053955
-0.49737346 0.86680156 0.01884666 -12.195679 -0.866628 -0.49768057 0.018706685 -66.06177 0.025611818 -0.0070220716 0.9996472 0.4593506
-0.50397456 0.862839 0.021912886 -12.686523 -0.86274093 -0.50434166 0.016702741 -66.9436 0.025491105 -0.010483517 0.99962 0.50561523
-0.50920916 0.86043054 0.021692239 -13.192627 -0.860272 -0.5095903 0.018841187 -67.82312 0.02726648 -0.009067573 0.99958706 0.54748535
-0.51444614 0.85755527 0.023404166 -13.694336 -0.85735255 -0.5148939 0.020851528 -68.681885 0.029932728 -0.0093453415 0.9995085 0.5911865
-0.519683 0.85437995 0.025305154 -14.193359 -0.854162 -0.5201979 0.021856906 -69.541504 0.031832993 -0.010268271 0.9994408 0.6340332
-0.5224804 0.8523142 0.026503965 -14.716431 -0.8521262 -0.5230262 0.021263905 -70.40332 0.031980895 -0.011475681 0.9994226 0.6829834
-0.52632046 0.8504171 0.025841776 -15.230713 -0.8502425 -0.52683645 0.020536058 -71.24414 0.03106275 -0.011168075 0.9994552 0.73132324
-0.5291144 0.84844905 0.019952925 -15.72998 -0.848395 -0.5294015 0.013644051 -72.08386 0.022139877 -0.009716574 0.9997078 0.7706299
-0.52911425 0.8481747 0.014363459 -16.255249 -0.8482081 -0.5292274 0.005444108 -72.92517 0.012225076 -0.009299421 0.9998819 0.8138428
-0.53156483 0.8467161 0.012883178 -16.77649 -0.8467703 -0.53163046 0.0020755078 -73.7522 0.008602589 -0.009799804 0.9999148 0.84802246
-0.53295994 0.8465223 0.016223744 -17.297607 -0.84654725 -0.5331165 0.0073510045 -74.57483 0.014864814 -0.009824242 0.99984133 0.86987305
-0.534365 0.84522396 0.018034771 -17.811646 -0.84517705 -0.5345997 0.012388741 -75.384766 0.020109324 -0.008623307 0.99976057 0.8980713
-0.53580135 0.8443385 0.014573508 -18.338623 -0.8441616 -0.5359916 0.017525734 -76.21008 0.022616424 -0.0029142327 0.9997401 0.9295654
-0.53442204 0.8452817 0.010151625 -18.86377 -0.84509 -0.53451747 0.018033221 -77.03479 0.020672984 0.0010524513 0.9997858 0.9700928
-0.5343989 0.8454177 0.009435331 -19.39685 -0.84528655 -0.53448224 0.014895554 -77.86206 0.017640874 -2.0682812e-05 0.99984443 1.0020752
-0.53296727 0.845817 0.008206442 -19.90149 -0.84576976 -0.5330264 0.00917526 -78.67395 0.012135728 -0.0020473222 0.99992424 1.02771
-0.53295904 0.8465467 0.0070995362 -20.416748 -0.84655094 -0.5329894 0.003291548 -79.50305 0.0065673324 -0.0042581246 0.9999695 1.0554199
-0.5316007 0.8467744 0.013285541 -20.910767 -0.8468688 -0.531604 -0.0035731005 -80.30994 0.0040355315 -0.013145616 0.99990547 1.0837402
-0.53169805 0.8471661 0.019787934 -21.409668 -0.8473902 -0.531643 -0.008375157 -81.141846 0.0034149112 -0.021213692 0.9997693 1.0952148
-0.52782977 0.8492848 0.017264072 -21.912476 -0.8494575 -0.5277706 -0.008180101 -81.95532 0.0021583922 -0.018989516 0.99981755 1.1104736
-0.5235633 0.85177183 0.01295243 -22.411743 -0.85186785 -0.523537 -0.005626259 -82.76257 0.0019904538 -0.013967797 0.9999004 1.1339111
-0.5196977 0.854632 0.013590348 -22.913696 -0.8547246 -0.51971877 -0.0022177852 -83.57605 0.0051615997 -0.012768552 0.9999053 1.1534424
-0.5116403 0.85946566 0.009177701 -23.399902 -0.85950834 -0.51164794 -0.0016734384 -84.386475 0.0032532874 -0.0087389685 0.99995655 1.170166
-0.5025692 0.86392605 0.0020632292 -23.880737 -0.8639267 -0.5025716 0.00083149853 -85.19531 0.0017572478 -0.0013646532 0.9999976 1.1945801
-0.49315676 0.86995906 0.0037930352 -24.353271 -0.86996275 -0.49316373 0.0010914414 -86.02014 0.0028199921 -0.002760847 0.9999922 1.2097168
-0.4827531 0.87555856 0.005180745 -24.794434 -0.87557393 -0.48274758 -0.0023361058 -86.84631 0.00045771664 -0.0056620734 0.99998385 1.2194824
-0.47097307 0.8822119 0.0025539738 -25.24524 -0.88220954 -0.47095686 -0.005113979 -87.67859 -0.003307355 -0.0046593575 0.99998367 1.2332764
-0.4596155 0.8881033 0.002861989 -25.674438 -0.8880962 -0.45959044 -0.0066296076 -88.52295 -0.00457268 -0.0055914014 0.99997395 1.241333
-0.4478898 0.8942283 0.002347835 -26.094849 -0.89421505 -0.4478642 -0.007217746 -89.36255 -0.005401859 -0.0053296415 0.9999712 1.248169
-0.43518785 0.90033394 -6.0120597e-05 -26.511353 -0.9003174 -0.43518022 -0.0060315514 -90.22241 -0.0054570045 -0.0025721416 0.9999819 1.2592773
-0.4235132 0.9057625 0.0026333123 -26.90149 -0.9057659 -0.4235082 -0.0022648303 -91.066895 -0.00093650026 -0.00334498 0.999994 1.2746582
-0.41158822 0.911283 0.0037116632 -27.274536 -0.91126573 -0.41160372 0.005711457 -91.91028 0.0067356424 -0.0010311361 0.9999769 1.2861328
-0.39833498 0.9174297 0.00568594 -27.651611 -0.91737074 -0.39837414 0.010465464 -92.757935 0.011860334 -0.0010507321 0.99992913 1.3048096
-0.38881445 0.92160594 0.0056474553 -27.997803 -0.9215841 -0.3888471 0.006856569 -93.61194 0.008509833 -0.0025429702 0.99996054 1.3208008
-0.37535116 0.9266713 0.0039045892 -28.3479 -0.9266677 -0.3753643 0.0034834244 -94.48047 0.0046966956 -0.0023108115 0.9999863 1.3496094
-0.36521256 0.930897 0.007727714 -28.676758 -0.930902 -0.3652526 0.0045932527 -95.34277 0.0070959637 -0.005513139 0.9999596 1.3649902
-0.3585236 0.9335483 0.0154232215 -28.990112 -0.93359095 -0.35866484 0.0075657815 -96.20337 0.012595105 -0.011693288 0.9998524 1.3936768
-0.351843 0.9355643 0.022341255 -29.309692 -0.93560416 -0.35218295 0.013609447 -97.07556 0.020609897 -0.016113525 0.99965763 1.4116211
-0.3468063 0.93754274 0.027625915 -29.625366 -0.93765855 -0.34728193 0.014691035 -97.9574 0.023363326 -0.020808076 0.99951047 1.4454346
-0.34450877 0.9383897 0.029738484 -29.926514 -0.9385671 -0.3450205 0.014093148 -98.82654 0.023482308 -0.023055969 0.9994584 1.473999
-0.33949134 0.9400923 0.032530937 -30.237549 -0.94036 -0.3400477 0.01328621 -99.7063 0.023546604 -0.026078274 0.99938244 1.510498
-0.33584717 0.9414854 0.03187952 -30.537476 -0.9418047 -0.33630782 0.010244858 -100.58606 0.02035658 -0.026570389 0.9994394 1.5388184
-0.32921582 0.94394463 0.028454881 -30.848999 -0.9442295 -0.32954258 0.0075425063 -101.46692 0.016499894 -0.02438964 0.9995664 1.5623779
-0.3239914 0.9455591 0.02849887 -31.13684 -0.94590104 -0.32422453 0.0038468754 -102.34387 0.012887546 -0.02571725 0.9995861 1.5980225
-0.31838247 0.9475949 0.03406472 -31.421265 -0.9481208 -0.31863222 0.0020442894 -103.229004 0.012772234 -0.031645518 0.9994177 1.6212158
-0.31030107 0.94944733 0.04308485 -31.689453 -0.9503049 -0.31066293 0.001790233 -104.087524 0.015113989 -0.040396877 0.9990691 1.6418457
-0.3052522 0.95139164 0.044014327 -31.957275 -0.9522164 -0.3057947 0.0060070874 -104.958984 0.0191764 -0.040075246 0.99901265 1.673706
-0.29791284 0.9539374 0.04052722 -32.240356 -0.95456207 -0.2985142 0.009576044 -105.824585 0.021210972 -0.03583249 0.9991328 1.7023926
-0.2898128 0.95598435 0.041282862 -32.50232 -0.9566908 -0.29033494 0.0071172905 -106.712524 0.01881865 -0.037433263 0.9991216 1.7310791
-0.28269458 0.95820135 0.04137482 -32.749756 -0.9590022 -0.2830014 0.0016281446 -107.572876 0.013274983 -0.039213553 0.99914235 1.7652588
-0.27620506 0.96013004 0.04089752 -33.000244 -0.96093994 -0.27641645 -0.0005079196 -108.46472 0.0108269155 -0.03944815 0.9991629 1.7941895
-0.26970878 0.96182805 0.04495651 -33.227295 -0.9627774 -0.27006105 0.0018416923 -109.32349 0.013906924 -0.042783603 0.99898744 1.8195801
-0.26248088 0.9639508 0.045131724 -33.478394 -0.964862 -0.26296476 0.005028746 -110.229126 0.016721684 -0.042215664 0.9989683 1.8430176
-0.25508896 0.9657564 0.04456588 -33.6886 -0.9666402 -0.2555759 0.0054825386 -111.05432 0.016708728 -0.041681375 0.9989909 1.8614502
-0.2473042 0.96791655 0.045187436 -33.921265 -0.96883893 -0.24777077 0.0049405047 -111.977905 0.015979642 -0.042549938 0.99896634 1.8898926
-0.24078526 0.96978104 0.040941138 -34.128418 -0.9705257 -0.24120066 0.0054593375 -112.828125 0.0151481 -0.03839543 0.9991474 1.9108887
-0.23207808 0.97197556 0.03668551 -34.3468 -0.9725665 -0.23243201 0.00563995 -113.720825 0.014001177 -0.03436422 0.9993112 1.9360352
-0.22630145 0.97349757 0.03573666 -34.549805 -0.9740468 -0.22666657 0.0064716586 -114.60962 0.014389743 -0.03333867 0.99934053 1.9575195
-0.21776462 0.9752357 0.041408174 -34.740967 -0.9759995 -0.21819377 0.0060950844 -115.51001 0.014968132 -0.039084326 0.99912393 1.9766846
-0.21216035 0.9761717 0.046311226 -34.92639 -0.9771795 -0.2125454 0.0034949325 -116.404785 0.013257724 -0.0445048 0.9989209 2.0107422
-0.20709014 0.9773337 0.04425252 -35.118896 -0.9782631 -0.20741223 0.0027748828 -117.32031 0.011886591 -0.042730518 0.9990163 2.039917
-0.20200324 0.9783315 0.042206146 -35.294678 -0.97916937 -0.20232393 0.0034119014 -118.19275 0.011896476 -0.040637705 0.9991027 2.0585938
-0.19780016 0.9794617 0.041156657 -35.481934 -0.9802462 -0.19814503 0.0044418126 -119.0918 0.012496999 -0.039465655 0.99914294 2.0854492
-0.1911861 0.9808713 0.035402264 -35.670166 -0.9814533 -0.1914388 0.0038642029 -119.95581 0.010571868 -0.034023076 0.9993653 2.097168
-0.18694365 0.98211896 0.025539134 -35.863525 -0.9824254 -0.18706357 0.0023709019 -120.85742 0.0071114483 -0.024649285 0.9996709 2.1169434
-0.18193638 0.98304564 0.023430802 -36.02417 -0.9833127 -0.1820009 0.0006303184 -121.74402 0.004884593 -0.022922365 0.9997253 2.1412354
-0.17693533 0.9838764 0.02570704 -36.182495 -0.98418474 -0.17706563 0.0028712102 -122.63501 0.0073794834 -0.024805019 0.99966526 2.1502686
-0.17345774 0.9844906 0.027960196 -36.328857 -0.9848433 -0.17364885 0.00454263 -123.523926 0.009321089 -0.026747387 0.9995988 2.1629639
-0.17283177 0.984552 0.029555826 -36.47888 -0.98496014 -0.17300259 0.0033046638 -124.4032 0.008365737 -0.02853857 0.9995576 2.1843262
-0.17002022 0.98500293 0.028951794 -36.62744 -0.9854027 -0.17015314 0.0021730906 -125.29089 0.0070613096 -0.02814786 0.9995786 2.199707
-0.17005658 0.98515964 0.026694352 -36.77173 -0.98551846 -0.17005433 -0.0023713158 -126.17224 0.002190841 -0.026699139 0.9996411 2.2160645
-0.16928911 0.9851967 0.025912205 -36.921753 -0.98553085 -0.16913186 -0.008155181 -127.05884 -0.0036476697 -0.026932158 0.99963063 2.2316895
-0.16864848 0.98542345 0.024283888 -37.06299 -0.9857035 -0.1684407 -0.010377381 -127.93396 -0.0061375555 -0.025683101 0.9996513 2.243164
-0.16730022 0.9855833 0.026247406 -37.21216 -0.98593026 -0.16718364 -0.006597428 -128.79553 -0.002117508 -0.026969861 0.99963397 2.253418
-0.16638145 0.9856751 0.025502345 -37.354126 -0.9860037 -0.16636765 -0.002683395 -129.6626 0.0016053733 -0.025591364 0.99967116 2.2624512
-0.16646168 0.98556745 0.029052993 -37.495117 -0.9859959 -0.16639243 -0.0048027164 -130.51978 0.000112871174 -0.029458493 0.9995661 2.269287
-0.1664673 0.9855024 0.030595824 -37.634155 -0.9859764 -0.16642845 -0.0038351137 -131.38708 0.0013180398 -0.030806271 0.9995245 2.2814941
-0.1657766 0.9857966 0.02702739 -37.78357 -0.9861671 -0.16570975 -0.004709181 -132.23999 -0.00016279751 -0.027440872 0.99962354 2.2977295
-0.16510998 0.985931 0.028247816 -37.92383 -0.98633397 -0.16509281 -0.0029561487 -133.10486 0.0017452841 -0.028341236 0.9995967 2.3110352
-0.16370584 0.9857185 0.037499867 -38.05127 -0.9864167 -0.16379224 -0.00077860896 -133.95471 0.0053765182 -0.037112683 0.9992965 2.3146973
-0.16309786 0.98573786 0.043042004 -38.177002 -0.98664 -0.16331506 0.0015617292 -134.81958 0.008560015 -0.042212747 0.9990722 2.3308105
-0.16436541 0.9854519 0.043079954 -38.306396 -0.98633504 -0.16467404 0.0036962721 -135.65869 0.010742191 -0.041897386 0.99906445 2.348877
-0.16236067 0.9859539 0.040830605 -38.44983 -0.98674166 -0.16265677 0.0040139514 -136.50183 0.0105957035 -0.039624333 0.99915826 2.3740234
-0.1614654 0.9860704 0.039640434 -38.575928 -0.98679113 -0.16182111 0.0059200823 -137.3291 0.012250527 -0.03817472 0.9991964 2.3896484
-0.16007933 0.98662794 0.032573137 -38.71631 -0.9871106 -0.16033112 0.00525488 -138.18884 0.010406397 -0.03131312 0.9994556 2.4101562
-0.1557579 0.98738605 0.026723227 -38.850098 -0.9877304 -0.15585923 0.0017367774 -139.03223 0.005894763 -0.026132656 0.99964106 2.4327393
-0.15510188 0.9876252 0.021231031 -38.980347 -0.98785317 -0.15507889 -0.0027327028 -139.86108 0.000594086 -0.021398451 0.9997709 2.4482422
-0.1516446 0.9882587 0.018597787 -39.105347 -0.988432 -0.15158258 -0.004712524 -140.69763 -0.0018400606 -0.019091522 0.999816 2.467041
-0.1473149 0.9888897 0.020201968 -39.220215 -0.9890903 -0.14735329 0.00041832356 -141.50903 0.0033939136 -0.0199265 0.99979573 2.4820557
-0.14104499 0.98984504 0.01938683 -39.33435 -0.9900128 -0.14114511 0.0038859632 -142.33496 0.0065828143 -0.01863719 0.99980456 2.4890137
-0.13250062 0.9910021 0.019114746 -39.44458 -0.99115777 -0.13261878 0.0050445986 -143.17578 0.0075358246 -0.018278748 0.99980456 2.4992676
-0.12141429 0.99246806 0.014536768 -39.543335 -0.99257267 -0.121428974 0.00012494065 -143.95776 0.0018899031 -0.014408223 0.9998944 2.515625
-0.11100182 0.9937682 0.009236529 -39.635498 -0.9938092 -0.11097848 -0.0030068248 -144.75305 -0.0019626631 -0.009511033 0.99995285 2.5355225
-0.09705507 0.9952959 0.004911978 -39.72412 -0.9953079 -0.09705271 -0.00071330555 -145.62268 -0.00023528049 -0.0049580634 0.99998766 2.552124
-0.0825754 0.99655485 0.005601543 -39.782104 -0.99657005 -0.08257949 0.0004900396 -146.33228 0.0009520203 -0.005539665 0.9999842 2.567505
-0.06945046 0.9975528 0.0019395966 -39.837524 -0.9975539 -0.06945264 0.0010493477 -147.18713 0.0011822572 -0.0018627122 0.9999976 2.5784912
-0.056572285 0.99841464 -0.0014909841 -39.87732 -0.99841 -0.056566954 0.003430102 -147.93481 0.003339609 0.00168195 0.999993 2.5911865
-0.041556213 0.9991155 0.0030107107 -39.903687 -0.99906707 -0.041584995 0.010169562 -148.76733 0.010286554 -0.0025852807 0.99994373 2.6070557
-0.029303296 0.9995108 0.010552747 -39.90686 -0.9993775 -0.029501554 0.019138604 -149.5199 0.019448556 -0.009992813 0.99976104 2.621704
-0.015873669 0.999747 0.015976617 -39.903076 -0.99950564 -0.016299961 0.026912892 -150.28162 0.027165506 -0.01555167 0.99951017 2.6412354
