7.776055546818698705e-01 -6.283939157507434370e-01 2.122941297705483593e-02 -6.596115949926436883e+01 6.274310420225606144e-01 7.777167643851558010e-01 3.856062630155484422e-02 2.571332937674618435e+01 -4.074173332574654305e-02 -1.666496449838007071e-02 9.990307253152335143e-01 -8.850821393585586172e-01 -4.809208017785018303e-24 -1.416202385148814181e-23 -3.430527606006730092e-24 9.999999999999997780e-01
7.494805558285487779e-01 -6.614513511156649983e-01 2.758634702515245368e-02 -6.556120925184991677e+01 6.606952859515160537e-01 7.499650556776805699e-01 3.215827084619933551e-02 2.609144926915469753e+01 -4.195992798342433605e-02 -5.875829272153629441e-03 9.991020163496771023e-01 -8.928714924953835563e-01 -4.809208017785018303e-24 -1.416202385148814181e-23 -3.430527606006730092e-24 9.999999999999997780e-01
7.210092474379808936e-01 -6.928337853222737985e-01 1.126991681097707330e-02 -6.520839359747867547e+01 6.924768751253141952e-01 7.210323196836405657e-01 2.425224501583882197e-02 2.648861511888496878e+01 -2.492874897774733506e-02 -9.681936151363781246e-03 9.996423448347740992e-01 -9.023252102221130944e-01 1.990573944389850949e-19 4.345457325182166879e-18 -1.650506872379671117e-19 9.999999999999997780e-01
6.908254879030284457e-01 -7.228801866734915205e-01 -1.429618754914820968e-02 -6.487056973775095514e+01 7.230176185846812764e-01 6.907517961593688804e-01 1.036722328986310927e-02 2.690211838192382388e+01 2.380856920743236634e-03 -1.749833756404431742e-02 9.998440576924071399e-01 -9.075341511379814152e-01 1.998945531499270588e-18 1.062732755622608271e-17 -2.577230234051351801e-19 9.999999999999996669e-01
6.561234152148767151e-01 -7.541133154835196750e-01 -2.855120693103778765e-02 -6.453166159841509852e+01 7.541645150610273296e-01 6.565906292825814949e-01 -1.116377002040933736e-02 2.732581596688873660e+01 2.716520254901352155e-02 -1.420749621708851905e-02 9.995299889556652495e-01 -9.273238027598811328e-01 5.012415020840430915e-18 1.828601585957765697e-17 -3.044719380538514937e-19 9.999999999999994449e-01
6.188509208249823867e-01 -7.850086866673140484e-01 -2.801606058902449820e-02 -6.419420043235041362e+01 7.842966716105026492e-01 6.194834501192078013e-01 -3.345124704832712348e-02 2.776943782833094687e+01 4.361500538522855575e-02 -1.271568033008534755e-03 9.990476036806170690e-01 -9.383180864550871858e-01 6.925733716223954440e-18 2.435084779911008968e-17 -4.066375735638906416e-19 9.999999999999988898e-01
5.859315776661586650e-01 -8.100435433044653744e-01 -2.266372088580524691e-02 -6.386886946331616599e+01 8.090541543577471906e-01 5.863455803438091252e-01 -4.037617772584182335e-02 2.825930073528915187e+01 4.599523464566906972e-02 5.321499979167114078e-03 9.989274848695780529e-01 -9.645059466283759653e-01 1.032063428534357649e-17 3.171305509216526347e-17 -7.308268820047493116e-19 9.999999999999983347e-01
5.570520388083370911e-01 -8.303198002115841359e-01 -1.618812639145865429e-02 -6.356357728217972891e+01 8.299637590770554407e-01 5.572871949499269562e-01 -2.431339062165802090e-02 2.876462133429282275e+01 2.920932519163200319e-02 1.082655838693333960e-04 9.995733107683559826e-01 -9.330341838876855531e-01 1.413669567701073700e-17 3.860579814405730662e-17 -1.085824178909046927e-18 9.999999999999976685e-01
5.285107200171218489e-01 -8.488892804776893009e-01 -7.962933947344791319e-03 -6.328632511222208734e+01 8.488506026454926134e-01 5.285656719109410595e-01 -8.425251670747355148e-03 2.927696546091705798e+01 1.136103936088484097e-02 -2.306505453196749152e-03 9.999328011507742087e-01 -8.756861845789468690e-01 1.847846449836180585e-17 4.947604451108838131e-17 -1.296806017376321459e-18 9.999999999999972244e-01
4.985206710953009601e-01 -8.668544966806347452e-01 -6.357835736168034567e-03 -6.301158322243320953e+01 8.668403586606450162e-01 4.985539005921700295e-01 -5.639219929550876378e-03 2.979516709192587243e+01 8.058106959293077909e-03 -2.699960906110435762e-03 9.999638879096269806e-01 -8.682702663276893329e-01 2.378672940127599922e-17 6.210253790037909249e-17 -1.411376983940779065e-18 9.999999999999965583e-01
4.710285436356376199e-01 -8.821072437195572880e-01 -4.349903213736845513e-03 -6.274964775192884758e+01 8.819892678835781208e-01 4.710383269292917618e-01 -1.475892617506268691e-02 3.031704953080683751e+01 1.506792682064795469e-02 3.115307551019016324e-03 9.998816192130889347e-01 -8.635307181864915194e-01 2.990879924988731602e-17 7.689884894252150384e-17 -1.494456985684747441e-18 9.999999999999958922e-01
4.456231352692095471e-01 -8.952042574311480649e-01 -5.418375215677061728e-03 -6.250220620094179225e+01 8.949574886632511994e-01 4.456307242129632917e-01 -2.154880792514245538e-02 3.085111478266612650e+01 2.170517906857342624e-02 4.753431873260258178e-03 9.997531145673043129e-01 -8.594065745497744269e-01 3.520627132300360655e-17 9.299816880363800993e-17 -1.692653937764034120e-18 9.999999999999953371e-01
4.226147026641616788e-01 -9.062910504057912764e-01 -5.774516987458675095e-03 -6.226318099655551919e+01 9.060503167463648255e-01 4.226376442820830581e-01 -2.121898111369760129e-02 3.141006208875631955e+01 2.167110093852021857e-02 3.735450448659713950e-03 9.997581756575215639e-01 -8.547285544655027767e-01 4.086393158854836654e-17 1.077921251810459535e-16 -1.954397214580129535e-18 9.999999999999948930e-01
4.029502155667635810e-01 -9.152080958667324628e-01 -5.026433594042677318e-03 -6.203028370038249051e+01 9.151013857877843272e-01 4.029802029923638118e-01 -1.401462541462292211e-02 3.198862039958029158e+01 1.485185187005772477e-02 1.047499984433386067e-03 9.998891564767614648e-01 -8.483297821327644428e-01 4.563043609585923835e-17 1.248993733060406764e-16 -2.199043231446025100e-18 9.999999999999945599e-01
3.856696539350485953e-01 -9.226341019308473834e-01 -2.287353899724984402e-03 -6.180242862396023185e+01 9.226194734331826242e-01 3.856764222480085769e-01 -5.196591561467481420e-03 3.257202043200036456e+01 5.676731056877149656e-03 -1.061895813641523442e-04 9.999838815942367898e-01 -8.430083439182035621e-01 5.015356833326463207e-17 1.435435831426577956e-16 -2.378994162567603756e-18 9.999999999999942268e-01
3.694538405492509558e-01 -9.292481215964621954e-01 1.337240754627234789e-03 -6.157849495793860939e+01 9.292474023227345059e-01 3.694555270771563982e-01 1.370689095219613032e-03 3.316183892379072518e+01 -1.767761254855222718e-03 7.362211470922057225e-04 9.999981664976005380e-01 -8.400213541653200888e-01 5.485033647710202409e-17 1.623069213733542101e-16 -2.498249432650006080e-18 9.999999999999940048e-01
3.553369763005355675e-01 -9.347365227770904061e-01 1.807279768875984976e-03 -6.136317201855838732e+01 9.347308158193426975e-01 3.553411999953390854e-01 3.306590931143219263e-03 3.375864139284513499e+01 -3.732992271022515275e-03 5.143660694427790430e-04 9.999929000729175232e-01 -8.415611193719164662e-01 6.040939706819053400e-17 1.815710105707124912e-16 -2.596532671991267451e-18 9.999999999999938938e-01
3.424157970272176943e-01 -9.395484617326209653e-01 3.316655717292650899e-04 -6.116034809707761610e+01 9.395455160025951713e-01 3.424155734953009955e-01 2.407984076174220743e-03 3.435662777652480315e+01 -2.375985191598227898e-03 -5.129168859383510890e-04 9.999970458009506125e-01 -8.466138527559258220e-01 6.633902406913785766e-17 1.999361289414059881e-16 -2.677861697237583402e-18 9.999999999999934497e-01
3.302393302028227007e-01 -9.438870814100099871e-01 -4.377480376684573724e-03 -6.096293550339959921e+01 9.438970916363174091e-01 3.302331994710785978e-01 2.077105584228998176e-03 3.497287167600210012e+01 -5.149637772637654038e-04 -4.817832953140562327e-03 9.999882615800709251e-01 -8.512209478913108640e-01 7.129326571968270921e-17 2.189509410581619367e-16 -2.750852412600792427e-18 9.999999999999928946e-01
3.198600569451938713e-01 -9.474357473220008652e-01 -7.419478915398282533e-03 -6.076747764739992874e+01 9.474647894939453030e-01 3.198513126738426471e-01 2.368638855483761255e-03 3.560080258683115773e+01 1.289969462650410517e-04 -7.787327987926455190e-03 9.999696699813360734e-01 -8.580272699713004103e-01 7.632876434909141706e-17 2.388535813189487329e-16 -2.749628098728208141e-18 9.999999999999923395e-01
3.118754038540204054e-01 -9.500757635365327802e-01 -9.475020386018859903e-03 -6.057265303806435952e+01 9.501229361035490317e-01 3.118637814389719209e-01 2.718109007005734771e-03 3.623155045140711650e+01 3.725061965889736029e-04 -9.850145533080251203e-03 9.999514167558809508e-01 -8.605783836644748108e-01 8.235571952928790841e-17 2.591429334472484184e-16 -2.680730805277869785e-18 9.999999999999917843e-01
3.060179492986037086e-01 -9.519612662119405488e-01 -1.107981674837558647e-02 -6.037610137943394761e+01 9.520240605042734616e-01 3.060185614495254391e-01 1.681745920223192683e-03 3.687301681754577487e+01 1.789672606800280126e-03 -1.106289656817530803e-02 9.999372027239822325e-01 -8.586254526173552337e-01 8.900098083118342855e-17 2.779445066957637156e-16 -2.577934231120255711e-18 9.999999999999912292e-01
3.015367344660220272e-01 -9.533704961192880356e-01 -1.266076209251938353e-02 -6.017664612178599981e+01 9.534520326022974945e-01 3.015399234565042108e-01 1.701789769348580495e-03 3.752372629560107242e+01 2.195289075585348318e-03 -1.258458148119903815e-02 9.999184011782135117e-01 -8.592194511677269109e-01 9.593930318594336464e-17 2.940225368967095802e-16 -2.463231722006963035e-18 9.999999999999905631e-01
2.981988789199841450e-01 -9.544192644144758875e-01 -1.270024902592833786e-02 -5.997708923961222638e+01 9.545003140613487203e-01 2.982071599316651334e-01 1.280711640942167311e-03 3.817799545006216277e+01 2.564969330172755732e-03 -1.250429845944970621e-02 9.999185284073629498e-01 -8.649841844134261715e-01 1.029957293109665353e-16 3.102242528588414500e-16 -2.283169227112999943e-18 9.999999999999897859e-01
2.959216078557173613e-01 -9.551405305399253143e-01 -1.170337233086923660e-02 -5.977318434717403761e+01 9.552034060595966380e-01 2.959493223914178017e-01 -6.720329167218098238e-04 3.883877117030616688e+01 4.105490987634425465e-03 -1.098023205157655155e-02 9.999312873631944765e-01 -8.678247755524888252e-01 1.106155376646828991e-16 3.252191411389758089e-16 -2.114340281933730377e-18 9.999999999999892308e-01
2.951781020282089885e-01 -9.553802304159468850e-01 -1.088592730580354752e-02 -5.956879390825989162e+01 9.554289180289963213e-01 2.952150079160402729e-01 -1.918774377867241013e-03 3.950943795486485755e+01 5.046848223000805801e-03 -9.834349568441714748e-03 9.999389055795102621e-01 -8.649638078661212592e-01 1.187147049173416271e-16 3.398240124956022338e-16 -2.011547180523382739e-18 9.999999999999881206e-01
2.948818528621635071e-01 -9.554748394864770455e-01 -1.060773117928709257e-02 -5.936292594386987531e+01 9.555228540925708725e-01 2.949132736689275003e-01 -1.495433284219198963e-03 4.018656765469463465e+01 4.557209605487334315e-03 -9.694953434191383446e-03 9.999426182129088625e-01 -8.640095215487747504e-01 1.273725548657681387e-16 3.545265336327917341e-16 -1.947572048900738845e-18 9.999999999999865663e-01
2.940725574358346583e-01 -9.557075518923704438e-01 -1.201691386907515618e-02 -5.915503256653080655e+01 9.557791177297070284e-01 2.940843750057310912e-01 8.114735727043665163e-04 4.087720685159974465e+01 2.758455183091764341e-03 -1.172414744442951996e-02 9.999274650151719346e-01 -8.654845602139293881e-01 1.360195896574678823e-16 3.686635385664809895e-16 -1.893514564221502779e-18 9.999999999999845679e-01
2.933867640549177036e-01 -9.559360448609721672e-01 -1.051117561623678663e-02 -5.894610297102035190e+01 9.559933890604428441e-01 2.933583105275495706e-01 4.188283324022903237e-03 4.157550699356809787e+01 -9.201902750843404897e-04 -1.127740129175009570e-02 9.999359846859816603e-01 -8.664716911662113663e-01 1.452663092657061474e-16 3.814137918609251702e-16 -1.837056999829962950e-18 9.999999999999826805e-01
2.929348658032006614e-01 -9.561111979096550417e-01 -6.367230835186976634e-03 -5.872862134647832022e+01 9.561277295490649974e-01 2.929061274435575402e-01 5.075952464705994066e-03 4.227567342347014545e+01 -2.988174065086648436e-03 -7.574809416028493829e-03 9.999668459894192063e-01 -8.723306983675418458e-01 1.557626726688884172e-16 3.939337537920536701e-16 -1.730662591266686938e-18 9.999999999999806821e-01
2.922258591068916389e-01 -9.563475919601984732e-01 -1.824998916705597484e-03 -5.850725410491932621e+01 9.563483058433881467e-01 2.922222158282935522e-01 2.023483862757209824e-03 4.297858199848965910e+01 -1.401848692191425515e-03 -2.336648932334824992e-03 9.999962874390926348e-01 -8.773619837546059452e-01 1.645741384717512058e-16 4.051314000860797451e-16 -1.634202984692293395e-18 9.999999999999786837e-01
2.920206813211909669e-01 -9.564119455342556808e-01 3.348431851752157432e-04 -5.828237412314570065e+01 9.564086770438015028e-01 2.920187240934482564e-01 -2.739936901328399177e-03 4.369637075175371166e+01 2.522727902738047725e-03 1.120365168459590364e-03 9.999961903056300283e-01 -8.774528968117730754e-01 1.736783430230831120e-16 4.169110730413956419e-16 -1.620104133860237879e-18 9.999999999999766853e-01
2.919430050474361438e-01 -9.564306476343598096e-01 -3.114172355174105091e-03 -5.806757618829787759e+01 9.564169409076479500e-01 2.919561285189012922e-01 -5.315464719026148296e-03 4.441719242030485759e+01 5.993075068057319814e-03 -1.426634454091877790e-03 9.999810237026087734e-01 -8.770867917463254226e-01 1.827706659539646248e-16 4.296013866834756321e-16 -1.684432545288463154e-18 9.999999999999747979e-01
2.913916267692636120e-01 -9.565566675244657757e-01 -9.500613828083589313e-03 -5.784948353644845298e+01 9.565570694990737088e-01 2.914612230009978044e-01 -6.994875136751304082e-03 4.516024994874014453e+01 9.460054976158807291e-03 -7.049631276680321662e-03 9.999304026074332663e-01 -8.783949676552869068e-01 1.909620098110313124e-16 4.430565113830083898e-16 -1.736862200836183413e-18 9.999999999999727995e-01
2.907743656970620538e-01 -9.567555358164144819e-01 -8.313419150404420532e-03 -5.762362513616089643e+01 9.567427777499899477e-01 2.908363595878237784e-01 -7.580841972482614891e-03 4.589468448636104370e+01 9.670857084758888861e-03 -5.749489214551487676e-03 9.999367069454789814e-01 -8.785543429465847431e-01 1.984375428880769173e-16 4.579559684961827087e-16 -1.731409054916680305e-18 9.999999999999710232e-01
2.902754098759156576e-01 -9.569365003002122672e-01 -3.566625071071073856e-03 -5.738918320669566242e+01 9.569081795814612379e-01 2.902946487542265031e-01 -7.466776736614872886e-03 4.663588033745479322e+01 8.180603371109920405e-03 -1.245511026327380307e-03 9.999657626292596246e-01 -8.797286113490832005e-01 2.063057196582630648e-16 4.771293679069342332e-16 -1.759900044103470794e-18 9.999999999999692468e-01
2.905232700649877930e-01 -9.568608417520225728e-01 -3.682264547397170757e-03 -5.715968520316526735e+01 9.568567348878385115e-01 2.905363333038649687e-01 -3.718592504484460447e-03 4.739822234098188858e+01 4.628007193835405146e-03 -2.443061977365411537e-03 9.999863064050105166e-01 -8.768477822356809392e-01 2.133971480287819918e-16 4.970822411260500075e-16 -1.844765749378981734e-18 9.999999999999675815e-01
2.918392092124759696e-01 -9.564537063197755540e-01 -5.116994550922153960e-03 -5.692941090169871643e+01 9.564670792880575201e-01 2.918305961503868673e-01 2.372633298741285476e-03 4.816644481801105115e+01 -7.760183420191776914e-04 -5.586664258500650439e-03 9.999840933624598582e-01 -8.761157456412527189e-01 2.206735507151039353e-16 5.171120749928421291e-16 -1.883872095321454973e-18 9.999999999999660272e-01
2.915993258356316398e-01 -9.565119063261984245e-01 -7.403122871659463186e-03 -5.669405090970839467e+01 9.565267419263547843e-01 2.915447889670706449e-01 7.630727749715481879e-03 4.895231854082476985e+01 -5.140540051215873422e-03 -9.306400067952066979e-03 9.999434812856673460e-01 -8.804893065363385007e-01 2.289234886597915302e-16 5.341529426579870223e-16 -1.827933692485866446e-18 9.999999999999643618e-01
2.910821285793696589e-01 -9.566927261508183511e-01 -3.197209977125640284e-03 -5.644932619015319375e+01 9.566633562892651321e-01 2.910414734108267010e-01 9.491232180766947038e-03 4.974086479409800887e+01 -8.149672086996132686e-03 -5.821381693488274223e-03 9.999498459222809776e-01 -8.959550378422781458e-01 2.369831599804929294e-16 5.477284964465756598e-16 -1.680681716960500678e-18 9.999999999999624745e-01
2.905252526740745300e-01 -9.568629114859505957e-01 2.906231427032695235e-03 -5.620390443714759243e+01 9.568275945397457516e-01 2.905395270687371467e-01 8.230281772742455842e-03 5.052225853577409254e+01 -8.719626483771914308e-03 3.896577339072434761e-04 9.999619074148632381e-01 -9.069790716440460088e-01 2.447739351493707267e-16 5.594307562325944376e-16 -1.537777289093637608e-18 9.999999999999604761e-01
2.895969845615056770e-01 -9.571472450285968270e-01 1.654650070677783852e-03 -5.596746002126337061e+01 9.571267568114695257e-01 2.896016193019596563e-01 6.266856735695154439e-03 5.131162424015418821e+01 -6.477493999398633261e-03 -2.311529575213785775e-04 9.999789940992428461e-01 -9.095834713475366984e-01 2.518394224391071576e-16 5.718210828370951479e-16 -1.455787781122878640e-18 9.999999999999584777e-01
2.903084871044211424e-01 -9.569118451470832731e-01 -6.379884963397313910e-03 -5.573808084176840794e+01 9.569265772116185564e-01 2.902754120859031284e-01 5.631248931110181301e-03 5.212013053936990303e+01 -3.536685068332830629e-03 -7.739880838715905084e-03 9.999637923961360864e-01 -9.195341306573742157e-01 2.578525318923394849e-16 5.860014037268186323e-16 -1.380443840261881170e-18 9.999999999999564793e-01
2.895005408501866717e-01 -9.571393639540868303e-01 -8.583403567846115481e-03 -5.549488786156486952e+01 9.571771465810052781e-01 2.894995606749853345e-01 1.383630062151406694e-03 5.292022411862071607e+01 1.160564764360815307e-03 -8.616399386341953501e-03 9.999622046612424153e-01 -9.292209096666625978e-01 2.641548573700180831e-16 6.024803669712482418e-16 -1.199237979498922054e-18 9.999999999999544809e-01
2.886302967677343290e-01 -9.574098070906343905e-01 -7.681996760629545423e-03 -5.524647788075943566e+01 9.574258550173113669e-01 2.886611212457952380e-01 -3.238707397818885864e-03 5.372034236194485857e+01 5.318264023308601207e-03 -6.420153239397563029e-03 9.999652482462015879e-01 -9.297441561336363680e-01 2.697326908841660564e-16 6.187068822144878869e-16 -1.021261341410750714e-18 9.999999999999524825e-01
2.888887912669013680e-01 -9.573138031902195255e-01 -9.672047436109576860e-03 -5.500291437103940950e+01 9.573389729213936938e-01 2.889379704284727457e-01 -4.115843851361646218e-03 5.453169442518067456e+01 6.734775886771991911e-03 -8.070406803256198122e-03 9.999447541378014837e-01 -9.258731237908927048e-01 2.748705981864590273e-16 6.343274288409341309e-16 -9.222951942513821209e-19 9.999999999999504841e-01
2.892080459298986272e-01 -9.571441657863530850e-01 -1.528895255827648729e-02 -5.476795399525077102e+01 9.572527626837922243e-01 2.892519134373716105e-01 -6.920312092143101170e-04 5.535892606778391212e+01 5.084732416386366152e-03 -1.443525108119837405e-02 9.998828776523758233e-01 -9.256791356785621927e-01 2.797617514955462336e-16 6.481977534186468375e-16 -7.985087058522499220e-19 9.999999999999485967e-01
2.893059497812965342e-01 -9.571585855752307026e-01 -1.222740694227653427e-02 -5.451981436912758738e+01 9.572364192570069763e-01 2.892727830677179757e-01 4.437862595158608911e-03 5.618422026293654170e+01 -7.106822486555249051e-04 -1.298841929130082132e-02 9.999153943684291335e-01 -9.280489446245624441e-01 2.847516013604639953e-16 6.631592310222255372e-16 -5.686086576175874111e-19 9.999999999999465983e-01
2.884266762932817252e-01 -9.574846004276176270e-01 -5.769952004657721324e-03 -5.426536553898873905e+01 9.574839869612988830e-01 2.883790694237585162e-01 7.869372981384585922e-03 5.700844041282193331e+01 -5.870870054963958119e-03 -7.794373743515323368e-03 9.999523891779340534e-01 -9.337524324057718816e-01 2.889195820041479148e-16 6.772567455983737540e-16 -2.863637001214666550e-19 9.999999999999445999e-01
2.878056418484525314e-01 -9.576470134701708936e-01 -8.950425219948399472e-03 -5.401605783783668358e+01 9.576523163526960980e-01 2.877004764405492465e-01 1.142264594298156299e-02 5.785021379997739643e+01 -8.363821173089010588e-03 -1.185889739143927007e-02 9.998947009800361885e-01 -9.420912608716772718e-01 2.917112401004686195e-16 6.913551580187917523e-16 -9.380472494156390864e-20 9.999999999999426015e-01
2.882831431443765302e-01 -9.574942691063186295e-01 -9.876943206616086227e-03 -5.376610222232383052e+01 9.575127415871512726e-01 2.881730892906902985e-01 1.120804653196788396e-02 5.867974128770605802e+01 -7.885371085626523627e-03 -1.268838985099784815e-02 9.998884066163288287e-01 -9.604179448930690866e-01 2.951404452879924269e-16 7.033011332178231946e-16 1.302927809075002036e-19 9.999999999999404920e-01
2.865109389565715925e-01 -9.580589422032805835e-01 -5.877509872500393494e-03 -5.351397268787729899e+01 9.580727906988982800e-01 2.864861759138895292e-01 4.711553120676333778e-03 5.950832440990495797e+01 -2.830120271648350720e-03 -6.980993794441727254e-03 9.999716276699044393e-01 -9.562144071946016011e-01 2.976005854060531715e-16 7.134428809576451771e-16 3.715289665603430034e-19 9.999999999999384936e-01
2.859341242433257602e-01 -9.582359402574652796e-01 -5.055629717047147205e-03 -5.326182127787478038e+01 9.582473931907886655e-01 2.859400436639414345e-01 -4.742074145319335543e-04 6.034740380187330544e+01 1.900009569796691630e-03 -4.708951915500220187e-03 9.999871077845945422e-01 -9.604691618422410704e-01 3.000872739643058080e-16 7.227478793688267170e-16 5.452100832218732676e-19 9.999999999999364952e-01
2.857780356513511255e-01 -9.582656560839792892e-01 -7.605702395829572887e-03 -5.301467120685316559e+01 9.582898909347211669e-01 2.857952238046776450e-01 -1.254983230241810089e-03 6.119626241942675193e+01 3.376280746925156440e-03 -6.929821077052615227e-03 9.999702887126512563e-01 -9.680932766728945760e-01 3.044130320333516948e-16 7.308959832245323926e-16 6.793128358755857805e-19 9.999999999999347189e-01
2.850512603930492883e-01 -9.584928895858306763e-01 -6.095864292424802572e-03 -5.275958884219384970e+01 9.585121655223654002e-01 2.850484858960888324e-01 1.337622566333396528e-03 6.204013332557308047e+01 4.555151680190111713e-04 -6.224251082111310028e-03 9.999805254125214704e-01 -9.704370104008112063e-01 3.080922446446051786e-16 7.394094602601022485e-16 8.379325290175919546e-19 9.999999999999330536e-01
2.843233432270612093e-01 -9.587262580339085405e-01 -2.049061300719239899e-03 -5.250211507859039273e+01 9.587213256947759721e-01 2.843123435979760805e-01 4.462167190705719835e-03 6.289307979068854593e+01 -3.695423432868003791e-03 -3.233177060340936080e-03 9.999879451331656899e-01 -9.693908670011568418e-01 3.112324526088047575e-16 7.486203005376735607e-16 9.856936542499095687e-19 9.999999999999311662e-01
2.836040074397518929e-01 -9.589414347910162340e-01 3.026628210313648398e-04 -5.225381688496401722e+01 9.589194350574503645e-01 2.835996130773586477e-01 6.691526853908892104e-03 6.374201111282378207e+01 -6.502617421151564610e-03 -1.607514570289330725e-03 9.999775656800916623e-01 -9.694944958981849270e-01 3.150732659821861734e-16 7.570530855281267783e-16 1.110102826357895105e-18 9.999999999999293898e-01
2.833639624997141837e-01 -9.589968528810953741e-01 -5.468173399975438838e-03 -5.201413715778002000e+01 9.590059503853023415e-01 2.833364576904674470e-01 5.295174139568095510e-03 6.459679360867941966e+01 -3.528722454100417186e-03 -6.744472354614084245e-03 9.999710296855602865e-01 -9.651575995239586314e-01 3.180803522689219029e-16 7.657913584287652067e-16 1.226888470731246690e-18 9.999999999999275024e-01
2.833901654158078043e-01 -9.589963763776391259e-01 -3.995527483133998539e-03 -5.176093298473877269e+01 9.590045231632028377e-01 2.833901820008241645e-01 5.738451254812702504e-04 6.544747156396779530e+01 5.819778647145344751e-04 -3.994350993766449150e-03 9.999918531977159963e-01 -9.742572317924522718e-01 3.216281474799209758e-16 7.737962804107815182e-16 1.374216853653854176e-18 9.999999999999253930e-01
2.828891921278695598e-01 -9.591485752158217526e-01 -2.777703800454910110e-03 -5.150950114365369359e+01 9.591438480435635627e-01 2.828977949590138485e-01 -3.452009224523933106e-03 6.629862977597296947e+01 4.096796009552193876e-03 -1.687681411134793865e-03 9.999901839487267408e-01 -9.868800960644196207e-01 3.255203450044087949e-16 7.817140011174103348e-16 1.505233140098285137e-18 9.999999999999232836e-01
2.833493055321191778e-01 -9.590041296475946275e-01 -4.924466775215269321e-03 -5.125967841231562971e+01 9.590152090300295695e-01 2.833543816787696401e-01 -3.510451639406371861e-04 6.715667861268447325e+01 1.732023000120686516e-03 -4.623170130365899730e-03 9.999878131228246980e-01 -9.908736490343125203e-01 3.298520907756751878e-16 7.884756161185289795e-16 1.611215818827746667e-18 9.999999999999209521e-01
2.836473491192024743e-01 -9.589169256321967705e-01 -4.744583588960515040e-03 -5.101190063922214790e+01 9.589192850125710654e-01 2.836192207301604373e-01 5.826016098195999776e-03 6.801987853634695114e+01 -4.241010345356477709e-03 -6.202206724972175213e-03 9.999717728330567157e-01 -9.829836610395659147e-01 3.341281025927578294e-16 7.953608720611675364e-16 1.735819974226711966e-18 9.999999999999182876e-01
2.829542544660987868e-01 -9.591272278605702528e-01 -3.442478135338783267e-03 -5.075832393837285395e+01 9.590982841217873256e-01 2.829113557926971056e-01 9.573200006591776196e-03 6.887704353577768757e+01 -8.208000627502693922e-03 -6.010452543435293622e-03 9.999482502538898920e-01 -9.792535959054753381e-01 3.380854230814688044e-16 7.978209434625610192e-16 1.879323811587192132e-18 9.999999999999156231e-01
2.830326470660748939e-01 -9.591029649176038285e-01 -3.744780461707556806e-03 -5.051016901421245109e+01 9.590689259784165310e-01 2.829820324357453232e-01 1.039059869941867317e-02 6.972405272639706197e+01 -8.905948433782253509e-03 -6.532381229917529758e-03 9.999390041786825334e-01 -9.863458723939586559e-01 3.429311169651420304e-16 7.996773151560483228e-16 2.050040503064568366e-18 9.999999999999129585e-01
2.834102648056004981e-01 -9.589882155710226508e-01 -4.497132241004018864e-03 -5.025653341529167051e+01 9.589430094178367225e-01 2.833401088737887985e-01 1.211145706550201609e-02 7.058952740451000807e+01 -1.034052666040522969e-02 -7.745004779038695310e-03 9.999165407219001711e-01 -1.004101221540988131e+00 3.482612497742312479e-16 7.999292853743712920e-16 2.213720609558425031e-18 9.999999999999102940e-01
2.834957254960772111e-01 -9.589472260725794284e-01 -7.098678244525619997e-03 -5.001212054387922024e+01 9.589235206369857156e-01 2.833976096632648267e-01 1.230757516812778368e-02 7.144810502819356657e+01 -9.790566620868605338e-03 -1.029623448547950515e-02 9.998990610859452843e-01 -1.017753929933576051e+00 3.538398695797173632e-16 8.013387356638250240e-16 2.393063810199279896e-18 9.999999999999076294e-01
2.835980578863963042e-01 -9.588950899600424682e-01 -9.609787367164644017e-03 -4.976634391347680975e+01 9.589259797009843656e-01 2.835185828797048835e-01 8.841867257517035256e-03 7.229495313082298935e+01 -5.753869803176178341e-03 -1.172261114808048794e-02 9.999147330497993869e-01 -1.029027082326649190e+00 3.611566579199434920e-16 8.025535950368255443e-16 2.564399983062728814e-18 9.999999999999048539e-01
2.835191463465769890e-01 -9.589191356095928542e-01 -9.538606623079957242e-03 -4.951531833354162160e+01 9.589642181692810130e-01 2.835264802317009614e-01 6.027259876825466706e-04 7.313020461372934733e+01 2.126482079063268804e-03 -9.318066800216949844e-03 9.999543248093720749e-01 -1.022713366580763727e+00 3.695279167574550824e-16 8.026202132581465816e-16 2.672253944415461763e-18 9.999999999999019673e-01
2.831946551483532359e-01 -9.590199232701709375e-01 -9.031836243259903224e-03 -4.926261134450994916e+01 9.590245705590831893e-01 2.832546128396009610e-01 -6.220720960882108151e-03 7.397607496558173068e+01 8.524104616932894757e-03 -6.900077947242710605e-03 9.999398624740867270e-01 -1.020461939499739845e+00 3.788186986118588179e-16 8.018947427509597619e-16 2.720153766634976673e-18 9.999999999998989697e-01
2.832830219037423269e-01 -9.589892285709464836e-01 -9.507312218679836793e-03 -4.900922728064880829e+01 9.590018361144514447e-01 2.833430149528858855e-01 -5.675756050422190412e-03 7.483230337659585985e+01 8.136819424518290308e-03 -7.509684548656625318e-03 9.999386965247052395e-01 -1.018834057647554525e+00 3.867278748063543819e-16 8.007090394871266421e-16 2.726433024930675543e-18 9.999999999998959721e-01
2.835765398962279971e-01 -9.589159186945304114e-01 -8.037841398065048368e-03 -4.875857039686862038e+01 9.589475181565669804e-01 2.835834498828401773e-01 2.904722646394655131e-04 7.568827696709396946e+01 2.000860314799392421e-03 -7.790239179734956103e-03 9.999676538425716910e-01 -1.011902284710996192e+00 3.946393777706646382e-16 8.003190175337940475e-16 2.742202880601577140e-18 9.999999999998928635e-01
2.832409950968109991e-01 -9.590221556783017354e-01 -7.144481390455115558e-03 -4.850770686806058052e+01 9.590340493258867616e-01 2.831875172726881495e-01 7.649986585466173050e-03 7.654730102319258833e+01 -5.313278678914287040e-03 -9.018590731149115150e-03 9.999452155447309254e-01 -1.009156842714651336e+00 4.018503354709024817e-16 7.991201326686045551e-16 2.815942519742587133e-18 9.999999999998897549e-01
2.830986606790155680e-01 -9.590648344537370251e-01 -7.056318841695514293e-03 -4.825763906664995773e+01 9.590448176541375158e-01 2.830053907958730575e-01 1.187377410333792863e-02 7.740068966791262994e+01 -9.390742923359406830e-03 -1.012877556268650288e-02 9.999046063764494008e-01 -1.014358787255752015e+00 4.095885657453603811e-16 7.958533694426220339e-16 2.933774234538790017e-18 9.999999999998862021e-01
2.829619746487339604e-01 -9.591055467164921744e-01 -7.005081024781585446e-03 -4.800694212565448993e+01 9.590865588093224758e-01 2.828708708812261996e-01 1.170654169399045104e-02 7.825202129365737846e+01 -9.246275701474704692e-03 -1.003098520826032833e-02 9.999069385304303337e-01 -1.024594532692561621e+00 4.176533364436912202e-16 7.895145620739928763e-16 3.074584726296832072e-18 9.999999999998826494e-01
2.837065864375728497e-01 -9.588580503112800191e-01 -1.009020142517332713e-02 -4.776007979268317882e+01 9.588895820661107461e-01 2.836139448148451980e-01 9.690186370290062440e-03 7.910141940634773050e+01 -6.429791379972569706e-03 -1.242455872458773057e-02 9.999021392732403424e-01 -1.034101461711110170e+00 4.252975258431107517e-16 7.856827110485822987e-16 3.206442863892881020e-18 9.999999999998792077e-01
2.839856256684155089e-01 -9.587443450453952964e-01 -1.270611100214859464e-02 -4.751156373316645443e+01 9.588215403743868270e-01 2.839079909526530665e-01 7.583296616310138995e-03 7.995003117139395954e+01 -3.663076300219862778e-03 -1.433644015744041378e-02 9.998905181846279300e-01 -1.040666600842577783e+00 4.323039200356385940e-16 7.834473901124193023e-16 3.341755020439400903e-18 9.999999999998759881e-01
2.832641353551488828e-01 -9.589592621841698250e-01 -1.259218377770506686e-02 -4.725877583177779684e+01 9.590371801748079905e-01 2.831969763138758034e-01 6.867288350655089205e-03 8.080732324941040190e+01 -3.019381398886588491e-03 -1.402162891927610962e-02 9.998971333383803728e-01 -1.044207131073787487e+00 4.391385156651023294e-16 7.833005652970242990e-16 3.419157257723808332e-18 9.999999999998726574e-01
2.824124007750254961e-01 -9.592135426730713510e-01 -1.235376220652904637e-02 -4.700606301670828202e+01 9.592835909446717491e-01 2.823288702788254723e-01 8.087097850485334624e-03 8.166211505023461825e+01 -4.269430051616101424e-03 -1.413465809039390203e-02 9.998909857617449548e-01 -1.048177396114181814e+00 4.461861370195637544e-16 7.826540490070661701e-16 3.481766270031648334e-18 9.999999999998692157e-01
2.822771305161224098e-01 -9.592342204882671197e-01 -1.375979038493261274e-02 -4.675872780283887664e+01 9.593033811341193928e-01 2.821268814825027005e-01 1.189309420948178424e-02 8.251817333460519421e+01 -7.526256202043445608e-03 -1.655696194635279672e-02 9.998345975603064595e-01 -1.049707991218564729e+00 4.521881088829258264e-16 7.810146710279867253e-16 3.564729571251981783e-18 9.999999999998658851e-01
2.820083387922743823e-01 -9.593215993482948623e-01 -1.316684757377597527e-02 -4.650849827363053635e+01 9.593648778265437826e-01 2.818319929015928316e-01 1.377530290971876528e-02 8.337260053805428583e+01 -9.504106726881390160e-03 -1.651656140388640601e-02 9.998184210918537040e-01 -1.056516822379627296e+00 4.576810772614126453e-16 7.799642303099458995e-16 3.712215453980616108e-18 9.999999999998625544e-01
2.810700707671681675e-01 -9.596125786481659592e-01 -1.197139167884814746e-02 -4.625455897945001738e+01 9.596462204456954748e-01 2.809208405199156711e-01 1.275197812726986540e-02 8.422361836308320449e+01 -8.873945200929747937e-03 -1.507250017271482591e-02 9.998470247167844382e-01 -1.062162538319855631e+00 4.612067429647482801e-16 7.822653219632945811e-16 3.846706121350153991e-18 9.999999999998591127e-01
2.804609903441347418e-01 -9.597675096023012831e-01 -1.370986530010419313e-02 -4.601325863284172613e+01 9.598375391426818837e-01 2.803153618550519588e-01 1.162739699505137628e-02 8.507668360146188036e+01 -7.316512004484704117e-03 -1.642027464796533276e-02 9.998384085603361227e-01 -1.077744396497968715e+00 4.639238794009085040e-16 7.844373616836502152e-16 3.978935054217271720e-18 9.999999999998554490e-01
2.797065723267905257e-01 -9.599919697794428997e-01 -1.340340836274515543e-02 -4.576666565077783844e+01 9.600623300765043222e-01 2.795754925100837340e-01 1.085662728984036242e-02 8.593484345317480688e+01 -6.675010522775631262e-03 -1.590477746995371325e-02 9.998512300777772088e-01 -1.091432888461349338e+00 4.657316841362002365e-16 7.848147129564018530e-16 4.043815394257740993e-18 9.999999999998517852e-01
2.782952613311169276e-01 -9.604503284203358415e-01 -9.322776274412874001e-03 -4.551249341356113121e+01 9.604803702658279985e-01 2.782231347437573166e-01 8.327402216344202343e-03 8.677733697039933247e+01 -5.404244153960910749e-03 -1.127182018394020865e-02 9.999218670549998578e-01 -1.094224968617157678e+00 4.671686986551245805e-16 7.879584950147014716e-16 4.128645621705917157e-18 9.999999999998480105e-01
2.769592373509776051e-01 -9.607798981752677658e-01 -1.398456677303257061e-02 -4.527342451478232732e+01 9.608812774729000861e-01 2.769166611231796415e-01 4.932889086602337478e-03 8.762599973333632875e+01 -8.668611362588344227e-04 -1.480371758511660196e-02 9.998900432034126817e-01 -1.093354534749415130e+00 4.698681528106278045e-16 7.921436483141501327e-16 4.215192067502668743e-18 9.999999999998442357e-01
2.762422612354596407e-01 -9.608411682981439217e-01 -2.178215807752028471e-02 -4.504137438210796063e+01 9.610786686254814137e-01 2.762686778318599878e-01 1.846716658176444752e-03 8.847844117808942599e+01 4.243326621078508457e-03 -2.144450867042326653e-02 9.997610350613606034e-01 -1.103274462006994749e+00 4.740506048428850104e-16 7.971587558803382488e-16 4.345663543655861418e-18 9.999999999998407940e-01
2.748620004680589757e-01 -9.612073826434349710e-01 -2.304882318000529839e-02 -4.480534403925088327e+01 9.614690749152333682e-01 2.749109988711668229e-01 1.077349346158156407e-03 8.932687857879369631e+01 5.300818858042869938e-03 -2.245685309722616346e-02 9.997337600923033030e-01 -1.105573742505478352e+00 4.778377937883168409e-16 8.036254612420023640e-16 4.532619088211981057e-18 9.999999999998375744e-01
2.735800153646935073e-01 -9.616091067263663472e-01 -2.149188343297021506e-02 -4.456593974533759450e+01 9.618462595361481071e-01 2.735665584291192554e-01 3.620928870138440721e-03 9.018173884751755054e+01 2.397542408619719127e-03 -2.166250146629052770e-02 9.997624656989840819e-01 -1.094478236868652088e+00 4.817116798437767328e-16 8.110597061442589770e-16 4.734932846387874823e-18 9.999999999998344657e-01
2.731327880018799004e-01 -9.617968109315876424e-01 -1.858425676920289274e-02 -4.432787057269876385e+01 9.619745978914562290e-01 2.730445455106602082e-01 7.179775676583476096e-03 9.103621928981107203e+01 -1.831155405706417355e-03 -1.983861508041435268e-02 9.998015184132607036e-01 -1.085500755537394557e+00 4.880835376936231374e-16 8.171169561363874723e-16 4.934735462535049674e-18 9.999999999998312461e-01
2.720764171499751027e-01 -9.620766205833545248e-01 -1.957036936935700744e-02 -4.409586922290606736e+01 9.622672790291751932e-01 2.719329560583877425e-01 9.703149975944357769e-03 9.189342443887954914e+01 -4.013345344071519299e-03 -2.147192436314619701e-02 9.997613962957275779e-01 -1.089471225960459533e+00 4.943889097014952622e-16 8.284579294305339678e-16 5.259385883068898893e-18 9.999999999998283595e-01
2.711870594751606411e-01 -9.623649061278519712e-01 -1.764557242619142416e-02 -4.386520642688225280e+01 9.625133382595582043e-01 2.710412651431562403e-01 1.023260779875053046e-02 9.274317929362393897e+01 -5.064824369082372192e-03 -1.975904964111603254e-02 9.997919421115977201e-01 -1.097383455436682143e+00 4.985248831246232908e-16 8.398437184978954144e-16 5.675757267333025858e-18 9.999999999998256950e-01
2.698796196068218856e-01 -9.627880828608652575e-01 -1.428630188227413868e-02 -4.362889108402633553e+01 9.628734571102661732e-01 2.697470545146327114e-01 1.054666646540519670e-02 9.359842594860715792e+01 -6.300516934114138400e-03 -1.660223121648688946e-02 9.998423222713107572e-01 -1.109706421332361970e+00 5.015792616173970693e-16 8.517190919441113438e-16 6.051967303564405076e-18 9.999999999998230304e-01
2.689411078730411520e-01 -9.630506082020172665e-01 -1.429008527732413686e-02 -4.340215908400742251e+01 9.631207063339288776e-01 2.687733482512242866e-01 1.262506637575303015e-02 9.445100720183620524e+01 -8.317783784942255759e-03 -1.715847636391138603e-02 9.998181840523139297e-01 -1.115207738100472135e+00 5.060455610528962196e-16 8.664688204936512787e-16 6.423079755303318115e-18 9.999999999998203659e-01
2.685957195006311582e-01 -9.630608664777347006e-01 -1.923816323284963797e-02 -4.318422482222359804e+01 9.632180711069847634e-01 2.683623294953957350e-01 1.387831405754723704e-02 9.530075437896778112e+01 -8.202862861096570785e-03 -2.225820223050465826e-02 9.997186031450243648e-01 -1.114597432287019352e+00 5.101747344328465791e-16 8.775990355211895315e-16 6.675358937648901586e-18 9.999999999998174793e-01
2.683095071021541766e-01 -9.630395467233989759e-01 -2.376635952060513965e-02 -4.296581139150804063e+01 9.633056514558971939e-01 2.680352071607664532e-01 1.411912163533387415e-02 9.615268077582182116e+01 -7.227051402227403255e-03 -2.668256300739681869e-02 9.996178322535456129e-01 -1.118189511943707748e+00 5.132009254363793816e-16 8.904940998591544583e-16 6.950600167484532333e-18 9.999999999998143707e-01
2.687912102273975479e-01 -9.628380296884275769e-01 -2.634793900222067234e-02 -4.273961182071403897e+01 9.631854207951751068e-01 2.685446183243314633e-01 1.255520358270024485e-02 9.700073796470151422e+01 -5.013030256884994096e-03 -2.875267908055703994e-02 9.995739857425400832e-01 -1.127948307172369713e+00 5.164388700017407918e-16 9.029939252694772415e-16 7.251532764678548340e-18 9.999999999998110400e-01
2.703533773069540791e-01 -9.623586828797677795e-01 -2.783553240201625326e-02 -4.250676307730210368e+01 9.627493351114201348e-01 2.700937418304981685e-01 1.277060557938607642e-02 9.784538338841306881e+01 -4.771700062615156362e-03 -3.025121666112716087e-02 9.995309373745917547e-01 -1.141604325338147152e+00 5.196447577162803480e-16 9.149469822836850295e-16 7.595055574905381197e-18 9.999999999998077094e-01
2.713940137549766263e-01 -9.620859422511846004e-01 -2.712801172347566528e-02 -4.226762729358285497e+01 9.624371091998433769e-01 2.710503584711704272e-01 1.570076456890198008e-02 9.869732403921078401e+01 -7.752427572043291311e-03 -3.037009869682976218e-02 9.995086577773013570e-01 -1.152991540004866922e+00 5.256729321436786141e-16 9.235056981309442422e-16 7.904728779512845922e-18 9.999999999998041567e-01
