1.000000000000000000e+00 4.398956837314658088e-19 2.733407509747682871e-20 -8.673617379884035472e-19 -5.583667658079949532e-19 1.000000000000000000e+00 -6.100159232558060012e-19 0.000000000000000000e+00 4.145284534913582806e-20 -2.210423569125054137e-19 1.000000000000000222e+00 0.000000000000000000e+00
9.999466904868989925e-01 -7.834286082175244892e-04 1.029574853917926414e-02 6.984549580562911253e-02 7.788879089152773777e-04 9.999995976403396325e-01 4.450294964424307814e-04 -5.187936368588039193e-03 -1.029609322321393093e-02 -4.369865320205383488e-04 9.999468983373932529e-01 2.783404712665753511e-01
9.998593837017110131e-01 -2.557312162647413286e-03 1.657326163853798523e-02 8.096554444407445816e-02 2.543378043443447409e-03 9.999963942700154096e-01 8.617831844587430651e-04 -6.666857928428679414e-03 -1.657540601442455963e-02 -8.195099243237164745e-04 9.998622826672570740e-01 5.314914886622279511e-01
9.997853479695402168e-01 -6.609197765962464277e-03 1.963610254373750891e-02 7.149254838488081076e-02 6.630232579963809408e-03 9.999775134100771234e-01 -1.006319241708804975e-03 -1.747861563006743169e-02 -1.962901037208114249e-02 1.136295193332737029e-03 9.998066866969695932e-01 9.264846990874948673e-01
9.998265390328163749e-01 -7.129688066936536520e-03 1.720637746780624353e-02 6.998143740967763260e-02 7.159391672601239653e-03 9.999729845231998260e-01 -1.665329432697320797e-03 -1.889718109367130583e-02 -1.719403964852880828e-02 1.788227795964529836e-03 9.998505724470040379e-01 1.174671551898065047e+00
9.998745451644261983e-01 -1.133360141717827327e-02 1.106541659939669180e-02 9.139748731283146854e-02 1.137889372311485549e-02 9.999271018153782498e-01 -4.038788601625945864e-03 -2.267853041648383583e-02 -1.101883612380190856e-02 4.164194171977024170e-03 9.999306199548909646e-01 1.543733120792055491e+00
9.999312156518708194e-01 -1.163927263740908297e-02 -1.446138240178570632e-03 6.994404548124115439e-02 1.163236961247496662e-02 9.999213261367709826e-01 -4.693558816525068497e-03 -3.551827676411002666e-02 1.500654100522305244e-03 4.676414008377632187e-03 9.999879395225941270e-01 1.825942482742839212e+00
9.997876245778176685e-01 -1.110821176513639152e-02 -1.735838017631326224e-02 2.915487753372143429e-02 1.101652642059543045e-02 9.999249040974508285e-01 -5.368639744986409938e-03 -3.599177375100875986e-02 1.741671291823702547e-02 5.176270563291101440e-03 9.998349185554965546e-01 2.134365627972187873e+00
9.993263510472708555e-01 -6.537007529758732602e-03 -3.611248500914104875e-02 2.175651419658941599e-02 6.340682715133656548e-03 9.999645052155383684e-01 -5.548336793894632392e-03 -4.261851764141152965e-02 3.614747334531203532e-02 5.315621373191962117e-03 9.993323293140802255e-01 2.492586068457605997e+00
9.984609662860092216e-01 -3.628177005709881144e-03 -5.534017537699608552e-02 -2.933302898617087817e-02 3.261256978770419451e-03 9.999721083307192560e-01 -6.719133765180978005e-03 -5.512680254362525845e-02 5.536301100664894892e-02 6.528314270117204984e-03 9.984449500368639541e-01 2.863683678022708179e+00
9.971209221090461261e-01 -2.867391929805320362e-03 -7.577364024241227403e-02 -9.138634240567268530e-02 2.360219989577274063e-03 9.999742169016558879e-01 -6.781953271776984885e-03 -5.602226474860520777e-02 7.579113438773432687e-02 6.583585032370276903e-03 9.971019810230156155e-01 3.194049635743952731e+00
9.953246758840589292e-01 -3.656860736074362111e-03 -9.651640615047392402e-02 -1.444936301177183469e-01 3.054506106893061044e-03 9.999749316069098670e-01 -6.387968813657239620e-03 -6.466535813511094244e-02 9.653734821784024089e-02 6.063293006473419004e-03 9.953108947315240096e-01 3.579650851832754999e+00
9.932219974693039521e-01 -4.344510297449397790e-03 -1.161515759061530484e-01 -1.925923540112032817e-01 3.715898893778431071e-03 9.999772586937443197e-01 -5.627982307693613767e-03 -7.248896358296312570e-02 1.161733873018287455e-01 5.158228260630942988e-03 9.932155542266790649e-01 3.968973392489423713e+00
9.910244874643333590e-01 -4.365703276974461887e-03 -1.336091516088753484e-01 -2.802533825781057808e-01 3.717792025917825757e-03 9.999800919470139826e-01 -5.098404273237827286e-03 -8.500262468705323260e-02 1.336287521409922074e-01 4.555912365572253528e-03 9.910209890597817539e-01 4.372271248314542724e+00
9.887406279266319764e-01 -3.131130711025496057e-03 -1.496067047895900948e-01 -3.565154149779863335e-01 2.519238477307375514e-03 9.999876702438551535e-01 -4.279345027949907516e-03 -8.759994075907039102e-02 1.496182619513654610e-01 3.854267223254303695e-03 9.887363252700075433e-01 4.788406186903526596e+00
9.866373016728624545e-01 -2.775636484816243737e-03 -1.629083488022342319e-01 -4.484221837881874895e-01 2.089401356121634197e-03 9.999882092243206344e-01 -4.383584288166820532e-03 -9.207154652766968983e-02 1.629185980403719536e-01 3.984626738059089332e-03 9.866314681002948950e-01 5.194786057590692785e+00
9.845318168314848295e-01 -3.681286762158813251e-03 -1.751672030012109416e-01 -5.402547581076420080e-01 2.777091357081730265e-03 9.999815272755787632e-01 -5.406742731720835804e-03 -9.984012430708279207e-02 1.751838739852918103e-01 4.836654805879660006e-03 9.845238533611185838e-01 5.654607414486623185e+00
9.827310654222983777e-01 -6.464389038110487061e-03 -1.849266446246822515e-01 -6.221492758036967219e-01 5.215308341029569264e-03 9.999601900047062619e-01 -7.240093660927439910e-03 -1.147165655893659375e-01 1.849660886754523059e-01 6.150615376714184054e-03 9.827256569435888212e-01 6.090773097938451563e+00
9.811859881509645831e-01 -5.640191361164507283e-03 -1.929824966068854342e-01 -7.176794637604344551e-01 4.003800241092200958e-03 9.999526591456289193e-01 -8.868429682309015433e-03 -1.230926088519243011e-01 1.930233836263499370e-01 7.928915474959913334e-03 9.811621204367854121e-01 6.518364921360201514e+00
9.796515419425720905e-01 -5.844042122226747633e-03 -2.006207929861321682e-01 -8.311285174150925270e-01 3.730156490558107253e-03 9.999334925954498354e-01 -1.091312571066805313e-02 -1.223551422224352786e-01 2.006712304499975175e-01 9.942713388725182844e-03 9.796081873323785327e-01 7.007831099630617899e+00
9.780461612526153425e-01 -6.402853810386712613e-03 -2.082899635023240936e-01 -9.526613356512579900e-01 3.747806849643673353e-03 9.999066555580814475e-01 -1.313902997783703182e-02 -1.329088665228320143e-01 2.083546516769040624e-01 1.206994720543755686e-02 9.779788630287836737e-01 7.492469072487679682e+00
9.762248185518054289e-01 -1.013127173779326470e-02 -2.165235781269030102e-01 -1.052129831165566465e+00 7.028902011712224139e-03 9.998613821637417631e-01 -1.509340857629517044e-02 -1.477148503030490945e-01 2.166464832604246271e-01 1.321263696543441453e-02 9.761607083972255738e-01 7.994354271462112749e+00
9.743737776062754152e-01 -1.560331117992677999e-02 -2.243931305544668020e-01 -1.157137237261174567e+00 1.225277574113181091e-02 9.997918012429902745e-01 -1.631636090525445670e-02 -1.625452717357880328e-01 2.246010053181944077e-01 1.314879543217497594e-02 9.743620983817812276e-01 8.518087471103763519e+00
9.723288589274331484e-01 -1.658636505208345782e-02 -2.330267824942488242e-01 -1.297348836676422756e+00 1.258529797104123403e-02 9.997469282998001638e-01 -1.864643688472204797e-02 -1.845010184340916959e-01 2.332770906457101723e-01 1.519775714463767781e-02 9.722915346802405434e-01 9.018388400437427066e+00
9.703542838122597436e-01 -1.244390937637718589e-02 -2.413663433237028810e-01 -1.442562656536780841e+00 7.202570251621714936e-03 9.997189707254059421e-01 -2.258544975060255283e-02 -1.895970275418064621e-01 2.415795677701377542e-01 2.017742984693093530e-02 9.701712143178685688e-01 9.525825001258104052e+00
9.682045154950396082e-01 -1.001661104523260577e-02 -2.499593612431882383e-01 -1.601553953828949828e+00 3.692629857770011060e-03 9.996614344624118464e-01 -2.575618228219811456e-02 -2.024225765013697997e-01 2.501327275865963262e-01 2.401424458663162925e-02 9.679137027956763450e-01 1.011716407568002651e+01
9.658227071702907285e-01 -1.222147413493136769e-02 -2.589152996488907621e-01 -1.757175369635792350e+00 5.154085641984736295e-03 9.995958275841115848e-01 -2.795741166143699344e-02 -2.301308846913058259e-01 2.591523384739850555e-01 2.566743139620700567e-02 9.654953391558939169e-01 1.065013630464125782e+01
9.636664716263292352e-01 -1.418851433432784595e-02 -2.667313554014147936e-01 -1.901278794979980091e+00 6.515540232771602561e-03 9.995397077230059324e-01 -2.962972167720731229e-02 -2.638303960648680779e-01 2.670289873484425480e-01 2.681527047964541929e-02 9.633153495966692015e-01 1.122911406615910224e+01
9.613965584335650849e-01 -1.424901395509198081e-02 -2.747974187975016913e-01 -2.117941273993088291e+00 5.626095234977445715e-03 9.994674801232577011e-01 -3.214192301862763002e-02 -2.859190154870571710e-01 2.751090791561681681e-01 2.935509775237403821e-02 9.609647623459279808e-01 1.180112760164461250e+01
9.590815305715785222e-01 -1.311448777617976909e-02 -2.828261412634874294e-01 -2.272006679084450642e+00 3.160994366877637948e-03 9.993603844954654924e-01 -3.562064016261557581e-02 -3.037309115167459161e-01 2.831123925996553714e-01 3.326908630508863818e-02 9.585095423666207815e-01 1.237389186977419797e+01
9.568558198747063592e-01 -1.484187765999052389e-02 -2.901838327940769457e-01 -2.480042275992637268e+00 3.078371894854111269e-03 9.991563459898703536e-01 -4.095265415149835359e-02 -3.395930942010516040e-01 2.905468373177863550e-01 3.829249180702606198e-02 9.560942538436286720e-01 1.298535563861588216e+01
9.551116306628210095e-01 -1.603096054055814373e-02 -2.958120676884300471e-01 -2.677864506368628383e+00 1.906449267367942403e-03 9.988467147158893722e-01 -4.797505537019228911e-02 -3.791856937851464937e-01 2.962400032904174418e-01 4.525758282386855430e-02 9.540406770933703706e-01 1.357644615292152501e+01
9.538288056385060276e-01 -1.666682091851825337e-02 -2.998880202374462067e-01 -2.893364010683244114e+00 -2.391721357503381147e-04 9.984167128934885449e-01 -5.624953506341123094e-02 -4.179059490502072816e-01 3.003507174790090994e-01 5.372415193796258731e-02 9.523146349594490134e-01 1.422199646717693611e+01
9.524716463811707667e-01 -1.637208257955671126e-02 -3.041869750146641294e-01 -3.085644838512617394e+00 -3.481734439014319907e-03 9.979044094549267552e-01 -6.461166379031713092e-02 -4.595959835429341278e-01 3.046073563755886116e-01 6.259987636259442545e-02 9.504186529748868129e-01 1.483854654945830021e+01
9.510651658535090869e-01 -1.512334469465436912e-02 -3.086200458617243680e-01 -3.306340585113681563e+00 -7.945649177752532252e-03 9.972742098983543579e-01 -7.335541501954744026e-02 -5.015125981036588909e-01 3.088881969009176776e-01 7.221796695916506137e-02 9.483525974653326251e-01 1.547409586462953968e+01
9.497543213842251086e-01 -1.418621837394187096e-02 -3.126747161712558065e-01 -3.534229588373494657e+00 -1.158600922543549100e-02 9.966942742891511386e-01 -8.041323255940746595e-02 -5.649406943110720780e-01 3.127818643383553088e-01 7.999546772695899366e-02 9.464503328703658402e-01 1.612257930557790786e+01
9.483208723200321488e-01 -1.341776523936397125e-02 -3.170291541118429035e-01 -3.783678708569324201e+00 -1.500835414918297479e-02 9.960907012765598534e-01 -8.705207703456048496e-02 -6.248407362725383329e-01 3.169578421806189539e-01 8.731138797526420692e-02 9.444122245986632525e-01 1.678348281782108131e+01
9.463937775877898639e-01 -1.229058122626339351e-02 -3.227812837552899716e-01 -4.013530925526556992e+00 -1.878669842360902037e-02 9.954899819419430473e-01 -9.298793360166252020e-02 -6.938410864944823953e-01 3.224684155790865647e-01 9.406719696651115459e-02 9.418946255512664623e-01 1.746635442888785761e+01
9.450060477025178374e-01 -1.016281806312624957e-02 -3.268949137977356645e-01 -4.282508671789163834e+00 -2.329891346103880531e-02 9.948856550084371753e-01 -9.828374266522021951e-02 -7.669518153422782980e-01 3.262219057773672604e-01 1.004950281516054783e-01 9.399361785745502518e-01 1.812443054438976375e+01
9.433157227112278775e-01 -7.991495556660762126e-03 -3.318005137905536417e-01 -4.548009670767443779e+00 -2.737457837000480468e-02 9.944304675564547003e-01 -1.017775890900503438e-01 -8.512039155909510990e-01 3.307659008384183363e-01 1.050912998476483812e-01 9.378431318111254411e-01 1.882387242582182196e+01
9.414700365099853974e-01 -7.229879229201235935e-03 -3.370191341743713487e-01 -4.813215505218090051e+00 -2.923253805204341013e-02 9.942526564886452478e-01 -1.029908431527841589e-01 -9.288076714338265871e-01 3.358267865070391212e-01 1.068147182094721370e-01 9.358477375351977878e-01 1.952472846214322644e+01
9.392062790958146667e-01 -5.367948505140196155e-03 -3.433114445382864366e-01 -5.080378120882768300e+00 -3.163536434619807630e-02 9.942718134526106200e-01 -1.020919423499153794e-01 -1.019525531571488175e+00 3.418929226432966817e-01 1.067461766072065749e-01 9.336565137750638677e-01 2.022506675027313605e+01
9.370229288275510049e-01 -6.289268589315118174e-03 -3.492112160156561895e-01 -5.365246980962503187e+00 -3.077237929621437149e-02 9.944630497708947248e-01 -1.004803628064629972e-01 -1.101230596076696155e+00 3.479096048027256471e-01 1.048984644935131577e-01 9.316411442164486134e-01 2.094161021168972781e+01
9.342493894218317774e-01 -5.916385086100868322e-03 -3.565712721079325465e-01 -5.626273706598182933e+00 -3.143679299716987258e-02 9.946036484473728123e-01 -9.887017013402497889e-02 -1.183744155880514182e+00 3.552320482181104966e-01 1.035788539840857003e-01 9.290218595839307980e-01 2.168364509064420886e+01
9.315512644989392133e-01 -5.295138660770429273e-03 -3.635714515210375364e-01 -5.946821716129110591e+00 -3.165864981334465256e-02 9.949156178271886253e-01 -9.560671159612683934e-02 -1.275400541761919415e+00 3.622291722813210102e-01 1.005727349478809790e-01 9.266472654050641466e-01 2.240609031980710242e+01
9.278442289168531421e-01 -2.252024987954829097e-03 -3.729611405472867403e-01 -6.248052742487978151e+00 -3.380419858690769663e-02 9.953581827251083425e-01 -9.010751500369716671e-02 -1.348350457007420067e+00 3.714328537932947150e-01 9.621339078823283597e-02 9.234612181498129679e-01 2.319187795636265292e+01
9.246364806245583878e-01 4.304631597103538440e-04 -3.808506142741492351e-01 -6.587564657558425019e+00 -3.528379213536413789e-02 9.957954224457771231e-01 -8.453715561773486598e-02 -1.430003865611578551e+00 3.792129146735915834e-01 9.160399245970554660e-02 9.207639637201012750e-01 2.390575595465018210e+01
9.211540080903727334e-01 3.174001145954009374e-03 -3.891853234186630761e-01 -6.911219700308379288e+00 -3.749505111414014324e-02 9.960391828462551445e-01 -8.062299559583067932e-02 -1.508917221523213392e+00 3.873879406522189317e-01 8.885871959608028503e-02 9.176244953565279028e-01 2.465362106631180694e+01
9.173112865964924145e-01 4.329757180223579166e-03 -3.981472760432307467e-01 -7.253350689623509595e+00 -3.893888840589333072e-02 9.961232898978822359e-01 -7.888063349446779171e-02 -1.584476933949411359e+00 3.962622472602879142e-01 8.786150819579761906e-02 9.139237331368706974e-01 2.539354296583737636e+01
9.131868872370378920e-01 5.403399107126829679e-03 -4.075052255488431086e-01 -7.595654652840878818e+00 -4.067790554931255409e-02 9.961272403217724669e-01 -7.794760511026442573e-02 -1.657872646761732849e+00 4.055058806563088813e-01 8.775719039059631799e-02 9.098701333934038349e-01 2.616517656648727552e+01
9.096723093698058094e-01 5.094813909564029249e-03 -4.152954718171908977e-01 -7.952051441491083672e+00 -4.064909437945849607e-02 9.962162290845502088e-01 -7.681716012261297077e-02 -1.725277287281399730e+00 4.133327268237234065e-01 8.675982869805022590e-02 9.064374178790858272e-01 2.691874355453649059e+01
9.053451681223388947e-01 6.208974494108428568e-03 -4.246311005109765779e-01 -8.328078134157308909e+00 -4.214896282769758917e-02 9.962699395667180546e-01 -7.529722776137644236e-02 -1.798802098142202377e+00 4.225796895082473137e-01 8.606774220326447733e-02 9.022298783453013282e-01 2.771637632243808724e+01
9.017370285511155936e-01 5.215577489249127209e-03 -4.322535428429393756e-01 -8.744261891530245023e+00 -4.074283626199306368e-02 9.965015042216446295e-01 -7.297104519247005205e-02 -1.875970567069060513e+00 4.303607268755811344e-01 8.341192915689213394e-02 8.987948033724267871e-01 2.849591326008831871e+01
8.979071133357561241e-01 5.909347056571215284e-03 -4.401453072787307463e-01 -9.121412766046715248e+00 -4.014841265252631214e-02 9.968415529629109928e-01 -6.852024015000268697e-02 -1.940297610637583769e+00 4.383502292682934232e-01 7.919594679068524268e-02 8.953083727794847180e-01 2.926784503511915503e+01
8.937603292053154513e-01 7.237301627898493420e-03 -4.484864449976411760e-01 -9.518961735362228893e+00 -3.992435753903697537e-02 9.971847767260464401e-01 -6.347099185763439844e-02 -2.003223735343672818e+00 4.467645044678056343e-01 7.463338803777119779e-02 8.915331395570772477e-01 3.007491717516258944e+01
8.897520307507096327e-01 7.156308429633653420e-03 -4.563881098761974342e-01 -9.944604723464886220e+00 -3.815149392722513855e-02 9.975442288855129735e-01 -5.873648775970879976e-02 -2.070832551144007549e+00 4.548469965223015943e-01 6.967279769178470750e-02 8.878400278984404093e-01 3.086640397824454851e+01
8.863996322737689448e-01 6.334831509493548014e-03 -4.628774757088359726e-01 -1.039744243465865026e+01 -3.673265797612221273e-02 9.977160009504317806e-01 -5.668768252061101576e-02 -2.139938422523322004e+00 4.614611649996325227e-01 6.725066113935945777e-02 8.846077921912737230e-01 3.167307139864541909e+01
8.832370485944713856e-01 6.983389568738019790e-03 -4.688747635147467174e-01 -1.083559489191207881e+01 -3.740135987305209797e-02 9.977527038800613202e-01 -5.559388677074758589e-02 -2.205318843884444213e+00 4.674328373357585220e-01 6.663913442420021926e-02 8.815133423131376045e-01 3.250455888841302965e+01
8.803454110193995596e-01 7.031530196975829122e-03 -4.742810457817424608e-01 -1.128698230885282250e+01 -3.693695796913383511e-02 9.978701106351455241e-01 -5.376712288925079158e-02 -2.259161743786090248e+00 4.728928226012532043e-01 6.485213911896357819e-02 8.787300966789894918e-01 3.331780685986872470e+01
8.770999056095259983e-01 5.394708189554280921e-03 -4.802776781293610076e-01 -1.176049561169954139e+01 -3.490407805082542531e-02 9.980090160859379500e-01 -5.253293451922744911e-02 -2.321799870974857960e+00 4.790380613774435359e-01 6.284028161512381083e-02 8.755419117835828713e-01 3.416126736258858188e+01
8.747718985866386188e-01 5.339243703947360066e-03 -4.845055347998449835e-01 -1.225095868357791495e+01 -3.488944249983626927e-02 9.980377334215683183e-01 -5.199432211053827552e-02 -2.380441871976104462e+00 4.832772037303062485e-01 6.238730000123252767e-02 8.732416468299830647e-01 3.499260817873982177e+01
8.728355913787232412e-01 3.953556470589860046e-03 -4.879983556182534432e-01 -1.272602108279672706e+01 -3.389871012148307911e-02 9.980430022236127519e-01 -5.254562992942071048e-02 -2.444719465626190580e+00 4.868356101733224972e-01 6.240621090436045126e-02 8.712614752043704724e-01 3.583859805561300504e+01
8.709285215600551799e-01 4.334065512406839842e-03 -4.913905996462806791e-01 -1.321380300586060130e+01 -3.488219862847770358e-02 9.979839109743268155e-01 -5.302212479171133225e-02 -2.503206972840451350e+00 4.901701195124308907e-01 6.331926539476652460e-02 8.693238345366234299e-01 3.668628754334174857e+01
8.705785560937421286e-01 4.138615328841005643e-03 -4.920120371835302042e-01 -1.370791065284658394e+01 -3.417944227738431429e-02 9.980576931148633646e-01 -5.208269387203075945e-02 -2.558550580194903556e+00 4.908408570175830099e-01 6.215877358108760908e-02 8.690290816120160855e-01 3.755062369557696655e+01
8.704908929130743545e-01 4.674963194260441796e-03 -4.921623159808083958e-01 -1.423514258082771278e+01 -3.403535657365486244e-02 9.981329228510518181e-01 -5.071748106354366514e-02 -2.624338328187975744e+00 4.910063170505634123e-01 6.090002540954850274e-02 8.690247339764187728e-01 3.845910805835901414e+01
8.700617535856222107e-01 3.032736808167306366e-03 -4.929334058884729530e-01 -1.474020735673654059e+01 -3.186721557888708839e-02 9.982353636159456700e-01 -5.010628158821987116e-02 -2.687509558221435224e+00 4.919116069592061602e-01 5.930397443720402534e-02 8.686230565165243833e-01 3.934930618380408873e+01
8.697466163676887962e-01 1.154114386239090328e-03 -4.934972001091594285e-01 -1.525381599190562554e+01 -3.016616908358890972e-02 9.982515907384138520e-01 -5.083073758315671126e-02 -2.748314582677138684e+00 4.925757090184231801e-01 5.909678210145473398e-02 8.682607592189172108e-01 4.022940292571493615e+01
8.686406418742371738e-01 -5.262992683709134204e-04 -4.954423815537546960e-01 -1.580121878096131560e+01 -2.856878634326492222e-02 9.982823247222673002e-01 -5.114904341369218982e-02 -2.814353386718155381e+00 4.946183006335492238e-01 5.858432554109201107e-02 8.671335642707272973e-01 4.116992146964410892e+01
8.674371601703115831e-01 -1.694000379499172515e-03 -4.975438660344607134e-01 -1.632721851024439985e+01 -2.657499936103781962e-02 9.984090236495730686e-01 -4.973118687982694408e-02 -2.879051944213478542e+00 4.968365387064844207e-01 5.636090751431586249e-02 8.660120707910344828e-01 4.207917693713527996e+01
8.651539330761450763e-01 -1.252681053095975163e-03 -5.015048333872773600e-01 -1.687510758459677263e+01 -2.517682560767911179e-02 9.986274607878475873e-01 -4.592735629556362470e-02 -2.940161705185033281e+00 5.008740392880589587e-01 5.236053269935126570e-02 8.639349375395098951e-01 4.301067024310632547e+01
8.622629459783355266e-01 -6.750628860248535654e-04 -5.064604142766677697e-01 -1.741038274628447269e+01 -2.357882027733142899e-02 9.988612841981381330e-01 -4.147498290241635743e-02 -3.005791237101941515e+00 5.059117067340672680e-01 4.770408001294898503e-02 8.612651570513749633e-01 4.394136266709908512e+01
8.578217630188399445e-01 -1.725106634926534648e-03 -5.139443955412105192e-01 -1.794544432958845448e+01 -2.152680583615609183e-02 9.989961976344006178e-01 -3.928350520668965479e-02 -3.069585362686753083e+00 5.134962740234866319e-01 4.476182685980582832e-02 8.569235441808530362e-01 4.481345565937753861e+01
8.530565184258006584e-01 -4.893893855381695017e-03 -5.217955738042966418e-01 -1.851008141582370214e+01 -1.951622565059130815e-02 9.989571923372358997e-01 -4.127523285679472048e-02 -3.128429592548547244e+00 5.214534469741701761e-01 4.539358655349863547e-02 8.520714349382184638e-01 4.572600610617438122e+01
8.474439059206253511e-01 -7.466918241085102742e-03 -5.308324273719783326e-01 -1.908319342180604039e+01 -1.908852798324245717e-02 9.988259462353595852e-01 -4.452367074989764528e-02 -3.193425018480079203e+00 5.305416653107011271e-01 4.786412306083905055e-02 8.463064294702835610e-01 4.660719301060927222e+01
8.410665702229370710e-01 -8.082273393448281829e-03 -5.408712375576915088e-01 -1.968405457486942467e+01 -1.887990430283950291e-02 9.988405483874724933e-01 -4.428440064829653605e-02 -3.250825234357814342e+00 5.406020514760290219e-01 4.745772613126836292e-02 8.399388024333314107e-01 4.752053784712239803e+01
8.349534834845063758e-01 -5.090056519540317806e-03 -5.502969796938089742e-01 -2.028598126068812491e+01 -1.992524484771632937e-02 9.990219653685759038e-01 -3.947274203813734561e-02 -3.303060801198897334e+00 5.499596981571794885e-01 4.392270544255736514e-02 8.340354502033565653e-01 4.839241964717906086e+01
8.295649179713414645e-01 -8.936004917955747869e-04 -5.584095650156303270e-01 -2.086838045600396541e+01 -2.178943910939665912e-02 9.991853311307518082e-01 -3.396902174260253010e-02 -3.367514432334581365e+00 5.579850104826067358e-01 4.034693982357785702e-02 8.288696269801990590e-01 4.927185731828001281e+01
8.259864878048158721e-01 -1.082658078199966265e-03 -5.636888713300095555e-01 -2.150580098869576418e+01 -2.293381865920763804e-02 9.991056282371895136e-01 -3.552440893477249589e-02 -3.421913112002915813e+00 5.632231944188892392e-01 4.227022000910476973e-02 8.252229201126971558e-01 5.013688397736910929e+01
8.223352600126053735e-01 -2.327064526736775073e-03 -5.689985049637344972e-01 -2.209813313493958020e+01 -2.478950854468567680e-02 9.988956525878799342e-01 -3.991184727745342165e-02 -3.474025878309866311e+00 5.684630201774565350e-01 4.692611253483414124e-02 8.213694301998736291e-01 5.102882804853457799e+01
8.200748507371448115e-01 -5.471693678534528607e-03 -5.722301053207736743e-01 -2.270862756610584654e+01 -2.594392940720601642e-02 9.985706271868367567e-01 -4.672916745954182327e-02 -3.539843072732607787e+00 5.716678727010804373e-01 5.316731246905342934e-02 8.187607015988818127e-01 5.186889871937710694e+01
8.161853291112680653e-01 -5.903295343344884018e-03 -5.777600308203185708e-01 -2.334649209564407712e+01 -2.692833374245409001e-02 9.984725797543829717e-01 -4.824284782947269729e-02 -3.605256107019118694e+00 5.771623501699456593e-01 5.493321956027937686e-02 8.147797060082909715e-01 5.274544027170691152e+01
8.129355454169909789e-01 -4.233223422720348676e-03 -5.823382799422888167e-01 -2.396310676776188231e+01 -2.693760064420399128e-02 9.986298602401859625e-01 -4.486388253930013309e-02 -3.665609998585614981e+00 5.817303239703320861e-01 5.215824081030067533e-02 8.117076780291884175e-01 5.358415082071675073e+01
8.095838176108898221e-01 -2.803510721704532450e-03 -5.869975945099898951e-01 -2.461064932394699412e+01 -2.481508638547705661e-02 9.989312006669792687e-01 -3.899574166702917538e-02 -3.723912628374026923e+00 5.864795469612442691e-01 4.613671732858033031e-02 8.086489664208568184e-01 5.447759383142326328e+01
8.064812885445679091e-01 -1.092923578020677747e-03 -5.912585982667371010e-01 -2.525435380077544778e+01 -2.513635955073446199e-02 9.990308200719973941e-01 -3.613286624781929940e-02 -3.785282647222621755e+00 5.907250629469285030e-01 4.400256912281207827e-02 8.056721917688762780e-01 5.532862266609470225e+01
8.038504222960224377e-01 -9.686346578976781044e-05 -5.948314739438365084e-01 -2.590738089146845979e+01 -2.698917300550455686e-02 9.989641714217885049e-01 -3.663562212685031461e-02 -3.840084163886462232e+00 5.942188894005565603e-01 4.550356976623771976e-02 8.030151576174099359e-01 5.617593932768636478e+01
8.006884466748283025e-01 -1.880299349760593524e-03 -5.990780157462767264e-01 -2.655718513800373870e+01 -2.623137730353934660e-02 9.989259736228391917e-01 -3.819442520222797455e-02 -3.889033093640756000e+00 5.985064174251127911e-01 4.629647634611729762e-02 7.997791641535143548e-01 5.703627442799653835e+01
7.960795941280068844e-01 -3.822142369383530434e-03 -6.051798608907219545e-01 -2.721257075009513926e+01 -2.600039631600554665e-02 9.988407703417726546e-01 -4.051043005110160217e-02 -3.949289423604132487e+00 6.046331654998353677e-01 4.798444284436329671e-02 7.950573786759589368e-01 5.790168987077486662e+01
7.925761224384556547e-01 -5.370744770779029356e-03 -6.097493240108939894e-01 -2.789327712845801344e+01 -2.485397350632448724e-02 9.988456993607619516e-01 -4.110412284625425405e-02 -4.005666951238319839e+00 6.092662602311237352e-01 4.773283974675168045e-02 7.915277678120182792e-01 5.874071991801220349e+01
7.877960439844985396e-01 -5.504607709871818348e-03 -6.159115887314166038e-01 -2.855135143881079429e+01 -2.449634493841398170e-02 9.988889125563426008e-01 -4.026002361860459011e-02 -4.064642157097633657e+00 6.154488833450362240e-01 4.680426995350087105e-02 7.867858917780874428e-01 5.958175523610815105e+01
7.831768349571710530e-01 -5.308171740985723717e-03 -6.217763754985577984e-01 -2.921739339533023028e+01 -2.459139353826849186e-02 9.989168142943829487e-01 -3.950267749789262289e-02 -4.118664957837888885e+00 6.213125739248411827e-01 4.622792935435243722e-02 7.821979745281339991e-01 6.040072329189364098e+01
7.773251795474690473e-01 -6.530416889818179901e-03 -6.290651090040942917e-01 -2.990240514099685143e+01 -2.403979034551931293e-02 9.989074298193791890e-01 -4.007536869366110782e-02 -4.186992956827713996e+00 6.286395309276979759e-01 4.627418637102832799e-02 7.763189082567572008e-01 6.123099539869581776e+01
7.720505787970489697e-01 -7.594903383274538046e-03 -6.355157067680859972e-01 -3.060859376826507372e+01 -2.404365599241296489e-02 9.988637921470251424e-01 -4.114641403328854474e-02 -4.248214156371817651e+00 6.351061428205215798e-01 4.704723367521312927e-02 7.709907605051660173e-01 6.210004867579662147e+01
7.673632358830747568e-01 -8.895548683958273348e-03 -6.411509382593393314e-01 -3.132062384811617761e+01 -2.341652021280012097e-02 9.988480146764863177e-01 -4.188448638528428913e-02 -4.305431901259792582e+00 6.407849383243259256e-01 4.715413878233705447e-02 7.662709427927101302e-01 6.291809943802933702e+01
7.614298293415215912e-01 -1.026330927407291711e-02 -6.481660832815141493e-01 -3.203240859545864083e+01 -2.278991372951558875e-02 9.988327498223690259e-01 -4.258823493023493334e-02 -4.363794329830795959e+00 6.478466187027456247e-01 4.719960144195858159e-02 7.603071512055773473e-01 6.372506232836056483e+01
7.552224745959403851e-01 -1.212266774528559729e-02 -6.553564272015193204e-01 -3.275289431171808019e+01 -2.200650992546101387e-02 9.987963561693092851e-01 -4.383551598105957930e-02 -4.434750760947206771e+00 6.550990261725628816e-01 4.752767443928549579e-02 7.540466790260532681e-01 6.457042334491373481e+01
7.490245502706599501e-01 -1.284194058171643504e-02 -6.624177680090566067e-01 -3.351822872980859813e+01 -2.160973396530584470e-02 9.988066478564694428e-01 -4.379839759979525793e-02 -4.491719055810541761e+00 6.621897381843043773e-01 4.712074666114166727e-02 7.478531902189706759e-01 6.538636513309255349e+01
7.422549268849133464e-01 -1.286124932956406522e-02 -6.699941815600863881e-01 -3.424585158634113924e+01 -2.090479605227003185e-02 9.988847853245873543e-01 -4.233409010391876032e-02 -4.555445820009774494e+00 6.697914750567146580e-01 4.542877851049915983e-02 7.411582924348338874e-01 6.621577577416381644e+01
7.363610813086621798e-01 -1.333274021438984706e-02 -6.764573803015435649e-01 -3.497881649763887424e+01 -2.022769352610093510e-02 9.989250878913150666e-01 -4.170742416670313729e-02 -4.619689234064138894e+00 6.762863339897634551e-01 4.439489634959595948e-02 7.352998682238444106e-01 6.701883388017490972e+01
7.293366808812650204e-01 -1.505690349050153691e-02 -6.839892446475426269e-01 -3.576707513953432738e+01 -1.880321405930877529e-02 9.989389824422187925e-01 -4.203984454869444387e-02 -4.684176583780581993e+00 6.838965217303824007e-01 4.352239667556704467e-02 7.282797246293675197e-01 6.782413978360803242e+01
7.234638478123561756e-01 -1.652436969463701860e-02 -6.901644711106933450e-01 -3.654256579900729207e+01 -1.887361016391463781e-02 9.988664170027382605e-01 -4.369974661326962023e-02 -4.750384072995261775e+00 6.901042350745375531e-01 4.464108182246025874e-02 7.223318679433775591e-01 6.863624528653996038e+01
7.176694930937019823e-01 -1.578705724246586353e-02 -6.962048968720867537e-01 -3.733663505598090637e+01 -2.026057622061463656e-02 9.988464433856636404e-01 -4.353494712035222564e-02 -4.817845948658599831e+00 6.960890858184283214e-01 4.534921562350040236e-02 7.165217667947183511e-01 6.942867634279970446e+01
7.120906803597526480e-01 -1.636626367373655508e-02 -7.018967154381665630e-01 -3.815236511755319526e+01 -1.938238378837446596e-02 9.988889709643433701e-01 -4.295517333912071689e-02 -4.874820656884177872e+00 7.018199156085459522e-01 4.419240992504134408e-02 7.109823107105915918e-01 7.024469906082259740e+01
7.076483591847626542e-01 -1.490696115015865443e-02 -7.064075119402040137e-01 -3.895881233049494341e+01 -2.168688534280654306e-02 9.988481205437867994e-01 -4.280316726178008679e-02 -4.938922932914707076e+00 7.062318929740232232e-01 4.560936960443021104e-02 7.065099490028990958e-01 7.103198293634824267e+01
7.022235426939940073e-01 -1.531729603931753468e-02 -7.117917301216490911e-01 -3.975092306552257782e+01 -2.253768521306963313e-02 9.987892235179650635e-01 -4.372802040338476248e-02 -5.006552672432850848e+00 7.115997167432646098e-01 4.674898316675022564e-02 7.010280915368289900e-01 7.181720113252275439e+01
6.975258204417814634e-01 -1.774887475639262691e-02 -7.163397920630119042e-01 -4.061573767752138764e+01 -2.177978844485840837e-02 9.987061499017161337e-01 -4.595287803334332372e-02 -5.077942784800550058e+00 7.162285799837022626e-01 4.765504789722464773e-02 6.962367608491426552e-01 7.261745604866460724e+01
6.926922383331375332e-01 -2.028450603784662590e-02 -7.209479815398681657e-01 -4.144446984342945228e+01 -2.125835279460418920e-02 9.985958846130212896e-01 -4.852155916041844125e-02 -5.136730623186780420e+00 7.209199356796969216e-01 4.893667378969367154e-02 6.912884043193847639e-01 7.338020407386167676e+01
6.876997692496432668e-01 -2.041413932849550986e-02 -7.257081234829619865e-01 -4.228204618530783421e+01 -2.257723001031173432e-02 9.985197509189073228e-01 -4.948308544568078005e-02 -5.204119627900525735e+00 7.256440618151311917e-01 5.041398550612176399e-02 6.862209085876129766e-01 7.417374200207001422e+01
6.826768431587499908e-01 -1.999544383093974920e-02 -7.304467811696259139e-01 -4.312843897127136472e+01 -2.213860980630362810e-02 9.986006779163276725e-01 -4.802674313517701216e-02 -5.279418071839568682e+00 7.303849795004736523e-01 4.895782148490858410e-02 6.812788880627427268e-01 7.498202110952169619e+01
6.780650823618060707e-01 -2.030714379842786868e-02 -7.347212763796617807e-01 -4.400748070624386088e+01 -2.124312333350399443e-02 9.986592060159926731e-01 -4.720720267411464971e-02 -5.352506867408007629e+00 7.346948226393371639e-01 4.761733026517810108e-02 6.767245506401168287e-01 7.577010126194225847e+01
6.730030999159930527e-01 -2.080423886567400737e-02 -7.393470098703101012e-01 -4.487894338050016074e+01 -2.142670651361440470e-02 9.986364329016088615e-01 -4.760431874802339980e-02 -5.422278537855309999e+00 7.393292449855377590e-01 4.787962528402410489e-02 6.716396497396193155e-01 7.654079957245951960e+01
6.684488074814454173e-01 -2.232140523733939022e-02 -7.434231207041622769e-01 -4.575240875518796457e+01 -1.963434079070607713e-02 9.986716030836031432e-01 -4.763949922095622042e-02 -5.493504824970071532e+00 7.434989531181084299e-01 4.644118913632898360e-02 6.671225771035987906e-01 7.730628960529999461e+01
6.637922939843632353e-01 -2.270269931606180847e-02 -7.475723159249045846e-01 -4.663360545404238167e+01 -1.923756806146971129e-02 9.986902265511948817e-01 -4.741041441864666389e-02 -5.569044202132813481e+00 7.476695228379076630e-01 4.585214083513545341e-02 6.624861327789752785e-01 7.808782632336246365e+01
6.591844910159584403e-01 -2.390573984075810079e-02 -7.516011654796830310e-01 -4.754253672048412938e+01 -1.777328773227589837e-02 9.987200545124957918e-01 -4.735359525612527209e-02 -5.637043974481456665e+00 7.517711926610923800e-01 4.457317912740479948e-02 6.579158882545225184e-01 7.885956163940579700e+01
6.554052025220115096e-01 -2.596563166470347572e-02 -7.548309717684998921e-01 -4.843597393100561277e+01 -1.537141200071716340e-02 9.987432946087280161e-01 -4.770273773775337428e-02 -5.704888126509192858e+00 7.551210163669915820e-01 4.286744009562304392e-02 6.541824238990353590e-01 7.962732414690475480e+01
6.516773627205733055e-01 -3.020675099804837407e-02 -7.578945549986191299e-01 -4.934270750425014285e+01 -1.296837874381497231e-02 9.986169058187297498e-01 -5.095190456586192601e-02 -5.788172069292883748e+00 7.583854200329704920e-01 4.303286618183375933e-02 6.503843000193282320e-01 8.041349511445751830e+01
6.472789085516875707e-01 -3.451916278469010363e-02 -7.614712281097094637e-01 -5.026410961824876722e+01 -8.611215229832568097e-03 9.985791841491932219e-01 -5.258764074362990565e-02 -5.859596817622102272e+00 7.622046122083544484e-01 4.059606306963706168e-02 6.460619935382709844e-01 8.116480186519891049e+01
6.397539031515612207e-01 -3.858646632185876169e-02 -7.676105895273119817e-01 -5.117270305320829493e+01 -2.909728887707786500e-03 9.986101850567883353e-01 -5.262349066637860701e-02 -5.937641862354675837e+00 7.685743206833279828e-01 3.589962194191883421e-02 6.387524885305646549e-01 8.191993524045125241e+01
6.312793493800327171e-01 -4.215290267407615504e-02 -7.744091326940674147e-01 -5.211256504441134751e+01 1.856112285044471573e-03 9.986011002693065963e-01 -5.284313928993867454e-02 -6.020694857448587456e+00 7.755533170731093717e-01 3.192139192944627724e-02 6.304744944680783503e-01 8.269749893270741836e+01
6.227863588531419303e-01 -4.326554498305904689e-02 -7.811947469238411657e-01 -5.304122958539972643e+01 4.462239145256049165e-03 9.986500164343893315e-01 -5.175164804386345879e-02 -6.096544032076457675e+00 7.823792236305885384e-01 2.874434228038296943e-02 6.221386698016563299e-01 8.342813057462169013e+01
6.136424069416999139e-01 -4.259082996925246667e-02 -7.884345287904478417e-01 -5.399680620495711736e+01 5.877257947223269753e-03 9.987628524100874428e-01 -4.937836025696988596e-02 -6.179415465185836176e+00 7.895621979069290530e-01 2.566682231456531363e-02 6.131335591108880712e-01 8.416465757687200266e+01
6.047297966036471184e-01 -4.184839794644432120e-02 -7.953304804209756496e-01 -5.498499176142804856e+01 4.360346650389668524e-03 9.987775606863730227e-01 -4.923790842762783282e-02 -6.262577929743715188e+00 7.964187785259612129e-01 2.630771332818411870e-02 6.041730257576597429e-01 8.492390929058962001e+01
5.955241223281090290e-01 -4.322791960817821272e-02 -8.021735191990280178e-01 -5.598046227368990202e+01 4.052880040149025621e-03 9.987001328921984999e-01 -5.080963199817675746e-02 -6.324747743945908773e+00 8.033272087985681154e-01 2.700724803461348328e-02 5.949252188012585929e-01 8.565127020117429879e+01
5.861979689440980357e-01 -4.552325146672223100e-02 -8.088878555223200095e-01 -5.698864058432482693e+01 4.888728126189395909e-03 9.986006795905278954e-01 -5.265722205950380125e-02 -6.417874389188821027e+00 8.101531042013906392e-01 2.691312338447907418e-02 5.856002420904361516e-01 8.637294881452399409e+01
5.756102808033022322e-01 -4.667405050702111424e-02 -8.163910371057546689e-01 -5.797410687234027193e+01 4.331389023655291860e-03 9.985297443165207509e-01 -5.403321904763605521e-02 -6.482768417272452233e+00 8.177126968715167088e-01 2.756596878569540776e-02 5.749661511253323365e-01 8.706839683317632250e+01
5.663533414998240811e-01 -4.787393800589032772e-02 -8.227709075309612707e-01 -5.901142309331683578e+01 7.385827086629846716e-03 9.985662014282610244e-01 -5.301877870086301597e-02 -6.570153716397694410e+00 8.241294517515724838e-01 2.395051836128507181e-02 5.658948946640163236e-01 8.776776697058522814e+01
5.561233006593025996e-01 -4.725709956220743024e-02 -8.297551617542345825e-01 -6.004119191831734526e+01 7.792092442589453397e-03 9.986347013716946330e-01 -5.165284584119765598e-02 -6.654092708924608246e+00 8.310632762183882694e-01 2.225982170798217891e-02 5.557322591264619582e-01 8.844852835342355490e+01
5.455525165341524874e-01 -4.798663498329495958e-02 -8.367016922564846082e-01 -6.106865379086704593e+01 8.543759389581302710e-03 9.986259800335138825e-01 -5.170257390186257240e-02 -6.737445905448213423e+00 8.380330944585032693e-01 2.105789086351591427e-02 5.452129039151343282e-01 8.911298138549609860e+01
5.355865916549382710e-01 -4.877173464730645558e-02 -8.430707608607466153e-01 -6.213418609125353242e+01 7.647791506642017539e-03 9.985700578605549715e-01 -5.290889150798032403e-02 -6.816557628598372887e+00 8.444456914721466534e-01 2.188966296945866336e-02 5.351937310532224323e-01 8.976543567728182893e+01
5.250326174142688762e-01 -5.007438534990495127e-02 -8.496077291770496309e-01 -6.320649651653255319e+01 7.508225961466072004e-03 9.985013255312301661e-01 -5.421004912082556804e-02 -6.897924656452946834e+00 8.510489933702839460e-01 2.208299667134839064e-02 5.246217354214500750e-01 9.041779313286387776e+01
5.156108049248324665e-01 -4.998066512660438721e-02 -8.553639095080601829e-01 -6.426613892710753362e+01 5.162678795293006336e-03 9.984603097284548978e-01 -5.523003366340512726e-02 -6.988440773010426987e+00 8.568073626488703631e-01 2.406123250968021307e-02 5.150749592984619207e-01 9.104733605262751439e+01
