1.000000000000000000e+00 4.398956837314658088e-19 2.733407509747682871e-20 -8.673617379884035472e-19 -5.583667658079949532e-19 1.000000000000000000e+00 -6.100159232558060012e-19 0.000000000000000000e+00 4.145284534913582806e-20 -2.210423569125054137e-19 1.000000000000000222e+00 0.000000000000000000e+00
9.999017186570389182e-01 6.730078717337233899e-04 1.400357461939551532e-02 -3.335876840551377925e-02 -6.676145609099655778e-04 9.999997011701693417e-01 -3.898098127068276922e-04 -1.270073414836699055e-02 -1.400383302267936732e-02 3.804225273452005993e-04 9.999018691466864395e-01 2.167831582262674806e-02
9.992773880339138604e-01 4.558489494138282146e-03 3.773489045053784324e-02 7.180587251870927668e-02 -4.526919340417647104e-03 9.999893283771192909e-01 -9.220313979855146837e-04 3.747088456366148845e-03 -3.773869148306431553e-02 7.505423603635266554e-04 9.992873599835599974e-01 3.017937192279336323e-01
9.980174881370776907e-01 5.436969936867416808e-03 6.270193569510949805e-02 5.030292447350991070e-02 -5.481307642287693016e-03 9.999848343441838372e-01 5.351246895164502243e-04 3.147294652079926647e-03 -6.269807640765032164e-02 -8.777523514518959956e-04 9.980321541643195626e-01 4.176996195405768830e-01
9.953470675591145067e-01 5.251415142384219595e-03 9.621142190339784794e-02 1.090931152572519880e-01 -5.518870152109699341e-03 9.999816108501911049e-01 2.513969680426707612e-03 -6.171785155041492610e-04 -9.619645242209967639e-02 -3.033250636054008430e-03 9.953577457165483366e-01 5.903138957303112333e-01
9.908588209324862284e-01 1.863618440895933740e-03 1.348900432787193404e-01 1.971587427363560296e-01 -2.535842326458838652e-03 9.999852076875511697e-01 4.811851336325230488e-03 5.334667361719072631e-03 -1.348790828191329949e-01 -5.109925145293797363e-03 9.908488894933636937e-01 7.847233488293934300e-01
9.848082640523185827e-01 -1.579862331978775436e-03 1.736380914726770586e-01 2.472707532131681041e-01 6.201315116492925978e-04 9.999842321219473140e-01 5.581302875448015954e-03 -6.469347874558245559e-03 -1.736441742601942673e-01 -5.388834629933145909e-03 9.847937151954331281e-01 9.651502641814935224e-01
9.760439459610212865e-01 -1.659720232596985021e-03 2.175671398976394555e-01 3.458604946271764957e-01 2.257641093472074925e-04 9.999780914661663411e-01 6.615558634082936880e-03 -5.520404127576747366e-03 -2.175733570584345022e-01 -6.407956956285782574e-03 9.760229366703061515e-01 1.174380787609886623e+00
9.642950042344705652e-01 -1.585396066350685347e-03 2.648256605295750687e-01 4.347942120706107527e-01 -9.709054152126483234e-04 9.999541972366334797e-01 9.521594954058519231e-03 9.317043661960913714e-03 -2.648286308585836579e-01 -9.438746951288205789e-03 9.642492972190502831e-01 1.381980754217842611e+00
9.498631225811460244e-01 -5.600465735821947427e-03 3.126158695247644448e-01 5.588001448722322850e-01 5.392466569573801591e-04 9.998674241698239928e-01 1.627400658114011231e-02 2.060193377874805498e-02 -3.126655716322382372e-01 -1.528950148754044253e-02 9.497402132858234758e-01 1.648766365538064660e+00
9.329178779007719635e-01 -1.513673129670100974e-02 3.597709142139791094e-01 6.982500411490927261e-01 6.740392630666805669e-03 9.996751144355379148e-01 2.458114445845119983e-02 -1.655731107302910177e-03 -3.600261142303491924e-01 -2.050719174334804731e-02 9.327168133608392253e-01 1.845055067896041567e+00
9.120610226285564837e-01 -2.098706480695792381e-02 4.095170713986376887e-01 8.560457772879699334e-01 9.789579450773586503e-03 9.995191775881600016e-01 2.942070251708048603e-02 -4.458983113332468107e-03 -4.099376276791199536e-01 -2.282447592379590121e-02 9.118279372163970997e-01 2.053597451471946389e+00
8.870521635348690426e-01 -2.283462395850550247e-02 4.611041488050030002e-01 1.050339945756449067e+00 8.430612167882631930e-03 9.994107095268979224e-01 3.327399028706821277e-02 1.844658463074341781e-03 -4.615922315468700132e-01 -2.562837460657728730e-02 8.867219413626766800e-01 2.304776208083976652e+00
8.587090631960874187e-01 -2.499858462549240865e-02 5.118533106953514489e-01 1.207519863814690453e+00 6.521630664911073731e-03 9.992616846564148503e-01 3.786230154904310363e-02 2.276847136037817021e-02 -5.124219143369813656e-01 -2.917458300829351217e-02 8.582380959429892764e-01 2.531959934062685935e+00
8.262117503940664687e-01 -3.011931438927226493e-02 5.625539668572596685e-01 1.461242794854170857e+00 7.508871530263477520e-03 9.990698489087993517e-01 4.246238112984619673e-02 2.203940137738515104e-02 -5.633096542027913323e-01 -3.085877249624670998e-02 8.256694099123967900e-01 2.771706690937179474e+00
7.907397918233317613e-01 -3.589808075491050798e-02 6.110989311760012255e-01 1.675004658693640902e+00 9.766521368612272880e-03 9.988918129586269457e-01 4.604086248951189120e-02 2.530032063278025989e-02 -6.120745084283446547e-01 -3.043803091692939486e-02 7.902141027549199892e-01 2.957461159076196999e+00
7.532040064185980821e-01 -4.045008603173613770e-02 6.565420843590750177e-01 1.935917093935773714e+00 1.086141875415144904e-02 9.987361656161458656e-01 4.907240591405534480e-02 3.414328120320505450e-02 -6.576973182990104583e-01 -2.983055384246881617e-02 7.526914257057750746e-01 3.163341611248843943e+00
7.131881470467869022e-01 -4.359680471532152712e-02 6.996155928828264869e-01 2.240027761190520383e+00 1.194128329167680122e-02 9.986748306510213613e-01 5.005984742166286194e-02 4.395151641774000528e-02 -7.008709452444489285e-01 -2.734778137639408066e-02 7.127636527947810441e-01 3.409343437265272225e+00
6.713551709728428074e-01 -4.541625762404993827e-02 7.397429210344225181e-01 2.531164198532396714e+00 1.112610540152958460e-02 9.986257871749446569e-01 5.121276124361231336e-02 5.699704866415774424e-02 -7.410522615895527299e-01 -2.615149385956916026e-02 6.709378911243977228e-01 3.597724210997820471e+00
6.289346346303555935e-01 -4.588176889756281213e-02 7.761031367963056038e-01 2.871541798923234801e+00 7.034596805507102590e-03 9.985520646356200736e-01 5.333187236829216304e-02 8.263501048128540916e-02 -7.774263636957668977e-01 -2.808268848288426184e-02 6.283467365936697968e-01 3.823792815737354633e+00
5.871361366624313627e-01 -4.672688421370808226e-02 8.081384440279593129e-01 3.204441057765523571e+00 4.132827530682013466e-03 9.984926034939676232e-01 5.473061719212241050e-02 9.776372439459604657e-02 -8.094776641629659597e-01 -2.879442576477347568e-02 5.864442027279475056e-01 4.036466434014101878e+00
5.465610383744186063e-01 -4.772356651647083337e-02 8.360583000645803731e-01 3.588910234597583848e+00 1.982271503651982826e-03 9.984457481583257632e-01 5.569702452158905442e-02 1.178574798732559686e-01 -8.374169300399728622e-01 -2.878452842188506181e-02 5.458061447737603267e-01 4.254602105941247103e+00
5.077053990164772657e-01 -5.040671589462718954e-02 8.600548695539850241e-01 4.025981870440441313e+00 1.132223700736039416e-03 9.983250971449787459e-01 5.784218560073974003e-02 1.304835372530301352e-01 -8.615300107052789036e-01 -2.839301478990385527e-02 5.069121122728358353e-01 4.436588445902579281e+00
4.706783145549235936e-01 -5.005214731762587521e-02 8.808840411403572324e-01 4.429106575395882039e+00 -1.925543159833212033e-03 9.983289717510179795e-01 5.775427609049444549e-02 1.521551896062486309e-01 -8.823027998097354718e-01 -2.887986492697349264e-02 4.697954189963167160e-01 4.634241431543544287e+00
4.347729372106983181e-01 -4.938024924768517204e-02 8.991852259862701535e-01 4.898992213842335630e+00 -2.971135969180968735e-03 9.984113918819177425e-01 5.626601883795479681e-02 1.803427118550707808e-01 -9.005352186394847136e-01 -2.713454316532990657e-02 4.339355367035239164e-01 4.834513646599908121e+00
4.007831975660087198e-01 -4.799267281097014531e-02 9.149150331875031128e-01 5.403583956696807356e+00 -2.008876395127264826e-03 9.985785880543949222e-01 5.326131674349630224e-02 1.941700784513834266e-01 -9.161707308207126532e-01 -2.318419131349319304e-02 4.001171069161947869e-01 5.010464837585350217e+00
3.711628844974401154e-01 -4.654140665645986608e-02 9.274006665151465212e-01 5.901785733904323372e+00 1.120955587197227532e-04 9.987453555636217617e-01 5.007696217732712091e-02 2.157075036095396636e-01 -9.285677767507048985e-01 -1.848275144470397716e-02 3.707024228384502851e-01 5.194479938479815040e+00
3.458918091224908453e-01 -4.450771170603057270e-02 9.372181737717406591e-01 6.444313142730404564e+00 9.606401648285992469e-04 9.988905683029941640e-01 4.708194658062547083e-02 2.404759230248146307e-01 -9.382739201597518619e-01 -1.538492943213135185e-02 3.455508203709278248e-01 5.363262650597776293e+00
3.253903791257078959e-01 -4.406971817260666585e-02 9.445522463663607038e-01 7.017290675162078273e+00 2.210001385683456592e-03 9.989460641889534864e-01 4.584622887889998333e-02 2.677541318889934963e-01 -9.455771956751352070e-01 -1.283045916427197515e-02 3.251448313698317438e-01 5.546194574546314371e+00
3.099194556438918946e-01 -4.458791880517143369e-02 9.497167121433055526e-01 7.602747639529662038e+00 3.418588502074235234e-03 9.989455333152291727e-01 4.578356350604815411e-02 2.954561574073202856e-01 -9.507566777745063424e-01 -1.094252556394617083e-02 3.097450823210700643e-01 5.741944164571291864e+00
2.988513004660647288e-01 -4.626959590187016552e-02 9.531773231623312803e-01 8.213697643038367247e+00 4.519083298556339501e-03 9.988813092986427167e-01 4.707130529126856561e-02 3.096657359981689339e-01 -9.542889993425779371e-01 -9.759832179868846783e-03 2.987260731198749797e-01 5.910165610631082700e+00
2.878134988697816365e-01 -4.814061584620679679e-02 9.564757474901753875e-01 8.857229516837591632e+00 3.350025589035899882e-03 9.987802823985740819e-01 4.926179840253838704e-02 3.419158479648969906e-01 -9.576806270701976320e-01 -1.097399143562142847e-02 2.876237186365587783e-01 6.102841943325282514e+00
2.780119306770246768e-01 -4.962316290682051989e-02 9.592949976729896466e-01 9.518815779006416733e+00 1.381624048916976939e-03 9.986843698523664159e-01 5.126032081648553007e-02 3.687005308652080982e-01 -9.605766361245132723e-01 -1.292559483786118180e-02 2.777147290136021685e-01 6.283913677579927359e+00
2.665255031781996742e-01 -5.133977639455537118e-02 9.624595408902152371e-01 1.021399569651128658e+01 7.551120936439546273e-04 9.985911461429234359e-01 5.305801176383941054e-02 4.030651287588410958e-01 -9.638275791899822975e-01 -1.341454756243779141e-02 2.661887736355370015e-01 6.495781717859311577e+00
2.571505698011937735e-01 -5.322797459078171256e-02 9.649043224136587549e-01 1.093290385620885274e+01 -1.591306707850396855e-04 9.984795848789942418e-01 5.512252913351714523e-02 4.232663229145818828e-01 -9.663713445913105771e-01 -1.432833476978854700e-02 2.567511226344608155e-01 6.662996220101820022e+00
2.464179557765933670e-01 -5.482252340971874305e-02 9.676118364990040632e-01 1.168470440803546317e+01 -2.984184351924045755e-04 9.983944751135901408e-01 5.664258970278072264e-02 4.574538920488521732e-01 -9.691636180832098324e-01 -1.424650349114907344e-02 2.460059642120454304e-01 6.841949950624467647e+00
2.355125520028000519e-01 -5.619582293457219685e-02 9.702452532041524469e-01 1.241497319241455344e+01 -9.022171467222832742e-04 9.983138197295559069e-01 5.804053152453281239e-02 4.864768488637095101e-01 -9.718708970480998133e-01 -1.454464471761257940e-02 2.350647331931327577e-01 7.028996278561262301e+00
2.251567496740235486e-01 -5.923709548620834098e-02 9.725201224314153903e-01 1.315928451991246284e+01 -2.082781259132591382e-03 9.981185324361310229e-01 6.127852140915112517e-02 5.195809185050402901e-01 -9.743203358460525987e-01 -1.582281851141438198e-02 2.246097452815469520e-01 7.223015790259145419e+00
2.142133439517748816e-01 -6.268437072908988883e-02 9.747734592129437825e-01 1.394520164055044553e+01 -4.196591429347463348e-03 9.978704497000300266e-01 6.509189036074325418e-02 5.663807282164978751e-01 -9.767778911843880696e-01 -1.803427657826309205e-02 2.134941038064206986e-01 7.375417656628186158e+00
2.015591845823465067e-01 -6.630680805856223325e-02 9.772293927525343982e-01 1.473539115310454406e+01 -4.006242150422132352e-03 9.976418267629590941e-01 6.851813968947960409e-02 6.036500330112402057e-01 -9.794681526329620525e-01 -1.772547707506470088e-02 2.008182306134666528e-01 7.546656565772007497e+00
1.892248013121753669e-01 -6.876774359484126575e-02 9.795228203856765070e-01 1.553966030543349497e+01 -5.099250758283568365e-03 9.974624075128866174e-01 7.101227491190405250e-02 6.483643697514667181e-01 -9.819205615348718386e-01 -1.843211522302481281e-02 1.883939605415093088e-01 7.696333114438324685e+00
1.748103862405682718e-01 -6.953018215027334525e-02 9.821440149841453859e-01 1.634312032899038414e+01 -6.454572209858250136e-03 9.974011052345302941e-01 7.175913686590018603e-02 6.766330133638513988e-01 -9.845809689336724180e-01 -1.888356102413409413e-02 1.739072834899726971e-01 7.833748971118311033e+00
1.609459883032096639e-01 -6.886917951886714628e-02 9.845574683054327814e-01 1.712667928016492525e+01 -7.613375225669698557e-03 9.974461709659406816e-01 7.101529761653516126e-02 7.169364650850905685e-01 -9.869338592099334839e-01 -1.892543182131061971e-02 1.600106314853921852e-01 7.976030444020405952e+00
1.429880137311116683e-01 -6.781220586705660747e-02 9.873985598411307851e-01 1.792642675249209816e+01 -8.110698628211341840e-03 9.975362150116106053e-01 6.968296968076249931e-02 7.584955849228626201e-01 -9.896911950985308737e-01 -1.797232068220072990e-02 1.420857162652757744e-01 8.104246885928617417e+00
1.237824591759359161e-01 -6.629678744589455330e-02 9.900922290204073883e-01 1.877028503429884765e+01 -1.046917473768838210e-02 9.976228928948869257e-01 6.810991054634535358e-02 7.917891193882111711e-01 -9.922541591757337853e-01 -1.879625988981003387e-02 1.227941409776686366e-01 8.205101168383199806e+00
9.822055539272910030e-02 -6.504802893820918475e-02 9.930364844672130431e-01 1.955692694322456759e+01 -1.511104029693860831e-02 9.976489516972837368e-01 6.684478746835630092e-02 8.365593683302875450e-01 -9.950499466071668353e-01 -2.157134562053278012e-02 9.700668934953465827e-02 8.287649046283851462e+00
6.920701855173785888e-02 -6.443486811745452458e-02 9.955192209488200605e-01 2.041947858487996825e+01 -1.889476080127774904e-02 9.976482326536797451e-01 6.588620401539167781e-02 8.751769691384134742e-01 -9.974233774704822642e-01 -2.336988444536112000e-02 6.782677693508439021e-02 8.341713921140122778e+00
3.555678972626147294e-02 -6.413236374706381138e-02 9.973077445988437484e-01 2.126575933035864097e+01 -2.246819945620009626e-02 9.976352518714511897e-01 6.495447811891635892e-02 9.158691016546136598e-01 -9.991150644740944831e-01 -2.471728120145169974e-02 3.403176674168638394e-02 8.352456278568817893e+00
1.729638575873807763e-03 -6.347022534228263790e-02 9.979822250839526232e-01 2.210147268593422254e+01 -2.356853457772266000e-02 9.977039218697950629e-01 6.349337334739187100e-02 9.466194686873077302e-01 -9.997207359284502326e-01 -2.363079831039151951e-02 2.297655964182390893e-04 8.366904975152346324e+00
-3.221385818816491220e-02 -6.265014463748710960e-02 9.975155183860329178e-01 2.293967771321761617e+01 -2.484080802042802627e-02 9.977753996379492563e-01 6.186425571183680472e-02 9.761091433592047339e-01 -9.991722668540704566e-01 -2.278620426164514046e-02 -3.369847683602885530e-02 8.326567322929127712e+00
-6.528464979696668724e-02 -6.075059767344800216e-02 9.960156936966866326e-01 2.376068278475245066e+01 -2.709991395720981813e-02 9.978848456949974688e-01 5.908831868521995101e-02 1.009241457639395767e+00 -9.974986347440669698e-01 -2.313437854178092973e-02 -6.679290004978513662e-02 8.258378426523355742e+00
-9.691696061391720518e-02 -5.745989186362152751e-02 9.936324503139614128e-01 2.458950975195260469e+01 -2.889092694007829726e-02 9.980738648969877946e-01 5.489876655095061314e-02 1.044395344321806807e+00 -9.948730743699596424e-01 -2.338634007047793451e-02 -9.839035637980321491e-02 8.151563080599750322e+00
-1.294931771822088462e-01 -5.340087104690800085e-02 9.901413267077621150e-01 2.544058693483135869e+01 -2.613058665818059761e-02 9.983857971171682388e-01 5.042809309920823213e-02 1.070146994669729290e+00 -9.912359589693607864e-01 -1.934287885108662217e-02 -1.306795463946836267e-01 8.046089234401167190e+00
-1.606455432108806480e-01 -4.751596317360413935e-02 9.858677525997981972e-01 2.627630205173105082e+01 -2.221447368538791156e-02 9.987615835420746713e-01 4.451759669518484674e-02 1.089724470759199537e+00 -9.867621513097785124e-01 -1.474897881098773296e-02 -1.615021406186706587e-01 7.866587083088640853e+00
-1.931941125725610553e-01 -4.153884205261186569e-02 9.802808488097703998e-01 2.713960398940738727e+01 -1.683397955143970531e-02 9.990966786767088159e-01 3.901850586501438845e-02 1.101480406640784171e+00 -9.810161407485360474e-01 -8.963881169079878503e-03 -1.937188616009130337e-01 7.722316090591929694e+00
-2.212172347778833537e-01 -3.584699083597431279e-02 9.745654988349407022e-01 2.794258873687677891e+01 -9.669143454286368775e-03 9.993557100725761755e-01 3.456403347585907532e-02 1.115082345051319646e+00 -9.751766295763040215e-01 -1.777052665985800898e-03 -2.214213178037214014e-01 7.487188738337802185e+00
-2.502735969232070534e-01 -2.955089892102555696e-02 9.677240590612402604e-01 2.870579684758122596e+01 -1.762370768172944390e-03 9.995463362380900829e-01 3.006685468858721552e-02 1.134935345555817543e+00 -9.681735570772580513e-01 5.819452379246948213e-03 -2.502121378588838541e-01 7.303077107748817021e+00
-2.757209716938839317e-01 -1.903745399548230008e-02 9.610491687423226015e-01 2.957833753120894826e+01 4.131573352950648238e-03 9.997711523548422630e-01 2.098983098673840031e-02 1.126968295976237266e+00 -9.612288444970452650e-01 9.757982858402156762e-03 -2.755792203096938953e-01 7.020265355961501363e+00
-3.019109195562015291e-01 -4.301840693411889890e-03 9.533264260877118978e-01 3.032041717029920846e+01 8.685560948958401598e-03 9.999359042254279961e-01 7.262813125418215651e-03 1.120066719593463489e+00 -9.532965818720463558e-01 1.047289848556107704e-02 -3.018542057814911916e-01 6.746123274918200075e+00
-3.276732269435442824e-01 1.290300127170587730e-02 9.447029972530296416e-01 3.106906344924417951e+01 1.032556945709866073e-02 9.998959292117325370e-01 -1.007538306937307872e-02 1.099063715602933922e+00 -9.447347003109359820e-01 6.453164195471654437e-03 -3.277723578967584595e-01 6.460089882884885171e+00
-3.512326919644266909e-01 2.762975106842594994e-02 9.358804289706974533e-01 3.191443162720419480e+01 8.920944579324690746e-03 9.996178722010261586e-01 -2.616345365457141414e-02 1.065076486080609008e+00 -9.362457089632129081e-01 -8.405218371974467828e-04 -3.513449609841111099e-01 6.168634603716953713e+00
-3.767641904715819945e-01 3.784047130780027884e-02 9.255359680719830173e-01 3.261558966531159598e+01 1.280646356551354802e-02 9.992825502519652181e-01 -3.564237963019713934e-02 1.024833025256811414e+00 -9.262206830034054317e-01 -1.575928693446065638e-03 -3.769784850189528136e-01 5.841851745417759645e+00
-4.003411975884091367e-01 4.316514987072884307e-02 9.153489391136591102e-01 3.340704443201183693e+01 1.619319327180458734e-02 9.990672256796933048e-01 -4.003072606527825761e-02 9.814186507155319150e-01 -9.162230732809087952e-01 -1.203525577475034799e-03 -4.006667525045174427e-01 5.510249110371042924e+00
-4.222856473169048219e-01 4.229832702585546028e-02 9.054753828118180525e-01 3.415444575745743094e+01 1.849372305751583942e-02 9.991047947063351753e-01 -3.804722545176114634e-02 9.320471759828360403e-01 -9.062741461314499647e-01 6.788147012586282295e-04 -4.226898697919879710e-01 5.124087812253717900e+00
-4.422093098196286376e-01 3.887358855680370789e-02 8.960690575923739853e-01 3.491699565080982381e+01 2.269603245328303751e-02 9.992253890918720849e-01 -3.214827932458638737e-02 8.914925407695170056e-01 -8.966246872378319521e-01 6.120945009750116544e-03 -4.427490471547870232e-01 4.747671750320677120e+00
-4.613039224129913962e-01 3.756391113320165648e-02 8.864466309825271839e-01 3.560797039359541571e+01 3.006587606385260555e-02 9.991913729779802189e-01 -2.669537811271330621e-02 8.603301408070320733e-01 -8.867326244585596040e-01 1.433711299022047414e-02 -4.620602927419174000e-01 4.359697555494011389e+00
-4.755957134721039981e-01 3.830538255225524047e-02 8.788295631402148755e-01 3.634473099437141741e+01 3.373903601828292381e-02 9.991106634389660401e-01 -2.528951553939490227e-02 8.109549713598436238e-01 -8.790167276795580742e-01 1.762327820201956344e-02 -4.764651367362467971e-01 3.979197298166722074e+00
-4.861305019992674947e-01 4.157780919400028835e-02 8.728965614752525193e-01 3.703939963278180869e+01 3.638482358229000457e-02 9.989643622794303068e-01 -2.731936034243754793e-02 7.579836112624679378e-01 -8.731284511537739101e-01 1.847941414214942374e-02 -4.871398493975226951e-01 3.593180464317557998e+00
-4.956110905397873578e-01 4.452518410032683255e-02 8.674025255325130690e-01 3.773609062127174951e+01 3.778085181792058961e-02 9.988450265840042031e-01 -2.968535064038019602e-02 7.097094168082422883e-01 -8.677224594149518522e-01 1.805881837461058986e-02 -4.967208735115359874e-01 3.178143711353890399e+00
-5.061126318417951131e-01 4.348031228034222873e-02 8.613706826288509699e-01 3.841784775941565044e+01 3.167436532790399856e-02 9.989917187759912443e-01 -3.181635339934346662e-02 6.646584185216521945e-01 -8.618855786551637976e-01 1.118071235790646899e-02 -5.069795404881158873e-01 2.778969305682235547e+00
-5.183080241591566661e-01 4.239187341068749448e-02 8.541426742210276313e-01 3.911150273211375605e+01 3.017114759797260432e-02 9.990553211829574787e-01 -3.127566172787001053e-02 6.427111891599595062e-01 -8.546616324273783594e-01 9.560039267798621163e-03 -5.190974022217854644e-01 2.393896566774079027e+00
-5.270903675780600484e-01 4.398975593094763686e-02 8.486699197566807129e-01 3.976014004634252785e+01 3.262085465692755870e-02 9.989706452780395818e-01 -3.152030549697464046e-02 6.045788469087960415e-01 -8.491829226240390494e-01 1.107028971072254904e-02 -5.279827892505331022e-01 1.969090152420384099e+00
-5.347108606311099521e-01 4.677296973372495337e-02 8.437396351278316775e-01 4.046236871591808182e+01 3.610541802702611075e-02 9.988197526990097996e-01 -3.248846482554205994e-02 5.523133298901514721e-01 -8.442634103101173126e-01 1.309163827489333472e-02 -5.357685283956622468e-01 1.508886485852381609e+00
-5.374477786663528489e-01 4.996036973946755416e-02 8.418157956328883307e-01 4.116575284509686128e+01 3.715434814378819339e-02 9.986770346321498515e-01 -3.554904849500160890e-02 5.203397482310462285e-01 -8.424781606914447663e-01 1.217136101455927946e-02 -5.385930000264830264e-01 1.054914754400027244e+00
-5.376749754244506407e-01 5.166999062294498624e-02 8.415674779798950622e-01 4.187926479647602207e+01 3.608798795925101388e-02 9.986161160881068533e-01 -3.825584596764247669e-02 4.692968538808050538e-01 -8.423795400805532685e-01 9.801266966698274699e-03 -5.387955628630219929e-01 6.242873622006076539e-01
-5.341425848917240593e-01 5.248409206011202255e-02 8.437636553834039210e-01 4.259455450147954281e+01 3.873056483475972173e-02 9.985422775368872905e-01 -3.759339373497995462e-02 4.328768170115050440e-01 -8.445067519180550208e-01 1.259921147728890189e-02 -5.353966929682434372e-01 1.612340153373429952e-01
-5.281306013851545522e-01 5.121267502664739873e-02 8.476174353729120092e-01 4.332765218756034642e+01 3.704053377439752576e-02 9.986190026174294188e-01 -3.725703161700224392e-02 3.862260786495486653e-01 -8.483549248628567963e-01 1.171962474642369682e-02 -5.292982004219612957e-01 -3.095276051281922181e-01
-5.217241375190108110e-01 4.973553630258633479e-02 8.516632477656543854e-01 4.406229757018608950e+01 3.471045637308219772e-02 9.987100619729785134e-01 -3.705936145296180595e-02 3.425497956437737468e-01 -8.524078369389558318e-01 1.022685762290467468e-02 -5.227774900789148305e-01 -7.364667077630425718e-01
-5.146377023831119057e-01 4.950582366954676961e-02 8.559773334742831752e-01 4.487189770698886093e+01 3.321457028406130108e-02 9.987334519167457847e-01 -3.779264854355805087e-02 3.014971419659600027e-01 -8.567641680583731878e-01 8.981398490640706694e-03 -5.156302048548468964e-01 -1.198511954690399950e+00
-5.088551733487680639e-01 4.800300831795812490e-02 8.595127168114656824e-01 4.566047006735379199e+01 3.023825011282051806e-02 9.988246264783515738e-01 -3.788157487749878316e-02 2.499159669064134892e-01 -8.603209127765579778e-01 6.713926137798803886e-03 -5.097086066356127931e-01 -1.667038564712527204e+00
-5.038929424532170298e-01 4.570560963926405956e-02 8.625560192346888311e-01 4.646465914031278288e+01 2.580106505918381907e-02 9.989498996146677356e-01 -3.786030972910774117e-02 1.999075314023122107e-01 -8.633806923138622746e-01 3.177322052002229565e-03 -5.045430589042305680e-01 -2.137771276494930373e+00
-5.024260735701562286e-01 4.279709777226764489e-02 8.635603253477034391e-01 4.730866751783726443e+01 2.101020017567533510e-02 9.990836093129520368e-01 -3.728958365931704655e-02 1.571198548241158344e-01 -8.643648676295573319e-01 -5.916828814118965446e-04 -5.028648318036570419e-01 -2.617949937750758238e+00
-5.036605136916681991e-01 4.057413031921543872e-02 8.629483260365825581e-01 4.815824733592213391e+01 1.873860458006219171e-02 9.991745637964858373e-01 -3.604241561536392774e-02 1.105818162948678518e-01 -8.636984218660052059e-01 -1.982693198329270757e-03 -5.040050778695601696e-01 -3.067031712902165363e+00
-5.041541239659826923e-01 3.944571946050466626e-02 8.627123744467420918e-01 4.902827692168546747e+01 1.715721466159230921e-02 9.992166649510295651e-01 -3.566071276372263094e-02 5.971409622141216761e-02 -8.634432590239943250e-01 -3.176753103603222397e-03 -5.044359822622933587e-01 -3.573564546861984770e+00
-5.047384011360720457e-01 3.924521546167127062e-02 8.623798154007623618e-01 4.987622168914880660e+01 1.728036973650764335e-02 9.992252707781290599e-01 -3.535883235775895417e-02 1.626695849042785608e-02 -8.630993844919220281e-01 -2.944717544650005993e-03 -5.050255385958269949e-01 -4.072974467854125535e+00
-5.047153512279836107e-01 3.838063586553814438e-02 8.624322162073796427e-01 5.075581117428787792e+01 1.727291706031811730e-02 9.992601983647618757e-01 -3.436134843495782659e-02 -3.204303554510590235e-02 -8.631130127865269674e-01 -2.445978995898242473e-03 -5.050049087407860737e-01 -4.562705019866471368e+00
-5.052881090718197576e-01 3.777464695246446347e-02 8.621235348915770036e-01 5.164804820582033784e+01 1.759661340282779249e-02 9.992847647813940526e-01 -3.347115233206997276e-02 -8.093901735681524601e-02 -8.627712896746283500e-01 -1.742119807295265449e-03 -5.055914162939861844e-01 -5.080158430013050008e+00
-5.051910314165097837e-01 3.714642193892534611e-02 8.622077195471005151e-01 5.251429215041876120e+01 1.703303857283498812e-02 9.993077875750782102e-01 -3.307296865642402051e-02 -1.342382863557189943e-01 -8.628394460357757811e-01 -2.022148890717509820e-03 -5.054740495598348815e-01 -5.618800180981827985e+00
-5.048178504590578042e-01 3.589090934400793187e-02 8.624794299051001811e-01 5.339344231997895207e+01 1.544091465090271544e-02 9.993508627895987262e-01 -3.254890422445277931e-02 -1.834100466954488029e-01 -8.630877871246522837e-01 -3.113795697039123400e-03 -5.050443440904713865e-01 -6.130996182648056347e+00
-5.048369100571828971e-01 3.528055516059163538e-02 8.624934569003924745e-01 5.430415520253488637e+01 1.492207597501595852e-02 9.993718059185785485e-01 -3.214537531959620054e-02 -2.407844687491541014e-01 -8.630857652423479243e-01 -3.357978155943702140e-03 -5.050462348373867538e-01 -6.642647922169484964e+00
-5.042234624846488877e-01 3.452312736990901382e-02 8.628828657875624586e-01 5.520280680058536404e+01 1.384860119398174244e-02 9.993953606314579519e-01 -3.189246566155996138e-02 -2.898875780667276025e-01 -8.634621754362552526e-01 -4.131207882716956409e-03 -5.043966873666706485e-01 -7.155176152977893445e+00
-5.035398857057573618e-01 3.284737248257690867e-02 8.633473345785099839e-01 5.610846025896659484e+01 1.311602485034060739e-02 9.994524876555527237e-01 -3.037589152174902107e-02 -3.524612232461983852e-01 -8.638724244315170164e-01 -3.971786952395793026e-03 -5.036950195717005974e-01 -7.648163081862674240e+00
-5.013503022992734648e-01 3.096357998629519631e-02 8.646901858811704145e-01 5.699994483789331667e+01 1.362606765300772640e-02 9.995180902383917765e-01 -2.789117317364655374e-02 -3.994797720829223464e-01 -8.651371087877310906e-01 -2.200920213963722047e-03 -5.015306097475772384e-01 -8.197055768247926366e+00
-4.990315831755094411e-01 2.954799391968903136e-02 8.660798932365993963e-01 5.788377995637583950e+01 1.429697826013409147e-02 9.995632250025755505e-01 -2.586417617223955509e-02 -4.544227608411415265e-01 -8.664658607146705771e-01 -5.247144438111391159e-04 -4.992360669029202169e-01 -8.682922816077155659e+00
-4.973971803813965198e-01 2.864792561228444306e-02 8.670497838640369714e-01 5.876007682823873068e+01 1.383119457493623729e-02 9.995894445242891058e-01 -2.509263691259627782e-02 -5.089813016187856309e-01 -8.674126788406475441e-01 -4.886716464019357593e-04 -4.975892074991343228e-01 -9.173510964825272396e+00
-4.944070368931209325e-01 2.915968893598771400e-02 8.687412622612322721e-01 5.966709096858032524e+01 1.445848753435647824e-02 9.995747650434890774e-01 -2.532274077476413462e-02 -5.572364700834047113e-01 -8.691102613995868031e-01 4.094441976386932041e-05 -4.946184039601701499e-01 -9.714950088693209196e+00
-4.929722275523034658e-01 2.964092287451199070e-02 8.695399846320938098e-01 6.054622622548063049e+01 1.460717673003287219e-02 9.995606112524365594e-01 -2.579175825976277175e-02 -6.044216479584897384e-01 -8.699224251258990126e-01 -1.309535144726565385e-05 -4.931885925255941605e-01 -1.021250389853386231e+01
-4.950186200886089183e-01 3.064584115683101004e-02 8.683417440966599843e-01 6.143346270635279183e+01 1.355430983341033083e-02 9.995285615429486681e-01 -2.754878072694037783e-02 -6.642361816113557804e-01 -8.687766450026170872e-01 -1.867385457395886409e-03 -4.952006337227010668e-01 -1.066104302977995921e+01
-4.968071657300837662e-01 3.254457682958857012e-02 8.672505272328169257e-01 6.229704290827711333e+01 1.232577107537689322e-02 9.994604416254659895e-01 -3.044504834979061547e-02 -7.104320430264979835e-01 -8.677734311832427938e-01 -4.435785820786473758e-03 -4.969402474880089127e-01 -1.117075767829373589e+01
-5.002914882682091280e-01 3.330730807357392548e-02 8.652161790218916293e-01 6.320407236367734782e+01 1.143264957351618032e-02 9.994268511298738389e-01 -3.186320356038831875e-02 -7.582768051295154521e-01 -8.657815738678651396e-01 -6.049175270256644706e-03 -5.003855387665462340e-01 -1.168186842878409237e+01
-5.064300479580726710e-01 3.194936335636753416e-02 8.616889411225445716e-01 6.406500350365250540e+01 1.123458290778619507e-02 9.994729905912442813e-01 -3.045529844098617683e-02 -8.098597131779921021e-01 -8.622078652617924943e-01 -5.742761519299715081e-03 -5.065220935424278315e-01 -1.217119085361957609e+01
-5.112386945364160162e-01 2.956011445905792900e-02 8.589302552981065153e-01 6.494009587013967177e+01 1.392851295660643175e-02 9.995620453191963461e-01 -2.610965451037720181e-02 -8.761276898654171141e-01 -8.593259020246656332e-01 -1.384643576367775627e-03 -5.114265248034459699e-01 -1.269867897329564599e+01
-5.166125813139170742e-01 2.775988159255360702e-02 8.557691373940529145e-01 6.579695732461330238e+01 1.131862968891712319e-02 9.996083679121804400e-01 -2.559295608117138215e-02 -9.167433548997846460e-01 -8.561444629901828751e-01 -3.535508239492249089e-03 -5.167244642743920036e-01 -1.322208070803581315e+01
-5.210309787891848066e-01 3.004110536254939179e-02 8.530089319133428161e-01 6.663801191458090045e+01 1.276059673357070150e-02 9.995428979597816843e-01 -2.740733998868058810e-02 -9.699948369707859230e-01 -8.534423813514455670e-01 -3.395169292692607962e-03 -5.211761580974301200e-01 -1.375494576834810445e+01
-5.267462928776518449e-01 3.245189476343398466e-02 8.494028516330925926e-01 6.745168190582579371e+01 1.318810161414529433e-02 9.994626952607118531e-01 -3.000657815396654340e-02 -1.006285132580436947e+00 -8.499202484825575388e-01 -4.603841803993085659e-03 -5.268912496796439582e-01 -1.423561710284631410e+01
-5.318452675109995864e-01 3.267817508024090795e-02 8.462108101924141756e-01 6.831729891426401480e+01 1.174761136413947187e-02 9.994437419850474846e-01 -3.121218048540229384e-02 -1.065162457496618753e+00 -8.467600703996839284e-01 -6.659093889159564163e-03 -5.319333160104604552e-01 -1.477186802165947199e+01
-5.362899974245720625e-01 3.326175159729623937e-02 8.433781367868919965e-01 6.915702030916691001e+01 1.107688217068436738e-02 9.994145060703217842e-01 -3.237202055441906756e-02 -1.123662357847754034e+00 -8.439611087183294114e-01 -8.018789727846148060e-03 -5.363444405770878554e-01 -1.527273194020120961e+01
-5.389821651266420988e-01 3.212725929626288751e-02 8.417042544738451149e-01 6.993522280313575834e+01 1.106506148600552679e-02 9.994561772672175826e-01 -3.106306672598587587e-02 -1.173203018665868624e+00 -8.422445023406210929e-01 -7.428928780349925744e-03 -5.390445456570367444e-01 -1.578617785289832476e+01
-5.417057239496601007e-01 2.592666138212748259e-02 8.401682593530126475e-01 7.077398458167309059e+01 1.238011916951121429e-02 9.996618760577603569e-01 -2.286626738185262853e-02 -1.226338965504546685e+00 -8.404770388702413886e-01 -1.985403849507625437e-03 -5.418435366145784027e-01 -1.634577201315690331e+01
-5.430817021985427928e-01 1.766703916503794755e-02 8.394939711715918573e-01 7.160484495880024269e+01 1.301215030908838173e-02 9.998356502555122427e-01 -1.262364451068998493e-02 -1.264115321090498067e+00 -8.395790375136372719e-01 4.067952351784406839e-03 -5.432223342093934759e-01 -1.686053691587461145e+01
-5.450801250754485627e-01 1.503358072712678711e-02 8.382491490605683548e-01 7.242653165513232238e+01 1.352932881576007600e-02 9.998667499673883352e-01 -9.134525104430919751e-03 -1.289887111452079571e+00 -8.382747914738896133e-01 6.361901266822325186e-03 -5.452108885667372729e-01 -1.739784360583734824e+01
-5.466788243006683867e-01 1.999697433166372842e-02 8.371035606878888258e-01 7.322457073267651140e+01 1.337898241368426673e-02 9.997957778623486336e-01 -1.514613401798608691e-02 -1.328850424770355199e+00 -8.372354969605331210e-01 2.919524029380401488e-03 -5.468347207280027655e-01 -1.788929414458465317e+01
-5.485211974932944212e-01 2.505695768428022746e-02 8.357611094385015704e-01 7.401394974507780944e+01 1.314605933907177053e-02 9.996857655412683119e-01 -2.134364718168050082e-02 -1.386707650209211051e+00 -8.360333058368114578e-01 -7.204768607821581761e-04 -5.486782346602853133e-01 -1.843319844096505378e+01
-5.483976414272559996e-01 3.020499821449637926e-02 8.356719884275319865e-01 7.480761511642786843e+01 1.966668840990935460e-02 9.995368764603310696e-01 -2.322184163596097140e-02 -1.416916168907853990e+00 -8.359863992200247118e-01 3.700098375716831967e-03 -5.487376990352996753e-01 -1.897143725068992026e+01
-5.484936464202930795e-01 3.072917785106807700e-02 8.355898663520412439e-01 7.561040474228256869e+01 2.277319419722080920e-02 9.995027622842896919e-01 -2.180847940002727040e-02 -1.460262136496933705e+00 -8.358445506747880227e-01 7.067238886306309587e-03 -5.489207174038180925e-01 -1.947127189749440035e+01
-5.479238845312238704e-01 2.831002554118830505e-02 8.360490096192014775e-01 7.641257638648838224e+01 2.305442080098279306e-02 9.995586026309742911e-01 -1.873749048640848541e-02 -1.495389792585764654e+00 -8.362104531053347056e-01 9.007908103788002732e-03 -5.483347047889681747e-01 -2.001393481876599267e+01
-5.473386153450362501e-01 2.353945686266815940e-02 8.365801344622325608e-01 7.720965797734274361e+01 2.159677386021567613e-02 9.996687550819330914e-01 -1.399855122240109204e-02 -1.519063608577067903e+00 -8.366325543305798140e-01 1.040548535301202837e-02 -5.476656897143045155e-01 -2.053206190575503953e+01
-5.463659182879009313e-01 1.698483698297620706e-02 8.373743403486231252e-01 7.799055896300841084e+01 1.873100422986775926e-02 9.997920897431251674e-01 -8.057712870185180717e-03 -1.567425183691250501e+00 -8.373371150810068331e-01 1.128240364863321993e-02 -5.465704674407808605e-01 -2.104389792550883342e+01
-5.462292326216624527e-01 1.136223354239826282e-02 8.375586620040171848e-01 7.881819715067844356e+01 1.091748758447856973e-02 9.999196335002792368e-01 -6.444764320981961891e-03 -1.588898544937745516e+00 -8.375645917698499865e-01 5.623718605560166887e-03 -5.463093823112735725e-01 -2.154097415034335583e+01
-5.451862747404618847e-01 5.903530861212936617e-03 8.382941377303019248e-01 7.962825783877832464e+01 2.586046775203922152e-03 9.999822893606375995e-01 -5.360347306650967321e-03 -1.610281838584882941e+00 -8.383109504952146462e-01 -7.545190007503089309e-04 -5.451918871276172363e-01 -2.203127803413770636e+01
-5.435724648678729176e-01 6.655175091098555068e-03 8.393358512826352147e-01 8.039662081655198733e+01 5.387396127375828660e-03 9.999756313022623022e-01 -4.439904908299559423e-03 -1.642047278579396696e+00 -8.393449606401113261e-01 2.108425613685184410e-03 -5.435950739586594693e-01 -2.253351892520720767e+01
-5.399539719883662547e-01 1.063185866390289197e-02 8.416273871614478042e-01 8.116793453012870430e+01 1.156728565572421805e-02 9.999195216648625317e-01 -5.210381609577055539e-03 -1.664451815016275260e+00 -8.416150650091149821e-01 6.921979154179392323e-03 -5.400335003210252616e-01 -2.304571013577745831e+01
-5.342189538356303391e-01 1.338748195970117759e-02 8.452401266471761820e-01 8.195732406678328630e+01 1.254584587608749066e-02 9.998900301340020169e-01 -7.907551384152179327e-03 -1.682117888301021491e+00 -8.452530525453553212e-01 6.379889522070843720e-03 -5.343281643226756028e-01 -2.353189641883352934e+01
-5.272075356799559298e-01 1.504856591479895346e-02 8.496032849918663254e-01 8.275791181896518367e+01 1.712234249515008286e-02 9.998283033836504741e-01 -7.084427430044177264e-03 -1.719352942844493137e+00 -8.495640361741896296e-01 1.081223593907299808e-02 -5.273746838245665369e-01 -2.403240812470156484e+01
-5.190820282472947689e-01 1.793188651729877431e-02 8.545362965615778128e-01 8.355588092522444299e+01 2.422074121377879030e-02 9.996870033562264002e-01 -6.265059968398851466e-03 -1.758675799740927248e+00 -8.543811887204677546e-01 1.744542355938379780e-02 -5.193538820998251371e-01 -2.453211201762552207e+01
-5.092203091315735675e-01 1.724310596595698963e-02 8.604634441044402005e-01 8.434198042472746693e+01 2.300262963710659331e-02 9.997147861067382513e-01 -6.420703376280276729e-03 -1.778349654805201796e+00 -8.603287557537919739e-01 1.652337045743971708e-02 -5.094717104156681886e-01 -2.498749331741906232e+01
-4.977822420237658085e-01 1.510982903702841849e-02 8.671704094206889035e-01 8.518969831024391226e+01 1.979946569578256224e-02 9.997856357285944684e-01 -6.055057081046956446e-03 -1.789457206857296701e+00 -8.670760249694869914e-01 1.415541196366015657e-02 -4.979747030576445743e-01 -2.545000842815186459e+01
-4.858279888725189899e-01 1.244776648977843382e-02 8.739657913920161336e-01 8.598093909653891842e+01 2.163873126633325886e-02 9.997634109439854644e-01 -2.210748958101930051e-03 -1.817528031104795883e+00 -8.737865546811125483e-01 1.783746829566106723e-02 -4.859824023904716350e-01 -2.589628585329765187e+01
-4.745814021591517329e-01 1.099874654225504837e-02 8.801428897095046056e-01 8.678064840462576512e+01 2.028807464777206485e-02 9.997929674305474634e-01 -1.554435452672982059e-03 -1.843188856010185006e+00 -8.799777835576527707e-01 1.711869960937092983e-02 -4.747062929807561171e-01 -2.629812044323020714e+01
-4.637797970717854046e-01 9.239156892380058841e-03 8.859023217304332620e-01 8.759191266065946024e+01 1.947005069838101537e-02 9.998104131210618917e-01 -2.343236955768142045e-04 -1.855272057070115554e+00 -8.857365465779242220e-01 1.713988964647575330e-02 -4.638717586064264875e-01 -2.671281759405697898e+01
-4.516525765311935059e-01 1.179258790278886818e-02 8.921159513446339506e-01 8.842232807143587081e+01 2.375478683950173892e-02 9.997171086714360388e-01 -1.188567486739476814e-03 -1.884476347114093286e+00 -8.918776112239918952e-01 2.065520585201646026e-02 -4.518049396006085239e-01 -2.711650292966382381e+01
