7.775645636100682045e-01 -6.284474850185917116e-01 2.114492827352317667e-02 -6.595201327536037184e+01 6.274890709346349071e-01 7.776736466373412870e-01 3.848590889364424811e-02 2.571148580424110008e+01 -4.063022613122107413e-02 -1.665706755669078831e-02 9.990353981841366693e-01 -8.947595303042141790e-01 -4.809208017785018303e-24 -1.416202385148814181e-23 -3.430527606006730092e-24 9.999999999999997780e-01
7.495483584363688001e-01 -6.613752107087308429e-01 2.756971210093285204e-02 -6.555837078178974764e+01 6.606305057917782886e-01 7.500336476594600121e-01 3.188827677919749831e-02 2.609204306950148933e+01 -4.176832750596375793e-02 -5.688412663439114739e-03 9.991111293438403873e-01 -9.018189849684792314e-01 -4.809208017785018303e-24 -1.416202385148814181e-23 -3.430527606006730092e-24 9.999999999999997780e-01
7.210373184262092172e-01 -6.928041584981583512e-01 1.129528239587131166e-02 -6.520317742437380559e+01 6.924631667929572743e-01 7.210671748396380032e-01 2.359855935973435848e-02 2.648618889135752852e+01 -2.449383742519627497e-02 -9.193874941798864039e-03 9.996577037124969589e-01 -9.100070096144282639e-01 -8.928342555227183377e-19 -8.401538697907735263e-19 -1.229976097343146130e-19 9.999999999999997780e-01
6.909030489029708288e-01 -7.228027482309904439e-01 -1.446250899084864684e-02 -6.486885269327521542e+01 7.229421618019097329e-01 6.908360822995917028e-01 1.000690172510538926e-02 2.689633196070196419e+01 2.758206983276996743e-03 -1.736935642687153017e-02 9.998453369154426396e-01 -9.180801565666651953e-01 -3.685962292692172865e-18 5.646912832430393948e-19 -1.855584043020237767e-19 1.000000000000000000e+00
6.561762630893867021e-01 -7.540538261801572606e-01 -2.890569115449148282e-02 -6.453034112003692258e+01 7.541055952804284201e-01 6.566555081519290793e-01 -1.132672858703879203e-02 2.731659348290783740e+01 2.752204434269626965e-02 -1.436561299777938151e-02 9.995179669412647128e-01 -9.380622877337829735e-01 -7.711247531943315512e-18 2.015186008445470289e-18 -1.440977623803579453e-19 1.000000000000000222e+00
6.188819550353843457e-01 -7.849676757054989684e-01 -2.847584641578240414e-02 -6.419322283536673979e+01 7.842476301247172099e-01 6.195348851436075499e-01 -3.364789345357564049e-02 2.776735064115723617e+01 4.405428895520853427e-02 -1.508040984001864787e-03 9.990280003268400266e-01 -9.503532436946010575e-01 -9.999487683957018799e-18 4.267625775259979141e-18 -4.502681107798428913e-20 1.000000000000000222e+00
5.861829472697194232e-01 -8.098967438099385907e-01 -2.137327060268562340e-02 -6.386921650137981743e+01 8.089720204497804490e-01 5.865454671554634070e-01 -3.909840263720117115e-02 2.825632700366461236e+01 4.420206397433176781e-02 5.628438988337990806e-03 9.990067558405036907e-01 -9.499428457320421293e-01 -1.204830351885586939e-17 4.961446211506614418e-18 5.024980929274827610e-20 1.000000000000000000e+00
5.574210205767647919e-01 -8.300911323418194154e-01 -1.518281352878925183e-02 -6.356625598071087779e+01 8.297608448107243184e-01 5.576275675471871196e-01 -2.341871752256015002e-02 2.876392175454774502e+01 2.790602512287682427e-02 4.559812417724851130e-04 9.996104470457247704e-01 -9.229259895150426773e-01 -1.208890519978771358e-17 6.412850167618226452e-18 9.438547000929798685e-20 9.999999999999997780e-01
5.285396540010259825e-01 -8.488683388855641221e-01 -8.269061987894208571e-03 -6.328096647930814811e+01 8.488272340162970053e-01 5.285987868157328018e-01 -8.697664581913837345e-03 2.928136452089129804e+01 1.175418822073850261e-02 -2.421944386351625698e-03 9.999279840291835919e-01 -8.872036272651971922e-01 -1.187100614161156537e-17 7.255982892192306905e-18 1.582004914075044313e-19 9.999999999999993339e-01
4.987479460404946052e-01 -8.667217867352554617e-01 -6.620477238028024854e-03 -6.301012737317088863e+01 8.667069465119114913e-01 4.987838050092147646e-01 -5.812463206680854207e-03 2.979939497962171657e+01 8.339975323588561668e-03 -2.839059525654538674e-03 9.999611915232607950e-01 -8.788998572961999045e-01 -1.084224230879956773e-17 8.664195244954683021e-18 2.308265497361991035e-19 9.999999999999990008e-01
4.712087623397359093e-01 -8.820093081727312656e-01 -4.677883169061426184e-03 -6.274828603366354685e+01 8.818830949127584029e-01 4.712221052101998042e-01 -1.522939487840357757e-02 3.032137293874369988e+01 1.563678999544325376e-02 3.050878225063780903e-03 9.998730834164420989e-01 -8.743414224020643610e-01 -8.331089087798010369e-18 1.188622614548728906e-17 2.956632411666972971e-19 9.999999999999985567e-01
4.458486556555376068e-01 -8.950895051008082026e-01 -5.809828618249271610e-03 -6.250186066213425562e+01 8.948298029011421129e-01 4.458624346452204623e-01 -2.205251033644620162e-02 3.085798292014487387e+01 2.232935489588493486e-02 4.633274289977292772e-03 9.997399325221029143e-01 -8.691547714547088743e-01 -5.924231281759262893e-18 1.663195602353343612e-17 3.145682438618418477e-19 9.999999999999982236e-01
4.226179282133031845e-01 -9.062873317269223294e-01 -6.112209422858153399e-03 -6.226087292723686062e+01 9.060339143084703561e-01 4.226463692779198200e-01 -2.173919637572000949e-02 3.141596602283156514e+01 2.228526139807712053e-02 3.649505104864044468e-03 9.997449916038205764e-01 -8.633203444079539102e-01 -4.350034724913976258e-18 2.024456035032580832e-17 3.115501481535535546e-19 9.999999999999978906e-01
4.029798606573603559e-01 -9.151932448063770931e-01 -5.343834334307171786e-03 -6.202860638765110224e+01 9.150837903696994458e-01 4.030144498949708165e-01 -1.417779173481184020e-02 3.199000728883594391e+01 1.512906167654345588e-02 8.233083599787589585e-04 9.998852102397297603e-01 -8.564859215771858381e-01 -2.423451135459517553e-18 2.342919113198067098e-17 3.146004195616653538e-19 9.999999999999973355e-01
3.858339264395093116e-01 -9.225649737904801917e-01 -2.459744558211896664e-03 -6.180125567015108601e+01 9.225495325060957263e-01 3.858417107888120201e-01 -5.341749558322630119e-03 3.257744629795318048e+01 5.877183089714875519e-03 -2.082079861174398420e-04 9.999827075346772176e-01 -8.498474013660782811e-01 -6.650054418360431727e-19 2.841408037835624166e-17 3.441654317872390836e-19 9.999999999999966693e-01
3.695277597155193772e-01 -9.292189172783525963e-01 1.199404740461830791e-03 -6.157637294556104024e+01 9.292182729170990196e-01 3.695291431268696303e-01 1.270297949609589623e-03 3.316185894748213059e+01 -1.623599891360234197e-03 6.450984459717397715e-04 9.999984738845399956e-01 -8.469035565271295640e-01 2.109861785303196088e-18 3.167375533038531376e-17 3.918903311421944364e-19 9.999999999999957812e-01
3.554437647592847971e-01 -9.346965468996925042e-01 1.447517737165601292e-03 -6.136445612563395713e+01 9.346911974183291782e-01 3.554466402971870331e-01 3.170389585909087326e-03 3.375766184766569467e+01 -3.477867514719660061e-03 2.260868768683888430e-04 9.999939266427060325e-01 -8.488301107371354348e-01 3.860065045013803902e-18 3.606104319739808332e-17 4.593663347324690257e-19 9.999999999999952260e-01
3.425574973179461580e-01 -9.394968657620406116e-01 -1.595731730230042815e-05 -6.115982694688226218e+01 9.394950077893843288e-01 3.425567859881880617e-01 1.994670965386083610e-03 3.435953580062121659e+01 -1.868520832876010814e-03 -6.982813138165232551e-04 9.999980105145857001e-01 -8.529085506359714852e-01 5.878620023834384470e-18 4.151415397730379219e-17 5.312359451086758991e-19 9.999999999999946709e-01
3.303127046540415002e-01 -9.438599562413269028e-01 -4.679759430548903303e-03 -6.096170232281495061e+01 9.438714981705605966e-01 3.303068653183190984e-01 1.992401776478817423e-03 3.497323154557999914e+01 -3.347915856108896692e-04 -5.075207164333942270e-03 9.999870650097733016e-01 -8.568513288731320898e-01 7.978273421031048250e-18 4.589890218063014127e-17 6.087322099225921600e-19 9.999999999999943379e-01
3.198981113818762378e-01 -9.474212369322698724e-01 -7.628770813144132752e-03 -6.076719374530907203e+01 9.474519289263360067e-01 3.198894486859781283e-01 2.362835825215709330e-03 3.559731046517388364e+01 2.017624493781159062e-04 -7.983760340239726486e-03 9.999681089228658060e-01 -8.621452152288618942e-01 1.034588037891906706e-17 5.159655163485887167e-17 7.053006143811297750e-19 9.999999999999940048e-01
3.117575677971334835e-01 -9.501113117575959999e-01 -9.783362998800018695e-03 -6.057069342926032363e+01 9.501615554133949759e-01 3.117462818293840199e-01 2.697105845403724878e-03 3.623015983834796572e+01 4.873762659413711693e-04 -1.013661856256539359e-02 9.999485043883624691e-01 -8.652193551472923128e-01 1.202161483944450625e-17 5.680001369989451697e-17 8.357673517703254418e-19 9.999999999999935607e-01
3.057561504304572852e-01 -9.520413174195243577e-01 -1.142393978199358895e-02 -6.037401251992032769e+01 9.521083385151114520e-01 3.057550703192369879e-01 1.883800429928567718e-03 3.686966303391506017e+01 1.699471668305751809e-03 -1.145281189276182998e-02 9.999329702014174703e-01 -8.642339172378121770e-01 1.335742338215000590e-17 6.127618252570589919e-17 9.705085785191288842e-19 9.999999999999928946e-01
3.011056487113272229e-01 -9.535026482609704201e-01 -1.296487846274285531e-02 -6.017689587472874280e+01 9.535885260045853240e-01 3.011067085845661739e-01 1.916537961478261432e-03 3.751722285937270840e+01 2.076387859357838647e-03 -1.294023974928312087e-02 9.999141157163049520e-01 -8.650720015377061367e-01 1.448666662422702690e-17 7.016984223626969167e-17 1.168432452873823156e-18 9.999999999999924505e-01
2.978558558479467711e-01 -9.545206152662871757e-01 -1.312570641413217908e-02 -5.997763409273733259e+01 9.546078171471982232e-01 2.978614521852684938e-01 1.571859894950034323e-03 3.817227408361473096e+01 2.409269299435691427e-03 -1.299808962278957251e-02 9.999126187260731768e-01 -8.699741991751167580e-01 1.574269268200324247e-17 7.976954584691190531e-17 1.393690026217927209e-18 9.999999999999917843e-01
2.956195743374307461e-01 -9.552289755928583537e-01 -1.211079916836622916e-02 -5.977390716622110034e+01 9.552973482137235850e-01 2.956463742146600571e-01 -4.448702469647568465e-04 3.883032228244136519e+01 4.005466813254330259e-03 -1.143790197724234813e-02 9.999265626204759672e-01 -8.739467411690934329e-01 1.674036287607662809e-17 8.632591630188353975e-17 1.612492436787760892e-18 9.999999999999908962e-01
2.948203481229784706e-01 -9.554860085520834323e-01 -1.128936641197039736e-02 -5.956842715156133039e+01 9.555398844764605437e-01 2.948570061048882418e-01 -1.695619520130118435e-03 3.949904398433903197e+01 4.948889508372087201e-03 -1.028753673989370870e-02 9.999348354170357611e-01 -8.732385293051901920e-01 1.794066051489108427e-17 9.032124147233937845e-17 1.786481878925592843e-18 9.999999999999901190e-01
2.944453694498451735e-01 -9.556042152394221834e-01 -1.106834343210639365e-02 -5.936176018686547451e+01 9.556576766458710903e-01 2.944769863997817039e-01 -1.307497112794848244e-03 4.018000847667578768e+01 4.508822170730333520e-03 -1.019256089820949965e-02 9.999378891836262495e-01 -8.725401348687631398e-01 1.882388559103128882e-17 9.537937918722340525e-17 1.982433741031287480e-18 9.999999999999896749e-01
2.933867516936812248e-01 -9.559132923821760386e-01 -1.240932624462959266e-02 -5.915580933678619147e+01 9.559892640525959884e-01 2.934007743955421854e-01 7.159610686395358799e-04 4.086712986981450513e+01 2.956509227566868521e-03 -1.207323615625446531e-02 9.999227450268051154e-01 -8.725450217106035522e-01 1.938998369921271805e-17 1.008300870208808550e-16 2.197114900336854786e-18 9.999999999999891198e-01
2.929125377221969972e-01 -9.560778241540377476e-01 -1.083694634942786172e-02 -5.894689055341914496e+01 9.561389060584213340e-01 2.928841559074651379e-01 4.154941606486532539e-03 4.156460676619875017e+01 -7.984776464431452350e-04 -1.157866051759380045e-02 9.999326462587904141e-01 -8.738337544237965160e-01 1.956498562498114416e-17 1.057463053545900111e-16 2.432298307986541486e-18 9.999999999999883427e-01
2.924053368682561493e-01 -9.562702214717586635e-01 -6.810469696125875244e-03 -5.872920522861702608e+01 9.562904786352331987e-01 2.923761164597574735e-01 4.972624606763945652e-03 4.226938476555058344e+01 -2.763954152978801392e-03 -7.966809298693026953e-03 9.999644446214484006e-01 -8.784360571069806944e-01 1.927369320908685386e-17 1.088165320148059794e-16 2.667270380738037553e-18 9.999999999999875655e-01
2.918189188380916343e-01 -9.564711824097351656e-01 -2.143788251322358094e-03 -5.850825725323820592e+01 9.564728324001827708e-01 2.918151447434516599e-01 1.908449291642017823e-03 4.297040495906244928e+01 -1.199786871680093769e-03 -2.607396829746171617e-03 9.999958809881569488e-01 -8.847226708031699083e-01 1.905041860169277667e-17 1.121545873184900778e-16 2.890899263850707821e-18 9.999999999999867883e-01
2.914894786329785270e-01 -9.565740163600779944e-01 -1.872730856264203769e-04 -5.828657320506527384e+01 9.565699908801804652e-01 2.914888100629933754e-01 -2.850641246425283503e-03 4.368005394127298047e+01 2.781437355187179033e-03 6.517921168872830521e-04 9.999959193783359845e-01 -8.852447020191464011e-01 1.766976092076809906e-17 1.155159240895261486e-16 3.101778044302496120e-18 9.999999999999860112e-01
2.912299489962922872e-01 -9.566459658785694264e-01 -3.689549575535846712e-03 -5.806986878601004776e+01 9.566327844969192418e-01 2.912467268521632402e-01 -5.390707145924385213e-03 4.440548601004773133e+01 6.231567481821404311e-03 -1.959608716815951484e-03 9.999786635226004528e-01 -8.846218485436705414e-01 1.617027037210387108e-17 1.167582075030891796e-16 3.313866234589404669e-18 9.999999999999852340e-01
2.909045157213709376e-01 -9.567000704554673440e-01 -9.976869429969285191e-03 -5.785280100658122393e+01 9.567036400544899344e-01 2.909789110763700282e-01 -7.029823273480794582e-03 4.514262814969512760e+01 9.628491023718935976e-03 -7.499899965014596853e-03 9.999255190568806517e-01 -8.863440311981456432e-01 1.434207289364286944e-17 1.203947994195021765e-16 3.543352287839005776e-18 9.999999999999843459e-01
2.903522233756212767e-01 -9.568790558795736700e-01 -8.835089137186511246e-03 -5.762671261987825488e+01 9.568696841472863479e-01 2.904191613371931435e-01 -7.557664191261737746e-03 4.588053192510930955e+01 9.797649753557348754e-03 -6.259644350646471032e-03 9.999324091717207708e-01 -8.867168162540518539e-01 1.387204161538273297e-17 1.226534996665479699e-16 3.771781089768797511e-18 9.999999999999833467e-01
2.897104831171514183e-01 -9.571042213549709743e-01 -4.398344773109261717e-03 -5.739214072028746472e+01 9.570779482772776570e-01 2.897364789740877189e-01 -7.387399610529532534e-03 4.662422069094927224e+01 8.344872279955610483e-03 -2.069351681109520436e-03 9.999630397621218636e-01 -8.892388330303362398e-01 1.242595426825627163e-17 1.257806449386410942e-16 4.030424409119774113e-18 9.999999999999823475e-01
2.901312388199862591e-01 -9.569759305335556743e-01 -4.575220262063229258e-03 -5.716106943735190526e+01 9.569744918053103566e-01 2.901484847866585004e-01 -3.698487518307699579e-03 4.738824031308726603e+01 4.866856761009893256e-03 -3.305322319729720425e-03 9.999826941250946621e-01 -8.849950810219793240e-01 1.118172688421207359e-17 1.304992653999974289e-16 4.280793634992171954e-18 9.999999999999812372e-01
2.911627649697551279e-01 -9.566534883824128199e-01 -6.192532694231593811e-03 -5.693242088060839734e+01 9.566735099023093714e-01 2.911553098628738567e-01 2.093081412126788967e-03 4.815930572454662695e+01 -1.993648589454875960e-04 -6.533659359027538423e-03 9.999786355463231580e-01 -8.833453003562125039e-01 1.015716133444539151e-17 1.362302547203921721e-16 4.529330198618786498e-18 9.999999999999801270e-01
2.911310657332579765e-01 -9.566475683690395249e-01 -8.254241265754951734e-03 -5.669573042729944490e+01 9.566710452275636323e-01 2.910730849873142678e-01 7.547875139097630012e-03 4.894476935183722333e+01 -4.818068928707722708e-03 -1.009401455252726884e-02 9.999374465845677351e-01 -8.916861637628155091e-01 9.123687779065259235e-18 1.442683679988642704e-16 4.797411906620451470e-18 9.999999999999787947e-01
2.908266973246907972e-01 -9.567680969916663170e-01 -3.826317083101669295e-03 -5.645175296762091222e+01 9.567441525808448866e-01 2.907822673148940384e-01 9.289753361362406564e-03 4.972515419745923992e+01 -7.775514488172093758e-03 -6.362514784212569552e-03 9.999495286163796459e-01 -9.061047437088149969e-01 7.186942012710830419e-18 1.509260945006068285e-16 5.081859489016234738e-18 9.999999999999775735e-01
2.903134036319716116e-01 -9.569291494408851406e-01 2.174999364671319560e-03 -5.620556711759976309e+01 9.568968001374984489e-01 2.903214794234299512e-01 7.870989261125112962e-03 5.050760868263360948e+01 -8.163428092193000113e-03 -2.038037499807622403e-04 9.999666578970879405e-01 -9.170934410050342045e-01 4.905094123733509411e-18 1.577017119072420184e-16 5.325946270839796577e-18 9.999999999999763522e-01
2.894981141806101665e-01 -9.571778151900230958e-01 1.213257683448306984e-03 -5.596748247671101950e+01 9.571590705351021855e-01 2.895000734118125529e-01 6.018404013733704913e-03 5.129952987785836171e+01 -6.111920993212053253e-03 -5.810360157317863688e-04 9.999811532318897411e-01 -9.193153461858696307e-01 7.717061024067430652e-19 1.645474982406712794e-16 5.511392129682287749e-18 9.999999999999747979e-01
2.900601737917096190e-01 -9.569844124815659603e-01 -6.777156300981638376e-03 -5.573824395660030007e+01 9.570033187100234207e-01 2.900282596567242410e-01 5.315691716750896474e-03 5.210903799789176105e+01 -3.121467267081904935e-03 -8.027631534628475521e-03 9.999629060990741225e-01 -9.297877831057890230e-01 -3.674641669591810559e-18 1.676354455773426251e-16 5.702736076662382386e-18 9.999999999999731326e-01
2.893564175412829953e-01 -9.571784968061396448e-01 -9.065808288110412116e-03 -5.549537233612394260e+01 9.572204915602124942e-01 2.893564094167748735e-01 1.341218322020648352e-03 5.290994915206870530e+01 1.339464397358246413e-03 -9.066067594725231438e-03 9.999580052450001144e-01 -9.385049696965558352e-01 -8.158546528388536892e-18 1.707157824009280794e-16 5.932008505015195716e-18 9.999999999999719114e-01
2.884766724827870776e-01 -9.574518115344082814e-01 -8.199879453551422309e-03 -5.524574870355021972e+01 9.574709038756852308e-01 2.885108068751247035e-01 -3.313992708102246956e-03 5.371239850933101678e+01 5.538742159216751906e-03 -6.895136402986859654e-03 9.999608889498345921e-01 -9.417952833845284477e-01 -1.301913980881039917e-17 1.748177322027368857e-16 6.178831299111001313e-18 9.999999999999705791e-01
2.886378007964144898e-01 -9.573836386581456859e-01 -1.023661962877658350e-02 -5.500496520686248658e+01 9.574128355513898958e-01 2.886916822590814835e-01 -4.216030810107808911e-03 5.452493532138532117e+01 6.991585858963395017e-03 -8.583765164117476698e-03 9.999387164735904499e-01 -9.388682928770540892e-01 -1.724309216029354497e-17 1.776614660114487274e-16 6.441822203038870145e-18 9.999999999999692468e-01
2.888875242175719116e-01 -9.572338787779788305e-01 -1.572576457425698890e-02 -5.476731346529689404e+01 9.573487688564245035e-01 2.889339432723904699e-01 -7.149783744093012082e-04 5.535529602579202191e+01 5.228108692002590187e-03 -1.484849302202776063e-02 9.998760868900448129e-01 -9.367937547582678715e-01 -2.042339119688780131e-17 1.795685085209252942e-16 6.689392923382763923e-18 9.999999999999676925e-01
2.889475662680401347e-01 -9.572593979149552901e-01 -1.279644683583541949e-02 -5.451965399766466192e+01 9.573448987535519983e-01 2.889186612182654268e-01 4.092924420691810769e-03 5.618064513036792818e+01 -2.208580784903633977e-04 -1.343325365072376917e-02 9.999097453861197637e-01 -9.359285199139411038e-01 -2.438948235564152465e-17 1.813261338894989686e-16 6.942779001046863868e-18 9.999999999999656941e-01
2.880404636903338145e-01 -9.575973794292331753e-01 -6.320616084110300577e-03 -5.426365217354089765e+01 9.576029639144265637e-01 2.879923152752366100e-01 7.549161849368935841e-03 5.700834094927025575e+01 -5.408768743801159115e-03 -8.227104775460816061e-03 9.999515288091523901e-01 -9.414402505517505126e-01 -2.881858569344224505e-17 1.797277451364694858e-16 7.142494885059451352e-18 9.999999999999633626e-01
2.876339061888339987e-01 -9.576944114649803552e-01 -9.388836971049634161e-03 -5.401504010170889103e+01 9.577087964097005246e-01 2.875309054440775003e-01 1.094713176594873730e-02 5.784985880994564411e+01 -7.784426118452948511e-03 -1.214053802662036670e-02 9.998959996152110286e-01 -9.525134570730834360e-01 -3.261521147784985059e-17 1.762598276295796088e-16 7.307068963988991100e-18 9.999999999999609201e-01
2.881570268457073203e-01 -9.575243450032872028e-01 -1.061398162093334617e-02 -5.376914521997574070e+01 9.575560055480378807e-01 2.880476624769895411e-01 1.072568787221065550e-02 5.868013702644948637e+01 -7.212774659050147710e-03 -1.325416417201819366e-02 9.998861450254674654e-01 -9.665339611574539358e-01 -3.672051496469764404e-17 1.742511310984324465e-16 7.469706281246997743e-18 9.999999999999584777e-01
2.863001854694708914e-01 -9.581192262446766028e-01 -6.304926711751323437e-03 -5.351305219102283672e+01 9.581364926899988976e-01 2.862752167259666747e-01 4.578390995382567927e-03 5.950878131655105108e+01 -2.581700177080772495e-03 -7.351774557379867243e-03 9.999696426567777907e-01 -9.650981721466892482e-01 -4.157341874398678209e-17 1.726911408939337202e-16 7.635214677180734538e-18 9.999999999999559241e-01
2.858545359695190968e-01 -9.582574287470285723e-01 -5.466673319938426465e-03 -5.326044310941848181e+01 9.582704185405290787e-01 2.858624052201025334e-01 -7.001655732407112897e-04 6.034582614197374539e+01 2.233655245712622747e-03 -5.038405825266444732e-03 9.999848125101964413e-01 -9.688905423957304697e-01 -4.714448460973472698e-17 1.743465111519214661e-16 7.828645579522632150e-18 9.999999999999532596e-01
2.858244068970399732e-01 -9.582486113125747718e-01 -8.000458730026777099e-03 -5.301196445748407626e+01 9.582744586319386082e-01 2.858453347781800269e-01 -1.583199009326725134e-03 6.119598352077311887e+01 3.803992056194195094e-03 -7.214118340468431492e-03 9.999667425175073898e-01 -9.759355963805264045e-01 -5.226955840144867696e-17 1.757193074285669688e-16 8.037738791538235895e-18 9.999999999999504841e-01
2.851763851842127884e-01 -9.584537449436277834e-01 -6.391254745820909230e-03 -5.276179078212100393e+01 9.584748384425870738e-01 2.851744540202523215e-01 1.230791042450067726e-03 6.204025265573218917e+01 6.429662987774299038e-04 -6.476849400333859613e-03 9.999788182837932027e-01 -9.792241632018743314e-01 -5.683635210218202447e-17 1.773965219971221944e-16 8.256459926429504065e-18 9.999999999999477085e-01
2.844810347238496129e-01 -9.586794704018537505e-01 -2.052781748212123385e-03 -5.250677545330950835e+01 9.586752291623064082e-01 2.844706239106977175e-01 4.274239386743838333e-03 6.288962553229274022e+01 -3.513669446974131833e-03 -3.183891056268933848e-03 9.999887584192262979e-01 -9.816195981700862605e-01 -6.115816225759148941e-17 1.778517891833431557e-16 8.460898781193707621e-18 9.999999999999448219e-01
2.836589222855232517e-01 -9.589252139454425006e-01 2.233113324956652410e-04 -5.225377372399772469e+01 9.589042027305980653e-01 2.836542341454975080e-01 6.557853063319673929e-03 6.374426102311279152e+01 -6.351833856747032998e-03 -1.646059357182739829e-03 9.999784721159319378e-01 -9.837016109821455911e-01 -6.686073438009619595e-17 1.783935292015454675e-16 8.635094991466982997e-18 9.999999999999418243e-01
2.834547003104396223e-01 -9.589708686936242454e-01 -5.320326059038741999e-03 -5.201127773973411905e+01 9.589793875587449001e-01 2.834284810116076136e-01 5.179805862716603017e-03 6.459648771331396233e+01 -3.459350994418716133e-03 -6.570323344175807087e-03 9.999724314909456124e-01 -9.834392092611580205e-01 -7.300150681908573904e-17 1.782885196385305514e-16 8.798730365277031683e-18 9.999999999999390488e-01
2.835904493425134287e-01 -9.589361998464970283e-01 -4.221571525156085636e-03 -5.175960193587916081e+01 9.589449403921916915e-01 2.835922608933815758e-01 1.756629126028477425e-04 6.544410925470404550e+01 1.028755487490637822e-03 -4.098070978853605474e-03 9.999910736983916859e-01 -9.910230403770040608e-01 -7.940267599700830647e-17 1.788819364882021031e-16 8.985166876280954834e-18 9.999999999999362732e-01
2.830642446134653545e-01 -9.590965537698069587e-01 -2.904129606491695926e-03 -5.150660595424616872e+01 9.590909823002676804e-01 2.830738102121263533e-01 -3.702113201104725686e-03 6.629770545557191497e+01 4.372767045917562781e-03 -1.737388640256670030e-03 9.999889301332973712e-01 -1.000027285855309422e+00 -8.642588259073730375e-17 1.812478761873649367e-16 9.200265153935456285e-18 9.999999999999336087e-01
2.836714120149940177e-01 -9.589092980926769982e-01 -4.846445844547337019e-03 -5.126059166476618145e+01 9.589197684496991725e-01 2.836769928031225296e-01 -4.913556798654229252e-04 6.715525223803948052e+01 1.845990713072464618e-03 -4.507969167531657509e-03 9.999881351957791153e-01 -1.005086777811125653e+00 -9.314082989240989326e-17 1.824667773523204790e-16 9.425145833191190704e-18 9.999999999999309441e-01
2.839418266275232638e-01 -9.588289017311545370e-01 -4.916939796297739064e-03 -5.101140509264637046e+01 9.588328925379454581e-01 2.839138022750303247e-01 5.695354677105771320e-03 6.801837146786020583e+01 -4.064883596877459822e-03 -6.331673017610331931e-03 9.999716929184547798e-01 -9.959893608958380051e-01 -1.007907302089148950e-16 1.823524535310397705e-16 9.640227977898993180e-18 9.999999999999281686e-01
2.832220577988431298e-01 -9.590475786615791920e-01 -3.606638333650586444e-03 -5.075668027204127952e+01 9.590212030509666086e-01 2.831789926329200124e-01 9.380310758335192595e-03 6.887655523097836863e+01 -7.974840109741527031e-03 -6.115553549456796169e-03 9.999494996898915522e-01 -9.899818767009886944e-01 -1.076973085955487717e-16 1.791531034980090536e-16 9.810637441904223274e-18 9.999999999999250599e-01
2.833611593064834233e-01 -9.590040186762716079e-01 -4.212547896270468946e-03 -5.050833558215244068e+01 9.589725835160949341e-01 2.833059418157418685e-01 1.045597418694719540e-02 6.972384952947190584e+01 -8.833881415241362153e-03 -7.002534906544797058e-03 9.999364615034687098e-01 -9.950967068527025727e-01 -1.141031092746771345e-16 1.734042778261719321e-16 9.962713784292420634e-18 9.999999999999219513e-01
2.836911011662504034e-01 -9.589022029960774240e-01 -5.091582160232633464e-03 -5.025645806179503694e+01 9.588615210250550636e-01 2.836146143667278019e-01 1.213812238199475819e-02 7.059004077558272172e+01 -1.019522518141907641e-02 -8.325599519204347418e-03 9.999133671354716313e-01 -1.013199750065229443e+00 -1.212121274203655398e-16 1.706853873584809282e-16 1.009362615332140277e-17 9.999999999999188427e-01
2.837006000880998857e-01 -9.588825414733830321e-01 -7.631590119754155972e-03 -5.001198810940741168e+01 9.588628400727368106e-01 2.835954731702179932e-01 1.247643878794845070e-02 7.144481819346968621e+01 -9.799154922450483210e-03 -1.085722134758335122e-02 9.998930429338244164e-01 -1.025952156392120784e+00 -1.292445830146698585e-16 1.672409361963778317e-16 1.019497918477935135e-17 9.999999999999154010e-01
2.838822884887501896e-01 -9.588064958250195335e-01 -1.004738009177814743e-02 -4.976501374838816361e+01 9.588407167700435663e-01 2.837962978275456738e-01 9.172851416317217774e-03 7.229364285607637441e+01 -5.943580250268446982e-03 -1.223784718087553985e-02 9.999074501923816971e-01 -1.035289596152621616e+00 -1.372539907392748671e-16 1.619922124411572789e-16 1.027559400617549060e-17 9.999999999999118483e-01
2.837810085441451746e-01 -9.588374290284819024e-01 -9.956097845270836522e-03 -4.951233759369559806e+01 9.588866228881964826e-01 2.837886560825148563e-01 6.656761688268998623e-04 7.313297910535311530e+01 2.187152401070596806e-03 -9.735675294533232063e-03 9.999502152562277368e-01 -1.030855156212040935e+00 -1.459005418985519012e-16 1.582570232993367814e-16 1.041666910249054592e-17 9.999999999999086286e-01
2.834622687273393171e-01 -9.589349826956714562e-01 -9.635412342046701176e-03 -4.926018298545781704e+01 9.589419969736634464e-01 2.835290784297970212e-01 -6.442679932957393399e-03 7.397612576968018061e+01 8.910030751672190844e-03 -7.413544882451066423e-03 9.999328230957921226e-01 -1.029684947205135925e+00 -1.550089944929837498e-16 1.568128449129259608e-16 1.064402424590543196e-17 9.999999999999055200e-01
2.836301356823957565e-01 -9.588807681186293230e-01 -1.008060839563596801e-02 -4.900857025323637117e+01 9.588963569644863849e-01 2.836962432610467544e-01 -5.849629014379470124e-03 7.482954239385139772e+01 8.468927494161913871e-03 -8.007127595505014392e-03 9.999320792807908642e-01 -1.024747014617791052e+00 -1.634954989211629383e-16 1.549153079816979365e-16 1.092936646732568634e-17 9.999999999999025224e-01
2.838501418908460083e-01 -9.588291293739190646e-01 -8.706182471391236619e-03 -4.875668131300541575e+01 9.588658082257570658e-01 2.838597224172557665e-01 1.407286699255944757e-04 7.568733696218377816e+01 2.336399791599971191e-03 -8.388006544900541289e-03 9.999620905725633557e-01 -1.017628658683669585e+00 -1.716380806448701143e-16 1.548935809804899459e-16 1.120187386885520642e-17 9.999999999998997469e-01
2.835938731092739751e-01 -9.589130668124845602e-01 -7.761793078670600754e-03 -4.850503405719111782e+01 9.589322260617009208e-01 2.835400411630247253e-01 7.350569869738254880e-03 7.654889717510674529e+01 -4.847778367562234625e-03 -9.527610094060168233e-03 9.999428602129353250e-01 -1.013285980191095836e+00 -1.801134790897136766e-16 1.566972558394784743e-16 1.141472658538199028e-17 9.999999999998968603e-01
2.834491003464432168e-01 -9.589580509811328479e-01 -7.487587856709111180e-03 -4.825596001899513254e+01 9.589448796101932571e-01 2.833545052824447130e-01 1.161646268517134255e-02 7.740086766328484202e+01 -9.018058662945426657e-03 -1.047285993312239809e-02 9.999044923505446825e-01 -1.018474946502988754e+00 -1.892728517915965184e-16 1.605405867078502195e-16 1.156037081545639051e-17 9.999999999998940847e-01
2.832903195734670643e-01 -9.590054585442809865e-01 -7.424642678492624458e-03 -4.800448341290822185e+01 9.589905546074954934e-01 2.831950799233105553e-01 1.173298259670610411e-02 7.825319252748755616e+01 -9.149372078483125614e-03 -1.044400258936056466e-02 9.999036012538945473e-01 -1.026477277881740591e+00 -1.987538549292828070e-16 1.650436427215644788e-16 1.168023543134066919e-17 9.999999999998915312e-01
2.838819787416836937e-01 -9.588031537192249765e-01 -1.036988738874228613e-02 -4.775818579073871462e+01 9.588398863633452729e-01 2.837909563267850821e-01 9.421540512318435021e-03 7.910351995008817028e+01 -6.090522497026919745e-03 -1.261766720883519127e-02 9.999018451877870195e-01 -1.037823980041459704e+00 -2.086806390268883083e-16 1.728073834437582746e-16 1.182522926829268525e-17 9.999999999998894218e-01
2.841539515361395929e-01 -9.586901350560632640e-01 -1.302907415279088398e-02 -4.750946167206248560e+01 9.587723739254867539e-01 2.840766135624521183e-01 7.484158198334142816e-03 7.995595936981639795e+01 -3.473733370737833778e-03 -1.461856948148282896e-02 9.998871089292039605e-01 -1.047032610096804817e+00 -2.191391592529786260e-16 1.808467605046183089e-16 1.201136384966842563e-17 9.999999999998872013e-01
2.833922774509216036e-01 -9.589147428962296882e-01 -1.308942084839642694e-02 -4.725585182474145540e+01 9.589997180832582346e-01 2.833234456552354841e-01 6.882285814405400895e-03 8.081177860361503917e+01 -2.890985515834452839e-03 -1.450313755447968367e-02 9.998906446226191180e-01 -1.053424126379518766e+00 -2.299817188016442859e-16 1.861137460021366711e-16 1.220696939305210417e-17 9.999999999998848699e-01
2.824685659641992252e-01 -9.591917194268886337e-01 -1.275753211795549805e-02 -4.700455430577108729e+01 9.592667672627500641e-01 2.823806262404711664e-01 8.273520959112766124e-03 8.166831433239049431e+01 -4.333412885708264571e-03 -1.457488619381835417e-02 9.998843904298179153e-01 -1.058212576962705098e+00 -2.421157702131909417e-16 1.896910540014300021e-16 1.238421535001356648e-17 9.999999999998824274e-01
2.824200564882230480e-01 -9.591882828191325983e-01 -1.402675288188786479e-02 -4.675718102744243510e+01 9.592590943736081233e-01 2.822615675716937944e-01 1.226365904764773092e-02 8.252205226738253430e+01 -7.803944806581362623e-03 -1.691879354745182487e-02 9.998264113686728960e-01 -1.061408459544016081e+00 -2.537021057634606454e-16 1.914191268603039373e-16 1.256866478383016267e-17 9.999999999998799849e-01
2.821718880378715766e-01 -9.592659082222569911e-01 -1.370922771064762326e-02 -4.650727528435403713e+01 9.593172920680008708e-01 2.819885758102170792e-01 1.388438877220475251e-02 8.337526153448477828e+01 -9.452975208066555918e-03 -1.706928339780680245e-02 9.998096222901640129e-01 -1.064902091220471636e+00 -2.650680632394729763e-16 1.930148025754446875e-16 1.268978388920742116e-17 9.999999999998775424e-01
2.811288414689807613e-01 -9.595901731817967351e-01 -1.238038884704557516e-02 -4.625281279665781398e+01 9.596290850881179502e-01 2.809742773277562056e-01 1.286369048185296432e-02 8.422856690517704692e+01 -8.865300167873452555e-03 -1.549693562448339716e-02 9.998406130174839479e-01 -1.074978773114871000e+00 -2.773004757957332177e-16 1.947793599813062878e-16 1.284780085147416838e-17 9.999999999998753220e-01
2.805627847293079569e-01 -9.597260827580518239e-01 -1.450413387978846669e-02 -4.601288797116747276e+01 9.598067295011866173e-01 2.804049353686334789e-01 1.200475842600050129e-02 8.507832150815451655e+01 -7.454249055472126489e-03 -1.728925375738834397e-02 9.998227422276019238e-01 -1.090191997447232497e+00 -2.900508442943676628e-16 1.959157932926901393e-16 1.300253104416770293e-17 9.999999999998729905e-01
2.798841094238104787e-01 -9.599333142235885186e-01 -1.388947574802561896e-02 -4.576435971384169221e+01 9.600080700425014379e-01 2.797414077499986163e-01 1.136882768940239430e-02 8.593510761936342135e+01 -7.027854944032811170e-03 -1.651596301978467893e-02 9.998389031341003985e-01 -1.102620231802232231e+00 -3.034040075794844198e-16 1.951150958531391150e-16 1.313026975473077486e-17 9.999999999998707700e-01
2.784341654015373146e-01 -9.604092852317075435e-01 -9.403211083591569291e-03 -4.551148215619423354e+01 9.604392473250320528e-01 2.783595290516858167e-01 8.510275174886538715e-03 8.678024743742690816e+01 -5.555873889007535357e-03 -1.140076434119713378e-02 9.999195741847187735e-01 -1.100103124856050885e+00 -3.170338189119612287e-16 1.954041115977205729e-16 1.325317753252096560e-17 9.999999999998687716e-01
2.770305537642872573e-01 -9.607532306370775155e-01 -1.439798952280810056e-02 -4.527140502186920656e+01 9.608603473392538508e-01 2.769803540272161024e-01 5.410766465234865402e-03 8.763020596465713652e+01 -1.210451126361777787e-03 -1.533340484400558951e-02 9.998817037549696529e-01 -1.103104234520038807e+00 -3.309864179062757754e-16 1.941191689644701176e-16 1.342479151646773787e-17 9.999999999998666622e-01
2.763911158047737127e-01 -9.607962661971245488e-01 -2.187432208549456789e-02 -4.504077861930621651e+01 9.610368529740487276e-01 2.764121854850523641e-01 2.114459931047554982e-03 8.848119264801873385e+01 4.014763966909280259e-03 -2.160644759763554260e-02 9.997584923832751880e-01 -1.113204535323304656e+00 -3.477759288164532939e-16 1.927688165529105730e-16 1.368848439165175258e-17 9.999999999998645528e-01
2.750574818250726694e-01 -9.611491956650644042e-01 -2.314314942502040603e-02 -4.480470465336490804e+01 9.614147010621800771e-01 2.750996111612358797e-01 1.405887667470856993e-03 8.932923950366765098e+01 5.015403607112348984e-03 -2.263686400762166678e-02 9.997311729232691846e-01 -1.115149446026719726e+00 -3.652453852203535634e-16 1.913946439935078197e-16 1.408086143672649586e-17 9.999999999998626654e-01
2.737846312190684861e-01 -9.615507988060004729e-01 -2.149504651438230787e-02 -4.456478353065858755e+01 9.617882810280805606e-01 2.737688522432643601e-01 3.730686012578723638e-03 9.018440416183189257e+01 2.297430097697794344e-03 -2.169508833181744284e-02 9.997619941552075007e-01 -1.100270639662178196e+00 -3.827140085808370409e-16 1.943871528178473766e-16 1.457347237088131072e-17 9.999999999998607780e-01
2.733030430482469852e-01 -9.617445179240188269e-01 -1.878640211840309354e-02 -4.432647731437222660e+01 9.619260234360562656e-01 2.732109275481981459e-01 7.356256140842641622e-03 9.103852308449835107e+01 -1.942188667806891674e-03 -2.008161627314121456e-02 9.997964575807479770e-01 -1.092461175508505189e+00 -3.997817137370107613e-16 1.943712239892583991e-16 1.495549856146445974e-17 9.999999999998585576e-01
2.722141318740747273e-01 -9.620379792847357781e-01 -1.955486698220224723e-02 -4.409494545429828349e+01 9.622279985886467157e-01 2.720690291419543549e-01 9.783767857701401727e-03 9.189526679249568986e+01 -4.092082584733242219e-03 -2.147952039277330888e-02 9.997609139508257803e-01 -1.096793316043778610e+00 -4.173757767552192231e-16 1.921068608543869984e-16 1.521023044779632292e-17 9.999999999998562261e-01
2.712206300597459485e-01 -9.623528221488600876e-01 -1.778807277474101986e-02 -4.386322136889918966e+01 9.625046959384191414e-01 2.710765660155753931e-01 1.010968116896176702e-02 9.274938998275007407e+01 -4.907150520130369210e-03 -1.986305767370992112e-02 9.997906674967501628e-01 -1.108311247867574068e+00 -4.345664169619350192e-16 1.901422736190090345e-16 1.543805506468576524e-17 9.999999999998538946e-01
2.698202288398243165e-01 -9.628061036229093039e-01 -1.419334126384910744e-02 -4.362828800525424100e+01 9.628905701855076105e-01 2.696899271267684250e-01 1.044476202801898276e-02 9.359698969344871955e+01 -6.228479460299359699e-03 -1.648484254293834661e-02 9.998447159483910829e-01 -1.119643564145170522e+00 -4.528449524008414405e-16 1.896805635062934335e-16 1.563096311268957594e-17 9.999999999998515632e-01
2.690060240618577514e-01 -9.630340710108188373e-01 -1.418228090649676504e-02 -4.340140601999195979e+01 9.631033677604435850e-01 2.688412891154712825e-01 1.250057098104304619e-02 9.444751515993306157e+01 -8.225693080298322746e-03 -1.702173140165981827e-02 9.998212833468826943e-01 -1.125978637085445655e+00 -4.676552230344776813e-16 1.846914699548429207e-16 1.573097317596719600e-17 9.999999999998488986e-01
2.686551731084241834e-01 -9.630463500240515895e-01 -1.913441058406155013e-02 -4.318240709217220541e+01 9.632020155463616451e-01 2.684246779101296942e-01 1.378657085321466878e-02 9.529960486793694940e+01 -8.140958741472465246e-03 -2.213413641997892187e-02 9.997218637179434708e-01 -1.123751826157289191e+00 -4.821651000073725937e-16 1.813130504713183830e-16 1.584549165400511260e-17 9.999999999998463451e-01
2.682967621993715968e-01 -9.630455305455631887e-01 -2.366756198952798054e-02 -4.296411290615932188e+01 9.633102186162827429e-01 2.680276904762943779e-01 1.394918804112013112e-02 9.615352856748894794e+01 -7.090141218444318515e-03 -2.654172630096913316e-02 9.996225621015321083e-01 -1.127209866263982674e+00 -4.949841456127803984e-16 1.757330591000586925e-16 1.593776686340885827e-17 9.999999999998443467e-01
2.686598459442904874e-01 -9.628793298435768255e-01 -2.617791699447621218e-02 -4.273760712916186577e+01 9.632232716000167505e-01 2.684225405282226751e-01 1.225841686928221506e-02 9.700161357003024420e+01 -4.776633234605249037e-03 -2.850852323869661892e-02 9.995821366339300296e-01 -1.137757244923333744e+00 -5.106217297437485796e-16 1.758366650233654906e-16 1.622647214720297997e-17 9.999999999998427924e-01
2.702491141403848829e-01 -9.623985834715087506e-01 -2.746603064481770162e-02 -4.250510077591349756e+01 9.627804605866615573e-01 2.700064910756034275e-01 1.225885350161851073e-02 9.784660913196314880e+01 -4.381896686721403408e-03 -2.975670193387585510e-02 9.995475664876611877e-01 -1.150250787670331842e+00 -5.266868664403681675e-16 1.768415732450150478e-16 1.652773457977172054e-17 9.999999999998411271e-01
2.714234857949520130e-01 -9.620998921953631822e-01 -2.632657967939793300e-02 -4.226652434529702873e+01 9.624320444719202117e-01 2.711054814899236387e-01 1.504585256167436172e-02 9.869625041554007794e+01 -7.338333067567506980e-03 -2.942134165382234712e-02 9.995401610355812982e-01 -1.162205312301162863e+00 -5.406829583955753478e-16 1.707097638436492134e-16 1.668166696554843082e-17 9.999999999998394618e-01
