1 0 0 0 0 1 0 0 0 0 1 0
0.99985838 0.0010177205 0.016798079 -0.0012170863 -0.0010023084 0.99999907 -0.00092588966 -0.0041880379 -0.016799007 0.00090892172 0.99985847 0.11374181
0.99926386 0.0034085793 0.038211623 0.011620795 -0.0033784794 0.99999393 -0.000852265 -0.0014490758 -0.038214299 0.00072254047 0.99926931 0.26172871
0.99790983 0.005400809 0.06439562 0.052336278 -0.0054636827 0.99998475 0.00080029792 -0.0017310813 -0.064390321 -0.0011504624 0.99792413 0.4155703
0.99517745 0.0050109092 0.097962898 0.096649678 -0.0053110461 0.99998197 0.0028032465 -0.001007006 -0.097947093 -0.0033100132 0.99518612 0.59666562
0.99084613 0.0014406577 0.13498841 0.16163719 -0.0020922036 0.99998684 0.0046849423 -0.0051796409 -0.13497989 -0.0049244801 0.9908361 0.78250702
0.98452744 -0.0015895943 0.17522324 0.22941258 0.00063211299 0.99998456 0.0055200281 -0.0098522179 -0.17522933 -0.0053238582 0.98451325 0.9660907
0.97580013 -0.0018378924 0.21865666 0.33517614 0.00034210687 0.99997628 0.006878459 -0.0073729913 -0.21866413 -0.0066371971 0.97577761 1.1913642
0.96399288 -0.0017289004 0.2659224 0.42253497 -0.0009210842 0.99995116 0.0098402183 8.8063709e-05 -0.26592645 -0.0097308373 0.96394421 1.3908419
0.94989746 -0.0057490675 0.31250882 0.54516988 0.00053360374 0.9998592 0.016771972 0.0059736903 -0.31256126 -0.015764898 0.94976678 1.6271553
0.93272603 -0.015416369 0.36025612 0.68996201 0.0069044584 0.99966604 0.024902429 -0.0068218313 -0.36051974 -0.020739771 0.93252099 1.84684
0.91140925 -0.021110721 0.41095926 0.84525964 0.0095437943 0.99949898 0.03017779 -0.0098039064 -0.41139047 -0.023582206 0.91115409 2.0595407
0.88646663 -0.023111334 0.46221506 1.0318762 0.0084353964 0.99939326 0.033792958 -0.0022620438 -0.46271565 -0.026057363 0.88612373 2.3063346
0.85805099 -0.025050613 0.51295316 1.2068896 0.0063516956 0.9992509 0.038174574 0.015353536 -0.51352525 -0.029497609 0.85756733 2.5134791
0.82607682 -0.030439833 0.56273482 1.4353271 0.0075838609 0.99905022 0.042908434 0.015342775 -0.56350653 -0.03117796 0.82552308 2.7458613
0.79044775 -0.035921689 0.61147522 1.6599019 0.0094935863 0.99887747 0.046407739 0.021852597 -0.61245592 -0.0308778 0.78990148 2.9588128
0.75222587 -0.040588323 0.65765401 1.9157981 0.010898265 0.99873081 0.049173048 0.026853569 -0.65881523 -0.029821951 0.75171349 3.1733468
0.71191987 -0.043772518 0.70089516 2.2212581 0.012110447 0.99867236 0.050068452 0.042335165 -0.7021563 -0.027156572 0.7115048 3.3958
0.67022278 -0.045590285 0.74075833 2.5104594 0.011188501 0.9986187 0.051337286 0.057524783 -0.74207566 -0.026119443 0.66980708 3.5946364
0.62888903 -0.046174738 0.77612269 2.8424322 0.0069240675 0.99852794 0.053795999 0.076558879 -0.77746428 -0.028457788 0.62828298 3.8159029
0.58616289 -0.04672489 0.80884473 3.1953397 0.0036348312 0.99847724 0.055045343 0.09358075 -0.81018511 -0.029325524 0.58544014 4.023193
0.54622266 -0.047836594 0.83627293 3.5663812 0.0016216646 0.99842648 0.056052911 0.11155864 -0.83763849 -0.029261216 0.54544074 4.2256552
0.50740769 -0.050768909 0.86020921 3.9908703 0.0011223649 0.99830099 0.058256938 0.1309056 -0.86170542 -0.02859455 0.50660258 4.4268536
0.4692008 -0.050269057 0.88165955 4.4130016 -0.0020418817 0.99831409 0.058006926 0.15060094 -0.88308918 -0.029017141 0.46830713 4.6305134
0.43315037 -0.049635904 0.89995387 4.8536485 -0.0031704713 0.9983924 0.056591123 0.1753301 -0.90131613 -0.027365744 0.43229667 4.8140683
0.39994051 -0.0482419 0.91527058 5.3669703 -0.0020379354 0.99856456 0.053522647 0.19477936 -0.91653887 -0.023271137 0.3992681 5.0069432
0.37010352 -0.046766015 0.92781262 5.8717995 7.5637056e-05 0.99873362 0.050310587 0.21664417 -0.92899055 -0.018549948 0.36963837 5.1825643
0.34440593 -0.044986919 0.93774232 6.4180228 0.00092200773 0.99886697 0.047580664 0.24180219 -0.93882042 -0.015522457 0.34405719 5.3586327
0.3238175 -0.044345549 0.94507969 6.9921757 0.0022736173 0.99893454 0.046093534 0.26595834 -0.94611687 -0.012777143 0.32357331 5.5240291
0.30901873 -0.044795155 0.95000039 7.586283 0.0032856968 0.99893448 0.046033752 0.28973565 -0.95105032 -0.011103878 0.30883665 5.7146461
0.29650213 -0.04636395 0.95390607 8.2149023 0.0043083875 0.99887567 0.047210493 0.3079381 -0.95502251 -0.009888214 0.29636852 5.9062202
0.28525334 -0.048316835 0.95723348 8.8376477 0.0032181601 0.99877119 0.049454467 0.33570448 -0.95844679 -0.01102652 0.28505831 6.0969781
0.27613645 -0.049862197 0.95982412 9.5061377 0.0016828965 0.99867691 0.051396411 0.36686137 -0.96111701 -0.012577137 0.27585501 6.2904733
0.26450982 -0.051513324 0.96300616 10.204279 0.00094574669 0.99858573 0.053156784 0.39636512 -0.96438257 -0.013149731 0.26418445 6.4739389
0.25498577 -0.053543257 0.96546118 10.912062 -5.1332211e-05 0.99846495 0.055387161 0.42409787 -0.96694484 -0.014172497 0.25459161 6.6579019
0.24383028 -0.055212079 0.96824498 11.648244 -0.00024569945 0.9983746 0.056992029 0.45490862 -0.96981793 -0.014134279 0.2434204 6.8430106
0.23313537 -0.056508201 0.97080103 12.405326 -0.0010002036 0.99829576 0.058348804 0.48552129 -0.97244382 -0.014574168 0.23268153 7.0204068
0.22326346 -0.059465565 0.97294254 13.155391 -0.0020945133 0.99810586 0.061484162 0.5164406 -0.97475593 -0.015765007 0.22271601 7.1891223
0.21189127 -0.063129346 0.97525212 13.940275 -0.0039364662 0.99784826 0.065447292 0.56191982 -0.97728536 -0.017706756 0.21118683 7.3885719
0.19932813 -0.066625809 0.97766519 14.746806 -0.0041695667 0.99761929 0.068835737 0.60137164 -0.97992397 -0.017797338 0.19857578 7.5195331
0.18694579 -0.069118192 0.97993564 15.538512 -0.0053426562 0.99743548 0.071371751 0.64184087 -0.98235575 -0.018578107 0.18609709 7.7061315
0.17324741 -0.069949143 0.98239115 16.342631 -0.0056482109 0.9973877 0.072013018 0.67769598 -0.98486218 -0.018024821 0.17239975 7.8423428
0.15891617 -0.06907045 0.98487301 17.125479 -0.0070271409 0.99744543 0.071086048 0.7175073 -0.98726711 -0.018217564 0.15802484 7.9701239
0.14121535 -0.067857605 0.98765049 17.944629 -0.0087933267 0.99752273 0.069793166 0.75577989 -0.98993989 -0.018540599 0.14026883 8.0839103
0.12072232 -0.066621043 0.99044822 18.76485 -0.010944389 0.99759549 0.068435766 0.79386211 -0.99262602 -0.019101575 0.11970292 8.1841403
0.095648741 -0.065021913 0.99328918 19.575832 -0.01507562 0.9976552 0.066759424 0.83523064 -0.99530102 -0.021359904 0.094444217 8.2672335
0.066057093 -0.064460053 0.99573153 20.412663 -0.01899144 0.99764918 0.065844091 0.87503082 -0.99763514 -0.023259844 0.064677613 8.3220074
0.032715982 -0.064241451 0.99739792 21.284708 -0.022944158 0.99762091 0.065008412 0.91246645 -0.99920134 -0.025011269 0.03116418 8.3439023
-0.0014453205 -0.063748194 0.99796493 22.079903 -0.024058304 0.99767937 0.06369511 0.94791522 -0.99970955 -0.023917283 -0.0029756414 8.3370285
-0.034604696 -0.062843241 0.99742326 22.934596 -0.024410185 0.99777645 0.062018604 0.97677314 -0.99910297 -0.022201151 -0.036061768 8.2924142
-0.068246831 -0.060700898 0.99582011 23.785728 -0.027256937 0.99788822 0.058958954 1.0096746 -0.9972961 -0.023119244 -0.069757231 8.2233439
-0.09959864 -0.057587419 0.99335981 24.614606 -0.029181761 0.99806345 0.054934208 1.0450307 -0.99459973 -0.023516616 -0.10108627 8.1330696
-0.1337554 -0.053107382 0.98959033 25.457569 -0.026883807 0.99839004 0.049945948 1.0713716 -0.9906497 -0.019923415 -0.13496779 8.023041
-0.16513495 -0.0475246 0.98512526 26.29245 -0.022218597 0.99876414 0.044458103 1.0884504 -0.98602072 -0.014546514 -0.1659868 7.8483781
-0.19679353 -0.041323991 0.97957366 27.125542 -0.016471137 0.99910972 0.038839129 1.1023384 -0.98030663 -0.0084914018 -0.19729898 7.6871342
-0.22414339 -0.03563111 0.97390456 27.940594 -0.0099609131 0.99936297 0.034270032 1.116728 -0.97450531 -0.0020195768 -0.22435552 7.4767268
-0.25231863 -0.028597884 0.96722148 28.754192 -0.001199717 0.99957166 0.029241414 1.1322076 -0.9676435 0.0062177626 -0.25224487 7.2452414
-0.28095853 -0.018555767 0.95954047 29.560623 0.0047374793 0.99977407 0.020720971 1.1285004 -0.95970826 0.010367538 -0.28080714 6.9831393
-0.30378249 -0.0034297073 0.9527352 30.34928 0.0092117506 0.9999362 0.0065368191 1.1164072 -0.95269692 0.010762131 -0.30373151 6.7152386
-0.32837387 0.013798051 0.944447 31.129 0.0097201788 0.99988971 -0.01122845 1.0935042 -0.94449785 0.0054930651 -0.32847178 6.4337844
-0.3534486 0.028188778 0.93502909 31.898899 0.0094503352 0.99960246 -0.026563198 1.0678375 -0.93540625 -0.00055238595 -0.35357449 6.1651314
-0.37814903 0.039114673 0.92491799 32.668317 0.013094735 0.99923303 -0.036903716 1.0267275 -0.92565215 -0.0018435482 -0.3783712 5.8481528
-0.40182924 0.044371929 0.9146389 33.425134 0.016888051 0.99901453 -0.041045802 0.98582307 -0.91555891 -0.0010469342 -0.40218261 5.5014797
-0.42375302 0.043155256 0.9047491 34.162374 0.019384465 0.99906767 -0.038575107 0.93337332 -0.90557037 0.0011917601 -0.42419448 5.1375441
-0.44386061 0.039937745 0.89520538 34.90269 0.022972995 0.99918513 -0.033186118 0.89146328 -0.89580136 0.0058355393 -0.44441641 4.7665926
-0.46213124 0.038870226 0.88595923 35.643691 0.030524417 0.99914417 -0.027914006 0.85596947 -0.88628609 0.014143456 -0.46292223 4.3618418
-0.47602035 0.039600898 0.87854216 36.341394 0.034615782 0.99905518 -0.026277242 0.80853699 -0.87875277 0.017902923 -0.47694142 3.9758574
-0.48685863 0.042833189 0.8724299 37.036174 0.037114828 0.99890933 -0.028330984 0.75918191 -0.87269195 0.018586903 -0.48791737 3.5766312
-0.49736675 0.045669385 0.86633744 37.740197 0.039152839 0.99877757 -0.030173274 0.72226745 -0.86665647 0.018912388 -0.49854684 3.169323
-0.50741669 0.044519282 0.86054998 38.406599 0.032334682 0.99894487 -0.032613039 0.66889112 -0.86109398 0.01127721 -0.50832082 2.7650163
-0.51862571 0.043475191 0.85389532 39.102175 0.031258396 0.99900286 -0.031877949 0.64223181 -0.85442984 0.010158675 -0.51946753 2.3503414
-0.5270287 0.045077967 0.84865108 39.769897 0.033125635 0.99892302 -0.032488332 0.59744406 -0.84920168 0.010989824 -0.52795434 1.9297923
-0.5338476 0.048327316 0.84419853 40.472498 0.037092765 0.99874282 -0.033717988 0.55013448 -0.84476679 0.013313392 -0.53496905 1.4806159
-0.53781289 0.051414347 0.84149498 41.168225 0.037883856 0.99860426 -0.03680136 0.51416165 -0.84221266 0.01208683 -0.53901002 1.0406629
-0.53753136 0.053056117 0.84157295 41.871337 0.036839136 0.99854332 -0.039422179 0.46567399 -0.84243871 0.0098121636 -0.53870289 0.59042358
-0.53452902 0.053960621 0.8434257 42.582603 0.039519731 0.99846389 -0.038833637 0.42590422 -0.84422567 0.012574252 -0.53584044 0.14376116
-0.52866658 0.052779156 0.84718708 43.345894 0.037816414 0.99853853 -0.038609827 0.378729 -0.84798681 0.011625853 -0.52988987 -0.3245307
-0.52166289 0.051398888 0.85160198 44.08412 0.035619591 0.99862535 -0.038453192 0.33869211 -0.85240785 0.010274112 -0.52277659 -0.7694178
-0.51440603 0.051068491 0.85602476 44.880119 0.033937324 0.99865554 -0.039183758 0.29004423 -0.856875 0.008894829 -0.51544756 -1.2296038
-0.50754532 0.049565598 0.86019819 45.68576 0.030838712 0.99874937 -0.039353215 0.2409898 -0.86107304 0.0065538649 -0.50843911 -1.7103926
-0.50341406 0.047217545 0.86275415 46.497087 0.026891942 0.99887821 -0.038976103 0.19352484 -0.86362675 0.0035800176 -0.50411911 -2.1531167
-0.50241846 0.044049511 0.86350175 47.334196 0.021876604 0.9990293 -0.038234481 0.14819067 -0.86434783 -0.00031922285 -0.50289442 -2.6274504
-0.50274349 0.041977257 0.86341579 48.174154 0.01913894 0.99911593 -0.037430596 0.089660748 -0.86422378 -0.0022931246 -0.50310244 -3.1037428
-0.50344776 0.040531151 0.86307446 49.034026 0.017500989 0.99917256 -0.036713841 0.045680194 -0.86384844 -0.0033788436 -0.50374052 -3.5976151
-0.50402483 0.04004338 0.86276036 49.891519 0.017826146 0.99919417 -0.035961656 -0.0045260085 -0.86350522 -0.0027458744 -0.50433249 -4.092863
-0.5039058 0.039456515 0.86285692 50.787085 0.017515485 0.99921749 -0.035462987 -0.052576725 -0.86358104 -0.0027566474 -0.50420259 -4.6040595
-0.50416546 0.038687599 0.86274005 51.667385 0.01750588 0.99924864 -0.034578978 -0.10766913 -0.86342967 -0.0023305015 -0.50446391 -5.1059782
-0.50454739 0.038096834 0.86254304 52.549311 0.017244404 0.99927139 -0.034048684 -0.16393503 -0.86321181 -0.002305134 -0.50483673 -5.6234204
-0.50489556 0.036645969 0.86240216 53.443449 0.015535757 0.99932236 -0.033368655 -0.21334206 -0.86304066 -0.0034496142 -0.50512274 -6.1351322
-0.50493455 0.036090141 0.86240277 54.34021 0.015276624 0.99934267 -0.032876426 -0.26979563 -0.86302247 -0.0034258395 -0.50515398 -6.6499693
-0.50416304 0.035700441 0.86287023 55.238201 0.014561954 0.99935457 -0.032839003 -0.31824041 -0.86348575 -0.003991134 -0.50435751 -7.1638917
-0.50279866 0.03409364 0.8637309 56.138788 0.013600143 0.9994102 -0.031532271 -0.38196581 -0.86429659 -0.0041075199 -0.50296579 -7.6691785
-0.50067968 0.031728063 0.86505094 57.021808 0.013980653 0.9994941 -0.028567314 -0.4309084 -0.86551976 -0.0022090963 -0.50086997 -8.198845
-0.49780475 0.030789686 0.86674239 57.921232 0.014829916 0.99952572 -0.026989195 -0.48014653 -0.86716237 -0.00058163146 -0.49802526 -8.7018668
-0.4958017 0.030167826 0.86791158 58.805329 0.014504849 0.99954471 -0.026457259 -0.53268681 -0.86831466 -0.00052862654 -0.49601354 -9.2020307
-0.49390408 0.030729635 0.86897318 59.691823 0.015258307 0.99952773 -0.026673989 -0.58652641 -0.86938254 8.4668235e-05 -0.49413971 -9.6941148
-0.49258493 0.031164282 0.86970616 60.579259 0.015403385 0.99951427 -0.027091527 -0.62743249 -0.87012808 5.1541726e-05 -0.49282571 -10.191763
-0.49324363 0.032299964 0.86929131 61.471233 0.014400648 0.99947665 -0.028966161 -0.68614061 -0.86977204 -0.0017690155 -0.49345063 -10.698843
-0.49628024 0.034348568 0.86748259 62.348492 0.013168344 0.99939989 -0.032038413 -0.73988617 -0.86806255 -0.0044767212 -0.49643473 -11.185361
-0.50053255 0.035010299 0.86500947 63.222981 0.012256192 0.99936837 -0.033356353 -0.78821892 -0.86563099 -0.0060942177 -0.5006455 -11.684707
-0.5064024 0.033140619 0.86166017 64.095886 0.011697158 0.99943325 -0.031565073 -0.84388965 -0.86221798 -0.005905653 -0.50650305 -12.188072
-0.51160869 0.031501609 0.85864087 64.961071 0.015465101 0.99950341 -0.027454883 -0.90067441 -0.85907942 -0.00076718845 -0.5118418 -12.702953
-0.51687895 0.029330994 0.85555583 65.817771 0.012579182 0.99956519 -0.026668423 -0.95019018 -0.85596611 -0.0030221535 -0.51702317 -13.214831
-0.52169898 0.031435739 0.85255024 66.659209 0.013385266 0.9994995 -0.028663325 -1.0021335 -0.85302466 -0.0035420149 -0.52185865 -13.735988
-0.52638452 0.034235333 0.84955707 67.496753 0.014172185 0.9994035 -0.031492753 -1.0514789 -0.85012855 -0.0045372164 -0.52655572 -14.248317
-0.53186181 0.034136701 0.8461428 68.338098 0.012655585 0.999396 -0.032364583 -1.1078279 -0.84673662 -0.0065050534 -0.53197259 -14.757542
-0.53529761 0.034804609 0.84394612 69.163071 0.011620061 0.99935959 -0.033843544 -1.1573679 -0.84458363 -0.0083096622 -0.53535923 -15.26996
-0.53848712 0.034055382 0.84194524 69.986564 0.011843747 0.99939015 -0.032848819 -1.2171012 -0.84255053 -0.0077168791 -0.53856207 -15.801891
-0.54147864 0.027325622 0.84027027 70.808744 0.013352564 0.9996251 -0.023903319 -1.2651504 -0.8406085 -0.0017233737 -0.54164051 -16.321228
-0.54304584 0.019048359 0.83948694 71.631552 0.013959608 0.9998093 -0.013655982 -1.3018884 -0.83958704 0.0043030853 -0.54320819 -16.859744
-0.54459892 0.016086917 0.83854229 72.448448 0.013906409 0.99985178 -0.010149895 -1.3410896 -0.83858135 0.0061334912 -0.54474191 -17.385117
-0.54605442 0.021988306 0.83746106 73.249082 0.01447451 0.9997539 -0.016811555 -1.3766029 -0.83762469 0.0029418157 -0.5462383 -17.893688
-0.54693197 0.027175882 0.83673582 74.049488 0.014869312 0.99963067 -0.022747134 -1.4195596 -0.83704503 5.5221483e-07 -0.54713406 -18.42186
-0.54805411 0.032189096 0.83582324 74.851741 0.021395292 0.99947177 -0.024462486 -1.4505595 -0.83616924 0.0044759177 -0.54845331 -18.94298
-0.54727649 0.032906112 0.83630471 75.639017 0.024477797 0.99942866 -0.023306324 -1.4959735 -0.83659389 0.0077158947 -0.54776928 -19.474838
-0.54715264 0.030503617 0.83647681 76.437554 0.024516617 0.99949102 -0.020411515 -1.5398051 -0.83667376 0.0093393685 -0.547622 -19.991184
-0.54725638 0.025233569 0.83658452 77.235001 0.022645103 0.9996259 -0.015337902 -1.5696789 -0.83665866 0.010550779 -0.54762307 -20.501271
-0.54611084 0.019326642 0.83748992 78.041957 0.020845373 0.99973779 -0.0094779523 -1.600094 -0.83745357 0.012281778 -0.54637052 -21.020344
-0.54592 0.012532925 0.83774353 78.837358 0.01147996 0.99990614 -0.0074779546 -1.6418447 -0.83775869 0.0055348978 -0.54601264 -21.519294
-0.54411482 0.0072157074 0.8389797 79.645984 0.003135014 0.99997352 -0.0065671524 -1.6617426 -0.83900494 -0.0009430711 -0.54412304 -22.024757
-0.54228009 0.0078345566 0.84016121 80.439878 0.0063859075 0.99996607 -0.0052029768 -1.6861194 -0.84017354 0.0025437219 -0.54231172 -22.532879
-0.53954541 0.011203242 0.84188193 81.226094 0.011457879 0.99991658 -0.0059631405 -1.7187153 -0.84187857 0.0064287972 -0.53962877 -23.037382
-0.53319629 0.014764937 0.84586267 82.021548 0.013081282 0.99987204 -0.0092073528 -1.7424748 -0.84589045 0.0061556423 -0.53332121 -23.539091
-0.52621289 0.016438856 0.85019392 82.809487 0.017538022 0.99981026 -0.0084768937 -1.7695089 -0.85017202 0.010450069 -0.52640136 -24.02574
-0.51822037 0.019542038 0.8550238 83.609147 0.025637456 0.99964459 -0.0073088498 -1.8071833 -0.85486282 0.018133041 -0.51853719 -24.522504
-0.50833687 0.018809632 0.86095282 84.414363 0.023805857 0.99968629 -0.0077847892 -1.8324422 -0.86082924 0.016538426 -0.50862518 -24.989601
-0.49818556 0.015771285 0.86692696 85.225947 0.019038649 0.99979248 -0.0072477062 -1.8618038 -0.86686143 0.012894416 -0.49838244 -25.437939
-0.48630365 0.013545615 0.87368485 86.037424 0.021666096 0.99975934 -0.0034406607 -1.8786873 -0.87352127 0.017256135 -0.4864801 -25.882119
-0.47500926 0.0120381 0.87989842 86.859901 0.020940834 0.9997779 -0.0023733832 -1.9060554 -0.87973164 0.017298429 -0.47515585 -26.319345
-0.46365619 0.010977828 0.88594715 87.69222 0.020653463 0.99978545 -0.0015795137 -1.9269701 -0.88577449 0.017565527 -0.46378344 -26.740957
-0.45153924 0.013125167 0.89215468 88.508012 0.024322394 0.99970129 -0.0023972647 -1.9453975 -0.89191973 0.02061688 -0.4517236 -27.151752
-0.43913643 0.016263859 0.89827313 89.33734 0.023969742 0.99969231 -0.0063820977 -1.9746853 -0.89810061 0.018728765 -0.43939116 -27.545895
-0.4287988 0.025782432 0.903032 90.155944 0.025984655 0.99953109 -0.01619893 -2.0028532 -0.90302628 0.016518894 -0.42926768 -27.934383
-0.41577424 0.030556208 0.90895436 90.986294 0.025697026 0.9994311 -0.021843409 -2.0352318 -0.90910479 0.014275498 -0.41632292 -28.302726
-0.40432108 0.026799694 0.91422435 91.834499 0.023120761 0.99955067 -0.019075668 -2.0662017 -0.91432487 0.013424869 -0.40475904 -28.672907
-0.39198431 0.023340938 0.91967572 92.680708 0.024356341 0.99959098 -0.014987986 -2.1071161 -0.91964947 0.016524881 -0.39239248 -29.017422
-0.38211951 0.023732635 0.92380808 93.520438 0.021014446 0.99963483 -0.016988309 -2.1433484 -0.92387399 0.012921752 -0.3824787 -29.345955
-0.37591584 0.028154375 0.92622596 94.366151 0.016623401 0.99958238 -0.023637445 -2.1816724 -0.92650473 0.0065113368 -0.37622688 -29.688128
-0.37013205 0.032884526 0.9283969 95.21255 0.0088568155 0.99945277 -0.031870354 -2.2209852 -0.92893697 -0.0035735987 -0.37022076 -30.005998
-0.36668325 0.034834596 0.92969343 96.055376 0.0055806237 0.99936316 -0.035243971 -2.2666442 -0.93032915 -0.0077351041 -0.36664413 -30.32628
-0.36337735 0.03505082 0.93098242 96.890963 0.0057239235 0.99935715 -0.035390939 -2.3127337 -0.9316245 -0.0075313929 -0.36334438 -30.650232
-0.35817133 0.034198759 0.9330293 97.751148 0.0030965819 0.99936695 -0.035441547 -2.3700142 -0.93365078 -0.0098049436 -0.35805049 -30.970881
-0.35361915 0.030976086 0.93487641 98.579745 0.0028492752 0.99948256 -0.032038992 -2.4113877 -0.93538519 -0.0086658802 -0.35352443 -31.282508
-0.34769748 0.02681182 0.9372233 99.445095 0.0017204303 0.99960761 -0.027958234 -2.4586205 -0.93760524 -0.0081085795 -0.34760717 -31.591754
-0.34189921 0.024436421 0.93941882 100.29092 0.0013076492 0.99967326 -0.025527858 -2.5009004 -0.93973576 -0.0074995238 -0.34181946 -31.891804
-0.33665278 0.022757465 0.94135377 101.13021 -0.0042771633 0.99966064 -0.025696672 -2.5457195 -0.94161918 -0.012677179 -0.33644119 -32.176809
-0.33005939 0.02198844 0.94370399 101.99525 -0.016592348 0.99943907 -0.029090228 -2.5855905 -0.94381437 -0.025259768 -0.32950941 -32.457198
-0.32312041 0.025825207 0.94600538 102.84437 -0.013841254 0.9993917 -0.03201027 -2.6350757 -0.94625667 -0.023437072 -0.3225664 -32.739663
-0.3166 0.029779132 0.94809154 103.69592 -0.011281375 0.99931818 -0.035155371 -2.6801734 -0.94849209 -0.021825966 -0.31604819 -33.016647
-0.30988886 0.02776611 0.95036723 104.53981 -0.013240177 0.99935053 -0.033514474 -2.7228411 -0.95068064 -0.022968792 -0.30931997 -33.280451
-0.30318477 0.023105346 0.95265159 105.39863 -0.012883207 0.99951526 -0.028342089 -2.7629478 -0.95284474 -0.020866097 -0.30274013 -33.545631
-0.29610773 0.020362204 0.95493744 106.25563 -0.013345409 0.99958695 -0.025452421 -2.8086683 -0.95506135 -0.020280689 -0.29571368 -33.798331
-0.28956547 0.023048184 0.95688063 107.10715 -0.016471812 0.999442 -0.02905795 -2.8544373 -0.95701651 -0.024175737 -0.28902425 -34.048329
-0.28282917 0.02579866 0.95882324 107.9789 -0.017092206 0.99934393 -0.03193071 -2.9035888 -0.95901804 -0.02541934 -0.28220265 -34.299936
-0.27621628 0.027027493 0.96071536 108.82554 -0.017022272 0.99931014 -0.033007357 -2.9391868 -0.96094479 -0.025470727 -0.27556566 -34.531701
-0.26935115 0.025824599 0.96269568 109.70616 -0.018032215 0.9993299 -0.031852527 -2.9898861 -0.96287324 -0.025939049 -0.26870499 -34.765682
-0.26182518 0.025826418 0.96476966 110.54973 -0.015063982 0.99941075 -0.030841899 -3.0335853 -0.96499779 -0.022608458 -0.26128185 -34.989343
-0.25396458 0.026965967 0.9668375 111.41272 -0.010797774 0.99946994 -0.030712424 -3.0798024 -0.96715329 -0.01823956 -0.25353879 -35.216831
-0.24660715 0.02741553 0.96872763 112.29842 -0.0093644036 0.9994857 -0.030669877 -3.1261565 -0.96907033 -0.016634967 -0.24622359 -35.443459
-0.24047767 0.026340962 0.97029715 113.14694 -0.015975248 0.99938891 -0.031090016 -3.1681523 -0.97052324 -0.022977192 -0.23990991 -35.632733
-0.23456803 0.024272437 0.97179659 114.01751 -0.020382893 0.99934563 -0.029880458 -3.2102394 -0.97188603 -0.026817026 -0.2339198 -35.82764
-0.22993231 0.024837859 0.97288958 114.90331 -0.016976307 0.9994198 -0.029527347 -3.251878 -0.97305859 -0.023305362 -0.22937725 -36.036011
-0.22516303 0.024681645 0.97400839 115.75416 -0.015981223 0.99945105 -0.029020771 -3.3004938 -0.97419007 -0.02210025 -0.22464499 -36.223233
-0.22053252 0.026428556 0.97502147 116.6398 -0.014966284 0.99942347 -0.030475093 -3.3414061 -0.97526484 -0.021313197 -0.22000984 -36.419174
-0.21468437 0.025232735 0.97635744 117.49484 -0.0096223657 0.99956306 -0.027948248 -3.380558 -0.97663612 -0.01539492 -0.21434777 -36.606687
-0.20922048 0.024524035 0.97756088 118.36273 -0.0012306096 0.99967808 -0.025342265 -3.4214083 -0.97786776 -0.006505116 -0.20912295 -36.800632
-0.20464678 0.023218185 0.97856044 119.25403 0.00092398146 0.99972277 -0.023527067 -3.4660086 -0.97883549 -0.003910566 -0.2046115 -36.988979
-0.20033147 0.024986341 0.97940947 120.10944 -0.00072772078 0.99967067 -0.025652086 -3.5054277 -0.97972795 -0.0058516559 -0.20024731 -37.151131
-0.19677596 0.026609709 0.98008727 120.98046 -0.0036772675 0.99960457 -0.027877908 -3.5449771 -0.98044162 -0.0090897446 -0.1966003 -37.315115
-0.19502902 0.025986407 0.98045311 121.86611 -0.0050614226 0.99960896 -0.027500926 -3.5864725 -0.98078445 -0.010325966 -0.19482123 -37.486966
-0.19425278 0.024652247 0.98064165 122.71477 -0.0068791068 0.99962535 -0.026492139 -3.6315554 -0.98092743 -0.01189211 -0.19401042 -37.64158
-0.19282024 0.02063187 0.98101712 123.60325 -0.0052587254 0.99974283 -0.0220593 -3.666868 -0.98122005 -0.0094123786 -0.19266216 -37.817452
-0.19207993 0.015280558 0.98126027 124.45614 -0.0044166127 0.99985519 -0.016434668 -3.7028485 -0.98136939 -0.0074906158 -0.19198463 -37.973085
-0.19111262 0.01327242 0.98147834 125.32432 -0.0030537583 0.9998957 -0.0141161 -3.7367516 -0.98156341 -0.0056949617 -0.19105215 -38.138234
-0.1902375 0.017811692 0.98157646 126.19562 -0.0050453708 0.99980446 -0.019120289 -3.7712251 -0.98172518 -0.0085898125 -0.19011043 -38.304484
-0.18985741 0.02143073 0.98157771 127.03601 -0.0057583818 0.99972025 -0.022940623 -3.8114966 -0.98179483 -0.010007746 -0.18968089 -38.457377
-0.18996192 0.020893452 0.98156908 127.88748 -0.0068227656 0.9997213 -0.022600237 -3.8394577 -0.98176779 -0.010990199 -0.18976643 -38.613938
-0.1897803 0.019816564 0.98162654 128.75051 -0.0083878915 0.99972709 -0.021803618 -3.8808196 -0.98179079 -0.012371674 -0.18956229 -38.773976
-0.18880866 0.020541255 0.98179899 129.58551 -0.00362225 0.99975984 -0.021613623 -3.9184625 -0.98200726 -0.0076371598 -0.18868891 -38.936381
-0.18826993 0.02264843 0.9818561 130.43694 -0.0063785263 0.99968478 -0.024282758 -3.9603766 -0.98209665 -0.010834508 -0.18806613 -39.091148
-0.18843258 0.0238959 0.98179533 131.26001 -0.016033727 0.99949584 -0.027404008 -3.9920285 -0.98195528 -0.020905646 -0.18795444 -39.229395
-0.18815654 0.025499454 0.98180793 132.09855 -0.019198819 0.99937639 -0.029635057 -4.0291859 -0.98195143 -0.024425582 -0.18754965 -39.373988
-0.18808165 0.028729146 0.98173308 132.93267 -0.019638038 0.99926226 -0.033004393 -4.0803714 -0.98195709 -0.025486832 -0.18737872 -39.530134
-0.18731749 0.029773335 0.98184807 133.75715 -0.016485084 0.9993045 -0.033447711 -4.1236108 -0.98216113 -0.022451189 -0.18669639 -39.683691
-0.18587706 0.030990246 0.98208413 134.58661 -0.017012237 0.99925117 -0.034751832 -4.1700248 -0.98242576 -0.023167016 -0.18521066 -39.828632
-0.18373794 0.030333162 0.98250709 135.40526 -0.011251067 0.99939339 -0.032958549 -4.2077632 -0.98291091 -0.017109989 -0.18328521 -39.986743
-0.18062521 0.027353759 0.98317151 136.23235 -0.004001766 0.99958448 -0.02854559 -4.2595805 -0.9835439 -0.0090904748 -0.18044069 -40.13786
-0.1785408 0.022882035 0.98366636 137.03977 0.0025798748 0.999737 -0.022787607 -4.2924296 -0.98392917 -0.0015307807 -0.17855288 -40.293798
-0.1746537 0.022696804 0.98436825 137.86604 0.0058308777 0.9997406 -0.02201669 -4.3278051 -0.9846127 0.0018944355 -0.17474074 -40.436406
-0.16992584 0.026578916 0.98509831 138.66002 0.001787706 0.99964288 -0.026662969 -4.3777263 -0.98545527 -0.0027696604 -0.16991267 -40.564115
-0.16337587 0.030297117 0.98609854 139.46444 0.0053990687 0.99954083 -0.029815607 -4.4143466 -0.98654917 0.00045286386 -0.16346443 -40.694381
-0.15546032 0.030433785 0.98737318 140.26416 2.6304089e-05 0.99952544 -0.030804211 -4.4549481 -0.98784218 -0.0047628598 -0.15538735 -40.811817
-0.14543139 0.027095325 0.98899721 141.0579 0.0082781243 0.99962325 -0.026169151 -4.4849301 -0.98933375 0.0043812269 -0.1456009 -40.926187
-0.13348665 0.025575052 0.99072052 141.86575 0.016754438 0.99958234 -0.023546373 -4.5255262 -0.99090902 0.013455841 -0.13385939 -41.035517
-0.12012945 0.027604091 0.99237435 142.64493 0.015419591 0.99954465 -0.02593696 -4.5657461 -0.99263852 0.012186215 -0.12050039 -41.12577
-0.10602323 0.028525702 0.99395436 143.44516 0.01314183 0.99954133 -0.027284228 -4.6027813 -0.99427685 0.010169618 -0.10634949 -41.203703
-0.092112561 0.028753173 0.99533333 144.22874 0.016352749 0.99949188 -0.027359948 -4.6385957 -0.99561436 0.013756242 -0.092535952 -41.274846
-0.078477173 0.030336802 0.99645418 145.02228 0.019231433 0.99939695 -0.028911794 -4.6780363 -0.99673044 0.016894327 -0.079013269 -41.327749
-0.064589383 0.036274622 0.99725236 145.82093 0.016143069 0.99924631 -0.035301606 -4.7289514 -0.99778139 0.013818606 -0.065126288 -41.365506
-0.051961296 0.04529782 0.99762119 146.55476 0.0092352191 0.99894983 -0.044877128 -4.7729492 -0.99860644 0.0068813776 -0.052325065 -41.387466
-0.038416351 0.053723994 0.99781653 147.32421 0.00064073757 0.99855481 -0.053739073 -4.8187457 -0.99926166 -0.0014251198 -0.038395257 -41.399056
-0.025117809 0.055073322 0.99816629 148.0882 0.002275875 0.99848192 -0.055033464 -4.8669123 -0.99968195 0.00088938258 -0.025205019 -41.405324
-0.013623391 0.050814739 0.99861513 148.83975 -0.0003220714 0.99870758 -0.050823836 -4.9212185 -0.99990719 -0.0010140175 -0.01358942 -41.400897
-0.002571824 0.048005422 0.99884372 149.61555 -6.1759369e-05 0.99884706 -0.04800574 -4.9767454 -0.99999673 -0.00018514943 -0.0025658956 -41.389614
0.0065912806 0.054101954 0.99851362 150.35509 -0.0040991719 0.99852843 -0.054075695 -5.0392825 -0.99996992 -0.0037366501 0.0068033527 -41.369487
0.012783185 0.062786108 0.99794509 151.10119 -0.012044453 0.99796395 -0.062633009 -5.0879676 -0.99984579 -0.011219053 0.01351338 -41.344442
0.015963353 0.065939275 0.9976959 151.84632 -0.017127185 0.99769472 -0.065665156 -5.1425327 -0.99972592 -0.016039485 0.017055906 -41.321621
0.015930552 0.061839288 0.99795893 152.59972 -0.01827541 0.99793691 -0.061546188 -5.1987022 -0.99970611 -0.017257643 0.017027823 -41.299434
0.01491286 0.056403945 0.99829661 153.35956 -0.011405772 0.99835231 -0.056236708 -5.2700145 -0.99982378 -0.010547693 0.015531617 -41.287123
0.01195562 0.05387743 0.99847594 154.12178 -0.012418254 0.99847834 -0.053728863 -5.320886 -0.99985146 -0.011756965 0.01260649 -41.274122
0.0088962544 0.053974556 0.99850264 154.86544 -0.013395631 0.99845903 -0.053852847 -5.3754039 -0.99987074 -0.012896484 0.0096055672 -41.263515
0.0053715804 0.054113418 0.99852031 155.60967 -0.013827585 0.9984433 -0.054034857 -5.4318208 -0.99989001 -0.013516871 0.0061114748 -41.25906
0.00063622582 0.052387308 0.9986266 156.35303 -0.012376762 0.99855076 -0.052375443 -5.4880837 -0.99992324 -0.01232644 0.0012836875 -41.25369
-0.0042953455 0.052709732 0.9986006 157.0966 -0.01303463 0.99852206 -0.052761652 -5.5368615 -0.99990586 -0.013243018 -0.0036019469 -41.25366
-0.010547976 0.051003334 0.99864274 157.83208 -0.013255464 0.99860345 -0.051141334 -5.5871958 -0.99985655 -0.01377691 -0.0098571738 -41.254061
-0.015978671 0.047979221 0.99872048 158.57949 -0.010768882 0.99878185 -0.048154461 -5.6390524 -0.99981438 -0.011524547 -0.015442525 -41.267724
-0.021370419 0.047949195 0.9986211 159.31122 -0.0121579 0.99876293 -0.048216181 -5.6899181 -0.99969774 -0.013171535 -0.020761022 -41.279869
-0.027083672 0.04921348 0.99842097 160.03377 -0.013408203 0.99867966 -0.049589948 -5.7370274 -0.99954329 -0.014730108 -0.026388049 -41.293155
-0.031027625 0.051525065 0.99818955 160.75327 -0.01473824 0.99853826 -0.052001186 -5.791952 -0.9994099 -0.01632503 -0.030222884 -41.309362
-0.033535212 0.053647014 0.99799664 161.4718 -0.014334171 0.99842982 -0.054151962 -5.8453116 -0.99933478 -0.016121452 -0.032713571 -41.33021
-0.035046887 0.05514571 0.99786301 162.18708 -0.013389436 0.99836092 -0.055643487 -5.9002165 -0.99929601 -0.015310953 -0.034251074 -41.353105
-0.034131225 0.053521489 0.99798318 162.90695 -0.010342108 0.99849264 -0.053902512 -5.9518913 -0.99936389 -0.012161008 -0.033526254 -41.38134
-0.030564666 0.04996566 0.9982831 163.61719 -0.0052703363 0.99872783 -0.050149281 -5.9965061 -0.99951894 -0.0067940829 -0.030262448 -41.401976
-0.023248888 0.049368547 0.99850997 164.31864 -0.0041938683 0.99876637 -0.04947887 -6.0530076 -0.99972095 -0.0053379472 -0.023013164 -41.412733
-0.012599584 0.050503959 0.99864434 165.01693 -0.0030158561 0.9987172 -0.050545692 -6.1075463 -0.99991612 -0.0036486215 -0.01243111 -41.414799
0.0016666062 0.050648361 0.99871512 165.70724 3.8070235e-05 0.99871654 -0.050648495 -6.154237 -0.99999865 0.00012243326 0.0016625375 -41.408599
0.016801302 0.048563158 0.99867875 166.39124 -0.0011091393 0.99882007 -0.048551369 -6.2001532 -0.99985828 -0.00029194679 0.016835339 -41.385274
0.032735856 0.04363822 0.99851088 167.09676 -0.0040256011 0.99904403 -0.04352954 -6.2437059 -0.99945597 -0.0025946289 0.03288023 -41.344724
0.049313956 0.037256045 0.99808819 167.76305 -0.0075999363 0.99928913 -0.03692537 -6.2860866 -0.99875445 -0.0057644699 0.049562042 -41.296147
0.066469934 0.02981375 0.99734287 168.44139 -0.0058196743 0.99954808 -0.029491805 -6.3192273 -0.9977715 -0.0038438916 0.0666134 -41.242137
0.08410594 0.021985892 0.9962142 169.1294 -0.0067349886 0.99974627 -0.021495236 -6.3546794 -0.9964341 -0.0049016135 0.084232673 -41.168783
0.10171137 0.015751828 0.99468919 169.78771 -0.0070956142 0.99986069 -0.015108165 -6.3819774 -0.99478869 -0.0055212579 0.10180897 -41.085974
0.11978175 0.013369327 0.99271018 170.45165 -0.0085916598 0.99988584 -0.012429283 -6.4144523 -0.99276311 -0.0070402262 0.11988294 -40.99128
0.13744055 0.012337152 0.99043314 171.08607 -0.0078239006 0.99990476 -0.011369425 -6.434184 -0.99047916 -0.0061864296 0.13752399 -40.892499
0.15530483 0.01204046 0.98779317 171.72585 -0.0096358029 0.99989661 -0.010673011 -6.4571789 -0.98781964 -0.0078606094 0.15540479 -40.778673
0.17171578 0.011381835 0.98508074 172.37581 -0.014554024 0.99985344 -0.0090155151 -6.4715015 -0.98503906 -0.012788782 0.17185626 -40.646473
0.18589776 0.0080257955 0.98253627 172.99386 -0.018589931 0.99981638 -0.0046496958 -6.4928826 -0.98239326 -0.017400913 0.18601282 -40.508806
0.19823557 0.0036917617 0.98014741 173.61964 -0.014231128 0.99989834 -0.00088789716 -6.5106573 -0.98005113 -0.01377259 0.19826796 -40.377385
0.2089979 0.0019708352 0.97791406 174.25248 -0.010964277 0.99993984 0.00032803978 -6.5299229 -0.97785466 -0.01079068 0.20900693 -40.23856
0.21884667 0.0055561711 0.9757434 174.84836 -0.015130074 0.99988289 -0.0023001474 -6.5472387 -0.97564199 -0.01425969 0.21890511 -40.086653
0.227548 0.012517233 0.97368637 175.45784 -0.018673793 0.99978959 -0.0084887856 -6.5666958 -0.97358784 -0.016250811 0.22773387 -39.933062
0.23687598 0.022829265 0.9712716 176.03126 -0.019687062 0.9996314 -0.018694522 -6.5851491 -0.97134045 -0.0146932 0.2372381 -39.779097
0.24497135 0.029438359 0.96908325 176.61016 -0.01473551 0.99953652 -0.026638513 -6.5988889 -0.96941837 -0.0077542626 0.2452916 -39.632185
0.25138543 0.028039495 0.96748079 177.22344 -0.014621488 0.99957624 -0.025170508 -6.6158365 -0.96777666 -0.0078185093 0.25168888 -39.469084
0.25727275 0.020642027 0.96611829 177.82291 -0.017267856 0.9997104 -0.016761405 -6.6369727 -0.96618457 -0.012370538 0.25755469 -39.294031
0.26177809 0.0097285433 0.96507902 178.43549 -0.020976789 0.99977033 -0.0043882882 -6.6599224 -0.96490014 -0.019095501 0.26192204 -39.113984
0.26401019 0.00047977764 0.96451973 179.05481 -0.020177015 0.99978379 0.0050255722 -6.6861361 -0.96430887 -0.020787931 0.26396278 -38.938676
0.26489657 -0.00056458074 0.96427662 179.65727 -0.01615433 0.99985689 0.0050231714 -6.704486 -0.96414155 -0.016907863 0.26484954 -38.774009
0.26606082 0.0027527028 0.96395227 180.26091 -0.015299032 0.99988203 0.0013673864 -6.7054362 -0.96383487 -0.015111344 0.26607154 -38.612674
0.26781762 0.0022353534 0.96346699 180.86309 -0.011977242 0.99992776 0.0010094013 -6.7164927 -0.96339522 -0.011810013 0.26782504 -38.441767
0.26975263 0.00048019805 0.96292949 181.46965 -0.013110753 0.99990901 0.0031741741 -6.7151268 -0.96284044 -0.013480972 0.26973438 -38.262447
0.27201454 -0.0037808232 0.96228567 182.08363 -0.013448955 0.99987968 0.0077302198 -6.7321056 -0.9621992 -0.015044469 0.27193096 -38.082804
0.27525723 -0.009408341 0.96132454 182.71082 -0.011773263 0.99984414 0.013156379 -6.7415362 -0.96129856 -0.014939314 0.27510356 -37.90354
0.27954263 -0.012390255 0.96005329 183.33828 -0.010459267 0.9998181 0.015948919 -6.7492819 -0.96007635 -0.014499856 0.27936219 -37.719789
0.28561134 -0.013777447 0.95824645 183.9395 -0.0096688542 0.99980434 0.017256819 -6.7426001 -0.9582968 -0.014193888 0.28542224 -37.533077
0.29347182 -0.01688091 0.95581863 184.5752 -0.0082102039 0.9997627 0.020177853 -6.7460629 -0.95593251 -0.013769096 0.29326358 -37.333162
0.30304689 -0.019211384 0.95278194 185.17813 -0.0049094553 0.99975204 0.021719991 -6.7482659 -0.95296304 -0.011259816 0.30287743 -37.132569
0.31416309 -0.017304136 0.94921127 185.80636 -0.0067456615 0.99976795 0.020458415 -6.7502697 -0.9493451 -0.012830336 0.31397346 -36.915214
0.32537256 -0.013609557 0.94548792 186.4179 -0.0072879878 0.99983063 0.016899806 -6.7527587 -0.94555786 -0.012389437 0.32521826 -36.691883
0.33707645 -0.010168688 0.94142232 187.02219 -0.0086653768 0.99986581 0.0139026 -6.7489747 -0.94143744 -0.012844018 0.3369431 -36.458547
0.34905362 -0.0095665924 0.93705388 187.65029 -0.0076751336 0.99988517 0.013067047 -6.7491723 -0.93707136 -0.011753113 0.34894011 -36.209895
0.36036299 -0.012679237 0.93272594 188.27698 -0.0070646378 0.99984184 0.016321049 -6.7531848 -0.93278544 -0.012470872 0.36021642 -35.959789
0.37143099 -0.014459684 0.92834792 188.89293 -0.0068493381 0.99980884 0.018313152 -6.7521273 -0.92843534 -0.013160641 0.37126095 -35.696831
0.38273665 -0.014416462 0.92374496 189.53149 -0.010141182 0.99975244 0.019804487 -6.7572478 -0.92380187 -0.016947768 0.3824957 -35.424005
0.39248872 -0.01636884 0.91961111 190.13961 -0.011578883 0.99967445 0.022735797 -6.7468345 -0.91968397 -0.019571612 0.39217141 -35.140264
0.39932192 -0.015192191 0.91668486 190.79114 -0.016137229 0.99959133 0.02359582 -6.7464239 -0.91666879 -0.024215082 0.39891357 -34.851843
0.40387696 -0.017146625 0.91465257 191.42696 -0.017079779 0.99950872 0.026279192 -6.7394395 -0.9146539 -0.026235624 0.40338568 -34.553134
0.40559617 -0.022303254 0.91378019 192.0703 -0.011737642 0.99949275 0.029605241 -6.731788 -0.91397705 -0.022733396 0.40512864 -34.267734
0.4065926 -0.020455216 0.91338052 192.72554 -0.0098863917 0.99959228 0.026786875 -6.7293408 -0.91355612 -0.019921382 0.40622459 -33.978436
0.4053294 -0.020444514 0.91394203 193.39162 -0.0071755821 0.99964794 0.025544061 -6.7224538 -0.91414258 -0.016911825 0.40504 -33.686077
0.40392493 -0.019475604 0.91458476 194.06152 -0.0043002588 0.99972188 0.023187757 -6.7166257 -0.91478207 -0.013299064 0.40372884 -33.401212
0.40419943 -0.020704114 0.91443649 194.73228 -0.0014491318 0.99972803 0.023275778 -6.707729 -0.91466977 -0.010733195 0.40405949 -33.103264
0.40320411 -0.027149069 0.91470722 195.41292 0.0031732599 0.99959529 0.028269822 -6.6965642 -0.91510461 -0.0084959039 0.40312708 -32.804143
0.40234359 -0.03023833 0.91498919 196.09875 0.003230901 0.99949505 0.031610351 -6.6939741 -0.91548308 -0.0097619818 0.40223812 -32.500855
0.40077654 -0.03255645 0.91559717 196.79073 0.0043772545 0.99942506 0.033621151 -6.6811086 -0.91616542 -0.0094667663 0.40068863 -32.201342
0.39874958 -0.032861347 0.91647086 197.4787 0.0034970102 0.999405 0.034313544 -6.6737439 -0.91705322 -0.010477603 0.39862724 -31.902622
0.39767714 -0.03263698 0.91694474 198.16216 0.00162575 0.99939066 0.034866408 -6.6631269 -0.91752402 -0.01237485 0.39748788 -31.584871
0.39530668 -0.031961573 0.91799293 198.8517 0.0011906667 0.99941144 0.034283579 -6.653312 -0.91854847 -0.012459504 0.39511207 -31.298348
0.39484697 -0.028754236 0.91829679 199.53713 0.0022157352 0.99953702 0.03034536 -6.6496808 -0.91874427 -0.0099470704 0.39472787 -30.994349
0.39370184 -0.022563467 0.9189612 200.23192 0.00034036581 0.99970222 0.024400101 -6.6507573 -0.91923817 -0.0092935809 0.39359228 -30.701662
0.39245385 -0.019890622 0.91955656 200.91498 -0.0015271778 0.99975067 0.022277052 -6.637622 -0.91977047 -0.01014704 0.39232562 -30.408314
0.39145258 -0.022559725 0.91992166 201.61045 -0.0013458978 0.99968433 0.025088505 -6.6270187 -0.92019734 -0.01105908 0.39129865 -30.101758
0.39006737 -0.02541587 0.92043545 202.3041 -0.0032692393 0.99957445 0.028986583 -6.6250079 -0.92078056 -0.014315843 0.38981828 -29.802084
0.38727727 -0.025284514 0.92161648 202.98013 -0.0069959465 0.9995145 0.030361446 -6.6231585 -0.92193679 -0.018205877 0.38691236 -29.504095
0.38306671 -0.025044515 0.92338107 203.6821 -0.010040726 0.99946043 0.031273404 -6.6184804 -0.92366615 -0.021251216 0.38260856 -29.210592
0.37604441 -0.025918601 0.92623904 204.35929 -0.010403939 0.9994276 0.032190511 -6.6102824 -0.92654327 -0.021741596 0.37555951 -28.931046
0.36756214 -0.026232156 0.92962889 205.05939 -0.010091346 0.99943076 0.032191792 -6.596345 -0.92994425 -0.021213691 0.36708819 -28.656673
