1.000000000000000000e+00 -3.306050084167601550e-19 -2.270457535318767223e-19 -8.673617379884035472e-19 7.546676715296109287e-19 1.000000000000000000e+00 6.237773588823049983e-19 1.387778780781445676e-17 -3.447385680526250622e-20 4.770700176052009879e-20 1.000000000000000222e+00 5.551115123125782702e-17
9.996191799802822686e-01 1.900392789929706379e-03 2.753484947401589611e-02 -5.549602175268038284e-02 -1.876154400990466629e-03 9.999978587980478117e-01 -9.062430585158198380e-04 3.468866234755594441e-02 -2.753651493742520495e-02 8.542473677005109171e-04 9.996205582103481202e-01 1.606808936555842449e-01
9.993566229059933637e-01 3.897253801478285477e-03 3.565428232344304560e-02 2.592616916732679022e-02 -3.907016090845963699e-03 9.999923477511054593e-01 2.041144066921545940e-04 3.435679771736338539e-03 -3.565321719270964779e-02 -3.432793850194553820e-04 9.993641650622006045e-01 2.504995517811047234e-01
9.979424791374957859e-01 5.760736700701537399e-03 6.386973946701104965e-02 5.736198363921381216e-02 -5.790937071782952320e-03 9.999831884258187920e-01 2.879639296426699945e-04 -2.635990814123773118e-03 -6.386702057895653206e-02 -6.571177861616313764e-04 9.979591085521032356e-01 4.085684628812403796e-01
9.953094224009535473e-01 5.887389963570086385e-03 9.655975406799967298e-02 1.148398387022045025e-01 -6.271484764979324590e-03 9.999735514218727195e-01 3.673536702422378324e-03 2.932389395402577870e-02 -9.653557367786903820e-02 -4.261957825897790507e-03 9.953200559051099683e-01 5.833378359473637698e-01
9.910713818237300021e-01 1.887998898850000180e-03 1.333336632572776626e-01 1.868574119275737688e-01 -2.637219097248307172e-03 9.999817041892794522e-01 5.443491684185227525e-03 1.336004719454775974e-02 -1.333209527923654714e-01 -5.746490521310006379e-03 9.910582487877110935e-01 7.846411874999381642e-01
9.846673408778210401e-01 -6.461888700288047653e-04 1.744497610335151994e-01 2.650477006069669184e-01 -6.026239230557657676e-04 9.999745776585317047e-01 7.106503279609768624e-03 2.173123629503523335e-02 -1.744499384418975452e-01 -7.102704776581550417e-03 9.846419006622559866e-01 9.662147005416190648e-01
9.760708677779004194e-01 -7.622235950609236284e-04 2.174563583040344805e-01 3.547237093625463800e-01 -9.863145717226265603e-04 9.999680752617597923e-01 7.933535309425259960e-03 1.700707039928073261e-02 -2.174554791134687415e-01 -7.958209816674957637e-03 9.760389225609258368e-01 1.188161140117777848e+00
9.646611604736754497e-01 -1.329090104424099578e-03 2.635295997207574015e-01 4.478607327531138882e-01 -1.697990003593300486e-03 9.999351465433821140e-01 1.126141754937922887e-02 2.683733893335144005e-02 -2.635275301208816479e-01 -1.131069543750282472e-02 9.645963552220174764e-01 1.379391078530979087e+00
9.501266924099596167e-01 -5.900444953833633085e-03 3.118150702472919367e-01 5.857020261981239484e-01 2.659522413503724852e-04 9.998359558786925616e-01 1.811392710165292061e-02 2.994430625965736892e-02 -3.118708054787276418e-01 -1.712796023516247046e-02 9.499724184113297332e-01 1.623231958497784788e+00
9.328835617260485824e-01 -1.463326158192816175e-02 3.598007158207121026e-01 7.178349266775326809e-01 5.639005737899396853e-03 9.996452796375019378e-01 2.603187466440831654e-02 2.453624269947244502e-02 -3.600539251025479115e-01 -2.225654279406207026e-02 9.326351405509697434e-01 1.849182341758526693e+00
9.114590511295439512e-01 -2.042569252678353223e-02 4.109189757137777788e-01 8.794451311513407088e-01 8.885632535526391540e-03 9.995111101373820306e-01 2.997330185717417966e-02 2.042822749971247298e-02 -4.113304077014465210e-01 -2.366834424606039863e-02 9.111949106973381562e-01 2.065788828290420653e+00
8.868843915677977474e-01 -2.283740043543183371e-02 4.614018947794611969e-01 1.071002196124659189e+00 7.619386065357636531e-03 9.993647148634272614e-01 3.482488450215475567e-02 2.497227138577381295e-02 -4.619038367609900053e-01 -2.737159526302761908e-02 8.864948935268137653e-01 2.308596009660558668e+00
8.584164639623604875e-01 -2.415165882851326440e-02 5.123714435177847415e-01 1.248855564192882239e+00 5.134922448510229054e-03 9.992455643456865655e-01 3.849756471293764443e-02 4.183361448400937932e-02 -5.129145667733557845e-01 -3.041723237537065708e-02 8.578927454994788038e-01 2.545685884776109464e+00
8.266345528408002297e-01 -2.952237137652790125e-02 5.619555715851588529e-01 1.477472418764719020e+00 6.142683908309210308e-03 9.990368965233398235e-01 4.344086221164329686e-02 4.545306780979246897e-02 -5.626968730219896742e-01 -3.245933917476297170e-02 8.260196297755695305e-01 2.774933788389123634e+00
7.903656133726579824e-01 -3.572089779039682583e-02 6.115311835497531101e-01 1.711175211062577972e+00 8.618470742649065111e-03 9.988483315314369282e-01 4.720797493258607064e-02 4.986889628020738791e-02 -6.125126061617803819e-01 -3.204596699355185402e-02 7.897629842836799696e-01 2.983871473322875278e+00
7.524046550572410785e-01 -4.075274092225091710e-02 6.574914447671619255e-01 1.978756010505121399e+00 1.002861680407898283e-02 9.986773641081506669e-01 5.043576243464907571e-02 6.542918840676226200e-02 -6.586769884681575871e-01 -3.135786925401222447e-02 7.518181640354446582e-01 3.190346160222964578e+00
7.133843638957049205e-01 -4.382033527113565058e-02 6.994803235525965945e-01 2.270997752247241763e+00 1.073170426309384348e-02 9.986092285667588220e-01 5.162231164825892282e-02 8.035576212555679831e-02 -7.007694714561655269e-01 -2.932445322800840415e-02 7.128622358227538758e-01 3.414228162396023336e+00
6.721412516717101271e-01 -4.605808402130759371e-02 7.391496436653290925e-01 2.570221389763533981e+00 1.017330892408187248e-02 9.985437113455796210e-01 5.297393218177863516e-02 9.330934271683308245e-02 -7.405136539374975735e-01 -2.808655178183827941e-02 6.716308896247695781e-01 3.619603656954803128e+00
6.280149544067850087e-01 -4.600418461519445446e-02 7.767220511260555238e-01 2.910048310791468307e+00 6.020752836722244317e-03 9.985086778352535442e-01 5.426331302266614726e-02 1.136528617188873186e-01 -7.780595315457968786e-01 -2.940609264392791272e-02 6.273550208074307744e-01 3.851254106347965500e+00
5.868787345802154443e-01 -4.661148650321757236e-02 8.082935824320701679e-01 3.251665124031520637e+00 2.285031939567654883e-03 9.984331202312092257e-01 5.590550316875438075e-02 1.315087040528505336e-01 -8.096329377389939186e-01 -3.096432261398298150e-02 5.860653868000562650e-01 4.047891675961468927e+00
5.468463875116637007e-01 -4.796046506487060268e-02 8.358495746122914793e-01 3.631064094388532837e+00 1.233424483784763877e-03 9.984030330780591100e-01 5.648556187145958862e-02 1.514016281208594994e-01 -8.372234383627945586e-01 -2.986238597167355582e-02 5.460321126515494949e-01 4.263196024436776810e+00
5.083446946980468839e-01 -5.085731627719106834e-02 8.595946155574090142e-01 4.051286864465009074e+00 -4.517761117562990722e-04 9.982387099711356182e-01 5.932485416801897699e-02 1.661271221070152460e-01 -8.610975588105846956e-01 -3.054698421452863022e-02 5.074263690620492984e-01 4.471823720813541847e+00
4.708781271679511327e-01 -5.055784064989943954e-02 8.807001290424445461e-01 4.478984305751481543e+00 -3.372247894923821338e-03 9.982456048484813493e-01 5.911804769668344700e-02 1.852079490776717963e-01 -8.821444372294796610e-01 -3.079877142057150033e-02 4.698821197291731533e-01 4.671623540664643137e+00
4.338577887318513238e-01 -4.980760432986526542e-02 8.995426078119295177e-01 4.937058418183683628e+00 -4.932391913896497053e-03 9.983246235719267503e-01 5.765536157138961143e-02 2.129708140817749285e-01 -9.009068311998481571e-01 -2.945590878499958903e-02 4.328851292954958296e-01 4.862206992195703847e+00
4.004374006056843904e-01 -4.926044436600265225e-02 9.150822050506837169e-01 5.441221163718437559e+00 -3.551666156683751241e-03 9.984630059689705295e-01 5.530288627956250064e-02 2.347981027060865589e-01 -9.164001994018082797e-01 -2.539418511099813744e-02 3.996470103507755445e-01 5.058584589056163594e+00
3.715225673948999163e-01 -4.755271716064832233e-02 9.272522865343153509e-01 5.951863855803705583e+00 -1.406130898929288005e-03 9.986577744899375331e-01 5.177444635794967165e-02 2.567199255780818756e-01 -9.284692690994925668e-01 -2.054878353361250590e-02 3.709566560533189006e-01 5.229838040161355117e+00
3.458214106686829936e-01 -4.623677759056100955e-02 9.371777540294908837e-01 6.502303910469257708e+00 -8.122685004363801569e-04 9.987703628996514871e-01 4.956152437018025020e-02 2.864545371343248381e-01 -9.383167919768219400e-01 -1.790814115550580857e-02 3.453581263435461790e-01 5.417355373807347441e+00
3.241613708169269192e-01 -4.526564549728358949e-02 9.448936302058252856e-01 7.090647570159179125e+00 3.389091221718976160e-05 9.988548640375169985e-01 4.784429775776716937e-02 3.093517142879825266e-01 -9.459775152920520958e-01 -1.547474221751413657e-02 3.237920317852657215e-01 5.602701077160588738e+00
3.111881395843753007e-01 -4.576722716525570556e-02 9.494027548180901110e-01 7.678511056844548932e+00 1.445539995897749275e-03 9.988613008002136251e-01 4.767287859710719888e-02 3.377856005588782962e-01 -9.505042735135136311e-01 -1.345456395510803357e-02 3.109000365727324078e-01 5.787300163664291119e+00
2.980576722602862882e-01 -4.791425342124359943e-02 9.532894930665010147e-01 8.297726954217015560e+00 2.577043638115049731e-03 9.987762536296788118e-01 4.939418293516380232e-02 3.611745139548695471e-01 -9.544893213998161263e-01 -1.227386933074833299e-02 2.978162532577554589e-01 5.978390248555998099e+00
2.877165756979547795e-01 -4.933542832366832193e-02 9.563731820236921477e-01 8.948997660533086318e+00 1.699749434817513123e-03 9.986970810349574679e-01 5.100731268483104514e-02 3.878071876970889953e-01 -9.576433244558744118e-01 -1.305377030025076449e-02 2.874255904938031181e-01 6.168978385361238104e+00
2.767634649441718664e-01 -5.069074824131212381e-02 9.595795982202475205e-01 9.631372668996776909e+00 -2.167937889369135022e-04 9.986041109559772311e-01 5.281659928242374985e-02 4.229892773508928117e-01 -9.609179161817614778e-01 -1.481998972181113906e-02 2.763664841489080204e-01 6.366951581977903452e+00
2.662674314243580476e-01 -5.239195880963699870e-02 9.625946075799040047e-01 1.033012309931288719e+01 -1.374849239757739089e-03 9.984996608350312775e-01 5.473040365840486920e-02 4.564768828833289938e-01 -9.640190423624599436e-01 -1.588229555935404685e-02 2.657963814420879478e-01 6.567113109236503377e+00
2.556740395046971370e-01 -5.502105704898008903e-02 9.650674692893616013e-01 1.105451238065611008e+01 -2.291252582201655074e-03 9.983418503434899893e-01 5.752961438912936043e-02 4.883059444398669680e-01 -9.666316485290218363e-01 -1.693144009253522847e-02 2.551240353932833771e-01 6.753729123303149784e+00
2.468491363828844432e-01 -5.734383623421220044e-02 9.673669072038533212e-01 1.179831255197227868e+01 -1.968924132350358472e-03 9.982151862314306845e-01 5.969302082445664126e-02 5.243853132634067604e-01 -9.690641720153791994e-01 -1.663018642350682502e-02 2.462964311603279555e-01 6.945398762862309283e+00
2.349538954773664756e-01 -5.820546401312375745e-02 9.703065875060127299e-01 1.256072133136231805e+01 -2.899186180165382390e-03 9.981591675005118125e-01 6.056987139584807389e-02 5.566566803840535815e-01 -9.720464179934072968e-01 -1.704068374720530549e-02 2.343524569272121272e-01 7.125852734022985580e+00
2.241346908451997688e-01 -6.127031065645843766e-02 9.726330578487271117e-01 1.333905084917593875e+01 -4.301354148517822461e-03 9.979506151004897685e-01 6.383747472521626720e-02 5.953233311833669994e-01 -9.745504973145736605e-01 -1.850334526094928739e-02 2.234108657671860232e-01 7.306022830064638818e+00
2.133307581454705060e-01 -6.477659502109420209e-02 9.748127132068709066e-01 1.413932128441043368e+01 -6.460183699140044887e-03 9.976839861309431123e-01 6.771122426112261006e-02 6.396407629480310719e-01 -9.769414580397154380e-01 -2.073815144418238512e-02 2.124183956438212006e-01 7.483388414770368868e+00
2.017646151429355050e-01 -6.869809691922353079e-02 9.771176307959866802e-01 1.493503665674264447e+01 -7.453094042743347442e-03 9.974006835230919688e-01 7.165335979001738465e-02 6.768603438566660468e-01 -9.795012833560966525e-01 -2.173094079179647281e-02 2.007279255733220025e-01 7.654330807825419747e+00
1.883427483751648479e-01 -7.059879078557285137e-02 9.796203373041374451e-01 1.574716863229119390e+01 -7.737606022526572792e-03 9.972752069270756081e-01 7.336864234216818048e-02 7.215135967442876108e-01 -9.821307377906943747e-01 -2.140137791560652730e-02 1.872833800563793727e-01 7.807288536249176403e+00
1.735646167823169383e-01 -7.220111215562910467e-02 9.821326617365773171e-01 1.656160965557378617e+01 -8.160391970737717118e-03 9.971698620030570170e-01 7.475149281146967195e-02 7.611918022016841423e-01 -9.847480060723506901e-01 -2.101374116078979712e-02 1.724834454518775484e-01 7.954155249394235128e+00
1.600289850137023295e-01 -7.067403980327587043e-02 9.845979348101052686e-01 1.737245655990815152e+01 -9.274280333486628267e-03 9.972823081254216238e-01 7.306732211663390097e-02 8.068550873980565585e-01 -9.870869971956279798e-01 -2.081516074769357641e-02 1.589381966451168249e-01 8.081446760791065387e+00
1.433386702118282507e-01 -6.964615794779766000e-02 9.872522898938995706e-01 1.819757257367596281e+01 -1.098000343340587749e-02 9.973466780076364335e-01 7.197339477905467797e-02 8.477646128223440547e-01 -9.896462002193190388e-01 -2.114836350569158918e-02 1.421944960884348463e-01 8.199445468666441528e+00
1.232222970890138186e-01 -6.779353082127499708e-02 9.900663916877195936e-01 1.902939177014191685e+01 -1.322661026446919109e-02 9.974637251117703940e-01 6.993086878212574631e-02 8.888293695822873097e-01 -9.922952752176296132e-01 -2.172473334340780174e-02 1.220123045061022177e-01 8.310799493587790465e+00
9.855624722126810067e-02 -6.696514689883707738e-02 9.928364421201596457e-01 1.985962370179849046e+01 -1.699664427846018719e-02 9.974747664816984161e-01 6.897475320724602565e-02 9.347951431252985444e-01 -9.949462188990139122e-01 -2.369766925785460679e-02 9.716880711355047051e-02 8.379138168844564305e+00
6.640444382584147209e-02 -6.624188965028499076e-02 9.955580868186290067e-01 2.070869417557911873e+01 -2.230232723398577199e-02 9.974463957979994300e-01 6.785728375163270487e-02 9.753661112705763747e-01 -9.975093115124681331e-01 -2.673049681094315927e-02 6.475709657963892030e-02 8.434007788760922608e+00
3.382256152966386237e-02 -6.584859817365718015e-02 9.972585249350054415e-01 2.156097857074296797e+01 -2.514273360056818243e-02 9.974545808342399900e-01 6.672039420080223826e-02 1.015823556044196385e+00 -9.991155436465573025e-01 -2.729893494859368663e-02 3.208165625918134312e-02 8.465664629253177864e+00
-6.718205380391203659e-04 -6.537574151380010079e-02 9.978602665179365783e-01 2.241054366384217644e+01 -2.680426099505737320e-02 9.975035025647753795e-01 6.534351356749285022e-02 1.056907053283700604e+00 -9.996401120354546643e-01 -2.671651857783463244e-02 -2.422542176559286040e-03 8.448703647351162971e+00
-3.494327526090620223e-02 -6.416121860265090737e-02 9.973294632726480424e-01 2.327344074623774617e+01 -2.685343647716407350e-02 9.976368054215153380e-01 6.323404768162739498e-02 1.091303735527221264e+00 -9.990308174196728119e-01 -2.455301199147512034e-02 -3.658338918131904399e-02 8.412918899183633670e+00
-6.829539075729237907e-02 -6.262945944903564044e-02 9.957016580215130030e-01 2.412243825593575863e+01 -2.963441604726485892e-02 9.977155365212783122e-01 6.069304082277253432e-02 1.120269373644114275e+00 -9.972267310026421416e-01 -2.538483274369008127e-02 -6.999611349307752195e-02 8.359532082073837245e+00
-1.012999224183700198e-01 -5.956039065264635141e-02 9.931061210115111892e-01 2.498485451139666580e+01 -3.234110868244485099e-02 9.978766099926563715e-01 5.653216335340949250e-02 1.165188539589017580e+00 -9.943624761977768456e-01 -2.642681522645875733e-02 -1.030117793678233529e-01 8.269411572483774009e+00
-1.332619504755080397e-01 -5.510191277659671344e-02 9.896124986134001711e-01 2.584661211880328580e+01 -2.918873278528669526e-02 9.982385448712830511e-01 5.165023953898393444e-02 1.190227445430346753e+00 -9.907151116189149009e-01 -2.200600936714724662e-02 -1.346356963588181133e-01 8.147438524175782959e+00
-1.647578670475143559e-01 -4.893458791447773820e-02 9.850836121774267928e-01 2.668951524216351245e+01 -2.398414008537112785e-02 9.986716011455443187e-01 4.560309451265860681e-02 1.211740889607430427e+00 -9.860074409099579551e-01 -1.609243569056854548e-02 -1.657123471694715855e-01 7.988963815757043285e+00
-1.966371400107107814e-01 -4.318476176960939217e-02 9.794410625202746301e-01 2.754314208920571616e+01 -1.833143926398944634e-02 9.990170760186674048e-01 4.034546320485798976e-02 1.231240385279113836e+00 -9.802207805692020326e-01 -1.002465574946583698e-02 -1.972356885952749883e-01 7.809487830644513018e+00
-2.222786917908830262e-01 -3.811578454499182228e-02 9.742858031604347824e-01 2.837040578353103015e+01 -1.270350549397706620e-02 9.992636175920885933e-01 3.621406872290188622e-02 1.241532671507936447e+00 -9.749489079665304425e-01 -4.333263943898622850e-03 -2.225990700072525696e-01 7.597991543070815368e+00
-2.517117327302240692e-01 -3.222467959359023165e-02 9.672198910187886911e-01 2.920859806557400162e+01 -3.725285730867987279e-03 9.994700875193711642e-01 3.233488147001438440e-02 1.252717346738173809e+00 -9.677495622958794952e-01 4.539326769512859461e-03 -2.516981920064779721e-01 7.361590406713144574e+00
-2.791016069637551333e-01 -2.166987414344325943e-02 9.600492658011421376e-01 3.002848620478185637e+01 1.627433429759380604e-03 9.997330423496130214e-01 2.303974559197153812e-02 1.250843138081119132e+00 -9.602927582218209190e-01 7.998411548399527587e-03 -2.789918033992397906e-01 7.111738784983642425e+00
-3.014917515453670038e-01 -7.271726026338281440e-03 9.533643613135326378e-01 3.083322238400360149e+01 6.831441329944707569e-03 9.999286297305178817e-01 9.788032373831171210e-03 1.243155857638978956e+00 -9.533676666245043396e-01 9.467745102513962230e-03 -3.014205317305304610e-01 6.840355642176111139e+00
-3.262269601959202903e-01 1.049937603040261569e-02 9.451445570964482901e-01 3.162651655668878803e+01 7.049062454924492210e-03 9.999373932541212318e-01 -8.677449016703959669e-03 1.226697001766562156e+00 -9.451767142298146407e-01 3.829327579768690513e-03 -3.262806211037026505e-01 6.567945114707423038e+00
-3.520407053649237117e-01 2.619889361611702633e-02 9.354290083678992174e-01 3.241356164396619732e+01 7.041517294667285973e-03 9.996538652501861799e-01 -2.534825823332605838e-02 1.209515745897496775e+00 -9.357694618041468848e-01 -2.335679447458564786e-03 -3.521032850645531287e-01 6.276606350202049711e+00
-3.763261060555316839e-01 3.679788539407919529e-02 9.255333493032142922e-01 3.319919615412124614e+01 1.076232272249691597e-02 9.993165564130788159e-01 -3.535998581858224715e-02 1.171350417033476532e+00 -9.262026159636613798e-01 -3.363340993720835038e-03 -3.764646560898927130e-01 5.953997871702208400e+00
-4.006768300704618979e-01 4.088837032994804832e-02 9.152123212912302019e-01 3.397568490228368177e+01 1.372204523117091443e-02 9.991588913890947499e-01 -3.864235634604279435e-02 1.120557106956747262e+00 -9.160230023413606926e-01 -2.927389994378669976e-03 -4.009007105152576078e-01 5.621962825522650142e+00
-4.213254697629724710e-01 4.077758159524796922e-02 9.059119093240722842e-01 3.475210200273669869e+01 1.679241149457282034e-02 9.991682811485749216e-01 -3.715901751795102487e-02 1.078914852199825969e+00 -9.066736953230889462e-01 -4.436682010378033563e-04 -4.216598368086524884e-01 5.257292437521309481e+00
-4.426915083120352978e-01 3.679831012834431508e-02 8.958415730518521913e-01 3.550996901278129769e+01 2.033658298505378742e-02 9.993128075313160164e-01 -3.097832642861399199e-02 1.042886772656634875e+00 -8.963659559290518830e-01 4.500045207796442640e-03 -4.431357841016353993e-01 4.876568834207536618e+00
-4.593494243547449618e-01 3.454651530384416497e-02 8.870700718995490064e-01 3.625652285448358469e+01 2.733996730229583394e-02 9.993197984771462483e-01 -2.473523964958477053e-02 9.969394411200427353e-01 -8.873215800635397832e-01 1.287929465787653049e-02 -4.599812984616956646e-01 4.483756987036823460e+00
-4.734176585114546199e-01 3.564989133397183235e-02 8.797769061629991949e-01 3.699032231449033503e+01 3.143685990316472806e-02 9.992280411233771531e-01 -2.354819066791669774e-02 9.498960103412222855e-01 -8.799377225625165666e-01 1.649187765798908537e-02 -4.741728522850793826e-01 4.070089953899328705e+00
-4.837711738759457036e-01 3.876075397818752599e-02 8.741470783746150275e-01 3.770929363381377186e+01 3.416836586200565351e-02 9.990937797651558983e-01 -2.536637628487488708e-02 9.126694281777979478e-01 -8.743379846131370536e-01 1.760300699220892010e-02 -4.846572380474897246e-01 3.663247771934491581e+00
-4.955690271193636254e-01 4.119817682229048178e-02 8.680419991975558691e-01 3.840368608348291701e+01 3.575047057815550211e-02 9.989956720179159477e-01 -2.701621827097458114e-02 8.687945362568771923e-01 -8.682826126906874054e-01 1.766447032599701567e-02 -4.965441263686604656e-01 3.265295320660306366e+00
-5.037540595022834689e-01 4.125091197577382407e-02 8.627138133029014222e-01 3.911668632527378264e+01 2.977577984437499575e-02 9.990948764360028100e-01 -3.038263796705367725e-02 8.307223487178420074e-01 -8.631861112524362722e-01 1.038967938879824943e-02 -5.045264291354099040e-01 2.856338866380728092e+00
-5.156521141125258723e-01 3.908132375839255823e-02 8.562513452327331631e-01 3.981558366042356312e+01 2.756775552307041618e-02 9.991988455547374803e-01 -2.902016870117155381e-02 7.958020512486613240e-01 -8.566993173435458742e-01 8.646975402555158799e-03 -5.163164114654049675e-01 2.449559963396026774e+00
-5.236292056233113890e-01 4.066367240482501866e-02 8.506385199551815823e-01 4.051949625548721912e+01 3.053342398834540256e-02 9.991141921757534794e-01 -2.896697726194020009e-02 7.572482613224964521e-01 -8.510631628085987277e-01 1.079609474068648350e-02 -5.244067504493842291e-01 2.006320944631538872e+00
-5.302001553609390072e-01 4.324866631051403620e-02 8.467901946479774455e-01 4.122269537152705254e+01 3.437980561207225338e-02 9.989734386530729759e-01 -2.950556797215751065e-02 7.129094074400597059e-01 -8.471967045122537066e-01 1.346904762643602940e-02 -5.311428087247206387e-01 1.560961900418296633e+00
-5.340757603307954016e-01 4.679737870373297526e-02 8.437688536359105873e-01 4.192855989997464405e+01 3.521878938609514925e-02 9.988317184840338481e-01 -3.306308452346837928e-02 6.816705030285091782e-01 -8.443307585550965388e-01 1.204171456305657036e-02 -5.351000486149696256e-01 1.119250906109184207e+00
-5.327338425754507556e-01 4.852872464994930496e-02 8.448841092336837333e-01 4.266851530588103714e+01 3.426604813698382046e-02 9.987728471171472000e-01 -3.574998434119368296e-02 6.431551791996439338e-01 -8.455820746541006239e-01 9.904680252341934582e-03 -5.337430860770357999e-01 6.567935550288045432e-01
-5.288056406370735818e-01 4.905116100297822468e-02 8.471113883249367094e-01 4.341643052997476104e+01 3.687839464392617117e-02 9.987136552160844616e-01 -3.478981250173836942e-02 6.016905981412349336e-01 -8.477282411808370055e-01 1.283612959305745552e-02 -5.299343622161875045e-01 1.912372593362677564e-01
-5.235923378553031249e-01 4.758704951158188728e-02 8.507993280803874958e-01 4.416883017451226578e+01 3.510384753245693323e-02 9.987957157958493593e-01 -3.429973302778886041e-02 5.610436301446982688e-01 -8.514071544653708523e-01 1.190393592302699428e-02 -5.246320793413030703e-01 -2.617675647975898912e-01
-5.170109480207885078e-01 4.569463112895608137e-02 8.546268079954265628e-01 4.495202184347852636e+01 3.222560832068737530e-02 9.989053895320270104e-01 -3.390131702334560349e-02 5.174199861283698132e-01 -8.552400989894816119e-01 1.001685674049890631e-02 -5.179175814648516729e-01 -7.316678033246781787e-01
-5.090302729298241680e-01 4.527488538318363148e-02 8.599350709461818232e-01 4.574900572042066926e+01 3.034408602352389392e-02 9.989390336318912933e-01 -3.464273990059751201e-02 4.768669441760747252e-01 -8.605910341628031368e-01 8.461432778978717970e-03 -5.098640977496440296e-01 -1.185065310744298106e+00
-5.038659209623916890e-01 4.340110452108839056e-02 8.628211447150654356e-01 4.654551826041291918e+01 2.752745659213117965e-02 9.990362075458836255e-01 -3.420251148879208114e-02 4.339885662067035632e-01 -8.634740028716586524e-01 6.517899765727817700e-03 -5.045748862500873955e-01 -1.634658676746872707e+00
-4.987438497767479051e-01 4.172252330809980703e-02 8.658671381666064315e-01 4.738496171871001650e+01 2.381803861155361995e-02 9.991229463219871709e-01 -3.445433609966931654e-02 3.884568728985245967e-01 -8.665452749867040838e-01 3.442513183631996671e-03 -4.992999544515809296e-01 -2.103564346655478090e+00
-4.960680962972813246e-01 3.734865490721307746e-02 8.671017062544364995e-01 4.821702249845014876e+01 1.804941144984757717e-02 9.993022390734405125e-01 -3.268375211566671573e-02 3.495455593389128479e-01 -8.677178361491042491e-01 -5.824922849610130035e-04 -4.963959701019801107e-01 -2.559990182403606873e+00
-4.975183086141978794e-01 3.529028814324921409e-02 8.670742199926652072e-01 4.908540244224646187e+01 1.551780172349213373e-02 9.993745151232548141e-01 -3.179165576712752322e-02 3.018838085478963706e-01 -8.676531933256678153e-01 -2.335806316744306731e-03 -4.977548705067070811e-01 -3.037796153145885025e+00
-4.975498522223473774e-01 3.367261200710756908e-02 8.666267861298222464e-01 4.995811900592187271e+01 1.377076857909688423e-02 9.994269715198690340e-01 -3.092391483961503054e-02 2.555185729017699914e-01 -8.671713296374791158e-01 -3.452734403878407986e-03 -4.977283678002530354e-01 -3.533140845238762928e+00
-4.975469456296202631e-01 3.467739378468143174e-02 8.664037790457003174e-01 5.083035967492861573e+01 1.445373911949287583e-02 9.993928549098890501e-01 -3.169385436149999014e-02 2.090535638896222903e-01 -8.669773760867551804e-01 -3.272713980052298008e-03 -4.977458249754591613e-01 -4.020348127096049495e+00
-4.975340575033523338e-01 3.252080056984645029e-02 8.663856030714693901e-01 5.172959629579553820e+01 1.351855342811254281e-02 9.994659440505675452e-01 -2.974602514322444505e-02 1.642020553841682662e-01 -8.668906823160070774e-01 -3.102581685078836197e-03 -4.977076755696608901e-01 -4.537024733453518088e+00
-4.975034023124081384e-01 3.270032575710713624e-02 8.663247172892712955e-01 5.263567613855106941e+01 1.442510510036021550e-02 9.994628219529632096e-01 -2.941937639232394125e-02 1.168821826267746750e-01 -8.668215060992481291e-01 -2.155239247090890483e-03 -4.977075819101473009e-01 -5.046699029757595767e+00
-4.999328549446160341e-01 3.196105510299999258e-02 8.653797884546686747e-01 5.354783984100025407e+01 1.379261899755725856e-02 9.994859057580609552e-01 -2.891868618823153353e-02 7.011705002358656347e-02 -8.658597860373855593e-01 -2.544816799364686948e-03 -5.001167617414081779e-01 -5.548589399541938860e+00
-4.975674075293167742e-01 3.063683028516029153e-02 8.663469341172620464e-01 5.447455792082545400e+01 1.154444735801664519e-02 9.995210998407946246e-01 -2.869699952749387231e-02 2.249844501625158227e-02 -8.668115223383771051e-01 -4.288295932513038269e-03 -4.976829301063540045e-01 -6.062988114176567578e+00
-4.989613557938386013e-01 2.868797677289026959e-02 8.659823419421747159e-01 5.538100177080079334e+01 1.055986845308679381e-02 9.995787744633749528e-01 -2.703792204034372385e-02 -2.005173574085235277e-02 -8.663932350632558288e-01 -4.336249162859497942e-03 -4.990541676510121816e-01 -6.563885006661200450e+00
-4.975881676917560115e-01 2.826642185084241032e-02 8.666016917317252988e-01 5.630200715883071894e+01 9.638497399036813351e-03 9.995868683613278183e-01 -2.706926981066052132e-02 -7.165167372232590648e-02 -8.670092317054829412e-01 -5.131878081486940767e-03 -4.976550121815652150e-01 -7.072368215384997825e+00
-4.947922003056450246e-01 2.685522824166651154e-02 8.683809878819357397e-01 5.722363177153117419e+01 8.768834820501300240e-03 9.996254171492598983e-01 -2.591160936104851265e-02 -1.191081900891789308e-01 -8.687520917388917852e-01 -5.225909935134290252e-03 -4.948423160886861738e-01 -7.593248146728856618e+00
-4.933387058418518545e-01 2.506395155055602189e-02 8.693816661655662248e-01 5.813727977440358075e+01 9.278549873600617712e-03 9.996794192637181720e-01 -2.354045195474398569e-02 -1.738446161238586529e-01 -8.696933129542282481e-01 -3.556872491324677976e-03 -4.934133302374333341e-01 -8.085833991801473886e+00
-4.908600232918188255e-01 2.368697024826519129e-02 8.706004752348096565e-01 5.906621411900977137e+01 1.041297720810636408e-02 9.997183510487764879e-01 -2.131549246782152296e-02 -2.150075432622716720e-01 -8.708604235174310926e-01 -1.403561156908081364e-03 -4.909685002671047571e-01 -8.607593376798991613e+00
-4.894613474942773879e-01 2.339940090211581683e-02 8.720481368205572625e-01 5.996837605879707667e+01 1.028962350018572565e-02 9.997254133161538325e-01 -2.105267864066422828e-02 -2.602994138508689659e-01 -8.723014707544206603e-01 -1.332019261320308099e-03 -4.895677834350966595e-01 -9.108076946123601303e+00
-4.870365593990918507e-01 2.379284725397426067e-02 8.730843233863851971e-01 6.090834528250929480e+01 1.083158076572511737e-02 9.997165689111384701e-01 -2.120719637955346959e-02 -3.027766188822189619e-01 -8.733413779025256396e-01 -8.667494055985852002e-04 -4.871562873402631166e-01 -9.620920259527750318e+00
-4.856423619529974256e-01 2.380750874314449886e-02 8.740715702631498552e-01 6.179912652745603907e+01 1.075198285519458376e-02 9.997161988853071612e-01 -2.126204890727917407e-02 -3.469643426248270601e-01 -8.743296984029231833e-01 -9.177230848258793481e-04 -4.857605875827156194e-01 -1.010592209724841695e+01
-4.856791815263230561e-01 2.419263213596986595e-02 8.733129838344723117e-01 6.270434640319582797e+01 9.827830382950174248e-03 9.997047060616324199e-01 -2.221987775406751575e-02 -3.949457685374313520e-01 -8.735930405621082917e-01 -2.221085376820006868e-03 -4.857732805396429154e-01 -1.059940745914012616e+01
-4.871871585441185926e-01 2.585665952796227171e-02 8.726989104617342008e-01 6.359270932480765737e+01 7.563695091737114920e-03 9.996486876050872938e-01 -2.540536185311522560e-02 -4.477832822574941973e-01 -8.730495431107991866e-01 -5.785389047239909190e-03 -4.872113922087042415e-01 -1.109872095276354997e+01
-4.924551597764765809e-01 2.607437862537298479e-02 8.699936729031600979e-01 6.448466914365879177e+01 6.165071497722406958e-03 9.996305581189685041e-01 -2.648333645628027366e-02 -4.971291875533924709e-01 -8.703627811134142522e-01 -7.663500963508438138e-03 -4.924340670036093659e-01 -1.160048107147788343e+01
-4.990490615808089725e-01 2.495357347399470779e-02 8.662409077265349477e-01 6.538139606761345135e+01 6.090034187648029305e-03 9.996614698809116462e-01 -2.529981808933122467e-02 -5.346243184766112932e-01 -8.665790841638493225e-01 -7.346463179714899337e-03 -4.990320805508503543e-01 -1.210538243535998149e+01
-5.026958858945391739e-01 2.143673168204910176e-02 8.643426910226854609e-01 6.627161266420469588e+01 9.228704295262206078e-03 9.997686744188567509e-01 -1.942709635504889440e-02 -5.884975995988612762e-01 -8.645591969004292610e-01 -1.785165053009969477e-03 -5.027773106571910011e-01 -1.261604217836492303e+01
-5.093975607301636233e-01 1.935307905023513075e-02 8.606360753016933929e-01 6.713830995842819505e+01 5.886399749670677591e-03 9.998022030091561207e-01 -1.901343717087318821e-02 -6.318366527659388110e-01 -8.608335877277684123e-01 -4.599661866519051505e-03 -5.094105965445869799e-01 -1.310968022762775043e+01
-5.146442464439568987e-01 2.166015120433903082e-02 8.575547030955517069e-01 6.801740688740314056e+01 6.718449530304889880e-03 9.997522805352196951e-01 -2.122857915364341486e-02 -6.779592666904354914e-01 -8.578018979683392775e-01 -5.150894390727196737e-03 -5.146622223427579357e-01 -1.362258237956167406e+01
-5.184992195405916382e-01 2.401809383953734667e-02 8.550067496816847745e-01 6.887793660412833674e+01 7.517043823685411706e-03 9.996951130397563334e-01 -2.352465487293425167e-02 -7.183527981070904067e-01 -8.553109995381241726e-01 -5.761575527796024450e-03 -5.185216333596993632e-01 -1.413355913897113325e+01
-5.227596675361932954e-01 2.345554525064686216e-02 8.516281608255508173e-01 6.972939490369472537e+01 5.834746447717675463e-03 9.996961781392577073e-01 -2.394738255728038820e-02 -7.563954157585371929e-01 -8.519312593685933743e-01 -7.563755452977322449e-03 -5.227374349042117618e-01 -1.461898538650311075e+01
-5.252612039453048443e-01 2.451084470679822450e-02 8.504121232850065937e-01 7.058055459170857660e+01 4.888004098578075003e-03 9.996554795706620311e-01 -2.577531870475777143e-02 -8.106122982104102537e-01 -8.507512665020159348e-01 -9.400802017546278436e-03 -5.252000231343599834e-01 -1.514654658653633490e+01
-5.294607637979021897e-01 2.300857699973845455e-02 8.475777009636856762e-01 7.142025400981032135e+01 4.313600249745305065e-03 9.996919431748502172e-01 -2.443684952410654296e-02 -8.593442991679119958e-01 -8.478791190000617428e-01 -9.299550980697535510e-03 -5.293966571296336854e-01 -1.566512828254931655e+01
-5.331237642122861331e-01 1.657525065480420015e-02 8.456111726166094522e-01 7.225287829159559294e+01 6.064589579070918390e-03 9.998572942661354546e-01 -1.576555017781499854e-02 -8.974609192471686425e-01 -8.457519440993898074e-01 -3.287630547910339648e-03 -5.331479458901835500e-01 -1.618809632240671448e+01
-5.344346420478539583e-01 7.295584656420839482e-03 8.453627103309396817e-01 7.309345516506749618e+01 6.057633321110787901e-03 9.999700816109929891e-01 -4.804086091060733553e-03 -9.365179851369694886e-01 -8.453725769039659443e-01 2.558880016042940769e-03 -5.344629660371381652e-01 -1.672210914338714360e+01
-5.358267002957992631e-01 5.612360691801199057e-03 8.437492398382215875e-01 7.391614338450266075e+01 6.306518056921775993e-03 9.999765452126697651e-01 -2.641649807443747101e-03 -9.642288377761655260e-01 -8.437445353019134009e-01 3.906318372781599629e-03 -5.358497622333072696e-01 -1.723553636925367272e+01
-5.382815953647830387e-01 9.861499034753924697e-03 8.431563010113000134e-01 7.474007201073065687e+01 7.009139190992608182e-03 9.999492810913979124e-01 -7.225928694962729243e-03 -9.841079738339532090e-01 -8.431850456241323233e-01 2.020845289494182812e-03 -5.383234312329016058e-01 -1.776170999933750139e+01
-5.397222801576411211e-01 1.602130031290125572e-02 8.418230933401272820e-01 7.554670428510816294e+01 7.952476845130132532e-03 9.998711756459028877e-01 -1.392996368204058900e-02 -1.015247668371007439e+00 -8.419382232007920353e-01 -8.285751404479355228e-04 -5.397802240710256605e-01 -1.827721347473961799e+01
-5.382111777960403298e-01 2.048793475136573283e-02 8.424971702724824985e-01 7.636192647260871524e+01 1.363573444254533203e-02 9.997852439852926709e-01 -1.559639217554151941e-02 -1.051366153070465659e+00 -8.426359900126436653e-01 3.094159437682560739e-03 -5.383750682148564781e-01 -1.880595064257040505e+01
-5.381306465348346668e-01 2.033006306831247265e-02 8.424312850960440358e-01 7.718143801258902670e+01 1.672765122125856666e-02 9.997697419220431536e-01 -1.342576113690092075e-02 -1.087673240615280701e+00 -8.425104993966603395e-01 6.861613440023467229e-03 -5.383468757483842460e-01 -1.934150337897660776e+01
-5.381250869718011698e-01 1.868909270461820496e-02 8.424151870256323393e-01 7.799685605304338765e+01 1.647109575579073018e-02 9.997963234585539594e-01 -1.164380109304513980e-02 -1.118894114554042529e+00 -8.424615957633400098e-01 7.602746067130447538e-03 -5.383234653189975516e-01 -1.986919684986318302e+01
-5.381538132360654814e-01 1.166155275015169461e-02 8.432014980825106587e-01 7.881871005135128883e+01 1.365751847454578505e-02 9.998935872179459672e-01 -5.117157760194969256e-03 -1.146671974272104544e+00 -8.431716611256676597e-01 8.762274712850926309e-03 -5.382559254101031421e-01 -2.037265375703762516e+01
-5.357204616189862323e-01 6.851433300012165807e-03 8.442866694409422168e-01 7.964010252481529051e+01 1.286880005723847580e-02 9.999171224382047418e-01 5.188601564182333082e-05 -1.163563341994872324e+00 -8.442164013973872949e-01 1.089648547169653515e-02 -5.357642558242536879e-01 -2.089041812736099502e+01
-5.358666942730774263e-01 7.529348178707712417e-04 8.438044364874202063e-01 8.045111683159257154e+01 3.579503514357787203e-03 9.999926608505078640e-01 1.381981831357349290e-03 -1.187874242241301781e+00 -8.437973812204838664e-01 3.763807032921037948e-03 -5.358652825640636275e-01 -2.137938284902910624e+01
-5.346085740823054433e-01 -5.388584257543683510e-03 8.448079740618222866e-01 8.127473719649078987e+01 -5.149342909528805898e-03 9.999818033291064667e-01 3.113134745096890043e-03 -1.196819616788839191e+00 -8.448095206995573925e-01 -2.687023567235906438e-03 -5.346267335230765472e-01 -2.187908853120109498e+01
-5.331376123118788390e-01 -4.229799951449992809e-03 8.460476423879060848e-01 8.209093509546342204e+01 -1.313976313675252342e-03 9.999904004085525822e-01 4.168372778445257089e-03 -1.221175734702428128e+00 -8.460572756360810187e-01 1.107339848437736670e-03 -5.331379810631350358e-01 -2.238881622658200143e+01
-5.292298881152506240e-01 -1.558492204936054535e-03 8.483689299444444609e-01 8.290578051785624325e+01 2.428272986671521378e-03 9.999913490200572630e-01 3.349899576143026882e-03 -1.244976301551508513e+00 -8.483670870434545375e-01 3.843532344766423942e-03 -5.292215772912202132e-01 -2.288963266835668975e+01
-5.250049784674817310e-01 1.263865541817774975e-03 8.517465469377343279e-01 8.371556506069947545e+01 3.474238218437048116e-03 9.999936710180472588e-01 6.588507899183204198e-04 -1.263324866902528321e+00 -8.517404531936672019e-01 3.302069257434966931e-03 -5.250059302138345707e-01 -2.340057534744755685e+01
-5.158419903706984444e-01 3.072735381746974793e-03 8.565052424042178814e-01 8.452498239113958789e+01 8.860373974925670956e-03 9.999591488808500239e-01 1.753207945677404990e-03 -1.280899306074134048e+00 -8.564650815664512917e-01 8.494981446731999022e-03 -5.158480487841994311e-01 -2.388663011568948491e+01
-5.091196483511890580e-01 5.366246433626290988e-03 8.607899821527631445e-01 8.533590890659465344e+01 1.595732760006810663e-02 9.998674926098789495e-01 3.203186806174233934e-03 -1.304405993547115061e+00 -8.606589731691984824e-01 1.536611682390881875e-02 -5.091378441251753761e-01 -2.436413536047333039e+01
-4.983262423668388119e-01 4.240735834923906739e-03 8.669421227610418779e-01 8.616066654849018391e+01 1.370080532866546803e-02 9.999016514230166797e-01 2.983684612470426274e-03 -1.325726318546926130e+00 -8.668440914368948924e-01 1.336341848788496524e-02 -4.983354197754771842e-01 -2.483442159855792042e+01
-4.879493010036637934e-01 1.937655282249490423e-03 8.733249573254271425e-01 8.699986090951492201e+01 1.023536676670348117e-02 9.999415223838326039e-01 3.494948448112645406e-03 -1.335854659138035583e+00 -8.732670065474522625e-01 1.063743186863850068e-02 -4.879407041320151794e-01 -2.528001954449310773e+01
-4.751549532727812886e-01 -1.300407785329138911e-03 8.800726755357584086e-01 8.783542052865560379e+01 1.134356038230660384e-02 9.999066671602420131e-01 7.603325128302991683e-03 -1.350205617452977958e+00 -8.800005292935872969e-01 1.359449228035865091e-02 -4.750957101738529365e-01 -2.572796585717867046e+01
-4.648087340443066706e-01 -3.333243048228330240e-03 8.855322360338621079e-01 8.866844223662319280e+01 1.022732873094821943e-02 9.999058930410203994e-01 9.140627334055038966e-03 -1.360496874344601759e+00 -8.854793190492351584e-01 1.330687802121244961e-02 -4.647307763978368311e-01 -2.616217385690162089e+01
-4.530705153119830020e-01 -3.588477309829138113e-03 8.912815405262837221e-01 8.951183082994374729e+01 1.022567406148446392e-02 9.999051146457729189e-01 9.227279461228445750e-03 -1.366004765804681886e+00 -8.912300941987886249e-01 1.329974831497857807e-02 -4.529907518205910644e-01 -2.657290062545844833e+01
-4.403560621986309376e-01 -3.815696583170514414e-03 8.979074729906937335e-01 9.036853701402453964e+01 1.293808411603228348e-02 9.998600590108843722e-01 1.059930622729359298e-02 -1.379159036233808644e+00 -8.978223240779145131e-01 1.628420059409649984e-02 -4.402450863946966164e-01 -2.699482327223220679e+01
