1.0 0.0 0.0 0.0 0.0 1.0 0.0 0.0 0.0 0.0 1.0 0.0
0.9996209 0.0275297 -0.0006266225 0.1607666 -0.027528344 0.999619 0.002077355 0.064819336 0.00068356236 -0.00205932 0.9999977 -0.03552246
0.9993651 0.035623122 0.0006414439 0.2508545 -0.03562547 0.99935675 0.004122509 -0.014160156 -0.00049418013 -0.0041427435 0.9999913 -0.005126953
0.9979616 0.06382056 0.0011948459 0.4095459 -0.06382673 0.99794286 0.0061569456 -0.036376953 -0.0007995791 -0.0062206313 0.99998033 -0.00024414062
0.995324 0.09645514 0.0050798487 0.58532715 -0.09648708 0.99531287 0.0064676907 -0.08300781 -0.0044321055 -0.0069277063 0.99996614 -0.032592773
0.99106055 0.13325006 0.006880968 0.7883301 -0.13327095 0.991078 0.0026698017 -0.14355469 -0.0064638695 -0.003562838 0.99997276 -0.017822266
0.9846425 0.17437886 0.008605251 0.97216797 -0.17438824 0.9846784 0.0003481562 -0.2084961 -0.008412686 -0.0018432642 0.9999629 -0.02734375
0.97604007 0.2173723 0.00986248 1.1971436 -0.21738708 0.9760865 0.00044015283 -0.28430176 -0.009530978 -0.0025732764 0.9999513 -0.024414062
0.9645981 0.2634098 0.0136586735 1.392456 -0.2634353 0.9646878 7.417763e-05 -0.36242676 -0.013157127 -0.0036688833 0.9999067 -0.03503418
0.94996816 0.31171593 0.019950785 1.6416016 -0.31169334 0.95017517 -0.0043110317 -0.48498535 -0.0203006 -0.0021217028 0.99979174 -0.03845215
0.93261385 0.3598895 0.02556246 1.8737793 -0.35967013 0.9329598 -0.012879389 -0.6022949 -0.02848388 0.0028164117 0.99959034 -0.032836914
0.9111584 0.41117197 0.027514685 2.0976562 -0.41079262 0.91155684 -0.018514378 -0.74780273 -0.03269285 0.0055665523 0.99944985 -0.030029297
0.8864521 0.46170372 0.031779658 2.348877 -0.46125048 0.8870132 -0.020802215 -0.9232178 -0.037794042 0.0037850505 0.9992787 -0.036010742
0.8578471 0.5126699 0.03541798 2.595581 -0.5121975 0.8585776 -0.022019781 -1.0845947 -0.04169705 0.00074880477 0.9991301 -0.05456543
0.8259568 0.5624383 0.038056277 2.8354492 -0.5617755 0.8268325 -0.02732687 -1.2976074 -0.04683249 0.0011889813 0.9989018 -0.059814453
0.789675 0.612269 0.038266577 3.0562744 -0.61136025 0.79059535 -0.033493645 -1.5157471 -0.05076044 0.0030583516 0.9987066 -0.06616211
0.7517067 0.6584437 0.038185917 3.2750244 -0.6573267 0.7526656 -0.038530443 -1.7687988 -0.054110847 0.0038710125 0.9985279 -0.084106445
0.7127317 0.70055276 0.036738 3.5113525 -0.6993258 0.7136666 -0.041635677 -2.0477295 -0.05538213 0.0039898306 0.9984575 -0.10241699
0.6714854 0.74029905 0.03608288 3.7299805 -0.7389988 0.6724485 -0.043945454 -2.3343506 -0.05678736 0.0028448645 0.9983819 -0.118652344
0.6272115 0.77780336 0.037991304 3.9759521 -0.7765604 0.6283581 -0.044005215 -2.6621094 -0.058100205 -0.0019032862 0.998309 -0.14282227
0.585923 0.8093365 0.0400695 4.185913 -0.8081228 0.58725953 -0.04474109 -2.9936523 -0.0597364 -0.0061708353 0.9981947 -0.16418457
0.54588056 0.8369255 0.039446533 4.4138184 -0.83568347 0.547249 -0.046231396 -3.36438 -0.060281005 -0.0077221766 0.99815196 -0.18835449
0.50726265 0.8607802 0.040567104 4.6346436 -0.85942495 0.50878644 -0.04928404 -3.7773438 -0.06306544 -0.009865293 0.9979607 -0.20690918
0.4697228 0.88180315 0.04123211 4.8461914 -0.88053083 0.47134352 -0.049149767 -4.1983643 -0.06279063 -0.013224019 0.9979395 -0.23083496
0.432728 0.90056324 0.040281966 5.0480957 -0.89938116 0.43433225 -0.04857357 -4.6503906 -0.061242282 -0.015207095 0.9980073 -0.2640381
0.39948013 0.9160953 0.036562607 5.2542725 -0.9149374 0.40089858 -0.048188563 -5.149658 -0.05879603 -0.014201598 0.9981687 -0.2919922
0.37078232 0.92821467 0.032005094 5.433716 -0.92712605 0.37195477 -0.04662768 -5.656372 -0.055174366 -0.01237558 0.9983999 -0.3203125
0.34518197 0.9380852 0.029612962 5.628418 -0.9370618 0.34624004 -0.045450516 -6.2036133 -0.05287361 -0.01205765 0.9985279 -0.3564453
0.32361206 0.94576925 0.027383527 5.81958 -0.9447861 0.32456687 -0.044600103 -6.789551 -0.0510766 -0.0114395805 0.99862933 -0.38586426
0.31070867 0.95032036 0.02548268 6.00708 -0.9493004 0.3115871 -0.045173354 -7.3760986 -0.050855223 -0.010162282 0.9986537 -0.4202881
0.2976068 0.9543213 0.02441455 6.201172 -0.95318776 0.29846543 -0.047398068 -7.994385 -0.052521408 -0.009158556 0.99857795 -0.44934082
0.28721127 0.9574628 0.025284 6.393921 -0.95626795 0.28814337 -0.048883192 -8.644897 -0.05409415 -0.010135796 0.9984846 -0.4819336
0.27615243 0.9607102 0.027144983 6.5942383 -0.9594688 0.27721718 -0.050308213 -9.326416 -0.05586175 -0.012157391 0.99836445 -0.5233154
0.26557738 0.96379477 0.028296867 6.796509 -0.96247965 0.26674467 -0.052075345 -10.024414 -0.05773414 -0.013415493 0.9982414 -0.56311035
0.25489435 0.9663925 0.0294303 6.9852295 -0.9649473 0.25618023 -0.05477419 -10.748291 -0.060486786 -0.014427495 0.99806535 -0.6010742
0.24605136 0.96882904 0.029200839 7.1782227 -0.9672447 0.24737172 -0.05715149 -11.491577 -0.06261166 -0.014186956 0.9979377 -0.64367676
0.23410492 0.9718013 0.029710753 7.361084 -0.97018325 0.23549159 -0.05809004 -12.253174 -0.06343686 -0.0152301295 0.997869 -0.6829834
0.22315235 0.9742841 0.0312574 7.543335 -0.9725035 0.22470869 -0.061227694 -13.031006 -0.06665621 -0.016727665 0.9976351 -0.72802734
0.21215004 0.97664285 0.03357434 7.7227783 -0.97467476 0.21395065 -0.06480849 -13.830811 -0.070481986 -0.018979311 0.99733245 -0.7786865
0.20044135 0.97918785 0.034654424 7.895996 -0.9769736 0.2024243 -0.06880749 -14.626099 -0.07437054 -0.020072151 0.9970276 -0.82214355
0.18698432 0.98181736 0.034428906 8.051636 -0.9794753 0.18902063 -0.07079833 -15.4375 -0.07602014 -0.020477535 0.9968964 -0.8737793
0.1721737 0.9844342 0.03415467 8.20166 -0.9819875 0.17425954 -0.07250171 -16.25122 -0.07732873 -0.021032806 0.9967847 -0.9205322
0.15863842 0.9867667 0.034066163 8.331665 -0.98445696 0.16072172 -0.07106816 -17.061035 -0.075578 -0.022274792 0.99688935 -0.9741211
0.14190449 0.9893112 0.03453066 8.453491 -0.9871141 0.14403814 -0.0701585 -17.885132 -0.07439972 -0.024133876 0.9969372 -1.0228271
0.12173981 0.99193996 0.035263117 8.569824 -0.9899334 0.12392659 -0.06845149 -18.71582 -0.07225254 -0.02656414 0.9970319 -1.0720215
0.09691609 0.99454945 0.03741964 8.644775 -0.99270654 0.09928608 -0.067807175 -19.544922 -0.07116476 -0.030551389 0.99699765 -1.1254883
0.06453229 0.9970524 0.04068378 8.708862 -0.9954335 0.0671736 -0.067330055 -20.392944 -0.06986935 -0.036133766 0.99690205 -1.173706
0.03186907 0.998634 0.04147747 8.749634 -0.99714196 0.03461373 -0.067188956 -21.244507 -0.06853969 -0.03924878 0.996876 -1.2216797
-0.0026286866 0.99915063 0.041124 8.74231 -0.99775344 0.00013130752 -0.06698913 -22.093628 -0.06694685 -0.04119423 0.9969065 -1.2700195
-0.036788575 0.99855644 0.039180182 8.715942 -0.99723375 -0.03414716 -0.06605114 -22.95642 -0.06461094 -0.041520458 0.9970459 -1.3118896
-0.070178375 0.99672604 0.04021707 8.671997 -0.99561816 -0.06748668 -0.06480042 -23.805664 -0.06184508 -0.04456331 0.9970891 -1.3482666
-0.10315942 0.9938342 0.041456323 8.591064 -0.99303806 -0.10049142 -0.062016957 -24.668335 -0.057453506 -0.047525883 0.99721575 -1.401001
-0.1347792 0.99024063 0.037222028 8.477539 -0.9895573 -0.13251235 -0.057833727 -25.53064 -0.052330248 -0.044619724 0.99763244 -1.4338379
-0.16585386 0.985612 0.031486686 8.3272705 -0.98503983 -0.16409743 -0.051942706 -26.374268 -0.046032645 -0.039653767 0.9981527 -1.4631348
-0.19738124 0.97990865 0.025590071 8.156128 -0.979405 -0.19606617 -0.04647854 -27.229004 -0.040512383 -0.034233686 0.99859166 -1.4901123
-0.22275375 0.9747174 0.020032179 7.95105 -0.9742523 -0.22179198 -0.041641723 -28.057251 -0.036162857 -0.02878859 0.9989316 -1.5070801
-0.25188407 0.96764576 0.011303473 7.722046 -0.967182 -0.25134265 -0.036019925 -28.896973 -0.032019783 -0.020010978 0.9992869 -1.5247803
-0.27913904 0.96025 0.007982705 7.479492 -0.9600198 -0.2788582 -0.025728773 -29.71814 -0.02247838 -0.014850682 0.9996369 -1.5310059
-0.30149066 0.9533694 0.0066308174 7.2139893 -0.9533498 -0.30140412 -0.011554047 -30.523682 -0.0090167355 -0.009809023 0.9999111 -1.5324707
-0.3261932 0.9451333 0.012396279 6.9488525 -0.9451651 -0.32628226 0.00595377 -31.318115 0.009675797 -0.009771751 0.9999053 -1.5268555
-0.35186604 0.93567514 0.01867905 6.665161 -0.93548393 -0.35222092 0.021373127 -32.106934 0.026589628 -0.009954674 0.99959683 -1.5197754
-0.37615407 0.92612326 0.019804765 6.3494873 -0.9256019 -0.3766205 0.03171266 -32.894897 0.036843393 -0.006383717 0.99930036 -1.4892578
-0.4005703 0.9159657 0.019451847 6.024414 -0.9152825 -0.40102664 0.035541866 -33.67444 0.040371697 -0.0035592802 0.9991783 -1.4437256
-0.42135432 0.9066559 0.017027657 5.665283 -0.90597224 -0.42169774 0.035208687 -34.453735 0.039103765 -0.0005923573 0.99923503 -1.4055176
-0.4429019 0.8964107 0.012134506 5.290161 -0.8958794 -0.4430586 0.030999677 -35.214966 0.033151343 0.0028562825 0.99944603 -1.3710938
-0.45984194 0.88747925 0.003788745 4.901245 -0.8870732 -0.45975342 0.0285714 -35.964355 0.027101833 0.009794479 0.99958444 -1.3265381
-0.4740641 0.8801509 0.00021068193 4.490967 -0.87976426 -0.47386253 0.029521074 -36.700195 0.026072804 0.013828224 0.9995642 -1.2823486
-0.48454335 0.87457776 -0.00087252446 4.086426 -0.87412953 -0.48426247 0.032514818 -37.42041 0.028008547 0.016509961 0.9994712 -1.2489014
-0.4964193 0.86853296 -0.00090179406 3.6914062 -0.86802274 -0.496092 0.03481835 -38.116333 0.029786894 0.018033834 0.9993938 -1.2086182
-0.50433195 0.8633386 0.0063834228 3.284546 -0.8627224 -0.50422907 0.034757275 -38.83069 0.03323693 0.012020297 0.9993754 -1.1748047
-0.51611906 0.856823 0.00814676 2.8807373 -0.8562642 -0.51609105 0.032446284 -39.531494 0.031999394 0.00976057 0.99944043 -1.142456
-0.5242233 0.85122347 0.006007407 2.4389648 -0.8506412 -0.52410424 0.033932254 -40.236694 0.03204897 0.012698844 0.9994058 -1.1066895
-0.5309729 0.8474036 0.0033512528 1.9946289 -0.8467807 -0.53072655 0.03644491 -40.94055 0.032668646 0.016516896 0.9993299 -1.0653076
-0.5348973 0.8445316 0.0047866153 1.5532227 -0.84376526 -0.53463745 0.039941218 -41.646606 0.03627663 0.017337738 0.9991907 -1.0380859
-0.5335089 0.84575945 0.0069274376 1.0893555 -0.84489083 -0.53330207 0.04168726 -42.385498 0.0389434 0.016383395 0.9991069 -1.003418
-0.5297257 0.84794647 0.0039895736 0.6212158 -0.84710646 -0.5293993 0.042261265 -43.13208 0.037945304 0.019015253 0.9990986 -0.9645996
-0.5244208 0.8516063 0.0049146926 0.16540527 -0.8507996 -0.5241602 0.040860906 -43.882812 0.03738832 0.01725936 0.9991523 -0.9268799
-0.517697 0.85540533 0.006786033 -0.30773926 -0.85463583 -0.5175408 0.039042328 -44.664307 0.036910783 0.0144095775 0.99921465 -0.88635254
-0.5096289 0.86073154 0.008331535 -0.7648926 -0.8599522 -0.50954217 0.03871836 -45.458984 0.037553847 0.012556293 0.9992157 -0.8494873
-0.5043302 0.8635805 0.010260873 -1.2172852 -0.8628467 -0.50434035 0.0369009 -46.25415 0.03705135 0.0097630415 0.99926597 -0.8099365
-0.49903396 0.86660284 0.013323804 -1.6889648 -0.8659054 -0.49917522 0.035277452 -47.092163 0.037237894 0.0060743997 0.9992883 -0.7681885
-0.4961157 0.86770535 0.017331932 -2.1473389 -0.86715424 -0.49641782 0.030925086 -47.923584 0.03542873 0.00032247137 0.9993717 -0.7324219
-0.4974691 0.86761 0.019089948 -2.6258545 -0.86713314 -0.4978309 0.028851416 -48.791626 0.034541313 -0.0022189189 0.99940133 -0.6883545
-0.49744108 0.86710775 0.02020002 -3.1224365 -0.8666893 -0.49783528 0.027228357 -49.664062 0.03367403 -0.0039616213 0.9994251 -0.6455078
-0.49745464 0.8669197 0.020020213 -3.610962 -0.866466 -0.497846 0.028232224 -50.535767 0.03444693 -0.0032786205 0.99940073 -0.6031494
-0.49743038 0.8668283 0.01984565 -4.1290283 -0.86644614 -0.49780813 0.026075484 -51.43457 0.03249778 -0.0042099985 0.9994627 -0.56152344
-0.49743855 0.8667727 0.018898197 -4.6401367 -0.8663814 -0.49778622 0.026256505 -52.340088 0.032173358 -0.0033022775 0.9994766 -0.5180664
-0.4998484 0.86580366 0.01929438 -5.142578 -0.86543745 -0.50020444 0.02549074 -53.252075 0.031694848 -0.0039472487 0.9994891 -0.47521973
-0.49740487 0.86672676 0.021027274 -5.6590576 -0.8664113 -0.49781033 0.024188649 -54.17798 0.031445526 -0.006182052 0.99948597 -0.43164062
-0.49878663 0.86630166 0.021077516 -6.1608887 -0.86604613 -0.4991805 0.022225806 -55.084106 0.029796839 -0.0071723964 0.9995304 -0.39257812
-0.4973822 0.8669053 0.021868195 -6.6711426 -0.8666684 -0.49779657 0.021817919 -56.004395 0.029812414 -0.008086676 0.99952245 -0.34509277
-0.4945766 0.8686418 0.021955656 -7.194336 -0.8684473 -0.49498236 0.020440409 -56.924927 0.028620843 -0.00894317 0.99954987 -0.30126953
-0.493174 0.8695999 0.020282213 -7.688843 -0.8694403 -0.4935186 0.0186699 -57.83789 0.026233822 -0.008424022 0.99961996 -0.24987793
-0.49075773 0.87079185 0.018120466 -8.213013 -0.8706499 -0.49103808 0.01732428 -58.76587 0.023985753 -0.0072736214 0.99968565 -0.21203613
-0.48935926 0.8722327 0.01805097 -8.715332 -0.87209713 -0.48963618 0.017057447 -59.666992 0.02370203 -0.0073946104 0.9996917 -0.1706543
-0.48694986 0.8732799 0.017579176 -9.230469 -0.8731318 -0.4872191 0.017477982 -60.605957 0.023833552 -0.0068401755 0.9996927 -0.13244629
-0.48555353 0.87426734 0.017629076 -9.717285 -0.8741193 -0.48582447 0.017510185 -61.49585 0.023871254 -0.0069150412 0.99969125 -0.092285156
-0.48555154 0.8735142 0.018927041 -10.212036 -0.873366 -0.48585695 0.01788791 -62.400757 0.024833374 -0.007836228 0.99966073 -0.048706055
-0.48694572 0.87292707 0.022498492 -10.711914 -0.87276703 -0.48736003 0.01953 -63.288696 0.028028246 -0.010114006 0.9995559 -0.0008544922
-0.492149 0.8702159 0.024388844 -11.213135 -0.87006956 -0.49261817 0.019684654 -64.18103 0.029158985 -0.011539224 0.9995085 0.044189453
-0.49875653 0.86643416 0.024082292 -11.717285 -0.86631507 -0.49920198 0.0184868 -65.07849 0.028048553 -0.0116408765 0.99953884 0.078125
-0.50257593 0.8644796 0.018524002 -12.228394 -0.86439246 -0.50284547 0.014937268 -65.96912 0.022222415 -0.008509074 0.9997169 0.13012695
-0.5091935 0.8607094 0.021347467 -12.720947 -0.8606967 -0.50950295 0.012770659 -66.83667 0.021875404 -0.011880137 0.9996905 0.1697998
-0.5144268 0.85767853 0.021912195 -13.233398 -0.85761863 -0.5147746 0.015014783 -67.716064 0.024150543 -0.011074472 0.99964726 0.21142578
-0.5182671 0.8551878 0.02253174 -13.744385 -0.8550742 -0.5186548 0.017324392 -68.57666 0.026493182 -0.010294648 0.9995962 0.24743652
-0.5224683 0.8517825 0.024332749 -14.229614 -0.85170317 -0.5228969 0.01670256 -69.42871 0.02696718 -0.011989836 0.9995643 0.2816162
-0.524907 0.8505814 0.026177684 -14.757446 -0.8504953 -0.52539915 0.017726913 -70.27966 0.028818684 -0.012951933 0.9995004 0.3317871
-0.5291129 0.8477063 0.026077986 -15.275879 -0.8476602 -0.52958167 0.01617245 -71.11987 0.027529433 -0.013539268 0.99952906 0.37756348
-0.5329595 0.84563917 0.020063289 -15.799316 -0.84566563 -0.53320664 0.009706405 -71.953 0.018903187 -0.011789709 0.99975175 0.4152832
-0.5343838 0.84530705 0.014206647 -16.334595 -0.84538907 -0.53444266 0.00042446185 -72.7937 0.007953563 -0.011785582 0.9998989 0.4547119
-0.5357933 0.8436915 0.01285221 -16.848999 -0.84376925 -0.5358231 -0.0012780289 -73.61633 0.005813744 -0.011533484 0.9999165 0.4798584
-0.5382248 0.84312123 0.014756626 -17.37561 -0.84318584 -0.5383177 0.0029441384 -74.43933 0.010419751 -0.010855298 0.99988675 0.49499512
-0.5396194 0.84185743 0.017615935 -17.891724 -0.84186685 -0.5398155 0.009078933 -75.24524 0.017144898 -0.009927287 0.99980354 0.52075195
-0.53822875 0.8426238 0.013697978 -18.422485 -0.8425251 -0.5383863 0.013569204 -76.059204 0.018807065 -0.004239695 0.99981403 0.55322266
-0.5382391 0.8425488 0.009929478 -18.959595 -0.8424427 -0.53832936 0.013418181 -76.87805 0.016642742 -0.00114273 0.9998607 0.5871582
-0.53823215 0.8425042 0.009185042 -19.488647 -0.8424229 -0.5383085 0.011778343 -77.69287 0.014860537 -0.00139583 0.9998884 0.6158447
-0.5382147 0.84320533 0.008018585 -19.99353 -0.8432023 -0.53825796 0.0047574355 -78.51428 0.008322707 -0.004202598 0.9999565 0.64245605
-0.5357706 0.84426224 0.005868193 -20.513672 -0.8442769 -0.5357797 -2.2192251e-05 -79.33484 0.003127697 -0.004969083 0.9999827 0.6578369
-0.5358341 0.8437256 0.012986341 -21.003418 -0.84382355 -0.53580207 -0.006137415 -80.14575 0.0017848539 -0.014253467 0.9998968 0.6791992
-0.53456515 0.8446294 0.019424941 -21.504517 -0.84485275 -0.53442425 -0.012272848 -80.96863 2.0848354e-05 -0.022974033 0.9997359 0.68530273
-0.5331078 0.84593254 0.015633717 -22.016357 -0.8460763 -0.5329937 -0.011087809 -81.78357 -0.0010465395 -0.019133683 0.9998163 0.7067871
-0.52920395 0.84828866 0.012896078 -22.52002 -0.8483866 -0.52913785 -0.008365493 -82.59668 -0.00026498968 -0.015377071 0.9998817 0.7270508
-0.5249675 0.8516644 0.013442539 -23.033691 -0.8517672 -0.5249443 -0.005488397 -83.4043 0.0023734185 -0.0143240765 0.99989456 0.741333
-0.5158507 0.856466 0.008232174 -23.524536 -0.8565046 -0.5158399 -0.003565819 -84.21118 0.0011915702 -0.008893394 0.9999597 0.75598145
-0.5091948 0.86076134 0.00135594 -24.006104 -0.86076224 -0.50919354 -0.0011780034 -85.019775 -0.00032328838 -0.0017672703 0.99999833 0.7766113
-0.4983784 0.86691594 0.003336279 -24.481201 -0.86692256 -0.49837363 -0.002180372 -85.8418 -0.0002274648 -0.0039772755 0.999992 0.7943115
-0.48796976 0.87329465 0.0060422253 -24.931519 -0.87331533 -0.48795095 -0.004363377 -86.67822 -0.00086386746 -0.007399598 0.9999722 0.80078125
-0.47517115 0.8800595 0.0030503466 -25.385376 -0.88005 -0.47514036 -0.0074490756 -87.51099 -0.005107725 -0.006224378 0.9999675 0.81274414
-0.46481475 0.885529 0.0033111018 -25.824463 -0.88550955 -0.4647695 -0.0093635665 -88.34155 -0.0067582433 -0.0072897924 0.99995065 0.81970215
-0.45307574 0.89128 0.0032879713 -26.2406 -0.8912589 -0.45303 -0.009487016 -89.18225 -0.0069672917 -0.0072340313 0.9999496 0.821167
-0.44035888 0.8979141 0.00027370476 -26.668457 -0.8978743 -0.44033638 -0.009563396 -90.03601 -0.008470311 -0.004459517 0.99995416 0.8306885
-0.4286513 0.90392727 0.0011288868 -27.063354 -0.90392417 -0.42864552 -0.0034779543 -90.87793 -0.002660559 -0.0025092333 0.99999326 0.82958984
-0.41601953 0.9090931 0.002202152 -27.447754 -0.9090805 -0.41602546 0.004792588 -91.71655 0.0052742073 -7.833354e-06 0.99998605 0.84265137
-0.40343207 0.914874 0.0059148446 -27.825073 -0.91484183 -0.40346944 0.007976601 -92.56116 0.0096897585 -0.0021919885 0.9999506 0.85791016
-0.39252946 0.91974825 0.006186199 -28.176147 -0.91973996 -0.39256176 0.0053366404 -93.4198 0.007335778 -0.003595884 0.9999666 0.86865234
-0.37905693 0.9250326 0.005676797 -28.529663 -0.9250445 -0.37906882 0.0011488125 -94.285034 0.003219321 -0.0048156837 0.99998313 0.8914795
-0.37096736 0.9285986 0.0073805456 -28.860474 -0.928615 -0.3709924 0.0023336215 -95.14075 0.0049071116 -0.005987566 0.99996996 0.9095459
-0.36358333 0.93117005 0.015361851 -29.178589 -0.93122464 -0.36371106 0.0064487197 -96.003784 0.011602453 -0.011963397 0.99986106 0.93237305
-0.3578446 0.9336089 0.023359042 -29.505371 -0.9337163 -0.35815954 0.010945562 -96.87341 0.018576082 -0.017893929 0.9996673 0.9499512
-0.3541622 0.9350275 0.026862074 -29.825684 -0.9351541 -0.35459432 0.013375662 -97.75122 0.022025593 -0.020388052 0.99954957 0.979126
-0.3511771 0.9358494 0.0290221 -30.135864 -0.93604064 -0.35163984 0.012609318 -98.624756 0.022005435 -0.022738084 0.99949914 1.013916
-0.3438463 0.93861395 0.031726327 -30.448486 -0.9388901 -0.34434977 0.011901639 -99.50293 0.022087611 -0.025694452 0.99942595 1.0499268
-0.34018955 0.9399348 0.030463766 -30.76355 -0.94022846 -0.34060693 0.009604386 -100.38989 0.01939801 -0.025388578 0.9994898 1.0740967
-0.33425325 0.9419233 0.02897937 -31.072632 -0.9422468 -0.33454728 0.0058276616 -101.26611 0.015188843 -0.025370292 0.99956286 1.0936279
-0.33000365 0.9435041 0.030530522 -31.373413 -0.9439469 -0.3301494 -0.00028414 -102.144165 0.009809498 -0.028907795 0.9995339 1.1236572
-0.32340428 0.9456915 0.03484349 -31.652588 -0.9462496 -0.3236462 0.0013899188 -103.019165 0.012590546 -0.032526594 0.99939185 1.1422119
-0.31557524 0.9479494 0.04395473 -31.920898 -0.9488598 -0.31589922 0.00045633875 -103.88086 0.014302631 -0.04155803 0.99903387 1.1622314
-0.31027249 0.949648 0.04417427 -32.197876 -0.950512 -0.31074575 0.004102265 -104.747925 0.017639387 -0.04071979 0.9990149 1.1934814
-0.30224574 0.9524728 0.0413663 -32.48181 -0.9531634 -0.30279967 0.007719946 -105.61255 0.019855179 -0.0370904 0.9991148 1.2226562
-0.29347107 0.95500374 0.04277814 -32.74536 -0.9557975 -0.293955 0.0053611845 -106.49426 0.017690528 -0.039321754 0.9990702 1.2460938
-0.28634745 0.95701385 0.04316083 -33.010864 -0.9579005 -0.28663447 0.00047033746 -107.35315 0.012830029 -0.041202545 0.999068 1.2750244
-0.28056392 0.95879555 0.043576006 -33.262817 -0.9597367 -0.28071928 -0.0026471787 -108.23755 0.00971495 -0.042573556 0.9990461 1.3034668
-0.2726766 0.9610052 0.046306808 -33.503296 -0.9620309 -0.27299085 0.00048522418 -109.11853 0.013101993 -0.04442174 0.99892724 1.3284912
-0.26745224 0.96242315 0.047579337 -33.740845 -0.9634472 -0.26795998 0.004513098 -109.99036 0.01710133 -0.044640493 0.9988569 1.3477783
-0.25961065 0.9645915 0.04745777 -33.968628 -0.96560794 -0.2601236 0.004860921 -110.86206 0.017036645 -0.044560008 0.9988614 1.3673096
-0.25386834 0.9660969 0.04897357 -34.187744 -0.9672161 -0.25431147 0.0029431107 -111.74426 0.0152812395 -0.046609595 0.99879634 1.3927002
-0.24508834 0.96843004 0.04399993 -34.409668 -0.9693241 -0.24547578 0.0035410041 -112.62598 0.014228241 -0.041773636 0.99902546 1.4123535
-0.23789881 0.9705427 0.038867265 -34.628662 -0.9712343 -0.23822093 0.0038059037 -113.50305 0.012956764 -0.0368353 0.9992371 1.4366455
-0.22989987 0.9723991 0.038217746 -34.84839 -0.9730601 -0.23023558 0.0045658965 -114.4104 0.013245273 -0.036144856 0.9992588 1.4661865
-0.22358549 0.9737785 0.044115447 -35.030396 -0.97468585 -0.22395477 0.0035561665 -115.28528 0.013330938 -0.042197075 0.9990204 1.4884033
-0.21577871 0.9751409 0.048847474 -35.222656 -0.97629267 -0.21609473 0.0012130882 -116.19165 0.011742457 -0.047416072 0.9988057 1.5181885
-0.21219969 0.976247 0.045003656 -35.421997 -0.9772314 -0.21244049 0.0005844943 -117.1001 0.010128658 -0.043853823 0.99898666 1.5341797
-0.20778297 0.9772278 0.04397085 -35.609375 -0.9781642 -0.20802817 0.0010336016 -117.986206 0.010150789 -0.042807337 0.99903214 1.5598145
-0.20203163 0.97834754 0.04281812 -35.799683 -0.9792221 -0.20231868 0.0024261116 -118.89038 0.011052197 -0.041444454 0.9990796 1.5811768
-0.19492494 0.9802607 0.036158524 -35.99585 -0.9808844 -0.19512843 0.002166484 -119.769775 0.009158801 -0.03504802 0.999344 1.5904541
-0.19048834 0.98121166 0.0279995 -36.187744 -0.9815942 -0.19057536 0.00044306472 -120.65967 0.00578007 -0.027402816 0.9996077 1.6212158
-0.18697748 0.9820764 0.02485721 -36.35266 -0.982384 -0.18701017 -0.0010244162 -121.54492 0.0036438685 -0.024609644 0.9996905 1.6430664
-0.18196617 0.98297054 0.026768286 -36.51062 -0.98331815 -0.18205523 0.0009094769 -122.43115 0.005769115 -0.02616073 0.9996412 1.6445312
-0.17696214 0.9837089 0.028533073 -36.667236 -0.9840907 -0.1771157 0.0029257343 -123.319824 0.007942178 -0.02756919 0.9995884 1.6593018
-0.17634344 0.98381305 0.031091738 -36.813477 -0.98427474 -0.17649448 0.0021563822 -124.20776 0.0076126894 -0.030221276 0.99951416 1.6762695
-0.17571712 0.9840157 0.031428766 -36.970825 -0.98449963 -0.17581451 0.00034145804 -125.090454 0.0058499915 -0.030870145 0.99950624 1.6939697
-0.17422976 0.9843189 0.028372215 -37.123657 -0.9847267 -0.1741978 -0.00360814 -125.97766 0.0013842606 -0.028571215 0.99959093 1.7062988
-0.17302026 0.9845793 0.0285671 -37.274292 -0.98498464 -0.17282271 -0.009266817 -126.855225 -0.0041898983 -0.029730765 0.9995491 1.7181396
-0.17300618 0.9845888 0.026032725 -37.42566 -0.98491466 -0.17278172 -0.010658682 -127.727905 -0.0059944005 -0.02748219 0.9996044 1.7252197
-0.17143917 0.98478174 0.027486734 -37.569946 -0.9851644 -0.17133416 -0.006148562 -128.59692 -0.0013422365 -0.02813556 0.99960333 1.7352295
-0.17072153 0.9849814 0.02766563 -37.720093 -0.9853662 -0.17072774 -0.002150746 -129.46155 0.0025924323 -0.027622012 0.99961525 1.7434082
-0.17010619 0.98496044 0.03002079 -37.86621 -0.98541474 -0.17010023 -0.0027723117 -130.3313 0.0023710318 -0.030047351 0.9995457 1.7531738
-0.171461 0.9846657 0.030812513 -38.003662 -0.9851475 -0.17140114 -0.004595005 -131.18701 0.0007618172 -0.031148473 0.9995145 1.7689209
-0.1707324 0.9850014 0.025914649 -38.161865 -0.9853422 -0.17067732 -0.0043349112 -132.04529 0.00014828611 -0.026283517 0.99965477 1.7790527
-0.16921832 0.98516697 0.027516345 -38.30359 -0.98554873 -0.16921519 -0.002457587 -132.9076 0.002237252 -0.0275385 0.9996184 1.7993164
-0.16863419 0.9850497 0.03593395 -38.43506 -0.98568493 -0.16875231 0.0002636928 -133.76428 0.0063271867 -0.03538823 0.99935395 1.8013916
-0.17084992 0.9845449 0.041207265 -38.566284 -0.9853674 -0.17106475 0.0017294082 -134.64392 0.008728667 -0.04029987 0.9991496 1.8206787
-0.16929805 0.9847027 0.040748462 -38.704834 -0.98548734 -0.16959156 0.003834676 -135.47302 0.010683925 -0.039511368 0.999162 1.8343506
-0.16862118 0.9848971 0.04011214 -38.8479 -0.98564965 -0.16893448 0.004531548 -136.34155 0.011238288 -0.03877743 0.99918485 1.8637695
-0.16641653 0.985191 0.040277224 -38.98108 -0.9859136 -0.16684294 0.0074458024 -137.15002 0.014052674 -0.038471587 0.9991608 1.8759766
-0.16504014 0.98579234 0.03311946 -39.13147 -0.9862816 -0.16532625 0.0060808286 -138.005 0.011458611 -0.031650446 0.99943316 1.9022217
-0.16220605 0.98642445 0.02663263 -39.267944 -0.9867608 -0.1623273 0.002440875 -138.84875 0.006728374 -0.025881203 0.9996424 1.9219971
-0.16222382 0.9866468 0.020293709 -39.412354 -0.9868548 -0.16216743 -0.00440424 -139.69019 -0.001063427 -0.020738149 0.99978435 1.9470215
-0.15720487 0.98746127 0.015711429 -39.5354 -0.9875861 -0.15717603 -0.0030622492 -140.51978 -0.0005558515 -0.015996093 0.9998719 1.9552002
-0.1537348 0.98797315 0.01805115 -39.66443 -0.98813283 -0.15376675 0.00038523495 -141.34131 0.0031527723 -0.017772526 0.999837 1.9689941
-0.14659835 0.9891619 0.014270786 -39.778687 -0.9892442 -0.14667332 0.0043530543 -142.16687 0.006395581 -0.013479924 0.99988866 1.9782715
-0.13738799 0.99036527 0.013819768 -39.894775 -0.99043465 -0.13747407 0.0054729274 -142.99353 0.0073259687 -0.012934677 0.99988943 1.9838867
-0.12627462 0.9918977 0.010972948 -39.999268 -0.99194944 -0.12631308 0.0028905275 -143.81714 0.004255384 -0.010518761 0.99993557 1.9990234
-0.11584854 0.99330467 0.0055916943 -40.09912 -0.9933204 -0.11584627 -0.0007309057 -144.59802 -8.043414e-05 -0.0056388583 0.999984 2.015503
-0.10124971 0.9948552 -0.001288197 -40.193726 -0.99485594 -0.101250514 -0.00052840495 -145.46973 -0.00065602316 0.0012275651 0.999999 2.041504
-0.088029146 0.99609834 -0.0023797266 -40.25354 -0.99610096 -0.08802711 0.00093893963 -146.20862 0.000726209 0.0024533449 0.9999967 2.0544434
-0.07424438 0.9972171 -0.0050154757 -40.315674 -0.99722916 -0.07424878 -0.0007002731 -147.07385 -0.0010705716 0.004949352 0.9999871 2.064209
-0.061365608 0.9980975 -0.009615153 -40.358887 -0.99814224 -0.06134497 0.002431186 -147.8186 0.001839872 0.009745307 0.9999508 2.07312
-0.04838088 0.99882174 -0.0063909236 -40.396606 -0.9988142 -0.048330557 0.007812743 -148.6405 0.007496357 0.006761673 0.999949 2.0889893
-0.0348494 0.9994052 0.001652127 -40.406982 -0.9992328 -0.034874078 0.018582169 -149.41467 0.018629488 -0.0010063249 0.999826 2.1015625
-0.020594953 0.99973845 0.009873864 -40.40686 -0.99942863 -0.020851135 0.02657385 -150.18506 0.02677494 -0.009321848 0.999598 2.116455
