1.0 0.0 0.0 0.0 0.0 1.0 0.0 0.0 0.0 0.0 1.0 0.0
0.99990964 0.013434983 -0.00049060053 0.115356445 -0.0134340385 0.999908 0.0018793311 0.011352539 0.00051580364 -0.0018725722 0.9999981 -0.006591797
0.9992952 0.037534337 -0.0007150845 0.26135254 -0.03753006 0.9992817 0.0052688294 -0.022827148 0.0009123299 -0.0052382764 0.9999859 -0.010009766
0.99794227 0.064120404 0.0008806627 0.41015625 -0.064124756 0.99792165 0.0064340807 -0.03955078 -0.00046637713 -0.0064773015 0.9999789 -0.0024414062
0.9954013 0.095729515 0.0033039912 0.58898926 -0.0957482 0.99538654 0.0060586566 -0.088378906 -0.0027086958 -0.0063471626 0.99997616 -0.0146484375
0.99098355 0.13383573 0.0061303787 0.78100586 -0.13385415 0.99099636 0.002698188 -0.1538086 -0.0057140607 -0.0034944888 0.9999776 -0.0053710938
0.9848022 0.17350188 0.0071312115 0.9760742 -0.17349753 0.984828 -0.0012303916 -0.20776367 -0.0072365343 -2.5840825e-05 0.99997383 -0.010498047
0.9760489 0.21738145 0.008862356 1.1986084 -0.21739 0.9760872 2.9975781e-06 -0.2808838 -0.008649731 -0.0019292316 0.9999607 -0.006713867
0.96423423 0.2647877 0.0114369 1.4099121 -0.2647995 0.9642987 -0.0004972769 -0.3692627 -0.011160282 -0.0025494788 0.99993443 -0.018432617
0.9498821 0.31197774 0.018463925 1.6469727 -0.31195682 0.95005965 -0.004074903 -0.48034668 -0.018813843 -0.0018902885 0.99982125 -0.020874023
0.9330045 0.3590959 0.024173092 1.888794 -0.3588624 0.9333091 -0.013537341 -0.6080322 -0.027422374 0.003958012 0.9996162 -0.017822266
0.910961 0.41160315 0.027181137 2.1230469 -0.4112158 0.91134685 -0.018824514 -0.75109863 -0.032519456 0.005970831 0.99945325 -0.015136719
0.8866976 0.46129712 0.03127923 2.3665771 -0.46083045 0.8872385 -0.021200098 -0.91967773 -0.03753189 0.004381448 0.99928564 -0.022827148
0.85761404 0.5130639 0.034614466 2.6036377 -0.5125778 0.85831124 -0.022380665 -1.0825195 -0.041191615 0.0014474839 0.99915004 -0.045532227
0.8259804 0.5622994 0.037402872 2.8428955 -0.5616203 0.82682407 -0.02769659 -1.2944336 -0.0465045 0.0018727956 0.998917 -0.05090332
0.7898679 0.61215055 0.03755219 3.0788574 -0.6112455 0.7907522 -0.033451308 -1.5108643 -0.05017438 0.0034716018 0.99873465 -0.059936523
0.7512392 0.6590848 0.037280682 3.2954102 -0.6579827 0.7521515 -0.03832663 -1.7655029 -0.053302523 0.0042647645 0.9985693 -0.07507324
0.71299016 0.70030105 0.03530952 3.526001 -0.6991202 0.71385 -0.040899888 -2.0357666 -0.05384391 0.0044768155 0.99853927 -0.091674805
0.67036915 0.7411531 0.034815576 3.7617188 -0.73989254 0.6712638 -0.043333624 -2.321289 -0.055495705 0.0032960512 0.99845415 -0.10864258
0.6274925 0.7777444 0.03704049 3.9783936 -0.7765443 0.6285822 -0.043217994 -2.654663 -0.056900375 -0.0016392246 0.998379 -0.14013672
0.5857904 0.80949444 0.03834628 4.2109375 -0.8082605 0.5870248 -0.044925857 -2.9909668 -0.05888403 -0.0046695285 0.99825454 -0.15612793
0.5454422 0.83731973 0.038819198 4.4317627 -0.83606404 0.5467745 -0.046388306 -3.3623047 -0.06007078 -0.0071429666 0.9981692 -0.18151855
0.50740695 0.86084604 0.038361788 4.646118 -0.85953856 0.5087831 -0.048177868 -3.7770996 -0.06100357 -0.008524969 0.9981017 -0.19458008
0.46953958 0.8820886 0.039832603 4.8548584 -0.88081723 0.4710701 -0.048869573 -4.1987305 -0.06186702 -0.012140416 0.99801034 -0.22644043
0.432315 0.90070826 0.03896697 5.0509033 -0.89953345 0.43383318 -0.04814168 -4.65271 -0.060284644 -0.014239587 0.9980803 -0.2545166
0.3995868 0.916061 0.034814842 5.2539062 -0.9149257 0.40089267 -0.047388475 -5.1538086 -0.057365116 -0.012917489 0.9982696 -0.28320312
0.36924013 0.92877537 0.03061082 5.4294434 -0.92769396 0.37033373 -0.046218436 -5.6671143 -0.05426279 -0.011339236 0.998462 -0.3109131
0.3447314 0.9381951 0.028074771 5.627075 -0.93717617 0.34570456 -0.045036025 -6.2130127 -0.05195459 -0.010788107 0.998591 -0.34375
0.323707 0.9459203 0.025262315 5.817749 -0.9449405 0.32454997 -0.044097576 -6.793335 -0.04990202 -0.009605761 0.9987074 -0.3737793
0.3107814 0.9501308 0.023943854 5.991211 -0.9491218 0.31157613 -0.044657737 -7.390747 -0.04990606 -0.008838321 0.9987155 -0.4058838
0.2977049 0.95426774 0.022326618 6.196411 -0.95315367 0.29844934 -0.046689358 -8.010864 -0.05122673 -0.007380058 0.99866 -0.43432617
0.28560716 0.9580123 0.023517089 6.4020996 -0.9568774 0.28643402 -0.047468763 -8.661011 -0.052215733 -0.008947077 0.99859583 -0.4691162
0.2762311 0.9607824 0.02585173 6.5985107 -0.9595713 0.2772141 -0.049488172 -9.33606 -0.05472414 -0.01112932 0.9984401 -0.5109863
0.26688874 0.9634053 0.0259794 6.786621 -0.9621086 0.26791063 -0.051226944 -10.014282 -0.05632284 -0.011319891 0.99834895 -0.54907227
0.25622717 0.9661535 0.02715029 6.988037 -0.9647437 0.25736028 -0.053629138 -10.754517 -0.058821574 -0.012458796 0.9981912 -0.5880127
0.24552104 0.96897376 0.02799355 7.181885 -0.967481 0.24674416 -0.055428818 -11.512695 -0.060615513 -0.013475703 0.9980702 -0.6300049
0.23423761 0.97185826 0.028009662 7.3670654 -0.9703112 0.23549569 -0.05655582 -12.264526 -0.06154803 -0.013943888 0.9980059 -0.6665039
0.22329342 0.9742919 0.029685251 7.5499268 -0.9725964 0.22471792 -0.059534926 -13.050049 -0.06467664 -0.015562608 0.99778545 -0.7110596
0.21289235 0.97658134 0.031615805 7.7313232 -0.9747038 0.21452175 -0.06297296 -13.838745 -0.06829037 -0.01741253 0.9975139 -0.7598877
0.19882108 0.97950226 0.03255164 7.9001465 -0.9773753 0.20061803 -0.06710232 -14.636719 -0.07227407 -0.018455474 0.9972155 -0.80285645
0.18716207 0.9817827 0.033071645 8.054932 -0.9795873 0.18905048 -0.06847596 -15.440674 -0.07348184 -0.019586567 0.9971041 -0.84765625
0.1717874 0.9846267 0.032677215 8.202759 -0.9823359 0.17371339 -0.070030764 -16.260132 -0.07465294 -0.02009945 0.99700713 -0.89660645
0.15887184 0.98675203 0.032573175 8.338623 -0.9846562 0.1607707 -0.06773641 -17.06958 -0.07205719 -0.021312911 0.9971719 -0.94641113
0.14138229 0.98933345 0.03330426 8.458618 -0.98728186 0.1433718 -0.06782306 -17.892944 -0.071866274 -0.023285097 0.9971422 -0.99560547
0.12131805 0.99204695 0.033742063 8.564087 -0.99013865 0.12334774 -0.06652205 -18.723267 -0.07015021 -0.02534659 0.99721396 -1.0430908
0.095779 0.99475074 0.03637293 8.653198 -0.99306095 0.09800101 -0.06519322 -19.553955 -0.068418 -0.02989263 0.9972086 -1.0921631
0.06539399 0.9971214 0.03856727 8.716919 -0.99561906 0.06779164 -0.06451816 -20.39978 -0.06693516 -0.034188427 0.9971706 -1.1394043
0.031312767 0.9987036 0.039716788 8.750732 -0.9972717 0.033865817 -0.06532961 -21.254395 -0.0665998 -0.037564244 0.99707294 -1.184082
-0.0017887369 0.99921626 0.039556906 8.751343 -0.99792016 0.0007643192 -0.064478196 -22.103271 -0.064450465 -0.03955277 0.9971369 -1.2263184
-0.037269473 0.99857056 0.03838538 8.726074 -0.9973438 -0.034761645 -0.06404678 -22.968384 -0.062623836 -0.04067166 0.99720836 -1.267456
-0.070004456 0.99676764 0.03930514 8.672607 -0.99576247 -0.06747316 -0.06241072 -23.820679 -0.059564702 -0.043503445 0.9972764 -1.3023682
-0.10146917 0.9940411 0.03946198 8.5946045 -0.99329084 -0.09903108 -0.05946558 -24.686035 -0.05520702 -0.04525039 0.99744916 -1.3494873
-0.13458265 0.9902153 0.035635952 8.481079 -0.9895922 -0.13250768 -0.055288713 -25.544434 -0.050031718 -0.042723686 0.99783355 -1.3770752
-0.16510928 0.9857789 0.031214742 8.336182 -0.9852732 -0.16343461 -0.050224826 -26.3927 -0.044397805 -0.039035082 0.9982506 -1.4086914
-0.19655296 0.9803202 0.024206534 8.15918 -0.9798919 -0.1953976 -0.04332456 -27.249023 -0.037757475 -0.032229684 0.99876773 -1.4307861
-0.22411667 0.9744139 0.017514046 7.95874 -0.97399735 -0.22333217 -0.038332947 -28.080688 -0.033441342 -0.025637995 0.99911183 -1.4465332
-0.25180063 0.9675662 0.011267751 7.738159 -0.96719515 -0.2513201 -0.032967463 -28.916504 -0.029062662 -0.019203082 0.999393 -1.4641113
-0.2783767 0.96051884 0.0060541965 7.48938 -0.96033186 -0.27818084 -0.022465838 -29.741089 -0.019894607 -0.012070984 0.9997293 -1.4699707
-0.3014532 0.9536077 0.00596069 7.2279053 -0.95360804 -0.30140302 -0.008065082 -30.547241 -0.0058974195 -0.008113999 0.9999497 -1.46875
-0.32551095 0.94552785 0.010813932 6.9595947 -0.945508 -0.3256118 0.0094213225 -31.342896 0.012425061 -0.0071591754 0.9998972 -1.4644775
-0.35257563 0.9355685 0.017495168 6.666626 -0.9352864 -0.35292324 0.024268456 -32.13733 0.028885826 -0.007810915 0.9995523 -1.4532471
-0.37483633 0.92690295 0.018213332 6.357666 -0.9262633 -0.3752588 0.0346554 -32.922974 0.03896238 -0.003891781 0.99923337 -1.4188232
-0.40064156 0.9159858 0.0177292 6.0272217 -0.9151762 -0.401033 0.038507257 -33.702393 0.042396516 -0.00079892203 0.99910086 -1.3723145
-0.42004585 0.90719545 0.0155833755 5.6676025 -0.9063878 -0.4203295 0.038326077 -34.48059 0.04130741 0.0019864112 0.99914396 -1.3323975
-0.44059145 0.8973494 0.010498123 5.2995605 -0.8967318 -0.4406822 0.033730976 -35.24536 0.034892768 0.0054660253 0.9993757 -1.2895508
-0.45992315 0.88738555 0.0022846302 4.906128 -0.88691145 -0.45975843 0.031586617 -36.00183 0.029087376 0.012525208 0.9994982 -1.2438965
-0.47275916 0.8815541 -0.0011034012 4.4990234 -0.88110226 -0.47247598 0.032632235 -36.73987 0.028239876 0.016392555 0.9994669 -1.2004395
-0.48326695 0.8754773 -0.0019670017 4.0943604 -0.874932 -0.48288384 0.03645574 -37.453613 0.03095109 0.019329742 0.99933374 -1.1640625
-0.4941204 0.86926645 -0.0022732615 3.6950684 -0.86867493 -0.49368435 0.038247872 -38.160034 0.03214684 0.020891007 0.9992652 -1.1265869
-0.5030303 0.86410064 0.005306877 3.2976074 -0.8633845 -0.50284714 0.03806797 -38.87195 0.03556914 0.014577803 0.9992609 -1.0864258
-0.51481706 0.8575511 0.006223862 2.8909912 -0.8569059 -0.51468927 0.035727058 -39.570312 0.033843856 0.013045933 0.9993423 -1.0533447
-0.52432585 0.85160923 0.0045969523 2.4471436 -0.8509362 -0.524113 0.037266977 -40.272583 0.03416624 0.01563882 0.99929434 -1.0183105
-0.52967584 0.84799814 0.0028272755 2.0093994 -0.8472644 -0.52935034 0.039962687 -40.97827 0.035376564 0.0187756 0.99919724 -0.9746094
-0.5336175 0.8457537 0.004066131 1.5710449 -0.8448592 -0.5332628 0.0436801 -41.68518 0.039094187 0.01986608 0.9990376 -0.9436035
-0.5336185 0.8459501 0.0060847756 1.109375 -0.84497 -0.53332305 0.044835985 -42.41687 0.041165728 0.01876467 0.9989762 -0.9067383
-0.5312515 0.8474533 0.0029832227 0.6470947 -0.8465067 -0.5308187 0.045519024 -43.159058 0.04015893 0.02164912 0.99895895 -0.8666992
-0.5245313 0.8512847 0.003667273 0.18835449 -0.8503893 -0.52416813 0.043794334 -43.90442 0.03919585 0.019861415 0.9990337 -0.8265381
-0.5150178 0.85695475 0.0050939587 -0.2845459 -0.8560819 -0.5147451 0.042456847 -44.69153 0.03899597 0.017509462 0.99908537 -0.79003906
-0.5097382 0.8606828 0.00734339 -0.7451172 -0.8597825 -0.50956523 0.042187046 -45.48999 0.040040717 0.015164214 0.9990831 -0.75146484
-0.50164753 0.86485165 0.00867264 -1.1966553 -0.86399263 -0.5015565 0.040647767 -46.2937 0.039496433 0.012896234 0.9991361 -0.7116699
-0.49774197 0.8675143 0.011781183 -1.6676025 -0.8666801 -0.49779525 0.039152965 -47.128906 0.039823823 0.009261435 0.99916416 -0.6726074
-0.49623373 0.8685001 0.016690366 -2.1149902 -0.8677161 -0.49649924 0.03711724 -47.962036 0.040508844 0.003899612 0.99917215 -0.6286621
-0.49474934 0.86865854 0.018682241 -2.5982666 -0.8680057 -0.4951012 0.033677526 -48.835327 0.038490236 0.00045474432 0.9992584 -0.5773926
-0.49611917 0.867706 0.01940081 -3.0795898 -0.8671037 -0.49649727 0.032332815 -49.708008 0.037690938 -0.00076492317 0.9992888 -0.5366211
-0.49750772 0.86736566 0.01908037 -3.5627441 -0.8667929 -0.4978729 0.031528614 -50.58142 0.03684178 -0.0008566128 0.9993209 -0.4859619
-0.49610597 0.86779267 0.018960528 -4.076416 -0.8672309 -0.49646714 0.031235442 -51.481567 0.036525737 -0.00093882903 0.99933213 -0.4404297
-0.4961018 0.8684893 0.018064782 -4.591919 -0.86795527 -0.49643052 0.030463638 -52.387817 0.035412118 -0.00058183074 0.99937296 -0.39868164
-0.49609086 0.86839676 0.018085083 -5.0845947 -0.86788875 -0.49641934 0.02972271 -53.29712 0.034767102 -0.0009560073 0.9993949 -0.35107422
-0.49466476 0.86875045 0.019976325 -5.609131 -0.86827916 -0.4950581 0.028788518 -54.23291 0.034891453 -0.003104553 0.9993861 -0.30200195
-0.49604902 0.8684535 0.019742958 -6.10376 -0.86802447 -0.49642986 0.027526699 -55.141846 0.03369615 -0.0034979046 0.9994263 -0.2548828
-0.4960319 0.86855596 0.020781148 -6.609741 -0.8681608 -0.49644402 0.026648875 -56.055786 0.03344978 -0.0048502823 0.9994291 -0.20288086
-0.4922089 0.8699415 0.02091301 -7.1364746 -0.8695698 -0.49262357 0.02599076 -56.976562 0.032930862 -0.005387765 0.9994431 -0.15307617
-0.49219513 0.8704377 0.018186294 -7.6262207 -0.8701456 -0.49251083 0.023000987 -57.892944 0.028991444 -0.004515065 0.99956983 -0.10131836
-0.48799872 0.872748 0.016722288 -8.16748 -0.8724886 -0.4882685 0.021665696 -58.873535 0.027057774 -0.0040251967 0.9996257 -0.052612305
-0.48558304 0.8743057 0.016625894 -8.654663 -0.87405884 -0.48584938 0.021204391 -59.7677 0.02661906 -0.004241361 0.99963677 -0.012573242
-0.48178673 0.87628835 0.016525285 -9.155762 -0.8760148 -0.4820557 0.022210969 -60.697998 0.027446315 -0.003782221 0.99961644 0.032348633
-0.48039493 0.87703097 0.01613925 -9.638916 -0.8767522 -0.48065403 0.022371178 -61.590332 0.02737229 -0.003401924 0.9996195 0.07299805
-0.48178485 0.87623304 0.018080875 -10.136475 -0.8759465 -0.48210037 0.022914292 -62.49585 0.028807255 -0.004801845 0.9995737 0.12145996
-0.48279962 0.8756448 0.020792875 -10.623535 -0.8753182 -0.48320642 0.024722872 -63.39453 0.03167301 -0.006263554 0.99947846 0.16821289
-0.48697805 0.8731827 0.023174012 -11.130249 -0.8728658 -0.48746213 0.024885647 -64.30054 0.03304527 -0.008115961 0.9994213 0.21826172
-0.49460036 0.8693001 0.022593435 -11.622803 -0.868996 -0.49505714 0.024232876 -65.18909 0.03222063 -0.007651439 0.99945134 0.25756836
-0.4973951 0.8672897 0.016975706 -12.133911 -0.8670529 -0.4976651 0.020734094 -66.081665 0.026431832 -0.004406391 0.9996408 0.3104248
-0.5039851 0.8637128 0.020293746 -12.626099 -0.8635568 -0.5043258 0.01836596 -66.96069 0.026094856 -0.008269129 0.99962527 0.35412598
-0.5064288 0.86184347 0.019928288 -13.113037 -0.8616096 -0.50677896 0.021094035 -67.83447 0.028276427 -0.006484493 0.9995789 0.4017334
-0.51307034 0.858433 0.021020703 -13.628784 -0.858145 -0.5134633 0.023076653 -68.69092 0.03058486 -0.006197223 0.99951285 0.4423828
-0.5158609 0.855954 0.023475088 -14.115601 -0.855686 -0.5163285 0.022943815 -69.55725 0.031768642 -0.008242201 0.99946094 0.4859619
-0.51969564 0.85465187 0.025260948 -14.642944 -0.8543708 -0.52022815 0.023786554 -70.41821 0.03345725 -0.0092413705 0.999398 0.536499
-0.5224918 0.85229456 0.0247032 -15.141968 -0.8520555 -0.5229911 0.02227814 -71.25391 0.03191733 -0.009420551 0.9994464 0.58361816
-0.52631825 0.85042816 0.018109784 -15.661377 -0.850312 -0.52658194 0.015753895 -72.095825 0.022931945 -0.0071151154 0.9997118 0.63012695
-0.5263061 0.84976673 0.01291556 -16.189697 -0.84977007 -0.52641326 0.0069151935 -72.93298 0.012677124 -0.0073267305 0.9998927 0.6732178
-0.5301521 0.8477502 0.011711998 -16.707886 -0.84776634 -0.53023154 0.00501465 -73.7677 0.010461241 -0.0072673303 0.9999188 0.70129395
-0.52911294 0.848601 0.014171181 -17.22522 -0.8485751 -0.52925706 0.009596111 -74.59338 0.01564455 -0.0069506736 0.9998535 0.725708
-0.5291273 0.84768564 0.016935892 -17.744263 -0.84756017 -0.529364 0.015761184 -75.40515 0.022340976 -0.006000534 0.9997322 0.7557373
-0.5330379 0.8465431 0.012390679 -18.261353 -0.8462778 -0.53318137 0.021204073 -76.224365 0.024546973 0.00080961967 0.9996985 0.7889404
-0.5316484 0.84745634 0.008758254 -18.801025 -0.8472162 -0.5317095 0.020465266 -77.05029 0.021997113 0.0034461846 0.9997522 0.8280029
-0.53163433 0.8476578 0.008314906 -19.320557 -0.84745044 -0.5316907 0.018988183 -77.87866 0.020508043 0.0030371686 0.9997852 0.8634033
-0.5301802 0.847771 0.006659653 -19.822998 -0.8476806 -0.5302213 0.012401326 -78.69592 0.014039758 0.00093015144 0.99990094 0.89294434
-0.5277108 0.848795 0.006060046 -20.339844 -0.84877944 -0.52774096 0.005562065 -79.52173 0.007922246 -0.0022053276 0.99996626 0.91748047
-0.52772856 0.8489477 0.012228336 -20.818481 -0.8490134 -0.5277642 -0.00036202045 -80.34363 0.006154264 -0.010575545 0.9999252 0.94555664
-0.52640903 0.849809 0.01900075 -21.317505 -0.8500063 -0.5264008 -0.005843218 -81.16943 0.005043697 -0.019227033 0.9998024 0.96032715
-0.5235859 0.8517031 0.015856527 -21.817017 -0.85184497 -0.5235592 -0.006124788 -81.984375 0.0030850829 -0.016704105 0.99985564 0.98132324
-0.5224929 0.85233957 0.0115699805 -22.31311 -0.8524076 -0.52250576 -0.002123888 -82.79724 0.0042373734 -0.010979598 0.9999309 0.9998779
-0.5158352 0.8565185 0.011646378 -22.818848 -0.85656697 -0.515884 0.0014434559 -83.614624 0.0072471853 -0.00923284 0.9999312 1.012085
-0.509194 0.86075157 0.007916244 -23.302734 -0.8607614 -0.50922906 0.0031753257 -84.42297 0.006763784 -0.0051990375 0.9999637 1.0325928
-0.49978325 0.86611414 -0.00018271757 -23.774658 -0.86610097 -0.4997745 0.005600773 -85.239624 0.004759467 0.002955374 0.9999844 1.0561523
-0.4907453 0.87157303 0.0016543556 -24.246216 -0.87156194 -0.49074748 0.004459913 -86.06531 0.004699859 0.000745524 0.9999887 1.0784912
-0.48033455 0.87703514 0.004482726 -24.6875 -0.87703913 -0.48034546 0.0016874946 -86.89685 0.003634124 -0.0031227428 0.9999885 1.0878906
-0.4685576 0.88379925 0.0010526859 -25.13269 -0.8837998 -0.4685577 -0.00030756323 -87.73462 0.00022117142 -0.0010743693 0.99999934 1.1081543
-0.45681134 0.889974 0.0018897154 -25.564209 -0.88997537 -0.45680717 -0.0022399598 -88.58093 -0.001131542 -0.0027045372 0.9999957 1.1245117
-0.44409516 0.89552635 0.00074509624 -25.975464 -0.8955245 -0.44409207 -0.0026239613 -89.42212 -0.0020185793 -0.0018349732 0.99999624 1.1276855
-0.43240163 0.9021069 -0.002036619 -26.395996 -0.9021064 -0.43240482 -0.0014814632 -90.272095 -0.0022155303 0.0011977134 0.99999684 1.1418457
-0.41976357 0.90793675 -0.0006294983 -26.785889 -0.9079339 -0.41976023 0.0029205538 -91.12109 0.0023881227 0.0017958153 0.9999955 1.1466064
-0.4078903 0.9127271 0.00081821345 -27.166016 -0.9126637 -0.40787226 0.011455081 -91.965454 0.010793008 0.00393169 0.999934 1.1643066
-0.39466596 0.91864324 0.0033876526 -27.529297 -0.9185031 -0.39466614 0.016393568 -92.80054 0.016398847 0.0033617008 0.9998598 1.1845703
-0.38348565 0.9233299 0.004107362 -27.873413 -0.9232393 -0.38350588 0.012975302 -93.66272 0.01356093 0.0011841187 0.9999074 1.1986084
-0.37098533 0.92855924 0.0021656682 -28.219849 -0.9285147 -0.37098905 0.009189241 -94.53015 0.009339895 0.0014002315 0.99995536 1.2286377
-0.36084792 0.9326265 0.006297335 -28.54309 -0.9325754 -0.36089584 0.010018097 -95.392334 0.011610736 -0.0022602188 0.99993 1.2498779
-0.35416147 0.9350742 0.012998355 -28.851685 -0.9349981 -0.35432634 0.013941995 -96.2605 0.017642427 -0.007213182 0.99981827 1.2783203
-0.34748483 0.93742573 0.021874571 -29.1698 -0.9373662 -0.34787768 0.017788175 -97.13611 0.02427571 -0.014313152 0.99960256 1.3016357
-0.34381258 0.93886137 0.025749613 -29.482422 -0.9388026 -0.34434482 0.020190392 -98.01831 0.027818989 -0.01724218 0.9994645 1.3375244
-0.341508 0.9393056 0.026755137 -29.783813 -0.9392855 -0.34205553 0.019471755 -98.88489 0.027460264 -0.018480241 0.999452 1.3675537
-0.33579734 0.9415749 0.029769924 -30.093872 -0.9415845 -0.33645356 0.020656666 -99.774414 0.029449176 -0.021084782 0.99934363 1.4106445
-0.3305302 0.9431178 0.03041106 -30.39502 -0.9432363 -0.33113265 0.017398478 -100.65808 0.026485959 -0.022932647 0.99938595 1.4398193
-0.3239217 0.9455767 0.028904498 -30.698242 -0.94577515 -0.32438007 0.012770453 -101.5332 0.021458536 -0.023199446 0.99950045 1.4715576
-0.3182887 0.94744915 0.031401653 -30.989014 -0.94781053 -0.31866696 0.0077449325 -102.42285 0.017344818 -0.02728894 0.9994769 1.5196533
-0.3137906 0.9486775 0.037710838 -31.265137 -0.9492522 -0.3142478 0.0067269653 -103.3031 0.018240897 -0.03370689 0.9992656 1.5435791
-0.306633 0.9504332 0.047167893 -31.521362 -0.951372 -0.30727366 0.006799383 -104.16882 0.020975076 -0.042796742 0.99886346 1.5661621
-0.2999977 0.95274436 0.047571108 -31.793823 -0.95361274 -0.30081356 0.010864781 -105.04407 0.024669044 -0.04210949 0.9988085 1.6025391
-0.2919978 0.95557845 0.04445423 -32.057495 -0.9562153 -0.29290035 0.015225837 -105.91687 0.027559405 -0.03807392 0.99889535 1.6427002
-0.28482857 0.95756876 0.04539445 -32.314697 -0.95833117 -0.2856253 0.012034393 -106.79968 0.024469327 -0.040071685 0.99889714 1.6761475
-0.27835298 0.9594965 0.045372773 -32.558716 -0.96034384 -0.27899918 0.008474529 -107.66431 0.020778146 -0.041211933 0.99893445 1.704956
-0.27030173 0.9618001 0.043399874 -32.816406 -0.9626401 -0.27075425 0.0047969767 -108.569824 0.016370744 -0.040491533 0.99904597 1.7399902
-0.26379612 0.96345896 0.047575176 -33.037476 -0.9644119 -0.26447114 0.008384528 -109.44763 0.020669196 -0.04366907 0.9988322 1.7664795
-0.25726604 0.9652224 0.048722092 -33.266113 -0.9661506 -0.25811645 0.011958806 -110.3219 0.0240962 -0.04399927 0.9987412 1.7952881
-0.24923329 0.9670579 0.049480036 -33.48755 -0.96800923 -0.25012827 0.012691603 -111.1947 0.024671575 -0.04474089 0.9986939 1.8179932
-0.24347486 0.96855676 0.0506143 -33.694946 -0.9695837 -0.24435602 0.011932926 -112.07556 0.023920847 -0.04618947 0.9986468 1.8546143
-0.23409644 0.9710074 0.046479 -33.91089 -0.97185594 -0.23487851 0.012066245 -112.9613 0.022641305 -0.042353526 0.9988461 1.8797607
-0.2262963 0.9732128 0.042913355 -34.11853 -0.9739107 -0.22701168 0.012553829 -113.84766 0.021933014 -0.038948305 0.9990006 1.916748
-0.21900986 0.9747041 0.041759983 -34.323486 -0.9753759 -0.21967363 0.011954863 -114.734375 0.020850506 -0.038109057 0.9990557 1.956665
-0.21051872 0.97626424 0.048695523 -34.512085 -0.9772476 -0.2112894 0.011201549 -115.612915 0.021231601 -0.04523652 0.9987507 1.9890137
-0.20491777 0.97731864 0.052696556 -34.690063 -0.978548 -0.20564355 0.008681637 -116.51892 0.01932773 -0.0497974 0.9985725 2.0202637
-0.2007048 0.97841233 0.050253097 -34.88208 -0.97952396 -0.20138039 0.008718561 -117.43506 0.018629363 -0.047459383 0.99869925 2.055664
-0.19498135 0.97962695 0.048366316 -35.066772 -0.98065054 -0.19562566 0.008927369 -118.32825 0.0181869 -0.04567625 0.99879044 2.0845947
-0.19057012 0.98057014 0.04725587 -35.24524 -0.98151 -0.19127774 0.010898586 -119.240234 0.019718887 -0.0443044 0.9988235 2.1085205
-0.1841774 0.98209083 0.040922664 -35.424805 -0.9827928 -0.18471813 0.009813214 -120.11157 0.017203817 -0.03840896 0.999114 2.1345215
-0.1791327 0.98320943 0.033957478 -35.590454 -0.9837061 -0.17947496 0.0072896285 -121.00134 0.0132581405 -0.0320945 0.9993968 2.1680908
-0.17411447 0.9841372 0.030088834 -35.75061 -0.98453057 -0.17437696 0.0063046818 -121.90259 0.011468307 -0.028525911 0.9995271 2.184204
-0.17129432 0.9847219 0.03192868 -35.896484 -0.9851513 -0.17162262 0.007821313 -122.779785 0.0131813055 -0.030110035 0.99945956 2.204834
-0.16631341 0.9854839 0.03378585 -36.04077 -0.9859454 -0.16672516 0.009740893 -123.67273 0.015230003 -0.031696025 0.9993817 2.223877
-0.16570257 0.9855932 0.03576899 -36.18335 -0.9861486 -0.16607739 0.0077599334 -124.5614 0.013582451 -0.033995695 0.99933004 2.2401123
-0.1635549 0.9857599 0.0361907 -36.329712 -0.98633564 -0.16392267 0.0074057453 -125.45178 0.013255858 -0.03449399 0.999317 2.2698975
-0.16295005 0.9860228 0.034473192 -36.47058 -0.9865919 -0.16313282 0.0025397446 -126.33789 0.00812883 -0.033602994 0.99940234 2.2911377
-0.16152368 0.98626184 0.034372933 -36.611084 -0.9868544 -0.16155231 -0.001960163 -127.21912 0.0036239158 -0.03424807 0.99940693 2.312378
-0.16154875 0.98628896 0.033129364 -36.75049 -0.9868448 -0.16149282 -0.004366867 -128.0979 0.0010383416 -0.033411738 0.9994413 2.3273926
-0.16018346 0.98654824 0.034708053 -36.888916 -0.9871419 -0.16028489 0.00015255203 -128.96167 0.005699145 -0.034233693 0.9993977 2.3397217
-0.16013302 0.9865359 0.034468427 -37.02722 -0.98710084 -0.16033211 0.0030753827 -129.82556 0.008557974 -0.033537447 0.9994009 2.355835
-0.15950777 0.98657924 0.03625694 -37.1615 -0.98720855 -0.15971124 0.002769797 -130.69495 0.008520993 -0.03535578 0.9993385 2.371704
-0.15953267 0.9865105 0.037378408 -37.28528 -0.9871844 -0.15972601 0.002223683 -131.55212 0.00815764 -0.0365367 0.9992989 2.386963
-0.15861167 0.98680246 0.032688975 -37.43091 -0.9873094 -0.15879524 0.0030845325 -132.4065 0.0082349265 -0.03178729 0.9994607 2.404663
-0.15729046 0.98700106 0.033821117 -37.55945 -0.98752636 -0.15754676 0.0050371564 -133.27283 0.010292286 -0.03259781 0.99941534 2.4295654
-0.15740374 0.98654884 0.043984547 -37.679443 -0.9874374 -0.15783823 0.006559287 -134.12659 0.013414949 -0.042384613 0.9990108 2.4447021
-0.15746096 0.98634475 0.049264703 -37.80017 -0.98744917 -0.15803778 0.008025654 -134.99353 0.015685886 -0.047375042 0.99875396 2.4615479
-0.15740728 0.9862925 0.04926691 -37.92285 -0.98734814 -0.15811825 0.010861477 -135.83081 0.018491186 -0.046917852 0.99872714 2.4886475
-0.15799199 0.9864034 0.04503325 -38.059692 -0.98726064 -0.15864754 0.011346277 -136.72253 0.018347228 -0.042667918 0.9989207 2.5229492
-0.15582669 0.9866443 0.04787694 -38.177612 -0.987559 -0.15668763 0.014770152 -137.52112 0.02207318 -0.0449945 0.9987438 2.5391846
-0.15445866 0.98724395 0.03981256 -38.325195 -0.9878752 -0.1550552 0.012344117 -138.38281 0.018346937 -0.037405346 0.9991313 2.5653076
-0.15077533 0.98803675 0.032067172 -38.450684 -0.98845625 -0.15114453 0.009401089 -139.22595 0.014147019 -0.030296845 0.999441 2.6029053
-0.14883925 0.9884839 0.02791314 -38.584473 -0.98884493 -0.14900531 0.003954412 -140.06323 0.0080646 -0.027008345 0.99960256 2.6247559
-0.14599371 0.9889964 0.02431551 -38.700806 -0.98925066 -0.14617574 0.005875568 -140.89258 0.009361474 -0.023184076 0.9996872 2.6340332
-0.14105605 0.9897078 0.025874874 -38.817627 -0.989977 -0.14130618 0.008100438 -141.7091 0.011667487 -0.024469959 0.9996324 2.666748
-0.13461505 0.99065006 0.022852069 -38.923096 -0.99081314 -0.13489403 0.011127748 -142.53308 0.014109826 -0.021143604 0.9996768 2.691162
-0.1241436 0.9920087 0.020875977 -39.038452 -0.99209297 -0.12444687 0.0139045715 -143.4049 0.016399369 -0.018978354 0.9996854 2.690918
-0.115854375 0.9930791 0.01924425 -39.127197 -0.99319345 -0.116057515 0.009802799 -144.20044 0.011958438 -0.017974287 0.99976695 2.7143555
-0.10400116 0.99451923 0.012298039 -39.215332 -0.9945586 -0.104095586 0.007305811 -144.98169 0.008542595 -0.01147476 0.99989784 2.736084
-0.09011888 0.9959247 0.00880133 -39.299072 -0.99593616 -0.0901785 0.006625661 -145.86462 0.0073929736 -0.008169229 0.9999394 2.7677002
-0.07568169 0.99712926 0.008608451 -39.35608 -0.9971338 -0.07574642 0.0074534947 -146.62427 0.008082733 -0.008023889 0.9999352 2.7817383
-0.06133843 0.99813396 0.0035750829 -39.412476 -0.99810046 -0.06136763 0.008733682 -147.49463 0.008935077 -0.0030319318 0.99995553 2.8007812
-0.047743436 0.9988765 -0.0014675464 -39.448364 -0.99880916 -0.047722932 0.011785083 -148.24487 0.011702366 0.002028035 0.9999295 2.8132324
-0.033416506 0.9994363 0.0032388028 -39.4718 -0.99928343 -0.033468712 0.017678723 -149.09729 0.017781876 -0.0026495773 0.9998386 2.8326416
-0.019966003 0.9997428 0.009815295 -39.47473 -0.9994429 -0.020217052 0.026181959 -149.87085 0.026378797 -0.009276364 0.9996089 2.8566895
-0.006593466 0.999841 0.016601011 -39.46814 -0.9993739 -0.0071655507 0.03465549 -150.62549 0.03476535 -0.016350998 0.9992614 2.869995
