1.000000000000000000e+00 -3.306050084167601550e-19 -2.270457535318767223e-19 -8.673617379884035472e-19 7.546676715296109287e-19 1.000000000000000000e+00 6.237773588823049983e-19 1.387778780781445676e-17 -3.447385680526250622e-20 4.770700176052009879e-20 1.000000000000000222e+00 5.551115123125782702e-17
9.999119133903553447e-01 -2.453583319363880459e-03 1.304446017088788969e-02 1.100609689415633918e-02 2.439951916255386332e-03 9.999964542108961130e-01 1.060601969619706349e-03 -9.318795952412986527e-03 -1.304701720192241385e-02 -1.028678302899096314e-03 9.999143681851868637e-01 2.982521311859390734e-01
9.998083393768169014e-01 -5.179319796729022971e-03 1.887958413406070485e-02 2.476864915407450685e-02 5.152802755231901920e-03 9.999856506941128265e-01 1.452860987926774070e-03 -1.288696867611424657e-02 -1.888684232849904138e-02 -1.355290651044500526e-03 9.998207255052423692e-01 5.915088565373826102e-01
9.997653537808854907e-01 -7.862017415097583700e-03 2.017932964377230215e-02 2.954593719655256717e-02 7.849640001410572790e-03 9.999689898196103544e-01 6.924498583653923654e-04 -1.865752566747116981e-02 -2.018414732247410595e-02 -5.338787608982221424e-04 9.997960314033191853e-01 8.919491555987195675e-01
9.998184582550133648e-01 -8.790420404508158050e-03 1.691111781218521126e-02 3.570305287973624814e-02 8.801781418622655478e-03 9.999611073449058418e-01 -5.978037110920475994e-04 -2.747289012743579784e-02 -1.690520950212678550e-02 7.464643590699311920e-04 9.998568460669513547e-01 1.197098977955014076e+00
9.998728864637600466e-01 -1.140319297058769304e-02 1.114616219197002607e-02 3.323474777122256002e-02 1.142651331828163988e-02 9.999326496535464459e-01 -2.030982665630773776e-03 -3.002074128650439322e-02 -1.112225537287712604e-02 2.158043493167705572e-03 9.999358393290133096e-01 1.517806408843028088e+00
9.999199785970042109e-01 -1.265225373393101885e-02 -9.708890742569291181e-05 2.824166396847718058e-02 1.265178604147531791e-02 9.999125077155704977e-01 -3.854657643128008796e-03 -3.920577167974324817e-02 1.458506137740216190e-04 3.853120425423474035e-03 9.999925740550097419e-01 1.844247271469616312e+00
9.997997475657528499e-01 -1.182845227853134007e-02 -1.614478466213367311e-02 4.879724933917100986e-03 1.176805369373188671e-02 9.999234122401520208e-01 -3.830163197939772356e-03 -4.129501785923707369e-02 1.618885587172844837e-02 3.639441610041225204e-03 9.998623494943272849e-01 2.170152877183286311e+00
9.993378560876223782e-01 -7.662422175076144884e-03 -3.557041696775305184e-02 -3.035126593325962810e-02 7.519822820102196881e-03 9.999631494866980663e-01 -4.140238873542788529e-03 -5.345288579207045643e-02 3.560082831966746714e-02 3.870126158336335571e-03 9.993586051739707932e-01 2.517992827597373307e+00
9.985037719918830046e-01 -3.018930200855102480e-03 -5.460774538610559115e-02 -7.243438854537237459e-02 2.741694469558346448e-03 9.999829646865868726e-01 -5.150678316203433776e-03 -5.631182811041321457e-02 5.462237672842567421e-02 4.993257210453601672e-03 9.984950033193943364e-01 2.872172784014074942e+00
9.971998927361758192e-01 -2.477934560104340725e-03 -7.475080840387605952e-02 -1.209469901265170233e-01 2.074013776014046410e-03 9.999828358823892316e-01 -5.480964101348108353e-03 -6.013465468760317845e-02 7.476311553093888118e-02 5.310602426997414194e-03 9.971879107056235148e-01 3.231503529281497755e+00
9.952671336493994492e-01 -2.879362909164350903e-03 -9.715110346941543962e-02 -1.736391752575611458e-01 2.466444706789304962e-03 9.999873946210603437e-01 -4.369795372790787058e-03 -6.566237712577041585e-02 9.716247027170488160e-02 4.109506028059405243e-03 9.952617170946833625e-01 3.612601680995635167e+00
9.931588568291127572e-01 -4.668930033788118959e-03 -1.166693561534085655e-01 -2.321960514550019394e-01 4.237445663240420324e-03 9.999832649333270096e-01 -3.945534839225019880e-03 -7.222819604151058115e-02 1.166858266789552456e-01 3.424194691729648583e-03 9.931619825657160838e-01 3.995845499834989045e+00
9.910722835650171980e-01 -3.134058996638579720e-03 -1.332837676334014676e-01 -3.057902339671759728e-01 2.806820693965994713e-03 9.999925772627151765e-01 -2.643069076358780037e-03 -7.749245026841010409e-02 1.332910800275561858e-01 2.245329889286005413e-03 9.910737132956504158e-01 4.392081231230916316e+00
9.889579821051833752e-01 -1.925279315065724388e-03 -1.482283144085211057e-01 -3.852391621439908986e-01 1.605983535000530486e-03 9.999960979737849698e-01 -2.274118428687034541e-03 -8.268511210920061194e-02 1.482321399388056571e-01 2.010912567750676016e-03 9.889572730322989669e-01 4.812529974776494690e+00
9.868046102935134067e-01 -1.356722021641754670e-03 -1.619483434171876679e-01 -4.695883213460624317e-01 1.005623249891323540e-03 9.999969597303877133e-01 -2.249905938177299697e-03 -8.989229096951628639e-02 1.619509116703241602e-01 2.057308032907865982e-03 9.868029302698309024e-01 5.231615907856176584e+00
9.844778681063152126e-01 -1.763277338202580468e-03 -1.755441901213580236e-01 -5.608331210792595334e-01 1.318412404327474856e-03 9.999956207878386572e-01 -2.649881159355263558e-03 -9.657135929116979212e-02 1.755481124763786371e-01 2.377255184676826776e-03 9.844758886426200339e-01 5.669454467186779034e+00
9.830363684667597912e-01 -6.173732744592022939e-03 -1.833186487911819540e-01 -6.484128208753716649e-01 5.410558573264436129e-03 9.999744876014241557e-01 -4.664435780461119972e-03 -1.093546424681528378e-01 1.833427864075717617e-01 3.593616023681420538e-03 9.830447159647448530e-01 6.118706466644977304e+00
9.814684253497815147e-01 -4.853235194509655792e-03 -1.915669169686717854e-01 -7.497574202481270822e-01 3.668012686468095484e-03 9.999718543486346700e-01 -6.540743635228565833e-03 -1.169838243714740045e-01 1.915932750849230481e-01 5.716952581870562988e-03 9.814586303472078166e-01 6.584218397755591035e+00
9.799982657332836355e-01 -3.854862131478039092e-03 -1.989639027729218357e-01 -8.594651526550857179e-01 2.242508834651817974e-03 9.999628088224122857e-01 -8.328747847979578109e-03 -1.171277119783244031e-01 1.989886224220964450e-01 7.716036271355970581e-03 9.799704182497851468e-01 7.059181735216151665e+00
9.784834471413260681e-01 -5.369799141083901259e-03 -2.062038179173397989e-01 -9.692956528659799620e-01 3.149547856145868980e-03 9.999335221164817877e-01 -1.109170122337812744e-02 -1.287778369922104593e-01 2.062496659447381753e-01 1.020373499733151675e-02 9.784352879939320902e-01 7.546665626314554842e+00
9.765571393277260315e-01 -8.714163921684857372e-03 -2.150335693994501474e-01 -1.082861195383086894e+00 6.134608504242290879e-03 9.999010448748768543e-01 -1.266069523895239565e-02 -1.391022601154595639e-01 2.151226173653459084e-01 1.104503789097955983e-02 9.765138106742590196e-01 8.046847380449182907e+00
9.749237067329269424e-01 -1.408602043873626551e-02 -2.220770080087730858e-01 -1.195328163667226606e+00 1.129691704848921618e-02 9.998405542330358609e-01 -1.382295805039658078e-02 -1.562220537608429716e-01 2.222363439168075216e-01 1.096722187749891823e-02 9.749273922856853680e-01 8.562158477373694510e+00
9.729175738758835124e-01 -1.523302014565220200e-02 -2.306506801923296213e-01 -1.326844622006295937e+00 1.188885582983859567e-02 9.998031744890687467e-01 -1.588350836699712818e-02 -1.767642453872554364e-01 2.308472192625366792e-01 1.271122280908026057e-02 9.729071794151994412e-01 9.089739787421537542e+00
9.712216535994329103e-01 -1.153648617988933811e-02 -2.378734245670484082e-01 -1.479353538501767762e+00 6.861775714407663748e-03 9.997668713961961329e-01 -2.046813779864892560e-02 -1.761649665788696528e-01 2.380541326493530452e-01 1.824661257546037266e-02 9.710744489805064328e-01 9.620076746794987699e+00
9.694330544748889222e-01 -8.570537390400791156e-03 -2.452242038705993721e-01 -1.634702759523234183e+00 2.737722600857448590e-03 9.997052877746704924e-01 -2.411710454458829145e-02 -1.932984600966678734e-01 2.453586756694868809e-01 2.270879246573737770e-02 9.691707908032668461e-01 1.016947721083264611e+01
9.666032641378395907e-01 -1.113431462196442026e-02 -2.559277915926930769e-01 -1.788323457515242243e+00 4.710218937300336695e-03 9.996588034362429154e-01 -2.569017711599962117e-02 -2.119984843816246634e-01 2.561264762026524422e-01 2.362647437270264453e-02 9.663259136499777746e-01 1.072856515456713211e+01
9.648220001361331732e-01 -1.338554472260481028e-02 -2.625409710327231139e-01 -1.946961428128315852e+00 6.467494631025957029e-03 9.996091575096160975e-01 -2.719032056787796386e-02 -2.366608113057639129e-01 2.628023484650734432e-01 2.453573210071935060e-02 9.645315498737825344e-01 1.129647818281787153e+01
9.625535532944008432e-01 -1.337352639304478612e-02 -2.707514277192294982e-01 -2.125986688340470554e+00 5.489770489365538263e-03 9.995391688681991571e-01 -2.985402531957204869e-02 -2.569336231854756902e-01 2.710259185911648716e-01 2.724949789838583894e-02 9.621834509521770551e-01 1.188423786441200569e+01
9.600555523275724479e-01 -1.187910058393268006e-02 -2.794606702535007980e-01 -2.314622836868213351e+00 2.617836420872104216e-03 9.994359276370849976e-01 -3.346824731441071232e-02 -2.807694961303182080e-01 2.797007234810868770e-01 3.139887486457040161e-02 9.595452660604284478e-01 1.247428883506759867e+01
9.581540401443909838e-01 -1.330402647772144578e-02 -2.859787215072675526e-01 -2.499108829808800891e+00 2.389214719368784774e-03 9.992562564452438512e-01 -3.849202489824905121e-02 -3.075841880365302039e-01 2.862780619325276388e-01 3.619848860900000409e-02 9.574731977875016176e-01 1.307139309775184977e+01
9.561033469400360696e-01 -1.421190896814098110e-02 -2.927267867301722726e-01 -2.703670389108294270e+00 9.156223789245956360e-04 9.989632136122458261e-01 -4.551880699546621140e-02 -3.479833374420950864e-01 2.930702547129691027e-01 4.325262916694617293e-02 9.551250946067149084e-01 1.368737210420519368e+01
9.550353834280166376e-01 -1.471040916855946394e-02 -2.961397629113348140e-01 -2.911675634053250583e+00 -1.475301827067513694e-03 9.985202939905204467e-01 -5.436251028693405568e-02 -3.809760359210272451e-01 2.965013822475400240e-01 5.235430984532978005e-02 9.536004919959835124e-01 1.431381381541912035e+01
9.539985106091191103e-01 -1.420877882368774305e-02 -2.995237824383622516e-01 -3.119695235678540790e+00 -4.762576271991469413e-03 9.980320963863582584e-01 -6.251623697716503225e-02 -4.239333646188593319e-01 2.998230886666236605e-01 6.106525436564731041e-02 9.520535390273192622e-01 1.494881984528453422e+01
9.524496830998382402e-01 -1.522825713184588342e-02 -3.043692355629615820e-01 -3.339702038321259003e+00 -6.777078413290445885e-03 9.974443452887491457e-01 -7.113188038089450493e-02 -4.677813135758961960e-01 3.046749005689856071e-01 6.981110740557767980e-02 9.499124114879693437e-01 1.559813808648492817e+01
9.514580773254603940e-01 -1.415100549295426023e-02 -3.075115722859618761e-01 -3.563901639919358377e+00 -1.061651756345248498e-02 9.968389880450035934e-01 -7.873850995942441311e-02 -5.302028215845246972e-01 3.076541104841926666e-01 7.817979603851010761e-02 9.483003200360304863e-01 1.625039450265429508e+01
9.496836884941090018e-01 -1.232075926101955723e-02 -3.129578317871713478e-01 -3.796265014391468462e+00 -1.489656998920216129e-02 9.963184678188883314e-01 -8.444824497150844878e-02 -5.878920448158302392e-01 3.128454814916954985e-01 8.486357476617265028e-02 9.460038833064488006e-01 1.692014468218400580e+01
9.479835625035115676e-01 -1.029743375393392217e-02 -3.181595979185350420e-01 -4.043617621054464983e+00 -1.962511677130033064e-02 9.956845932354991824e-01 -9.069808967026597724e-02 -6.536114861063054837e-01 3.177202792031794676e-01 9.222521545338516202e-02 9.436906289365877276e-01 1.759388704277057158e+01
9.470472294552343406e-01 -8.582514546394078708e-03 -3.209446110076785708e-01 -4.293192869401988965e+00 -2.353357793557896149e-02 9.950990173043058329e-01 -9.603410691042116309e-02 -7.259220064020549534e-01 3.201959255906568491e-01 9.850167011815964824e-02 9.422036954477964743e-01 1.828192442719983646e+01
9.450534069150811067e-01 -6.782448079422589982e-03 -3.268413502698953033e-01 -4.553370003422513079e+00 -2.726609417395231549e-02 9.946661339988767114e-01 -9.948989511639415306e-02 -8.001559106709342784e-01 3.257728121972864321e-01 1.029353852405270747e-01 9.398275782266674039e-01 1.898135116127766153e+01
9.437678497959960389e-01 -5.225683207651116852e-03 -3.305647860959612938e-01 -4.823248895833495808e+00 -2.984719226419730101e-02 9.944454344962725401e-01 -1.009311044377709937e-01 -8.757602032717165530e-01 3.292563049908294737e-01 1.051210051134749551e-01 9.383695766543870276e-01 1.969210757470351680e+01
9.411950744230663801e-01 -4.501478396406242630e-03 -3.377604125607336361e-01 -5.091536831545720787e+00 -3.100709216475065755e-02 9.945406240648461127e-01 -9.965424601750789979e-02 -9.618734226089570294e-01 3.363643980632621822e-01 1.042710491114740845e-01 9.359173218940153305e-01 2.041324413777028823e+01
9.385379129457002145e-01 -4.963454842131710676e-03 -3.450987856507461427e-01 -5.372733965878242479e+00 -3.082724798450433082e-02 9.946958307060139726e-01 -9.813609461878404494e-02 -1.040761387958065942e+00 3.437553081628740292e-01 1.027438172429949725e-01 9.334067049185376108e-01 2.114190390553427079e+01
9.362476353644149096e-01 -4.214612607785138583e-03 -3.512624996189109283e-01 -5.659862214159287142e+00 -3.154170026525851545e-02 9.948822976753247671e-01 -9.599495977682387382e-02 -1.126031069623091518e+00 3.498697516737397373e-01 1.009541271618014519e-01 9.313230508164618282e-01 2.187795068322703784e+01
9.342852914976390588e-01 -4.098526474096620374e-03 -3.565728121127988426e-01 -5.955504942783941047e+00 -3.096220337286391747e-02 9.952233924464939374e-01 -9.257971369901343839e-02 -1.205091832854206402e+00 3.552495010814777920e-01 9.753327693420388300e-02 9.296956083532306181e-01 2.262051761568493191e+01
9.295899680750352445e-01 -1.347672131281980575e-03 -3.685605121752627000e-01 -6.272528466634883060e+00 -3.304607821011809610e-02 9.956617272816733477e-01 -8.698129929143562367e-02 -1.284021721284309470e+00 3.670790477203088598e-01 9.303574581837999180e-02 9.255124600311700478e-01 2.338338376990328271e+01
9.264704314602307811e-01 1.986339494033543401e-03 -3.764071733887048299e-01 -6.589192669347931464e+00 -3.477492157742438639e-02 9.961603290193514759e-01 -8.033335902497386327e-02 -1.362856561712133763e+00 3.748028093965014573e-01 8.751202489681440821e-02 9.229820038789386949e-01 2.413193244461684728e+01
9.227843289294646034e-01 4.999984407947077880e-03 -3.852422540369428439e-01 -6.922411499252008937e+00 -3.741238919678524510e-02 9.963539756319039764e-01 -7.669283969103188325e-02 -1.435939282358567715e+00 3.834542420202518009e-01 8.518644322824890647e-02 9.196067530214867558e-01 2.488985156185797365e+01
9.199242977057441317e-01 5.591561430762823949e-03 -3.919776307669249338e-01 -7.263755013792640547e+00 -3.806281043972532113e-02 9.964494718009171415e-01 -7.509569349962273710e-02 -1.506734510034227092e+00 3.901662407510624875e-01 8.400227768688564578e-02 9.168707330377420250e-01 2.565294473751519178e+01
9.155512622803319012e-01 6.414426645611701235e-03 -4.021544728288267145e-01 -7.617495083956028701e+00 -3.958527616865119975e-02 9.964553836870205794e-01 -7.423013499864629383e-02 -1.577431859671037717e+00 4.002529735351177953e-01 8.388052956971864260e-02 9.125598375302673704e-01 2.643157895887634368e+01
9.126551041866771685e-01 7.553900486134666921e-03 -4.087067098159457013e-01 -7.973408772587577964e+00 -4.053712049219312247e-02 9.965727367765064848e-01 -7.210549559231979599e-02 -1.648133189464445314e+00 4.067615873963192352e-01 8.237208187328205755e-02 9.098333191244020179e-01 2.720670798661738132e+01
9.081152619275005833e-01 7.584340527968895344e-03 -4.185914747770025923e-01 -8.347607397690502751e+00 -4.088262301048758984e-02 9.966647947974344168e-01 -7.064334468361231634e-02 -1.715572142160049829e+00 4.166595066968971084e-01 8.126996043772179157e-02 9.053966138263652708e-01 2.799253340738617624e+01
9.047612796856420170e-01 7.292903328943657788e-03 -4.258524971488215627e-01 -8.732573522264337029e+00 -4.015922503636351615e-02 9.968599405384973577e-01 -6.824586456793385603e-02 -1.786492357285696331e+00 4.240181968556043790e-01 7.884394563254451538e-02 9.022126816580324782e-01 2.877764510861567970e+01
9.015128434515112810e-01 7.532617669490653152e-03 -4.327266046415264578e-01 -9.129068566430898812e+00 -3.906483483804662482e-02 9.971828334473715749e-01 -6.402174212918186613e-02 -1.850692683349281609e+00 4.310253479239408159e-01 7.461872792723971137e-02 8.992675251007817838e-01 2.957797979709869907e+01
8.973611213353261951e-01 9.151145151677230957e-03 -4.412516247522215163e-01 -9.540648550371615855e+00 -3.894609226921579015e-02 9.975260482146596219e-01 -5.850640848379754649e-02 -1.908353764544996167e+00 4.396245165849130276e-01 6.968338207272326001e-02 8.954977787036461079e-01 3.039497517625839862e+01
8.943503453197229058e-01 8.648101345694068909e-03 -4.472775654964383785e-01 -9.956961593100079000e+00 -3.660159815082621865e-02 9.978758582507851749e-01 -5.390866220563017563e-02 -1.975327570178671444e+00 4.458616012606781420e-01 6.458486791551688866e-02 8.927669085167420082e-01 3.119769905435045843e+01
8.899779208099477534e-01 9.844081231636192184e-03 -4.558661070772186963e-01 -1.038761499062203519e+01 -3.741161785207736817e-02 9.979729051774559601e-01 -5.147798590392153179e-02 -2.029895589894928687e+00 4.544353327253635166e-01 6.286700398656962230e-02 8.885421273130726938e-01 3.202026323769755578e+01
8.869432490987795292e-01 9.462874999361423067e-03 -4.616880205556723737e-01 -1.083007542450634908e+01 -3.671139114887018995e-02 9.980711730481556243e-01 -5.005979232672634616e-02 -2.088779085406292424e+00 4.603233571464750984e-01 6.135535796416615589e-02 8.855800555065684865e-01 3.285211350502177652e+01
8.844661352050411374e-01 8.663323684238779035e-03 -4.666035437536632524e-01 -1.127926083022565251e+01 -3.533408816114422257e-02 9.982001543451364256e-01 -4.845027719058200844e-02 -2.136223015203592368e+00 4.653439016579025145e-01 5.933889138121611201e-02 8.831806781469665468e-01 3.369015279430516330e+01
8.811683845290314565e-01 9.138748912709710251e-03 -4.728099599419960386e-01 -1.174766185197279000e+01 -3.504672171247108503e-02 9.983251131733430483e-01 -4.602651270818879786e-02 -2.190276393652136111e+00 4.715977372528472045e-01 5.712299714113117100e-02 8.800128470928528790e-01 3.453858949104687781e+01
8.788695572552002178e-01 7.402474544699661277e-03 -4.769790192396477502e-01 -1.222265924629707712e+01 -3.358895197851366476e-02 9.983582729377488141e-01 -4.638462440995538144e-02 -2.248306852225067320e+00 4.758525227776142508e-01 5.678713217284971082e-02 8.776754863048539246e-01 3.539545579420682486e+01
8.773725540444416993e-01 6.945265317558633848e-03 -4.796975402781241682e-01 -1.270486619580187337e+01 -3.322882895389102365e-02 9.983740159634528766e-01 -4.631920484745054301e-02 -2.301915506711378789e+00 4.785958639664164016e-01 5.658097467379809287e-02 8.761767526697178399e-01 3.626006425174538350e+01
8.751982494182048988e-01 5.930101991190276679e-03 -4.836520089331707295e-01 -1.319876340003512816e+01 -3.286340120255450137e-02 9.983436481864849110e-01 -4.723338861296684510e-02 -2.354707636543801552e+00 4.825707522005657779e-01 5.723815070044088738e-02 8.739435612461712299e-01 3.713095308074716172e+01
8.755568747991633316e-01 6.826414018320648217e-03 -4.831616399552994823e-01 -1.370070853175875136e+01 -3.312229442407194080e-02 9.983954119014747386e-01 -4.592459318600083246e-02 -2.408482820361212084e+00 4.820727251838422545e-01 5.621358406248984363e-02 8.743783064084930112e-01 3.801757399093511935e+01
8.750603189608041621e-01 8.243865892717940763e-03 -4.840391214726794678e-01 -1.420740163185910099e+01 -3.358128064721306594e-02 9.984795193054708529e-01 -4.370761171378603760e-02 -2.466611872369805170e+00 4.829429731491483024e-01 5.449752307677886709e-02 8.740068941594149043e-01 3.891226626771978658e+01
8.746650107890828751e-01 6.630642988314269792e-03 -4.847447974394073489e-01 -1.472378980096593359e+01 -3.187693157140960437e-02 9.985288519066444213e-01 -4.385901798779698324e-02 -2.522751585926709783e+00 4.837408757437863804e-01 5.381188540979266188e-02 8.735894534396795308e-01 3.982423100268533034e+01
8.747589180643361439e-01 4.622675851704658757e-03 -4.845611895081327614e-01 -1.524184441077048291e+01 -2.988497906268371487e-02 9.985656985212959524e-01 -4.442985307601789169e-02 -2.576229887489751569e+00 4.836610974855550804e-01 5.334413502944337221e-02 8.736419838324588349e-01 4.073979709860154230e+01
8.728830050602545132e-01 2.848688865003330076e-03 -4.878261143452586879e-01 -1.578254413582893889e+01 -2.830867100432132855e-02 9.985943241451399333e-01 -4.481691835951121666e-02 -2.626571189126577721e+00 4.870128259281087946e-01 5.293073831532649903e-02 8.717363839637037870e-01 4.167729311944184900e+01
8.723475183966079571e-01 2.542831509035395170e-03 -4.889350530341659007e-01 -1.630060370273572445e+01 -2.694290570199466342e-02 9.987168373785444420e-01 -4.288389602149729474e-02 -2.684291065641884355e+00 4.881986440956050388e-01 5.058160942453050757e-02 8.712965937411442097e-01 4.260388322161294639e+01
8.702116116996408968e-01 2.412800886920013661e-03 -4.926344296557831348e-01 -1.683931539814928868e+01 -2.483906668273627022e-02 9.989311851453193114e-01 -3.897795117293809813e-02 -2.741599322235421354e+00 4.920136938543174798e-01 4.615810494113169182e-02 8.693414069705003300e-01 4.353760179737108160e+01
8.671112311152462393e-01 2.946312843083747756e-03 -4.982940850288645196e-01 -1.738912146248078372e+01 -2.318415222314259075e-02 9.991375622051416050e-01 -3.444519523458250410e-02 -2.797618557022242936e+00 4.977630096803669080e-01 4.141525800711673422e-02 8.664316466286480223e-01 4.446767893643589531e+01
8.639742944595343310e-01 1.881965356580957453e-03 -5.035169937649280891e-01 -1.793406102434510530e+01 -2.103490971298866904e-02 9.992550631476490031e-01 -3.234817415446138156e-02 -2.845681479572980344e+00 5.030810208898496283e-01 3.853853531310338226e-02 8.633700972725777412e-01 4.539424390554448507e+01
8.587208433467371504e-01 -1.422930631811814006e-03 -5.124965168918497183e-01 -1.849302600883811465e+01 -1.870958412972008669e-02 9.992424590382853467e-01 -3.412565157061708127e-02 -2.899417200563108921e+00 5.121568428722764743e-01 3.889329778295550627e-02 8.580435130484799222e-01 4.631329755361792166e+01
8.530852469622514089e-01 -4.281992631472398766e-03 -5.217647054364548120e-01 -1.904830172838100921e+01 -1.792991905761112670e-02 9.991351498550523624e-01 -3.752221836853123632e-02 -2.960721679696147302e+00 5.214743526815480701e-01 4.136113066645420722e-02 8.522706224316588530e-01 4.721742693668074509e+01
8.465326627641573953e-01 -3.944986491970168749e-03 -5.321716327355205944e-01 -1.963417854365672710e+01 -1.830636922569254393e-02 9.991653301891488814e-01 -3.652061081568779011e-02 -3.009756185830530839e+00 5.318714864457169123e-01 4.066013240662341710e-02 8.457539142045920055e-01 4.813171430753742186e+01
8.410914188143058245e-01 -1.466368306275600813e-03 -5.409147932737652376e-01 -2.023066987131598893e+01 -1.867265809897285939e-02 9.993215169187054103e-01 -3.174981631169863927e-02 -3.056295331962370909e+00 5.405945049130504998e-01 3.680353271787328157e-02 8.404934196480010611e-01 4.904043116580282913e+01
8.367968624441187719e-01 2.667027956978844459e-03 -5.474232595301687931e-01 -2.083460779622100389e+01 -2.054170284251290862e-02 9.994369971747552039e-01 -2.652354520097429530e-02 -3.106845703652108437e+00 5.470443097189637838e-01 3.343969276090187626e-02 8.363805359995650779e-01 4.994145740333006955e+01
8.321333631559395538e-01 4.171774781637739397e-03 -5.544894685460380890e-01 -2.144116636844194446e+01 -2.338560913423386525e-02 9.993461385832095312e-01 -2.757261669863754136e-02 -3.153165039663062164e+00 5.540118855725244540e-01 3.591363636416237265e-02 8.316868424266531390e-01 5.082688794697496348e+01
8.292878776892675941e-01 1.470598879494362148e-03 -5.588829517218477649e-01 -2.205016449037943715e+01 -2.357725278604655417e-02 9.991981828921990827e-01 -3.234604778886199239e-02 -3.198729548680816048e+00 5.583875345539790480e-01 3.999386051163991013e-02 8.286575322530062016e-01 5.171103394638472395e+01
8.262495241622452857e-01 -1.092263647309757663e-03 -5.633583845748852958e-01 -2.266234820639799352e+01 -2.551975615419319748e-02 9.988988197765007460e-01 -3.935918131870756731e-02 -3.260864175637244511e+00 5.627812076684186593e-01 4.689108290558716141e-02 8.253117800770622958e-01 5.258882492523948571e+01
8.229189203141187292e-01 -1.452821524613257757e-03 -5.681891564932415317e-01 -2.328566221217973720e+01 -2.613948039055881759e-02 9.988409845961049305e-01 -4.042177402873920605e-02 -3.313812417368737773e+00 5.675896193722436145e-01 4.811387875279649062e-02 8.219270452965329321e-01 5.346548182254469594e+01
8.201615631988541377e-01 2.373339651967041632e-04 -5.721060990365329779e-01 -2.390528913584140369e+01 -2.578018031149450356e-02 9.989994523910261659e-01 -3.654260189763668815e-02 -3.371875506784991483e+00 5.715250572534271711e-01 4.472105470641146718e-02 8.193471254509220314e-01 5.434910693494920508e+01
8.172524137354408857e-01 1.626694542665793088e-03 -5.762517954270383047e-01 -2.454492296797234374e+01 -2.384753952847044542e-02 9.992347239687027205e-01 -3.100058660211626321e-02 -3.416482572640180404e+00 5.757604980015886831e-01 3.907919511733459750e-02 8.166660028407480842e-01 5.522769828356864963e+01
8.141409906965776377e-01 3.505673106991949971e-03 -5.807053556333123812e-01 -2.518599132948234853e+01 -2.443949645915173899e-02 9.993024802285798147e-01 -2.823564952669352368e-02 -3.464842945448126876e+00 5.802014673618025586e-01 3.717934705180931526e-02 8.136589041053602367e-01 5.610716804990201467e+01
8.109798434021205926e-01 4.912621801725184333e-03 -5.849279937405902352e-01 -2.582341512923704485e+01 -2.648639360021340025e-02 9.992477061978847219e-01 -2.831922740246994516e-02 -3.509235914460507200e+00 5.843487902349935315e-01 3.846408545214146518e-02 8.105000490671395719e-01 5.697440661411691565e+01
8.079829448392561453e-01 3.425994972992224032e-03 -5.891960296258476060e-01 -2.647705674749663274e+01 -2.557088234178134592e-02 9.992448958600427256e-01 -2.925032665443837859e-02 -3.553054979540542391e+00 5.886511900992537072e-01 3.869369049252907589e-02 8.074603769406243359e-01 5.784500208383875020e+01
8.035656148704696244e-01 1.708804912174921500e-03 -5.951615682968940391e-01 -2.712781797018324781e+01 -2.597334342570615032e-02 9.991439475217519517e-01 -3.218597107067495966e-02 -3.606367829908208478e+00 5.945971219747357983e-01 4.132078039218820692e-02 8.029222659158841147e-01 5.871425361198180326e+01
8.006617587519175849e-01 6.989751773751576476e-04 -5.991407697283783751e-01 -2.778441382697603856e+01 -2.499301918345626927e-02 9.991677257058384498e-01 -3.223633972543007986e-02 -3.655799554751733460e+00 5.986195326094876368e-01 4.078630015806274101e-02 8.000130043079607400e-01 5.957746681542099765e+01
7.947835543320920237e-01 1.305470909715390673e-04 -6.068382091502383391e-01 -2.845808919490429290e+01 -2.372552099022916944e-02 9.992421743519313004e-01 -3.084835793774660939e-02 -3.700776843797401128e+00 6.063744907967472120e-01 3.891431580992491673e-02 7.941843772119731026e-01 6.044963094041703755e+01
7.914956598252463893e-01 -4.769097506746071348e-04 -6.110719498206862443e-01 -2.913108609240077485e+01 -2.308237203991679587e-02 9.992630948259338952e-01 -3.067240875566326977e-02 -3.749957204987489856e+00 6.106363374648684506e-01 3.838144279057357361e-02 7.909012180165139183e-01 6.130561107538314047e+01
7.851486920310178919e-01 -7.633458480989994662e-04 -6.191587576445084506e-01 -2.982309070952397789e+01 -2.307999804540680766e-02 9.992685758290885678e-01 -3.048039801723925399e-02 -3.801590450383777409e+00 6.187289604472495652e-01 3.822373641753695761e-02 7.845568098414622549e-01 6.216569284282095254e+01
7.803283032993315604e-01 -2.624833194643992357e-03 -6.254102602746046680e-01 -3.052277007891349925e+01 -2.240500766130630941e-02 9.992319420591766477e-01 -3.215064753547623028e-02 -3.855444289480727704e+00 6.250145733282802540e-01 3.909790160316582719e-02 7.796700226430485214e-01 6.301946686786916274e+01
7.749640292713533274e-01 -3.507656252109066317e-03 -6.319911239036780648e-01 -3.122182456873906631e+01 -2.168962920449123491e-02 9.992479414634225510e-01 -3.214857750819426208e-02 -3.902733994337660217e+00 6.316283929978235845e-01 3.862580556663774284e-02 7.743050776241416910e-01 6.386911777624271735e+01
7.695332295442908199e-01 -4.580919223903609332e-03 -6.387493298205451087e-01 -3.193927261719808897e+01 -2.158847674338716660e-02 9.992162228947630842e-01 -3.317619557198107916e-02 -3.951922851530228709e+00 6.384008296663111759e-01 3.931359532027610404e-02 7.688310972778958918e-01 6.471682088898513996e+01
7.637080460233429680e-01 -6.585154614861539468e-03 -6.455521462608831973e-01 -3.265401204706913774e+01 -2.029378839361005785e-02 9.992089625296250999e-01 -3.419732585152123611e-02 -4.003664247706935519e+00 6.452668580806151244e-01 3.921446930163693251e-02 7.629702423473008199e-01 6.556066388529445987e+01
7.574638277882276283e-01 -8.372244980374855122e-03 -6.528728111214853191e-01 -3.339077099011219474e+01 -1.875392644992217306e-02 9.992262885219381774e-01 -3.457222190884890606e-02 -4.056827604352708505e+00 6.526571418004912806e-01 3.843166694673183503e-02 7.567205711364286547e-01 6.640208079946084752e+01
7.511529070939706454e-01 -7.606456159434333945e-03 -6.600250457227968548e-01 -3.414055165327238939e+01 -1.837712019231141705e-02 9.993052420122389146e-01 -3.243215439735386979e-02 -4.104040262478058310e+00 6.598132940038056171e-01 3.649033252406367472e-02 7.504911740711283086e-01 6.724342684754174115e+01
7.456242110800113121e-01 -8.685428678280746051e-03 -6.663979033737513769e-01 -3.489487531972336143e+01 -1.676576355478763547e-02 9.993539957316556199e-01 -3.178909046550519590e-02 -4.159183304392469083e+00 6.662435265584690791e-01 3.487612679968690038e-02 7.449969475882051162e-01 6.807008918919797225e+01
7.387960157896283908e-01 -9.748945855788166207e-03 -6.739056177158379013e-01 -3.566150868269972563e+01 -1.612836610427244993e-02 9.993532196832842773e-01 -3.213867289978494107e-02 -4.209102304615714552e+00 6.737832367447103010e-01 3.460828018183126353e-02 7.381610176703981008e-01 6.890032774885239064e+01
7.316818078252594892e-01 -1.223911056030763458e-02 -6.814979090209408730e-01 -3.643806970179046800e+01 -1.525765836910203573e-02 9.992942972378593414e-01 -3.432831157336478645e-02 -4.264641186690513841e+00 6.814369298963676158e-01 3.551908767960319790e-02 7.309787270139077586e-01 6.972340679801511953e+01
7.268448430330481935e-01 -1.097025322145628659e-02 -6.866548330051488458e-01 -3.723061866337612003e+01 -1.693861258544104506e-02 9.992819777572795603e-01 -3.388159154812370871e-02 -4.318691955269360783e+00 6.865336626526969965e-01 3.625581421614748612e-02 7.261373093251815014e-01 7.054867981191570436e+01
7.212394238030296334e-01 -1.084612100635221413e-02 -6.925795750279438723e-01 -3.803856412253082908e+01 -1.661834968493194550e-02 9.993186355638555840e-01 -3.296784492006837181e-02 -4.364329021346463833e+00 6.924652514972038375e-01 3.528816413522023465e-02 7.205679295933812289e-01 7.136335995957411171e+01
7.166669231011291163e-01 -1.029535703803127929e-02 -6.973208566437515410e-01 -3.884814146358717579e+01 -1.747175151404344387e-02 9.993121832672609006e-01 -3.271221541890104167e-02 -4.410967533890957526e+00 6.971778192855729861e-01 3.563155314061047796e-02 7.159941721541015491e-01 7.216844417035241577e+01
7.118715683200609323e-01 -1.063748838920018473e-02 -7.022573236162106269e-01 -3.966514612703918630e+01 -1.792686417930861725e-02 9.992842418843338459e-01 -3.330036998528011771e-02 -4.466461045294191301e+00 7.021090774481628660e-01 3.629202655732237381e-02 7.111713506308715571e-01 7.298682842304890528e+01
7.053435160516936531e-01 -1.264350456625159581e-02 -7.086217655956661421e-01 -4.049278894311817822e+01 -1.819024595627631927e-02 9.991888083463157377e-01 -3.592609547176411899e-02 -4.527853388887550068e+00 7.085008558945783408e-01 3.823678826741706144e-02 7.045413264389354113e-01 7.379293884800945591e+01
7.015714604344015504e-01 -1.503750339822650973e-02 -7.124939848306898194e-01 -4.132239168546492181e+01 -1.802290124386563691e-02 9.990830522286674453e-01 -3.884856861384129029e-02 -4.583994435430677861e+00 7.124248212722893436e-01 4.009700521889741215e-02 7.006573021219348885e-01 7.460681402353191061e+01
6.970346578216392031e-01 -1.438963339719204378e-02 -7.169483702011115733e-01 -4.217318918539488948e+01 -1.949100435301036674e-02 9.990488898918743477e-01 -3.901261677446200837e-02 -4.639451695275956133e+00 7.168278060722192979e-01 4.116871958996274478e-02 6.960913518645811537e-01 7.540766932752379148e+01
6.917039103370925535e-01 -1.526306645895273914e-02 -7.220551937840710144e-01 -4.302192907817155287e+01 -1.764730251355291213e-02 9.991208957513493250e-01 -3.802902832018834056e-02 -4.698375274993075834e+00 7.220010010643382881e-01 3.904412847679839677e-02 6.908264762220440725e-01 7.621878211970253858e+01
6.874887020343497523e-01 -1.524425994248428118e-02 -7.260795026869244495e-01 -4.388474842282481347e+01 -1.663697996671996415e-02 9.991866492400210964e-01 -3.672501343304733490e-02 -4.757030260639808716e+00 7.260489705997618115e-01 3.732386829033110948e-02 6.866758054372078535e-01 7.702269692171049087e+01
6.824564138858782991e-01 -1.586282159934324434e-02 -7.306994495251841748e-01 -4.475480557963332728e+01 -1.624443065504205252e-02 9.991883711372621102e-01 -3.685711093836950558e-02 -4.819900509695128399e+00 7.306911366897678173e-01 3.702102661200429995e-02 6.816448096271284784e-01 7.782638739702488806e+01
6.799223187979634986e-01 -1.670655904994910318e-02 -7.330757926268430813e-01 -4.563342304923864390e+01 -1.544539826143916106e-02 9.991923223802356979e-01 -3.710808537333694368e-02 -4.871371245029489039e+00 7.331033600924833360e-01 3.655861899455713215e-02 6.791151151770867811e-01 7.862948288983584177e+01
6.732643858482099120e-01 -1.742872181395466874e-02 -7.392501484471075690e-01 -4.652217405109912107e+01 -1.456843760178328298e-02 9.992154078919754934e-01 -3.682994785018807449e-02 -4.932430826910637833e+00 7.393122556898088504e-01 3.556236483737219845e-02 6.724820878973881699e-01 7.942353858633255470e+01
6.698891229384387191e-01 -1.956577202144093447e-02 -7.422062476658604080e-01 -4.741378399114299924e+01 -1.183328226340666679e-02 9.992443871591928373e-01 -3.702753673931405420e-02 -4.986753964020468999e+00 7.423698190424190546e-01 3.358636475193253756e-02 6.691513996275579856e-01 8.021571802304897858e+01
6.666942831803138736e-01 -2.172736838937000189e-02 -7.449996281667894404e-01 -4.830843936653100457e+01 -9.194767283844693800e-03 9.992591218769037997e-01 -3.737873572099410791e-02 -5.046371491060518188e+00 7.452595639463469590e-01 3.177301777592438092e-02 6.660006569277984179e-01 8.101061456989863530e+01
6.622289283661569881e-01 -2.659285205319607964e-02 -7.489115321500723343e-01 -4.920794434875583789e+01 -6.083141478093078390e-03 9.991462660932816098e-01 -4.087059593783538142e-02 -5.107957131118340932e+00 7.493591074819114795e-01 3.161868709479148665e-02 6.615018549866676922e-01 8.180053576150781680e+01
6.569232691204470731e-01 -3.049649022248573232e-02 -7.532776807594651070e-01 -5.012228374595633795e+01 -2.294813359386396658e-03 9.990961353572794801e-01 -4.245173109891357821e-02 -5.165264875837789482e+00 7.538910356213650577e-01 2.961977469669702795e-02 6.562594026855120832e-01 8.259422192462156431e+01
6.523330266000439970e-01 -3.531943297127940196e-02 -7.571104510066721804e-01 -5.104970958506888934e+01 4.599182473365142493e-03 9.990797977978739253e-01 -4.264233830688545640e-02 -5.226672397154582761e+00 7.579196609196167111e-01 2.433812047547811649e-02 6.518949472848215576e-01 8.337667311517969893e+01
6.432200199892451620e-01 -3.874591322639197449e-02 -7.647730805525471132e-01 -5.198035506345295431e+01 9.346733964116142254e-03 9.990420885375264071e-01 -4.275093990433082719e-02 -5.296591522614014558e+00 7.656963997487876705e-01 2.035896348653450788e-02 6.429654882330246846e-01 8.415740993893912503e+01
6.353196617845614513e-01 -3.942116810871053312e-02 -7.712845286697342928e-01 -5.291093016269734761e+01 1.218899374142036127e-02 9.990838765615517314e-01 -4.103124809472315226e-02 -5.370287321318500062e+00 7.721951515534077881e-01 1.667348989118320676e-02 6.352178934814323163e-01 8.493755096676751748e+01
6.254956227635772859e-01 -3.850166115706090547e-02 -7.793593379742478344e-01 -5.388178075884677298e+01 1.378252690923782199e-02 9.991710403725997391e-01 -3.830966686133497473e-02 -5.425154121251333450e+00 7.801883929163546672e-01 1.322177834387854370e-02 6.255079784730150916e-01 8.570026063819030071e+01
6.159712621715908165e-01 -3.822018355631413150e-02 -7.867512052238324616e-01 -5.486621182485487225e+01 1.365350090242960397e-02 9.991899563786603711e-01 -3.785921300149454327e-02 -5.494290484326330493e+00 7.875610719598328258e-01 1.257124215451130636e-02 6.159947730040091773e-01 8.645335967178777992e+01
6.078184182738330943e-01 -3.925865670345797531e-02 -7.931162661112596268e-01 -5.584981331561788664e+01 1.189323786623791394e-02 9.991152615518058555e-01 -4.033995809847024105e-02 -5.555098560101267680e+00 7.939983850910165009e-01 1.509008403230650830e-02 6.077474090987693423e-01 8.719960252995821293e+01
5.968653670502609421e-01 -4.229577466944877545e-02 -8.012740694750113413e-01 -5.684346070929294825e+01 1.407304003105463129e-02 9.990074531494220755e-01 -4.225104155203614903e-02 -5.622304167122359253e+00 8.022667304427779644e-01 1.393325211389004337e-02 5.968687526572202806e-01 8.792047507295878006e+01
5.867712393186180764e-01 -4.251677333901921624e-02 -8.086917519340635074e-01 -5.785642377471372555e+01 1.311088258390204209e-02 9.989882499032727292e-01 -4.302190031295834161e-02 -5.686482946983428377e+00 8.097030395665106850e-01 1.463835045126619938e-02 5.867355182930631408e-01 8.865220797838989597e+01
5.778006792121608282e-01 -4.393445937517632960e-02 -8.149588693927568572e-01 -5.887403547798435710e+01 1.569046074883696101e-02 9.989636425760731742e-01 -4.271228958111716878e-02 -5.761040625531038906e+00 8.159914150507725505e-01 1.188846289952492745e-02 5.778910751500901943e-01 8.937353513591146736e+01
5.665398596886862537e-01 -4.341679835409692489e-02 -8.229761070019404601e-01 -5.990616103753196597e+01 1.801487268661083191e-02 9.990249060755403976e-01 -4.030299153188864059e-02 -5.825058925155569334e+00 8.239239682997259173e-01 8.002752680307518782e-03 5.667699434032542616e-01 9.008234500814539558e+01
5.555345543736639469e-01 -4.521501906021128253e-02 -8.302772081692288975e-01 -6.095529053453150681e+01 1.925668671505902096e-02 9.989523131951574264e-01 -4.151883774542970695e-02 -5.892486421478880132e+00 8.312846811010260462e-01 7.075669964435632626e-03 5.558232100984149548e-01 9.077282649784143587e+01
5.465835466549330279e-01 -4.498327845518037410e-02 -8.361524883014952447e-01 -6.201819818188457134e+01 1.798058992842892223e-02 9.989563168878731192e-01 -4.197730835668012778e-02 -5.962905891620197352e+00 8.371687485811015739e-01 7.899086858562802058e-03 5.468223615128886550e-01 9.145426566957108605e+01
5.344756146933978824e-01 -4.569865247088952809e-02 -8.437879679151122359e-01 -6.308100717771866783e+01 1.726133662156549911e-02 9.989193169731391819e-01 -4.316941942698591245e-02 -6.030950002086898465e+00 8.448480137437724968e-01 8.512005646191070710e-03 5.346868048980993882e-01 9.212490357381675210e+01
5.269619149809759984e-01 -4.585088252091022720e-02 -8.485323757689505753e-01 -6.416155936329019482e+01 1.579264458458331730e-02 9.988995162191735000e-01 -4.417065411736325470e-02 -6.099758048470540928e+00 8.496235875457146536e-01 9.873723002216667002e-03 5.271063555887911534e-01 9.277826444023529007e+01
5.167349310027705700e-01 -4.632584240246917506e-02 -8.548906421012575363e-01 -6.525372760489312896e+01 1.532506475457600173e-02 9.988758436029298027e-01 -4.486182994743103530e-02 -6.176508285085239969e+00 8.560077091346254274e-01 1.008380647041014558e-02 5.168637432165652523e-01 9.342448300387279403e+01
