1.0 0.0 0.0 0.0 0.0 1.0 0.0 0.0 0.0 0.0 1.0 0.0
0.99991417 0.013053891 0.0011297986 0.2984619 -0.013051184 0.999912 -0.002371573 -0.007446289 -0.0011606601 0.0023566214 0.99999654 0.0076904297
0.9998201 0.01890838 0.0014990387 0.5917969 -0.018900571 0.99980855 -0.0050607836 -0.020019531 -0.0015944524 0.005031539 0.99998605 0.009399414
0.999795 0.020229705 0.0006833119 0.8922119 -0.020223822 0.99976546 -0.007733686 -0.025146484 -0.0008396082 0.007718278 0.9999699 0.012939453
0.9998559 0.01696741 -0.0006255098 1.1972656 -0.016972201 0.9998184 -0.008680382 -0.033081055 0.00047819136 0.0086897435 0.99996215 0.01928711
0.999935 0.011213125 -0.0020890187 1.5178223 -0.011236089 0.99987274 -0.01132717 -0.033325195 0.0019617823 0.011349903 0.99993366 0.01928711
0.9999925 -3.2805783e-05 -0.003877527 1.8441162 -1.622977e-05 0.99992007 -0.012645376 -0.032836914 0.0038776319 0.012645344 0.9999125 0.025756836
0.9998635 -0.016082402 -0.0037906405 2.170044 0.016036168 0.9998003 -0.011927045 -0.015380859 0.00398166 0.0118646175 0.9999217 0.025878906
0.9993603 -0.03551903 -0.0041665826 2.5180664 0.035485383 0.9993391 -0.0078906175 0.012939453 0.0044439826 0.0077376952 0.9999602 0.035888672
0.99849606 -0.05456156 -0.005428727 2.8724365 0.05454375 0.9985061 -0.003375407 0.048339844 0.00560477 0.0030742132 0.99997956 0.036376953
0.9971891 -0.07470307 -0.0058987914 3.2321777 0.074686535 0.99720335 -0.002974879 0.08947754 0.0061044917 0.0025259873 0.9999782 0.038085938
0.9952636 -0.097108446 -0.004866308 3.6140137 0.097091846 0.9952708 -0.0035393091 0.13391113 0.0051869424 0.0030500614 0.9999819 0.041870117
0.9931656 -0.11662489 -0.0043278807 3.9980469 0.116600715 0.9931628 -0.005473542 0.1850586 0.004936622 0.004931424 0.9999757 0.04650879
0.99107665 -0.13324814 -0.0032663827 4.3951416 0.13323458 0.9910755 -0.00406547 0.2524414 0.0037789997 0.0035939892 0.9999864 0.0501709
0.98895943 -0.14819819 -0.0031363484 4.8164062 0.14818904 0.9889613 -0.0029710748 0.32617188 0.0035419706 0.0024736456 0.99999064 0.053344727
0.9868047 -0.16191986 -0.003278208 5.236328 0.16191211 0.9868083 -0.0025087164 0.40515137 0.0036411162 0.0019449154 0.9999915 0.05847168
0.9844783 -0.17551185 -0.003693296 5.675049 0.17550126 0.98448247 -0.0030215017 0.4909668 0.0041661793 0.0023263716 0.9999886 0.06286621
0.9830523 -0.18326984 -0.004971252 6.124878 0.18323036 0.9830437 -0.0074913604 0.57470703 0.0062597413 0.00645383 0.9999596 0.072753906
0.9814647 -0.19151418 -0.0071483124 6.5909424 0.19147164 0.9814792 -0.006232998 0.67248535 0.008209504 0.0047487244 0.999955 0.07751465
0.97997516 -0.19890235 -0.009195498 7.0664062 0.1988603 0.9800126 -0.0052906247 0.77893066 0.010064007 0.0033561164 0.99994373 0.0748291
0.97844183 -0.20613715 -0.0117345955 7.5544434 0.20606774 0.9785028 -0.006859738 0.8852539 0.012896515 0.0042931573 0.9999076 0.08325195
0.97652507 -0.21498358 -0.012641158 8.05542 0.21486257 0.9765796 -0.01027488 0.9946289 0.0145541355 0.007317559 0.9998673 0.09069824
0.9749466 -0.2220642 -0.012620496 8.571533 0.22186121 0.9749481 -0.015704995 1.1032715 0.015792219 0.012511114 0.9997969 0.10498047
0.97292846 -0.23065682 -0.014423032 9.099976 0.23041034 0.97294664 -0.016920097 1.2307129 0.017935611 0.013139224 0.9997528 0.12243652
0.97108966 -0.2378513 -0.019997973 9.630737 0.23762004 0.9712615 -0.0132735055 1.380127 0.02258078 0.008137125 0.9997118 0.11804199
0.9691809 -0.24514623 -0.024501547 10.180786 0.2449605 0.96948224 -0.010360853 1.5321045 0.026293278 0.004039856 0.999646 0.1315918
0.96634024 -0.25589338 -0.025492448 10.741089 0.2556341 0.9666575 -0.013014578 1.6807861 0.027974121 0.00605684 0.9995902 0.14733887
0.96454966 -0.26255023 -0.026448235 11.309937 0.26222017 0.96488047 -0.01532081 1.8358154 0.029541893 0.00784068 0.9995326 0.16906738
0.9622013 -0.27075785 -0.029213384 11.898682 0.2704089 0.96261996 -0.015374607 2.0108643 0.03228457 0.006893689 0.9994549 0.18603516
0.9595598 -0.27941734 -0.033413388 12.489746 0.27909848 0.96013314 -0.013948178 2.1954346 0.03597999 0.004052109 0.9993438 0.20629883
0.95748913 -0.28595698 -0.0382562 13.0876465 0.28556678 0.95824516 -0.015420147 2.3763428 0.04106784 0.0038430449 0.9991492 0.2290039
0.9551408 -0.29270118 -0.045353226 13.704468 0.29225257 0.95621383 -0.016372643 2.5771484 0.048159257 0.0023864538 0.998837 0.26464844
0.95361453 -0.29607365 -0.054476246 14.331299 0.29559186 0.9551692 -0.016881209 2.7825928 0.0570327 -3.4705736e-06 0.99837244 0.29223633
0.9520641 -0.29934555 -0.06320599 14.966797 0.29891434 0.9541547 -0.016389614 2.988037 0.06521421 -0.0032885615 0.9978654 0.32995605
0.94992214 -0.3041388 -0.071982525 15.616821 0.3036847 0.95263034 -0.017431783 3.204834 0.07387486 -0.005295132 0.99725395 0.3684082
0.9483054 -0.30707437 -0.08036655 16.269775 0.30677387 0.9516607 -0.016362356 3.4263916 0.08150602 -0.009132286 0.99663126 0.42578125
0.9460032 -0.3122386 -0.08707717 16.940552 0.31218675 0.94990563 -0.014565032 3.6553955 0.087263115 -0.013399198 0.9960972 0.4790039
0.9436834 -0.31708357 -0.09446336 17.615356 0.31735224 0.94822675 -0.012570271 3.899414 0.09355689 -0.018116131 0.99544865 0.54016113
0.94219095 -0.319533 -0.10075067 18.304321 0.32010636 0.9473075 -0.010864524 4.1463623 0.09891386 -0.022021113 0.99485147 0.6081543
0.93980914 -0.32509753 -0.10521335 19.005127 0.32598734 0.9453288 -0.009106984 4.402832 0.10242281 -0.02573632 0.9944092 0.67871094
0.9383468 -0.32857975 -0.10741614 19.717163 0.32970938 0.9440511 -0.0075788796 4.6696777 0.10389729 -0.028306011 0.994185 0.7513428
0.93589205 -0.33570218 -0.106605634 20.440186 0.33691925 0.9414818 -0.0069243833 4.9335938 0.10269282 -0.029438917 0.99427915 0.83532715
0.9333815 -0.3431042 -0.10512154 21.170776 0.34426603 0.9388272 -0.0074593723 5.210327 0.10125139 -0.029230975 0.99443173 0.91223145
0.93129575 -0.34923786 -0.10336506 21.908691 0.350451 0.9365367 -0.006773782 5.493408 0.0991734 -0.029921763 0.9946205 0.99572754
0.9296683 -0.3546418 -0.09997465 22.653076 0.3557885 0.93456906 -0.006717058 5.7852783 0.09581486 -0.029319651 0.9949669 1.0734863
0.9254785 -0.3665216 -0.09553753 23.418701 0.36783725 0.9298684 -0.0040937494 6.0964355 0.09033942 -0.031357836 0.99541724 1.1518555
0.92294115 -0.37430185 -0.090050414 24.169556 0.37575734 0.92673594 -0.0008502218 6.4086914 0.08377152 -0.033053517 0.9959357 1.2305908
0.91955787 -0.3829894 -0.08776593 24.92981 0.38464004 0.9230467 0.0020704404 6.7371826 0.0802207 -0.035659418 0.9961405 1.3026123
0.91681933 -0.38971516 -0.08661642 25.694946 0.39139137 0.9201873 0.0025923362 7.074341 0.07869503 -0.036287166 0.9962379 1.3717041
0.91250396 -0.39981255 -0.086546436 26.476074 0.40157965 0.91582 0.0033137447 7.4227295 0.077936664 -0.037777863 0.9962425 1.4404297
0.90977365 -0.4063396 -0.085069925 27.253296 0.40815556 0.91292244 0.004383616 7.774536 0.0758816 -0.03870786 0.9963651 1.5096436
0.9053348 -0.4162485 -0.08401813 28.041748 0.41805133 0.90838546 0.00431065 8.143433 0.074527815 -0.039023776 0.99645644 1.5754395
0.902151 -0.4236221 -0.08163006 28.829224 0.42532885 0.9050284 0.0039390516 8.523926 0.07221211 -0.038276844 0.9966545 1.6451416
0.89920574 -0.4306565 -0.077439725 29.631958 0.43223736 0.9017697 0.004097522 8.916138 0.0680667 -0.03715805 0.99698776 1.7087402
0.8954323 -0.43929505 -0.0725441 30.45166 0.44081584 0.8976044 0.0056152614 9.322998 0.06264718 -0.037009656 0.99734825 1.7662354
0.8927044 -0.44555828 -0.06747685 31.256836 0.44687444 0.8945794 0.005036556 9.7352295 0.05812238 -0.034643393 0.9977093 1.8328857
0.88847524 -0.45415112 -0.06579786 32.08203 0.45548934 0.89020413 0.006137605 10.161133 0.055787537 -0.035429355 0.9978136 1.8863525
0.8855138 -0.46004674 -0.064314514 32.916138 0.46131957 0.8871672 0.005690626 10.599609 0.05443738 -0.034713585 0.9979135 1.9438477
0.88311696 -0.46507457 -0.062323585 33.756226 0.46624228 0.8846858 0.0048344904 11.045166 0.052886385 -0.03332178 0.9980442 1.9899902
0.87994784 -0.47134444 -0.060135875 34.607056 0.47247052 0.8813822 0.005237946 11.5095215 0.050534584 -0.033017 0.9981763 2.0430908
0.8776149 -0.4755923 -0.059822094 35.465942 0.47662514 0.87908596 0.0034553446 11.980957 0.050944205 -0.03155107 0.99820244 2.0992432
0.8761171 -0.47833487 -0.059629053 36.332275 0.479341 0.8775899 0.002967977 12.460205 0.050911132 -0.031185219 0.99821633 2.151123
0.87388563 -0.4823019 -0.06030581 37.20508 0.4832813 0.875421 0.0019112201 12.950684 0.05187202 -0.030812941 0.99817884 2.2019043
0.87431854 -0.48181394 -0.05927809 38.092896 0.4828072 0.87577444 0.002811202 13.450806 0.050556414 -0.03107021 0.9982376 2.2543945
0.8739439 -0.48270118 -0.057563514 38.989136 0.4837114 0.8752702 0.0042149844 13.9552 0.048348766 -0.03152419 0.9983326 2.3115234
0.87353176 -0.48349348 -0.05688424 39.902588 0.48440534 0.87487435 0.0025924095 14.469116 0.048511922 -0.02981853 0.9983772 2.3658447
0.8735908 -0.48340446 -0.056419633 40.819458 0.48420417 0.8749686 0.00058532483 14.984985 0.04908471 -0.027827684 0.9984072 2.4173584
0.87169033 -0.48674914 -0.056023948 41.75891 0.48745424 0.87309456 -0.00122583 15.522339 0.049513392 -0.026245685 0.9984288 2.4658203
0.87125313 -0.48794514 -0.053681318 42.687134 0.48857644 0.8725507 -0.0015485745 16.037842 0.047595512 -0.024874017 0.9985571 2.5223389
0.8693012 -0.49178237 -0.049274776 43.62317 0.4923057 0.8703993 -0.0017298171 16.57312 0.043737426 -0.022757262 0.9987837 2.5792236
0.8663928 -0.4975593 -0.04455712 44.55591 0.4980044 0.8672817 -0.0012685624 17.118896 0.039273683 -0.021083452 0.999006 2.6351318
0.86333627 -0.50288653 -0.04170461 45.484985 0.50323665 0.8641364 -0.002398312 17.659912 0.037243295 -0.018922124 0.9991268 2.682251
0.85801893 -0.51194406 -0.042104073 46.407104 0.5121798 0.85889137 -0.0058027324 18.213501 0.039131545 -0.016583387 0.9990965 2.7338867
0.8522522 -0.5212362 -0.044615433 47.31433 0.5214016 0.853273 -0.008761545 18.763306 0.042640604 -0.015793987 0.99896586 2.7926025
0.8457338 -0.53164124 -0.043955125 48.232178 0.5318178 0.8467211 -0.008546314 19.343628 0.041764587 -0.016154192 0.998997 2.8406982
0.8404677 -0.5403978 -0.040129166 49.144287 0.5406143 0.8412632 -0.0061768354 19.935303 0.037098944 -0.016500322 0.9991755 2.8876953
0.83634305 -0.54688704 -0.036782313 50.04834 0.5471907 0.83695054 -0.0021277163 20.535278 0.03194948 -0.018353561 0.9993208 2.9389648
0.8316405 -0.553853 -0.039279737 50.936523 0.55425775 0.8322979 -0.000701013 21.137573 0.033080097 -0.021190997 0.99922794 2.9840088
0.8286158 -0.5581966 -0.043381434 51.822754 0.5585953 0.8294759 -0.0034445217 21.74292 0.037906893 -0.021384642 0.9990519 3.0270996
0.825271 -0.56254673 -0.050298918 52.702637 0.56299794 0.82647383 -0.00604528 22.351318 0.044971824 -0.023333412 0.9987153 3.0860596
0.8218854 -0.56734914 -0.05153952 53.581787 0.5678175 0.8231513 -0.006461165 22.970947 0.046093676 -0.023950227 0.99865025 3.1379395
0.81930244 -0.5713098 -0.048157576 54.468018 0.5717759 0.82037765 -0.0048263706 23.58728 0.042264696 -0.023581853 0.99882805 3.1965332
0.81662196 -0.57557845 -0.042528436 55.349365 0.57597435 0.8174421 -0.0034999158 24.223633 0.036778808 -0.021637032 0.99908906 3.2424316
0.8136094 -0.58003867 -0.040640987 56.231445 0.58046174 0.8143205 -0.0016790994 24.861328 0.034068786 -0.02222078 0.99917245 3.2911377
0.81044304 -0.5841889 -0.0419364 57.101074 0.5846925 0.81116456 -0.00032219803 25.495483 0.0342028 -0.024265938 0.99912 3.334961
0.807408 -0.58848333 -0.0421837 57.97412 0.58894306 0.8081725 -0.0018600607 26.14563 0.03518951 -0.023348324 0.9991077 3.3780518
0.80287206 -0.5944104 -0.04483304 58.84619 0.59487355 0.8037725 -0.0036455982 26.792236 0.038200997 -0.023752293 0.99898726 3.4299316
0.79996663 -0.5984307 -0.044313807 59.711914 0.5988454 0.80086917 -0.0047057276 27.445435 0.038304158 -0.022769552 0.9990067 3.479004
0.7941413 -0.60619247 -0.04246708 60.587646 0.6065495 0.79498583 -0.005375457 28.114502 0.037018765 -0.021497186 0.999083 3.52417
0.79086053 -0.6104544 -0.041948237 61.44629 0.6107803 0.7916979 -0.0060379547 28.784058 0.036899474 -0.020852726 0.9991015 3.5732422
0.78451616 -0.61854815 -0.041815072 62.31006 0.618866 0.78535366 -0.0064282212 29.471313 0.03681373 -0.020848673 0.99910426 3.624878
0.77963465 -0.62482214 -0.04271184 63.166992 0.62509155 0.7805432 -0.008366959 30.166748 0.038566817 -0.020174459 0.9990524 3.6782227
0.7742729 -0.63143504 -0.04225976 64.02002 0.63166606 0.7751807 -0.009336576 30.861572 0.038653873 -0.019459508 0.99906343 3.725586
0.76880133 -0.6382011 -0.042968787 64.87109 0.6384085 0.7697581 -0.01049573 31.574707 0.039771263 -0.019359762 0.9990211 3.7746582
0.76294786 -0.6450594 -0.042890713 65.718506 0.64518946 0.76393914 -0.012590934 32.285034 0.040887326 -0.018069236 0.99900025 3.826294
0.7567058 -0.6524459 -0.042130113 66.56372 0.6524948 0.75769746 -0.014477223 33.017212 0.04136449 -0.016532542 0.9990074 3.8797607
0.7504754 -0.65961534 -0.04020413 67.408936 0.6596683 0.75137776 -0.013812946 33.762695 0.039323717 -0.016156917 0.99909616 3.9282227
0.7449876 -0.6660481 -0.03860779 68.23926 0.66603863 0.74584526 -0.014981087 34.512817 0.03877081 -0.014547614 0.9991423 3.984253
0.7381559 -0.6735858 -0.03835833 69.07349 0.6735359 0.739021 -0.01614865 35.274902 0.039226234 -0.013916923 0.99913335 4.03479
0.73098207 -0.6812263 -0.0392892 69.900635 0.68109375 0.7319204 -0.018742908 36.046753 0.041524533 -0.013057329 0.99905235 4.090454
0.7261333 -0.686328 -0.04003332 70.72925 0.686262 0.72708696 -0.017545016 36.835693 0.04114764 -0.014743262 0.9990439 4.14563
0.7205645 -0.69226533 -0.039076887 71.54761 0.6921942 0.72147834 -0.017506538 37.63977 0.040318564 -0.014428316 0.99908316 4.192749
0.7159871 -0.69698066 -0.039427605 72.35596 0.69694066 0.7169085 -0.017022654 38.445923 0.04012919 -0.015287454 0.9990777 4.2407227
0.711164 -0.7019095 -0.04009734 73.177734 0.7018697 0.7121199 -0.017433884 39.259277 0.040787287 -0.015750024 0.9990433 4.297241
0.7045386 -0.7082871 -0.042054918 73.98779 0.70819956 0.7056106 -0.019529102 40.08264 0.0435059 -0.01602846 0.9989245 4.359131
0.7006615 -0.7121948 -0.04392666 74.80469 0.71203256 0.7018568 -0.021974009 40.908813 0.046484083 -0.015870435 0.99879354 4.4156494
0.6960899 -0.71659863 -0.045003254 75.60889 0.71648943 0.6973268 -0.021389281 41.756226 0.046710707 -0.01734652 0.9987582 4.4726562
0.69083256 -0.7217771 -0.042887375 76.42383 0.7215978 0.6919887 -0.022343243 42.601196 0.04580619 -0.015511004 0.99883 4.5334473
0.6866847 -0.72583246 -0.04117237 77.2312 0.72563213 0.68776554 -0.022388227 43.460693 0.04456381 -0.014506557 0.9989009 4.5942383
0.6816567 -0.73047453 -0.040875446 78.038574 0.7302465 0.68273544 -0.023077775 44.32715 0.0447664 -0.014124667 0.99889743 4.6588135
0.6791317 -0.7328853 -0.04041761 78.84448 0.73261505 0.68020195 -0.023958148 45.203003 0.04505433 -0.013330879 0.9988961 4.712036
0.67250353 -0.7390966 -0.03942957 79.64282 0.7387862 0.6735433 -0.024775928 46.087646 0.04487062 -0.012466942 0.9989151 4.7751465
0.6691869 -0.7421524 -0.0374604 80.43823 0.7417264 0.67016363 -0.026963092 46.976196 0.045118656 -0.0097397305 0.9989344 4.831421
0.66605014 -0.7450397 -0.035653837 81.23633 0.7445025 0.66696537 -0.029171871 47.867798 0.04551755 -0.0071089556 0.99893856 4.8929443
0.6615748 -0.74912024 -0.03551312 82.029785 0.7483543 0.6625148 -0.034097623 48.76367 0.04907459 -0.004012054 0.99878746 4.9554443
0.65635544 -0.7536438 -0.03352432 82.82739 0.75268173 0.65721077 -0.0380753 49.674316 0.050731163 -0.0002394924 0.9987126 5.0144043
0.6520263 -0.75767064 -0.028255934 83.61377 0.7564807 0.6526046 -0.042969458 50.598145 0.05099313 0.006643435 0.9986769 5.078125
0.6431235 -0.765449 -0.024288192 84.3999 0.7641189 0.6434818 -0.046525855 51.523926 0.05122952 0.011368144 0.9986223 5.1503906
0.63538903 -0.7719593 -0.020605879 85.18506 0.7706387 0.6355645 -0.047314126 52.450195 0.04961796 0.014191674 0.9986679 5.227051
0.62568444 -0.7799703 -0.017153392 85.95337 0.77874017 0.62572074 -0.046533313 53.416504 0.04702796 0.015762111 0.99876946 5.2856445
0.61617297 -0.78734916 -0.016499955 86.711914 0.78613657 0.61619574 -0.046377797 54.396484 0.046698585 0.015604874 0.9987873 5.35791
0.60792553 -0.7937775 -0.019019593 87.46289 0.7924744 0.6080661 -0.047517683 55.375977 0.049280144 0.013816904 0.9986895 5.4208984
0.597067 -0.8020413 -0.017865226 88.1897 0.80059594 0.5971209 -0.050696857 56.364746 0.051330417 0.015959596 0.9985537 5.4907227
0.58693457 -0.8094782 -0.018565089 88.927 0.80800515 0.58703697 -0.051045656 57.37329 0.052224725 0.014963189 0.9985235 5.5579834
0.5781063 -0.81577235 -0.015811369 89.65381 0.8142645 0.5780577 -0.052581012 58.38672 0.052027363 0.017512068 0.9984914 5.6361084
0.5669954 -0.8237215 -0.011916171 90.3689 0.8223031 0.5667746 -0.05221381 59.414307 0.049759455 0.019801052 0.9985647 5.70459
0.5560629 -0.8310819 -0.010981277 91.06543 0.8295817 0.5557746 -0.05414891 60.458984 0.051106647 0.021000413 0.9984726 5.7755127
0.54706 -0.8369677 -0.011793301 91.7522 0.8354541 0.5468326 -0.054025777 61.518066 0.051668428 0.019689579 0.9984696 5.8498535
0.5349286 -0.8446469 -0.012391009 92.4292 0.8430744 0.5347371 -0.05488655 62.576416 0.052998994 0.018920835 0.998416 5.921631
0.5273461 -0.849421 -0.013742474 93.0874 0.84780926 0.527237 -0.05512725 63.653564 0.054084677 0.017421018 0.9983847 5.994507
0.51710695 -0.85580665 -0.0139386505 93.7395 0.85415804 0.5170183 -0.055725083 64.7417 0.054892343 0.016911479 0.99834925 6.0755615
0.5087821 -0.86089987 -0.013060698 94.385254 0.85936344 0.5086918 -0.053896036 65.83179 0.053038906 0.016197452 0.9984611 6.1468506
0.49998727 -0.86594343 -0.009716497 95.022705 0.8645371 0.49976367 -0.052464053 66.94458 0.050283432 0.017838206 0.9985759 6.2216797
0.4914852 -0.8706863 -0.008642876 95.64746 0.86930025 0.4912224 -0.052403837 68.05835 0.049875893 0.018253412 0.99858916 6.296753
0.48356047 -0.87518007 -0.008422394 96.26782 0.87362623 0.48323792 -0.055672284 69.17798 0.052804727 0.019556126 0.998413 6.3726807
0.47861448 -0.87784755 -0.0066624437 96.8916 0.8761304 0.47812787 -0.059345152 70.302 0.055299237 0.022575798 0.9982152 6.445801
0.46987754 -0.8827624 -0.0057625235 97.49243 0.8809103 0.46929684 -0.062008858 71.43115 0.057436008 0.024057694 0.998059 6.525635
0.46659556 -0.88433725 -0.004683867 98.088135 0.88227886 0.46585834 -0.06591818 72.55176 0.06049448 0.026624301 0.9978134 6.6118164
0.46210405 -0.88694817 -0.0027906965 98.68921 0.88487244 0.46123365 -0.06698327 73.69653 0.060700234 0.028471388 0.9977491 6.6983643
0.45623356 -0.88978654 0.0017586574 99.27368 0.8879967 0.4551885 -0.06431751 74.84546 0.05644244 0.030904064 0.99792737 6.779541
0.45385185 -0.8910959 0.006637794 99.85425 0.88954216 0.4525929 -0.06285686 75.980225 0.053002466 0.034421418 0.9980003 6.873291
0.45035368 -0.8926859 0.009107122 100.4353 0.891233 0.44898236 -0.062518775 77.11328 0.051733553 0.036283668 0.9980022 6.951416
0.44710958 -0.89430004 0.010631276 100.997314 0.8929929 0.44573435 -0.060647476 78.24756 0.04950903 0.036624994 0.9981028 7.0266113
0.4461331 -0.89478385 0.013492193 101.55908 0.8935843 0.44462013 -0.06062696 79.37134 0.04825948 0.039115842 0.9980693 7.1047363
0.44156477 -0.89719087 0.015803026 102.11206 0.89612365 0.43999076 -0.059583683 80.50195 0.046492644 0.040455133 0.9980984 7.1794434
0.44159505 -0.89713293 0.018024059 102.66089 0.8961466 0.43990806 -0.05982701 81.616455 0.045736633 0.04255438 0.9980459 7.2543945
0.4364978 -0.89949447 0.020442046 103.19922 0.89859116 0.4346928 -0.060138162 82.72266 0.045195006 0.044630803 0.9979815 7.32251
0.43501523 -0.89994895 0.024818797 103.733154 0.8992562 0.43302798 -0.05991021 83.83032 0.043174367 0.04839866 0.99789536 7.3930664
0.43400508 -0.9002876 0.028174214 104.26758 0.89979357 0.43191722 -0.059104897 84.92432 0.041048568 0.05102361 0.99785453 7.4608154
0.4314314 -0.90154314 0.029482754 104.77881 0.9010603 0.4292285 -0.06030957 86.00171 0.041715406 0.052597955 0.99774474 7.5264893
0.43143642 -0.9016681 0.030715339 105.29248 0.9012264 0.4291505 -0.060900126 87.078125 0.04171771 0.053964384 0.99767184 7.590576
0.43142977 -0.9014702 0.030286811 105.80371 0.90095896 0.42910266 -0.06197151 88.145996 0.042894036 0.05402835 0.99761736 7.6585693
0.4324575 -0.9012523 0.028761346 106.29443 0.9006205 0.43014503 -0.06294571 89.19995 0.044352394 0.053136915 0.99760264 7.7261963
0.43397886 -0.90062666 0.026553994 106.78784 0.89992756 0.43181497 -0.06194527 90.24707 0.04432182 0.050779913 0.99772596 7.7939453
0.4385981 -0.89848644 0.024167042 107.27637 0.89764875 0.4365042 -0.062609136 91.267334 0.045708396 0.04915237 0.99774474 7.862671
0.44265375 -0.8965723 0.021853255 107.77539 0.8956186 0.4406506 -0.06287332 92.29639 0.046738632 0.04737791 0.9977815 7.9259033
0.4490334 -0.89325833 0.019858465 108.279785 0.89227396 0.44716197 -0.06188666 93.32178 0.046407435 0.04552023 0.9978856 7.9919434
0.45485887 -0.89053303 0.019396367 108.78027 0.8895865 0.45304987 -0.060837574 94.32007 0.045390006 0.04491134 0.9979584 8.056885
0.46369234 -0.88566935 0.018344864 109.2854 0.88475144 0.46197712 -0.059575748 95.31201 0.04430861 0.043864913 0.9980547 8.118408
0.47392645 -0.880318 0.017044233 109.81201 0.8793895 0.4722849 -0.058976647 96.31616 0.043869607 0.04294317 0.99811417 8.182007
0.48088095 -0.8765098 0.016477477 110.336426 0.87562954 0.47931463 -0.057606928 97.29126 0.04260683 0.042141035 0.9982033 8.2421875
0.49118978 -0.8708668 0.014677633 110.87866 0.86989135 0.48965436 -0.05847658 98.26831 0.043740578 0.04148893 0.99818105 8.301147
0.5020702 -0.8647941 0.010338342 111.41748 0.8636203 0.5006778 -0.059435017 99.225586 0.046219416 0.038775265 0.99817896 8.360107
0.5128355 -0.8583744 0.0067119896 111.97095 0.85704875 0.5115736 -0.060106076 100.16797 0.04816138 0.036580108 0.9981698 8.419312
0.52615446 -0.85020334 0.004534769 112.543945 0.84893036 0.5250585 -0.057766207 101.114746 0.046737652 0.034251645 0.99832034 8.482544
0.53837323 -0.84271175 0.0034907684 113.1062 0.8415249 0.53738606 -0.05543915 102.03833 0.04483429 0.03277754 0.9984563 8.546997
0.55094934 -0.834605 0.0038107168 113.70947 0.8335691 0.5500252 -0.052535687 102.95752 0.041747104 0.03212553 0.99861187 8.604492
0.56170654 -0.8273128 0.0033175964 114.31494 0.82631606 0.56082404 -0.051478967 103.857666 0.040722817 0.031649172 0.9986688 8.661743
0.5734514 -0.819239 0.0024415692 114.92529 0.8182101 0.5725765 -0.05189305 104.7439 0.041118808 0.031753078 0.9986494 8.717041
0.58457 -0.8113578 0.0008453342 115.549805 0.81024635 0.5837139 -0.05293674 105.61621 0.042463023 0.031629894 0.99859715 8.775635
0.59557885 -0.8034075 0.0011740861 116.16992 0.8022665 0.5946534 -0.05417352 106.4646 0.042819247 0.033212036 0.99853104 8.833862
0.60557437 -0.7958185 0.00044491928 116.80176 0.7947072 0.6046991 -0.053163566 107.305176 0.042041026 0.032543227 0.99858546 8.889404
0.61741465 -0.7866602 0.0011611824 117.44263 0.7856531 0.61654836 -0.051523685 108.13501 0.039805487 0.03272724 0.99867165 8.942871
0.62676585 -0.77921987 0.002642972 118.07422 0.7783598 0.6259074 -0.04920364 108.93335 0.03669104 0.03288914 0.9987849 8.998291
0.6370069 -0.77084464 0.0023464472 118.72876 0.7700197 0.6361789 -0.048276383 109.729004 0.035717767 0.032550476 0.9988313 9.05127
0.64685786 -0.76257795 -0.0010315417 119.36597 0.76171273 0.64618725 -0.04676005 110.50903 0.036332324 0.029462185 0.99890536 9.095947
0.65536004 -0.7553936 -0.003765444 120.0166 0.7544965 0.65480965 -0.045696836 111.2749 0.03699176 0.027102629 0.9989477 9.139404
0.666005 -0.7460313 -0.0037103633 120.68628 0.7451753 0.66546345 -0.044832062 112.02734 0.035922498 0.02709362 0.99898696 9.187256
0.67433417 -0.7385468 -0.003584438 121.34082 0.7377682 0.6738313 -0.04289057 112.757324 0.034089938 0.026278177 0.9990731 9.235474
0.6825755 -0.73092717 -0.0019903656 122.00415 0.73022836 0.68203706 -0.0419467 113.47534 0.032012463 0.027178837 0.9991178 9.281494
0.6918469 -0.7221262 -0.0016133022 122.68677 0.72149974 0.6913361 -0.040154915 114.18677 0.030117642 0.026615094 0.9991916 9.329712
0.69792235 -0.7161696 -0.0033072436 123.34448 0.71553546 0.6974846 -0.03911822 114.88159 0.03031966 0.02494233 0.99922925 9.370972
0.7063793 -0.70785195 -0.0036986386 124.03027 0.7072345 0.7059636 -0.038399078 115.56836 0.029793434 0.024510333 0.9992554 9.414795
0.71236444 -0.7019233 -0.0027493776 124.694824 0.70142204 0.7119937 -0.0351931 116.23218 0.026658222 0.023137474 0.99937654 9.450806
0.7195518 -0.69440085 -0.0019663044 125.36377 0.6939692 0.71919864 -0.033337325 116.90112 0.02456522 0.022626184 0.99944216 9.48584
0.72736406 -0.6862832 -0.0015684476 126.0376 0.6859115 0.72704166 -0.03132774 117.54419 0.022640519 0.02170959 0.9995077 9.522217
0.7357619 -0.67723083 -0.002203532 126.701904 0.67688435 0.73548216 -0.029756354 118.15796 0.0217736 0.020403722 0.99955475 9.559814
0.7426348 -0.6696903 -0.0025866118 127.36621 0.66938895 0.7424064 -0.02737338 118.772705 0.020254062 0.018597076 0.99962187 9.582031
0.7520143 -0.6592188 -0.0020102968 128.0459 0.6589977 0.7518346 -0.023782268 119.37842 0.017189188 0.016558005 0.99971503 9.614746
0.760718 -0.64906675 -0.0008400879 128.7107 0.6489214 0.7605738 -0.020221649 119.94971 0.013762015 0.014841033 0.99979526 9.641602
0.77156526 -0.6362416 0.00013494119 129.39502 0.6361292 0.771425 -0.018958353 120.51538 0.011954966 0.014712711 0.99982023 9.674316
0.77988094 -0.6257781 -0.0023720316 130.05225 0.6256419 0.7797804 -0.018236678 121.053955 0.013267988 0.012738077 0.9998308 9.690063
0.79058653 -0.61233693 -0.0032589354 130.72632 0.61219174 0.79049593 -0.018210763 121.58594 0.013728603 0.012403323 0.9998289 9.714111
0.8007178 -0.59904164 -0.0036400885 131.42456 0.59890455 0.8006402 -0.017366527 122.11133 0.013316618 0.011725326 0.9998426 9.734375
0.80986875 -0.5866077 -0.002068432 132.10254 0.5865011 0.8097798 -0.01652431 122.60791 0.011370108 0.0121698165 0.9998613 9.755005
0.8202648 -0.57197917 -0.0009746272 132.81128 0.5719156 0.82019687 -0.013601234 123.10596 0.008578184 0.010599844 0.99990714 9.765503
0.8290872 -0.5592649 0.0015424357 133.49707 0.5592379 0.82901275 -0.01250027 123.58765 0.0057096435 0.011225807 0.99992067 9.785767
0.8378214 -0.54597515 0.0036616945 134.21167 0.54598165 0.83776265 -0.010248078 124.05005 0.002527345 0.010585879 0.99994075 9.802368
0.8468577 -0.53175426 0.00592541 134.94385 0.53178734 0.8468029 -0.009639517 124.50635 0.00010768371 0.011314035 0.999936 9.812988
0.85313547 -0.5218456 0.00740411 135.64575 0.52189666 0.853081 -0.009726835 124.957275 -0.0012417496 0.012160981 0.99992526 9.822144
0.8599289 -0.51017505 0.008067874 136.37793 0.5102349 0.85987675 -0.00968798 125.39282 -0.0019932757 0.012448709 0.99992055 9.832397
0.8668177 -0.49869338 0.0073574483 137.13623 0.49874157 0.86678606 -0.007823433 125.821045 -0.002477401 0.010449497 0.99994236 9.844238
0.8726088 -0.4883968 0.007199666 137.86548 0.48843917 0.87259245 -0.0062489407 126.24463 -0.0032306998 0.008969372 0.9999546 9.842529
0.87887436 -0.4769469 0.006743961 138.62573 0.47698045 0.87886953 -0.004707046 126.663574 -0.0036820155 0.0073540923 0.9999662 9.84729
0.8836882 -0.46801463 0.0071805418 139.37964 0.46805277 0.8836829 -0.0050290097 127.06763 -0.0039915177 0.0078050354 0.9999616 9.8573
0.8894431 -0.45705682 0.007200101 140.16528 0.4570992 0.88942975 -0.006094688 127.453125 -0.0036183456 0.008711502 0.99995553 9.864746
0.89443696 -0.4470613 0.0070303697 140.94165 0.44710407 0.89441895 -0.006592217 127.85303 -0.003341135 0.0090397345 0.9999535 9.866455
0.8973878 -0.4412237 0.0069608744 141.7124 0.44126424 0.89737415 -0.0060945326 128.2461 -0.0035577123 0.008540424 0.99995714 9.870117
0.90054107 -0.43474403 0.010241783 142.51392 0.43479553 0.900568 -0.0033813112 128.63306 -0.007754162 0.00749759 0.99994177 9.873535
0.90348697 -0.4284393 0.012049403 143.33252 0.42847678 0.9035492 -0.0005998546 129.02368 -0.010630394 0.0057046004 0.9999272 9.871338
0.9068537 -0.42112464 0.013995955 144.15723 0.4211332 0.90695417 0.0024733995 129.42212 -0.013735546 0.003652967 0.9998989 9.865112
0.9100128 -0.41428366 0.015145974 144.99121 0.41425648 0.91013706 0.005033806 129.80542 -0.015870659 0.001693517 0.99987257 9.858643
0.9122382 -0.40926212 0.016858216 145.84253 0.40919733 0.91239405 0.0072855246 130.19409 -0.018363073 0.00025394745 0.99983126 9.845825
0.9162523 -0.40014258 0.020513128 146.7107 0.40005407 0.9164818 0.008428897 130.57373 -0.022172634 0.00048209634 0.999754 9.831543
0.919225 -0.39315107 0.022348203 147.59473 0.39305118 0.9194963 0.008883586 130.94922 -0.02404176 0.0006150454 0.9997108 9.817627
0.9223922 -0.38548246 0.02374727 148.48535 0.38538575 0.9226973 0.0087069655 131.33105 -0.025268098 0.0011229367 0.99968 9.799194
0.9253838 -0.37827003 0.023913575 149.38794 0.37817737 0.92569184 0.008458567 131.71045 -0.02533665 0.0012143764 0.99967843 9.768311
0.9297426 -0.367302 0.024455668 150.32251 0.36728522 0.9300555 0.0053387247 132.06909 -0.024706146 0.0040206574 0.9996867 9.764038
0.93286926 -0.35939285 0.024194906 151.24902 0.3594021 0.93317026 0.004114638 132.42944 -0.024057273 0.0048555015 0.99969894 9.738159
0.9381609 -0.34536746 0.022389226 152.22485 0.3453766 0.938418 0.0035821274 132.78418 -0.022247609 0.0043753344 0.99974287 9.723633
0.94286394 -0.33256063 0.02029889 153.18164 0.3325297 0.9430803 0.004975529 133.14258 -0.02079843 0.0020595253 0.9997815 9.702393
0.9480644 -0.31737515 0.020884892 154.1643 0.3172435 0.9482917 0.0094296355 133.49438 -0.02279766 -0.0023133263 0.9997373 9.687744
0.9542776 -0.29801115 0.02299512 155.1936 0.2977811 0.95453876 0.012930721 133.8147 -0.02580384 -0.005492154 0.999652 9.66272
0.9598936 -0.2792074 0.024431318 156.19312 0.27887836 0.96016604 0.016041854 134.1355 -0.027939064 -0.008583188 0.99957275 9.637329
0.96608114 -0.25702006 0.025075166 157.25537 0.2566204 0.9663432 0.018092126 134.4253 -0.028880438 -0.011044811 0.999522 9.622803
0.9713056 -0.23640327 0.026357878 158.31787 0.23592791 0.9715742 0.01993122 134.69556 -0.030319309 -0.01314253 0.999454 9.593018
0.97631085 -0.21436669 0.029279482 159.40674 0.21381018 0.97664577 0.02101282 134.94995 -0.033100177 -0.014255516 0.9993505 9.569702
0.9808704 -0.19176207 0.033618286 160.4917 0.1910694 0.9813175 0.022762079 135.17578 -0.037354022 -0.01590394 0.9991755 9.528809
0.984761 -0.16999896 0.036778636 161.64282 0.16916896 0.9852819 0.024642026 135.38208 -0.040425465 -0.018047087 0.99902 9.50415
0.98809916 -0.1481584 0.041442752 162.72705 0.14713545 0.9887587 0.02675461 135.55908 -0.044939145 -0.02034021 0.9987829 9.458374
0.9912617 -0.1251091 0.041792348 163.8899 0.124008335 0.9918859 0.027979027 135.729 -0.044953726 -0.022551626 0.9987345 9.416504
0.9938989 -0.1026741 0.040273007 165.04517 0.10158 0.99442345 0.02833462 135.86328 -0.04295775 -0.024070252 0.9987867 9.376221
0.99599034 -0.08058337 0.038917925 166.19946 0.07951065 0.9964322 0.028379798 135.95801 -0.041064993 -0.025173549 0.9988399 9.322876
0.9971964 -0.061827864 0.042178188 167.40088 0.060690075 0.9977717 0.027753295 136.04541 -0.043799497 -0.025116738 0.9987251 9.28833
0.99820083 -0.040720966 0.044017635 168.60718 0.03954099 0.9988437 0.02735433 136.10669 -0.045080453 -0.025564991 0.9986563 9.240356
0.9987576 -0.019748103 0.045749206 169.81348 0.018468574 0.9994309 0.02822459 136.14917 -0.046280608 -0.02734442 0.99855405 9.193237
0.9988847 -0.0009719932 0.047208052 171.03589 -0.00040871522 0.9995726 0.029234521 136.16846 -0.047216307 -0.029221203 0.99845743 9.145996
0.9986143 0.020853166 0.04832118 172.28271 -0.022336828 0.99928904 0.030375905 136.1604 -0.0476534 -0.0314131 0.99837023 9.092529
0.99798733 0.041418705 0.0480168 173.52441 -0.043022797 0.9985331 0.032861527 136.11694 -0.04658491 -0.03486141 0.9983055 9.040039
0.9969814 0.06069436 0.04840714 174.7898 -0.0623629 0.99748355 0.033728145 136.06079 -0.046238307 -0.03664592 0.99825746 8.988159
0.99561495 0.08097837 0.04688285 176.06567 -0.08261734 0.9959979 0.034152716 135.97266 -0.043930594 -0.037874587 0.99831676 8.942139
0.9939969 0.09964616 0.045166187 177.32349 -0.10129932 0.9942069 0.035921484 135.86084 -0.04132528 -0.040281475 0.99833345 8.895386
0.9920558 0.11814848 0.04320549 178.63623 -0.119785815 0.99209034 0.03752582 135.72021 -0.038431548 -0.042401638 0.9983623 8.84729
0.9896543 0.13746631 0.041068554 179.91772 -0.13898124 0.9896174 0.036620423 135.56104 -0.035607554 -0.041950293 0.99848455 8.800781
0.9869853 0.15658396 0.036800586 181.26929 -0.15795568 0.9867254 0.03789329 135.36084 -0.03037988 -0.043211374 0.9986039 8.759644
0.9838365 0.17622134 0.031734265 182.60693 -0.17744945 0.98326135 0.041285526 135.1482 -0.023929058 -0.046249162 0.9986439 8.733887
0.9809097 0.19261919 0.026855605 183.90552 -0.19364463 0.9801311 0.043028675 134.91455 -0.018033013 -0.047407396 0.9987124 8.708862
0.97735846 0.21018623 0.024363536 185.24976 -0.21111883 0.9763882 0.045790505 134.64404 -0.014164949 -0.049897097 0.99865425 8.695679
0.97289056 0.23011109 0.022562413 186.60327 -0.2309565 0.97177565 0.047825333 134.33838 -0.010917942 -0.051741075 0.99860084 8.689453
0.9690283 0.24590778 0.022402763 187.95044 -0.24672832 0.9678908 0.04796008 134.0105 -0.009885971 -0.0520035 0.99859744 8.683228
0.9645392 0.2630562 0.021743115 189.27832 -0.26381007 0.96345156 0.046612434 133.65942 -0.008688315 -0.050694596 0.9986766 8.674561
0.9592713 0.2819264 0.018857159 190.6289 -0.282514 0.9581453 0.046719342 133.2815 -0.0048988853 -0.05014256 0.9987298 8.679565
0.95465636 0.2972219 0.016144264 192.01294 -0.29765934 0.9533712 0.04952813 132.86841 -0.00066973944 -0.052089985 0.99864244 8.680054
0.9492877 0.3139237 0.016924938 193.32666 -0.31437972 0.94792056 0.050923385 132.45874 -5.4207863e-05 -0.05366312 0.99855876 8.683228
0.9435424 0.3308337 0.017159328 194.69067 -0.33127552 0.94205064 0.053053964 132.0044 0.0013860676 -0.055742484 0.9984441 8.700073
0.93697953 0.3490427 0.016044423 196.06348 -0.34938055 0.9352976 0.05630982 131.51147 0.0046462854 -0.058367375 0.99828446 8.704712
0.93055296 0.36591226 0.0139502855 197.37793 -0.36608627 0.9287894 0.05785638 131.01978 0.008209797 -0.058947116 0.99822783 8.723389
0.9237566 0.38284066 0.012563895 198.73999 -0.38289562 0.92197365 0.0583647 130.48071 0.010757054 -0.058724254 0.9982162 8.740967
0.91537887 0.40248102 0.0077554006 200.10767 -0.40221852 0.91365415 0.05852897 129.89258 0.016473008 -0.05669536 0.99825555 8.779663
0.9066513 0.4218271 0.0047215875 201.44995 -0.421271 0.90475535 0.06264237 129.29688 0.022158347 -0.058781423 0.99802417 8.820068
0.8978796 0.4403128 0.0026127081 202.7876 -0.43952554 0.89588535 0.065386176 128.6836 0.026448706 -0.059857905 0.99785596 8.861816
0.88490695 0.46571094 0.00321991 204.11938 -0.46480715 0.88271385 0.06878215 128.0127 0.029182468 -0.06236645 0.9976281 8.907837
0.8721541 0.48915926 0.004342505 205.44727 -0.48814535 0.8697009 0.07270735 127.29248 0.031781636 -0.06553689 0.9973455 8.963257
0.85683113 0.5154708 0.0049793464 206.76904 -0.51427484 0.85409963 0.07698464 126.568115 0.035449512 -0.068521835 0.9970182 9.020752
0.8422194 0.53905404 0.0050109425 208.02905 -0.53766537 0.83930355 0.08014921 125.79663 0.03900395 -0.07020348 0.9967704 9.088501
0.8270471 0.5621843 0.005097855 209.31763 -0.56065625 0.82405716 0.0817226 124.986084 0.041735623 -0.07044924 0.99664223 9.160889
0.8114709 0.5845074 0.0044808607 210.55542 -0.5828017 0.80846626 0.082925834 124.124756 0.04484219 -0.06990218 0.996545 9.234131
0.7942473 0.60748476 0.0022972838 211.78955 -0.605486 0.7913161 0.08413489 123.22827 0.049298607 -0.06821898 0.9964522 9.321045
0.7778718 0.62844735 -0.0002434575 212.9878 -0.62605304 0.7749404 0.086921304 122.31787 0.054815978 -0.06746761 0.9962149 9.407837
0.7605762 0.64915854 -0.0013412051 214.16772 -0.6465176 0.757665 0.088572145 121.3457 0.058517944 -0.066501 0.9960694 9.504761
0.7446977 0.66737574 -0.0035293263 215.34277 -0.6644389 0.7418983 0.08993006 120.34497 0.06262467 -0.06461743 0.9959429 9.608643
0.7278427 0.68579155 -0.004129986 216.50562 -0.6827439 0.72514945 0.08999238 119.2937 0.0647141 -0.062678784 0.9959328 9.715332
0.712124 0.70199805 -0.0045634634 217.59473 -0.6988648 0.70953107 0.08999477 118.26196 0.06640644 -0.06089969 0.9959331 9.825562
0.6987863 0.7153212 -0.005643365 218.69092 -0.71202016 0.69627786 0.090773016 117.19824 0.06887221 -0.05940672 0.9958541 9.937988
0.68291974 0.7304159 -0.00856105 219.75488 -0.72679555 0.68061644 0.09213483 116.09717 0.07312632 -0.056686837 0.9957091 10.057495
0.67005175 0.7423014 -0.010809089 220.81299 -0.73838824 0.6678858 0.09382941 114.96777 0.076880194 -0.054881807 0.9955274 10.188843
0.65414876 0.7562315 -0.011383485 221.83887 -0.75207096 0.65199554 0.09600461 113.83008 0.080031745 -0.054235615 0.9953152 10.307983
0.63777715 0.77017874 -0.0104526235 222.84131 -0.7659873 0.63561535 0.09643038 112.673096 0.08091583 -0.053488825 0.99528396 10.451416
0.6219302 0.78314525 -0.007890785 223.82349 -0.77892965 0.61956793 0.097846806 111.483154 0.08152642 -0.05470058 0.99516785 10.588501
0.6043191 0.7968229 -0.0035011312 224.79785 -0.7927384 0.6016562 0.09856855 110.27783 0.080632776 -0.056778453 0.9951241 10.729126
0.58455724 0.8112465 0.0017560879 225.72437 -0.80731744 0.5815084 0.09959703 109.05884 0.079791434 -0.05965638 0.9950268 10.865601
0.5683396 0.8228101 0.0065019964 226.61792 -0.8189464 0.56486726 0.10158005 107.828125 0.07991277 -0.0630572 0.9948053 11.00769
0.55056334 0.83475614 0.008929588 227.47925 -0.8307848 0.54683316 0.1038485 106.60132 0.08181443 -0.06458511 0.9945517 11.152832
0.5324092 0.84656715 0.011634087 228.2915 -0.84238136 0.5282991 0.10755169 105.36597 0.08486547 -0.06706359 0.9941337 11.296997
0.5134981 0.8580368 0.013891964 229.08765 -0.8539305 0.5093025 0.10731307 104.091064 0.08498964 -0.06697585 0.9941294 11.448242
0.49089488 0.8710286 0.018604767 229.84277 -0.86727726 0.48652712 0.10554026 102.83862 0.082862504 -0.06794702 0.9942425 11.590332
0.47123972 0.8817551 0.022347994 230.55078 -0.87830764 0.4667685 0.1037256 101.579834 0.08103047 -0.06849801 0.99435407 11.731201
0.44944367 0.89299464 0.02654053 231.22827 -0.8899334 0.44489968 0.10110417 100.30298 0.078468755 -0.0690332 0.99452114 11.869751
0.42792383 0.90359294 0.028058806 231.87915 -0.9005633 0.4233615 0.100641176 99.01465 0.079071626 -0.0683115 0.99452347 12.006958
0.4065397 0.9133046 0.03039358 232.46167 -0.9104535 0.4019724 0.099060304 97.74829 0.078249775 -0.06793454 0.99461603 12.138306
0.38524282 0.92233115 0.029341657 233.03345 -0.9193587 0.38087085 0.09841197 96.45532 0.079592735 -0.06488872 0.99471337 12.269897
0.36248186 0.93170655 0.029047586 233.57104 -0.9286173 0.3582139 0.09831057 95.16553 0.08118024 -0.06260517 0.99473137 12.404785
0.3420916 0.9391778 0.028857535 234.05591 -0.93598473 0.33790892 0.09830317 93.893555 0.08257597 -0.06063111 0.9947379 12.5373535
0.31975266 0.94707304 0.02856449 234.5227 -0.94396234 0.31581104 0.0959386 92.592285 0.081818104 -0.05762921 0.9949787 12.673218
0.30050832 0.9534372 0.028317105 234.94312 -0.95032847 0.29671204 0.094793856 91.31177 0.08198139 -0.055394303 0.9950932 12.80249
0.27976173 0.9595624 0.029947264 235.34058 -0.956079 0.27564976 0.09928489 90.05664 0.086988516 -0.056411218 0.99461085 12.934204
0.25927585 0.9651439 0.032248754 235.71265 -0.96091473 0.25453714 0.10783411 88.789795 0.095859736 -0.058979932 0.9936485 13.073608
0.24149512 0.9698866 0.034598175 236.05737 -0.9649431 0.23614761 0.11537835 87.541504 0.10373339 -0.06123334 0.99271744 13.220581
0.22238761 0.9743639 0.03667303 236.37158 -0.9690945 0.2167222 0.11862376 86.291016 0.1076058 -0.061898135 0.99226284 13.377441
0.19960321 0.9789171 0.042107407 236.66211 -0.97373676 0.19339581 0.119734466 85.03418 0.109062314 -0.06494238 0.991915 13.5251465
0.18267453 0.9820067 0.046748042 236.92993 -0.97701335 0.17604232 0.119808435 83.80176 0.10941593 -0.06759234 0.99169797 13.674561
0.16004646 0.98577386 0.051656146 237.16724 -0.9810802 0.15306254 0.11867117 82.5542 0.10911149 -0.06966556 0.99158525 13.833984
0.14324385 0.9881873 0.053296264 237.36621 -0.98364806 0.13626593 0.11723401 81.32324 0.10856819 -0.06921859 0.99167544 13.985596
