1.000000000000000000e+00 -3.306050084167601550e-19 -2.270457535318767223e-19 -8.673617379884035472e-19 7.546676715296109287e-19 1.000000000000000000e+00 6.237773588823049983e-19 1.387778780781445676e-17 -3.447385680526250622e-20 4.770700176052009879e-20 1.000000000000000222e+00 5.551115123125782702e-17
9.998571788054243514e-01 1.169553467349392951e-02 -1.219363631995049393e-02 -6.220994318920423538e+00 -1.165875846863427025e-02 9.999273150790600750e-01 3.082578908299711366e-03 -5.092398309697131198e-02 1.222878577792999369e-02 -2.939986453095872355e-03 9.999208803563910397e-01 6.550456104060723206e+00
9.997398059977887774e-01 1.017150910829228878e-02 -2.042079637055189620e-02 -1.180255228515362020e+01 -9.940428314946779878e-03 9.998857117996335919e-01 1.139113121020563120e-02 -2.480675450243725877e-02 2.053429932805507507e-02 -1.118521954931309473e-02 9.997266989231589074e-01 1.200421523027809734e+01
8.771318441430182578e-01 8.774005839677865085e-03 4.801690842761475730e-01 -1.633387396056258822e+01 -1.574178505792119681e-02 9.998211210148635342e-01 1.049371553165077617e-02 -8.876695837637844921e-02 -4.799912425950380035e-01 -1.676360205340511264e-02 8.771130252901165880e-01 1.629419119749399769e+01
8.647010427364362206e-01 3.536996048739881205e-03 5.022463090092522675e-01 -1.795197256620458148e+01 -9.338353486903738440e-03 9.999154767783038356e-01 9.036566284919991462e-03 9.856263852038625595e-02 -5.021719651349663138e-01 -1.250598526330614323e-02 8.646612104733584214e-01 2.198070506955532011e+01
9.817418129479316136e-01 -1.551288667213016580e-02 1.896310888225302138e-01 -1.892197114374654277e+01 9.030217985318785001e-03 9.993461013280625638e-01 3.500510614542026028e-02 2.243435211730623324e-01 -1.900502613041981093e-01 -3.265364798417743492e-02 9.812401024819711326e-01 2.705639945649341982e+01
6.867414196644304747e-01 -9.693833099342009235e-03 7.269759956334865825e-01 -2.092962064578556891e+01 -1.577837071776287334e-02 9.994766427639183437e-01 2.823951419643148247e-02 2.248912035943863297e-02 -7.268693552864631258e-01 -3.086334838880387330e-02 6.862291898452110850e-01 3.169237109224559390e+01
5.761874731150355977e-01 -5.584569499105923596e-02 8.154151416299916244e-01 -2.076907296441490658e+01 8.903489396644960474e-03 9.980321622693631989e-01 6.207384017477014793e-02 5.434216268967508867e-01 -8.172773818168900251e-01 -2.850234703549720666e-02 5.755513993331612399e-01 3.600584449177648594e+01
3.341585067745240778e-01 -1.227483278619002777e-01 9.344890444109920091e-01 -1.958021771140521139e+01 -1.913190195802321747e-01 9.620068958888405852e-01 1.948187035791165977e-01 6.764225031284681888e-01 -9.228874217555544934e-01 -2.439444145373592665e-01 2.979801039570425525e-01 4.052162095448581880e+01
3.648469133630759531e-01 -1.020348140644896651e-01 9.255936507032388461e-01 -1.685453954787044495e+01 1.418623291911015050e-01 9.884605374918782328e-01 5.305600982145113748e-02 1.979569655396158367e+00 -9.203299573810769241e-01 1.119525131223954167e-01 3.751159061549336760e-01 4.443846851319324287e+01
-1.408708470796295742e-01 -1.224619114567030154e-01 9.825180404629555442e-01 -1.456104630330688643e+01 -3.332943652301118692e-02 9.923455402284686588e-01 1.189181378687219764e-01 1.677072598628178479e+00 -9.895581544564948651e-01 -1.601670705099601452e-02 -1.438752022678728426e-01 4.828656180904545892e+01
-2.142846704671018052e-03 -1.230055375648499705e-01 9.924024132824323940e-01 -1.056725529126587837e+01 1.200982410151521240e-01 9.851812168607225750e-01 1.224051917035379605e-01 1.962249721873151387e+00 -9.927585689253191070e-01 1.194933106860103650e-01 1.267144304388590978e-02 5.002896382131134345e+01
7.765259986101955003e-02 -1.222391193567348433e-01 9.894606676286974434e-01 -6.829412017411615743e+00 1.349683198627501524e-01 9.846118962382528483e-01 1.109816641067989385e-01 2.067806782985190051e+00 -9.878050845563743909e-01 1.249561065220003153e-01 9.295153467722844232e-02 5.298921504925151282e+01
3.283042849962423126e-01 -1.289702156514808407e-01 9.356664982274125464e-01 -2.887560247514481926e+00 1.619375823689159222e-01 9.836636996137297917e-01 7.869942584029031296e-02 2.079029066983877794e+00 -9.305295309511812940e-01 1.256658859694199104e-01 3.438120029636516639e-01 5.635189571588441737e+01
5.621150884767267542e-01 -1.337581457526383633e-01 8.161597380642507948e-01 9.227011987226232947e-02 1.842880573504540320e-01 9.822877764115037769e-01 3.404833358703308888e-02 1.860461227522282712e+00 -8.062562683315570577e-01 1.312476868006496877e-01 5.767998424024192161e-01 6.068607891257334330e+01
6.249338966956055064e-01 -1.395672893362068512e-01 7.681382968072580919e-01 1.909940042397000326e+00 1.880543705957925249e-01 9.818295626525068709e-01 2.540112015428399456e-02 1.437259305831104950e+00 -7.577268440480021683e-01 1.285726506421754622e-01 6.398256648546161163e-01 6.523798032840646499e+01
6.502571111862621711e-01 -1.453102914242104804e-01 7.456687982085429267e-01 3.271462498551247933e+00 1.992579468022250277e-01 9.797899360065462915e-01 1.717799382320966961e-02 9.562456795216132122e-01 -7.330962517621786301e-01 1.374392446184708738e-01 6.660805105617083610e-01 6.986596403048754667e+01
8.065494944324027582e-01 -1.516381581117344501e-01 5.714904844575395826e-01 4.418545514519970574e+00 2.001376082152350189e-01 9.795048328672094629e-01 -2.251379557586801611e-02 4.408149214669107030e-01 -5.563593271242467386e-01 1.325146917545607927e-01 8.203731038069553838e-01 7.431672362346000682e+01
9.272362004108710698e-01 -1.556909410967102225e-01 3.404990470573713846e-01 4.482203721148641407e+00 1.905763181168483589e-01 9.790768790889284867e-01 -7.128614762606377830e-02 -2.524158723200030097e-01 -3.222745537431356833e-01 1.310115414360890629e-01 9.375143469337640090e-01 7.896660649582774738e+01
9.560502171035994978e-01 -1.538008647836314746e-01 2.496363556762491442e-01 3.460223043807958643e+00 1.785032914014635652e-01 9.807327618641222822e-01 -7.938211485121028643e-02 -1.057347937628378087e+00 -2.326158829949309392e-01 1.204498460892724360e-01 9.650795827350069356e-01 8.347316552322443783e+01
9.880168502627507676e-01 -1.543035735469339698e-01 4.879448316435224149e-03 1.953418702217717184e+00 1.537396609087161303e-01 9.805442476189530909e-01 -1.221095586246209869e-01 -1.933490118682144931e+00 1.405128786708529504e-02 1.213962274875578923e-01 9.925062210346172753e-01 8.772763641320177896e+01
8.879459489296899211e-01 -1.371920344603726749e-01 -4.390230370951663241e-01 -7.015549851399645043e-01 7.180976664873144066e-02 9.841224906906256287e-01 -1.623054385292118373e-01 -2.837760607328783546e+00 4.543234703837054633e-01 1.125839571667167222e-01 8.837040914122469282e-01 9.140408932665698671e+01
8.552176024320621295e-01 -1.309756195554898084e-01 -5.014009231956250146e-01 -4.577720274498218167e+00 5.468766781948507932e-02 9.849415349405159503e-01 -1.639839710869471501e-01 -3.762827782117497577e+00 5.153345348824713845e-01 1.128040982006427856e-01 8.495068954185599486e-01 9.343968189218780651e+01
4.993057402932257749e-01 -1.142335094759185932e-01 -8.588182014886981408e-01 -8.961038824974489003e+00 -5.031219085863115892e-02 9.857744974567566043e-01 -1.603760981736509494e-01 -4.577182102781618411e+00 8.649222310177001605e-01 1.232801670777968067e-01 4.864563091955896312e-01 9.510408902298942735e+01
6.795530798135945849e-01 -1.167957941235442387e-01 -7.243664809292209572e-01 -1.340350952832903531e+01 -4.454485704805528391e-03 9.865718551851878626e-01 -1.632872811896491361e-01 -5.127233265863209155e+00 7.337067564772139505e-01 1.142082270650927739e-01 6.699057270610018211e-01 9.446294394396845462e+01
5.530376222219268723e-01 -1.083729586614987778e-01 -8.260709169354163439e-01 -1.790437526898477216e+01 -3.540647553124535996e-02 9.875518482493214067e-01 -1.532830186388310367e-01 -5.720148637229716115e+00 8.323947037104296731e-01 1.140417457610474611e-01 5.423154048072248434e-01 9.485028679078163805e+01
4.262849667533307740e-01 -1.101608096590872554e-01 -8.979037366601018144e-01 -2.238732128686267941e+01 -5.509601036479636754e-02 9.875517835665706956e-01 -1.473260577975439301e-01 -6.204580735842011308e+00 9.029606661125072486e-01 1.122483747857306036e-01 4.149099857297508520e-01 9.415806294139892429e+01
1.583784593104726468e-01 -1.060851370146072697e-01 -9.816480467039963020e-01 -2.680970980238578960e+01 -9.209799818987465803e-02 9.882899266339740807e-01 -1.216347081183073858e-01 -6.469315842817858986e+00 9.830568177761046522e-01 1.096715555357990479e-01 1.467533891581687122e-01 9.270155219270161240e+01
-2.628239014697103526e-01 -9.793953870338376055e-02 -9.598253554033694401e-01 -3.044849290686908461e+01 -1.362821700007978143e-01 9.886301701214070814e-01 -6.358575151415975235e-02 -6.564766001966925835e+00 9.551408321313776817e-01 1.140790211511442109e-01 -2.731839742257323733e-01 8.995381333510076161e+01
-5.987851074088724745e-01 -8.706181901350107388e-02 -7.965247056985470531e-01 -3.302025302030847342e+01 -1.479488221347429744e-01 9.889915412984668919e-01 3.092438646239193539e-03 -6.258471052275317525e+00 7.874899869176404943e-01 1.196547202252055547e-01 -6.050747410032419893e-01 8.565364715021749475e+01
-9.037629153673366611e-01 -9.116770275052291095e-02 -4.188142020143982847e-01 -3.366239413879256404e+01 -1.390978583953684233e-01 9.865955412908249400e-01 8.532610494405019896e-02 -5.699277908419755789e+00 4.054217754376036043e-01 1.353757477066678538e-01 -9.043313775638082141e-01 8.043652058828067197e+01
-8.005151154713688877e-01 -8.061446856193547894e-02 -5.933675422293492874e-01 -3.165120288156551354e+01 -1.435941752117715908e-01 9.878428213565904059e-01 5.952799238858479808e-02 -4.768790098809469136e+00 5.813508243413300081e-01 1.329216675870017184e-01 -8.023579349768658053e-01 7.557847020878861599e+01
-9.261100181485053540e-01 -8.174728463399003053e-02 -3.679227629460494198e-01 -3.054753250224482031e+01 -1.292323592588852377e-01 9.859019055453561720e-01 1.062563344431046303e-01 -3.913450219431741761e+00 3.540467910264712414e-01 1.460106137296161288e-01 -9.236167913618471559e-01 7.044351949308801863e+01
-9.454984414561321548e-01 -7.160261392222380672e-02 -3.176149439862895885e-01 -2.818575984007552648e+01 -1.146045747116675451e-01 9.863035666450431505e-01 1.186898689913004762e-01 -2.983768731878432501e+00 3.047659413186799005e-01 1.485325964172302671e-01 -9.407554506779551851e-01 6.577538420383704931e+01
-9.892574199134703816e-01 -8.817880353405220528e-02 1.114386280698575343e-01 -2.535346194791764773e+01 -6.751669270895699349e-02 9.818090786775379719e-01 1.774691715626034727e-01 -2.057882080638659517e+00 -1.250650356913559635e-01 1.680818313793705776e-01 -9.772060257341299572e-01 6.174700192311001956e+01
-9.979903612104165100e-01 -7.667285315183201833e-02 1.419548303125575932e-03 -2.128758708667873023e+01 -7.527660865378962840e-02 9.816844850595809469e-01 1.750522533442892270e-01 -1.328306787086668717e+00 -1.481331495693004839e-02 1.744624976309823994e-01 -9.854975815861334310e-01 5.946187625897183437e+01
-9.710638938646318774e-01 -1.598358314669631464e-01 -1.752452167299461960e-01 -1.793393545580243398e+01 -1.904133175599342087e-01 9.660604699675550133e-01 1.745660901878224591e-01 -1.501418280651031778e-02 1.414001088345086810e-01 2.028437730998878807e-01 -9.685337827527035204e-01 5.719076143188535610e+01
-9.298238870122312871e-01 -2.024187114363028561e-01 -3.074173711847903445e-01 -1.471051943969503206e+01 -2.932674428659730603e-01 9.123056892882108748e-01 2.859603153971415623e-01 1.013224158474318681e+00 2.225714703360748004e-01 3.558848483481484304e-01 -9.076545484574677358e-01 5.382427426371757662e+01
-8.959207431415607825e-01 -1.225159949468098419e-01 -4.266349131767033787e-01 -1.156716383038021334e+01 -1.576651304686252086e-01 9.863311892253550095e-01 4.788394663820579739e-02 1.551030043121162549e+00 4.149366978035544107e-01 1.101596110777842835e-01 -9.029905547263724630e-01 5.015785878122157015e+01
-8.340700528976993100e-01 -1.512763459010358080e-01 -5.314267816094158103e-01 -9.929540795913430529e+00 -2.116653087924131038e-01 9.758606933882767454e-01 5.410703307177764515e-02 2.131542314883811517e+00 5.104201757518818106e-01 1.574914499180272154e-01 -8.459621192388989686e-01 4.610374710863365522e+01
-9.167533788043049636e-01 -1.238976644918982767e-01 -3.790202332588180623e-01 -8.291812594920846990e+00 -1.749693409096875207e-01 9.791420261488176235e-01 1.032438479663750075e-01 3.264519553864498658e+00 3.583192560240929803e-01 1.610156218079276946e-01 -9.193074591426084741e-01 4.127928051846526358e+01
-9.739582261488114456e-01 -1.219688440540595276e-01 -1.890410924891843258e-01 -6.149507279108682667e+00 -1.498644176068149869e-01 9.786581934165885510e-01 1.406113534919676000e-01 4.151875381285557332e+00 1.678475601450837573e-01 1.653295413255909396e-01 -9.714471319940345406e-01 3.735591962826003254e+01
-9.908100678376078330e-01 -1.316165849709596825e-01 4.756457928525181940e-04 -3.781475619420713752e+00 -1.295714446611139214e-01 9.767261247097263066e-01 1.709091390416662692e-01 4.864353797759919829e+00 -2.295920891881457829e-02 1.693151595303336865e-01 -9.847968008525262995e-01 3.485852077607690092e+01
-9.390494512041288599e-01 -1.346058872879367929e-01 3.167616951984930651e-01 -1.337439049161097682e+00 -7.115241425293943045e-02 9.764300915421149085e-01 2.037187632651274172e-01 5.447537710517797116e+00 -3.367122811499988488e-01 1.688045597645169704e-01 -9.264989541273537244e-01 3.355500700741878717e+01
-6.691209286337843620e-01 -1.446260881195192138e-01 7.295762427244180115e-01 1.120536308919042101e+00 2.513182242861967952e-02 9.759542899007863648e-01 2.165201753328096501e-01 5.735657054293143098e+00 -7.433475802420824730e-01 1.631606733770941120e-01 -6.494095073927956818e-01 3.382541695956994232e+01
-5.748177173311616039e-01 -1.524695344231885574e-01 8.038979979140613574e-01 2.263277553949034626e+00 5.191560742594830691e-02 9.736913619676076381e-01 2.219198587897104058e-01 5.727705601237904176e+00 -8.165853926854963474e-01 1.692539299377056883e-01 -5.517704661353168838e-01 3.532306283701761629e+01
-5.272124798851992589e-01 -1.532654987037255223e-01 8.357839377671066883e-01 3.035085274769547148e+00 6.242519932651933307e-02 9.739628079953622786e-01 2.178648976991084674e-01 5.559052161721019125e+00 -8.474226066477528185e-01 1.671498009146495378e-01 -5.039211364254402303e-01 3.730981937305349305e+01
-1.833834719384747902e-01 -1.635038062072315668e-01 9.693479092081052073e-01 3.321602432831957330e+00 1.262055996277692549e-01 9.739940040907922869e-01 1.881796065569572018e-01 5.218675497887780956e+00 -9.749059941710862542e-01 1.568351380470776324e-01 -1.579782765981182779e-01 3.991649772007401253e+01
-6.638668087181109900e-02 -1.621622711169541375e-01 9.844946907327405405e-01 2.594079993367270465e+00 1.408051244527887824e-01 9.752810869950533368e-01 1.702170271045748140e-01 4.777414509703387324e+00 -9.877773766728090710e-01 1.500177430139196799e-01 -4.188665510543319870e-02 4.230568186023144506e+01
-1.421459896883946472e-01 -1.577057807405290168e-01 9.772308113230493420e-01 2.369785137316960277e+00 1.336417672263220668e-01 9.751403966746856611e-01 1.768025918196952095e-01 4.483183919945624929e+00 -9.808110137264445250e-01 1.556656593078047102e-01 -1.175454388738222389e-01 4.415002920987544144e+01
-8.425577945727785734e-02 -1.585583748575982721e-01 9.837352176514172486e-01 2.006311056110329449e+00 1.395293557270828044e-01 9.756620680206322671e-01 1.691081395076062255e-01 4.299143044996458940e+00 -9.866137547837170452e-01 1.515649900348497447e-01 -6.008868124995977306e-02 4.518683320701865114e+01
1.859772630939086346e-01 -1.552162236912655868e-01 9.701902618606293993e-01 1.442884060730906803e+00 1.655469226213082956e-01 9.782779859843196979e-01 1.247559214771274405e-01 4.200389313264582647e+00 -9.684811215608223334e-01 1.374229682277412767e-01 2.076319430518605569e-01 4.537124923176227043e+01
4.248814913026621037e-02 -1.534376954583255848e-01 9.872666324847315655e-01 1.658123422498731125e+00 1.471977080523380887e-01 9.783009821695580754e-01 1.457267352263054982e-01 4.368345030747912361e+00 -9.882167479228687323e-01 1.392064940053780453e-01 6.416642315569459631e-02 4.455317872775288635e+01
-1.992048503625355182e-01 -1.498757910242897173e-01 9.683912589003277338e-01 2.771753092401926466e+00 1.199232938831202716e-01 9.770668948521816777e-01 1.759845101809459633e-01 4.511892839648315778e+00 -9.725558225583258443e-01 1.511586963570623610e-01 -1.766529404285193394e-01 4.462911563368204781e+01
-9.422005195058741345e-02 -1.434154325741217872e-01 9.851853252802724725e-01 4.434100296434916544e+00 1.450365549669625775e-01 9.770415982476409189e-01 1.561324962101482139e-01 4.659786706489933650e+00 -9.849481146554287525e-01 1.575162698743927947e-01 -7.126288990257169387e-02 4.491123677566738337e+01
-1.431788721343515425e-01 -1.384402770147284689e-01 9.799418351951547645e-01 5.072344527985447549e+00 1.469094216291474408e-01 9.762084285344587720e-01 1.594087126260708143e-01 4.785917924284547098e+00 -9.787078196323029111e-01 1.668698282065914362e-01 -1.194192723696696351e-01 4.446707242767499224e+01
-2.860880595025543927e-01 -1.279462150011554389e-01 9.493342529587679435e-01 5.276869085881743970e+00 1.305696436728494003e-01 9.765549141149165724e-01 1.710447724446156059e-01 4.898690231643546333e+00 -9.489770693666111923e-01 1.730549396003522589e-01 -2.626456356449243801e-01 4.399673223668515476e+01
-1.538344251287771802e-01 -1.251777156482879738e-01 9.799877365205866830e-01 6.537310227535623852e+00 1.583467524802002757e-01 9.759811147798029829e-01 1.495452013762674504e-01 4.939697126219406265e+00 -9.751766473285488068e-01 1.782827686213739882e-01 -1.303022710061207123e-01 4.456214789200999604e+01
-2.236133915693155338e-01 -1.084652374713387518e-01 9.685999604909428795e-01 7.510496866571285679e+00 1.555771126338800214e-01 9.770879542750631197e-01 1.452983119422154024e-01 5.115449982427736408e+00 -9.621592280676021236e-01 1.831299087331000053e-01 -2.016251974713725581e-01 4.404938470360954028e+01
-3.530355358028230417e-01 -8.800534252137239000e-02 9.315531346636768406e-01 7.832628250224099808e+00 1.323373994897532047e-01 9.808636857442958323e-01 1.427801900616742503e-01 5.317929258634661593e+00 -9.262954052632017543e-01 1.737104901516041688e-01 -3.346356441049859187e-01 4.281823922978350794e+01
-4.982640384246239673e-01 -7.147147503276260472e-02 8.643586298589186478e-01 8.772027682136396720e+00 1.103201802837929790e-01 9.832872738520646028e-01 1.448983484864532489e-01 5.623236677560041308e+00 -8.602645637902243125e-01 1.674336988530966963e-01 -4.820604971519126813e-01 4.136193824257703255e+01
-7.849249776474329643e-01 -5.295991441540054412e-02 6.167023366750117308e-01 1.013038904375266114e+01 5.854773770993781934e-02 9.855183711504261757e-01 1.591320142110991542e-01 6.035532214145718832e+00 -6.161971858003912894e-01 1.610625686891794250e-01 -7.704521829469631600e-01 3.949986693051053521e+01
-8.712910751937572584e-01 -5.809549498587931321e-02 4.872595468965687515e-01 1.038720511257954371e+01 1.785943465036566452e-02 9.885511393667494318e-01 1.498376885875945252e-01 6.337418947000404756e+00 -4.903860736171380408e-01 1.392349122807229056e-01 -8.602775588514894878e-01 3.742179416569541672e+01
-7.110470996589789427e-01 -5.484789348445253537e-02 7.006734872114002144e-01 1.067738769076338556e+01 6.552220470536798680e-02 9.874315941568314603e-01 1.437620191199585340e-01 6.549160495144719540e+00 -6.997558749500010222e-01 1.482572415757518747e-01 -6.985123374009897246e-01 3.559124377502869407e+01
-5.101665487283593148e-01 -7.071523432872034443e-02 8.572490610138564504e-01 1.144922385955390887e+01 1.100739839560338773e-01 9.830465968825844447e-01 1.466170308308591963e-01 6.952036818800638507e+00 -8.530878847852112479e-01 1.691814077622513790e-01 -4.937318390592239647e-01 3.414457449823626689e+01
-6.600238682976247162e-01 -6.134784489992832490e-02 7.487471706882984357e-01 1.286087806163383362e+01 9.230299435282962595e-02 9.824896952484308832e-01 1.618643121710256205e-01 7.300070638105835563e+00 -7.455646232353132508e-01 1.759163172058813007e-01 -6.428053278548895300e-01 3.244930175368047998e+01
-6.820796563076383379e-01 -5.677446976204082035e-02 7.288846930790475742e-01 1.362463289096784536e+01 8.565530227148848708e-02 9.839022843964319032e-01 1.568530783052188293e-01 7.569099035978925194e+00 -7.260569399697567317e-01 1.694102955066367211e-01 -6.662322536190364852e-01 3.047536118859537524e+01
-7.949693327583793323e-01 -5.427241669401521723e-02 6.036181292525305553e-01 1.341400544052145705e+01 5.361406730473588372e-02 9.857755139953729984e-01 1.593212127814551404e-01 7.682014786188397615e+00 -6.036771525864689236e-01 1.589876149361880708e-01 -7.807449410407657497e-01 2.922980172555671885e+01
-9.349196757951605541e-01 -3.645502681914478127e-02 3.546283676795840556e-01 1.301874982746556775e+01 3.037982575610086861e-02 9.830043942155705095e-01 1.810735201466406596e-01 7.989172943884168987e+00 -3.552002255639191697e-01 1.799641922568122887e-01 -9.179336254142759222e-01 2.834918755753749409e+01
-9.499813864771121663e-01 -5.419078071773317240e-02 3.087819615014553709e-01 1.185566663243450947e+01 2.267060876172904190e-03 9.837347933390467869e-01 1.796618585916909261e-01 7.974028823591052806e+00 -3.134924527212616385e-01 1.712455622037032110e-01 -9.344131468330955093e-01 2.766741960217661500e+01
-9.927824245452635532e-01 -4.739048043070583777e-02 1.069213223021705517e-01 1.067820776960405027e+01 -2.913310855995805693e-02 9.856276219358433011e-01 1.664212601823262805e-01 7.836936351530969347e+00 -1.132725345571799769e-01 1.620982421945692253e-01 -9.798892933836218511e-01 2.770538220025991549e+01
-9.941857934957128995e-01 -6.315042975171601680e-02 8.693916715235668058e-02 1.065222020026986804e+01 -4.770345776597352538e-02 9.843066567427345426e-01 1.699582909612163406e-01 7.778085306254471476e+00 -9.630763871285835664e-02 1.647148289346938299e-01 -9.815955513001528576e-01 2.829574175645877787e+01
-9.876087860829474430e-01 -5.552297319915450169e-02 1.519950523739095061e-01 1.027256985736449124e+01 -2.857854699498737008e-02 9.843571571579142754e-01 1.738733607474874931e-01 7.668552680255038112e+00 -1.592662638125968977e-01 1.672588213184223183e-01 -9.737587403758091176e-01 2.894108066202124974e+01
-9.795332070087248155e-01 -5.903892009126625318e-02 1.946388126755843051e-01 9.930474137849621741e+00 -2.434204340789982227e-02 9.840809666886615181e-01 1.760604996798862398e-01 7.593430885516235129e+00 -2.019331766378201498e-01 1.676533399666694235e-01 -9.653836337605947726e-01 2.929704977165462765e+01
-9.895765839359599303e-01 -6.599210734154990765e-02 1.351516611272197965e-01 9.574911057922564694e+00 -4.075026076814502324e-02 9.825494692720306844e-01 1.814650953209649697e-01 7.567503943273194977e+00 -1.447649270283462575e-01 1.740146191533643305e-01 -9.750124561444813986e-01 2.987105655659613745e+01
-9.866210089172676723e-01 -6.133937335871519902e-02 1.444328456333215938e-01 9.668204563326849410e+00 -3.415302648044358375e-02 9.823875937470066821e-01 1.836587483918083463e-01 7.482723359119867190e+00 -1.531599918848068342e-01 1.764504060994372125e-01 -9.713229584259304161e-01 3.037473690077377242e+01
-9.660409652643108247e-01 -6.534711847090729497e-02 2.534689039785526510e-01 9.402898712273778159e+00 -1.512733550930308105e-02 9.806641637431409153e-01 1.951548635565300838e-01 7.406513029980998475e+00 -2.613133514631204024e-01 1.845196990310446206e-01 -9.483678674394017127e-01 3.083917379720026730e+01
-9.845825757522991273e-01 -7.946891418515027172e-02 1.626988149645067772e-01 9.529319924532629216e+00 -4.656446630714422552e-02 9.793097630754015182e-01 1.969745491892446743e-01 7.302854245107735842e+00 -1.749812385293557371e-01 1.861917339163441376e-01 -9.679323961014839606e-01 3.171001132594134475e+01
-9.781937444727595299e-01 -7.414314199937552252e-02 1.977433868193536892e-01 9.329948560704490745e+00 -3.588924916654580299e-02 9.810824247530606224e-01 1.901989790339387865e-01 7.149442966813340128e+00 -2.081008257386673665e-01 1.789472291028059159e-01 -9.623634226928682311e-01 3.215378740156644000e+01
-9.497796000287622720e-01 -6.866897308020124269e-02 -3.051866685306183768e-01 7.804880854952459757e+00 -1.167944853074035644e-01 9.829194870244093440e-01 1.422455817772939890e-01 6.915937404741719696e+00 2.902043999121146634e-01 1.707287527233415647e-01 -9.415773774589039080e-01 3.249940860766903228e+01
-9.691732082934155779e-01 -8.313189951210972484e-02 -2.274852058715234326e-01 6.166665437524864402e+00 -1.218416497329437714e-01 9.792137144168998608e-01 1.620527209620838127e-01 6.643076507528367536e+00 2.092812627149413796e-01 1.849797621130910563e-01 -9.591389143456828803e-01 3.394966297790251275e+01
-9.182060595771703859e-01 -7.911495961701674184e-02 -3.872299472308562973e-01 4.600508497344113934e+00 -1.380721789349487749e-01 9.822660746678587573e-01 1.268090884515253591e-01 6.097959425150902391e+00 3.703267648961816039e-01 1.699726610461707588e-01 -9.128419584119165098e-01 3.529534841105342480e+01
-8.778390814170614620e-01 -8.313823932354756641e-02 -4.700513812052027340e-01 2.694332745895289261e+00 -1.640105028905643469e-01 9.773278545617951618e-01 1.337832995962783822e-01 5.829171638534139888e+00 4.482668199120358743e-01 1.947032047764583607e-01 -8.715571544542430882e-01 3.710787989780686758e+01
-7.291376852930472330e-01 -8.212958220623559069e-02 -6.796090810937962523e-01 1.365354193566563623e+00 -1.805777277674761316e-01 9.806738326438757536e-01 7.522997870171160839e-02 5.225501454683258551e+00 6.602970912561951788e-01 1.776260816824123956e-01 -7.298758790440964539e-01 3.892389970582204484e+01
-7.495957045145853481e-01 -8.545193153357845406e-02 -6.562292481070530759e-01 6.903881570867488326e-01 -1.507170777784102578e-01 9.876346313406951793e-01 4.338979731966501746e-02 4.469968618830479024e+00 6.444038742525955987e-01 1.313828490807678329e-01 -7.532097990375661301e-01 4.115219356692693964e+01
-5.975637771532938958e-01 -1.203437412285653929e-01 -7.927492818096506522e-01 -3.180464488164003178e-01 -1.950734179004182944e-01 9.807941279364890130e-01 -1.894735661150452567e-03 4.076903866414282263e+00 7.777553117843314379e-01 1.534399830133873766e-01 -6.095655186680219995e-01 4.359571184572508429e+01
-4.425752071720871067e-02 -1.110149885691622124e-01 -9.928483031876348397e-01 -1.081697796420382218e+00 -1.644674563395015499e-01 9.810588235312016625e-01 -1.024233519721559349e-01 3.583087825941595472e+00 9.854158396792830343e-01 1.587291988126139919e-01 -6.167967953632869094e-02 4.675951113553826133e+01
3.782326628850927741e-01 -9.935748210607024677e-02 -9.203776171146942353e-01 -2.163110053021187196e-01 -9.559836099729576708e-02 9.847151044793199803e-01 -1.456262428890097160e-01 3.170405366845047812e+00 9.207797883847553821e-01 1.430612473023805675e-01 3.629530912762583550e-01 5.045129952822644270e+01
3.124601667149228823e-01 -9.855667679500315637e-02 -9.449677277902646111e-01 1.795696068279440283e+00 -1.193896325789245150e-01 9.826419523220938368e-01 -1.419569247346458563e-01 2.998706336171776066e+00 9.425603633457638741e-01 1.571443328370255021e-01 2.952700261389172853e-01 5.370451279510912457e+01
4.637465363058637657e-01 -1.098399839626083424e-01 -8.791563239866923007e-01 3.311563838649229208e+00 -5.379044192728297397e-02 9.869627012260606680e-01 -1.517146927691561675e-01 2.695949573522556264e+00 8.843623301991326846e-01 1.176267479130699151e-01 4.517937760789157986e-01 5.766444456644267547e+01
6.875943702075749675e-01 -8.284092330774762980e-02 -7.212660887384305664e-01 5.386170463730762137e+00 -4.883739668702059139e-02 9.859439111687549051e-01 -1.597450022161733540e-01 2.340189849962607038e+00 7.243641809508950535e-01 1.450522933166500383e-01 6.738840203929269412e-01 6.119502316137589304e+01
9.830363194513646041e-01 -9.819980975716635641e-02 -1.549106056531349418e-01 7.890173085703758638e+00 7.553195378374627511e-02 9.863973979648199553e-01 -1.460153647056675885e-01 2.314123858206593276e+00 1.671419563548508791e-01 1.318367502553431103e-01 9.770843461290428245e-01 6.452070321084417515e+01
9.930207362097415169e-01 -9.791894459772518267e-02 -6.578744082097988388e-02 1.137895527025225206e+01 8.819312935500223105e-02 9.865993293389586638e-01 -1.372809406604150462e-01 2.558669236937107350e+00 7.834619791945332534e-02 1.305236143528078208e-01 9.883457161399902269e-01 6.609276149455648408e+01
9.748042224112768439e-01 -1.100796072567421929e-01 1.939738073662963802e-01 1.483056860342360395e+01 1.301494477775138325e-01 9.870374456807919916e-01 -9.390060727415357189e-02 2.856441120680524470e+00 -1.811221263728929332e-01 1.167850273714740594e-01 9.764957771670257358e-01 6.728338966384755793e+01
9.422880999434268823e-01 -1.137761009501131737e-01 3.149232599423626433e-01 1.854432912127184352e+01 1.416832995211859958e-01 9.876392030383287501e-01 -6.714434093199313225e-02 3.256038800418508128e+00 -3.033959174264713177e-01 1.078723554042059357e-01 9.467503889547377316e-01 6.788705498289260731e+01
9.911372744196205176e-01 -1.047932443034934463e-01 -8.162860847194824965e-02 2.165827227120382048e+01 9.380852835515229859e-02 9.872718110816183223e-01 -1.283939656687826947e-01 3.653974917874891037e+00 9.404896910115699560e-02 1.195977161150712786e-01 9.883549473394901419e-01 6.820152452900441631e+01
9.942391446825733503e-01 -1.033593547558797343e-01 -2.835713641591170245e-02 2.412224556299147338e+01 9.921723396635141745e-02 9.876514278367264366e-01 -1.212350276800576721e-01 3.730444521407911385e+00 4.053917836519149720e-02 1.177234901809800782e-01 9.922180638599423785e-01 6.992208398362262756e+01
9.791007665516789915e-01 -1.006574497104101851e-01 -1.767181095097236643e-01 2.580126568951078525e+01 7.642558522388556708e-02 9.873458508251432564e-01 -1.389295616208749973e-01 3.686229513510244082e+00 1.884682696932463153e-01 1.225198028420927537e-01 9.744037001013579058e-01 7.164334108402614731e+01
8.818640055370511321e-01 -9.843590449368515294e-02 -4.610989481715385696e-01 2.634382792564755604e+01 2.290146802312753582e-02 9.857528938526286533e-01 -1.666508019459113921e-01 3.489111248256818953e+00 4.709318228156306185e-01 1.364060697882735762e-01 8.715540691428826925e-01 7.354301422048368408e+01
9.947528563930482237e-01 -9.991855501405227935e-02 -2.203694270834873417e-02 2.596061973936200218e+01 9.640346304130115174e-02 9.874123016471075820e-01 -1.254076390702063282e-01 3.192051786053110796e+00 3.428808808125172886e-02 1.226256113134294445e-01 9.918612239292963206e-01 7.536570839456970816e+01
9.613114574249506106e-01 -9.634595130939013763e-02 -2.579790067954775279e-01 2.572127463216726184e+01 5.826309754339994984e-02 9.867586891698303386e-01 -1.513562318302528464e-01 2.952596506392563658e+00 2.691472150119717521e-01 1.304616379545830984e-01 9.541975478784860965e-01 7.682450360799612099e+01
9.376587410129793021e-01 -1.027841129100941220e-01 -3.320647419432535274e-01 2.447699986815302253e+01 5.272914188181757750e-02 9.862823808393634817e-01 -1.563995113096272593e-01 2.648917855009047084e+00 3.435880448522337094e-01 1.291406452009569161e-01 9.302163855672437309e-01 7.812432908164528556e+01
9.732724109137226298e-01 -9.891395793547903825e-02 -2.072459418545234133e-01 2.361706735806410506e+01 6.975702199289862682e-02 9.871808461310830340e-01 -1.435482777298829338e-01 2.294248252892334250e+00 2.187886131377466681e-01 1.252535830722059651e-01 9.676956086549628466e-01 7.954678843989724157e+01
9.929748156670263892e-01 -1.072332034678459972e-01 -5.002041856765791078e-02 2.379237191983489197e+01 1.001001540228043662e-01 9.866934996212171072e-01 -1.281434671556026250e-01 2.086015600711800477e+00 6.309395317802450609e-02 1.222359555498364336e-01 9.904955664904737667e-01 8.150154576292038655e+01
9.887825222971879935e-01 -1.058880699662531483e-01 -1.053718536732033279e-01 2.390363415957809679e+01 9.110561674762537865e-02 9.864574437293583964e-01 -1.364004797661317603e-01 1.858844681129699916e+00 1.183858943716395440e-01 1.252734322736120398e-01 9.850357436025128921e-01 8.312110357211538769e+01
9.591488066336181229e-01 -9.889606929118438527e-02 -2.650703800027210955e-01 2.367917009666757266e+01 5.911081585126001792e-02 9.862863645979098592e-01 -1.541241458232272543e-01 1.589368830226141727e+00 2.766745484095554652e-01 1.321623924862244392e-01 9.518407534510894275e-01 8.463101665038863075e+01
9.858250943044546410e-01 -1.026114104431667257e-01 -1.327464155529828327e-01 2.328414314954598652e+01 8.365805848703773695e-02 9.864309077000700254e-01 -1.412473104475948094e-01 1.368844818735128088e+00 1.454427111199922962e-01 1.281387121757501524e-01 9.810369638844527174e-01 8.585439585521113770e+01
9.937020204571193061e-01 -1.021960693859211983e-01 -4.594883404223367579e-02 2.333140950394025026e+01 9.561616467342287651e-02 9.871828913214253376e-01 -1.278096080635112153e-01 1.215395237102123938e+00 5.841844580626277122e-02 1.226105356563141624e-01 9.907375552624713144e-01 8.689930406823648923e+01
9.607702428011098972e-01 -9.891632950894531373e-02 -2.591663386053760232e-01 2.295490284394418978e+01 6.292762048153914545e-02 9.876187491696212239e-01 -1.436997365595758247e-01 1.049985764326470505e+00 2.701727688036792974e-01 1.217568854741359063e-01 9.550997632554044658e-01 8.763212562795663985e+01
9.873505914081325274e-01 -1.022028434069721242e-01 -1.212484046884992339e-01 2.293501857277249911e+01 8.786315006628955815e-02 9.890872148402878317e-01 -1.182661530874039579e-01 9.637845831694610288e-01 1.320125735181832682e-01 1.061197876386308497e-01 9.855555304291310215e-01 8.852185203795384894e+01
9.939331406024385362e-01 -1.034637767442086603e-01 -3.737684909477014678e-02 2.316253104989252876e+01 9.927981437085404981e-02 9.899904120309745981e-01 -1.003505493279859551e-01 7.917880823275719182e-01 4.738140899521163518e-02 9.603148361074051453e-02 9.942511337984718534e-01 8.991006621878570115e+01
9.907670978734715028e-01 -1.001907034337961439e-01 -9.131022094843352366e-02 2.306158173796416477e+01 8.971525792190396253e-02 9.896034508071500646e-01 -1.123765974747814311e-01 6.272611379861792180e-01 1.016243232296105969e-01 1.031447705957684452e-01 9.894601431338013731e-01 9.089953075094165058e+01
9.873513652444074751e-01 -1.042270927136646763e-01 -1.194772974143642752e-01 2.258934553415862823e+01 8.930448329869015989e-02 9.882426719525984060e-01 -1.240835010578426045e-01 5.447575332222254207e-01 1.310073603812128284e-01 1.118442256373432114e-01 9.850507443925023976e-01 9.141432637763814739e+01
9.930022624008926213e-01 -1.106660661184622751e-01 -4.116364357339336033e-02 2.309234338561600097e+01 1.054095572355170513e-01 9.879550261349799856e-01 -1.132694173012355476e-01 4.207102763034091808e-01 5.320506623694237769e-02 1.081377487779595081e-01 9.927127768671124564e-01 9.282087319705570394e+01
9.929037901175914449e-01 -1.117186799935595276e-01 -4.073986011584278255e-02 2.282060111934498892e+01 1.065950039686572454e-01 9.880302790507710098e-01 -1.115038673255133589e-01 2.495846916835954832e-01 5.270955895291879606e-02 1.063694509223504642e-01 9.929287576558262218e-01 9.371545583818989655e+01
9.867859643933812874e-01 -1.124492645719909201e-01 -1.166614548223229714e-01 2.232964476281986066e+01 9.852789350943576274e-02 9.880012787726544232e-01 -1.189353470771356558e-01 1.365064195684874970e-01 1.286360292296590269e-01 1.058698646106790292e-01 9.860256235217392806e-01 9.439526055707332830e+01
9.924294124156430863e-01 -1.096372062347662213e-01 -5.538338860717774426e-02 2.299040347671579454e+01 1.035322480186179617e-01 9.892639937163966168e-01 -1.031509294004896993e-01 2.707067427528412479e-02 6.609697748936692319e-02 9.663783199702921656e-02 9.931230950085551124e-01 9.583292306027482255e+01
9.937933027578732537e-01 -1.069725501658421868e-01 -3.053873550316419522e-02 2.260405875061988468e+01 1.037285587546743076e-01 9.902349592941881440e-01 -9.312965690358498971e-02 -1.113082606234963856e-01 4.020416287873659900e-02 8.938517428823593292e-02 9.951847968964557811e-01 9.665139004885288898e+01
9.947353011516306687e-01 -9.853186028286202436e-02 -2.812771960411533309e-02 2.244168495275397746e+01 9.554904185510881831e-02 9.910947535016971788e-01 -9.273508989365689126e-02 -2.237591530931189454e-01 3.701545560172435356e-02 8.955899003724533680e-02 9.952934523695299296e-01 9.755739273082038210e+01
9.944651968178430668e-01 -9.003967318866359926e-02 -5.415791576554115222e-02 2.272329526379377640e+01 8.460367012187859637e-02 9.918327672508362447e-01 -9.544202178426416938e-02 -3.009043841873630942e-01 6.230959841652172065e-02 9.033237295686859236e-02 9.939601431166849022e-01 9.863702772746906078e+01
9.948810642136852733e-01 -9.213171443491581514e-02 -4.153767355361008551e-02 2.249533316694869711e+01 8.801791018570662151e-02 9.918772027614195519e-01 -9.185678360094749750e-02 -4.289757134135648853e-01 4.966045837067008945e-02 8.773023215059624902e-02 9.949060925944448464e-01 9.952695675046633994e+01
9.945944598913689649e-01 -9.689850077173899068e-02 -3.731998803112944463e-02 2.234639507734199526e+01 9.311614130035912595e-02 9.913561679570950247e-01 -9.242031418284768485e-02 -5.437456359772678827e-01 4.595334641985014679e-02 8.844659633383912534e-02 9.950205893069927754e-01 1.004171421493485639e+02
9.933244246652244147e-01 -1.014406858020389657e-01 -5.491610885308750162e-02 2.248001924054286960e+01 9.588272899530571325e-02 9.907693958456044170e-01 -9.583277149779301229e-02 -6.497972266126275098e-01 6.412985296840505167e-02 8.992772976305894728e-02 9.938827400818227575e-01 1.014680753502310750e+02
9.926762688621698638e-01 -1.053786799973519261e-01 -5.906515234018283600e-02 2.235537715074585918e+01 9.942944870253188350e-02 9.904116435798923090e-01 -9.592858544708056379e-02 -7.510739699560671223e-01 6.860552283163380560e-02 8.935200348123435721e-02 9.936342684012913207e-01 1.023206219807412225e+02
9.916411401705923501e-01 -1.129892952439788406e-01 -6.231244743766935906e-02 2.222894572974653471e+01 1.068638021736163096e-01 9.898052911902446294e-01 -9.418819525272797977e-02 -8.800115478786686429e-01 7.231613984900696346e-02 8.674293682583229803e-02 9.936053293126864139e-01 1.032432165367249439e+02
9.901488282634524074e-01 -1.119809504649964121e-01 -8.406626115204561545e-02 2.226893940632505675e+01 1.038622300741985638e-01 9.900031620404411425e-01 -9.543025978315300417e-02 -9.944087057672562624e-01 9.391211482397864019e-02 8.575950204678800537e-02 9.918800798560188925e-01 1.042496116521532343e+02
9.899750302108005773e-01 -1.095318393605176632e-01 -8.913603264857873631e-02 2.210832402191988422e+01 1.009456076761689330e-01 9.902738772835781855e-01 -9.572745040395984339e-02 -1.082105830281055781e+00 9.875596170279206387e-02 8.576688385861305775e-02 9.914085474731200165e-01 1.050967783328102172e+02
9.888550755286135141e-01 -1.088455523145288595e-01 -1.015589527131839087e-01 2.196637656703212471e+01 9.951376272180201266e-02 9.906967990576934779e-01 -9.282849565668277458e-02 -1.204818934817808662e+00 1.107177379491327412e-01 8.168553713900084112e-02 9.904882679498566711e-01 1.060436787545796307e+02
9.865487442262970141e-01 -1.087626737694769863e-01 -1.220068009312495483e-01 2.194398008968335745e+01 9.779644715335507332e-02 9.908937373813809790e-01 -9.255372731364169825e-02 -1.310222140978553940e+00 1.309613121551277126e-01 7.937400115479172069e-02 9.882044409806708396e-01 1.070245747195375259e+02
9.857509210741380867e-01 -1.077462856704108213e-01 -1.291442172057151450e-01 2.176393166718727201e+01 9.602660534063300890e-02 9.909514616454259128e-01 -9.376936577581347632e-02 -1.404892053510483185e+00 1.380794968070103157e-01 8.002887329355963530e-02 9.871783350348001251e-01 1.078856972833275591e+02
9.837468044631231257e-01 -1.102159241029840864e-01 -1.417290081082807629e-01 2.159591881836350069e+01 9.748280870389618158e-02 9.908021824629394958e-01 -9.385836219641223443e-02 -1.528610843835461974e+00 1.507691294010689853e-01 7.851417093297743954e-02 9.854429449892209147e-01 1.088424795093949484e+02
