1.0 0.0 0.0 0.0 0.0 1.0 0.0 0.0 0.0 0.0 1.0 0.0
0.9999199 -0.0123276245 0.0028625876 6.562378 0.012293628 0.99985695 0.011610202 6.2053223 -0.0030052937 -0.011574079 0.99992853 0.059326172
0.99972516 -0.02068769 0.011038917 12.026855 0.020577382 0.99973816 0.010016943 11.77417 -0.011243213 -0.009787147 0.9998889 0.045410156
0.8771584 0.4797222 0.021438356 16.369629 -0.48000842 0.8771963 0.010867821 16.463501 -0.013593374 -0.019820021 0.9997113 0.118652344
0.8646892 0.50197697 0.017431516 22.061768 -0.5021308 0.8647567 0.0056808633 18.079712 -0.012220984 -0.013664275 0.99983186 -0.09301758
0.9812263 0.18983634 0.034271896 27.099243 -0.18944019 0.98179436 -0.014485564 18.93628 -0.036397383 0.0077217836 0.99930733 -0.23583984
0.68625885 0.7264648 0.03872621 31.84143 -0.72678816 0.686967 -0.007555263 21.112183 -0.032091785 -0.022952912 0.9992214 -0.049560547
0.57535446 0.8170426 0.03771825 36.188477 -0.8152551 0.5765889 -0.054007497 20.97351 -0.06588416 0.00032624416 0.99782765 -0.588501
0.2983012 0.91967064 0.25543132 40.810425 -0.9336335 0.3367495 -0.1221743 19.810791 -0.198396 -0.20196684 0.9590948 -0.7200928
0.37406287 0.9220527 -0.100738466 44.6615 -0.92583025 0.3645738 -0.10085731 17.087769 -0.056266725 0.13096058 0.9897867 -2.1140137
-0.1444832 0.98910975 0.031122994 48.69043 -0.98235524 -0.13955723 -0.12524018 14.799561 -0.11952521 -0.048640992 0.9916399 -1.8345947
0.0111450525 0.994371 -0.10540502 50.36133 -0.9922398 -0.0020595398 -0.1243102 10.809082 -0.12386211 0.10592671 0.9866243 -2.161377
0.09145683 0.9895613 -0.11142954 53.28662 -0.989382 0.07760852 -0.122906335 7.0664062 -0.11291185 0.12145372 0.9861507 -2.3198242
0.34250513 0.9324818 -0.11424486 56.557617 -0.9358819 0.3280877 -0.12795849 3.1016846 -0.08178111 0.15075976 0.9851872 -2.3948975
0.5757277 0.80841833 -0.12235535 60.808594 -0.8167586 0.561751 -0.13161597 0.07348633 -0.037648533 0.1757268 0.983724 -2.243164
0.6388233 0.7598973 -0.12049367 65.33862 -0.7688441 0.62458324 -0.13723099 -1.7718506 -0.029020179 0.18030171 0.9831826 -1.8670654
0.6650688 0.73541176 -0.12975171 69.95752 -0.7464796 0.6498646 -0.14288306 -3.1533203 -0.020779239 0.19186936 0.98119414 -1.4299316
0.81963927 0.55866176 -0.12726575 74.35718 -0.57265943 0.806196 -0.14908549 -4.3702393 0.019311309 0.19508415 0.9805922 -0.96606445
0.9370955 0.32452765 -0.1284195 78.97095 -0.34208643 0.92699075 -0.15365948 -4.524536 0.06915993 0.18792835 0.97974116 -0.3203125
0.9647827 0.23471403 -0.11874591 83.475586 -0.2512778 0.9558831 -0.15215772 -3.5472412 0.077796206 0.17664194 0.98119676 0.46069336
0.99247515 -0.012083442 -0.12186126 87.72778 -0.006870985 0.9880551 -0.15398236 -2.1367188 0.12226627 0.15366095 0.98053706 1.3062744
0.8840014 -0.45292443 -0.115840405 91.44946 0.43680653 0.88850695 -0.14059263 0.35681152 0.16661009 0.07368394 0.9832642 2.1929932
0.8498175 -0.51404065 -0.11631425 93.50928 0.49920902 0.85586613 -0.13504961 4.201172 0.16898623 0.056685194 0.9839824 3.1351318
0.48670444 -0.8642118 -0.12722018 95.305664 0.8567407 0.50067365 -0.123472534 8.454712 0.17042115 -0.048907258 0.98415846 3.9729004
0.67021835 -0.73277557 -0.1182787 94.616455 0.7222589 0.6805668 -0.12373743 12.939453 0.1711504 -0.0024637356 0.9852455 4.562866
0.542575 -0.8316649 -0.118059136 95.058105 0.8240888 0.5542354 -0.116999924 17.400635 0.162742 -0.033782426 0.9860945 5.1921387
0.41515005 -0.9023745 -0.11601246 94.41968 0.895949 0.42766154 -0.12027604 21.855957 0.15815286 -0.05402247 0.98593515 5.718506
0.14686131 -0.9827403 -0.11233134 93.0625 0.97990906 0.16003063 -0.11891014 26.249512 0.13481183 -0.09261885 0.9865298 6.0358887
-0.2734523 -0.9551004 -0.11377464 90.4624 0.95858413 -0.26086614 -0.114010125 29.897827 0.07923389 -0.14027014 0.98694074 6.1967773
-0.60578936 -0.78751355 -0.11582436 86.27661 0.7958749 -0.5968081 -0.10477549 32.53308 0.013378287 -0.1556109 0.98772913 5.9610596
-0.9056603 -0.40530694 -0.12654768 81.1582 0.41879398 -0.90181375 -0.1088456 33.31311 -0.06994965 -0.15152538 0.98597527 5.468628
-0.8035104 -0.5812683 -0.12614484 76.255615 0.59320635 -0.79861844 -0.098606184 31.261353 -0.04340871 -0.1541069 0.98709863 4.5448
-0.92514837 -0.35379168 -0.13662873 71.15405 0.36812815 -0.92431605 -0.099253 30.248291 -0.09114835 -0.14213142 0.9856395 3.7298584
-0.94238484 -0.30440345 -0.13861993 66.481445 0.3179836 -0.943901 -0.08893949 27.919922 -0.10384454 -0.12796196 0.9863355 2.815918
-0.97933996 0.12585282 -0.15452561 62.45508 -0.11069696 -0.9879056 -0.10302022 25.24414 -0.16577962 -0.083874024 0.9825912 1.9140625
-0.98765725 0.015606632 -0.16171972 60.159424 -0.0006296916 -0.9966678 -0.092285514 21.152466 -0.16243765 -0.09099341 0.9825216 1.1655273
-0.97084 -0.14109477 -0.19172846 57.86499 0.17550492 -0.9681848 -0.17618537 17.748657 -0.16095737 -0.20476235 0.9654876 -0.16223145
-0.9115865 -0.22172491 -0.3462351 54.4541 0.3082636 -0.92587584 -0.21857972 14.492432 -0.27220958 -0.30612117 0.9122896 -1.1618652
-0.90391713 -0.41513252 -0.10148114 50.793457 0.42612177 -0.89356625 -0.14021899 11.326904 -0.032494843 -0.17002839 0.9849033 -1.7749023
-0.8472223 -0.51056683 -0.15007168 46.709595 0.53078556 -0.8310715 -0.1689853 9.664551 -0.038411014 -0.22281225 0.97412235 -2.3413086
-0.9209056 -0.358229 -0.15181956 41.900024 0.37893838 -0.91426533 -0.14131181 8.097046 -0.08820501 -0.1877106 0.9782521 -3.4389648
-0.973312 -0.16758175 -0.15425833 37.98523 0.18927032 -0.97168565 -0.13860424 6.0322266 -0.12671773 -0.16423193 0.9782505 -4.3050537
-0.9868809 0.023371823 -0.15664895 35.48413 -6.224867e-05 -0.98862505 -0.1471386 3.7369385 -0.15842788 -0.14524242 0.9766252 -5.0097656
-0.9287989 0.337474 -0.15399304 34.154663 -0.31609657 -0.93731 -0.14766482 1.4056396 -0.19405317 -0.088383384 0.9769906 -5.591919
-0.651778 0.74466765 -0.14688744 34.328735 -0.72885126 -0.6680825 -0.15284827 -0.91186523 -0.2117984 0.0074582063 0.9772843 -5.8951416
-0.5542194 0.8181234 -0.15305099 35.791626 -0.8031777 -0.5739362 -0.15942279 -2.0325928 -0.21839401 0.034552447 0.9752588 -5.9039307
-0.506334 0.84901214 -0.15100817 37.76233 -0.8350979 -0.5264103 -0.15963516 -2.798462 -0.21488506 0.045235213 0.9755735 -5.755493
-0.16015708 0.976833 -0.14192662 40.25647 -0.96894705 -0.1830231 -0.1662599 -3.0466309 -0.1884018 0.11089954 0.97581244 -5.442871
-0.04391371 0.98975086 -0.13574763 42.611572 -0.9842216 -0.06615769 -0.16390097 -2.321167 -0.17127967 0.12631385 0.97707915 -5.0168457
-0.11964809 0.9827798 -0.14095359 44.483032 -0.97688013 -0.14189102 -0.16009048 -2.1051025 -0.17732964 0.11859874 0.9769881 -4.730835
-0.06211852 0.9885911 -0.1371771 45.502808 -0.983448 -0.08404363 -0.16044632 -1.7425537 -0.17004642 0.12489648 0.97747976 -4.5529785
0.20596193 0.9705321 -0.12489454 45.60034 -0.9702213 0.1859448 -0.1550624 -1.1829834 -0.12725869 0.15310448 0.97998047 -4.4648438
0.062359698 0.9901548 -0.12558585 44.828735 -0.9871236 0.042593274 -0.15432556 -1.3903809 -0.14746939 0.1335111 0.9800026 -4.6225586
-0.1787175 0.97440034 -0.13610405 44.9812 -0.9679961 -0.19889963 -0.15280062 -2.510376 -0.17607012 0.10445827 0.9788262 -4.7662354
-0.07325221 0.98701036 -0.14303204 45.223633 -0.9849028 -0.09416771 -0.14537553 -4.165283 -0.15699075 0.13029797 0.9789786 -4.935547
-0.12149023 0.98085386 -0.15211895 44.792847 -0.97960484 -0.14317693 -0.14080566 -4.8033447 -0.15991366 0.13182877 0.97827744 -5.0629883
-0.2648245 0.95106167 -0.15759334 44.368652 -0.9488438 -0.2860316 -0.13165271 -5.0163574 -0.17040142 0.1145497 0.97867733 -5.1708984
-0.13238917 0.97748846 -0.16346553 44.886963 -0.97964436 -0.15402424 -0.1276075 -6.2662354 -0.14995974 0.14318481 0.97825783 -5.232422
-0.2037158 0.9644916 -0.16791692 44.394653 -0.9681839 -0.22390795 -0.11153186 -7.23999 -0.14515609 0.13992006 0.9794731 -5.4141846
-0.33664095 0.9284024 -0.15786374 43.206543 -0.93102694 -0.35330105 -0.092401735 -7.569824 -0.1414958 0.115836956 0.9831345 -5.6123047
-0.48403046 0.8621779 -0.15111823 41.7959 -0.8637153 -0.49847788 -0.0775037 -8.526123 -0.14214185 0.09306387 0.98547107 -5.9154053
-0.7724546 0.61772466 -0.14479695 40.02417 -0.6158489 -0.7848589 -0.0629339 -9.960693 -0.15259227 0.040576637 0.9874547 -6.32312
-0.8620682 0.49148235 -0.12339419 37.97461 -0.48651922 -0.87085634 -0.06966418 -10.255371 -0.14173134 -2.7853754e-05 0.989907 -6.6171875
-0.7003358 0.7012281 -0.1317774 36.088623 -0.69994456 -0.7110255 -0.06372082 -10.46814 -0.13834107 0.047561355 0.98923343 -6.8203125
-0.4957239 0.8550131 -0.15284805 34.568848 -0.85658836 -0.51038367 -0.07688442 -11.181885 -0.14372942 0.09277328 0.9852558 -7.2182617
-0.6449319 0.74742544 -0.15946856 32.91748 -0.74791765 -0.6601657 -0.069410674 -12.624023 -0.1571716 0.07452524 0.98475814 -7.562256
-0.6682825 0.72782445 -0.15295117 30.948608 -0.72806567 -0.68220377 -0.065166466 -13.388428 -0.1518522 0.06780659 0.98607665 -7.826294
-0.78273374 0.60515654 -0.14275728 29.741089 -0.6027724 -0.79485327 -0.06441748 -13.216919 -0.15261705 0.03564213 0.98764825 -7.929199
-0.92019284 0.35669905 -0.16482903 28.902222 -0.35351688 -0.93475264 -0.049281694 -12.900269 -0.1715331 0.012952972 0.9850966 -8.221436
-0.93659884 0.31474307 -0.15636985 28.228638 -0.3077972 -0.9494515 -0.06745412 -11.752808 -0.1696944 -0.015015176 0.9853906 -8.193237
-0.98192513 0.11425893 -0.1485179 28.284424 -0.10600701 -0.9920542 -0.062336463 -10.643677 -0.15458079 -0.04549865 0.98693526 -8.052002
-0.98366606 0.09719646 -0.15129852 28.875488 -0.086098745 -0.9931867 -0.07821952 -10.627075 -0.1579894 -0.06395086 0.9853781 -7.9958496
-0.975875 0.16029416 -0.15337051 29.519775 -0.15107238 -0.98682183 -0.07011533 -10.227173 -0.16244242 -0.04517665 0.9856865 -7.8858643
-0.96751696 0.2029894 -0.15348375 29.874268 -0.19371921 -0.9787527 -0.073287 -9.872314 -0.16502112 -0.04114566 0.98543376 -7.8094482
-0.9772177 0.14576805 -0.16026595 30.451538 -0.13423766 -0.98861176 -0.08068144 -9.538452 -0.16992445 -0.057240594 0.98378986 -7.782959
-0.97355986 0.15422383 -0.16264984 30.954224 -0.14347176 -0.98574543 -0.07593998 -9.629883 -0.17220503 -0.050669696 0.9837489 -7.701416
-0.9507341 0.26255676 -0.17001362 31.411987 -0.25243872 -0.96528643 -0.07904831 -9.329834 -0.18470271 -0.032146454 0.98227584 -7.6219482
-0.9703128 0.17604014 -0.17229047 32.289185 -0.16174893 -0.9834682 -0.0938907 -9.490112 -0.18573247 -0.06315562 0.98057574 -7.5249023
-0.9646565 0.20917039 -0.16479425 32.733154 -0.19681019 -0.9772048 -0.08831448 -9.28064 -0.17924435 -0.052671015 0.9823865 -7.374756
-0.94349945 -0.28968424 -0.1607075 33.073975 0.30575866 -0.9481926 -0.08589378 -7.925415 -0.12751819 -0.1302121 0.98325455 -7.1488037
-0.9612754 -0.20868708 -0.1742424 34.5343 0.22812319 -0.9674344 -0.09995314 -6.267334 -0.14786926 -0.1358737 0.9796114 -6.8657227
-0.9146571 -0.36993954 -0.16080822 35.871094 0.38761267 -0.91636896 -0.09661038 -4.760742 -0.11165283 -0.15073636 0.98224413 -6.3287354
-0.87357104 -0.44784358 -0.18647262 37.67285 0.47046113 -0.87577295 -0.10075944 -2.8878174 -0.118306644 -0.17579098 0.9772756 -6.0546875
-0.73141015 -0.6600878 -0.17200193 39.447876 0.67956305 -0.72695017 -0.099965535 -1.6359863 -0.058998328 -0.1899171 0.9800206 -5.4718018
-0.7542503 -0.6443708 -0.12544373 41.69348 0.65590936 -0.74760544 -0.1034405 -0.96362305 -0.027098995 -0.16043761 0.98668486 -4.7353516
-0.6104568 -0.7778016 -0.14961717 44.090942 0.7918557 -0.59495115 -0.13789004 -0.010009766 0.01822282 -0.2027274 0.9790728 -4.365967
-0.06199026 -0.9851727 -0.16011237 47.074585 0.99123335 -0.04198727 -0.12539339 0.6810303 0.11686349 -0.16650774 0.97909915 -3.9193115
0.3629928 -0.92020255 -0.14663008 50.626953 0.91851103 0.3798424 -0.10992532 -0.16687012 0.15687911 -0.09476919 0.98306566 -3.550293
0.29520237 -0.9420226 -0.16046184 53.898926 0.9431352 0.3142538 -0.10977013 -2.19458 0.15378973 -0.118924305 0.98091596 -3.4151611
0.4520256 -0.8837224 -0.12148305 57.808838 0.8771724 0.4651078 -0.11951752 -3.697998 0.16215003 -0.052539427 0.9853696 -3.1524658
0.67398506 -0.7234655 -0.14901415 61.26245 0.7194161 0.6886797 -0.0896374 -5.72583 0.16747418 -0.04683107 0.98475754 -2.8381348
0.97715366 -0.1655716 -0.13329655 64.48633 0.15310124 0.9832413 -0.098981455 -8.046387 0.1474529 0.076317556 0.9861231 -2.8464355
0.988366 -0.0767108 -0.13133869 66.04712 0.06405298 0.9931214 -0.09804783 -11.5061035 0.13795333 0.0884967 0.9864784 -3.1259766
0.97632426 0.18289319 -0.11545097 67.23584 -0.1954372 0.9746663 -0.1087037 -14.871704 0.09264101 0.12869732 0.9873469 -3.4438477
0.94646704 0.30515707 -0.10536296 67.84131 -0.31619573 0.9420866 -0.111900814 -18.543335 0.0651304 0.13922003 0.9881241 -3.86792
0.9883887 -0.09246765 -0.12054789 68.13037 0.07991654 0.991248 -0.105065316 -21.785889 0.12920846 0.09420989 0.9871273 -4.314575
0.99221796 -0.038941927 -0.1182623 69.84497 0.026713507 0.9942941 -0.10326846 -24.234375 0.121608585 0.09930615 0.9875966 -4.4194336
0.9744885 -0.1869684 -0.12413275 71.568115 0.17494605 0.97931784 -0.10163679 -25.966187 0.14056787 0.07732346 0.987044 -4.406372
0.87173575 -0.46964717 -0.13963583 73.499756 0.459109 0.8824971 -0.10199882 -26.609009 0.17113438 0.024813721 0.98493814 -4.2365723
0.9918563 -0.032668427 -0.12310687 75.28833 0.020384066 0.99480283 -0.09977169 -26.084473 0.12572592 0.09645015 0.9873673 -3.9326172
0.95431316 -0.26769355 -0.13258988 76.759766 0.25613433 0.9616402 -0.09797473 -25.928345 0.1537419 0.05952381 0.98631436 -3.7103271
0.93037343 -0.34217748 -0.13172849 78.07153 0.33013323 0.9380861 -0.10508088 -24.714233 0.159523 0.054277603 0.985698 -3.4071045
0.9677932 -0.21730712 -0.12706535 79.48633 0.2054478 0.97352916 -0.10013132 -23.817627 0.14546227 0.07079779 0.9868265 -3.0499268
0.99050933 -0.06145265 -0.122958496 81.43555 0.048295755 0.9930555 -0.10727639 -23.946167 0.12869753 0.100320265 0.986599 -2.8500977
0.9850836 -0.11677351 -0.12640539 83.05762 0.10358872 0.98892504 -0.1063155 -24.080566 0.13741696 0.091637865 0.9862671 -2.637329
0.95196253 -0.27520102 -0.1343437 84.579346 0.26318678 0.95949215 -0.100581035 -23.91394 0.15658043 0.060401715 0.98582125 -2.3824463
0.98109835 -0.14385246 -0.12945706 85.79614 0.1309459 0.98600084 -0.10323426 -23.478882 0.14249605 0.0843336 0.9861938 -2.1618652
0.99074787 -0.056802623 -0.12328466 86.8396 0.04426068 0.99377716 -0.102210455 -23.500244 0.12832446 0.09580852 0.98709744 -2.0107422
0.9552225 -0.26876146 -0.12389855 87.58496 0.25736374 0.9610819 -0.10058027 -23.19751 0.14610341 0.06419775 0.98718435 -1.8531494
0.98561424 -0.13057828 -0.10734186 88.46704 0.119630404 0.98748577 -0.10280153 -23.134033 0.11941883 0.088484794 0.98889333 -1.7634277
0.9942603 -0.045962166 -0.09662443 89.85425 0.035895593 0.9939847 -0.10349289 -23.337524 0.10079944 0.09943062 0.9899297 -1.5959473
0.9895007 -0.1002043 -0.10414028 90.8457 0.089753486 0.9908701 -0.10057797 -23.257446 0.11327011 0.09017379 0.9894599 -1.4412842
0.9851086 -0.12951677 -0.11306389 91.36255 0.11780044 0.98749256 -0.10479677 -22.796509 0.1252221 0.089915626 0.9880436 -1.3624268
0.9927234 -0.05164719 -0.10879345 92.76709 0.0395327 0.9930661 -0.110688046 -23.277344 0.11375615 0.105583 0.9878806 -1.2476807
0.99293953 -0.051158804 -0.10702404 93.66333 0.039115716 0.9929664 -0.11174258 -23.008545 0.11198848 0.10676708 0.9879569 -1.0795898
0.986088 -0.1271365 -0.107093364 94.34668 0.1149699 0.98691994 -0.11301421 -22.545166 0.12006022 0.099130414 0.98780495 -0.96972656
0.99314517 -0.06464495 -0.09739018 95.78247 0.05383784 0.9924978 -0.10978777 -23.18872 0.1037548 0.103793055 0.98917353 -0.86938477
0.99519086 -0.038811807 -0.0899313 96.60254 0.02909114 0.9938367 -0.10697279 -22.796509 0.093527354 0.10384298 0.9901855 -0.7297363
0.9952973 -0.0356735 -0.09005929 97.50952 0.026739767 0.9947752 -0.09851575 -22.635254 0.09310353 0.09564431 0.991051 -0.6217041
0.99397796 -0.061029296 -0.091007754 98.589355 0.052803855 0.9945236 -0.09019891 -22.92749 0.09601342 0.08485022 0.99175656 -0.5548096
0.9949176 -0.04838052 -0.08831337 99.48047 0.040198576 0.9949287 -0.09221108 -22.69812 0.09232711 0.08819192 0.9918181 -0.42944336
0.9950301 -0.04463544 -0.08901256 100.37158 0.035944905 0.99464035 -0.09694722 -22.55066 0.09286177 0.09326683 0.99130076 -0.319458
0.9939037 -0.062781364 -0.0906448 101.423096 0.053482875 0.99338573 -0.10160588 -22.693237 0.09642419 0.09613955 0.99068713 -0.22253418
0.99365896 -0.06723912 -0.090113 102.27661 0.057604607 0.99274135 -0.10557401 -22.572632 0.096559055 0.09971275 0.9903219 -0.12585449
0.99363476 -0.070924066 -0.08755144 103.20044 0.060814437 0.9917085 -0.113213725 -22.450562 0.0948545 0.10717084 0.9897085 -0.0013427734
0.9919243 -0.09254596 -0.086727835 104.20801 0.08256399 0.9902321 -0.112361595 -22.500488 0.096278526 0.10429364 0.9898757 0.10571289
0.9914551 -0.097407915 -0.08676502 105.05615 0.08764753 0.9900617 -0.109948926 -22.343628 0.09661604 0.101404384 0.9901407 0.18908691
0.99054337 -0.10941161 -0.08277028 106.00464 0.100097105 0.98894703 -0.10936307 -22.208496 0.09382323 0.10004317 0.99054974 0.30773926
0.9882732 -0.12968402 -0.08060577 106.98706 0.12054644 0.9866537 -0.10943697 -22.195557 0.09372592 0.09843767 0.99072003 0.40698242
0.9872508 -0.13680768 -0.08130913 107.849365 0.12768067 0.98586196 -0.10847246 -22.020142 0.095002756 0.09670493 0.99076796 0.4970703
0.98552567 -0.14949994 -0.07989096 108.80786 0.14024745 0.98386633 -0.1110412 -21.859253 0.095205866 0.0982284 0.99059993 0.6158447
0.9822631 -0.16759627 -0.0840336 109.7251 0.1577003 0.9809822 -0.11310848 -21.781128 0.1013968 0.09784762 0.9900215 0.7043457
0.9795948 -0.17831852 -0.09265094 110.6167 0.16723382 0.97904843 -0.11613154 -21.600952 0.11142184 0.0982631 0.9889018 0.8079834
0.9768216 -0.19080831 -0.09698512 111.52637 0.1792756 0.97690016 -0.11629959 -21.411499 0.116934605 0.096213564 0.988467 0.92858887
0.9742795 -0.20432252 -0.09507272 112.41992 0.19294973 0.9742696 -0.11651626 -21.263306 0.1164313 0.095176004 0.9886271 1.0334473
0.9721002 -0.21611536 -0.09109844 113.323 0.20528999 0.9719064 -0.11504546 -21.064575 0.11340917 0.09313035 0.9891728 1.1629639
0.9699088 -0.22533712 -0.09225098 114.21265 0.21476917 0.9702412 -0.11191327 -20.845337 0.1147148 0.08873134 0.9894267 1.2918701
0.96735114 -0.23264226 -0.1004419 115.08862 0.2217042 0.9689801 -0.10909218 -20.644653 0.122715116 0.08325609 0.9889413 1.4033203
0.964988 -0.23824829 -0.10970304 115.99292 0.22683349 0.9680368 -0.10702333 -20.424927 0.13169259 0.07838963 0.988185 1.5245361
0.96359754 -0.24190438 -0.11385496 116.88696 0.23071791 0.96755534 -0.10302298 -20.194946 0.13508263 0.07299536 0.98813397 1.6657715
0.96290535 -0.24424332 -0.1147403 117.77783 0.23338833 0.9672069 -0.10023833 -19.971924 0.13545963 0.06974097 0.9883238 1.8037109
0.96109664 -0.25149086 -0.11426247 118.68042 0.24065025 0.9653853 -0.10062627 -19.734009 0.1356136 0.06921809 0.98834187 1.947998
0.9597951 -0.25765273 -0.1115558 119.57837 0.24711764 0.9638336 -0.09995255 -19.49707 0.13327025 0.068373516 0.9887174 2.081787
0.95850784 -0.26362565 -0.1084186 120.47266 0.25363418 0.9623543 -0.09764219 -19.27002 0.13008493 0.06608472 0.9892937 2.2028809
0.9572376 -0.2694974 -0.105114006 121.36719 0.25988707 0.9607891 -0.096602604 -19.035767 0.12702627 0.06514406 0.9897545 2.3375244
0.95543873 -0.2750458 -0.10707456 122.24927 0.26541525 0.9593378 -0.09593834 -18.78711 0.12911394 0.063238256 0.9896101 2.4571533
0.9529118 -0.28140205 -0.11311707 123.076416 0.2724574 0.95811814 -0.088322796 -18.535034 0.13322566 0.05335094 0.9896504 2.5848389
0.9506951 -0.2882985 -0.114494145 123.95776 0.27903816 0.9560416 -0.09035791 -18.275879 0.13550511 0.053965844 0.98930705 2.732788
0.94811195 -0.29594666 -0.11634019 124.829346 0.2861268 0.953593 -0.093946844 -18.024536 0.1387417 0.055788524 0.98875403 2.8701172
0.9460154 -0.3030972 -0.11483031 125.66968 0.29344505 0.951373 -0.09366665 -17.761719 0.13764024 0.054917444 0.9889606 3.0008545
0.94427246 -0.31008962 -0.110417776 126.53052 0.30115932 0.9492797 -0.09040525 -17.483032 0.13285151 0.05210693 0.9897617 3.1464844
0.94205 -0.31712216 -0.10919007 127.401855 0.30852106 0.9470428 -0.08870741 -17.199097 0.1315506 0.049872223 0.9900547 3.2839355
0.9396188 -0.3234611 -0.11165461 128.2439 0.31461233 0.9449405 -0.089873 -16.908203 0.13458915 0.049317073 0.98967415 3.4077148
0.93725806 -0.32982242 -0.112972334 129.09448 0.32064772 0.9427153 -0.09201547 -16.617188 0.1368589 0.050014578 0.989325 3.5393066
0.9347263 -0.33627558 -0.11514707 129.92896 0.32717454 0.94060344 -0.09101817 -16.319824 0.1389008 0.047402773 0.98916614 3.6743164
0.9325489 -0.34243414 -0.11430864 130.76343 0.33356568 0.93840945 -0.08991576 -16.007935 0.13807291 0.045726575 0.9893699 3.809204
0.92927015 -0.35176685 -0.11243026 131.60449 0.3424536 0.93477184 -0.094142914 -15.700195 0.13822064 0.04895306 0.9891831 3.932373
0.9265452 -0.35982704 -0.1097913 132.45728 0.35012522 0.931546 -0.09824428 -15.399414 0.1376248 0.05258409 0.9890852 4.0759277
0.92368764 -0.3672261 -0.109361336 133.31812 0.35748965 0.9286672 -0.098966554 -15.080688 0.13789701 0.05232092 0.9890641 4.2144775
0.92120296 -0.37260774 -0.11184091 134.13599 0.3635358 0.9268507 -0.09355612 -14.733887 0.13851926 0.045521233 0.98931384 4.351074
0.918587 -0.37880844 -0.11295615 134.98315 0.3702969 0.9246256 -0.089468025 -14.394165 0.13832483 0.040365186 0.989564 4.4832764
0.91690284 -0.383406 -0.11102703 135.83911 0.37459877 0.9225948 -0.09240028 -14.045044 0.13784593 0.04313583 0.98951364 4.624878
0.9148952 -0.38847145 -0.11014565 136.6709 0.37945688 0.92042196 -0.09436635 -13.700439 0.13803472 0.044553977 0.98942614 4.7595215
0.91269016 -0.39326477 -0.11103448 137.51147 0.38401735 0.9183218 -0.09595468 -13.363647 0.13970046 0.044933613 0.98917276 4.893921
0.9106588 -0.39927652 -0.10587579 138.34082 0.38977587 0.9154515 -0.09979743 -13.02063 0.1367746 0.04960229 0.9893589 5.027466
0.90863216 -0.4051733 -0.100871876 139.17725 0.39507103 0.91245085 -0.10632933 -12.678711 0.13513091 0.056755047 0.98920006 5.1625977
0.9069542 -0.40986383 -0.097460315 139.99487 0.399483 0.91014314 -0.11001994 -12.326172 0.1337878 0.060857512 0.98914045 5.29126
0.9047368 -0.41383153 -0.10093582 140.79883 0.40352303 0.90856034 -0.108059525 -11.961426 0.136433 0.0570331 0.9890052 5.4156494
0.9030955 -0.4168561 -0.10335066 141.61353 0.40671194 0.9074026 -0.10599255 -11.581665 0.1379665 0.05368848 0.98897934 5.548218
0.9025244 -0.41809353 -0.10321965 142.4187 0.40816635 0.9069041 -0.10453786 -11.210205 0.13732165 0.052220527 0.9891497 5.6800537
0.9019822 -0.41950142 -0.102270916 143.21606 0.40976104 0.9062963 -0.10362064 -10.847656 0.13614976 0.05156222 0.9893469 5.815796
0.90267116 -0.41941053 -0.096507855 144.01709 0.41004393 0.9062377 -0.10309085 -10.47583 0.1306984 0.053486515 0.98997724 5.9414062
0.90240043 -0.42076796 -0.09296267 144.81836 0.411939 0.90566176 -0.10045973 -10.105225 0.12646918 0.05236412 0.9905879 6.0722656
0.90222377 -0.42181614 -0.0897945 145.61035 0.41319793 0.9051155 -0.10017045 -9.743164 0.12352752 0.053271133 0.9909095 6.190918
0.9014994 -0.42238826 -0.09414672 146.38818 0.41335845 0.9048725 -0.101595886 -9.380127 0.12810144 0.052666537 0.99036074 6.3099365
0.900529 -0.42370117 -0.09769009 147.18677 0.41430593 0.90430677 -0.102981895 -9.01355 0.13196452 0.052259408 0.9898736 6.438843
0.900477 -0.42367116 -0.09806411 147.97021 0.41447738 0.90438944 -0.10131606 -8.646973 0.13161281 0.05057929 0.9900083 6.5620117
0.9004509 -0.42376474 -0.09789467 148.74512 0.41488448 0.9044556 -0.09901012 -8.285278 0.13050336 0.04853364 0.99025846 6.6851807
0.90012264 -0.4249547 -0.09615051 149.54346 0.41564062 0.9037044 -0.10305019 -7.9260254 0.13066353 0.052801594 0.99002093 6.812134
0.8993648 -0.42597225 -0.09834675 150.32837 0.4164146 0.90319586 -0.10398705 -7.553589 0.13313238 0.05256777 0.989703 6.9396973
0.8989867 -0.42517027 -0.10529055 151.09302 0.41620338 0.9040835 -0.09712823 -7.1905518 0.13649416 0.04350068 0.9896857 7.064331
0.89848655 -0.42504662 -0.10996174 151.8667 0.41627008 0.9043456 -0.09438552 -6.822754 0.1395572 0.039044313 0.98944736 7.184082
0.8984372 -0.42468077 -0.11193928 152.62402 0.41578615 0.90456676 -0.094619244 -6.4613037 0.14143531 0.038471207 0.98919773 7.314209
0.8981873 -0.4255077 -0.11036768 153.40479 0.4162734 0.90398043 -0.097512625 -6.0943604 0.14126793 0.04164961 0.98909885 7.460083
0.8976939 -0.42596537 -0.112776466 154.15381 0.41655996 0.9038282 -0.09801302 -5.7370605 0.14366326 0.04099323 0.9887709 7.57312
0.8967823 -0.42897078 -0.108265035 154.92065 0.41904235 0.90207034 -0.10314495 -5.378784 0.1419096 0.047106285 0.9887511 7.7023926
0.89609224 -0.4321178 -0.10115745 155.68726 0.42199644 0.9002026 -0.107209906 -5.022461 0.13740101 0.05337365 0.9890757 7.8389893
0.8958357 -0.43430716 -0.09412015 156.4436 0.4246325 0.8990414 -0.106874496 -4.66626 0.13102338 0.05577049 0.989808 7.9697266
0.8943476 -0.43795365 -0.0913541 157.17456 0.4279153 0.89698696 -0.11095393 -4.321167 0.13053024 0.06014587 0.9896204 8.085205
0.891626 -0.44244483 -0.0959227 157.90747 0.43194276 0.8948427 -0.11244833 -3.9597168 0.13558616 0.05881739 0.9890162 8.214355
0.88878936 -0.4475586 -0.09866533 158.67285 0.43692768 0.89244664 -0.112349495 -3.572754 0.1383401 0.056743708 0.98875743 8.344116
0.88435274 -0.4558284 -0.10068853 159.40234 0.44490117 0.8883091 -0.113887034 -3.206421 0.14135161 0.055918466 0.9883786 8.44519
0.88002396 -0.4653415 -0.09500945 160.13257 0.45468357 0.8832606 -0.11456697 -2.829956 0.13722892 0.05762193 0.9888613 8.574097
0.8749981 -0.47572944 -0.0896907 160.85303 0.46485156 0.87738 -0.11876523 -2.4449463 0.13518935 0.062225763 0.9888643 8.708008
0.8681194 -0.48806518 -0.089617714 161.55884 0.47688976 0.8704906 -0.1212126 -2.0620117 0.1371882 0.062489547 0.98857564 8.849243
0.8609945 -0.5004206 -0.090040535 162.27612 0.48894387 0.86345047 -0.12339384 -1.6622314 0.13952217 0.06220392 0.9882634 8.964722
0.85393965 -0.51272136 -0.088559866 162.91943 0.5012339 0.8562902 -0.12437139 -1.2821045 0.1396152 0.061811216 0.9882744 9.086182
0.84747946 -0.5234271 -0.08853144 163.53662 0.51133555 0.8496932 -0.1288112 -0.9108887 0.14264502 0.063891396 0.9877073 9.192017
0.83920044 -0.5352424 -0.09535659 164.20972 0.5231144 0.8427176 -0.12653606 -0.47729492 0.14810954 0.056311518 0.9873723 9.331421
0.8308122 -0.54599863 -0.107881896 164.87549 0.5331983 0.83640766 -0.12694143 -0.041870117 0.1595525 0.04796221 0.9860299 9.459839
0.82318246 -0.55552745 -0.11736289 165.48169 0.5425225 0.8305407 -0.12606677 0.3774414 0.16749148 0.04010762 0.9850576 9.587402
