1.000000000000000000e+00 4.398956837314658088e-19 2.733407509747682871e-20 -8.673617379884035472e-19 -5.583667658079949532e-19 1.000000000000000000e+00 -6.100159232558060012e-19 0.000000000000000000e+00 4.145284534913582806e-20 -2.210423569125054137e-19 1.000000000000000222e+00 0.000000000000000000e+00
9.999420501280426032e-01 -1.049401484685834589e-03 1.071425019511742550e-02 7.610325840111979712e-02 1.044556070724689647e-03 9.999993496473879029e-01 4.578268174881176627e-04 -3.421864085018141988e-03 -1.071472385621989251e-02 -4.466086448462827391e-04 9.999424959568588012e-01 3.015508402693083401e-01
9.998523429106361826e-01 -2.512211880722294444e-03 1.699944678654174979e-02 9.684344391825548681e-02 2.499629862406799359e-03 9.999965860892626734e-01 7.613511891266358566e-04 -1.115899534169501051e-02 -1.700130172089658540e-02 -7.187464344907921196e-04 9.998552090801071657e-01 5.549251464660143185e-01
9.997849283042657964e-01 -6.344467052848534912e-03 1.974449051907049141e-02 9.188554949507796166e-02 6.365397570140251052e-03 9.999792432331247038e-01 -9.973993300892390872e-04 -1.648774175320510960e-02 -1.973775306220829431e-02 1.122866382752920212e-03 9.998045610287998874e-01 9.301399830534926583e-01
9.998242845300022719e-01 -6.955002840916169222e-03 1.740770034342308675e-02 8.951525155590768501e-02 6.985855861894192317e-03 9.999741327650777389e-01 -1.712193445188489463e-03 -2.172163371366800377e-02 -1.739534204621764890e-02 1.833500309641558114e-03 9.998470084629094146e-01 1.188912838553132234e+00
9.998887407455077092e-01 -1.058564488606222181e-02 1.050953301781987377e-02 9.260049387117579023e-02 1.062361898196663781e-02 9.999372161050193997e-01 -3.564063651095917325e-03 -1.875142593296175164e-02 -1.047114545979564194e-02 3.675316441390517105e-03 9.999384216782714052e-01 1.542192876354577358e+00
9.999374002798639971e-01 -1.110978194232443289e-02 -1.329768549260063482e-03 7.093064968288910477e-02 1.110317384736214837e-02 9.999264609881953758e-01 -4.877717429979398604e-03 -3.042961878234894113e-02 1.383861157083875540e-03 4.862647486059363221e-03 9.999872197127733786e-01 1.859831802136097334e+00
9.997954806011160045e-01 -1.088232016648213278e-02 -1.704617457219888277e-02 3.370019104748891298e-02 1.079539591412636938e-02 9.999282949132416443e-01 -5.183091808116903169e-03 -3.645000521633917634e-02 1.710135663193258423e-02 4.998011599730445113e-03 9.998412691570057742e-01 2.170498606996984936e+00
9.993330173808283590e-01 -6.307825268950703265e-03 -3.596848135967698618e-02 1.228294970872799950e-02 6.108867177131331767e-03 9.999654429265072419e-01 -5.638677544560517264e-03 -4.312228487883110195e-02 3.600280680594289406e-02 5.415189990407348088e-03 9.993370170724190649e-01 2.529776954468191175e+00
9.984301931003838337e-01 -3.760573897337149158e-03 -5.588387481065414802e-02 -4.476503236225667925e-02 3.410247415772169229e-03 9.999739416938314696e-01 -6.362872039050723912e-03 -5.595401190982773887e-02 5.590634758469804205e-02 6.162305726679835095e-03 9.984170002653147691e-01 2.878291298773688389e+00
9.971536483508302018e-01 -3.036141264889784600e-03 -7.533513940099688388e-02 -9.000301218799565406e-02 2.552136054715828210e-03 9.999754869351784592e-01 -6.520132406575646078e-03 -5.932503691315832439e-02 7.535309004804488509e-02 6.309308282193213692e-03 9.971369538088556972e-01 3.231883460787053686e+00
9.953069539528573983e-01 -3.478983428929016165e-03 -9.670555204604458499e-02 -1.423285260955694520e-01 2.895741017830208517e-03 9.999767676300411745e-01 -6.170808680026189721e-03 -6.698873465413079931e-02 9.672477515767617662e-02 5.861814524347557474e-03 9.952939049830464846e-01 3.606110430966028346e+00
9.932436842992191650e-01 -4.202208097595282361e-03 -1.159712234119481405e-01 -1.981389784264977194e-01 3.585562985293238528e-03 9.999783069995430429e-01 -5.525329196534878480e-03 -7.622703984720993753e-02 1.159919282353070041e-01 5.072176145064103379e-03 9.932372053070900320e-01 3.998638216495461251e+00
9.911145185235823440e-01 -4.115191869787091124e-03 -1.329476433933913238e-01 -2.818088044317064722e-01 3.491465779859080978e-03 9.999817802835269109e-01 -4.924303212011867797e-03 -8.104041554300898953e-02 1.329654878761296621e-01 4.416366181004207844e-03 9.911108289353804945e-01 4.399010657008695091e+00
9.887752034030949932e-01 -3.354332683263168066e-03 -1.493731736277073008e-01 -3.669240087363202507e-01 2.748996940718451999e-03 9.999871527588166664e-01 -4.258794292108691176e-03 -8.722270167692601495e-02 1.493855425907728018e-01 3.800363695350088018e-03 9.887717216287895683e-01 4.820915232389718419e+00
9.866665575866064852e-01 -2.779895069213961060e-03 -1.627309916534642742e-01 -4.604019654586187227e-01 2.095651239574715993e-03 9.999882282193834904e-01 -4.376261581548476255e-03 -9.251519620299478164e-02 1.627412443823104127e-01 3.976883434719531707e-03 9.866607686825468182e-01 5.227970596592405705e+00
9.845552161449974138e-01 -3.294583815648064080e-03 -1.750433412398327837e-01 -5.249809113689299922e-01 2.423010676500689416e-03 9.999835824722947963e-01 -5.192668054847776604e-03 -9.798862109222414296e-02 1.750575781680798471e-01 4.688336419492327573e-03 9.845470352390015556e-01 5.677188103007154041e+00
9.827936139588636655e-01 -6.439333724191730231e-03 -1.845948171244627123e-01 -6.282557629643724662e-01 5.220686416287085088e-03 9.999612585402331000e-01 -7.087019367441177269e-03 -1.156531174717064375e-01 1.846333045265015904e-01 6.001365612700766683e-03 9.827891570995883619e-01 6.115841229788752109e+00
9.812107416946058702e-01 -6.012767951312701815e-03 -1.928453424519553094e-01 -7.241622574089118247e-01 4.442311001313536088e-03 9.999533667321989228e-01 -8.574976788506692010e-03 -1.235230137028484609e-01 1.928879121223727733e-01 7.557180245523095925e-03 9.811916954856816364e-01 6.565370907757647423e+00
9.796302152358660198e-01 -5.769376843259123658e-03 -2.007270652501475516e-01 -8.358529352626937747e-01 3.690522245582646566e-03 9.999356291424503773e-01 -1.072928755661968665e-02 -1.202759184876609072e-01 2.007760490477368542e-01 9.769946489041923116e-03 9.795884478921700333e-01 7.034913094629795971e+00
9.780165072235115220e-01 -6.380227568865956544e-03 -2.084298521492427003e-01 -9.399262705311981492e-01 3.739728757634465037e-03 9.999077193673886477e-01 -1.306013677695238955e-02 -1.365056028060728510e-01 2.084939483546530969e-01 1.199355816653762362e-02 9.779501158521456405e-01 7.507075176347983714e+00
9.762879036754164019e-01 -1.009399907186978376e-02 -2.162406974430026163e-01 -1.052208026153780063e+00 7.017121400269874833e-03 9.998629902418380011e-01 -1.499202255406551637e-02 -1.457148873788660093e-01 2.163624035539390977e-01 1.311914297548912034e-02 9.762249738235319052e-01 8.017483529460896818e+00
9.744049228364778381e-01 -1.548425421474046437e-02 -2.242660987999737510e-01 -1.179450271554843166e+00 1.218302652276335128e-02 9.997962176016440550e-01 -1.609649382901546730e-02 -1.616324440289545472e-01 2.244696433948678294e-01 1.295226292246082038e-02 9.743950016561373495e-01 8.537468931167296660e+00
9.724489747065507839e-01 -1.643373751219835352e-02 -2.325358523675715439e-01 -1.309322558394277358e+00 1.245883506905804197e-02 9.997502654173002767e-01 -1.855220217081564663e-02 -1.860795266095643385e-01 2.327826661621499038e-01 1.514394408548805533e-02 9.724108661160647538e-01 9.039536754499390980e+00
9.703269307078703498e-01 -1.250955885414515266e-02 -2.414728911538905343e-01 -1.440095562409972274e+00 7.359428830584192026e-03 9.997260588621954547e-01 -2.221814631967416673e-02 -1.878325861085863302e-01 2.416846851714534172e-01 1.978176313751357773e-02 9.701531817873473296e-01 9.566437753183851811e+00
9.682544065144890189e-01 -9.805181784350146951e-03 -2.497744207717655374e-01 -1.604561237125990747e+00 3.603387460031975183e-03 9.996740477804764158e-01 -2.527476579056511102e-02 -2.031608794518076633e-01 2.499408342241439818e-01 2.357236933030330481e-02 9.679741340564410601e-01 1.010797030510311956e+01
9.658760156745823666e-01 -1.259536931044767313e-02 -2.586984296963841246e-01 -1.762637501674052753e+00 5.671263134200964749e-03 9.996058792559920914e-01 -2.749405244239382443e-02 -2.294905635637621288e-01 2.589427734838892214e-01 2.508869896401977675e-02 9.655667759122249505e-01 1.067960320049348155e+01
9.635531026215353734e-01 -1.399855657529261097e-02 -2.671506265528154622e-01 -1.913877698296178709e+00 6.462668716672418864e-03 9.995565780099503472e-01 -2.906684118659975252e-02 -2.608086605927093515e-01 2.674390645179732795e-01 2.628093901964232218e-02 9.632163103904470836e-01 1.123472418014891261e+01
9.614634568571951423e-01 -1.391727290253784791e-02 -2.745802778594527149e-01 -2.100431602730635117e+00 5.341940852528352483e-03 9.994750710215702938e-01 -3.195381138148619543e-02 -2.824393569760207390e-01 2.748808573607007255e-01 2.925563037537774400e-02 9.610331024550256007e-01 1.179972694195467930e+01
9.591066978146984834e-01 -1.361152125664232340e-02 -2.827172915708558443e-01 -2.280090545477110542e+00 3.713960905956017761e-03 9.993622358627524127e-01 -3.551518006042342357e-02 -3.018879836914691861e-01 2.830204051195635007e-01 3.301284615711815029e-02 9.585455670068765421e-01 1.240129259136350726e+01
9.568401854474617441e-01 -1.507392933125307859e-02 -2.902234214237531806e-01 -2.482925294145478912e+00 3.379271149610643416e-03 9.991634775972982885e-01 -4.075445434704823983e-02 -3.374967476181236492e-01 2.905949777909878073e-01 3.801475611591123571e-02 9.560907064905620478e-01 1.298944160320410113e+01
9.549853646323540612e-01 -1.625043194599513560e-02 -2.962074862469024072e-01 -2.678273477758815080e+00 2.188125091028927851e-03 9.988571916577566601e-01 -4.774434801207358414e-02 -3.694342346906009378e-01 2.966448492330423514e-01 4.494701471740290138e-02 9.539295577753297284e-01 1.359818860396753060e+01
9.537020508306592870e-01 -1.631773437665783727e-02 -3.003100528587868134e-01 -2.890817264194755598e+00 -4.639366082024142380e-04 9.984460366395486730e-01 -5.572518878984274865e-02 -4.035887773489398311e-01 3.007526960257416726e-01 5.328455188690930933e-02 9.522124628031058968e-01 1.421910276742370449e+01
9.523988972022067179e-01 -1.613552511882550625e-02 -3.044273040491218274e-01 -3.089243964291013889e+00 -3.709103625884991023e-03 9.979110678362396181e-01 -6.449607137521898292e-02 -4.505118172088375950e-01 3.048320592603399604e-01 6.255513997811944227e-02 9.503495525928093990e-01 1.484165013131384114e+01
9.510606648462884838e-01 -1.519481866692555180e-02 -3.086304055503999444e-01 -3.315067115618399729e+00 -7.805594226009397729e-03 9.972901848313018291e-01 -7.315298982131411554e-02 -4.979654590087185251e-01 3.089056258905556462e-01 7.198197523806049158e-02 9.483648620598146284e-01 1.547995786993765499e+01
9.497780586128605762e-01 -1.445015323933941317e-02 -3.125905154717321666e-01 -3.546561908412950270e+00 -1.126862891895069434e-02 9.967059514972538281e-01 -8.031353704630712909e-02 -5.556890406834280594e-01 3.127213754071926366e-01 7.980250227813978636e-02 9.464866106284838265e-01 1.613453940791978525e+01
9.481395539757231372e-01 -1.345283703730990391e-02 -3.175695281580860896e-01 -3.791189706178239138e+00 -1.489440635618267603e-02 9.961260178015346467e-01 -8.666667928539266430e-02 -6.192082173995199224e-01 3.175051875851004346e-01 8.690211676076550762e-02 9.442661066281368143e-01 1.679241149810871647e+01
9.465829986987729372e-01 -1.185315859917807253e-02 -3.222423420318097920e-01 -4.032995898063328255e+00 -1.908213472460008539e-02 9.955138334997994942e-01 -9.267189123980423826e-02 -6.895366330743118999e-01 3.218951693381775225e-01 9.387070906833445971e-02 9.421102866237017759e-01 1.746750161437088522e+01
9.448998197185615178e-01 -1.003076509709576424e-02 -3.272059170850282750e-01 -4.282843805438054652e+00 -2.345001099138985245e-02 9.948886294589820434e-01 -9.821767631392588904e-02 -7.640840539338046300e-01 3.265186503937320683e-01 1.004788476284984855e-01 9.398348655021649956e-01 1.814304921865736375e+01
9.431026911589670547e-01 -7.243529745685299386e-03 -3.324226870470881612e-01 -4.539970448219076360e+00 -2.795538145814493655e-02 9.944954938544968703e-01 -1.009812326118149639e-01 -8.349892462888066635e-01 3.313243305189218502e-01 1.045286759196971810e-01 9.377088814069231004e-01 1.883473268754979557e+01
9.413642235633766786e-01 -6.659877627812350528e-03 -3.373263141521807840e-01 -4.793918949251376738e+00 -2.977268918367727280e-02 9.942651160550458611e-01 -1.027154611809505680e-01 -9.176167229012348603e-01 3.360758650041941742e-01 1.067357725481487690e-01 9.357673269754844814e-01 1.952594711215765955e+01
9.391426576552835970e-01 -6.196680569233315415e-03 -3.434714940667356053e-01 -5.077601380561637789e+00 -3.064739903446648747e-02 9.943391009551801885e-01 -1.017373541951292065e-01 -1.012515206803285661e+00 3.421575763191520014e-01 1.060723978063017464e-01 9.336363541990665427e-01 2.023914859026707447e+01
9.368046657362647522e-01 -6.220073213400217210e-03 -3.497975505563136744e-01 -5.348786058286895795e+00 -3.088074726761264738e-02 9.944691853042013641e-01 -1.003863483044810240e-01 -1.093270877181952816e+00 3.484873014892213572e-01 1.048444098735861335e-01 9.314312926837341466e-01 2.097913113795134521e+01
9.342556791990741516e-01 -5.777521450160539793e-03 -3.565570690231311679e-01 -5.625943203491380551e+00 -3.142362939128581084e-02 9.946453967508515071e-01 -9.845349277676167243e-02 -1.178274445957073535e+00 3.552166705973226479e-01 1.031850525881428116e-01 9.290715604894037583e-01 2.169199876357530954e+01
9.314976693269800823e-01 -5.718421844849843304e-03 -3.637023356166398935e-01 -5.938996731528004780e+00 -3.108118473078049990e-02 9.949682880517097816e-01 -9.524739226338399534e-02 -1.266164750444478182e+00 3.624169611734637253e-01 1.000270239783366127e-01 9.266329065379911301e-01 2.239530295591664810e+01
9.279385601161941333e-01 -2.540596492368761648e-03 -3.727245244572895411e-01 -6.262349695614294554e+00 -3.333777176763564470e-02 9.954032389466005437e-01 -8.978298774013336592e-02 -1.341635679732054776e+00 3.712393075561771227e-01 9.573890204083265743e-02 9.235883509599402963e-01 2.318674060824248429e+01
9.244277955030836269e-01 -2.184989241714848849e-04 -3.813570507367821105e-01 -6.582236927744794741e+00 -3.454778599861087901e-02 9.958399735460695679e-01 -8.431605778342900204e-02 -1.424071331949537944e+00 3.797890247706065536e-01 9.111914969429052436e-02 9.205746032809470902e-01 2.392276741908422721e+01
9.209671363595898219e-01 4.046622391569156159e-03 -3.896192442035984471e-01 -6.903824236722825525e+00 -3.838657044627005049e-02 9.960239010341100929e-01 -8.039191391348655957e-02 -1.495407857542108365e+00 3.877447704356111746e-01 8.899445777280705350e-02 9.174606163645968593e-01 2.466346635188914149e+01
9.171145348443064949e-01 4.578368843145463364e-03 -3.985974977896198368e-01 -7.242190878893304706e+00 -3.897526343543258193e-02 9.961728503969561332e-01 -7.823414229579592205e-02 -1.573118005063248059e+00 3.967138275564885963e-01 8.728511194222020320e-02 9.137830439891079237e-01 2.539847358428015767e+01
9.130520878260366402e-01 4.962419574973068320e-03 -4.078127706408415931e-01 -7.597425996639097789e+00 -4.007666180648562781e-02 9.961783000643453789e-01 -7.760577112282615597e-02 -1.653010561049361282e+00 4.058691271441524084e-01 8.720188627191649555e-02 9.097615544857745595e-01 2.618214866716837363e+01
9.092912079385156998e-01 4.787999983023241181e-03 -4.161328762358552091e-01 -7.959171754469594795e+00 -4.030495540102118496e-02 9.962463532290950496e-01 -7.660753423658735184e-02 -1.720600179574724553e+00 4.142040706215173729e-01 8.643077477801322517e-02 9.060710306236650080e-01 2.693568528161035402e+01
9.053057039944288897e-01 5.477422508514235081e-03 -4.247252953209417203e-01 -8.342410888948528225e+00 -4.120784743084972973e-02 9.963327979115614852e-01 -7.498579314768452631e-02 -1.791622413636907218e+00 4.227570201942113526e-01 8.538708182442909800e-02 9.022114783952935868e-01 2.773449234886508208e+01
9.014436251665450817e-01 6.016685973091117148e-03 -4.328546942503826989e-01 -8.723528993226752348e+00 -4.145644799498813399e-02 9.965076285575600323e-01 -7.248385480758547106e-02 -1.868692222211007392e+00 4.309068996626200798e-01 8.328472733821160046e-02 8.985448802122878442e-01 2.850214027059368860e+01
8.976737099085060345e-01 6.628495828099927913e-03 -4.406109050562508345e-01 -9.122838582457783119e+00 -4.085289697243325163e-02 9.968324984653059717e-01 -6.823496813751327161e-02 -1.935515878515132515e+00 4.387629816543623384e-01 7.925296923116599557e-02 8.951011209137955671e-01 2.928228086766839056e+01
8.939639133142633920e-01 7.661790892881058940e-03 -4.480734477749333533e-01 -9.541799138332908825e+00 -4.002223718912981121e-02 9.972234892630583714e-01 -6.279755616039928157e-02 -1.989654238232472006e+00 4.463482329465709997e-01 7.407165113023037040e-02 8.917884555365308552e-01 3.007747986840399790e+01
8.902623611302535878e-01 7.363963770938320406e-03 -4.553885112960522341e-01 -9.968757804927411925e+00 -3.815572219225416700e-02 9.975602322852827886e-01 -5.846130252717986892e-02 -2.066516338628218818e+00 4.538469699834736804e-01 6.942157497359000007e-02 8.883713057447791828e-01 3.089173851550512140e+01
8.863566794509912805e-01 6.450033495350261659e-03 -4.629581293841569800e-01 -1.040082911277645294e+01 -3.670592300916927786e-02 9.977347195094973253e-01 -5.637468195562284068e-02 -2.133558420856759064e+00 4.615457887034040141e-01 6.696138155269608372e-02 8.845855880264514859e-01 3.170746934546193785e+01
8.832267277069146827e-01 6.399729071560391128e-03 -4.689025341509459599e-01 -1.084529531060097973e+01 -3.662899636903210049e-02 9.977934550821844217e-01 -5.537632783940708847e-02 -2.195734837458658273e+00 4.675134941808669620e-01 6.608528223342172159e-02 8.815122645572605053e-01 3.252282975739574766e+01
8.801187380348031164e-01 6.245159036339380416e-03 -4.747125450734412389e-01 -1.129113328261133020e+01 -3.590026425815489447e-02 9.979260076876081964e-01 -5.343083633359289181e-02 -2.248403183144481510e+00 4.733943189666168783e-01 6.406778621986977673e-02 8.785175820512129974e-01 3.333580336188305182e+01
8.772698683497563987e-01 5.207983353380026860e-03 -4.799692181866500040e-01 -1.176803764180064604e+01 -3.444281327266703746e-02 9.980464915775904000e-01 -5.212382684793213927e-02 -2.311591986387500075e+00 4.787601424812716333e-01 6.225815301384488021e-02 8.757354925325105954e-01 3.417829319002298405e+01
8.746027554438045026e-01 4.497031841053595984e-03 -4.848193397570078611e-01 -1.224561135376946375e+01 -3.388195304078327891e-02 9.980792048976281361e-01 -5.186438151180767370e-02 -2.371966796822884138e+00 4.836548736812284477e-01 6.178735721289618787e-02 8.730751916443416638e-01 3.501865381235203500e+01
8.726149122774620182e-01 4.386297577869293154e-03 -4.883891588981786880e-01 -1.272519328085092916e+01 -3.423765739667364999e-02 9.980490728566122627e-01 -5.220949192649804171e-02 -2.433449145510375278e+00 4.872073492372052117e-01 6.228008204799534431e-02 8.710626813860516959e-01 3.584727300737424116e+01
8.709140420130097038e-01 4.330951834592397347e-03 -4.914162894041008145e-01 -1.322186328266305289e+01 -3.463283168462066158e-02 9.980158593670870326e-01 -5.258242561134222892e-02 -2.488548826750989651e+00 4.902135268490846465e-01 6.281391060027534390e-02 8.693360198775055281e-01 3.671706642466878634e+01
8.704335443955583118e-01 3.888326724579202736e-03 -4.922705769215075522e-01 -1.372099902394508675e+01 -3.374208588793661812e-02 9.980883687719346309e-01 -5.177914466622778045e-02 -2.551301933997951021e+00 4.911282113241714486e-01 6.168054062752585665e-02 8.689007973829896425e-01 3.759749025888656604e+01
8.701403773689431187e-01 3.835235111334857339e-03 -4.927890114755520412e-01 -1.422488752262993295e+01 -3.299184617279017628e-02 9.981796595822484131e-01 -5.048668479586587710e-02 -2.608054946761458215e+00 4.916983478678857433e-01 6.018852233179514816e-02 8.686829578373399530e-01 3.847872042813685312e+01
8.699606361642175933e-01 2.873913575461642389e-03 -4.931127937180209697e-01 -1.473957954607708487e+01 -3.156992512860265498e-02 9.982562208934506742e-01 -4.987842550781616813e-02 -2.670232687915536030e+00 4.921095761089329113e-01 5.895980086147942917e-02 8.685343469000764705e-01 3.936969591255010670e+01
8.694681000847793717e-01 1.751876663355184235e-03 -4.939859806027761535e-01 -1.526617292784262148e+01 -3.057112460172817237e-02 9.982677579915799626e-01 -5.026817829014064432e-02 -2.735877704395460519e+00 4.930422221654843229e-01 5.880828453395018501e-02 8.680155284381555481e-01 4.027028585562555918e+01
8.682296747326723185e-01 -2.180097794498083596e-05 -4.961625001658890310e-01 -1.579649224164232990e+01 -2.893036009318960058e-02 9.982964021626741236e-01 -5.066880443911081500e-02 -2.795558952372727113e+00 4.953183519514590127e-01 5.834631948361308773e-02 8.667499305110480945e-01 4.118724038147689015e+01
8.667219896666172874e-01 -1.056494258944468351e-03 -4.987904084231097879e-01 -1.632380615875688790e+01 -2.702791465475135393e-02 9.984290997888186636e-01 -4.907977760963021935e-02 -2.863811344810766712e+00 4.980587195366492081e-01 5.601978716046793205e-02 8.653319017622266296e-01 4.209088007447551405e+01
8.648781341922430199e-01 -7.918821946573128840e-04 -5.019812555734867177e-01 -1.687267688000929766e+01 -2.555115039639114724e-02 9.986330381564931802e-01 -4.559817825728171292e-02 -2.923317025941797986e+00 5.013311833650500038e-01 5.226306592229139347e-02 8.636756459766428140e-01 4.303854195648823122e+01
8.617572806764171034e-01 -8.995484451767597278e-04 -5.073199926523442871e-01 -1.741967472277693574e+01 -2.309713040558208225e-02 9.988919411420523753e-01 -4.100503054520307500e-02 -2.985509011898182408e+00 5.067947469805984539e-01 4.705401962305592878e-02 8.607816266032102259e-01 4.394330489582409882e+01
8.580090036224020666e-01 -2.559683731006846732e-03 -5.136282629869970418e-01 -1.796546341218581944e+01 -2.042979082760169873e-02 9.990261837102243359e-01 -3.910636705923772188e-02 -3.051527030992049916e+00 5.132281921921257872e-01 4.404693295845051038e-02 8.571211673869457703e-01 4.483480358442480451e+01
8.528694440234301233e-01 -4.919734749118001398e-03 -5.221010460849687673e-01 -1.852674058522783085e+01 -1.923931648960264945e-02 9.989803941305552826e-01 -4.084141129668117376e-02 -3.113063500124113592e+00 5.217696466944685696e-01 4.487725895953682126e-02 8.519052017224818529e-01 4.574573239389255264e+01
8.469368161660756344e-01 -7.847414429954450987e-03 -5.316356289734838203e-01 -1.909619746234945126e+01 -1.836796369898446510e-02 9.988624116096631589e-01 -4.400568840682921729e-02 -3.175285727536428126e+00 5.313761864827810655e-01 4.703510152879716855e-02 8.458292103900871828e-01 4.663190181199380646e+01
8.408442275849227210e-01 -8.388052167062790693e-03 -5.412121763400208341e-01 -1.968810828111959310e+01 -1.821795921012130115e-02 9.988748484151344087e-01 -4.378519378664635225e-02 -3.232610132566279493e+00 5.409705124126723552e-01 4.667630875286783720e-02 8.397453379277316499e-01 4.752807822616401978e+01
8.352660363227647489e-01 -4.834481315260059225e-03 -5.498247634323578659e-01 -2.029030875208138696e+01 -1.978241769489137367e-02 9.990497255390861087e-01 -3.883686245764698258e-02 -3.278121651926958702e+00 5.494900445591734961e-01 4.331597520784209038e-02 8.343766673748981288e-01 4.839320283384474664e+01
8.298971772697010252e-01 -1.111577364867509781e-03 -5.579152565733467295e-01 -2.088040568292531773e+01 -2.149662668954026995e-02 9.991917447263366503e-01 -3.396693028188133706e-02 -3.343739484828810671e+00 5.575020851089912410e-01 4.018235542855555509e-02 8.292025141113100739e-01 4.927647157386741839e+01
8.258389536969379385e-01 -4.843964616912138535e-04 -5.639058270292637287e-01 -2.149471941819802723e+01 -2.328740217852683786e-02 9.991172672434832647e-01 -3.496259773542562121e-02 -3.396783640220907063e+00 5.634249943566083108e-01 4.200537680060365681e-02 8.250986790491381395e-01 5.018398339267853459e+01
8.223141314515306499e-01 -2.537180119902492006e-03 -5.690281413709821212e-01 -2.212057835725086008e+01 -2.411634185548835324e-02 9.989361910334794148e-01 -3.930506765967624327e-02 -3.445881989118060762e+00 5.685225379663884082e-01 4.604398967452874580e-02 8.213781595918225875e-01 5.104966467920689155e+01
8.192969887682680641e-01 -4.765087597258896301e-03 -5.733495720677919127e-01 -2.272637407188129899e+01 -2.641801808210871710e-02 9.985897628167749174e-01 -4.604969016760428885e-02 -3.525603088628235238e+00 5.727604538544468493e-01 5.287513182865256206e-02 8.180157023146243933e-01 5.189941924679099827e+01
8.161300269370340699e-01 -5.724543264611735641e-03 -5.778399452271927306e-01 -2.335892311830859924e+01 -2.678879537595368898e-02 9.985010793564186304e-01 -4.772792696721170347e-02 -3.581264876785046791e+00 5.772470395282942590e-01 5.443183036367287009e-02 8.147533599739664734e-01 5.276824501367210019e+01
8.130091794515841297e-01 -4.574315070111838882e-03 -5.822328943308210381e-01 -2.398593036536012235e+01 -2.605501126479393970e-02 9.986816220919927378e-01 -4.422843124391463709e-02 -3.639862309800723672e+00 5.816676161458270711e-01 5.112820516916638525e-02 8.118181430869032544e-01 5.363273636600087713e+01
8.096195478587338012e-01 -2.335140964723369638e-03 -5.869503626477783342e-01 -2.462516316970658181e+01 -2.516637881659649495e-02 9.989343842658523487e-01 -3.868784506884521968e-02 -3.700059957487441320e+00 5.864152507858202412e-01 4.609385070791786887e-02 8.086980383027077002e-01 5.450275276238010491e+01
8.065320465398506666e-01 -8.923270536896227853e-04 -5.911896945453680718e-01 -2.528190157666099225e+01 -2.508615694369435711e-02 9.990465074319683225e-01 -3.573178929620302036e-02 -3.753297034323295200e+00 5.906578941911960756e-01 4.364951048409435042e-02 8.057406399925595153e-01 5.536058184266153859e+01
8.037356457229088980e-01 -5.292678648227737643e-04 -5.949863232625146603e-01 -2.590896439474106927e+01 -2.600926046135883934e-02 9.990124358892069623e-01 -3.602320584715086593e-02 -3.813188489186483121e+00 5.944178122963724720e-01 4.442828874460334754e-02 8.029281402055489236e-01 5.620268714581825265e+01
8.000697056443453192e-01 -1.580890566428898086e-03 -5.999049591326131026e-01 -2.656741250689701062e+01 -2.604970143120725543e-02 9.989617610088943334e-01 -3.737396349608565482e-02 -3.862318538335690388e+00 5.993412088914670255e-01 4.552912093162189006e-02 7.991978611864157811e-01 5.706264084372512713e+01
7.961955988394385786e-01 -3.921749453730475482e-03 -6.050265954983802263e-01 -2.722437114458964658e+01 -2.541835292146561731e-02 9.988793461551142006e-01 -3.992441867943508776e-02 -3.928544856839580213e+00 6.045051541049658583e-01 4.716642586840625456e-02 7.952036556087387353e-01 5.791996436181501196e+01
7.921068283761615314e-01 -4.609456335122621116e-03 -6.103650696334225190e-01 -2.788945948201237002e+01 -2.533051568595758724e-02 9.988617970075938102e-01 -4.041627767121287740e-02 -3.977775969090339814e+00 6.098566578641677616e-01 4.747487138858844796e-02 7.910884909553244082e-01 5.875830217405896860e+01
7.873255442942497240e-01 -4.857159546627903314e-03 -6.165183598614101257e-01 -2.856938464991511140e+01 -2.478482435911070689e-02 9.989112977116858527e-01 -3.952128327339197306e-02 -4.039518880104533416e+00 6.160391267110290059e-01 4.639641500997219309e-02 7.863479981826766441e-01 5.962715422364735218e+01
7.826183542155903394e-01 -4.867274358989238936e-03 -6.224827820092894148e-01 -2.924942431361095529e+01 -2.473500131126870824e-02 9.989365704413155633e-01 -3.890897057728088387e-02 -4.101931287774104540e+00 6.220102067783144228e-01 4.584798681880321303e-02 7.816657035517950991e-01 6.044520213672451092e+01
7.772013559948812711e-01 -5.963855286933989266e-03 -6.292237099277362411e-01 -2.995087266938819681e+01 -2.427187734801661625e-02 9.989267914106496615e-01 -3.944795833771568005e-02 -4.158613089813985475e+00 6.287836943941057521e-01 4.593144729112066948e-02 7.762225037342492806e-01 6.129207242099415254e+01
7.717936084907419669e-01 -7.223051296587360004e-03 -6.358320892676673219e-01 -3.064988292786045321e+01 -2.393812354055196989e-02 9.988966193120661918e-01 -4.040433407485837652e-02 -4.216029232195547927e+00 6.354223779533375582e-01 4.640443376588501700e-02 7.707691209172582436e-01 6.212253956937970401e+01
7.665590523433544190e-01 -8.327669304945136200e-03 -6.421198185495116117e-01 -3.134346860710070359e+01 -2.360774214557994841e-02 9.988745684689461779e-01 -4.113722182386374271e-02 -4.277314562841327827e+00 6.417397449037121060e-01 4.669310874600650363e-02 7.654997460380239538e-01 6.292825867661979089e+01
7.607686124766463998e-01 -9.479730439277399626e-03 -6.489539621630716626e-01 -3.205165243371664729e+01 -2.341884925761850839e-02 9.988412292370496548e-01 -4.204469428337928583e-02 -4.329756657233345685e+00 6.486005568369908048e-01 4.718403861236958319e-02 7.596650525746627691e-01 6.377550047545346956e+01
7.544740361535292594e-01 -1.169444472910795806e-02 -6.562256933362569100e-01 -3.278384383233194654e+01 -2.200574656265050569e-02 9.988283703909874855e-01 -4.310027445655036787e-02 -4.399000032163962182e+00 6.559608849725314661e-01 4.695877418272236675e-02 7.533327279585125824e-01 6.458461710677285339e+01
7.484242675979663195e-01 -1.243595621064578702e-02 -6.631036528080667125e-01 -3.353539080936932493e+01 -2.165532517511736116e-02 9.988328468165936780e-01 -4.317396262691626518e-02 -4.461811504886163959e+00 6.628666302086455575e-01 4.667216643555945066e-02 7.472814380774677190e-01 6.542853432293050275e+01
7.421851458790652556e-01 -1.242292275163252649e-02 -6.700797503043438574e-01 -3.428939169326436343e+01 -2.102148874926855482e-02 9.989047152152943365e-01 -4.180271483795763854e-02 -4.520980439952450247e+00 6.698651456004882654e-01 4.511142777295486933e-02 7.411110943821856978e-01 6.624261535764775033e+01
7.361842960255663426e-01 -1.331423967637808750e-02 -6.766501346299459430e-01 -3.502845888135148300e+01 -1.958140690176495696e-02 9.989688648768101364e-01 -4.096065849219499705e-02 -4.585910137763482552e+00 6.764977886050492772e-01 4.340435496324431680e-02 7.351644799373341366e-01 6.704022910386851208e+01
7.293563283286996768e-01 -1.451558759710888831e-02 -6.839799962414211398e-01 -3.580029445926022191e+01 -1.890119541399255115e-02 9.989657021199407350e-01 -4.135542082787305868e-02 -4.645406151435819808e+00 6.838728672135663267e-01 4.309087726168554788e-02 7.283275956183276056e-01 6.785966600908039936e+01
7.226864309518437057e-01 -1.656885103944468265e-02 -6.909774140611172344e-01 -3.659211634303356675e+01 -1.817664359855310566e-02 9.989112799063643022e-01 -4.296352560912496815e-02 -4.715417234778691125e+00 6.909370012426158114e-01 4.360880697593237654e-02 7.215984625740843317e-01 6.864902202993977198e+01
7.169089731111197850e-01 -1.544795752712771475e-02 -6.969956067178290082e-01 -3.736473122006967884e+01 -2.030090592201210312e-02 9.988679591005096281e-01 -4.301945531105402093e-02 -4.775997789959087747e+00 6.968711539244545339e-01 4.499067558023885083e-02 7.157837962693393008e-01 6.943751046302837437e+01
7.115500843892325067e-01 -1.557753679562617205e-02 -7.024626741139111674e-01 -3.818825803802816665e+01 -1.981301688537091127e-02 9.989118319545919888e-01 -4.222080501956249066e-02 -4.834206000609770015e+00 7.023559849402950528e-01 4.396012199367842904e-02 7.104671613024494681e-01 7.025800228169316597e+01
7.069396816641180248e-01 -1.518783376083409492e-02 -7.071107458174326066e-01 -3.898655793174516759e+01 -2.070893795910924359e-02 9.988962726857807395e-01 -4.215894138347699854e-02 -4.892671631580057579e+00 7.069706035634230057e-01 4.444734096216913094e-02 7.058448901046532331e-01 7.104542771319398753e+01
7.020548042090261065e-01 -1.572666880291251346e-02 -7.119492357697366769e-01 -3.982255120242735558e+01 -2.099573085659153099e-02 9.988643748270735756e-01 -4.276844658092560092e-02 -4.964042943768342653e+00 7.118133457707173095e-01 4.497368772560755845e-02 7.009273411855938551e-01 7.185097709121161813e+01
6.968213212081342256e-01 -1.779507377885473918e-02 -7.170239689668717054e-01 -4.064782664584144811e+01 -2.091838207889408843e-02 9.987627073355423990e-01 -4.511624719870377387e-02 -5.030665125382244973e+00 7.169396597850690167e-01 4.643694413137073457e-02 6.955869061437572887e-01 7.264731377818324631e+01
6.914923420716639901e-01 -2.036952406274685282e-02 -7.220965403848039754e-01 -4.149182813151552551e+01 -2.022967304713114631e-02 9.986642970204879788e-01 -4.754347711576187990e-02 -5.097998061542454273e+00 7.221004843415592678e-01 4.748372707651526275e-02 6.901566458821735139e-01 7.341838466377464556e+01
6.867851125326938089e-01 -2.074615042168638512e-02 -7.265643788575318895e-01 -4.233459471922734707e+01 -2.139022136494666756e-02 9.985828010261381671e-01 -4.873241177975071170e-02 -5.159661140531971668e+00 7.265457150420481236e-01 4.901006763352563217e-02 6.853680376359703175e-01 7.420735614641286304e+01
6.818038218898252456e-01 -2.040980041511697776e-02 -7.312502844879997799e-01 -4.319661697378193566e+01 -2.080923993660612620e-02 9.986651005403260895e-01 -4.727570759692174135e-02 -5.235374204549183119e+00 7.312390392491978641e-01 4.744952055308468419e-02 6.804689709193995073e-01 7.499324005191270714e+01
6.771879117874093357e-01 -2.045744058512568783e-02 -7.355256727035347497e-01 -4.405322268902220628e+01 -2.031021450941462858e-02 9.987128689146532734e-01 -4.647688331816930696e-02 -5.303507836029507594e+00 7.355297655148407276e-01 4.641226754475981375e-02 6.759007881920522376e-01 7.577475279478288428e+01
6.715913960134404226e-01 -2.121946336805711694e-02 -7.406177968416144397e-01 -4.492244912289941539e+01 -1.963070013332218061e-02 9.987293009026430024e-01 -4.641572105911580953e-02 -5.379835204637511303e+00 7.406616239476373487e-01 4.571124457054555335e-02 6.703214535407469032e-01 7.655173723934055374e+01
6.670477464903086240e-01 -2.198548961844221106e-02 -7.446904940096954473e-01 -4.580611784518866614e+01 -1.920666239834548095e-02 9.987247850731078014e-01 -4.668948307402990411e-02 -5.444431609566405150e+00 7.447673575718514183e-01 4.544713315810406523e-02 6.657748504063940587e-01 7.731551609444359485e+01
6.625280845290990595e-01 -2.284830775042471021e-02 -7.486885077661760146e-01 -4.670062210012973480e+01 -1.823092170743254373e-02 9.987466733827410348e-01 -4.661240101110726564e-02 -5.515756240496931362e+00 7.488151839363180740e-01 4.453130609352306396e-02 6.612811757782088851e-01 7.810788197062265681e+01
6.584903114895982457e-01 -2.360950042631167201e-02 -7.522187784757291551e-01 -4.758643000810564416e+01 -1.688917297805812151e-02 9.987925073495028672e-01 -4.613331901535749902e-02 -5.582854004509847812e+00 7.523996774293713052e-01 4.308269642781245579e-02 6.572964453885011826e-01 7.887523156672577329e+01
6.544484157681021985e-01 -2.627658969941637848e-02 -7.556499198524549987e-01 -4.849740601789378047e+01 -1.417492810781650903e-02 9.987939282708222510e-01 -4.700808739796892566e-02 -5.656379710371002290e+00 7.559737771210136570e-01 4.147565135101353301e-02 6.532866363178023716e-01 7.964997449775424343e+01
6.502987105737758622e-01 -3.010653179341508945e-02 -7.590817960690205979e-01 -4.940599592807370755e+01 -1.186013822613817340e-02 9.986902692126315984e-01 -4.977030553292861870e-02 -5.739709125293790848e+00 7.595860276682663281e-01 4.136838027458031308e-02 6.490899277597098616e-01 8.043624101446371810e+01
6.454156990803927574e-01 -3.472306926039580438e-02 -7.630418554017270871e-01 -5.030832991433607049e+01 -7.563279821050385675e-03 9.986267113991782463e-01 -5.184098841260977031e-02 -5.807231203061874680e+00 7.637940701380598885e-01 3.923008656044630477e-02 6.442667378314723692e-01 8.119842030300762303e+01
6.391715812477686276e-01 -3.860126343311550551e-02 -7.680947996889475604e-01 -5.124148731484873309e+01 -2.134625779106348684e-03 9.986466680054019163e-01 -5.196417847644268367e-02 -5.880301826182281033e+00 7.690612086471879660e-01 3.485362075903385148e-02 6.382241717149718108e-01 8.194095529558182989e+01
6.308123521143393919e-01 -4.232780439669426437e-02 -7.747800477184998424e-01 -5.217689896148972650e+01 2.784539927732868764e-03 9.986280625363276320e-01 -5.228995154809970569e-02 -5.968141518230300591e+00 7.759304301923817260e-01 3.082774098382649527e-02 6.300647815574026422e-01 8.271822541424003816e+01
6.218289111337106378e-01 -4.308096667397499219e-02 -7.819672783087985302e-01 -5.310475952683342626e+01 4.934237035833607954e-03 9.986815232437830092e-01 -5.109665756014335203e-02 -6.050502377391345554e+00 7.831375795639492488e-01 2.791496662968859580e-02 6.212216169599587001e-01 8.345622783264056466e+01
6.129477447925644196e-01 -4.253522482412590289e-02 -7.889776963716716995e-01 -5.406513880807843719e+01 7.116707288082027745e-03 9.988066207881196590e-01 -4.831859603367954364e-02 -6.117762772187645304e+00 7.900914027942664841e-01 2.400185070856550307e-02 6.125189775415944560e-01 8.420799393490199236e+01
6.041000760074620723e-01 -4.201991459618414915e-02 -7.957998575836184862e-01 -5.505806619954808667e+01 6.243880043585898175e-03 9.988277995936949427e-01 -4.800042393653430883e-02 -6.202820772556672857e+00 7.968840081577037715e-01 2.402818045360735275e-02 6.036543180698160649e-01 8.494188526707405629e+01
5.944639376729587976e-01 -4.303293323926385416e-02 -8.029699755619205126e-01 -5.603927808006237399e+01 4.511179746415580095e-03 9.987297826383485511e-01 -5.018436516847497864e-02 -6.265474238383451855e+00 8.041096234929441255e-01 2.621045300664421457e-02 5.939029696756760179e-01 8.565407229554234902e+01
5.844609235422705273e-01 -4.521477105901111626e-02 -8.101611205957768291e-01 -5.704156070325690564e+01 5.463961845483800844e-03 9.986429413111298503e-01 -5.179209270134244036e-02 -6.354280319758760953e+00 8.114034660475051286e-01 2.584376444294844699e-02 5.839148286819980660e-01 8.636956239529529000e+01
5.745553272455790061e-01 -4.639513890381184030e-02 -8.171497138362237012e-01 -5.802634575347485679e+01 5.167129580989577101e-03 9.985778020384844522e-01 -5.306292513081102558e-02 -6.421287774762175715e+00 8.184494411082560150e-01 2.626526741606728665e-02 5.739779266651200418e-01 8.705594879331086133e+01
5.645653019154238672e-01 -4.740928723052110355e-02 -8.240257077118683382e-01 -5.905243496855228358e+01 8.003808545256908477e-03 9.986165462193431486e-01 -5.197049775559842155e-02 -6.503658880077862747e+00 8.253496047571552419e-01 2.274539527958974877e-02 5.641637079225632068e-01 8.774361847417986837e+01
5.542312347510269799e-01 -4.747215597554307193e-02 -8.310078942172913763e-01 -6.009928732849994759e+01 9.670519300001052462e-03 9.986721535290704610e-01 -5.060050188861465320e-02 -6.590613296355471107e+00 8.323065726293634725e-01 2.000810025519768331e-02 5.539543823229190478e-01 8.844456172940958538e+01
5.437873434539223227e-01 -4.818214379270904096e-02 -8.378387633343153951e-01 -6.115614738797288652e+01 1.044026801713491930e-02 9.986616613534116116e-01 -5.065458433829814894e-02 -6.673290288221854993e+00 8.391581123175800849e-01 1.879806008479164084e-02 5.435626075016779524e-01 8.912625436357517117e+01
5.333823259593291066e-01 -4.872831054290221314e-02 -8.444695572640288361e-01 -6.218945637824612760e+01 8.863931649916525352e-03 9.986065048093806240e-01 -5.202383336286074689e-02 -6.754737978319448999e+00 8.458278411324948731e-01 2.026327229521736675e-02 5.330709858466419204e-01 8.977708686613989642e+01
5.233183674722206025e-01 -4.928970855640651960e-02 -8.507105252432684006e-01 -6.326547865205120758e+01 7.834401431313420261e-03 9.985618275965248980e-01 -5.303676641756529392e-02 -6.831359395245971911e+00 8.521012383371251442e-01 2.109030575113508832e-02 5.229519019889774523e-01 9.042809002200934287e+01
5.136335844613878487e-01 -5.002475058626945636e-02 -8.565500872330433779e-01 -6.433429922835530590e+01 6.440739002677365287e-03 9.984955881883549322e-01 -5.445252263783761232e-02 -6.917036246404458133e+00 8.579854718638263433e-01 2.245182832954344121e-02 5.131830655880302849e-01 9.105520722610978623e+01
