1.000000000000000000e+00 4.398956837314658088e-19 2.733407509747682871e-20 -8.673617379884035472e-19 -5.583667658079949532e-19 1.000000000000000000e+00 -6.100159232558060012e-19 0.000000000000000000e+00 4.145284534913582806e-20 -2.210423569125054137e-19 1.000000000000000222e+00 0.000000000000000000e+00
9.999083416910227173e-01 4.906385815569952154e-04 1.353024410012734595e-02 -7.584548086813268364e-02 -4.806233867316995708e-04 9.999996081419971761e-01 -7.434501028659502332e-04 -6.976929810290272149e-03 -1.353060379851051855e-02 7.368790267005884262e-04 9.999081856621572229e-01 1.960646663406817591e-02
9.994316284627419167e-01 3.009800161036539114e-03 3.357619920784711554e-02 -6.377136265175049890e-02 -2.991428854658445980e-03 9.999953472404591315e-01 -5.973747350806863331e-04 -1.219728486966221992e-02 -3.357784154660826970e-02 4.965944267211228969e-04 9.994359819034788206e-01 1.823985524290222537e-01
9.979940697431960439e-01 5.191090825712763555e-03 6.309428930635214983e-02 -1.246738500971044522e-02 -5.261826751265565212e-03 9.999857004766607993e-01 9.550032392623080497e-04 1.231460402070394533e-03 -6.308843067126186643e-02 -1.285078745569387740e-03 9.980071134359154161e-01 4.137639413945568001e-01
9.954737628197273258e-01 4.689205815721307451e-03 9.492101376474527952e-02 4.315646913703349852e-02 -4.973302457118199821e-03 9.999838335022313007e-01 2.756629388684907200e-03 1.996535326035400737e-03 -9.490655446266786643e-02 -3.216223085809123087e-03 9.954809902015088197e-01 5.506775469048414973e-01
9.909219705478150564e-01 1.600281494358066041e-03 1.344287441581509535e-01 1.262305731307279966e-01 -2.269121544819749457e-03 9.999857978735399167e-01 4.822358513383809102e-03 5.413903720731291780e-03 -1.344191201760362164e-01 -5.083616082904173113e-03 9.909115283941658525e-01 8.005748744107846759e-01
9.851307500173792642e-01 -1.817173585468746886e-03 1.717966908305832985e-01 1.707506227754525541e-01 8.317957029332282001e-04 9.999827901941886754e-01 5.807532031347937065e-03 -2.124149587792861782e-02 -1.718042905062374115e-01 -5.578278526049354133e-03 9.851153073855923870e-01 9.192502833604403456e-01
9.764757232812528720e-01 -2.124443849462383412e-03 2.156169011818600267e-01 2.804354095610499531e-01 6.460669083527538449e-04 9.999758010904927774e-01 6.926747280850931512e-03 -1.450487166828222374e-02 -2.156264027010083573e-01 -6.624497473732169836e-03 9.764534658650888543e-01 1.154887904826006784e+00
9.649129549083672597e-01 -2.154331646715411473e-03 2.625611309223080947e-01 3.596045353559506608e-01 -4.092790937622562829e-04 9.999527849118350353e-01 9.708781361871875876e-03 -2.888366332058286967e-03 -2.625696545479807575e-01 -9.475589533108463164e-03 9.648665143685256629e-01 1.354480450760509713e+00
9.504791185934505782e-01 -5.891472965961009126e-03 3.107325770135599408e-01 5.171489313956195710e-01 8.424657313745180552e-04 9.998654767724091119e-01 1.638043353298664767e-02 1.521009627362138183e-02 -3.107872865128018525e-01 -1.530747832264552771e-02 9.503562200056769882e-01 1.621791925571971493e+00
9.332610974401300830e-01 -1.547051121781044605e-02 3.588654142626078736e-01 6.177581526023870895e-01 7.101202369572205339e-03 9.996714622439636377e-01 2.462804248586950365e-02 -3.095174881011589219e-03 -3.591285280309991501e-01 -2.043601786571810908e-02 9.330643446649040662e-01 1.830649646135294795e+00
9.126826488652546310e-01 -2.113644503467269203e-02 4.081220783350566483e-01 7.906580409618260141e-01 9.872591609118417169e-03 9.995105136564914616e-01 2.968610775525108714e-02 -1.209252191006629507e-02 -4.085497739878809487e-01 -2.306477266447079857e-02 9.124445740947009220e-01 2.045052149704575939e+00
8.872535221299409081e-01 -2.304988871845658691e-02 4.607058573892653941e-01 9.935761009425769785e-01 8.489495106228686985e-03 9.993975546019443490e-01 3.365198799917373113e-02 -8.342751700876546717e-03 -4.612039898052041620e-01 -2.594668454095140978e-02 8.869146816050546001e-01 2.317019637468708204e+00
8.592069908799014888e-01 -2.504571252566249046e-02 5.110147309419135198e-01 1.160247681068707015e+00 6.542023997525221388e-03 9.992572471050092942e-01 3.797572905810315397e-02 2.011412213831463569e-02 -5.115863112946855695e-01 -2.928594102102234295e-02 8.587326613414684173e-01 2.524569804630588443e+00
8.273432105846998397e-01 -3.041553199784601674e-02 5.608726259678538106e-01 1.397626628907372437e+00 7.874693810674042102e-03 9.990627865708230360e-01 4.256216215782854945e-02 1.897461256038544819e-02 -5.616415291115750552e-01 -3.079681541671316566e-02 8.268073256383223768e-01 2.747910294575338863e+00
7.918059687740376384e-01 -3.611172848453124418e-02 6.097042276119888360e-01 1.630400512009448244e+00 1.009309356567398078e-02 9.988879246928227262e-01 4.605478605737238496e-02 2.102089530201675660e-02 -6.106893190705825480e-01 -3.031265234052953755e-02 7.912898991136411153e-01 2.942187756857470138e+00
7.541509732694006152e-01 -4.067073532758091331e-02 6.554404580961393778e-01 1.888742193105026779e+00 1.126623859179218083e-02 9.987347682036198382e-01 4.900953578503089436e-02 3.061965414370775018e-02 -6.566044391872086772e-01 -2.957624013810828886e-02 7.536550027736743651e-01 3.160332076872216067e+00
7.141828874120649262e-01 -4.399346507918856092e-02 6.985752433759641056e-01 2.176171169863946098e+00 1.241338081453661341e-02 9.986619885265072272e-01 5.020100192736758060e-02 4.159122305782558815e-02 -6.998490698021186951e-01 -2.718101552525615042e-02 7.137734091761576138e-01 3.377837469481305810e+00
6.723425195039056668e-01 -4.573913033070801937e-02 7.388257302752440081e-01 2.481260872688634045e+00 1.134725591401915083e-02 9.986087551329085876e-01 5.149557166232297811e-02 5.168558948355492927e-02 -7.401532182245499358e-01 -2.623901724729697793e-02 6.719261390115852661e-01 3.571286367693824904e+00
6.301667984775195519e-01 -4.619343159170329061e-02 7.750844878478128086e-01 2.825151664092794945e+00 7.282428204153579970e-03 9.985364747213141268e-01 5.358987628694010519e-02 8.113709440785962790e-02 -7.764256458083623746e-01 -2.812606310451075745e-02 6.295809327064399996e-01 3.823676965896467550e+00
5.883239545660429171e-01 -4.687797658655116356e-02 8.072653648084238132e-01 3.170920518366975749e+00 4.147503715485841014e-03 9.984799879172214787e-01 5.495918390264014491e-02 9.459514473030428139e-02 -8.086147010104391963e-01 -2.898566775549470467e-02 5.876241205028297498e-01 4.039079010091109367e+00
5.479029792628878903e-01 -4.789024426193581874e-02 8.351699458331885983e-01 3.551334888606906937e+00 2.160003064881065981e-03 9.984376572446448384e-01 5.583528399155605892e-02 1.179626678345779278e-01 -8.365391039658820471e-01 -2.878834821374894049e-02 5.471504089221020939e-01 4.245320800046081366e+00
5.096441738223248530e-01 -5.064277762479268974e-02 8.588935399925917702e-01 3.965220459103805606e+00 1.268747207697268863e-03 9.983093633120285748e-01 5.811028616850476280e-02 1.247126017030784212e-01 -8.603843442344755177e-01 -2.852584938340959123e-02 5.088468023688823560e-01 4.444847745711982157e+00
4.716409575958467326e-01 -5.041821132351343576e-02 8.803481119883749262e-01 4.370860697556633312e+00 -1.645733897197720766e-03 9.983119840201871709e-01 5.805578421976731462e-02 1.532688418462923863e-01 -8.817891543471024773e-01 -2.883030375082414054e-02 4.707618439351431427e-01 4.649871335913335457e+00
4.357853692629233278e-01 -4.977758095399827803e-02 8.986730723496603179e-01 4.837162673446592009e+00 -2.875974461542459525e-03 9.983873807314571636e-01 5.669538544515971557e-02 1.789672094471224106e-01 -9.000460295356463858e-01 -2.729157961091717433e-02 4.349394530737925590e-01 4.807300994479313694e+00
4.022640883431478631e-01 -4.862574673975324224e-02 9.142314400927752382e-01 5.320391432499015139e+00 -1.625840716291136788e-03 9.985490190001430344e-01 5.382576762836367018e-02 1.952268692487589830e-01 -9.155222416199132462e-01 -2.313856731244688311e-02 4.016013517984705072e-01 5.003436223901117863e+00
3.728506919381709972e-01 -4.691630435263150628e-02 9.267044877123709057e-01 5.848940743263809416e+00 2.322646944507620703e-04 9.987255974205649922e-01 5.046907048498726345e-02 2.182423893313810981e-01 -9.278913314435712767e-01 -1.860218633072684494e-02 3.723864257607858996e-01 5.185402017292806143e+00
3.465632785901343049e-01 -4.508336538212787126e-02 9.369425646088782589e-01 6.367240374248292589e+00 1.398801179362838031e-03 9.988680856841851696e-01 4.754566987251230420e-02 2.439986863823163377e-01 -9.380255609419826390e-01 -1.516698604059146978e-02 3.462340600085250242e-01 5.362545957449968981e+00
3.267786698550871893e-01 -4.442329180411043466e-02 9.440562785629470488e-01 6.957923119178514249e+00 2.254346978795963071e-03 9.989285086638300948e-01 4.622501990287682799e-02 2.619324014879370610e-01 -9.450982143396300383e-01 -1.297711924138835252e-02 3.265286735349253733e-01 5.533411625493172004e+00
3.120656809650292907e-01 -4.501118162856711929e-02 9.489936718087288448e-01 7.520993509511766817e+00 3.507431125698469519e-03 9.989248466292148798e-01 4.622606059558100056e-02 2.895951861505992597e-01 -9.500540641126619112e-01 -1.109703625457350747e-02 3.118880347883038473e-01 5.718501888001009448e+00
3.008377799433880062e-01 -4.658787893058462248e-02 9.525367102664668018e-01 8.149545677283848377e+00 4.231974282435263003e-03 9.988614637779443806e-01 4.751701311027403674e-02 3.054699748869664222e-01 -9.536659460757173079e-01 -1.026380097850995710e-02 3.006924226071135409e-01 5.893905451424334530e+00
2.892565510085446934e-01 -4.838168165555808281e-02 9.560281612787980832e-01 8.786357988485422155e+00 3.252049453622259459e-03 9.987658257802622952e-01 4.956056284116550775e-02 3.375375820476597122e-01 -9.572460959068989084e-01 -1.122666572280427849e-02 2.890568963147903681e-01 6.095140513637148594e+00
2.789794185111849623e-01 -4.995674234457819773e-02 9.589967635027194515e-01 9.463929631536510456e+00 1.630305825681008453e-03 9.986691297791130406e-01 5.154911532718477879e-02 3.702422951390862416e-01 -9.602957057563459298e-01 -1.281768332687150888e-02 2.786895765380728029e-01 6.300153518027474142e+00
2.682385374685329893e-01 -5.182184872289054278e-02 9.619576744149730407e-01 1.014919416277469821e+01 1.203246124935242103e-03 9.985693394020479507e-01 5.345864350412234817e-02 4.020818374921092397e-01 -9.633517818781450748e-01 -1.318219562107120733e-02 2.679171322559499302e-01 6.489033887133142997e+00
2.582548065219625877e-01 -5.376049225662479780e-02 9.645798300988525087e-01 1.085050239634798963e+01 2.795520807403776315e-06 9.984504766921749042e-01 5.564751158135450987e-02 4.229658557783234074e-01 -9.660768454998479582e-01 -1.436853995642585480e-02 2.578547836202370047e-01 6.664375931488178750e+00
2.481073296266038675e-01 -5.545607728537220449e-02 9.671439192956755582e-01 1.159796584204326919e+01 -2.942400409583987024e-04 9.983557421653631581e-01 5.732124794982645932e-02 4.603791231231350589e-01 -9.687325136459772335e-01 -1.450639334522109587e-02 2.476830584558716020e-01 6.843327802035553908e+00
2.374615473255734799e-01 -5.669042138750912674e-02 9.697413024696243111e-01 1.235294561090303134e+01 -8.195877974735308810e-04 9.982835731916693822e-01 5.855967664825974250e-02 4.849312347284844282e-01 -9.713966020528764789e-01 -1.470045868242657663e-02 2.370074978269386401e-01 7.032828325714021389e+00
2.271379554193737049e-01 -5.963181162320795037e-02 9.720351743681011625e-01 1.310635525866689832e+01 -1.908847455750766744e-03 9.980943658410617036e-01 6.167652011255406186e-02 5.210328430943296230e-01 -9.738607304132818054e-01 -1.586454466695317797e-02 2.265912841826911994e-01 7.225325444436355937e+00
2.156982359457967346e-01 -6.311067109163735755e-02 9.744184409507052891e-01 1.387842496562303651e+01 -3.903115508908569335e-03 9.978454621577526051e-01 6.549197885470114944e-02 5.624318817901026168e-01 -9.764522791736389706e-01 -1.792977117125841777e-02 2.149871763338107311e-01 7.396048682636294558e+00
2.034707486905917573e-01 -6.695032115010256246e-02 9.767892775242698056e-01 1.466618522250351653e+01 -4.058980019455706370e-03 9.975930406065515177e-01 6.922174487283253019e-02 5.978196666499697720e-01 -9.790726203839377195e-01 -1.804936754500620702e-02 2.027092514807755097e-01 7.573156028847346732e+00
1.918056936952061142e-01 -6.936869001057074935e-02 9.789783166042229645e-01 1.548433936425800539e+01 -5.069729634682166447e-03 9.974156289691246124e-01 7.166840919375692953e-02 6.429723835825492673e-01 -9.814198340408638588e-01 -1.870956345519261127e-02 1.909583147464203323e-01 7.731643261799998612e+00
1.771693413800545791e-01 -6.994031032747702326e-02 9.816920907399718788e-01 1.628804572766785341e+01 -5.814669066600108849e-03 9.973799254146423765e-01 7.210737792366110621e-02 6.757313169396647057e-01 -9.841632136560800603e-01 -1.848343041212529431e-02 1.762984633616439534e-01 7.857486182399961550e+00
1.623521438704380870e-01 -6.915633480777323705e-02 9.843064391649453126e-01 1.708566129340212569e+01 -7.345140488910059141e-03 9.974286008528393532e-01 7.128979634936126464e-02 7.181485384618561119e-01 -9.867055525201904320e-01 -1.880391947658087426e-02 1.614267073368292615e-01 7.986183753695065946e+00
1.461506813989006115e-01 -6.812301131454429060e-02 9.869139866213192391e-01 1.788917214262473721e+01 -8.626658047781706265e-03 9.975004692702575948e-01 7.013126643870712384e-02 7.582068333983125186e-01 -9.892247349538091372e-01 -1.876350098221797255e-02 1.451976979775900511e-01 8.100338016138824315e+00
1.252860045351546214e-01 -6.681964102357967894e-02 9.898679385870473579e-01 1.871730469760627003e+01 -1.091111400526817952e-02 9.975762498063603934e-01 6.872098206274804277e-02 7.958160991494526160e-01 -9.920606744927975562e-01 -1.941033832015933228e-02 1.242532644540716574e-01 8.189068667432726656e+00
1.005112077922344777e-01 -6.531325285593297947e-02 9.927898363574552132e-01 1.952287275651487519e+01 -1.520605619918391667e-02 9.976256064492519116e-01 6.717086559347380803e-02 8.376253864644512825e-01 -9.948197275092847125e-01 -2.184784201485709745e-02 9.927939624896918447e-02 8.286917259765854027e+00
6.920777401699039488e-02 -6.487288798872599405e-02 9.954907208733604351e-01 2.033234449069274064e+01 -1.939676855132095590e-02 9.976072414984833436e-01 6.635930275558500624e-02 8.774487028403287203e-01 -9.974136888535388712e-01 -2.390188189025442903e-02 6.778385074395346099e-02 8.333900950356536441e+00
3.596001748888237592e-02 -6.458943257809295069e-02 9.972637891528358667e-01 2.119421741861017239e+01 -2.254230533354181776e-02 9.976028835201794509e-01 6.542424056166371016e-02 9.212045123351357834e-01 -9.990989635436483551e-01 -2.483328082510491766e-02 3.441782103560720590e-02 8.356121281393951605e+00
1.855724295647717247e-03 -6.392788612225437650e-02 9.979527866598858488e-01 2.204127306965373023e+01 -2.388704805139376178e-02 9.976669262318057507e-01 6.395399310553973038e-02 9.496030684487942741e-01 -9.997129500711121608e-01 -2.395682629216656229e-02 3.243448729421173106e-04 8.354857546602426410e+00
-3.175659775963701054e-02 -6.299713801759532217e-02 9.975083266842370566e-01 2.288639709958418678e+01 -2.513346066609564028e-02 9.977464470045792622e-01 6.221202974820608245e-02 9.790831349414186313e-01 -9.991795859141270331e-01 -2.309519302337196059e-02 -3.326837006706467176e-02 8.287208905845465878e+00
-6.413848929058797721e-02 -6.121983396326152044e-02 9.960614282400692687e-01 2.372325802800569861e+01 -2.702453453168298866e-02 9.978570553055894354e-01 5.959003036270515974e-02 1.012587467466634861e+00 -9.975750327072487877e-01 -2.309608107330373208e-02 -6.565548296334387801e-02 8.231930094367497119e+00
-9.660558407510315415e-02 -5.792899017865523609e-02 9.936355347746328448e-01 2.454147337891989267e+01 -2.942377765158635597e-02 9.980347751655735955e-01 5.532475836595754370e-02 1.051289176435745487e+00 -9.948877421377907426e-01 -2.389182958923944528e-02 -9.812022349663156173e-02 8.160451762483599936e+00
-1.293018212900375052e-01 -5.351743468880926918e-02 9.901600406070029115e-01 2.539001959466765612e+01 -2.671921464012081901e-02 9.983680040870792638e-01 5.047189320255147243e-02 1.073532333435236907e+00 -9.912452468642340975e-01 -1.993019004768927654e-02 -1.305207464544269058e-01 8.043923229485622883e+00
-1.615626825411499157e-01 -4.808573911155700209e-02 9.856902374653344623e-01 2.623331004851941728e+01 -2.198676436080432631e-02 9.987396559990561196e-01 4.511852992737037243e-02 1.090672058731569249e+00 -9.866175036197412096e-01 -1.438266731991755774e-02 -1.624163091769816880e-01 7.900244002932710785e+00
-1.928629216609346053e-01 -4.204954802541892300e-02 9.803242892190386915e-01 2.707361658622420464e+01 -1.605348666391893248e-02 9.990828397461897215e-01 3.969590531366330027e-02 1.113066875099715247e+00 -9.810943866041456074e-01 -8.081753638072430510e-03 -1.933610786853791341e-01 7.701605337019638675e+00
-2.207409680951280817e-01 -3.627671687719849491e-02 9.746575850258438756e-01 2.788361587656792295e+01 -1.045748669242752005e-02 9.993386443157912247e-01 3.482692852375229853e-02 1.123039092747688095e+00 -9.752764132033604483e-01 -2.504737773763463394e-03 -2.209743444503400045e-01 7.530470367050215330e+00
-2.487932056055286445e-01 -2.973714037883678357e-02 9.681000086487568934e-01 2.869307257297764124e+01 -1.221310685794010312e-03 9.995374034221740089e-01 3.038893791508707337e-02 1.142838180190192343e+00 -9.685558657869413057e-01 6.378211500337295850e-03 -2.487144343646280897e-01 7.304770516193341834e+00
-2.749286692041312263e-01 -1.939542352263482969e-02 9.612689675716461490e-01 2.951993020488629682e+01 4.695971899929299656e-03 9.997574951889744987e-01 2.151507946152029713e-02 1.138784369139110408e+00 -9.614531659571214917e-01 1.042920535730594046e-02 -2.747709186641765222e-01 7.044550041314177058e+00
-3.001621422422524055e-01 -4.862496586420075699e-03 9.538757929274769287e-01 3.029537906315830043e+01 8.507568861494323870e-03 9.999335876700661263e-01 7.774413423845974794e-03 1.131955713315503820e+00 -9.538502633968986011e-01 1.044874970038453359e-02 -3.001008410902644141e-01 6.807242234764600219e+00
-3.249685187129862651e-01 1.216616103654498057e-02 9.456465674127149112e-01 3.107110987167257932e+01 9.487026110941669879e-03 9.999088748205804400e-01 -9.604081155081427290e-03 1.104737770824828713e+00 -9.456772563763263806e-01 5.850350709805262998e-03 -3.250543279154482490e-01 6.494828445181530796e+00
-3.508764958212176599e-01 2.658878089710715875e-02 9.360441793979247249e-01 3.182532617524785579e+01 8.746041240532707872e-03 9.996462597121573701e-01 -2.511697015431365795e-02 1.081934893492590533e+00 -9.363809086886327737e-01 -6.262724933646527173e-04 -3.509849245601431855e-01 6.225886698063100688e+00
-3.751389959479839997e-01 3.762669271658873604e-02 9.262045942339213189e-01 3.258620520596452508e+01 1.224066488446042510e-02 9.992897996926767279e-01 -3.563793382264431042e-02 1.043890989456133234e+00 -9.268877570773993435e-01 -2.031817702297611990e-03 -3.753331491587047486e-01 5.902396729511759865e+00
-3.994534491266822362e-01 4.254155542953502733e-02 9.157658778402502087e-01 3.337684700917221647e+01 1.674168377416553055e-02 9.990946558626193630e-01 -3.910990431757736113e-02 9.945844394267652211e-01 -9.166006066029785959e-01 -2.911224739900721763e-04 -3.998040248472947145e-01 5.578986924139702985e+00
-4.216047360512090170e-01 4.173500158585092407e-02 9.058187575055843821e-01 3.411522829721098304e+01 1.838015278186063903e-02 9.991283557299402984e-01 -3.747931059752421940e-02 9.419140564634869150e-01 -9.065934205598328299e-01 8.476332705980862362e-04 -4.220043436809098325e-01 5.185028704294356139e+00
-4.417912707538162453e-01 3.850751583916668663e-02 8.962910408210120750e-01 3.486345468780215384e+01 2.300880778334425669e-02 9.992360706657752445e-01 -3.158907727391940812e-02 9.120056700029470775e-01 -8.968227702289361947e-01 6.666810701078999986e-03 -4.423397867356932411e-01 4.814053579284536255e+00
-4.603149938920749196e-01 3.711690493962269827e-02 8.869793839677316827e-01 3.557395964383543685e+01 2.968064729265882870e-02 9.992104730553863501e-01 -2.641002959177630310e-02 8.778110094427739041e-01 -8.872593637759064178e-01 1.416919071990467918e-02 -4.610532178155400951e-01 4.395492918310159425e+00
-4.738010861567457099e-01 3.792361404219625476e-02 8.798149329721526302e-01 3.629774697636658232e+01 3.336566393917659440e-02 9.991280237840209910e-01 -2.509829685460798765e-02 8.264904492699435279e-01 -8.799995886495299846e-01 1.746401017496754596e-02 -4.746532906801282370e-01 4.015553802026316177e+00
-4.851667457346376944e-01 4.105591967414308485e-02 8.734572837314175109e-01 3.697134974134555563e+01 3.615547879437017859e-02 9.989847844338289873e-01 -2.687343975520437023e-02 7.767886069733479504e-01 -8.736738652261800686e-01 1.854216809321068346e-02 -4.861585945668611131e-01 3.616479275413555516e+00
-4.953545371515924445e-01 4.380938041505715724e-02 8.675855041959965597e-01 3.768064793131542700e+01 3.735698796980057440e-02 9.988779070203444022e-01 -2.910983090935122947e-02 7.318714320423579389e-01 -8.678872912894789460e-01 1.799069552127426433e-02 -4.964352910236549676e-01 3.246381775932391633e+00
-5.048764013728844757e-01 4.291318133139801483e-02 8.621242745343842273e-01 3.837573102883407472e+01 3.158274712960403019e-02 9.990130743537601887e-01 -3.123151132958264936e-02 6.816300969309303515e-01 -8.626136804305025718e-01 1.146020093903290030e-02 -5.057334432742146557e-01 2.832054704195438699e+00
-5.164913973127456259e-01 4.207466360049794130e-02 8.552580580839290736e-01 3.908978210972907874e+01 3.028678868725745432e-02 9.990647775302727851e-01 -3.085904530737715659e-02 6.579987215529196076e-01 -8.557566003048729941e-01 9.964589661073006491e-03 -5.172826706037910727e-01 2.412466474634868074e+00
-5.262120536030971962e-01 4.349276364841641457e-02 8.492403906180040485e-01 3.973799506662495418e+01 3.242870901671070227e-02 9.989910590273288760e-01 -3.106835624564231388e-02 6.235290401191877496e-01 -8.497348205880425054e-01 1.119122698958302867e-02 -5.270915520759660300e-01 1.996759613758940066e+00
-5.324912007014062088e-01 4.607189413698908192e-02 8.451807432529392372e-01 4.043690983796972205e+01 3.586164403676871115e-02 9.988489525951285142e-01 -3.185454954199662403e-02 5.732643266648744795e-01 -8.456755142381541246e-01 1.334730466184607355e-02 -5.335304931463465961e-01 1.539931264393245236e+00
-5.367654148012944715e-01 4.980627046602002783e-02 8.422601807029929111e-01 4.111898973469914154e+01 3.681098836738376512e-02 9.986880364718484504e-01 -3.559714708224465812e-02 5.396883444902729199e-01 -8.429281418032472661e-01 1.189711331077232363e-02 -5.378946173848949686e-01 1.102352565249002936e+00
-5.363524204177116950e-01 5.124722563725551960e-02 8.424368166658428025e-01 4.180817067174427848e+01 3.623396456569488028e-02 9.986327256868595681e-01 -3.767995403056188797e-02 4.974027418917209009e-01 -8.432159821589085835e-01 1.031509221899936171e-02 -5.374759708769387689e-01 6.899658046389239852e-01
-5.328961277391870421e-01 5.183060429026660476e-02 8.445917904740601889e-01 4.255602831950920262e+01 3.865038976596624209e-02 9.985714893842182471e-01 -3.689346681839628800e-02 4.509201052873503257e-01 -8.452975074599965444e-01 1.298341731485509222e-02 -5.341381542130241300e-01 2.152089146893147453e-01
-5.270524091968954439e-01 5.072931464395593476e-02 8.483173236039702747e-01 4.329457559155700608e+01 3.680066350796708241e-02 9.986427955625659658e-01 -3.685482292331777182e-02 4.097037848267960913e-01 -8.490356181850732264e-01 1.179421818064968833e-02 -5.282039649634834300e-01 -2.587640436606896133e-01
-5.197930791781166793e-01 4.934198603200375122e-02 8.528660563386866178e-01 4.405716718310471691e+01 3.443959110840919685e-02 9.987293597486565089e-01 -3.679103803678018814e-02 3.616230945741957803e-01 -8.535977280699698078e-01 1.024863231245260083e-02 -5.208319281958984082e-01 -7.204763389485957514e-01
-5.131907961133203022e-01 4.894210318373400787e-02 8.568779749812089896e-01 4.486339548288909640e+01 3.301640292197752929e-02 9.987595828766480111e-01 -3.727214363745063458e-02 3.174579506915925498e-01 -8.576392808238431087e-01 9.163308413345921943e-03 -5.141701188695654290e-01 -1.142703275090320991e+00
-5.068608458539751727e-01 4.729111773444614336e-02 8.607297018813401257e-01 4.565802911811858422e+01 2.980265805429998388e-02 9.988584721083316742e-01 -3.733033908114873761e-02 2.654145054570323237e-01 -8.615125633006982531e-01 6.730746723928565656e-03 -5.076916522859851177e-01 -1.625065285550698180e+00
-5.024644645797425868e-01 4.508965733448178775e-02 8.634213172813295367e-01 4.646488822568932875e+01 2.569905750001860376e-02 9.989768451309664066e-01 -3.721318700948392927e-02 2.174663273266281283e-01 -8.642158483719073470e-01 3.490810951594552729e-03 -5.031091285301229066e-01 -2.073823262804131762e+00
-5.007744160585428927e-01 4.226624804390746726e-02 8.645452764110570509e-01 4.730394125491307022e+01 2.085456213575444251e-02 9.991063101427857251e-01 -3.676504087037615193e-02 1.780185847024712553e-01 -8.653265763840091163e-01 -3.812777618411964265e-04 -5.012083243566869406e-01 -2.551509744578966288e+00
-5.008976798323174773e-01 4.005172058599141410e-02 8.645792968158011460e-01 4.811218999754030534e+01 1.837100435799055020e-02 9.991956638436574334e-01 -3.564451596786598342e-02 1.328301359878447108e-01 -8.653115236005849420e-01 -1.971064405174659685e-03 -5.012305812694096696e-01 -3.047657309646508939e+00
-5.022046440329475114e-01 3.861954215016662889e-02 8.638859953496492716e-01 4.898318346005083157e+01 1.682203516934618198e-02 9.992495124899204439e-01 -3.489170227911703170e-02 8.806391657217582658e-02 -8.645851762327371182e-01 -2.990453423364715368e-03 -5.024774062333670077e-01 -3.520595292115627828e+00
-5.029386151836240382e-01 3.830271584339430685e-02 8.634730093137654716e-01 4.986846692503077350e+01 1.737359758910201474e-02 9.992637549301165434e-01 -3.420681446300670447e-02 4.017367455562292217e-02 -8.641475104209447311e-01 -2.202294392511717179e-03 -5.032337862957834140e-01 -4.001910418915410439e+00
-5.032584607737750071e-01 3.756438163303817829e-02 8.633190750780149747e-01 5.073845199494098068e+01 1.676537874739779388e-02 9.992911078954058723e-01 -3.370762115252187718e-02 -1.129525402214178603e-02 -8.639732959026076298e-01 -2.489773355790586042e-03 -5.035314871259483072e-01 -4.504412593051664082e+00
-5.029161544491088653e-01 3.680776275715300777e-02 8.635511083251131703e-01 5.161089050169012893e+01 1.709587187420446436e-02 9.993210004970723981e-01 -3.263846040242436575e-02 -5.770209567885309365e-02 -8.641661212188949115e-01 -1.651248971351354077e-03 -5.032039366426663829e-01 -5.027012822876097076e+00
-5.030302490336052701e-01 3.621944936889839872e-02 8.635095289226705217e-01 5.251925302915078930e+01 1.674257517460251907e-02 9.993423770535019290e-01 -3.216363737817631158e-02 -1.108689290827538781e-01 -8.641066294362385047e-01 -1.721908401853566558e-03 -5.033058528691417566e-01 -5.554259689191210825e+00
-5.030818418869033026e-01 3.504243416646898174e-02 8.635280393051473213e-01 5.341474886052483129e+01 1.529623387411309550e-02 9.993821487911345169e-01 -3.164404963445759805e-02 -1.608942648840891443e-01 -8.641034069461644984e-01 -2.710819020715079554e-03 -5.033070306473578226e-01 -6.030834576881671794e+00
-5.038164892397254402e-01 3.431006795212739741e-02 8.631290465007739332e-01 5.430818050401055075e+01 1.491586023173501786e-02 9.994074406283232070e-01 -3.102071407212223658e-02 -2.163661199871710350e-01 -8.636819290536498217e-01 -2.754434130085024832e-03 -5.040297134509840182e-01 -6.551798730956939210e+00
-5.025129921916107190e-01 3.310194012177693212e-02 8.639357271935351745e-01 5.520170756274958990e+01 1.306364937985417425e-02 9.994434115425059328e-01 -3.069540948767704447e-02 -2.676138571478381967e-01 -8.644709631097788893e-01 -4.138687744812677080e-03 -5.026657326163483930e-01 -7.071403712555305532e+00
-5.013442478336682662e-01 3.193411236650535445e-02 8.646583973414125879e-01 5.611124718887129603e+01 1.292264707661701199e-02 9.994835780856492491e-01 -2.942078015273355551e-02 -3.184920718362339587e-01 -8.651514102713656618e-01 -3.576262682574540483e-03 -5.014980171585691204e-01 -7.578538908654270934e+00
-4.996273114660825243e-01 2.975483405299192072e-02 8.657292798085494123e-01 5.699728947165419868e+01 1.317447950977128877e-02 9.995553051125448674e-01 -2.675116981760476687e-02 -3.798197608912274870e-01 -8.661402860366071987e-01 -1.960081476467076533e-03 -4.997971354252225273e-01 -8.104110181414549530e+00
-4.968254856467997915e-01 2.828967209355181395e-02 8.673892538224797777e-01 5.788701272297078759e+01 1.362851587852061640e-02 9.995996432003980692e-01 -2.479550047843273597e-02 -4.266871189909677842e-01 -8.677434602378788497e-01 -4.978074125832970213e-04 -4.970121256516040753e-01 -8.617597759595472695e+00
-4.939609726849046867e-01 2.764760122932983025e-02 8.690443912394488768e-01 5.877511583983790189e+01 1.344668655319544021e-02 9.996177013579590209e-01 -2.415859533225341374e-02 -4.775433389810911367e-01 -8.693800990105360338e-01 -2.476347793552861930e-04 -4.941439019266484767e-01 -9.130542937416089799e+00
-4.926027334804832236e-01 2.835529049069302962e-02 8.697922227646017745e-01 5.966871306581358425e+01 1.418914432630958775e-02 9.995978772408862234e-01 -2.455100758270323605e-02 -5.247191109696951461e-01 -8.701386255332281827e-01 2.477148822398526863e-04 -4.928069852436309795e-01 -9.612572329527363735e+00
-4.915426258891415490e-01 2.836523750532518942e-02 8.703914329375522785e-01 6.057191392220642712e+01 1.366599153805379656e-02 9.995975731716216783e-01 -2.485824531212133676e-02 -5.829227771328404639e-01 -8.707462891812826067e-01 -3.241242787399272059e-04 -4.917324562700292057e-01 -1.012074697478851704e+01
-4.926870598455758143e-01 2.984717090674673598e-02 8.696945404944891322e-01 6.142460514236996971e+01 1.333421763647067194e-02 9.995532210536565154e-01 -2.674989526359230693e-02 -6.234381993854689608e-01 -8.701044030427552700e-01 -1.582630041821510465e-03 -4.928649275370458049e-01 -1.058228670608858835e+01
-4.947044139238017113e-01 3.158707522867096329e-02 8.684870671889033389e-01 6.231176231260420195e+01 1.192390581592721148e-02 9.994918932688847679e-01 -2.955969784463179442e-02 -6.771377377377224560e-01 -8.689795025049219523e-01 -4.267554106649511930e-03 -4.948296938138185275e-01 -1.109982748585461643e+01
-4.996166495687693332e-01 3.200707781241746847e-02 8.656550911746514476e-01 6.319547763659069517e+01 1.072431785396587775e-02 9.994691053658633084e-01 -3.076518168540359754e-02 -7.323147789862239909e-01 -8.661802380869805251e-01 -6.087235766642280776e-03 -4.996946610650228604e-01 -1.158181047732778701e+01
-5.047055141261949096e-01 3.096453056511761989e-02 8.627360710981154535e-01 6.407813414128150953e+01 1.088879615155153614e-02 9.995053717988287012e-01 -2.950331917315660718e-02 -7.682362391205543872e-01 -8.632229088759512114e-01 -5.496329776239739472e-03 -5.047930402212749135e-01 -1.208280998721905419e+01
-5.105070912391586058e-01 2.865864162589171552e-02 8.593958218805149984e-01 6.493917674125883366e+01 1.380953921565025722e-02 9.995887944610007958e-01 -2.513043154533072671e-02 -8.312047561728695966e-01 -8.597626524744292897e-01 -9.614022803406797966e-04 -5.106929317405860536e-01 -1.259091037806159186e+01
-5.161862985638979717e-01 2.621525158399289068e-02 8.560750273568272783e-01 6.578985963487690469e+01 1.087653912830294396e-02 9.996514988600847529e-01 -2.405372535788148983e-02 -8.700966267175309632e-01 -8.564072735204026898e-01 -3.105069022417039810e-03 -5.162915394646685474e-01 -1.311423466657735126e+01
-5.209118747670982152e-01 2.843656521822343977e-02 8.531366638905806266e-01 6.664969083233282277e+01 1.202913746150666499e-02 9.995902592954631904e-01 -2.597331999014432236e-02 -9.284468981064366577e-01 -8.535257058552097043e-01 -3.267311706893732959e-03 -5.210405045211879971e-01 -1.363076004793407137e+01
-5.262514451530145854e-01 3.064020727066391753e-02 8.497767830778018006e-01 6.746520916529199496e+01 1.230365288039933155e-02 9.995203455539407589e-01 -2.842004444165262614e-02 -9.767114334386076679e-01 -8.502399946344337822e-01 -4.500730009583168989e-03 -5.263760139782205361e-01 -1.414723643943998965e+01
-5.304494017160376051e-01 3.145436742523504553e-02 8.471328360708264560e-01 6.830294356594266958e+01 1.101637307752528251e-02 9.994827717376759679e-01 -3.021305184680847869e-02 -1.030074008629722426e+00 -8.476450221294921095e-01 -6.694163046138802350e-03 -5.305215525326674175e-01 -1.466240983965587752e+01
-5.345989644160729082e-01 3.155289446314257784e-02 8.445166363847618207e-01 6.912853378119284287e+01 1.004966300248438110e-02 9.994694632856890859e-01 -3.098057798756845629e-02 -1.073414775475074023e+00 -8.450461308343567568e-01 -8.075076466603150691e-03 -5.346324371828552469e-01 -1.516822508211784282e+01
-5.378840488074646542e-01 3.064763862024119309e-02 8.424615477144767883e-01 6.996564194826153482e+01 9.693362980023687708e-03 9.994977331516013974e-01 -3.017151171802806911e-02 -1.138436229694678170e+00 -8.429631073831411747e-01 -8.062488456750054044e-03 -5.379109673528337243e-01 -1.569524942963293235e+01
-5.403573965651439215e-01 2.404538904551720147e-02 8.410919630876616537e-01 7.077282492678341441e+01 1.145226902868785347e-02 9.997091831582818333e-01 -2.122250274964827127e-02 -1.182150827534617754e+00 -8.413576772797108916e-01 -1.835323988499072559e-03 -5.404756269812897029e-01 -1.621189904822202621e+01
-5.420366077202860566e-01 1.603360703295283671e-02 8.402018962635932064e-01 7.160502784720203806e+01 1.223868987963547261e-02 9.998625466557199415e-01 -1.118491147717637531e-02 -1.218964878586488609e+00 -8.402657567302350694e-01 4.220339937126070355e-03 -5.421583345015157374e-01 -1.674108084009446173e+01
-5.439499062816870456e-01 1.375169049328951558e-02 8.390049926223538401e-01 7.243926021085658817e+01 1.281606190176425367e-02 9.998852278058336651e-01 -8.079588577532957616e-03 -1.242503467571559161e+00 -8.390198207120339591e-01 6.357849459305963541e-03 -5.440637196537800868e-01 -1.729994224479350251e+01
-5.452052687649758811e-01 1.808203608817037997e-02 8.381075361134286972e-01 7.322044409708706780e+01 1.202055529433758083e-02 9.998331854800275309e-01 -1.375163419865562189e-02 -1.281959621850839115e+00 -8.382163996678094753e-01 2.577055510324870007e-03 -5.453316779031549544e-01 -1.779737176897024753e+01
-5.465554137447740102e-01 2.328093238734215212e-02 8.370992564402595093e-01 7.404203005774255075e+01 1.264206833121950431e-02 9.997289571459727631e-01 -1.954968875195530614e-02 -1.334184820563631746e+00 -8.373275161476477768e-01 -1.023213043327220531e-04 -5.467015941213425601e-01 -1.831084496614370138e+01
-5.476640465760135301e-01 2.885158454178166423e-02 8.362007327338181195e-01 7.482548269009942032e+01 1.938168218122273204e-02 9.995745824450626982e-01 -2.179459778091565395e-02 -1.367332368361533268e+00 -8.364738214287038565e-01 4.270860183113320101e-03 -5.479902540956100854e-01 -1.882640314731674636e+01
-5.469378426527519155e-01 2.984763673569822487e-02 8.366409636820837381e-01 7.560248487671925943e+01 2.278348478068876332e-02 9.995247644795388631e-01 -2.076434384197512611e-02 -1.397214725817756076e+00 -8.368631432655576630e-01 7.704792224824863825e-03 -5.473579527177862003e-01 -1.933991227690093950e+01
-5.463295073027746307e-01 2.728529575012736755e-02 8.371257786776613585e-01 7.637644657771056700e+01 2.282973986397513963e-02 9.995830027940464380e-01 -1.768116130986647355e-02 -1.440483122492567380e+00 -8.372591497861554544e-01 9.451624618741273978e-03 -5.467246068073041698e-01 -1.985684711211201758e+01
-5.454498584211452394e-01 2.172218562788450283e-02 8.378619133348278458e-01 7.720821171299910191e+01 2.026657779401159695e-02 9.997136325897340026e-01 -1.272472417889202595e-02 -1.472318380587533726e+00 -8.378984003247168522e-01 1.003989566029149863e-02 -5.457338949016666829e-01 -2.039289680776707314e+01
-5.441833087439810202e-01 1.618674654760881085e-02 8.388101709613109414e-01 7.802423602094899024e+01 1.908070074817600631e-02 9.997940365572148824e-01 -6.914570997234273549e-03 -1.491341725580994648e+00 -8.387493456712028506e-01 1.224229277247726282e-02 -5.443800825230749041e-01 -2.090431305822805186e+01
-5.445775749171740676e-01 9.580862820136711033e-03 8.386557453165639497e-01 7.883054503444347461e+01 1.058646843990660238e-02 9.999336142826688034e-01 -4.549032379619123191e-03 -1.518299026782603534e+00 -8.386436687344067664e-01 6.401102548783777629e-03 -5.446428514249546105e-01 -2.141659619490327415e+01
-5.429104702762125312e-01 4.434870966331595950e-03 8.397788639494712104e-01 7.960919398716006867e+01 1.916844575376230831e-03 9.999899950554906880e-01 -4.041719060734506007e-03 -1.549990170140695289e+00 -8.397884010511755815e-01 -5.845651052612411275e-04 -5.429135406251036633e-01 -2.188757374522274546e+01
-5.407527343579819901e-01 5.100288137991310783e-03 8.411661277412197935e-01 8.041705469592076838e+01 4.937053058685754447e-03 9.999836382546598568e-01 -2.889415450018748607e-03 -1.566422792357226923e+00 -8.411671162132176027e-01 2.590423459145689902e-03 -5.407690682744228372e-01 -2.239928257530841194e+01
-5.379664232193891449e-01 8.796522754043729561e-03 8.429203614477753792e-01 8.121714438618742804e+01 1.066996336748175789e-02 9.999365023365681671e-01 -3.625349419894342319e-03 -1.602480108947653248e+00 -8.428987430431816863e-01 7.043614118264472125e-03 -5.380261233688711231e-01 -2.291592899833129238e+01
-5.331215556211313933e-01 1.074537311136070615e-02 8.459704077989474991e-01 8.199899273430102653e+01 1.087568716998509738e-02 9.999237624010438585e-01 -5.847118605372707799e-03 -1.615251676346043830e+00 -8.459687571697224184e-01 6.083285535878437886e-03 -5.331977762195070358e-01 -2.340862889584390061e+01
-5.253854051844201178e-01 1.370171256209119434e-02 8.507540337497673244e-01 8.279645502888448050e+01 1.685736118943461162e-02 9.998416997755691371e-01 -5.692515745625285895e-03 -1.651210600025417197e+00 -8.506973711483735157e-01 1.135070438103984516e-02 -5.255332124709005681e-01 -2.390787080185121383e+01
-5.167567427696049265e-01 1.604921321928126643e-02 8.559818212203261778e-01 8.358503660003981395e+01 2.428036097710534885e-02 9.996968394886001086e-01 -4.085724876373322649e-03 -1.670959490932196756e+00 -8.557879088361296516e-01 1.867222284182538938e-02 -5.169897644258671932e-01 -2.439967708471438712e+01
-5.075764986937745249e-01 1.634624055617086083e-02 8.614516149733891792e-01 8.435790401926932702e+01 2.330350445635505363e-02 9.997147083372699417e-01 -5.239138875821217588e-03 -1.693489863108544879e+00 -8.612915051611775841e-01 1.741557888580053115e-02 -5.078126172521459925e-01 -2.484074245078943832e+01
-4.958934660368169989e-01 1.320871587925254338e-02 8.682828954416146328e-01 8.518085317444165128e+01 1.891221066154240987e-02 9.998114291309514456e-01 -4.408450472173055384e-03 -1.722548865568764187e+00 -8.681774075949020286e-01 1.423502833011703814e-02 -4.960497622134582008e-01 -2.528151207541469958e+01
-4.847917917051031145e-01 1.009398330986635041e-02 8.745713329188899987e-01 8.598051865061550814e+01 2.029423124584390364e-02 9.997940088719801111e-01 -2.897717840762892749e-04 -1.743008478879905843e+00 -8.743941190893279591e-01 1.760827500882897537e-02 -4.848967797584696759e-01 -2.575835280299950369e+01
-4.735865674093691635e-01 8.726069106227455144e-03 8.807040393213426688e-01 8.680067646233828782e+01 1.940277669779939471e-02 9.998116092985482872e-01 5.273853658791907749e-04 -1.775514442830315121e+00 -8.805335361288725293e-01 1.733786755988157846e-02 -4.736666593124693181e-01 -2.619349342556741789e+01
-4.616060588929877251e-01 7.624458970824389385e-03 8.870522531530191657e-01 8.764497158137835697e+01 1.910709007291139933e-02 9.998165324179402180e-01 1.349288724600937114e-03 -1.789172861928469249e+00 -8.868792355949787209e-01 1.757182828132954067e-02 -4.616670516170773841e-01 -2.660982917388268376e+01
-4.491143195119943754e-01 9.650805530732666296e-03 8.934221709712865112e-01 8.851695808409502320e+01 2.318709832916951777e-02 9.997307759533137217e-01 8.567637783542826884e-04 -1.809880225780908125e+00 -8.931733872607823255e-01 2.110065377506781248e-02 -4.492171825708484723e-01 -2.701639434858223510e+01
