1.000000000000000000e+00 4.398956837314658088e-19 2.733407509747682871e-20 -8.673617379884035472e-19 -5.583667658079949532e-19 1.000000000000000000e+00 -6.100159232558060012e-19 0.000000000000000000e+00 4.145284534913582806e-20 -2.210423569125054137e-19 1.000000000000000222e+00 0.000000000000000000e+00
9.999542170982544942e-01 -1.685821476496093992e-03 9.419221207531861678e-03 5.552293754574309792e-02 1.675877410878793107e-03 9.999980301815895034e-01 1.063515178320119641e-03 -1.900306470049906160e-03 -9.420995712082141232e-03 -1.047681027183521019e-03 9.999550725871528822e-01 2.274259878313066863e-01
9.998587312550283324e-01 -4.577680706039866966e-03 1.617289086505269841e-02 6.408354264267682177e-02 4.561125198464831450e-03 9.999890357823868481e-01 1.060397773723364707e-03 -6.385413751035198815e-03 -1.617756798310091004e-02 -9.864813834756234242e-04 9.998686479386359460e-01 5.026558080429166520e-01
9.998098171296251335e-01 -6.947629107511832207e-03 1.822251501121190109e-02 7.045390740130826057e-02 6.950897534080210764e-03 9.999758354823383710e-01 -1.160276842343751380e-04 -1.531606829526029057e-02 -1.822126887058573425e-02 2.426684763949836033e-04 9.998339494400453331e-01 8.244021223784298025e-01
9.998294060254022675e-01 -8.093577218247568691e-03 1.660279758692426860e-02 6.303939725775400960e-02 8.121048442301864040e-03 9.999657630489958704e-01 -1.587856365843197002e-03 -1.362341310195137878e-02 -1.658937800760902984e-02 1.722417647469084165e-03 9.998609032240226568e-01 1.134158145367590187e+00
9.998991122552416400e-01 -1.028575160608542587e-02 9.796359291331036695e-03 1.073936975822330081e-01 1.031861210316501083e-02 9.999412842243520227e-01 -3.309732668651324539e-03 -1.347299408186185266e-02 -9.761741173444676151e-03 3.410483636335415961e-03 9.999465370698686906e-01 1.454035965304347533e+00
9.999216383428825017e-01 -1.212554600825412401e-02 -3.112607328677625355e-03 6.860820088798380567e-02 1.211121183496439296e-02 9.999161515424391800e-01 -4.583493418985690876e-03 -2.701248661635796688e-02 3.167923753649774972e-03 4.545436849480812870e-03 9.999846515155957904e-01 1.746837821677794889e+00
9.997550999430684371e-01 -1.112161187682246880e-02 -1.913242988784035620e-02 4.316288673483787558e-02 1.103348771449893899e-02 9.999280579585150264e-01 -4.705426383846618953e-03 -3.406447270559022356e-02 1.918338571692966565e-02 4.493176625909576540e-03 9.998058857141371991e-01 2.055068038440708733e+00
9.992596787969242333e-01 -7.379302626532881909e-03 -3.775765033591848424e-02 1.557710193293987584e-02 7.197398126913847304e-03 9.999618400614695979e-01 -4.951350215019400917e-03 -3.384468961384544394e-02 3.779274766876872943e-02 4.675927796928552524e-03 9.992746589399421620e-01 2.427040568458512571e+00
9.983628524386920500e-01 -3.618642571455940767e-03 -5.708344914685951205e-02 -3.993938678174860368e-02 3.272748519930664731e-03 9.999757221299410137e-01 -6.151769077080201237e-03 -4.658902386364237314e-02 5.710432531935301370e-02 5.954877954236471004e-03 9.983504573011117156e-01 2.795807844920324747e+00
9.970463426170510512e-01 -2.796242897488339287e-03 -7.675136152023254166e-02 -9.550322936384636474e-02 2.309376766665974332e-03 9.999766513887630159e-01 -6.431442527790893343e-03 -4.655100313252563682e-02 7.676755468170501362e-02 6.235198427532165875e-03 9.970295206544537159e-01 3.144212651907015488e+00
9.952198656364225071e-01 -4.222152441810586229e-03 -9.756839743345734062e-02 -1.622686424233464320e-01 3.663721170058195382e-03 9.999758718507559818e-01 -5.901936777849729927e-03 -5.597887465039783073e-02 9.759096385043512789e-02 5.516261287710233843e-03 9.952113217480869078e-01 3.533620933849757950e+00
9.929739365735102963e-01 -5.210528439474048160e-03 -1.182184895922734347e-01 -2.067779547710559829e-01 4.647737302804515712e-03 9.999765193714882372e-01 -5.035795470104062477e-03 -6.518975175929284105e-02 1.182419549470689335e-01 4.450965103670093646e-03 9.929748382538108320e-01 3.886904592636588607e+00
9.907583891616653649e-01 -4.096859663138498545e-03 -1.355766556124049504e-01 -2.673568517339061645e-01 3.504365098595518205e-03 9.999832401985313535e-01 -4.608550929429174568e-03 -7.724182231320354808e-02 1.355932663053490139e-01 4.090850311087751955e-03 9.907561413292625963e-01 4.316913521379337482e+00
9.885668878852408303e-01 -3.281516039978157884e-03 -1.507472694028996751e-01 -3.666907201116541004e-01 2.720957696248712306e-03 9.999885966962540618e-01 -3.924648056369815265e-03 -8.186259312088052520e-02 1.507584317889894554e-01 3.469600068167038621e-03 9.885645440339927426e-01 4.738631363942345409e+00
9.863581504797994670e-01 -2.474120326515089063e-03 -1.645948875815615164e-01 -4.523708126255503448e-01 1.878230633749103590e-03 9.999911074553626822e-01 -3.775878320400033634e-03 -8.687107789334286290e-02 1.646027687385967775e-01 3.415221078796193497e-03 9.863540264448951156e-01 5.149207431563903370e+00
9.841455830258165616e-01 -4.460757596124786777e-03 -1.773064360672186035e-01 -5.526535468310410648e-01 3.665069917406294561e-03 9.999816918066456450e-01 -4.814904788450085661e-03 -9.352658316345358047e-02 1.773246710967763262e-01 4.088726673560029792e-03 9.841439143347342489e-01 5.566598288314216880e+00
9.825217775342635074e-01 -6.481177280923522584e-03 -1.860348090203041149e-01 -6.132186387528955063e-01 5.299250095577823574e-03 9.999624982236557935e-01 -6.849823801485976221e-03 -1.071172114646914836e-01 1.860722305239697894e-01 5.744255964769870090e-03 9.825192768615830241e-01 6.044653224433074179e+00
9.809415987330263320e-01 -6.320554065364009273e-03 -1.941999731250421968e-01 -7.289337905807573570e-01 4.776534742414497749e-03 9.999531607157517987e-01 -8.417902520391762344e-03 -1.165985886189873227e-01 1.942440861023259913e-01 7.329867731809062460e-03 9.809258427478246833e-01 6.474613879400358485e+00
9.793787367680847344e-01 -6.416621021149170045e-03 -2.019309683245388010e-01 -8.419376992134340876e-01 4.334083668040802223e-03 9.999327858786178913e-01 -1.075357787213267191e-02 -1.189947690308828937e-01 2.019864008346213269e-01 9.656639708797746038e-03 9.793407191406259260e-01 6.958583717104623645e+00
9.777268640105488684e-01 -6.795456426148216607e-03 -2.097713043429275948e-01 -9.511192878935571526e-01 4.146411455645437200e-03 9.999060460000006589e-01 -1.306546739526021420e-02 -1.264526849366157946e-01 2.098403849269159793e-01 1.190466024617874499e-02 9.776631797111416944e-01 7.428955919859562940e+00
9.759003269703528938e-01 -1.084122503888365792e-02 -2.179472838917216881e-01 -1.066736917135299167e+00 7.709204767218984407e-03 9.998545138962972034e-01 -1.521575467021762766e-02 -1.425849920324182285e-01 2.180805367757230329e-01 1.316885964717940706e-02 9.758419245611008597e-01 7.923017250485527185e+00
9.742242855729684736e-01 -1.586818771813252454e-02 -2.250227563149860277e-01 -1.177683078292896646e+00 1.255135387945581493e-02 9.997905893785414833e-01 -1.616294789556038669e-02 -1.561435108762481427e-01 2.252321147402644164e-01 1.292199604506721541e-02 9.742194402124473296e-01 8.447365362337668770e+00
9.721518572330996033e-01 -1.730172522122591303e-02 -2.337122494556515828e-01 -1.308791947787571353e+00 1.341849225661906862e-02 9.997444028306660124e-01 -1.819541292180026221e-02 -1.833172945468362625e-01 2.339673293399711362e-01 1.455263838778090429e-02 9.721355413610691665e-01 8.961060980605751070e+00
9.701137202182641417e-01 -1.393517293959193465e-02 -2.422502414364108292e-01 -1.465739322239176134e+00 8.685011021711475793e-03 9.997039852346580879e-01 -2.272691078431035919e-02 -1.857630066655510115e-01 2.424952394013282220e-01 1.994374192499570250e-02 9.699475796994614374e-01 9.493156687105461344e+00
9.679724619131272467e-01 -1.058708217855932124e-02 -2.508330625254781565e-01 -1.607442094332413030e+00 4.318314975574465142e-03 9.996647543794098256e-01 -2.552902267448978885e-02 -2.007319261922480558e-01 2.510192540255335447e-01 2.362821475389465659e-02 9.676936720871401887e-01 1.004677669553893082e+01
9.656394603814850708e-01 -1.287240915855928855e-02 -2.595664310711057743e-01 -1.760746579342768570e+00 5.871853219959064646e-03 9.995982710729750531e-01 -2.772756382444962336e-02 -2.219611226738213705e-01 2.598190807495584509e-01 2.525069378937875447e-02 9.653271203334499173e-01 1.059221621019205450e+01
9.631388409024350672e-01 -1.467374143811026738e-02 -2.686042681499304363e-01 -1.929325612382291055e+00 7.202895347506396879e-03 9.995598755072111485e-01 -2.877800479307777992e-02 -2.494820198201772588e-01 2.689083344668919962e-01 2.578248574883666017e-02 9.628206337042046759e-01 1.113236506220455979e+01
9.613519210013081739e-01 -1.500014090779752327e-02 -2.749135829748567961e-01 -2.135164446798410331e+00 6.498783521378818755e-03 9.994728505098365856e-01 -3.180859776708317571e-02 -2.803529324395165889e-01 2.752458006079514519e-01 2.879265272944722329e-02 9.609426278747511541e-01 1.174549580237012236e+01
9.588824022685014103e-01 -1.341012905007466123e-02 -2.834866933507547704e-01 -2.310979969563261349e+00 3.595376377462838717e-03 9.993768611199220775e-01 -3.511356883211346619e-02 -2.959050805193532696e-01 2.837809241430152007e-01 3.265054192461090687e-02 9.583331002146059374e-01 1.232386722474574370e+01
9.564285607426231683e-01 -1.512807803710971427e-02 -2.915742574560259981e-01 -2.471535096050891944e+00 3.416045705070524467e-03 9.991681939506006360e-01 -4.063558558931917170e-02 -3.337080346775042061e-01 2.919464675545305754e-01 3.786900374335570169e-02 9.556846762874410262e-01 1.293235781676291118e+01
9.543580270933277321e-01 -1.612262216794920974e-02 -2.982294674619210273e-01 -2.693264312554966455e+00 2.096105802885396639e-03 9.988788695045376365e-01 -4.729281534447350027e-02 -3.656609677289607840e-01 2.986576026339031742e-01 4.450915757935866579e-02 9.533218623368912015e-01 1.351103270379760701e+01
9.532564852380933651e-01 -1.665573391214400858e-02 -3.017029299252410035e-01 -2.902880168008327821e+00 -1.054340747405443002e-04 9.984612418820231206e-01 -5.545392075097465429e-02 -4.062148320813338542e-01 3.021623130229469933e-01 5.289361958017367582e-02 9.517878984136272091e-01 1.414837277352804357e+01
9.520998742409475524e-01 -1.663787264032321953e-02 -3.053342572786088005e-01 -3.126229052691187782e+00 -3.221600957779446276e-03 9.979174889879187660e-01 -6.442287203334177981e-02 -4.481517712366490658e-01 3.057702601004299581e-01 6.232067380345660684e-02 9.500635155975557522e-01 1.475529447173462216e+01
9.506384275826142982e-01 -1.611225662332570543e-02 -3.098821923547063761e-01 -3.341097500304134549e+00 -6.874009420345752498e-03 9.973124419996379775e-01 -7.294272415662104991e-02 -4.958589716155304972e-01 3.102246431826785056e-01 7.147229009164177138e-02 9.479727762875127528e-01 1.537468290628270395e+01
9.495372084906589238e-01 -1.577104492579516765e-02 -3.132576603078389699e-01 -3.576121578241918453e+00 -9.909484420590402437e-03 9.967280937048804690e-01 -8.021788650810678101e-02 -5.551104486306343011e-01 3.134978358405614007e-01 7.927409038528825114e-02 9.462741292200529397e-01 1.604597110083848222e+01
9.478901544806499491e-01 -1.397951110266147136e-02 -3.182904744916851825e-01 -3.798081424258785255e+00 -1.437265788817847743e-02 9.961434834047985243e-01 -8.655395516434728764e-02 -6.161172443661635523e-01 3.182729693984187036e-01 8.661832254748533244e-02 9.440336780676854556e-01 1.672213772560078482e+01
9.456995317066408946e-01 -1.285402094509472369e-02 -3.247878809897704055e-01 -4.021807823730878972e+00 -1.823926581975788067e-02 9.955448349627078475e-01 -9.250843605223768584e-02 -6.868975190578107126e-01 3.245300082802031194e-01 9.340907772289132327e-02 9.412518367486827353e-01 1.735979118106368446e+01
9.444077836827245997e-01 -1.152794522690924611e-02 -3.285742569214754050e-01 -4.298846510385319064e+00 -2.197725186804099992e-02 9.949362855693563157e-01 -9.807542014859518820e-02 -7.575143394079533188e-01 3.280410643685177652e-01 9.984435000607153055e-02 9.393722202445218272e-01 1.804478752124301266e+01
9.429899225075937252e-01 -8.887450066283881026e-03 -3.327025953272760850e-01 -4.557387854935041283e+00 -2.633056094039379347e-02 9.945180062662456466e-01 -1.011960313335736883e-01 -8.448359301733879834e-01 3.317781021016178999e-01 1.041870843694268634e-01 9.375864465607922638e-01 1.875068704405466491e+01
9.410650196929347677e-01 -8.327874403158675581e-03 -3.381231621838426959e-01 -4.817364933393758264e+00 -2.811461353391421850e-02 9.943110297975019662e-01 -1.027382329785920395e-01 -9.155666024032801387e-01 3.370551864210013515e-01 1.061895599490208369e-01 9.354771943189766903e-01 1.944589954120084840e+01
9.385065403791191807e-01 -6.709101248673676569e-03 -3.451962617391016730e-01 -5.092156368362368291e+00 -3.034454672295537267e-02 9.943393972467863273e-01 -1.018252010100757499e-01 -1.005356359707232583e+00 3.439254042626070373e-01 1.060384418838298953e-01 9.329904434984248596e-01 2.013797322432737502e+01
9.361534905001104301e-01 -6.676263833110621278e-03 -3.515281882504300293e-01 -5.370695519082602232e+00 -3.059162177255384321e-02 9.944812104101969918e-01 -1.003557413157996625e-01 -1.090354104437966098e+00 3.502581855116086995e-01 1.047021955514675917e-01 9.307828190954264835e-01 2.086779524834932786e+01
9.337454945854078980e-01 -6.951160955550680746e-03 -3.578701301130345347e-01 -5.653508423357473944e+00 -3.034863198838783430e-02 9.946736675320169141e-01 -9.850510470944527641e-02 -1.172597547204971002e+00 3.566487257308278980e-01 1.028395672215680207e-01 9.285610978955454176e-01 2.159702175537991309e+01
9.310940507858188608e-01 -5.788868495686515236e-03 -3.647332653073261377e-01 -5.956083160926311848e+00 -3.113997571120299956e-02 9.949627583135625120e-01 -9.528594590837942413e-02 -1.259816350792750672e+00 3.634476197030119815e-01 1.000779629763405010e-01 9.262236402855901218e-01 2.230371722850257399e+01
9.272035758219029367e-01 -4.099842244660800543e-03 -3.745353352711487394e-01 -6.272693602518775613e+00 -3.180683914192540540e-02 9.954663830848042849e-01 -8.963819022938929182e-02 -1.339449556532741781e+00 3.732048443465605936e-01 9.502563621139903383e-02 9.228695874895377349e-01 2.309062796112218763e+01
9.238983704360325122e-01 -8.340988383419567498e-04 -3.826370373533999336e-01 -6.616006492288577512e+00 -3.410341341886581612e-02 9.958383942615450790e-01 -8.451538165430519389e-02 -1.422585739666403226e+00 3.811151535530126200e-01 9.113285295494266691e-02 9.200250245761458778e-01 2.383528304746693749e+01
9.204268095168870456e-01 2.194312721005142654e-03 -3.909087747281913550e-01 -6.936001306769523644e+00 -3.664819480521641637e-02 9.960644728708138995e-01 -8.069991165906574559e-02 -1.500013049365646278e+00 3.891932684479985083e-01 8.860446360498940022e-02 9.168848629675990791e-01 2.457500312455771052e+01
9.167981722877657225e-01 2.792134806133596877e-03 -3.993410973003804765e-01 -7.282375522062299211e+00 -3.746090751197428403e-02 9.961675857949034985e-01 -7.903683611899599282e-02 -1.571414659205077058e+00 3.975899821023290426e-01 8.742050725134521694e-02 9.133892183948658650e-01 2.531026939625128591e+01
9.131518904483243437e-01 3.689023676184895878e-03 -4.076027633242422232e-01 -7.639686893229542086e+00 -3.884464517194926442e-02 9.961957258026584716e-01 -7.800749632263691280e-02 -1.657856433479774072e+00 4.057643660869009739e-01 8.706587787986103111e-02 9.098213096427055779e-01 2.608581677178670333e+01
9.086285598936691965e-01 4.136209675103957178e-03 -4.175847558953718064e-01 -7.989273342431625125e+00 -3.978362781603615728e-02 9.962603690515154931e-01 -7.669771879028712547e-02 -1.714957865354840072e+00 4.157059122836961884e-01 8.630277469695493697e-02 9.053951784046396778e-01 2.683101290349741319e+01
9.045761516580088646e-01 4.863053253834909682e-03 -4.262843333607276297e-01 -8.356538934091970461e+00 -4.077426705576334132e-02 9.963377478824771982e-01 -7.515684498012839554e-02 -1.788281219805298861e+00 4.243576881809369428e-01 8.536652125153725013e-02 9.014616537436027643e-01 2.762353753757319552e+01
9.004657833373134190e-01 4.159779739484567064e-03 -4.349069618200954168e-01 -8.759625942327476267e+00 -3.964770136076200407e-02 9.965758554378989498e-01 -7.255773006223453780e-02 -1.856137584824703035e+00 4.331159607530425393e-01 8.257881494534981270e-02 8.975473846199353289e-01 2.840056151189130418e+01
8.966805656658681789e-01 4.364151022920915307e-03 -4.426566540625310742e-01 -9.142952935002549353e+00 -3.868051402089160706e-02 9.968992019152749240e-01 -6.852590104637379387e-02 -1.932582652809182067e+00 4.409850153332943168e-01 7.856803094876914362e-02 8.940689484950423704e-01 2.917190199225843728e+01
8.932975669526210805e-01 6.053453318201578240e-03 -4.494249753948082460e-01 -9.567709419222479639e+00 -3.854754248584685294e-02 9.972570166858751861e-01 -6.318646771487491931e-02 -1.997156620941276994e+00 4.478097215336155346e-01 7.376854647783753771e-02 8.910806129964717881e-01 2.998244677033930472e+01
8.895669766346568919e-01 6.682084898206001357e-03 -4.567558862552776322e-01 -9.991207772399116394e+00 -3.765832527619514952e-02 9.975622501434970868e-01 -5.874868246003925321e-02 -2.066517377535298294e+00 4.552498737882812452e-01 6.946154979772534155e-02 8.876500716185079520e-01 3.076966264485488978e+01
8.860501308790589281e-01 5.943684058159683092e-03 -4.635513282066579532e-01 -1.043780493420022104e+01 -3.645132505012940727e-02 9.977152754982803184e-01 -5.688171940694224105e-02 -2.134215229770004552e+00 4.621541620952481777e-01 6.729711526570014701e-02 8.842424062318022804e-01 3.159718002146029292e+01
8.827253570688837758e-01 5.742412237473040054e-03 -4.698541946979953310e-01 -1.087824018369948753e+01 -3.602753053695142982e-02 9.978089940142396141e-01 -5.549079717327230765e-02 -2.197702191327131960e+00 4.685060983583780314e-01 6.591082027675791710e-02 8.809981861060979247e-01 3.241656580357592787e+01
8.799287342393762312e-01 5.944925652162501295e-03 -4.750684961294228126e-01 -1.133869561599519216e+01 -3.590717482852767706e-02 9.978940227612739244e-01 -5.402031282010939101e-02 -2.250688906185487337e+00 4.737468740845094395e-01 6.459239319279180824e-02 8.782890904918295716e-01 3.324092459395935606e+01
8.770137449889212622e-01 4.644361574445842085e-03 -4.804428336549569356e-01 -1.180145586276706027e+01 -3.403790298401317138e-02 9.980414111413430378e-01 -5.248583492654249755e-02 -2.314309101737117569e+00 4.792580887147184221e-01 6.238406534867370345e-02 8.754541206295551881e-01 3.405444148652721026e+01
8.740044166015625837e-01 4.074042967094316028e-03 -4.859008924092833026e-01 -1.229019590370032944e+01 -3.359109448484633859e-02 9.980792227075646617e-01 -5.205289262342675805e-02 -2.368784986406725412e+00 4.847555276193477036e-01 6.181640096693327702e-02 8.724625009964712685e-01 3.489980848822369097e+01
8.721379091864139843e-01 4.280241421998721291e-03 -4.892413945518758189e-01 -1.273918694670242502e+01 -3.445195442416178200e-02 9.980167727457195381e-01 -5.268381360481066283e-02 -2.433004468111205298e+00 4.880456266306419932e-01 6.280287340883246305e-02 8.705557248718669427e-01 3.573293250766498375e+01
8.703559418454772656e-01 3.978484806135788344e-03 -4.924070484332082054e-01 -1.323835830679936976e+01 -3.456887685341352573e-02 9.979939222956047962e-01 -5.303889021779416291e-02 -2.497875870548779353e+00 4.912082356549936080e-01 6.318467200602165268e-02 8.687474726253930912e-01 3.659175226331831254e+01
8.698568421344516910e-01 3.525981086118701226e-03 -4.932916346624221515e-01 -1.375383474757963675e+01 -3.374666985612152087e-02 9.980571775900219933e-01 -5.237396867252171878e-02 -2.551500712041861352e+00 4.921485954563028509e-01 6.220480506479907079e-02 8.682858555675804224e-01 3.747542625316580001e+01
8.698721173204264634e-01 3.727310965459169380e-03 -4.932632176032427651e-01 -1.427051076420131004e+01 -3.315673754923881278e-02 9.981516951043530872e-01 -5.092960214649678435e-02 -2.619022175077063253e+00 4.921616947798405639e-01 6.065724001537770721e-02 8.683879145790145415e-01 3.833876808823807636e+01
8.696189138999457224e-01 1.362711801725638742e-03 -4.937216652916130988e-01 -1.479945878449352392e+01 -3.033285108734146140e-02 9.982546282971215268e-01 -5.067164178315174822e-02 -2.675067231978327520e+00 4.927908950974204116e-01 5.904100394429048770e-02 8.681424412706264526e-01 3.925844486756055574e+01
8.693468114798728053e-01 1.206109521159247832e-03 -4.942010338268668646e-01 -1.529210347660873026e+01 -3.043638225010222506e-02 9.982294211646323134e-01 -5.110429932513335660e-02 -2.741429309906349587e+00 4.932643830355172287e-01 5.946905134821679068e-02 8.678442747070050922e-01 4.015273082434624996e+01
8.683176818780358186e-01 -2.237222503804329500e-03 -4.960034206657514266e-01 -1.583598261193754375e+01 -2.704258945934816596e-02 9.982889693809564591e-01 -5.184430548955850510e-02 -2.805228540656241165e+00 4.952707393903535982e-01 5.843054413095120220e-02 8.667714641320030111e-01 4.107267649709242363e+01
8.668507053369604032e-01 -2.215831868211326321e-03 -4.985628745087639646e-01 -1.636078485088050272e+01 -2.614196707941513972e-02 9.984125131998676794e-01 -4.989039072236238492e-02 -2.875768310550338658e+00 4.978819698090773405e-01 5.628093471179585611e-02 8.654166657692796694e-01 4.198725982607550122e+01
8.643893668495057359e-01 -2.828932100455594945e-03 -5.028150899057117762e-01 -1.690703899878489480e+01 -2.371865513536153963e-02 9.986416218019598112e-01 -4.639328230719920454e-02 -2.934685612904782914e+00 5.022633289406428503e-01 5.202795766362397489e-02 8.631481014094246618e-01 4.291500528466359299e+01
8.615972082195071380e-01 -2.265191317896444144e-03 -5.075875438037485976e-01 -1.746344373201567279e+01 -2.220965527769295025e-02 9.988641119357758447e-01 -4.215705324261695419e-02 -2.994319383810992719e+00 5.071064836955938571e-01 4.759574373611897419e-02 8.605682218192336475e-01 4.382657272920800295e+01
8.579179847111951807e-01 -3.140763562641226119e-03 -5.137770546923503545e-01 -1.799316614122730940e+01 -2.063329091742606772e-02 9.989640099482743896e-01 -4.056074666672609269e-02 -3.056876718362671497e+00 5.133721873342380615e-01 4.539870543426635652e-02 8.569643866377121277e-01 4.470420268549551679e+01
8.525407275627218118e-01 -6.268214676007717936e-03 -5.226232026857199342e-01 -1.855360898887227350e+01 -1.872173979688265474e-02 9.989201450224040046e-01 -4.252105782186123284e-02 -3.124363386788147956e+00 5.223253855362968157e-01 4.603534914441676645e-02 8.515027560546939434e-01 4.561100202043216001e+01
8.470693300117673186e-01 -9.259443630959511215e-03 -5.314017381870356216e-01 -1.913401661704162393e+01 -1.730888191581432187e-02 9.988372436315068326e-01 -4.499514826965553271e-02 -3.190061654993790352e+00 5.312004866220895183e-01 4.731198000063033954e-02 8.459241248737167096e-01 4.650617907210423851e+01
8.405233268100228416e-01 -9.134185559543083269e-03 -5.416983459773874188e-01 -1.971503319522881270e+01 -1.781587179174862895e-02 9.988511061886976572e-01 -4.448665424257167850e-02 -3.256156964218020811e+00 5.414823507844026551e-01 4.704289885889846590e-02 8.393949220336657246e-01 4.741990402018603845e+01
8.343272448843099820e-01 -6.367051675244737169e-03 -5.512327123805078610e-01 -2.034120536185436023e+01 -1.896477754763564380e-02 9.990099055844589016e-01 -4.024358072198825492e-02 -3.306255482074682561e+00 5.509431824045041282e-01 4.403032151214669732e-02 8.333804331847828317e-01 4.831715805962858212e+01
8.298119558032994725e-01 -2.292544626611632465e-03 -5.580384002969529522e-01 -2.091329566437262244e+01 -2.156929624125934752e-02 9.991125484852412253e-01 -3.617845988033959598e-02 -3.354464100349895617e+00 5.576261186206263876e-01 4.205781401136995945e-02 8.290260901270873894e-01 4.914440727338013915e+01
8.250224939511019429e-01 -2.451295423781016825e-03 -5.650945668159841340e-01 -2.154110248477459777e+01 -2.242240459093830518e-02 9.990610895148582804e-01 -3.706986959260717696e-02 -3.413033170527727922e+00 5.646548725377839029e-01 4.325425516624209488e-02 8.241929085280877976e-01 5.002522476275502328e+01
8.218825376137867122e-01 -4.129069923447287356e-03 -5.696420269579174356e-01 -2.214366838134771598e+01 -2.328176059203936055e-02 9.988947604776298173e-01 -4.083157058094379066e-02 -3.473660696598452002e+00 5.691810422949776793e-01 4.682102406394170885e-02 8.208780293234428926e-01 5.088191600672870152e+01
8.188645800773207695e-01 -6.423377831404373378e-03 -5.739508109209182640e-01 -2.274344043292435558e+01 -2.521295766015535164e-02 9.985697000936007983e-01 -4.714722541044703147e-02 -3.545467627247147480e+00 5.734327434485326780e-01 5.307819041312128450e-02 8.175314065868702906e-01 5.174920921012736841e+01
8.158114865292224183e-01 -6.952663435348916190e-03 -5.782761213077484141e-01 -2.339359809487431718e+01 -2.631415680858392031e-02 9.984458201872704608e-01 -4.912748056048087814e-02 -3.600915243723554759e+00 5.777189530197961442e-01 5.529561147816319799e-02 8.143606161106818897e-01 5.260814309717405024e+01
8.128281151965598417e-01 -6.041985792930667891e-03 -5.824722680285959742e-01 -2.400533029970913290e+01 -2.547202960752857973e-02 9.986210304651250702e-01 -4.590439265155034365e-02 -3.674612943397766784e+00 5.819464202288344712e-01 5.214913177976572556e-02 8.115533491548838629e-01 5.347937794380943899e+01
8.092793841550525169e-01 -4.108544535340594335e-03 -5.874095603638462837e-01 -2.466014089968672351e+01 -2.439661814312185650e-02 9.988776766888399772e-01 -4.059793197430114353e-02 -3.730558328980774885e+00 5.869171054480958327e-01 4.718587603752131404e-02 8.082708772601345792e-01 5.434587875728004747e+01
8.067530602012215057e-01 -1.905927890864756932e-03 -5.908856577905438057e-01 -2.531045490717613689e+01 -2.559574772127352557e-02 9.989434443111686601e-01 -3.816874133332616437e-02 -3.788592173746731184e+00 5.903341112317963546e-01 4.591690900108018336e-02 8.058518978370564634e-01 5.521921000235592203e+01
8.038990447850429266e-01 -2.424424523478694096e-03 -5.947608268592217140e-01 -2.596217112922160908e+01 -2.521489747893213007e-02 9.989537179726302174e-01 -3.815335295296948953e-02 -3.854324972179972608e+00 5.942310494635653084e-01 4.566827716021872041e-02 8.029968088728868247e-01 5.607034250537537190e+01
7.999945461464229579e-01 -2.910617823555161892e-03 -6.000002062802209934e-01 -2.660341687498355867e+01 -2.622565877773463949e-02 9.988629311935844912e-01 -3.981280646178201460e-02 -3.895911936223013683e+00 5.994338549575753960e-01 4.758542861848154976e-02 7.990085652658072135e-01 5.692362410276736995e+01
7.955702666810688939e-01 -4.843898285233656266e-03 -6.058419599173868741e-01 -2.725531548116608604e+01 -2.541934173910188194e-02 9.988206738581680844e-01 -4.136566916830521773e-02 -3.965195016683941809e+00 6.053278561832707849e-01 4.830940017952106008e-02 7.945089020030294824e-01 5.776097595570537635e+01
7.918834384316288943e-01 -6.007882969492434229e-03 -6.106427090796585633e-01 -2.792683474542868183e+01 -2.494473069762687817e-02 9.987987845522497965e-01 -4.217521111416230178e-02 -4.020480061696584784e+00 6.101625898735629772e-01 4.863016903263027435e-02 7.907823516374605788e-01 5.859712556050240551e+01
7.872187430326794688e-01 -6.336031032754126449e-03 -6.166413042209054618e-01 -2.860149109674150480e+01 -2.481303795234199652e-02 9.988119789069935806e-01 -4.193976614675219705e-02 -4.076320050920945626e+00 6.161744636254089524e-01 4.831651397452850494e-02 7.861262952387845226e-01 5.947552776747855319e+01
7.829215944536609406e-01 -6.519708014670286614e-03 -6.220862182761441872e-01 -2.926455742674435001e+01 -2.425442653117512379e-02 9.988649751407945310e-01 -4.099371018585550031e-02 -4.133516838568343843e+00 6.216474126915092491e-01 4.718320530440145433e-02 7.818748280661064198e-01 6.027314989114358212e+01
7.767806190843398184e-01 -7.362817292369213708e-03 -6.297282359814833086e-01 -2.996310341649984821e+01 -2.410054843268257321e-02 9.988516497369764879e-01 -4.140706976563568453e-02 -4.201430050399816984e+00 6.293099709347160786e-01 4.734100501920301268e-02 7.757111557960384429e-01 6.112523275407396284e+01
7.717058750118105381e-01 -8.295529840217825274e-03 -6.359254822506944516e-01 -3.066562150052733671e+01 -2.410121495869425867e-02 9.988152095405671282e-01 -4.227657354969017317e-02 -4.261723116659164035e+00 6.355227613401731590e-01 4.795165681163843230e-02 7.705916337889824330e-01 6.195169952548163650e+01
7.663743122639361527e-01 -1.056546863228428543e-02 -6.423073847874775089e-01 -3.136343820024876550e+01 -2.277510524469011227e-02 9.987892761974446199e-01 -4.360362798518446076e-02 -4.323953112024980783e+00 6.419904317802274107e-01 4.804531857690748364e-02 7.652058158744737826e-01 6.277225377185180832e+01
7.603827774214255708e-01 -1.151558132736104148e-02 -6.493730939962615301e-01 -3.209103272008898955e+01 -2.276675286378503429e-02 9.987557138946879798e-01 -4.437002327798633683e-02 -4.385962725769734227e+00 6.490760458803493949e-01 4.852231816047191532e-02 7.591744722045262739e-01 6.360960541623632736e+01
7.549293601233967310e-01 -1.388229140535449449e-02 -6.556591607583527326e-01 -3.281464839550744017e+01 -2.156471623447681757e-02 9.987097787124719073e-01 -4.597543858486472651e-02 -4.456559690975716137e+00 6.554514710884296047e-01 4.884731205857826414e-02 7.536559674281597676e-01 6.443999683700342018e+01
7.481706107079941770e-01 -1.396325155507144485e-02 -6.633594474930789575e-01 -3.354956643617425271e+01 -2.170658668620066914e-02 9.987282816044024125e-01 -4.550432566048651095e-02 -4.521578736482618766e+00 6.631512408612683096e-01 4.844426833834460794e-02 7.469160547705298026e-01 6.524830463364484956e+01
7.421561858837922854e-01 -1.427976961197793652e-02 -6.700748282672888134e-01 -3.430686361355143532e+01 -2.069818868802739825e-02 9.988078180926620586e-01 -4.421003886404113736e-02 -4.587121758634759239e+00 6.699072979031701625e-01 4.668008889803971356e-02 7.409758362720130220e-01 6.606786074601524206e+01
7.356599944292218085e-01 -1.497435394839791503e-02 -6.771854492654078017e-01 -3.504988540417039644e+01 -1.955354694893300660e-02 9.988694624484111273e-01 -4.332961830005684772e-02 -4.649573451296171278e+00 6.770687104052917071e-01 4.511724405912249936e-02 7.345355023889368340e-01 6.688584977847494883e+01
7.299603230609997828e-01 -1.676043672185333760e-02 -6.832839861661970104e-01 -3.583759322630392319e+01 -1.827001171801535123e-02 9.988636024013444192e-01 -4.401943319360965973e-02 -4.714524910164228366e+00 6.832453005960233972e-01 4.461604592702813482e-02 7.288245854776300714e-01 6.770725843411236156e+01
7.230844204823877464e-01 -1.830370138295508986e-02 -6.905171152355937814e-01 -3.659768644965635787e+01 -1.811515186206840919e-02 9.988025785546027491e-01 -4.544502583963148934e-02 -4.786578265133852206e+00 6.905220993273112340e-01 4.536941239897562816e-02 7.218870103204159117e-01 6.849024826240295738e+01
7.166826518351944175e-01 -1.750447167010342128e-02 -6.971797192477980909e-01 -3.739926376129480445e+01 -2.003224102235574497e-02 9.987557550485158808e-01 -4.566892936218584775e-02 -4.842039580173964630e+00 6.971116794063135780e-01 4.669620139991354640e-02 7.154402702376462253e-01 6.927351171017036791e+01
7.122616541715732774e-01 -1.781065251269494179e-02 -7.016880414008732636e-01 -3.821246927670451754e+01 -1.923578402900107120e-02 9.988072658431215167e-01 -4.487794940135609451e-02 -4.905651812585833049e+00 7.016504317727819684e-01 4.546236190797676990e-02 7.110695144787020361e-01 7.007564170953024529e+01
7.077407276677256664e-01 -1.651693020224912281e-02 -7.062791545096438472e-01 -3.900021845002689247e+01 -2.184314370392339763e-02 9.987371019100668157e-01 -4.524465026650426741e-02 -4.980232221358179778e+00 7.061345108245075108e-01 4.744883859482072752e-02 7.064861425565994724e-01 7.088388560782604486e+01
7.017049545609447270e-01 -1.651286181275130396e-02 -7.122762614812786497e-01 -3.980220441863201586e+01 -2.225070694502744029e-02 9.987358036549054408e-01 -4.507438935348662135e-02 -5.050093102736452622e+00 7.121201238806519340e-01 4.747757251172190357e-02 7.004504398634318063e-01 7.166439906116048064e+01
6.972561945914247383e-01 -2.004244099645833069e-02 -7.165417573950094710e-01 -4.066704704577772844e+01 -2.065248890967945339e-02 9.986323881560039695e-01 -4.802944991966903721e-02 -5.118610194667655655e+00 7.165244461757330763e-01 4.828720200399547885e-02 6.958886934670879265e-01 7.247874495420447261e+01
6.922153259573867734e-01 -2.219803397150631533e-02 -7.213495547289364707e-01 -4.150264571930203061e+01 -2.054623619940758317e-02 9.985155435974286675e-01 -5.044364580827867539e-02 -5.186793141331301094e+00 7.213985049689537465e-01 4.973888289709595123e-02 6.907316774381496716e-01 7.324044505938466898e+01
6.869281418065454892e-01 -2.275099666306801965e-02 -7.263691281504417452e-01 -4.234666718135770935e+01 -2.111221618856261653e-02 9.984632260068999621e-01 -5.123924931422035173e-02 -5.256044398629504677e+00 7.264186194828953225e-01 5.053294422642846950e-02 6.853921655523944612e-01 7.401956178274284071e+01
6.828443238964595485e-01 -2.277570094237322054e-02 -7.302087967543482439e-01 -4.318491640208415561e+01 -2.054003984812839342e-02 9.985202845584383313e-01 -5.035224045147589783e-02 -5.329680047440672475e+00 7.302751156882887340e-01 4.938125919808106223e-02 6.813660958162618408e-01 7.482243062285965607e+01
6.782985334334071803e-01 -2.268472165640459878e-02 -7.344361734875757275e-01 -4.406870253457266529e+01 -2.010526175214639652e-02 9.985761140477064091e-01 -4.941176917530219759e-02 -5.405423605297688283e+00 7.345113250377957037e-01 4.828196188809436018e-02 6.768766324346507934e-01 7.558957244838612155e+01
6.729863097340772482e-01 -2.305992520140645249e-02 -7.392953784643464532e-01 -4.491069004948471388e+01 -2.028844449820721083e-02 9.985622999057249816e-01 -4.961564528331399715e-02 -5.478111103564756945e+00 7.393766392524107056e-01 4.838980308928368668e-02 6.715509082684776310e-01 7.636792334828741957e+01
6.680444037477133445e-01 -2.403148734920551935e-02 -7.437332532454953293e-01 -4.579080559610783041e+01 -1.958210058475454152e-02 9.985644877892690952e-01 -4.985484019777719489e-02 -5.547269707879401324e+00 7.438637138730248566e-01 4.786910617064239065e-02 6.666148318805782402e-01 7.714473069249886805e+01
6.630619824512319349e-01 -2.448981939640745148e-02 -7.481637827417525477e-01 -4.667716014768568300e+01 -1.892710002037897160e-02 9.985966784859783285e-01 -4.946148631712452004e-02 -5.631724130858358102e+00 7.483251841871719767e-01 4.695660171182729214e-02 6.616679730855412611e-01 7.794121581017883216e+01
6.593038649620190927e-01 -2.605093064643672005e-02 -7.514251474420786669e-01 -4.757792439940777740e+01 -1.689787485397707678e-02 9.986337648559366897e-01 -4.944760396334285657e-02 -5.701211980700560567e+00 7.516866930697494453e-01 4.529848428472304372e-02 6.579628965306341115e-01 7.870168482847195435e+01
6.563538670231590100e-01 -2.886056215728860161e-02 -7.539009607921450806e-01 -4.847136890779284357e+01 -1.423328331777566277e-02 9.986165416293873998e-01 -5.062031653599104175e-02 -5.775962885364761767e+00 7.543189140070060139e-01 4.395532623930325372e-02 6.550350492628871368e-01 7.947588554065814037e+01
6.513980433828947536e-01 -3.244758582763847266e-02 -7.580420388297915979e-01 -4.938833829534993924e+01 -1.254925478348173362e-02 9.984877311673864275e-01 -5.352351747512883173e-02 -5.862720135520015141e+00 7.586323975000248687e-01 4.437797700553308688e-02 6.500057624572280757e-01 8.026763586409182949e+01
6.465261696778880074e-01 -3.681142585680735602e-02 -7.620031628080302655e-01 -5.028091778429435266e+01 -7.978258705756290439e-03 9.984542982549247103e-01 -5.500328793731468213e-02 -5.927166060207961884e+00 7.628500958137176546e-01 4.164052317718912322e-02 6.452331430308684279e-01 8.102802624408873555e+01
6.407697319113613288e-01 -4.088133455672971622e-02 -7.666438914599401633e-01 -5.121936830045773092e+01 -2.700682916277832076e-03 9.984550380029435512e-01 -5.549994042282141438e-02 -6.020156394201343630e+00 7.677283806719359394e-01 3.763314370836134265e-02 6.396693605724171894e-01 8.178544666959579956e+01
6.317773980490467567e-01 -4.500471089997935825e-02 -7.738422864413281310e-01 -5.216492570380543725e+01 3.054117313441405065e-03 9.984499060805963611e-01 -5.557389128511299597e-02 -6.102991411815583689e+00 7.751438585203906939e-01 3.274692296471923975e-02 6.309355344909824970e-01 8.254205461180687564e+01
6.228009129440689184e-01 -4.552686118331823739e-02 -7.810546181471382798e-01 -5.311031279157152341e+01 4.866770216320790571e-03 9.985116360408929914e-01 -5.432151704180401830e-02 -6.185984977423193421e+00 7.823652262878399988e-01 3.003027667692128450e-02 6.220955283724679541e-01 8.330328750458299680e+01
6.136206178182536108e-01 -4.411264055380150623e-02 -7.883678081439587926e-01 -5.404523969189843058e+01 5.106046898440477766e-03 9.986390263126253553e-01 -5.190398238086952470e-02 -6.263407595747700007e+00 7.895844956651308921e-01 2.782391033088899013e-02 6.130107386144190151e-01 8.404511162676359959e+01
6.053029673065555283e-01 -4.399367431543507040e-02 -7.947784992080261235e-01 -5.505431613732947227e+01 4.384609185349865046e-03 9.986406433540667704e-01 -5.193881613516290741e-02 -6.341892861709456319e+00 7.959831048909948858e-01 2.795392600984204778e-02 6.046730408721865402e-01 8.478175362322933495e+01
5.964387836583470159e-01 -4.555955875708524172e-02 -8.013645189232977417e-01 -5.600599735692868109e+01 3.724008398149589692e-03 9.985341297964090979e-01 -5.399743855661696956e-02 -6.419744996792418945e+00 8.026499358981185051e-01 2.922187797522367639e-02 5.957341471140406020e-01 8.550060073671910743e+01
5.854030431201471263e-01 -4.787733031265516831e-02 -8.093275148949921061e-01 -5.702926479265718029e+01 4.999301113104821781e-03 9.984490004145033515e-01 -5.544908054809022380e-02 -6.507906443316086254e+00 8.107270162112266698e-01 2.841398813316093827e-02 5.847344375623357848e-01 8.620352573946424002e+01
5.761114313791129149e-01 -4.928452481133911711e-02 -8.158839636166060894e-01 -5.804809171757366215e+01 5.003728608763028524e-03 9.983744672241160467e-01 -5.677487003802697552e-02 -6.584561512518378734e+00 8.173558541094797514e-01 2.862618929974418761e-02 5.754215508894001685e-01 8.688617459674291865e+01
5.668398156338770866e-01 -5.009650312825441459e-02 -8.223034424391969521e-01 -5.904791972871727523e+01 7.094164838670560108e-03 9.984092081628208604e-01 -5.593501453179283711e-02 -6.676111075288467589e+00 8.237974917061567925e-01 2.587263671282949429e-02 5.662934854804079210e-01 8.759925951388285625e+01
5.566102459928475854e-01 -4.940959404288539775e-02 -8.293031493599267723e-01 -6.004727084285374161e+01 7.644011667157384927e-03 9.984921797438782720e-01 -5.435932345036971480e-02 -6.758136230810101175e+00 8.307385957395013731e-01 2.391775298082193107e-02 5.561486664598643825e-01 8.828080201695490814e+01
5.457632720730507536e-01 -5.011987763022799497e-02 -8.364391406365079273e-01 -6.113145374549510080e+01 7.809504370800029668e-03 9.984704688290780838e-01 -5.473330327283690983e-02 -6.850654810451151100e+00 8.379030218477909742e-01 2.333925108295568929e-02 5.453199227073066702e-01 8.896910837221972201e+01
5.358917647938113982e-01 -5.144589465699516556e-02 -8.427178195806308558e-01 -6.214921688423385859e+01 7.983611294207864501e-03 9.984059403378862108e-01 -5.587343033063297409e-02 -6.928630007745598895e+00 8.442489503059537048e-01 2.321417919978938094e-02 5.354482465500951527e-01 8.959352815588513863e+01
5.254006243318736225e-01 -5.197864087788731796e-02 -8.492657957014624337e-01 -6.321667862133960369e+01 6.401140277013883662e-03 9.983454906100647230e-01 -5.714286264872155130e-02 -7.015064022547427669e+00 8.508309005138861014e-01 2.458662574605567988e-02 5.248640678222241673e-01 9.026926476154658019e+01
5.158823809805387350e-01 -5.270986721743278064e-02 -8.550362715299834049e-01 -6.428305530035537174e+01 5.028203122541336639e-03 9.982743802199492977e-01 -5.850622993467233246e-02 -7.100502900000090989e+00 8.566446744472889785e-01 2.588303668361477058e-02 5.152572012516419830e-01 9.091055137094707561e+01
